   0.0000000e+00  -8.3586802e-02   5.3565337e-03   1.6683457e-01  -1.0582230e-01  -2.9059881e-02  -1.3672810e-01  -2.4640584e-01   1.6833641e-02   1.1845466e-01   5.8151378e-02  -1.0537196e-01   6.1237501e-02   1.4547672e-01   1.6553256e-01  -1.6154633e-01   7.8440946e-02   9.3960355e-03   2.6372241e-02  -3.2229229e-02  -5.5020327e-02   6.6879562e-02   1.6372495e-01   4.8311520e-01  -1.9446744e-01   1.6739171e-01  -6.2998496e-02   1.7210620e-01  -1.0753175e-01  -1.3842885e-01   1.3546325e-02   1.7869960e-01  -7.2709566e-02  -8.0089561e-02  -1.0707704e-01   7.4541266e-03   5.7196779e-03   4.7240372e-01  -3.4274881e-01  -8.8059429e-02   2.2981943e-01  -1.1882628e-01  -1.9651521e-01  -6.3551563e-02  -2.2544180e-01   3.3599953e-01   6.1119326e-02  -1.5654098e-01  -1.0219960e-01  -6.5239948e-02   1.6100515e-01   1.7752475e-01  -2.2157665e-01  -1.5946304e-01   1.7092253e-01   2.2697138e-02   1.0144288e-01  -1.1058389e-01   1.1498857e-01   6.1932851e-02   1.2486087e-01  -4.0729550e-03  -1.3319222e-01   8.2560493e-02  -2.0191446e-01  -7.2356849e-02   6.7901601e-02  -1.9773679e-01  -1.4828967e-01   6.9832447e-02  -8.9236193e-02  -2.5676879e-02  -1.2822302e-01   3.4819173e-01   2.9120743e-02   7.1955221e-02   2.0917248e-01  -2.0423278e-02  -9.3814726e-02  -5.3999956e-02   1.6336483e-01  -8.1790257e-02  -2.5107661e-01   5.3522962e-02   3.6976716e-01   3.0103336e-01  -9.7053219e-02   4.2281569e-01   6.0459553e-02   6.0881938e-01   8.3574445e-02  -8.4057566e-02  -9.2956385e-02   2.9172671e-01   2.3770863e-01  -4.7618951e-02   6.9970528e-02   5.1795669e-02  -7.2152052e-03  -1.1697655e-02   1.9915140e-01   1.5129905e-01  -8.9872203e-02  -1.4133064e-01   1.5269577e-01  -4.8198144e-02  -1.7360597e-01  -2.7268039e-02  -2.9772678e-02  -1.4063922e-01  -2.0739639e-01   5.0876529e-02  -1.8709743e-01   4.9600795e-01   2.3181292e-01   1.0432341e-02   2.0836921e-02  -1.2984425e-01   3.0056830e-02   2.1660695e-02   1.4610568e-01   9.3268407e-03  -8.8697094e-02  -1.6204514e-01   3.2883307e-01  -1.1092862e-02   2.4379929e-03  -1.1963441e-01   3.7701061e-02  -3.3517807e-02  -2.8518599e-01  -2.0363034e-01  -5.8394896e-03  -1.8475507e-01  -2.4031711e-01   2.1242047e-01  -2.3114764e-01   8.4342160e-02   1.8560530e-01   2.7308790e-01   1.5961016e-01   1.4217459e-01   1.3007164e-01  -1.5955937e-02   1.3462643e-01   1.3169408e-01  -2.3399035e-02   2.3703137e-01   1.1145909e-01  -3.5230349e-02   3.0810764e-01   4.9412018e-02   2.2821073e-01  -1.0420003e-01   7.3503582e-04   4.6249213e-01   1.7791943e-01   2.2435640e-01  -1.3646499e-02   1.2669408e-01  -1.0779324e-02   8.5383894e-02   5.4139019e-02   5.6559517e-02   4.1184486e-02  -1.0636385e-01  -1.3459580e-02   1.3529312e-01   9.8479843e-02  -1.7026124e-01   1.7543870e-01  -2.9254703e-02  -5.0187778e-02  -5.6211991e-02  -4.6573675e-02  -2.5524007e-01   1.8928258e-01
  -8.3586802e-02   0.0000000e+00   2.4387882e-01  -5.8016266e-02   2.4225958e-01  -5.1370817e-01  -2.1420135e-01   4.4835822e-02  -5.6607788e-02  -1.5680379e-01  -5.1135935e-01   5.8194387e-01  -2.8383435e-01  -3.6960341e-01  -3.7935628e-01  -2.5456978e-01   4.2543291e-01  -4.2127632e-01   7.7334120e-02   4.1246251e-01  -2.5640977e-02  -2.3191267e-01  -4.0502016e-01  -1.1101488e-02   4.3820724e-02  -1.2604817e-01  -8.2681575e-03  -3.1571913e-01  -1.1285386e-01   1.9310006e-01   3.2207287e-02  -2.0224121e-01   5.4216883e-02   1.5995399e-01  -2.6618213e-01   5.3470077e-02   1.1024109e-02   4.8163495e-02  -3.9175191e-02   2.8532398e-01  -1.2743159e-01  -8.1453488e-02   2.1894889e-01  -1.5202984e-01   6.6154391e-02  -1.6157686e-01  -3.2752657e-02   1.4555238e-01   4.1342922e-01   4.2286742e-01  -4.8525280e-01  -2.8752121e-01   5.8796416e-01  -8.0805200e-02  -1.9682176e-01  -2.6596556e-01  -1.8260532e-01  -3.1514421e-01  -1.6031440e-01   8.1841028e-03   9.7249832e-02  -1.3829434e-01   2.1601457e-01  -4.7325590e-03   2.9535772e-01  -2.6231995e-01   7.2061287e-02  -1.2275560e-01  -1.6327827e-01  -2.2106006e-01   3.3810014e-01  -3.7838039e-01   9.2030932e-02  -2.6045998e-01   4.4470812e-02  -1.1420277e-01  -1.9963557e-01  -8.5211632e-02   3.4439223e-01  -4.0914918e-02  -4.5325020e-01  -1.3865529e-01   3.8564276e-01  -7.7098498e-02  -1.0685843e-01  -1.8385131e-01   1.3802607e-01  -2.7421969e-01   4.0993405e-01   7.8546224e-02   3.4629635e-01  -1.4866194e-01   7.1073025e-02  -9.7970734e-02  -3.4301501e-02   4.6682326e-01   6.4013141e-02  -9.5479429e-02   2.2181950e-01  -2.4533568e-01  -3.0303265e-01  -2.5632412e-01  -4.7556164e-01   1.0636605e-01  -3.6566412e-01  -1.4684414e-01   2.5226170e-01  -2.6341446e-01  -1.7761303e-01  -6.6022642e-02   2.1939065e-01  -4.3527279e-01  -1.2357742e-01   1.3231297e-01  -1.5711627e-01   3.5798306e-01  -3.2392328e-02  -9.1938447e-02  -1.5274021e-01  -3.1392549e-01  -2.4520875e-01   3.7852654e-01   3.6333194e-01   1.7170933e-01  -1.7749746e-01  -1.5157479e-01  -3.4367312e-01   3.5743413e-03  -3.5019403e-02   2.7440686e-01  -7.0696601e-02  -1.9561027e-01  -4.6591186e-02   3.8313253e-01  -1.2334526e-01  -2.6012533e-01   1.4471600e-01  -2.0799304e-01  -2.5375178e-01   1.1936462e-01   1.4011962e-01   1.7275076e-01  -2.1036890e-01   9.4753997e-02  -5.1544542e-01  -4.8449766e-01  -1.4028775e-01  -4.9669063e-02  -2.9648327e-01   5.9686496e-02  -1.4810236e-01  -3.1653856e-01  -1.8647417e-01  -3.6162521e-02   7.5140408e-01   7.4107982e-03  -1.5541947e-01  -4.1881952e-01  -1.2490187e-01  -4.3695939e-01   2.2270739e-01  -8.0961466e-02   2.6239293e-01  -3.8945626e-01  -1.7524721e-01   3.0274204e-01   3.3839712e-01  -1.9526715e-01  -1.4946602e-01   3.4122542e-01   4.9676535e-02  -5.0218906e-02  -3.8122208e-01   2.2745246e-01   6.3095383e-02   8.5945605e-02  -1.4625480e-01
   5.3565337e-03   2.4387882e-01   0.0000000e+00  -3.0876830e-02   3.9066249e-01   1.2158094e-01  -4.4465863e-01  -9.1533575e-02  -1.4035364e-01  -4.1987363e-02  -1.6165896e-01   4.4291604e-01   8.1842527e-02   5.4987387e-02  -4.8311158e-02  -1.1163870e-01   7.1065334e-01  -1.3588478e-01   5.1551252e-02   4.5389295e-01  -3.9859941e-01  -1.3474532e-01  -2.3247293e-01   1.5479756e-01   3.3241802e-02   6.8137107e-03  -4.1560025e-02  -1.0748263e-01  -1.4205962e-01  -1.8782363e-01  -3.0236053e-01  -1.1414510e-01   1.9578047e-01   1.8763961e-01  -4.8547099e-03   3.1050870e-01  -5.9253887e-02   2.0152696e-01   1.3154649e-01   9.1728721e-02   7.2148516e-02   2.9996967e-01   2.1004340e-01  -2.1598767e-01   1.3844432e-01   2.0272473e-01   2.9386193e-01  -4.4008667e-01   1.4051069e-01   5.5627285e-01  -1.2071008e-01  -1.1968425e-01  -6.7553196e-02   2.0300919e-01   1.0640813e-01  -9.7280318e-02   1.0753359e-01  -2.2434593e-01   1.2599376e-01   3.3862280e-02   5.2493770e-01   5.7482702e-02  -5.8801832e-02  -2.9154583e-01  -1.0092200e-01  -1.7106042e-01   1.8951277e-01  -1.1226926e-01   7.1181060e-02   3.8918046e-01  -2.3221120e-01  -5.6016993e-02  -3.4893079e-02   3.4338672e-01   1.1456975e-01  -1.1735950e-01   9.9222406e-02  -1.6766416e-01   2.8313702e-01   1.1482889e-01  -2.5622500e-01  -1.1515853e-01  -6.3942924e-02  -1.9778716e-02   2.5809178e-01  -1.9180396e-01  -6.5543840e-02   1.0438950e-01   9.4388514e-03   3.2500183e-01   3.1572948e-01   4.9383908e-01   1.8095824e-01  -6.0853962e-02  -6.2893340e-02   4.7946996e-01   3.1818357e-01  -1.1075964e-01   2.9323653e-01  -2.6172003e-01   2.3146707e-01  -3.0304249e-02  -1.5958123e-01   2.6376534e-02  -1.7037563e-01  -1.4229043e-01   4.0343215e-01   2.9153407e-02   4.2388608e-02   3.7686694e-02   2.7426774e-02  -1.1892329e-01   1.1305405e-02   1.2569781e-01  -1.1115038e-01   2.1899434e-02  -1.6469138e-02   5.2983552e-02  -1.2496565e-01   1.3310497e-02   1.4482312e-01   5.3141103e-01   5.5939892e-01  -6.1234995e-02   1.8063739e-01   1.6837233e-01  -1.0112010e-02   2.2336614e-01  -2.9168111e-02   2.4261538e-01   1.2113326e-01  -2.4712092e-01   3.0096961e-01  -2.7680857e-01  -8.3711516e-02  -2.3634894e-02   1.8282919e-01  -1.9954687e-01   1.0421354e-01  -7.7471824e-02   2.4408690e-01   1.6646325e-01  -8.7543281e-02   2.6960252e-01  -1.2537111e-01  -4.1137782e-01  -1.8225403e-01  -1.0078371e-02  -2.3274451e-01  -3.0661066e-01   3.3008095e-01  -3.2541709e-01   3.0411288e-01  -1.6514331e-01   4.1758209e-01   1.3341821e-01  -2.5353203e-02  -4.0926077e-02   5.3689585e-01  -1.9120165e-01   1.4511685e-01  -3.2267384e-02   2.5708889e-02  -1.6293973e-01  -2.2114334e-02   3.7383944e-01   2.7248353e-01  -9.3729428e-02   2.8834021e-01   3.0353479e-01   9.2352225e-02  -1.7813378e-01  -2.6861619e-01   8.4260613e-03   1.0472260e-01   2.7038891e-01  -8.8452308e-02
   1.6683457e-01  -5.8016266e-02  -3.0876830e-02   0.0000000e+00  -2.8441220e-01   2.4809430e-01   5.9780882e-02  -7.3509075e-02   8.9723228e-02   5.3680773e-02   9.0739223e-02  -2.3768322e-01  -3.7993909e-02   1.7058133e-01   3.3569119e-01   9.0824465e-02   8.8302370e-02   2.0117075e-01   2.3603286e-01  -2.0995580e-01   2.5394461e-01   4.0914758e-01   2.7928386e-01  -1.3729519e-02   5.5388381e-02   1.4900709e-01  -1.5971908e-01   1.0621994e-01  -1.0067744e-01  -3.7120006e-02   1.7031787e-01   2.2312591e-01   6.2197451e-02  -1.3341001e-01   8.0378791e-02  -1.6720742e-01   4.9463910e-02   1.2225226e-01   1.9001876e-01  -3.0336595e-01   1.1315148e-01   2.4103147e-01   1.6416335e-01   1.4858284e-01   5.0859988e-02   1.3794836e-01   5.3992556e-02  -1.5647015e-02   1.3498858e-02  -2.5949116e-01   3.2380555e-01  -1.2461795e-02  -8.0300195e-02  -3.9801286e-02   1.4813885e-01   2.2165850e-01   2.1128773e-01   2.1795181e-01   2.3825963e-01   6.1354415e-02   2.0708245e-01   4.9848960e-02   7.5039494e-02   2.7570582e-01   7.6750865e-02   3.2570238e-02   1.4991127e-01  -2.1584152e-01   1.3113582e-02   1.9852066e-01   8.5416876e-02   3.2945405e-01  -6.3913880e-02   2.1306088e-01  -5.7169977e-03   1.1122918e-01   2.8821617e-02   1.2931927e-01  -1.8798310e-01   3.0498678e-01   1.6935984e-01   3.3668924e-02  -1.1011273e-01   4.3148755e-03   2.8836044e-01   2.7092738e-02   3.0773611e-01   1.0056069e-01  -1.6329784e-01   6.9719998e-02  -1.6672458e-01   4.0631582e-02  -2.8932781e-02   1.2788177e-01   1.8973786e-01  -2.8995358e-01   2.3100054e-01   8.2764363e-02  -2.4179978e-02   1.3524579e-01   1.8522012e-01   2.7078371e-01   1.6749434e-01   1.8678122e-01   3.1370827e-01   2.4370806e-01   1.0194122e-01   1.7072698e-01  -2.6313732e-02  -3.2520785e-02  -8.3178479e-02   1.2432350e-01   1.3132904e-01   2.0130072e-01   2.7032720e-01  -7.1357924e-03   2.0407818e-02   3.9209501e-02   3.8107765e-02   3.9136208e-01   9.5610831e-03  -3.1304263e-01  -7.5327993e-02  -1.9100868e-02   4.1982801e-02   1.8928765e-01   1.7873916e-01   1.2845099e-01   3.2417302e-01  -3.1342972e-02  -4.9825082e-02   1.4255528e-01   2.2681653e-01  -1.6873011e-02   1.2533522e-01  -4.1510050e-02   1.0238295e-01   1.1503879e-01   1.5268512e-01  -4.3318281e-03   5.7134939e-02  -5.3146971e-02   1.9340042e-01  -5.1805021e-02   3.6720621e-01   2.1548294e-01   1.7804247e-01  -2.4655007e-01   6.2023338e-02   1.8368090e-01   2.4391474e-01   1.7813323e-01   4.7439266e-02   6.8954925e-02  -2.2952651e-01   1.5083377e-01   1.6066186e-01   2.6981349e-01   4.2379654e-02   1.7438503e-01   3.0219902e-01   3.6937337e-02  -6.4966713e-03   4.7874855e-01   2.2925217e-01  -2.4181964e-01  -1.6677194e-01   5.9357620e-02   1.9432861e-01  -2.5023388e-01   1.2789119e-01  -3.2084531e-01   1.4508813e-01  -3.7640098e-02   7.7315436e-02   1.3967593e-01   1.8724587e-01
  -1.0582230e-01   2.4225958e-01   3.9066249e-01  -2.8441220e-01   0.0000000e+00  -4.1753864e-01  -1.4899892e-01   1.4425480e-01   1.5505678e-01   2.5176946e-01  -3.0354068e-01   4.0098584e-01   2.1866843e-01  -1.3317260e-01  -3.2660373e-01  -1.5661206e-01   3.3271650e-01  -2.1416940e-01  -1.5250442e-01   6.4923109e-01  -4.0411619e-01  -9.2680425e-02  -3.0085838e-01   1.2560961e-01  -7.3384544e-02  -2.0884001e-01   1.6459844e-01  -2.5355251e-01   1.2927528e-01   2.0110079e-01  -2.3505403e-01  -1.5260492e-01   2.2988540e-01   3.1298173e-01  -9.3157304e-02   6.9292858e-01   1.1008724e-01   4.0302437e-02  -5.4167152e-02  -1.0047357e-02   5.9733488e-03   2.7959002e-02   3.2225539e-01  -2.3009150e-01   3.2481307e-01  -3.3000661e-02   3.3004095e-01  -2.3736699e-01   2.1481127e-01   1.5114411e-01  -3.1101058e-01  -1.3933659e-01   2.5855146e-01   1.4451587e-01  -1.2024173e-01  -3.1834447e-01  -1.8106831e-01  -1.6056831e-01   9.6302037e-03   1.3572040e-01   1.4887601e-01   3.3925680e-01   1.4468096e-01  -3.8089409e-01   9.0584914e-02  -2.1143957e-02  -1.2650188e-01   1.7566295e-02   2.8670234e-02  -2.0465591e-01  -2.8510135e-01  -1.2536523e-01   4.8514042e-02  -1.5667144e-01   1.3724116e-01  -1.1513902e-01  -1.0978341e-01   5.9199937e-02   7.0277675e-01   2.9783277e-02  -2.5416524e-01  -1.8930361e-01   8.4808219e-03   8.9650880e-02  -1.8258123e-01  -1.4505677e-01  -4.2325786e-01   1.9261713e-03   4.6097084e-01   1.9982923e-01   6.6273722e-01  -1.6173221e-02   1.0780866e-01   2.6603483e-01  -2.2539457e-01   6.4431412e-01   2.8113729e-01  -4.8497370e-02   5.6564321e-01   1.3148779e-02  -1.8368351e-01  -3.1837679e-01  -3.2415447e-01   1.8003961e-01  -2.4121982e-01  -2.1013925e-01   1.8695555e-01  -1.5682853e-01   9.7379031e-02  -1.4741527e-01  -1.0385166e-02  -1.0709689e-01   3.1587990e-02   1.5495607e-02  -1.9003809e-01   2.6836485e-01   5.9842472e-02   3.4305113e-02  -2.7280363e-01  -2.4878092e-02   4.1814648e-02   6.4302836e-01   2.9542219e-01   3.0339801e-01   9.4579082e-03  -1.8843285e-01   5.1595983e-02  -1.8127740e-01   5.0973978e-02  -1.3384085e-01  -3.0813499e-02  -1.2813492e-01  -1.4018158e-01  -3.3632018e-02   3.8128717e-03  -5.4823961e-02   5.6431798e-02  -3.5918061e-01   8.8133355e-02  -1.2993569e-01   1.0001168e-01   1.4749299e-01  -2.1191599e-01  -7.0570100e-02  -1.8702251e-01  -4.5832057e-01  -2.7281045e-01   3.1238637e-01  -5.3158797e-02  -2.3242143e-01  -7.7885931e-02  -4.0534042e-01   1.4088919e-01  -2.0462395e-02   4.0203327e-01   5.1793592e-02  -8.1043230e-02  -5.7846275e-02   2.3228654e-02  -1.5696880e-01   1.9181143e-01  -2.6466828e-02   3.8838192e-01  -3.2853532e-01  -1.6596613e-01   3.3861842e-01   2.3308573e-01  -1.2401188e-01   6.9098925e-02   3.5139351e-01   1.7081788e-01  -1.7048897e-01  -5.3000656e-02  -5.9212087e-02   1.9663080e-02   8.1405068e-02   1.0521706e-02
  -2.9059881e-02  -5.1370817e-01   1.2158094e-01   2.4809430e-01  -4.1753864e-01   0.0000000e+00  -6.3064424e-02  -1.0452047e-01  -1.9674779e-01  -1.8755237e-01   3.9207651e-01  -4.1829812e-01   4.3891013e-02   4.6248582e-01   3.4051551e-01   3.4707912e-01  -9.0542171e-02   4.3691663e-01   2.1343171e-01  -4.1465916e-01   1.9934613e-01   2.4096872e-01   3.2766418e-01  -1.7989510e-01  -8.1536710e-03   9.9962015e-02  -4.9201426e-02   3.6178339e-01  -1.6747840e-01  -4.6928373e-01  -6.2887232e-02  -3.8484960e-02   3.3625965e-02  -2.8176513e-01   2.4370800e-01  -2.5319287e-01  -1.5973944e-01  -2.1297625e-01   3.0479320e-01  -6.1616279e-02  -8.3196138e-02   1.9121768e-01  -2.1525198e-01   1.7500202e-01  -9.5132354e-02   1.0440399e-01   6.7497071e-02  -2.3043695e-01  -2.0745191e-01   1.5702984e-02   5.8081272e-01   6.6299896e-02  -6.2674558e-01   8.9048678e-02   3.2268511e-01   1.7904971e-01   2.1455074e-01   2.4702632e-01   1.3023946e-01  -8.5352564e-02   2.1286032e-01  -1.0989179e-01  -2.2684052e-01  -1.1858534e-01  -3.0634530e-01   1.6270734e-01   2.5897708e-01   4.9975068e-02   2.1602272e-01   5.6554756e-01  -1.3331558e-01   2.4733556e-01  -1.2931604e-01   4.9486580e-01   2.1157217e-02   7.2150772e-02   1.8857328e-01  -6.7953647e-02  -3.4837664e-01   1.1053893e-01   3.4707614e-01   2.0950742e-01  -3.2060935e-01  -6.6889192e-02   1.8773957e-01  -8.2141786e-02   3.3882810e-01   1.5443604e-01  -5.1487112e-01  -1.8058924e-01  -5.2162549e-01   4.1435224e-01   1.2531697e-01  -3.5707031e-01   6.7440187e-02  -4.8960399e-01   8.0730625e-02  -5.0198259e-02  -2.3262778e-01  -6.0653819e-02   4.8393519e-01   3.1241048e-01   6.1864907e-01  -2.7999504e-01   3.6382330e-01  -1.3508262e-02   1.3188299e-01   2.9294804e-01   1.5296233e-01   3.3347235e-01  -1.1523092e-01   3.9500483e-01   1.0085876e-01  -2.8904921e-01   1.6129082e-01  -3.7552953e-01   7.3086838e-02  -8.2312988e-02   3.0011257e-01   3.1721517e-01   2.3918317e-01  -4.1578216e-01  -1.1775309e-01  -2.4609710e-01   1.0895189e-01   4.8598405e-01   3.3972914e-01   1.9744253e-01   9.3872562e-02   1.2877020e-01   1.1153900e-01   1.6750675e-01   4.3015875e-01  -3.0101463e-01   1.4014315e-01  -6.9213428e-03   5.9279473e-02   3.0673835e-01   1.3489145e-01  -8.5972776e-02  -3.2911066e-02  -1.8724962e-01   1.4569879e-01   2.6246346e-01   4.1950212e-01   3.9849595e-01   1.7690716e-01  -1.1204284e-01   2.1289960e-01  -1.2193218e-01   3.1997882e-01   2.5710301e-01   1.6770987e-01  -7.2783898e-02  -5.0527193e-01  -1.9600081e-01   1.5310849e-02   6.8517574e-02   3.5015543e-01   2.7779720e-01  -1.4118037e-01   1.2571043e-01  -2.2903118e-01   5.4133103e-01   5.5324475e-02  -2.0969391e-01  -3.1667477e-01   2.3348609e-01   7.2145468e-02  -2.2894937e-01  -1.1567653e-01  -1.0458108e-01   1.4204284e-01  -5.9066134e-02   9.8115508e-02   7.3858046e-02  -8.1224372e-02
  -1.3672810e-01  -2.1420135e-01  -4.4465863e-01   5.9780882e-02  -1.4899892e-01  -6.3064424e-02   0.0000000e+00  -1.8764858e-01   5.6060492e-02   3.4471613e-02   1.7837727e-01  -2.7723568e-01  -1.2246197e-01  -6.2276974e-02   2.2260126e-01  -3.3545108e-02  -3.2948232e-01   2.2363119e-01  -4.6482773e-02  -4.7173181e-01   4.3354117e-01   3.6895494e-02   4.4209015e-01  -9.4402457e-02  -1.4393393e-01  -2.2905955e-01  -3.9402594e-04   9.9080872e-02   2.0734387e-02   2.2081360e-01   4.2673055e-01  -6.1052092e-02  -1.7198047e-01  -4.1557153e-02  -1.1717276e-01  -2.3413652e-01  -1.5615123e-01  -1.0001433e-01  -1.2887799e-01   1.6901623e-02   1.1448982e-01  -1.3994829e-01  -8.2231718e-02   3.0279742e-01  -7.5761255e-02  -3.2061325e-02  -4.9011602e-01   6.5616318e-01  -4.2226502e-01  -5.4305238e-01   2.2651429e-01  -3.7625790e-03   1.6339500e-01  -2.3936744e-01   2.7875578e-02   3.8087941e-01  -2.5373358e-01   4.3165634e-02  -1.9814172e-02  -1.2055400e-01  -1.3496370e-01  -4.8138106e-02  -1.3055582e-01   3.2030387e-01  -2.2427665e-02   5.1632544e-01  -3.8409636e-01  -1.8653968e-01  -3.2085643e-01   1.4220676e-01   3.8716383e-01   9.7566174e-02   1.4066931e-01  -1.4011458e-01  -1.8065674e-01  -9.6763447e-02   5.5471226e-02  -8.3668784e-02  -2.8896420e-01  -9.2879387e-02   3.3391047e-01   1.3757065e-01   1.6044887e-01   5.4611992e-02  -2.1548076e-01  -8.3294887e-02   8.2073061e-02   3.7188873e-02  -3.6929332e-02  -2.4367091e-01  -4.1459095e-01  -1.4100925e-01  -3.6195202e-02   1.0643050e-01   1.4658820e-01  -3.5436434e-01  -2.0719548e-01  -1.3999939e-01  -7.3742847e-02   6.0519095e-01  -1.1066491e-01   1.6644496e-01   5.4673079e-02   5.6513947e-02   1.8303907e-02   2.6929438e-02  -2.4047434e-01  -3.1941595e-01   2.8727913e-01   7.0756017e-02   4.1142085e-01  -3.0638548e-02   6.7242385e-02  -1.6702758e-01   1.6949455e-01  -7.5211151e-02  -6.7135382e-02  -8.0191804e-02   1.8707865e-01   1.9998717e-02   9.3327482e-02  -4.5894652e-01  -4.3930691e-01  -1.4407614e-01  -2.5682528e-03  -2.4228527e-01  -2.3428060e-02  -1.9005049e-01   6.8383746e-02   1.4245274e-01  -2.4830516e-01   5.8132520e-01  -6.0490094e-02   2.8511088e-01   7.9522947e-02  -2.0480249e-01  -2.1943431e-01   3.5953487e-01  -1.8688743e-01   5.1690149e-02   1.1277202e-01  -1.9499274e-01  -5.3071512e-02  -3.2926794e-02   1.7901463e-01   3.2796149e-01   6.5293732e-01  -7.3364578e-02   4.1896526e-01   3.9471895e-01  -5.8236967e-02   2.0437588e-01  -1.3335053e-01   3.2280985e-01  -2.7789476e-01  -1.7962317e-01   9.3247953e-02   6.7623910e-02  -2.8443128e-01   2.7707416e-01  -1.3653061e-01  -2.6702005e-01   1.4883526e-01  -1.5573934e-02  -1.6383034e-02  -4.7085733e-01  -1.7370422e-01  -7.5052788e-02  -4.6910080e-02  -1.4559902e-01  -2.1231491e-01   3.8974096e-02  -4.8104544e-02  -2.2845653e-02  -1.6981319e-01  -1.5632158e-01  -1.2315231e-01
  -2.4640584e-01   4.4835822e-02  -9.1533575e-02  -7.3509075e-02   1.4425480e-01  -1.0452047e-01  -1.8764858e-01   0.0000000e+00   1.9724733e-02  -1.3320226e-01   1.2114905e-01  -4.0257698e-03  -2.0991812e-01   1.8507600e-01  -3.8876560e-02  -1.7199056e-02  -9.3688267e-02   1.2854778e-02  -7.3585088e-02   5.2649524e-02  -8.2237121e-02   1.6404903e-01  -1.0953273e-01   3.3956930e-02   1.0478288e-02  -4.5695929e-02   1.0606481e-01  -4.4297549e-02   1.0893876e-01   1.2112164e-01   7.2246509e-02   3.2202174e-02   1.7724413e-01  -4.9757128e-02   2.4251669e-01   8.8445677e-02  -7.1530667e-03  -1.7804619e-01   1.1763036e-01  -1.1456845e-01  -5.8471582e-02   8.0014943e-02  -1.0010422e-01   2.4295109e-01   1.6021246e-01  -1.5549826e-01   2.4768822e-02  -1.0965311e-01   1.8965378e-01  -4.9844136e-02  -1.5049323e-01  -4.8288285e-02   6.6803208e-02   1.1226877e-01  -9.7882723e-04  -6.5578624e-02  -2.2003430e-01   1.0797852e-01   6.2221929e-03   2.4081878e-02  -2.0516383e-01   1.8872077e-02   1.4132372e-01  -4.9730651e-02   2.3633904e-01  -2.4680503e-01   9.5777741e-02   8.8815132e-02   3.8024776e-01  -2.7974727e-01  -6.0936753e-02  -7.7647369e-02  -1.9045260e-01  -7.7342018e-02  -2.3732299e-02   1.1746709e-03   1.4667736e-02   1.5499446e-01   1.5778784e-01   2.3631880e-02   1.4162571e-01   3.3914627e-02   8.8212381e-02   2.3359023e-01   3.7074127e-02   6.4270580e-02  -3.2058040e-02  -1.3494938e-01  -1.4277138e-01   3.0061462e-02   8.1076435e-02  -1.4043794e-01  -8.8725601e-02   3.6545916e-02  -1.5576749e-01  -4.4733513e-02  -1.2952184e-01   2.0361893e-01  -6.4000496e-02  -2.0157729e-01  -3.2422139e-02  -2.4999601e-01   2.3707279e-01  -4.0281587e-02  -5.7948349e-02   6.4104524e-02   1.1563395e-02   2.6808157e-01  -4.5236722e-02   9.9306851e-02  -2.1547635e-01   1.9841350e-01  -1.5146384e-01  -1.6115549e-01  -1.0002777e-01   4.7071025e-02   2.2194462e-01  -8.6395053e-02   2.1369989e-02  -9.3572002e-02  -1.2516847e-01   1.1994627e-01  -1.3816552e-01   2.9637576e-01  -2.7951974e-01   6.5986048e-02   7.2325189e-02  -4.8429903e-02   1.2933778e-01  -3.1252904e-01  -9.5337165e-02  -1.4066742e-01  -3.4342429e-02   5.8950335e-02   7.5140991e-02   8.7518096e-02  -1.9856482e-02   6.4127632e-02  -5.8715038e-03  -2.2613428e-01  -1.2736742e-01  -1.6675279e-01  -1.0468622e-02  -2.5662737e-01   7.2439714e-03   2.6066034e-04  -1.5052002e-01   1.0282409e-01  -1.0908064e-01  -1.0637780e-01  -1.0038451e-01   3.6427337e-01  -3.0889077e-02  -8.3314568e-02  -1.0726965e-01  -8.2575618e-02  -4.5301369e-02  -2.8862610e-02  -4.0922046e-02   1.1438817e-01  -1.4826892e-01   2.6049488e-01  -1.8121235e-01   1.0872008e-01  -1.3977069e-01   1.5881544e-01  -1.2026274e-01   2.0389061e-02  -3.4010800e-02   3.3709781e-02   1.3897038e-01  -1.4920555e-01   6.5718063e-02  -2.5631096e-01  -1.1524277e-01   8.8741937e-02  -5.6343619e-03
   1.6833641e-02  -5.6607788e-02  -1.4035364e-01   8.9723228e-02   1.5505678e-01  -1.9674779e-01   5.6060492e-02   1.9724733e-02   0.0000000e+00   2.1698123e-01  -7.9744337e-02   6.9476673e-02   4.2967234e-03  -1.3549782e-01   7.9378083e-03  -1.5663799e-02  -1.0344253e-01  -8.7878625e-02   2.1546115e-02  -3.9412164e-02  -9.3718492e-02   1.0823362e-01  -4.1412092e-02  -1.1650369e-01  -4.7790105e-03   3.7585135e-02   9.7423302e-02  -9.3255934e-02   4.2716576e-02   2.4437193e-01  -6.2992300e-02   1.2363834e-02  -8.8560913e-02   1.8850224e-01   2.7668390e-01   4.2265233e-02   2.6792997e-01  -3.8266526e-02  -1.0020576e-01  -9.4963870e-02   1.5216015e-01  -3.1413399e-02   2.0958514e-01   1.1542467e-01   1.5458800e-01   1.1258923e-02   1.0394516e-01   2.3241436e-02   1.2777062e-01  -1.5833673e-01  -1.6995468e-01   1.9306077e-01   2.0129872e-01  -1.5304377e-01   5.9002292e-02  -6.1082570e-02   6.0455299e-03   1.0533279e-01   1.4375920e-01   2.9701695e-01  -1.6056030e-01   2.5396067e-01   1.0850056e-01   9.5677685e-03   2.8765478e-01   2.2804229e-02   2.4735875e-01   1.7995936e-02   3.7669466e-02  -1.4523985e-01   7.6571466e-03   2.4174105e-01  -1.1468769e-01  -2.3039573e-01  -1.0976913e-01   1.6830274e-01  -7.7324908e-02   1.0999917e-01   1.3996192e-01   3.1259377e-02   5.1910822e-03  -2.1077905e-01   7.3541386e-04   7.4596555e-02   1.3995902e-02   1.0356363e-02  -8.1924042e-02  -1.2409243e-02   1.1467974e-01  -1.7176259e-02   2.7511615e-01  -2.5987807e-01  -1.6832547e-01   2.8882649e-01   1.0060354e-01   6.8089653e-02   3.5671901e-02  -3.9711656e-02   1.9399306e-01   1.8732823e-01  -1.2878056e-01   1.0225973e-01  -6.0229911e-02   4.3968299e-01   1.3366340e-03  -7.8889288e-02  -1.1740327e-01   8.9484851e-02   3.4952236e-02  -8.9085354e-02  -2.1545008e-01   1.0215491e-01   1.1019845e-01   1.4862627e-01   4.2314972e-02   1.2632837e-01  -5.9225622e-02  -1.2111174e-01  -1.1010725e-01  -9.0968380e-02  -1.3136241e-01  -7.0831437e-03  -2.7095981e-02   1.2856634e-01  -6.6778355e-02  -1.0671456e-01   2.5693265e-01  -1.5792379e-01   5.6013574e-02  -2.5710384e-01  -3.0068867e-03  -1.6260611e-01   4.6121382e-02   3.0523739e-02   7.4893861e-02   3.1336464e-01  -1.9502637e-01  -1.4170023e-02   1.0303230e-01   4.8860883e-02   3.7363989e-02   8.3713469e-02  -1.7152698e-03  -6.3728877e-02   9.9307554e-02  -2.0557706e-02  -5.7807724e-03  -2.0280838e-01  -9.4793283e-02   3.1481213e-02  -1.5868204e-01  -3.1273272e-02  -1.1802985e-01  -1.0391254e-01  -3.1565521e-02  -6.1011642e-02   1.7408708e-01   1.7272755e-01  -2.6348767e-01   1.7130191e-01   3.2624223e-01   4.9170471e-02  -1.2340067e-04   3.9575800e-02   1.5051944e-01   4.3124033e-02   4.2570182e-02   1.4331225e-01  -7.0134569e-02   2.0729587e-01   3.0031539e-01  -2.1829260e-01   1.1666966e-01   1.4583922e-01   2.9211484e-02  -8.7291403e-02   1.2409933e-01
   1.1845466e-01  -1.5680379e-01  -4.1987363e-02   5.3680773e-02   2.5176946e-01  -1.8755237e-01   3.4471613e-02  -1.3320226e-01   2.1698123e-01   0.0000000e+00  -1.6136490e-02   1.8593086e-04   3.2468274e-01  -8.6732199e-02  -1.2523415e-01  -2.1405624e-02  -1.5405927e-01   2.0487223e-02  -2.2313136e-01   1.7881215e-01  -1.8914721e-01   2.3502929e-02   6.2008014e-02   3.3749071e-02  -1.8044295e-01   6.4792210e-02   1.0012755e-01  -1.5701462e-02   1.0205908e-01   9.6575356e-02  -2.0526499e-01   1.7537879e-02  -2.9175041e-01   4.6671296e-01   1.2308375e-01   1.9971671e-01   1.8038534e-01   1.9194440e-02  -1.9623366e-01  -2.1564398e-02   3.2193791e-02  -1.0690343e-01   2.7539548e-01  -1.7734047e-01   3.3131530e-01   1.7745546e-01   9.5134602e-02  -1.7648328e-01   6.6295752e-02  -1.7013066e-01   1.2481324e-01   7.3091102e-02   1.9367799e-02   5.1360260e-02  -5.9729430e-02  -1.7464203e-01   1.0928254e-02  -1.7060542e-02   1.0093646e-01   1.8413071e-01  -1.0194052e-01   4.2601728e-01   2.4755907e-01   1.7145336e-02   7.0840345e-02   3.7496215e-01  -5.1042125e-02  -6.4480618e-02  -1.3197435e-01  -1.2086491e-01  -2.5819353e-01   2.8532101e-01   7.7609913e-02  -1.5380880e-01  -6.0305949e-02   2.7522948e-02  -5.7647369e-02   1.3225051e-01   2.0188607e-01  -9.0842033e-02  -1.2147802e-01  -4.0073328e-03  -2.9087877e-01   5.1085049e-02  -1.1597120e-01   2.0335732e-02  -2.2121256e-01  -4.5703592e-03   2.0536398e-01   5.7137228e-02   1.6928313e-01  -1.9111487e-01   2.2431481e-01   3.8381233e-01   2.7492728e-02   2.5391615e-01   1.9268869e-01   3.6740992e-02   2.5416262e-01   2.9946980e-01  -1.5235829e-01  -2.0518572e-03  -1.1344395e-01   2.0918082e-01   9.4197495e-02  -3.2522398e-02  -2.0349702e-01  -8.2062389e-02   3.0391368e-01  -2.8704061e-01  -1.8173362e-01   1.7874459e-01   1.3180578e-01   1.5267868e-01  -2.7928764e-02   7.2784812e-02  -1.3275440e-01   2.3055547e-01  -1.3126391e-01   1.8167161e-01   1.8240134e-02   9.1462071e-02   3.1076375e-02   1.3351802e-01   9.7684237e-02  -9.1238085e-02   1.9873193e-01  -1.5015834e-01  -1.0802297e-01  -1.7177213e-01  -1.4199417e-01   5.3430176e-02   5.8229237e-02  -1.8024204e-03   6.2351296e-02  -4.3671894e-02  -1.9024160e-01  -2.2947696e-01   1.1093002e-01  -4.8169898e-02  -2.7773596e-02   1.3012852e-01  -4.8583134e-03  -9.5339838e-03   2.7266098e-01  -5.2162266e-03  -1.8481059e-01   2.1863395e-01   3.2906910e-01   1.9120568e-01  -4.7389518e-02  -2.1192228e-01  -3.2103703e-02  -1.2760577e-01   9.6580104e-03  -4.6764333e-02   1.7971362e-01   2.8641719e-01  -1.5592202e-01   2.0509478e-02   1.7622866e-01  -2.1955514e-01   3.6055883e-01  -3.9916132e-02   1.4190552e-01   9.4667892e-02   1.1283376e-01  -1.9997754e-02   1.4407706e-01  -1.2799507e-01   3.9226494e-01   1.4640290e-01   2.4982547e-01   3.3076623e-02   3.2805889e-02  -6.6404203e-02   1.3223394e-01
   5.8151378e-02  -5.1135935e-01  -1.6165896e-01   9.0739223e-02  -3.0354068e-01   3.9207651e-01   1.7837727e-01   1.2114905e-01  -7.9744337e-02  -1.6136490e-02   0.0000000e+00  -5.9827259e-01   1.9602167e-02   1.6998699e-01   3.7795133e-01   2.8164898e-01  -3.4832401e-01   3.8197199e-01  -2.7578599e-02  -4.4820615e-01   1.2494463e-01   2.2368522e-01   3.5001153e-01  -4.7078279e-02   8.6685941e-03   1.5231053e-01   1.6938954e-02   3.5073228e-01  -1.2971960e-01  -3.9615893e-02   2.2257984e-01   1.2246040e-01   2.8224606e-02  -2.4683123e-01  -1.4240333e-02  -1.0421474e-01  -1.7025777e-01   2.5852430e-02   2.8497561e-01  -1.1778341e-01   3.2961928e-02   7.5153358e-02  -2.9046079e-01   3.5603383e-01  -1.3011234e-01   2.1140610e-01  -1.7117492e-02   1.4973575e-01  -5.0089997e-01  -2.9556881e-01   4.5652254e-01   1.9669060e-01  -3.2275208e-01  -7.6122772e-02   1.6443989e-02   4.4548349e-01   2.2153310e-01   1.7013759e-01   1.5116067e-01  -2.9367140e-01  -3.0845124e-02  -2.1010756e-01  -1.8443584e-01   5.7040760e-02  -2.9773579e-01   2.6270965e-01  -8.1956883e-03   2.1807848e-02   1.7296006e-01   1.8246810e-01   5.3035323e-02   7.1095223e-02  -6.0320889e-02   2.2174260e-01   7.5455564e-02   7.5015346e-02   3.0370377e-01   1.3859286e-01  -3.6646149e-01  -1.9028388e-02   4.5370339e-01   1.1685647e-01   7.5841747e-02   4.8884732e-02   1.3617357e-01   3.3355962e-02  -1.0116452e-01   1.4686266e-01  -4.5174781e-01  -9.6965755e-02  -3.9504449e-01   1.1353934e-01   1.1310716e-01  -7.2250318e-02   2.8877375e-01  -4.3164246e-01  -7.2585859e-02   1.1444755e-01  -3.3851138e-01   1.7712739e-01   1.8057997e-01   2.0787685e-01   4.1252671e-01  -1.6780858e-01   1.2932036e-01   1.2158268e-01  -3.3058927e-01   2.3845578e-01   1.0733230e-01   2.1219826e-01  -1.2728263e-01   3.2797250e-01  -1.0351579e-01  -2.0176094e-01   2.1206361e-01  -3.5247772e-01   1.5116978e-01   5.8410617e-02   2.6688234e-01   2.1050475e-01   2.4240916e-01  -3.7731872e-01  -2.5659809e-01  -2.0593975e-01   1.2567879e-01  -4.0291147e-02   9.0391281e-02  -6.1470362e-02  -2.9143286e-02  -6.2929431e-02   1.8627964e-01   4.1260608e-01   1.0147280e-01  -1.0349558e-01  -7.9264966e-02   1.7922444e-01  -3.1422215e-02   4.3674508e-01  -4.5106924e-02  -9.7427019e-02  -2.2781182e-02  -1.1678757e-01   2.4969900e-01  -1.3580837e-01   1.7396368e-01   3.5553480e-01   2.8598006e-01   2.9300530e-02   4.3897668e-01  -5.9892368e-02   1.9673211e-01   4.6384661e-01  -1.0705606e-02   2.4862198e-01  -4.8121250e-01  -1.0729548e-01   1.0828926e-01   3.3540484e-01   1.5539818e-01   4.7081651e-01  -2.4896953e-01   2.9957159e-01  -1.5349590e-01   2.9006204e-01   5.9795327e-02  -2.2712799e-01  -3.1786963e-01   5.7243952e-02  -2.4772687e-02  -1.2531650e-01  -1.2718067e-01   1.0689697e-01   1.2891480e-01  -2.5058318e-01  -8.8755823e-02   6.3289443e-02  -1.0689300e-01
  -1.0537196e-01   5.8194387e-01   4.4291604e-01  -2.3768322e-01   4.0098584e-01  -4.1829812e-01  -2.7723568e-01  -4.0257698e-03   6.9476673e-02   1.8593086e-04  -5.9827259e-01   0.0000000e+00  -1.5509976e-03  -2.8993885e-01  -4.0683791e-01  -9.5662385e-02   4.2322506e-01  -5.1150500e-01   6.4916949e-03   4.8483332e-01  -2.9805923e-01  -3.2458535e-01  -5.1249162e-01   1.3800165e-01   2.9490704e-04  -2.6861435e-01  -4.7149233e-02  -3.3435802e-01  -1.1209403e-01   1.2851470e-01  -3.2755413e-01  -1.5331705e-02  -8.7864741e-03   3.0627389e-01  -6.3890703e-02   1.4326189e-01   1.8153005e-01   2.1178150e-01  -1.4079519e-01   2.9756924e-01  -7.6556471e-02   6.6481182e-02   2.8891431e-01  -3.5747498e-01   1.8716186e-01   6.5399450e-02   7.4582238e-02  -1.4353000e-01   4.0298261e-01   4.7987381e-01  -4.9829447e-01  -6.9207712e-02   3.8427428e-01   1.0412950e-01  -2.0192667e-01  -3.8377323e-01  -1.4918882e-01  -1.7219801e-01  -5.8879811e-02   2.1321579e-01   3.8961634e-02   8.2459383e-02   6.2697812e-02  -1.7060000e-01   1.7223595e-01  -2.6952494e-01   1.7056259e-01  -4.0743293e-02  -1.1640801e-01  -1.0027320e-01  -5.5996105e-03  -1.7593446e-01  -1.3440754e-01  -1.9794184e-01   9.1251904e-02  -6.9006459e-02  -5.1733845e-02  -1.9501748e-01   3.7843475e-01   5.4865610e-03  -5.3986115e-01  -3.0854340e-01   1.3305621e-01  -1.8097840e-04  -8.7955041e-02  -9.0981596e-02   1.6973643e-02  -7.3329465e-02   2.6830165e-01   1.9929677e-01   3.9740244e-01  -4.0840233e-02   9.1609068e-02  -7.1948388e-03  -9.9440835e-02   5.5554771e-01   1.0510338e-01  -7.4513231e-02   3.4217659e-01  -1.9606176e-01  -3.2351735e-01  -2.0665358e-01  -5.0420566e-01   1.4934289e-01  -3.4724514e-01  -1.2119807e-01   2.7027308e-01  -1.8538452e-01  -1.4072983e-01  -2.5223537e-01   1.8335060e-01  -3.5497098e-01  -1.0195228e-02   1.9854693e-01  -3.6041035e-01   2.6228233e-01  -2.1890149e-01  -2.1017070e-03  -3.2629312e-01  -2.0864525e-01  -9.5629026e-03   5.5908261e-01   5.4430730e-01   2.8451529e-02  -5.4652203e-02  -3.4300900e-02  -1.2130312e-01   7.4239389e-02  -5.7142684e-02   1.9080543e-01   1.3859904e-02  -4.7143735e-01  -1.2981495e-01   6.9117144e-02  -3.6408742e-03  -7.4546170e-02   1.5182584e-01  -3.6398007e-01  -8.3154185e-02   1.6140829e-01   1.0560006e-01   1.2893027e-01  -2.5126476e-01   1.5067662e-01  -3.8077615e-01  -5.7641158e-01  -2.6282706e-01  -1.3679806e-01  -4.2300922e-01  -1.7467524e-01  -1.7241220e-01  -4.7575368e-01   2.7753132e-02  -2.3191337e-01   7.2548814e-01   1.3485486e-01  -5.7331566e-02  -2.3151501e-01   7.5195078e-02  -5.1158836e-01   1.8760981e-01  -1.3402268e-01  -2.2098361e-02  -4.4415106e-01   3.5020919e-02   5.0984189e-01   5.6275324e-01  -7.9110498e-02   8.1140250e-02   3.4401180e-01   3.4782538e-02  -7.4128296e-02  -3.3449471e-01   1.0839719e-01   6.4786860e-02  -6.3811948e-03   1.4012708e-02
   6.1237501e-02  -2.8383435e-01   8.1842527e-02  -3.7993909e-02   2.1866843e-01   4.3891013e-02  -1.2246197e-01  -2.0991812e-01   4.2967234e-03   3.2468274e-01   1.9602167e-02  -1.5509976e-03   0.0000000e+00   8.2052310e-02  -1.4375258e-01   1.2827659e-01   7.3049311e-02   1.7365203e-02   5.5652317e-02   2.2775746e-01  -2.9185468e-01   4.1073539e-02  -1.2119704e-01   1.4582070e-01   7.6174511e-03   6.8184137e-02   1.3473354e-01   1.2118731e-01   1.7034393e-01   1.2707080e-02  -3.1016338e-01   1.9293257e-01   1.2102261e-01   1.0419259e-01  -1.4565035e-01   3.4037944e-01   1.3918436e-01   2.2744714e-02  -3.9116688e-02  -1.1130216e-01   2.8298394e-01   7.5498306e-02   1.4380955e-01  -1.5143467e-01  -2.2948403e-02   8.9171966e-02   2.4645045e-01  -2.3899503e-01  -1.3141461e-01  -6.3808586e-02   5.1152787e-02   8.8821664e-02  -2.0964612e-01   1.2909912e-01   1.3323368e-01  -5.2619447e-02   8.0295951e-02   4.0934058e-02   2.3257006e-01   7.4574392e-02   1.8405483e-01   2.7608239e-01  -1.4974375e-01  -1.2560145e-01  -3.2113627e-01   9.6977240e-02  -8.3922319e-02  -4.7835829e-02   1.0260451e-01   6.1068502e-02  -3.6510833e-01   8.6152301e-03   2.3360995e-01   1.3857696e-01   2.1585479e-02   7.1340156e-02   1.0078457e-03   9.8772279e-02   1.6149427e-01   2.2932990e-01   8.4547239e-02  -3.3739269e-02  -2.1690827e-01   6.7059717e-02  -2.4605498e-02   1.2673280e-01  -3.8676045e-01   3.2327448e-01  -3.5022575e-02   9.1959590e-02   3.5522052e-02   7.1290642e-02   2.2046837e-01   2.5629772e-02  -9.3198700e-02   1.1112392e-01   2.5553708e-01  -1.1357725e-02   2.2431266e-01   4.5512555e-02   1.0581346e-01  -1.4072488e-01  -1.4908517e-03   4.6075959e-02  -2.7205977e-02   1.5372556e-01  -1.8074260e-01  -8.0018767e-02   2.5897463e-02  -2.3857836e-01  -1.1199112e-01   9.3612814e-02   1.0943850e-01  -6.0057012e-02   7.4479463e-02  -4.8854960e-02   1.1490792e-01   4.1376181e-01  -3.3925891e-03   7.8467258e-02   1.8118978e-01   5.9063383e-02   9.0993155e-02  -5.7624084e-02   1.1302583e-01  -5.1803784e-03   6.7108535e-02   1.8177537e-02  -5.1209622e-02  -1.5216259e-01   2.4188456e-01  -5.8711785e-02  -1.5065708e-01  -2.6350948e-01  -1.2038448e-01   1.6929725e-01   2.2899942e-02  -1.8580309e-01   2.1787051e-01  -7.9832996e-02  -6.4702337e-02   1.4831098e-01  -3.5731372e-02   8.2266202e-02   1.6024993e-01  -5.3094116e-02  -2.2695641e-01   6.7314693e-02   1.2815427e-01  -2.9057152e-01  -4.1250216e-02  -1.8063272e-01   1.9799628e-01  -3.7764942e-02  -6.2047159e-02   1.0364099e-01   1.3228821e-01   3.0777151e-01   1.2800756e-01   8.0308893e-02   3.1403685e-02  -1.5348874e-01  -5.0844089e-03  -7.3828275e-02   3.7005616e-02   7.3972471e-02   8.7265893e-02   4.6638931e-02   6.9162432e-02   4.5865464e-02   8.2664993e-02   4.8315677e-03   5.1118394e-02   1.0646345e-01   8.2040643e-02   2.5469528e-02   2.0383539e-01
   1.4547672e-01  -3.6960341e-01   5.4987387e-02   1.7058133e-01  -1.3317260e-01   4.6248582e-01  -6.2276974e-02   1.8507600e-01  -1.3549782e-01  -8.6732199e-02   1.6998699e-01  -2.8993885e-01   8.2052310e-02   0.0000000e+00   1.9569336e-01   1.5881900e-01  -8.5262121e-02   1.6474419e-01  -1.0969534e-01  -3.4670082e-01   1.4988040e-03   2.0618555e-01   1.7928420e-01   4.7395034e-02   7.4385504e-02   6.4420698e-02  -3.5417568e-01   5.1529562e-01   9.6549157e-02  -2.9284947e-01  -3.4114343e-02   1.5213923e-01   2.9165100e-01  -2.2642592e-01   2.1217332e-01  -2.4326820e-01  -2.4265115e-01  -3.0925432e-01   1.2865196e-01  -4.1349806e-01   6.8913663e-02   5.0675203e-02  -1.2086083e-01   2.6158297e-01  -1.0527925e-01  -1.1805874e-01  -1.5629403e-01  -2.9217120e-01  -1.9660971e-01  -2.1106680e-01   2.3199236e-01  -4.8527631e-02  -4.6689474e-01   3.0079617e-02   5.0841753e-01   3.1089221e-01   6.6818312e-02   1.7874876e-01   1.4454813e-01  -1.7478988e-01   3.0854161e-02  -8.7529582e-02  -3.7351269e-02  -5.2299010e-02  -1.4594959e-01   2.4291938e-02  -9.7287614e-03  -3.0330333e-02   9.8879863e-02   1.6929267e-01  -2.8918937e-01   6.1152658e-02  -1.1039433e-01   6.0840867e-01   1.0365061e-02   5.5076668e-02  -8.5109213e-02   2.4656382e-01  -7.4960487e-02   1.9680948e-01   5.9651523e-01   2.8027932e-01  -3.9543357e-01   2.4663167e-01   3.1050113e-01   1.4975981e-01   1.7680781e-01   3.0553751e-01  -1.3822681e-01   1.9526356e-01  -2.0148258e-01   5.6964738e-02  -1.8017285e-01  -1.6124928e-01  -1.6182123e-01  -3.7109928e-01   1.1857052e-01   5.2201342e-02  -8.7544815e-02  -8.7386534e-02   5.4514006e-01  -4.0181273e-03   6.5295880e-01  -1.2302210e-01   2.5058456e-01   1.5519038e-01   4.8107204e-02   1.0436198e-01   1.9626113e-02   1.5354508e-01  -1.6035497e-01   2.9500139e-01  -1.9676553e-03  -3.2760102e-01   2.7618155e-01  -1.1442776e-01   2.2644150e-01  -8.8759846e-02   3.8072291e-01   3.8244117e-01  -6.2097472e-02  -2.4107036e-01  -1.9557769e-01  -4.6243321e-02  -2.0548123e-01   4.5642076e-01   5.9135155e-02  -6.1810032e-03   1.4083002e-01  -1.9725933e-01  -4.1214953e-02  -1.2719945e-01   4.0876952e-01  -2.8808577e-01   8.8479967e-02  -6.0830134e-03  -1.6646427e-01   4.3177861e-01   2.1550302e-01  -1.6502425e-01  -2.6555824e-01  -2.2290635e-01   8.3334965e-02  -1.8762788e-01   2.1774397e-01   2.9500228e-01   8.1755476e-02   1.0052391e-01  -1.7296878e-02  -7.2948977e-02   4.1982750e-01   5.4858068e-01   2.0634681e-01  -1.0338598e-01  -4.3890862e-01  -1.4922588e-01  -1.0625970e-01   1.8937473e-01   1.7576519e-01   5.3047584e-01   1.9305772e-02   1.0341500e-01  -3.0388414e-02   3.5059648e-01   2.3499642e-02  -9.9561691e-02  -2.8838039e-01   1.4632029e-01   1.5560687e-01  -2.0103882e-01  -7.7376697e-02  -2.2943107e-01   1.8861433e-02  -1.1423994e-01  -1.3638733e-02  -9.2254260e-02   1.4970435e-01
