   0.0000000e+00  -6.0171241e-01  -2.3535290e-01   2.3246434e-03  -4.0175687e-01  -7.3092818e-02  -1.8240555e-01   3.9882828e-01  -1.4917941e-01  -4.2405545e-01   2.0806415e-01  -4.0205270e-01  -1.7938153e-01   4.7201887e-01   4.2844872e-01   6.9067868e-02  -3.4491549e-01   2.0583540e-01   1.8132204e-01  -4.2466463e-01  -4.8278077e-03  -1.1114596e-01   1.6237501e-01   7.3199339e-01  -1.1087515e-01  -1.8229060e-02  -3.1364916e-01   7.4392178e-01  -1.8345286e-01   4.8893041e-02   8.6704083e-02   2.4628737e-01  -6.8956681e-02  -4.0652016e-01  -4.7747954e-01  -3.1580871e-01  -3.4089881e-01   4.8717421e-01   3.6917855e-02  -4.6369131e-01  -1.6320393e-01   1.1255975e-01  -4.1600619e-01   4.7856121e-01  -1.2903296e-01   3.2189845e-01   1.1507664e-01  -2.3214310e-01  -1.3338003e-01  -5.0521408e-01   2.9973259e-01   1.5414471e-02  -3.1436877e-01  -1.0313180e-01   2.5863003e-01   3.1838008e-01   3.1691499e-01  -1.1176102e-02   8.7624467e-02   1.3735527e-02   1.9574438e-01  -1.4971796e-01  -3.5138825e-01  -2.5697558e-01  -2.2894336e-01  -7.0612782e-03  -1.0421547e-01  -3.2273403e-01   1.7885571e-01   2.8164558e-01  -3.0521569e-01   1.3717261e-01  -2.1852781e-01   4.2094533e-01  -1.0864799e-02   1.7246368e-02   3.7459112e-01   2.1353906e-01  -4.3768930e-01  -2.7042214e-01   5.6502686e-01  -2.1148382e-01  -2.0454147e-01   7.0644659e-02   2.2804893e-01   3.5724794e-01  -3.4931607e-01   5.8396211e-01  -1.6910958e-01   8.2579944e-01  -3.2062607e-01   5.2971560e-02  -3.9996332e-01  -6.1886942e-02   5.1497491e-01  -4.3762062e-01  -2.4002199e-01   1.6365235e-01  -1.7081011e-01  -1.1481964e-01   3.6866826e-01   4.1058929e-01   2.8797331e-01  -1.6504534e-01   2.2353404e-01  -1.4774855e-01  -3.6081956e-01   4.9467610e-02  -9.6231535e-02  -2.0180259e-01  -4.0735149e-01   2.5802073e-01  -3.7644214e-03   7.0068010e-01   6.1193188e-01  -4.0476042e-01   4.2009760e-02  -2.0118314e-01   1.7596605e-01   5.4432957e-02   6.3581136e-01  -4.7348356e-01  -1.6158511e-01  -1.6467587e-01   5.3042862e-01   4.0204258e-01  -1.3650589e-02  -1.1613305e-01  -1.3419077e-01   6.3004120e-02  -1.3858196e-01  -1.9658428e-01   6.2830778e-02  -5.1675010e-02  -5.1580783e-02   6.9056019e-02  -9.6315697e-02   5.3897203e-01   5.6104634e-01   4.4099003e-01   7.3274387e-01  -1.0861016e-01   6.0652072e-02  -5.6958549e-02   9.2622215e-02   8.4774364e-02  -2.5930619e-01  -3.8112849e-01  -1.6406714e-02  -2.9199283e-01   7.3416755e-01   2.3069623e-01   6.1655766e-01  -7.7704868e-02  -4.5080329e-01   5.0816487e-01   5.6678321e-01   3.0978327e-01  -1.9947610e-01   4.7107376e-01  -3.3936294e-01   2.1295303e-01  -2.8930359e-01   3.0846874e-01   1.3536014e-01  -3.8998789e-01  -1.0829790e-03   1.4170219e-01   3.6428361e-01  -4.3811896e-01  -2.2399597e-01   4.5877327e-01  -4.6325517e-02  -1.0268866e-01   1.0021901e-01  -2.8019880e-01   6.4281657e-02
  -6.0171241e-01   0.0000000e+00   5.7610423e-01  -8.4878840e-02   3.5439280e-01   1.3282664e-01   2.2818676e-01  -3.6094920e-01   1.0621216e-01   1.7622796e-01  -4.3371405e-01   7.1215958e-01   1.4242906e-01  -3.8370192e-01  -4.0498953e-01   5.3658577e-02   6.6733208e-01  -3.4501204e-01  -1.0622494e-01   4.6112893e-01  -3.6763753e-01   1.4413490e-02  -2.8095919e-01  -6.7199703e-01   3.2435197e-02  -2.1237845e-02   4.6298412e-01  -5.1706191e-01   2.6603374e-01  -8.9361946e-02  -2.2297179e-01  -1.2570722e-01   2.2989803e-01   3.2058140e-01   6.9892107e-01   1.2445635e-01   2.8798266e-01  -3.3621771e-01  -4.3703135e-02   7.3840532e-01   1.2164894e-01   2.2977815e-01   4.1973741e-01  -5.5249958e-01   2.9107417e-01  -8.9090316e-02  -2.3829876e-01  -1.1007688e-04   2.7090797e-01   6.8630449e-01  -2.8441615e-01  -2.5257534e-02   2.2511014e-01   2.1855879e-01  -2.1291451e-01  -4.3106967e-01  -1.7265083e-01   4.8750395e-02  -3.1584546e-01   2.2296384e-01   4.7130505e-02   3.1635398e-01   5.7542505e-01   1.5417704e-01   4.5308806e-02  -2.2382558e-01   2.7321902e-01   2.3691438e-01  -2.0205547e-01  -3.6559231e-02   3.3196396e-01  -3.5394500e-01   1.3950647e-01  -2.7116783e-01   9.7444258e-02  -4.1407217e-02  -1.5441482e-01  -2.1935267e-01   4.4987080e-01   3.5747578e-02  -4.6520101e-01   3.1641825e-01   6.9225502e-02  -4.4621156e-02   1.4928092e-01  -3.2403848e-01   3.9940301e-01  -5.3084442e-01   4.6085340e-01  -5.9772646e-01   3.7209487e-01   2.1814033e-01   6.3950630e-01   1.2363426e-01  -4.3131281e-01   4.5714224e-01   1.6411658e-01   8.9327556e-02   1.4044642e-02  -6.9725213e-02  -1.5463728e-01  -3.2529029e-01  -2.6890187e-01   3.2455267e-01  -4.8365681e-01  -1.1407241e-01   5.0240969e-01  -2.4480177e-04  -1.9431765e-01   9.4188304e-02   2.0657214e-01  -2.1475343e-01  -1.5700883e-01  -5.7742179e-01  -3.4681713e-01   3.7797988e-01  -6.2150458e-02   1.0782219e-01   1.0254683e-01  -8.0621226e-02  -5.6476717e-01   4.5774696e-01   4.5080233e-01   1.3239786e-01  -4.0659156e-01  -3.4318622e-01   2.7943558e-01   1.7037129e-01  -7.7306314e-02   2.9835544e-01   2.6113688e-01  -4.2998095e-02   1.3576359e-01  -1.3225180e-01  -1.0427855e-01  -6.1681696e-02   2.1936866e-01  -5.6685553e-01  -4.3528240e-01  -5.4263060e-01  -5.7488617e-01   8.8661408e-02  -1.8256446e-01   3.1526584e-01   1.6190773e-01  -2.4760833e-01   3.5357143e-01   2.9444529e-01   5.0492421e-02   9.6998155e-02  -5.3823901e-01  -2.8541812e-01  -3.0029527e-01  -1.1540450e-01   7.3192711e-01  -5.2359922e-01  -4.0919037e-01  -2.8252722e-01   4.3445719e-01  -4.2104182e-01   3.3188025e-01  -4.7866075e-01   2.6671939e-01  -4.4408580e-01  -1.1098299e-01   4.7414702e-01   4.7487262e-02  -2.6842429e-01  -2.1727685e-01   4.3895023e-01   3.5820928e-01  -3.8274953e-01  -2.0962459e-01   3.2043715e-01  -2.9286067e-03   9.3998242e-03   1.2298527e-01
  -2.3535290e-01   5.7610423e-01   0.0000000e+00  -4.3373283e-02   1.0001731e-01   5.2401402e-01   3.0631581e-01  -3.4524200e-01  -1.5666655e-01   8.4306282e-03  -2.6568012e-01   6.1936737e-01  -7.3730366e-02  -3.8679987e-01  -2.7870282e-01   1.4678643e-01   7.7373388e-01  -3.6465114e-01  -9.1950156e-02   3.4071554e-01  -4.7911624e-01   7.4394763e-02  -1.4611841e-01  -2.5393429e-01  -5.1505239e-02  -1.3181254e-01   4.0368730e-01  -2.1125552e-01   1.4695332e-01   4.1500458e-02  -4.4023342e-01  -1.1125889e-01   2.1155612e-01   1.8116744e-01   5.2660618e-01   1.8269627e-02  -3.3353822e-02   6.7619864e-02  -1.7349448e-01   6.9517151e-01  -1.5203334e-01   3.2753687e-01   4.3444104e-01  -3.4006824e-01   5.0797498e-02   4.4816399e-01  -8.4347335e-02  -2.7137644e-01  -3.9703305e-02   6.9131246e-01  -3.2991619e-01  -1.9104068e-01  -2.1565918e-01   3.7706802e-01  -3.2340936e-01  -3.0620346e-01  -8.5656227e-02  -1.3668141e-01  -1.9696803e-01   1.5007713e-01   4.0881202e-01   6.9740219e-02   3.5042754e-01  -1.5880893e-01  -3.6092864e-01  -1.1065578e-01   5.0414829e-01   9.2490472e-02   4.7088866e-02   5.2790867e-01   6.9083450e-02  -2.1000383e-01  -1.1369849e-01  -1.6880172e-02   4.6202634e-02  -2.5243745e-01   3.3640377e-01  -1.6024093e-01   9.2280895e-02  -2.3585989e-01  -2.2431352e-01   2.8216470e-01  -4.1835794e-02  -1.6715996e-01   2.5131152e-01  -4.5721876e-01  -3.7472560e-02  -3.6630527e-01   3.6749710e-01  -2.3246561e-01   1.9617850e-01   6.6121129e-01   5.5603580e-01  -6.4065683e-02  -6.8911021e-02   2.8954198e-01   6.5581601e-02   2.3910603e-02  -1.9846437e-01  -2.8524321e-01   7.7604070e-02   1.0682193e-02  -2.0257909e-01   2.9090024e-02  -4.9617225e-01  -1.4401677e-01   3.7129715e-01   3.5028822e-03  -2.7015898e-01  -3.0947403e-02   4.6366231e-03  -7.1203496e-02   8.9518396e-02  -1.9108881e-01   5.5691499e-03  -7.3104095e-02  -1.8979080e-01  -1.4293045e-01   3.1728472e-01  -9.1973707e-02  -9.4831662e-02   2.4620842e-01   4.4444665e-01  -3.0818708e-01   6.1694922e-02  -6.4747798e-02   2.4080578e-02   9.7297089e-02  -1.5596281e-01   6.6154127e-01   1.1097779e-01  -3.9271111e-01   2.1686640e-01  -3.5286671e-01  -1.6709634e-02  -2.0339189e-01   1.6662809e-01  -2.4496344e-01  -3.0193484e-01  -1.5259491e-01  -2.4402927e-01   1.6660729e-02  -2.4406854e-01   6.8630739e-01  -3.8289341e-02  -4.7590223e-01   4.1245709e-01  -5.0594821e-02   1.0555605e-01  -2.9646285e-01  -1.0408783e-01  -2.4056027e-01   9.7617002e-02  -1.4403480e-01   7.6705562e-01  -3.1098421e-01   2.8192558e-02  -1.7035533e-01   5.5652439e-01  -3.8104858e-01   1.0107706e-01  -3.8581867e-01  -9.7966758e-02  -3.1219502e-01  -2.0868277e-01   2.3661213e-01   1.8126810e-02  -1.3128708e-01   1.4492069e-01   4.3172487e-02   9.5048934e-02   7.0514256e-02  -4.3228558e-01   5.4462600e-01   3.6338762e-02  -1.3399938e-01   9.2627511e-02
   2.3246434e-03  -8.4878840e-02  -4.3373283e-02   0.0000000e+00  -4.0892110e-01   1.6095120e-01  -1.0258089e-01   2.8301062e-01   1.4412677e-01  -2.9383927e-03   1.5686309e-01  -1.7908377e-02  -7.8558577e-02   2.0848724e-01  -6.1850434e-02   1.9092789e-01  -1.4064638e-01   1.1330022e-01   3.3911815e-01  -3.2377773e-01   1.1535021e-01   6.9667870e-01   1.3068708e-01  -6.2968325e-02  -3.1439065e-02   1.8582633e-01  -2.0128034e-01   7.4392619e-02  -7.6149620e-02   5.7484744e-01   1.4409824e-02   2.8180357e-01   2.1893454e-02  -2.2136890e-01  -3.9054223e-02  -2.9112656e-01   3.4175702e-02  -2.7110764e-02   2.5046052e-02  -2.0725800e-01  -3.4527272e-02  -3.8561163e-02  -9.9076122e-02   2.2404644e-01  -3.4764531e-01   9.8800207e-02   3.9285496e-01  -1.8900680e-01   1.5410948e-01  -1.7922339e-01   2.1852615e-01   9.2390417e-02  -2.0071957e-01  -2.1519107e-01   1.4292208e-01   1.1763824e-01   1.1950746e-01   4.6009797e-01   3.5039499e-01   4.0723647e-01   6.3759096e-02  -9.2846968e-02   7.8706044e-03  -8.0696422e-02  -2.6074508e-01   7.2226950e-02   3.2896670e-01  -6.0469048e-02   5.5920385e-01   1.0099977e-01  -2.3627689e-01   4.7497581e-01  -3.1032118e-01   2.0970204e-01  -3.8916337e-01   3.5104908e-01   1.1451373e-01   1.5070967e-01  -3.8641919e-01  -8.2419002e-02   2.7630465e-01  -2.6510705e-01  -1.2355734e-01   1.3381638e-01   8.8359851e-03   2.1112829e-01  -2.8921889e-01   8.4913576e-02  -2.0690513e-03  -1.2699353e-01  -3.8401393e-01   1.4264603e-02  -1.7947067e-01   4.0155141e-01   5.0612102e-02  -4.1579689e-01  -1.1057278e-01   1.7731404e-01  -2.9332171e-01  -2.7435433e-03   9.9563976e-03   2.2336191e-01   3.6112997e-01   1.2594187e-01   2.7131249e-01   4.7652976e-01  -2.2405863e-01   5.0114633e-01  -1.0986838e-01  -2.4435097e-01  -3.3642518e-01   5.5006042e-01   5.1648023e-01  -1.4321394e-01   3.7068034e-02  -1.7371093e-01   2.4388598e-01  -3.0850123e-01   2.5197988e-01   5.4960745e-01   1.4053392e-01  -3.7938470e-01  -4.4681312e-01  -1.6536407e-01  -1.1973941e-01   1.2203008e-01  -1.7834465e-01  -2.4569051e-01   6.2308291e-01  -3.4125925e-02  -2.4526855e-01  -2.4761290e-01   4.1610170e-01   7.4836626e-02   4.4870164e-01   3.1513504e-01  -1.6532724e-01   3.2577126e-01   2.7219754e-01   2.0920053e-02   4.4229052e-02  -1.6107346e-01   2.5951250e-01  -7.1861477e-02  -2.4894628e-01   2.3958614e-01  -1.4126908e-01  -3.6215619e-01  -1.9475201e-01  -2.3539898e-01  -4.1115640e-02   4.8955124e-01   1.3785712e-02  -1.4647922e-01  -1.6829050e-01  -1.7933661e-01   1.2095703e-01   1.3588744e-01  -7.0703770e-02   1.9767965e-01  -1.3064184e-01   3.1164735e-01  -3.7875857e-02   3.4810487e-01   4.6668722e-01  -2.2314726e-01  -5.3619571e-02   1.7158597e-01   8.4796859e-02  -3.2815559e-01  -2.4295630e-01   2.0691322e-03  -4.8103718e-02   2.0645257e-01  -1.5382377e-01  -2.5872060e-01   4.6899278e-01
  -4.0175687e-01   3.5439280e-01   1.0001731e-01  -4.0892110e-01   0.0000000e+00  -2.4952704e-01  -9.9861090e-02  -2.8197895e-01   3.1387797e-01   1.7915915e-01  -1.2602323e-01   1.7083489e-01   2.9614155e-01  -4.9443743e-01  -3.9840262e-01  -1.2837223e-01   3.5273311e-01  -1.8315907e-01  -2.8966891e-01   6.8997297e-01  -3.4290569e-01  -4.6470754e-01  -3.8200876e-01  -2.8620536e-01   2.6482854e-01   4.1883080e-02   6.0476660e-01  -5.2993487e-01   3.8586574e-01  -4.5271374e-01  -1.1049256e-01  -3.3691377e-01   1.2873314e-01   3.7348353e-01   3.1341442e-01   6.4675291e-01   1.9800613e-01  -1.6191559e-01   1.6721235e-01   4.9303957e-01   3.5049827e-01   8.8580769e-02   3.5071307e-01  -5.9680721e-01   4.9316349e-01  -3.4341334e-01  -1.5683471e-01   1.9407446e-02   2.8864068e-01   4.2636599e-01  -2.4591051e-01   4.1983499e-02   4.6000356e-01   1.0426469e-01  -6.7787386e-02  -3.1990815e-01  -2.4650714e-01  -2.8389337e-01  -2.8220336e-01  -2.0730591e-01  -1.4024674e-01   3.5536928e-01   4.1681201e-01   3.5009960e-02   4.7014681e-01  -5.6158392e-02  -3.0839692e-01   2.7116578e-01  -4.7917005e-01  -3.8173962e-01   1.6945458e-01  -3.8388935e-01   4.2066009e-01  -6.1922282e-01   3.3201653e-01  -9.3890395e-02  -3.0052734e-01  -2.1353814e-01   5.3618728e-01   5.2744755e-01  -6.8180831e-01   2.7422614e-01  -6.5267778e-02  -2.7813038e-02  -2.5002348e-01  -3.6641473e-01   4.8955535e-01  -3.4798454e-01   2.9796186e-01  -2.9823730e-01   7.0634255e-01  -8.3993884e-02   4.3694288e-01   3.2932992e-02  -3.2132640e-01   7.6427026e-01   2.3823870e-01  -1.2431040e-01   5.7482787e-01  -1.0813676e-01  -4.4994396e-01  -6.4919670e-01  -5.5511199e-01   2.5688301e-01  -2.6967459e-01  -2.7371411e-01   4.9096233e-01  -1.5745419e-01   8.8113442e-02   5.7490058e-01   3.1277708e-01  -6.5924022e-01  -1.0571107e-01  -2.8307997e-01  -5.9259385e-01   6.0664254e-01  -2.3768561e-01   3.5502899e-01  -4.9995952e-01  -3.7306690e-01  -4.3116600e-01   7.6385110e-01   3.9494131e-01   1.8773349e-01  -2.5806310e-01  -4.1883407e-01   2.2194340e-01   3.9935494e-01  -2.5345259e-01  -2.3348224e-01   3.9148974e-01   3.7880661e-01  -3.4896738e-01  -2.6128661e-01  -6.7303796e-02  -5.3928287e-02   2.4753481e-01  -5.4076136e-01  -3.2382900e-01  -1.3627881e-01  -2.3741745e-01   1.6659910e-01  -8.4016202e-02  -6.0219115e-02  -2.3196703e-02  -2.9426010e-01  -1.3171524e-01   6.5146336e-01   2.0612329e-01   1.8029387e-01  -3.9129115e-01  -5.9634288e-01  -3.2398574e-01   3.0404631e-01   3.9689248e-01  -5.9441052e-02  -3.8024187e-01  -5.9719983e-02   1.9947164e-01  -4.8588585e-01   3.8583114e-01  -1.1444375e-01   1.2903105e-01  -2.8207621e-01  -2.1457755e-01   4.3417139e-01   1.0994756e-01  -3.3877418e-01  -4.0825568e-01   6.9616606e-01   4.6027245e-01  -2.8845702e-01   2.0403671e-01  -1.6364186e-01   1.0258314e-01   3.6524739e-01  -1.0309542e-01
  -7.3092818e-02   1.3282664e-01   5.2401402e-01   1.6095120e-01  -2.4952704e-01   0.0000000e+00   3.5422740e-01   1.4452927e-01  -2.3889011e-01   9.1646075e-03   1.5622484e-01   3.4029504e-01  -3.0455606e-01  -2.6587994e-01  -1.0927244e-01   2.8654196e-02   3.3162326e-01   4.7221347e-02   1.3649595e-01   1.1770932e-01  -2.8488864e-02   3.2198887e-01   3.7243559e-01  -1.3512954e-01   5.1112901e-02   9.5574420e-02   1.9165790e-02   1.4077430e-02   1.0012245e-01   3.6624971e-01  -4.6505148e-01   1.0451009e-01  -4.5701332e-02   4.8563534e-02   1.6291876e-01  -4.1420404e-02  -1.2838758e-01  -1.1243562e-01  -2.8953349e-01   1.5181234e-01  -2.4672049e-01   1.5794130e-01   2.3948031e-01  -4.5290164e-02  -1.6695602e-01   5.9489220e-01   3.5953472e-01  -2.0316198e-01  -2.2616590e-01   2.7261306e-01   3.4123700e-02  -8.6599038e-02  -4.3344363e-01   4.1620698e-02  -3.7815710e-01   3.8518428e-02   1.6663934e-01   5.6249514e-02   2.7614551e-01   2.3367395e-01   3.0942238e-01  -4.4695800e-02   5.6113217e-02   4.5286423e-03  -4.6966306e-01   2.5421711e-01   6.9111734e-01  -7.7966691e-02   4.9220861e-01   7.1387011e-01  -3.0738366e-01   2.6767323e-01  -2.9639202e-01   2.7843705e-01  -1.3990725e-01  -1.7439462e-01   4.2929687e-01  -7.0058557e-02  -9.0095645e-02  -3.8407540e-01   8.3634638e-02  -6.6289570e-02  -1.2339570e-01   1.3560490e-01   1.8233088e-01  -1.8682565e-01  -2.9049498e-01  -2.1155090e-01   1.4844584e-01  -1.4447028e-01  -1.8169935e-01   4.8012974e-01   1.7124912e-01   1.0542168e-01   6.1173214e-02  -1.0834426e-01   1.6544204e-01   6.7846694e-02  -2.8232873e-01  -2.6167344e-01  -8.6848465e-02   3.6426121e-01  -5.2706828e-02  -6.5731412e-02   3.0551324e-02  -1.2764599e-02   2.7578496e-02   2.7890692e-01  -9.0905341e-02  -2.4997832e-01  -1.9430463e-01   3.6318344e-01   2.6407345e-01  -2.6777185e-02   1.2485065e-01  -3.6012679e-01   1.0579620e-01  -3.2607664e-01   3.2396193e-01   3.3084218e-01   1.3095869e-01  -5.8179847e-02  -2.5181967e-02  -4.2981221e-01   2.5427336e-01   1.7835439e-01  -5.1818989e-02  -2.8143682e-01   1.6557730e-01   4.2746398e-01  -3.1441390e-01  -5.1330407e-01   4.1168125e-01  -2.2792259e-01   1.8549693e-01  -1.6510205e-01  -2.2203645e-01   5.0142536e-02  -7.3912713e-02  -6.3914038e-02  -1.9786021e-01  -3.5545989e-02   1.4587728e-01   4.9076266e-01  -2.9781565e-01  -3.6023286e-01   1.6460293e-01  -3.5243622e-01   3.0461284e-01  -3.5081958e-01   5.5813135e-02   5.5795068e-02   1.3017924e-01  -2.8688859e-02   2.9483221e-01  -3.4747407e-01   2.2444611e-01  -8.3013804e-03   2.4361974e-01  -3.0977395e-01  -1.2882171e-01  -5.9270143e-02  -1.1619153e-01   2.1149402e-01   8.6377850e-02  -7.9172516e-02   1.4900976e-01   7.2574214e-02   3.5757584e-01  -3.9487636e-01  -2.1041329e-01   7.1912188e-02  -2.6460868e-01   6.8026002e-01   1.6094800e-01  -3.2138592e-01   2.3714131e-01
  -1.8240555e-01   2.2818676e-01   3.0631581e-01  -1.0258089e-01  -9.9861090e-02   3.5422740e-01   0.0000000e+00  -2.9063826e-01  -8.3697010e-02   3.7200494e-01   1.2688256e-01   3.0090611e-01   4.9293583e-02  -2.4724284e-01  -7.4655613e-03  -2.7758746e-02   3.0321684e-01   9.8764911e-02   1.7925727e-01   2.1190089e-01   7.2287231e-02  -4.6240944e-02   3.4497929e-01  -1.9793621e-01  -2.4512375e-02   2.8100007e-02   2.4724818e-01  -1.6209193e-01   5.6758244e-02  -7.6578312e-02  -1.9940539e-01   9.9644124e-02  -1.8482098e-01   5.1858415e-01   2.7714949e-01   2.8760505e-02  -5.4237201e-02  -2.4346115e-01  -2.1618090e-01   2.1897234e-01  -8.2653102e-02  -8.7701564e-02   3.1294551e-01  -2.0122180e-01   9.2058052e-02   1.1144315e-01   1.5412260e-02   6.4984549e-02  -2.2215628e-01   1.7842626e-01   1.4143415e-01   3.3592965e-02   1.9562926e-01   1.5855401e-02  -3.0062678e-01   5.0967426e-02  -1.9282197e-02  -1.5542796e-01   8.2855350e-02   1.3552727e-02  -1.2977917e-01   1.5332043e-02  -2.6198236e-02   1.4856158e-01  -6.8903347e-02   2.4174070e-01   2.6233976e-01   6.7337995e-02   2.8240002e-02   2.6764405e-01   6.3248033e-02   9.8193968e-02   3.6990584e-02  -4.9146822e-02   3.8312252e-02  -3.2488653e-01  -4.5024222e-02  -1.9097227e-01   3.1616536e-01  -2.4969778e-01  -4.1201226e-03   2.2930435e-01  -3.2329521e-02  -1.3831524e-01  -8.7943514e-02  -2.9689273e-01   3.8125859e-02  -1.8770136e-01   5.3510991e-02  -2.0587793e-01  -3.4472689e-02  -3.9098887e-03   2.6382021e-01  -9.2817714e-02  -2.1133060e-01   5.7663637e-02   1.4695730e-01  -3.0413958e-02   4.2626387e-02   1.3775177e-01  -1.4291923e-01   6.8533596e-02  -1.1943070e-01  -3.7778056e-02  -7.9037119e-02   1.0005701e-02  -1.0894388e-01   4.7625389e-02  -1.7340387e-02   3.0111406e-02   2.7876951e-01  -2.2428225e-02  -1.5768244e-01  -2.2559446e-01  -8.9537459e-02   3.9778062e-02  -2.0125151e-01  -1.3067508e-02   1.0526707e-01  -1.3787441e-01  -1.9954812e-01   1.7646014e-01   1.4356708e-02  -5.2746525e-02   1.4717370e-02   9.1774964e-02   1.7462330e-01  -1.6366429e-01  -2.2255842e-01   1.3656391e-01  -6.9097567e-02   3.8127750e-02  -4.3003682e-02  -1.1674085e-01  -2.9644589e-01  -2.3242097e-01  -1.0328000e-01  -1.9478497e-01  -2.2100777e-01  -1.3080869e-01  -1.8339429e-01  -2.3828625e-02   1.0181634e-01   2.7315488e-01  -2.2231791e-02  -2.9303772e-01   5.2054503e-01  -3.4172409e-02   3.5847696e-01   1.0956629e-01  -9.0280983e-02  -1.2289920e-01  -1.2157142e-01   2.7203065e-01   2.7888353e-01  -1.6429051e-01  -1.9863645e-01   2.2688823e-02  -1.3498890e-01  -1.3488023e-01  -2.9518877e-02  -3.3653257e-01   6.9804594e-02  -5.6644579e-02  -5.6271892e-02   3.0980577e-01   1.9798032e-01  -1.0912942e-01  -8.4121843e-02  -7.1579087e-02   2.2857613e-01  -1.5488700e-01   8.0493362e-02   2.4742963e-01  -8.4430404e-02  -2.5155859e-01  -1.7218399e-02
   3.9882828e-01  -3.6094920e-01  -3.4524200e-01   2.8301062e-01  -2.8197895e-01   1.4452927e-01  -2.9063826e-01   0.0000000e+00  -1.0750145e-03  -1.5482268e-02   3.1891689e-01  -3.4248136e-01  -1.5981841e-01   2.4299612e-01   7.6566014e-02   1.3882195e-01  -3.9821606e-01   2.5600831e-01   3.4691673e-01  -3.4035440e-01   2.2965092e-01   1.9636164e-01   2.7389134e-01   2.3275716e-01   3.2318448e-02   1.8061593e-01  -3.6354579e-01   3.8921287e-01  -9.1536126e-02   2.5915753e-01  -1.0273299e-01   1.7996805e-01  -1.2778917e-01  -3.4399058e-01  -3.4185933e-01  -1.3829228e-01  -1.3173355e-01   1.1295970e-01   6.9851387e-02  -4.7034881e-01   3.0730757e-02  -8.6487125e-02  -2.9057725e-01   4.2766794e-01  -1.7256459e-01   9.5126989e-02   3.2948827e-01  -1.3405641e-01  -4.7365442e-02  -4.3986651e-01   1.7766112e-01   1.3135156e-01  -2.8402647e-01  -3.1455330e-01   2.2739726e-02   3.0777859e-01   1.5525653e-01   2.8407887e-01   3.4658637e-01   1.6809183e-01   6.4964635e-02  -6.2867009e-02  -1.5426324e-01  -8.9856574e-02  -1.5890932e-01   2.0445961e-01   1.0872805e-01  -1.1649341e-01   4.0976511e-01   7.7065312e-02  -3.9357341e-01   3.8796728e-01  -1.4657741e-01   2.0858590e-01  -1.4527806e-01   2.9544358e-01   1.7331754e-01   1.5483691e-01  -2.5863617e-01  -5.1301536e-02   3.6418873e-01  -2.2238357e-01  -1.8107651e-02   2.3272641e-01  -5.2575433e-03   4.5470466e-01  -2.9010583e-01   2.2730214e-01  -1.4895276e-01   2.9604653e-01  -3.0786262e-01  -1.2706522e-01  -3.3218065e-01   9.1922923e-02   2.7680750e-01  -3.8738026e-01  -9.7926898e-02   2.4566223e-01  -1.0730895e-01  -8.1254107e-02  -3.4827394e-02   3.0954319e-01   1.8486670e-01   2.5712861e-02   4.5086752e-01   1.5668930e-01  -2.8222649e-01   3.0459677e-01   1.1363004e-01  -2.2351284e-01  -3.1564267e-01   3.7050900e-01   1.9830631e-01   2.9818440e-01   1.7116169e-01  -2.4570188e-01   4.1908012e-01  -4.0880795e-02   9.1106067e-02   3.8817083e-01   3.4644392e-01  -3.5777925e-01  -2.9651057e-01  -1.5204690e-01   1.7879444e-01   1.9889268e-01  -5.0312337e-02  -1.6016815e-01   3.3647171e-01  -1.7434055e-01  -9.7083951e-02  -1.9223957e-01   2.2012928e-01  -6.7755433e-02   3.4375041e-01   2.6736458e-01  -2.4553372e-01   3.0159857e-01   4.7243545e-01   1.4587381e-01   1.4188609e-01  -1.2533138e-01   3.2911981e-01  -1.1235000e-01  -9.5526997e-02   1.1350411e-01  -3.5563608e-01  -3.4745830e-01   2.2880198e-03  -1.3094275e-01   2.8101976e-01   2.6610382e-01   2.2237913e-01  -3.0604458e-02  -3.6054866e-01   1.6031390e-01   3.6427882e-01   2.3947166e-01  -1.9142951e-01   1.7127937e-01  -2.6066539e-01   3.8737577e-01  -3.3873083e-02   3.9505169e-01   3.7303375e-01  -3.2247782e-01   2.2000219e-01   4.2276909e-01   2.0563973e-01  -4.0141631e-01  -2.3010502e-01   1.1988041e-01   1.0016974e-01   3.4500130e-02   6.9768084e-02  -2.5381863e-01   1.6098141e-01
  -1.4917941e-01   1.0621216e-01  -1.5666655e-01   1.4412677e-01   3.1387797e-01  -2.3889011e-01  -8.3697010e-02  -1.0750145e-03   0.0000000e+00   1.9557393e-01   1.4787282e-01  -4.7945884e-02   1.6033402e-01  -1.9708341e-01  -3.6417178e-01  -6.6711193e-02   3.6384438e-02   2.1920261e-01   1.9436197e-01   3.0108253e-01   5.4980708e-02   9.9776941e-02  -4.3864488e-02  -2.2814311e-01   1.0005675e-01   1.4219790e-01   2.8853993e-01  -3.6080143e-01   2.3164894e-01  -1.8993171e-02   9.4371176e-02  -6.5049032e-02   2.5442449e-01   3.4836993e-02   1.8893769e-01   3.6321751e-01   2.0306565e-01  -5.1104698e-02   2.7373444e-01   1.3563699e-01   3.2801960e-01   6.0889579e-02   1.1775113e-01  -2.8837815e-01   2.7071427e-01  -3.6726312e-01   1.8685214e-01  -4.0914978e-02   2.0025430e-01   1.1722860e-01   1.5736901e-01   2.9909404e-01   2.0401513e-01  -1.3276995e-01   1.4188086e-01  -1.5725076e-01  -1.4893298e-01   1.0777976e-01  -4.1682377e-02   6.6495591e-02  -2.7417789e-01   2.3195999e-01   3.6727643e-01  -8.3166933e-02   3.6198490e-01   1.0269306e-01  -2.2690282e-01   4.1356551e-02  -5.0274329e-03  -4.9278142e-01   1.4406743e-02   1.3496711e-02   2.2433914e-01  -5.5963382e-01   2.6793990e-02   1.8750365e-01  -2.8548319e-01   1.0055907e-01   1.1943626e-01   3.3728134e-01  -3.7546707e-01   8.1500637e-02  -4.5017406e-02   1.9346868e-01  -5.1528552e-01  -9.8503578e-02   3.0415292e-01  -2.7568650e-01   2.7794762e-01  -3.2717725e-01   3.4436002e-01  -3.3901432e-01  -1.9999843e-02   4.5986494e-01  -2.8753743e-01   1.6752573e-01   2.2326495e-01   1.6443164e-01   2.6671930e-01   3.7158006e-02  -3.6971130e-01  -5.1804579e-01  -2.5031979e-01   4.3360370e-01  -2.6680149e-02   1.8397978e-01   1.2378126e-01   3.0780068e-01   7.9557865e-02   7.7037842e-02   8.0266607e-03  -3.6940348e-01   1.0074033e-01  -3.4141978e-01  -4.9755688e-01   3.0380246e-01  -1.2603869e-02   1.9203694e-02  -3.3418589e-01   7.9699087e-02  -4.0400846e-01   2.3781246e-01  -4.6466437e-02   2.3405518e-01  -4.0011481e-01  -4.3309817e-01   3.9896510e-02   7.8707379e-02   2.4277142e-01  -2.4781487e-01   1.8412949e-01   3.2586205e-01  -2.4303013e-01   1.0771131e-01   2.1283805e-01   3.5861751e-01   1.5767881e-01  -2.2254251e-01  -1.2264278e-01   8.1330809e-02  -1.2946785e-01   1.0510197e-01   1.5095362e-01  -2.9254473e-01  -1.3829848e-01   7.5800442e-02  -1.8353441e-01   3.5187357e-01   2.4306811e-02   1.5726748e-01  -4.0832837e-01  -1.2238463e-01  -4.2181542e-01   3.0775557e-01  -2.0976714e-02   7.3549689e-02  -3.9300631e-01  -3.9828347e-02  -4.3746263e-02  -1.2821895e-01   2.4033385e-01   2.4475640e-01   2.8485025e-01   6.9593608e-02   2.1368319e-01  -5.4957138e-03   7.2735364e-02  -1.7135817e-01  -3.9188324e-01   2.6373928e-01   1.3232718e-01  -4.0713667e-01   4.4477595e-01  -1.6693216e-01   2.1392855e-02   2.1381257e-01   3.4345384e-01
  -4.2405545e-01   1.7622796e-01   8.4306282e-03  -2.9383927e-03   1.7915915e-01   9.1646075e-03   3.7200494e-01  -1.5482268e-02   1.9557393e-01   0.0000000e+00   1.4780427e-01   1.3187746e-01   2.9372611e-01  -3.6712653e-01  -2.4372527e-01   7.5652069e-03   5.0124110e-02   2.3519694e-02   1.5034702e-01   3.1633489e-01   2.7569175e-01  -5.3928423e-02   2.7302781e-01  -3.8187923e-01   1.2304444e-01   5.1252547e-02   1.4146083e-01  -4.7823379e-01   3.9008215e-02  -1.8991220e-01  -1.2510756e-01  -1.0582265e-01  -9.2508287e-02   4.0380624e-01   2.1436875e-01   2.9560836e-01   1.0768334e-01  -1.3295972e-01  -9.3401896e-02   9.7316923e-02   1.7533369e-01  -1.8471652e-01   4.0269926e-01  -2.8644645e-01   1.0950531e-01  -1.5725219e-01   4.1393688e-02   2.4294370e-01  -1.5924017e-01   1.0192034e-02   1.0942940e-01   1.0799258e-01   1.9135942e-01  -1.8536484e-01  -1.5950875e-01   8.3501826e-02  -2.4253268e-01   5.5610175e-02   5.7935325e-02  -1.1902000e-01  -2.7286927e-01   5.4495780e-03  -2.4206173e-02   3.7828148e-02   1.6064547e-01   4.5903844e-01  -7.1905459e-03   1.3093281e-01  -1.1870658e-01  -1.2209277e-01   2.9337597e-04   1.8708567e-01   1.5423717e-01  -4.5474679e-01  -1.1876194e-01  -1.4922879e-01  -1.8267425e-01  -1.1322318e-01   4.5684048e-01   1.9256574e-01  -3.1709650e-01   1.3396397e-01  -9.1913737e-04  -1.9968600e-01  -3.9646481e-01  -2.1738365e-01   1.7561418e-01  -3.0791301e-01  -8.1064041e-02  -3.4542166e-01   5.9995236e-02  -2.4875838e-01   1.6601774e-01  -5.7852424e-02  -1.8426890e-01   1.9439339e-01   2.5471946e-01  -7.3928900e-02   2.8571849e-01   3.0463528e-01  -3.7602695e-01  -2.4861851e-01  -2.9773292e-01   8.7263956e-02   1.8635117e-01   6.7242462e-02  -4.5810356e-02   9.7484670e-02   2.3666616e-01   1.4550755e-01   4.7757050e-01  -2.0291421e-01  -7.0350055e-02  -2.7193645e-01  -4.0677824e-01   1.2841670e-01   6.1753084e-02   1.0414007e-01  -3.2200134e-01   4.0915103e-02  -2.6026993e-01   1.8666320e-01  -4.6162893e-02   1.4386789e-01  -1.3026041e-01  -1.8433616e-01   1.2837936e-01  -1.2437810e-01   1.1429542e-01  -2.0360583e-01   4.9740166e-02   3.0941352e-01  -1.6469770e-01  -6.3249992e-02   4.5810864e-02  -7.8913831e-02  -7.0408076e-02  -3.3079786e-01  -2.3245352e-01   4.9078158e-02  -2.2002371e-01   1.7711701e-02   1.3621637e-01  -2.3273774e-02  -1.7506300e-01  -1.2513824e-01   1.1629478e-01   1.0364913e-01   2.4177826e-01   3.1551744e-01  -4.1753901e-01  -2.9638093e-01  -4.3081665e-01   1.7727004e-01   8.7554835e-02  -4.7834612e-02  -2.5022683e-01   1.0769324e-01  -2.5959644e-01  -2.7731243e-01   1.9568256e-01  -9.8634610e-02   2.1135740e-01  -7.0961161e-02  -3.3956396e-02   3.4219790e-01   2.2592028e-01  -1.5401078e-01  -1.8469432e-01   1.0863124e-01   1.3884846e-01  -3.4513931e-01   1.9963119e-01  -1.5706473e-01  -2.5151609e-01   8.9486216e-02  -1.4213139e-01
   2.0806415e-01  -4.3371405e-01  -2.6568012e-01   1.5686309e-01  -1.2602323e-01   1.5622484e-01   1.2688256e-01   3.1891689e-01   1.4787282e-01   1.4780427e-01   0.0000000e+00  -3.3858873e-01  -9.6550775e-02  -7.3625325e-02   9.4437672e-02  -6.3385115e-02  -2.3807740e-01   6.5429882e-01   1.7813251e-01  -2.0390524e-01   3.9236210e-01   2.0687157e-02   5.3259009e-01   2.3202617e-01  -3.7341061e-02   1.6086744e-01  -1.7082879e-01   1.3626511e-01  -6.0920251e-02   1.4332148e-01  -3.6955239e-02   9.5255882e-02  -9.7229115e-02  -1.2372175e-01  -4.6254969e-01   3.8688223e-01   3.3208292e-02   7.0389285e-02   4.4295222e-02  -4.9953482e-01   1.0477693e-01  -1.2844186e-01  -1.6448219e-01   2.3019271e-01  -1.6994026e-01   2.7837947e-01   7.3609507e-01   1.2164037e-01  -3.2671185e-01  -3.9631213e-01   6.4108043e-01   2.3599232e-01  -2.0015370e-01  -4.8458347e-01  -1.6450121e-01   5.8168795e-01   7.2560043e-02   1.9041713e-02   5.0485944e-01  -4.3829750e-03   4.1812144e-02  -2.1592745e-01  -3.1815847e-01   1.2680287e-01  -8.2497793e-02   5.2430284e-01  -2.1759581e-02  -1.8702721e-01   4.8666995e-01   1.7075572e-01  -4.5012633e-01   6.2332040e-01  -1.5143455e-02  -1.0867286e-01  -1.4179965e-01   8.5703695e-02   1.4920530e-01  -3.0753251e-02  -1.3491253e-01  -8.9073702e-03   1.7517275e-01  -1.7912597e-01  -5.1071749e-02   1.4238878e-01  -3.7956824e-01   1.5675604e-01  -2.9676738e-01  -1.1402062e-02  -2.2700776e-01   1.7988870e-01  -1.1120190e-01  -1.1486575e-01  -3.2298848e-01   1.5058281e-01   2.4469253e-01  -3.3952383e-01  -4.0053880e-02   3.0450159e-02   1.9025693e-01  -5.4024261e-02  -1.2627259e-01   2.1294091e-01  -4.4140138e-02  -7.3463714e-02   5.1864266e-01   1.4573952e-01  -4.4942917e-01   2.4441373e-01   1.9086207e-01   1.3653087e-01  -2.2520432e-01   1.1578666e-01   1.6824273e-01   2.1807535e-01  -3.1909609e-02  -2.1465545e-01   2.3546252e-01  -8.6256010e-02  -1.0271865e-01   1.8341677e-01   2.3779908e-01  -1.1620578e-01  -4.9912156e-01  -7.2264830e-02   2.7767784e-01   2.8163111e-02  -8.4974117e-03  -2.6903475e-01   1.6861151e-01  -8.6157266e-02  -2.5636086e-01   1.5297102e-01  -1.7402084e-01   3.0265740e-02  -3.1651227e-02   2.0299570e-01  -2.8630687e-01   1.9502910e-01   2.9694430e-01   4.3234769e-01   1.4738478e-01   1.0625230e-01   4.6732619e-01  -2.0823035e-01  -4.0006079e-01  -5.9955840e-02  -3.2779680e-01  -1.1763751e-01   4.1556540e-01   3.4163646e-02   1.2446591e-01   1.7201273e-01  -2.4792217e-03   4.1995964e-01  -2.8830177e-01   2.4339989e-01   3.1228955e-01   3.4296021e-01  -1.9603651e-01   1.2394020e-01  -1.0645832e-01   4.5605625e-01   2.0010956e-01   4.3107608e-01   1.2936442e-01  -2.7300131e-01   3.3086999e-01   2.5233644e-01   1.1108063e-01  -3.2162574e-01  -3.2493021e-01   1.6246772e-01   4.3974163e-01   7.3170196e-02  -1.4745409e-01  -2.2008245e-01   1.4742571e-01
  -4.0205270e-01   7.1215958e-01   6.1936737e-01  -1.7908377e-02   1.7083489e-01   3.4029504e-01   3.0090611e-01  -3.4248136e-01  -4.7945884e-02   1.3187746e-01  -3.3858873e-01   0.0000000e+00   7.5087786e-02  -3.7884640e-01  -2.2305749e-01   7.8856114e-02   5.9994996e-01  -2.6476982e-01  -1.6719257e-01   4.1416580e-01  -4.2041436e-01  -1.4558533e-02  -1.7776969e-01  -3.9900336e-01   1.8836059e-01  -6.2633789e-02   3.9888442e-01  -3.3591394e-01   2.8918914e-01  -5.2894124e-02  -4.7321099e-01  -1.5191455e-01   1.0668268e-01   3.2331211e-01   6.9027187e-01   1.3044348e-02   1.0808477e-01  -2.4922378e-01  -1.7316730e-01   5.6786115e-01  -1.2435234e-02   2.6266661e-01   3.7669447e-01  -4.7927570e-01   2.8178565e-01   1.2767983e-01  -7.9145591e-02  -2.3564087e-01   3.1808771e-02   6.3309550e-01  -2.2203420e-01  -1.5358001e-01  -1.0688618e-01   3.3046410e-01  -2.8626870e-01  -2.1243641e-01  -3.3224394e-02  -1.4464448e-02  -1.4539878e-01   4.2721267e-01   1.3559942e-01   1.6612142e-01   3.1820210e-01   6.1748068e-03  -2.3407148e-01  -5.4992290e-02   3.2514111e-01   2.1793554e-01  -3.7040622e-02   2.0393179e-01  -7.7633292e-02  -1.9365914e-01  -9.4593898e-02  -1.5497511e-02   2.3449696e-01  -1.5806717e-01   4.8582023e-02  -5.4698577e-02   3.7825002e-01  -7.2229398e-02  -2.5335023e-01   3.2322901e-01  -2.0293723e-02  -1.5446532e-01   1.9290461e-01  -3.5941645e-01   1.5697865e-01  -2.9685546e-01   4.3915705e-01  -3.7514799e-01   1.6094482e-01   3.8927913e-01   6.7108715e-01   1.2798973e-01  -2.2669556e-01   2.9404001e-01   2.5566965e-01  -5.0551538e-03  -7.4466041e-02  -1.6751053e-01  -2.4271307e-01  -7.3664833e-02  -2.3068060e-01   2.6090009e-01  -3.9972147e-01  -1.9302845e-01   3.6092371e-01  -6.4799895e-02  -3.1498079e-01   7.2747899e-03   1.5754879e-01  -5.1197139e-02   8.4953872e-02  -3.6757601e-01  -1.6419894e-01   1.3476002e-01  -9.1781000e-02  -8.4844407e-02   2.0580564e-01  -1.8756131e-02  -3.5151610e-01   3.5638360e-01   4.2850482e-01  -2.5451061e-01  -1.6978051e-01   2.2594614e-02   3.7312135e-01   1.2750475e-02  -1.2742160e-01   3.0980849e-01   1.1494616e-01  -3.2569014e-01   1.9797172e-01  -2.6760520e-01  -1.1714623e-01  -9.6965465e-02   2.5957080e-01  -4.1982663e-01  -2.7218098e-01  -3.8621834e-01  -3.0132585e-01  -4.1639472e-02  -3.6611231e-02   6.0329172e-01   8.0122572e-02  -4.5692930e-01   2.4904461e-01   2.5008939e-03   2.4254843e-01  -2.2650426e-01  -2.8088975e-01  -2.5828643e-01  -9.3839183e-02  -5.0223687e-02   6.9782264e-01  -4.5870324e-01  -2.6550529e-01  -1.2077009e-01   3.1586342e-01  -3.8623072e-01   3.2612847e-01  -3.7173539e-01  -2.3051866e-02  -2.8744605e-01  -2.5711649e-01   3.7075499e-01   1.6703208e-01  -2.9787535e-01  -7.2745685e-02   1.5672601e-01   4.0927262e-01  -2.3323880e-01  -3.0456193e-01   3.9279009e-01   6.7165500e-02  -1.6449062e-01   1.0032276e-01
  -1.7938153e-01   1.4242906e-01  -7.3730366e-02  -7.8558577e-02   2.9614155e-01  -3.0455606e-01   4.9293583e-02  -1.5981841e-01   1.6033402e-01   2.9372611e-01  -9.6550775e-02   7.5087786e-02   0.0000000e+00  -1.8975682e-01  -1.3460982e-01   1.0784569e-02   9.7178508e-02   3.0505396e-02  -6.3613023e-02   2.1172933e-01  -7.8652050e-02  -1.1051635e-01  -3.3677129e-02  -1.7892925e-01  -1.8492334e-01  -8.7082280e-02   5.4380310e-02  -2.6621928e-01  -1.7279960e-02  -2.6886671e-01   3.1042105e-02  -2.4278814e-01  -1.5589129e-02   2.1060467e-01   9.0637667e-02   2.3068339e-01  -1.9152817e-02  -1.0883354e-01   2.8469573e-02   6.8436838e-02   4.5814806e-01  -3.4396084e-02   9.6722841e-02  -2.9179252e-01   2.0470393e-01  -3.9067928e-01  -2.1587865e-01   1.5777386e-01   6.7232901e-02   2.0639167e-02  -2.9977449e-02  -2.9734501e-02   3.1399044e-01   7.3213904e-02  -6.3391662e-02  -2.3981484e-01  -1.6948070e-01  -1.8575909e-02  -1.5916376e-01  -1.7488040e-01  -2.4290130e-01   9.2665644e-02   1.5004342e-01  -6.5920951e-02   3.5127808e-01  -8.4476978e-02  -2.1139518e-01   5.0884320e-02  -2.5992961e-01  -2.7954103e-01   1.3229313e-01  -2.0121247e-01   3.1444073e-01  -2.1958051e-01   1.5589458e-01  -6.7329544e-02  -3.4191835e-01  -1.2907589e-01   3.4750740e-01   3.6069307e-01  -1.7295994e-01   3.0550889e-01   2.3685097e-01  -3.4011798e-01  -8.1705308e-02  -1.0971380e-01   3.0567953e-01  -5.3385315e-02  -6.8912007e-02  -1.7804655e-01   1.3387048e-01  -2.4714734e-01   2.0761827e-01  -1.3028196e-01  -2.2563373e-01   3.3846422e-01   1.2008855e-01  -4.1352123e-01   1.1264831e-01   1.8022227e-01  -1.6027209e-01  -2.1452327e-01  -1.6387205e-01   1.4867131e-01  -1.5208730e-01  -1.8307932e-01   1.8006283e-01  -1.5968494e-01   1.5060752e-02   1.9223380e-01   3.1645124e-01  -2.0509847e-01  -2.8732652e-01  -1.7523056e-01  -2.4557290e-01   2.4575799e-01  -1.3888390e-01   5.8319896e-01  -3.6529933e-01  -1.8127944e-01  -1.9993372e-01   1.4652090e-01   7.4832955e-02   1.9737360e-01  -2.7584979e-01  -6.7901795e-02   5.1296679e-03   4.3440451e-01  -1.5211527e-01  -2.1867502e-01   2.0055400e-01   3.2039120e-01  -3.1371577e-01   2.9170698e-02  -1.2503808e-01  -6.4744949e-02   2.2098929e-01  -2.8050785e-01  -2.1876103e-01  -2.0787344e-01  -6.1516552e-02   1.2644610e-01  -1.4666590e-01  -9.1318317e-02   1.2220666e-01   2.9140165e-02   1.1887562e-01   1.9405280e-01   9.1366676e-03   1.7483772e-01  -2.7722589e-01  -2.3408144e-01  -1.7455094e-01   2.0538269e-01   2.2516979e-02  -8.6001589e-02  -2.8723553e-01  -3.6709874e-03  -1.0440608e-01  -7.4340965e-02   2.2039058e-01  -1.9027132e-01   3.9774753e-02  -3.0123317e-01  -1.8194538e-02   3.0774910e-01   4.0720049e-02  -2.5894941e-01  -1.5102627e-01   2.5334800e-01   3.1847802e-01  -2.1664545e-01   1.0115455e-01  -3.3590211e-01  -9.1066299e-02   2.2369401e-01  -2.6841152e-02
   4.7201887e-01  -3.8370192e-01  -3.8679987e-01   2.0848724e-01  -4.9443743e-01  -2.6587994e-01  -2.4724284e-01   2.4299612e-01  -1.9708341e-01  -3.6712653e-01  -7.3625325e-02  -3.7884640e-01  -1.8975682e-01   0.0000000e+00   4.9821643e-01   1.3153473e-01  -5.9138734e-01   8.8987558e-02   5.7576877e-02  -6.0419273e-01   2.8503405e-01   2.1051498e-01   9.9788186e-02   4.1295812e-01  -1.7432658e-01  -9.9331406e-02  -4.2251661e-01   5.8319575e-01  -5.1034748e-01   2.5525028e-01   5.6899983e-01   2.2848846e-01  -1.2356918e-01  -3.9266723e-01  -4.1578826e-01  -5.1117914e-01  -2.0322696e-02   1.3797881e-01   2.4279824e-01  -5.1093719e-01  -1.4157722e-01  -3.7882666e-02  -5.2111239e-01   6.2882217e-01  -1.7761319e-01  -1.4297985e-01  -1.6721851e-01   1.1942857e-01   8.4057715e-02  -5.4896461e-01   9.4708928e-02  -3.8171773e-02  -1.7830007e-01  -1.8131960e-01   5.2348991e-01   1.5267910e-01   1.9996337e-01   1.0639983e-01   4.1600487e-02   2.5543036e-02  -1.7127382e-01  -7.3013409e-02  -3.8070055e-01   5.4129847e-02  -1.6490793e-01  -2.5025114e-01  -6.0904883e-02  -4.2436751e-01  -4.7533663e-03  -1.6644791e-02   1.1520003e-01   7.8907442e-02  -1.5992259e-01   6.0937988e-01  -2.5481765e-01   2.9682294e-01  -6.3232425e-02   2.3329430e-01  -4.4704958e-01  -3.0262342e-01   6.7645691e-01  -2.2651519e-01   1.1870126e-01   7.2306037e-02   3.3232689e-01   5.5331237e-01  -2.4113565e-01   6.7569212e-01  -3.5051509e-01   4.8299561e-01  -5.0486571e-01  -1.7722853e-01  -4.8326101e-01  -1.2170912e-01   9.0094164e-02  -5.3300268e-01  -3.4298736e-01   4.3440456e-02  -3.6897495e-01   2.3257913e-01   6.1940330e-01   4.2697750e-01   7.2981158e-01  -3.0549456e-01   1.9351243e-01   2.1031063e-01  -3.4897750e-01  -9.7439713e-02  -5.1978671e-02  -3.2858311e-01  -2.4914073e-01   4.2653379e-01  -4.1557649e-02   2.9020907e-01   6.7956115e-01  -2.8694912e-01   8.6477897e-02  -1.4422177e-01   4.4174574e-01   1.2273435e-01   2.5766070e-01  -6.8206751e-01  -4.2208895e-01   1.7244772e-01   1.8599248e-02   3.2703307e-01  -1.4184436e-01  -1.4084369e-01   5.7254954e-02  -5.0122631e-02  -1.0591226e-01  -2.1473322e-02   2.7945475e-01   4.9143183e-01  -6.8243746e-02   1.6989385e-01  -1.7582379e-01   5.9673355e-01   4.0922863e-01   1.6265889e-01   4.4634172e-01  -4.9169926e-02  -1.4779326e-01  -1.3333494e-01   2.7739346e-01   6.2726937e-01   1.3296528e-02  -4.1553628e-01  -3.9251171e-01  -1.0705819e-01   4.7930875e-01   6.3842440e-01   3.0639017e-01  -2.7275908e-01  -5.2239241e-01   2.9010598e-01   1.2962738e-01  -7.9582720e-02  -3.3242527e-01   6.3299078e-01  -2.8639360e-01   2.0816387e-01  -1.2861074e-01   2.3078920e-01   6.4375608e-02  -3.4499915e-01  -3.2505927e-01   1.7810013e-01   1.5011421e-01  -3.1366654e-01  -2.4785922e-01   1.3830381e-01  -1.3640293e-01  -1.1518304e-01  -1.3831240e-01  -2.9567318e-01   3.0273916e-02
