   0.0000000e+00  -3.3145587e-01  -3.1244097e-01   2.9811607e-02  -3.4847504e-01   3.1193328e-02  -1.1541660e-01   1.0120240e-01  -1.8454093e-01  -1.8582282e-01   7.7816000e-02  -3.6363357e-01  -2.3205356e-01   5.6748169e-01   2.7302420e-01   2.5208287e-02  -1.5633794e-01   1.7131218e-02  -2.7883672e-03  -3.6114901e-01   1.3159532e-01   3.0069746e-01   1.2347141e-01   5.6776916e-01   9.2329835e-02  -2.3015681e-01  -2.9250251e-01   3.9526620e-01  -2.4274904e-01   1.1031442e-01  -1.4340666e-01   2.7958611e-01  -4.5913586e-03  -2.5847727e-01  -2.6904066e-01  -3.9800312e-01  -1.5878335e-01   1.5604420e-01   4.5758097e-02  -3.9686634e-01  -2.3396798e-01   1.6861019e-01  -5.6603137e-01   8.1341077e-02  -3.0688215e-01   2.5382650e-01  -1.0800609e-01  -2.5094049e-02   3.5537931e-02  -3.6009509e-01   2.7066503e-01  -1.6292170e-01  -2.3971883e-01  -1.6361198e-01   1.6326596e-01   6.4178299e-02  -6.7172268e-03   1.7282096e-01   3.3228015e-02   1.5784542e-01  -6.0680398e-02  -7.8050091e-02  -3.9282783e-01  -1.3153492e-01  -2.7875140e-01  -2.5602103e-01  -2.6166779e-02  -2.5884546e-01   2.3927339e-01   3.7748690e-01  -1.7102266e-01   1.4763912e-01  -1.7506721e-01   5.1797266e-01   7.1149498e-02   8.5180799e-02   1.4129360e-01   8.7071896e-02  -5.6682440e-01  -1.4986295e-01   4.1115378e-01  -1.6557722e-01  -1.8163249e-01   1.7277402e-01   9.7791177e-02   8.4971568e-02  -3.3944933e-01   4.0151599e-01  -1.8859339e-01   4.6179219e-01  -4.2032682e-01   7.4539629e-02  -2.1758633e-01  -1.3969542e-01   1.6555130e-01  -4.2326357e-01  -7.7143313e-02  -1.8019049e-01  -1.4543985e-01   1.9524797e-01   3.8026246e-01   2.0674605e-01   2.3156756e-01  -1.6062837e-01   2.8947460e-01   1.7399335e-01  -2.1149329e-01   1.0892770e-01   2.0606571e-02   3.8285702e-02  -2.4428262e-01   3.2806851e-01  -1.0482212e-02   5.3975788e-01   5.5530167e-01  -4.0751612e-01  -1.6636123e-01  -2.9116531e-01   1.1176181e-01   4.1650799e-02   2.2719567e-01  -4.6568996e-01  -1.7893627e-01  -1.8202149e-01   3.2822473e-01   5.5160582e-01  -1.6093949e-01  -8.9841003e-02   1.1894414e-02   1.6231768e-01   5.5476691e-02  -3.1126264e-01  -1.1897676e-01  -1.9986210e-03   4.8228572e-03  -4.5704511e-02  -1.4574715e-02   4.2379533e-01   5.4287851e-02  -2.9222400e-02   3.5314751e-01  -9.3348700e-02  -3.1580027e-03   4.5452025e-02   1.2245561e-01  -2.6786448e-02  -3.2873719e-01  -5.0325169e-02  -4.9882771e-02  -9.8207635e-02   5.3172957e-01  -3.7487132e-02   2.3977190e-01  -2.9428526e-01  -3.5916621e-01   1.9364588e-01   5.4481137e-02  -2.6921428e-02  -1.9102240e-01   2.2316644e-01  -4.0338075e-01  -1.4110035e-01  -9.2096209e-02   1.1554716e-01  -4.3331213e-03  -4.2580312e-01  -2.2635943e-01   3.2188721e-02   2.2945503e-01  -2.6981394e-01  -4.4251588e-01   2.7313853e-01   1.6036755e-02   1.8078250e-02   2.3014783e-01   1.8902455e-01   7.3718786e-02
  -3.3145587e-01   0.0000000e+00   4.1870796e-01  -4.1122911e-01   2.3615356e-01  -3.1608013e-01   2.2551292e-01  -4.9595500e-01   1.1392148e-01   4.3945808e-01   2.6321579e-01   2.7495105e-01  -2.9550158e-02  -4.8966298e-01   2.7102163e-02   1.9846351e-01   4.1579061e-01  -4.0583648e-01  -2.4891776e-01   2.8122850e-01  -9.1578317e-02  -4.3877252e-01  -2.8023402e-02  -1.8183548e-01  -6.4242897e-02  -2.8364829e-01   8.1291330e-02  -3.8331959e-01   3.9369086e-01  -5.7866418e-02   4.5695063e-01  -3.3669057e-01  -2.6609465e-01   3.7395595e-01   3.2253135e-01   2.9727039e-01  -4.8999875e-03  -1.3421098e-01  -1.8263350e-01   5.8280068e-01   1.5249700e-01  -7.4758909e-02   4.6934743e-01   1.1496971e-01   3.9489437e-01  -2.5952801e-01  -3.1031622e-01   3.5972773e-01   3.0877845e-02   6.4317781e-01  -3.3938770e-01  -4.1311928e-01   4.5040860e-01  -6.8088319e-02  -5.4952449e-03  -1.7970268e-01  -3.1330223e-01  -3.6975172e-01  -1.2702335e-01  -2.5224577e-01   1.5290593e-01  -3.9133327e-02   2.4494703e-01   4.9121225e-01   5.0608132e-01   3.5745513e-01  -3.6365370e-01   2.0259587e-01  -6.5236459e-01  -2.0573961e-01   6.8728091e-01  -3.6693153e-01   5.3255311e-01  -2.0843027e-01   2.3072101e-01  -5.0858280e-01  -9.0589547e-02  -3.4530105e-01   4.5431617e-01  -1.7188137e-01  -1.6785347e-01   3.4278714e-01   4.7921660e-01  -3.3864571e-01   2.5125010e-01  -4.1884603e-01   4.8094052e-01  -2.5703899e-01   1.9619439e-01  -1.3113371e-01   4.9413616e-01  -5.8124517e-02  -1.0388173e-01  -5.5878054e-02  -1.7304055e-01   5.2769027e-01  -4.7773514e-02  -1.5997572e-01   1.3098850e-01  -4.4280697e-01  -1.8993172e-01  -2.3241640e-01  -2.5495676e-01  -7.3462243e-02  -3.3796957e-01  -4.4086936e-01   3.1486702e-02  -4.9197516e-01   1.3327511e-01  -3.7615372e-01   4.2997305e-01  -4.3643448e-01  -2.3876808e-01  -2.6362267e-01  -2.7595995e-01   4.6134940e-01  -3.6483168e-01   1.4888854e-01  -8.4227564e-02  -4.9461584e-01  -2.3790934e-01   5.3739385e-01   2.3611960e-02   5.8312546e-01  -1.3172350e-01  -5.3451101e-01  -1.7421788e-01  -2.8107947e-01  -4.1980097e-01   1.8057107e-02   8.3384189e-02   4.2071851e-01   2.9257048e-01   3.0032683e-02  -1.9757796e-01  -3.2789949e-01  -2.5044325e-01  -2.1502951e-01  -3.8447099e-01  -1.7730582e-01   1.3976710e-02  -1.7811864e-01  -1.2496045e-01  -9.1792730e-02   2.7314408e-01   6.8091890e-02   5.9740129e-01   5.4808226e-02  -2.8449747e-01   1.6624587e-01  -1.6865724e-01  -2.5972851e-01  -1.4307677e-01   3.2318648e-01   6.7901391e-01  -1.9084015e-01  -2.1738938e-01  -9.9043430e-02   5.2104848e-02  -1.9958648e-01   1.0062043e-01  -8.4102253e-02   6.3786699e-01  -4.2569456e-01   9.9600741e-03   5.5281713e-01   3.9700966e-01  -2.4213307e-01  -6.4004029e-02   5.0285995e-01   3.3528358e-01  -2.6822508e-01  -5.1799850e-01  -4.1403307e-01  -1.9304259e-02   5.5951301e-02  -3.8119020e-01
  -3.1244097e-01   4.1870796e-01   0.0000000e+00  -3.1973708e-01   3.9283255e-01  -2.7954032e-02   1.6876885e-01  -2.6698267e-01  -5.0252749e-02   3.9593437e-01   1.8538524e-01   4.6537253e-01   9.8026650e-02  -3.6177014e-01   2.3252429e-01   1.3242203e-01   7.4050993e-01  -1.6308966e-01  -9.8387884e-02   4.1715689e-01  -1.0838290e-01  -3.9658059e-01  -8.0852947e-02  -2.4748455e-01   1.0094086e-02  -3.2581066e-02   1.6652619e-01  -2.0320291e-01   1.1494704e-01  -6.2987220e-02   3.7859196e-01  -4.2503239e-01  -1.1188873e-01   4.6461001e-01   3.3399731e-01   3.8970371e-01   1.1374117e-01  -2.2180456e-01  -1.0251905e-01   5.3316602e-01   2.4496285e-01  -1.7664984e-01   6.1026227e-01   3.1482926e-01   2.3394572e-01  -2.8012187e-01  -2.8023472e-01   1.9667781e-01  -1.0165280e-01   6.7987335e-01  -3.2243576e-01  -1.1452839e-01   4.3118951e-01   2.1953551e-01   7.4718241e-02   2.8713827e-01  -1.8477115e-01  -4.6683615e-01  -1.5326668e-01  -1.8970655e-01   2.4599006e-01  -1.6194777e-01   2.8943767e-01   6.3106026e-02  -1.8164307e-02   5.3841759e-01  -5.6854541e-02  -8.1166455e-02  -4.0602183e-01   4.7064805e-02   4.1008059e-01  -3.6482189e-01   3.1246558e-01  -5.9926057e-02   2.2695020e-01  -3.2528131e-01  -8.9884101e-02  -1.5828530e-01   5.2776223e-01   7.6458826e-02  -1.8107916e-01   2.2260856e-01   5.6987446e-01  -2.9681052e-01   4.9589408e-01  -4.4898517e-01   3.4845309e-01  -3.1236882e-01   5.9217753e-02  -3.4958630e-01   3.0596959e-01   3.0745863e-01   2.6038937e-01   3.7369479e-02  -2.4732397e-01   5.0050781e-01  -4.6309199e-02   2.6327885e-02  -3.0761636e-02  -4.6046213e-01  -1.6645210e-01  -2.1980669e-02  -7.0700261e-02  -2.5285925e-01  -6.5926108e-01  -1.8139866e-01   2.7773329e-01  -2.5337415e-01   1.3332379e-01  -9.4785480e-02   5.5462533e-01  -5.0573988e-01  -3.1300195e-01  -2.5037963e-01  -3.5493605e-01   1.4313339e-01  -7.7271771e-03   1.9177726e-01   1.7397232e-01  -3.1993694e-01  -3.2714957e-01   5.2909787e-01   3.2495293e-01   1.0528035e-01  -2.7590316e-01  -3.5113838e-01  -6.7539320e-02  -9.9378064e-02  -3.9009551e-01   2.2202879e-01   5.0636077e-02   3.0878397e-01   9.4599196e-02   7.4832907e-02  -2.0189903e-01  -3.5268740e-01   6.4560873e-03  -2.7296720e-01  -2.4124955e-01  -4.3326429e-02  -1.3148309e-01  -1.4509149e-01  -1.1162372e-01   4.1727246e-01   1.6748656e-01  -2.2231344e-01   5.2562588e-01  -1.1930953e-01  -2.5559961e-01  -2.9251138e-03  -1.5595477e-01  -2.7332379e-02  -9.9684148e-02   6.9356805e-02   7.7871473e-01  -1.5198573e-01  -3.1443328e-01  -1.3000017e-01   3.3921440e-01  -1.4423662e-01   5.3168680e-02  -1.8280198e-01   1.1614233e-01  -3.3786146e-01  -8.6611570e-02   6.7530284e-01   3.9605316e-01  -8.2042045e-02  -8.4184524e-05   6.5440292e-01   3.1202785e-01  -2.8257523e-01  -5.2958266e-01  -5.6154708e-02   1.6119315e-02  -9.2370846e-02  -3.7580703e-01
   2.9811607e-02  -4.1122911e-01  -3.1973708e-01   0.0000000e+00  -5.1889741e-02   2.4908227e-01  -2.0622822e-01   1.5556215e-01   3.7132273e-01  -3.7397889e-01  -4.1259762e-01  -1.0026140e-01   2.4233351e-01   2.0304982e-01  -1.8192670e-01  -6.1922853e-02  -3.1024764e-01   3.7350142e-01   7.8316457e-02   1.2045686e-01   1.4973458e-02   5.2140207e-01  -2.6936171e-01   5.4568827e-03   1.4889281e-01   3.5041483e-01  -2.5078841e-02  -1.9749380e-01  -3.6745390e-02   1.2622028e-01  -5.6563000e-01   4.0904758e-01   1.8552489e-01  -2.9715612e-01  -1.6149209e-01   1.3178668e-02   1.4167612e-01   1.5300818e-01  -1.2767460e-02  -2.7507511e-01   1.3220391e-01   1.1961283e-01  -2.7970740e-01  -5.4076392e-01  -1.6843719e-02   1.1475125e-01   5.0660541e-01  -4.9271428e-01  -4.1916168e-02  -3.9827967e-01   4.0573988e-01   1.6503411e-01  -2.2059927e-01  -4.8109991e-02  -7.2257253e-02  -3.0932008e-01   3.0917182e-01   4.5619200e-01   3.8092804e-01   5.2468665e-01   9.7698987e-02   3.5786677e-01   2.7489976e-02  -2.3444530e-01  -7.2327801e-02  -2.4930858e-01   3.7459370e-01  -1.5319555e-01   4.6385929e-01  -2.3499673e-01  -6.3728343e-01   5.9292940e-01  -2.9141913e-01  -2.5690116e-03  -3.3657812e-01   3.9430690e-01   1.8459852e-01   1.7522855e-01  -1.3051088e-01   3.3308165e-01  -5.8884160e-02  -1.9720698e-01  -5.2693449e-01   2.3928534e-01  -4.5534361e-01   3.9050003e-01  -2.1813616e-01  -1.9115511e-01   1.1965980e-01   5.6788771e-02  -2.1257852e-01  -1.5778013e-02   5.8384460e-02   3.4397341e-01   1.2098348e-01  -3.0913340e-01   2.2415132e-01   2.5339743e-02   2.9267075e-01   3.5052694e-01  -3.7113895e-01  -6.9943613e-02   1.4621798e-01   3.8656368e-01   3.5956573e-01   4.8516231e-01   8.9555488e-02   4.7370482e-01  -1.8470089e-01   3.7960178e-01  -5.1945217e-01   4.6420201e-01   5.7117386e-01  -3.6835059e-02  -2.5970028e-01  -8.8301937e-03   2.2324806e-01   1.0352172e-02  -2.4256059e-01   5.6161197e-01   3.0615259e-02  -2.2310689e-01   1.1424818e-01  -3.3771449e-01   1.4782624e-01   1.6891553e-01   1.5141021e-01   1.6214720e-01   5.5764968e-01  -3.3295581e-01   3.9030928e-02  -1.7463882e-01  -9.6068873e-02  -5.5332553e-02   4.7087388e-01   4.7860195e-01   3.3294809e-01  -2.1218662e-01   4.0642228e-01   2.1058363e-01  -8.1316110e-02   1.8292067e-01   9.5912239e-02  -3.0483781e-01  -3.2007933e-01   1.4253209e-01  -5.2133009e-01   1.9932267e-01   3.7504678e-01  -1.4342258e-01  -3.0583877e-01  -1.0920575e-02  -1.0625912e-01  -1.9380372e-01  -3.9045235e-01   3.4372226e-01   2.7555421e-01   3.2845603e-01   1.8155486e-02   5.6813729e-02   1.1166285e-01   1.4540463e-01  -2.3537046e-01   6.0157074e-01   3.6418176e-01  -2.9367691e-01  -2.4545355e-01   2.2646679e-01   2.5611935e-02  -5.5414503e-01  -3.7095988e-02   1.6198915e-01   6.5491951e-01   1.7517902e-01  -2.8094813e-01   1.7127766e-01   4.8342107e-01
  -3.4847504e-01   2.3615356e-01   3.9283255e-01  -5.1889741e-02   0.0000000e+00  -8.3914753e-02  -2.1782194e-01  -9.2122882e-02   5.1584720e-02  -7.5823175e-02   2.1257713e-01  -9.6956304e-02   4.5539565e-01  -3.4237438e-01  -2.7530583e-01   2.4521440e-01   4.7494228e-01   2.5772663e-01  -1.8158766e-02   7.6547256e-01   9.7159691e-02  -1.7017572e-01  -2.2017621e-01  -2.2525473e-01   9.0537954e-02   7.6438503e-02   3.4493352e-01  -1.7609711e-01   2.3180317e-01  -7.3473171e-02   2.1415161e-01  -1.4335881e-02   1.1509310e-01   1.7932656e-01  -6.0970740e-02   6.7390031e-01  -2.1186401e-02  -2.8224416e-01   1.9236285e-01   5.8840379e-01   4.4563670e-01  -2.4374577e-01   4.9839375e-01   4.5211520e-03   7.4927153e-02  -2.9647662e-01   4.2910387e-01  -7.1203721e-02   4.0117041e-01   5.8743252e-01   5.9034867e-02  -2.0669698e-01   4.4938786e-01   9.9165228e-02   1.7706452e-01  -1.4561507e-01  -1.1660829e-01  -2.0784618e-01   1.7626363e-01  -1.7271162e-01   9.4688985e-02   3.5845277e-01   1.3701159e-01   1.8188137e-01   3.8545772e-01   2.9725992e-01   5.8365803e-02   2.0845566e-01  -1.0049276e-01  -1.8532572e-01   3.1259275e-01  -1.0137685e-01   3.0463467e-01  -2.8621229e-01   1.2729492e-01  -1.6160712e-01  -2.3940884e-01  -1.2443428e-01   7.8533771e-01   2.3893090e-01  -2.3865865e-01   1.5894558e-01   2.0622642e-01  -4.5578241e-02  -1.2116340e-01  -1.5474129e-01   2.3418416e-01  -3.2139783e-01   1.2422018e-01  -2.3059734e-01   7.8072641e-01  -2.3305754e-01  -8.1833901e-02   1.3085061e-01  -3.3451295e-01   6.0813828e-01   8.8112012e-02   1.7828394e-01   4.6525051e-01  -2.1193701e-01  -3.0830711e-01  -2.3920401e-01  -1.5738856e-01   4.2626692e-02  -1.3313204e-01  -6.6630797e-02   1.4670933e-01  -5.3933362e-02   1.6440275e-01   9.7629843e-02   1.2142765e-01  -2.2305536e-01  -6.1287607e-02  -4.0690582e-01  -3.1385566e-01   4.4007113e-01   6.9788614e-02   4.3628811e-01  -1.5083294e-01  -1.0396227e-01  -4.1281650e-01   7.2666037e-01   6.4813484e-02   1.3991706e-01  -3.7129245e-01  -2.2884499e-01  -7.5453342e-02   1.2895922e-01  -1.6484501e-01  -9.3254808e-02   3.2967642e-01   7.3504235e-01  -1.7400875e-01  -1.2979020e-01   1.1344586e-02  -6.3358784e-02  -9.8327672e-02  -1.9806865e-01  -9.5180938e-02  -3.7685377e-01  -2.1120885e-01   7.9707369e-02   1.0221692e-01  -1.6426004e-01  -2.1970239e-01  -5.1480545e-03   1.1121821e-01   4.5136920e-01   2.3868092e-02  -1.0802286e-01  -3.6177659e-01  -1.0162828e-02  -3.0528748e-01   3.1488984e-01   4.0452455e-01  -2.1713630e-01  -3.1188741e-01   1.9886228e-01   2.6086719e-01  -6.5538083e-02   4.8485024e-02   2.7164328e-01   1.6631922e-01  -5.0469774e-02  -7.0852771e-03   3.2961213e-01   1.7664283e-01  -9.5164957e-02  -3.4585466e-01   3.7716716e-01   2.9556608e-01  -2.4548826e-01  -7.8803996e-02  -2.5949596e-01  -1.3499746e-01   1.8931514e-01  -9.4896999e-02
   3.1193328e-02  -3.1608013e-01  -2.7954032e-02   2.4908227e-01  -8.3914753e-02   0.0000000e+00  -4.1745941e-02   2.0261742e-01  -1.3559660e-01  -3.2495189e-01  -8.2791271e-03   2.3855280e-01   1.6402728e-01   3.3331062e-01   2.2461973e-01  -7.6785182e-02  -9.0811304e-02   3.6684236e-01   1.8663987e-01  -8.8010491e-02   1.1387735e-01   1.8064489e-01  -3.4164977e-02  -3.6339932e-02  -2.0652685e-01   2.1172526e-01   1.0969224e-01   8.4241943e-02  -7.4471201e-02   1.8177797e-01  -2.5558220e-01   5.4061584e-02   3.3178054e-01  -8.1072713e-02  -1.7771406e-01  -5.4254558e-02   8.9712367e-02  -3.0600921e-02   2.3483568e-01  -2.4985726e-01   5.3907830e-02   1.2254737e-01  -1.9461066e-01  -4.4059348e-02  -2.2892000e-01   7.6267805e-03   3.1729182e-01  -1.0912266e-01  -2.2202796e-01  -2.3248238e-01   1.5841869e-01   7.6281952e-02   8.4368735e-02  -1.5321737e-01   1.0029611e-01   1.8558979e-01   4.8750314e-01   1.8511365e-01   1.5718577e-01   5.5720237e-01   4.1361626e-02   9.6393533e-02  -8.0757052e-02  -6.3475265e-02  -2.0421201e-01   6.7746553e-02   6.4138730e-01  -1.7086406e-01   4.7534677e-01   7.3492924e-02  -4.4364809e-01   2.3049322e-01  -1.9528844e-01   3.4390344e-01  -8.8116708e-02   2.3056779e-01  -6.2906852e-02   3.1067048e-01  -1.4550537e-01   1.5541764e-01   1.5997028e-01  -1.7791026e-01  -1.6014637e-01   9.3256758e-02  -9.3330448e-02   2.2117623e-01  -2.5333740e-01  -1.5156066e-01  -1.3415076e-01  -8.9941577e-02  -3.1098229e-01   1.3416276e-01   3.7039562e-01   1.0019186e-01  -7.7018463e-02  -4.1842864e-01  -3.9744528e-02  -9.4691066e-03  -6.3641882e-02   2.4384630e-01  -2.3368363e-01   6.7983729e-02   1.2264935e-01   1.1101719e-01   1.5802518e-01   1.8804140e-01   9.3462988e-02   4.3354313e-01  -3.6287704e-01   4.5840916e-01  -9.6861390e-02   2.9772257e-01   1.1219555e-01  -1.9509094e-01  -1.3179662e-01  -2.8301236e-01   2.4740616e-01  -1.7128905e-01   4.6908743e-01   2.2361728e-01   2.8518612e-02  -2.6421370e-01   2.8499930e-01  -2.9976492e-01   5.3386428e-02   1.4550190e-01   1.4263248e-01   3.9402813e-02   2.0160601e-01   1.2716366e-01   9.1254501e-02  -1.7381834e-01   2.1177096e-01   9.1544137e-02   8.7207070e-02   2.8405881e-01   8.1737864e-03  -3.0336596e-03   2.5886364e-01   1.6570913e-01  -3.6718528e-01   2.8706483e-01   1.8720646e-01   3.3764006e-01  -1.9351802e-01  -3.1293450e-02  -4.2389020e-01   7.4404498e-02   4.3949745e-01  -8.2200098e-02   1.9666594e-02   2.2629291e-02   1.6833972e-01   8.9046749e-02  -1.3198282e-01   1.3164812e-01   7.4229579e-02   2.8602660e-01   3.4589274e-02  -1.2645620e-01   1.0614947e-01   1.1777520e-01  -2.6422061e-01   3.6537438e-01  -5.9478287e-02  -1.5324873e-01  -3.1827546e-02   3.3406268e-01   5.1435050e-02  -1.1342885e-01   3.6797209e-03   1.3198481e-02   1.9062836e-01   5.7825617e-01   9.5383485e-02  -5.5767147e-02   2.3121035e-01
  -1.1541660e-01   2.2551292e-01   1.6876885e-01  -2.0622822e-01  -2.1782194e-01  -4.1745941e-02   0.0000000e+00  -1.8686491e-01  -1.8771177e-01   4.3509831e-01   1.0486388e-01   4.3996479e-01  -5.4238954e-02  -1.3189892e-01   1.5908322e-01   5.3219668e-02   7.3355514e-02  -3.0976647e-01   1.4069149e-01  -2.3486658e-01  -2.7958691e-02  -2.3844007e-01   4.6040045e-01  -1.1437038e-01  -5.5148676e-02  -1.6708537e-01  -2.5256807e-01   1.0314288e-01  -7.7229987e-02   1.7295741e-01   2.6389830e-01  -2.7597856e-01  -2.3170281e-01   4.9000111e-01   2.9176121e-01  -1.8255573e-02   2.7062963e-01  -2.8036301e-01  -1.6274588e-01   8.9258951e-02   6.8978833e-02  -7.3692770e-02   1.1424839e-01   3.4204202e-01   1.3038666e-01  -2.7812270e-01  -3.8400040e-01   5.1918717e-01  -3.0190939e-01   9.4924737e-02  -2.7111866e-01  -3.3938073e-02   3.4379827e-02   1.3565082e-01  -8.9187892e-02   5.0212610e-01   4.7612278e-02  -2.9486529e-01  -2.4607825e-01  -2.0805932e-01  -2.3631665e-01  -3.1645942e-01  -9.3216373e-02  -9.5162670e-02  -3.3913731e-01   2.8441465e-01  -2.9200517e-01   3.4200948e-02  -3.1310885e-01  -8.4931076e-02   3.4701651e-01  -2.7387490e-01   2.0300251e-03  -1.3332684e-01   1.2876283e-01  -2.7131782e-01  -2.8118469e-01   2.1321168e-01  -1.3149179e-01  -2.0096226e-01   3.5924763e-01   1.5020106e-01   3.7029151e-01  -1.6635977e-01   3.2337842e-01  -3.1986973e-01  -1.0784053e-01   4.9551057e-02  -1.7326225e-01  -2.0530294e-01  -1.2345996e-01  -6.7809971e-02   5.3722457e-01  -2.0236214e-01  -2.0915364e-01   5.1551888e-03  -5.3730630e-02   9.2751882e-02  -8.7685935e-02   2.6154334e-01   1.4239503e-01   2.9628617e-01   2.3510741e-01  -3.2295248e-01  -1.9666463e-01  -2.5234580e-01   1.7112926e-01  -1.5216767e-01  -2.4122575e-02  -1.5822218e-01   5.9058480e-01  -2.0765837e-01  -2.0619807e-01  -6.9579121e-02   4.4509158e-02  -1.8224430e-01  -7.2555719e-02   6.5939592e-02   2.9309472e-01  -3.0784192e-01  -1.8937896e-01   8.6434767e-03  -1.6009084e-01  -9.6986919e-03  -2.3681348e-01  -9.9614619e-02  -2.2110134e-01  -1.3406023e-01  -2.8714671e-01   1.0733611e-02  -1.9335261e-01  -8.4549943e-02   1.6850365e-01   2.4722609e-01  -3.1582877e-01  -3.5888583e-01  -1.3789131e-01   1.6969405e-01  -2.0068076e-01  -5.6225712e-02   5.5105195e-02  -1.8795178e-02  -1.9067408e-01   4.1135613e-01   1.9400701e-01  -3.6193713e-01   4.9269907e-01  -2.7657190e-01   1.3808660e-02   4.0994661e-01  -2.7688881e-02   1.4792936e-01  -1.5311005e-02  -1.7624186e-01   2.1776196e-01  -2.6166857e-01  -1.6395319e-01  -1.2534151e-01  -7.5990825e-02   2.2819614e-01  -1.1970954e-01  -3.6725032e-01   1.6685110e-01  -3.8157026e-01  -1.3484695e-01   2.5194295e-01   4.1426776e-01  -6.7561764e-02  -3.4223391e-02   3.2445571e-01   2.3334070e-01  -2.9926501e-01  -2.9647579e-01   1.3841610e-01   1.2189737e-02  -9.9176211e-02  -3.6778421e-01
   1.0120240e-01  -4.9595500e-01  -2.6698267e-01   1.5556215e-01  -9.2122882e-02   2.0261742e-01  -1.8686491e-01   0.0000000e+00  -8.9490904e-02  -3.7361977e-01  -2.8111478e-01  -1.1372578e-01  -1.2233117e-01   2.1170656e-01  -1.7345649e-02  -1.4700233e-01  -1.8383238e-01   3.1570369e-01   2.2468178e-01  -1.9166448e-01  -8.3733652e-02   2.5994756e-01  -2.0673910e-01  -4.5679617e-03   1.3539129e-02   3.0307102e-01  -1.6943420e-02   2.5424026e-01  -2.5519419e-01  -4.5050730e-02  -2.8401288e-01   2.3512072e-01   2.5263074e-01  -3.3227766e-01  -3.7423399e-01  -1.6054791e-01  -3.4873266e-02   8.7811441e-02   1.9223651e-01  -2.9944119e-01  -1.8009651e-01  -7.1913354e-02  -2.1035914e-01   7.6447204e-02  -2.7955797e-01   1.1477011e-01   1.5993477e-01  -2.9034057e-01   7.3703302e-03  -3.7543361e-01   1.2360891e-01   6.1419586e-01  -1.7720087e-01  -4.8642159e-02  -1.7183567e-01  -7.7868273e-04   3.7035999e-01   3.0232254e-01   7.0763455e-02   7.1285752e-02  -2.6538435e-01  -3.4438840e-02  -2.1291620e-02  -2.0021827e-01   5.3038026e-03  -2.0828864e-01   3.6651794e-01  -1.2632070e-01   4.2791554e-01  -3.6581614e-02  -3.7311500e-01   1.2146621e-01  -2.7249453e-01   2.9780274e-01  -3.2588336e-01   4.9701340e-01   7.3594359e-02   4.0630641e-01  -1.7812621e-01   7.7421709e-02   1.4468579e-01  -4.6985557e-01  -2.7836804e-01   5.4702317e-01  -1.2197605e-01   3.9158700e-01  -1.5385277e-01   1.3048927e-01  -7.5307213e-02  -2.7047319e-02  -2.4159904e-01  -5.6816369e-02  -7.1952609e-02   5.4031218e-02   1.0616749e-01  -3.4990145e-01  -1.5064443e-01   2.2174652e-01  -1.4097465e-01   2.4334804e-01   7.9225007e-02  -5.0545206e-02   3.2278928e-01   9.6299195e-02   1.6160737e-01   2.6294045e-01   2.2666185e-02   4.3949620e-01  -2.1714917e-01   2.8554101e-01  -2.8793569e-01   2.0732478e-01   2.0519549e-02   9.8777811e-02   2.0179721e-01  -2.1934263e-01   1.4741494e-01  -2.0686902e-01   1.1780162e-01   3.5355088e-01   8.1483352e-02  -2.9558867e-01   2.6111628e-02  -3.4637983e-01   4.9583308e-02   3.0679926e-01   9.5081946e-02   4.6174894e-02   3.7931314e-01  -1.0274421e-01  -7.9093846e-02  -1.5048188e-01   6.6956608e-02  -1.4922665e-01   1.6444428e-01   4.4686493e-01   4.3585532e-02   2.2818089e-01   3.5286755e-01  -2.9024246e-02  -5.6415521e-02   5.4569235e-02   1.6848451e-01   2.6385502e-02  -2.5015905e-01   5.2934949e-02  -4.7604060e-01   2.7347827e-02   1.5346749e-01  -7.7606028e-02   4.0286474e-02   3.0380027e-01   7.9363693e-03   1.6618174e-02  -3.1213861e-01  -1.0694503e-01   9.7700958e-02   1.0541202e-01   1.2208500e-02   8.4164952e-02  -1.3994446e-01   1.1229828e-01  -2.7329680e-01   1.7297605e-01   2.7987078e-02  -3.2659421e-01  -2.6633557e-01   2.3101690e-01   2.0863972e-02  -2.1810998e-01  -7.9941101e-02   1.0707798e-01   3.1116964e-01   4.6556249e-01   4.7628768e-02  -1.9898799e-02   1.7620034e-01
  -1.8454093e-01   1.1392148e-01  -5.0252749e-02   3.7132273e-01   5.1584720e-02  -1.3559660e-01  -1.8771177e-01  -8.9490904e-02   0.0000000e+00  -5.0872567e-02  -1.0495019e-01  -1.9518956e-01  -2.7433946e-02  -5.0448414e-02  -1.5427663e-01   4.9709398e-02  -7.3446989e-02  -8.3004641e-02  -1.7137263e-01   2.9119413e-01  -3.6854648e-02   2.4574907e-01  -1.4947218e-01  -8.9070329e-03   1.6285567e-01   7.3195477e-02   1.8627019e-01  -2.9023467e-01   1.5802832e-01   1.4331990e-01  -2.2355989e-01   3.0025051e-02  -5.9144489e-02  -1.4595919e-01   2.0110695e-01   1.6330213e-01   5.1033477e-02   1.1488464e-01  -9.7646806e-02   9.6715734e-02   3.2330912e-02  -2.0711517e-02   1.7876793e-01  -4.3795386e-01   6.1353037e-02   7.7021211e-02   2.9126670e-01  -4.1911767e-01   9.0689767e-02   3.7707428e-02   1.0452906e-01   7.8308416e-02  -1.8183274e-01  -7.7961556e-02   6.5920718e-02  -4.3933830e-01  -4.4972884e-02   3.5246690e-01   2.2697038e-01   2.6917657e-01   1.6266838e-01   3.2692040e-01   4.2697015e-01   6.8920336e-02   2.8698812e-01   5.8561875e-03   1.1307986e-01   2.1019677e-02   6.3477251e-02  -6.6611172e-02  -1.7151294e-01   2.2550529e-01  -3.5549935e-02  -7.0615042e-02  -2.1010993e-01   1.0583432e-01   1.0413620e-01  -2.0249837e-01   9.1062405e-02   2.7249522e-01  -2.5851564e-01  -6.6510077e-02  -2.9561120e-01   7.5591584e-02  -2.8552074e-01   2.2785769e-01   3.4527924e-01  -1.1705999e-01   3.3687212e-01   5.8271818e-02   8.7958129e-02   2.1153301e-02  -2.2473378e-01   4.8650430e-01   1.4466512e-01   1.5169890e-01   3.2952362e-02   6.1325329e-02   3.1742547e-01  -8.0628605e-03  -1.7195587e-01  -2.1148082e-01  -1.1167307e-01   5.8054165e-01   1.4480556e-01   2.9209197e-01   1.1651423e-01   8.2278123e-02   1.4673668e-01  -1.9589013e-02  -2.8958791e-01   1.6584143e-01   3.8831714e-01  -3.5634334e-02  -2.5141669e-01   2.7908599e-01  -1.7850286e-01   2.5573895e-02  -4.4380861e-01   3.5754737e-01   6.0176166e-03   4.4178049e-02   2.4440798e-01  -3.4059982e-02   6.0889615e-02  -1.6165175e-01   2.4690881e-02   7.5008118e-02   3.8244494e-01  -2.3036684e-01  -8.9951157e-02   4.6734124e-02  -6.7023358e-02  -4.0625875e-01   3.9191887e-01   3.4417456e-01   6.8674595e-02  -2.7570324e-01   2.0434114e-01   1.2156728e-01   8.9364377e-03  -9.3183857e-02   6.2700451e-02  -3.6700632e-01  -5.4638946e-02   3.3473613e-01  -9.7109579e-02   3.1885899e-01   1.7260094e-02  -1.3544113e-01  -1.5081291e-01  -2.3814800e-01  -1.2523248e-01   1.1419162e-01  -2.5357635e-02   3.1234557e-01   1.5405683e-01   1.9552572e-01  -1.0880605e-02  -1.2556419e-01   3.3424208e-02   1.9906057e-01   8.9787140e-04   1.7004314e-01   3.8916497e-01  -7.6421098e-02  -2.4419646e-01  -1.2837283e-01   1.7475613e-01  -2.7995665e-01  -1.1559937e-01   7.8539465e-02   2.1463862e-01  -1.8289069e-01  -2.1531454e-01   7.3954515e-02   3.8381224e-01
  -1.8582282e-01   4.3945808e-01   3.9593437e-01  -3.7397889e-01  -7.5823175e-02  -3.2495189e-01   4.3509831e-01  -3.7361977e-01  -5.0872567e-02   0.0000000e+00   2.3603489e-01   2.2436997e-01  -7.1438143e-02  -3.7414189e-01   1.4633128e-01   4.5420831e-02   1.8358831e-01  -2.8695149e-01  -3.1428982e-02   9.6518182e-02   2.5339734e-02  -4.2166874e-01   3.2660221e-01  -3.2446998e-02  -9.0270263e-02   4.4795918e-02  -2.3877347e-01   1.5511135e-04   1.4576844e-02  -1.3990704e-01   4.2969618e-01  -4.4906434e-01  -4.1718260e-01   5.3315970e-01   3.9711595e-01   1.4574300e-01   1.4460392e-01  -1.0588456e-01  -3.2590974e-01   2.3185964e-01  -1.2287909e-02  -6.9002209e-02   3.5193979e-01   2.9655596e-01   4.7918063e-01  -2.0486241e-01  -4.9866749e-01   3.8475492e-01  -1.5625029e-01   2.5479719e-01  -3.3787364e-01  -1.7573918e-01   3.2874995e-02   1.3670578e-01  -1.1393185e-01   3.0991739e-01  -3.2737450e-01  -4.6945171e-01  -2.8574217e-01  -3.3075536e-01  -8.0029403e-02  -1.9401375e-01   2.0864504e-01   1.0714038e-01  -1.4520635e-01   4.9504978e-01  -4.5027903e-01  -1.4124629e-01  -6.9153836e-01  -5.9571385e-02   5.0684084e-01  -5.0242015e-01   1.5861264e-01  -1.8793802e-01   2.3419302e-01  -3.8655921e-01  -1.4417166e-01  -2.4694737e-01   6.8749339e-02  -3.1986664e-01   1.3112918e-02   3.8304525e-01   4.5168277e-01  -2.5966004e-01   4.2813136e-01  -4.6275503e-01   9.9324388e-02   8.1713766e-03  -2.9067957e-02  -9.8860248e-02   7.8057170e-02  -4.4245999e-02   2.7275719e-01  -1.3018099e-01  -8.0993862e-02   3.3066677e-01  -6.1899495e-02   1.3957844e-01  -2.0639881e-01  -9.7912805e-02   2.0699285e-01   7.5285008e-02  -6.8812246e-02  -3.9506861e-01  -4.0439794e-01  -3.6099105e-01   6.3319094e-02  -5.9898597e-01   2.1016807e-01  -4.4757494e-01   5.6143673e-01  -5.4448891e-01  -3.3479722e-01  -3.7146424e-02   4.9438956e-02   5.1022746e-02  -1.0315096e-01   1.6077625e-01   8.9046014e-02  -4.2188425e-01  -1.4583389e-01   2.5518798e-01  -6.3864127e-02   2.7745536e-01  -2.0343031e-01  -2.4518456e-01   3.7799916e-02  -2.6930121e-01  -4.9938987e-01   9.0820565e-02  -9.5612706e-02   1.6293537e-01   2.5068037e-02   8.0269075e-02  -3.6957068e-01  -5.2614675e-01  -8.1684366e-02   7.9198576e-03  -3.7981977e-01   4.8153218e-02   2.5573857e-01  -9.0608910e-02  -2.9131697e-01   3.2018359e-01   3.3373866e-01  -2.9093842e-01   6.0070618e-01  -2.1149943e-01  -2.4291414e-01   3.1319298e-01  -4.3939403e-02  -7.7452028e-02  -5.5403425e-02   5.8377265e-02   5.0873823e-01  -1.7530600e-01  -1.2277478e-01  -2.6066592e-01  -6.8480899e-03   1.2289435e-01  -9.8583895e-02  -4.0736830e-01   3.7625223e-01  -4.5559131e-01  -1.5281350e-01   4.6801206e-01   3.0612551e-01  -2.2802454e-01  -3.9157105e-02   4.1886297e-01   2.1415624e-01  -2.5432672e-01  -5.1896489e-01  -2.1107696e-01   2.7892876e-02  -1.0038087e-01  -4.2718345e-01
   7.7816000e-02   2.6321579e-01   1.8538524e-01  -4.1259762e-01   2.1257713e-01  -8.2791271e-03   1.0486388e-01  -2.8111478e-01  -1.0495019e-01   2.3603489e-01   0.0000000e+00  -3.6637737e-02  -6.8205608e-02  -3.2301468e-02   3.2899456e-01   4.4827307e-01   1.4265753e-01  -5.4837161e-03  -1.1921067e-02   1.1306167e-01   3.5525714e-01  -2.5751901e-01   3.9927885e-01   1.5507743e-01  -1.5744721e-01  -2.3727226e-01  -8.0079597e-02   1.0070404e-01   2.3048640e-01   1.9419697e-01   4.5935051e-01  -1.2808251e-01  -8.1303582e-02   3.2124269e-01   1.9410147e-01   1.5486258e-01  -1.5067593e-01  -1.2018992e-01   1.7760231e-02   1.7578695e-01   1.5733240e-01   2.8167125e-02   2.7697122e-02   3.5040646e-01   1.3340496e-01  -1.6356069e-01  -1.2684591e-01   3.8271831e-01   6.9068763e-02   2.3243678e-01   9.6355675e-02  -3.7912263e-01   2.7076479e-01  -2.5085693e-01   2.1873865e-01   2.0881133e-01  -2.7513951e-01  -4.1627496e-01  -9.5880869e-02  -4.5464363e-02  -7.3888311e-02   1.1970823e-01  -1.6681852e-01   2.7792556e-01   3.1388616e-02   4.1680177e-01  -2.1144682e-01   8.8182642e-02  -3.0154422e-01   1.2427652e-01   3.5738137e-01  -2.8417101e-01   3.5052677e-01   1.8315616e-02   3.7061650e-01  -3.5995554e-01  -2.1250412e-01  -3.2505604e-01   2.8883177e-02  -3.1067581e-01   1.4508329e-01   2.5772263e-01   3.7062370e-01  -2.8640412e-01   2.6296867e-01  -3.1986617e-01   3.8742560e-02   1.5522976e-01   4.2702397e-04   1.4300036e-01   1.5629556e-01  -2.2055568e-01  -9.7504936e-02  -5.0702582e-02  -1.6649834e-01   1.6491119e-01  -5.3115034e-02   7.1023100e-02   1.7212932e-01  -1.6854374e-01   2.2293911e-01   2.3207562e-01  -1.8803612e-01  -2.0690524e-01  -1.0068132e-01  -2.4610746e-01  -2.7777901e-01  -2.5285535e-01   2.7562619e-01  -1.9070692e-01   3.1059495e-01  -1.5062219e-01  -3.2828759e-01   1.1435659e-02   1.4295686e-01   6.9794429e-03  -1.9043095e-01   1.3633632e-01   9.3513855e-02  -3.9413767e-01  -1.2152441e-01   1.2998601e-01  -4.7178609e-02   4.0765676e-01  -4.8276539e-02  -1.1241167e-01   7.6625083e-02  -1.6099304e-01  -4.8736989e-01   2.0091051e-01   1.7525100e-01   3.3509206e-01  -7.7025343e-02   5.2990511e-02  -4.2518475e-01  -3.6256851e-01  -4.2957707e-01   8.1226223e-02  -4.3935713e-01  -1.0294492e-02   6.5729959e-02  -3.7693021e-02   1.5091792e-01   1.5279506e-01   5.9404535e-01  -9.2912650e-03   2.0626601e-01   1.8970103e-01  -7.0387823e-02   2.4283802e-01   2.2147739e-01  -8.5831184e-02  -1.0997922e-01   3.2487680e-01   3.2268133e-01   3.9383949e-02  -3.2422997e-01   6.1856683e-02  -7.7799754e-03   9.4036297e-02  -1.9748684e-01   1.1841924e-01   3.0371069e-01  -2.6428315e-01  -9.8909674e-03   8.9037418e-02   4.4729145e-01  -2.8750019e-01   1.6416396e-02   3.6172521e-01  -4.9924717e-02  -1.4964726e-01  -3.2661576e-01  -1.4774220e-01   2.0705838e-01  -3.8576008e-02  -1.7092453e-01
  -3.6363357e-01   2.7495105e-01   4.6537253e-01  -1.0026140e-01  -9.6956304e-02   2.3855280e-01   4.3996479e-01  -1.1372578e-01  -1.9518956e-01   2.2436997e-01  -3.6637737e-02   0.0000000e+00  -1.6733975e-02  -2.6379545e-01   2.7130061e-01  -6.9355481e-02   1.8222614e-01  -8.5325846e-02  -1.0212327e-01   2.8381876e-02  -1.7379003e-01  -2.9004521e-01  -9.8638032e-02  -3.7585075e-01  -1.1861728e-01  -4.0780934e-02  -7.3211999e-03  -3.2370579e-01   3.1024458e-02   6.9237921e-02   5.6746857e-03  -3.0641244e-01  -1.8662082e-01   4.2069777e-01   2.8355375e-01   9.1467734e-02   1.9929613e-01  -1.4109341e-01  -5.3028971e-02   1.1013685e-01   6.1403433e-02   2.0283118e-02   2.8103868e-01   2.0055737e-01   3.0686415e-01  -2.1184362e-01  -2.5235194e-01   2.7663040e-01  -4.9310721e-01   1.4073350e-01  -2.4680525e-01  -4.0032757e-02   3.9582729e-01  -6.3772276e-03  -1.8019516e-01   3.0667615e-01   3.1507350e-02  -2.8855877e-01  -1.5429244e-01   6.8731390e-02   9.8280452e-03  -2.2506418e-01   1.0610079e-01   9.3642646e-02  -4.3172553e-02   2.7104608e-01   3.4395914e-02  -1.1059516e-02  -2.2339881e-01  -1.3064642e-01   1.0123315e-01  -1.6979169e-01   2.3432802e-01  -6.7344734e-02  -2.9988658e-02  -2.0228597e-01  -9.2953874e-02   6.6766359e-02   1.5282830e-01  -1.2651349e-01  -1.0807795e-01   5.5395584e-02   3.7868112e-01  -2.7117284e-01   3.3857110e-01  -2.3109064e-01   1.1855717e-01  -3.1234991e-01   7.6967829e-02  -4.3498385e-01  -7.9147106e-02   2.4712678e-01   5.5446449e-01  -8.5020346e-02  -1.4094482e-01   3.8886672e-03  -8.9200695e-02  -1.6311847e-01  -2.6117147e-01  -8.9461005e-02  -2.6025580e-01   2.4453105e-01  -6.5457706e-02  -6.9743538e-02  -3.3768199e-01  -2.6417682e-01   1.3881784e-01  -8.4800526e-02  -3.3797296e-01   7.6062247e-02   4.4896180e-01  -2.2410527e-01  -9.6352096e-02  -2.8468809e-01  -4.0319938e-01  -1.5330672e-01   4.4133390e-02  -2.3799061e-02   3.0307595e-01  -2.2359339e-01  -1.9676337e-01   2.1109597e-01   2.9241832e-01   4.0757766e-02  -1.5895289e-01  -3.7185743e-01  -1.3855451e-01  -1.5477459e-01  -1.7941023e-01   5.7643562e-02  -4.1933245e-03  -3.8080230e-02   4.4863240e-01   2.8565370e-01  -2.3248839e-01  -1.5655727e-01   1.6601681e-02  -2.4696247e-01  -2.2090272e-01   1.2420434e-01  -2.6342896e-01   7.9725266e-02  -6.0909277e-02   4.5832345e-01   1.8129533e-01  -1.4727185e-01   3.1207536e-01  -2.2889486e-01   2.0032432e-01   1.4140539e-01  -2.7714184e-01  -1.5562043e-01  -1.1770632e-01   5.6234014e-02   3.7569221e-01  -2.1029877e-01  -2.1705401e-01  -1.4732541e-01   1.7867774e-01  -2.9963981e-01   3.4208017e-01  -2.2500585e-01   1.0850455e-01  -1.6612330e-01  -2.2378900e-01   4.6811703e-01   4.2881788e-01   8.5154516e-02  -1.4952725e-01   3.2583657e-01   4.0146375e-01  -2.6936013e-01  -1.4905842e-01   2.6368355e-01  -1.0188111e-01  -3.0782154e-01  -3.4534705e-01
  -2.3205356e-01  -2.9550158e-02   9.8026650e-02   2.4233351e-01   4.5539565e-01   1.6402728e-01  -5.4238954e-02  -1.2233117e-01  -2.7433946e-02  -7.1438143e-02  -6.8205608e-02  -1.6733975e-02   0.0000000e+00  -1.1949244e-01  -3.8130690e-01   2.1791753e-02   9.3114995e-02   1.6833500e-01   1.5266478e-01   4.2041509e-01   1.1148944e-01   1.0333757e-01  -1.2249263e-01  -2.2997033e-01   2.8527747e-01   1.3174496e-01   1.9013529e-01  -2.0073012e-01   4.7237121e-02  -4.0145591e-02  -5.9325002e-02   5.0265720e-02   1.6477223e-01   1.1409831e-01   3.3758142e-02   4.1753131e-01   3.3279133e-01  -2.0641022e-01   7.7877715e-02   2.0965142e-01   6.4816318e-01  -5.8832491e-02   2.7600089e-01  -1.6500609e-01   2.2148714e-02  -2.4048426e-01   3.4754614e-01  -5.7416441e-02   2.8920353e-01   1.7150988e-01   8.0508652e-02  -1.4826282e-01   1.0899536e-01   1.7813595e-01   2.4796975e-01  -1.6352740e-01   1.2674998e-01  -2.5490624e-02   3.4019432e-01   8.7760773e-02  -6.6782213e-02   3.4480111e-01   7.4528394e-02  -1.8217881e-01   5.5737850e-03   1.8093704e-02   1.2354462e-01  -3.4378679e-02   1.4246503e-01  -3.8014736e-01  -4.6134367e-02   1.1473911e-02   9.5474516e-02  -2.8904853e-01   4.9803910e-02   2.7372911e-02  -1.4375794e-01   7.3215926e-02   4.1615435e-01   3.7146485e-01  -1.2904410e-01   2.5412640e-01  -1.9946081e-02   7.3668075e-03  -2.6359355e-01  -4.4912658e-02  -2.9119843e-02  -2.1281616e-01  -7.0254170e-02  -1.9346603e-01   3.4730031e-01  -3.0225483e-01   1.5242034e-01   1.0233836e-01  -1.8609318e-01   2.8640442e-01   2.2804958e-01   2.0087026e-01   1.2376308e-01   1.1440344e-01  -4.1779269e-01  -6.2625643e-02   5.4714331e-02  -4.0100547e-03   3.6489532e-02   8.1712442e-02   1.2003930e-01   1.5313944e-01   2.7296902e-02   2.7918709e-01  -2.6667629e-02   6.4844890e-02   4.5206934e-02  -4.0292697e-01  -3.2821262e-01   2.4713437e-01   2.6908014e-01   5.8160348e-01  -1.0923453e-01  -3.1462692e-02  -2.9556429e-01   3.4561914e-01   1.3571142e-01  -3.9595154e-02  -2.3383107e-01  -8.4746582e-02  -1.2898659e-02   1.9405190e-01   5.2881408e-03  -2.7536904e-01   4.1771112e-01   2.2461477e-01  -1.5242644e-01   4.7715562e-02   1.3944144e-01   1.8765644e-02   7.7568515e-02  -2.3649269e-01   7.9238228e-02  -8.4315221e-02  -2.6974379e-01   3.3577135e-01   1.0265827e-01  -8.9885415e-02  -2.8385579e-01  -1.2106923e-01  -3.0943033e-02   1.3946009e-01   1.7028948e-01   1.6089983e-02  -3.6595985e-01  -1.4077667e-02  -1.7263006e-01  -2.5168860e-02   1.0194946e-01  -1.2505780e-01  -8.2636911e-02   2.9691918e-01   1.3169068e-01  -1.1138430e-01   2.2781869e-01   3.1557051e-02  -3.6900933e-02   1.6148399e-01   1.1866640e-02   6.0564750e-02   1.4177832e-01   3.9675499e-02  -3.5016378e-01   4.7652093e-02   1.7198987e-01  -1.1906671e-01   6.3915092e-02  -1.4476203e-01  -2.2607432e-01   1.0773710e-01   8.4261379e-02
   5.6748169e-01  -4.8966298e-01  -3.6177014e-01   2.0304982e-01  -3.4237438e-01   3.3331062e-01  -1.3189892e-01   2.1170656e-01  -5.0448414e-02  -3.7414189e-01  -3.2301468e-02  -2.6379545e-01  -1.1949244e-01   0.0000000e+00   3.0891067e-01  -4.9127173e-02  -3.2368131e-01   1.0524644e-01  -2.0993367e-03  -4.5469561e-01   2.3788003e-01   5.0595817e-01   7.2440296e-02   1.9817339e-01   1.3580954e-01  -7.4772017e-02  -3.7756028e-02   3.2708998e-01  -2.6881940e-01   4.4280189e-01  -9.9461028e-02   3.4641060e-01   2.6560607e-01  -4.7050611e-01  -1.4607447e-01  -5.2629965e-01  -5.4459111e-02  -3.5891741e-02   1.6680635e-01  -4.7246883e-01  -1.4152019e-01   1.8028948e-01  -5.8151648e-01   5.4367534e-02  -4.2156407e-01   1.1336030e-02   1.2888411e-01   3.6785512e-02  -9.8825665e-04  -3.6383424e-01   2.0179712e-01   4.5809459e-02  -2.4308616e-01  -9.1832653e-02   2.2924004e-01   3.7398833e-02   2.9931114e-01   4.0769329e-01  -2.4880976e-02   4.4856498e-01  -1.3228821e-01   4.2794867e-02  -2.4397362e-01  -1.1662792e-01  -3.6196199e-01  -2.3076183e-01   2.6441651e-01  -1.5787231e-01   4.7008970e-01   3.5403750e-01  -4.1095495e-01   4.0347350e-01  -2.4326177e-01   4.1010151e-01   1.0906932e-02   2.9379744e-01  -1.6989299e-01   2.4545540e-01  -6.2437041e-01   3.5561809e-02   3.8930622e-01  -2.2129622e-01  -2.3192520e-01   1.1236126e-01   1.3343015e-01   3.0418211e-01  -2.1490404e-01   2.3905008e-01  -1.6220777e-01   1.1680977e-01  -5.5969330e-01  -5.9296643e-04  -4.4061040e-02   1.3480863e-01  -5.2126683e-02  -4.6622413e-01   1.1956318e-02  -1.2727076e-01  -1.0983532e-01   1.7590871e-01   1.8981015e-01   1.5954398e-01   3.6660487e-01   2.5841158e-01   4.3419358e-01   4.4900810e-01  -7.6403814e-02   2.4149689e-01   4.1910904e-02   2.9150867e-01  -3.1477472e-01   5.6135752e-01   1.3472647e-01   1.4996382e-01   3.0456227e-01  -4.4611684e-01   3.8254507e-02  -3.5982338e-01   2.1770355e-01   3.1966716e-01  -8.6970772e-03  -6.3851511e-01   3.6775070e-02  -3.1236260e-01   9.0200926e-02   5.2002686e-01   6.8172608e-03   1.5065717e-01   2.6268265e-01   2.0470514e-01   3.3525231e-02  -4.9369803e-01  -2.7601140e-02   1.5336527e-01   1.7039219e-01   2.5852811e-01   1.0096596e-01   3.9409194e-01   1.9410466e-01  -1.6121976e-01  -4.5083898e-02   1.4872316e-02  -5.0602084e-02   1.0714344e-01  -4.9267027e-02   2.5420581e-01  -4.4238514e-01  -3.3870967e-02   2.1007836e-02  -3.7108086e-02   2.9931308e-01   2.0842338e-01  -4.1824300e-02  -2.1488114e-01  -4.6449851e-01   9.8139247e-02  -2.2556226e-02  -8.9987431e-02  -1.0219899e-01   2.9827023e-01  -1.8741357e-01   3.9436066e-02  -2.9912421e-01   3.6884105e-01   1.5864304e-01  -4.8797220e-01  -3.6743485e-01   2.9512336e-01   1.8559776e-01  -3.5675139e-01  -5.7835372e-01  -4.0678339e-02   2.5270529e-01   4.2752187e-01   2.8603585e-01   2.3140359e-01   3.9229601e-01
