   0.0000000e+00   1.7282423e-01   2.8303979e-01  -3.3882525e-01  -1.6402670e-01  -1.8474085e-01  -2.7206780e-01   9.4392356e-02   1.5249045e-01   2.0808734e-01  -3.2632309e-01   8.8763979e-02  -4.5451749e-01   3.0183406e-01   9.5994696e-02  -4.9097622e-01   8.2977629e-02   4.4238278e-03   3.2254360e-02  -1.9359007e-01  -4.0976184e-03  -3.3683982e-01   1.0923652e-01   5.8877893e-01  -7.6658500e-02   2.7931631e-02  -4.6867166e-01   3.5803753e-01   1.7971558e-01  -3.6490827e-01   8.7796830e-02   3.0392108e-02  -1.1394206e-01   6.0999394e-03  -9.0156647e-02  -4.7005974e-01  -1.6093614e-02   4.2667386e-01  -4.8256047e-01  -1.8449049e-01  -2.6733873e-01  -2.4450484e-01   7.1242672e-02   5.7451271e-02   1.7594918e-01   4.1492690e-01  -4.8865332e-01  -2.8536002e-01  -1.0242644e-01  -6.5950740e-02  -2.1148075e-01   2.0037940e-01   4.3341566e-02   1.7413328e-01   3.0451942e-01  -1.3280482e-01   1.4435312e-01  -3.5614757e-01  -3.1217949e-01   1.9506734e-01   2.7481080e-01  -1.5544074e-01   8.6157420e-02   2.5299115e-01   1.6303039e-01  -2.2536892e-01  -4.0503096e-01  -1.9745661e-01   3.6101565e-02   3.5970483e-01  -1.5863250e-01  -2.7972494e-01  -2.3548284e-01   5.4181486e-01   2.6647842e-01   4.0959313e-01   2.6896899e-01   1.0246820e-01   1.6855665e-01  -3.4928351e-01   1.5082514e-01  -1.2222121e-01  -2.2190282e-01   8.8662905e-02   4.8119806e-01   3.1484392e-01  -1.0733844e-01   4.1950569e-01   1.6696939e-01   7.6855475e-01   9.2102208e-02   3.8472037e-01  -5.0659109e-02   3.2234504e-01   2.6697136e-01  -3.2139112e-01  -2.0937521e-01   1.0235382e-01  -3.4852600e-01  -6.0302057e-02   7.1012993e-02  -8.3368979e-02   7.1052769e-03  -9.9347744e-02  -4.5280633e-01   8.1432844e-02   2.2857608e-01  -1.4741320e-01   1.0207321e-01  -2.6248062e-01  -1.4285584e-01  -4.1373387e-01  -1.2456304e-01   6.7836995e-01   1.4728651e-01  -3.2261091e-03  -1.0953545e-01   1.0972821e-01   1.7697903e-01  -4.3446490e-01   2.3625746e-01  -8.5263836e-02   2.6939118e-01   1.2988580e-01   4.0339087e-01   3.2984504e-01  -1.5239773e-02  -7.1750779e-02  -2.6142269e-01  -8.4638120e-03  -4.5846662e-01  -3.5716726e-01   5.0455919e-01  -8.3919135e-02   5.3625340e-02   3.2037986e-01  -1.2103884e-01  -4.6004209e-02   2.1162161e-01   5.8327693e-01   6.1873041e-01  -7.8198385e-02  -5.6096374e-02   2.6734396e-03   4.5511590e-02  -1.2842350e-01  -2.8441043e-01  -5.6784956e-01  -3.5216242e-01  -6.1486155e-02   5.2662465e-01  -6.7589105e-02   2.7984531e-01  -2.8598024e-01   1.7228254e-02   5.9571291e-01   3.3678992e-01  -5.1043023e-01   3.0467174e-01  -7.1155074e-02  -2.7195299e-02  -2.9254011e-01  -4.1823620e-01  -3.2208201e-01  -1.4788601e-01   1.8779313e-01  -1.9970465e-01   6.5585096e-02   3.1282836e-01  -1.7707630e-01   1.8919463e-01   2.0849143e-01  -1.6108334e-01   7.6953631e-02   2.3150389e-01  -2.4217414e-01  -1.2200217e-01
   1.7282423e-01   0.0000000e+00   1.9883844e-01   1.3837317e-01   2.1130408e-01  -1.7650881e-01  -1.4478015e-02   1.1448010e-01   3.2625253e-01   2.9286758e-02   1.6435955e-02   7.0318505e-01  -1.3966349e-01  -3.1955378e-01  -2.7998673e-01  -2.6961776e-01   7.7531430e-02  -7.9673565e-02   2.1112786e-01   5.9059372e-02  -4.3930915e-01  -2.5903291e-02  -3.3011958e-01  -1.9575734e-02  -9.4490527e-02   1.1376082e-01   1.0482216e-01  -1.1304607e-01   2.7922839e-01  -2.5592663e-03  -2.7688461e-01   1.3979867e-01  -3.1390689e-01  -4.7912526e-02  -2.0034556e-01  -2.0502998e-01  -5.3577151e-02  -5.5531214e-02  -1.8539446e-01  -1.1258416e-01  -1.2933898e-01  -4.2909995e-01   9.6456143e-02  -1.2957857e-01   2.2788076e-01   6.9634354e-02  -4.1598595e-02   8.3782290e-02   1.5732524e-01  -2.7507210e-02  -1.6127159e-01   1.3861738e-01   5.8539798e-01  -6.3532381e-02  -1.1328430e-01  -3.3735933e-01   2.7112926e-01   2.0834360e-01  -9.6397263e-03   6.5116533e-01  -5.5610102e-02  -1.6085425e-02   5.6076248e-01   3.3472500e-01   4.3421298e-01  -1.5606785e-01  -1.9875794e-01   8.8121448e-02   2.6708180e-01   2.6257229e-01   2.1655886e-01  -1.5101475e-01   8.0856962e-02   3.4787571e-01   9.1095744e-03   3.1425430e-01  -1.1149472e-01   6.1333474e-02   5.4879276e-01  -7.3155184e-02  -4.3124588e-01  -4.8558819e-02  -2.7777811e-01   1.1436952e-01   3.9663792e-01   2.1089278e-01  -4.1217286e-02  -2.8632630e-02   6.4880913e-02   3.2248054e-01   6.5108073e-01   1.6201949e-01   4.4977497e-01   5.1952589e-01  -1.8274860e-01  -1.3842366e-02   1.0437574e-01   2.7768039e-01   3.1111501e-01  -3.7716509e-04  -4.1174867e-02  -1.4847990e-01  -2.0616296e-01   6.0408678e-01  -1.9138868e-01   3.4906174e-01   1.6090371e-03   2.8420471e-01  -6.1029974e-02  -1.4157190e-01   3.3686407e-02  -8.8518198e-02   2.7625540e-01   1.3310942e-01  -3.3350532e-01   3.8516811e-01   1.7029538e-01   2.5939346e-01   1.5839525e-02   5.5083735e-02   1.0985836e-01   3.2395891e-01   4.1727706e-01   2.8632055e-01   1.0972006e-01   1.1478391e-01  -3.9413246e-02  -3.2733478e-02   1.0854430e-01   8.5875920e-02  -1.5599223e-01  -2.7264723e-01   5.5509265e-01  -1.8266809e-02   2.9038675e-01   2.5399814e-01  -1.8373060e-01  -9.8664241e-02   2.7488651e-01   8.5233891e-02   2.8369009e-01  -2.6061059e-01   1.3766604e-01   2.0004923e-02  -4.9269771e-01  -3.2441957e-01  -1.7264596e-02  -2.9065259e-01  -2.7617355e-01  -1.4175754e-01   7.9245434e-02  -3.4352646e-01   1.6184995e-01  -3.7035499e-02   4.8410024e-01   1.6677540e-01   8.8172697e-02  -5.5073383e-02   4.7136177e-02  -2.1695076e-01  -7.7475323e-04   3.2299670e-02  -3.1291091e-01  -3.2161390e-01   2.7846224e-01   6.2453956e-02   1.1366018e-01   1.4688609e-01   1.9206219e-01   2.2177053e-03   2.0940785e-01  -1.8714397e-01  -1.0111923e-01   1.9746106e-01   1.4220518e-01  -2.1903246e-01   3.5886896e-01
   2.8303979e-01   1.9883844e-01   0.0000000e+00  -1.1520222e-01  -8.9128670e-02   1.3510669e-01  -3.8786805e-01   3.2999176e-01  -4.1127171e-02   1.2470792e-01  -1.0635487e-01   3.2303602e-02  -2.0959662e-01   1.3707526e-01  -1.3872698e-01  -4.0808811e-01   7.1111375e-01  -1.5684484e-01   4.3909403e-01  -1.6203040e-01  -2.8934791e-01  -3.2888798e-01  -3.0179423e-01   4.3656544e-01  -2.6270498e-02   2.6325811e-01  -1.5124686e-01  -7.3233201e-02   1.2350744e-01  -1.0610906e-01  -1.0172105e-01   9.6824183e-02  -1.8853731e-01  -3.3864103e-01  -3.1570120e-01  -3.3321264e-01  -3.0013935e-01   5.1511656e-01  -4.6909205e-01   1.0272654e-01  -2.4234027e-01  -3.5046582e-01  -6.3591684e-02  -1.4000510e-02  -2.8894952e-02   6.7212607e-01  -2.4426788e-01  -3.3597795e-01  -2.4280496e-01   3.2807258e-01  -2.4684528e-01   4.0730831e-01  -2.0297621e-01   1.4395288e-01   4.5471296e-02  -1.4959687e-01   4.6441316e-01  -5.7382690e-02  -1.3442944e-01   1.7169029e-01   5.8172590e-01  -7.1425182e-02   7.5773620e-02  -1.2488187e-02   2.4231279e-02  -3.4774220e-01  -1.4056432e-01  -1.0278139e-01   8.5192733e-02   7.4174247e-01  -2.6480022e-01  -2.3677077e-01  -3.9248677e-01   4.9677200e-01   1.4221246e-01   3.3995581e-01   6.2784714e-01  -1.0760359e-02   1.2206758e-01  -2.9251938e-01  -2.0785241e-01  -2.3181423e-01  -3.4242608e-01   1.7824556e-01   2.2088894e-01   3.1722574e-01  -1.4403239e-01   2.1310606e-01  -2.7476956e-02   3.0188787e-01   1.0402968e-01   7.3307980e-01  -1.0208535e-01   1.4059741e-01   5.3648908e-01  -1.0286469e-01  -1.8930263e-01   2.8384181e-01  -2.4997507e-01  -3.1811852e-01  -1.3913679e-01  -3.9823461e-02  -3.1383785e-02   4.5195764e-02  -2.6961148e-01   3.0861682e-01  -7.8038736e-03   1.4790224e-01  -3.0494458e-02  -1.4461032e-01  -7.2082847e-02  -3.7690000e-01  -5.7029818e-03   2.5065086e-01  -8.5659773e-02  -1.6202703e-01   2.7583225e-01  -8.3291781e-02   1.6200669e-01  -2.8700925e-01   4.5726560e-01   1.4608338e-01   2.1073590e-01   4.6230875e-02   5.9385257e-01   1.4970740e-01  -1.3720740e-01   7.1439016e-02  -2.6350360e-02   5.5563646e-01  -4.5619101e-01  -4.7371630e-01   3.4343283e-01  -3.6887928e-01  -2.7572083e-02   3.8090680e-01  -3.4830519e-01  -2.4610924e-01   3.5969533e-01   5.3729106e-01   3.5717144e-01  -5.6636021e-02   1.3154745e-01   3.9823450e-01  -2.0539199e-01  -1.1167209e-01  -1.9198363e-01  -2.4497503e-01  -3.1300749e-01  -2.4490593e-01   3.7621324e-01  -1.6361586e-01   4.7512999e-01  -1.0089999e-01   2.6083240e-01   4.6465467e-01   6.2832518e-01  -2.1204844e-01   6.2189830e-01  -2.3987154e-01   1.2247645e-01  -8.4337858e-02  -3.6545873e-01  -3.6770239e-01  -1.2144106e-01  -1.4373576e-02  -3.0758779e-01   2.4450332e-01   4.2135076e-01  -2.5810135e-01  -3.1340840e-02   3.3419264e-01  -2.3864596e-01   4.5758291e-01   1.4013689e-01  -1.6070536e-01   9.1917608e-02
  -3.3882525e-01   1.3837317e-01  -1.1520222e-01   0.0000000e+00   7.7090333e-02   2.1086650e-01   1.1383800e-01   3.2261331e-01   8.9081070e-02  -8.2971739e-02   4.5596896e-01   1.7591517e-01   1.8690949e-01  -1.7588469e-01  -9.8425113e-02   1.7563091e-01  -7.4285410e-02   1.3912864e-01   1.8047977e-01   2.1411372e-01  -2.0705322e-02   6.7253341e-01  -2.1729020e-01  -1.6765597e-01   1.9473905e-01   7.9171750e-04   2.7756263e-01  -2.5333937e-01  -1.1675529e-01   4.0881335e-01  -1.1045423e-01   3.0739497e-01  -1.4191354e-01   5.0363630e-02  -6.9497992e-02   3.1124671e-01   1.5073773e-01  -2.1353218e-01   1.7965500e-01   1.5477406e-01   1.3340099e-01   6.5837286e-02   2.2657360e-01   1.0291717e-01   1.2994264e-01  -1.8127872e-01   5.1675959e-01   4.9089981e-02   3.1166621e-01  -1.1173199e-01   3.2200811e-01  -5.5106176e-02  -3.1357920e-02  -4.1668398e-03  -5.9277259e-02  -8.2517918e-02   4.4692071e-02   6.7822188e-01   5.9067610e-01   1.0914758e-01  -1.6875548e-01   1.3611751e-01   1.6264081e-01  -1.7533593e-01   3.5359962e-02   9.6107696e-02   3.1277716e-01   2.9268256e-01   3.1778880e-01  -9.9475386e-02   2.3186684e-01   5.5740735e-01   2.1625886e-02  -5.6808468e-02   5.2937039e-02   1.0759659e-01  -2.7507786e-01   6.0769804e-02  -1.1467574e-02   4.3059164e-01  -3.0454453e-01  -1.3328873e-01   2.2757082e-02   4.5714346e-02   2.9354149e-02   3.0340290e-01  -1.1460076e-02  -2.8980647e-01  -2.3113550e-01  -1.3009338e-01  -7.5521408e-02  -1.6318556e-01  -1.0792023e-02   2.9523961e-01  -2.8112385e-01   2.2418501e-01   3.2522417e-01   1.2547598e-01   3.3784802e-01   2.4740221e-02  -1.2040751e-01  -1.1662026e-01   4.8891633e-02   3.7675893e-01   5.8009857e-01   4.6933273e-01   1.0345014e-02   3.5837233e-01   7.9824398e-02   4.5475964e-02  -5.5110753e-02   4.7139442e-01   6.7495562e-01  -1.8789155e-01  -2.3843509e-01  -5.1432951e-03   2.0285176e-01  -8.5193328e-02  -2.5910176e-01   6.3170990e-01   2.7799395e-02  -1.2292885e-01   3.9895587e-02  -7.0156510e-02  -2.3200790e-01  -4.3467492e-02  -1.5978626e-01   2.1730865e-01   5.0887975e-01  -8.3624552e-02   2.3701607e-01   1.0833418e-01   3.6371048e-02  -8.9317128e-02   2.5003425e-01   1.6000860e-02   2.5893655e-01  -6.3925671e-02   1.4381621e-01  -4.3295009e-01  -2.2537087e-01   1.7238230e-02   3.4237324e-02   3.3599748e-02  -1.1746281e-01   5.1399308e-02   5.2245856e-02   2.9760827e-01   1.5546047e-01   9.7768629e-03  -1.3982480e-01  -1.4460091e-01   9.2444825e-02   2.0821896e-01   3.2946752e-02  -1.5951505e-01  -1.5499186e-01   4.8801809e-01  -1.6715033e-01   4.4264516e-02   1.6715655e-01   4.7938387e-01   1.4150965e-01   3.2814064e-01   5.1781424e-01  -1.6641539e-01   8.7674221e-03   1.7542671e-01  -8.4292130e-02   1.2216215e-01   2.2979292e-02  -4.3286492e-01   1.9156074e-01  -5.6305923e-02   4.2050414e-02   3.1803975e-01   4.6741212e-01
  -1.6402670e-01   2.1130408e-01  -8.9128670e-02   7.7090333e-02   0.0000000e+00   1.2789134e-02   4.5960774e-03  -2.3067543e-01  -5.9204614e-02  -1.2686741e-01   1.3018597e-01   3.1810065e-01   3.8010226e-01  -4.9462862e-01  -5.1335108e-01   1.2951464e-01   7.2806539e-02   3.3731359e-02   1.6668751e-01   4.3327403e-01  -4.9475835e-01   3.0510796e-01  -5.2723340e-01  -2.7299647e-01   1.1352269e-02  -3.2497371e-01   4.2018748e-01  -2.6071700e-01   1.1184199e-01   2.7934131e-01  -5.2626582e-01   1.0879862e-01   1.7756653e-01  -3.3177619e-01  -1.5426409e-01   2.6030035e-01  -1.7328851e-01  -3.2407184e-01   1.9207714e-01  -1.6497554e-01   2.7678955e-01  -4.9145224e-06   6.8648980e-02  -2.1728281e-01   5.9240757e-02  -2.6556004e-01   1.9872271e-01   1.7832537e-01   1.8166361e-01  -3.0474069e-01   9.8967087e-02  -2.1805948e-01   4.5391404e-02   2.3784142e-02  -2.6403766e-01  -3.0935882e-01  -5.2671753e-03   1.3737215e-01   2.9365450e-01   3.1363527e-01  -2.6459931e-01   2.7821225e-01   1.3985567e-01  -2.4863002e-01   1.7366235e-01   2.1851134e-01   1.2563865e-01   1.7373567e-01   2.6785558e-01  -9.7813707e-02  -7.0607988e-02   3.3309913e-01   3.0721858e-01  -5.5648578e-03   1.4239892e-02  -1.0833251e-02  -2.7054770e-01  -1.3776547e-02   2.6438930e-01   4.7732764e-01  -4.2930912e-01  -3.1780421e-03  -1.8739436e-01  -2.0064758e-01  -7.8720413e-02  -1.3336288e-01  -1.9903794e-02  -1.4242131e-01   1.7206533e-01  -2.8180300e-01   3.4050228e-01  -2.4053371e-01   2.6140165e-01  -1.8589785e-02  -3.4869996e-01   4.9979062e-01   3.8770050e-01  -7.7782972e-02   4.0882276e-01  -3.5000739e-01  -3.2834006e-01  -5.1336304e-01  -7.7562170e-03   1.9385787e-01   3.2736861e-01  -1.9832623e-01  -8.3545655e-02   2.6332330e-01  -2.3700084e-01  -1.9387986e-02  -2.0924552e-01   3.6456249e-01   1.2159982e-01  -3.1421093e-01  -5.2217413e-01   6.6938393e-02  -9.2155484e-02   1.3331892e-01  -2.1456199e-01   3.8462457e-01  -1.2201357e-01   3.1294853e-01  -2.0384668e-02  -1.9067458e-01  -2.7771953e-01  -1.9345077e-01   1.7084033e-02   9.1207110e-02   1.6800947e-01   1.3328255e-01   3.1043486e-01  -1.5731066e-01   6.2016274e-02  -2.2765322e-01   1.8399137e-01  -2.2072306e-01   3.2293172e-01  -3.5211142e-01  -4.7573362e-02  -2.6993655e-01  -2.7940592e-01   1.4973817e-01   1.2323067e-01   5.8685521e-02  -3.9470112e-01  -2.4652911e-01  -1.1427159e-01   3.5684784e-01   2.4222821e-01  -3.8938301e-01  -4.0890578e-01  -3.8779122e-01  -1.1704881e-01   2.3940701e-01   1.7749747e-01  -2.3971143e-01  -2.0495402e-01   1.9263933e-01  -3.3428341e-01  -2.0820907e-01   1.4327297e-01   2.4046204e-01   1.1190321e-01   2.4766031e-01  -2.1281565e-03  -1.9954567e-01   1.5221466e-01  -1.1130851e-01  -4.1079838e-02  -4.7434693e-02   1.2008464e-02  -4.5410704e-01   1.9428350e-01   2.4079373e-01   1.7911588e-02   2.7000471e-01   1.1563808e-01
  -1.8474085e-01  -1.7650881e-01   1.3510669e-01   2.1086650e-01   1.2789134e-02   0.0000000e+00   3.8622794e-02  -8.9906624e-02  -2.7021335e-01  -5.2496386e-02   3.1937459e-01  -1.8222592e-01   2.4161321e-02  -2.6152572e-02  -1.9710145e-01  -2.7949423e-02   9.1326988e-02   1.7166916e-01   3.0320194e-01   8.3769255e-02   2.6995730e-02   1.3622201e-01  -2.4520226e-01  -1.1687572e-01   8.2935420e-02  -5.4902916e-02   1.0524539e-01  -7.1404647e-02  -7.2889213e-02   4.7354759e-01  -3.1015795e-01   1.5284988e-01  -7.5748617e-02  -1.2007710e-01  -4.6698564e-02   2.2648862e-01  -8.6385020e-02   4.0718767e-02   6.7354613e-03  -1.1976954e-01   1.6496924e-01   1.7016517e-01   7.7191384e-03   2.1504212e-01  -1.5935741e-02   6.6058002e-02   3.6114187e-01  -7.4247794e-02  -2.2195469e-01   4.2828314e-02   2.4744546e-01  -1.8140809e-01  -3.5745515e-01  -1.5267932e-01   1.3573424e-01   2.3569647e-01   2.9575839e-01   7.7291885e-02   1.4798139e-01  -9.3549867e-02   1.7591313e-03   9.5289605e-02  -3.1822882e-01  -3.1810120e-01  -2.7757818e-01   2.3784991e-01   6.7468451e-01  -1.3849402e-01   1.0015013e-01  -1.0260381e-01  -1.9402673e-01   2.3406520e-01  -1.5729142e-01   9.9988472e-02  -1.3438143e-01   5.8370836e-03   3.5656698e-02  -2.1060283e-01  -1.9278122e-01   4.6921753e-02  -1.2972324e-01  -1.5065346e-01   2.5058465e-01   7.9935493e-02   1.6028434e-01  -1.2551146e-01   7.8882050e-02  -1.8820571e-01  -1.3405848e-01  -2.0379937e-01  -1.6380636e-01   4.6233823e-02  -8.0227481e-04  -1.2171795e-01   5.4552983e-02   1.1588067e-01  -9.5705640e-02   4.3713817e-02   3.7706872e-02  -5.8157588e-02  -1.8952571e-01  -2.2513515e-01   1.5471732e-01  -4.4125137e-03   3.9878989e-01   2.1014696e-01  -3.1641268e-01   2.5298908e-01  -3.7334011e-01   3.4475098e-01  -2.0717403e-02   3.2760904e-01   5.5728959e-02  -2.3396884e-01  -2.5988676e-01  -4.2129527e-01   1.8625524e-01  -8.5330599e-02   2.2288982e-01   1.5199631e-01  -1.8167622e-01  -9.5458696e-02  -1.3083196e-01  -9.8572200e-02   3.6316874e-03  -4.8959797e-02   5.2469545e-02  -1.1894672e-01   5.7293289e-02   1.8278583e-01  -7.2528698e-02   6.8686225e-02  -9.5742490e-02  -2.8990365e-01   1.2642896e-01  -4.5854822e-02   1.5520604e-01   6.2184999e-02  -4.0535653e-03  -1.1757372e-01  -2.1122006e-01   2.6043380e-02   1.4859478e-01   4.0018278e-01  -8.6792857e-02  -2.7440288e-02   3.1472303e-02   3.5460858e-01   3.3187091e-01  -1.8536771e-01  -1.6408808e-02   5.7603917e-02  -1.4522831e-02   1.3115311e-01   2.0343753e-02  -1.1640180e-01   4.0958808e-02   9.7929900e-02   8.3582278e-02  -4.3230601e-02  -1.1754159e-01   1.1978634e-01   1.2418548e-01   3.2222321e-01   1.9626208e-01  -3.4522653e-01   1.1724692e-02  -1.7117196e-01  -3.6906339e-02  -1.3153493e-01  -3.0021780e-01  -4.7515650e-02   6.5868124e-02   4.7508724e-01  -6.2357780e-03   2.2828741e-02   1.2106527e-01
  -2.7206780e-01  -1.4478015e-02  -3.8786805e-01   1.1383800e-01   4.5960774e-03   3.8622794e-02   0.0000000e+00  -2.0633624e-01  -5.6810964e-02   1.0006108e-01  -6.5239027e-02   1.0302481e-01   6.2573420e-02  -8.2786054e-02  -3.5555806e-02   3.2526603e-01  -4.4147285e-01   1.6191131e-01  -3.9675512e-01   3.0230168e-01   4.6533122e-01   1.9470772e-01   2.8447069e-01  -4.7694935e-01  -1.4544700e-01   1.3815896e-02   2.9798794e-01  -6.1609570e-02  -1.3915326e-01   2.4389632e-01  -4.8870080e-02  -4.1038258e-01  -4.6738042e-02   4.1559350e-01   2.4206487e-01   4.0198355e-01   2.4328092e-01  -4.3063087e-01   4.0198682e-01  -1.7047349e-01   5.9680304e-02   9.0626416e-02  -1.0884478e-01   1.0773880e-01   7.2444088e-02  -4.8051964e-01   5.3598852e-02   5.9352274e-01   1.1220442e-01  -1.0153407e-01   1.8254855e-01  -3.0218849e-01   3.2362769e-01  -1.4425698e-01  -1.3901569e-01   2.9873508e-01  -4.8270773e-01  -1.0100859e-02   9.5108782e-02  -8.2475686e-02  -2.9742059e-01  -1.4028675e-01  -1.1568835e-01   9.4321522e-02   5.5646641e-02   3.1975951e-01   9.0659844e-02  -2.0499153e-01  -2.0744830e-01  -4.3642834e-01   4.6811015e-01   1.1200564e-01   1.9543023e-01  -4.0701206e-01  -2.7389176e-01  -2.5603532e-01  -3.8250400e-01  -3.2665885e-02  -7.2832054e-02  -8.6293200e-02   3.0804323e-01   2.2736082e-01   3.4716764e-01   1.8637077e-01  -2.4105400e-01  -2.0945470e-01   4.6852294e-01  -3.7008469e-01  -1.2182711e-01  -2.5812747e-01  -2.1593148e-01  -3.5961529e-01   2.9622226e-01  -2.3697975e-01  -4.5179223e-01   1.7830761e-01  -4.4392046e-02  -3.6090340e-01   8.2361761e-02   4.5955439e-01   7.6033912e-02  -5.2544676e-03   2.6927542e-01   1.9950112e-01   2.2191600e-01  -2.1486547e-01  -1.6170947e-01  -1.6595365e-01  -3.5205793e-02   3.6866080e-01   5.4095565e-01   3.2810583e-01   2.4691427e-02  -3.2887373e-01  -1.2175679e-02   1.0999998e-01   3.0867176e-02  -4.8780645e-02  -1.5207128e-01   1.6519767e-01  -3.4591405e-01  -3.6920498e-01  -2.7048127e-01   7.1990602e-02  -5.4118316e-01  -2.5066097e-01   2.8081632e-01  -9.5691502e-02   3.5880645e-02  -4.5882023e-01   3.6475260e-01   6.1262530e-01  -2.6675687e-01   3.0635423e-01  -2.2687432e-01  -2.8203481e-01  -6.1232050e-02   3.7899843e-01  -3.7652293e-01  -4.2946824e-01  -3.0973166e-01   2.8433490e-02   2.2101737e-02  -3.1078038e-01   1.1574896e-01   3.3196229e-01   2.8736147e-01   1.5420727e-01   4.0260390e-01   3.3990562e-01  -4.2754884e-01   3.4576940e-01  -5.4522475e-01  -3.3939744e-02  -2.3719883e-01  -5.0401316e-01  -4.7762079e-01  -6.9443723e-02  -4.9178014e-01   2.2451699e-01  -2.5347015e-01   6.9845382e-02   3.8076004e-01   3.5552544e-01   1.0312796e-01   1.2207737e-01   2.9246666e-01  -3.2106570e-01  -4.1925713e-01   4.0840061e-01  -1.5868476e-01  -4.1199722e-01   1.6249003e-01  -3.8673277e-01  -1.0080808e-01   5.8466731e-02  -1.1946350e-01
   9.4392356e-02   1.1448010e-01   3.2999176e-01   3.2261331e-01  -2.3067543e-01  -8.9906624e-02  -2.0633624e-01   0.0000000e+00   2.7343482e-01  -2.6915976e-01   6.7709901e-02   6.1978951e-02  -2.1663384e-01   2.7857299e-01   2.0794279e-01  -1.3958169e-01   1.6347252e-01   6.3085807e-02   2.8378627e-01  -1.0730954e-01  -3.1044525e-02   1.0348323e-01  -1.3986420e-01   2.8644091e-01   1.6186035e-01   3.7914895e-02  -1.2220937e-01   5.2217946e-02  -7.3540584e-02  -6.7504077e-02   2.2019948e-01   2.6785909e-01  -2.8868443e-01  -8.7760909e-02  -1.9454497e-01  -2.5546096e-01   1.2331008e-01   6.3060029e-02  -2.5654369e-01   1.9108270e-01  -1.8085833e-01  -2.7264321e-01   1.1995613e-01   1.9632680e-01  -3.7067665e-02   2.3167694e-01   4.9555376e-02  -2.7035623e-01   9.4886784e-02  -1.4692140e-01   1.5365916e-02   4.6157756e-01  -1.2692076e-01  -1.2610164e-02   4.5929058e-02  -2.4805832e-01   3.3866243e-01   3.3433205e-01  -8.4107816e-02   6.5870727e-02   1.2186909e-01  -4.8130860e-04   5.9366281e-02   1.5165371e-01   9.0485766e-02  -3.4221166e-01  -2.8207405e-01   9.2301056e-02   2.9978654e-01   3.1005967e-01  -2.6603366e-02   9.8102808e-03  -2.5670149e-01   2.7590877e-01   2.1271148e-01   4.6625170e-01   1.2216787e-01   2.5748648e-01  -7.2011846e-02  -5.9808790e-02  -2.2822256e-02  -1.4993280e-01  -8.6104312e-02   1.3034950e-01   2.5412310e-01   6.3770238e-01   5.9117710e-02   2.1620600e-01  -1.5305187e-01   2.1815270e-01  -5.2454397e-02   2.5851751e-01  -3.5431501e-01   4.0333490e-01   1.4389062e-01  -2.6731654e-01  -2.3064414e-02   4.1903782e-01  -4.4668515e-03  -2.2286706e-01  -2.3342173e-02   2.0249967e-01   1.4800593e-01   3.4498985e-01   1.4042204e-01   3.9466535e-01   9.1231579e-03   2.2777749e-01  -3.4431714e-02  -1.6741120e-01  -2.2157707e-01  -5.0667222e-02   1.4156834e-01   1.6263443e-01   1.6291928e-01  -6.3281246e-02   1.7023151e-01  -2.2127031e-01   2.9038707e-02  -9.2823303e-02   1.9913831e-01  -1.4617825e-01   1.6638560e-01   1.8573608e-01   1.8709509e-01   2.9719788e-01  -2.3843462e-01   2.5944202e-01   3.1606363e-01   1.7934348e-01  -1.9965814e-01  -1.5846673e-01   3.2745230e-01  -8.9186251e-02   1.8935600e-01   5.9162069e-01  -2.3639820e-01  -9.7498910e-02   6.3015926e-01   1.0743986e-01   3.2504703e-01  -6.4839834e-02   1.1377868e-01   1.6483363e-01   1.2030129e-01   6.3487903e-02   3.7462936e-04  -7.6733285e-02  -3.4094726e-01  -3.5854911e-02   2.7625305e-01   7.2675812e-02   2.2001782e-01  -2.0933945e-02   1.2257798e-01   2.7843183e-01   1.7839476e-01  -1.0660372e-01   1.8179308e-01  -2.0855535e-02   1.7423474e-01   2.5678955e-01  -2.4843691e-01  -9.4000243e-02   1.2614203e-01  -7.5275393e-02  -3.0358817e-01   4.0980752e-01   9.2921230e-02  -9.4190351e-02  -9.8744042e-03  -8.1102986e-02  -6.3986489e-02   2.7851587e-02  -1.8084069e-02  -1.0965454e-01   3.2847202e-01
   1.5249045e-01   3.2625253e-01  -4.1127171e-02   8.9081070e-02  -5.9204614e-02  -2.7021335e-01  -5.6810964e-02   2.7343482e-01   0.0000000e+00   2.9262641e-01  -1.7631096e-01   1.8663133e-01  -1.9936632e-01  -6.7055026e-02   1.2449336e-01  -2.8191304e-01  -1.2325772e-01   1.7676852e-01   1.4700380e-01   1.0905250e-01  -1.3414068e-01   1.4373475e-02   1.0831450e-01  -2.0752334e-02   1.1264824e-01  -2.0760247e-01  -1.7579434e-01   2.0853057e-01   3.4348233e-01  -6.8406802e-02   2.1133761e-01   6.5983065e-02  -3.3487928e-01   2.2063226e-01  -1.7939836e-01  -2.1103604e-01   1.1850505e-01   8.9251181e-02  -2.3236811e-01  -1.4057099e-01  -2.5292626e-01  -3.9042612e-01   1.9103719e-01  -1.0961910e-01   3.7656254e-01   6.4200186e-02  -1.4804700e-01  -3.3817414e-02   2.4121624e-01  -2.1160132e-01  -6.6918487e-02   1.1048746e-01   3.6937320e-01   1.9761266e-02   3.0306382e-02  -2.9336688e-01   6.9875425e-02   1.8742119e-01  -1.2145384e-01   4.2700269e-01   8.7587133e-02   2.0402914e-01   4.4630158e-01   3.7873593e-01   4.8861926e-01   6.1595811e-02  -2.0907619e-01   1.2917559e-01  -8.6379126e-02   9.1592041e-02   1.5255047e-01   2.6994685e-02  -7.0862248e-02   2.5392667e-01   8.1957633e-02   2.8354965e-01   9.6195686e-03   1.8961770e-01   2.4166477e-01  -4.2055809e-02  -9.5382205e-02   6.0591386e-03  -2.4859294e-02  -5.5671292e-02   2.5973627e-01   4.1831281e-01   2.1862919e-01   3.0881642e-02  -9.4863094e-03   3.0166062e-01   1.4872904e-01   4.6611134e-02   1.1407794e-01   5.1659907e-01  -4.6444605e-02  -9.9578158e-02   1.5702898e-01   5.4413508e-02   6.3056430e-02   2.6663002e-01   4.3862886e-02   1.3311473e-01  -8.6445245e-02   4.5295433e-01  -1.0444006e-01   1.6277218e-01  -7.6222013e-02  -6.4344321e-02   1.4282900e-01  -1.3320183e-01  -2.7130318e-02  -7.2237023e-03   2.7824434e-01   1.6871430e-01   2.2685223e-02   3.3770132e-01  -5.9781792e-03  -3.6643855e-02   2.0718823e-01   1.2034204e-01   1.6489670e-01  -8.0707147e-02   1.8914136e-01   2.6532823e-01   1.3493786e-01  -2.6390978e-02   1.1042453e-01   1.0458538e-01   2.6965498e-01  -1.2438785e-01  -1.8860050e-01   8.6203819e-02   1.5998869e-01   2.2753879e-01   2.0588991e-01   3.4395560e-01  -3.6985419e-02  -2.8107733e-02   3.1948928e-01   5.2038937e-02   1.9475169e-01   1.0737927e-02  -4.2079830e-02  -3.8724414e-02  -5.7848873e-02  -7.3251103e-02  -1.6595550e-01  -2.2068385e-01  -2.2889999e-01   1.8663762e-01   3.5622636e-02  -1.0131860e-01   1.4814029e-01   5.0019642e-02   2.2305786e-02   2.4363758e-01   7.1364442e-03  -5.5512721e-02   6.9143877e-02  -4.3757606e-02   4.2136137e-02  -4.8005931e-02  -1.4778815e-01  -9.3038943e-02   2.2020685e-01   1.7229670e-01  -9.7780691e-02   1.9272276e-01   7.9647174e-02   2.2304897e-02   6.9671784e-02  -7.1886375e-02   1.5396866e-01  -4.7281830e-02   6.6272661e-02   1.2589407e-02   3.4585043e-01
   2.0808734e-01   2.9286758e-02   1.2470792e-01  -8.2971739e-02  -1.2686741e-01  -5.2496386e-02   1.0006108e-01  -2.6915976e-01   2.9262641e-01   0.0000000e+00  -2.0119709e-01   1.0740420e-02  -1.5991583e-01  -3.7930962e-02   1.5199441e-01  -2.8940372e-01   6.1359805e-03   3.3596392e-01  -1.1472913e-01   4.2425556e-02  -5.4390343e-02  -1.1843918e-01   8.8496148e-02   7.7352455e-02   2.1658725e-02  -2.3859913e-02  -2.8778929e-01  -1.6452453e-02   2.0037564e-01  -2.2741744e-02   1.9932790e-01  -3.9547914e-02  -1.8748235e-01   3.7111390e-01   4.6115113e-02  -1.0035861e-01   1.1070237e-01   2.9476702e-01  -2.1280986e-01  -2.1666149e-01  -2.6849199e-01  -2.3724673e-01  -4.2479473e-02  -1.3173606e-01   4.2479597e-01   2.1137253e-01  -2.5831167e-01  -6.9884133e-02   5.4000399e-02   1.2478002e-01   1.4592384e-01  -1.6461889e-01   1.1791402e-01   4.0303147e-02  -2.5693794e-02   3.8268733e-02  -6.8579059e-02  -2.0753392e-01   3.0050204e-02   1.1416547e-01   3.0835380e-01   9.0535458e-02   7.9433982e-02   2.8880852e-01   2.8964259e-01   2.0648498e-01  -3.7723647e-02  -6.5831922e-02  -4.0669706e-01   9.3551577e-03   5.4644271e-02   9.5466287e-02  -6.7093255e-02   1.6289825e-01  -1.0509088e-01   6.2113611e-02   2.8279992e-01  -1.5417004e-01   1.6323307e-01  -2.1205091e-01  -6.9790721e-02  -6.6866287e-02  -1.0388052e-01   1.2023921e-02   1.6123821e-01   5.2123408e-02  -1.1849228e-01  -1.1446006e-01  -6.6912688e-02   2.9234101e-01  -4.6162418e-02   2.0555417e-01   2.1652612e-01   1.5351043e-01   2.6681587e-01  -1.2029151e-02  -2.5518226e-02  -3.0065625e-01  -2.0628256e-01   3.6739549e-01  -8.8776652e-02   1.3958178e-01  -2.1834691e-01  -1.3977080e-02  -2.3519974e-01  -8.7137567e-02   7.5656056e-02  -1.8460291e-01   1.7848208e-01  -3.6367618e-02   1.6579652e-01  -6.9731442e-02   7.3565173e-02   2.8166578e-01  -3.7415538e-03  -1.9371538e-02  -1.5501987e-01   2.7089641e-02   5.7582249e-02   1.1081446e-01   1.1822776e-01  -1.7516887e-01   2.2756034e-02   4.1072622e-02   1.4582879e-01  -4.5114693e-01   3.4604633e-01  -2.1029338e-02  -1.0637887e-02  -1.3384261e-01  -2.5955981e-01  -2.3246080e-02  -6.1672589e-02   2.6302294e-01  -9.8381625e-02  -2.4032056e-02  -1.1939204e-01  -7.6876429e-02  -1.6646288e-01   3.2985294e-01   1.6754924e-01   2.0591483e-01  -3.7328962e-01   3.4176832e-03   3.7377032e-03  -1.1609490e-01  -8.5937805e-03  -1.9958722e-01   3.9566954e-02   1.8874485e-01   8.4821191e-02  -2.0088771e-01   1.7317003e-01  -1.2872336e-01  -1.9247116e-01   1.7887776e-01   1.6724608e-01  -3.2601433e-02   2.0922356e-01  -2.1977459e-01  -8.0806527e-02  -2.5255379e-01   2.0561024e-02  -6.2144046e-02  -1.2245388e-01   2.5182777e-01  -1.0858190e-01  -5.8309488e-02   1.6927374e-01  -6.1790963e-02  -1.2179651e-01   1.6680751e-01   1.7831392e-01   1.7446335e-02   3.5875101e-01   1.1459283e-01  -1.9993155e-01
  -3.2632309e-01   1.6435955e-02  -1.0635487e-01   4.5596896e-01   1.3018597e-01   3.1937459e-01  -6.5239027e-02   6.7709901e-02  -1.7631096e-01  -2.0119709e-01   0.0000000e+00  -9.1357516e-02   3.1368322e-01  -3.0700029e-01  -1.4458207e-01   1.6968799e-01   2.0152146e-02   2.9456693e-01   1.7163380e-01   1.9714847e-01  -1.8389880e-01   3.6200427e-01  -3.8916488e-01  -1.0907399e-01   1.4014675e-01  -6.1679846e-02   2.6275637e-01  -2.4364102e-01   1.3433411e-02   4.3335460e-01  -1.0204504e-01   3.2413047e-01   7.5013248e-02  -4.9690792e-02  -1.9112249e-02   4.4552548e-01   1.2442803e-01  -2.2762072e-01   9.6049657e-02  -4.2749482e-03   2.4436011e-01   2.6520779e-01   7.1294518e-02   2.0258629e-01  -3.3002061e-02  -1.5239264e-01   7.4507377e-01  -3.6297511e-02   2.5065137e-01  -3.3469027e-01   4.1469657e-01  -7.5665566e-02  -2.6968240e-01  -1.1706803e-01  -2.3197767e-01   1.8831180e-01   1.6655346e-01   4.8342769e-01   3.2646320e-01  -2.9616841e-02  -1.7563302e-01   8.9939233e-02  -5.9890594e-02  -2.2939026e-02   2.0062099e-03   2.4282468e-01   3.3448769e-01   1.3140107e-01   3.2029461e-01  -1.1398661e-01  -1.8967519e-01   3.9190629e-01   2.1352358e-01  -1.1593590e-01   2.9625442e-02  -4.5754889e-02  -2.5340820e-01   3.2409650e-02  -7.8896658e-02   4.2232454e-01  -3.3126928e-01   2.1183278e-01  -3.0213448e-02  -8.4699494e-02  -6.0958874e-02   1.4018029e-01  -2.1441436e-01  -8.7015464e-02  -1.4546231e-01  -2.1751225e-01  -2.1987029e-01  -1.7487946e-01   6.8122833e-02   4.6724357e-02  -1.7567890e-01   2.1441938e-01   2.5832029e-01   8.4056342e-02   4.5452217e-01  -1.9959618e-01  -3.0643948e-01   9.0609857e-03  -1.5532265e-01   8.7712767e-02   4.9469781e-01   3.4582806e-01  -2.4187834e-01   2.7309446e-01  -2.1184482e-01   2.3940120e-02  -3.1559953e-01   4.0979954e-01   2.2154947e-01  -2.1867676e-01  -3.8905466e-01  -3.8911686e-01   3.1108718e-01   1.0700177e-01  -2.7514559e-01   5.1240600e-01  -1.0282164e-01  -5.3028109e-02  -1.2393852e-01  -1.7350320e-01  -1.5470034e-01  -6.3593999e-02  -2.7035482e-01   1.9559383e-01   2.9726391e-01   1.3183157e-01   2.2381642e-01   1.3838419e-01  -1.6993510e-01  -1.2934844e-01   2.3822760e-01  -2.7332796e-02   2.9735069e-01  -3.9815945e-02   1.8932351e-01  -2.9899544e-01  -2.2994462e-01  -4.2848562e-02   1.8435973e-01   1.5794970e-01  -1.5382128e-01   3.2761877e-02  -6.3512062e-03   4.4541901e-01   2.9752760e-01  -2.2071223e-01  -1.9887571e-01  -2.4043046e-01  -3.6311399e-02   3.6951091e-01   1.0643187e-01  -1.4671989e-01  -1.3485461e-01   3.0804906e-01  -1.1807550e-01  -3.6312986e-02   6.0751212e-02   5.2283333e-01   8.4702394e-02   3.4312656e-01   3.2085465e-01  -2.7340443e-01   1.4296209e-01  -1.0843994e-01  -1.9779307e-01  -1.4809878e-01  -3.5107586e-01  -2.0836166e-01   2.0594949e-01   1.7976221e-01   1.0037709e-01   8.1332004e-02   2.1858172e-01
   8.8763979e-02   7.0318505e-01   3.2303602e-02   1.7591517e-01   3.1810065e-01  -1.8222592e-01   1.0302481e-01   6.1978951e-02   1.8663133e-01   1.0740420e-02  -9.1357516e-02   0.0000000e+00  -4.0426618e-02  -4.2926749e-01  -2.3886265e-01  -6.3832649e-02   4.5476635e-02  -6.5824160e-02  -1.7543201e-02   2.1811311e-01  -3.7040791e-01   3.5834766e-02  -2.8022484e-01  -2.1291949e-01   6.3553658e-02   4.6720746e-02   8.5850561e-02  -2.9090634e-01   1.6435662e-01  -1.9693486e-02  -2.5369548e-01  -3.2808558e-02  -1.4651266e-01  -3.3477450e-02  -1.8027853e-01  -1.5536257e-01   7.1522958e-02  -5.8988237e-02  -8.5290375e-03  -3.7425226e-02  -1.0785508e-01  -2.6647680e-01   1.9073987e-01  -1.4654577e-01   2.6949703e-01  -1.4264571e-01  -1.0616061e-01   9.5388986e-02   4.9749464e-02   2.8740990e-02  -2.3753604e-01  -9.0130860e-02   5.5403294e-01   4.6282846e-02  -1.6013559e-01  -2.8417882e-01   1.8297141e-01   2.6969327e-02  -2.8120383e-02   3.9632714e-01  -2.1417798e-01   2.4790437e-01   6.1769484e-01   9.1583150e-02   3.0251931e-01  -1.3904331e-01  -1.9702572e-01   1.4068217e-01   8.6672889e-02   4.9184939e-02   2.7743627e-01  -3.1192984e-02   1.6771573e-01   1.5947709e-01   6.2827837e-02   1.6237611e-01  -1.9199548e-01   6.1331660e-02   5.6085594e-01  -1.9040848e-02  -4.1191441e-01   2.5203796e-02  -1.0079767e-01   1.1526250e-01   2.9912654e-01   5.3086102e-02  -1.0268000e-01  -5.0995972e-02   1.7034337e-01   1.7989225e-01   6.2089972e-01  -7.1286597e-02   5.1219551e-01   2.1935679e-01  -1.7641585e-01   2.4121224e-01   1.9783339e-01   7.2107170e-02   2.2916500e-01  -4.2562541e-02  -1.2935838e-02  -2.6723268e-01  -1.4119032e-01   3.8828740e-01  -1.6451131e-01   1.7054703e-01   5.2834882e-02   1.4586477e-01   5.6784477e-03  -4.7640349e-02   1.0665370e-01  -2.3300630e-02   2.5093008e-01   8.3969661e-02  -2.4543323e-01   3.5236628e-01   8.2948273e-02   2.0398771e-01  -4.8843499e-02   1.8042254e-02  -9.7085141e-02   4.0814625e-01   2.3956027e-01   5.8312336e-02  -6.3950797e-03   8.1460216e-02   1.5778632e-01   1.0772710e-01  -1.8571273e-02   4.5697849e-02  -5.4203720e-02  -2.5380352e-01   3.0931828e-01  -6.4992637e-02   1.6480651e-01   4.5021067e-02  -1.2329083e-01  -2.1443711e-01   6.6829023e-02   1.6023980e-02   2.1546439e-01  -1.8649933e-01  -3.1500162e-02  -3.3190330e-03  -3.6840243e-01  -3.3687077e-01   5.1909005e-02  -1.7284926e-01  -1.1685767e-01  -2.0594249e-01  -7.8735674e-02  -3.7986881e-01   1.9338364e-02  -1.0108098e-01   4.2470667e-01   7.9128362e-02  -6.5489794e-02   3.7299946e-02  -1.2939037e-01  -3.7249796e-01   1.0782895e-01  -8.7700980e-02  -2.1664736e-01  -3.1857442e-01   2.0111523e-01  -8.7399030e-02   1.9478769e-01  -1.7448481e-02  -2.7100394e-02   6.8256977e-02   2.8195993e-01  -2.0349195e-01  -8.4353846e-02   4.2147096e-02   6.3200998e-02   8.7948946e-02   2.8005237e-01
  -4.5451749e-01  -1.3966349e-01  -2.0959662e-01   1.8690949e-01   3.8010226e-01   2.4161321e-02   6.2573420e-02  -2.1663384e-01  -1.9936632e-01  -1.5991583e-01   3.1368322e-01  -4.0426618e-02   0.0000000e+00  -3.2078774e-01  -3.1484555e-01   3.2997662e-01   8.7505719e-02   9.1584904e-02  -3.0348494e-02   2.5147331e-01  -1.1817793e-01   2.2341713e-01  -2.5487240e-01  -3.0718192e-01   2.0063259e-02  -1.5418763e-01   4.6187283e-01  -3.2617113e-01  -1.4019833e-01   3.4762147e-01  -2.5781115e-01  -5.9908084e-02   2.2110342e-01  -1.9689075e-01   9.9408932e-02   5.2729704e-01  -1.6595440e-01  -1.8894330e-01   3.7560158e-01   5.8760868e-02   4.1303739e-01   3.3927905e-01  -7.6829436e-02   1.1421482e-03  -8.2048225e-02  -2.1293597e-01   4.8378106e-01   2.4073331e-01   1.6624943e-01  -2.5257999e-02   2.0614773e-01  -2.0698664e-01  -1.8596335e-01  -1.1389738e-01  -5.2887136e-01   2.2307171e-01  -1.3684274e-01   1.4872860e-01   4.0274873e-01  -7.0994047e-02  -1.4763466e-01   2.4089641e-01   9.3661869e-03  -3.5010904e-01  -1.6252893e-02   2.7652085e-01   1.3751465e-01   1.2510664e-02   7.5543577e-02  -2.0883094e-01  -1.3970783e-01   2.5316707e-01   3.4064421e-01  -3.5670318e-01  -5.0224953e-02  -3.2381081e-01  -1.1980329e-01  -8.7352402e-03  -1.7939123e-02   2.3377269e-01  -1.6401037e-01   2.6568261e-01  -3.5374378e-02  -4.6431961e-02  -4.1221795e-01  -1.6738490e-01  -2.4779317e-01  -2.1126516e-01   6.0650433e-02  -5.8515172e-01  -1.3010207e-01  -2.8225125e-01   1.1094843e-01  -1.9801468e-01  -1.7017407e-01   4.4585904e-01   2.7797853e-01  -5.6997159e-02   4.9644306e-01  -1.1678946e-01  -2.4793689e-01  -5.7138662e-02  -5.4307001e-02  -1.0693048e-01   3.2637892e-01  -1.0009662e-01  -4.8597456e-02   3.1153232e-01   6.6179449e-02   6.4922440e-02  -7.0192623e-02   3.2596904e-01   3.0216053e-02  -3.7483389e-01  -3.5777923e-01  -1.0709728e-01   2.2076774e-01   1.6065826e-01  -3.7450320e-01   3.6159951e-01  -1.4411991e-01   1.3121162e-01  -2.3482996e-01  -1.8608826e-01  -2.0757214e-01  -1.1889385e-01  -1.4612194e-01   1.0298323e-01   2.0328541e-02   8.0437949e-02   4.7540047e-01   9.5755271e-02  -3.6664777e-01  -2.2134654e-01   7.5553507e-02  -3.8654066e-01   3.3095317e-01  -2.5211209e-01  -6.2657358e-02  -2.5764170e-01  -3.3335627e-01   1.9228690e-01  -3.5075788e-03  -6.0397794e-02  -1.2997835e-01   1.2741033e-01  -9.4766781e-02   4.8009389e-01   2.9275359e-01  -3.0869834e-01  -4.8683662e-01  -1.7795557e-01  -1.4190897e-01   3.3207321e-01   6.9743956e-02  -2.8256483e-01  -1.8148014e-01   3.8620477e-01  -1.5100385e-01   8.3172419e-04  -1.2834660e-01   2.7448935e-01   2.6539037e-01   2.6031322e-01  -3.9638282e-03  -9.9641048e-02   3.8445710e-01   5.6730221e-02  -1.4044670e-01   3.3827138e-02   9.7697961e-03  -1.1756642e-01   1.2519823e-01  -7.9925319e-02   2.1174056e-01   1.4179876e-01   1.0862293e-01
   3.0183406e-01  -3.1955378e-01   1.3707526e-01  -1.7588469e-01  -4.9462862e-01  -2.6152572e-02  -8.2786054e-02   2.7857299e-01  -6.7055026e-02  -3.7930962e-02  -3.0700029e-01  -4.2926749e-01  -3.2078774e-01   0.0000000e+00   3.3064373e-01  -6.3321047e-02  -3.2517278e-02  -1.0518397e-01  -1.9101110e-02  -4.4047235e-01   5.1454320e-01  -2.6920551e-01   4.2118465e-01   4.3524370e-01  -1.5328750e-01   1.2494487e-01  -3.2507346e-01   3.3625683e-01  -9.8269245e-02  -3.3091981e-01   3.2963783e-01  -6.0849819e-02   3.7576781e-03   6.0397197e-02   1.2539100e-01  -3.2790445e-01   4.1259060e-03   1.2832449e-01  -1.0297907e-01   1.7931058e-01  -3.5004388e-02   6.1821700e-03  -1.9465495e-01   3.0458506e-01  -2.5249602e-01   2.2120304e-01  -2.5483251e-01  -2.6534055e-01  -3.8336372e-01   2.2821163e-01  -5.4531617e-02   2.2691187e-01  -3.2159452e-01   1.6342506e-01   4.6352625e-01   4.5990491e-02   2.4044216e-02  -1.3402910e-01  -2.1474146e-01  -2.2576514e-01   2.9373661e-01  -2.5661703e-01  -3.2257907e-01   8.9907792e-02  -3.0012748e-01  -3.1937994e-01  -2.1216404e-01  -1.7190097e-01  -1.9764956e-02   1.0759609e-01  -3.0395327e-02  -2.6123144e-01  -2.3145861e-01   9.3609558e-02   1.1599954e-01   8.4802026e-02   2.4236223e-01   1.1905530e-01  -3.4404501e-01  -4.0080482e-01   5.2690711e-01  -1.0040106e-01   1.1140381e-01   2.6027717e-01   3.7736353e-02   1.0523963e-01   1.3971572e-01   2.7543765e-01   1.1557590e-01   1.9825652e-01  -2.7681438e-01   2.5714696e-01  -4.9602421e-01  -3.3368549e-02   1.6964705e-01  -5.6832980e-01  -4.8155694e-01   1.4642806e-01  -4.1277497e-01   5.6255903e-03   4.0639294e-01   3.3624624e-01   1.9202867e-01  -1.5193759e-01  -1.5790427e-01   3.4487492e-02   1.9870936e-01  -1.5453542e-01   1.9175089e-01  -9.0111903e-02   2.3577324e-02  -2.8656635e-01  -1.8524346e-01   2.5536778e-01   5.2679727e-01  -7.3812118e-02  -1.8622257e-01  -7.4268230e-02   2.0451087e-01  -3.2411048e-01   1.5074392e-01  -2.4804796e-01   1.6755087e-01   1.6919611e-01   1.0534495e-01   4.6696794e-01  -8.4559755e-02  -1.2250695e-02  -1.9012516e-01  -4.4151468e-02  -1.7655890e-01  -5.0626760e-02   2.2289198e-01   1.9252356e-04  -1.4683443e-01   2.1156703e-01  -2.7193079e-01   3.8815130e-01   9.5694739e-02   1.9590195e-01   3.0938141e-01  -8.1924510e-02  -8.4818923e-02  -5.9037065e-02   4.2496802e-01   2.4243845e-01  -5.2450971e-02  -2.7444821e-01  -2.9832164e-01   2.8110737e-01   4.8884198e-01   3.8957518e-01   1.8927220e-01  -2.1707320e-01  -1.6309815e-01   1.3723994e-01   2.3862461e-01  -1.8829069e-01   2.3818689e-01   3.5765061e-01  -1.3852834e-01  -9.6938958e-02  -1.5648035e-01  -1.2949370e-01  -1.6413005e-01   2.6172448e-01  -2.6814284e-01   9.4963664e-02   1.2531684e-01   1.9951905e-02  -1.0184222e-01   2.8380700e-01  -2.6831297e-01  -1.9730446e-01  -1.6223646e-02  -2.6972884e-01  -1.6423431e-01
