   0.0000000e+00  -3.0373164e-02   8.8390280e-02   2.8990569e-01   2.3168721e-01   4.1706363e-01  -3.9051646e-01   4.6971419e-01   9.2485278e-02  -3.5571876e-01  -3.1393547e-01  -6.7444117e-02  -2.4867152e-01   3.5549618e-01  -2.6543578e-01  -4.4766165e-01   2.0979605e-01  -3.9503577e-02   3.0111744e-01   3.0432741e-01  -1.5078301e-01   4.4428812e-01   4.4658653e-02   6.4423027e-01   8.5560877e-02   4.1189385e-01  -9.8180754e-02   3.6806160e-01  -3.0642563e-01   1.6680287e-01  -3.8471415e-01   3.9343704e-01   5.9114915e-02  -3.6018497e-01   3.8082833e-02  -1.8466473e-02  -4.1969095e-02   5.8108049e-01  -4.3241584e-01  -3.0246298e-01  -5.7788922e-02   1.1694877e-01   4.6766916e-02   2.8858087e-01  -2.1487280e-01   5.7326624e-01  -1.9825085e-01  -4.3688721e-01  -1.3573835e-01  -3.4169095e-01  -5.7017392e-02   4.1364995e-01  -2.9989653e-01   8.4143525e-02   3.7739796e-02   1.3277222e-01   4.5132025e-01   3.4341379e-01   1.3877894e-02   3.0050928e-01   4.2876409e-01   1.0222732e-02   1.4623986e-01  -3.4374209e-01  -2.0909972e-01  -1.3726289e-01   3.6646047e-01   3.5144720e-02   9.9956005e-02   2.5893524e-01  -3.0937631e-01   3.1923803e-03   9.9453295e-02   4.4420647e-01  -1.2371989e-01   4.4301262e-01   2.5805494e-01  -2.8370379e-02   2.1490768e-01  -9.2292669e-02   2.9406715e-01   1.0108527e-01  -2.8157596e-01   4.7871230e-01   1.6020886e-01   4.6357874e-01  -3.0771692e-01   2.1931976e-01   3.0168178e-01   7.3882803e-01   1.6004598e-01   4.2505405e-01  -6.3021714e-02   8.4785772e-02   4.7245133e-01  -4.0089988e-02  -1.4159456e-01   1.8452514e-01   6.5794161e-02  -3.4244151e-01  -1.6913453e-01  -2.6861872e-01   5.0515953e-01   3.0661418e-01   1.9913027e-01   3.3756913e-01   4.2119793e-02   2.8702787e-01  -7.0996267e-02  -6.8151674e-02  -6.5636319e-02   6.3974845e-02   2.8602569e-01   7.3257660e-01  -5.6720944e-02   1.2843296e-01   4.4537372e-01   2.7570213e-02   1.0360970e-01   2.9933558e-01   4.9215977e-01   8.5366307e-02  -1.1172186e-01  -8.8918134e-02   6.8505685e-01   5.2161020e-01  -1.3318662e-01   9.4645845e-02   3.0799663e-01   5.0134622e-02   3.7155621e-02  -3.1790652e-01   5.3011914e-01  -3.6909868e-01  -1.4258613e-01   3.1250959e-01  -1.1460774e-01   5.3081860e-02   4.6890436e-01   4.3541988e-01   2.5515022e-01   1.0864371e-02   7.1332078e-02   1.1696431e-01  -1.9040746e-01   1.3366877e-01  -2.8829245e-01  -4.2217704e-02  -1.3278020e-02  -3.3220649e-01   4.3554525e-01   4.1062624e-01   6.5878138e-01  -4.1332637e-01   1.2107531e-01   5.9333180e-01   3.6116978e-01  -3.2329818e-01   3.1555165e-01   2.9619559e-01   1.9356647e-01   4.4907555e-02  -2.2088658e-01   8.3174637e-02   1.4083471e-01  -2.0415906e-03  -1.7003431e-01   1.4378398e-01   2.2607856e-01  -3.4527693e-01  -5.3563209e-03   4.5387126e-01  -2.8634461e-02   2.2444880e-01  -7.0938608e-02   6.3303968e-04   2.4524487e-01
  -3.0373164e-02   0.0000000e+00   7.0443470e-02   1.7806101e-01   4.1424840e-01  -3.5482702e-02   1.2118272e-01  -7.3521573e-03   2.1174739e-01  -1.3907202e-01   3.1123908e-01   5.3676102e-01  -1.2922774e-01  -1.9135610e-01  -7.6914346e-02  -6.5685274e-02   1.7327243e-01  -2.8643453e-02   1.3356452e-01   3.9658647e-01  -1.3801000e-02  -1.0579627e-01  -3.1172942e-01  -3.4589959e-03  -4.3358970e-02  -1.3618516e-01  -8.6199615e-02  -2.3062819e-01   4.0920937e-02  -4.5155143e-02   1.1040828e-01  -1.6096278e-01  -2.0485120e-01   2.4794659e-01   4.0206088e-02   1.8518277e-01   8.6523891e-02  -2.0107333e-01  -3.0279037e-02   8.6749232e-02   1.1258321e-01   1.2597357e-01   2.2887381e-01  -3.7426599e-02   1.5453213e-01  -7.2909759e-02  -1.2947918e-01   1.4283004e-01  -1.8587138e-01  -1.0411389e-01  -2.2713566e-01   5.6018549e-02   3.6100427e-01  -2.2474767e-01  -7.5601434e-03  -1.6451963e-01  -2.0155108e-01  -5.4906793e-02  -2.5090244e-01   3.3967466e-01  -1.5917747e-01  -1.2919824e-01   3.9118373e-01   1.0461570e-01  -1.3568484e-01   4.8036112e-02  -2.1169654e-01   2.5586531e-01  -3.2291545e-01  -1.7743342e-01   5.7652391e-01   7.5476170e-02   1.7384098e-01  -3.0469424e-01  -2.9052508e-01   2.0204732e-01  -2.9201696e-01   9.6936450e-02   3.8895180e-01   3.3173145e-02  -1.8713391e-01   1.5983907e-01   4.6631602e-01  -9.1719011e-03   2.8315746e-01   1.4219052e-01   2.0267445e-01  -1.2775854e-01   3.7517009e-01   9.6136761e-02   4.2895054e-01  -1.2765769e-01   1.5862546e-01   2.8263478e-01   2.9513519e-02   2.8434861e-01  -2.1687696e-01  -2.4155549e-01   1.6997112e-01  -8.3018134e-02  -1.5308351e-01   2.7569327e-01  -2.0467564e-01   2.4159835e-01  -9.6090297e-02   2.1105134e-02  -2.7800149e-01  -3.8006919e-01  -1.3896616e-01  -6.1789763e-02   3.3483908e-01  -2.6912302e-01   1.3682239e-01  -2.2550099e-02  -2.1628099e-01   5.2397018e-01  -1.4718387e-01   7.2013163e-02  -3.4091624e-01   1.0671988e-01  -5.7186834e-02   2.9649063e-01   2.1401796e-01   3.6998375e-02  -7.2400331e-02  -4.8229388e-02   1.8395189e-01  -1.4815404e-01   1.9559835e-01  -1.7757187e-02   4.5101170e-01   1.7395540e-01   4.9894869e-01  -1.5919130e-01   1.6862517e-01   4.1225597e-02  -1.5028425e-01  -2.5406325e-01  -7.1844119e-02  -1.6378958e-01  -6.7903209e-02  -1.1106254e-01   2.0324908e-01  -3.3729434e-01  -1.5707430e-01   2.4720906e-01   1.9559832e-01   5.9485726e-01   1.7770537e-01  -5.9062030e-02  -2.5567899e-01  -1.0275416e-01   3.4118033e-02   3.1021015e-01   2.2036266e-01   3.3900615e-02  -1.2730605e-01  -5.5300161e-04  -1.3233070e-01  -2.2199682e-01   3.1752358e-02  -1.7495817e-01   2.8781888e-01   1.4415592e-01  -1.3547354e-01   3.5879825e-01   2.7244481e-01   4.6741415e-02  -7.6945634e-02   1.6571528e-01   3.6237354e-01  -2.5997464e-01   1.1131521e-01  -2.4189811e-01   1.1785934e-01   1.0431014e-02  -8.7564552e-02
   8.8390280e-02   7.0443470e-02   0.0000000e+00  -5.4683819e-02   2.6332699e-01   8.0269866e-02  -9.4661750e-02   2.2890115e-02   7.3498447e-02   1.5517628e-01   5.3486739e-02   5.5339251e-01  -3.0474164e-02  -5.2879562e-02  -3.3743398e-01   2.7551600e-02   5.7970143e-01  -4.0351690e-01   3.9758326e-02   4.3704824e-01  -3.7406244e-01  -1.8237813e-01  -3.8610858e-01   1.1716873e-01  -1.5943495e-01  -1.3089107e-02  -8.7375064e-02  -1.2765397e-01  -1.9895863e-01  -3.4916538e-01  -3.1069715e-01  -2.2166276e-01  -2.2358841e-01   3.6630863e-02   5.2141393e-02   3.3568066e-01   1.9435950e-01   1.3402818e-01  -2.9852714e-02   3.4546357e-01   8.0410683e-02   9.5437989e-02   3.4662058e-01  -3.4965942e-02  -6.9053352e-02   2.7917023e-01  -5.1368774e-02  -3.2049999e-01  -1.5242406e-01   3.4222400e-01  -2.1597358e-01  -5.1917924e-02  -1.3106946e-01  -1.7062675e-01  -1.5005975e-01  -6.5165274e-02   2.8769060e-01  -1.6133635e-01  -1.9711266e-01   2.8685190e-01   2.3260052e-01  -2.6722670e-02   1.6475723e-02  -1.6292256e-01  -4.8290758e-01   7.7361271e-02   8.5785726e-04  -2.1613244e-01  -1.8099913e-01   5.0313412e-01  -8.9413965e-02  -3.1470196e-01   3.2507044e-01  -1.1249223e-01  -1.7687819e-01   2.0499843e-02   1.6356293e-01  -5.3611854e-02   2.7816469e-01  -3.1577193e-02  -1.0312564e-01   2.1398376e-01  -8.5295263e-02   1.4501717e-02   2.7757176e-01  -7.5629556e-02  -3.1836606e-01  -8.3015867e-02   2.6967131e-01   6.4949164e-02   1.7731648e-01   1.3828867e-01   5.0836974e-01   1.3148791e-02  -1.0538619e-02   2.5303380e-01  -1.8256442e-01   1.1804386e-03  -1.7637406e-02  -3.4938590e-01   1.9756379e-01   1.0773077e-01  -2.4264029e-01  -1.4042638e-01  -3.3199822e-01  -1.9106441e-01  -8.2519529e-03  -1.3500217e-01  -1.6908044e-01   1.8475251e-02   2.2492943e-01  -3.5604148e-01  -3.1155418e-01   8.1944742e-02  -2.0844108e-02   2.1042472e-01   1.0483233e-01   1.8898180e-01  -1.1546992e-01  -2.6115973e-01   6.8083906e-02   1.9135238e-01   3.3208697e-01  -3.2820429e-01   1.4076327e-01  -3.4322425e-02  -2.9648726e-01  -1.9195623e-01  -2.9561726e-01   4.8586469e-01   8.7824615e-02  -1.5821471e-01   1.2475106e-01  -2.8101110e-01   9.6079230e-02   4.9388760e-02  -2.0435565e-01  -9.6381421e-02  -1.1131354e-01   6.3040194e-02  -3.0559614e-01  -3.7253657e-02   1.6681828e-01   8.3244700e-02  -3.2908529e-01  -1.5636060e-01   3.5996126e-01   2.1115071e-01   2.1400355e-01  -1.8131180e-02   1.7124672e-01  -1.7284998e-02  -6.3393199e-02  -1.2101649e-01   5.4040534e-01   1.9424382e-01   4.1719932e-02  -7.5929005e-02   6.3038783e-02  -1.3553514e-01  -1.6879504e-01   5.2177107e-04   1.5064808e-03  -4.0331095e-01  -2.4208105e-01   2.3979392e-01   1.7778746e-01   4.2224062e-02   1.6921878e-02   2.1740485e-01   2.8816095e-01   1.0249769e-01  -3.7906433e-01   6.2055786e-02   1.2431524e-01  -7.1584896e-02  -6.5394522e-02
   2.8990569e-01   1.7806101e-01  -5.4683819e-02   0.0000000e+00  -4.0222755e-02   2.2349165e-01  -1.2398853e-01   4.2635821e-01   3.2078130e-01  -4.8488658e-01  -1.2566769e-01   1.2326152e-02  -5.3822653e-01   1.4999165e-01   1.0837143e-02  -1.2354290e-01   1.2432807e-01   1.1437419e-01   2.6446714e-02   6.3613868e-02  -1.0252981e-01   4.5961082e-01  -3.1890929e-02   8.1280819e-02  -1.5348796e-01   1.4222868e-01  -4.0810404e-02   1.7566245e-01  -9.2849839e-02   3.6749691e-01   1.1396593e-02   4.1740447e-01   2.5921847e-01  -1.8124911e-01  -6.7811885e-02  -1.9842490e-01  -2.6190057e-01   2.4759795e-01  -2.9517757e-01  -9.0360099e-03  -2.3469127e-01   2.3438784e-01  -1.2712669e-01   1.2376069e-01  -9.9771228e-02   1.3466590e-01   5.8588035e-02   7.8432548e-02  -1.0911758e-02  -2.2972110e-01   2.8882860e-02   1.9813963e-01  -1.5975675e-01  -3.1852871e-02   7.1614523e-02  -1.3405410e-01   1.0357021e-01   3.5900208e-01   2.3250690e-01   5.1485497e-02   2.9309755e-01  -4.2882022e-01   7.4747778e-02  -3.6851552e-02  -3.8781257e-02  -3.0879362e-01   2.9217372e-01  -1.7851553e-01   8.5624898e-02  -1.1024267e-01  -9.1867471e-03   1.4764773e-01   2.8577500e-01   3.7287112e-01  -2.9403865e-01   3.6538948e-01   2.4399511e-01   1.4255921e-01  -1.8060691e-02  -2.4754465e-01   1.7663698e-01   3.5681391e-01   7.1025319e-04   2.7721347e-01   2.0945122e-01   3.6671378e-01   5.2414143e-02   3.3565397e-02   1.9093115e-01   2.5990311e-01   6.1678849e-02   3.9865614e-01  -7.6821034e-02   7.7313412e-02   3.0115383e-01  -3.0939190e-02  -2.8355266e-01  -8.4044128e-02   4.3223872e-01  -3.5866698e-01  -1.3399288e-01  -2.2093257e-01   2.0593717e-01   2.8412215e-01   3.0815400e-01   5.6518787e-01  -2.0495052e-01   2.4521199e-01  -3.5247682e-01  -2.6852753e-02   4.1130359e-02   2.0804146e-02   2.8955251e-01   2.6754796e-01  -9.6994696e-02   2.0901947e-01   1.8819606e-01   3.0157963e-02   9.3641235e-03   5.1658106e-01   8.1597906e-02  -1.5535166e-01   1.8036743e-01   4.6214176e-02   2.9298751e-01   2.9942079e-01   1.0917747e-01  -1.6523978e-01   4.1565883e-01   1.1195601e-04   2.1013515e-01   1.6841760e-01   2.9373492e-01  -1.1638462e-01   1.5967743e-01   4.0407216e-01  -2.7879644e-01   9.9907187e-02   3.7147144e-01   3.6114852e-01  -9.2941244e-02  -3.3735501e-01   2.2770551e-01  -5.8599787e-02  -1.1640839e-01   2.0077284e-01  -1.0860935e-01   2.4320218e-01  -2.1038105e-01  -3.5524235e-01   4.1691374e-01   1.8192454e-01   3.1891762e-01  -1.9229109e-01   3.2005919e-01   9.3378155e-02   1.8766002e-01   1.2581448e-02   2.9677353e-01   2.0153064e-01  -1.9370377e-01   5.9012498e-02  -2.8959876e-01   1.7332887e-01   1.9928232e-01  -9.9379628e-02  -1.4785098e-01   1.3724219e-01   1.1068432e-01  -9.5185696e-02  -1.4372183e-01   5.3574913e-02   1.9987256e-01   1.0578960e-01  -2.3543095e-01   3.0675302e-02   5.6351130e-01
   2.3168721e-01   4.1424840e-01   2.6332699e-01  -4.0222755e-02   0.0000000e+00  -5.6158959e-02  -2.4859387e-01   9.5644930e-03   1.2232402e-01  -2.4188022e-02   3.1454034e-02   4.1074145e-01   6.0160621e-02   1.6855526e-02  -2.6472139e-01  -1.1915756e-01   2.7409903e-01  -1.0984729e-01   2.0406997e-01   7.6404848e-01  -8.3999758e-02  -1.0938122e-02  -2.5291623e-01   1.1777714e-01   5.0800858e-02  -4.1205483e-02   5.1348612e-02  -2.1976642e-01  -2.6715738e-01  -1.3056722e-01  -2.7117780e-01   9.7784237e-02  -1.1039000e-03  -1.5248370e-01   2.7733142e-02   2.1139725e-01   7.6383960e-03   3.3478640e-02   3.9563425e-02  -2.2104731e-02   3.2121192e-01   1.1571871e-01   2.8384805e-01   2.6752976e-03   9.2707449e-02  -1.1634222e-02  -2.6066128e-01  -2.8300436e-01  -1.3069857e-02   4.3778144e-02  -1.7972306e-02  -1.0967077e-01  -1.2531991e-02   1.2462523e-01  -1.5612344e-01  -1.2859840e-01   9.6976872e-02  -9.5588683e-03  -4.9604762e-02   2.9677904e-01   3.7840231e-02   1.9821073e-01   2.6475731e-01  -7.6533121e-02  -1.4861195e-01  -1.8613097e-01  -1.4181053e-01   2.8553794e-01  -1.6596722e-01  -1.4378544e-01   8.4212438e-02  -3.1359805e-02   1.1376177e-01  -1.6161961e-02   1.9733514e-02   2.1354728e-01  -1.0057564e-01   1.5234774e-01   7.4434573e-01   4.3831393e-01  -2.1574267e-01   1.1302646e-01   3.8260842e-02   1.3178033e-01   3.7222526e-01   2.8343118e-01  -1.9011102e-02  -9.9873062e-02   2.9342822e-01   1.4445602e-01   8.2093905e-01   3.1247095e-02  -7.9459303e-03   1.9053925e-01   3.9293223e-02   5.4450346e-01  -4.8860623e-02  -1.1958299e-01  -3.7415614e-02  -2.2308458e-01  -7.5938051e-02   1.0458663e-02   2.3138087e-02   1.3950624e-01  -2.7353445e-02   1.0936280e-02   8.5203703e-02  -1.9132508e-01   2.6797989e-01   2.0699059e-02   1.0897863e-01  -1.2856996e-01   1.7567114e-01   7.6764043e-02  -1.5620758e-01   4.9284453e-01  -1.0730669e-01   1.8727292e-01  -1.3058091e-01   8.3825924e-02   3.3685370e-02   7.4164587e-01   1.2009070e-01  -4.4728462e-02   5.7836680e-02   1.8100546e-01   2.0389258e-01   1.5214136e-01   1.8406166e-02  -2.9997211e-03   4.4601765e-01  -2.4834556e-01   4.1404485e-01  -3.6112520e-01  -5.5815259e-02   1.1317938e-01  -1.4431554e-01  -1.4187675e-01   1.5273634e-04   8.2642276e-02   1.8530913e-02  -2.6031308e-02   9.3755933e-02  -1.8983668e-01  -2.2693386e-01   1.0130523e-01   1.1301860e-01   3.4301919e-01  -1.1392981e-01  -4.3203078e-02  -9.6528262e-02  -1.2869066e-01   2.3485842e-01   7.7252443e-02   1.4218504e-01   2.7370013e-01  -7.1113243e-03  -7.5561611e-03   6.4979593e-02  -2.6516499e-01   8.2496019e-02  -8.9811715e-02   5.2689908e-01   8.5119753e-02   2.4031045e-02   1.2296937e-01   1.1884056e-01   8.6790902e-02   1.9041895e-01   1.7970208e-01   4.2038717e-01  -1.2431971e-01   6.3963809e-02  -1.3675877e-01   1.5146807e-01   1.4248715e-01  -9.5684628e-02
   4.1706363e-01  -3.5482702e-02   8.0269866e-02   2.2349165e-01  -5.6158959e-02   0.0000000e+00  -1.1357414e-01   3.4422177e-01  -8.1949215e-02  -3.2111802e-02  -5.0237119e-02  -4.0646094e-02  -2.9397675e-01   2.1946648e-01  -1.5653523e-01  -2.2477496e-01   2.6564612e-02   8.0334711e-02   2.2959513e-01   3.7537256e-02   1.1799606e-01   5.8294113e-01   1.9982138e-01   4.5291799e-01  -2.9308511e-01   3.1765691e-01   1.3602546e-01   3.0959191e-01  -7.5513286e-02   4.8767477e-01  -2.5972360e-01   3.2513413e-01  -1.5591220e-01  -2.3615739e-01   2.9263385e-01   9.2022564e-02   4.5325811e-02   2.1145296e-01  -3.3885745e-01   6.1670988e-02  -1.2069075e-01  -4.8379046e-02   6.7220070e-02  -5.9981080e-03  -7.7107093e-02   3.9008407e-01   2.1811867e-01  -1.0888344e-01  -4.1012310e-01  -3.3504248e-01   2.3763556e-01   2.7942104e-01  -2.4727156e-01  -4.2818818e-01   1.7191460e-02   8.1851140e-02   4.6777173e-01   4.4629550e-01   9.5587732e-02   3.2255044e-01   1.2936815e-01  -1.2344880e-01  -8.1014480e-02  -4.2990597e-01  -3.4514185e-01   1.7660168e-01   6.4980097e-01  -2.4723835e-01   4.7072316e-01   3.2406559e-01  -2.4198691e-01   1.0684788e-01   2.1123372e-01   1.8891547e-01  -1.4614681e-01   3.2483074e-01   1.0297184e-01  -5.8024771e-02  -6.0527189e-02  -3.8738274e-01   2.7304090e-01   9.4842530e-02  -2.4915089e-01   2.8177966e-01  -1.5470550e-01   1.9766027e-01  -9.7846821e-02   1.8448956e-01   8.9470380e-02   3.9626933e-01  -1.3105422e-01   2.2167866e-02  -9.6749866e-03   1.3382131e-01   2.6278342e-01  -2.1498253e-01  -2.4992150e-01   3.8044350e-01   3.1969020e-01  -1.4807539e-01  -2.7871854e-01  -1.5341342e-01   5.0398997e-01   3.9303967e-02   3.5121964e-01   3.5295689e-01  -1.8138664e-01   5.0595452e-01  -2.1488215e-01   2.6949688e-01  -5.7547061e-02   2.7368463e-01  -2.4647522e-02   2.1488039e-01  -6.8423897e-02  -6.6327102e-02   3.3159277e-01  -7.8939816e-02   2.2131208e-01   5.1724332e-01   6.3094702e-02  -6.9285135e-02   1.2316590e-01  -1.1875004e-01   4.1362006e-01   5.0083653e-01   6.1200671e-02  -2.7447770e-01   1.3512929e-01   3.0741604e-01  -4.1068160e-02  -9.8622838e-02   2.1514744e-01  -2.4714419e-01   8.5005272e-02   2.0203510e-01  -3.2689256e-01   6.9277692e-02   3.3967703e-01   1.9968626e-01   1.4672247e-01  -1.5262552e-01   2.2662927e-01   1.9007738e-01  -2.1791736e-01   5.6638811e-02  -3.3911228e-01  -9.2963071e-02   2.2872044e-01  -4.4415785e-01   1.8490647e-01   5.3362368e-01   8.6767929e-02  -3.9000577e-01   2.7670333e-01   2.2260663e-01   1.7186977e-01  -2.6644901e-01  -6.7061640e-02   3.4803945e-01  -1.1373051e-01  -5.5277595e-03  -3.2211319e-01  -7.7947446e-02   2.5714032e-01  -1.2530115e-01   4.8764305e-03   2.4236558e-01  -6.1233054e-02  -2.6543439e-01  -7.7847243e-02   1.1038088e-01  -1.7030802e-01   5.0918115e-01   5.8088644e-02  -3.2207800e-01   4.8415139e-01
  -3.9051646e-01   1.2118272e-01  -9.4661750e-02  -1.2398853e-01  -2.4859387e-01  -1.1357414e-01   0.0000000e+00  -3.6024904e-01  -1.4400242e-01   5.1292710e-01   4.3496069e-01   3.3297505e-02  -1.4751207e-01  -1.6793782e-02   5.9879236e-01   1.4735667e-01  -3.4589919e-01   9.8592879e-02  -1.4321423e-01  -1.6049797e-01   1.8983228e-01  -1.8588950e-01   4.4596529e-01  -4.4483387e-01  -2.4316654e-01  -3.1944274e-01   1.0070251e-01  -2.3887762e-02  -2.0215627e-02   1.4971551e-01   5.3739289e-01  -1.8820692e-01  -2.9333553e-01   6.5690640e-01   1.8820855e-01   2.0774398e-01  -1.6621515e-02  -3.9664537e-01   2.7798841e-01   4.6912756e-01  -6.2116044e-02  -1.7468788e-01  -1.5732802e-02  -8.1926593e-02   1.7581052e-01  -2.7759490e-01   3.2515300e-01   6.0477785e-01  -8.6447465e-02  -1.0455444e-02   1.4216481e-01  -2.2580940e-01   3.5864994e-01  -3.0603912e-01   1.8109833e-02   4.2926965e-02  -3.1983842e-01  -3.5664430e-02   1.1000617e-02  -7.2960285e-02  -3.0954312e-01  -7.0284452e-02  -2.9591285e-01   4.2349993e-02   2.2624763e-01   4.9851795e-01  -5.7994314e-02  -2.2032945e-01  -1.1524550e-01   1.4298071e-01   4.2658083e-01   9.9358029e-02  -5.7733083e-02  -2.1744202e-01  -9.7756479e-02  -3.8365094e-01  -2.8140963e-01  -1.3537994e-01  -2.9712524e-01  -1.1711296e-01   9.3394013e-02   6.0363773e-02   4.4099186e-01  -2.9682513e-01  -2.3743803e-01  -3.8233419e-01   5.0024770e-01  -1.7108095e-01  -1.7868377e-01  -4.2605426e-01  -2.7539169e-01  -4.4109606e-01   1.9824069e-02  -1.4151483e-01  -4.0211589e-01  -2.0994384e-01  -1.7739803e-01  -5.6621914e-02   1.3376450e-01   7.4574859e-01   3.0243842e-01   5.3681367e-01  -2.3632002e-01   8.3065577e-02  -1.0374232e-01  -2.4460617e-01  -1.7680819e-01  -1.8311970e-01   2.1610038e-01  -4.3455973e-02   2.5993943e-01   2.6290661e-01  -2.0543861e-01  -5.2360453e-01   3.7782440e-01  -3.9748556e-01  -2.0292953e-01  -1.9789222e-01   1.2314302e-01  -8.3308238e-02  -3.7291960e-01  -7.4007842e-03   2.0989419e-02   1.8293367e-01  -4.4495341e-01  -2.8320434e-01   2.9462766e-01  -2.0176746e-01  -3.1418136e-01   1.5242273e-01   8.4796009e-02   3.9437689e-01  -3.6272340e-01   4.1032438e-01  -8.4818018e-02  -3.5213310e-01  -3.3368241e-01   1.6498809e-01  -4.5066581e-01  -3.0630238e-01  -2.2144847e-02  -3.1123707e-01  -2.3313641e-01   1.1083201e-01   4.2243287e-01  -1.2714935e-01   6.0449509e-01  -1.7064617e-01   2.1906919e-01   3.8197731e-01  -5.3903224e-02  -1.8267779e-01  -3.4957883e-01   2.7070748e-01  -7.6644097e-03  -4.4028299e-01  -3.2689279e-01   2.2745758e-01  -3.2183265e-01   5.1776434e-02  -2.6261910e-01  -1.4237186e-01   2.0738733e-01  -1.2801774e-01  -2.0412432e-01  -3.5745527e-02   2.3865558e-01  -9.0679961e-02  -2.6054817e-01  -1.5217765e-01  -4.4302790e-02  -3.6864473e-01  -2.0059209e-02  -8.0949974e-02   7.2644132e-02  -2.6578359e-01  -3.8429030e-03
   4.6971419e-01  -7.3521573e-03   2.2890115e-02   4.2635821e-01   9.5644930e-03   3.4422177e-01  -3.6024904e-01   0.0000000e+00   1.9838109e-01  -3.4181900e-01  -3.6995991e-01  -6.3203262e-02  -1.0605926e-01   1.4899487e-01  -1.5057181e-01  -5.7689500e-01   1.2130802e-01  -1.4275154e-01   3.6120891e-01   8.1380957e-02  -2.3574758e-01   4.5799478e-01  -6.9899843e-02   3.7524914e-01  -2.4516273e-02   3.6935913e-01  -2.2014846e-02   3.1236309e-01  -8.6578725e-02   2.7157925e-01  -2.0368190e-01   2.7514762e-01  -4.2042817e-02  -3.3203803e-01   1.3338945e-01  -7.0302466e-02  -5.9657296e-02   3.6076429e-01  -5.9100124e-01  -3.1674360e-01  -5.6554940e-02  -8.0798407e-02  -9.4859664e-02   4.1360563e-01  -2.1785469e-01   3.8685621e-01  -2.4649054e-01  -1.9515143e-01  -4.3248097e-02  -3.1410195e-01  -1.4973654e-01   5.6894356e-01  -3.0932631e-01  -4.2682969e-02  -1.1287781e-01   9.4047962e-02   4.9543321e-01   3.3739166e-01  -4.3167324e-02   1.4465491e-01   3.9711517e-01  -2.2108598e-01   9.6372379e-02  -6.3667629e-02  -2.0257511e-01  -2.2645002e-01   3.9297181e-01  -4.2287574e-02   1.3605692e-01   1.3909949e-01  -2.4156129e-01  -1.4124292e-01   1.2523064e-01   3.3155868e-01  -4.0297541e-02   4.7751974e-01   3.6994421e-01   2.3471099e-01   1.8767939e-01  -2.5329108e-01   3.0224884e-01   1.6091497e-01  -2.7808877e-01   5.5090854e-01   1.9028149e-01   4.3887639e-01  -1.9535744e-01   1.3599906e-01   1.9299760e-01   4.9301165e-01   2.2486521e-02   3.7150059e-01  -4.9893721e-03   1.8774453e-01   4.2023039e-01  -8.6706977e-02  -9.8340940e-02   2.0457855e-01   8.9588990e-02  -4.1623841e-01  -1.7751255e-01  -2.4373967e-01   4.1251304e-01   1.5662761e-01   1.5207263e-01   4.5277321e-01  -3.0568773e-01   4.6441063e-01  -9.2765368e-02  -2.3452555e-01   4.3396371e-02  -7.1226968e-03   9.7722256e-02   5.0990606e-01   4.0850674e-03   1.0232773e-01   3.1625211e-01   1.8993608e-01   1.5328352e-01   3.0546675e-01   2.7097910e-01   2.1883649e-02   1.4182292e-01  -6.8871674e-02   4.6627720e-01   3.7836253e-01  -1.6433916e-01  -1.2690080e-01   2.0375131e-01   2.5648995e-02   1.8518313e-02  -2.2065437e-02   4.1383288e-01  -2.8319087e-01  -1.1596424e-01   5.4178326e-01  -1.9926049e-01   1.8970811e-01   6.5990776e-01   3.2182852e-01   7.1568926e-02   2.6924096e-02   3.4067031e-02   7.3043601e-02  -6.0245471e-02   2.2020259e-01  -2.8168713e-01   8.2359431e-02  -3.3593016e-02  -3.3440456e-01   4.4879109e-01   4.8095837e-01   4.0511482e-01  -1.5603548e-01   2.2342507e-01   3.6478311e-01   2.7819827e-01  -3.1153541e-01   1.6233789e-01   4.0675655e-01   9.8608051e-02  -4.9183932e-04  -1.3241983e-01  -1.0682191e-01   3.4553704e-01  -2.9236658e-02  -2.7621820e-01   5.4923523e-02   5.6741369e-02  -2.6421154e-01   1.1059193e-01   3.4260396e-01  -9.8060847e-02   2.2748704e-01  -6.7122466e-02  -2.6528847e-01   4.5028659e-01
   9.2485278e-02   2.1174739e-01   7.3498447e-02   3.2078130e-01   1.2232402e-01  -8.1949215e-02  -1.4400242e-01   1.9838109e-01   0.0000000e+00  -1.2687800e-01  -8.2812251e-02   4.9833707e-02  -1.0594855e-01   5.1720944e-02   2.7143415e-02  -1.6049565e-01   7.8877410e-03   1.8806518e-01  -3.2097446e-02   1.1464966e-01   6.8204084e-02   1.1961323e-01  -1.0964870e-01   4.0124757e-02   1.2973248e-01  -8.6298936e-02  -1.6708819e-01  -1.6600821e-01   2.8049168e-02  -4.1735350e-04   7.9315482e-02   1.2748354e-01   2.2010348e-03  -3.8325940e-02   5.3121690e-02  -3.5740202e-02   1.6794081e-01  -3.6883516e-02  -2.4134326e-01   3.9060483e-03  -3.3642310e-01   1.4344413e-02   1.8793605e-01   8.3611031e-02   1.7519376e-02   1.4170901e-03  -2.5754558e-02  -3.1269679e-02   4.2464769e-02  -2.0880297e-02  -3.1194416e-02   1.2608444e-01   1.9396603e-02  -6.4847809e-02  -1.1918335e-03  -4.9284775e-02   1.7578347e-01   1.0792497e-01   1.6843363e-02   3.1537340e-01   1.8457111e-01  -2.0920987e-02   2.8858918e-01   1.8752226e-02   1.8949306e-01  -4.0121442e-02   3.5968646e-02   2.3261405e-01  -1.4864214e-01  -1.0035984e-01   4.0232868e-02   2.3560344e-01  -3.1673088e-02   1.8883423e-02  -1.5348852e-01   1.2076070e-02   9.8469973e-02  -5.1450161e-02   2.3606463e-01  -1.5099408e-01   5.1026366e-02   5.7281207e-04  -4.6839274e-02   1.3368162e-01   1.7761564e-01   1.6162702e-01   8.7348264e-02   1.1397294e-02   3.8698758e-01   1.5355052e-01   8.1540913e-02   2.4033416e-01   2.0384397e-01   3.4655859e-01   1.8362400e-01   2.0682803e-01  -9.0256798e-02  -2.2661666e-01   2.4443915e-01  -3.0742238e-01  -4.0796034e-02   1.0237773e-02   4.1211685e-02   5.8004717e-01   2.4772196e-02   1.2524034e-01  -1.2261843e-01   1.6406234e-02  -9.2332691e-02   5.9200979e-02   2.1653325e-01  -2.1996844e-01   3.4407449e-01   7.9068849e-02  -6.2221295e-03   3.2151416e-01  -6.8877494e-02  -1.3466317e-01  -2.3609747e-01   2.1895269e-01   1.5224087e-01  -4.5124041e-02   1.0070160e-02   2.5896204e-01   3.9819763e-02   4.1884336e-02   4.4688723e-02  -1.7659202e-01   2.6060377e-01  -2.8162743e-02   1.1866598e-01  -2.6296757e-02   3.1946272e-01   2.7780459e-02   3.5145897e-01   9.2207517e-02  -3.4622251e-02  -1.2149796e-01  -3.0674852e-02   1.6880318e-01  -8.9711823e-02  -1.6946413e-01   1.9229214e-01  -1.6286165e-01   6.8731522e-02   3.6982079e-01  -9.0324574e-02   3.7141355e-01   2.9269599e-02  -8.4750419e-03   1.3601849e-01   9.5506994e-02   3.1629283e-01   3.0519268e-02   1.1141022e-01   8.6084166e-02   6.6493044e-02  -5.0102559e-02   1.2749852e-01   1.0527921e-01   1.1776738e-01  -2.4672683e-02   3.2120959e-02   3.6081093e-01   5.5107284e-02   1.4787097e-01   1.1196738e-01  -1.8685759e-01  -1.3695343e-01   1.3406480e-01   2.1789464e-01   7.2172989e-03   3.2386114e-01  -1.5203031e-01  -1.7945054e-01   9.2855101e-02   1.1751544e-01
  -3.5571876e-01  -1.3907202e-01   1.5517628e-01  -4.8488658e-01  -2.4188022e-02  -3.2111802e-02   5.1292710e-01  -3.4181900e-01  -1.2687800e-01   0.0000000e+00   3.5153875e-01   2.8514793e-02   3.1897111e-01  -1.6257601e-01   3.3709977e-01   1.4680198e-01  -2.0316521e-01  -6.4025360e-02  -1.4295936e-01   4.6096389e-02   2.5082930e-01  -3.2255355e-01   2.6397021e-01  -2.3384715e-01  -1.2127404e-01  -1.8892939e-01   7.0049177e-02  -1.8983144e-01  -1.1443022e-01  -1.0885342e-01   2.1807914e-01  -3.0062036e-01  -3.9179592e-01   4.0282240e-01   1.1256417e-01   4.5735910e-01   2.2823457e-01  -3.7812772e-01   3.3276998e-01   4.2934005e-01   1.8412773e-01  -2.8028470e-01   1.5047104e-01  -9.0028165e-02  -3.3970413e-02  -1.2151787e-02   3.1530461e-01   2.7603300e-01  -2.1570837e-01   1.0470701e-01   1.4278923e-01  -3.5230978e-01   2.1468837e-01  -3.2453916e-01  -1.0464889e-01   1.6900939e-01  -1.5758619e-01  -2.3230903e-01  -1.0154210e-01  -2.5791350e-02  -2.4068549e-01   7.6306697e-02  -3.5453452e-01  -1.4617025e-02   6.3905252e-02   6.4603476e-01  -9.6784147e-02  -1.0864770e-01  -8.9635694e-03   3.0203666e-01   6.4474896e-02  -6.1144582e-02  -8.9786610e-02  -2.7988264e-01   9.4005924e-02  -3.9286242e-01  -2.0551803e-01   4.1756017e-02  -5.6378960e-02   8.1900862e-02   1.0615073e-01  -1.0860965e-02   1.8503281e-01  -3.9442327e-01  -2.8588216e-01  -3.3564172e-01   1.4648994e-01   2.7116127e-02  -2.1530838e-01  -3.3204965e-01  -6.6127335e-03  -4.0722066e-01   1.1408253e-01  -1.9887488e-01  -3.0064828e-01  -2.1286803e-01  -6.0973619e-02  -7.0181763e-02  -2.3376242e-01   4.8558692e-01   2.5928763e-01   3.6380428e-01  -2.3379718e-01   9.6898728e-03  -2.9915603e-01  -4.0529309e-01  -1.2962438e-01  -1.6457055e-01   2.9744233e-01   1.3269826e-01  -2.0396336e-02   1.9044402e-01  -2.5983591e-01  -4.9032843e-01   2.2477471e-01  -3.9805469e-01  -1.4632806e-01   4.7757065e-02   1.4836328e-01  -3.4069230e-01  -2.3685902e-01   3.1022793e-01  -6.0953895e-02   3.2909278e-02  -3.0349324e-01  -3.7069780e-01  -4.7174803e-02  -7.3398901e-02  -5.0267524e-01   3.6799168e-01   3.6533582e-02   6.3271839e-02  -4.4667527e-01   2.9481677e-01  -1.7868533e-01  -2.9485760e-01  -2.7584114e-01   1.4217150e-01  -4.3739971e-01  -2.1115558e-01  -7.7037439e-02  -1.1188525e-01  -2.7768560e-01   2.5854176e-01   2.2170634e-01  -3.1902582e-01   3.5838126e-01  -1.7901588e-01   3.6503872e-01   6.2715420e-01  -1.3634932e-01  -1.6073497e-01  -3.8892474e-01   2.6379172e-01  -1.3966820e-01  -2.4704058e-01  -2.8111532e-01   1.3121931e-01  -3.8797048e-01  -1.5459914e-01  -1.0254421e-01   4.1518407e-02   5.3609567e-01  -3.0677594e-01  -2.0480419e-01  -2.1326657e-01   7.8228356e-02  -9.0462784e-02  -2.7479274e-01  -9.0844307e-02  -7.1309279e-03  -3.0657973e-01  -3.1084795e-01  -1.0722076e-01   9.9600444e-02  -2.6888531e-01  -1.9697612e-01
  -3.1393547e-01   3.1123908e-01   5.3486739e-02  -1.2566769e-01   3.1454034e-02  -5.0237119e-02   4.3496069e-01  -3.6995991e-01  -8.2812251e-02   3.5153875e-01   0.0000000e+00   1.4251291e-01  -7.7622970e-02  -1.3892787e-01   1.7755991e-01   1.5220636e-01  -1.1185953e-01   2.0157061e-01  -1.0256436e-01   1.7396577e-02   2.8698748e-01  -2.6250463e-01   1.0032978e-01  -4.1650299e-01  -3.8396613e-01  -1.5084647e-01   1.6724462e-01  -2.0953273e-01  -2.2116049e-01   9.2416455e-03   4.6127909e-01  -1.4609748e-01  -3.0475731e-01   4.5819414e-01  -3.2550550e-02   3.6852957e-01   2.0736385e-01  -4.4106050e-01   2.7093297e-01   2.7135847e-01   2.7778469e-02  -1.6656975e-01   3.9645438e-02  -5.9537275e-02   2.2076182e-01  -2.2312335e-01   4.7397754e-01   4.5020477e-01  -3.4276435e-01  -3.0408468e-02   2.9156343e-02  -2.6360528e-01   5.2314098e-01  -2.8833517e-01  -1.7232883e-01   2.4520162e-01  -2.4064118e-01  -1.7073431e-01   1.7172485e-02   2.8136385e-02  -3.3995950e-01  -1.8625688e-01  -1.4400648e-01   2.4265868e-01   4.1473519e-02   4.0030830e-01  -2.2815554e-01  -1.9584054e-01  -1.7870368e-02   6.5451894e-02   2.7244937e-01   1.3352642e-01   1.3623635e-01  -4.3578617e-01  -9.4211257e-02  -2.9441857e-01  -3.8796000e-01   3.5725272e-02   8.0896514e-02  -5.9022517e-02  -2.6898700e-02  -3.9422850e-02   3.6955348e-01  -3.2917633e-01  -7.4330811e-02  -3.2414651e-01   1.6784078e-01  -2.7677011e-01  -7.1885946e-02  -3.6318094e-01   2.7428242e-02  -3.9445650e-01   1.1817234e-01  -4.4162826e-02  -2.5926898e-01  -2.5964093e-03  -3.0254202e-01  -1.7811216e-01   1.7139371e-01   8.0035576e-02   1.2751839e-01   4.5803705e-01  -1.4374242e-01   3.8566006e-02  -1.3406885e-01  -1.8018824e-01  -2.2228361e-01  -3.1883563e-01  -1.3484155e-02   2.2915540e-01   2.7480848e-01   2.1845541e-02  -1.5628396e-01  -4.6000175e-01  -2.3798901e-02   1.5245376e-01  -1.8583940e-01   1.1714776e-02  -2.4434252e-02  -1.7101337e-01  -3.4001552e-01  -5.6138431e-03   7.3840975e-02   2.1319894e-01  -3.4143523e-01  -3.2832517e-01   1.5574945e-01  -2.9201440e-01  -2.8309106e-01   1.9655177e-01   3.1760493e-01   3.7501374e-01  -1.3408120e-01   3.6197326e-01   1.0458231e-01  -1.7038422e-01  -3.1528928e-01  -6.8032195e-02  -4.1186283e-01  -3.6212252e-01   3.5943198e-02  -1.5964254e-01   2.3608856e-01   3.0421133e-02   1.7276689e-01   5.2001477e-02   2.5159053e-01   2.1654894e-01   3.3419818e-01   3.1782465e-01  -2.8091859e-01  -1.5136629e-01  -3.0240062e-01   6.4718049e-01   6.1786920e-02  -4.0666237e-01  -2.2810905e-01   2.2254389e-01  -2.6255685e-01  -2.0267264e-01  -2.0895168e-01   1.2626154e-01   2.6246855e-01   8.0998438e-02  -2.1642921e-01   2.3378868e-01   2.7596949e-01  -2.5636877e-02  -2.7150940e-01   1.6519968e-01   1.6373578e-01  -3.0589565e-01   2.9447726e-01  -2.3728140e-01   2.6484252e-01  -2.4389317e-01  -3.4047156e-02
  -6.7444117e-02   5.3676102e-01   5.5339251e-01   1.2326152e-02   4.1074145e-01  -4.0646094e-02   3.3297505e-02  -6.3203262e-02   4.9833707e-02   2.8514793e-02   1.4251291e-01   0.0000000e+00   3.6750298e-02  -2.0855247e-01  -3.2394882e-01   3.0227772e-02   3.3043292e-01  -2.7613076e-01  -1.7813707e-02   5.6906953e-01  -2.2517341e-01  -2.1287132e-01  -3.2407035e-01   7.7398382e-03   2.5540777e-02  -1.1139884e-01  -1.3531730e-01  -2.4121062e-01  -3.0653222e-02  -2.1986588e-01  -1.0379274e-01  -3.8385957e-01  -2.2712461e-01   2.4754225e-01   1.0776173e-01   3.7964807e-01   1.4828314e-01  -1.6788543e-02   3.3477016e-03   2.4830021e-01   2.3402389e-01   2.1412226e-01   5.4162592e-01  -3.1836109e-02   1.9985090e-01  -4.8193852e-02   1.1720242e-03  -1.7353397e-01  -1.2036852e-01   1.3982147e-01  -1.9747746e-01  -6.5464126e-02   1.3849467e-01  -1.3480164e-01  -1.0673588e-01  -2.6608285e-01  -8.2809311e-02  -2.9260583e-01  -3.6559893e-01   2.6249549e-01  -6.6038600e-02   1.3289447e-01   1.9423885e-01  -6.6435980e-02  -3.1506351e-01   9.1516106e-02  -2.2493540e-01   1.4247926e-01  -4.2297487e-01   2.0838339e-02   2.3841514e-01  -7.1904503e-02   2.5498261e-01  -1.7696231e-01  -2.2391507e-01   1.0068405e-01  -1.4961206e-01  -8.8411203e-02   3.5674123e-01   9.8071832e-02  -2.4253074e-01   2.7541905e-01   2.9721772e-01  -8.7056364e-02   2.0519786e-01  -8.6559723e-02  -1.8318229e-02  -7.5954984e-02   3.8373464e-01  -1.0983968e-02   2.7397209e-01  -1.2174634e-01   5.3111523e-01   1.8454060e-01   3.9059048e-02   3.8891640e-01  -8.6116028e-02  -2.5492788e-01   1.3268437e-01  -1.2517660e-01  -6.2025541e-02   3.0941319e-01  -2.2088289e-01  -1.0021739e-01  -2.7258007e-01  -2.7124630e-01  -1.6837923e-01  -4.2676497e-01  -1.9150440e-02   1.2908926e-02   3.8284493e-01  -3.4081372e-01  -6.5188278e-03  -3.2318430e-02  -2.6217458e-01   3.7878619e-01  -7.4412744e-02   1.3140246e-01  -1.2255053e-01  -1.1670217e-01  -1.1302610e-01   2.4801124e-01   3.4428273e-01  -1.5306604e-01  -9.3617765e-02   8.6239805e-02   5.3920326e-02   1.8562152e-02  -1.2749367e-01   1.7882271e-01   3.1321497e-01  -1.3596691e-02   2.0527232e-01  -2.4169375e-01   2.4390495e-01  -7.3396011e-02  -8.0747873e-02  -2.2682967e-01  -2.0994709e-01  -6.2997611e-02  -2.4144971e-01   6.1407536e-02   1.3974610e-01  -1.9805046e-01  -2.1683061e-01   9.0052815e-02   3.6434396e-01   3.4145975e-01   2.0782615e-01  -1.2343063e-01  -5.9719689e-02  -6.8469768e-02  -7.9709547e-02   1.5409199e-01   3.1242195e-01   1.1539096e-01  -1.0209741e-01  -1.2879899e-01  -7.2538161e-02  -3.5606849e-01   2.4639980e-02  -1.1749610e-01   1.8780134e-01  -9.0858273e-02  -3.1469108e-01   4.4771797e-01   3.7836850e-01   9.2521794e-02   2.6779816e-02   2.0245928e-01   4.9242671e-01   1.4078679e-02  -1.4424340e-01  -7.5552548e-02   1.6710469e-01  -1.4637172e-02  -1.9269119e-01
  -2.4867152e-01  -1.2922774e-01  -3.0474164e-02  -5.3822653e-01   6.0160621e-02  -2.9397675e-01  -1.4751207e-01  -1.0605926e-01  -1.0594855e-01   3.1897111e-01  -7.7622970e-02   3.6750298e-02   0.0000000e+00  -4.5970751e-01  -9.5832579e-03   2.4544778e-02   5.2994992e-02  -1.9197844e-01  -1.3245147e-01   8.4465004e-02  -1.2923812e-01  -4.0539668e-01  -1.2369781e-01  -7.7498478e-02   3.0265725e-01  -1.2017030e-01  -2.5044942e-02  -2.5124194e-01   3.4425944e-02  -4.1678939e-01   3.7527576e-02  -4.3292400e-01  -4.4050196e-02   1.1186448e-01  -5.3493425e-02   1.0864275e-01   2.0511247e-01  -2.7418869e-01   1.7944913e-01   2.1842503e-02   4.0897032e-01   5.4845933e-03   1.1816284e-01  -1.9101860e-01   5.3631024e-02  -1.8037926e-01  -8.0272391e-02  -7.2983275e-02   1.3637858e-01   2.9249856e-01  -1.3397402e-01  -1.8171252e-01   1.0300273e-01   1.5476320e-01  -1.8121543e-01   1.7852488e-02  -1.5416324e-01  -4.1713826e-01  -1.9157439e-01  -1.8305449e-01  -2.6876783e-01   3.7377793e-01   6.0494339e-02   7.2642343e-02   1.4969470e-01   9.8223822e-02  -3.9173817e-01   1.7997379e-01  -2.2269752e-01  -1.4655759e-01   6.8313382e-03  -5.5159415e-02  -9.7788148e-02  -3.3173268e-01   3.0206878e-01  -2.5480982e-01  -2.8518117e-01   9.8021261e-02   3.3209437e-02   3.8627154e-01  -2.8016663e-01  -1.7171086e-01   4.1356218e-03  -2.5985221e-01  -4.2148110e-02  -1.6323540e-01  -4.0689877e-02   7.0167968e-03  -1.0407480e-01  -2.4761763e-01   1.4936712e-01  -2.9818032e-01   1.9649199e-01  -1.5689639e-01  -2.3875362e-01   1.0003662e-01   4.4492092e-01  -1.5079858e-01  -4.5354120e-01   5.1320808e-02   3.0417391e-02   5.2453535e-02  -2.2714518e-01  -2.7996593e-01  -3.2313096e-01  -3.4756538e-01   1.0933359e-01  -2.9046854e-01   4.1114535e-01   1.7648969e-02  -7.4277686e-02  -2.5800082e-01  -9.8495409e-02  -2.8421052e-01  -1.5330289e-01  -7.4186013e-02  -1.5271379e-01   2.5259952e-01  -2.9361109e-02  -4.8383242e-01  -1.4285744e-01   2.0788471e-01  -1.6318212e-01  -4.9031698e-02  -2.8913339e-01  -2.4018022e-01  -1.7373011e-01   2.7699047e-01  -2.6945644e-01  -4.4147371e-02  -2.6726953e-02  -9.0717862e-02  -2.4748575e-01   7.1874648e-03  -1.2636745e-01  -1.5146101e-01   3.1404016e-01  -1.0434293e-02  -1.9138830e-01  -9.3635461e-02   6.7848069e-02   4.7093598e-01  -1.2802623e-01  -1.3186915e-01   1.0344136e-01  -1.3987891e-01  -2.7721446e-02  -1.6410220e-01   1.2547936e-01   3.6618473e-01  -3.4054449e-01  -2.0472960e-01  -2.5427614e-01   2.5472434e-01  -1.7768558e-01  -2.0584724e-04  -3.1784065e-01   3.8182273e-02  -2.2571230e-01  -3.0702200e-01   2.7866938e-01   2.4850164e-02   4.0049385e-01  -1.6743479e-01  -1.6635344e-01   2.7083865e-02   8.5601565e-02  -2.0508675e-01  -1.2248512e-01   1.9072294e-01   1.3912828e-01  -1.5935607e-01  -1.7597370e-01  -2.9292230e-01   1.2399751e-01   1.9184836e-01  -5.5745938e-01
   3.5549618e-01  -1.9135610e-01  -5.2879562e-02   1.4999165e-01   1.6855526e-02   2.1946648e-01  -1.6793782e-02   1.4899487e-01   5.1720944e-02  -1.6257601e-01  -1.3892787e-01  -2.0855247e-01  -4.5970751e-01   0.0000000e+00   1.6044313e-01  -1.6274782e-01  -5.2612517e-03   2.6530549e-01   1.0166316e-01  -1.0225588e-02   2.2800337e-01   5.4583344e-01   2.2292616e-01   3.2282365e-01  -2.7040595e-02   1.7649243e-01   5.8389334e-02   3.1174463e-01  -1.7798448e-01   4.7891172e-01  -5.3679169e-02   4.9888680e-01   1.9899183e-01  -4.0117283e-01   3.5076312e-01  -2.8972655e-01  -3.2446523e-01   2.4003139e-01  -2.0302998e-01  -1.0557011e-01  -3.1754715e-01   8.7359912e-02  -1.5487862e-01   2.7462209e-01  -1.2747006e-01   2.3222258e-01  -1.2809588e-01   5.9430218e-04   6.3841720e-02  -3.3061626e-01   2.5708679e-01   2.0001300e-01  -2.9970767e-01   6.6393126e-02   6.7178774e-02   3.0622001e-01   1.8481186e-01   6.3986524e-01   1.1873093e-01   2.4576477e-01   2.9094965e-01  -1.6448515e-01   1.4263999e-02  -1.3650572e-01  -1.0336969e-01  -1.8751621e-01   4.4877892e-01  -6.6672087e-02   3.6664049e-01   1.8686689e-01  -2.9902125e-01   5.8771151e-02  -1.1532787e-01   4.5564668e-01   5.2632038e-02  -2.7435718e-03   2.3266389e-01   3.1726472e-02  -1.1934680e-01  -4.8794477e-02   4.3616946e-01  -5.3671051e-02  -1.8700434e-01   2.2926818e-01   1.5557048e-01   2.4556669e-01   2.1571139e-01   1.4630231e-01   6.8088943e-02   3.0358374e-01  -4.6858132e-02   3.5438119e-01  -3.2400609e-01   4.4374095e-03   1.6579226e-01   2.7836272e-03  -3.7226660e-01   2.1989153e-01   2.0154712e-01   2.9287514e-02   1.6464673e-01  -1.6629349e-01   4.9866167e-01   3.4905576e-01   4.9697922e-01   3.3360158e-01   2.4627284e-01   2.6277540e-01  -8.2254901e-02  -4.8030368e-02  -1.2229620e-01   5.4222217e-01   1.9845865e-01   3.8383420e-01   3.8419129e-01  -2.1035464e-01   2.7793667e-01  -2.5060310e-01   3.2451570e-01   4.0862860e-01   2.9613863e-01   2.1005173e-02  -2.1690508e-02   2.3312214e-01   3.4578397e-01   5.2443551e-01   1.1393133e-01  -2.7819215e-02   1.4748171e-01   1.0858555e-01  -4.6555875e-03  -2.2574342e-01   3.0026913e-01  -4.6822556e-02  -4.5208055e-03  -1.1746329e-02  -2.0292642e-01   3.0556065e-01   3.0186878e-01   1.4611411e-01   1.4601329e-01  -3.4175918e-01  -7.8464367e-02   4.5644418e-01  -1.3873109e-01   2.0581037e-01  -1.7362458e-01  -1.7059071e-01  -1.7930959e-01  -1.7342819e-01   3.8623345e-01   3.1112856e-01   4.2707032e-01  -4.2155170e-01  -2.0629979e-03   3.2737997e-01   2.9026054e-01  -1.1536239e-01   3.3176338e-01   4.9986809e-01  -1.2283248e-01  -2.4232108e-01  -2.0676227e-01   2.0225192e-01   3.8875649e-01  -1.8730904e-01  -1.5525165e-01   2.5698162e-01   2.2059285e-01  -3.2229470e-01  -3.2010141e-01   2.0965878e-01   5.5565588e-02   2.1181114e-01  -1.7921848e-01   7.1281823e-02   4.6028518e-01
