   0.0000000e+00  -1.6724620e-01   7.1631464e-02  -1.0915130e-01   2.9433950e-03   9.2646375e-02  -2.0282258e-01   1.8863124e-01  -1.4328878e-01  -4.6759651e-02  -1.9870836e-01  -7.3994031e-02  -8.2486018e-02   5.5121682e-01  -3.3404999e-01  -4.8206096e-01   3.8819054e-01  -2.8627996e-02   3.8494262e-01  -1.2391944e-01  -1.2883896e-01  -1.9991150e-03  -1.7597372e-01   6.1843220e-01  -1.4644833e-01   3.3550144e-01  -4.1561189e-01   1.4768553e-01   3.1465596e-02  -2.4032866e-01  -1.6650684e-01  -4.7040796e-02  -3.1413803e-02  -1.3995132e-01   2.5210028e-01  -2.4586221e-01   2.3910495e-01   2.5295869e-01  -4.2870565e-01  -3.5620231e-01  -7.7786843e-02  -1.7932540e-01  -1.3899821e-01   1.9711803e-01  -7.2333190e-02   6.7907079e-01  -1.8679278e-01  -2.2171183e-01   1.2884154e-01  -1.4235483e-01  -1.3054601e-01   1.2510952e-01  -1.6583599e-01   7.3449811e-02   2.1232142e-01  -7.5377138e-02   2.3181065e-01  -4.8660509e-02  -3.9350939e-02  -2.4755635e-02   3.1611513e-01   2.0217702e-01  -2.7749523e-01  -1.8031748e-01  -2.5595355e-01  -4.3147243e-01   8.7602840e-02   2.1815365e-01   7.4126077e-02   1.5403963e-02  -1.7422767e-01  -2.2177655e-01  -3.4729994e-01   6.5816119e-01   1.0378165e-01   5.8984375e-02   2.2805421e-01   2.9773329e-01  -1.0298089e-01  -5.0710808e-04   1.1667910e-01  -1.1486759e-01   1.0971807e-02   1.8969706e-01   6.2768354e-01   7.3275726e-02  -1.1405157e-02   4.9819557e-01   1.2052859e-01   6.4493638e-01  -9.5568374e-02   3.1565862e-01  -1.6843459e-01   7.8572471e-02   3.1512321e-01  -3.6318530e-02   2.2726191e-02   2.8013746e-01   1.6925960e-01  -9.9935364e-02   4.5228397e-01  -2.6588571e-01   1.1559046e-01  -1.1326939e-01  -1.4039004e-01   1.6500940e-01   1.9488053e-02   1.4127979e-01   2.0365728e-01  -1.7358638e-01  -5.2339577e-02   4.1309181e-02  -1.3360589e-01   6.1372913e-01   2.9300345e-02   5.3292301e-03   3.9939815e-01  -2.1787001e-01   3.8005246e-01  -1.7468297e-02   5.4579572e-01  -9.1865113e-02  -1.2834632e-02  -2.2034981e-01   6.3660133e-01   5.8444931e-01  -8.1660091e-03   1.6133921e-01  -6.7752604e-02   7.7675210e-02  -3.7282639e-01  -2.3981923e-01   4.8323469e-01  -9.2476875e-02  -2.0163151e-01   3.4051714e-02  -1.4411656e-01   2.1457365e-01  -5.0585972e-02   3.4125150e-01   6.9595472e-01  -4.8881971e-01  -4.1014861e-01   2.4905699e-01  -2.9741706e-01  -2.2910446e-02  -2.5016700e-01  -2.3643072e-01  -1.8660206e-02   9.1352267e-04   6.1814094e-01   3.9184848e-01   6.0540902e-01  -3.0487602e-01  -6.1400517e-02   4.1373344e-01   4.5985002e-01   1.1541504e-01   3.1748165e-01  -1.9207920e-02   4.2347979e-02  -2.2720628e-01  -4.1633360e-01   1.4867199e-01   1.5871835e-01  -3.9924856e-01  -1.3318498e-01   1.2496496e-01   5.8155631e-01  -1.9186792e-01  -2.1840312e-01   3.0680408e-01  -2.3151260e-01  -6.7299810e-02  -7.0383971e-02  -7.1315908e-02   5.9536610e-02
  -1.6724620e-01   0.0000000e+00   3.0035606e-01  -1.7445462e-01   3.0317793e-01  -3.0188596e-01   1.5091476e-01  -6.4990502e-02   3.0559584e-01  -2.1307716e-01  -9.0451882e-02   5.4524903e-01   5.2498677e-02  -1.6598011e-01  -8.1123638e-02  -2.4156509e-01   1.8663894e-01  -1.5195352e-01  -1.3188091e-01   5.7425397e-02  -1.9480539e-01  -8.7474788e-02  -2.9744815e-01   6.8242754e-02   1.4601296e-01  -3.3052165e-01   9.2829679e-02  -2.8941906e-01  -1.1730117e-02   1.6711955e-01  -3.3206887e-02  -4.2124113e-01  -3.2362542e-01  -1.0647752e-02   2.8928423e-01  -7.3224881e-02   1.2500734e-01   2.7685422e-02  -1.9013503e-01   1.9119225e-01   3.1050583e-02  -4.2132754e-02   6.8551862e-01  -3.1766501e-01   1.2183939e-01  -1.1855441e-01  -4.0086404e-01  -7.1690187e-02   1.4732971e-01   1.9567454e-01  -2.5184508e-01  -2.2969269e-01   4.2321920e-01  -3.9132410e-02  -2.5405799e-01  -3.8701151e-01   8.6848353e-02  -3.6143423e-01  -1.9571397e-02   4.9596880e-01   4.1310259e-03   1.7932861e-01   6.3260194e-01   1.6256162e-01   2.2880521e-01  -1.1042704e-02  -1.6635726e-01  -4.0952990e-03  -3.4536664e-01   3.0492471e-01   5.8665315e-01  -2.6332825e-01   1.0964520e-01   5.6320724e-02  -6.7404326e-02  -2.7727192e-01  -1.9162478e-02  -9.2063839e-02   4.3529931e-01  -8.6083197e-03  -3.0124526e-01   3.1862413e-01   6.1004270e-02  -1.6455257e-01  -1.8440908e-01  -2.6752905e-01   1.4809429e-01   1.4931225e-02   4.3512604e-01  -8.5874339e-02   2.7133320e-01   1.1027461e-01  -1.5801047e-01   3.8351147e-01  -3.7695330e-02   1.8112291e-01   1.8952541e-01  -1.5021645e-01   1.0864839e-01   1.2326272e-01  -3.7721328e-01  -1.4829107e-01  -4.3209236e-01   4.9009657e-01  -3.9445233e-01  -1.5383091e-01   8.3853173e-02  -2.2651319e-01  -5.2884002e-02  -2.4991527e-01   6.3807891e-02  -3.7494011e-01  -1.7945442e-01  -2.2651114e-01  -2.3528366e-02   3.4759420e-01  -8.3899354e-02   1.0938014e-01  -1.5269573e-01  -2.8467107e-01  -7.2193584e-02   4.3373570e-01   3.9791940e-01   2.9933568e-01  -5.3249715e-02   1.4253215e-01   1.8481227e-01   1.6634008e-01  -1.3941224e-01   2.9130369e-01  -1.4639904e-01   1.6863645e-01   1.8926943e-01   3.7246184e-01   1.5786443e-01  -3.3883503e-01   4.4715005e-02  -1.7133207e-01  -9.0694828e-02  -1.3219840e-01  -1.8344065e-02   2.7229899e-02  -2.2346391e-01  -1.0096823e-01  -1.9427949e-01  -3.0170345e-01   3.1174189e-01  -1.1622075e-01  -5.1931267e-01   8.2781246e-03  -7.3965491e-02  -3.0064587e-01   1.0137540e-01   2.0320252e-01   6.7644161e-01   1.0114484e-01   2.2872923e-02   2.6650709e-02   1.3579866e-01  -2.8682731e-01  -9.4246407e-02  -1.8582312e-01  -3.8182116e-02  -2.7655721e-01  -3.1225289e-01   2.9930210e-01   2.5578228e-01  -2.0510115e-01  -8.2230875e-02   4.0251575e-02   2.8869009e-01  -6.2122202e-02  -1.4779107e-01  -1.3526661e-03   1.3553957e-01  -8.7763875e-02  -1.5178787e-01
   7.1631464e-02   3.0035606e-01   0.0000000e+00  -6.8861047e-02   1.7289491e-01   1.2899006e-01   1.9519023e-01  -1.8067041e-01   2.7780037e-01   1.0423729e-01  -1.3106769e-01   4.8718644e-01   1.8584593e-03   3.2685957e-02   1.5728069e-01  -1.0165651e-01   5.1430275e-01  -2.6478494e-01  -1.1049039e-01   4.2870087e-02  -2.7828209e-01   6.5838860e-02  -7.5647881e-02  -2.0497080e-02   7.9627583e-02  -3.8204947e-02   1.1039153e-01  -2.3949705e-01   1.2812138e-01   2.8729263e-01  -2.6637719e-01  -3.8239474e-01   9.7121740e-02   2.1034455e-01   2.0764569e-01  -2.0054030e-01   1.1401009e-01  -1.0024846e-03  -2.1242662e-01   2.2996317e-01   5.3804717e-02   1.7386213e-01   3.6564719e-01  -1.5622503e-01   4.0516005e-02   3.3353702e-01  -5.0444658e-02   1.0107221e-01  -3.2785708e-03   1.2702473e-01  -3.7756708e-02  -1.6382313e-01   2.6041354e-01   1.2227106e-01  -1.3551019e-01   6.7297282e-03  -3.4081136e-02  -1.4652582e-01   4.3723311e-02   3.8003181e-01   3.9323358e-01  -3.7265104e-02   2.1621799e-01   1.6039324e-01   3.0742567e-01   6.7058587e-02   1.2746123e-01   7.2467404e-02  -1.5829353e-01   3.1336018e-01   3.5039683e-01   2.7798120e-02   5.3767736e-03   5.9279798e-02  -1.1190631e-01  -1.9914102e-01   3.1270084e-01  -3.2243425e-01   4.1702365e-02   2.8964390e-01  -1.3465251e-01   6.5085347e-03   3.2586030e-02  -1.4189136e-02   3.4489571e-02  -2.6944651e-01  -1.0185889e-01   4.6932109e-02   2.7429668e-01  -1.4606420e-01  -5.6685577e-02   4.2657690e-01  -1.1347250e-03   2.2731071e-01   1.5821926e-01   1.4818386e-01   6.7507192e-02   1.0562754e-01   1.1534755e-01   2.7279585e-01  -1.6029809e-01   5.8853906e-02  -4.9668820e-02   2.3461073e-01  -1.0693424e-01  -1.5284068e-01   2.4786351e-01  -3.9014722e-02   2.5700465e-01   2.1339511e-02   2.6826622e-01  -6.9712008e-02   1.0968639e-01  -4.3168742e-02  -5.2218900e-02   1.3981875e-01  -1.9769701e-01  -4.0892125e-02   9.5231737e-02  -4.1285444e-02   4.1901212e-02  -5.7187865e-03   1.6624866e-01  -1.7060633e-02   4.0111141e-02   1.3630488e-01   1.7820471e-01   8.5922451e-02  -6.0701301e-02   4.6453025e-01  -2.8178592e-01  -1.3755116e-02   2.3875166e-01   1.0547291e-01   2.2885887e-01  -1.3128749e-01  -1.5997215e-01  -1.4721653e-01  -5.9834728e-02  -1.2625120e-01   1.0527902e-01  -8.5149851e-02  -1.3852844e-01   3.5301887e-01   1.1016674e-02  -2.3373863e-01   3.2460992e-01  -7.8852167e-02  -1.4945452e-01   2.6290983e-01  -1.0579841e-01  -9.8141005e-02   1.5574306e-01   1.9941064e-01   5.3733866e-01  -3.8940819e-02   4.2122312e-01   8.6966623e-02   2.7510181e-01   3.4766859e-03  -8.3361231e-02   4.5942033e-02   1.5634444e-02   3.9004502e-03  -1.0405625e-01   1.9209536e-01   5.9301412e-02   1.6648339e-01   2.5763079e-01  -3.0733846e-02   7.5057381e-02   3.8306392e-01   5.3774330e-02   3.7359698e-01  -1.1071247e-03   9.7564661e-02  -8.7611045e-02
  -1.0915130e-01  -1.7445462e-01  -6.8861047e-02   0.0000000e+00   4.0098639e-02   2.8221080e-01  -3.5404429e-01   1.0594587e-01   3.6972689e-01  -6.0202734e-02   1.0169453e-02  -2.8448310e-01  -1.3862898e-01   1.2704709e-01  -1.2427448e-02   7.6201341e-02  -1.4519182e-01   2.0936839e-01   1.4541904e-01   1.9555415e-01  -7.8622584e-02   4.7114216e-01   8.0704677e-02  -1.4462204e-01   1.3789243e-01   2.4732648e-01   1.0724659e-01   6.2324423e-02   2.7374709e-01   1.3978385e-01  -2.9042965e-01   5.5857630e-01  -1.5285520e-02  -4.2098290e-02  -1.1984100e-01   2.1326081e-01  -7.1594188e-02  -2.2956889e-01   1.8714434e-01  -1.3788276e-02   2.5087105e-01   1.0337865e-01   7.6230688e-02   2.5445149e-01   1.1549440e-01  -6.0961172e-03   4.7247740e-01  -2.0670249e-01  -4.6587391e-02  -1.8435952e-01   4.0665350e-01   1.2416696e-01  -1.7083808e-01   1.5455903e-01   1.6896159e-01   2.0074670e-01   5.6872630e-02   4.9718212e-01   3.1368526e-01  -2.7485956e-02  -1.7932106e-02  -2.0105189e-01   1.8813738e-01  -9.6693661e-02   3.5233408e-02   2.4840149e-01   2.7527045e-01   2.0826512e-01   4.3430087e-01  -2.4541788e-01  -3.6419321e-01   5.3999613e-01   1.0977991e-01  -1.1300778e-01   1.2337222e-01   3.1130151e-01   1.1229744e-02   7.9100624e-02   1.2692303e-03   3.8162379e-01  -5.3584385e-02  -1.1270202e-01  -2.5164638e-01   9.9491670e-02  -7.2423011e-02   3.2051746e-01   2.3474824e-02  -1.3067101e-01  -8.7125074e-02  -1.4123046e-01   6.8048408e-02  -7.8479841e-02   2.6440629e-02   2.7826394e-01  -2.3502041e-01  -8.8481659e-02   3.6389637e-01   1.1931171e-01   1.4615154e-01   6.7782109e-02  -9.3964552e-02   8.2427393e-02   3.3918483e-01   8.1243532e-02   5.3203815e-01   4.8448403e-01   1.8517575e-01   2.6492651e-01  -2.7498983e-02   3.1160206e-01  -3.9156990e-01   2.3416058e-01   5.4710626e-01  -2.6933833e-01  -1.9356189e-01  -5.1150154e-02   2.5142497e-01   1.3664613e-01  -1.8833889e-01   6.6241079e-01  -1.4084464e-01  -2.2986088e-02   1.4835575e-01   1.0201465e-01  -1.9276622e-01  -1.5801387e-01   2.0957187e-01  -3.0140505e-02   5.8717130e-01  -9.7243513e-02   1.8104648e-01  -1.5191679e-01  -8.3687762e-02  -3.2799942e-01   5.2412783e-01   3.1132208e-01   1.4427298e-01  -3.6474532e-01   1.8671540e-01  -2.2467642e-01  -2.1560034e-01  -1.9416035e-01   1.1509591e-01  -1.0058033e-01   4.5695973e-02   3.6872095e-01  -2.9444908e-01   3.8017283e-01   2.3328362e-01  -5.0139921e-02  -2.2840790e-01   1.9952672e-01  -5.7171565e-02  -1.2275423e-01  -1.1360823e-01  -1.7742274e-01   1.1094197e-01   1.7727100e-01   4.0138952e-02  -9.1013484e-02   2.9081706e-01   2.8891819e-02   7.4709634e-02   3.2740252e-01   5.3438811e-01   3.6907656e-02  -2.0912086e-01   6.3333426e-02   1.5959687e-01  -5.2954000e-03   9.7744033e-03  -1.1181643e-01   4.3749137e-01   5.2697883e-02   6.5102703e-02   1.3895888e-01   6.5228750e-01
   2.9433950e-03   3.0317793e-01   1.7289491e-01   4.0098639e-02   0.0000000e+00   6.4044053e-02   2.7181302e-01  -2.1563581e-01  -8.1862873e-02   2.8204053e-01  -1.5021714e-01   3.8387463e-01   2.0343386e-01  -2.9251263e-02   4.4781945e-04  -2.0912834e-01  -2.5351443e-02   3.1336149e-01  -2.7172432e-02   5.1995775e-01  -5.7942351e-02  -9.4990689e-02   6.6336154e-02  -1.6159105e-01   7.4686802e-02   6.2090398e-02   3.5417739e-01   9.0059100e-02   2.8304735e-01   5.8576584e-02  -5.2877257e-02   1.3888358e-01  -6.4886830e-02   3.3411452e-01   4.3146066e-02   3.6488420e-01   3.5342532e-01  -3.2566688e-01  -3.5864308e-02   2.2966017e-01   3.6553554e-01   1.6447094e-01   2.8276908e-01  -6.6978786e-02   5.6831377e-01  -1.4460033e-01  -2.6728678e-02  -7.0514618e-03   3.2699140e-01   8.9615208e-02   1.0477499e-01   7.0154483e-02   3.2407637e-01   1.0648344e-01  -1.8190732e-01  -3.8925229e-03   1.7325569e-03  -1.0638963e-01   3.4387673e-01   5.3282858e-02  -2.3789702e-01   3.1479548e-01   2.1581511e-01  -2.3270885e-01   2.6398322e-01   2.5300802e-01   4.8298689e-02   2.4987591e-01   1.0046885e-02   7.5494007e-03   2.4127704e-01   1.4780043e-01   2.5279145e-01   6.9889570e-02  -4.4951091e-03   6.8984155e-02  -1.8059151e-01  -9.3705350e-03   5.5949429e-01   2.1418171e-01   1.4715131e-01   2.5096156e-01   9.0268463e-02  -1.4290924e-01  -1.9698151e-01   1.3531436e-02  -4.9882720e-02  -2.0079605e-01   1.8020492e-01  -6.8747604e-02   4.4100148e-01   4.9111212e-03   2.5620357e-01  -3.8454576e-02  -2.8616172e-01   5.0177181e-01   2.4801238e-01  -6.3281449e-02   4.2042660e-01   2.4923071e-01  -2.1310343e-01  -1.9413550e-01   2.6439923e-02  -1.3675629e-01   5.3738838e-02   3.9792218e-02  -6.8529756e-02  -4.8596202e-02  -5.4760662e-04   1.6894133e-01   7.6452655e-02  -8.5796334e-02  -1.2306675e-02  -3.3441803e-01   9.8554054e-02   4.2923663e-01   6.4182925e-02   1.7168359e-01  -1.0116045e-01   1.1019617e-01  -2.4766059e-01   5.0497668e-01   3.9298980e-02   2.6167190e-01  -1.1518093e-01  -8.5157817e-02   2.5023647e-01   7.6207309e-02  -1.3312396e-01   7.6766787e-02   5.0801701e-02   5.1082052e-02  -3.1684647e-02   1.6874800e-02  -9.5892949e-02  -6.3492329e-02  -1.4633512e-01  -1.3102362e-01  -1.4500835e-01  -3.1918765e-01  -1.0397718e-01  -4.1371000e-02  -1.5239379e-01  -1.4255780e-01   9.3768602e-02  -1.2668993e-02   2.4239021e-01   1.9321086e-01  -1.8682849e-02  -1.7564522e-02  -7.1663379e-02  -1.0651716e-01  -2.2166017e-02  -2.0165400e-03   2.5162889e-01  -1.9630104e-01  -6.8714384e-02   2.6787949e-01   4.6072945e-02   1.4464100e-01   2.5315759e-01  -9.5272424e-02   1.5379124e-02   1.7755634e-01   3.3930046e-02   9.0204637e-02   1.1952041e-01  -1.8302256e-01  -5.9441850e-02   8.3442334e-02   3.9174251e-01  -3.2750592e-01   3.9856043e-02  -6.1697444e-02   1.0288564e-01   2.0666211e-02  -1.8419478e-01
   9.2646375e-02  -3.0188596e-01   1.2899006e-01   2.8221080e-01   6.4044053e-02   0.0000000e+00  -1.1064795e-01   1.1591399e-01  -1.1917388e-01   2.8460352e-01   2.2886823e-02   3.5392954e-02   1.1197109e-01   1.2850495e-01   9.3511191e-02   1.8353635e-01   5.4630547e-02   1.9709951e-01   2.1991776e-01   2.9038704e-01  -2.3356173e-02   4.5488991e-01   1.1623569e-01  -2.2721358e-01  -3.2349662e-01   3.8720307e-01   3.0020609e-01   5.9799144e-02   1.5039883e-01  -1.3536658e-01   4.8471603e-02   2.0567816e-01  -6.9637306e-03   1.2592725e-01  -1.3783792e-01   2.0592800e-01   4.2060692e-02  -1.6438823e-01   1.9540907e-01   1.5952472e-01   2.0299008e-01  -5.0901175e-02  -2.5483272e-01   3.3864179e-01   1.5868175e-01   8.1225074e-03   3.6711341e-01  -8.7260252e-02   1.8318093e-01  -6.0703959e-02   2.5467191e-01   3.9604204e-01  -1.3523161e-01   1.7801307e-03  -1.0782228e-01   3.8555504e-01   2.7873685e-01   4.4969049e-01   2.8747628e-01  -2.1415055e-01   1.2480975e-01   3.7951823e-02  -2.5745971e-01  -2.0685412e-01   2.0098772e-02   1.5707248e-01   6.8681248e-01   7.2551914e-02   5.6237273e-01  -2.0566349e-01  -3.0793463e-01   6.3420752e-02  -1.9152181e-02  -4.0121767e-02   2.3330567e-02   4.4835144e-01   6.8739729e-02   3.5008211e-01   3.2424576e-02   3.1879647e-02   2.0090875e-01   1.0721196e-01   1.7267810e-01   3.9188490e-01   6.1695251e-02   3.3153581e-01  -2.3420676e-01  -1.9373535e-01  -5.2436300e-02  -7.9995965e-02   9.1143232e-02   6.2316404e-03   4.3266463e-01  -3.4499691e-01  -1.4324233e-01   2.6860485e-01  -7.9513559e-02   4.8566213e-01   2.8411351e-02   8.5459009e-02   5.0889816e-02   8.4340113e-02   4.1529481e-01  -2.4368376e-01   2.9225610e-01   2.6308822e-01  -2.0213508e-01   6.0854110e-01   1.9187844e-01   4.0537952e-01   5.7260176e-02   4.0162578e-01   8.4293767e-02  -9.1253919e-02  -1.1817805e-01   1.5108172e-01   2.9477701e-01  -2.3521087e-01   2.2488347e-01   3.0061009e-01  -2.3850999e-01   1.0915294e-01   1.3422788e-01  -5.5423255e-02  -5.3916053e-02  -1.9059756e-02   6.6441798e-02  -1.8009525e-02   3.0829413e-01   3.9127898e-03   1.2175498e-01  -2.5708994e-01  -1.0892719e-01  -9.8954282e-02  -8.4537206e-03   3.4479206e-01  -3.6310820e-01  -2.0473433e-01   1.9489542e-01  -2.8940840e-01  -8.4258563e-02   9.9995289e-02   3.1213537e-01   2.0421878e-01   1.4929184e-01   3.0338810e-01  -1.7974634e-01   2.0332551e-01   4.0728786e-01   1.0514251e-01  -1.1990353e-01   2.9733454e-01  -1.8080694e-01  -8.4432830e-02   7.2341917e-03  -2.0081128e-01  -4.1076894e-02   2.1701356e-01   8.3692255e-02   6.7763184e-02  -1.2313835e-02   7.5259432e-02   4.7895091e-02   2.7843120e-01   4.4272758e-01  -1.0927955e-01  -1.9624013e-01   2.3212746e-01   1.3609579e-01   2.6829541e-01   1.3824042e-01  -3.7874388e-03   5.9675306e-02   3.3847082e-01  -3.6666414e-01   1.2233499e-01   2.3476172e-01
  -2.0282258e-01   1.5091476e-01   1.9519023e-01  -3.5404429e-01   2.7181302e-01  -1.1064795e-01   0.0000000e+00  -5.6396121e-01  -1.4215632e-01   3.4654036e-01   1.2548050e-01   5.0650310e-01  -2.1675093e-02  -1.8509407e-01   1.6948773e-01   2.0107062e-01  -4.1621344e-02  -6.0380822e-02  -4.5301226e-02  -1.1952378e-02   1.4442223e-01  -4.2895472e-01   3.0151189e-01  -2.2100342e-01   9.0423963e-02  -2.0906788e-01   1.6464451e-01  -1.8704267e-02  -1.0570196e-01   1.0373072e-01   1.8249356e-01  -3.1849954e-01  -1.1622240e-01   5.9484227e-01  -8.5108819e-02   1.0084433e-01   3.4195497e-03  -3.2776924e-01   2.2512705e-01   2.9975656e-01  -6.7418037e-02   1.1182969e-01   1.8999488e-01  -3.6154462e-01  -2.8319720e-02  -2.6571325e-01  -1.3045496e-01   6.2695758e-01  -1.6176625e-01   4.0982527e-02  -7.0271789e-02  -1.1551544e-01   3.0346851e-01  -1.3119111e-01  -5.9856636e-02  -9.6669726e-02  -3.2528519e-01  -3.4190148e-01  -2.6046067e-04   8.5040560e-02  -1.4517845e-01  -7.6691827e-03  -8.1326374e-02   2.0444804e-01   2.0364494e-01   2.6514907e-01  -2.9783163e-01  -1.5647687e-01  -2.3951243e-01   2.6453743e-01   5.1922405e-01  -1.1740379e-01   1.9232895e-01  -1.2708284e-01  -2.0844369e-01  -1.7151822e-01  -1.2079430e-01  -4.0055570e-01  -4.6656528e-02  -1.9739088e-01  -6.1161806e-03   8.3988824e-02  -8.6799720e-02  -4.8122529e-01  -2.9641983e-01  -2.1307150e-01   6.8219226e-02  -3.6805049e-02  -1.4182591e-01  -2.4530647e-01   2.4208952e-02  -2.5904188e-03   1.4168775e-01  -1.8806999e-01  -3.4105701e-01   1.5356332e-01  -1.9708115e-01  -1.1906878e-01  -3.2973486e-02   4.3235956e-01  -8.4003043e-02   2.8423280e-01  -3.4309183e-01  -1.2889695e-01  -5.8809804e-02  -5.9143515e-01  -1.9074366e-01  -2.8416373e-01   1.3178371e-01   6.7350557e-02   5.3688663e-01  -9.3619043e-02  -2.4207501e-01  -2.9112690e-01   2.5040854e-01   6.9612654e-02  -2.9704149e-01  -1.1503294e-02  -1.2680370e-01  -8.8281549e-02  -6.0452652e-02  -7.8232687e-02  -2.8488665e-02  -7.1737006e-02  -2.6497188e-01  -1.1391993e-01  -2.3732949e-01  -3.4661316e-01  -2.8652413e-01   1.1004513e-01   4.6082265e-02   3.7467170e-01   8.5483440e-03   6.4084343e-02  -6.6684629e-02  -2.1563155e-01  -2.2109940e-01   2.1967542e-01  -1.4662557e-01  -2.0950178e-01  -1.2397257e-01   1.0525761e-01  -9.2424426e-02  -3.8429314e-02   4.1125759e-01  -2.9470493e-01   7.7288142e-01  -7.3066580e-02   7.2596305e-02   4.5904092e-01  -1.5086271e-01  -4.6494967e-01  -1.6149442e-01   2.2383333e-01   2.2176681e-02  -1.5785617e-01  -9.8862314e-02  -7.6983854e-04  -1.5650588e-01   2.5886199e-01   9.5176150e-02   1.1556626e-01   2.6766946e-01  -2.4968419e-01  -3.2792259e-01   2.0194022e-01   1.1500826e-01  -2.2164722e-01  -2.6206975e-01   1.1273927e-01   1.5046488e-01  -1.7610000e-01  -9.2707395e-02  -1.8326101e-02   9.4648406e-02  -4.5739874e-02  -3.6993375e-01
   1.8863124e-01  -6.4990502e-02  -1.8067041e-01   1.0594587e-01  -2.1563581e-01   1.1591399e-01  -5.6396121e-01   0.0000000e+00   9.6862982e-02  -2.6753559e-01  -1.3412816e-01  -3.7077706e-01  -1.4373975e-01   1.5930027e-01  -6.0640313e-02  -4.7357777e-02  -7.2929629e-02  -2.3308948e-02  -2.0847322e-02  -3.1804269e-01  -1.2313798e-01   3.1130041e-01  -9.6909395e-02   3.7994498e-02  -1.4307528e-01   1.7720522e-01  -4.9011157e-02   2.4530457e-02  -2.0280915e-02  -1.3443347e-01  -6.1707120e-02   1.3034594e-01   4.7500903e-02  -3.7504808e-01   9.9716337e-02  -8.0942662e-02  -1.4035005e-01   3.9691075e-01  -1.6814130e-01  -1.5320130e-01  -1.5908150e-01  -9.6638792e-02  -1.7642525e-01   5.5044239e-01   6.1230313e-02   2.4137388e-01   1.4677915e-02  -2.6284986e-01   1.1387035e-01  -1.1058210e-01   8.8304996e-03   3.4100713e-01  -2.6700332e-01  -5.7064005e-02  -8.6042182e-02   2.6391933e-01   3.1595309e-02   2.9655314e-01  -1.5542569e-01  -9.7130805e-02   1.5405627e-01  -6.5870340e-02   1.0907149e-02   2.7439915e-02  -6.2000340e-02  -2.6234432e-01   1.8361102e-01   3.1647272e-02   3.0934045e-01  -1.1951618e-01  -2.9965878e-01  -1.1037050e-01  -3.4126548e-01   3.4303922e-02   3.9761849e-02   1.8074956e-01   2.0283354e-01   3.8413796e-01  -2.2039134e-02   5.7057146e-02   1.5849535e-01  -1.8942052e-01   1.2474885e-01   6.8269895e-01   3.1592686e-01   2.7680513e-01  -2.3862628e-01  -4.4257611e-02   7.0247692e-02   1.7076498e-01  -7.6518257e-03  -1.5282929e-02  -1.9699828e-01   6.4222699e-02   3.2683113e-01  -1.7151177e-01   2.0674576e-02  -2.0514735e-02  -9.7168008e-02  -3.2478919e-01   2.2160328e-01  -7.9870762e-02   3.2424245e-01  -5.1958272e-02   8.1906875e-03   4.1491179e-01   9.3657210e-02   1.1076257e-01  -3.4379613e-03  -3.1718222e-02  -3.8624053e-01   8.3091605e-02   7.1574968e-02   2.7135496e-01  -8.5911267e-03  -4.6934834e-02   1.6523858e-01  -1.5988536e-01   2.7147128e-01   3.2506569e-02   3.9256869e-02   3.6494450e-02   1.1468706e-01   5.1308956e-02   2.5723174e-01   1.3947625e-01   1.2935337e-01   1.0865469e-01   2.4306048e-01  -9.8338946e-02  -2.4966957e-01  -2.0726977e-01  -9.3216181e-02  -6.4401146e-02  -4.7848459e-02   3.3400311e-01  -1.5660041e-01  -6.4925751e-02   3.7256458e-01   1.7651955e-01  -3.9367462e-02  -1.2496587e-01   7.4995406e-02   1.0167870e-01  -2.7726127e-01   2.3207917e-01  -5.1368134e-01   1.0215287e-01  -4.3697372e-02  -3.3489149e-01   2.3142294e-01   5.3128001e-01   8.3026477e-02  -1.2064058e-01  -6.4275275e-02   8.7455199e-02  -9.3935209e-02  -1.7282121e-01   1.0316379e-01  -5.8589399e-03  -6.1917000e-02  -1.5710158e-01  -1.4585438e-01   3.6832982e-02   2.1465938e-01  -1.3483385e-01   7.0225325e-02   2.8258181e-01   6.0411407e-02   2.6882055e-02  -8.3101275e-02   2.5483224e-01   1.1369135e-02  -9.3163723e-02  -1.9884808e-01   3.8743662e-02   1.3269090e-01
  -1.4328878e-01   3.0559584e-01   2.7780037e-01   3.6972689e-01  -8.1862873e-02  -1.1917388e-01  -1.4215632e-01   9.6862982e-02   0.0000000e+00  -2.4833967e-01   4.5371475e-02  -4.6366791e-02  -4.0379013e-02   5.6426083e-02  -6.3167624e-02  -8.6200534e-02   1.7929988e-01   6.6927031e-03  -3.0135833e-02   6.0554668e-02  -7.6492205e-02   1.5176821e-01  -1.3242678e-01   1.4152621e-02   2.9725812e-01  -3.5785227e-02  -1.6787977e-03  -1.8861508e-01   1.8631319e-01   1.8722736e-01  -1.8560150e-01   2.8974011e-02   3.1399417e-02  -1.2276825e-01   2.9756227e-01  -5.9435155e-02  -1.7563743e-01  -2.5590433e-02  -1.0062770e-01  -1.5403345e-02   2.1116148e-01   2.3701703e-01   4.5892011e-01  -1.0310376e-01   1.3728652e-01   4.6676191e-02  -8.4947331e-02  -1.5022556e-01  -6.5643223e-02   8.2871214e-04   1.4233646e-01  -1.7032824e-01   9.0625192e-02   1.5137567e-01  -4.6380442e-03  -1.0576231e-01   1.1133704e-02  -5.5750354e-02   1.3016989e-01   4.9383844e-01   1.1405520e-01  -9.1348897e-03   5.5690604e-01   2.2374626e-01   2.6587529e-01   4.1157158e-02   3.6656489e-02   1.5384811e-01  -1.0871525e-01   5.1727280e-02   3.0647200e-02   2.7796045e-01   1.6438997e-01  -4.2051917e-02   7.9543974e-02  -2.4599400e-01   1.2490391e-01  -1.0974902e-01   1.9049886e-02   5.0950545e-01  -2.5042342e-01   1.6086565e-01  -1.5038530e-01   1.5319427e-03  -1.1848684e-01  -2.9992678e-01   1.3344532e-01   8.2901836e-02   1.9463100e-01  -1.7482895e-01   1.6596150e-01   1.1079743e-01  -2.8720633e-01   6.5490304e-01   1.6408290e-01  -1.7738978e-01   4.0063128e-01   1.0730824e-02   1.7867891e-01   7.8177500e-04  -2.6825133e-01   1.2984377e-01  -1.6438791e-01   6.2536355e-01  -8.1194109e-02   5.0114098e-02   2.2771404e-01  -5.7511028e-02   1.5472155e-01   1.9713498e-02  -1.5167798e-01  -1.8778510e-01   3.4818774e-01  -1.6321178e-01  -1.1651749e-02   7.1195849e-02  -1.1364558e-01   1.5783287e-01  -3.7361474e-02   1.2892031e-01   3.9064688e-02  -3.2579681e-02   2.5209896e-01   2.3123387e-01  -8.1366942e-02   7.0859169e-02   2.7181526e-01   9.8738956e-02   3.0289415e-01   1.2591385e-01  -1.1129091e-01   1.3910786e-01   1.0562922e-03   9.2838138e-02   6.0770363e-01  -2.8179867e-01   1.7652005e-01  -2.9257514e-01  -1.4829827e-01  -8.3050231e-02  -1.0076567e-01  -1.9995764e-01  -1.2163006e-01   1.0447656e-01  -1.4252758e-01  -1.6128873e-02  -5.6063192e-02   4.4697934e-02  -2.1407553e-01   5.0992603e-02  -1.3785117e-01  -5.0849169e-02   2.4517643e-01   3.7056347e-02   2.3925984e-01  -7.5986317e-03   2.3998185e-01   1.1155691e-01   1.2903672e-01  -2.1255741e-01   8.5378383e-02  -4.8599721e-03  -5.4058750e-02   5.2244050e-02  -6.7664730e-02   2.2824420e-01  -3.5515071e-02  -4.2457145e-02   1.3206674e-01  -5.7853940e-02   6.8275591e-02   2.2365962e-01   4.2513421e-01   1.3689469e-01   2.0298829e-01   1.5915325e-01   2.4346685e-01
  -4.6759651e-02  -2.1307716e-01   1.0423729e-01  -6.0202734e-02   2.8204053e-01   2.8460352e-01   3.4654036e-01  -2.6753559e-01  -2.4833967e-01   0.0000000e+00   2.0414943e-01   2.2979517e-01   2.7139021e-02  -1.7395610e-01   2.6730544e-01   1.3119249e-01  -3.0282550e-02   2.8260699e-01  -6.6239113e-02   3.3894051e-01   3.2217663e-02  -2.0800887e-01   4.0043666e-01  -3.0640556e-01  -7.5151905e-02   6.6466135e-02   3.1867652e-01   5.7129121e-02   4.9726064e-02  -7.1295431e-03   1.5312816e-01  -2.1285309e-02   1.5400142e-01   5.2467664e-01  -2.3535455e-01   2.8607929e-01   1.2737549e-02  -1.8102387e-01   2.1951024e-01   2.4004732e-01   2.0265343e-01   2.3182855e-02  -2.2052363e-01   1.8488694e-02   2.8184790e-01  -1.9277586e-01   3.2341892e-01   3.2058222e-01  -1.4611749e-02   2.4796215e-04   3.8076581e-01   1.3504794e-01   5.5494311e-02  -1.1745746e-01  -2.0940923e-01   2.4050193e-01  -1.5249951e-01   1.6236584e-02   1.1726041e-01  -2.7923236e-01   9.9392544e-02   1.2476779e-01  -3.4444856e-01   1.7629490e-01   2.9952812e-01   3.8860756e-01   8.9952218e-02  -1.8288489e-01   1.5450920e-01  -3.7586933e-02   1.6406127e-01   1.2507910e-01   1.9060411e-01  -1.7672132e-01   2.0066090e-02   2.2332199e-01   4.0820481e-02  -7.8228408e-02   3.4588427e-02   7.9138047e-02   1.2854170e-01  -5.8502360e-02   2.2046644e-01  -1.2422651e-01  -1.5222654e-01   1.1413108e-01  -2.9158490e-01  -2.0939623e-01  -8.9859245e-02  -2.0880241e-01   8.6798795e-02  -4.1934277e-02   5.2736380e-01  -3.0655941e-01  -1.9859011e-01   4.2536547e-01   4.3832466e-02   3.0470186e-03   1.7269606e-01   3.3785822e-01  -4.9454071e-02   2.8647467e-01  -9.9044727e-03  -3.6555333e-01   1.7845655e-01  -1.7546411e-01  -1.4688956e-01   2.9059863e-02   1.9834219e-01   4.0215266e-01   4.8306268e-01  -7.6331100e-02   7.4399887e-03  -3.4312120e-01   1.1233348e-01   1.3054156e-01  -8.6104953e-02   1.1809884e-02   1.3491659e-01   5.3524871e-02  -3.5579161e-01   9.8512098e-02  -2.0833311e-01  -8.1153170e-02  -2.7818546e-01  -3.1649497e-01  -5.3636545e-02  -1.6379676e-01  -2.6835757e-01   6.1731045e-02   4.0443722e-02   2.0561481e-01  -2.2349297e-01  -3.3271855e-02  -2.6900802e-01   1.9249504e-01  -2.3763599e-01   1.0747492e-01   3.5338990e-02  -3.5768674e-01  -2.6920463e-02   8.3024508e-02   1.6426273e-01   1.5591383e-01   4.6031496e-01   7.3590493e-02   2.6390380e-01   2.4348410e-01   4.8994884e-01   4.3412898e-01  -2.2916951e-01  -2.9295017e-02  -3.3435249e-01   7.6385895e-02  -5.3480440e-02  -3.2077165e-01  -1.2965591e-01   1.2607458e-01  -1.9097932e-01   1.4084599e-01   1.3777746e-01   1.9834154e-01   3.7575673e-01   2.0696375e-01  -6.3150013e-02   1.3128701e-01   9.2619529e-02   1.9337070e-01  -1.7895942e-01   2.2620420e-01   1.3045524e-01  -1.4265210e-01   1.8544312e-01   1.9499370e-01  -3.6993097e-02   8.1313613e-02  -1.6970461e-01
  -1.9870836e-01  -9.0451882e-02  -1.3106769e-01   1.0169453e-02  -1.5021714e-01   2.2886823e-02   1.2548050e-01  -1.3412816e-01   4.5371475e-02   2.0414943e-01   0.0000000e+00  -8.9755495e-02  -4.9437509e-02  -2.3599352e-01   4.1574217e-01  -2.7526211e-02  -1.4834726e-01   4.0250114e-01   9.2745811e-02   6.7708485e-02   2.0407172e-01   6.0847541e-03   2.8542896e-01  -8.1961668e-02   1.5753219e-01  -1.2393981e-01   1.4363147e-01   1.0085978e-01  -6.2864072e-02   1.5917668e-01   3.9412816e-01   6.7511807e-02  -9.7662237e-02   5.7426255e-02  -4.4516051e-02   3.8003368e-01  -1.0930160e-01   1.7560916e-03   1.1715466e-01   4.6463840e-02  -1.2017526e-02  -2.0981713e-01  -8.3134195e-02  -1.0102147e-01   1.4469536e-01  -1.5406109e-01   3.2567138e-01   1.4334291e-01   1.3602475e-01   1.6953595e-01   3.1299015e-01  -1.7124051e-01   9.8231965e-03  -2.8275393e-01  -1.9611163e-02   5.0473064e-02   1.3259558e-01   4.0582780e-02   1.4256660e-01   4.2526564e-03  -4.4365626e-02   1.5324299e-02  -6.1652315e-02   5.3862040e-01   1.8581194e-01   3.5518650e-01  -1.4166316e-02  -1.9973178e-01   2.6330344e-02  -2.0716438e-01  -2.3138638e-02  -3.3748906e-02   1.4558781e-01  -1.0663003e-01  -1.2555701e-01  -1.0504924e-01  -1.3543797e-01   7.3424061e-02  -4.6499932e-02  -2.0670956e-01  -2.9231833e-02  -1.1463926e-02   1.2549714e-01  -2.0078806e-01  -1.3772771e-01   3.2453643e-02   8.2655337e-02  -5.3206051e-03  -4.9137402e-02  -1.4484727e-01  -1.2255538e-01  -2.6653126e-01   1.5806297e-01   1.6950297e-01  -7.1605512e-02  -3.8235631e-02  -7.7890510e-02  -9.2425473e-02  -6.2550762e-02   1.8300861e-02   3.0898276e-02   4.7956172e-01  -2.4504812e-01   1.9923535e-02   1.9563493e-01  -1.2290781e-01  -1.6764873e-01   3.1506490e-02  -5.5649744e-03   2.6872989e-01   1.3096760e-01   6.6859852e-03  -1.2810407e-01  -1.7551492e-01   2.8463469e-01   1.8018151e-02   6.7954688e-02   1.2711280e-01  -1.8979914e-01  -1.0070050e-01   9.4802196e-03  -2.2123863e-02  -2.2218940e-01   3.0514996e-01  -2.2544948e-01  -2.4287660e-01   2.4378499e-01  -5.2297942e-02  -8.1381057e-02  -6.8895113e-02   1.7766382e-01   4.2803705e-01  -1.5657845e-01   3.5385801e-01  -4.7518013e-02  -8.6499532e-03   9.3805532e-02   5.0996114e-02   1.2511818e-01  -7.1112114e-02  -1.7461050e-01   1.3943891e-02   4.2482993e-01  -1.1579593e-01   4.3381097e-01   3.7582230e-02   4.9604509e-02   1.7117178e-01   3.3420672e-01   9.8476446e-02  -5.5976819e-02  -1.7791237e-01  -1.6013851e-01   3.3771385e-01  -1.0630488e-01   8.6635375e-03  -1.6328629e-02   1.9784287e-01  -2.6717104e-01  -2.9627551e-02  -2.4698623e-01   5.5701476e-01   2.4651365e-01   2.9553963e-01  -3.7018389e-03   7.0489240e-02   4.7562380e-02  -1.0865364e-01  -3.7278059e-01   9.4421508e-02   1.6774288e-01  -9.3748329e-02   2.0095047e-01   2.9950190e-02  -2.2605721e-01  -9.3762053e-02   1.8871248e-01
  -7.3994031e-02   5.4524903e-01   4.8718644e-01  -2.8448310e-01   3.8387463e-01   3.5392954e-02   5.0650310e-01  -3.7077706e-01  -4.6366791e-02   2.2979517e-01  -8.9755495e-02   0.0000000e+00   4.3937643e-02  -6.3070550e-03   1.6269012e-01  -6.6018690e-02   2.2313015e-01  -2.8414520e-02  -8.6120841e-02   1.4718381e-01  -1.3613119e-01  -1.6268980e-01   4.0197443e-02  -6.4589571e-02  -1.4688218e-03  -1.4928625e-01   1.5311686e-01  -2.1694201e-01  -8.3491330e-02   1.4039156e-01   6.2145812e-02  -4.4912965e-01  -1.4715434e-01   4.9086020e-01   1.9055071e-01  -7.6343826e-03   2.2951686e-01  -1.5103370e-01   9.2692446e-02   3.3974956e-01   8.5607373e-02   2.2515864e-02   4.5661158e-01  -3.2061299e-01   1.0408937e-01  -1.0116035e-01  -1.7226089e-01   2.0950370e-01   1.7597463e-01   1.2219202e-01  -4.7741467e-02  -7.4585272e-02   3.1454673e-01  -1.0362943e-01  -3.0464196e-01  -1.5479484e-01  -1.6782425e-02  -2.7700771e-01   1.2193435e-01   2.9115655e-01   1.1491034e-01   1.4793138e-01   1.9380376e-01   7.9874783e-02   3.9138124e-01   1.9541769e-01   3.5520613e-02  -6.7379713e-02  -1.5176099e-01   2.2779756e-01   5.6671510e-01  -1.2916826e-01   1.7890316e-01   1.4728579e-02  -1.7472254e-01  -1.4574225e-01   6.3835447e-02  -2.8616850e-01   3.3862219e-01  -3.8272742e-02  -1.7754554e-01   3.0249923e-01   4.5173329e-02  -2.3241094e-01  -1.3036472e-01  -2.0099698e-01   2.2271078e-02  -5.8989890e-03   2.8527655e-01  -1.8914955e-01   1.3639169e-01   1.3158031e-01   3.0753782e-01  -6.4717932e-02  -2.2864471e-01   3.6860733e-01  -3.0347602e-02   4.2968501e-03   2.2985702e-01   4.3392546e-01  -2.6032384e-01   4.9300136e-02  -3.1099019e-01   1.3593269e-01  -1.1656267e-01  -3.9249675e-01  -1.9311099e-02  -1.2569278e-02   9.1786101e-02   7.0269081e-02   4.9959995e-01  -7.1990950e-02  -1.0651747e-01  -2.6210949e-01   5.4185378e-02   3.3006284e-01  -6.4559920e-02  -2.9204006e-02  -7.9524346e-02  -1.3507317e-01  -1.2060046e-01   3.2338527e-01   1.4117768e-01   9.6402286e-02  -1.1858812e-01   1.0082447e-01   6.2107958e-02  -1.2100446e-02  -2.9590478e-01   3.1879139e-01   8.5129211e-02   1.9823707e-01   1.8054452e-01   2.6540480e-01   2.9383495e-02  -2.6174368e-01  -2.7883069e-01  -3.8703236e-02  -1.5306513e-01  -2.6370963e-01   1.1199998e-01   5.2420705e-02  -1.5389558e-01   4.7249114e-02   1.8733215e-01  -2.2902592e-01   6.3351166e-01  -1.7986480e-02  -4.2252683e-02   3.4647218e-01  -1.3480335e-01  -3.7701366e-01   5.9578485e-03   1.8242949e-01   5.2479707e-01  -4.7109557e-02   8.2641575e-02   6.1576747e-02  -9.8619651e-03  -7.3680229e-02   4.2043714e-02  -1.0772610e-01   1.2840858e-01  -5.9989092e-02  -2.2631039e-01   2.1258533e-01   1.1351724e-01  -5.3618727e-02  -1.1052614e-01   9.3994463e-02   3.3988434e-01  -7.9607019e-02  -6.9366502e-02   1.9014501e-01   2.6315685e-02  -4.2304459e-02  -2.7691547e-01
  -8.2486018e-02   5.2498677e-02   1.8584593e-03  -1.3862898e-01   2.0343386e-01   1.1197109e-01  -2.1675093e-02  -1.4373975e-01  -4.0379013e-02   2.7139021e-02  -4.9437509e-02   4.3937643e-02   0.0000000e+00  -1.6545863e-01  -6.9271272e-02  -6.2434628e-02  -7.4969082e-02   7.2602854e-02   3.5651679e-02   1.7155634e-01   8.5187055e-02  -1.7408773e-01  -1.7342973e-01  -1.7688593e-02   1.8258993e-01  -1.7378164e-02   1.7996088e-02   1.2499397e-02   2.2114435e-01  -3.6462722e-01   1.9900872e-01  -5.5527605e-02  -1.2861613e-01   4.9893833e-02  -9.1746791e-02   2.1843127e-01  -3.7397657e-02   3.2161155e-02   4.0389776e-02   1.4967221e-01   5.0956074e-01   9.5323002e-02   8.8849108e-02  -5.9374154e-02   5.6347149e-02  -1.0594042e-01  -2.1743276e-01  -1.8050836e-01   1.7888385e-01   2.8613020e-01   1.7948815e-02   1.0509880e-03   3.3856217e-01   3.4058179e-01   2.5716601e-02  -4.5516423e-02   3.0354349e-01  -1.7321583e-01   2.8321161e-01  -1.1665371e-01  -8.4281519e-02   3.0860683e-01   7.6534168e-02  -1.9343504e-01  -3.4085707e-02  -1.3688950e-01   1.4575668e-01   4.1780841e-03  -1.3870962e-01  -2.6721323e-02   1.1398922e-01  -1.0139945e-01   4.2427000e-01   1.3109872e-01   2.6548760e-02  -7.3676339e-02  -2.2098246e-01   1.2151632e-01   3.7962252e-01   1.0387172e-01   5.8014265e-02   3.7021303e-01   2.3209170e-01  -8.6134756e-02  -1.5281627e-01  -1.1739867e-01   8.4928558e-02  -1.1703888e-01  -3.9941810e-03   1.1246549e-01   3.2636357e-01   8.0886397e-02   1.6004780e-01  -8.6424903e-02  -5.3436872e-03   2.0231075e-01   5.0152143e-02   1.9373351e-01   3.4600941e-03  -1.3095260e-01  -1.3562285e-01  -1.9656849e-01  -1.4164942e-01  -8.6920114e-02  -3.2063016e-01  -9.8743627e-02   7.9054921e-02   1.2642041e-01  -1.6906210e-02   1.0626832e-02   3.5274556e-02  -1.4877663e-01  -2.0135571e-01   5.0408164e-02   1.6476817e-02   3.4044307e-01   1.1671529e-01   3.7847264e-01  -2.1746148e-02  -5.2394295e-02  -2.4168295e-02   4.1013697e-01  -4.5022936e-02   9.5634853e-02  -5.5605621e-04  -1.2541303e-01   1.4744352e-01   3.2768163e-01  -5.3592062e-03   1.0650075e-01   1.8817104e-01  -9.4407999e-02  -9.3800539e-02   1.8456087e-01  -1.2530358e-01  -1.3391814e-01   1.3114965e-01  -1.6247186e-01  -5.9664466e-02   5.0711583e-02  -5.6266241e-02   4.1878248e-01   1.3533444e-01  -1.0355343e-01   5.5828994e-02  -9.9681236e-02   6.7411791e-02  -1.6613436e-01  -2.2652674e-01  -1.2775298e-02   7.1854627e-02  -1.3379608e-01   9.8323292e-02   6.8554045e-02   1.4658664e-01   6.3676288e-02  -1.2286460e-01   3.8761685e-01   5.5119265e-02   1.0920165e-01  -9.1097841e-02  -6.9344643e-02  -1.2202864e-01  -1.5109716e-01  -1.8132469e-02   1.8616991e-02  -1.1402229e-02  -2.1082965e-01   1.2295200e-01   1.3232169e-01   3.0224016e-01  -1.7911500e-01  -3.6547914e-01  -9.6618500e-02  -9.7572366e-02  -1.4932299e-01  -1.4507813e-01
   5.5121682e-01  -1.6598011e-01   3.2685957e-02   1.2704709e-01  -2.9251263e-02   1.2850495e-01  -1.8509407e-01   1.5930027e-01   5.6426083e-02  -1.7395610e-01  -2.3599352e-01  -6.3070550e-03  -1.6545863e-01   0.0000000e+00  -2.9017207e-01  -1.6019045e-01   2.3675382e-02   6.7309988e-02   2.7506552e-01  -1.5347274e-01  -3.9458417e-02   2.3125802e-01  -9.8712174e-03   5.0874255e-01  -5.4714660e-02   3.6770890e-01  -5.1404648e-01   3.0178060e-01   1.5810631e-02  -5.1616567e-02  -1.0134252e-01   5.8364885e-02  -1.0053987e-01  -1.7204701e-01   3.3455001e-01  -1.2450971e-01   1.1865894e-01  -6.1511700e-02  -1.9982621e-01  -4.3432121e-01   5.8906313e-02  -4.0594745e-02   1.4129415e-02   3.6764194e-01  -1.0406869e-01   3.9898572e-01  -8.5177239e-02  -1.0605629e-01   5.4098309e-02  -4.7184574e-01   1.3498766e-01   1.5201318e-01  -4.0030736e-01  -6.9504336e-03   4.0136358e-01   5.5858782e-02   6.4022001e-02   1.0449704e-01   1.2408610e-01   1.1934209e-01  -9.2951351e-02  -2.8710238e-02  -2.1273336e-01  -4.0904499e-01  -5.6242059e-02  -2.9969167e-01  -5.9399958e-04   2.6604285e-01   2.7109931e-01  -2.8606071e-01  -3.5247466e-01   7.5647257e-02  -7.6780566e-02   3.7355136e-01  -2.2850168e-02   1.0812566e-01   4.6701119e-02   1.2787878e-01   2.9901652e-02   8.0957700e-02   1.7714916e-01  -9.7009525e-02  -9.3717540e-02   1.3775430e-01   4.7439889e-01   5.9434791e-02   2.4337383e-01   5.1487201e-01  -5.8022861e-02   4.4848035e-01  -2.0399774e-02  -4.4350403e-02   2.4140863e-02   1.1843992e-01   7.1033493e-02  -1.7653886e-01   1.1712403e-01   6.1725175e-02   2.2433128e-01  -9.0415110e-02   4.7108239e-01  -1.6628560e-01   3.3485666e-01   1.0780941e-01   8.4560587e-02   1.5876093e-01  -9.4990036e-02   1.1913479e-01   1.0907244e-01   9.2604423e-02  -1.3562462e-01   3.2580354e-01   3.9193866e-02   4.3283755e-01   1.2673317e-01   6.9666014e-02   3.7658470e-01  -4.8936887e-02   3.0434589e-01   3.2787377e-01   3.4946342e-01  -3.0566647e-02   7.4265550e-02  -3.3265632e-02   3.2393625e-01   6.7764754e-01  -1.0955780e-01  -2.5264778e-02   9.7815221e-02  -9.6375091e-02  -1.0916650e-01  -6.2846853e-02   4.0948097e-01  -2.8207153e-01   1.6733813e-01  -5.7476400e-02  -1.4303329e-01   2.3695444e-01  -1.5531628e-01   2.1339661e-01   4.4689699e-01  -3.5389237e-01  -2.2793771e-01   1.6663986e-01  -2.0253616e-01   1.6073964e-01  -2.2526763e-01   4.2726504e-02   2.1565394e-01   2.0881374e-03   4.4886291e-01   4.4188337e-01   4.2907199e-01  -3.2130405e-01  -1.7276523e-01   3.1390695e-01   2.6240482e-01   7.4876828e-02  -3.8158196e-02   1.5069557e-01   2.6014709e-01  -3.8223585e-01  -2.2522882e-01   9.5886818e-02   1.9871349e-01  -1.7321918e-01  -2.7054765e-01   1.2217370e-01   3.5861285e-01  -1.5970638e-01   2.7236225e-02   6.6535071e-03  -5.6912322e-02  -1.4318698e-01  -2.3120556e-02  -1.0490802e-02   1.3694002e-01
