   0.0000000e+00  -4.6920251e-02   1.6227804e-01   1.8687474e-01   1.1525444e-01  -2.5942151e-01   1.5560112e-02   1.7112463e-01   9.8796124e-02   3.1713416e-01  -2.0197628e-01   1.3825169e-01  -2.1012281e-01   4.7367465e-01  -1.0218070e-01  -2.9094517e-01   1.3706504e-01  -2.5044412e-02   2.1004664e-02   6.4334676e-02   3.1243948e-02   2.9293367e-01  -2.8325409e-02   4.7736773e-01  -1.4034092e-01  -1.9042270e-01  -1.3534459e-02   1.0477453e-01  -1.4569913e-01  -6.8363322e-02   5.5283165e-02   2.0880911e-01   2.8080974e-02  -9.0976400e-02   1.6160373e-02  -2.5730319e-01   2.1231531e-01   1.2971712e-01  -4.6224636e-01  -1.3060262e-01  -2.2980587e-01   1.5870812e-01   3.3627286e-01  -9.8899144e-02   2.1108846e-01   3.6528293e-01  -2.9715802e-01  -1.2037280e-01   2.8832085e-03  -3.0327149e-01   8.5777112e-02   2.0699704e-01  -2.4242333e-02   3.3977053e-01   3.4048625e-01  -2.2306568e-01  -2.9350550e-01   2.2417507e-01  -2.4790146e-01   2.1937449e-01   3.1452765e-01  -1.0567925e-01   1.0023371e-02  -5.4435200e-02   1.3214583e-01   4.6913703e-02  -1.6759993e-01  -6.9232510e-02   4.5879668e-02  -9.3469062e-02  -1.7899708e-01   2.3743929e-01  -3.7437766e-01   3.9049820e-01   3.1150496e-01   3.5394376e-01  -1.3755802e-03  -7.2941761e-02  -1.1462412e-01  -1.0487735e-02  -4.4236859e-01  -2.5683089e-01  -1.5876918e-01  -8.8030226e-02   4.3062477e-01   2.6182233e-01   2.7399055e-01   5.2071279e-01  -1.1441686e-01   5.1895971e-01  -1.4781078e-01   2.4538897e-01  -1.9521193e-01   2.6524848e-01   3.7099457e-01   3.1168334e-02  -8.5559258e-03  -1.2924203e-01  -1.1380119e-01   1.7951631e-01  -9.9516889e-02  -9.6307440e-02   3.6271428e-02   2.7493656e-01   2.5381541e-01  -6.4450582e-03   2.3308167e-01  -6.8976995e-02   7.4812207e-02  -1.9299139e-01  -1.1728990e-01   3.8198505e-01   1.8878432e-01   6.0680589e-01   6.2581277e-02  -6.8506638e-02  -3.1161849e-02  -1.6644779e-01  -2.8790199e-01   2.3651213e-01   4.8574849e-01  -2.2099451e-01   1.9107996e-01  -1.9912755e-01   4.1106915e-01   2.7166357e-01   1.6757912e-01   1.7695354e-01   2.8168299e-01  -4.4300474e-02  -3.0248405e-01  -6.5220071e-02   4.0693637e-01  -2.2215973e-01   4.3323328e-01   2.9646575e-01   1.3049118e-01  -4.5930293e-01   4.5494944e-01   5.5983357e-01   4.7531219e-01  -2.6681750e-01  -9.7213878e-02  -3.7860015e-01   1.8469664e-02  -2.5014780e-02  -1.7034758e-01  -1.1023509e-01  -2.2536023e-01   3.0175171e-01   4.2002849e-01  -1.7736633e-01   4.8663496e-01  -1.2896181e-01  -3.1822683e-01   2.6404123e-01   5.7688334e-01  -1.7979734e-01   4.9087264e-01  -5.5210894e-02  -1.5186488e-01  -1.1142029e-01   1.9753808e-01  -9.3264982e-02   2.7447406e-01  -2.2969441e-01  -7.1517808e-02  -2.0529063e-01   5.5888047e-01  -1.8703986e-01  -3.0453506e-01   2.3898845e-01   1.9745963e-01  -4.9347513e-01  -1.0823361e-01   1.8456462e-01   2.8901323e-01
  -4.6920251e-02   0.0000000e+00   2.6219425e-01   6.8919723e-02   1.7363202e-01   2.1312075e-01   4.3410318e-01   1.2192720e-01   2.5604796e-01   8.8075413e-02   8.3246809e-02   5.4718345e-01  -1.5083217e-01  -4.1176746e-02   1.7926751e-01  -2.4516042e-02   1.6465053e-01  -9.5775227e-03   6.7252167e-03   7.6456572e-02   1.5568683e-01  -4.7850028e-02   5.0287355e-02   2.0863911e-01  -2.0616893e-01   9.8305947e-02   3.1194313e-01  -3.4244858e-01  -2.0874753e-01   3.1181921e-01   2.2853480e-01   2.9602035e-01   5.9276134e-02   3.2197848e-01   1.1275115e-01   9.8458406e-02   7.7893042e-03   3.1779947e-01   3.8120217e-02   3.2068956e-01  -3.6154165e-01  -2.1238833e-02  -1.7596095e-02   2.4633127e-01  -7.5357628e-02   9.7542270e-02   3.0380553e-01   3.6098305e-01   4.0142165e-02  -1.2630588e-01  -9.0352467e-02   5.6624542e-02   5.0305779e-01  -6.9421545e-03   1.0943241e-01   2.8856233e-01  -2.1310118e-02   1.7230820e-02   4.2686954e-02   2.8572317e-01   7.7690538e-02  -1.6627437e-01   4.1377529e-01   3.7957081e-01   3.3335543e-01   8.9144428e-02   3.2538731e-01  -4.0390566e-01   3.0732925e-01   3.1748811e-01   4.1616045e-01  -8.0013966e-02   1.7000495e-02   4.3139153e-02  -2.7670181e-02   2.0883284e-01   1.0338821e-01   8.2352086e-02   3.4426695e-01  -1.5918472e-01   1.3275381e-01   7.6726440e-02   2.0354314e-01   1.4155078e-01  -9.3998777e-03   2.4213698e-01   3.1789579e-03   4.8276092e-02   1.1243197e-01   2.5125453e-01   4.0745424e-01   1.7030024e-01   3.0993510e-01   1.1936623e-01   1.2320419e-01  -1.0406014e-01   7.7032267e-02   1.8420372e-02  -1.9725264e-01   6.5260654e-02  -1.3307217e-01   2.3437237e-01   1.2194896e-01   1.5757793e-01   5.5959282e-02   1.2446305e-01   4.3488087e-03   2.8487177e-01  -2.3919726e-01   2.8445089e-01   2.8340996e-01  -1.9364995e-01  -1.5479062e-01   6.5171064e-02   3.5165122e-02   3.5661434e-01   1.6818981e-01  -2.4335928e-01  -2.2892702e-02  -1.1568713e-02   1.1699949e-01   1.6539839e-01   5.1934895e-02   4.3845190e-01   8.2066311e-02  -7.0410330e-03   1.1212993e-01  -1.2496087e-01   1.7235927e-01   1.8012970e-01  -1.6729444e-01   3.1618866e-01   2.2304709e-01   3.1811883e-01  -6.1946828e-03   2.8231381e-01   5.4884671e-02   9.8867564e-02   7.4363900e-02   1.7164372e-01  -3.9848836e-02  -2.0263231e-01   2.0932872e-01  -7.9658000e-02   3.4597268e-02   1.8025291e-01   4.0592654e-01   2.5338077e-01  -5.3668019e-02   1.3945338e-01   1.9550731e-01  -6.0646337e-03   5.2330323e-02   3.3083283e-01   5.0542244e-01   8.3948334e-02   1.1002226e-01   7.6036489e-02   1.6834405e-01   1.3182850e-01  -1.2507597e-01   2.5939888e-01   2.4664826e-01   9.0191944e-02   9.0465685e-02   4.3113961e-01   3.5230689e-01  -2.7823818e-02  -2.1627594e-02   5.0233102e-01   1.1850301e-01   2.4702777e-01  -6.3097349e-03  -7.4498357e-03  -7.7319702e-02   6.2390248e-02   1.3382559e-01
   1.6227804e-01   2.6219425e-01   0.0000000e+00   2.9202939e-01  -5.4719302e-02   1.3350360e-01   2.4855834e-01  -9.6328543e-02   1.7278254e-01  -2.7930627e-01  -8.0417073e-03   3.8621895e-01   3.2659059e-02  -4.0047639e-02   3.2966522e-01   2.9585165e-02   7.0596227e-01   1.8122649e-01   2.0194621e-01  -3.8317722e-02   5.7122283e-03   2.1260217e-01  -8.3935945e-02   2.1356182e-01   4.1436270e-02   1.0285417e-01   4.0967089e-02   9.7106536e-02   1.6412865e-01   2.7938408e-01   3.0724866e-01   2.1245304e-01   1.1333367e-01   1.1482314e-01   1.2461956e-01   3.7868958e-02  -3.7423566e-01   3.3026133e-01   5.7036749e-02   1.9011158e-01  -2.0484693e-01  -6.2288531e-02  -4.2569421e-03   2.0896482e-01  -2.1570443e-02   1.6589141e-01   1.1962089e-01   2.2647818e-01  -2.4509442e-01   1.2655918e-01   8.4348880e-02  -1.2689144e-01   3.2505638e-01  -7.5670699e-02   2.0152525e-02   9.1242696e-02   2.4920762e-01  -1.7971227e-01   1.9018105e-01   2.2493323e-01   5.3179835e-01   5.1605537e-02   2.6118939e-01   9.2433439e-03   2.0533207e-02  -2.7027401e-01   1.3691590e-01  -2.5087621e-01   9.9150770e-02   5.8921643e-01   2.2797275e-01  -1.5206973e-01   1.5805329e-01   2.3104955e-01  -5.1603430e-02   1.0546875e-01   5.3026583e-01   2.7371424e-01   8.1722483e-02   1.2178224e-01   1.0636544e-01   1.8159238e-02   2.7311195e-02   2.1146427e-01   5.2051899e-01   3.8376930e-02   1.4494190e-01  -1.1430870e-01  -1.5388224e-03   4.9097422e-02   4.7328003e-02   6.1091425e-01   1.3955023e-01  -1.2783161e-01   4.7743874e-01  -2.6543741e-01   2.4244946e-01  -1.3545424e-01  -1.3189797e-01  -2.9358537e-01   3.0766676e-03   2.3313564e-01   8.7452993e-02  -1.3000094e-02   1.1204368e-02   9.3982692e-02  -7.7774548e-02  -3.9482168e-02  -1.3520523e-01  -5.8361757e-02   5.4145544e-02   2.4487226e-01  -1.4446537e-02   1.7845000e-01   1.0482402e-01  -7.7890167e-02   1.1850564e-01  -1.0368144e-01   2.7508856e-02   1.5176527e-01   2.1253954e-01  -7.1113604e-02  -1.7348886e-01   7.5161527e-02   3.9602566e-01   6.9822430e-02   2.9681589e-02  -1.0051026e-01   2.0548874e-01   2.2206505e-01   1.2792567e-01   3.4461589e-02   3.9410392e-01   2.2961499e-01  -3.0585159e-02  -5.7632211e-02   7.7257940e-02   1.1428379e-02   2.0782575e-01   1.1070031e-01  -1.8974099e-01  -7.9527329e-02   2.1504158e-02   1.8401381e-01   1.6289342e-02   1.7938967e-01   1.7319267e-01  -1.1285600e-01  -1.6471121e-01  -9.8314915e-03   5.5956764e-01   2.4750058e-02  -8.6122385e-02   1.3991564e-02   2.8456257e-01   2.9468136e-01   2.9400924e-01   1.2072883e-01   1.6462474e-01   1.2758569e-01   6.0305127e-04   2.7775393e-01  -2.1014669e-02   2.6929842e-02   5.0070484e-02   2.3019652e-02  -1.7648559e-01   2.5629764e-01  -1.6118639e-02   6.8661305e-02  -8.6971667e-02   2.0597770e-01  -2.1990367e-02   1.8701193e-01   1.0491854e-01   8.5396874e-02   3.0304893e-01
   1.8687474e-01   6.8919723e-02   2.9202939e-01   0.0000000e+00   2.3243000e-01  -8.9990893e-02   2.3703750e-02   7.0076898e-02   3.5837809e-01   1.0358244e-01   1.7067451e-02   9.5730773e-02  -7.8562816e-02   4.5390734e-01   2.4286488e-01   3.6882285e-02   2.9730768e-01   3.7102418e-01   2.3167415e-01   1.6988173e-01   1.8626793e-01   5.6201045e-01   2.1637799e-01   2.1211702e-01  -3.5496572e-04   2.7301369e-01   1.4076443e-01   2.2557318e-01  -4.4779271e-02   2.6960012e-01   1.0959984e-01   4.2257531e-01   3.4011903e-01  -2.0440692e-02   2.7755442e-02  -7.3524803e-03   3.4813773e-02   3.6749953e-01  -5.5897771e-02   1.1045919e-01  -1.2203951e-01   2.8743058e-01   1.2326341e-01   1.8655046e-01   3.0536113e-01   6.9124871e-02   1.6866294e-01   1.4599531e-01   8.4598083e-02   5.7702838e-02   3.4138055e-01   1.3807155e-01   4.9662797e-02   1.0973689e-01   7.2798973e-02   1.1002078e-01   8.6438970e-02   3.6642906e-01   2.6490704e-01   2.1613053e-01   3.3258474e-01  -2.0674599e-01   1.4940222e-01   9.2156333e-02   2.6573551e-02   8.4846703e-02   4.0538846e-02  -5.0244483e-02   1.5208539e-01   1.2798036e-01  -1.1460579e-01   3.7702204e-01   2.4992106e-02   2.4614253e-01   1.0734749e-01   3.6233814e-01   2.7553061e-01   1.4980290e-01   1.7939190e-02   2.5069288e-01   5.3045055e-02   3.6085757e-02   5.8024156e-02   3.4770447e-01   4.4182258e-01   2.8579985e-01   2.3778022e-01   1.2809431e-01   4.4958727e-02   1.4208918e-01   3.0894458e-03   3.5531311e-01  -4.4673169e-02   3.1786478e-01   3.6751433e-01   9.4871943e-02   1.5643829e-01   1.4900861e-02   8.6243511e-02  -2.6071421e-02   9.3073851e-02   1.9931779e-01   3.6163826e-01   9.4134088e-02   5.0444814e-01   3.2605080e-01  -3.3051380e-02   1.0669181e-01  -2.5557076e-01   9.2438328e-02   6.9434800e-02   5.9704783e-01   4.1369723e-01   1.8440108e-01   4.9814323e-02   8.8019525e-02   1.5411151e-01   3.0095170e-02  -2.3537922e-01   5.2037611e-01   1.1290677e-01  -1.6410240e-01   1.9393512e-02   1.2793935e-01   2.1691795e-01   2.1097166e-01   3.2698686e-01   1.2208635e-01   5.4135085e-01  -5.9307589e-02   1.7868736e-02  -2.2293486e-02   3.6647148e-01   5.6074209e-03   3.5824868e-01   2.7570875e-01   3.5240538e-01   8.6936772e-02   2.6207678e-01   1.8237830e-01   8.5223452e-02  -2.8316154e-01   2.6297012e-01  -7.5150158e-02   3.0008246e-01   2.7831685e-01   7.6429854e-03   1.1310361e-01   3.4444859e-02   1.2666631e-01   4.7027949e-01   1.6829860e-01   9.9166665e-02  -9.9940315e-02  -1.0511413e-01   3.0521971e-01   2.9290585e-01   2.1638760e-01   1.9944285e-01   1.7087956e-01  -6.2506235e-02   1.9440994e-01   2.0865686e-01   4.5137729e-01   5.2721338e-01   1.0897069e-01   3.3311913e-02   9.0087163e-02   9.8527472e-02   1.2413827e-01  -6.3187557e-03   2.9157720e-01   3.6538440e-01   2.1602962e-01   1.2962505e-01   3.3763585e-01   5.5360482e-01
   1.1525444e-01   1.7363202e-01  -5.4719302e-02   2.3243000e-01   0.0000000e+00  -1.9272266e-01  -7.4983959e-02   5.5757373e-03   1.2037982e-01   5.9857334e-01  -1.2742514e-01   1.3163411e-01  -9.7135313e-02  -8.5931269e-03  -8.3307383e-02  -1.7614087e-01  -3.5061640e-02   2.8097076e-01   1.3192293e-02   4.7418810e-01   3.6756344e-01   1.4874147e-01   4.5749842e-01   9.8944037e-02  -2.2307411e-01  -1.7700397e-01   3.0868242e-02   2.9044763e-03  -2.3347400e-01  -8.4284397e-02  -1.9589139e-01   2.8391799e-01   2.5953184e-02  -1.0218486e-02  -2.5267130e-01   2.7374874e-01   5.8263884e-01   4.9732487e-03  -2.7007445e-01  -2.4041994e-01  -6.6839782e-02   1.5592864e-01   1.5281036e-02  -2.0894259e-01   3.3398453e-01  -5.8917410e-02   9.6974050e-02  -4.1285478e-03   4.6293757e-01   5.7144625e-02   1.6491894e-01  -6.3068237e-02  -9.4731235e-02   2.4774041e-01   1.5006363e-01  -1.1748122e-02  -7.9281359e-02  -1.7087975e-02  -6.8171116e-03  -3.3134210e-02   1.7907062e-02  -1.6844519e-01   1.0108848e-01  -1.3771750e-01   4.0805009e-01   5.5973916e-01   1.4393920e-03   3.4047133e-02  -1.4025524e-01  -2.0433347e-01   1.5228743e-03   2.8755558e-01  -2.9274228e-02   1.7763815e-01  -3.1582770e-03   3.7373962e-01  -4.2590008e-02  -9.4512070e-02   5.8573802e-01  -1.0436182e-01  -3.0672578e-01  -1.2667804e-01  -1.6981477e-01   8.5351978e-02   4.7172663e-02   2.0804760e-01   1.2331015e-01   3.3292864e-01   2.0210074e-01   2.2773856e-01   5.5643767e-01   1.5129512e-01   1.3686507e-01   2.4416777e-01  -1.0804976e-01   2.6093047e-01  -6.6032371e-02  -1.2452093e-01   3.0134886e-01   4.8506273e-01   1.7829792e-02  -1.1437862e-01  -8.6704095e-02   2.0884063e-01   3.3819707e-01   1.5224098e-01   9.6640099e-02  -2.1719145e-02  -4.2850144e-02   2.6162540e-01   6.7372461e-03  -1.7833807e-02   2.8056645e-01   1.8421987e-01  -8.9325307e-03   4.6897362e-01   3.2324964e-02  -9.8652355e-02   7.1259385e-03   2.5410399e-01   1.7351280e-01   3.6663787e-01   1.0147756e-01   2.7150880e-01   5.1278177e-02  -1.1309405e-01   3.7529973e-01   4.2391994e-02   1.1993316e-01  -1.1887603e-01  -3.2775215e-01   1.5887159e-02   1.6217002e-01   1.9005277e-02   3.3249270e-01   1.8276577e-01   2.1821145e-01   2.1417320e-02  -8.7062809e-02   5.1371871e-02   7.7975196e-02  -3.0954009e-01   1.5752603e-01  -2.2282863e-01   2.3635419e-01   1.7597755e-01  -2.0298889e-01   3.7764221e-01   1.8151855e-01   5.5129012e-01   5.7475993e-02  -2.0879752e-01   2.2590277e-01  -1.6403718e-01  -6.8039440e-02   1.5378884e-02   3.7016008e-03   1.0563609e-01   1.3008310e-01  -2.0118300e-01  -1.1261960e-01  -1.1387794e-02   4.0782705e-01   2.6541481e-01   7.4975865e-02   1.7898844e-01   2.1134378e-01  -3.4120894e-03   2.5866807e-01   9.3833975e-02   2.7526041e-01   5.4299479e-03   3.0236390e-01   2.6459281e-02  -1.2598380e-01   1.9745628e-01   1.8635369e-01
  -2.5942151e-01   2.1312075e-01   1.3350360e-01  -8.9990893e-02  -1.9272266e-01   0.0000000e+00   4.2965099e-01  -7.4632445e-03  -3.1161666e-01  -2.1146551e-01   2.6970058e-01   3.2452606e-01   1.1498554e-01  -2.0826937e-01   2.8831843e-01   1.7354420e-01   2.6234596e-01  -3.6331023e-02   7.8392660e-02  -1.5174713e-01   2.3003459e-02  -2.5966228e-01  -1.2585475e-02  -5.9986126e-02  -3.4769775e-01   3.1355856e-01   4.7950625e-01   6.7786927e-02   8.6693349e-04   3.0621788e-01   1.2965037e-01  -2.1495431e-01  -3.4035768e-01   4.2800765e-01   9.0946183e-02   1.5361605e-01  -2.9338177e-01   2.0781099e-01   2.8010581e-01   6.6661214e-01  -5.2864657e-02  -5.6269359e-01  -3.6004533e-01   3.3300619e-01  -4.7659988e-01   9.5457750e-02   4.3536326e-01   4.2254820e-01  -3.0769384e-01   4.1545368e-02  -2.3349352e-01  -5.1899009e-02   3.9772432e-01  -2.6688621e-01  -1.1708401e-01   3.3741015e-01   5.0070112e-01  -3.4609976e-01   1.2116693e-01  -1.0481969e-02  -9.8549210e-02  -1.8887727e-02   3.8714112e-02   1.7239769e-01   6.6095731e-02  -2.1231762e-02   6.4292338e-01  -6.6809065e-01   1.5528760e-01   3.8352991e-01   3.0140560e-01  -5.2395449e-01   2.1556552e-01  -6.6896487e-02  -1.8827493e-01  -1.6413264e-01  -8.7613628e-02   1.8612171e-01   3.9262519e-02  -5.3304153e-02   5.9093571e-01   2.9485278e-01   2.9440118e-01   1.4772291e-01   1.8750989e-02  -2.0665153e-01  -1.0003265e-01  -2.6657613e-01  -1.4647676e-01  -2.8280380e-01   1.6925940e-01  -4.5312924e-02   4.1261908e-01  -4.1262999e-01  -1.0809581e-01  -3.6799968e-01   2.4671334e-01   2.9804271e-01  -2.2445150e-01  -2.3033388e-01   3.7464066e-01   2.8901770e-01   3.5251783e-01  -3.4855286e-01  -4.6559268e-01  -3.3188190e-01  -4.6588968e-01   4.5477144e-01  -3.7040822e-02   2.6559560e-01   2.8014592e-01  -8.7998701e-02  -5.8275958e-01  -3.9529428e-01   3.7258619e-01  -1.5232277e-01   2.0289151e-01   1.5172906e-02   3.1678745e-01  -3.1408187e-01  -1.0533950e-01   2.6796194e-02  -3.7484751e-01  -2.9610247e-02  -1.7246544e-01  -2.7321809e-01  -3.8245523e-01  -3.1732347e-01  -3.0773825e-01   3.7058029e-01   2.1705454e-01   2.2302721e-01  -9.3080155e-02   2.7751657e-01  -4.1678048e-01  -1.4220057e-01  -2.4754521e-01   4.3102889e-01  -8.4076022e-02  -9.9090114e-02  -2.7527209e-01   5.9612140e-02   1.8359052e-02   1.4701218e-01  -1.1312181e-01  -1.3342882e-02   4.8588238e-01   8.6070883e-02   2.6723529e-01  -1.3598737e-01   5.8931589e-02   3.1269376e-01  -4.2538579e-01   4.1897724e-01   4.9097087e-01  -4.0542525e-01  -2.3118251e-01   2.1771783e-01  -3.0740798e-01   4.5880743e-01  -3.8560215e-01   2.4450727e-01   3.6524251e-02  -9.5873629e-02  -1.0064268e-01   2.4354139e-01   3.0008256e-01   6.8709315e-02  -3.4002492e-01   2.9236983e-01   1.0762169e-01   1.2233503e-02  -4.6246076e-01   2.0225493e-01  -1.2475977e-01  -3.0120315e-01  -1.8350522e-01
   1.5560112e-02   4.3410318e-01   2.4855834e-01   2.3703750e-02  -7.4983959e-02   4.2965099e-01   0.0000000e+00   2.7490918e-02   3.5514583e-02  -1.1451075e-01   7.1362714e-02   5.3743258e-01   2.4836491e-01  -1.7392286e-01   3.4116783e-01   9.0396192e-02   2.0911939e-01   5.6288601e-02   9.6945440e-02   3.2984884e-02   8.6721609e-02  -1.2245548e-01  -1.0188411e-02  -8.6220161e-02  -1.5202733e-01   2.3417759e-01   3.6869699e-01  -1.3281579e-01   1.2690842e-01   3.4868616e-01   3.1757621e-01  -1.7125380e-03  -2.2459584e-01   5.5465542e-01   3.5648553e-01   2.1204110e-01  -1.9847564e-01   2.2125699e-01   4.2556870e-02   3.5413894e-01  -5.6737001e-02  -3.2570730e-01  -3.6599808e-01   2.5201365e-01  -1.9759965e-01   4.3411131e-02   3.4519050e-01   6.1083684e-01  -2.1195215e-01  -1.0432026e-01   3.2311452e-02   2.9140609e-02   2.6522690e-01  -3.3551563e-01  -1.1894345e-01   8.4976465e-02   3.3691784e-01  -2.1160777e-01   1.1378395e-01   2.8582473e-01  -8.2534818e-02   3.4555558e-02   1.0616232e-01   1.5246408e-01   7.1362705e-02   1.0844013e-01   4.2813353e-01  -4.7553243e-01   1.4440426e-01   4.7661404e-01   3.1978779e-01  -1.5571192e-01   2.1651450e-01  -2.0281192e-01  -3.0840656e-01   1.4180763e-01  -7.3174945e-02   1.9540209e-01   2.5865226e-01  -1.5031581e-01   3.9492043e-01   3.8043068e-01   1.9608259e-01   1.7747850e-01   9.7023697e-02   1.8288628e-01  -5.8835549e-02  -3.7160850e-01  -4.8472961e-02   1.5971865e-02   1.0697217e-01  -1.3174062e-01   2.2827444e-01  -1.4842770e-01   2.4517388e-02  -5.1942156e-02   3.4623006e-01   1.2429740e-01  -2.8978880e-01  -2.1371326e-02   2.1270248e-01   2.4687386e-01   2.6616411e-01  -1.3464067e-01  -1.5137107e-01  -2.0346468e-01  -3.5962187e-01   3.5391437e-01  -3.1105457e-02   2.9294565e-01   2.8182617e-01  -2.7083702e-02  -3.1959864e-01  -1.7525828e-01   5.0448688e-02   1.3980859e-01   7.5142451e-02   1.4465916e-01   3.1741887e-01  -7.6542953e-02  -1.2021724e-01   1.3138161e-01  -3.0052062e-01   1.9622948e-01   4.4840002e-02   7.1920811e-03  -1.2237848e-01  -1.2875164e-01  -1.7177817e-02   2.4090718e-01   1.3348056e-01   1.4295588e-01   5.1050634e-02   3.9661108e-01  -2.6548986e-01   1.0611930e-01  -1.8260838e-02   4.5133884e-01   2.3422353e-01  -1.5551837e-01  -3.2706700e-01   3.2871216e-02   1.7134208e-01   2.5478085e-01   1.5053137e-01   2.6968708e-01   6.8386622e-01   2.5158029e-01   1.4181843e-01   1.8942617e-02   2.2433893e-01   9.9762085e-02  -4.4765519e-01   2.7433309e-01   5.0641955e-01  -1.3475275e-01  -1.4284321e-01   2.2089081e-01  -3.2429858e-01   5.0939512e-01  -9.3668899e-02   1.8408728e-01  -6.1321553e-02   5.0828064e-02  -1.6345985e-01   2.3788815e-01   1.2307738e-01   1.2535883e-01  -4.1355030e-01   1.8746289e-01   2.0220647e-01   2.5272323e-01  -1.8547908e-01   1.9441965e-01   2.4905110e-01  -1.8704477e-01   6.5042945e-02
   1.7112463e-01   1.2192720e-01  -9.6328543e-02   7.0076898e-02   5.5757373e-03  -7.4632445e-03   2.7490918e-02   0.0000000e+00  -8.0116251e-02  -8.8910020e-02   2.2386740e-01   1.1546035e-02  -2.0495702e-02   1.7504007e-01  -2.9991305e-02   3.3200601e-01  -2.4913928e-01  -8.3967330e-02   1.6779214e-01  -1.4384510e-02   3.0477617e-02   1.0924519e-01  -1.2823582e-01  -1.0746261e-01  -8.4352607e-04   3.3464427e-01  -2.3292384e-01  -2.5094262e-01   2.2083588e-02   2.8558170e-02   1.1559735e-01   1.6745388e-01   1.4949532e-01   3.9482622e-02  -7.9993355e-02   2.3670924e-01   5.7332917e-02   2.3327386e-01   2.3966551e-01   1.9533375e-01   4.2381556e-02  -3.4393549e-02  -1.2517723e-01   3.8185469e-01   1.7648805e-02   7.7397791e-02   1.4112934e-01  -1.0367262e-02  -3.1019298e-02  -7.0939471e-01  -9.6742476e-02   7.3121159e-01   1.7238561e-01  -2.2775845e-01  -1.2658872e-01   1.7552974e-01  -1.5102956e-01   1.3122483e-01  -2.5633340e-01   6.4936814e-02  -9.6177371e-02  -2.9923471e-03  -3.0137772e-02   3.1139827e-01  -3.9683824e-02  -3.7082690e-02   2.4572329e-01  -3.2376811e-01   1.9573734e-01   2.1531487e-02  -1.9503548e-01   1.3421687e-03   1.9987358e-01  -2.4509334e-02  -5.0307960e-02   5.0260121e-01  -4.1449241e-01   2.0625753e-01  -1.5306476e-02  -1.9545972e-01   3.0317201e-02   3.6647598e-01   4.2857826e-01   3.7033874e-01   1.0458229e-01   4.6800223e-01  -9.5986754e-02   2.1482840e-01  -1.3012339e-01   1.9205709e-01   3.6749890e-02  -1.0966683e-01   3.6945302e-02  -9.9588044e-03  -1.4127692e-01  -1.5844808e-01   4.3549567e-02   3.0478759e-01  -6.2235801e-02   3.2498059e-02  -2.9972373e-02   2.1160610e-01   5.4119310e-01  -2.8555222e-02   3.3797794e-02   3.2683039e-01  -1.2213033e-01   4.6682337e-01   3.9722526e-02   3.0195911e-01   1.6785398e-01  -2.8318473e-02  -1.6161452e-01   2.5611880e-01   5.2096508e-02   1.4550347e-01   1.9615739e-01  -9.2957221e-02  -2.6686457e-01  -2.5586626e-01   1.3686593e-01   4.5994158e-02  -3.0802954e-02   1.0291387e-01  -1.2629815e-01   1.8975438e-01  -8.0666562e-02  -3.5211123e-01   3.2898070e-01  -1.7391190e-01   1.1625152e-01   3.5144327e-01   9.2751265e-02   4.0829036e-02   1.0009567e-01   7.0982299e-01  -2.7290605e-01  -1.3649112e-01   5.7414933e-01   7.4950569e-02   2.4696902e-01   2.1621381e-01   1.4911869e-01  -4.3945921e-01  -1.2200249e-02   2.3763953e-01   1.4710764e-01   2.2348980e-01  -1.0879709e-01  -1.2969901e-01   5.3563046e-02   3.2310036e-01   6.6123118e-02   2.4890158e-01  -6.2158705e-02   9.7275667e-02   1.5347604e-01  -4.7739997e-01   1.8070132e-01   2.5310868e-01  -1.9562630e-01   3.6654385e-01  -8.4560260e-02  -2.7465831e-02   2.5494460e-01   3.5641808e-01   2.6275575e-01  -6.9366828e-02   1.2142428e-01   3.1165092e-01  -1.2300056e-02   3.6289946e-01  -1.2559758e-01  -6.9622904e-02   1.1476506e-02  -3.1395479e-01   3.1168596e-01
   9.8796124e-02   2.5604796e-01   1.7278254e-01   3.5837809e-01   1.2037982e-01  -3.1161666e-01   3.5514583e-02  -8.0116251e-02   0.0000000e+00   2.2134554e-01  -3.7734977e-01   2.4847078e-01  -6.7051308e-02   2.8763475e-01   1.0888577e-01  -1.2035183e-02   1.2214280e-01   9.2210419e-02   1.2605404e-01   5.2314619e-02   1.2190595e-01   5.0458459e-01   2.2247928e-01   7.3985350e-02   2.5113487e-01  -3.1813054e-02  -5.3059871e-02   7.4254593e-02  -1.1420581e-02   1.4371457e-01   5.8913692e-02   3.0983133e-01   3.8419489e-01  -1.7530541e-01   7.9935744e-02   4.4151858e-02   1.1439894e-01   8.5743872e-02  -8.4537363e-02  -2.0222855e-01  -2.8584621e-02   4.1539816e-01   3.1786325e-01  -1.2398772e-01   2.5076102e-01  -2.8321046e-01  -1.0562342e-01  -2.8195295e-02   2.4517284e-01   8.0754933e-02   3.0857571e-01  -3.0770981e-02   3.0375136e-02   1.1964077e-01   1.6764139e-01  -8.1911768e-02  -1.3514239e-01   3.5260082e-01   1.9801384e-02   4.0150648e-01   8.4523586e-02   5.2701219e-02   2.4012395e-01  -6.7223503e-02   3.8882824e-02  -3.2399999e-02  -3.0815029e-01   3.0972058e-01  -1.0971107e-01  -1.6087012e-01   5.3013663e-02   3.9659802e-01  -1.4582939e-01   1.4480329e-02   1.4944581e-01   2.0995873e-01   3.1735298e-03   5.5465374e-03  -6.5221572e-02   4.7827527e-01  -6.3399975e-02  -9.8810091e-02  -7.7171536e-02   8.3712841e-02   6.8273651e-02   2.7477864e-01   2.8385433e-01   1.6614362e-01   1.0288596e-01   2.3438728e-01  -1.0345430e-03   8.8098151e-02  -1.8870902e-01   4.3299093e-01   7.9958091e-02   1.4899316e-01   1.2656191e-01  -1.0153472e-01   3.5123158e-01   9.5484004e-02  -8.6782807e-02  -9.9374744e-02  -8.3886679e-02   6.0788812e-01   5.3905286e-01   1.9177157e-01   1.9579211e-01  -2.8123161e-01  -1.8947671e-02  -1.8858718e-01  -1.2159657e-01   3.8351385e-01   4.6017812e-01   2.4750516e-01  -1.8296294e-01  -7.4972846e-02   4.2218060e-02   2.7838024e-02  -1.2296773e-01   3.4910310e-01  -1.2115854e-01  -9.0831823e-02   3.5384116e-01   2.4100308e-01   1.6234475e-02   2.4915099e-01   5.0869704e-01   3.1427128e-01   5.3856999e-01  -1.9763252e-01  -2.1285923e-02  -2.1941642e-01   2.4534109e-01  -1.5516812e-01   4.8589165e-01   1.4252243e-01   3.3626921e-01  -1.0631510e-01   5.3997107e-02   7.3615626e-02   5.1223968e-02  -3.5121770e-01   2.0438860e-01   4.0305943e-02   3.0393756e-01   1.0833557e-01   1.2984321e-01  -9.9711170e-02  -1.1616844e-01   6.8022050e-02   1.3255804e-01  -3.1620730e-03   1.6484048e-01  -8.6691171e-02  -1.2882735e-02   3.9684444e-01   3.7128999e-02   5.1642610e-02   1.3026085e-01  -4.0319795e-03   3.4722479e-01   2.8829028e-02   1.7335693e-01   2.7771358e-01   2.7254092e-01  -1.0573098e-01  -2.3287478e-01   1.0624150e-01  -3.2488367e-02  -1.5594924e-01   4.3554056e-02   9.9063678e-02   4.2915823e-01   1.1671101e-01   1.4134920e-01   3.0824276e-01   5.1733077e-01
   3.1713416e-01   8.8075413e-02  -2.7930627e-01   1.0358244e-01   5.9857334e-01  -2.1146551e-01  -1.1451075e-01  -8.8910020e-02   2.2134554e-01   0.0000000e+00  -1.4319294e-01   7.1733084e-02  -4.3911812e-01   1.8425982e-01  -4.6025873e-02  -4.8839016e-01  -2.1529487e-01   1.7303929e-01  -3.0129911e-01   4.1129180e-01   3.4418500e-01   1.7344412e-02   5.3840837e-01   3.3296434e-01  -1.7713744e-01  -4.4530936e-01   1.2279545e-01   1.7503500e-02  -4.4468239e-01  -3.4544259e-01  -1.3603370e-01   1.4325871e-01   6.0688936e-02   9.3323743e-02  -2.5856080e-01  -9.0213217e-02   6.8492922e-01  -1.7758577e-01  -4.7259667e-01  -2.5483176e-01  -2.9264151e-01   3.9905904e-01   4.2587083e-01  -1.9027492e-01   5.0880057e-01   1.0058796e-01  -1.2961950e-01  -2.1339204e-01   5.0963330e-01   8.9635173e-02   3.3696270e-01  -1.7564766e-01  -6.6389864e-02   6.9169430e-01   5.1612558e-01  -2.7617426e-01  -4.0605780e-01   8.2934036e-02  -8.5158770e-02   4.4401923e-02  -2.0723572e-02  -3.2166709e-01   2.3251196e-01  -1.6676714e-01   5.6266688e-01   6.9058841e-01  -1.7882325e-01   2.5502434e-01   6.1796505e-02  -4.6597423e-01  -8.6788300e-02   6.0063790e-01  -4.9724562e-01   1.1807332e-01   4.0349446e-01   9.9416360e-02  -1.1019427e-01  -3.7932576e-01   2.4904458e-01   4.2663196e-02  -4.7216091e-01  -3.1689999e-01  -2.1953270e-01  -3.5273113e-01  -1.2936998e-01   1.0821846e-01   3.1467363e-01   5.6147713e-01   2.8132876e-01   3.9714079e-01   4.1223900e-01   1.1307519e-01   6.5854726e-02   5.2863111e-01  -7.9264980e-02   3.7343162e-01  -1.5166889e-01  -2.8721274e-01   3.1052026e-01   7.5229021e-01  -1.5652428e-01  -2.4031738e-01  -1.8551505e-01   3.6053082e-01   4.6432948e-01  -1.1752996e-02   5.1873744e-01  -8.7033530e-02  -1.3870708e-01   1.4309163e-01   2.1226581e-01  -5.0495228e-02   4.4425483e-01   2.3496689e-01   9.8063345e-02   3.0268571e-01  -9.2601071e-02  -1.8878347e-01  -1.1878802e-01   3.6854207e-01   2.2059845e-01   3.2519274e-01   5.3650275e-01   1.5662994e-01   4.2243235e-02  -1.5018304e-01   5.5451519e-01   4.9191030e-01   3.5113989e-02  -7.4421478e-02  -7.2121665e-01  -1.2657016e-02   5.1211805e-02  -1.2702450e-01   6.5453347e-01   1.9690275e-02   4.8644122e-01  -1.8748922e-01  -1.6489663e-01   3.8645237e-01   3.1861863e-01  -6.9615244e-01   1.0259715e-01  -3.0122069e-01   2.2396823e-01  -1.6032823e-01  -1.3705372e-01   2.3132532e-01   2.1549624e-01   7.0157219e-01  -1.7305474e-01  -3.8881288e-01   5.6445901e-01  -1.4865292e-01  -2.2894695e-01   6.6186530e-02   1.3386986e-01   9.7489301e-02   3.1499407e-01  -3.2944703e-01   2.4224370e-02  -3.3157749e-01   7.0714188e-01   2.2027381e-01   7.8550105e-02   6.5523047e-02   1.7573078e-01  -3.4457559e-01   4.5424469e-01   2.5875874e-02   8.8897958e-02  -1.3026863e-01   5.6882076e-01  -3.1349977e-01  -2.8713489e-01   5.1041507e-01  -1.5801917e-02
  -2.0197628e-01   8.3246809e-02  -8.0417073e-03   1.7067451e-02  -1.2742514e-01   2.6970058e-01   7.1362714e-02   2.2386740e-01  -3.7734977e-01  -1.4319294e-01   0.0000000e+00  -6.0324724e-02  -2.0505304e-01  -4.0666812e-02   2.1202094e-01   5.9579616e-02  -9.1254708e-02  -5.7580159e-02  -8.5129816e-02   2.6561926e-01   1.4788938e-01  -1.9962670e-01  -6.0968266e-02  -4.3779715e-02  -2.6314470e-01   2.6659095e-01   2.6020670e-01  -1.3393451e-01  -3.5809248e-01   1.3326496e-01   2.1248674e-01   2.2309152e-01  -3.7178463e-02   2.5439430e-01  -1.8144579e-02   1.7297841e-01  -6.3901601e-02   8.1524240e-02   1.6579861e-01   2.4584595e-01  -2.5624289e-02  -1.4212853e-01  -2.8364381e-01   2.5962850e-01  -3.1903322e-02   8.1716454e-02   4.3270045e-01  -1.0707913e-02   5.5731708e-02  -2.7671161e-01  -8.6682334e-02   1.8086823e-01   3.1326005e-01  -1.6711169e-01  -1.0513511e-01   2.9317820e-01  -3.6780940e-02   2.1818996e-03   1.4593852e-01  -1.7796009e-01  -1.2977413e-01  -2.3210471e-01  -1.2325046e-01   3.5015491e-01   9.9021526e-02   7.6767973e-02   3.8075158e-01  -3.4462387e-01   7.1809665e-01   2.6149957e-01  -2.2618631e-01  -6.5640593e-02   1.3155992e-01  -2.9613757e-03  -7.8999150e-02   7.5123498e-02  -1.4617204e-02  -3.9939050e-02  -4.1157709e-02  -4.5545768e-01   3.5075949e-01   2.8613404e-01   3.7637148e-01  -1.0537377e-01   6.1340286e-03   7.3864119e-02  -1.4296201e-01   2.1213599e-02  -2.3804618e-01  -2.7818505e-02   5.4394017e-02   2.7140908e-02   1.9615212e-01  -7.7905551e-02  -2.3309479e-01  -7.0391076e-02  -2.1820809e-02   1.3962351e-01  -2.6772440e-01   6.2027399e-02   6.7740383e-02   5.7350954e-01   2.8995328e-01  -4.6855583e-01   3.9877828e-03   1.8384524e-01  -1.2720116e-01   4.5788235e-01  -4.1821402e-01   4.6336782e-01   3.5966735e-01  -1.8306660e-01  -3.1482259e-01  -1.2563150e-01   2.9245860e-01   3.8388184e-01  -3.3132308e-02  -2.0358570e-01  -2.1945503e-01  -7.3278910e-02   1.6848304e-01  -2.1265402e-01  -5.8872590e-02  -2.4879717e-02  -4.4244117e-02  -1.6212971e-01  -1.7076763e-01  -3.0326321e-01  -1.5452353e-01   1.6799430e-01  -1.4364910e-01   7.4953352e-01  -1.5775544e-01   2.7177978e-01  -1.0448810e-01   1.5572737e-01  -1.8026151e-01   5.8144007e-02   1.8457844e-01   1.3335304e-01   7.5544734e-02   1.2941370e-01   9.5959636e-02  -2.4024645e-01   7.0104938e-02   6.5546947e-02   1.2217708e-01   4.4591309e-01   9.9587082e-02  -2.0535040e-01   8.2879393e-02   1.9848857e-01  -3.1498764e-02   2.2960846e-01   8.8744789e-02  -1.7596458e-01   1.6625750e-01  -7.3471762e-02   2.4555514e-02   2.6876765e-01  -3.8866451e-01   3.8201341e-01   4.2161581e-03   3.6053932e-02   4.0142665e-02   6.1758975e-01   5.1163536e-01  -2.8210744e-01   9.3166174e-02   5.7194832e-01   4.1951815e-02   8.6478576e-02  -1.1356226e-01   4.4626126e-03  -9.2232940e-02  -1.5205080e-01  -9.3561126e-02
   1.3825169e-01   5.4718345e-01   3.8621895e-01   9.5730773e-02   1.3163411e-01   3.2452606e-01   5.3743258e-01   1.1546035e-02   2.4847078e-01   7.1733084e-02  -6.0324724e-02   0.0000000e+00  -5.8739418e-03  -1.0028699e-01   2.8047178e-01   4.6081546e-02   3.0383889e-01   1.2085764e-01   2.2445203e-01  -5.1958392e-02   9.6766774e-02   8.3199586e-02  -4.5045976e-02   1.4767684e-01  -2.2210792e-01   5.8843172e-02   2.2870958e-01  -9.0120840e-02  -1.4561998e-02   1.3671167e-01   1.9245811e-01   2.5892639e-01   1.2274313e-01   3.5074012e-01   2.8332056e-01  -1.6232085e-02  -1.3944445e-01   2.6515287e-01  -7.3274510e-02   1.7565982e-01  -2.3691805e-01  -1.1203420e-02   4.1410725e-02   1.1794450e-01   2.6374494e-02   7.6118144e-02   2.2975161e-01   3.2301547e-01  -1.6407670e-01  -7.8622796e-02   3.7357226e-02  -1.8113538e-02   3.0507577e-01   7.6321863e-02   9.3234993e-02   5.7290259e-02   1.5378096e-01  -1.2736746e-01   3.2913105e-02   4.0876135e-01   1.3757938e-01  -1.2770271e-01   4.7100508e-01   1.3833257e-01   1.9483708e-01  -3.0114704e-02   2.2306412e-01  -3.3464553e-01   3.2216721e-02   3.9866082e-01   4.3546067e-01  -9.1474339e-02   8.7555841e-03  -4.8502542e-02   6.7529929e-02   9.8852644e-02  -1.3495138e-02   2.2228214e-01   2.2105126e-01   9.4335006e-03   1.1111703e-01   1.0856489e-01   1.7174072e-01   9.1450974e-02   1.1608975e-01   1.1850751e-01   1.2237841e-01   4.2874206e-03   6.7653606e-02   7.3311159e-02   2.1594094e-01   2.1880600e-01   3.0889179e-01   9.7537525e-02   1.6673021e-01  -1.5245769e-01   8.8945204e-03  -1.5012801e-02  -1.4821092e-01   3.3271995e-02   1.2173744e-02   8.3610744e-02   1.0171905e-01   1.5236408e-01   6.3262173e-02   3.5614612e-02  -1.1464317e-01   2.7531395e-02   3.2881876e-02   1.7851734e-01   6.4716140e-02  -1.4185460e-02  -5.1154024e-02   1.4121291e-01  -2.9249167e-02   1.4623419e-01   8.1381962e-02  -1.9312785e-01   1.0793867e-01   1.1908932e-01   5.9094689e-02   1.6654496e-01  -3.3338976e-02   2.2449077e-01   1.4439548e-01  -4.7547196e-02   1.0202317e-01   9.1570885e-02   1.7123179e-01   1.7763324e-01  -5.0769981e-02   4.8011859e-02   2.9366743e-01   2.6698327e-01   4.2266264e-02   1.2972115e-01   8.2880476e-02   6.9520662e-02   1.5347423e-01   1.1525550e-01  -1.6581143e-01  -1.6246130e-01   1.2756814e-01   1.2518225e-01   4.8923091e-02   3.0078505e-01   4.7462975e-01   1.0670726e-01  -9.6858719e-02   2.2134019e-01   2.3700024e-01  -1.0809741e-01  -3.4930030e-02   1.7967985e-01   4.9413421e-01   5.9622275e-02   7.9246994e-02   1.0764381e-01   2.9108406e-04   2.4533413e-01  -8.6613856e-02   2.6488716e-01   1.3114470e-01   1.5787087e-01   1.3639721e-01   1.8613937e-01   2.1636913e-02   1.1242451e-01  -9.1432284e-02   1.7244078e-01  -4.8887646e-02   2.7896766e-01   3.5673428e-02   6.4763908e-02  -2.9165259e-02   1.3772620e-01   2.0694602e-01
  -2.1012281e-01  -1.5083217e-01   3.2659059e-02  -7.8562816e-02  -9.7135313e-02   1.1498554e-01   2.4836491e-01  -2.0495702e-02  -6.7051308e-02  -4.3911812e-01  -2.0505304e-01  -5.8739418e-03   0.0000000e+00  -2.7499068e-01   1.5575291e-01   3.4616997e-01   9.3447006e-02  -1.1478815e-02   4.8519782e-01  -1.4049612e-02   2.5455879e-03   8.8914698e-02  -7.9337501e-02  -2.9180469e-01   6.5908441e-02   2.4688822e-01  -2.6731386e-02   7.5777935e-02   4.8661254e-01   1.0105628e-01  -5.5123191e-02  -1.6549926e-01  -1.1635232e-01   4.6054075e-02   4.3443082e-01   3.4059848e-01  -2.4127394e-01   3.8992153e-02   1.3142874e-01   6.6585843e-03   5.6721641e-01  -3.7683416e-01  -5.6224372e-01  -2.6255906e-02  -3.9277650e-01  -3.3407574e-01   1.8799859e-01   1.1197018e-01  -3.1062669e-01  -9.2005514e-03  -1.0802068e-01   5.7070431e-02  -2.6584758e-01  -4.7118963e-01  -2.4911209e-01   1.2485514e-01   5.8437195e-01  -1.0224498e-01   1.8595234e-01   2.1934350e-01  -8.9222097e-02   4.7695215e-01  -2.1853504e-01  -3.3742171e-01  -5.1729316e-01  -2.0064693e-01   4.9635460e-02  -1.4545084e-01  -2.5669925e-01   1.4324761e-03  -2.8711701e-02  -4.3454287e-01   4.6805385e-01   2.8795751e-02  -6.3290144e-01   1.2396143e-01  -1.5495857e-01   5.3744410e-01   7.0738953e-02   1.7863112e-01   2.1974758e-01   4.1568769e-01  -2.3229670e-02   4.6471798e-01  -7.2726054e-02   1.3329293e-01  -2.4577512e-01  -4.9158461e-01  -1.3570408e-01  -1.6038634e-01  -1.2550737e-01  -2.8346611e-01   6.8512745e-02  -3.2690275e-01  -5.8630127e-02  -1.4108531e-01   3.3435259e-01   3.8995112e-01  -1.1066257e-01  -2.7129462e-01   2.4084943e-01  -9.3444129e-02   4.8271858e-02  -1.7244911e-01  -3.7596323e-01  -5.2312664e-02  -4.6714349e-01  -8.8980139e-02   4.2369708e-01  -7.7337379e-02  -2.6896341e-01  -8.8956027e-03  -2.2838440e-01  -6.5261589e-02  -1.5509509e-01  -2.0102743e-01   2.9211841e-01   6.2609720e-01   3.2726489e-01  -1.5811025e-01  -3.8484089e-01   2.1592951e-02  -4.8166044e-01  -7.7435922e-02  -2.1952736e-01   3.1899971e-01  -1.9485610e-01  -2.1997193e-01   4.9589012e-02  -2.1799744e-01   7.3730917e-01  -1.3972090e-01   6.9574196e-02  -8.7955271e-03  -4.0655623e-01  -3.6924698e-02  -5.0861156e-02   2.4802217e-01   9.5456894e-02  -5.9973550e-01  -5.0590709e-01   6.4445073e-01  -2.6686651e-02   3.8176431e-01   1.0434148e-01   2.6098203e-01   2.5538280e-02  -1.8329408e-01   1.8376544e-01  -3.5514439e-01   1.8939391e-02   1.4617678e-01  -4.6259029e-01  -6.8992738e-02   2.0395189e-01   7.1840550e-02  -3.6149756e-01   2.5301075e-01  -4.9468977e-01   2.3874010e-01   4.6706764e-02   1.3940734e-01  -4.8334000e-01  -1.1731352e-01  -8.9133354e-02  -1.8214047e-01  -2.0931162e-01   5.1314842e-01  -5.0864796e-01  -3.0927602e-01   2.5147258e-01   1.2707655e-01  -3.9945804e-01   3.3914671e-01   4.4640459e-01  -2.7698095e-01   1.2410674e-01
   4.7367465e-01  -4.1176746e-02  -4.0047639e-02   4.5390734e-01  -8.5931269e-03  -2.0826937e-01  -1.7392286e-01   1.7504007e-01   2.8763475e-01   1.8425982e-01  -4.0666812e-02  -1.0028699e-01  -2.7499068e-01   0.0000000e+00  -4.7431111e-02  -1.9711086e-01   1.9752009e-02   4.7568254e-02  -3.3347237e-02   1.3899864e-02   1.1798156e-02   5.4486118e-01   3.5650421e-03   4.7431479e-01  -4.6661015e-02   3.6961520e-02  -2.9061165e-02   3.2461590e-01  -2.1693436e-01   5.5002568e-02   1.8097930e-02   3.6065499e-01   3.2198021e-01  -1.9556855e-01  -4.6148746e-02  -4.3974238e-02   2.1157522e-01   3.2931533e-01  -2.7744319e-01   4.0941528e-02  -1.1712107e-01   3.9643712e-01   3.2761600e-01   7.7045148e-02   1.2892037e-01  -5.4323534e-02  -2.5042011e-01  -8.9813279e-02   1.2157694e-01  -1.5037944e-01   2.5200856e-01   1.3058329e-01  -7.6444771e-02   2.3966756e-01   3.2102577e-01  -1.0778483e-01  -3.4037698e-01   6.2203135e-01  -7.4592492e-02   2.9148541e-01   2.1042654e-01  -2.6833575e-01  -9.3034567e-02   9.8446676e-02  -7.3021635e-02   4.2253170e-02  -2.0040426e-01   4.4392947e-02   1.0829195e-01  -2.6271236e-01  -3.0132119e-01   3.7108461e-01  -3.5195750e-01   4.9549192e-01   3.1297031e-01   3.1989953e-01   7.8289243e-02  -1.1150142e-01  -3.0467840e-01   1.4439134e-01  -2.1091330e-01  -2.2213302e-01  -5.1501627e-02   4.4519502e-02   4.4597470e-01   3.2018022e-01   3.3752146e-01   5.6389114e-01  -1.5634541e-01   4.4536476e-01  -2.4604020e-01   2.3642757e-01  -3.2541833e-01   4.4410126e-01   2.7991707e-01   1.4278343e-01  -1.1184694e-02  -1.0112101e-01  -9.2829330e-02   5.0014337e-02   8.3776586e-02  -6.4556132e-03   3.2680602e-01   1.9600733e-01   5.0645766e-01   1.3734940e-01   2.0819540e-01   4.2388481e-02  -1.8195338e-01  -1.7730233e-01   4.8099698e-02   5.5885317e-01   3.0690017e-01   4.1629864e-01   1.2995719e-01  -6.1854227e-02   3.6568276e-02  -9.7863953e-02  -4.0423700e-01   3.7928556e-01   3.1176725e-01  -2.8448972e-01   2.2183088e-01  -1.3524574e-01   8.2983389e-02   5.3131467e-01   3.1570904e-01   7.6475405e-02   4.4871442e-01  -1.7233900e-01  -1.5219167e-01  -4.1134564e-02   4.5298273e-01  -2.0787229e-01   5.2468828e-01   3.0284722e-01   1.7835158e-01  -3.1624898e-01   2.0597824e-01   5.0520628e-01   4.2985172e-01  -2.8607260e-01   3.3452059e-02  -3.5431749e-01   2.2477631e-01   6.7377922e-03  -1.3054227e-01  -9.4967218e-02  -1.8184069e-01   2.3810840e-02   2.8808671e-01   5.7309473e-02   3.9509447e-01  -1.6969369e-01  -3.9829632e-01   4.9010552e-01   3.9027088e-01  -1.6354194e-01   4.3269684e-01  -7.7468830e-02  -9.7547977e-02  -6.3574967e-02   2.5321560e-01   2.4569466e-01   5.8366669e-01  -3.2513864e-02  -1.5349627e-02  -2.1871894e-01   3.8176087e-01  -7.0638911e-02  -1.3784126e-01   2.0840926e-01   2.3364160e-01  -1.8743331e-01  -6.5610586e-02   2.5707604e-01   3.8405504e-01
