   0.0000000e+00  -1.2335041e-02   5.6994710e-02  -1.1066324e-01   2.9650528e-02  -1.8046478e-01  -4.4611200e-01   1.8049669e-01  -1.4570947e-01  -3.4012230e-01  -2.2376442e-01   9.2648826e-02  -7.8173437e-03  -1.1495965e-01  -1.8237423e-01  -8.1492932e-03  -1.2184029e-02   7.2573167e-02   8.3306866e-02  -1.6579464e-01  -1.4427233e-01  -1.6287107e-01  -4.0574095e-01   3.0792974e-01   7.6329632e-02   1.2386080e-01  -8.3986513e-02   3.7906141e-01  -1.1186766e-01   1.1828289e-01  -6.6713145e-02   8.2619459e-03   7.2584293e-02  -1.7854362e-01  -2.0184408e-01  -4.1696666e-02  -6.4934036e-03   1.5858710e-02  -1.9766245e-02  -1.9723146e-01   1.3594090e-01  -5.3569060e-02  -8.9730072e-02   8.0371951e-02  -1.8872350e-01   1.6076200e-01  -3.1688592e-01   2.7928071e-01  -6.5519560e-03   1.5962889e-01  -2.3139714e-01   2.7992721e-01   1.0828540e-01  -1.6184827e-02   1.3298787e-02   4.9426322e-02  -1.0190197e-01  -3.9558565e-01  -2.5321129e-02   6.8283020e-02   1.1843118e-01   1.9980824e-02   7.6205416e-03   4.0402481e-02  -2.4128881e-01  -2.9705704e-01  -1.6846961e-01  -9.6369193e-02  -1.7609141e-01   9.9537222e-03  -1.4161470e-01  -2.6074585e-01  -3.1123199e-01   5.0664540e-01   4.0469434e-02   5.5733906e-02   1.2105632e-01  -2.9351915e-02   1.8848557e-01  -1.2893547e-01   3.9705142e-01  -9.1383855e-02  -9.1983542e-02   4.0058166e-02   1.6681357e-01   4.8821690e-02   5.2936067e-03   4.5856335e-01  -1.8183077e-02   1.0242721e-01   2.8354542e-02   1.3951879e-01  -2.2472365e-01   1.2074413e-01   2.6881119e-01  -1.2069011e-01  -1.7154975e-01  -1.1612315e-01  -8.3894910e-02  -2.8493814e-01   2.9921708e-01   3.1058357e-01   2.1273638e-01   4.8445955e-02  -7.8680269e-02   6.8327242e-02   1.5144565e-02  -4.5295407e-03  -9.5314830e-02   1.3930838e-02  -2.4625422e-01   5.8889572e-02  -6.0110092e-02   4.5648077e-01   3.5746788e-01   6.8090188e-02  -1.2699702e-02  -1.4084511e-01   2.5435071e-01  -4.5995503e-02   2.4172915e-01  -1.5621757e-01   2.0740917e-02  -4.3524623e-02   2.1903480e-02   7.7172303e-01  -1.2141520e-01  -1.2902048e-02  -9.3387018e-02   3.7087174e-02  -3.3573256e-01  -7.6750699e-03   9.8546896e-02  -5.3527984e-02  -1.4471283e-02  -7.3687311e-04  -3.5070851e-01   3.1116028e-01   1.7015960e-01   2.3998864e-01   4.1518837e-01  -4.8114055e-02  -1.1835726e-01  -1.5828944e-01  -2.6048650e-02   8.1864668e-02   1.9106364e-01  -1.2410122e-01  -1.0086005e-01  -4.1338124e-02   1.5877217e-01   2.2015036e-01   1.2259145e-01  -1.7101737e-01  -2.4668698e-02   4.2600775e-02   3.1995046e-01  -3.5475295e-02  -3.6625798e-02   2.7337301e-01   1.2801806e-01  -3.5593920e-01  -1.8989067e-01  -9.1700697e-02  -8.6512814e-02  -2.2869173e-01  -1.2121556e-01  -3.1794190e-02   1.2623865e-01  -9.1559165e-02   3.3593589e-02   2.4711556e-04  -5.0237464e-02  -2.7063684e-01  -1.4748644e-02  -1.0133185e-01  -8.7238204e-02
  -1.2335041e-02   0.0000000e+00   4.1734534e-02  -1.5238685e-01  -9.9902465e-02  -1.5548500e-01   1.8680444e-01  -1.9647064e-01   9.2168149e-02   2.4169939e-01   3.9285064e-04   4.8195674e-01   4.7728516e-03   5.7631083e-02   1.8162187e-01   5.1914700e-02   9.7851891e-02  -3.0724027e-02  -2.4976262e-01   2.0229487e-01  -2.0789222e-01  -5.2985349e-02   1.8658884e-01  -2.1603504e-01   2.3551211e-01  -1.3166913e-01   3.2088920e-01  -2.6160794e-01   1.9510170e-01  -3.1622786e-02   1.4450956e-01  -1.4952911e-01   1.8344417e-01   1.6211055e-01  -1.8271773e-02   3.8452349e-01  -1.4596860e-01  -1.7567166e-01   7.1451500e-02   2.9277654e-01  -1.2745902e-01   6.1148340e-02   1.9404337e-01  -3.2600697e-01   1.4299456e-01  -1.4400909e-01   8.6042073e-02  -2.8277491e-01   5.9767359e-02   1.3093756e-01   1.4627139e-01  -2.4965345e-01  -1.2822111e-02  -6.2068394e-02  -2.5913972e-01  -2.1050730e-01  -1.0456969e-01  -2.8726819e-02  -1.0730586e-01   5.7055025e-01  -2.8462216e-01   4.3048475e-02   3.7547114e-02  -6.2665927e-02   9.0882873e-02   2.0226703e-01  -1.9217090e-01  -1.0693102e-01  -3.6701621e-01  -2.4507325e-01   2.8177108e-01   9.4903384e-02   1.6307384e-01  -1.0176619e-02   1.1472356e-02  -2.4180061e-01  -1.3834154e-01  -1.4540561e-01   1.4236980e-01   2.7020435e-02  -4.3387134e-01  -5.6830541e-03  -6.6270388e-02  -2.4629732e-01   9.2550670e-02  -3.0596290e-01  -5.6279983e-02  -1.6449509e-01  -1.8260270e-02  -1.1894524e-01  -1.2047512e-01  -1.7605839e-01   4.2588144e-02   1.7052682e-01  -2.4570260e-01   6.4509542e-02  -4.6251478e-02  -8.2494961e-02  -1.3999237e-01  -8.9855480e-02  -1.6336303e-01  -7.3086821e-02  -2.4881590e-01  -8.2074973e-03   2.0604456e-02  -1.9225017e-01   1.9863415e-02  -2.6438419e-01   2.0470082e-01  -2.8582819e-02   4.5397832e-03   4.2661897e-01  -3.8024922e-02  -1.4841595e-01  -2.6074858e-01  -5.7749274e-02  -1.0040288e-01  -6.3106749e-02  -2.2000144e-01  -1.3707061e-01   1.5619237e-02   1.5745271e-01   2.6191575e-01   1.0932439e-01  -2.9462603e-01   6.8728916e-02   1.4591819e-01  -1.4570917e-01  -1.2375396e-01   9.0079178e-02   8.0550740e-02  -9.2995862e-02   3.6365619e-01   1.4198478e-02  -2.1900526e-02  -2.4775769e-01   1.2197385e-01  -5.0084678e-01  -3.5932106e-01  -7.4657904e-02  -2.4603659e-01  -2.6894972e-01  -6.8303793e-02   1.5860930e-01   2.6111727e-01  -8.4633602e-02  -2.6866664e-01   8.4253257e-02   4.0918785e-01  -1.4905024e-02  -1.1541531e-01  -3.6508029e-01   7.1575917e-03   1.0057542e-02   1.9856223e-01   3.0875957e-02  -2.5582600e-01  -7.3255852e-02  -8.5632302e-02  -3.3703358e-01  -1.6860350e-01  -7.3864733e-02   1.0487548e-01  -1.5641964e-01  -4.5452225e-02   2.9212124e-02  -2.9321964e-02  -1.9509925e-01  -3.6006803e-02  -3.5514848e-01   1.0749699e-01  -7.0335359e-02   6.9848054e-02  -9.9986060e-02   7.2436440e-02  -1.4579676e-01   1.3142521e-01
   5.6994710e-02   4.1734534e-02   0.0000000e+00  -1.1802324e-01  -1.0549355e-01  -7.1406239e-02  -2.4954126e-01   5.7515138e-02  -9.2770343e-03  -2.3316955e-02  -1.5076400e-01   2.3100648e-01  -3.4963878e-02  -1.1879116e-01   1.0071869e-01   4.9234539e-02   3.1469910e-01  -1.5148878e-01  -7.7677308e-02   1.1298270e-01  -3.4469082e-01  -1.2209203e-01  -2.1494155e-01   2.7737672e-01   1.6490273e-01   8.0134670e-02  -5.2069447e-02   9.7096456e-02  -1.4772069e-01  -2.0914151e-01  -3.1126914e-01  -1.4844852e-02   1.2152001e-01  -2.5629565e-01  -1.3649738e-02  -5.1483525e-02  -2.5615530e-01   3.1309844e-01   3.6435370e-02   8.7900018e-02  -3.4304258e-02   1.6933228e-02  -1.1334163e-01  -1.0154554e-01  -3.1886845e-01   5.8123501e-01  -5.5600654e-02  -1.1326295e-01  -6.3902899e-02   2.7265532e-01  -2.0782226e-01   3.8480716e-02  -3.2230189e-01   4.5024831e-01  -3.3528090e-02   1.3835676e-01   3.5161291e-02  -2.0086789e-01  -1.0906998e-01   2.2676108e-01   5.3288146e-01   1.3819715e-01  -1.0706354e-01  -3.4268034e-01  -1.1249993e-01  -5.7002381e-02   4.4150334e-02  -7.7057741e-02  -2.2577548e-01   5.6249353e-01  -3.1679336e-01  -3.2576409e-01  -6.1064867e-02   4.6789404e-01   2.1222910e-01   7.9559230e-02   6.0195636e-01   1.2578809e-01  -7.0654909e-03   1.4315558e-01  -6.3897945e-02   3.2857054e-02  -1.5287356e-01   9.4987039e-02   1.1059483e-01   7.0197368e-02  -4.9520260e-02   9.5276281e-02  -1.5122150e-01   3.0754850e-01  -1.1789431e-01   6.5739065e-01  -9.6373823e-02  -5.4178434e-03   4.4101287e-01   6.8984032e-02   7.7614157e-02  -4.6616124e-02   3.0074160e-02  -2.1723786e-01   1.3177056e-01   1.0083631e-01  -2.6263486e-02  -3.4423991e-02  -1.2638905e-01  -1.5727605e-01   2.7067160e-01  -1.4639642e-01   5.8528273e-02   1.9520154e-01   7.4541911e-03  -1.8616764e-01  -1.4720781e-01   3.4500559e-01   3.0733096e-01  -2.1192723e-01  -6.3743447e-03  -1.7749783e-03   2.3327501e-01  -2.1041354e-01   3.3259858e-01   1.6060761e-01   4.3996547e-02  -2.7352328e-01   5.1459595e-01   1.4502565e-01  -3.1898330e-02   2.6308441e-01  -2.3425334e-01   7.4256307e-02  -1.1072659e-01  -2.6693747e-01  -4.0433196e-02  -9.1290434e-02  -1.6707173e-02  -1.2676280e-02   1.4981858e-01  -8.1265284e-02   7.3246170e-03   3.0196422e-01   8.0789735e-02  -1.1517890e-01   7.1931853e-02   2.8704334e-01   8.5584640e-02  -1.2952281e-01   2.0563368e-01   2.8370346e-02   7.3976961e-02  -2.9815007e-01   4.3927630e-01   4.7014732e-02   5.4510566e-01  -6.0424062e-03   2.5545717e-01   1.9441389e-01   3.9246221e-01   1.4886128e-01   5.4718989e-01  -1.1699931e-01   2.2554090e-02   7.0261632e-02  -2.1034127e-01  -2.5013427e-01  -1.1801103e-01  -1.8118868e-01   1.5960944e-01   2.0102949e-01   3.4394473e-01  -2.6132825e-01   3.7396323e-02   3.4999046e-01  -2.8275350e-01   3.7724846e-01   1.3524021e-01  -8.8559368e-02   1.2627752e-02
  -1.1066324e-01  -1.5238685e-01  -1.1802324e-01   0.0000000e+00   1.8888280e-01  -8.0618432e-02  -2.1209447e-01   1.9484783e-01   4.5002397e-01   1.0426146e-01  -7.4841458e-02  -2.2830833e-01   2.0325729e-01  -5.2079132e-02  -2.0569699e-02  -4.4323749e-01  -5.1946844e-02   3.5527227e-01   1.4123008e-01   6.5022029e-02  -4.9816062e-03   4.7115529e-01  -1.8194624e-01  -1.2391117e-01   3.2126702e-01  -3.9809801e-02  -1.3290195e-01  -8.7360233e-02  -6.4501024e-03   2.4357305e-01   5.8161750e-02   5.3003800e-01  -3.5491479e-01  -2.0219732e-01  -8.6974424e-02  -5.0042070e-03   2.9999378e-01  -3.1975122e-01  -4.5777139e-01  -3.7230173e-01   3.7756142e-01  -2.8004978e-01   2.6928349e-01   8.7225551e-02   2.8603702e-01   3.3886039e-02   3.4538625e-01   1.2392666e-02   1.5285261e-01   9.1743693e-02   3.0841522e-01   2.7196228e-01   1.1296193e-01   1.2563752e-01   4.5105999e-02  -1.5762042e-01   1.7228786e-01   5.2841842e-01   3.4717914e-01  -1.8831264e-01   1.0417894e-01   1.2226704e-01   4.3392663e-01   2.6043699e-02   2.2886600e-01   6.9684330e-03  -3.8582380e-03   3.4441081e-01   2.9182440e-01   9.9717784e-02  -7.3005578e-02   5.7223704e-01   1.1549471e-01  -1.9426623e-01   1.7701666e-01   4.1077105e-01  -1.1441396e-01   2.9943231e-01  -1.2621909e-02   1.6445411e-01   1.4418559e-01  -1.4204708e-01   2.5724411e-02   1.1162315e-01  -9.4609545e-02   3.7226275e-01  -1.2171911e-01   1.8772615e-01   2.4630998e-01  -2.1996126e-01   2.6988988e-01   4.1843709e-02  -3.8357565e-01   1.8062064e-01  -1.7344263e-01   3.1961007e-01   2.8829566e-01   3.2554449e-01   4.4003776e-01   9.5324440e-02  -2.7880690e-01   6.3117476e-02   3.5942541e-01   2.0456077e-01   4.6489835e-01   4.4787510e-01   1.9652217e-01   3.7237009e-01   1.0278028e-01   1.8120669e-01  -2.3087836e-01   3.1303264e-01   4.5431097e-01  -9.5456175e-02  -2.8045598e-01  -1.0145034e-01   3.5499150e-01   1.9705938e-01   2.0332921e-01   4.8067624e-01  -1.7681095e-01   1.6705824e-01   1.3550816e-01   1.7531229e-01  -5.3990642e-02  -5.2515493e-02  -1.0232952e-01  -1.4869633e-01   5.4558271e-01  -8.0045645e-02  -1.4145279e-01  -7.1654197e-02  -1.1596922e-01   2.3275011e-01   5.1558587e-01   2.7951770e-01  -1.0507116e-01   1.6266074e-01   3.7522272e-01  -2.2638064e-01   8.6717371e-02   8.5073987e-02   1.3422046e-01  -1.6481296e-01  -3.1556540e-02   1.9300789e-01  -2.0684958e-01   1.2997843e-01  -1.1420813e-01   1.7736531e-01  -1.9124864e-01   2.9953838e-01   1.7933975e-02  -3.7908740e-02  -2.5499847e-01  -3.3144259e-01  -3.2549014e-02   2.7891085e-01  -8.4193371e-02   3.1408642e-01   3.4256653e-01   3.1421055e-01   1.6021589e-01   6.3693874e-01   3.5631574e-01  -1.3193791e-01  -1.1967232e-01   2.2468750e-01  -5.3900211e-02   4.9607513e-02   8.7990430e-02  -4.0745288e-01   4.2300635e-01  -1.8229321e-01  -6.7319134e-02   2.6344639e-01   2.8622992e-01
   2.9650528e-02  -9.9902465e-02  -1.0549355e-01   1.8888280e-01   0.0000000e+00   4.7594646e-02  -4.0209075e-01   1.9952481e-01   1.6639082e-02  -3.0972665e-02  -2.2324286e-01  -1.8340410e-01   3.9514305e-01  -1.2210693e-01  -4.6934923e-01  -2.5438304e-01   1.3848030e-01   3.6552220e-02   1.3646946e-01   5.7790659e-01  -9.9447802e-02   1.3346535e-01  -5.1651446e-01  -1.9252515e-01   1.1458472e-01   5.0090523e-02   6.8905926e-02  -4.2706462e-02   2.5368730e-01   1.7396931e-01  -1.2680211e-01   1.3433995e-01  -2.9968945e-01  -4.0413874e-01  -4.3922433e-01   3.3373856e-01   3.2338407e-01  -2.7196849e-01  -1.0871427e-01  -2.9225175e-01   4.2243125e-01  -1.3294704e-01  -6.0717073e-02   9.8241546e-02  -8.4482026e-02  -3.9320929e-02   5.2838423e-02  -1.6417602e-01   4.1193921e-01   2.1261126e-01  -9.8632991e-02   2.2761504e-01   9.6351717e-02   1.0860650e-02   2.5425620e-01  -2.7994016e-01   4.3801754e-02   1.9454402e-01   1.7198917e-01  -1.6977176e-01  -2.9168416e-03  -7.2390184e-02   1.5846891e-01   2.1526159e-02  -9.4876909e-02  -1.0442257e-01   4.9449096e-02   5.5990139e-01   2.2848082e-01  -2.1657193e-02  -2.9107270e-01   1.2988579e-01   3.3305873e-01  -1.4548016e-01   1.0796978e-01   1.3107731e-01  -1.7205346e-01   2.1832867e-01   2.6716651e-01   2.9275720e-01   9.2851035e-02   1.4383792e-01   1.6084487e-03  -7.8823466e-02   2.7905524e-01   7.7972867e-02  -1.7223668e-01   2.0667229e-01   1.3251004e-01  -1.2595864e-01   5.1855637e-01  -5.8271655e-02  -1.8671830e-01  -6.2754496e-02  -2.3024518e-01   4.9930818e-01   4.0076682e-01   1.9670504e-01   5.2186755e-01  -2.0219274e-01  -3.7817000e-01  -9.0785624e-02   1.2979625e-01  -3.7683587e-02   5.3807636e-02   1.5570053e-01   1.7811373e-01   2.2497327e-01  -9.8538108e-02   3.6856145e-01  -2.5493817e-01  -9.4201840e-03   2.9232194e-01  -2.5553331e-02  -1.7525391e-01   3.6484562e-01   3.6594589e-01   2.7276110e-01   1.7775551e-01   5.8954765e-02  -2.3491499e-01   3.6659335e-01  -9.4107788e-02  -2.1249447e-02  -2.1434940e-01   4.2808313e-02  -2.3877733e-01   7.2452438e-02   9.1898967e-02  -1.3971057e-01   9.2885737e-02   1.7300078e-01  -1.4190498e-01  -1.2167406e-01   5.0973589e-02   7.5795624e-02   1.4534427e-02   1.0135177e-01   2.3614346e-01  -2.9079242e-01   1.2292065e-01   3.2637007e-01   1.0984740e-01  -1.1996774e-02  -3.7078704e-01  -2.4702360e-01  -3.3039141e-01   1.9059307e-01  -1.2566357e-01  -6.3277216e-02  -2.0752353e-01   2.2537780e-01  -7.7107435e-02   1.9536939e-01   7.1049288e-02  -3.8013548e-01  -7.6820318e-02   3.8239067e-02  -6.6754878e-02   1.8147138e-01   2.7776206e-01   1.7002030e-01   2.0822517e-01   7.0893469e-02   1.5211038e-01   3.3331392e-02   7.8842427e-02   3.7712988e-01  -8.5274743e-02   3.1753756e-01   8.8421347e-02  -2.2451978e-01   2.6452808e-01   1.4054847e-01  -2.0857896e-01   4.9039922e-01   1.1909216e-01
  -1.8046478e-01  -1.5548500e-01  -7.1406239e-02  -8.0618432e-02   4.7594646e-02   0.0000000e+00   1.0653948e-01   1.9837201e-01   4.4661562e-02   1.0571619e-01   1.0728961e-01  -2.0353681e-01   7.0373190e-02  -1.1135326e-01  -1.3775291e-01   1.4757771e-01  -1.1983071e-01   8.9709829e-02   3.0911370e-01   4.9145122e-02   2.9436863e-01   1.9619644e-01   4.4768322e-02  -2.1081638e-01  -7.7886387e-02   3.2581155e-01   7.4927149e-02   1.0109353e-01  -1.3172476e-01   4.8039050e-02   3.1893951e-02   1.8230883e-01   4.4591011e-02   6.1527328e-02   7.0812261e-02  -1.8990577e-02   1.7969345e-02  -1.2101762e-01   1.8400580e-01   8.4891127e-02   1.1091895e-01  -1.0004571e-01  -2.1896894e-01   2.3976549e-01  -7.8528803e-02  -6.0090384e-02   2.7882658e-01   1.7191591e-01   7.1192975e-02  -1.2661459e-01   2.5920114e-02   2.1705216e-01  -6.2992952e-02  -1.1834634e-01  -1.1262457e-01   2.3288141e-01   3.5821506e-01   2.2203191e-01  -1.2480745e-01  -1.2471923e-01   4.1161869e-02  -9.4154990e-02  -6.6260219e-02  -1.4340787e-01  -2.5964567e-02  -4.3955610e-02   4.5526383e-01  -2.4682491e-01   3.8154235e-01  -8.9502399e-02   4.6131335e-03  -3.6985375e-03  -1.5089885e-01  -3.0053156e-01  -3.0698358e-02   1.6506731e-01  -1.3273491e-02   1.1273111e-01  -1.0850249e-01   1.4246729e-02   5.7685269e-02   1.4273046e-01   1.6918430e-01   3.6007397e-01  -1.2656669e-01   2.1861309e-01  -3.3332768e-02  -1.4633863e-01  -9.2539981e-02  -3.3555872e-01  -1.1286285e-02  -3.0490973e-02   8.3734478e-02   3.2077388e-02  -2.0091240e-01   1.6654322e-01  -8.7918707e-02   1.7572168e-01   1.4306489e-01   2.8234017e-02  -2.1110769e-01  -2.3458678e-02   1.4096424e-01   7.6661426e-02   1.6500118e-01   1.7851945e-01  -2.6811653e-01   3.2917909e-01  -2.6187656e-02   2.3942197e-02   2.1490740e-01  -1.9050912e-03  -1.4104337e-03  -2.6525406e-01  -2.2116864e-01   7.4343477e-02   2.3718217e-01   9.7416898e-02   7.5876491e-02   1.0447844e-01  -2.2152913e-01  -2.6864617e-02  -2.2274809e-02  -1.6484539e-01  -4.3866770e-02  -2.5696000e-01  -1.2178362e-01  -5.1531240e-02   8.2321144e-02  -2.6491665e-01   2.3952828e-01   1.3005094e-01  -2.6178160e-01   2.2777317e-01   7.4777779e-02   3.0299621e-01  -8.1122628e-02   2.3576687e-01   2.5451441e-01  -3.7898497e-01  -1.6447724e-01   1.7480820e-01   1.2952953e-01  -3.7978713e-02  -1.6689968e-01  -1.8717545e-01  -1.5420844e-01  -1.6469125e-02  -9.7814232e-02   2.3662823e-01  -1.6787843e-01   2.7423346e-01  -1.8625481e-01  -5.1920438e-02  -6.5693926e-02  -1.6826085e-01  -1.1920697e-01  -8.1867259e-02  -1.7036503e-01   2.0245191e-01  -7.3463377e-02   3.6395063e-02  -2.4113271e-02   1.0117793e-01   2.8471289e-01   6.2420995e-02   1.5331283e-01   2.7768406e-01  -2.3059780e-01   2.1466649e-01  -1.8718120e-01  -9.5420854e-02  -2.1157229e-02   5.4916743e-01  -3.2338315e-01  -9.0771461e-02   1.8689898e-01
  -4.4611200e-01   1.8680444e-01  -2.4954126e-01  -2.1209447e-01  -4.0209075e-01   1.0653948e-01   0.0000000e+00  -3.5208997e-01  -2.4750552e-01   4.3544737e-01   1.7522987e-01   5.1223147e-03  -1.1217695e-01  -7.6984093e-02   2.4780336e-01   4.1948461e-01  -2.5869930e-01  -1.1007250e-01  -3.6850101e-01  -1.5784551e-01   3.4747537e-01  -1.5728601e-01   7.4180029e-01  -1.5161837e-01  -2.0100141e-01  -2.5719717e-01   3.8750080e-01  -2.3503350e-01   1.8964294e-02  -1.5716584e-01   2.3868253e-01  -2.6463320e-01   1.7119508e-01   6.9712152e-01   3.4282915e-01   7.5638555e-02   5.9697530e-03   1.5939218e-02   3.0187873e-01   5.6516324e-01  -3.7086058e-01   1.9372642e-01  -4.2552920e-03  -2.4389809e-01   2.4659717e-01  -4.8577812e-01   2.4963969e-01   1.3339542e-01  -5.0716489e-01  -4.7062272e-01   2.9094913e-01  -4.4507995e-01   5.8712348e-02  -3.8892727e-01  -1.4673268e-01  -1.0000847e-03  -1.1310084e-01  -3.7548346e-03   2.9576372e-02   2.6383081e-01  -5.3150899e-01  -4.4722471e-03  -2.7561917e-01   7.2336005e-02   1.7082680e-01   5.1765442e-01   2.3546405e-01  -2.6713555e-01  -9.1060623e-02  -1.5592563e-01   6.2643297e-01   6.8580185e-02  -1.1861666e-02  -4.2755841e-01  -3.4157055e-01  -4.6023097e-01  -3.4538486e-01  -4.1762380e-01  -1.7280240e-01   2.6620179e-02  -3.2879175e-01   7.4217760e-02  -2.3213049e-02  -1.7948606e-01  -4.5689717e-01  -3.6582252e-01   6.5152734e-02  -5.3627127e-01  -1.8419170e-01  -1.4152040e-01  -1.3396612e-01  -5.4378945e-01   4.5689459e-01  -9.5638002e-02  -2.9385053e-01  -2.6198698e-01  -1.5199625e-01  -2.6333227e-01  -4.3471612e-01   5.6055351e-01  -1.3616450e-01  -1.9387011e-01  -3.3563615e-01   1.2575654e-02  -1.8445583e-01  -1.6254259e-01  -4.3206724e-01  -3.7524298e-01  -1.1645101e-01  -2.8581502e-01   3.4967060e-01   3.1771503e-02  -3.1415728e-01  -4.6681202e-01  -2.0785933e-01  -4.3422420e-02  -3.3128769e-01  -1.2747522e-01  -4.5321926e-01  -6.0866662e-02  -2.4059966e-01  -1.3181735e-01  -4.5429356e-03  -1.4501422e-01  -3.6981142e-01  -5.4306884e-01   2.1456464e-01  -1.8957030e-01  -1.3450757e-01   8.4639483e-02   3.0098032e-01   1.9661598e-01   1.3300705e-01   3.8362643e-02  -2.4442026e-01  -3.0389722e-01   1.6352663e-01  -3.0283065e-01  -4.2918848e-01  -1.1078392e-01  -5.6532147e-01  -1.5087984e-01  -1.3145032e-01   3.4536158e-02   9.5492946e-02  -2.0201574e-01  -4.2522427e-02   2.1858308e-01   3.3637479e-01   1.3112059e-01  -2.8733968e-01  -4.6773061e-01  -3.0664662e-01  -1.3407593e-03   2.0348768e-01   1.5886928e-01  -4.0937646e-01  -5.4194428e-02  -2.4104340e-01  -2.5286909e-01  -3.7085718e-01  -1.1014099e-02   3.1582446e-01  -9.3494894e-02  -1.6160980e-01   3.7529458e-01   5.7437858e-02  -5.3775852e-01  -1.0601821e-01   2.4127118e-02   2.0997205e-01  -1.2203146e-01  -1.8755156e-01  -6.2678129e-02  -3.6146648e-02  -3.0681277e-01  -1.6063349e-01
   1.8049669e-01  -1.9647064e-01   5.7515138e-02   1.9484783e-01   1.9952481e-01   1.9837201e-01  -3.5208997e-01   0.0000000e+00   3.2372318e-01  -1.7605127e-01   4.9332471e-02  -1.8515093e-01  -1.2242514e-02  -6.9174202e-02  -1.3975438e-01  -4.9698039e-01   1.1377566e-01   1.7456519e-01   6.0135153e-01  -1.3177742e-02  -8.6359952e-02   6.2722583e-01  -3.2513463e-01  -2.5130730e-01   3.7004058e-01   6.2960524e-01  -9.9702980e-02   1.4896506e-01  -1.8085314e-01   3.1572229e-01  -1.3790244e-01   7.0321417e-01  -3.0988380e-01  -2.8343452e-01   1.1925873e-02  -5.4725165e-02   2.0575298e-01  -4.3968553e-01  -4.5532845e-01  -2.6383354e-01   2.0506610e-01  -5.3825835e-01   4.3649451e-02   4.8913977e-01  -1.1100787e-01   1.7339406e-01  -2.1503966e-02   6.4415853e-02   3.5955695e-01   1.3318035e-01  -9.1285175e-03   8.4502840e-01   1.4641088e-01   9.1327752e-02   1.2721383e-01   1.5615160e-01   3.9348621e-01   4.8489281e-01   7.8192102e-03  -3.5715253e-01   2.1835406e-01   2.3487209e-01   3.9611530e-01   1.2915015e-01   1.8879206e-01  -2.2897226e-01   2.1279632e-01   5.2906892e-02   3.8646417e-01  -1.6755158e-01  -2.2792779e-01   9.7180510e-02   1.1772178e-01  -1.2481093e-01   4.0843466e-01   7.9154597e-01   4.6051145e-02   4.0247648e-01   3.4538382e-02   1.2959467e-01   4.4164802e-01   6.0616555e-02   3.0300061e-01   5.8803195e-01   7.4234064e-02   7.8798770e-01   8.4671159e-02   2.8247006e-01   3.8767121e-01  -3.9572968e-01   1.8916484e-01   2.2830777e-01  -8.4554861e-02   2.3707063e-01  -1.3953059e-01   2.6687478e-01   1.9124622e-01   5.8063938e-01   4.3977597e-01  -3.2929347e-01  -2.3077342e-01   4.9185330e-01   7.3041370e-01   3.1374168e-01   5.5224706e-01   6.6994730e-01   1.0413113e-01   6.5528370e-01   1.3892548e-01   9.3869992e-02   3.1202060e-02   1.6573266e-01   2.4179033e-01   9.1430178e-03  -1.9002895e-01   1.0991416e-01   4.9608331e-01   1.8313736e-01   2.6124899e-01   1.8369359e-01  -2.6157758e-01  -6.4335873e-02   2.4507008e-01   1.0242112e-01  -1.2839026e-01   9.9864990e-02  -2.4263432e-01   3.0165067e-01   4.9730544e-01  -5.3029237e-01  -4.1624053e-01   1.0894084e-01   4.7756660e-02   8.4193579e-02   4.7327363e-01   7.4598620e-01  -8.3494241e-02   6.6346559e-01   7.9848684e-01  -3.6652418e-01   3.4100453e-01   1.1486196e-02   3.1486390e-01  -4.5823954e-01  -2.3384790e-01   2.1999093e-01  -2.7438884e-01  -8.6359672e-03  -3.7209180e-01  -7.2001282e-03  -1.3445365e-01   8.1268103e-01   3.7083071e-02   2.8674284e-01  -2.9223499e-01  -6.2643748e-01   8.3255881e-02   2.0052750e-01  -8.6759583e-02   7.1919568e-01   3.5487430e-01   2.6813807e-01  -2.7457569e-01   4.4804028e-01   5.4313401e-01  -1.6422959e-01   7.1403570e-02   5.7635554e-01  -1.9294123e-01   2.7665154e-01   2.3774366e-02  -4.3779546e-01   4.2921767e-01   1.6864236e-02   3.7191539e-02  -1.3768964e-01   3.1337160e-01
  -1.4570947e-01   9.2168149e-02  -9.2770343e-03   4.5002397e-01   1.6639082e-02   4.4661562e-02  -2.4750552e-01   3.2372318e-01   0.0000000e+00  -6.4393778e-02   8.9335235e-02  -1.7877230e-03   3.0859329e-02   2.3169929e-01   2.0626930e-01  -6.4523636e-01   2.6622930e-01   3.0847034e-01   1.9538026e-01   2.7609589e-02  -5.7895807e-02   6.1245645e-01  -5.7571532e-02  -3.5359997e-01   3.8165779e-01   9.0305489e-02   3.5838206e-02  -2.6993242e-01   1.3402446e-02   9.6474120e-02   1.9875181e-01   4.3224814e-01  -3.6991067e-01  -1.6474847e-01   2.2051722e-01   4.3565009e-03   1.5756208e-01  -4.7455213e-01  -6.2294846e-01  -3.0432572e-01   2.1750869e-01  -3.8662977e-01   3.1738438e-01   8.5741261e-03   1.4516051e-01   2.0283541e-01   1.9861762e-01  -1.4841131e-01   1.8265524e-01   9.5412857e-02   2.7053496e-01   3.7555020e-01   2.1340025e-02   1.5965110e-01   1.4911063e-01  -2.3798675e-01   3.3300034e-01   5.4057721e-01   1.4043180e-02  -1.9035217e-01   1.3802128e-01   2.1647991e-01   6.4426304e-01   1.7410128e-01   3.1715472e-01  -9.3816862e-02  -7.5332227e-02   2.4989919e-01   3.0765267e-01  -5.7502336e-02  -1.0589801e-01   3.1130651e-01   5.0542736e-02  -1.8553842e-01   1.5924940e-01   5.0325451e-01  -5.0206213e-02   3.0673265e-01  -1.1355475e-02  -1.9094347e-01   5.0916139e-02  -3.1746990e-01   1.6252112e-01   9.4119211e-02   1.5256480e-02   4.8362574e-01   2.4330659e-01   1.0082587e-01   4.8180923e-01  -1.9760631e-01   8.9258315e-02   2.4326607e-01  -2.4434835e-01   5.3986022e-01  -1.5411250e-01   3.4307596e-01   7.7995690e-02   4.7128969e-01   4.0144079e-01  -1.3621400e-01  -1.4481848e-01   6.0431110e-02   3.9892593e-01   6.2629375e-01   5.0906060e-01   3.3599709e-01   2.0464324e-01   5.8391536e-01   3.1867968e-01   2.5534258e-02  -3.3005913e-02   1.5700435e-01   4.2330586e-01  -1.3982125e-02  -3.2015907e-01  -4.3154372e-02   3.5862610e-01   3.2094102e-01   1.0943983e-01   1.5066836e-01  -1.5129542e-01   1.1972579e-01   4.7284442e-01   4.7427811e-01  -3.4407971e-02  -4.9613548e-02  -4.6426688e-02   5.0940404e-02   5.1813136e-01  -1.1765251e-01  -3.5912793e-01  -1.9125063e-01   1.4465388e-01   3.4542955e-01   7.2442039e-01   5.1624492e-01  -2.3942403e-02   2.1170398e-01   4.9586536e-01  -2.1731667e-01   1.6213523e-01  -1.4836308e-01   3.2530944e-01  -4.2576784e-01   7.1604252e-02   2.6975818e-01  -2.1456668e-01  -1.6674094e-01  -2.2504733e-01   3.0698104e-01  -6.0352586e-02   4.3148616e-01   1.4802533e-01  -1.1229484e-01  -3.8541512e-01  -5.3992545e-01  -5.0735904e-02   1.4050752e-01  -8.4916131e-02   3.0290728e-01   3.6910906e-01   3.7013633e-01  -1.4133760e-01   4.5215076e-01   4.5402217e-01  -1.4402791e-01  -1.3598044e-01   3.0405489e-01  -2.3791141e-01   4.7987496e-02   5.2726708e-02  -4.1982294e-01   6.3440608e-01  -1.9774534e-01   2.1580580e-01   9.9074611e-02   3.7497343e-01
  -3.4012230e-01   2.4169939e-01  -2.3316955e-02   1.0426146e-01  -3.0972665e-02   1.0571619e-01   4.3544737e-01  -1.7605127e-01  -6.4393778e-02   0.0000000e+00   4.9220596e-02   5.5561445e-02   2.1364397e-01  -9.0967013e-02  -9.0598529e-02   1.2013710e-01  -1.3317186e-01  -4.1194317e-02  -2.0593073e-01   1.9754253e-01   1.9412367e-01   7.1096917e-02   4.3689757e-01  -1.1608773e-01   1.0605831e-02  -1.5159382e-01   1.8246308e-01  -1.5566347e-01  -6.7570480e-02  -1.6055638e-01   1.2350654e-01  -9.2260872e-02   4.5594353e-02   3.1611745e-01   1.7865326e-02   3.0527695e-01   2.1139823e-01  -7.4353965e-02   2.4875476e-03   1.6603403e-01   2.0178970e-01   1.9286510e-02   2.0096485e-01  -1.5042132e-01   2.7203787e-01  -2.1464122e-01   2.3787481e-01  -1.1467484e-01  -1.7673045e-01  -1.4900003e-01   7.5380212e-02  -2.0375185e-01  -5.3463152e-03  -7.2147476e-02  -1.4774878e-01  -1.2360432e-01  -2.3471971e-01   9.1522336e-02  -1.2699024e-02   1.8516603e-01  -1.0528418e-01   9.4551153e-02  -1.4368445e-01  -2.0857253e-01   1.0169687e-01   4.8776922e-01   1.0218396e-01  -8.8104984e-02   1.0878564e-01   1.0113334e-02   3.2385753e-01   1.1905372e-01   1.2643579e-01  -2.7195109e-01   1.7120557e-01  -2.7022146e-01  -1.7413940e-01  -2.0123520e-01   1.3012676e-01  -8.3418874e-02  -3.0943211e-01  -4.0481355e-02   1.3162809e-02  -1.0290021e-01  -1.2328375e-01  -2.6624712e-01   2.7131951e-02  -2.3726280e-01  -3.3576082e-01  -2.1573784e-01   2.1505468e-01  -2.3818781e-01   1.4522006e-01   2.8069929e-03  -3.0154019e-01   3.4265317e-01  -4.4562595e-02  -7.7277935e-02  -3.4521617e-02   5.1282556e-01  -3.3434227e-01  -9.2460027e-02  -1.2574577e-01  -1.0750292e-01  -1.2363370e-01  -9.4132259e-02  -2.6240475e-01  -2.8164071e-01   1.6752610e-01   1.4821157e-01   2.5093261e-01   1.4591115e-01  -2.5701651e-01  -2.8568022e-01  -3.6621679e-01  -1.8612057e-02   6.5063020e-02   1.5667771e-01  -1.6053293e-01   1.4581844e-01  -1.7133525e-01   3.9344552e-01  -3.6883320e-03   4.1700438e-02  -2.7350322e-01  -3.9043646e-01   1.9090170e-01  -1.6248142e-01  -6.2959127e-03   1.4447582e-01   1.7350507e-01   1.1941458e-01   1.8051280e-01   2.0556899e-01  -7.4514970e-02  -1.9351465e-01  -3.8758528e-02  -3.0954915e-01  -2.4058404e-01  -3.3382345e-01  -5.4812370e-01   2.4338869e-01  -1.5804747e-01   3.4258046e-01   1.1921723e-01  -1.8625418e-01  -1.0635977e-01   4.5699721e-01   4.2181609e-01   1.9161809e-01  -2.6889775e-01  -1.8807256e-01  -7.2502775e-02   9.0399533e-03   1.4341711e-01  -1.3680486e-02  -9.5690760e-02  -1.7670400e-01   7.2365938e-02  -1.8233934e-01  -2.4031965e-01   8.4339352e-02   6.4969150e-01  -1.8594584e-02   1.7341535e-01   3.8767855e-01   9.8838707e-02  -7.0596964e-02   1.0912817e-01  -1.3202344e-01   3.8014742e-01  -2.3420435e-01  -5.3428829e-02  -1.3481677e-02   8.7881336e-03  -1.3538765e-01   7.3895076e-02
  -2.2376442e-01   3.9285064e-04  -1.5076400e-01  -7.4841458e-02  -2.2324286e-01   1.0728961e-01   1.7522987e-01   4.9332471e-02   8.9335235e-02   4.9220596e-02   0.0000000e+00  -3.4607031e-02  -1.1989998e-01   2.1901488e-01   1.8607498e-01  -6.7546459e-02  -4.7208358e-02   1.2544826e-01  -8.1230857e-03  -2.4464570e-01   3.5534686e-01  -5.0187334e-02   3.6272870e-01  -5.1133621e-02  -2.0920865e-01  -7.4595641e-02   4.2595560e-02   9.2836613e-03  -7.0016154e-02  -9.0877760e-02   9.2985286e-02  -1.4008601e-01   2.4457887e-02   2.5915973e-01   2.7667685e-01  -2.6306331e-01  -9.3424483e-02   4.9058140e-02   1.7437339e-02   8.2028898e-02  -4.1539386e-01   7.4546586e-03   6.7326171e-02   3.1266432e-01   7.8132003e-03  -1.1923717e-01   2.1157384e-01   2.3364271e-01  -1.3347946e-01  -1.1576608e-01   2.3302074e-01  -1.1648468e-01   1.9844146e-01   5.3234278e-02   1.8741158e-01   2.7700567e-01   5.8928909e-02  -2.8193957e-02  -6.8918700e-02   7.8553105e-02  -7.4381023e-02   5.3831800e-02   1.2655096e-02   4.0462990e-02   7.4361285e-02   2.1883157e-02   1.6256508e-01  -2.0635434e-01   2.3335053e-01  -1.6101064e-01   4.5520211e-02   3.2913045e-02  -2.8813722e-01  -1.3597879e-01  -5.9979827e-03   1.0566485e-01  -1.1218649e-01  -3.7686203e-02  -6.6908365e-02  -1.0096151e-01   2.3145395e-02   1.3615208e-03   8.6050659e-02   8.3290979e-02  -1.5181185e-01  -1.5623928e-02  -1.1660058e-01  -1.9632766e-01  -2.9555698e-02  -5.7186444e-02   2.8356811e-03  -1.2334764e-01   2.6605755e-01   3.1956171e-02  -1.5723772e-02  -6.2231964e-02   5.4625839e-02  -8.2664640e-02  -1.5893507e-01   2.5449662e-01   1.6579167e-01   1.1207115e-01  -4.3525849e-02  -1.5635961e-02   4.8242902e-02   1.9306884e-02   5.7507384e-02   6.0901971e-02  -1.1265640e-01  -4.7910028e-02   4.4358628e-01   8.7986151e-02   9.8284711e-02  -1.1854121e-01   9.3746583e-02  -8.4937406e-02  -1.4944669e-01  -2.9915248e-02  -8.5203926e-02   1.6822907e-01  -1.7498405e-01  -5.3944893e-02  -8.3506579e-02   1.5522912e-01  -4.0562211e-02  -1.4543503e-01   1.6189375e-01   1.4360445e-01   7.5522394e-02   1.9520345e-01   1.4927370e-01   1.3344390e-01  -4.2993409e-02   8.8402589e-02   4.4754447e-02   4.8433109e-02   3.1813639e-01   7.8152689e-02  -4.8960685e-02  -1.0369135e-01  -1.2205059e-01  -2.1158805e-01  -3.7559114e-02  -5.4816007e-02   3.3931726e-01   3.6473709e-01   1.9133955e-01   5.6313412e-02   4.8643400e-02   1.5358272e-01  -1.3623023e-01  -8.2675133e-02  -1.5094694e-01   4.0095921e-01  -1.1865268e-01   2.1863845e-02  -3.8939917e-02   1.3169820e-01  -3.9199740e-02   5.1976326e-03   4.3579718e-02   7.7404811e-02   5.6626658e-02   1.9191612e-01  -7.9746892e-02   1.3305676e-01   3.8079871e-01  -1.7647835e-01   3.7899097e-02  -5.3872178e-02  -4.1170707e-02  -8.9416444e-02   9.5377534e-03  -6.3695278e-02   1.4848712e-01   9.8778688e-02  -1.7204780e-01
   9.2648826e-02   4.8195674e-01   2.3100648e-01  -2.2830833e-01  -1.8340410e-01  -2.0353681e-01   5.1223147e-03  -1.8515093e-01  -1.7877230e-03   5.5561445e-02  -3.4607031e-02   0.0000000e+00  -2.7601016e-01   8.4891407e-02   3.0862648e-02   3.5239006e-02   5.0527718e-01  -2.7045605e-01  -2.6151477e-02   1.2346594e-01  -2.8760549e-01  -2.2678081e-01   6.4235277e-02  -1.3508627e-01  -4.4106461e-02  -2.0583063e-01   2.0308842e-01  -1.0562988e-01  -1.3499323e-01  -3.6104595e-01   1.3523313e-01  -2.5756135e-01   6.2217566e-02   2.5162198e-01   1.9587554e-01   4.3956007e-02   2.1293962e-02  -1.9812909e-01   3.2627418e-02   3.7786475e-01  -1.3699298e-01  -8.5509892e-02   2.4586061e-01  -1.7240257e-01  -2.1751643e-01  -1.8755371e-01  -1.6404721e-01  -2.5174476e-01  -8.3932434e-02   4.0676252e-01  -2.4358609e-01  -2.1802414e-01   1.4149502e-01   1.7449234e-01  -1.8736170e-01  -4.5713541e-02  -1.1406895e-01  -2.5658821e-01  -2.0806577e-01   5.6366158e-01  -3.6885875e-01   3.1947962e-02  -3.7159381e-02   8.6760469e-02   9.7697730e-02  -7.0748361e-03   4.6913483e-02  -1.9158409e-01  -3.0078897e-01  -3.1994018e-01   1.9311493e-01  -4.1388356e-01   5.2797949e-02   5.8816859e-02   1.1141528e-01  -8.0096405e-02  -2.9417023e-01  -4.0065886e-02   3.4334218e-01  -7.1138160e-02  -3.8909338e-01   9.9040633e-02   2.2370843e-01  -2.0393471e-01   4.5237432e-01  -2.2048599e-01   1.4071889e-01  -2.0126821e-01  -9.5849413e-02   2.7543270e-02   8.2587886e-02  -1.3167799e-01   3.5740627e-01   4.7962509e-02  -2.4677124e-01  -8.6567765e-03  -2.0693881e-01  -7.7333614e-02  -3.5192501e-01  -2.5417910e-01   1.2734167e-01  -6.8856945e-02  -2.6021197e-01   6.6009064e-02  -2.1983671e-01  -2.0904355e-01   2.0129043e-01  -2.1768825e-01   1.9135988e-01  -1.5868648e-01   2.2472911e-01  -1.6702354e-01  -1.9949032e-01  -1.0848690e-01  -5.0317409e-02   1.1052930e-01  -9.7444305e-02  -9.4093372e-02  -3.9570185e-02  -2.7960185e-01  -2.7481353e-01   1.5700982e-01   1.7177648e-01   1.2318986e-01  -2.3629716e-01   2.0555619e-01   2.5972301e-01   2.4672899e-01  -3.4490216e-01   1.1872314e-01  -9.2383969e-03  -5.3977605e-02   4.3321739e-01   5.8571761e-02  -1.6569522e-01  -2.0643257e-01   2.9559501e-01  -3.3392241e-01  -3.1709031e-01   2.2385983e-02  -1.9711335e-01  -3.9472653e-01  -1.0597613e-01   3.2902438e-01   2.3007837e-01  -1.8191237e-02   1.8256429e-01  -3.2235745e-02   3.5254827e-01   5.4909523e-03  -2.0341495e-01  -2.2291264e-01  -1.6963344e-01  -1.0772438e-01   5.9800914e-01   3.0734342e-02  -3.0456054e-01  -1.1003101e-01  -1.4912400e-01  -2.7319303e-01  -6.0771485e-02  -1.5412259e-02   1.6864510e-02  -2.4848208e-01  -1.4604497e-01   2.6110846e-01   8.2822841e-02  -8.8782092e-02  -1.3553056e-02  -5.7446248e-04   1.6947466e-01  -3.3308771e-02  -1.3059763e-01   2.4162528e-02   2.5901894e-01  -1.1267356e-01   5.0644765e-04
  -7.8173437e-03   4.7728516e-03  -3.4963878e-02   2.0325729e-01   3.9514305e-01   7.0373190e-02  -1.1217695e-01  -1.2242514e-02   3.0859329e-02   2.1364397e-01  -1.1989998e-01  -2.7601016e-01   0.0000000e+00  -4.8787155e-02  -1.2749010e-01   9.0846088e-03  -2.8894538e-01   4.1685245e-01  -1.0781867e-02   2.2790775e-01   1.6281395e-01   1.0548894e-01  -2.3122821e-01  -6.0410696e-02   1.5894198e-01   2.8527607e-02  -9.0101452e-02   7.0402690e-02   3.1534373e-01   1.2565143e-01  -1.7403537e-01   1.5580851e-01  -2.5934178e-01  -3.4497853e-01  -1.9168493e-01   3.3098314e-01   1.9472090e-01  -6.2856114e-02   3.6876852e-02  -3.8594843e-01   5.0009653e-01  -1.6108163e-02  -2.2882332e-01   6.5964124e-02   2.8718214e-01   6.2260043e-02   1.2378381e-01  -5.9660856e-02   2.1438086e-01   1.1196994e-02   2.6358867e-01   4.6088728e-02  -1.3633766e-01  -5.6520440e-03   9.1410823e-02  -1.2107703e-01  -7.6906609e-02   1.1155487e-01   2.5066448e-01  -2.8065079e-02   1.5375510e-01   2.4912424e-01   1.6292154e-01  -6.0361392e-02  -1.4040032e-01   1.3869162e-01   2.9727247e-02   3.3973943e-01   2.7213321e-01   1.8683502e-01  -2.8161009e-01   3.8723053e-01   1.6398187e-01  -1.2258011e-02   4.0204540e-02   9.0043131e-03  -2.7686696e-02   4.7356240e-02   2.7085192e-02   1.0126218e-01   1.4225810e-01  -8.2100744e-02  -1.6962204e-01  -1.7557847e-01  -7.5745011e-02   2.6687172e-02  -7.7676520e-02   2.4852250e-01  -1.0842695e-02   7.1986209e-02   7.1424594e-03   8.0346228e-02  -3.9477030e-01   2.6602036e-01  -2.7699453e-02   2.5611052e-01   2.9126523e-01  -2.2129056e-02   4.1788009e-01  -1.8742250e-02  -2.3653351e-01  -6.4998904e-03  -7.0242181e-03  -1.2463148e-01   1.4432978e-01   8.6805922e-02  -2.1092445e-02   1.2058768e-01  -3.4886896e-02   2.3156450e-01  -1.5350404e-01   1.4697085e-01   1.1192734e-01   1.4555277e-01  -3.1301870e-02  -1.1003229e-01   2.6889100e-01   3.7857230e-01   2.9885087e-01   1.2722465e-01   7.5134347e-02   1.6442722e-01   1.0643805e-01  -7.9727928e-02  -7.2971807e-02   1.7418401e-01   6.9767494e-02  -2.0340993e-01   2.4478494e-01   8.3631304e-02   2.0539191e-01   5.7560642e-02  -2.0647622e-01  -5.7972357e-02   1.9536302e-01   3.1305174e-02  -1.7948136e-01   6.6031076e-02   5.3124915e-02  -1.3607246e-01   8.6725940e-02   6.2621923e-01   2.0257332e-01   1.2411729e-01  -2.7794782e-01  -1.6609050e-02  -1.6984976e-01   1.6920366e-01  -2.1473709e-01   2.4116809e-02   1.3571277e-01   3.2564558e-02  -1.2503638e-02  -5.1031653e-02  -1.5431141e-01  -5.0480654e-02  -4.7894817e-02   2.3200058e-01  -1.2452899e-01   4.2897848e-02   1.1561101e-01   8.2188279e-02   1.3838862e-01   2.0064953e-01   3.1372969e-02  -8.7957239e-02  -1.1115329e-01   2.2200692e-01  -1.0100823e-01  -8.4421741e-02  -9.4908273e-02  -8.8731169e-02   4.7762578e-02   6.0695818e-02  -2.6946106e-01   2.9884620e-01   1.4647529e-01
  -1.1495965e-01   5.7631083e-02  -1.1879116e-01  -5.2079132e-02  -1.2210693e-01  -1.1135326e-01  -7.6984093e-02  -6.9174202e-02   2.3169929e-01  -9.0967013e-02   2.1901488e-01   8.4891407e-02  -4.8787155e-02   0.0000000e+00   3.1313493e-01  -1.2475371e-01   1.7208620e-01   1.9698332e-01   7.2292979e-02  -1.9967223e-01   5.7644439e-02  -1.3140499e-02   6.8396300e-02  -2.7096590e-01   1.2338911e-01  -2.3799198e-01  -2.1069167e-01  -2.8535294e-01  -4.1202852e-02  -1.0911949e-01   3.5259074e-01  -2.0500075e-02  -4.6200592e-02  -2.6177865e-02   1.5140134e-01  -2.2793363e-01  -5.5161883e-02  -2.7146461e-02  -4.8850325e-02   5.9466449e-02  -4.7099914e-02   8.5843245e-02  -8.0503263e-02  -4.2708909e-02   2.1724095e-02  -4.1218197e-02  -8.7301133e-02  -2.5116902e-01   1.4741118e-01   2.2433240e-01   2.0576058e-02  -8.6775936e-02   9.7234862e-02   4.6893081e-02   3.3797029e-01  -8.7461084e-02   2.4483309e-02  -9.9596046e-02  -1.3699653e-01  -1.3204374e-01   1.0188087e-03   1.8432872e-01   1.6265781e-01   3.6787504e-01   3.3853810e-01  -1.7714732e-01  -3.6505935e-01   1.7452714e-01  -6.2337771e-02  -1.1184588e-01   6.3762972e-02  -1.1679203e-01   5.4693648e-02   3.3876006e-02  -7.6045398e-02   3.4860667e-02  -7.1545855e-02   5.1534215e-02   5.4242727e-03  -2.5916653e-01  -1.3691297e-01  -9.4720858e-02   2.2110656e-01  -1.8850636e-01   2.5135683e-01  -6.2340201e-02   3.3989737e-01  -6.1844010e-02   2.5864796e-01   1.3936953e-01  -8.6097494e-02   1.9316238e-02   5.7118898e-03   1.8610565e-01   4.3390936e-03  -1.1969767e-01  -2.2789800e-01   5.0842488e-02   9.0524172e-02  -8.7776627e-02   4.1693303e-01  -1.9478607e-01  -1.9737826e-01   8.7531102e-02  -2.4731759e-02  -1.7891338e-01   9.7449619e-02   5.3492817e-02   3.9276465e-01  -2.1949688e-01   1.7964269e-01  -1.8829494e-01   4.3414130e-02   1.3248538e-01   1.1962830e-01   2.9003608e-01   2.4847597e-02   1.6766017e-01  -2.3239289e-02  -1.3997823e-01  -9.0323675e-02  -1.9928608e-01  -2.8574966e-02   5.0553446e-01  -7.3615310e-03   4.8736405e-02   2.1262719e-01  -6.1187009e-03  -9.5634511e-02   1.8454980e-01  -5.2411373e-02  -3.3872460e-02   2.5774189e-01  -3.0229362e-03  -5.4841889e-02   4.7549733e-02   8.0833825e-02  -1.2527928e-01  -5.9265226e-02   1.2930936e-01   1.3674546e-01   1.7611162e-02  -4.7995167e-02  -1.5063618e-01   2.3673059e-01   4.1677307e-01   1.0661304e-01  -3.8495291e-01  -1.0387967e-01   2.9960657e-01   1.4661991e-01  -5.1162145e-02  -8.4768899e-02  -8.8714670e-02  -6.2230137e-02  -5.6834501e-03  -1.7695334e-01  -1.2964205e-01  -3.7935706e-02  -3.1102103e-01  -1.2967165e-01  -5.0488614e-02  -2.6760828e-01   4.8805091e-04  -1.7320054e-01   4.2560012e-02  -2.4105497e-01  -1.3096704e-01  -3.2470987e-01   1.9519222e-01  -1.5121222e-01   4.9449523e-02   2.7418760e-01  -2.2192614e-01   2.5615447e-02   3.7910936e-02  -9.8437414e-02
