   0.0000000e+00   8.7619622e-02  -2.8078698e-02   4.2748514e-02  -1.0557746e-01  -2.2645492e-01  -2.8549119e-01   2.0097223e-02   1.2060577e-01  -1.3687254e-01  -1.0154010e-01   3.0475964e-01  -2.6375673e-01  -2.3961272e-01  -7.6144477e-02  -8.4178674e-02   2.7407768e-02  -2.8541360e-01  -1.6183772e-01  -2.3065556e-01  -9.7796113e-02   1.1155761e-01  -2.8057612e-01   4.5355096e-01  -1.0616780e-01   4.9658365e-02  -1.8088197e-02   8.4563151e-02  -1.0114355e-01  -1.6281445e-01  -2.6498352e-01   1.0327776e-02  -4.2584580e-02  -1.1466959e-01   3.9438149e-04  -3.1435424e-01  -2.4099020e-01   1.4531723e-01  -5.3272781e-02  -1.9144665e-02  -7.5901476e-02   9.8637144e-02   1.2036066e-01  -2.7030858e-02  -1.2276590e-02  -1.0408961e-01  -3.0110446e-01  -3.9574264e-01  -1.0445086e-01   1.2343943e-01  -4.2820028e-01   2.4969423e-01  -8.6250808e-02   1.5245005e-01   4.8657762e-02  -7.2567024e-02  -1.5167116e-01  -7.3156709e-02  -1.8672412e-01   7.4485912e-02   1.0468786e-01  -1.4882476e-01   2.1292536e-01   2.3534282e-02   4.4589124e-02  -3.9966053e-01  -1.3621939e-02  -4.7579851e-02  -1.6267885e-01  -2.1461516e-01  -3.8961337e-02  -1.0085757e-01   2.7272463e-02   3.4838581e-01  -1.9328472e-01  -6.8629080e-02  -3.5165898e-02  -3.9405930e-02   2.6813624e-01  -2.9702781e-01   2.0653151e-02  -1.3764494e-01   1.2871878e-02   2.6115506e-01   1.1620370e-01  -8.3729769e-02   3.8592453e-02   3.5696226e-01   3.2653315e-01   3.5545851e-01  -4.4457010e-02   3.5771308e-02  -1.3100041e-02  -5.4305971e-02   6.4309829e-02  -1.9687077e-01  -2.9507422e-01  -1.3696893e-02  -3.1232241e-01  -1.4905145e-01  -1.7152257e-01   4.1742331e-02   1.4610135e-01   3.8536598e-02  -1.2384029e-01   8.0792924e-02   1.6818911e-03  -1.4508948e-02   3.4598428e-02  -2.7124596e-01  -8.0749524e-02  -1.3092489e-01  -2.4278602e-01   1.9170005e-01  -1.9041507e-01   2.0052207e-01   4.7760578e-02   1.0963466e-01  -1.6833878e-01  -1.8400718e-01   7.6990011e-02  -6.8623878e-02   5.3042175e-02  -1.8490736e-01  -7.6405266e-02  -8.9761113e-02  -1.2620524e-01   1.9210084e-02  -9.8854268e-02  -4.0902971e-02  -8.6478317e-02  -2.7790610e-01   2.7764481e-01  -2.1224142e-01  -6.6157004e-02  -8.7415535e-02  -3.2744023e-02  -1.8124475e-01  -1.7149241e-01   3.5533954e-01   3.8039699e-01   8.3773714e-02  -4.1317803e-02  -1.0021451e-01  -8.5225141e-02  -1.4461651e-01  -2.5039971e-01   2.8851226e-02  -2.7924244e-01  -1.0058682e-02  -2.2145843e-02  -6.2635073e-02   3.3502524e-01   2.1604946e-02   2.1680794e-01   4.8540392e-01   1.1122206e-01  -2.0121964e-01  -9.8412593e-02   2.2851434e-01  -1.7262859e-01  -8.2860594e-02  -2.3528874e-01  -2.6198440e-01  -1.8590539e-01   2.7097329e-02   1.6250504e-01   1.4461027e-01   1.2195572e-01  -6.3629475e-02  -2.3402682e-01   3.4715700e-01  -1.4763987e-01  -1.4343536e-01   9.4563831e-02   1.4816101e-01   2.9217133e-02
   8.7619622e-02   0.0000000e+00  -1.8646065e-01  -1.2403225e-01   7.6091489e-02  -5.3768247e-01  -6.3611660e-02  -3.3821361e-02   5.1708357e-01  -4.6810383e-02  -2.5301257e-01   6.6312462e-01  -3.4144132e-02   6.7378139e-02  -2.0113817e-01  -9.4374116e-02  -3.3679643e-01  -5.5441159e-02  -3.1764129e-01   3.3348678e-02   1.0285702e-01   6.4365378e-02  -2.6501109e-01   3.9271483e-01   5.8410229e-02  -2.4240289e-01  -5.6215620e-02   9.1319958e-02   4.2311883e-01   2.0998414e-01  -2.5968651e-01   2.7670779e-02  -8.2148543e-02   2.3294839e-01   5.5369092e-01  -1.2657473e-01  -4.6655972e-02  -3.1065432e-01   2.0429422e-02  -4.0644111e-02  -1.4505842e-01  -3.6224577e-04   5.5677681e-01  -1.7468472e-01   4.4756711e-01  -4.8177974e-01  -4.0930539e-01  -1.0249993e-01   5.6036584e-02  -2.3878281e-01   2.9713911e-02   2.0037267e-02   4.1743412e-01   1.1752035e-01   9.7113682e-02  -2.0153969e-01  -4.7925462e-01  -7.1113116e-02  -8.5939829e-02   6.1509047e-01  -4.1798961e-01   1.3392065e-01   5.9906301e-01   9.5012774e-02   7.0841020e-01  -2.3836421e-01  -4.1687845e-01   8.2495867e-02  -3.3271061e-01  -4.7822427e-01   5.2611465e-01  -1.0128535e-01  -1.6203982e-01   2.7973316e-01   6.4795615e-02   5.2463115e-04  -4.5711156e-01   1.8146752e-02   3.1829438e-01   8.2885140e-02  -3.1045914e-02   3.2050411e-02  -2.0569026e-01   1.2155395e-01   6.4485681e-02  -5.1498378e-02   6.1437986e-01   1.9954950e-01   5.1754291e-01  -8.5463025e-02   1.8963857e-01  -4.5526479e-01   1.6664151e-01   3.3984773e-01  -3.7850539e-01  -1.2685709e-01   1.0167162e-01  -3.5298490e-01   5.4085306e-02   1.1896413e-01  -4.2092851e-01   3.2493775e-02   2.5642714e-01   6.0962151e-01  -1.1404327e-01  -1.5802025e-01  -1.0492342e-02  -2.7383302e-01   5.9264211e-03  -1.3975598e-01  -2.8143281e-01  -2.0867496e-01   1.0125384e-01  -1.8304337e-01  -4.3891768e-01   3.9619256e-01   2.6418202e-02  -8.2675410e-03  -2.3872765e-01  -9.9093458e-03  -4.1296612e-01   5.8833297e-02   6.1298754e-01   4.7252850e-01  -3.6533355e-01   1.4819261e-01   4.9048085e-02   1.0220477e-01  -6.9168267e-02  -4.3465447e-01  -1.6760435e-01  -1.1662817e-01   6.4197086e-01  -1.9496193e-02   4.2661498e-01  -1.4508711e-01   1.4042427e-01   4.5516274e-02  -1.5354357e-01  -2.5332866e-02   2.1062939e-01   1.0929875e-01  -2.5760770e-01  -4.2669163e-01   1.3539502e-03   1.8741937e-01  -1.2584951e-01  -1.7760401e-01  -2.9892497e-01   6.1133609e-02  -2.5098226e-01   5.9413621e-02   1.5551887e-01   1.6325560e-01   2.7271145e-01  -1.0483502e-01  -3.7982632e-01  -1.5011946e-01  -2.4758354e-01   2.0433803e-01   2.5327226e-01  -1.2859286e-01  -1.9156019e-02  -1.5424324e-01  -2.9605876e-01   4.9242644e-01  -5.0314569e-02  -1.1316902e-01  -1.0487037e-01   2.6244621e-01  -1.0930945e-01  -2.7561868e-01  -1.2225481e-01  -3.7849707e-01   1.6617380e-01   4.4974957e-02  -2.3775326e-01
  -2.8078698e-02  -1.8646065e-01   0.0000000e+00  -1.5208777e-01   1.5663415e-01   5.2347942e-01   3.8726172e-02  -1.9188938e-01  -3.9633747e-01   2.3711478e-02   1.8537274e-01  -1.3326349e-01  -1.5618623e-01  -2.5661194e-01   1.3071556e-01   4.1770063e-02   6.6411393e-01   1.5205113e-01   3.1729257e-01   1.9778928e-01  -1.7443518e-01  -4.8936922e-01  -1.2606887e-04  -1.8094362e-01  -2.7750769e-02   1.9595183e-01   1.8319359e-01  -1.8403412e-01  -9.9027038e-03  -2.2589443e-01  -7.6219654e-02  -7.6965309e-02   2.1963537e-01  -5.3116497e-02  -5.2626906e-01   2.1031561e-01   1.2563625e-01   4.6243864e-01   3.3269514e-03   2.9712056e-02   2.5241617e-01   3.2105702e-01  -3.5323948e-01   1.1001756e-02  -1.5089088e-01   5.3117823e-01   2.0324658e-01   1.2439839e-01   2.0499917e-01   2.2151326e-01   4.3446496e-02   1.9240337e-01  -2.8130840e-01   8.9313291e-03  -2.5330289e-01   3.2636587e-02   5.2923729e-01  -1.5179022e-01  -1.1225172e-01  -1.9229980e-01   6.3460354e-01   3.1035445e-02  -2.0462761e-01  -9.1145042e-02  -2.3219110e-01   1.5384376e-01   3.7318151e-01   5.0051238e-02   4.9411663e-02   5.6721349e-01  -3.1344105e-01  -1.1856222e-01   1.2238164e-02   2.2979562e-01  -1.5372839e-01  -1.2287293e-01   6.4795994e-01  -1.0357216e-01  -2.2988455e-02   2.1135981e-03  -3.2377615e-01  -1.4476314e-01   1.6009433e-01  -2.3106752e-01   6.9113940e-03  -5.2787894e-02  -4.9029751e-01  -1.5971522e-01  -2.2528917e-01   2.1389971e-02  -5.3667847e-02   6.4704958e-01   1.3542159e-01  -3.8158103e-01   4.7865335e-01   1.7191810e-01  -1.3884171e-01   4.9473405e-01   1.7774966e-01  -9.4082052e-02   1.9642078e-01  -1.3877482e-01  -4.5250229e-01  -4.9318135e-01  -1.7741926e-01  -2.0204370e-02   6.7073733e-02  -4.4194023e-02  -8.9694256e-02   2.0329116e-01   1.9962651e-01  -5.5344266e-02  -3.6517242e-01   3.5808035e-01   1.3762091e-01  -1.2707825e-01   1.6768967e-02  -4.5101267e-02   2.8000945e-01  -1.0623921e-01   3.4165143e-01   1.5438848e-01  -4.1911043e-01  -3.1750009e-01   5.0826390e-01  -7.1495347e-02  -3.3701509e-02  -1.8806615e-01  -1.0822858e-01   4.2482982e-01   7.9882501e-02   1.6727247e-01  -3.1878100e-01  -2.1037553e-01  -4.3521721e-01   3.4631340e-02  -2.2304346e-01  -3.5337353e-01   1.6747376e-01   4.3176790e-02  -6.6554305e-03  -9.7787445e-02   9.2189883e-02   3.8312684e-01  -9.1282197e-02  -2.6273484e-01  -7.2940452e-02  -1.4086483e-01   1.8551475e-01   6.1222165e-02   4.4673082e-01  -2.7891862e-01   2.0024715e-01  -2.2442294e-01   7.0827451e-02   2.1186266e-01   5.3147412e-01  -4.6146679e-02   4.8274691e-01  -2.1366750e-02  -5.3051625e-02  -1.8105401e-01   7.5409948e-02   4.0768876e-02   9.9900762e-02  -5.8792019e-02   1.1968592e-01  -1.0373327e-02   3.8468885e-01  -4.5634636e-02  -3.6327473e-02   2.2100647e-01   1.7242575e-01   3.9490210e-01  -2.2995420e-01   1.8279018e-01  -1.4467968e-01
   4.2748514e-02  -1.2403225e-01  -1.5208777e-01   0.0000000e+00   2.4837371e-01   2.2494342e-01   3.1068006e-02   3.3353150e-02   4.5176641e-02  -1.7930614e-01   3.6297561e-01  -3.7391462e-02   2.5738524e-01  -1.6665574e-01  -2.8586496e-01   1.5312752e-01  -6.7118038e-02  -9.7725657e-02   9.8797822e-02  -2.9689238e-02   1.0476340e-02   3.5200040e-01   1.2409821e-01  -2.2702845e-01   3.6980543e-01   1.8159636e-01   8.2048609e-02  -2.4695170e-01   1.2793701e-02   2.1183817e-01  -1.0835984e-01   4.0440344e-01   7.8370703e-02  -2.2999500e-01  -1.1167823e-02   1.3725006e-01   2.4168166e-02  -1.7555676e-01   1.8759487e-01  -1.2144633e-01   8.5804858e-02  -7.2054163e-02  -8.1185013e-02   1.6255430e-02  -4.6618305e-02  -1.8595374e-01   2.5392697e-01   8.7084479e-02  -5.7222086e-02  -1.5011486e-01   2.3991436e-02  -8.8738566e-02  -4.9242044e-02  -5.1460988e-02  -2.8322912e-01  -1.6905315e-01   2.0782102e-01   3.0800685e-01   3.8139991e-01   7.6639532e-02  -2.3049306e-01   2.0813901e-01  -1.9706733e-01   8.6270892e-02   5.8891111e-02  -3.7431185e-02   1.9991657e-01  -1.0980055e-02   2.3347977e-01  -1.2764748e-01  -2.2602565e-01   2.7853011e-01   2.1665580e-01  -2.1147345e-01  -4.0904204e-02   4.3620727e-02  -1.2654466e-01   2.6609082e-02  -1.0874893e-01   2.8019145e-01  -4.4465808e-02   1.8219730e-01  -7.1082886e-02  -2.4487005e-02  -2.7751037e-02   6.7164840e-02  -1.8922627e-01  -1.0402547e-01   1.8072893e-03  -3.9823561e-01   9.1813702e-02  -5.6702242e-02  -5.7351070e-02   1.6183797e-01  -5.8240078e-02   1.3630422e-02   2.8555871e-01   1.2548674e-01   1.6011059e-01  -1.9616998e-01  -1.7874556e-01  -6.1840116e-02   3.9576942e-01  -4.6023291e-02   2.0582401e-01   4.4975333e-01  -1.1474742e-01   3.4504661e-01   2.5789255e-02  -5.5576167e-02  -2.6782989e-01   2.5009975e-01   1.6959225e-01  -2.5119353e-01  -2.2686655e-01  -1.8969119e-01  -3.8844716e-02   2.3450460e-01  -1.8956628e-01   4.1905138e-01  -8.2672803e-02   9.0062189e-02  -7.2824800e-02  -4.5864941e-03  -1.7724718e-01  -1.8867435e-01   3.4131607e-02  -4.9091797e-02   3.1390099e-01  -2.1300744e-01   6.3729536e-02  -1.9224680e-01  -1.5070931e-01   8.2362053e-02   1.0122814e-01   2.5058395e-01   1.6763531e-01  -1.2105265e-01   1.8729523e-01  -1.8786165e-01  -2.6689026e-01   1.6175022e-01   3.1534982e-01  -9.9610257e-03  -1.8195572e-01   7.4624958e-02  -2.6668433e-01   2.4633646e-01   9.4718117e-02  -2.5545039e-01  -2.4779047e-01  -9.8128420e-02  -1.9473587e-01   1.4494228e-01  -4.7326261e-02  -2.3659252e-01  -1.4064801e-01   2.3261825e-01   3.0664655e-03   4.3444545e-02  -1.1310328e-01   1.8426459e-01  -9.3326613e-02   2.4042703e-01   2.3721033e-01   3.0498829e-02   2.3771935e-02  -3.4467513e-02  -2.7226738e-01  -1.3224986e-02  -1.5716472e-01  -1.8591153e-01  -3.8921163e-02   7.8336902e-02   3.0066010e-01  -3.1795073e-01   4.3730127e-01
  -1.0557746e-01   7.6091489e-02   1.5663415e-01   2.4837371e-01   0.0000000e+00   2.3064250e-01   1.3513556e-02   1.7129298e-01  -5.7762689e-04   5.9958611e-03   3.3565948e-01   2.3213308e-01  -4.9675368e-02  -2.8844445e-01   3.9210036e-02  -1.3907215e-01   1.3226980e-01   1.4573616e-01   6.4733985e-02   4.1454248e-01   1.2051157e-01   1.6799520e-01   2.0728985e-02  -2.6128331e-01   1.5276159e-01   2.2542373e-01  -7.8278371e-03  -1.4786636e-01   3.4265561e-01   1.4821527e-01   1.5404312e-02   2.0501244e-01   3.8932161e-02  -8.0072079e-02  -9.5816086e-02   3.2194887e-01   1.5789191e-01   1.9475161e-02  -2.4705249e-01  -2.4665695e-01  -1.6087911e-01  -5.6128003e-02   5.6744647e-02   1.5621723e-01   3.2348889e-01  -5.1764032e-02   2.2468676e-01  -2.3146011e-02   1.1956598e-01  -1.9725698e-01   1.7995137e-01   1.8896726e-01  -1.3027134e-01  -1.7339644e-01  -7.2620403e-02   1.9281744e-01   3.0732260e-01   2.2266299e-01   8.1614821e-02   1.6632860e-01   2.7732303e-02   3.2393032e-01   4.3405273e-02   4.1949954e-01   2.4383721e-01   8.8318077e-02   2.8143829e-01   9.2399413e-02   3.1522406e-01  -2.9148316e-02  -1.8820889e-01   1.1521427e-01  -1.1182349e-01   1.3607597e-01  -6.7413678e-02   9.9542711e-02   1.2188435e-01   2.5391560e-01   3.0696474e-01   2.5445469e-01  -6.8052417e-02  -1.8725842e-01   5.8319824e-02   1.3243962e-01  -4.1343176e-02   1.8192210e-01  -2.0754249e-01  -7.1725840e-02  -7.7292669e-02  -1.4862057e-01   3.5759092e-01   9.3829635e-02   1.8039993e-01   6.7012105e-02   1.2186644e-01   4.1732582e-01   1.5141178e-01   2.7763208e-01   3.1914114e-01  -2.3960661e-02  -1.8567164e-01   3.0619822e-01   1.9159423e-01  -5.8817742e-02   1.3471016e-01   1.7030714e-01  -1.9939901e-01   2.8897826e-01  -1.5092189e-02   1.3224987e-01   2.2831788e-02   1.2203215e-01   1.3733735e-01  -1.7142490e-01  -2.0142185e-01  -9.9598555e-02  -2.3424872e-02  -8.3979550e-02   1.0518749e-02   2.3101611e-01  -6.4476357e-02   5.0623277e-01  -5.6507523e-03   3.4142293e-01  -4.1907346e-04   1.9715807e-02   2.9614200e-01  -2.7763424e-01   2.3311978e-01  -1.0167391e-01   1.5396456e-01  -1.2935657e-01  -1.2449281e-01   2.4004918e-02   9.5571286e-02   2.9612123e-01   4.2374229e-02  -2.4242528e-01   2.7908392e-01  -1.0235501e-01  -3.0720942e-01  -6.3857597e-02   3.7493633e-01   1.5010378e-01   1.9248903e-01   2.1172876e-02  -1.2469176e-01   1.3627028e-01   1.9769381e-01  -1.1935558e-01  -1.2289119e-01  -1.0884562e-01  -7.1680494e-02   2.5747151e-01   3.6795952e-02  -2.9190822e-01  -2.1637633e-03   1.1773883e-01  -2.8735672e-03   2.9476993e-01   1.0383814e-01   3.5396728e-01  -9.6615306e-02   2.5083631e-01   1.4035869e-01   6.8416978e-02   1.7731894e-01  -3.8065897e-02  -1.4578506e-02   6.8805751e-02   1.6363653e-01  -1.8226726e-01   1.1189633e-01   1.4848995e-01   2.7940428e-02  -1.4128679e-01  -1.3096320e-02
  -2.2645492e-01  -5.3768247e-01   5.2347942e-01   2.2494342e-01   2.3064250e-01   0.0000000e+00   3.1119085e-01   8.1668902e-02  -5.3429264e-01   8.9079363e-02   2.6921382e-01  -3.8330174e-01  -1.1048699e-02  -1.3026117e-01   8.7561056e-02   3.2064720e-01   5.8272122e-01   1.8287832e-01   5.7255943e-01   1.8068956e-01   7.0336926e-02  -2.3029018e-01   3.6794981e-01  -5.3803764e-01   2.0440853e-01   3.8442237e-01   2.2605885e-01  -1.5120006e-01  -2.2481065e-01  -8.3277675e-02   7.6685626e-02  -1.7088608e-01   2.3049365e-01  -6.8752056e-02  -6.1271031e-01   3.1924724e-01   4.0338489e-01   1.4712851e-01   1.2452463e-01  -4.5597829e-02   1.7077342e-01   1.0245294e-01  -4.8911213e-01   1.1505823e-01  -1.8241071e-01   4.4653151e-01   3.6323746e-01   2.8313215e-01   1.4681138e-01   1.2237430e-01   1.1589294e-01   1.8293353e-01  -3.2378570e-01  -1.2466092e-01  -2.9757225e-01   1.0841359e-01   6.6934754e-01  -4.5280442e-02   5.1078319e-03  -2.2481923e-01   4.8630540e-01   5.0886505e-02  -5.6605503e-01  -8.2248058e-02  -3.3577760e-01   2.5822636e-01   6.6501449e-01   8.4465284e-02   4.4325154e-01   5.8912708e-01  -3.9916807e-01   7.3261486e-02   1.2299553e-01  -7.7151089e-02  -6.0887486e-02  -2.4419293e-01   5.4258469e-01  -1.7537342e-02  -2.2770776e-01   7.8754720e-02  -1.8885119e-01  -1.1265888e-03   2.5541764e-01  -1.3898294e-01  -3.8880487e-02  -6.6737165e-02  -7.2070514e-01  -2.9166133e-01  -5.0503790e-01  -1.7954463e-01  -1.8119617e-02   5.5722673e-01   4.9211608e-02  -2.5059321e-01   3.5963340e-01   2.5531451e-01  -4.1255596e-02   6.7450176e-01   2.3606717e-01  -1.4076138e-01   2.2061421e-01  -6.5228854e-02  -2.7389953e-01  -6.3234960e-01   2.2912463e-01   1.8116643e-01  -7.1711265e-02   3.3039289e-01  -1.5241036e-01   3.9860010e-01   3.0866698e-01   1.3326539e-01  -2.0601461e-01   1.3590659e-01   2.7898742e-01  -4.2269787e-01  -2.3944937e-02   2.0676315e-02   1.9576683e-01   5.2544774e-02   1.8946459e-01   2.0178915e-01  -5.1782738e-01  -2.6248898e-01   3.9285442e-01  -1.0208698e-02   8.9964404e-02  -1.8524489e-01   9.6743632e-02   3.4001267e-01   1.9506058e-01   2.0929449e-01  -5.4520479e-01   4.2138580e-02  -3.4028589e-01   8.5791338e-02  -2.0514515e-01  -2.2308087e-01   3.0575102e-01  -2.8062863e-01  -3.3441407e-01  -1.2346172e-01   3.6784198e-01   4.9011741e-01  -5.7919838e-02  -1.6607483e-01   1.4894023e-01   1.5062504e-01   4.7484483e-01  -6.8091882e-02   3.3872362e-01  -2.4817721e-01  -1.6823711e-01  -2.2814155e-01  -1.5238718e-01  -1.8721936e-01   3.9244043e-01   5.2631190e-02   5.1837780e-01  -2.0778264e-01  -1.9462864e-01   8.4296486e-02   2.6074533e-01   3.9147520e-01   3.5575948e-01  -2.1968928e-01   6.2547705e-02   3.0313366e-02   6.6776904e-02  -3.1106902e-02   7.9084650e-02  -6.5822999e-02   1.7511671e-01   6.5036129e-01  -3.4460379e-02  -1.5814179e-01   1.0050154e-01
  -2.8549119e-01  -6.3611660e-02   3.8726172e-02   3.1068006e-02   1.3513556e-02   3.1119085e-01   0.0000000e+00  -1.6630554e-01  -3.6111755e-01   4.8920044e-02  -5.4606809e-02  -9.3009217e-02   2.1294837e-01  -1.4632489e-02  -3.1926090e-03   1.9882805e-01   2.5246512e-04   3.5858424e-02   6.8060812e-02   1.2053760e-01   1.1502780e-01  -1.9393529e-01   2.9718855e-01  -2.1989001e-01   1.5109381e-01  -1.4903774e-01  -1.6913872e-02  -1.4179456e-01   4.9098038e-04   6.7337450e-02  -1.4943488e-01  -1.1068747e-01   3.2959198e-01  -1.0566730e-02  -1.2790595e-01   2.3670360e-01   4.4465479e-01  -2.0818699e-01   1.8179225e-01  -1.7396342e-01   2.0874042e-01   1.0983576e-01  -3.1183394e-01  -5.9747678e-03   1.8267910e-01   1.4821725e-02   2.1934390e-02   4.0979711e-01   2.2342813e-01  -1.8243497e-01   2.1617516e-01  -2.2038054e-02  -1.5957856e-01   8.0335371e-02  -1.4293585e-01   6.8564114e-03   8.4429151e-02   6.2560640e-02  -7.8829960e-02   8.5519867e-02   4.7610646e-02   2.8441866e-01  -1.9023976e-01  -2.1786618e-01  -1.0865334e-01   1.7045751e-01   1.2005436e-01  -1.8408265e-02   3.4282962e-02   1.2746966e-01   1.1533647e-01   2.1364979e-01   2.3998266e-02   1.6057077e-01   4.8345042e-02  -2.5304514e-01   1.4217303e-02  -1.0242888e-01  -1.5849418e-01   8.8834582e-02  -1.7033902e-01   1.5481813e-01   4.5647307e-02  -3.6376583e-01   2.9593328e-01  -2.9444792e-01  -2.2956403e-01  -2.3821873e-02  -2.7567426e-01  -5.4407182e-02  -1.1527313e-01   1.1260397e-01   4.6006580e-02  -8.0954881e-02  -1.4045448e-01   1.6095402e-01  -3.9527318e-02   7.2450818e-02   1.5904603e-01   2.1056620e-01   7.8426558e-02   1.1874881e-01  -1.0666658e-01  -3.1303426e-01   3.0055603e-01  -2.3328273e-01   1.3492074e-01  -1.1288387e-01  -1.5659194e-01   2.8189991e-01   2.2709086e-01   2.3301143e-01   2.2855567e-01  -4.5387625e-02   6.1312453e-02  -3.5976219e-01  -3.5607791e-02   1.4937190e-01  -2.5372568e-02   2.4537774e-01  -6.7901237e-02   2.3156721e-01  -1.2235760e-01   7.9935298e-02  -1.1007979e-01   2.4878268e-01   4.1372761e-01  -4.5811648e-02  -3.2217587e-02   6.8492587e-02   3.9668333e-02   2.6728135e-01  -8.3990674e-02   2.0986226e-01  -8.0076052e-02  -9.4995991e-02   1.7547784e-01  -4.3196888e-02  -6.1917555e-02  -4.5310807e-01  -3.2817051e-01   2.2467937e-02   2.3479382e-01   2.4869919e-01   1.9634755e-01  -1.0867766e-01   1.8570097e-01  -1.3198701e-01   3.3719786e-01  -4.5628972e-02   1.3469312e-01  -2.3052711e-01   5.9046796e-02  -9.0115384e-03  -3.6561009e-02  -3.2583810e-01   3.8067883e-02   9.9692707e-02   1.2842343e-01  -4.0342192e-01  -7.3471846e-02  -2.6338603e-01   1.9543356e-01   3.0107322e-01   3.3977110e-02   8.4281261e-03  -1.1966102e-01  -2.3239563e-01   1.8886403e-01   1.0439819e-01   5.8881477e-02  -1.9110997e-01   4.4441112e-01   2.3111489e-01  -1.2777319e-01  -3.6865599e-02  -1.4169962e-01
   2.0097223e-02  -3.3821361e-02  -1.9188938e-01   3.3353150e-02   1.7129298e-01   8.1668902e-02  -1.6630554e-01   0.0000000e+00   1.9678236e-01   1.4701319e-01   4.6014306e-02   6.1773006e-02  -1.7954900e-01  -1.0463766e-02   2.9640473e-01  -4.1438541e-02  -1.3570474e-01   1.4466466e-01   1.3535746e-01   1.3875105e-01   4.0096325e-01   2.9952823e-01   2.6098796e-01   8.8850073e-02  -4.0571215e-03   1.6337297e-01  -1.4210679e-01   2.2137561e-01  -4.4077982e-02   3.7697589e-02   3.5762437e-01  -3.3004440e-02  -1.3251989e-01   1.8881138e-01   7.1244919e-02   2.0324557e-02  -2.3931129e-03  -1.7271811e-02  -1.7427401e-01   3.4690745e-02  -2.6569000e-01  -2.6904255e-01   1.9857852e-01   3.5683859e-01   1.7247859e-01  -2.3701548e-01   4.3380175e-02  -5.5058655e-02  -1.9333807e-01  -6.7031293e-02  -7.8848100e-02   2.4581876e-01   3.3578060e-02  -1.0752013e-01   1.8555888e-01   1.6513041e-01  -6.0244479e-02   8.2726934e-02  -5.0052807e-02  -3.5972864e-02  -1.6177815e-01   2.3698485e-02   9.4301626e-02   2.3848144e-01   1.4771516e-01   8.9151959e-02   1.5015726e-01   4.2554361e-02   3.8359666e-01  -1.5063069e-01  -2.0726009e-01   1.6348349e-01  -2.3740812e-01  -1.4992847e-01   3.1371158e-02  -5.3960775e-02  -9.7467219e-02   2.8842482e-01   3.4455129e-02   6.4131596e-02   3.7825399e-01  -2.0279299e-01  -1.1437160e-01   7.1495810e-01  -1.3864199e-01  -3.7072652e-03  -1.8144467e-02  -9.4259614e-02  -2.2378003e-02   4.8254519e-02   3.9403047e-02  -1.8208227e-01   4.6845176e-02   1.3852425e-01  -8.4571588e-03   2.8857984e-02   1.2912805e-01   1.3551503e-01   1.0657137e-01   2.1312403e-01   1.4086205e-01   2.8445793e-01   3.4006108e-01   1.2182902e-01   1.5639768e-01   1.6225951e-01  -4.6524336e-02   4.7213784e-01   8.5345688e-02  -1.4620989e-01   2.0987133e-01   5.1538660e-03  -9.5963111e-02  -7.8167803e-02   4.8447762e-02   1.1804381e-01   9.7780040e-03  -1.2789478e-01  -5.2742961e-02   9.4122982e-02  -1.3281858e-01  -4.3152729e-03   2.1105663e-01   2.1993554e-01  -9.9753802e-02  -5.8353834e-02   1.5175531e-01   1.8682795e-01   5.8784710e-02  -2.5565163e-01  -1.9425683e-01   5.4400261e-02  -5.2905055e-02   1.6557679e-01   1.8894448e-01   1.6161953e-02  -1.3075900e-01   1.4421938e-01   1.2088673e-01   2.8359847e-01   2.5641309e-02  -1.9093001e-02   1.8420722e-01  -4.6145465e-02   1.3573628e-01   4.1097076e-01   2.1621370e-01   1.4601013e-01  -1.3090165e-02   2.7873009e-02  -2.4245560e-01   5.0905662e-01  -1.8044703e-01   8.9344106e-02   1.4899398e-02   8.7500750e-02  -2.3026388e-01  -6.0200862e-02  -1.6840958e-01   4.7640199e-01  -9.0327096e-02   5.1715298e-01  -1.0315859e-01   1.2958411e-01   2.2434211e-01   1.2761293e-01  -5.2556968e-02   3.0603159e-01  -2.1993675e-01   1.0157754e-01   8.0090748e-02  -1.5363547e-01  -2.4062713e-01  -1.6330599e-01   9.4219016e-02  -3.2427923e-01   2.5065864e-01
   1.2060577e-01   5.1708357e-01  -3.9633747e-01   4.5176641e-02  -5.7762689e-04  -5.3429264e-01  -3.6111755e-01   1.9678236e-01   0.0000000e+00  -3.7075855e-02  -1.7542739e-01   4.1548787e-01  -2.3053201e-02   1.2825282e-01  -1.0600008e-01  -1.7228700e-01  -4.5730459e-01  -7.7111882e-02  -3.2190699e-01  -4.8042050e-02   2.3538223e-01   3.5434861e-01  -1.4614942e-01   2.6050825e-01  -9.8101058e-02  -4.0419217e-02  -6.9699865e-02   1.9139985e-02   2.1681824e-01   2.5673248e-01   1.0093405e-01   1.6104755e-01  -2.4773832e-01   2.2550685e-01   6.5545390e-01  -1.6360257e-01  -3.0212007e-01  -4.0290994e-01   4.0016027e-02   1.1423667e-01  -7.5281267e-02  -1.0691743e-01   6.7670067e-01  -1.4623433e-01   2.0576648e-01  -5.3579616e-01  -4.3625356e-01  -1.9017412e-01  -5.0801741e-02  -1.8835899e-01  -1.4979884e-01   5.6129857e-02   5.1398311e-01  -9.2898443e-02   2.1931932e-01  -1.5139380e-01  -4.6385696e-01  -4.8025905e-02   8.7908430e-02   3.2462822e-01  -5.3656828e-01  -3.1830194e-02   5.5065042e-01   3.3093603e-01   4.6548148e-01  -2.2163268e-01  -3.5368886e-01  -1.7643071e-02  -1.0257486e-01  -5.7894198e-01   2.9922838e-01  -9.5557644e-02  -6.1154196e-02  -7.7710371e-02   7.6551325e-02   1.1780453e-01  -5.4315124e-01   3.7828332e-02   2.4057200e-01   5.4590161e-02   1.9772610e-01   1.1301154e-01  -2.7598499e-02   3.0274486e-01  -1.8466312e-01   6.0067961e-03   6.2411604e-01   1.4976295e-01   5.0980565e-01  -1.4527887e-01   4.3327545e-02  -5.3048433e-01   1.5693046e-01   5.7073648e-01  -4.0418967e-01  -1.8639597e-01   2.2931960e-01  -3.6333723e-01  -4.2231038e-02   7.5746324e-02  -3.5143858e-01   1.2152839e-01   4.1131193e-01   7.7300954e-01   6.8055057e-02  -6.5604804e-02  -8.3494568e-03   2.3032039e-02   1.9733748e-01  -1.9186864e-01  -2.1607457e-01  -3.5627694e-02   1.1938543e-01  -4.1936245e-01  -4.6455185e-01   5.7391790e-01   4.6636297e-02   5.3914002e-02  -4.2487389e-01  -1.9878520e-02  -3.6233903e-01  -9.4898947e-02   6.5202853e-01   4.2713781e-01  -3.7761983e-01  -5.0869426e-02   5.2393035e-02   2.3811512e-01   4.5668031e-02  -5.3083289e-01   2.3331629e-05  -8.6325739e-02   5.2360381e-01   3.9303434e-02   5.1615934e-01  -1.1322683e-01   2.0538493e-01   1.0516795e-01  -1.3211693e-01   2.2403751e-01   3.0647700e-01  -2.4908029e-03  -1.1789217e-01  -5.6785523e-01  -2.6842454e-02   4.7091859e-01  -1.5895683e-01   1.5844906e-01  -3.4062304e-01   1.1072658e-01  -5.4845756e-01   3.0967969e-01  -1.7769175e-01   2.6983346e-01   4.2928776e-02  -3.7099525e-02  -4.5701538e-01  -1.0301479e-01  -4.5979297e-01   3.7582854e-01   2.0279093e-01   2.2251113e-01  -1.3261890e-01  -9.5062865e-02  -1.0714842e-01   3.2311809e-01   1.6889841e-02  -1.3550240e-01  -3.3436118e-01   1.7394358e-01  -1.3819116e-01  -2.1656800e-01  -1.7976992e-01  -5.1698807e-01   2.7341063e-01  -1.3332849e-01   9.4985939e-02
  -1.3687254e-01  -4.6810383e-02   2.3711478e-02  -1.7930614e-01   5.9958611e-03   8.9079363e-02   4.8920044e-02   1.4701319e-01  -3.7075855e-02   0.0000000e+00  -1.0590069e-01   1.4298649e-01   2.1088649e-01   2.2366653e-01   5.4567183e-01  -2.6578543e-02  -9.9192490e-02   3.0543026e-01  -7.8660544e-03   2.3852728e-01   1.0456226e-01  -1.6421951e-01   8.8228795e-02  -9.9229597e-02  -2.0790811e-02   1.3002020e-01   2.4631023e-01  -1.3189999e-01   1.3102661e-01  -1.2975421e-01   4.0636722e-01  -1.1114780e-01  -1.3356552e-01   4.4508622e-01   9.7157866e-02   1.2015890e-01   3.6365144e-01  -1.7526327e-01  -1.1116006e-01   4.0287452e-01   1.5304478e-01   8.1114076e-02  -1.5600580e-02  -1.4077259e-01   1.5723275e-01  -1.5930473e-01  -1.4548562e-01  -3.9654573e-03   3.1037012e-01   1.8462308e-01   1.2910691e-01   2.6819055e-01   2.6575921e-01   2.8546098e-01   9.2247700e-03   2.3596478e-02   5.9469979e-02  -2.4937471e-02  -8.4337345e-02  -8.6229335e-02  -1.0949813e-01   8.1891000e-02   6.6893561e-02  -1.7370993e-03   7.6222629e-02   7.4862327e-02  -1.2611863e-01   2.3231602e-01  -2.7936048e-02   1.5413577e-01   2.2456091e-02  -1.2526644e-01   1.3840106e-02  -1.2285862e-01   1.1405525e-01  -4.1667648e-02  -1.0508152e-01  -8.9869098e-02  -1.0517802e-01   2.4318541e-01   1.0449318e-02   2.2900202e-01   1.0039377e-01  -3.1051040e-02  -1.3381242e-01   7.0516013e-02   1.2775408e-01   5.4342608e-02  -3.2850902e-02   5.8154260e-02   2.0567770e-01  -9.2998751e-02   3.9408234e-01  -1.8434572e-01  -2.2850740e-01   3.1378754e-01   1.6472573e-01   6.2952355e-02   2.4363769e-01   3.3349896e-01   1.9410688e-01   8.8169251e-02  -2.2212709e-01   3.4165513e-02   1.1694337e-01  -9.8719724e-02   7.4521647e-02   1.7322116e-02   2.2265556e-01  -1.1789273e-02   4.8911002e-01  -3.8716193e-02  -3.5415127e-03  -1.0089576e-01   1.7928315e-01  -1.6725241e-01  -4.9647459e-02  -9.5143392e-03  -1.4094091e-01  -1.7003680e-02  -3.4590071e-01   2.4501898e-01   1.0189348e-01   7.8036154e-02  -1.9260053e-01   1.5742002e-01   3.6036755e-02   2.7067868e-01   1.5504571e-02   1.2684832e-01  -2.3331489e-02   3.8150963e-01  -7.6259540e-02   5.4241371e-01   9.0658289e-02  -8.1747787e-03   1.7199554e-02   8.4037312e-02   1.6754260e-01   3.2029784e-02   1.8794574e-01   1.7865538e-01  -3.0683629e-02  -2.3034264e-01   5.2257730e-01   3.5096025e-01   4.7325304e-01   2.4362079e-01  -9.9782947e-02   4.5953534e-01  -1.5762950e-01  -5.2901616e-02  -3.6350139e-02   8.4966421e-02   1.4090962e-01  -4.8045928e-02  -1.4235451e-01   1.4954448e-02  -2.1215903e-01   1.8916560e-02   3.2374178e-01  -9.3824584e-03   2.6757854e-01  -2.5178339e-02   1.0187503e-01   6.4250880e-02  -2.0884340e-01  -1.4822974e-01  -1.2337412e-01   1.4673634e-01   5.1798936e-01  -1.8525372e-01   2.3770875e-01  -1.7548491e-01   1.1065458e-02  -3.8103484e-02  -1.6395842e-01
  -1.0154010e-01  -2.5301257e-01   1.8537274e-01   3.6297561e-01   3.3565948e-01   2.6921382e-01  -5.4606809e-02   4.6014306e-02  -1.7542739e-01  -1.0590069e-01   0.0000000e+00  -2.3140210e-01  -7.2539300e-02  -2.7512060e-01  -3.5697030e-02  -6.9588671e-02   4.4274950e-02   6.5838416e-02   4.1835525e-02   2.5618842e-01  -3.3917597e-02   1.5326105e-01  -1.7944514e-02  -2.8983586e-01   1.8500996e-01   1.2836626e-01   1.2665193e-01  -1.7494750e-01  -8.3934257e-02   9.0976376e-02  -1.8246862e-01   3.5235677e-01   5.0603740e-02  -3.2519655e-01  -3.8259624e-01   3.9229417e-01  -2.7031673e-02   8.1829111e-02  -2.0435022e-02  -1.4810064e-01  -1.2199081e-01  -9.8766414e-02  -2.5520630e-01   2.9570550e-01  -1.5020082e-02   1.1229053e-01   5.8018089e-01  -3.2426737e-02  -4.8879050e-02  -2.0065177e-01   2.4150121e-01  -3.8263616e-02  -2.9092516e-01  -2.4063991e-01  -3.7677189e-01   1.1889029e-01   2.2846346e-01   1.8774124e-01   1.5866988e-01  -1.8471232e-01  -1.0540042e-01   2.4249757e-01  -8.4679149e-02   1.2076387e-01  -1.2136498e-01   1.9857407e-01   2.4697007e-01  -1.1209490e-01   3.0100681e-01   5.8217192e-02  -4.0872696e-01   1.5358259e-01  -1.4999855e-01  -1.9330176e-02  -3.2221166e-01  -3.0438787e-02   1.2150023e-01   1.2330354e-01   1.7515730e-01   2.4865169e-01  -1.3271803e-01  -9.2552767e-02  -4.3414882e-02   1.3073719e-02  -6.2269370e-02   1.1648184e-02  -3.7822230e-01  -1.4142703e-01  -9.7509393e-02  -3.3158100e-01   1.1458316e-01   1.2081591e-01   1.6183177e-01  -7.1568951e-02   2.9879573e-02   3.2969608e-01   7.4750527e-02   3.0751479e-01   2.3756712e-01  -1.4168296e-01  -1.0870440e-01   1.6400370e-01   1.2496208e-01  -2.9450670e-01   1.0819076e-01   2.9555571e-01  -1.7176128e-01   4.1928812e-01   7.7724605e-02   2.1838124e-01  -1.4408433e-02   2.6666709e-01   8.5693060e-03  -3.0426582e-01  -7.9977350e-02  -1.6082222e-01   5.3502400e-02  -1.5998402e-01   1.3233035e-02   2.3523951e-01  -7.2761816e-02   2.8294288e-01  -3.3645348e-01  -5.9121378e-02   1.3804224e-02  -3.5250678e-01   2.5973621e-02  -2.1395718e-01   2.5948802e-01   2.7646038e-02  -3.9034915e-02  -2.0181047e-01  -3.3178585e-01  -1.7186233e-02  -6.6757037e-02   1.8930899e-01   6.5274791e-02  -9.4838360e-02   2.0600050e-01  -2.7453878e-01  -3.5185260e-01   9.6911733e-02   4.5059414e-01   1.5769816e-01  -6.7873666e-02  -1.7674474e-02  -1.8421627e-01   2.7317493e-01   4.1127977e-01  -2.9449031e-01   7.8091348e-02  -1.2124846e-01  -1.6465105e-01  -8.2954883e-02  -7.8027352e-02  -1.5472242e-01  -3.6460028e-02   1.9369100e-01   7.1760421e-02   1.7090449e-02  -2.0565075e-01   2.9815009e-01  -1.2567270e-02   1.1111101e-01   2.7451874e-01  -7.5349483e-02   9.9677988e-02   7.3093403e-03  -2.7122011e-01  -1.0083582e-01  -2.1389306e-02  -5.7564947e-02   6.3038719e-02   2.5307398e-01  -5.8935954e-02  -1.1333411e-01   1.6099648e-01
   3.0475964e-01   6.6312462e-01  -1.3326349e-01  -3.7391462e-02   2.3213308e-01  -3.8330174e-01  -9.3009217e-02   6.1773006e-02   4.1548787e-01   1.4298649e-01  -2.3140210e-01   0.0000000e+00  -3.3654951e-02  -7.1233997e-02  -9.4374313e-03   1.2709696e-02  -7.6972329e-02  -8.9200481e-03  -2.7803296e-01   2.4240650e-01   1.1241314e-01   1.9946851e-01  -2.3229120e-01   3.9723081e-01   8.5922914e-02  -5.3488625e-02  -4.0221595e-02  -7.7934516e-02   4.0996225e-01   1.8990661e-01  -1.5897674e-01  -3.9642216e-02   8.6769056e-02   2.1727796e-01   5.0666536e-01  -1.5258105e-01  -1.0857155e-01  -3.8229947e-01   8.2797811e-03   1.8677411e-01  -3.1238203e-02   4.7338413e-02   5.9385116e-01  -1.4135748e-01   3.7318509e-01  -5.3624532e-01  -4.6547999e-01  -1.0573020e-01   1.0953518e-01   2.7697736e-02  -2.1186213e-02   2.2745686e-01   2.8717331e-01   1.5483076e-01  -1.0366443e-02  -1.5422838e-01  -3.4341030e-01  -5.8813656e-02  -9.6858514e-02   5.7332960e-01  -3.0115239e-01   1.3529919e-02   5.5258235e-01   2.2176665e-01   5.3323592e-01  -1.9511797e-01  -3.1326285e-01   1.1371842e-01  -2.5063318e-01  -3.4195889e-01   3.0632874e-01  -6.3501427e-02  -9.3621925e-02   3.2921960e-01  -3.4358906e-02  -1.5959777e-02  -4.4576371e-01   4.0880423e-02   1.8167349e-01   6.1842855e-02  -5.5709470e-02   1.1228650e-01  -7.1119168e-02   2.6006263e-01  -1.9079650e-02  -7.6045198e-02   4.5422182e-01   3.0966286e-01   5.4618461e-01   1.0552955e-01   2.1231985e-01  -3.7566364e-01   2.1152579e-01   2.7998284e-01  -3.7522042e-01   8.6472071e-02   4.6689321e-04  -3.1571328e-01  -8.6217618e-02   9.8436750e-02  -3.5886260e-01   1.2275290e-01   2.0378064e-01   4.8337986e-01  -1.9258083e-01  -6.3201116e-02   2.7498948e-02  -1.4767004e-01  -3.0778321e-02  -1.1786307e-01  -7.0740227e-03  -1.0599928e-01   2.0569358e-01  -2.2782293e-01  -3.9170442e-01   3.0011939e-01  -1.5622251e-02   4.3809208e-02  -2.9451392e-01   2.5372583e-02  -4.7866229e-01   2.7255236e-01   5.8932396e-01   2.6159087e-01  -4.1493484e-01   1.6119605e-01   9.5151196e-02   3.4935053e-02  -1.2614353e-01  -2.9620190e-01   6.8602530e-02  -1.6313465e-01   5.4001118e-01   9.3628084e-02   3.7481024e-01  -8.2998416e-02   1.1222815e-02  -5.9098389e-02  -1.8025792e-01   4.1416620e-02   3.6108611e-01   2.9351139e-01  -6.9759188e-02  -3.0273897e-01   2.4283072e-01   2.0259610e-01  -1.1171959e-01  -1.1850855e-01  -2.8171393e-01   1.0156728e-01  -3.3744689e-01  -6.6731154e-02   1.1678119e-01   2.6403874e-01   3.0934862e-01  -6.6747133e-02  -3.3805648e-01  -2.6222744e-01  -3.4026106e-01   3.0552156e-01   1.6194742e-01  -7.0310846e-02  -4.3167296e-02  -2.0135028e-01  -2.5730184e-01   3.3618010e-01  -1.4163152e-01  -3.4325562e-02  -8.8276294e-02   1.7547538e-01   3.3310854e-02  -2.6010198e-01  -1.2901181e-01  -2.8247159e-01   5.4070357e-02   1.1281658e-01  -4.7456685e-02
  -2.6375673e-01  -3.4144132e-02  -1.5618623e-01   2.5738524e-01  -4.9675368e-02  -1.1048699e-02   2.1294837e-01  -1.7954900e-01  -2.3053201e-02   2.1088649e-01  -7.2539300e-02  -3.3654951e-02   0.0000000e+00   9.7301701e-02  -5.0275601e-02   1.5552135e-01  -1.8017297e-01  -1.7235656e-02  -6.1504730e-02  -4.5475158e-02   3.7727175e-02   1.5637267e-01   3.1970704e-01  -1.8879470e-01   3.4233377e-01   6.4497696e-02   2.6061339e-01  -2.5110032e-01   7.6691238e-02  -5.3591663e-02   1.5700384e-01   1.1478558e-01   5.8552934e-02   1.5300284e-01   1.5850168e-01   1.0609008e-01   6.4853980e-02  -1.1655233e-01   3.1527289e-01   1.8831956e-01   3.1294297e-01   3.1773343e-02  -5.3534155e-02  -3.6444849e-01   1.0555799e-01  -1.3898339e-01  -7.5417484e-02   6.3934615e-02  -1.1291986e-01   9.9784154e-02   2.5781367e-01  -1.7767256e-01   1.3091724e-01  -3.8711341e-02  -1.2708028e-01  -2.0965937e-01   7.3117877e-02   4.0033102e-01   2.8928140e-01   1.9942234e-01  -1.8671778e-01   3.3137253e-02  -1.0706737e-01  -3.5549911e-02  -1.2856264e-01  -4.9806269e-03  -1.9560639e-02  -2.4926521e-02  -9.9122090e-03   1.0319796e-01   4.3885436e-02   2.2655014e-01   2.4752423e-01  -3.9001632e-01   1.1318439e-01   1.3188837e-01  -9.5101758e-02  -2.3146813e-01  -2.8279028e-01   1.8329221e-01  -7.6136636e-03   3.7616498e-01  -1.2748355e-01  -2.6039437e-01  -9.2408156e-02   5.8314114e-02   2.4349217e-02  -1.1909785e-01   2.6922304e-02  -3.4142572e-01  -6.5954652e-02  -2.5766360e-02  -7.6293738e-02   1.6840423e-01  -1.2361516e-01   2.1336169e-02   3.2169151e-01  -8.5515906e-02   3.2800998e-02   1.7375572e-01   2.1496382e-03  -1.4221458e-01   2.5227674e-02  -2.1112304e-02   9.7286771e-02   1.5918136e-01   4.2421000e-02  -7.4579867e-02  -5.5645045e-02  -1.0360325e-01   5.6195900e-02   7.4800885e-03   1.7868526e-01  -2.0837508e-01  -1.2075141e-02  -1.7770235e-01  -1.3457436e-01   3.8283696e-01  -1.8682137e-01   1.8189455e-01  -1.6746019e-01  -8.4431976e-02   1.0236722e-01  -1.2530842e-01  -2.2718973e-01   1.0965169e-01   7.1458545e-02   1.4368356e-01   3.4769968e-01   1.2768058e-02   3.5517007e-01   9.7542180e-02  -1.4989178e-01   2.3309170e-01  -3.6131322e-02   1.7717966e-01   1.9410791e-01   1.2673299e-01   2.2060726e-01  -4.7949527e-03  -9.2683661e-02   1.6637544e-01   8.8217652e-02  -1.6939569e-01   4.6691419e-02   1.2760875e-01   1.9369966e-01  -5.2467400e-03  -1.4806941e-01  -4.8975646e-02  -7.6975597e-02   1.7563446e-02  -2.5129425e-01  -2.0983867e-01  -2.8374048e-02  -1.2037034e-01  -1.0218005e-01   2.9033845e-01  -7.9023156e-02  -8.9761388e-02   1.8250457e-01  -1.7029327e-02   2.9879570e-01   5.5188642e-02   1.1750416e-01   5.5973187e-02  -3.4507722e-01  -1.3123179e-01  -1.2255465e-01  -6.8350830e-03   7.6226057e-02  -2.4488155e-01   3.7646507e-02  -9.9150366e-02   8.4548216e-02  -1.2071027e-01   1.6397938e-01
  -2.3961272e-01   6.7378139e-02  -2.5661194e-01  -1.6665574e-01  -2.8844445e-01  -1.3026117e-01  -1.4632489e-02  -1.0463766e-02   1.2825282e-01   2.2366653e-01  -2.7512060e-01  -7.1233997e-02   9.7301701e-02   0.0000000e+00   3.0775172e-01  -1.3744882e-01  -2.6834569e-01  -1.2561607e-01  -1.5831039e-01  -2.2762641e-01   1.1594858e-01  -6.7848501e-02   9.2027059e-02   1.4910623e-01  -1.4860334e-01  -1.2624452e-01  -3.1591463e-01   4.3263867e-01  -2.1457026e-01  -1.6449956e-01   5.1654043e-01  -3.2802050e-01  -2.6110992e-01   3.1838123e-01   2.7776430e-01  -3.8920259e-01   1.1811920e-03  -2.1055689e-01  -1.2036724e-01   2.6266992e-01  -6.6411820e-02  -1.7937022e-01   1.2795804e-01   5.6215613e-02  -2.2076476e-01  -1.5416380e-01  -1.6965580e-01   9.6144991e-03   9.8815323e-02   1.8139789e-01  -2.3538545e-02  -2.2158330e-01   3.4881257e-01   3.0088947e-01   4.9528212e-01  -1.1472699e-01  -2.0430562e-01  -2.3463229e-01  -2.1522665e-01  -4.0356895e-02  -2.3559029e-01  -3.2169446e-01   4.9542297e-02  -1.7718558e-01   2.9043174e-02  -9.4701513e-02  -2.8572697e-01  -1.0058000e-01  -3.7754971e-01   1.9664369e-02   1.5659687e-01  -6.6107998e-02   1.5287343e-01  -3.6535522e-01   2.1997194e-01  -4.8468348e-02  -1.5959903e-01  -8.8542295e-02  -2.0212965e-01  -1.0059476e-01   3.8196642e-01  -4.5108525e-02  -8.2240656e-02  -4.5454930e-02   3.2386820e-02  -2.2162824e-02   4.5590778e-01   2.4080560e-01  -9.1697788e-02   1.1721206e-01  -2.0547949e-01  -2.0731316e-01  -2.0347373e-02  -5.9759634e-02  -1.5567183e-01  -4.2834722e-01  -1.3053380e-01  -4.4698038e-01  -1.7402583e-01   3.1692042e-02   4.2580045e-01  -3.6660897e-02  -1.5503126e-01   2.9384737e-01  -2.2305651e-01  -1.4112575e-01   2.0833217e-01  -2.9975341e-01   6.7010301e-02  -1.6183895e-01   9.9090355e-02  -3.0728852e-01   1.7132988e-04   7.9041876e-02   4.4659449e-01   1.6032546e-01  -6.8858807e-02  -5.1168021e-02   3.1239841e-01  -2.4931632e-01  -3.1649849e-03  -4.1298172e-01   1.3860504e-01   9.5223225e-02  -1.6637749e-01   4.6375256e-01   3.0515295e-02   2.3614646e-01  -3.5115465e-01   6.8039147e-02  -1.7301478e-01   1.7306525e-01   1.3861283e-01   3.2671160e-01   1.5285304e-01  -3.0012168e-01  -2.9305052e-02   6.1929664e-01  -3.2442479e-01   2.6176146e-02   1.9343545e-01   2.4649235e-01  -4.0594591e-01  -1.9623583e-01   2.1402525e-01   1.5993933e-01   4.1725993e-01  -1.9694774e-01  -1.2559807e-01   2.5308866e-01   5.6845328e-02   3.6706241e-01  -2.7202676e-02  -1.6846053e-01  -3.0175532e-02   4.4861512e-02  -1.3269856e-01  -3.3553807e-01  -8.6073923e-02  -1.9465297e-01   1.2501592e-02  -2.0732484e-01  -1.0697862e-01  -1.0322649e-01  -2.9979181e-01  -8.5914057e-02  -5.6692411e-02  -4.4844338e-04   8.4814351e-02  -8.3409803e-02  -6.2811785e-02  -9.6994026e-03  -8.3390786e-02  -2.0796960e-01   4.1173786e-02  -5.4864157e-02  -2.2003750e-01
