   0.0000000e+00  -3.2718505e-01   2.8715158e-01  -4.2481872e-01  -3.6340201e-02  -2.0799971e-01  -3.8666475e-01  -5.4736302e-01  -2.8926085e-01  -1.3625837e-01   1.1629684e-01  -4.5503526e-01  -9.8507220e-03   4.2340637e-01   1.1707874e-01   1.0636920e-01   2.8438536e-01  -1.1116483e-01  -1.7508002e-01  -6.4521242e-02  -5.3992794e-02  -4.2800443e-01  -3.5136000e-01   7.7193163e-01   1.1037313e-01  -5.4654463e-01  -2.5545832e-01   1.2744527e-01   3.4745994e-02  -1.9552287e-01   1.2546736e-01  -3.7554802e-01  -1.4019077e-02  -3.4988543e-02  -4.2572247e-01  -9.3988099e-02  -1.9839913e-01   6.4215314e-01   2.9115906e-01  -6.7803846e-02   3.0350916e-02   5.7993373e-02  -8.9109133e-02  -3.7101898e-01  -2.0353906e-02   4.2861960e-01  -1.5982034e-01  -3.4908679e-01  -3.8514840e-02   9.9136547e-02  -8.5743335e-02  -4.7923494e-01   1.6481531e-02  -1.6187365e-01   1.0067430e-02  -4.9966288e-01  -1.8380571e-01  -4.6429737e-01  -4.8643621e-02  -4.2811172e-01   4.7647266e-01  -6.3201059e-02  -2.4698565e-01  -8.8039653e-02   1.1270870e-01  -1.7458127e-01  -1.8232085e-01   9.7830590e-02  -3.0953511e-01   4.5649969e-01  -2.3644113e-01  -3.1426690e-01   9.5545474e-02   6.0275284e-01   5.6130305e-02  -5.5552948e-01   5.2905215e-01  -1.5344384e-01  -3.5597289e-01  -5.0648079e-02  -4.8188233e-01   2.2159758e-01  -3.1163981e-01  -3.4587299e-01   5.9875985e-01  -6.0935709e-01  -3.2159692e-01   1.8502504e-01  -1.0882693e-01   7.2060217e-01   1.2563588e-02   9.7629421e-02  -1.9117385e-01  -1.0466505e-01   7.7884851e-01   1.3951984e-01  -1.9971139e-01  -5.2619715e-02  -1.2986089e-01  -1.6260833e-01  -1.1667795e-02   8.3046367e-02  -5.5348771e-01  -4.8583849e-01  -2.5678680e-01  -4.5450516e-01   1.3506810e-01  -4.7884715e-01  -1.3102690e-01  -1.2162157e-01  -6.8964253e-02  -4.3940195e-01  -3.2606368e-01   8.0218027e-01   3.1733867e-01   1.7467584e-01  -1.1430284e-01   1.3862992e-01  -9.5541717e-02  -2.7879956e-01   4.6101312e-01   2.0253634e-01  -2.7903853e-01  -1.4716242e-01   5.8946771e-01   2.9924514e-02  -1.9750248e-01  -9.1052245e-02  -4.6475412e-01  -4.9222732e-02   1.8862025e-01  -1.4520954e-01   6.4320034e-02  -2.9329043e-02  -2.1249729e-01  -5.9040366e-01  -5.8912975e-02   2.6854849e-01  -6.1889988e-01   6.7846181e-01   7.5075944e-01  -1.4679803e-02   5.5516018e-02  -1.9936163e-01  -2.2307666e-01  -3.8586749e-01  -1.9730362e-01   1.9004128e-01  -2.0438236e-01   5.7280081e-03   7.3010816e-01  -4.7881460e-01   3.4227230e-01  -6.8595593e-02  -2.3614445e-01   4.3192275e-01   6.7459267e-01  -1.7581054e-01   2.0269915e-01  -5.9798037e-01   6.9988649e-02  -2.0014835e-02   1.0619073e-01  -2.3567535e-01  -4.6837597e-01  -1.1861381e-01  -1.5032998e-01   1.0459604e-01   4.5402944e-01  -7.8764386e-02  -2.0630545e-01   6.1805360e-01  -2.1727595e-01  -1.5682837e-01  -9.7132991e-02   2.3352479e-01  -3.2529967e-01
  -3.2718505e-01   0.0000000e+00  -1.0702530e-01  -2.0000146e-01   1.0294060e-01  -2.5514001e-01   2.6816463e-01   2.1179045e-01   1.5833918e-01   1.7942429e-01  -3.8594011e-01   5.7003188e-01   1.1228185e-01  -3.5757576e-01  -1.4387053e-01  -2.4336791e-01   4.0549981e-02  -8.0281769e-02  -5.1413121e-03  -1.1140376e-01  -4.2704408e-01  -1.5507267e-01  -2.1800227e-01  -7.9638858e-02  -2.3526041e-01   1.8270864e-01   2.3802989e-01  -2.7116148e-01   8.8418880e-02   4.9512006e-01   2.1805773e-01  -1.2878217e-01  -1.9919125e-01   4.8112398e-01   1.0370279e-01  -4.4101476e-02   1.8961984e-01  -2.3828540e-01  -9.2501012e-02   5.0511200e-01  -6.6242582e-02  -2.0084729e-01   7.5357076e-02  -6.7215404e-02   1.9437647e-01  -1.9959405e-01  -4.4335812e-01   4.9490277e-01  -9.7578205e-03   4.1961972e-02  -1.0248414e-01   2.5048227e-01   6.8755983e-01  -2.6620199e-01  -2.1150560e-01  -7.3743237e-03  -2.6591590e-01   2.0937608e-02  -3.4065578e-01   1.1956194e-01  -4.1266422e-01   1.1113264e-01   2.4817370e-01  -7.8038679e-03   3.6360314e-01  -1.8873304e-01  -1.1625667e-01  -1.0384982e-01  -9.9836877e-02  -1.8076251e-01   7.5907671e-01  -2.3081923e-01   1.1212625e-01  -3.7737524e-01   4.6008962e-02   3.5611767e-01  -3.7173028e-01   1.6153703e-01   2.8510074e-01  -1.9554579e-01   1.7834574e-01  -5.6202975e-02   1.7789494e-01   1.7198380e-01  -5.0843775e-01   1.8108141e-01   3.0341413e-01  -3.6498759e-01   2.7114550e-01  -1.1732810e-01  -1.8824297e-01  -2.6747216e-01   4.9827057e-01   1.4437768e-01  -2.7654476e-01  -2.4240444e-01  -9.0715569e-02  -2.7470700e-02  -1.3240852e-01   1.0738597e-01   1.8477501e-02  -3.3500269e-01  -8.2064077e-02   4.1349027e-01  -1.9324252e-01   5.3924462e-02  -2.0794539e-01   1.0273617e-02  -7.7066462e-02   2.8456320e-01   2.4541661e-01  -1.3794200e-01  -2.0087979e-01  -1.4661756e-01  -2.8265266e-01   2.5034607e-01   1.2769536e-01   1.2690204e-01   7.3530722e-02  -2.5375879e-01  -3.5920348e-01  -1.5013117e-01   1.5457412e-01   2.6452818e-01  -1.6549703e-01  -1.4031764e-01  -1.3398309e-03   1.9415864e-02  -1.3599551e-01   3.5002283e-01   9.9647408e-02   8.1899655e-02   2.9519984e-03   3.4137768e-01  -1.4487667e-01   1.8472422e-01  -2.6005769e-01  -2.3506751e-01   2.3593919e-01  -9.8105516e-02  -2.8660427e-01   7.2603935e-02  -2.5734790e-01   1.0006568e-01   2.1052910e-01   6.5313862e-02   3.0543750e-01  -3.3659371e-01  -7.6716052e-03   2.5795745e-01  -5.6927309e-01   1.9303175e-01  -4.8925252e-01   2.0233224e-01   6.2039717e-01   1.0195562e-01  -3.3795315e-01  -9.0488867e-02  -3.2618272e-01   1.7988937e-01  -2.8589304e-02  -3.2210687e-01   2.7259759e-01  -2.2794722e-01  -4.6195478e-02   4.6127510e-01   3.9133140e-02  -2.5343850e-01  -4.7165134e-01   4.3615641e-01   4.4452758e-01  -1.8767982e-01  -1.6319430e-01  -4.1166371e-01  -5.0922630e-02  -2.8027571e-01  -9.2270114e-02
   2.8715158e-01  -1.0702530e-01   0.0000000e+00  -7.5813047e-02   2.0480388e-01   2.8701620e-01  -9.9318996e-03   8.8099730e-02  -3.4682762e-02   1.4129445e-02  -1.1649947e-01   1.7572023e-01  -2.2217112e-01   4.3675633e-01  -9.0366824e-02  -2.0635682e-01   4.8662532e-01  -1.4298171e-01   1.6907834e-01   1.3776130e-01   1.9476576e-02  -1.7517666e-01  -2.2257449e-01   3.0427788e-01   1.3459456e-01   4.5082903e-02   6.1491714e-02   4.5792134e-02   2.0386001e-02  -1.3800013e-01  -1.3846369e-01   3.4867129e-02   1.0670632e-01  -9.1109303e-03   1.3049407e-01  -1.4305691e-01  -1.6159635e-01   3.5291426e-02  -6.3259650e-02   4.3491749e-02  -4.6053726e-02   1.8982158e-01   7.3138060e-02  -6.4739546e-02   3.7438216e-02   4.2620514e-01  -1.2854650e-01  -4.1701701e-01   8.0728790e-02   2.6535224e-01   1.2484626e-02   8.5920021e-02  -2.5069698e-01   2.2514304e-01   2.2914702e-01  -8.5845638e-03   1.3380034e-01   1.3554688e-02  -1.5524848e-01  -1.3063332e-02   5.8340151e-01   1.7423101e-01  -2.9651387e-02  -9.1944657e-02  -1.9298717e-01  -2.2249974e-01   2.0725996e-01   1.2907123e-01  -8.9666252e-02   5.5375282e-01  -2.0448148e-01  -9.3155065e-02  -2.3864738e-01   5.7497212e-01   6.8045558e-02  -1.6991193e-01   5.5756498e-01  -5.7438272e-02  -1.6593329e-01  -2.0415621e-01   3.6875785e-02  -1.6058381e-01  -1.9383430e-01   2.6230169e-02   3.8102080e-01  -4.9510880e-02   5.0669265e-02   4.2684343e-01  -2.0627323e-01   8.1445688e-02  -1.0160984e-01   7.5637523e-01   4.9567282e-03   1.4298616e-02   1.7966953e-01   3.4653593e-01  -1.4802830e-01   2.0251092e-01   4.5950541e-02  -3.6618824e-02   8.1755685e-02   2.7000403e-01  -1.3223956e-01  -1.4377126e-01   5.2774454e-03   9.0258713e-02   4.1115804e-01   1.8610424e-02  -2.2508004e-02   5.0044929e-02   1.1524471e-01  -1.5052462e-02   1.2724206e-02   1.2836036e-01   3.7958421e-01   5.6536453e-02   2.8540415e-02  -1.6337866e-01   1.7100283e-01   3.3925230e-02   3.2289800e-01   2.7631358e-01   2.5769210e-02  -1.8357979e-01   3.1961433e-01   2.9722474e-01  -2.5746415e-02   8.2447818e-03   5.1069515e-02   1.9137173e-01  -4.0604597e-02  -2.6041949e-01   3.8759216e-01  -2.6971412e-01   2.0566886e-01   2.7759316e-02  -1.7793112e-01   6.9615805e-02   4.6546499e-02  -5.6444507e-02   2.1141199e-01  -8.9408693e-02  -1.5818179e-02   3.3659969e-01  -2.5102556e-01  -3.6962720e-01   1.7664115e-01  -8.2774995e-02  -3.1584923e-02  -3.2446056e-01   4.7765466e-01  -1.0990194e-01   5.6034327e-01   1.7998040e-02   7.8938212e-02  -1.3138896e-01   3.0263652e-01  -2.6153913e-01   6.7916561e-01   1.1245361e-02   8.3215655e-02  -4.6337189e-03   1.9634838e-02   3.3557349e-04  -6.4200105e-02  -2.6512369e-01  -6.7482167e-02   3.0891176e-01   4.2218979e-01  -2.0189368e-01  -1.4237331e-01   1.3798689e-01  -2.0744717e-01   3.2781138e-01  -2.4125553e-01  -2.4816637e-02   1.1059481e-01
  -4.2481872e-01  -2.0000146e-01  -7.5813047e-02   0.0000000e+00  -1.5244032e-02   3.4205058e-01   7.7037289e-02   3.3776652e-01   1.4928668e-01  -1.4148666e-01   2.0745683e-01   7.8144728e-02  -6.0684097e-03   1.0794501e-01  -1.6306514e-01   1.0354551e-01  -2.8224392e-01   8.0472382e-02   2.0899699e-02   1.4008871e-01   2.8453347e-01   5.0838558e-01   2.9623487e-01  -4.6613944e-01   1.8839632e-02   3.1101098e-01   1.7188889e-01   1.8996915e-01   2.9112035e-02  -4.7590001e-02  -4.1899578e-01   4.3028509e-01   2.3335082e-01  -4.2754473e-01   3.4434657e-01   9.6541343e-02  -9.8104080e-02  -3.5560681e-01  -2.2797879e-01  -2.4681610e-01   6.4662024e-02   1.7227071e-01   5.1308824e-03   2.8374339e-01  -2.0531094e-01  -1.7667041e-01   4.8608556e-01  -1.0398242e-01   8.1494100e-03  -1.5957752e-01   2.8192023e-01   2.6582384e-01  -4.2830560e-01   1.0363663e-01  -4.9634499e-02   5.7074184e-01   2.3272017e-01   5.3697606e-01   3.3203900e-01   3.4986455e-01  -2.5627181e-01   5.4386871e-02   2.3553740e-01   3.8185203e-02  -4.0113551e-01   3.2644027e-01   3.2455327e-01  -7.2632320e-02   5.2501536e-01  -2.5187959e-01  -3.0796399e-01   6.1547614e-01  -2.0080968e-01  -1.1712834e-01   1.9739518e-02   2.1383089e-01  -2.4165726e-01   2.7480888e-02  -1.3636476e-02   2.5163393e-01   2.6386537e-01  -2.4563601e-01   1.7549104e-01   1.5193170e-01  -8.0269495e-02   4.7493794e-01   6.9067863e-02   9.5220204e-02  -1.9235261e-02  -4.2989379e-01  -6.9724078e-02   2.5241423e-02  -1.1393730e-01   5.0872487e-02  -4.6838857e-01  -5.5158177e-02   4.9686738e-01   1.1204597e-01   3.1463664e-01  -8.9381559e-02  -2.1711006e-01   1.4426365e-01   4.5022648e-01   1.2757109e-01   4.5363054e-01   4.6218546e-01   4.4844233e-02   5.1369715e-01  -3.8654208e-02   3.0795408e-02  -1.0481593e-01   4.7573942e-01   5.5231999e-01  -4.3693613e-01  -1.3999718e-01  -3.2086142e-01  -1.2579264e-01  -1.6391007e-01  -2.3744301e-01   7.0518814e-01  -5.0202785e-02  -5.7944556e-03   3.1660571e-01  -1.7575864e-01  -3.4807883e-01   2.3224215e-01  -1.6610889e-01   1.1635480e-01   6.0500058e-01  -3.8474921e-01  -2.7092715e-01   1.7865216e-01   1.3934912e-01  -3.7954848e-01   3.7369184e-01   3.2183757e-01   2.7186659e-01  -8.9049388e-02   2.9668124e-01  -4.7431439e-01  -3.4703451e-01   2.9321488e-02   1.1164508e-01  -4.8711266e-02  -5.9957600e-02   2.0044371e-01  -2.4398564e-01   1.0247879e-01   4.1293509e-01  -1.8112904e-01  -1.3491603e-01   1.0076182e-01   8.2233106e-02   3.2696501e-02  -2.3667381e-01  -4.2477537e-01  -3.7627166e-01   2.0137278e-01  -3.2343560e-02   3.9194621e-01  -1.5152430e-02   2.5067650e-01  -1.7836006e-02   4.7206248e-01   5.2878039e-01  -1.3495832e-01   7.8015185e-02   4.1055869e-02  -7.6182997e-02  -3.1593871e-01  -2.4381593e-02  -4.9497582e-01   3.2670504e-01   2.1802568e-01   1.1511367e-01  -2.1922452e-01   4.1420361e-01
  -3.6340201e-02   1.0294060e-01   2.0480388e-01  -1.5244032e-02   0.0000000e+00   2.3932693e-01  -7.8727868e-02   1.5613551e-01   1.1444825e-01   2.3458524e-01   3.4029317e-02   2.5345554e-01   9.6210756e-02   1.4243109e-02  -3.6947927e-01  -8.4997624e-02   1.6463138e-01  -1.4073199e-01  -2.4516288e-01   5.6498317e-01   1.9000001e-01  -8.9074491e-02  -4.2490856e-02  -8.3894027e-02  -6.3510903e-02  -4.6390903e-02   2.5786881e-01  -1.3654502e-01   1.8204100e-01   3.1833778e-02  -2.5654876e-01   6.3564937e-02   6.5996953e-04   3.0021929e-02   1.0613728e-01   2.4011282e-01   4.1971668e-01  -1.7930920e-01   3.4920113e-02   2.7182855e-01   1.4079703e-01   4.9080577e-02   1.0631588e-02  -1.7299251e-01   2.7779153e-01  -9.6596038e-03   4.7177754e-02  -1.6286584e-01   2.7160830e-01   4.7026993e-02  -2.0902268e-02   6.6798758e-02   4.8603168e-02   1.1700839e-02  -6.6800898e-03   4.8793864e-02   5.0005646e-02   5.5235135e-02  -9.1085127e-02   3.2243183e-02   1.5820586e-01   3.4456790e-01  -3.5439811e-02  -1.0197443e-02   1.0467638e-01   1.4271155e-01   2.7150959e-01   1.3929358e-01  -2.8926897e-02   2.0634897e-01   8.0725171e-02   1.3638214e-01   1.1511466e-01   2.5414020e-01  -1.5672670e-01  -1.0761658e-01   1.0749772e-01  -1.6604840e-01   2.3359449e-01   7.8550389e-02  -1.7175072e-01  -1.3990260e-01   1.8019050e-01   3.0459259e-02  -4.6085957e-02   2.6061014e-02   2.0434211e-01   3.6612858e-02  -2.9946371e-01  -1.4487941e-01   9.8980698e-02   2.4617436e-01   2.7435746e-01   9.0909710e-02  -1.3582331e-01   4.1148148e-01   1.2753670e-01  -9.5248813e-02   2.6178356e-01   2.5634691e-01  -2.0729932e-01   1.1288830e-01  -9.6590564e-02  -4.3670963e-02   4.1314182e-02   5.8174152e-02   2.9632969e-01   6.5756703e-02   3.2239380e-01   2.2003599e-01   2.0837875e-01   2.6013270e-02   1.4056154e-02  -1.3459330e-01  -1.1202527e-01   2.0826666e-01  -1.2509145e-01   1.7726089e-01   7.7575019e-02   1.0429907e-01  -6.4342867e-02   1.9801079e-01   1.9211141e-01  -1.7673037e-01  -1.0162858e-01   5.6919784e-02   8.2410447e-03   2.5589465e-01   3.1462000e-03   2.1052028e-01   1.0765610e-01   8.0053083e-02   5.8013787e-02  -2.0445658e-01   7.0668567e-03   5.8375858e-03  -2.9999137e-02  -3.4673017e-01  -7.5871529e-02  -1.8126406e-01   4.0897118e-02   1.2711506e-01  -1.0753211e-01   1.7808957e-01  -1.6572643e-01  -1.2365814e-01  -8.0809986e-02   2.2638998e-01   2.4367469e-01   3.1203450e-02   3.8955521e-02  -6.1880216e-02   1.9122981e-01   6.7585247e-02   2.8871748e-01  -1.8503858e-01  -5.2059300e-02   1.9418436e-02   1.8952145e-01  -2.6852267e-02   1.3553543e-01  -1.1862946e-01   2.4163598e-01   8.0398098e-03  -8.2745394e-02   8.4371548e-02   2.4311335e-01   6.5693407e-02   2.1045075e-01   1.7106147e-01   1.9121494e-01  -6.3355048e-02   1.9724273e-02   2.3975724e-02  -1.4143613e-02  -9.2371165e-02  -1.3219628e-01
  -2.0799971e-01  -2.5514001e-01   2.8701620e-01   3.4205058e-01   2.3932693e-01   0.0000000e+00   2.5906003e-01   2.8735438e-01   1.0081485e-01  -1.9153254e-02   1.7115723e-02   2.4050539e-01  -1.4395140e-01   3.1302015e-01  -1.3966574e-01  -3.6562155e-02  -6.6042768e-02  -1.0486529e-01   1.2553928e-01   3.0784949e-01   3.9245236e-01   2.5949685e-01   3.0495038e-01  -3.2965484e-01   4.2157525e-02   1.9850628e-01   2.5452879e-01   1.1774600e-01   2.1418703e-01  -2.0108650e-01  -6.5524295e-01   2.5657841e-01   1.8642223e-01  -1.2829320e-01   3.9551426e-01   2.7182173e-01   8.1769890e-02  -3.6118717e-01  -6.8271833e-02   7.4316678e-03  -2.2669900e-02   1.7804427e-02   1.5442872e-01   2.2743718e-01   2.3087270e-04  -2.1144515e-02   3.4202062e-01  -3.1927663e-01   6.1340439e-02  -2.9684576e-02   1.5049483e-01   2.5253611e-01  -5.0511236e-01   1.1579613e-01   8.4679111e-02   3.1827621e-01   6.1718453e-01   3.6504033e-01   1.4288686e-01   2.6667919e-01   1.0563331e-01   7.5691874e-02   2.4831333e-01  -1.8507458e-01  -4.0526853e-01   3.1141646e-01   5.5130323e-01   4.3603182e-02   2.7036477e-01   1.0870665e-01  -4.2181049e-01   3.2881519e-01  -1.5389149e-01   3.4427293e-01  -6.2127683e-02  -7.0794885e-03   5.9563783e-02   9.5921720e-02   2.3785927e-01  -9.4601365e-02   1.8497995e-01  -1.6246512e-01   1.1042969e-02   1.1919719e-01   1.1899651e-01   2.3112443e-01   1.6375718e-01   3.0660962e-01  -1.8439077e-01  -4.2671381e-01   4.5110669e-02   4.1478348e-01   8.2247875e-02   3.3378871e-02  -3.6769127e-01   2.2324538e-01   7.5826034e-02   1.7427198e-01   1.2903234e-01   1.1143463e-01  -2.2645556e-01   2.7899105e-01   3.5245515e-01   3.6280365e-02   2.7627841e-01   2.0511933e-01   2.5494464e-01   4.1409546e-01   1.2425282e-01   1.0011294e-01   8.2111533e-02   4.4202552e-01   3.0683747e-01  -3.2773748e-01   2.8073300e-02   1.4592811e-01  -8.8793595e-03  -1.9500388e-01  -4.8474454e-02   2.7079277e-01   1.4480993e-01   8.3131488e-02   2.6741127e-01  -2.2707985e-01  -2.3439147e-01   3.2809533e-01  -5.1797816e-02   7.4861863e-02   3.4765394e-01  -1.4970861e-01  -1.7307302e-01   7.7446019e-02   3.1479420e-01  -5.8295935e-01   1.7646994e-01   2.1136791e-01  -1.7743301e-01  -7.5663673e-02   2.3989735e-01  -4.3722969e-01  -5.1953164e-02  -9.5280954e-02   1.0005571e-01   4.2244224e-01  -2.2331208e-01  -8.1803303e-02   2.8931507e-02   9.2792813e-02   5.3349270e-01  -2.5436943e-01   1.6344214e-01   1.0694264e-01   3.7167414e-01  -2.5193362e-01   1.8397603e-02  -4.5011501e-01  -8.5819586e-02   4.5046645e-02   2.7361739e-01   3.6389745e-01  -2.6669816e-02   1.6336066e-01  -1.1678192e-01   1.9150642e-01   3.7069327e-01  -8.3540793e-02  -2.7773032e-02   2.4134621e-01   2.8404027e-01  -1.9499675e-01  -6.4472436e-03  -2.9328923e-01   1.7327463e-02   5.3448491e-01   7.0843796e-02   5.5487114e-02   2.7395080e-01
  -3.8666475e-01   2.6816463e-01  -9.9318996e-03   7.7037289e-02  -7.8727868e-02   2.5906003e-01   0.0000000e+00   1.7592024e-01  -5.2416752e-02   6.3392254e-02  -4.7310298e-01   5.1680931e-01  -2.5213854e-01  -2.2659864e-01   1.5766410e-01   3.5954689e-02   5.6379962e-02   2.1242637e-02   1.4935887e-02  -2.3834094e-01   1.5234455e-02   8.1476402e-02   3.7366382e-01  -3.6268748e-01   1.5108346e-02   1.0111575e-01   4.2835573e-01  -1.2474359e-01   2.2601405e-01   1.1402940e-01   1.3400135e-02  -1.6415436e-01   1.2903046e-01   4.6444860e-01   1.5018143e-01   3.8871585e-02   7.4638172e-03  -2.2318761e-01  -4.5022857e-03   2.5428284e-01  -2.8518054e-01   3.9050501e-02  -1.0437150e-01  -2.7248076e-03  -1.2474549e-02  -1.4071111e-01  -2.2536608e-01   4.6661136e-01  -2.7961190e-02   4.6188008e-02   1.4038946e-01   1.6133397e-01   1.1172785e-01   1.9460506e-01  -8.0005648e-02   1.8951884e-01  -4.7583150e-02   2.8716110e-02  -9.5013743e-02  -2.0974149e-02  -2.7395283e-01   1.4667320e-01  -1.2815768e-01   9.1642023e-03  -1.5790042e-01  -9.2370817e-02   2.7362591e-01   2.5677319e-02  -5.5303799e-02  -1.4857335e-01   3.0654170e-01  -2.0650061e-01  -8.1830198e-02  -2.9055469e-01   3.6859936e-02   1.1729716e-01  -2.2620813e-01   5.1478455e-02   4.2360859e-01  -1.8987624e-01   4.8206340e-01   1.9887688e-02   3.4854826e-01  -3.5586423e-02  -2.2456726e-01   1.3999424e-01   1.0045252e-01  -1.5090564e-01  -2.5955193e-02  -2.2287228e-01  -5.3971623e-02  -7.3425582e-02   4.2782626e-01  -1.4333901e-01  -3.1009325e-01  -3.0012825e-01   7.5106047e-03  -5.6993833e-02   9.0191708e-02   1.5881696e-01   2.4398772e-01  -2.5565877e-01   2.8996691e-01   1.5952408e-01  -1.4629480e-01  -4.5287158e-02  -2.9806915e-02   9.1022657e-02   4.0197939e-02   3.4625552e-01   5.0349404e-01   5.8505592e-02  -8.1197979e-02  -3.0263661e-01  -3.1830375e-02   7.3940524e-02  -8.2728712e-02  -2.2770754e-01   2.1340410e-01   3.8698432e-02  -1.8284698e-01  -3.3828082e-02   1.1425244e-01   2.0755613e-01  -2.1257426e-01  -1.1978582e-01   1.6598241e-01   7.5210492e-03  -1.7709585e-02   2.8504834e-01  -1.3939606e-01   3.8970925e-01  -1.2936540e-02   2.0244147e-01  -8.4266944e-02   1.0927615e-01  -1.2063971e-01   1.1524132e-02   1.7439042e-01  -2.3365414e-01  -4.7721340e-01  -2.2132789e-01  -2.6847817e-01   3.7275997e-01   4.7976534e-01   1.1922651e-01   5.2859880e-01  -2.9400504e-01   1.3516374e-01   1.3407522e-02  -2.7986515e-01   6.8242442e-02  -2.3026430e-01  -6.0267990e-02   2.5409288e-01  -5.7767265e-02  -2.4795502e-01   2.1597200e-02  -1.6738026e-01   2.8905852e-01   3.9052285e-02  -3.7493328e-01  -1.8191106e-01  -1.8900370e-01   6.8070250e-02   2.2554128e-01   3.3142420e-02  -6.2903438e-02  -2.0015570e-01   9.1800506e-02   2.9343143e-01  -1.7959031e-01  -2.2430761e-01   1.4915910e-01   1.7846338e-02  -2.5030316e-01   7.9810290e-02
  -5.4736302e-01   2.1179045e-01   8.8099730e-02   3.3776652e-01   1.5613551e-01   2.8735438e-01   1.7592024e-01   0.0000000e+00   2.9119246e-01   2.3545810e-01  -2.0480058e-01   4.2356331e-01  -2.0243079e-01   3.3739960e-02  -2.0779265e-01  -3.6565215e-01  -1.4638658e-01  -9.0299927e-02   1.9500923e-01   2.3588544e-01  -1.0071245e-01   2.5417893e-01  -1.2874877e-01  -4.7741984e-01  -1.0398766e-01   7.1956285e-01   5.7543841e-02   1.6715641e-01  -1.0205316e-01   2.5911045e-02  -3.8192047e-01   4.3013499e-01  -4.6354232e-02  -7.2428602e-02   5.2543111e-01  -1.6866878e-02   1.7258750e-01  -6.2209023e-01  -6.0260152e-01  -1.3967886e-01  -2.3943309e-01  -1.9479729e-01   3.4690124e-01   4.9983483e-01   6.7290388e-02  -1.5266432e-01   1.0541558e-01  -8.2714907e-02  -7.6809042e-02  -1.7265876e-01   6.8125726e-02   8.8106063e-01  -2.2714353e-01   2.3682089e-02   1.3633027e-01   4.8953071e-01   2.7649350e-01   5.6831590e-01  -1.1048818e-01   5.8995167e-01  -1.6629013e-01   6.6111679e-02   4.0466828e-01  -1.4199053e-02  -9.0335514e-02   1.7480446e-01   1.4660780e-01   2.7817602e-02   2.9468426e-01  -7.1160005e-02  -3.9535567e-02   2.4748197e-01  -2.9012713e-01  -1.6823107e-01  -1.0979891e-01   6.5149297e-01  -1.8323837e-01   2.4954906e-01   5.0293754e-02  -6.7379149e-02   5.7552930e-01  -3.3343050e-01  -1.1412732e-01   7.8096421e-01  -4.0461749e-01   6.4998841e-01   3.9879414e-01   2.5782604e-01   1.8569136e-01  -6.3922757e-01  -1.3060166e-01   2.0795523e-01   1.4432170e-02   3.0293825e-01  -6.4269888e-01   2.1946467e-01   7.1455706e-02   1.6028075e-01   1.8326964e-01  -4.1993135e-03  -1.1560673e-01   2.5701822e-01   4.1221626e-01   4.8093331e-01   2.4818892e-01   5.7211624e-01  -8.8893113e-02   4.8264935e-01   3.1786835e-02   5.8594377e-02   1.7604197e-03   4.8526482e-01   2.9349709e-01  -6.1580310e-01   2.6342332e-02  -1.0663473e-01   2.6002747e-01  -1.5035684e-01   1.0653609e-01   1.6930506e-01  -5.3759280e-02  -4.6051338e-02   4.7741183e-01  -1.4834391e-01  -4.0763506e-01   3.6459315e-01  -3.3058370e-02   2.0985721e-01   6.3373480e-01  -1.7928999e-01  -2.1263772e-01  -2.6377910e-01   2.5753470e-01  -3.4700090e-01   4.4656396e-01   8.0763250e-01  -1.0641712e-01  -2.3166136e-01   7.9209613e-01  -7.0578305e-01  -2.3061229e-01  -1.9396782e-01   6.7361290e-02   1.4050360e-01  -1.9370666e-01   6.4723451e-02  -3.0643340e-02  -2.1435439e-01   2.0096725e-01  -4.1075176e-02  -2.7835775e-01   7.3566497e-01   5.2989198e-02   7.0464203e-02   1.9517881e-01  -5.4139545e-01  -3.5503328e-01  -2.1250303e-01   1.7827608e-01   7.9494592e-01   2.4990290e-03   4.2710952e-02   1.4312164e-01   1.7407159e-01   4.1145663e-01  -8.4315904e-02  -3.8884131e-02   1.1461181e-01   2.6592841e-02  -1.0880441e-01   1.3868720e-01  -5.7786128e-01   1.2838545e-01   1.0005385e-01  -4.4800560e-02  -3.6796979e-01   3.2115867e-01
  -2.8926085e-01   1.5833918e-01  -3.4682762e-02   1.4928668e-01   1.1444825e-01   1.0081485e-01  -5.2416752e-02   2.9119246e-01   0.0000000e+00  -7.1301789e-02   1.9211508e-01   2.8630496e-01  -7.3641089e-02   7.8025331e-02   2.6510167e-02  -2.3483072e-01  -2.2700108e-01   1.2036172e-01   1.8016833e-01   3.0914154e-01   2.1926991e-01   4.3430951e-01   1.4086235e-02  -1.8964121e-01   7.2716133e-03   1.0451108e-01  -8.1757684e-02   8.7360609e-02  -2.1495076e-01   2.6572864e-01  -7.5550193e-02   2.6753439e-01  -1.2591748e-01  -8.8088856e-02   6.1263825e-01   2.8073035e-01   8.2220944e-02  -4.2727737e-01  -2.5686585e-01  -1.4465439e-01   1.5953234e-01  -2.0056845e-01   3.2772828e-01   1.4907906e-01   3.1632654e-01  -1.1653050e-01   3.2693092e-01  -9.4994609e-05  -1.0924281e-01  -2.2266540e-01   1.0737022e-01   2.3156433e-01  -8.1265094e-02  -1.7903234e-01   1.3846645e-01   6.6316012e-02   2.0665779e-01   4.9993643e-01   1.8089555e-01   5.9984050e-01  -1.5178912e-01  -1.0815763e-01   3.8377150e-01   1.1418512e-01   2.1368045e-01   1.8581410e-01   1.2800375e-01   3.9608840e-01   2.2178447e-01  -2.0090791e-01  -5.7727193e-02   3.7800861e-01   7.5673685e-02  -1.5624995e-01  -3.1858124e-02   5.2947986e-01  -1.7284307e-01   1.4122294e-01   1.2465754e-03   1.5242502e-01   1.2822508e-01  -3.3904823e-01  -2.0140913e-01   3.0938382e-01  -2.7930713e-01   4.4401283e-01   4.6939493e-01  -7.8722159e-02  -1.0005851e-01  -3.9954760e-01  -6.4917747e-02  -1.0188446e-02  -2.1646935e-01   4.3987642e-01  -4.1234585e-01  -1.7335318e-02   1.5565543e-01   1.1971329e-01   2.0694668e-01   2.9335902e-01  -2.5253373e-01   2.0617032e-01   3.2263179e-01   5.9271702e-01   5.4908879e-01   1.8650413e-01  -3.5335590e-01   3.4090436e-01   8.9243431e-02  -9.4961787e-02  -1.6108530e-01   5.1199678e-01   4.9123589e-01  -3.3462365e-01  -2.6640377e-01   5.1208287e-02   9.1261556e-02  -2.0363585e-02  -1.5264331e-01   3.0241186e-01  -1.1798135e-01  -4.2620940e-02  -3.9560557e-02   2.3631339e-01  -2.5041979e-01   1.6116287e-01   2.2845313e-01  -1.5312204e-01   4.3598271e-01  -2.5579007e-01  -1.1343376e-02   1.5713234e-01   2.6995951e-01  -1.9719136e-01   4.3203700e-01   4.8750143e-01   4.9257982e-02  -1.2918130e-01   3.8751616e-01  -3.7908242e-01  -4.8948218e-02   8.2461250e-03   1.7995907e-01  -1.4737295e-02  -1.3400201e-01   3.0745414e-01  -1.3736764e-02  -6.9740957e-02   6.4676558e-02  -3.8490343e-02  -1.8572283e-01   2.3664541e-01  -2.9123361e-03  -4.3375838e-02   2.5300945e-02  -2.7908186e-01  -2.7250835e-01   1.7013319e-01   1.7086873e-02   2.0854890e-01   2.7352794e-01   2.7178563e-01   7.2071360e-02   5.6446515e-01   2.2572774e-01  -1.1474698e-01   2.0980999e-01  -7.7348546e-02  -8.3980318e-02  -1.8833258e-01   9.4177480e-02  -3.9420705e-01   5.1084381e-01   3.8221174e-02  -1.0105158e-01  -2.7326921e-01   4.0551687e-01
  -1.3625837e-01   1.7942429e-01   1.4129445e-02  -1.4148666e-01   2.3458524e-01  -1.9153254e-02   6.3392254e-02   2.3545810e-01  -7.1301789e-02   0.0000000e+00  -1.7311554e-01   6.0546386e-02   1.1371149e-01  -1.5891640e-01  -7.6495404e-02  -1.8659796e-01   7.8156397e-02   1.9673852e-02  -1.4894949e-01   3.3486859e-01  -1.0252246e-01  -2.8406269e-01  -1.6751541e-01  -1.6346819e-01  -1.8991160e-01   1.3256391e-01   1.3987403e-03  -1.8003552e-01  -6.6561499e-02  -4.7983207e-02   5.5108846e-02  -7.3731236e-02   9.8689424e-02   3.4051029e-01  -1.0131571e-01  -2.7595591e-01   6.1488343e-01  -1.4386071e-01  -3.3391333e-01   1.3839279e-01   1.4043134e-01  -1.7832621e-01  -1.1260952e-01   8.3372971e-02   1.0065400e-01  -5.4698042e-02  -3.0568927e-01   1.7002070e-01   2.9777667e-01   7.8288997e-02   4.7225282e-02   2.2102615e-01   2.0866507e-01  -1.3439230e-01   1.1586279e-01   7.5037388e-02  -1.3613574e-01  -3.8044858e-02  -2.1993330e-01  -1.2731474e-01  -2.7352813e-02   2.2541529e-01   8.0845008e-02  -9.7658495e-02   1.3097720e-01   5.9693745e-02  -1.4621012e-01  -1.6866924e-01  -1.9950951e-01   2.2434009e-02   1.7964489e-01  -6.6997465e-02  -3.1437759e-02  -2.3653564e-01  -1.4828914e-01   2.0214851e-01  -1.1992297e-01   1.7182938e-01   1.3832825e-01  -1.8905304e-01   4.2296755e-02  -1.0155301e-01  -4.5117695e-02   1.4769985e-01  -2.8761172e-01   1.4594863e-01   1.0099410e-01  -8.2660867e-02   3.6267363e-02  -1.7255446e-01   5.3909709e-02   1.0270290e-01   3.3198215e-01   9.6726047e-02  -1.6841803e-01   3.4231172e-01  -1.4482897e-01  -1.5950967e-01  -9.4000260e-02   3.3740123e-01   1.4040966e-01  -9.8591542e-02   1.4720243e-02  -6.3272781e-02  -2.1443541e-01   1.1307989e-01  -1.4918134e-02  -2.1472156e-01   5.8835175e-01   1.8951924e-01   3.2727615e-01  -2.2205006e-01  -2.8240388e-01  -1.7931696e-01   1.3416132e-01  -7.4046254e-02   1.9253980e-01   1.7227416e-01   3.5467716e-01  -1.3080841e-01  -2.2783548e-01  -3.0910494e-02  -3.6877498e-02  -1.5075375e-01  -1.8043943e-01   4.8308395e-02  -8.0413380e-02   1.4037242e-01  -6.5308167e-02   3.0186127e-01   6.3243487e-02  -2.3876807e-01  -8.9472919e-02   1.6546285e-01  -1.4732071e-01   9.8811876e-02  -2.3267484e-01  -1.6053343e-01   1.3963532e-01  -1.9459071e-01  -1.8315802e-01   1.7939674e-02  -1.1286281e-01   1.8162065e-01   1.0111941e-01   5.9988653e-02   1.3966890e-01  -1.7973963e-02   3.0178528e-02   2.4344041e-01  -1.8868400e-01   2.2351954e-01  -1.9374817e-01   1.0847577e-01   1.1340990e-01  -1.1945666e-01  -1.7048390e-01  -2.2367805e-01   1.4692885e-01   1.6775397e-01  -1.4282583e-01  -3.0875399e-01   4.0494875e-01  -3.4786744e-01   5.4352769e-02   2.0061536e-01   6.1965503e-02   5.2094939e-02   2.9133036e-02   2.9451334e-01   1.0307461e-02  -1.8729976e-01  -1.3002885e-01  -6.0123822e-02  -8.8437948e-02  -1.3517331e-01  -2.2693287e-01
   1.1629684e-01  -3.8594011e-01  -1.1649947e-01   2.0745683e-01   3.4029317e-02   1.7115723e-02  -4.7310298e-01  -2.0480058e-01   1.9211508e-01  -1.7311554e-01   0.0000000e+00  -3.0195930e-01   2.2704231e-01   2.0347689e-01   1.8028034e-01   1.9697740e-01  -3.9677193e-01   3.7660780e-01  -6.2960387e-02   3.0066980e-01   4.7162646e-01   3.8316794e-01   1.8276822e-01  -1.2003695e-01   1.5124317e-01  -1.5893633e-01  -2.7970266e-02   3.4412768e-01  -3.8384367e-02   2.5068252e-01  -4.8371429e-02   2.4124841e-01  -1.0206484e-01  -5.4960246e-01   5.2227342e-02   3.5731192e-01  -5.4680466e-03  -7.4801293e-02   1.2926711e-01  -5.4101022e-01   3.3942009e-01   3.9575620e-02   2.2285964e-01  -9.1716490e-02   2.3385966e-01   1.1676619e-01   6.7970755e-01  -3.1405685e-01   1.2497435e-01  -3.8326776e-01   3.6848835e-01  -2.7000256e-01  -3.3449991e-01  -2.1008468e-01   2.9288090e-02  -2.5403206e-02   1.3416931e-01   1.9252952e-01   4.3917049e-01   2.8804497e-01   2.4667067e-01  -4.8917726e-02   5.2148533e-02   1.0049943e-01   8.3287519e-02   4.6235856e-01  -3.8462973e-02   1.9614506e-01   4.3265085e-01   6.9288593e-02  -4.8903167e-01   5.9706308e-01   1.5603026e-02   1.6258101e-01   5.8406188e-03  -1.3999487e-01   2.2654475e-01  -1.9112429e-01  -3.1879720e-01   4.2098324e-01  -1.8869493e-01  -7.6327201e-02  -2.1662491e-01  -1.4004224e-01   1.5511874e-01  -3.3898961e-02  -1.7983920e-01   2.0443576e-01  -1.1248666e-01  -2.1183843e-01  -1.2249478e-01   1.3301732e-01  -6.4789816e-01   1.9202188e-01   3.9084596e-02   3.0889045e-02   3.5435939e-01  -1.8792554e-01   3.5283286e-01   2.6485768e-01  -3.1063904e-01   5.2055449e-01  -3.2462903e-02   5.3305600e-02   5.0451778e-01  -3.5386539e-02  -5.5968860e-02   1.2831202e-01   8.7595217e-02  -5.1488084e-01  -5.2393888e-01   3.3612046e-01   3.8943078e-01  -1.4401337e-01   3.9521033e-02  -1.4471795e-01  -1.5013844e-01   1.3980141e-01  -2.8816839e-01   1.9694907e-01   1.2167482e-01  -6.2885785e-02  -8.2785068e-02   1.1928794e-01  -7.6174433e-02   2.0454431e-01   1.0727644e-01  -2.8122504e-01   1.5845684e-01  -4.1807441e-01   2.5255077e-02   2.3563916e-01   1.1418853e-01  -1.7836845e-01   2.1206978e-01  -1.0734034e-01   3.3283984e-01   1.0443137e-01  -2.4509362e-01  -1.7965298e-01   2.4289972e-01   2.7437693e-01   4.2256862e-01  -2.4293497e-01  -2.1038003e-01   2.0543441e-01  -4.6213244e-01   5.0162783e-01   1.8168434e-01   2.0980566e-02   2.0510519e-01  -1.1305420e-01   3.3188630e-01   5.1697378e-02  -5.0108491e-01  -3.2123002e-01   1.3919378e-01   3.1695249e-01   1.0459274e-01  -2.0880625e-01   3.4527805e-01   5.5372204e-01   4.9606690e-02   6.0850689e-01   3.6784799e-02  -2.1519123e-01   1.6474043e-01   9.5664449e-02   3.6264484e-01  -4.6799391e-01  -1.8500795e-01  -1.2792403e-01   5.7896894e-01   1.8621105e-01   6.0436552e-02   5.8796790e-02   1.8420248e-01
  -4.5503526e-01   5.7003188e-01   1.7572023e-01   7.8144728e-02   2.5345554e-01   2.4050539e-01   5.1680931e-01   4.2356331e-01   2.8630496e-01   6.0546386e-02  -3.0195930e-01   0.0000000e+00   3.2638614e-02  -5.2449382e-02  -8.3098176e-02  -1.7524766e-01  -2.7169285e-02  -8.4484473e-02   7.9659956e-02   1.1144941e-01   3.1243699e-02   2.7804376e-01   6.6307598e-02  -3.6880441e-01  -5.0761203e-02   3.4448567e-01   4.5737538e-01  -7.6207466e-02   3.5587502e-01   2.5180938e-01  -1.3708216e-01   7.4927490e-02  -5.1718664e-02   3.0753798e-01   5.2231319e-01   2.6509341e-01   9.2126957e-02  -5.3500757e-01  -1.7527006e-01   2.9143966e-01  -5.4987267e-02  -1.2223210e-01   2.2734749e-01   2.0837213e-01   1.7110794e-01  -1.9096509e-01  -8.7151144e-02   2.0581596e-01   1.2710417e-01  -4.5863887e-02   1.0038052e-01   4.1914989e-01   9.8098606e-02   1.3058355e-01   3.9179043e-02   1.9711541e-01  -3.0183208e-02   3.5561369e-01  -1.5462313e-01   4.4708899e-01  -2.7603834e-01   3.5705186e-01   2.5709806e-01   2.7989633e-03   1.1375384e-01   3.7839110e-02   2.2371988e-01   1.9350636e-01   1.3399153e-01  -6.2962818e-02   3.3258803e-01   1.4607668e-01  -1.7484921e-01  -8.6456287e-02   1.0187278e-01   2.5615657e-01  -2.4383133e-01   1.8505922e-01   4.8996801e-01   2.2221227e-02   4.0130978e-01  -2.2157789e-01   1.1067392e-01   2.1912591e-01  -4.0116107e-01   3.9703028e-01   4.7236594e-01   1.5775113e-02   5.8630522e-02  -3.9769749e-01  -1.4759298e-01   1.0627316e-01   3.6955775e-01   2.2074838e-01  -5.1922856e-01   1.9820482e-02   1.8759066e-01  -3.8944944e-02   2.3243123e-01   3.4515483e-01  -1.8879202e-01   4.4743413e-02   2.3288761e-01   4.8958283e-01   1.8408840e-01   1.3702836e-01   3.9972694e-03   3.1067588e-01   7.8988864e-02   1.7979042e-01   3.1674277e-01   3.0845610e-01   1.2618979e-01  -4.3871101e-01  -2.4043688e-01   1.9414907e-01   6.5490332e-02  -2.0509760e-02   6.4264471e-02   1.0911169e-01  -2.3972374e-01   6.6347535e-02   4.1055440e-01   1.8384494e-01  -3.3034938e-01   1.1588761e-01   2.8685361e-01   7.3138464e-02   3.1003096e-01   1.1596948e-01   2.1214721e-02   2.1172564e-01   3.5372614e-01  -7.8151160e-02   1.8160845e-01   3.1478148e-01  -7.4491092e-02  -2.3088338e-01   3.2506023e-01  -4.8029020e-01  -3.9076285e-01   1.0274338e-01  -5.3219987e-02   3.0786303e-01   2.0053674e-01   1.4491497e-01   2.9974243e-01  -1.5755706e-01   2.8371393e-01  -7.6858933e-02  -4.0204964e-01   2.3180153e-01   8.1509494e-03  -2.7959942e-02   5.3611447e-01  -3.1464603e-01  -3.7567786e-01   1.3271415e-02  -2.5011993e-02   4.2943180e-01   2.6109303e-01  -1.1513703e-01  -2.5002923e-02   4.9311735e-02   1.6396547e-01   3.3973012e-01   1.4463941e-01  -1.3366392e-01  -1.4568010e-01   3.3512757e-02   4.5639913e-01  -4.2071052e-01   2.3979767e-02   5.8236494e-02  -5.6458912e-02  -2.5247180e-01   1.6671323e-01
  -9.8507220e-03   1.1228185e-01  -2.2217112e-01  -6.0684097e-03   9.6210756e-02  -1.4395140e-01  -2.5213854e-01  -2.0243079e-01  -7.3641089e-02   1.1371149e-01   2.2704231e-01   3.2638614e-02   0.0000000e+00   4.1873427e-02  -6.9641047e-02   9.6240363e-02  -1.7398668e-01  -9.5197242e-03  -3.3321856e-01   2.8719216e-01   1.0610809e-01   1.5596712e-01   5.9338103e-02  -1.5248676e-02  -1.5265557e-01  -1.1399535e-01   2.7832077e-01  -8.6870300e-02   3.8441735e-01   2.9153438e-01   9.0585110e-02  -9.0960636e-02   3.0237491e-02   5.9764729e-02  -8.9133095e-02   1.0986733e-01   4.8351240e-02  -6.6972595e-02   7.5911248e-02   1.3739375e-01   3.8825091e-01  -1.3173150e-01  -5.5419420e-02   7.7322680e-04  -3.3192261e-02  -1.3160699e-01   8.2781105e-02   1.1970816e-01   4.6856819e-01  -3.1398827e-02  -1.5552471e-01  -1.8888272e-01   2.4526247e-01  -1.1712780e-01  -6.2096442e-02   4.3131885e-03  -1.4252204e-01  -4.3837615e-02   1.0899964e-01   2.4673258e-02  -1.6842473e-01   3.4367924e-01  -1.2115745e-01  -6.1722733e-02   3.6083100e-01   3.0139328e-03  -5.0042321e-02  -5.0652633e-02  -3.4268722e-02  -8.3684559e-02   6.3959613e-02   2.5659543e-01   5.8444354e-02  -6.2846013e-03   9.7847917e-02  -2.4025230e-01  -2.2722560e-01  -1.0433753e-01   1.5095070e-01   3.0228145e-01  -1.7248767e-01   1.5849456e-01   9.0516791e-02  -2.6262370e-01  -6.1435527e-02  -1.2074328e-01   9.5751307e-02  -1.2168987e-01   1.8450402e-02   5.0005161e-02  -1.7336097e-01  -1.8250625e-01   6.5532630e-02  -7.8227734e-03  -3.2484298e-02   9.2364243e-02   3.4526994e-01  -1.7695183e-01   1.4519764e-01   2.2816482e-01  -1.7133138e-01  -1.6063134e-02  -5.0423196e-02   6.2997141e-02   9.1334694e-02  -1.0105976e-02  -3.3703873e-02  -1.1002133e-01   3.4777118e-01  -1.4816362e-01  -7.0841005e-02  -5.0332586e-02  -1.3195184e-02  -2.9174010e-02  -3.2968745e-01   2.3090611e-01  -1.5551906e-01   4.0186437e-01  -1.6211122e-01   6.4256145e-02  -2.8208884e-01  -1.3740743e-01   1.2213376e-01   1.2176451e-01  -2.2733363e-01   5.1055279e-02   5.3438731e-02   1.1884009e-01  -6.1838019e-02  -4.1811110e-02   1.8037631e-01   1.3593583e-01  -9.6234620e-02   1.3143255e-01  -1.6908011e-01  -2.9700992e-01   1.0850873e-01  -1.0338102e-01  -2.1752824e-01   1.1435005e-02  -1.6944304e-01   4.2266645e-01   5.3395632e-03  -2.2152170e-01   1.3403593e-01   1.9954005e-01  -1.4313321e-01   2.5748518e-01   1.8079327e-01  -3.7506262e-02  -1.1810023e-01  -1.5466729e-02  -1.1062832e-01   1.6221061e-01   2.2937819e-02   3.6120054e-02  -1.5669063e-01   2.3610733e-01  -1.8566058e-01  -1.1150085e-01   1.2789764e-01   5.9504473e-02   7.9302241e-03   6.0071387e-02   7.8698589e-03   4.7718256e-01   1.5554871e-01  -1.8618166e-01  -1.2668592e-01   2.2061085e-01   1.7087074e-01  -1.3597886e-01   3.1067798e-01  -1.9596788e-01  -8.4582770e-02   8.5247421e-02  -1.2425871e-01
   4.2340637e-01  -3.5757576e-01   4.3675633e-01   1.0794501e-01   1.4243109e-02   3.1302015e-01  -2.2659864e-01   3.3739960e-02   7.8025331e-02  -1.5891640e-01   2.0347689e-01  -5.2449382e-02   4.1873427e-02   0.0000000e+00   1.5587029e-01  -7.2376694e-02   3.0824766e-02  -5.8919368e-02   1.0844639e-01   2.8147442e-01   2.0581797e-01   1.1451439e-01  -9.9243262e-02   3.2374079e-01   5.5943024e-02   3.1729306e-03  -1.5701722e-01   3.3104883e-01   1.3131192e-01  -1.8949241e-01  -2.9043509e-01   1.0379252e-01   4.6764263e-02  -2.9372520e-01   1.3873624e-01   7.8916732e-02  -1.6921906e-01  -8.6630175e-02  -6.7102263e-02  -2.2375184e-01   1.9263206e-01  -7.8407752e-02   8.9883009e-02   1.7451016e-01  -9.0964562e-02   1.3957922e-01   2.2099334e-01  -6.1631264e-01   1.0737595e-01  -8.9481637e-02   3.8196449e-02   1.3314136e-01  -3.8819734e-01   3.2896704e-02   3.8340046e-01   6.1585067e-02   2.8420410e-01   2.6602171e-01   1.6631784e-01   1.3806936e-01   2.3117118e-01   3.7121258e-02  -4.7692188e-02  -1.8205734e-02  -1.4646112e-01   6.6184639e-02   1.9156040e-01   2.4392145e-01   1.6708495e-01   2.2704566e-01  -4.9935283e-01   2.7296996e-01   2.9473199e-02   6.0728665e-01   2.0493466e-01  -1.4192613e-01   2.2486927e-01  -3.4756532e-02  -2.4475348e-01   7.0130289e-02   1.7668772e-02   2.1104994e-02  -3.3287317e-01   6.3457733e-02   5.2976918e-01   2.6485452e-02   8.0470431e-02   5.4323241e-01  -1.4959696e-01   9.8397783e-02  -1.9963831e-01   3.4325870e-01  -2.4591456e-01  -1.8418238e-03   4.0542357e-02   3.1771156e-01   8.3804814e-02   1.5403620e-01   2.2714179e-01   1.6995015e-02  -6.7899375e-02   3.7444713e-01   4.9227596e-02  -7.0998333e-02   2.9672961e-01  -9.5049016e-03   2.1134062e-01   1.6599981e-01   2.1978063e-02  -2.4007833e-01  -5.7935649e-02   2.4065428e-01   2.0581805e-01   7.9378380e-02   3.8245692e-01  -1.6018939e-02   1.0668686e-01   5.7386948e-02  -5.5453692e-02   2.5025712e-01   2.0794707e-01   1.0798494e-01  -1.5081608e-02  -1.9443900e-01  -6.4443685e-02   6.6793705e-01  -1.0834359e-02   4.6460716e-04   2.7679009e-01  -3.2187999e-01   3.4825074e-02  -5.9306829e-02   6.3938999e-01  -4.6775423e-01   2.0345825e-01  -7.9546032e-02  -2.6350560e-02   2.7362828e-01  -4.9843584e-02  -2.0587585e-02   3.7898576e-01   7.0706451e-02   3.8449151e-01  -1.2961797e-02  -2.4215681e-01  -9.6856193e-02  -1.1764898e-01   1.7432139e-01   2.1849377e-01  -4.0030478e-01   5.0238593e-01  -3.6634404e-02   5.5765460e-01  -1.4785241e-01  -3.9060273e-01  -8.7758851e-02   1.1096819e-01  -8.4521950e-02   3.5391094e-01   5.7724169e-02   1.3481690e-01   3.4100604e-01  -3.6127661e-02   2.9515651e-01   1.7558987e-01  -1.0569516e-01  -2.5443846e-02   3.5790864e-01   4.5252859e-01  -3.2882416e-01  -1.6407574e-01  -1.1569125e-01   9.6746449e-02   1.2916498e-01  -1.6239659e-01   4.4132538e-02   1.3571294e-01
