   0.0000000e+00   3.7886822e-02   1.8750482e-01  -1.9587186e-01  -1.3560836e-01  -2.2772899e-01  -2.0973341e-01   6.2318793e-02  -1.0457833e-01  -2.0421815e-01  -4.2450667e-01  -2.5070308e-01  -3.4675906e-03   5.3390232e-01  -3.4422634e-01  -2.4224867e-01   8.9652627e-02   9.0614863e-02  -2.4347980e-01   3.0015069e-02  -1.2300017e-01  -1.6310173e-01  -4.4328149e-02   7.2632322e-01   2.3069959e-01  -4.2097774e-02  -4.9822641e-02   1.3092985e-01  -1.5532536e-01  -1.0907617e-01  -1.1366095e-01  -1.0133545e-01   1.0138925e-02  -2.6760003e-01  -1.0858589e-01  -1.4301357e-01  -1.5381903e-01   3.8999974e-01  -3.9635122e-01  -1.0004062e-02  -1.1220869e-01   6.3439879e-02  -1.3115883e-01  -1.6629619e-01  -2.3812510e-01   1.5203198e-01  -2.0026228e-01  -1.1420609e-01   4.3054268e-02   6.6022132e-02  -5.4701851e-02   1.1468398e-01  -2.0378119e-01   3.0923955e-01   2.6815875e-01  -1.5896106e-01  -5.8957687e-02   3.9543172e-02  -2.6628203e-01   7.7120426e-02   1.1901161e-01  -1.6760725e-02  -8.6294728e-02  -8.1343661e-02  -1.2040171e-01  -7.5326114e-02  -1.8708286e-01  -1.2455971e-03  -6.7553199e-02   5.7682659e-02  -2.9786531e-01  -1.3966364e-01  -1.9440722e-01   4.4696177e-01   1.9118827e-01  -6.1534731e-02   2.4633720e-01  -1.8186042e-01  -1.1354771e-01   3.3172595e-02   2.2108447e-02  -1.3964970e-01  -3.3650412e-01  -7.3247245e-02   2.3733865e-01  -1.4396260e-01   4.8598629e-02   5.2068664e-01   1.3325705e-01   6.0003065e-01  -1.7791597e-01   2.6913541e-01  -2.2629488e-01  -2.8408606e-02   2.3996904e-01  -1.8776278e-01   4.7988663e-02  -1.9422874e-01  -1.1618649e-01  -1.7235483e-01  -4.4857869e-02  -3.8447924e-01   3.1022884e-02   1.6237868e-01  -1.5214107e-01  -6.4152198e-02   2.9040831e-01  -1.3411467e-01  -7.0361067e-03  -1.6226598e-02  -3.4725231e-01   7.0198540e-02  -4.6327739e-02   6.0509542e-01  -6.7238547e-02  -2.7027661e-01  -9.4493189e-02  -6.2279226e-04   9.7129386e-03  -1.3264320e-01   4.9244283e-01  -1.9939699e-01  -1.8853139e-01  -8.9502719e-03   3.0495838e-01   4.7535586e-01  -2.8057757e-01   3.4098306e-01  -1.7586039e-01   1.9336176e-01  -3.0971902e-01  -3.8315993e-01   5.5295673e-01   1.7723790e-02  -5.5933446e-02  -2.6756866e-02   1.2974858e-01  -7.3090320e-03  -3.1977594e-02   3.9159297e-01   6.2296633e-01  -1.1048734e-01  -2.3236825e-01   3.0442985e-01  -3.2951935e-01  -8.8381423e-02  -3.4628380e-01  -1.9437985e-01  -3.3142369e-02  -1.9853790e-01   8.7572837e-02  -3.1231244e-02   3.4293209e-01  -2.1263435e-01   1.7511901e-01   5.9464353e-01   2.2950362e-01  -1.9145904e-01   2.0114358e-01   1.5638633e-01  -2.1836316e-02  -4.1151777e-02  -1.4192453e-01   1.2148483e-02   3.2476191e-01  -2.3995366e-01  -2.6014913e-01   3.6336064e-02   4.7316479e-01  -1.4031125e-01  -1.9122397e-01   3.3168038e-01  -2.5057625e-01   7.9410128e-02   1.4998677e-01   1.9717556e-01  -5.9280828e-03
   3.7886822e-02   0.0000000e+00   9.7696891e-03   1.8697102e-01   1.9908529e-01   1.0011433e-01   1.5575850e-01  -1.9784731e-01   5.3645732e-01  -9.1951491e-02  -3.0320952e-03   6.9868602e-01   1.2825060e-01   1.9760621e-02  -6.0304497e-02  -4.5000854e-02   5.8704973e-02  -5.1888738e-02   3.6763558e-02   1.9278798e-01  -2.4728702e-01   2.8753186e-01  -9.8736344e-02   1.0229842e-01   1.8886580e-01   1.9163344e-01   1.1727246e-01  -1.0105852e-01   2.7230526e-01   2.1790014e-01  -1.3900041e-01   3.9870485e-01   1.3248827e-01  -8.9636091e-03   5.1574692e-01   1.1107940e-01  -8.0710877e-02  -1.9367641e-01  -1.0627407e-01  -1.9779423e-02   1.3496368e-01   1.7229499e-01   2.7891791e-01  -3.0655906e-01   1.5523881e-01  -3.6108373e-01   8.0323398e-02   3.6020219e-02  -6.1035121e-02  -1.9392482e-01  -2.3547508e-01  -1.4802995e-02   2.7239841e-01   9.1600194e-02  -3.0449145e-01  -1.8091939e-01   2.9258678e-02   5.1387922e-01   2.2236876e-01   5.2654853e-01  -1.1058943e-01  -4.0781477e-02   4.8167893e-01   1.0353469e-01   5.0452532e-01  -3.3791982e-02   1.2520581e-02   2.5013981e-01  -6.5448917e-02  -1.3382643e-01   1.8757210e-01  -2.2233782e-03   1.0744497e-01   2.1292983e-01   1.7854803e-01   4.1063586e-01  -2.7905022e-01  -6.3070691e-02   4.4952758e-01   1.6946872e-01  -1.8082280e-01   1.1082234e-01   4.4820651e-03  -1.9784615e-01  -3.0859509e-01   4.7315871e-01   5.5068744e-01  -2.8278838e-02   4.6980558e-01  -2.3555209e-01   5.2068544e-01  -2.1180052e-01   2.6724938e-01   3.0710574e-01  -3.6740026e-01   1.4128718e-01   1.9676377e-01   1.3411672e-01   2.7446716e-01  -1.9022295e-01  -2.7312899e-01   1.6301994e-01  -7.8686787e-02   6.4695070e-01   4.6245512e-02   3.7339480e-01   1.6485348e-02   4.6150506e-02  -1.1958014e-02   7.2704430e-02   1.5778376e-01   3.4453378e-01   1.9675172e-01  -1.9984457e-01  -3.8597390e-01   5.3549054e-01   1.0151944e-01  -1.3365924e-02  -3.0410377e-01   3.4010967e-01  -1.6835255e-01   3.4220286e-01   3.5860696e-01   2.5359195e-01  -2.9674398e-01   4.2030759e-01   2.1984438e-02   1.4815193e-01   4.5777302e-01   1.2629686e-01  -7.3307149e-02   2.9273545e-01   4.1261410e-01  -1.3927904e-01   2.5954767e-01   3.1589485e-01   2.1172534e-01  -3.1812876e-01   2.0421708e-01  -1.6812649e-01  -1.3759011e-01  -2.6364094e-01   5.4412004e-02   1.2466137e-01   7.7181750e-02  -8.3237389e-02   6.1989980e-02   2.7809237e-01  -1.0215074e-01  -2.7158617e-02  -2.9357015e-01  -3.4915028e-01  -1.6538335e-01   4.4695324e-01   5.7628290e-01  -2.0892715e-01  -1.1894671e-01   1.4137731e-01  -4.6561971e-02  -5.1047680e-02   2.3193774e-01   2.6459298e-01  -1.8869687e-01  -4.0209251e-02   2.3821698e-01   3.9122236e-01   3.1298122e-01  -8.1217505e-02  -1.2271786e-01   4.1995440e-01   3.6123471e-01  -2.1278981e-01  -6.3125575e-02   1.7039909e-01   1.0562203e-01   1.9983899e-01   1.9267870e-01
   1.8750482e-01   9.7696891e-03   0.0000000e+00  -2.3605857e-02   2.2005586e-01   1.8577672e-02  -1.7444575e-01  -1.6241420e-01   3.7279149e-02  -1.1781020e-01   1.1997790e-02   1.9390557e-01  -9.7917581e-02   1.2413606e-01  -2.3319860e-01  -8.0486487e-02   8.6768542e-01   1.6592690e-01  -1.9955658e-01   1.6524448e-01  -3.7908230e-01   7.7765444e-02  -7.9024408e-02   2.6145094e-01   4.5831272e-02  -6.6631947e-02   6.3856639e-02  -6.4874461e-02  -2.0377185e-01  -1.0163102e-01  -1.3047059e-01   8.8657458e-02  -3.8210325e-03  -1.2248296e-01  -5.9249327e-02   1.8198686e-01  -7.5180468e-02   1.1652068e-01  -1.4378524e-01   1.5669191e-01   5.0232859e-02   2.5013811e-01   5.0459348e-02  -1.6400557e-02  -1.3968195e-01   5.5008578e-01   3.3815307e-02  -3.6090118e-01   1.5359266e-01   5.0300987e-01   2.8757322e-02   1.9802087e-01  -1.3604980e-01   1.9828575e-01   8.6665022e-02   3.9260937e-02  -1.0331132e-01   4.4730315e-02   1.0143853e-01   3.4876133e-01   7.1585985e-01   2.2973017e-02   7.0462158e-02  -2.0743628e-01  -8.3061860e-02  -1.5085757e-01  -1.2033652e-02  -1.7373090e-03   3.9363899e-02   6.4425463e-01   6.0406925e-03  -1.4611420e-01  -3.0893401e-02   3.7857580e-01   7.9231361e-02   1.9238121e-01   4.7061030e-01   3.2070801e-02   2.2178678e-01   6.7976449e-02  -8.4774236e-02   7.4614391e-02  -1.0418351e-01  -1.1169668e-01   1.9712143e-01   2.8102664e-02  -2.2135905e-01   2.4235063e-01   1.1357125e-02   2.7367116e-01   1.9696118e-01   7.5474633e-01   1.4377222e-01   2.1826881e-01   2.7604247e-01   2.5754181e-01   6.7261510e-02  -9.4297026e-02   9.2269424e-02  -1.9482704e-01   2.6135956e-01  -2.9594739e-01  -5.2693754e-02  -2.3508277e-03  -2.4389211e-01  -3.8936993e-02  -6.1799743e-02   5.4813060e-02  -1.3408206e-01   2.3934870e-01  -9.8896572e-02  -7.6849245e-02  -8.6682309e-02   2.0405191e-01  -5.1426446e-02   9.7363408e-02   1.8090150e-02   6.6293919e-02  -9.2220579e-02  -4.6218132e-02   5.1551527e-01   2.0201555e-01  -1.4379845e-01  -3.3848504e-01   4.0289187e-01   2.5352413e-01  -1.1616574e-01  -1.4559974e-01  -1.2580387e-01   6.8598401e-01  -1.4598794e-01  -2.6747467e-01   2.1710596e-01  -1.9139605e-01  -2.3717033e-02  -4.7472336e-02   2.4927411e-02  -8.9051327e-02  -2.8420995e-02  -9.6575264e-02   1.0668396e-01  -2.5187962e-01   4.6675917e-02   1.3510882e-01  -2.5989223e-01  -2.2546825e-01  -2.3480753e-02   1.2636062e-01  -2.9666290e-02  -2.3792733e-01   4.1755007e-01   2.7483309e-03   4.7459968e-01   2.5264564e-01   3.7620986e-01   1.7133228e-01   4.6594370e-01   1.1528364e-01   7.8606103e-01  -3.3281556e-02  -4.6261250e-02   1.9454904e-01  -8.8156715e-02  -2.1926619e-02   2.1577830e-01  -9.6315452e-02   6.6521525e-02  -1.4601173e-01   4.0736917e-01   5.3938962e-02   7.2171481e-02   2.4284894e-02  -1.9722898e-01   7.6814957e-02   7.8931405e-02   1.1924117e-01   1.6485339e-01
  -1.9587186e-01   1.8697102e-01  -2.3605857e-02   0.0000000e+00   3.6750218e-01   2.7198297e-01   2.1518416e-01  -8.7832655e-02   1.7867164e-01   2.8309754e-01   1.8969900e-01   8.1477393e-02   1.6888509e-01  -1.3318163e-03   4.0991273e-02   3.6775211e-01  -1.7293862e-02   1.6445253e-01   1.9328267e-01   3.2085011e-01   1.0881232e-01   4.2844521e-01   2.2611312e-01  -2.7730925e-01   1.4765208e-01   2.0818537e-01   2.3078418e-01  -1.2606015e-01  -8.6002029e-02   2.6273461e-01   1.4034800e-01   3.6826993e-01   1.6457422e-01   1.6252706e-01   1.2775115e-01   3.4784415e-01   8.2596416e-02  -3.2055992e-01   3.9452329e-01   1.6295466e-01   2.1286859e-01   2.1543129e-01   1.5566617e-01  -2.6253537e-02   6.9664967e-02  -2.0111090e-01   4.3646336e-01   7.8636877e-02  -4.7281147e-02  -2.2651524e-02   1.5838058e-01   3.6415345e-02   6.1565689e-02   1.8867018e-01  -9.0391502e-02  -2.5800384e-02   9.0410155e-02   3.8158461e-01   4.5634423e-01   1.4874157e-01  -1.3031508e-01   8.8115676e-02   1.2281624e-01   2.7136315e-02   5.3386955e-02   1.7244359e-01   1.8324966e-01   1.2565196e-02   3.5936335e-01  -7.5513885e-02   4.5752737e-04   2.9760024e-01   2.7178175e-01  -1.0794822e-02   1.8865732e-01   3.1243761e-01  -1.7247506e-01   2.5213574e-01   1.9680202e-01   3.6919592e-01  -5.5296632e-02   1.5663146e-01   1.1511602e-01   3.7302180e-02   2.9033461e-02   2.7367165e-01   1.5617791e-01   3.4671444e-02  -2.9663016e-02  -1.4981646e-01   1.5312850e-01  -1.4796061e-01   1.1528989e-01   5.0105202e-01  -1.8754168e-01   3.8653696e-01   1.7716069e-01   2.3142767e-01   2.3219836e-01   1.1932069e-01   8.6293610e-02  -6.8515157e-02   1.5284483e-01   9.1298387e-02   2.9338852e-01   4.2543280e-01   2.6231090e-01   9.0278888e-02  -1.5786382e-01   2.0673543e-01   5.7044784e-02   2.9525124e-01   6.3670152e-01  -4.2027565e-01  -2.2238411e-01   2.5940444e-01   3.0218131e-01   1.3306789e-01  -3.5016867e-02   5.8110907e-01  -1.6468814e-01   3.0893660e-01   1.4981022e-01   2.4034199e-01  -1.2164395e-01  -9.9083803e-02   1.5043848e-01   1.1090752e-01   4.3491950e-01  -8.4003891e-02   1.9821446e-01   5.8031953e-02   1.8740320e-02   5.8374476e-02   5.1049138e-01   1.7132674e-01   3.1203800e-01  -3.2851458e-02   1.9711918e-01  -1.7207691e-01  -1.5423621e-01  -1.7431398e-02   7.7459833e-02  -1.1090828e-01   1.5175996e-01   2.0513579e-01   4.7903450e-02   3.1726246e-01   1.4178470e-01   8.4910052e-02  -6.1074527e-02   4.9091909e-02   1.7910411e-02   1.2104305e-01  -1.0116393e-01  -3.6272015e-01  -7.0668818e-02   2.5576478e-01  -3.6051307e-02  -1.4416732e-02   7.9946369e-02   9.9080562e-02   1.7124139e-02   2.9589760e-01   3.3891060e-01   1.0404689e-01   1.4709092e-01   4.0801443e-02  -4.4233956e-02   3.6190764e-02   1.3274879e-01  -2.8350667e-01   4.0394399e-01  -1.5798206e-01   1.9021655e-01   1.5717679e-01   5.6629226e-01
  -1.3560836e-01   1.9908529e-01   2.2005586e-01   3.6750218e-01   0.0000000e+00  -3.8060507e-02   2.0030885e-01  -9.3724459e-02   5.0388557e-02   3.2518729e-01   2.7189767e-01   2.4013029e-01   3.6717240e-01   1.3284146e-01   2.0882999e-03   4.8547826e-01   2.1992694e-01   3.7136584e-01   1.0757551e-01   7.2692099e-01   1.4345283e-01  -7.5442709e-02   2.5446563e-01  -3.2176403e-02   1.4499714e-01  -1.9371514e-01   3.4091718e-01  -3.3093571e-02  -4.1855769e-02   3.4684893e-01   1.3262100e-01   4.6099549e-01   1.6246823e-02   4.6878107e-01   9.6713355e-02   7.1768873e-01   6.0032001e-03  -2.8515919e-01   3.2853695e-01   2.0322283e-01   6.0029959e-01   9.7749860e-02   2.2272538e-01  -8.0643095e-02   3.5321023e-01  -1.7454970e-01   3.7128966e-01  -2.3279168e-02   3.3073885e-01   1.7087240e-01   4.3470655e-01  -4.6811051e-02   2.5981054e-01   1.7065271e-01   3.5108995e-02  -1.3073116e-01  -1.1038547e-01   1.4762440e-01   4.7014946e-01   2.9964081e-01   3.9864957e-02   2.7913044e-01   9.1760950e-02   3.1939672e-02   2.4084901e-01   1.2315021e-01  -6.8902392e-02  -1.4784175e-01   2.4360462e-02   8.0596472e-02   8.1230368e-03   5.1815940e-01   5.4693322e-01  -1.9653744e-02   2.7407505e-01   5.6018991e-02  -1.7685938e-01   2.1392990e-01   5.6119360e-01   4.7757491e-01  -8.7224974e-02   9.8905190e-02   1.4668958e-01  -1.2810754e-01  -1.7918281e-01   1.2468482e-01   7.4219136e-02   1.3388353e-01  -1.1909011e-01  -2.7233353e-01   4.8609012e-01  -1.6470180e-02   3.0720204e-01   3.4061700e-01  -2.0226634e-01   7.1835337e-01   4.4856263e-01   8.1827765e-02   5.2187858e-01   2.5826369e-01  -4.6844688e-02  -2.3257224e-01  -5.7704547e-02   1.5335163e-01   3.7828108e-01   3.5693357e-01   9.1617178e-02  -1.5302605e-01  -5.1355337e-02   2.8140218e-01   5.2149669e-02   1.8622840e-01   2.7407878e-01  -2.9006615e-01  -1.6030888e-01   4.3522444e-01   2.3452644e-01   6.0906204e-01  -3.0572406e-01   6.0089992e-01  -1.5658486e-01   4.9179730e-01   1.1782578e-01   4.4797673e-02  -1.8738391e-01   1.6671236e-01   3.1335458e-01  -1.3857185e-02   4.6578177e-02  -1.7873871e-02   2.0557438e-01   1.1304799e-01   1.7423454e-01   1.2870050e-02   2.5398052e-01  -4.1861016e-02   3.2416321e-01  -7.0334213e-02  -1.7792777e-02  -4.5189151e-02   5.6625847e-02  -4.8522875e-03  -1.0758690e-01  -2.5782443e-01   1.5020421e-01   3.7984384e-01   1.0393884e-01   7.0857500e-01   1.9803890e-01   9.7912233e-02  -1.1748837e-01   7.7465324e-02  -2.1290395e-02   3.8483138e-01   1.9956105e-01  -2.6479636e-01  -9.6337935e-02   4.9240256e-01   1.8650822e-01  -8.7219291e-02   1.3953117e-01  -8.2602013e-02   2.4524094e-01   4.1616900e-01   1.8824802e-01   2.2265206e-01   2.9551070e-01  -2.7903039e-01   3.9780433e-02   1.8395741e-01   4.6531869e-01  -3.7018861e-01   4.9327171e-01  -1.8257694e-01   1.2973441e-01   2.1152556e-01   1.8009180e-01
  -2.2772899e-01   1.0011433e-01   1.8577672e-02   2.7198297e-01  -3.8060507e-02   0.0000000e+00   5.5367612e-01  -3.4810500e-02   1.4073924e-01  -1.4490964e-01   3.4850561e-01  -3.1765493e-02  -1.6348863e-01  -7.6890131e-02   1.1720811e-01   3.2398186e-02   1.5755401e-01   1.5584584e-01   8.0420804e-02   3.0088466e-02   3.1886699e-01   4.0756197e-01   2.1333371e-01  -1.8644471e-01  -9.1233724e-02   3.6411149e-01   3.5820036e-01  -1.2665609e-01  -3.1397180e-01   2.6889025e-01   1.4205914e-01   5.9177080e-02   1.8392094e-01   1.4529961e-01   7.7050998e-02   2.7338912e-02   1.3884300e-02  -4.5114729e-02   1.5217399e-01   2.8159990e-01  -1.6535069e-01   9.7061974e-02  -1.2434724e-01   2.3119083e-01  -2.2612494e-01   1.8569900e-01   4.5376010e-01   4.6383517e-01  -8.8579293e-02  -9.1106656e-02   1.1527951e-01   1.5806719e-01   2.4844441e-01  -2.4980815e-01   4.4697338e-02   3.4171993e-01   4.0917559e-01   4.6519486e-02   3.3107877e-01   2.0376973e-01  -1.1502501e-01   1.8174849e-01  -1.9333881e-01   1.6959531e-01   6.2813869e-03   2.0534092e-01   7.8575027e-01   3.2708106e-01   5.4293797e-01   3.5663021e-01   1.2331916e-01   6.3727550e-02  -1.1656884e-01  -2.2581432e-01  -1.2437722e-01  -2.7713485e-02  -1.1468423e-01  -1.0899320e-01  -1.1412120e-01   5.5369001e-02   1.6149179e-01   3.5467245e-02   1.9864127e-01   1.8313990e-01  -6.0572751e-02   3.3582164e-02   2.8143397e-01  -6.4973893e-02   7.3280171e-02  -2.6027264e-01   5.2518857e-02  -9.9241398e-02   1.5756184e-01   1.9260851e-01   4.7717650e-02  -1.4232477e-02  -7.5312962e-02   2.4543203e-01   1.6821880e-01  -2.1260679e-01   3.7547111e-01  -3.9290515e-02   1.3201806e-01   1.7747911e-01  -6.6354726e-02  -2.2599624e-02  -2.4351714e-01   5.2009920e-01  -1.8487071e-01   4.0466196e-01   1.7833784e-02   2.5145872e-01   1.0094671e-01  -2.8404764e-01   2.1939251e-01  -8.5851757e-02  -5.0230150e-02  -8.6993611e-02   2.4932502e-01   1.2061361e-01  -2.8118575e-01   1.3277048e-01  -1.9074547e-01   1.8038929e-01  -1.0062195e-02   1.7523608e-02  -1.5947801e-01  -1.6800037e-01   7.1278643e-02   2.8731134e-01   1.4722027e-01  -4.6068527e-02  -2.5034759e-01   1.4194511e-01  -8.8244726e-04  -7.0256056e-02   5.1153928e-02   1.5153800e-01   3.4253345e-02  -1.4313779e-01  -1.5839956e-01  -1.8028015e-01   1.9979278e-01   2.7656361e-01   5.9137708e-02   1.7944148e-01   3.4933346e-01   7.5129598e-02   3.6730053e-01   4.8902003e-02   2.5939608e-01   1.1769749e-01  -3.2518637e-01  -1.7750664e-02   2.0411573e-02  -1.3764265e-01  -3.4119324e-01   1.2096161e-01  -3.9254333e-02   6.5685188e-02  -6.4915843e-02   2.6242757e-01   3.9248101e-01   1.8006476e-01   1.1513304e-01  -6.7016949e-02   2.4900638e-02   1.9243717e-01  -3.4557517e-01   2.9580951e-01  -2.4538849e-01  -1.3758904e-01   1.4772320e-01   4.6993485e-01   2.9089184e-03  -9.9431560e-02   1.9211261e-01
  -2.0973341e-01   1.5575850e-01  -1.7444575e-01   2.1518416e-01   2.0030885e-01   5.5367612e-01   0.0000000e+00  -3.3423228e-02  -4.2707548e-02   1.4637314e-01   3.6500341e-01   7.7374245e-02   3.6683805e-02   1.0292074e-01   3.2803202e-01   1.6589174e-01  -3.4695294e-02   2.9536847e-01   1.0132537e-01   1.7739163e-01   3.4672697e-01   8.4621028e-02   4.7802817e-01  -1.2854790e-01  -1.4803416e-01   1.6958195e-01   4.7638051e-01  -4.4616135e-02  -1.4006497e-01   5.3198183e-01   2.3856208e-01  -4.3907045e-02   1.7659775e-01   5.0027275e-01   1.7736895e-03   2.5844249e-01   2.0038531e-01  -1.3600169e-01   2.3427718e-01   4.6599305e-01   1.3374346e-01   7.3021591e-02  -2.9148043e-01   3.1984559e-01   5.4881433e-02  -1.0206916e-01   4.1570943e-01   5.8421805e-01   9.6419147e-02  -1.4485113e-01   2.6324308e-01   8.5558478e-02   4.5695268e-01  -3.0612492e-01   8.3339181e-02   2.0078839e-01   1.2820634e-01  -1.0186817e-01   2.8197335e-01   7.2868040e-02  -2.3468943e-01   3.1504798e-01  -3.8056123e-01   1.6678212e-01   1.1857769e-01   4.3355325e-01   3.6370494e-01   7.1761691e-02   2.3977386e-01   1.1586983e-01   2.5702842e-01   2.1238827e-01   2.0069196e-01  -3.7061064e-01  -1.9686772e-01  -6.4846800e-02  -2.9268248e-01   3.3650469e-02  -8.8370517e-02  -6.6680585e-02   1.9434013e-01   8.2194252e-02   3.8893948e-01   1.9063620e-01  -1.9756398e-01  -8.7175285e-02   2.7642393e-01  -9.5721970e-02  -2.1223570e-01  -3.4032944e-01   1.8670545e-01  -3.7738231e-01   2.1040748e-01   5.7617016e-02  -1.1982958e-01   1.4484822e-01  -3.0864701e-02   1.7111135e-01   1.1425778e-01   1.5695176e-01   7.2212158e-02   4.5913710e-02   1.1229749e-01   1.0705378e-01   6.4874731e-02  -2.3021468e-02  -1.3410126e-01   2.2524569e-01   1.2339127e-01   4.2963095e-01   7.1786408e-02   3.6921031e-01  -2.0176394e-02  -3.5160281e-01   2.5344020e-01   1.1426804e-01   9.6377730e-02   1.2657493e-01   2.2428520e-01   2.0248519e-01  -5.1670161e-01   1.5349260e-01  -3.0136498e-01   1.8546215e-01  -2.0281168e-01   3.5501000e-02   2.7185519e-03  -2.0547041e-01  -1.1250967e-01  -6.1322402e-02   1.4252478e-01   1.3517576e-01  -3.4260398e-01   2.3671357e-01  -1.4547719e-01  -1.0431944e-01  -1.6042178e-01   2.3076022e-01  -6.9897956e-02   3.7058360e-02  -6.8786549e-02  -1.0081915e-01   1.2852754e-01   1.7584721e-01   3.0157020e-01   3.0875616e-01   5.2895212e-01   1.4802550e-01   4.1899075e-01   2.5087468e-01   5.8796441e-02   1.3631483e-01  -5.0262189e-01   1.2279302e-01  -5.9305313e-03  -2.3254481e-01  -4.5346128e-01   1.3946841e-01  -2.5532154e-01   3.2900950e-02  -1.0449267e-01   2.4205383e-01   4.9000548e-01   3.4045188e-01   1.0869589e-01   8.7007389e-02   7.3864032e-02   5.9704040e-02  -4.7621207e-01   1.9846218e-01  -1.5735252e-02  -2.2366941e-01   2.7430260e-01   1.8125006e-01  -1.7320772e-01  -1.0272221e-01   1.0326103e-01
   6.2318793e-02  -1.9784731e-01  -1.6241420e-01  -8.7832655e-02  -9.3724459e-02  -3.4810500e-02  -3.3423228e-02   0.0000000e+00  -3.8006072e-01   3.8149206e-02   1.1408566e-01  -2.2168818e-01  -9.7481844e-02  -1.0784547e-01   1.3255797e-01   2.8207822e-02  -6.8066808e-02   4.2199611e-02  -3.1599391e-02   1.4574799e-03   2.3293063e-01  -2.4126072e-01   1.1737874e-01   4.6294019e-02   3.7206765e-02   1.0171366e-01  -1.3150474e-01   3.1713086e-01  -4.2810318e-02  -2.6974869e-01   1.3743823e-02  -1.5082746e-01   1.2472026e-01  -5.1326520e-02  -2.5493899e-01  -1.3187437e-01   2.2437031e-01   1.8871549e-01  -8.3687664e-02   3.3877683e-02  -1.6628057e-01  -6.5286712e-02  -1.1651128e-01   5.2895065e-01  -1.7260164e-02   1.9322305e-01   4.9859295e-03  -1.5576255e-01  -6.2783640e-02  -2.0890818e-01   5.6172153e-02   2.5634156e-01  -8.7234527e-02  -5.0201159e-02   1.3440270e-01   1.7520052e-01   6.3217849e-02  -2.2756033e-01  -1.8091532e-01  -3.0827128e-01   6.8076131e-02  -5.7538684e-02  -1.9187281e-01   3.4373570e-01  -1.8275895e-01   2.4514773e-01  -1.0192719e-01  -5.4932139e-02   1.5708672e-01  -5.0114215e-02  -9.5389111e-02  -8.0462294e-02  -7.6767012e-02  -8.1527296e-02  -1.1621554e-01  -1.2239082e-01   1.5574971e-01   1.8725940e-01  -1.5098750e-01  -1.8048202e-02   5.3031804e-02   1.7255620e-01   1.8933798e-01   4.9361978e-01   1.7012805e-01  -1.0635537e-01  -2.7149325e-01  -2.8969075e-02  -1.9759164e-01   2.0155706e-01  -8.1194344e-02   3.3959147e-03   6.2114867e-02  -2.7436755e-01   2.1121568e-01  -5.0206146e-02  -1.5248932e-01  -1.7360238e-02  -6.5390071e-02   9.0686253e-02   4.2681832e-02   1.5274518e-01   2.1182794e-01  -4.1156254e-01  -7.8551060e-02  -2.0063810e-01  -1.2460672e-01   1.8207381e-01   3.7352827e-02   2.3594789e-02   9.9042276e-02  -4.9926837e-02  -9.8013004e-02   3.1017823e-01   3.7836645e-01  -1.8332428e-01   1.3464291e-02  -9.0185078e-03   2.1410919e-01  -9.8457739e-02   1.0575064e-01  -2.7528626e-01  -1.6068612e-01   1.6443356e-01   1.4410001e-01  -1.5273247e-01   9.7963231e-02   2.1279914e-02  -1.3636743e-01  -1.2238611e-01  -3.0444989e-02  -1.1102877e-01  -1.4914738e-01   3.3351629e-01  -3.0819132e-01   4.4885827e-01  -4.7020143e-02   3.8512362e-01   6.7888947e-02   2.9891763e-01   1.3784495e-01  -1.0311492e-02   1.1383491e-01   7.1095539e-02   1.6295346e-01  -6.6388355e-02  -9.8791662e-02  -2.4037956e-01   1.3881155e-01   7.8134614e-02  -1.3965390e-03   2.7808741e-01   7.3206095e-02  -2.1911656e-01  -2.1026748e-01   2.1677410e-01  -1.0402585e-01  -2.1656627e-01  -1.4787213e-01   1.2886429e-01  -1.4751626e-01  -1.9374565e-02   2.1055474e-01  -1.1826542e-01   2.0713067e-02   5.7938660e-02  -2.2719005e-02   3.5292051e-01  -3.2347056e-02   7.8854326e-03  -1.4975251e-01   9.8625806e-02  -3.6474554e-02  -3.0430006e-02  -1.5743136e-03  -3.6562850e-02  -3.3564914e-02
  -1.0457833e-01   5.3645732e-01   3.7279149e-02   1.7867164e-01   5.0388557e-02   1.4073924e-01  -4.2707548e-02  -3.8006072e-01   0.0000000e+00  -1.0165381e-01   1.2978850e-01   5.1791956e-01  -2.2750384e-02  -5.3718629e-02  -2.7922995e-02  -1.7522449e-01  -1.7154902e-02   5.2923257e-02  -1.9598570e-01   1.7510696e-01  -2.1723749e-01   5.7996937e-01  -1.4059792e-01   3.3137346e-02   2.5074361e-01   8.6707917e-02   8.9566388e-02  -9.8654060e-02   2.8319638e-01   1.8712577e-01  -4.8142110e-02   3.6811211e-01   1.2610555e-01  -1.7379529e-01   7.2850978e-01   4.9544925e-02  -2.6051211e-01  -4.7670892e-02  -6.6030882e-02  -6.5161284e-02   6.3644163e-03   9.7295679e-02   5.4153324e-01  -3.1172205e-01   2.0239083e-01  -1.4217005e-01   1.2459957e-01  -3.9865318e-02   3.4478595e-02  -1.4500198e-01   1.7329505e-02  -1.5703225e-01   5.6253734e-02   4.4013731e-02  -1.2581991e-01  -1.9193678e-01  -2.3868151e-02   4.5940732e-01   2.4870251e-01   5.9303674e-01  -5.8660730e-02   6.1984936e-02   6.7362293e-01  -1.0357056e-01   3.6175019e-01  -1.9487046e-01   4.2701669e-02   2.2126460e-01   1.8639495e-01  -2.3037807e-02   2.0082538e-01   4.7141499e-02  -3.1668177e-02   8.4442585e-02   1.1497099e-01   8.6747144e-02  -1.8897103e-01   2.2301256e-02   2.5782136e-01   2.3533290e-01  -2.1333777e-01  -2.2677284e-02  -1.6192562e-01  -9.5671209e-02  -2.0341497e-01   3.3088230e-01   3.7476328e-01   4.0868335e-02   4.1034192e-01  -1.9213821e-01   2.1235625e-01  -8.5201796e-02   5.4914590e-02   6.0922050e-01  -2.5116876e-01   7.9867090e-02   2.0750947e-01   4.8729219e-02   2.7817903e-01  -1.6484758e-01  -2.1944002e-01   1.5956807e-01  -2.0881613e-01   6.1575478e-01   2.4765833e-01   3.0693992e-01   2.4896922e-02   1.1382386e-01  -5.4371718e-02  -1.3746136e-01   3.0197165e-02   1.5732014e-01   2.8677655e-01  -1.9390642e-01  -3.1410058e-01   2.4977957e-01  -2.0905350e-02  -1.7416357e-01  -2.0840802e-01   2.3725013e-01  -1.2279059e-01   2.8090643e-01   4.6714327e-01   2.0750885e-01  -1.4858903e-01   2.8128491e-01   1.4994589e-01   1.8035860e-01   5.4229638e-01   8.4441743e-02  -7.0107075e-02   8.9626051e-02   1.1163472e-01  -1.7432348e-01   5.6319977e-01  -3.5141637e-02   2.5127079e-01  -1.8008476e-01   8.2537874e-03  -1.8246495e-01  -2.5877334e-01  -2.5799118e-01   3.3417485e-02   1.1668021e-01   4.4518984e-03  -4.5755973e-02   7.8533015e-03   4.8296468e-02  -1.4892199e-01  -9.4928875e-02  -9.8693916e-02  -2.4476367e-01  -2.4331549e-03   2.5699866e-01   3.3538340e-01  -2.0331659e-01  -2.5296743e-02   1.6662425e-01   1.9777223e-02  -1.8562370e-01   3.0773094e-01   3.8326820e-01  -2.5654921e-01   1.4483806e-01   2.6979253e-01   1.6585000e-01   2.2158041e-01  -2.2593693e-04  -3.2694372e-02   1.0259027e-01   1.7416154e-01  -1.7390873e-01   4.8556924e-02  -3.1653969e-02   1.4744949e-01   1.5758208e-01   2.4443079e-01
  -2.0421815e-01  -9.1951491e-02  -1.1781020e-01   2.8309754e-01   3.2518729e-01  -1.4490964e-01   1.4637314e-01   3.8149206e-02  -1.0165381e-01   0.0000000e+00   2.2366490e-01  -7.0235791e-02   3.5431899e-01  -4.6699704e-02   4.5935585e-01   2.8337657e-01  -7.3271065e-02   3.2571905e-01   2.6999884e-01   3.4411602e-01   3.0558676e-01  -1.9104264e-01   5.9488587e-01  -2.8697413e-01   1.1128521e-01  -1.8683176e-02   1.3872112e-01   1.1490276e-02   7.4178146e-02   2.4656377e-01   5.1758736e-01  -4.1188818e-02   2.5858271e-01   2.7633889e-01  -1.8095321e-01   1.9268614e-01   4.0683984e-01  -1.6720348e-01   2.2909805e-01   3.1822179e-01   4.1907521e-01   7.5284118e-02  -2.7556796e-02   1.2848916e-01   3.6788351e-01  -2.9731307e-01   9.0728556e-02   1.9843579e-01   2.0341287e-01  -2.5460684e-01   4.4681715e-01  -1.0442870e-01   3.2806942e-01   1.4190671e-01   1.7581417e-01  -8.8347200e-02   6.3421433e-02  -2.0692082e-01   1.2269972e-01  -1.8889443e-01  -2.4636012e-02   4.4498281e-01  -1.4000120e-01   2.2859557e-01   1.2863424e-01   5.4644875e-01  -2.0992549e-01  -1.4925102e-01  -1.8871113e-01  -2.0333646e-01   3.5971188e-01   4.3255233e-01   3.7255133e-01  -1.3970666e-01   2.7725927e-01  -6.5633832e-02  -1.5606035e-01   4.0197706e-01  -1.3451703e-01   4.5081338e-02  -9.3258419e-02   4.1272674e-01   4.9272697e-01   5.5987075e-02   7.7191962e-02  -2.3947591e-01  -1.8698999e-01  -1.4123135e-01  -4.0567890e-01  -1.6431286e-01   5.4377498e-02  -2.6616523e-01  -9.0986282e-02   8.8863420e-02  -2.3172351e-01   2.1759349e-01   1.2560734e-01   1.9248856e-01   1.2316909e-01   8.0456803e-01  -2.4434841e-01   2.9924955e-02  -1.3105353e-01  -2.6276228e-01   2.4150704e-01   3.2660625e-02   2.7475045e-01  -2.2027944e-01   2.2889265e-01   9.1408233e-02   5.6779775e-02  -1.1071739e-01   1.1473360e-01  -1.9374554e-01  -1.2778269e-01   6.2916859e-02   3.9571578e-01   4.3445962e-01  -5.8201096e-02   4.0974411e-01  -3.2509806e-01  -1.5591654e-02   3.1209483e-02   2.4260846e-01  -2.4781597e-01  -1.9412726e-01   4.0852404e-01  -4.3915512e-02  -9.3488379e-02  -3.4980730e-01   2.9167319e-01   1.3719228e-01  -1.0822715e-01   4.2360653e-01   8.1168622e-02  -6.1309314e-02   8.2376505e-02   2.7827891e-01  -1.7183056e-01   1.7390176e-01  -1.0882153e-01   2.4927928e-01   5.3252280e-03  -3.0767585e-01   5.0978068e-01   3.3299481e-01   3.3682391e-01   1.0905697e-01   8.8438024e-02   5.0890608e-01  -2.3098726e-01   5.5002451e-02  -3.4786346e-02   1.0653039e-01  -4.0245080e-01  -3.3991354e-01  -2.0244336e-01   2.2646290e-01  -1.7915425e-01  -2.9642558e-01   6.0004397e-02  -1.9261134e-01   3.1698194e-01   2.7222027e-01  -9.6106029e-03  -3.3903797e-02   2.8007592e-02  -1.1085378e-01  -1.1325715e-01  -1.9528521e-01   8.3073239e-02  -1.9295508e-01   4.1558152e-01  -4.8119729e-01  -7.9330577e-03   2.0322732e-01   1.1822302e-01
  -4.2450667e-01  -3.0320952e-03   1.1997790e-02   1.8969900e-01   2.7189767e-01   3.4850561e-01   3.6500341e-01   1.1408566e-01   1.2978850e-01   2.2366490e-01   0.0000000e+00   2.4898028e-01  -1.3112225e-02  -1.5125133e-01   4.5198961e-01   2.8791472e-02   1.0535889e-01   3.3017701e-01  -5.7694303e-03   2.8024486e-01   1.5539989e-01   4.6980470e-02   4.1868962e-01  -2.2974990e-01  -3.4283244e-02   6.2875290e-02   2.7657009e-01   2.8729301e-01   1.2547074e-01   3.6509854e-01   3.3868284e-01   2.5066037e-01   1.6129641e-01   4.2889967e-01   1.4243079e-01   3.9257489e-01   1.6147451e-01   6.1089903e-02   6.2662088e-02   2.5529590e-01   1.1906178e-01   7.2896524e-02  -7.0498135e-03   4.5952110e-01   2.8452835e-01   1.4310543e-01   5.7978381e-01   8.5469505e-02   1.5769513e-01  -2.5088660e-01   4.4235126e-01   1.8261622e-01   2.8572087e-01  -3.0721013e-01   2.2753523e-01   3.9449617e-01   1.3094292e-01  -3.6453664e-02   2.8448351e-01   2.6130107e-01   1.1371607e-02   2.2964101e-01  -1.0074970e-01   4.2557493e-01   1.5879233e-01   5.0841316e-01   2.0863513e-01  -2.3593936e-02   3.4894862e-01   1.8707565e-01   2.6154625e-01   1.7902018e-01   3.1459993e-01  -4.3682145e-01  -1.6628714e-01   8.4580200e-02  -8.0274987e-02   2.0009989e-01   3.0581779e-02  -1.2673882e-02   2.0112246e-01   3.3670950e-01   3.8208475e-01   2.6437904e-01   1.3480128e-01   2.2511562e-01  -1.4545400e-01  -1.5664588e-01  -3.3792878e-01  -2.1641402e-01   2.7513253e-01  -1.9248896e-01   3.8435874e-01   2.2505577e-01   5.1322147e-02   1.6166554e-01   1.3744710e-01   2.3194521e-01   2.8097788e-01   2.3895357e-01   1.3777771e-01   3.2495948e-01   1.2001839e-01  -5.2979869e-02   1.3481679e-01   6.6443643e-02  -2.1964631e-01   3.0899993e-01   1.3765409e-01   3.5524618e-01   2.6335505e-01   2.0349125e-01  -1.6047931e-01  -2.2840762e-01   4.0971565e-01   2.5469409e-01   7.4874734e-02   2.8367520e-01   1.8902196e-01   2.9934265e-01  -3.2152096e-01   2.0546293e-01  -3.2385978e-02   2.3431984e-01  -1.1360650e-02  -1.3708220e-01   3.7779243e-01  -2.3099807e-01  -3.1741672e-02  -1.5954307e-01   7.0121741e-02   2.4308254e-01  -3.8346428e-01   3.0111286e-01  -1.1921342e-01   1.1099141e-01  -4.0499658e-02   4.7874591e-01   9.9780783e-02   1.2647477e-01  -9.0772522e-02  -2.9177927e-01   4.2072695e-01   1.5209637e-01   4.3930774e-01   3.4013622e-01   3.8325491e-01   1.3630373e-01   4.8972361e-01   8.2325838e-02   2.7895055e-01   2.1358698e-01  -2.5883887e-01   2.2984269e-01  -1.0411628e-01  -1.6055786e-01  -2.0841337e-01   2.5902580e-01   7.5894262e-03   4.1179839e-02  -1.9410704e-01   4.5861210e-01   3.1121188e-01   2.1316112e-01   2.3560331e-01   2.3957681e-01   4.2084995e-01   1.6298339e-01  -2.4879419e-01   5.6698517e-02   2.2443850e-01  -1.8701721e-01   2.5093332e-01  -5.0741396e-02  -2.6654586e-01  -1.0994936e-01   1.7146836e-01
  -2.5070308e-01   6.9868602e-01   1.9390557e-01   8.1477393e-02   2.4013029e-01  -3.1765493e-02   7.7374245e-02  -2.2168818e-01   5.1791956e-01  -7.0235791e-02   2.4898028e-01   0.0000000e+00   7.4748051e-02  -1.1674646e-01   1.0102324e-01  -1.2930543e-01   1.8136224e-01  -1.7311444e-01   5.3499508e-03   9.5020622e-02  -4.2780701e-01   1.9743315e-01  -1.9834759e-01   1.9077677e-03   8.6880457e-03  -1.2308405e-02  -1.0041551e-02   6.5761423e-02   3.4388538e-01   4.5465367e-03  -1.2253818e-01   2.0313753e-01   4.9535737e-02   1.5519653e-01   5.8798845e-01   9.6014832e-02  -9.7247330e-02  -2.1808474e-01  -1.2885329e-01  -1.6445557e-01   1.7453047e-01   7.2377102e-02   3.7500842e-01  -1.9713984e-01   2.8520889e-01  -1.4292154e-01   9.1008388e-02  -2.4437845e-01  -5.7496180e-02  -1.0936464e-01  -2.0900534e-01  -9.4562571e-02   1.4335177e-01  -2.4789332e-02  -2.3682202e-01  -8.8290342e-02   4.9494649e-03   3.0559454e-01   2.1311609e-01   5.4557610e-01   8.9056193e-02  -1.0377689e-01   6.0700018e-01   2.6031403e-02   3.7489125e-01  -5.8201207e-02  -1.0104118e-01   3.4407399e-02  -1.3239575e-01  -3.7912904e-02   2.5989717e-01  -1.3036155e-01   2.0962433e-01   7.9104914e-02   2.1121431e-02   3.8797879e-01  -1.5380695e-01  -2.6313160e-04   4.3603853e-01   5.0179786e-02  -1.3829583e-01   1.9764252e-01  -2.2784267e-02  -1.6438352e-01  -2.5867857e-01   4.2682088e-01   2.3714716e-01  -7.5012275e-02   2.4573129e-01  -2.3572416e-01   4.6159386e-01  -1.2817565e-02   3.6402624e-01   3.0596155e-01  -2.7076955e-01   1.9767662e-01   8.0498189e-02   1.6471929e-01   1.9142451e-01  -1.4374891e-01  -2.2322764e-01   4.0765833e-01  -1.3978719e-01   3.7181011e-01   3.3836880e-02   2.4520982e-01  -1.4494912e-01   5.3307459e-02   1.3903777e-01   2.7277475e-02   3.6012020e-01   1.5657280e-01  -5.1663888e-02  -2.6471470e-01  -1.7676282e-01   5.2322563e-01   6.4312082e-02  -1.8811272e-02  -3.6887244e-01   1.5191992e-01  -1.8055428e-01   3.6473320e-01   4.2099991e-01  -1.9088090e-02  -2.1720579e-01   2.3788282e-01   1.7888827e-01  -1.0299206e-01   3.1074495e-01   4.9543299e-02  -7.3273751e-02   3.5239164e-01   9.3334485e-02  -2.5428194e-01   1.7668473e-01   2.9784251e-01  -1.1835480e-02  -2.3360352e-01   1.8675549e-01  -2.0914148e-01  -2.1073125e-01  -3.2593600e-01   2.3714355e-01  -4.8335406e-03   1.1731063e-01  -2.1955616e-01   2.1241995e-01   2.5980028e-01  -1.3387805e-01  -1.6175323e-01  -9.1198781e-02  -2.5670573e-01  -1.4814752e-01   5.4309660e-01   5.2675185e-01  -2.4866045e-01   4.6848748e-02   1.9493778e-01   1.1001151e-01  -8.4922188e-02  -2.2411500e-02   3.9675170e-01  -2.5143767e-01  -1.6926537e-01   1.1234259e-01   4.5907252e-01   5.0059645e-01  -1.5208191e-01  -1.1343133e-01   2.3623652e-01   4.9662162e-01  -3.1875807e-01  -1.1507707e-01  -4.2097467e-03  -1.6063716e-01  -1.3185534e-02   5.8834145e-02
  -3.4675906e-03   1.2825060e-01  -9.7917581e-02   1.6888509e-01   3.6717240e-01  -1.6348863e-01   3.6683805e-02  -9.7481844e-02  -2.2750384e-02   3.5431899e-01  -1.3112225e-02   7.4748051e-02   0.0000000e+00   8.8743294e-02   3.6823062e-02   3.4082405e-01  -1.0409706e-03   1.0320383e-01   2.3487072e-01   3.3899030e-01   4.1707550e-02  -3.1275705e-01   1.6543252e-01  -1.9989640e-01   1.1445940e-01   9.6393037e-03   2.9331478e-01   6.7831249e-03   2.0987207e-01   2.3077948e-02   1.8037213e-01   5.8440230e-02  -3.3479643e-02   3.5099598e-01  -1.3443914e-02   2.7823613e-01   8.4634283e-02  -9.3723167e-02   1.7047547e-01   8.8297821e-02   5.9786155e-01  -1.3393328e-01   2.5199912e-01  -1.2894618e-01   3.7143794e-01  -1.8331395e-01   3.8837190e-02   4.2828636e-02   2.2169970e-01  -1.6591102e-01   1.7877678e-01   3.3820799e-02   9.1292639e-02   2.2441287e-01  -4.8781869e-02  -1.4815255e-01   4.9881391e-02  -4.6064637e-02   2.6750957e-01  -9.4561074e-02  -3.6892600e-02   2.6378442e-01  -2.6580371e-02   1.1697249e-01   1.3254692e-01   8.8561164e-02  -7.5669967e-02  -9.2647817e-02  -1.4877337e-01  -1.5681559e-01   1.0674380e-01   3.5853009e-01   5.6718990e-01   9.6571068e-02   1.1941281e-01   1.6293394e-01  -7.0866955e-02   1.7462961e-01   3.8287863e-02   3.3630155e-01  -1.4780465e-01   1.1285898e-01   1.6109109e-01  -3.0073075e-02   3.4385177e-02   3.5621829e-02   9.9041952e-04  -6.2846111e-03  -2.2784295e-01  -1.9874400e-01   1.1510647e-01  -9.3391144e-02   1.4566208e-01  -4.5446256e-02  -6.5540120e-02   4.0825245e-01   3.3890036e-01   2.7046768e-01   2.0145772e-01   3.4302618e-01  -6.6119799e-02  -6.4730606e-02  -2.3808519e-01   1.7265129e-02   1.7388321e-01   1.6343265e-01   3.0973854e-01  -1.0688019e-01   3.2447160e-02   1.5851218e-01   8.2653647e-02  -9.9438922e-03   5.7380134e-02  -2.0121908e-01  -2.1834858e-01   2.9723162e-01   3.3743372e-01   6.1011816e-01  -2.6843727e-01   2.7259889e-01  -1.3274959e-01   1.0899463e-01   1.0223223e-01   1.5976285e-02  -1.7630858e-01  -6.4399244e-02   2.3232478e-01   1.9593936e-01  -8.6671756e-02  -8.4169710e-02   2.2842267e-01   2.1444083e-01   2.0932170e-01   7.4183182e-02   5.8163114e-02   7.1694361e-02   2.4945031e-01   2.4598132e-02   1.1875491e-01   1.6591957e-02   1.3288593e-02   5.0001178e-01   1.1843485e-01  -2.6638632e-01   1.2205902e-01   2.2460580e-01   4.7343262e-02   2.3956433e-01   1.6767418e-02   1.7138006e-01  -2.2478529e-01  -1.2684407e-01  -1.0603812e-01   1.3445457e-01  -7.0829098e-02  -2.3884719e-01   2.6567911e-03   3.5264182e-01   2.2792137e-02  -1.2542346e-01   1.8184878e-01  -1.2098640e-01   7.0872390e-02  -9.9260239e-02  -8.6622208e-02   1.5593501e-01  -1.2647895e-01  -2.1817527e-01  -1.3317738e-02   5.7897418e-02   1.6261480e-01  -2.1580172e-01   1.9225828e-01  -2.7367796e-01   4.6840148e-02   1.0449094e-02  -5.6419421e-03
   5.3390232e-01   1.9760621e-02   1.2413606e-01  -1.3318163e-03   1.3284146e-01  -7.6890131e-02   1.0292074e-01  -1.0784547e-01  -5.3718629e-02  -4.6699704e-02  -1.5125133e-01  -1.1674646e-01   8.8743294e-02   0.0000000e+00  -2.0013793e-01  -3.9527420e-02  -4.2867579e-02   1.9090006e-01   8.2868501e-02   1.4002919e-01   6.8463469e-02  -1.1014490e-01   1.0405485e-01   4.2951633e-01   1.5835778e-01   5.4901121e-02   3.7262148e-01   1.5937773e-01  -1.7782249e-01   2.9471590e-01   1.3903025e-02  -1.2858397e-02  -2.1096739e-02   1.9209856e-01   2.7072647e-02   1.9132456e-01  -1.5689164e-01   3.4359220e-02  -8.4947419e-02   1.3329588e-01   9.4242310e-02   1.7613032e-01  -1.0675355e-01  -5.4204011e-02  -4.9203944e-02  -1.2195800e-02   7.6805732e-02   4.2922895e-02   6.0885386e-02   1.1467626e-01   1.4772817e-01   1.9422770e-01  -1.0294461e-01   1.8231051e-01   4.3728360e-01  -8.6171231e-02   9.7749261e-03   8.7389611e-02  -3.4888140e-02   2.7185442e-01  -2.0284027e-01   4.1251739e-02  -2.6754818e-01  -8.4668106e-02  -1.6358734e-01  -4.1724765e-02  -1.5172634e-01  -2.6617048e-01   9.7564764e-02   1.6761771e-02  -2.2529675e-01   1.7760388e-01   2.4970275e-02   9.4229731e-02   3.1078882e-02  -1.6030662e-01  -1.3266846e-01  -1.5215999e-02  -1.5064661e-03   1.0096177e-01   2.9665653e-01  -3.7157429e-01  -2.6403966e-01  -3.9934393e-02  -4.6777450e-02  -9.4400219e-02   2.8024368e-01   6.0101816e-01   3.2927409e-02   1.5235418e-01  -2.1783457e-01   8.5306834e-03  -8.3180397e-02   8.3685132e-02  -7.2907613e-02   1.2551881e-01   1.7719283e-01  -6.2176576e-02   2.8750970e-02  -2.8499573e-02  -1.8319482e-01  -2.8940955e-01   6.2654449e-02   2.0835604e-01   1.2488731e-01   2.7216418e-02   1.7911634e-01  -1.6605834e-01  -1.7766877e-01   4.0796112e-02  -1.5714458e-01   2.9836067e-01   7.6832040e-02   1.4959604e-01   3.9511647e-02  -4.9059276e-02   1.7620375e-01   1.1743484e-01  -2.3072598e-02   1.4422481e-01  -5.3372380e-03  -6.6427043e-02  -2.0055008e-01  -1.7571205e-02   1.0903565e-01   5.0741805e-01  -4.0225960e-02   2.1457067e-01  -2.0104240e-01  -6.4197196e-03  -2.6558728e-01  -1.3363695e-01   3.0976888e-01  -3.7810246e-02   2.2499396e-02  -1.5796466e-01   1.1824661e-01   7.0202988e-02  -3.8144894e-02   1.9867068e-01   6.2298632e-01  -1.2764126e-02  -2.3834086e-01   1.2029858e-01  -1.4732451e-01   1.8154718e-01  -9.4794129e-02   2.4408172e-02   1.4831718e-01  -6.6203937e-02   4.1199441e-02   2.1975653e-01  -5.4412334e-02   4.6974136e-02   2.4099826e-01   2.6533861e-01  -1.8902691e-01  -1.8247586e-02   3.5504460e-02   3.3820511e-01  -2.7985613e-02  -4.0211903e-03  -1.5297578e-01   2.7222889e-01   3.7957891e-01  -1.5314910e-01  -6.9640177e-02   8.8613613e-02   2.5631238e-01  -1.0611799e-01  -1.2538392e-01  -1.2560080e-01   8.0452931e-02  -1.6517171e-02   1.4166156e-01   2.9025381e-01   1.2342432e-01
