   0.0000000e+00  -1.0855535e-01   9.3746403e-02  -2.3005677e-01  -3.4413190e-01  -4.2693812e-02  -7.6305785e-02   2.8909817e-01   6.1267703e-02  -3.7668201e-01  -1.1144141e-01   2.8863590e-02  -4.1837027e-02   2.0184949e-02  -1.0645457e-01  -2.1151294e-01   4.6494076e-03  -7.0569165e-02   2.7097289e-01  -4.4825186e-01  -3.3745712e-01   3.4918576e-02  -2.0140988e-02   5.6039455e-01  -2.2840948e-02   9.1704629e-02  -4.4021264e-01   4.1850921e-01  -2.2134068e-01  -1.3514186e-01  -3.1991622e-01  -3.8512945e-02   2.2360409e-01  -3.1489469e-01  -2.0877640e-01  -3.5747641e-01  -1.7211108e-01   5.5784576e-01  -1.1465555e-01  -3.2547716e-01   9.4745853e-02   1.0329853e-01  -3.9270357e-02   1.9100926e-01  -1.7924136e-01   5.4581760e-01  -1.9258791e-01  -1.2850437e-01  -2.3800622e-01  -7.2993347e-02  -1.6110343e-01   2.4211926e-01  -1.6452671e-01   3.5740031e-02   2.3363234e-02  -4.4700030e-02   1.6894980e-01  -4.0983194e-02  -2.5682932e-01   1.4407499e-02   4.2197637e-01  -3.1724128e-01  -9.6076593e-02  -1.7002642e-01  -1.1560074e-01  -3.3938556e-01  -4.7853862e-03  -2.4571858e-01  -9.8869139e-02   3.0141720e-01  -2.9258492e-01  -3.9730007e-01  -2.6202536e-01   3.0726231e-01   3.2381024e-02   1.2646826e-01   4.7572041e-01   7.8793631e-02  -2.2155991e-01  -1.3085391e-01   3.8224590e-01  -3.0928241e-01  -2.1321754e-01   3.3663984e-01   2.3081146e-01   2.5448728e-01  -1.8716077e-01   2.4373245e-01  -2.1816448e-03   5.6988829e-01   1.0731432e-01   4.5194553e-01  -3.2188643e-01  -1.6220912e-01   5.3563384e-01  -5.1895998e-01  -2.5843317e-01   2.4523357e-02  -4.2600674e-01  -3.1844483e-01  -1.1742441e-02  -3.9416131e-02   3.8606294e-01  -4.3235368e-02  -3.0831026e-01   2.8941792e-02   3.4406108e-02   9.3595064e-03  -3.9041197e-01  -2.0987019e-01  -5.2325181e-02   2.4818557e-01  -1.0812344e-01   5.6349393e-01   1.6333914e-01  -2.5550750e-01   2.8471074e-02  -1.3060538e-01   4.3276784e-01  -2.6622408e-01   7.0147410e-01  -3.5690549e-01  -1.7507013e-01  -1.7810266e-01   6.9487266e-01   4.2714033e-01  -3.1873395e-01  -5.3195004e-02  -1.7851005e-01   1.1068951e-02  -2.7472595e-01  -2.8260394e-01   1.9675364e-01  -2.0685463e-01  -6.8322674e-02   2.1861507e-01  -1.6430110e-01   2.0897060e-01   2.7177731e-01   6.1416056e-01   2.3528670e-01  -1.5417662e-01  -1.0405533e-01  -5.3319402e-02  -6.8061733e-02   7.4655983e-02  -1.6172645e-01   1.4293133e-01  -1.3073534e-01  -2.4491424e-02   3.9046093e-01   3.8867374e-01   4.4301832e-01  -8.6067033e-02  -9.1825249e-02   6.2083303e-01   5.6869629e-01  -5.3443838e-01   2.5414433e-01   4.1865852e-01  -4.3379706e-01   1.8062078e-01  -1.5082330e-01  -3.1537269e-01   1.5322823e-03  -4.3335809e-01  -1.6742471e-02   2.3065790e-01   3.9752722e-01  -1.2396140e-01  -1.0814345e-02   5.9538978e-01  -3.1632968e-01   2.6188008e-02  -2.4243549e-01  -2.6657030e-01  -5.7930696e-02
  -1.0855535e-01   0.0000000e+00   1.1249964e-01  -3.2211502e-01  -1.0691646e-01  -2.8546018e-01  -3.2294825e-01  -1.2368267e-02   5.4634817e-01  -1.1124134e-01  -3.8522980e-01   3.8029582e-01   4.7589142e-02   4.0241346e-03  -3.1914793e-01  -1.2991290e-01   3.0643890e-01  -5.0040005e-01   2.0313477e-02  -1.0881294e-01  -2.5821614e-01   2.3278993e-01  -4.7973746e-01   7.0154826e-02   1.5154299e-01   3.5223051e-02  -1.5071966e-01  -2.4028978e-01   3.8151978e-01  -2.6424024e-02  -1.3493203e-01  -5.6110792e-02   4.1534283e-02  -8.5928215e-02   4.9012895e-01  -3.9245684e-01   2.1132358e-01   2.6521859e-02  -3.2804145e-01  -9.6204930e-02  -2.1664724e-01  -7.3076981e-03   3.0232450e-01  -1.3717179e-01   2.0267061e-01   2.7290161e-02  -3.4567187e-01  -1.2663398e-01  -2.3838895e-01   2.9658103e-01  -3.7456488e-01   1.7771572e-01   1.3885370e-01   7.2994273e-02   3.0998014e-01  -1.6759931e-01  -5.9365317e-03   1.8157871e-01  -7.3517654e-02   4.6906835e-01   7.0857603e-02  -1.9490435e-01   3.0675236e-01   1.9473076e-01   9.0974436e-02  -2.0726795e-01  -3.6203436e-01  -2.2889884e-02  -1.9517943e-01  -1.5426623e-01   2.8523380e-01  -1.8469382e-01  -2.7749528e-01   6.1101482e-02   9.4452455e-02  -3.9033933e-02  -9.3872309e-02  -2.9785985e-02   2.0573431e-01  -2.1799547e-01  -3.1321647e-02  -2.0228765e-01  -3.9220136e-01   1.3954121e-01   1.8714045e-01  -1.5520296e-01   2.8896574e-01   2.4210104e-01   3.3020069e-01   1.2201427e-01   1.0891225e-01   4.4065094e-02   1.0429673e-01   3.7136118e-01  -1.5663670e-02  -1.9727219e-01  -1.6648071e-01  -2.0791431e-01  -1.1755042e-01   9.8532319e-02  -2.6482727e-01  -1.3871672e-02   1.2163153e-01   5.1963440e-01  -1.9709086e-01  -1.4180692e-02   1.1221829e-01  -6.0457137e-02  -1.8551845e-01  -4.0989547e-01  -1.4903162e-02  -2.6741540e-02  -1.1956139e-01   1.0481546e-01  -2.2731441e-01   1.3436679e-01   5.7852885e-02  -1.2055044e-01  -2.0066729e-01  -2.0798152e-01  -1.4471986e-01  -3.8324236e-02   3.4496817e-01   9.4282406e-02  -6.7357143e-02  -1.2404211e-01  -4.7467790e-02   2.3958519e-01  -1.0602286e-01  -1.2992225e-01  -9.4702055e-02  -1.7320255e-01   5.4248165e-01  -2.7436075e-01   2.6944656e-01   1.7689230e-01   4.7529538e-04  -7.5576679e-02   4.9229349e-02   6.8275630e-02   3.8174660e-01  -8.3113529e-02  -1.2765207e-01   4.2791648e-02  -2.4897881e-01   2.8521079e-01   4.3536931e-02   5.4171438e-02  -1.3136662e-01   6.2792916e-02   1.1447384e-01   1.2255422e-01   7.5719788e-02  -6.7342568e-02   4.8913944e-01  -2.5730146e-02  -8.4843083e-02  -1.9339356e-01  -4.7865449e-02   9.4436499e-02   2.1609552e-01  -2.9360958e-01  -1.7743659e-01  -2.2531674e-01   1.5844900e-01   1.9754047e-01   1.3666810e-01  -6.4943449e-02   1.5422075e-02   4.7627342e-02   3.8877089e-02   3.4204501e-02  -1.4217824e-01  -1.5304830e-01  -1.0167587e-01  -2.0997184e-01   1.6266607e-01
   9.3746403e-02   1.1249964e-01   0.0000000e+00  -1.6523977e-01   8.4903339e-02   2.2942550e-01  -1.5129994e-01   3.6278073e-01   7.6569354e-02  -1.6398490e-02  -1.4574163e-01   3.4934580e-01  -2.5851520e-01  -2.3288167e-01  -2.1572527e-01   2.0880630e-02   6.3046954e-01  -1.3480024e-01   2.7470222e-01   7.4459608e-02  -3.1694227e-01   2.8027174e-02  -1.8587431e-01   1.5543886e-02   9.3720795e-02   1.9796239e-01  -8.3459371e-02  -1.6910028e-03   2.3399676e-02  -4.3278340e-02  -1.8949269e-01  -2.9570366e-01   2.1555730e-01  -1.2145908e-01  -1.3957453e-01   1.4187411e-02  -2.3342564e-03   1.2056076e-01  -7.3127186e-02   1.9480945e-01  -1.2067073e-01  -6.9045721e-02  -9.1244737e-02   2.2823757e-01  -1.3766132e-03   3.6351404e-01  -2.3473865e-01  -3.7488266e-01  -2.5226360e-01   5.7639892e-01  -1.2812681e-01   4.0194754e-01  -1.1222247e-01   3.2445956e-02  -2.7392305e-02   1.0351098e-01   3.3567516e-01   5.8426687e-02  -1.7671254e-01   1.9760579e-01   4.8198807e-01   8.1024833e-02  -1.2244768e-01   1.7461834e-01  -3.8512161e-01   4.9625357e-02   1.9955556e-01  -3.4335265e-02  -3.1561796e-01   5.6400990e-01  -1.6608270e-01  -2.3451177e-01  -1.3892293e-01   3.9255966e-01   5.1460520e-02   5.8218009e-02   2.6634389e-01   1.3578192e-01   3.3489051e-02  -2.4504965e-01   2.9106393e-01  -1.3366820e-01   1.1256871e-02   3.1131665e-01   2.1940149e-01   3.8833316e-02  -1.4787838e-01   2.4310286e-02  -4.6617316e-03   1.3817792e-01  -1.5472642e-02   5.1981272e-01   4.5749616e-01  -9.0004516e-02   6.1903372e-02   2.6176398e-02  -1.5978481e-01   1.0172123e-01  -9.6116560e-02  -2.3136097e-01  -2.1948584e-01   2.2248415e-01   1.1383967e-01  -1.3490467e-01  -3.9797002e-02  -7.8793267e-02  -1.6142877e-01   1.1642839e-01  -5.4000787e-02   1.3810250e-01   3.2380190e-01  -4.5041453e-03   9.5788647e-02   1.6047104e-01  -6.4326318e-02  -1.7692864e-01   1.0636660e-01   6.1332664e-02  -6.3029983e-02  -1.6814925e-01   2.1654693e-01   4.1661582e-03   3.3946192e-02  -1.2611979e-01   1.3698371e-01  -8.4987834e-02   9.9851855e-02  -1.7958085e-01  -3.6079796e-01   3.9249613e-01   1.2785852e-01  -1.8339722e-01   2.4070296e-01  -1.7125075e-01   4.7439831e-02   1.3454183e-01  -1.2339785e-01  -1.8084991e-02   1.8503073e-01   9.9216925e-02  -4.4056673e-02  -1.0532856e-01   1.6516143e-01   5.4473660e-01  -6.0192842e-02  -4.9617332e-02  -5.0383563e-02   1.5432537e-01   1.8263823e-01  -2.0222793e-01   2.6324390e-01   6.8100149e-02   2.3658587e-01  -5.5980400e-02   3.7263300e-01   1.6764475e-01   1.9714455e-01  -3.3651735e-01   4.0642314e-01   2.4481454e-01  -2.9112291e-01   1.2853387e-01  -7.1751086e-02  -1.9007566e-01   3.7548923e-02   4.8386508e-02   9.3131119e-02  -9.4783104e-02   1.2084831e-01   2.8051768e-02   2.3041790e-01   1.4771782e-01  -3.1764825e-01   2.9502163e-01  -1.1321692e-01  -1.2122056e-01   1.9327001e-01
  -2.3005677e-01  -3.2211502e-01  -1.6523977e-01   0.0000000e+00   8.1720465e-02   3.0481296e-01   3.1514435e-01  -3.5209466e-02   4.6372714e-03  -5.8108126e-02   1.5638850e-01  -7.4373348e-02  -4.0443284e-01   2.8917874e-02  -4.0722565e-02   1.6807212e-01  -3.3798776e-01   3.6424255e-01  -1.8526285e-01   3.6269597e-01   2.0409784e-01  -4.8448208e-02   2.5115052e-01  -1.7473817e-01   1.2687638e-01  -4.7787473e-02   2.3930154e-01  -2.3756630e-01  -3.5412109e-02   5.2403104e-01  -1.1687077e-01   3.2180196e-01  -5.5413572e-03  -5.7623879e-02  -9.3976361e-02   4.2692876e-01   1.5421057e-01  -7.9452245e-02   3.0860908e-01   2.5113089e-02   2.5138794e-02  -7.8632505e-02   9.8046651e-02   1.2926142e-01  -1.5725355e-01  -2.6083479e-01   4.4597145e-01   3.4748229e-01   1.3934822e-01  -1.6879945e-01   2.7094501e-01  -1.7486058e-01  -1.6716129e-01  -3.9866441e-02   9.9868887e-03   3.8577773e-01  -5.5200213e-02   1.5145499e-01   3.9009005e-01  -1.4119770e-01  -2.4390975e-01  -7.6000682e-02  -4.7632008e-03   9.8543191e-02  -7.0424108e-02   2.6833926e-01   3.4462324e-01   1.2867418e-01   2.7156863e-01   4.5586100e-02  -2.2377325e-01   4.1447565e-01   1.4554649e-01  -1.3403623e-01  -2.0971859e-01   1.8977053e-01  -8.6585865e-02   4.9549069e-02   1.4363998e-01   3.5986168e-01  -4.4075042e-01   1.2197980e-01   2.3991402e-01  -2.4018561e-01  -9.6185391e-02  -8.5483607e-02  -1.0997579e-01  -2.0024882e-01   1.9147300e-01  -2.4587967e-02  -2.3620258e-01  -1.5913464e-01  -5.7429675e-02   1.6312802e-01  -2.6644684e-02   1.1798531e-01   4.0223143e-01  -9.7874940e-02   1.1781288e-01  -8.4872586e-02  -1.7487250e-01   1.0453097e-02  -8.0069727e-02  -4.7324734e-02   3.7019198e-01   4.4809511e-01   1.0323383e-02   1.8914223e-01  -8.9618503e-02   3.4877406e-01  -2.7274889e-01   1.7465725e-01   4.6051634e-01  -2.7952870e-01  -1.3250860e-01   7.5682981e-02  -1.0559397e-01  -4.1844144e-02   6.8528797e-02   5.4899241e-01  -1.8515382e-01  -1.3237696e-01   3.2408812e-02  -5.7881453e-02  -9.0343680e-02  -8.1178444e-02   1.5041238e-01  -7.0544865e-02   4.3542677e-01  -3.2549418e-02  -1.5828999e-01   1.8202559e-01  -1.6741331e-01   1.3397733e-01   2.6360871e-01   9.9299059e-02   1.3319858e-01  -1.3243972e-01  -6.4700009e-02  -1.2008582e-01  -1.3388031e-01  -1.1357250e-01  -8.2348809e-02   6.6236933e-02  -3.4525074e-02  -1.2051238e-02  -1.2874224e-01  -7.9395439e-02   2.3902786e-01  -2.3400910e-01  -2.2187270e-01  -2.6550671e-01  -1.6424333e-01  -2.4611527e-02  -2.1250459e-01  -1.6689298e-01  -1.0413933e-01   3.6382761e-01  -1.8667136e-02  -2.9012237e-01   1.5516206e-01   1.8800273e-01  -1.0141120e-01   3.3476024e-01   2.1504318e-01  -2.1805583e-02  -1.7883655e-01  -2.6075019e-02  -7.8232883e-02  -8.9555544e-02  -4.0104903e-01  -1.8517454e-01   2.5200868e-01   2.7587090e-02   2.5925933e-02   2.1290406e-01   2.6017420e-01
  -3.4413190e-01  -1.0691646e-01   8.4903339e-02   8.1720465e-02   0.0000000e+00   9.5034201e-02  -1.1733824e-01  -1.2039164e-01  -4.9445255e-02   2.4856339e-01   1.3373740e-01   1.5306611e-01   1.2035734e-01   1.1899165e-01   8.0903557e-02   1.1832184e-03   1.2247573e-01  -3.0660135e-04  -1.7787395e-01   4.1542662e-01   2.7213028e-02   4.6345842e-02  -1.2650338e-01  -1.7122780e-01   1.2833856e-01  -3.9518319e-02   6.3983918e-02  -2.8744386e-01   2.0226074e-01   1.5339592e-01   7.8049137e-02  -2.1512300e-02  -1.9134517e-01  -8.8144106e-03  -2.1767492e-02   3.8773450e-01   7.4922239e-02  -2.2507038e-01  -9.9406984e-02   2.4767741e-01  -4.6927268e-03   1.9446471e-01  -6.5745186e-02   3.6616277e-02   1.5512951e-01  -2.4783471e-01  -3.4813400e-03   2.1472304e-02   1.4492998e-01   1.0543983e-01   1.7413571e-01   4.0538981e-03   4.5011893e-02   1.2145134e-01   8.7152382e-02  -1.1960426e-01   1.6183144e-04   1.3551729e-01   6.4739259e-02   6.0432302e-02   8.8291607e-03   3.1677336e-01   3.6223885e-02  -2.3981162e-01   5.8145168e-03   1.8505240e-01  -6.3976824e-02   3.6954821e-01  -6.6511141e-02  -9.4008004e-02   4.1476393e-02   3.0693303e-01   2.4118137e-01   1.3780906e-01   1.7062788e-01   2.7144138e-02  -1.0336772e-01   9.9694493e-03   4.2382788e-01   2.6865870e-01  -2.8436578e-01   2.0515897e-02   1.1506482e-01  -1.4780610e-01  -1.0233310e-01   3.8143864e-02   8.7333010e-02   1.6329203e-01   1.6754620e-02  -1.4024228e-01   6.8037789e-02   7.1914071e-03   2.1040961e-01   4.9021553e-02  -2.2286755e-01   4.8587540e-01   3.9694304e-01   3.5531649e-02   1.7278439e-01   1.8840386e-04  -1.9236422e-01  -3.4378954e-02  -2.1409108e-01  -7.0996695e-03   2.0006123e-01   5.4117254e-02  -4.7156938e-02  -1.0836295e-02   1.3145256e-01   2.0374157e-01  -1.7501212e-01  -9.0555533e-02   2.3582705e-01  -1.9777138e-01  -3.8657870e-01   1.1715197e-01  -1.2916148e-01  -7.5070487e-02  -3.4308974e-01   1.6010518e-01  -1.6076918e-01   4.7178825e-01   1.0278077e-01   5.6259173e-03  -2.3963255e-01   5.9694041e-02   3.9667149e-01   6.0309199e-02   4.8020995e-02  -7.4355055e-02   4.4034065e-02  -9.2723925e-03   3.4694088e-02  -7.3913630e-02   6.5762549e-02  -3.2199803e-01   3.0029027e-01  -2.9881106e-01  -2.0062530e-01  -2.4798479e-01  -7.4047307e-03   1.5134877e-02   5.1124864e-02   2.2934548e-01   1.0512076e-01   9.1099098e-02  -1.8205311e-01  -1.5282392e-01   2.4210802e-01   1.1240962e-02  -1.9802987e-01  -2.1702457e-01  -3.6550152e-02  -5.0887085e-02   4.7092236e-02  -6.8389335e-02  -9.8799577e-02   2.4995406e-01   1.7635975e-01  -2.4040640e-01   3.4310470e-01   6.1480714e-02   5.0760193e-02   1.0687541e-01   1.4118291e-01   2.0284736e-01  -8.0061211e-02  -5.7188719e-02  -3.0332764e-02   9.9715152e-02   1.6749347e-01  -2.4153410e-01   2.1181295e-01   5.4192599e-02   1.1148836e-01   2.1727977e-01   1.3132373e-01
  -4.2693812e-02  -2.8546018e-01   2.2942550e-01   3.0481296e-01   9.5034201e-02   0.0000000e+00   1.6306259e-01   3.8186123e-01  -1.5264379e-01  -3.9895716e-02   1.3160245e-01  -1.5611704e-01   1.0582328e-01  -2.9425301e-01   1.2709950e-01   1.2214491e-01  -6.3867669e-02   1.4838658e-01   2.1272936e-01   3.2072513e-02  -1.7430267e-01   1.2139904e-01   3.7267369e-01  -1.6919014e-01   1.9434478e-01   2.8709637e-01   2.2053636e-01   2.6363112e-01   1.1873105e-01   2.0767082e-01  -2.5513813e-01   6.8809997e-02  -4.8162665e-02   1.8478483e-01  -2.9167473e-01   2.7736275e-01  -2.3489228e-01   9.1512536e-02   1.1079134e-01   4.8116831e-02   2.4118849e-01  -1.4309304e-01  -1.7042628e-01   3.6474340e-01  -3.2128645e-02   2.1052185e-01   2.6663775e-01   1.7381438e-04  -1.3021097e-01  -6.5184722e-03   3.9462896e-01   2.2948181e-01  -2.4602426e-01  -3.2803282e-01  -2.2490579e-01   5.0421799e-01   5.4984026e-01   1.8676815e-02   8.6539408e-02  -2.1696763e-01   1.9968154e-01   2.9781197e-01  -3.0950411e-01   2.0449143e-02  -1.9858505e-01   2.6489698e-01   6.2086348e-01  -9.8483945e-02   2.5754135e-01   3.7542526e-01  -4.2910927e-01   2.6184358e-01   4.5312389e-02  -1.3747237e-01  -2.3397094e-01   1.6734458e-01   3.2071619e-01   3.1087503e-01  -5.5551574e-02   1.1800565e-01   5.0630214e-03  -5.2858568e-02   2.5897511e-01   4.7269733e-02  -1.3697349e-01  -4.3160793e-03  -4.5099613e-01  -2.9025285e-01  -7.7354586e-02  -2.8335492e-02  -2.0968957e-01   2.3011327e-01   8.9591155e-02  -6.0650424e-02   1.2635663e-01   1.0977772e-02   4.2579245e-02   2.4507113e-01   2.4713313e-01  -1.4297275e-01  -2.1082537e-01   3.5523920e-01  -9.3404597e-03  -2.8815031e-01   2.6912441e-01   2.2765371e-01  -1.3995972e-01   4.3522566e-01   3.3064602e-02   2.5876262e-01   1.7438745e-01   1.5881355e-01   3.3654389e-01  -1.3884642e-01   1.0191410e-01  -2.7263975e-01   2.4438223e-01   1.4036262e-01   1.8628861e-01   2.8794545e-01  -4.6927599e-02   2.5507869e-02  -2.5112295e-01  -1.9195406e-01   2.4015518e-01  -1.6487601e-01   1.3269995e-01  -2.6636308e-01   5.0552992e-02   3.7952812e-01   1.4268823e-01   2.3494408e-01  -2.8263803e-01   1.3000599e-03  -9.1062911e-02   1.0429137e-01  -7.4687608e-02  -5.3075572e-02   3.7322545e-02  -5.9711142e-02  -3.4737949e-01   2.1138897e-02   4.4808274e-03   1.3072110e-01   8.8394229e-02  -1.0893333e-01  -3.6968782e-02  -1.6379691e-01   2.8586180e-01  -3.8247085e-01   3.6701740e-02   9.4121403e-02  -7.3416112e-02   5.4289376e-02  -1.9158284e-01   3.9146906e-02   2.6225312e-01   1.7106777e-01   2.1980020e-01   1.0769428e-01  -1.5731608e-01   2.3342112e-01  -1.1020909e-01   3.8016492e-02   9.5359174e-02  -2.8322891e-01   2.7797078e-01   7.3282367e-02  -5.4138996e-02  -2.1157828e-01   7.3544285e-02   1.0312855e-01   5.6363824e-02   1.9735520e-01   2.2738312e-02  -1.4516787e-01   1.0490889e-01
  -7.6305785e-02  -3.2294825e-01  -1.5129994e-01   3.1514435e-01  -1.1733824e-01   1.6306259e-01   0.0000000e+00  -1.4924978e-01  -4.1123163e-01   1.8992851e-03   3.8868027e-01   4.2648236e-02  -1.1978093e-01   5.3972655e-02   2.3940691e-01   3.8203721e-01  -3.1266270e-01   6.0872723e-01  -1.3858220e-01   2.6846904e-01   3.7607838e-01  -1.6308548e-01   5.7673648e-01  -2.8862053e-01  -7.9112906e-02  -1.8905482e-01   2.9277952e-01   1.1939906e-01  -1.8367013e-03   3.3629436e-01   1.4274681e-01   2.2442919e-01   1.2740428e-01   3.1871677e-01  -2.0066280e-01   4.2744270e-01   2.7933936e-02  -1.2457161e-01   4.8443374e-01   1.4275336e-01   4.1776995e-01  -6.2749075e-02  -1.8042393e-01  -2.5553228e-02   6.2911061e-02  -1.0536874e-01   5.1074675e-01   5.4910115e-01   2.1262443e-01  -2.3351208e-01   3.9543640e-01  -3.0968912e-01  -6.4355845e-02  -1.4630927e-01  -3.6938422e-01   2.7339481e-01  -2.7742976e-02  -5.1683206e-02   2.4513016e-01  -2.7760852e-01  -2.2328597e-01  -4.8635384e-02  -9.9164371e-02  -1.9631716e-01   1.2002468e-01   3.5319206e-01   2.8240759e-01  -1.2393700e-01   3.4157768e-01   1.9874188e-01   3.9568919e-02   3.1238398e-01   3.1227486e-01  -1.8999633e-01  -2.4174492e-01   1.4795665e-01  -2.9569881e-02  -7.2547401e-02  -9.1662535e-02   1.2712877e-01   2.4321543e-02   2.4634936e-01   2.5518345e-01  -2.6692751e-01  -2.5123033e-01   1.0717798e-01  -2.2695742e-01  -3.8581010e-01  -1.1650416e-01  -3.2842814e-01  -4.4205185e-02  -1.5463509e-01   4.0491076e-02  -1.3596976e-01  -1.3790755e-01   2.7538672e-02  -2.6403195e-02  -1.0236982e-01   8.7522338e-02   8.5718511e-02   1.1455442e-02   9.4698892e-02  -6.8781115e-02  -3.1061523e-01   4.0894819e-01   1.1317377e-01   3.8138744e-02   2.8441888e-02  -8.3372340e-03   3.9142493e-01   2.4235925e-01   2.0334272e-01   4.2090435e-01  -3.5032221e-01   3.1909147e-01   2.8060614e-03   9.3734905e-02   7.1281979e-02   1.5618598e-01   3.9795793e-01  -1.4184656e-01  -1.3436417e-01   5.0893161e-02  -1.7315354e-01  -9.7379948e-02  -2.9734508e-03   1.8686181e-01  -3.3904252e-01   1.8650859e-01   1.4929877e-01   1.5980950e-01   5.5737395e-01  -3.5324475e-01   4.4801597e-01   5.1424505e-03   1.5388189e-02  -1.3431616e-01   1.6087129e-01   1.0286534e-02  -3.8201136e-01  -4.0456822e-01  -1.4243758e-01   2.7925041e-02   5.2637480e-03   6.5485341e-02  -1.7250155e-01   1.4068799e-01  -8.2782157e-03   1.8609732e-01   1.1518826e-01  -2.1517912e-01  -1.3574038e-01  -2.9417365e-01  -3.8872940e-02  -1.4385638e-01  -2.5434799e-01  -2.0950636e-01   2.8209450e-01  -1.3908835e-01  -4.7944017e-02  -3.9857241e-02   4.0213331e-03   1.2485947e-01   2.9581002e-01  -5.3147265e-02  -2.9500788e-02   2.2385863e-01  -1.9794642e-01  -3.9620945e-01  -1.2384276e-01  -1.7668331e-01  -9.9611728e-02   1.9681803e-01   2.3103706e-01   7.7179475e-02   1.8292513e-01  -2.1709199e-01
   2.8909817e-01  -1.2368267e-02   3.6278073e-01  -3.5209466e-02  -1.2039164e-01   3.8186123e-01  -1.4924978e-01   0.0000000e+00   1.6578662e-01  -2.4588009e-01  -3.8990442e-02  -9.8601398e-02   1.4819950e-02  -3.9438232e-01  -1.4266747e-01  -1.1052629e-01   2.0705266e-01  -1.1194544e-01   3.1020663e-01  -1.1746553e-01  -3.7357742e-01   3.6724005e-01  -1.5932113e-01   1.3229141e-01   2.1740479e-01   4.2801911e-01  -1.7143127e-01   2.2409883e-01   3.8751062e-02   3.2492034e-02  -3.1796210e-01  -1.4079723e-01   1.1501557e-01  -4.5232299e-02  -4.9456466e-04  -1.1589418e-01  -7.7351780e-02   3.6122263e-01  -8.7618540e-02  -2.5312416e-01   6.7307723e-02   6.5661370e-02   7.5715788e-02   3.6408313e-01   1.4005286e-03   5.1944546e-01  -1.9270475e-01  -2.6549326e-01  -1.7000555e-01   3.2342628e-02  -1.0679892e-01   5.1660240e-01  -5.2035025e-02  -1.0128694e-01  -2.0406789e-01   7.4741319e-02   4.8231378e-01   1.7079019e-01  -1.5347975e-01   6.3866971e-02   3.9019866e-01  -9.2209912e-02  -1.2152978e-01   1.2035457e-01  -1.7934173e-01  -1.3957644e-01   2.2073461e-01  -2.8032103e-01  -3.1557967e-02   2.5537533e-01  -3.2281246e-01  -2.0363107e-01  -2.0787457e-01  -5.5179800e-02  -8.8901678e-02   3.1241681e-01   4.8780714e-01   4.7180473e-01  -1.7762646e-02  -2.3016659e-01   1.6549637e-01  -1.8726198e-01  -1.9203926e-03   6.0238574e-01   1.2749224e-01   7.0440029e-02  -1.8748912e-01  -6.7506754e-02  -3.4889067e-02   2.0290118e-01   1.0264773e-01   3.8722610e-01   1.0042167e-02   1.7388957e-01   3.6055085e-01  -2.7233620e-01  -2.0304198e-01   3.1243411e-01  -1.4555670e-01  -2.2015107e-01  -1.5047840e-01   1.2837724e-01   4.3785972e-01  -7.4160771e-02  -1.3190631e-01   6.5701198e-02  -1.7118807e-01   4.1248488e-01  -1.9273908e-01  -5.3691933e-03   1.5431522e-02   1.1868952e-01   1.4888831e-01   2.7301674e-01  -7.4233046e-02  -2.6103367e-01   1.2933785e-01   3.1549619e-02   3.5528754e-01  -1.2118192e-01   2.2837712e-01  -2.5773726e-01  -2.3901384e-01  -2.4215334e-01   4.3885922e-01  -2.2935000e-01  -2.3207645e-01  -1.3028420e-01  -6.5009872e-02   3.1618060e-01   4.6665215e-03  -1.5766860e-01  -1.5374250e-02  -2.4094756e-01   9.8877882e-02   4.1347081e-01  -2.4027594e-01   1.5697499e-01   4.0731691e-01   3.6272686e-01  -1.2014461e-01  -5.1718756e-02  -1.7031547e-02   9.7692910e-02  -3.0408467e-01  -4.7672371e-02   1.7517560e-02   1.6987723e-01  -1.7407852e-01  -2.2737946e-01   7.1903988e-02   4.4411874e-01   1.1421589e-01   1.4635221e-01   2.2273445e-01   3.8493740e-01   3.9587877e-01  -2.4627598e-01   3.3658366e-01   4.9574512e-01  -3.2094924e-01   4.8157811e-01  -2.1022703e-01  -1.6092743e-01   1.3639116e-01  -1.5757049e-01  -3.2628557e-02   1.9799904e-01  -3.5501587e-02  -1.9107888e-01   1.7593969e-01   3.1906600e-01  -1.5555943e-01   4.2279074e-02  -2.4421853e-01  -4.2242305e-01   2.8796595e-01
   6.1267703e-02   5.4634817e-01   7.6569354e-02   4.6372714e-03  -4.9445255e-02  -1.5264379e-01  -4.1123163e-01   1.6578662e-01   0.0000000e+00  -2.4940816e-01  -3.6266766e-01   1.5507448e-01  -2.6064414e-02   1.0552117e-01  -2.8688221e-01  -1.6693308e-01   8.5345271e-02  -3.5937829e-01   1.1321131e-01  -1.4933577e-01  -3.5343463e-01   4.0718646e-01  -5.0384409e-01   1.5661614e-01   1.4250293e-01   1.9603710e-01  -2.1456633e-01  -2.4490716e-01   2.1304543e-01   7.2445643e-02  -3.6736571e-01  -5.0844232e-02   4.3534988e-02  -2.9247331e-01   3.4749969e-01  -3.8698641e-01   1.2216159e-01   2.2716153e-01  -4.0100735e-01  -2.5448500e-01  -2.8011020e-01   2.4365121e-02   4.6975270e-01   1.2057818e-01   1.0374096e-01   1.2536021e-01  -3.0870153e-01  -2.8639580e-01  -2.5919029e-01   2.4744401e-01  -2.3185322e-01   2.7777560e-01  -1.2806895e-01   1.4574704e-01   5.9830006e-01  -1.5303767e-01   9.6280129e-02   4.2508394e-01  -7.3572955e-02   4.3339056e-01   2.3183201e-01  -1.0443785e-01   4.7977793e-01   3.7822689e-01   1.3565829e-01  -1.8638024e-01  -2.7671410e-01  -7.1172550e-02  -2.1278902e-01  -7.3037682e-02  -1.8266930e-01  -2.2161109e-01  -2.7223773e-01   1.4959394e-01   1.6961899e-01   1.4413137e-01   3.5608092e-02   6.2500684e-02   2.4284055e-01  -2.3501472e-01  -2.6634330e-01  -3.7080996e-01  -2.3128065e-01   3.1866299e-01   2.4750899e-01  -3.8813169e-02   2.9378956e-01   3.2137446e-01   5.3509090e-01   3.1067606e-01   1.5269534e-01   2.3771376e-02  -1.5788536e-01   6.6838525e-01   2.9881004e-01  -3.5773334e-01  -1.7590151e-02  -1.0625201e-02  -2.8477656e-01  -3.6607137e-02  -3.1601938e-01   5.6985874e-02   3.0850363e-01   7.4268551e-01  -7.3238204e-02   8.4088007e-02  -1.4274276e-01   9.6320660e-02  -2.7887673e-01  -3.7320695e-01  -3.8373467e-01   1.4380966e-01   5.6312663e-02   2.6043018e-01  -2.2552725e-01  -1.5856436e-01   1.0352222e-01  -2.5305508e-01  -1.0930871e-01  -8.2349517e-02   7.9594467e-03  -2.7278799e-01   2.8515368e-01   1.3512453e-01   2.4428580e-01  -7.2621027e-02  -6.5455658e-02   2.9688089e-01   9.8478258e-02  -2.8682534e-01  -3.3988202e-01  -3.4430810e-01   6.2098442e-01  -3.9116345e-01   4.7724129e-01   3.3594529e-01   1.0029114e-01  -2.5082712e-01   2.2021366e-01   3.2029209e-01   4.5224504e-01   2.0088749e-02  -1.2861596e-01  -7.4557647e-02  -1.5299293e-01   5.1922914e-01  -1.9018214e-01   1.0302052e-02  -1.2142979e-01  -1.0827170e-01   2.9559041e-01   1.2623838e-01   9.8976333e-02  -7.3354810e-02   2.2189252e-01   1.6875809e-01   1.3176870e-01  -2.8581385e-01   7.6825776e-02   2.1197975e-02   1.0598881e-01  -5.1446115e-02  -3.9071208e-01  -1.8604320e-01   2.8933512e-01   8.5862974e-02  -6.5547585e-02   1.3242073e-01   2.7669839e-01  -1.9370899e-01  -2.0247174e-01   1.1848731e-01  -1.4054411e-02  -1.1911658e-01  -1.2408595e-01  -2.4179164e-01   1.8908045e-01
  -3.7668201e-01  -1.1124134e-01  -1.6398490e-02  -5.8108126e-02   2.4856339e-01  -3.9895716e-02   1.8992851e-03  -2.4588009e-01  -2.4940816e-01   0.0000000e+00  -2.1234463e-02   5.1817984e-02   1.9628975e-01   2.2595583e-01   2.2639028e-01   7.0073262e-02  -1.8052748e-02  -2.2969368e-02  -1.9077424e-01   3.6795447e-01   3.4515351e-01  -3.0197069e-01   1.6654321e-01  -3.5231535e-01   3.1346847e-02   6.2312208e-02   1.4826159e-01  -2.0002189e-01   3.7659572e-02  -9.1747318e-02   2.5473046e-01  -9.3273663e-02  -9.4318971e-02   2.4866443e-01   6.0104090e-02   2.2497908e-01   2.3580514e-01  -4.5941603e-01   6.9959837e-02   2.8197586e-01  -8.4876899e-02  -2.9005520e-01  -3.2116774e-02  -1.7355570e-01   1.1246705e-01  -3.9652987e-01   3.2669313e-02   1.6257168e-01   2.5564048e-01  -6.8563282e-02   1.3831570e-01  -7.7086845e-02   1.7484938e-01  -2.4863144e-02  -1.4430869e-01  -1.3512169e-02  -2.4351992e-01  -1.1741388e-01   1.4083765e-01  -1.5044226e-01  -3.1972248e-01   3.5924272e-01  -4.5321784e-02  -1.0329913e-01   2.0443669e-01   4.8013536e-01   1.6037058e-01   3.2199415e-01  -1.1819373e-01  -1.1966569e-01   3.0705245e-01   1.6952614e-01   1.1734787e-02  -9.1654916e-02   9.4864806e-02  -5.1623233e-02  -3.7035733e-01  -2.1064399e-01   6.3019013e-02   2.7642454e-02  -8.1258970e-02   3.4372113e-01   1.0030385e-01  -2.5364869e-01  -5.1648203e-03  -1.0611705e-01   1.7119220e-01  -3.8176178e-01  -1.6354415e-01  -4.0820941e-01  -6.4201462e-02  -2.7550135e-01   4.1944122e-01  -1.8860792e-01  -5.1259860e-01   4.8608804e-01   1.8648354e-01   3.6092306e-03   2.1062194e-01   3.3638905e-01   1.0417530e-01   1.0224564e-01  -1.6547910e-01  -1.0060450e-01   2.7447040e-02  -3.2345037e-02   6.7485020e-03  -1.2336807e-01   4.9773943e-01   2.9070785e-01   3.0227751e-01  -3.1658678e-01  -9.9167554e-02  -2.4376773e-01  -8.5508369e-02   2.7169414e-01   5.3104713e-02   1.7777064e-01  -2.2925531e-01  -9.1193629e-02  -3.7035267e-01   3.7147015e-01  -7.8270052e-02   2.0529814e-01  -4.6119866e-01  -1.1346424e-01   2.4452914e-01   1.3375075e-02   1.3174583e-02   1.5789708e-01   1.2375116e-01   1.2537406e-01  -2.4830668e-01   3.2567730e-01  -1.5800174e-01  -4.0781141e-01   9.3505336e-02   1.2446009e-01  -1.2040524e-01  -3.6162962e-01  -2.8500990e-01   1.4171761e-02   1.3852376e-01   1.5543071e-01   1.7578336e-01  -3.9777863e-02   5.1761170e-01  -1.1309426e-01   3.0061917e-01   1.1009219e-01  -1.9958204e-01  -1.5124849e-01  -2.0130788e-01  -2.0487456e-01   8.0613160e-02  -4.6482344e-01  -3.7285441e-01   2.5060855e-01  -1.9207434e-01  -1.4691366e-01   1.1778261e-01  -1.8725431e-01   9.4683769e-02   5.5226495e-02  -2.7557935e-01   2.8809495e-01  -4.9113707e-02  -1.1533365e-01  -1.0666761e-01   3.4180512e-01   2.7021709e-01  -4.5047668e-01   1.8119807e-01   3.1819522e-02   1.6779911e-01   1.7231841e-01  -2.2195175e-01
  -1.1144141e-01  -3.8522980e-01  -1.4574163e-01   1.5638850e-01   1.3373740e-01   1.3160245e-01   3.8868027e-01  -3.8990442e-02  -3.6266766e-01  -2.1234463e-02   0.0000000e+00  -1.0238569e-01   4.8456275e-04  -1.1700396e-01   2.5594535e-01   1.0116820e-01  -2.9934447e-01   4.1673280e-01  -1.9889889e-01   2.2833961e-01   2.9505447e-01  -1.0769898e-01   4.6552009e-01  -2.9290638e-01  -1.2186695e-01  -3.7243527e-01   8.2411222e-02   1.1485148e-01  -1.6986724e-01   2.5591988e-01   2.7428793e-01   2.7864798e-01  -1.1438146e-02   3.0049594e-01  -2.8915293e-01   4.8413616e-01  -1.0674954e-01  -2.8211409e-01   3.3787787e-01   2.5618158e-01   3.3018611e-01   3.6404015e-03  -1.9077408e-01   2.6453354e-01  -1.7554311e-01  -2.0430558e-01   5.9024595e-01   4.0671593e-01   2.0153769e-02  -2.0269192e-01   3.1892968e-01  -2.8471611e-01   1.1089997e-01  -1.8469220e-02  -3.8262362e-01   2.9236613e-01  -1.1206718e-01  -3.2462956e-01   1.8056491e-01  -3.1305750e-01  -2.7425991e-01   1.4705837e-01  -2.7183940e-01   8.7685100e-03   4.2820705e-02   1.1657824e-01   1.0491686e-01  -3.1302892e-02   5.1127398e-01   3.2524589e-02  -7.1769382e-02   2.8347884e-01   2.4144648e-01  -2.7760562e-01  -1.4383345e-01   2.2805621e-01  -1.1959448e-01   1.7301978e-01   1.9100775e-01   3.5018145e-01   5.7138957e-02   1.7302131e-01   2.7910001e-01   2.9388230e-02  -3.6921348e-01   1.3302630e-02  -1.9345708e-01  -3.0851434e-01  -2.1723252e-01  -3.0512319e-01   5.2411371e-02  -1.6693039e-01  -4.6649445e-03  -2.4561396e-01  -2.7736261e-01   1.0328268e-01   9.1308621e-02   3.4391713e-02   1.3905808e-01  -8.6129586e-02   1.2888456e-01   8.1376252e-03  -3.4990306e-01  -2.4012297e-01   4.0805622e-01   2.5598373e-02   5.0554705e-02   6.9775532e-02   1.3738653e-01   3.9703150e-01   6.5197779e-03  -6.4400484e-02   2.4259432e-01  -4.0917492e-01   1.1849681e-01   9.9204377e-02   4.4970391e-02   1.9159129e-01   1.8119613e-01   2.4437285e-01  -1.1035390e-01   1.1379798e-02  -1.3515228e-01   7.9400207e-03  -1.2468546e-01  -1.3356148e-01   3.3167627e-02  -1.8738163e-01   4.8440830e-02   3.1276853e-01   1.3139921e-01   4.9510145e-01  -4.2914947e-01   3.1715143e-01  -2.0783143e-01  -2.6526757e-02   1.3274922e-01   3.5477094e-01  -1.5062667e-01  -3.0966772e-01  -4.8645622e-01  -4.6049794e-02   1.5060775e-01   9.2781052e-03  -7.6902786e-03  -2.0448221e-01   1.7998403e-02   8.5762426e-02   3.7205521e-02   1.2231825e-01  -3.2485084e-01   1.0382236e-01  -1.5816418e-01   2.5169829e-01  -2.1658122e-02  -2.3265509e-01  -1.6464896e-01   4.5861030e-01  -1.6259764e-01  -8.0612764e-02  -1.5231548e-02   4.0042334e-01   2.2702938e-01   4.7678353e-01  -8.2422121e-02  -7.3975121e-02   8.4950371e-02   7.6231355e-02  -5.4299548e-02   3.5014326e-02  -1.0602889e-01  -2.0127227e-01   3.3885377e-01   1.3739287e-01   9.3194611e-02   2.5099132e-01  -1.8755989e-01
   2.8863590e-02   3.8029582e-01   3.4934580e-01  -7.4373348e-02   1.5306611e-01  -1.5611704e-01   4.2648236e-02  -9.8601398e-02   1.5507448e-01   5.1817984e-02  -1.0238569e-01   0.0000000e+00  -1.5956639e-01   2.0171369e-01  -3.1688294e-01  -1.0861740e-01   1.4144230e-01  -1.1075272e-01   5.7933084e-02   2.3296005e-01  -1.1858392e-01  -1.3197415e-01  -1.6568643e-01   6.5993081e-02   1.4137296e-01  -4.7872186e-02  -1.3693776e-01  -1.2014230e-01   3.1600460e-01   1.4303907e-01  -2.9708939e-01   4.1077736e-02  -4.5510771e-02  -3.1581065e-01   1.7952767e-01   1.9253024e-02   7.5213741e-02  -7.9422201e-02  -1.8962124e-01   3.8829864e-02  -1.7610400e-01  -3.6230587e-02   1.3359154e-01  -2.2510969e-01   7.2112211e-02  -1.4155852e-01  -1.1354580e-01   6.7584042e-02   1.5282144e-01   2.2563649e-01  -2.1427175e-01   2.9083639e-02  -1.1902344e-01   2.0141148e-01   2.6426822e-01   1.0002440e-02   5.5005947e-02   5.8802889e-02  -2.0832226e-01   5.8200155e-01   1.1534855e-01  -8.9386922e-02   2.2075340e-01  -1.6620724e-02  -1.0196199e-01   3.2729522e-02  -7.5201254e-02   1.4719765e-01  -2.1353498e-01   2.2495181e-01   4.3095125e-02  -5.8701919e-02  -1.5364691e-01   4.7734410e-01   4.4140931e-02   5.9161002e-02  -1.3720001e-01  -2.1415085e-01   3.7618208e-01  -5.0545976e-02   8.8953873e-02  -6.6959145e-02  -1.7066680e-01  -8.1012484e-02   2.5330091e-01   7.1107080e-02   1.4766219e-01   2.6883462e-01   1.7605300e-01  -5.3271747e-03   1.8009173e-01   1.7196433e-01   2.7027121e-01   6.6106705e-02  -2.1183366e-01   1.3319591e-01   1.2191502e-01  -2.1092689e-01  -6.3625593e-02   8.1586082e-03  -3.8807782e-01   2.0346702e-01   6.4806426e-02   2.4743842e-01   1.9140532e-01   1.6875954e-01   4.3865324e-02  -1.3955229e-01  -1.2650633e-01  -9.1856401e-02   1.0081784e-01   2.1779442e-01   1.8140731e-01   1.4654650e-01  -1.3703879e-01   2.0142570e-01  -2.8367911e-01  -1.8417578e-01  -2.4030260e-01  -1.0781566e-01  -1.7109048e-02   1.8436504e-01   4.1754334e-01   9.1789871e-02  -1.8254443e-01   2.2448905e-01   1.8625718e-01  -7.7340813e-02  -8.8881576e-02   1.0118750e-01  -1.5956290e-01  -5.1572244e-02   4.6175883e-01  -1.3910460e-01   3.2826223e-01  -1.9143754e-02   1.9150766e-02  -1.2735565e-02  -9.4882165e-03  -3.2191602e-02   2.0941279e-01  -1.8508015e-01   9.9958500e-02   4.9290297e-01   3.1263312e-02   2.3487157e-01  -4.1817110e-02  -7.3166523e-02   2.1547234e-01  -8.4893710e-02   1.5995415e-01   1.1219048e-02   2.8557393e-01  -1.9725295e-01   3.2724291e-01  -8.9016639e-02  -8.7360139e-02  -2.4718169e-01   1.0089118e-01   8.5501709e-02   2.7411012e-01  -1.4313372e-01  -2.5497368e-01  -9.3227999e-02  -3.5740331e-02   1.4299660e-01   1.6898509e-01  -1.5709581e-01   1.4523548e-01   6.6335949e-02   8.3332414e-02  -1.4227373e-01  -2.4140357e-01   2.8911690e-01   1.3583444e-02  -2.0371694e-02   5.6696375e-02
  -4.1837027e-02   4.7589142e-02  -2.5851520e-01  -4.0443284e-01   1.2035734e-01   1.0582328e-01  -1.1978093e-01   1.4819950e-02  -2.6064414e-02   1.9628975e-01   4.8456275e-04  -1.5956639e-01   0.0000000e+00  -6.0138597e-02   1.1545715e-01  -2.0805219e-01  -4.4407655e-02  -1.0039608e-01   4.5491592e-02  -1.2696492e-01   3.0695210e-02   1.7635160e-01   5.2888151e-02  -1.0722535e-01   4.8377451e-02   9.7222154e-02  -1.1173851e-01   1.1179473e-01   2.4512060e-01  -1.6691996e-01   4.3598718e-02  -6.3858206e-02  -3.2268967e-01   9.4079789e-02   7.9518640e-03  -2.7853478e-02  -4.8264813e-02   2.4572278e-02  -1.8604487e-01  -8.5961508e-02   7.7253453e-02   8.8941508e-02  -3.1398716e-02  -2.5475697e-03   2.2314965e-01   9.2062421e-02  -7.3715772e-02  -4.3082805e-03   5.3830607e-02  -3.1008358e-01   1.1858432e-01   8.2629419e-02   1.6478195e-01  -1.1547692e-01  -1.5789091e-01  -2.1561104e-01   5.3198810e-02  -9.2111112e-02  -1.0867096e-01  -6.8088407e-02   2.5609445e-02   2.9103066e-01  -1.3789443e-01  -1.5638576e-01   1.6412598e-01  -9.7758373e-02  -1.7969917e-02   5.6177367e-02   2.4272988e-02  -1.8666294e-01   6.1586796e-02  -2.5592330e-02  -2.0778916e-02  -2.4407876e-01   6.0032174e-02  -1.5823245e-01   7.5915908e-02   1.3011584e-01  -5.7770342e-03  -4.7187435e-02  -7.0982631e-02   6.6091091e-02  -8.1145367e-02   5.8929449e-02  -1.6759417e-01  -4.5354029e-02  -4.5101544e-02  -7.4013582e-02  -2.1015618e-01  -1.7100458e-01   5.6459858e-02  -7.7335421e-02   6.1375609e-02   8.4729907e-02   1.3702844e-02  -6.7111872e-02  -1.3196706e-01   1.7399831e-01   4.8245960e-02   2.0480837e-01  -1.4966460e-02  -3.3980417e-02  -9.8998140e-02   6.7707955e-03   3.4854298e-02  -9.1881978e-02  -6.2013475e-02   7.8078402e-02  -3.2468042e-02  -5.0474190e-02   8.6925301e-02  -1.2029618e-01  -2.2410007e-01  -7.3835155e-02   3.9553950e-03  -1.1103677e-02   1.3174449e-01   2.0399809e-01   9.6942016e-02  -2.4540129e-01  -4.8670950e-02   7.5068155e-02  -1.9557484e-01   1.8889973e-01   1.4073517e-01  -1.4739554e-01   5.1778645e-02   7.6121080e-02  -8.1492223e-02   2.7904612e-02   7.5394492e-02   1.9060591e-01  -1.3663266e-01  -5.2310254e-02  -2.4458303e-01  -2.7533913e-01  -1.6475947e-02  -4.8116905e-02  -9.1409651e-02  -1.4891173e-01  -1.1685274e-01   1.7454162e-01  -9.6254736e-03  -1.8843589e-01   5.7928402e-02   6.9359396e-03   1.9551489e-01  -1.5051659e-01  -1.0668376e-01   1.2898799e-01   9.4598337e-02   1.1037920e-01  -1.3339037e-01   9.5145178e-02  -8.7744269e-02  -9.0966424e-02   1.9852238e-01   6.2371894e-02   1.7452894e-02   7.2923804e-02   9.2436348e-02  -1.6308487e-01   1.9890533e-01   2.7251929e-02  -1.2330111e-01  -3.0398559e-02   1.5139942e-01   8.5942473e-02   2.8507804e-02  -1.2380005e-02   1.6382617e-01   5.2578629e-02   1.4861746e-01   5.7638286e-02   8.7980492e-02  -1.7287261e-01  -1.6485492e-01
   2.0184949e-02   4.0241346e-03  -2.3288167e-01   2.8917874e-02   1.1899165e-01  -2.9425301e-01   5.3972655e-02  -3.9438232e-01   1.0552117e-01   2.2595583e-01  -1.1700396e-01   2.0171369e-01  -6.0138597e-02   0.0000000e+00   3.0392505e-01  -4.2135266e-02  -2.9972521e-01   2.8692868e-02  -1.4832212e-02   1.7764154e-01   3.0516781e-01  -1.8874410e-01   3.3385842e-02  -3.2308248e-03  -1.8505432e-01  -2.3605238e-01  -1.1694610e-01  -8.3841026e-02   2.4026943e-01   4.4157764e-02   1.6222806e-01   6.8558269e-02  -1.6402230e-01   8.2189240e-02   1.9164334e-01  -5.8862598e-02  -2.3840124e-02  -1.1983791e-01  -4.8486848e-02   3.7936963e-02  -1.9309838e-01  -2.1222562e-02   5.4232111e-02  -1.8570107e-01   4.4065741e-02  -4.7626501e-01   9.3232656e-03   2.8523844e-01   2.0149075e-01  -3.3847035e-02   7.3704736e-02  -1.4459984e-01   4.9652300e-03   2.9341381e-01   3.9032963e-01  -4.4417852e-02  -3.6239038e-01  -7.5090203e-02  -3.9530887e-02   1.5622297e-01  -2.3023533e-01  -7.9921606e-03   2.5906248e-01  -1.2675332e-01   3.2439903e-01   2.2591439e-01  -2.8571769e-01  -3.2519454e-02  -1.4221957e-01  -2.5142420e-01   1.5626742e-01   1.4834487e-01   5.8375531e-02   1.6715749e-01   2.9836232e-02  -8.5451121e-02  -3.5097223e-01  -2.3253699e-01   4.9962612e-02   1.2215042e-01   1.4366274e-02  -1.0810857e-01   1.1344405e-01  -1.5075885e-01   2.7208794e-01   1.8072401e-01   4.4912047e-01   8.4909551e-02   2.7073609e-01   7.1020553e-02  -2.0512045e-02  -2.8910792e-01   3.6341799e-02   9.0322732e-02  -1.8273787e-01   1.3487596e-01  -1.0877326e-02  -2.2045736e-01  -2.0379770e-01   1.9231254e-01   1.3828035e-01   1.3565721e-01  -1.0562634e-01   3.3422078e-01   8.6482918e-02   1.1218843e-02   2.3560523e-01  -2.3843515e-01  -5.2501535e-02  -1.6130314e-02   4.0323593e-02  -1.0111470e-01   1.7701963e-01   1.4086591e-01   1.7160712e-01   1.5273271e-01  -1.9313174e-01  -2.2160169e-01  -4.0031286e-02   9.4406681e-02  -2.4336476e-01   1.1526520e-01   2.1891589e-01   2.0065312e-01  -1.4076165e-01   2.9672874e-01   1.2147497e-01   1.9612607e-01  -1.1749418e-01  -3.5904509e-01  -9.6457064e-03  -5.6622727e-02   2.0992240e-01   3.7214205e-01   1.5195193e-01   1.0607513e-02   2.9638159e-01   1.0612198e-01  -7.4449109e-02  -2.9995744e-02   3.6944741e-01  -5.1291841e-02  -1.0919031e-01  -1.7800633e-01   2.8578791e-01   3.8265419e-01   1.5726227e-01   5.9748521e-03  -1.9594861e-02   1.9876109e-01   9.8339921e-02  -6.0458809e-02  -1.0909490e-01  -5.9062689e-02  -1.0097389e-01  -2.2207903e-01  -2.7221642e-01  -6.4936664e-02  -9.7854597e-02  -2.6128856e-01   1.3692772e-01  -2.8262562e-01  -4.1187227e-02   4.8912531e-02  -1.3014627e-01   8.7154930e-02  -1.0835444e-01   6.6368001e-02   3.4451528e-02   2.4235343e-01  -9.1254474e-02  -1.7426293e-01   8.5777588e-02  -2.1413130e-01   3.7654113e-02   2.2550836e-01  -1.3773734e-01
