   0.0000000e+00  -4.6404133e-02   3.3088656e-02   1.2654755e-01  -1.7058082e-01   1.7046026e-01  -1.4080026e-01  -3.7716693e-03   1.8897465e-02  -2.3939706e-01   1.9100093e-02  -7.9240797e-02   2.3031622e-01   1.4107455e-01  -2.2170896e-01   5.3283110e-02   2.2964198e-01   2.0511672e-01  -9.9685325e-02  -1.8503475e-01  -3.5174639e-02   2.2367636e-01  -2.2697249e-01   5.5665671e-01  -7.2283477e-02   6.0644069e-02   3.9866174e-02   3.3141778e-01  -4.8656040e-02   7.1836159e-02  -2.2334817e-01   2.8835287e-01   3.5433419e-01  -1.9723339e-01   1.0424459e-01  -8.7366479e-02   2.2518563e-01   5.9571724e-01   6.5096961e-02  -2.2693042e-01   1.2883386e-01   1.1227964e-01  -2.2429024e-01   3.0769440e-02  -3.3818836e-01   5.0590372e-01   2.7587411e-01  -7.4413718e-02   4.9261114e-03  -8.0106638e-02   1.4697561e-01   2.3564039e-01  -2.7040814e-01   4.9850956e-02  -2.7177884e-01   2.8274416e-01   1.6137809e-01   3.4063863e-01   1.2188552e-02   3.4690871e-01   4.2822329e-01  -2.3971404e-01   5.4603203e-02  -2.8035468e-02  -1.2845286e-01   9.2458240e-03  -2.8067242e-01   1.1903537e-01   2.5499974e-01   1.7666348e-01  -3.2736669e-01   1.2524899e-01  -6.4667260e-02   4.1669413e-01   7.1112086e-02   1.2561445e-01   4.4130753e-01  -3.2664667e-01   1.6482905e-02   2.4251482e-02  -8.2444976e-02   1.3123933e-01  -8.4533857e-02  -1.0428441e-01   2.8978496e-01   1.5744304e-01  -1.4726980e-01  -8.0497457e-02   3.2441889e-01   5.7884121e-01  -5.0015056e-02   4.7763313e-01  -4.6887349e-02   1.1760065e-01   4.2158305e-01  -1.9231030e-02   1.8746982e-02  -2.3587623e-01  -1.1135416e-01   3.8288300e-02  -2.2666745e-02  -2.0742534e-01  -7.2041147e-02   2.1707849e-01   2.7135202e-01  -8.1614521e-02  -2.3298285e-02   3.2626473e-01  -1.2463885e-01   2.7461225e-01  -8.0591379e-02   2.4198590e-01   8.2480512e-02   6.3482774e-01   1.0611092e-01  -2.1149339e-01  -6.3773749e-02  -1.1538362e-01  -1.2564967e-01   1.5304897e-01   6.1700118e-01  -6.4734549e-02  -1.3200811e-01  -8.6484607e-02   5.4358450e-01   3.4058689e-01  -2.5307433e-01  -7.9490231e-03   2.2676528e-01   7.7444191e-02  -7.8758048e-02  -4.1272343e-01   4.7586834e-01  -2.1837292e-01   4.2844829e-02   1.5088510e-01   1.3449125e-01  -1.1077279e-01   1.5432022e-01   3.4967049e-01   4.3586704e-01   7.9366326e-02   1.4745587e-01   8.6447065e-03  -3.6683584e-01   2.7055478e-02  -3.3781122e-01   6.8677360e-02   2.7002751e-01  -1.0185490e-01   4.4278364e-01   6.2824777e-02   3.8522966e-01  -2.1347469e-01  -1.3956517e-01   4.5700546e-01   6.1731216e-01  -5.8476280e-02   3.8377868e-01   2.2935091e-01   7.9426782e-02   2.2236407e-02  -1.5493512e-01   7.6695819e-02   1.2890120e-01  -5.9890425e-02   6.4997793e-02   1.2329814e-01   2.6067830e-01  -1.3411749e-01  -4.3377305e-02   5.2511209e-01   1.7980613e-01   4.6404192e-02  -1.6087790e-01   1.4453349e-01   1.9436240e-01
  -4.6404133e-02   0.0000000e+00   9.8573418e-02  -5.6013794e-02   3.0016486e-01  -3.5438953e-02  -1.8192590e-01   1.1523960e-01  -1.2608895e-01  -2.4279982e-01   8.6017573e-02   3.1408048e-01  -2.1066159e-01  -1.0949667e-01   3.6270510e-01  -5.0558596e-02   2.0471354e-03   6.4333848e-02  -1.3027069e-01   2.2252741e-01  -2.5691661e-01   1.1257526e-01  -3.8059678e-01   1.9340261e-01  -1.0094839e-01   3.2368527e-01   2.5719967e-01  -1.3046484e-01  -6.4855260e-02  -7.7815799e-03   5.0210315e-01  -2.8590386e-01  -6.1269239e-02   4.8106159e-02  -2.7065531e-02   2.1970393e-01  -2.7742507e-01   9.0095512e-02   1.6965148e-01   3.5627638e-01  -5.4464429e-02  -2.8060603e-02   1.4757866e-01  -2.7197482e-01  -1.0831481e-01   7.7654878e-02   2.4528772e-01  -2.3093337e-01   4.8998405e-02   1.6136994e-02  -1.5783140e-01  -4.8762228e-03   2.5567193e-01  -1.6198879e-01  -2.5572888e-01   5.4784879e-02   3.8516019e-02   5.0647389e-02  -1.1873489e-01  -1.4353814e-01   6.6969433e-02   2.4090198e-01   1.2493269e-02   5.4773039e-01   3.4950499e-01   1.0660514e-01   6.5735363e-02   1.4236427e-01   8.9705773e-02  -1.9134449e-01   2.8409864e-01  -2.5399321e-02   4.9610689e-02  -1.4933407e-02   1.3059278e-02   1.0491427e-01   1.9219430e-03  -1.4443980e-02   5.9511615e-01   2.4247709e-01  -1.0653682e-01   1.4472867e-01  -9.3584672e-02   4.3957538e-02  -3.4556223e-01  -5.6605643e-02   3.2385727e-01  -3.2138101e-01  -3.0103944e-03  -8.2136315e-03   4.0744361e-01   1.5386128e-01   2.2375695e-01  -8.0819110e-03   1.1306629e-01   2.0555445e-01  -1.3244581e-01  -6.6493259e-02   3.0286912e-01  -3.5069827e-01  -3.1558468e-01  -3.0399949e-01  -3.6573052e-02  -6.4456048e-02  -1.4186996e-01  -1.2978258e-01  -1.7294745e-01   9.7024475e-02  -1.0978941e-01   3.1979599e-01  -7.4652110e-02  -1.2174987e-01   5.7543319e-02  -5.3388435e-03  -2.7031619e-01   3.7617958e-01   6.9221888e-02   1.6960411e-01  -3.8750719e-01  -1.0647979e-01  -1.6702717e-02   3.2865544e-01   3.9889233e-01   2.5269878e-01   5.0543699e-02  -1.0629451e-01   1.1351698e-02  -1.5717535e-01  -6.0944163e-04   1.3076741e-01  -6.5501697e-02   2.8866950e-01  -6.6026625e-02   1.0579802e-01  -6.6007552e-02   2.4625840e-01  -5.0033823e-02  -3.6868509e-01  -4.1257416e-03  -1.7649013e-01  -1.2526495e-01  -8.3355842e-02   4.9858623e-02  -2.2694130e-01   8.1701812e-02   8.7058824e-02   8.0531226e-02   5.7230791e-01   8.0905590e-02  -3.6379807e-01  -1.7075973e-01  -1.1326597e-01  -9.8223668e-02   4.2738256e-01   4.4415703e-01   9.2864145e-04  -5.4294972e-02  -1.1921034e-01  -8.5600941e-02  -1.4210798e-01   1.7898685e-03  -3.2416648e-02   3.1561611e-01  -2.3022108e-01   3.9259163e-02   3.0123675e-01   1.9506162e-01  -6.8444601e-02  -3.4952275e-01   3.2806277e-01   1.9184339e-01  -6.2313273e-02   5.3837249e-02   2.6563673e-01  -2.6427395e-01  -1.4943904e-01   3.3641813e-02
   3.3088656e-02   9.8573418e-02   0.0000000e+00  -2.8119842e-01   4.3676692e-01   3.9229366e-03  -2.5714015e-01   5.4350017e-02  -4.9521714e-02  -3.2688215e-02  -2.9417113e-01   4.6216501e-01   9.0360569e-02  -5.6715774e-01  -3.4766632e-01  -8.0512827e-02   7.3226200e-01  -1.5730982e-01   3.2539766e-01   5.5207371e-01  -4.5598782e-01  -1.4745552e-01  -2.6865245e-01  -2.4706362e-01   1.7484300e-01   1.7637486e-01   3.2172117e-01  -3.6931638e-01   1.2638924e-01  -5.0798020e-01  -4.6459928e-01  -7.0591272e-02   2.2731832e-01   3.3077132e-01  -3.0252643e-01   2.2097878e-01  -1.2945659e-01  -2.2945460e-01  -5.0237747e-02   5.0582209e-01   2.0758479e-01   2.5442627e-01   5.0502610e-01  -2.0534487e-01  -8.9912720e-02  -2.6489235e-01   1.3391068e-01  -5.1506315e-01  -1.2603512e-01   7.6202880e-01  -1.4018202e-01  -1.6418885e-01   7.0556223e-02   3.6421408e-01  -1.4004355e-01  -2.5465407e-01   7.8671510e-02   7.7822872e-02  -3.0104157e-02  -3.6862303e-01  -1.6774490e-01   8.4412112e-02   6.0746202e-02  -3.4135935e-01  -1.9688703e-01   3.4649393e-01   1.5251382e-01   6.6549618e-02   3.0477629e-02   3.8588819e-01   2.8280059e-01  -3.0883833e-02  -3.9728813e-02   1.8926146e-01   3.5606524e-01  -2.3771258e-01  -3.1629986e-01  -4.4966680e-02   6.7552112e-02   3.3826515e-02  -2.6123636e-01  -1.2546427e-01   1.7425185e-01   2.7623648e-01   1.1532523e-01  -2.3213124e-01  -2.0973106e-01  -2.2974043e-01   7.6440005e-02  -8.1488021e-02   3.1434306e-01   4.7182863e-01   5.6406500e-01   5.5279305e-02  -1.5593350e-01   6.6144244e-01   2.2877556e-01   2.1379032e-01   2.8507787e-01   1.6558887e-01  -1.9668790e-01  -1.5077064e-01  -2.7596497e-01  -3.7470568e-01  -2.2006677e-01  -7.2680329e-03   3.2592232e-01   4.7813937e-02  -8.4151074e-02  -3.4648080e-01   4.2872007e-01  -2.7419707e-01  -1.2122153e-01  -2.0159723e-01  -1.1884991e-01   9.9046627e-02  -2.1924634e-01   9.2314284e-02  -1.5050736e-01  -1.5690891e-01  -3.2415561e-01   3.6556828e-01   4.2766269e-01  -4.7135440e-01  -3.1530135e-01  -1.7976836e-01  -3.0517993e-01   3.8051274e-01  -6.4000312e-02   3.5873650e-01   9.9053846e-02  -2.0639131e-01  -4.0341449e-02  -5.3440082e-01  -3.0168628e-02  -1.6454840e-01   2.0513494e-01  -4.1133354e-01  -3.8319311e-01   4.5900378e-02  -2.0929122e-01   1.1841167e-01  -2.1636752e-01   1.9500549e-01  -4.0960656e-02  -6.1580637e-01   3.8806527e-01  -9.7617074e-02  -2.7427001e-02  -4.8947509e-01  -7.0602030e-02  -9.9043912e-03   2.4801154e-01  -7.3710777e-02   6.5125625e-01  -2.0210044e-01  -1.2925420e-01   3.5918235e-02   1.5737977e-01  -1.5179994e-01   1.3754800e-01  -1.5534741e-01   5.2096497e-02  -5.2690047e-01   1.0801121e-01   3.5429677e-01   1.0576847e-02   3.1429810e-03   6.0072322e-02   3.6500622e-01   3.2360016e-01  -1.1296052e-01  -1.2561641e-01   4.8317477e-01   1.4844264e-01   3.1514577e-01   3.8880146e-02
   1.2654755e-01  -5.6013794e-02  -2.8119842e-01   0.0000000e+00  -6.2555513e-02   2.7868653e-01   2.6003033e-01  -5.1482728e-03   2.1983976e-01  -2.8976973e-01   3.2457380e-01  -2.8202966e-01   7.7412438e-02   4.9952787e-01   1.6222338e-01   2.2094431e-01  -1.8544211e-01   4.6090818e-01   7.1562221e-02  -9.2745893e-02   4.8040687e-01   5.9298359e-01   2.1397154e-01   8.3326355e-02  -7.4517278e-02   1.8989870e-01  -6.3856605e-02   1.6927298e-01  -3.1674396e-02   5.0557386e-01   2.5714361e-02   4.1722665e-01   1.4985721e-01  -3.3797006e-02   1.5570503e-01   3.3515957e-02   2.6392306e-01   2.0079139e-01   1.1056083e-01  -5.8705221e-02   1.0235072e-01   5.4091130e-02  -2.8384699e-01   1.9982135e-01   1.7799050e-01   2.5710475e-01   1.9973454e-01   4.3317865e-01   2.3370204e-01  -2.3795408e-01   3.3106189e-01   2.5630632e-01  -2.0226426e-01  -1.2411547e-01   7.3681412e-02   2.5858393e-01   1.3050709e-02   3.1496378e-01   1.7345203e-01   2.7147837e-01   2.1410434e-01  -1.8220193e-02   1.8342527e-01   5.8865604e-03   1.0266758e-01  -1.3582487e-01   1.5782686e-01   7.2914539e-02   4.0900736e-01   8.0027828e-02  -4.2637571e-01   4.2555232e-01   2.5630895e-02   7.0967830e-02  -1.3402622e-01   3.1453727e-01   1.7842766e-01  -1.8142675e-02  -1.8497267e-01   3.7219848e-02   1.2287456e-01   1.0951401e-01   1.0014504e-02   7.9543843e-03   1.5793723e-02   4.4201314e-01  -3.0519616e-02   2.2357450e-02   5.4185134e-02   1.7160544e-01  -2.8070840e-01   1.9324576e-01  -3.2549778e-01   7.9484053e-02   2.5074344e-01  -2.9877692e-01  -3.0774531e-02  -4.9159073e-02  -2.5596727e-02   2.5062222e-01   1.6921186e-01   4.9918123e-02   4.3498937e-01   4.4560650e-01   6.1845511e-01   3.7536032e-01  -8.7357646e-03   3.2926025e-01   9.4336696e-02   4.1919164e-01  -2.5318882e-01   5.0694435e-01   5.2402738e-01   3.3212298e-01   2.0309149e-01  -1.7804251e-01  -2.4253155e-02  -6.9861552e-02   1.3183275e-01   4.9238937e-01   1.5757868e-01  -2.8428637e-01  -1.9382305e-01   3.0148037e-01   4.8233458e-02   3.1710196e-01   2.9327182e-01  -1.9597660e-01   4.9532532e-01   1.6806304e-02  -1.0091956e-01   6.4941346e-03   3.0255643e-01   1.5673472e-01   3.1999215e-01   2.0256715e-01   2.9800560e-02   2.8348317e-01   5.0430939e-01   1.6601201e-01   2.9771668e-01  -1.5919814e-01   2.1886557e-01  -1.7616646e-01  -3.0360836e-02   2.3386477e-01  -3.8406252e-01   2.0737919e-02   3.3356174e-01   2.7144692e-01   1.2632798e-01   1.1008937e-01   3.5405291e-03  -1.9277106e-02  -4.3926830e-01   1.9084246e-01   2.9950060e-01  -7.6017190e-02   1.3418529e-01   4.9854985e-01  -1.0704898e-01   3.1220617e-01  -5.8823926e-02   4.8255529e-01   4.6658460e-01  -2.6136808e-01   1.4454805e-01  -1.3148227e-01   1.3073281e-01  -1.3121365e-01  -3.4885171e-01   1.6420926e-01   4.2757497e-01  -4.1520239e-01  -3.0027787e-02  -3.2889236e-02   5.1419881e-01
  -1.7058082e-01   3.0016486e-01   4.3676692e-01  -6.2555513e-02   0.0000000e+00   1.3059727e-01  -1.1289832e-01   2.7110966e-01   1.3278335e-01  -1.7864107e-01   2.5218830e-02   3.9615729e-01  -1.2259740e-02  -4.1977181e-01  -1.5239699e-01  -1.2566009e-01   3.3543860e-01   2.5149121e-02   1.1264438e-01   6.0470724e-01  -1.8718710e-01   1.0971561e-01  -4.3111788e-02  -1.4945859e-01   1.2192018e-01   2.2845444e-01   2.3307414e-01  -1.4499278e-01   1.0056386e-01  -2.1253310e-01   2.2339469e-02   1.3865959e-01   1.0093203e-01   1.0915690e-01  -3.3426730e-01   4.8627471e-01  -3.1586452e-02  -2.0059045e-01   9.1172031e-02   4.3107975e-01   2.2340625e-01   4.3761774e-02   3.7142405e-01   1.4121341e-01   4.2523586e-02  -3.0872428e-01   1.2383895e-01  -1.7781318e-01   1.2572546e-01   3.6190752e-01  -1.4481798e-01  -4.5144323e-02   1.8643651e-01   6.0117269e-02  -1.2335624e-01  -2.3202770e-01   3.8327597e-01   2.3490537e-01   1.2216967e-01  -1.7376031e-01  -1.7010596e-01   4.6771405e-01   1.7913121e-01   9.8442259e-02   1.1875519e-01   2.6151359e-01   2.2389107e-01   1.4462459e-01   1.0015671e-01   3.3498368e-02   2.0102021e-01   9.1373012e-02   1.1356960e-01  -4.9368627e-02   2.2955434e-01   4.2640975e-03  -3.0587571e-01   1.3365138e-01   2.2009695e-01   2.3581086e-01  -1.2366719e-01  -9.4216001e-02   1.0465736e-01   3.0315509e-01  -5.4737265e-02   2.5821906e-02  -9.1385942e-02  -2.2039604e-01  -1.7028080e-03  -2.0365941e-01   4.1739000e-01   2.2767147e-01   3.1944480e-01   1.7479380e-01   2.1090762e-02   4.7937979e-01   1.8597996e-01   1.4992603e-01   5.4468165e-01   1.8169797e-01  -1.8854235e-01  -2.3361837e-01  -1.6049516e-01  -7.5722500e-02  -1.3709137e-01   1.5705000e-01   1.7673079e-01   2.0001007e-01   2.2965570e-01   1.4503554e-01   1.3472565e-01  -3.2248402e-02  -4.3925728e-02  -1.7952789e-01  -2.6893438e-01   1.1944705e-01   5.6125891e-02   1.6143195e-01  -1.9490339e-01   7.9499077e-02  -3.4838945e-01   3.2427854e-01   4.3073274e-01  -1.9374870e-01  -4.9111106e-01  -8.3013362e-02  -1.3561226e-01   2.5730427e-01   5.6488879e-02   1.5523028e-01   2.5780980e-01   1.3963998e-03   6.1718903e-03  -1.6480415e-01   1.9471495e-01   4.8104941e-02   3.5573586e-02  -2.6572416e-01  -1.7511067e-01  -9.8349932e-02  -1.5349116e-01  -1.4672535e-01  -1.0568197e-01  -1.3299254e-02   3.9182982e-02  -2.8698905e-01   2.8169719e-01   2.0146920e-01   1.2139156e-01  -2.1240983e-01  -2.1870007e-01   1.5788956e-01  -2.9353615e-01   6.8802215e-02   4.2780335e-01  -2.4026177e-01  -1.9821438e-01   4.9814956e-02   2.0601999e-01   4.6146742e-02   6.1988530e-02   8.9179849e-02   1.9329929e-01  -1.9479862e-01   3.6531159e-01   2.7113107e-01   1.0866495e-01  -5.0052784e-02  -1.9504188e-01   3.5043543e-01   1.1701688e-01  -1.4419179e-01   1.2770186e-01   2.6611372e-01  -1.8910040e-02   1.7075234e-01   2.0044525e-01
   1.7046026e-01  -3.5438953e-02   3.9229366e-03   2.7868653e-01   1.3059727e-01   0.0000000e+00   3.7055857e-01   2.8163709e-01   9.5301282e-02  -2.2942314e-01   4.9309050e-01  -7.1629284e-02   1.1009624e-01  -4.2341947e-02  -2.8428391e-02  -2.3936367e-01  -1.9513704e-02   3.6993715e-01   1.8249358e-01   8.3253067e-03   3.0728266e-03   3.3353042e-01   1.0022932e-01   7.3572181e-02   8.2536119e-02   1.8324762e-01   3.9238537e-01   2.2253674e-01  -2.4283662e-01   3.0841991e-01  -9.7218493e-02   1.5214954e-01   5.7772385e-02  -9.1663357e-02   2.2839786e-01   1.9403768e-02   1.3883009e-01   1.0846087e-01   1.2855761e-02   1.2754745e-01   2.4411123e-01  -2.1131784e-01  -2.1814561e-01   1.3096180e-01  -1.2849124e-01   3.7465368e-01   3.4200197e-01   2.1609690e-01   1.8821795e-01  -1.5225973e-02   3.6134501e-01   2.6731970e-01  -1.7300287e-01  -3.1235475e-01  -3.3279482e-01   2.2332128e-01   2.3948613e-01   2.5614987e-01  -4.2986460e-02   3.4544447e-01   3.0704098e-01   1.8353647e-01  -8.2700231e-02  -5.5899078e-02  -3.4063753e-01   4.3159078e-02   2.6807415e-01  -4.3947813e-01   4.1045564e-01   5.1139261e-01  -2.5557447e-01   1.5155933e-01  -1.5795495e-01   2.9224295e-02  -5.9659185e-02  -7.4788403e-02   2.1232105e-01  -7.4201201e-02  -2.0073296e-01  -1.1487395e-01   2.4833636e-01   8.6587978e-02  -3.2085651e-02   1.6630813e-01   1.0244584e-01   1.7364268e-01  -3.2920287e-01   1.4330362e-01  -3.3709756e-01  -2.7548898e-03  -1.0988399e-01   1.3862911e-01  -1.9588791e-01   2.2319025e-01   1.0461284e-01  -1.0505108e-01  -1.9023740e-01   3.4203557e-01   2.0108302e-02   1.9014508e-01   3.9370852e-02   2.4580284e-01   1.2310167e-01   5.3474818e-02   3.4747430e-01   1.1298699e-01  -3.0942161e-01   4.5859470e-01  -1.6298193e-01   3.5245804e-01  -6.1659368e-02   3.4067775e-01  -5.5678160e-02   2.3442657e-01   3.2134430e-01  -3.1926568e-01   4.2928745e-01  -2.2695067e-01   1.0378986e-01   2.1601770e-01   2.7361984e-01  -1.0287267e-01   3.8102161e-02  -2.6941998e-01   1.8921102e-01   3.2134949e-01  -7.7145172e-02  -2.0834270e-01   3.2859337e-01   4.9652229e-01  -4.9042676e-02  -1.1329851e-01  -2.2363874e-02  -1.2156095e-01   1.1141712e-01   2.0682971e-01  -2.0206242e-01   1.7413486e-01   3.6615599e-01   3.1169020e-02   5.7751370e-03   2.7998308e-01   4.6523495e-01   2.1032431e-01  -2.4797611e-01  -1.9652995e-01  -1.7041634e-01   1.0905800e-02   4.6516242e-01  -9.7382377e-02   1.8917933e-01   3.9780185e-02  -2.0610755e-01   2.4530254e-01  -2.2719805e-01   1.8573179e-01   1.1135280e-01   5.6282549e-02   9.3702266e-02   4.5020766e-01  -2.7064519e-01   3.1927707e-01   2.2736445e-01   2.4872303e-01   1.4162403e-01  -1.4344478e-01   2.0254870e-02   2.1492225e-01  -3.0639744e-01  -1.9291109e-01  -2.0512999e-01   6.2242094e-03   1.0681222e-01   1.0346741e-01   1.8527841e-01  -3.0034473e-01   3.5955740e-01
  -1.4080026e-01  -1.8192590e-01  -2.5714015e-01   2.6003033e-01  -1.1289832e-01   3.7055857e-01   0.0000000e+00  -1.8504130e-02   1.4541149e-02   2.6865308e-02   3.1555160e-01   7.0424095e-02  -1.0824468e-01   1.6962712e-01   2.9844781e-01   5.7871716e-02  -1.6283651e-01   7.3639830e-02  -6.1062286e-02  -7.3084315e-02   2.5342777e-01   1.4890205e-02   5.0524434e-01  -5.1705450e-02  -3.9814145e-01   1.1754647e-01   9.0279190e-02   1.9593387e-01  -5.1481869e-02   2.7029636e-01   3.6405125e-02  -1.3328111e-01  -3.0754256e-02   3.2657594e-01   2.4551656e-01   7.2566499e-02   1.0480445e-01  -5.5679208e-02   7.1849266e-02  -3.0252326e-02   6.4622621e-03  -2.0807524e-01  -3.8096873e-01   2.8833915e-01   2.0723916e-01   1.1758651e-01  -1.0530180e-01   4.6016615e-01   5.1926746e-02  -2.1693183e-01   2.0626536e-01   1.2227344e-01   1.5488753e-01  -2.7027290e-01  -6.8283968e-02   2.9073488e-01   1.4990893e-02  -1.6825128e-03  -6.3574749e-02   1.0853120e-01  -3.8923148e-03   2.4450911e-01  -1.1917516e-01   1.6158466e-03  -1.1417651e-01   2.0486920e-01   1.1755406e-01  -2.1291940e-01   1.4181138e-01   2.4937105e-01  -1.9463626e-01   5.3349296e-02  -2.2151050e-02  -8.9209516e-02  -3.3643028e-01   6.3179091e-03   1.5568519e-02   8.1566950e-02  -2.6856417e-01  -2.1514798e-01   5.5668652e-01   2.4116070e-01  -1.8082735e-02  -4.3986625e-02   1.2353438e-01   2.9806006e-01  -1.0412127e-02   2.0953752e-01  -3.5234468e-01   4.2787746e-02  -2.6145510e-01  -1.4651869e-02  -2.7455905e-01   4.3640625e-03   2.0140254e-02  -3.5687643e-01  -2.0120016e-01   1.4150400e-01  -2.2396144e-01   1.4582202e-01   3.0716739e-01   6.8483498e-01   1.2588270e-01   2.6170614e-01   3.0759742e-01   5.9145477e-02  -2.2302442e-01   2.1090682e-01   1.5522964e-01   1.8103171e-02   7.8925180e-02   1.9106133e-01   1.3196762e-02  -8.5609034e-02   5.4984299e-01  -1.9299669e-01   2.8306868e-01  -1.4290481e-02   2.1896982e-01   5.7060154e-02   6.3736400e-02  -2.7730944e-01  -2.2439267e-01  -7.6710471e-02   8.5624925e-02   7.1146345e-02   2.5187947e-01  -2.5903015e-01   1.0863374e-01   4.2946417e-02  -1.9106270e-02   2.9399272e-01   4.7836791e-02   2.9717756e-01   1.8591843e-02   1.0240654e-01  -2.7696791e-01   4.9254712e-01   3.3586324e-01   1.9821968e-02  -7.2146243e-02   1.1482841e-02   2.0756448e-01  -3.7228828e-02   1.7613702e-01  -4.6986367e-02   2.0080995e-01  -2.6601245e-01   1.3268720e-01   3.2219358e-01   2.2881611e-01   4.1254300e-02  -1.2377329e-01   3.0648320e-03  -3.9200735e-01  -1.3634258e-01  -1.0620793e-01   1.6605917e-01  -1.4491672e-01   3.4633678e-01  -2.2140881e-01   1.4716751e-01  -2.1028275e-01   2.0204057e-01   1.3408695e-01  -9.9346819e-02   2.4514263e-01  -4.9657110e-02  -1.8959662e-01  -1.8185955e-01  -7.7019365e-02   1.6359366e-01  -1.0297480e-01  -3.7648063e-01  -2.2356812e-02  -3.0397820e-01   1.6144925e-01
  -3.7716693e-03   1.1523960e-01   5.4350017e-02  -5.1482728e-03   2.7110966e-01   2.8163709e-01  -1.8504130e-02   0.0000000e+00  -1.7168847e-01  -1.9557252e-01   3.4333034e-01  -3.8914114e-02  -1.1755020e-01   1.1296480e-01  -1.8129260e-01  -1.6647084e-01  -2.7729641e-01   7.5182032e-02   1.5553335e-01   7.6987071e-02  -9.6142050e-02   3.7518916e-02   1.2889576e-02   1.7960808e-01   1.3003682e-01   3.2636801e-01   1.5735156e-01   1.2490479e-01  -2.6033276e-01   7.3636944e-02   1.5490923e-01   2.0925167e-02  -2.3145852e-01  -1.7446194e-02  -1.7138520e-01   1.5462176e-01  -4.5383537e-02   3.8072256e-02   3.7729908e-02   7.6157408e-02   1.0824236e-01  -3.4840679e-01  -1.5276185e-01   3.2333765e-01  -7.2708748e-02   7.9042455e-02   1.9996847e-01   3.8498510e-02  -4.2378728e-02  -3.7568890e-02   7.2395635e-02   3.6585599e-01   3.6670607e-02  -1.7236660e-01  -1.3744604e-01  -6.3983420e-02   1.6916271e-01   2.4746073e-01   4.2600348e-03  -2.0424799e-02   2.2958513e-02   2.8077482e-02  -2.1689255e-01   2.5729904e-01  -1.2716110e-01  -4.3047248e-02   1.8352227e-01  -3.4149655e-01   1.7995114e-01   1.1091635e-01   1.2109295e-02  -5.6517625e-03  -6.3452445e-02  -1.7730945e-01   1.2728370e-01   6.0167192e-02  -2.8601973e-02  -5.9463395e-02   5.6964852e-02  -1.0883218e-01   1.3827852e-01  -7.8910069e-02   5.2933635e-02   4.3974092e-01   1.2812816e-01   1.5608673e-01   4.2210869e-02   1.5688412e-01  -2.5619892e-01   8.8671803e-03   5.9953809e-02  -7.8635616e-02  -1.0179359e-01   1.3199025e-01   1.3329263e-03   4.2466752e-03  -2.2497008e-01   3.7524590e-01  -3.2012717e-02   8.0623667e-03   2.0448805e-01  -2.4643686e-02   1.5053259e-01  -9.0837882e-02  -8.7694182e-02   2.0583826e-02  -1.0099701e-01   2.5812926e-01  -4.9515750e-02   1.2432645e-01  -1.2128913e-01   4.9204830e-02  -1.4099186e-01  -5.8943995e-02   1.9930376e-01   2.4380460e-02   1.4967000e-01  -1.3562737e-01   2.0413031e-01   3.4743014e-02   7.7623580e-02  -6.5447378e-02   1.1950188e-01   1.4662974e-03  -6.6395795e-02  -7.5399922e-02  -1.7650349e-01   3.4719926e-03   1.1331453e-01   7.0915822e-02  -7.9542858e-02   2.1192593e-02  -7.0346997e-02   8.1439583e-02  -1.7187468e-01   4.5235260e-01  -2.2479858e-01   5.6422904e-02   2.5425342e-01   2.3532001e-01  -1.3218293e-01  -6.1366282e-02   1.8375948e-01   1.1312343e-01   5.5015232e-02  -6.2459198e-02   2.9111118e-02   1.6132062e-01   9.9540055e-02  -5.9184211e-02   4.8739875e-02   2.5088061e-01  -8.1260276e-02   1.5995617e-01   7.6912970e-02   3.1474996e-02  -3.7989055e-02  -7.9665733e-02   2.6320770e-02   3.0020726e-01  -3.1087473e-01   8.9575304e-02   7.9988659e-02   6.7858497e-02   4.2765264e-02  -1.3396350e-02   1.0224392e-01   3.3014943e-01  -2.6525574e-01   2.6931971e-02   5.1003003e-02   5.0059304e-02  -1.0189823e-01   1.5092370e-01   3.0551033e-01  -3.8670974e-01   1.1700859e-01
   1.8897465e-02  -1.2608895e-01  -4.9521714e-02   2.1983976e-01   1.3278335e-01   9.5301282e-02   1.4541149e-02  -1.7168847e-01   0.0000000e+00  -7.5671689e-02  -1.1954007e-02  -1.1799072e-01   1.0942100e-01  -1.1734925e-01  -3.1448170e-02   2.1409681e-01   6.6833835e-02   2.7602832e-01   1.0268469e-01   1.1249907e-01   4.8281856e-02   2.2214888e-01  -6.1569541e-02  -3.8578091e-02   1.1148399e-01   6.3479434e-02  -3.3461674e-03  -1.5605512e-01   2.4896386e-01   1.6061720e-01  -5.5106068e-02   2.2323110e-01   3.7994230e-01   6.0147303e-02   1.9267001e-01   7.2318246e-02   1.4818157e-01  -1.3439264e-01   1.4400522e-01   6.0180197e-02   2.2624932e-01   3.0091128e-01   7.2147859e-02  -9.3960984e-03  -7.3361637e-02  -1.9042091e-01  -5.3254420e-02   1.0879313e-01   2.3674075e-01  -9.2500308e-02   5.8895009e-02   4.8003269e-02  -1.7507692e-01   2.4523486e-01   2.1050010e-01  -2.0474226e-02   9.8589356e-02   2.3962189e-01   2.0648312e-01   1.8685264e-01  -1.2752529e-01   3.3012567e-02   3.3449871e-01  -7.4745361e-02  -1.0088586e-02  -1.2625129e-02  -1.2323350e-01   2.3233679e-01   1.8414160e-01   3.9776171e-03  -3.5386826e-01   2.8473782e-01   2.2707743e-01  -2.4603215e-01   1.3309714e-01   2.7500986e-01  -1.6199466e-01  -3.7426912e-02  -2.8227884e-01   1.6093601e-01   7.8153677e-02   2.4786539e-02  -4.5971211e-02   7.8164945e-02  -2.3863194e-01   2.5417679e-01   3.6972640e-02   1.5469320e-02   1.7021111e-01  -3.2697499e-02  -6.6244734e-02   1.2629832e-01  -3.7954315e-02   3.4081522e-01  -1.0657983e-01   6.9533750e-02   3.7447677e-01   7.4706971e-02   1.0158572e-01   2.9849102e-01  -8.5666520e-02   1.6110331e-02  -2.2637227e-02   3.4373812e-01   2.2574922e-01   2.7438754e-01   3.0546767e-01   2.0145630e-01   1.5163747e-01  -1.6581435e-02  -1.3636382e-01   6.6348937e-03   2.9672328e-01   1.0469417e-01  -1.0312317e-01  -4.4747929e-01  -1.2014975e-01   2.1148013e-01  -7.3307943e-02   4.2719762e-01  -1.5118926e-01  -9.7800301e-02  -8.5108583e-02   1.7820920e-01  -3.0770004e-01   1.7209478e-01  -2.1069542e-02   1.1826088e-01   3.7296738e-01   1.8290279e-02   2.9773636e-01  -2.2209806e-01   1.1498172e-01  -1.1633599e-01   4.5854479e-01   2.4335061e-01   2.2255266e-01  -3.4588474e-02   2.1988152e-01   1.6419389e-01   1.3518613e-01  -1.6517813e-01  -3.9189342e-02  -8.7662179e-02   8.2962933e-02   1.0726397e-01  -1.5231687e-01  -3.6724195e-02   1.0703319e-01  -7.6385637e-02  -2.3642316e-01   1.6477781e-01   2.1654262e-03  -1.6479455e-02  -1.3991800e-01  -2.1328701e-02   1.1282212e-01   2.8209500e-01   1.4622499e-01   1.9830470e-01   2.8086605e-01   1.8556219e-01  -2.5523103e-01   1.5270021e-01   3.5629178e-01  -3.1363302e-01  -1.0370358e-02   6.4837286e-02   2.5820719e-01  -2.3381614e-01  -3.2008422e-01   2.3553277e-02   3.6557002e-01  -2.1375142e-01  -1.3548624e-01   2.7021463e-01   2.7124131e-01
  -2.3939706e-01  -2.4279982e-01  -3.2688215e-02  -2.8976973e-01  -1.7864107e-01  -2.2942314e-01   2.6865308e-02  -1.9557252e-01  -7.5671689e-02   0.0000000e+00  -3.2180049e-01   1.7456023e-01  -4.3753178e-02  -1.6886184e-01   1.0970542e-01  -1.0060154e-01   1.0229609e-02  -4.3011373e-01  -1.8831864e-01   6.1182557e-02  -2.4160245e-01  -2.2651638e-01   5.0424777e-02  -1.6705607e-01   5.6147701e-02  -2.0688447e-01  -5.5726602e-02  -6.5616872e-03  -6.9534702e-02  -2.8148660e-01  -2.1809647e-01  -3.4954403e-01  -1.7140906e-01   1.7558739e-01  -7.4478557e-03  -1.1686918e-01  -2.4929596e-02  -1.9298587e-01  -2.0941063e-01  -1.9869857e-01  -9.0482062e-02   1.7517535e-01   1.7461937e-01  -2.4651618e-01   1.6807063e-01  -9.8426138e-02  -2.5179676e-01  -3.1988587e-01   1.1249362e-02   9.8658690e-02  -2.5273611e-01  -1.4978265e-01  -4.2025967e-02   2.0757111e-01   4.9969233e-02  -4.1453358e-01  -3.9313747e-02  -9.3812636e-02  -8.5777868e-02  -1.4105658e-01  -1.2252187e-01  -4.4611087e-02  -6.8237834e-02  -2.5706841e-01   1.1285108e-02   1.6545118e-01  -1.5957399e-01   3.2547435e-02  -3.2405207e-01  -8.8164770e-02   1.4001957e-01  -9.5580013e-02  -2.0692414e-02  -3.2598974e-02   4.5965268e-02  -1.7473106e-01   4.6567752e-02   1.4131119e-01   2.0218274e-02   1.1074682e-01  -5.7103387e-03  -9.5629500e-02  -1.4614580e-01  -1.3755160e-01  -1.1925741e-02  -3.4708801e-01  -1.6703813e-01   1.8663862e-02   4.3027003e-02  -1.7739696e-01   8.1595042e-02  -1.4303478e-01   9.0572702e-02   1.1334728e-02  -1.8473882e-01   1.7275726e-01   5.1948541e-02  -4.1534961e-02   1.8188596e-02  -1.5054055e-01  -1.2999960e-01   1.3556608e-01  -2.2807561e-01  -1.7486718e-01  -2.6219484e-01  -1.4770466e-01   8.1204156e-02  -2.2294367e-01   2.5168510e-01  -4.2534713e-01   1.2252334e-01  -2.4875562e-01  -7.3898465e-02  -2.2302748e-01  -1.5398426e-02   7.3258619e-02  -1.5407821e-01  -7.6839297e-02  -1.5688465e-01  -1.0126499e-01  -6.1825284e-02   1.7808060e-01   7.1785099e-02  -2.0102458e-01   5.6073992e-02  -1.4972544e-01   1.9969738e-01   1.1809544e-01  -3.0517512e-01  -1.8392201e-01   8.6853821e-02   1.5010892e-01  -2.7737763e-01   2.2483978e-04  -1.6901116e-01  -2.9785593e-01   8.3085575e-02  -1.3358679e-01  -3.8393853e-01  -3.1016624e-01  -9.8531201e-02   3.1103620e-02  -3.8931685e-01  -2.8766146e-04   1.9405384e-01  -1.2991735e-01   3.1916843e-01  -4.3537266e-01  -3.6779614e-01   2.2061938e-02  -6.3909730e-02  -9.3942709e-02  -7.6496562e-02  -1.4879112e-01   1.3780734e-01  -1.9692932e-01  -1.9851883e-01  -4.8129640e-02  -1.8633955e-01  -2.1132655e-01   5.4345287e-02  -3.4131017e-01  -2.5279065e-01  -3.3363080e-01  -1.0044603e-01   1.9118333e-01  -2.8630703e-01  -6.2365227e-02   9.3885076e-02   2.8693226e-02   2.7789842e-01  -1.3177999e-01  -2.8153938e-01   2.3174509e-02   1.8507929e-01  -1.2331971e-02  -2.3930987e-01
   1.9100093e-02   8.6017573e-02  -2.9417113e-01   3.2457380e-01   2.5218830e-02   4.9309050e-01   3.1555160e-01   3.4333034e-01  -1.1954007e-02  -3.2180049e-01   0.0000000e+00  -3.4691069e-01  -6.1090945e-02   4.4387115e-01   1.7195369e-01  -1.3175486e-01  -2.9006484e-01   5.6194766e-01   1.4723848e-01  -1.7530881e-01   2.9206458e-01   3.4154996e-01   1.5137586e-01   3.0600763e-01  -9.6288610e-02   3.0215253e-01   1.7838164e-01   3.9777182e-01  -3.3654785e-01   5.3572401e-01   3.8725560e-01   3.2268570e-02  -2.1752363e-01  -1.3884385e-01   1.8958216e-01   6.1404899e-02   1.9651079e-01   1.8205430e-01   2.4007978e-01  -7.7388828e-02   1.2506630e-01  -3.2151070e-01  -4.3738349e-01   2.0103106e-01   8.8005777e-02   2.9552836e-01   2.2522854e-01   4.4418970e-01   1.9507684e-01  -2.6989828e-01   4.7396962e-01   3.8358000e-01  -2.1945848e-02  -4.9295673e-01  -5.1411530e-02   3.2089201e-01  -1.1597488e-02   6.2919192e-02   4.6883520e-03   2.2896749e-01   2.8699087e-01   2.6317790e-01  -1.4078212e-01   3.3772136e-01  -1.3318843e-01  -1.6806989e-01   3.5876084e-01  -3.4222622e-01   3.7126249e-01   1.5858440e-01  -2.6582901e-01   1.5804801e-03  -4.9232434e-02  -6.5011436e-02  -2.3201963e-01   1.8722586e-01   2.0547424e-01  -7.8059886e-02  -1.3794642e-01  -3.8091831e-02   4.3698547e-01   1.4784484e-01   4.9705679e-02   7.6757004e-02   3.0144550e-01   3.0446802e-01   7.8699493e-03   3.7488702e-01  -3.5809804e-01   1.7484098e-01  -1.4603856e-01  -1.2937645e-02  -3.6619383e-01  -5.3290835e-03   1.9468350e-01  -3.5673850e-01  -4.5844248e-01   1.7827844e-01  -4.3318483e-03   9.4989873e-02   3.1201721e-01   2.2984603e-01   3.6558926e-01   1.4961384e-01   3.3889860e-01  -2.8490171e-02  -4.1660375e-01   3.7207532e-01   1.1610663e-01   4.3326928e-01  -1.8724665e-01   3.4573370e-01   2.6082070e-02   3.0953068e-01   4.1997451e-01  -2.2677075e-01   3.9369816e-01  -1.0268322e-01   2.6984390e-01   9.8871647e-02   2.9633219e-01  -1.7450664e-01  -1.2261547e-01   2.8156728e-01   1.4548436e-01   3.4889693e-01   1.3929283e-01  -3.5844598e-01   1.7041052e-01   1.6340927e-01  -6.3913820e-02   3.0697220e-01   5.3992028e-02   3.5373021e-01  -1.6101798e-01   4.6652156e-01  -4.1938616e-01   3.5398205e-01   5.3892953e-01   1.0782973e-01  -2.8429905e-02  -4.7574698e-02   4.0690786e-01  -1.0371116e-01   6.3554613e-02   2.3267907e-01  -1.8086395e-01   2.2918343e-01   2.5282082e-01   2.3889521e-01   3.2149878e-01   8.7788071e-02  -1.4847248e-01   2.5530027e-01  -3.7451600e-01   1.0678132e-01   1.3439389e-01   3.3179877e-03  -1.4578534e-02   5.0416239e-01  -4.3404347e-01   4.3162459e-01   1.4894973e-01   4.1056065e-01  -5.2432084e-02  -1.6838362e-01   2.1800459e-01   2.7469677e-01  -2.3304902e-01  -1.9475652e-01  -3.4129303e-01   8.5756236e-02   1.9916566e-01  -2.2013082e-02   2.0826188e-02  -4.5166547e-01   2.1521824e-01
  -7.9240797e-02   3.1408048e-01   4.6216501e-01  -2.8202966e-01   3.9615729e-01  -7.1629284e-02   7.0424095e-02  -3.8914114e-02  -1.1799072e-01   1.7456023e-01  -3.4691069e-01   0.0000000e+00  -1.9710843e-01  -5.9386599e-01   2.2044167e-01  -1.5214020e-01   3.4547883e-01  -3.5956261e-01  -3.2223291e-02   4.7325497e-01  -4.4697798e-01  -1.1132573e-01  -8.0120599e-02  -1.3473603e-01  -7.1574743e-02   1.3770672e-01   2.4082860e-01  -1.8008495e-01   5.3051411e-02  -3.5668104e-01  -1.6753142e-01  -2.6310557e-01   1.0419850e-01   4.9683030e-01  -2.1434752e-01   2.2070074e-01  -3.0941481e-01  -1.9379363e-01  -3.5424878e-02   2.4250924e-01  -7.4932028e-02   3.5355004e-02   4.4567963e-01  -2.5705131e-01   8.5704042e-02  -1.7640361e-01  -5.7240480e-02  -5.0349960e-01  -3.2162485e-02   3.5027358e-01  -3.1460850e-01  -1.4030140e-01   2.2808970e-01   2.5280229e-01  -2.5849471e-01  -2.3555188e-01   1.4764458e-01   5.2637485e-02  -9.6164597e-02  -1.6321742e-01  -1.1272405e-01   4.2915715e-01  -3.8910203e-02  -1.6936936e-01   1.8502037e-02   4.9593984e-01   7.3845124e-02   1.1326830e-01  -5.6071799e-02   6.2646880e-02   2.5574555e-01  -3.4403317e-02   8.3303463e-02   1.6236742e-01   1.3454073e-01  -2.1305334e-01  -2.0388959e-01   3.2745237e-02   4.5327674e-01   1.5143206e-01  -3.4321280e-01   4.8335525e-03  -1.7636751e-01   1.9020322e-01  -1.9779515e-01  -1.2284016e-01  -2.3563142e-01  -2.9652356e-01   4.6034470e-02  -9.6076775e-02   4.4618265e-01   2.2766816e-01   5.5566677e-01  -4.8828337e-02  -8.7566827e-02   5.3316633e-01   1.2226967e-01   1.0860615e-01   3.5429074e-01  -1.3462014e-01  -4.7675300e-01  -1.0204831e-01  -2.8676197e-01  -2.4392685e-01  -2.0036953e-01  -1.2193500e-02   9.4052368e-02   1.2718431e-01   8.3751578e-02  -1.2977157e-01   3.8956109e-01  -1.1494776e-01  -1.9867103e-01  -1.6609644e-01  -2.7418884e-01   2.1239347e-01  -4.7357210e-02   1.3541621e-01  -4.0576243e-01  -2.4089073e-01  -2.1684603e-01   5.1567688e-01   4.1886524e-01  -4.4830332e-01  -1.4385046e-01  -6.5062257e-02  -1.9299951e-02   2.0583620e-01  -1.3065980e-01   4.7506836e-02  -1.3694465e-01  -1.3022225e-02  -3.0983997e-02  -3.7282453e-01  -3.1187988e-02  -2.8332233e-01   7.7027347e-02  -4.9178101e-01  -2.7764093e-01  -2.1026293e-01  -1.0178574e-01  -4.9043642e-03  -2.3186431e-01  -1.3881894e-02  -8.4055839e-02  -4.6574207e-01   5.2269532e-01   1.8614850e-02   4.9379714e-02  -4.8719190e-01  -1.8702622e-01  -1.5858319e-01   4.7548812e-02  -8.2124454e-02   5.5020824e-01  -2.3153776e-01  -1.5529086e-01  -1.3882236e-01   1.4608275e-01  -2.5525977e-01   1.0070002e-01  -1.7912981e-01  -2.2474454e-02  -4.0102907e-01   1.1201207e-01   5.7834934e-01   2.5203515e-01  -5.8032205e-02  -9.1084247e-02   3.8351363e-01   5.9647144e-01  -2.4021907e-02  -1.2540761e-01   2.8588429e-01  -4.9552849e-02   7.3984388e-02   1.6615477e-02
   2.3031622e-01  -2.1066159e-01   9.0360569e-02   7.7412438e-02  -1.2259740e-02   1.1009624e-01  -1.0824468e-01  -1.1755020e-01   1.0942100e-01  -4.3753178e-02  -6.1090945e-02  -1.9710843e-01   0.0000000e+00   3.2125687e-02  -3.5927440e-01   1.6207246e-01   1.6598223e-01  -6.0034857e-02   6.1938519e-02   1.9227475e-01   3.0902555e-02   1.6323969e-01   2.1882930e-02  -6.5566782e-02   1.4970715e-01  -3.2469925e-02   1.9872374e-01  -6.6063724e-02   6.9117694e-02  -9.5230644e-02  -3.1610266e-01   1.9620444e-01   2.5402643e-01  -1.6171767e-01   1.5824744e-02   8.8287458e-02   1.7223808e-02  -6.3116968e-02   8.7899466e-02   7.7402878e-02   2.4838747e-01   2.6978585e-01   5.2239233e-02  -5.7413107e-02  -2.3984862e-02  -6.0379654e-02   4.2093812e-02   1.9444374e-03  -1.6592829e-01   1.1234439e-01   6.1101338e-03   1.7382131e-01  -1.9514068e-01   1.5265160e-01  -9.7915200e-02   1.0500945e-01   2.2571963e-02   1.5610748e-01   1.8148439e-01  -1.2206297e-02  -2.6397021e-02  -2.2557876e-01   1.5050663e-01  -2.3215383e-01  -1.2914303e-01  -5.4954689e-02  -6.2706885e-02   1.1874433e-01   1.6093072e-01   7.0196869e-02  -1.4684200e-01   1.5917874e-01   1.6366376e-01   1.3894575e-01   3.5702037e-01  -1.1967173e-01  -8.6183116e-02  -9.6938875e-02  -2.5511738e-01  -7.4929262e-02   8.1217134e-02   6.2802993e-02   4.5845383e-02  -1.4332226e-01   9.9570109e-02  -6.5986727e-02  -1.6695407e-01   1.3087656e-02   1.5501716e-01   7.3245538e-02   1.1917608e-01   6.9249369e-02   5.2446208e-02   4.0730895e-01  -9.1653172e-02   1.2226529e-01   1.1743759e-01   1.1902487e-03   1.1110573e-01   3.7549584e-01   7.2944454e-02   1.8879458e-02   7.8047585e-02  -3.8117499e-02   1.4451600e-01  -1.1001165e-01   2.0640378e-01   2.2418891e-01  -2.9642487e-02  -1.1695445e-01   8.8973818e-02  -5.7917838e-02   6.9127984e-02   2.6505209e-02  -1.9927068e-02  -2.4447829e-01  -2.6425452e-01   2.4407384e-01  -9.8000641e-02   2.3892393e-01  -3.6187079e-02  -2.7960348e-02  -1.8010929e-01  -3.6581428e-02   5.5498833e-02  -4.9680429e-02  -9.6288080e-02   2.6697902e-01   1.7080377e-03  -4.2186053e-02   3.5350124e-01  -1.8509345e-01   2.4036653e-01  -1.5711768e-01   2.3514218e-01  -9.5525702e-02   3.5031594e-02   1.0054850e-01   1.5105320e-02   3.1397277e-02   3.5115697e-02   5.2632896e-01  -6.6919475e-02  -7.4893343e-03  -1.6718001e-01  -2.5292883e-02  -1.7452119e-01  -1.9194311e-01   6.0584982e-02   8.8554721e-02  -1.3297297e-02   1.7244480e-02   1.5003850e-01  -3.0679868e-02  -1.4781447e-01   8.8106608e-02   7.8124837e-02   2.1387846e-01  -1.3935293e-01   1.9875398e-01   3.3988247e-01  -8.6492039e-02   3.9628875e-02  -6.1675243e-02   2.0259323e-01  -1.3050852e-01  -2.7810603e-01  -9.1718253e-02   1.7851073e-01  -9.9897430e-02  -1.6404698e-01  -2.9927862e-02   1.6825061e-01  -1.1585157e-01   1.2982430e-01   2.2230937e-01   1.3037054e-01
   1.4107455e-01  -1.0949667e-01  -5.6715774e-01   4.9952787e-01  -4.1977181e-01  -4.2341947e-02   1.6962712e-01   1.1296480e-01  -1.1734925e-01  -1.6886184e-01   4.4387115e-01  -5.9386599e-01   3.2125687e-02   0.0000000e+00   2.4994519e-01   2.8415790e-01  -5.0985835e-01   3.1048265e-01  -1.0680366e-01  -3.7678505e-01   6.3494919e-01   3.8117233e-01   2.6782535e-01   3.2093778e-01  -4.6230186e-02  -3.3543875e-02  -2.0734159e-01   2.8460110e-01  -2.2169616e-01   5.5164550e-01   4.0972102e-01   1.3265886e-01  -1.5000336e-01  -3.2386972e-01   2.4794569e-01  -2.0449309e-01   7.7132885e-02   3.4776766e-01   1.8561805e-01  -3.3110417e-01   1.4272570e-02  -1.1131832e-01  -5.0047813e-01   2.0335806e-01   1.2622954e-01   3.1216005e-01   6.9018147e-02   5.0116380e-01   3.4648305e-02  -5.8079441e-01   2.6925467e-01   2.5489510e-01  -1.3378965e-01  -3.3685948e-01   2.8643933e-01   2.9277639e-01  -1.4849982e-01   5.6659695e-02   7.5697878e-02   2.3219829e-01   2.6843371e-01  -2.2744544e-01  -2.8065911e-02   2.8810980e-01   2.2411779e-01  -3.9268037e-01   1.0281038e-01   4.1832200e-02   1.7447286e-01  -1.5013341e-01  -3.1294277e-01   8.9694694e-02   1.0034815e-01   8.7906276e-03  -3.8181217e-01   3.3102860e-01   3.3201580e-01  -1.2254576e-01  -1.3151277e-01   1.0664869e-02   2.6519164e-01   1.4021640e-01   9.3033871e-03  -2.4985817e-01   1.8088993e-01   3.2151053e-01   4.0217424e-01   3.2033951e-01  -1.2302969e-01   3.7958046e-01  -3.0289323e-01  -2.1412898e-02  -4.9942946e-01   4.4240933e-02   2.5225139e-01  -5.6500692e-01  -3.1369872e-01  -2.0289362e-01  -3.0636812e-01  -1.2407016e-01   4.6353648e-01   6.2950649e-02   4.9264893e-01   4.5511150e-01   3.5536335e-01   1.0219923e-01  -1.6657755e-01   6.3763575e-02  -2.8940608e-02   2.5206953e-01  -4.0323709e-01   3.7859896e-01   3.8679150e-01   2.7393460e-01   2.1130566e-01  -8.0510852e-02  -3.0332926e-02  -6.7267473e-02   1.9264394e-01   2.5026303e-01   3.8628490e-01  -3.4229914e-01  -4.4030482e-01   6.3741896e-01   3.7234858e-01   2.1946849e-01   3.1924008e-01  -3.6191551e-01   1.8477291e-01  -2.8687676e-01  -1.3114797e-01   1.5376838e-01   1.9051656e-01   6.0498900e-01  -8.2729389e-02   3.0504038e-01  -1.9499851e-01   4.8442753e-01   5.1440049e-01   2.1127864e-01   2.5876121e-01  -9.3235512e-02   2.2933935e-01  -3.1964561e-01   2.1625823e-01   6.2411304e-01  -4.3557647e-01   4.7323213e-02   8.1195105e-02   4.9909417e-01   3.8377020e-01   1.5112065e-01   1.1844486e-01   5.0184220e-02  -6.1330401e-01   2.0808263e-01   2.4112832e-01   7.8882104e-03  -8.6422309e-02   3.5014700e-01  -2.1316347e-01   2.9161441e-01  -1.5835313e-01   5.2329484e-01   3.6550273e-02  -3.5655623e-01   2.6641798e-02  -7.7875062e-02   8.6343076e-02  -2.5635250e-01  -3.3223191e-01   2.6957690e-01   1.8453016e-01  -4.8858801e-01  -2.7609139e-02  -2.1684684e-01   2.1068396e-01
