   0.0000000e+00   1.6876720e-01   8.0531533e-02   1.1217416e-01   6.4234237e-03   2.3898742e-02   2.9437836e-01   3.3750350e-01  -1.7386446e-01   2.9961708e-03  -1.7312684e-01  -4.6204527e-02   3.8217918e-02  -7.2311608e-02  -1.6467090e-01   3.1751527e-02  -1.6469168e-01  -2.9931420e-01   9.1145436e-02  -1.6136668e-01  -3.2633011e-01   5.1849573e-03  -1.8788015e-01   3.5652218e-01  -2.8521269e-01   1.9592980e-01  -1.4234951e-01   4.0831864e-02  -3.3601974e-01   7.3461338e-02  -3.4461340e-01   8.9198045e-02   9.7441518e-02   1.8472165e-01   9.6060145e-02  -2.0119570e-02   2.9206057e-01  -3.1683014e-02  -2.0039038e-01   3.2540483e-02  -3.2431482e-02   1.0526425e-01  -3.2888543e-03   3.3436741e-02  -4.1408717e-02   4.4498015e-01  -2.0290556e-02   1.1738084e-02  -2.9450176e-01   6.1818672e-02  -3.5298675e-01   2.7815118e-01   9.8558245e-02   3.5628643e-02  -1.3108137e-01  -3.9037919e-02   9.7520703e-02   3.2257628e-02  -2.4665912e-02   8.7545694e-02   3.9067734e-01  -3.7883683e-01   6.4289214e-02  -2.8224890e-01  -1.7223293e-01  -1.6023505e-01  -1.4918937e-02   2.1676127e-02   1.2096663e-01  -4.4597795e-02   1.1833260e-01  -1.1027538e-01  -7.5660301e-02   9.1546103e-02  -6.2325467e-02  -3.3950938e-03   4.6724677e-01  -8.2214232e-02  -7.3679856e-03  -1.6049439e-01  -7.0374533e-02   5.5369014e-02  -1.9545297e-01   3.4149625e-01   9.3872366e-02   1.1411267e-01  -2.6078178e-02   2.0006134e-01   3.9636457e-01   4.1016630e-01   1.1403737e-02   2.5446207e-01   1.1212627e-01   1.4146669e-02   1.6256762e-01  -9.6615128e-02  -3.0021242e-01   1.3990892e-01  -2.2577686e-01  -1.8376702e-01  -3.1260441e-01  -6.7342185e-02  -3.8584824e-02  -1.0410899e-01  -1.1254232e-01   1.7604452e-01   3.8515934e-02   1.2000847e-01   1.9597623e-01  -6.4352863e-02  -1.0530374e-01   6.3720380e-02  -1.3059265e-01   3.5810151e-01   3.8283304e-02  -4.7665139e-02   1.2032425e-01  -4.0880672e-02   1.4939901e-02  -1.0757606e-01   3.4836826e-01  -9.7075199e-02   4.7445930e-02  -2.9574216e-01   4.9517705e-01   2.9237482e-01  -1.3243013e-01  -3.6636635e-01   9.6300643e-02  -8.2098284e-02  -4.6166972e-02  -3.7873356e-01   1.9861032e-01  -2.6126782e-01  -2.5084741e-02   1.7840298e-01  -1.7800465e-01  -2.5629895e-01   1.6395274e-01  -6.8116139e-02   1.5605644e-01  -1.8703376e-01  -1.1673549e-01  -2.8825142e-02  -9.2724715e-02  -1.8137137e-01   4.7026684e-02   3.1324630e-02  -2.2106767e-02  -1.6593247e-01   1.9237581e-02  -4.8655817e-02   1.5870576e-01   2.1268654e-02   9.3498565e-02  -1.5763436e-02   3.4016668e-01  -6.9416650e-02   2.2084178e-01   3.2293561e-02  -1.6276136e-01  -8.0515779e-02  -3.3450744e-02  -1.4359813e-01   1.1383851e-01  -1.6482549e-01  -2.2572638e-01   3.5387671e-01   1.3821196e-01  -6.0620063e-02  -1.6798808e-01   4.6572674e-02  -3.7549833e-02  -1.7908637e-02  -4.1077768e-01  -1.3393421e-01   1.2602384e-01
   1.6876720e-01   0.0000000e+00   3.0941063e-01   9.7296315e-02   2.5488540e-01  -9.9484485e-02   3.7804961e-01   3.4848977e-01   1.5460085e-01  -2.4073062e-01   9.1438381e-02   6.2902597e-01  -2.8727495e-01  -1.8184304e-02  -4.2270720e-01   1.9853466e-01   2.6388439e-01  -4.0144966e-02   1.6310414e-02   5.7903500e-02  -3.7202792e-01   4.2807667e-01  -5.3452847e-01   1.3419000e-01  -2.6531914e-01   1.0540242e-02  -1.0801926e-01  -2.2438213e-01  -6.2074355e-02   4.3599046e-01  -1.5279764e-01   1.3574811e-01   7.3388594e-02   1.8704173e-01   1.1058408e-01   1.6408928e-01   2.2123326e-02  -7.2702794e-02   3.2348106e-01  -1.8770839e-01  -1.4542681e-01   1.0151952e-01   3.0633423e-01   9.2903159e-02   2.5652901e-01   4.5024127e-01   6.1769186e-02   2.3333588e-01   1.6392886e-01  -2.1702137e-01  -2.1828157e-01   3.6515638e-01   3.6311840e-01  -2.0172509e-01   2.4210515e-01  -4.1206231e-01   9.6991179e-02   6.4701376e-02  -5.7827643e-02   2.8178342e-01   2.1708610e-01  -3.0279504e-01   5.6752417e-02   8.6211545e-02  -8.1848699e-02  -2.7670694e-01   1.7588474e-01   2.8443288e-01   6.9712764e-02   1.5707634e-01   6.0045875e-01   1.0632819e-01   1.6231079e-01   1.7700371e-01  -4.4522272e-02   3.7289401e-01   4.1864940e-01   1.1724684e-01   2.5961369e-01   3.4258147e-02  -5.0882863e-01   4.5383606e-01  -4.6786299e-02   3.0985893e-01   2.7853310e-01   2.8800838e-01   3.0257301e-01   2.5382258e-01   2.0116525e-01   3.5514216e-01   4.2526610e-01   2.0819754e-01  -3.9369991e-02   2.4557805e-01   2.8108747e-01  -9.8376144e-02  -2.5507241e-01   1.0578617e-01   2.1658621e-01  -4.8330028e-01   8.8856213e-02   1.0623098e-01   5.8995359e-02   3.0197332e-01  -1.7331322e-01   2.2391403e-01  -6.1143521e-02   1.1493739e-01  -2.0015404e-02  -1.8194143e-01  -3.8022500e-01  -2.5448214e-02  -3.9542431e-01   3.1535823e-01  -3.3584055e-01   3.1953316e-02   1.2272160e-01  -1.4658018e-02  -1.3486406e-01   2.9963009e-01   3.7519732e-01   1.1446906e-01  -3.3844198e-01   2.8724181e-02   4.3207007e-01   1.0130935e-01   8.2286291e-02  -2.6867381e-01   2.8663916e-01   1.0469336e-01   5.8979790e-01  -2.8183479e-01   2.9982830e-01  -2.0331270e-01   2.7464151e-01   3.7297604e-01   4.2565159e-02  -4.3388493e-01   4.1456414e-01   1.5838421e-01   4.7131064e-02  -1.8035682e-01   2.3997545e-01  -1.4499975e-01  -4.1492321e-01  -1.6673879e-01   2.6286482e-01   1.2100398e-01  -1.6376637e-01  -5.2433159e-01   1.8217362e-01  -3.1305962e-01   2.0762137e-01   2.0392408e-01   4.6854229e-01   1.6484219e-02   2.5694522e-01  -1.7114660e-01   1.6301327e-01  -2.6596372e-01  -1.0534185e-01   2.6917727e-01  -6.7444994e-02   1.0377601e-01   3.8607654e-01  -1.0637563e-01   1.2360208e-01  -1.1099094e-01   5.3729415e-02   8.3927105e-02   2.8128869e-02   2.3442375e-01   1.9060260e-01   1.5693683e-01  -2.4842405e-01   8.5006097e-02   4.3859967e-01
   8.0531533e-02   3.0941063e-01   0.0000000e+00   4.7214182e-03   2.6158671e-01   4.1186365e-01   4.0205890e-01   1.2333746e-01  -1.9314335e-01   1.5824384e-01  -2.5770617e-01   1.8105080e-01  -7.5861851e-02  -1.3530698e-01  -3.5324161e-01   7.2080737e-02   7.2950848e-01  -2.8070395e-01   2.5597202e-01   4.1816243e-01  -3.1444737e-01  -5.4235065e-02  -3.9132801e-01   9.5300112e-03  -6.0833223e-02  -8.7428200e-02   2.3144670e-01  -2.7642004e-01  -7.0401001e-02  -2.3752834e-01  -2.3287662e-01   1.0281240e-02   6.5286804e-02   4.3313652e-01  -1.6608813e-01   2.1271932e-01   1.9420787e-01   2.6484614e-02   3.0002640e-02   5.1015321e-01  -1.5141427e-01   2.3812677e-01   2.7955068e-01  -6.0869064e-02  -1.2871755e-01   2.8100805e-01  -6.2270332e-02   1.3017476e-01   5.7638209e-02   3.6990080e-01  -3.2506463e-01   1.4322804e-01  -8.8743089e-02   2.3724335e-01  -8.5925173e-02  -2.3289902e-01   4.5580258e-01  -9.7662223e-02  -4.3103225e-01  -3.4714940e-01   3.2564563e-01  -1.4388232e-02  -1.7746456e-01  -3.2691649e-01  -3.7272104e-01   2.1225566e-02   5.5929115e-01  -6.2909982e-03   1.2842960e-01   6.9071908e-01   4.2015834e-01  -9.3653095e-02  -6.1155802e-02   2.1668517e-01  -1.3930323e-01  -2.7389424e-02   2.0815198e-01   7.7773563e-02   2.5639387e-01  -7.6200823e-02  -3.7874074e-01   1.7248949e-02  -1.9261270e-03   2.3801745e-01   4.9631804e-01  -9.7085784e-02  -1.9892042e-01   2.7276085e-01  -9.5981726e-02  -2.3371149e-02   1.1303379e-01   3.7127645e-01   3.4069955e-01  -2.1522054e-01   8.2439791e-02   2.0062150e-01  -3.4105432e-02   2.1071358e-01   1.2999615e-01  -2.3526256e-01   2.7861295e-01  -2.9784526e-01  -1.8993666e-01  -2.3464925e-01  -4.3212898e-01   1.7406625e-01   1.2814967e-01   5.9839367e-02  -2.5110531e-03   4.0573651e-01   1.5013455e-01  -2.5138971e-01  -2.0870529e-01  -1.4668116e-02   8.5972942e-02   3.8816063e-03   2.0760432e-02  -2.1743823e-01   2.2432910e-02   1.0108760e-01   2.6741917e-02   2.1750770e-01  -1.6413299e-01  -4.0231360e-01   5.7004435e-02  -3.3399398e-02  -9.1563180e-02  -3.8933965e-02  -1.5114106e-01   5.9225978e-01   1.7810288e-01  -4.2918556e-01   2.7026637e-01  -8.7418038e-02  -8.5526587e-02   7.9932213e-02   1.2958530e-01  -3.1639594e-01   3.1399091e-02   2.8966337e-02  -1.1989858e-01   6.8893535e-03  -9.2381253e-02   3.6853335e-01  -3.2598937e-01  -4.7680420e-01   5.0680208e-01   1.6352862e-01   2.7902097e-01  -2.5761962e-01   4.7287463e-01  -1.8464793e-01   3.2196859e-01  -1.8453485e-01   5.2486796e-01  -2.4322838e-01   3.1120377e-02  -3.0548078e-01   2.2170678e-01  -2.0846695e-01   8.1706930e-02  -9.2734733e-02  -3.4355753e-02  -4.5170379e-01   8.8817573e-02   6.6867774e-02  -2.5925897e-02  -3.2341105e-02   4.9425370e-01   3.2319782e-01   1.3710154e-01   2.3905359e-02  -4.7806338e-01   6.3273257e-01  -5.6071079e-03   8.4068232e-02  -4.8365754e-03
   1.1217416e-01   9.7296315e-02   4.7214182e-03   0.0000000e+00   7.7464717e-02   1.9233926e-01  -2.7098841e-02   2.6453416e-01  -1.6103172e-01  -1.8906274e-02   3.0380377e-01  -5.3334997e-02   1.0202019e-01   9.2237926e-02   7.4191457e-02  -1.8345362e-01  -6.6548943e-02   1.3264720e-01   1.3132139e-01   2.1691243e-01   1.3326427e-01   4.8159137e-01  -1.2381230e-01   1.1738670e-01  -6.0673171e-02   2.5248702e-01   1.5691521e-01  -1.1855765e-01  -1.0754976e-02   2.2273965e-01  -7.6194613e-02   5.5772031e-01   2.2204342e-01  -3.2049914e-01   5.5363449e-02   2.5168031e-01   1.0789539e-01  -1.5809828e-01   5.2534825e-02  -2.9604104e-02  -1.1390908e-01   1.8465313e-01  -1.5889284e-01   6.5442383e-02  -2.0368443e-02  -4.4561131e-02   3.8765342e-01  -6.3956228e-02  -2.0917159e-01  -9.7520370e-02   3.3247593e-01   2.0284846e-01  -6.9854744e-02   1.2327333e-02   1.1815129e-01   1.1363385e-01  -1.6334351e-01   5.8757063e-01   2.9603760e-01  -2.9333381e-02   8.2765471e-02   4.1023759e-02  -2.9124610e-01  -2.6464047e-01  -1.1878510e-01   2.4338792e-01   9.9495704e-02   1.1451510e-01   3.1043251e-01   3.8238491e-02  -1.4177833e-01   4.1549089e-01   4.6341991e-02   2.6266378e-02  -1.6605692e-01   2.8481133e-01   2.0885050e-01  -7.4182375e-02   1.2869319e-01   1.0997995e-01   4.0711228e-02  -7.9933287e-02  -1.1133521e-01   1.4362365e-01  -1.1192008e-01   3.7940911e-01  -8.3460024e-02   1.6950926e-01   1.0485134e-01   4.7745484e-02   7.3593861e-02   1.9498104e-01  -2.4815323e-01   3.0684287e-01   7.3624294e-02   2.7149907e-02   5.0563199e-02   1.5824513e-01   1.5872414e-01   3.7240241e-01   1.1107266e-01  -1.1404007e-01   4.4934328e-01  -7.3647097e-02   4.5672425e-01   6.8619568e-01   3.6297630e-02   4.6554681e-01  -6.2047464e-02  -7.9352556e-02  -1.9683313e-01   4.8889489e-01   1.3919782e-01   1.6482188e-01  -6.0678385e-02   4.5801681e-02   1.9168700e-01  -4.5272235e-02  -2.0534099e-01   6.4688517e-01   2.9203319e-01   1.1468641e-01  -3.7056488e-02  -1.0390802e-01   1.3235192e-01   2.7841916e-01  -2.5091463e-01   2.9854507e-02   4.9598092e-01  -8.6128219e-02   1.0833910e-01   9.0807139e-02   2.6567830e-01  -2.0262363e-01   2.6933294e-01   4.8663017e-01   7.0070164e-02  -8.4049116e-02   4.5061972e-01   8.7419150e-02  -1.8724334e-01  -2.2031372e-01   1.7792630e-01  -1.1029591e-01  -1.1609857e-01   2.4830332e-01  -2.0594968e-01   6.3725828e-02  -9.4731842e-02  -7.2498484e-02   5.0517360e-02   3.2158712e-02   1.7623169e-01  -9.3788658e-02  -2.4258976e-01   5.5732257e-02   3.5677629e-01   2.5649329e-01  -2.9765466e-02   2.0794424e-01   8.8150186e-02   1.2517535e-01   1.4870491e-01   3.1966022e-01   5.1532459e-01  -1.0070111e-01  -1.3118868e-01   7.2700544e-02   2.5856988e-01  -2.4781177e-01  -5.6917585e-02  -1.2549758e-01   1.3739674e-01  -1.3980949e-01   6.0973991e-02   7.1369446e-02   5.8099981e-01
   6.4234237e-03   2.5488540e-01   2.6158671e-01   7.7464717e-02   0.0000000e+00   1.6657493e-01   2.2401730e-01  -1.1942199e-01   1.5561663e-01   1.8806466e-01   1.4571315e-02   3.9444142e-01   2.0301886e-02  -1.8909871e-01  -4.4932530e-02  -3.9744541e-02   3.7490686e-01   1.2551852e-01   1.6517933e-01   5.7606920e-01  -6.8003886e-02   7.5488017e-02   2.6919262e-02  -1.3286556e-01  -1.2532422e-01  -1.7767332e-01   1.6670329e-01  -1.3301093e-01   1.0194645e-01   8.7238402e-02   8.3828195e-02  -2.7487551e-02   1.5950025e-01   1.4645758e-01   1.1423029e-01   5.7706965e-01   2.8037367e-01  -1.6969980e-02   1.9281593e-01   1.4205810e-01   2.2577468e-02   4.0036329e-02   2.7071478e-01   3.6352741e-02   3.4574544e-01   4.6973877e-02   2.6233628e-01   2.1542438e-01   1.1992032e-01   3.8307239e-02   6.0269557e-02  -9.5903400e-02  -4.8384326e-02  -2.4831767e-01   2.8329652e-02  -1.4268615e-01   8.5718299e-02  -2.9299703e-02  -1.3009477e-01   4.0767127e-02   1.2965152e-01   1.0915547e-02   3.5315637e-02  -1.1803967e-01  -8.8462816e-02   2.0988429e-01   1.3462018e-01   3.5007166e-01   7.3874688e-02   1.6681153e-01   2.4225659e-01   3.3926401e-01   1.9950645e-01  -1.1315019e-02  -4.1690557e-02  -1.1268886e-01   1.3863738e-01   1.4077450e-01   3.6218680e-01  -8.3901917e-02  -1.5132750e-01   1.0012032e-01   2.2493306e-01   9.5714815e-03   2.7499088e-01  -1.6778875e-01   1.2632921e-02   1.1322998e-01  -4.3117664e-02   2.3227357e-01   3.3033475e-01   9.7203558e-02   1.9181159e-02   1.4025838e-01   1.0823489e-01   3.8819186e-01   1.6921826e-02  -5.6443015e-02   5.9611827e-01  -8.4854271e-02   1.0225911e-01  -1.0529487e-01  -3.0378256e-02   1.5008550e-01   2.9928901e-02  -1.6983685e-02   4.3576191e-04  -1.2941840e-02  -1.6816499e-01   4.3357995e-01   4.5423069e-02  -6.1240289e-02  -1.2505189e-01   4.7886402e-02  -1.7961003e-02  -1.2939202e-01  -6.8081840e-02   9.2812881e-02  -6.5592529e-02   2.3203148e-01  -6.7223702e-02   1.7155909e-01  -1.7853565e-01  -3.6033821e-03   8.2199113e-02  -1.1568487e-01   2.5086151e-01  -2.2187330e-01  -4.4941826e-02   2.4377033e-01   3.0616584e-01   1.3298279e-01   1.9110124e-01   1.1369856e-01   1.6673114e-01  -9.9812629e-02   1.4114568e-01  -2.3788999e-01  -1.2904643e-01   2.8076863e-01  -2.6044357e-02  -1.6656547e-02   1.7338181e-01   1.4690530e-01  -1.6465162e-03  -1.8468032e-01   2.6916263e-01   3.7038832e-01   1.2382404e-01  -1.5279095e-01   2.2464154e-01  -2.2272198e-01   1.4491390e-01   9.2135340e-02   3.0761863e-01  -5.3703968e-02   1.6418697e-01   1.5127870e-02   1.1439840e-01  -4.8722228e-02   1.3738155e-01   5.3862725e-02   4.5742028e-01   8.4458353e-02   1.3465193e-01  -4.0331058e-02   2.5880861e-01  -2.2013557e-01   1.6944524e-01   6.4721511e-02   1.2648236e-01   7.7292668e-02   2.9815070e-02   3.4171868e-01   6.4179075e-02   1.3007193e-01   2.7953692e-01
   2.3898742e-02  -9.9484485e-02   4.1186365e-01   1.9233926e-01   1.6657493e-01   0.0000000e+00   3.3606782e-01   1.0090765e-01  -5.2235978e-01   7.2750665e-02  -1.7583437e-01  -1.8164733e-01   2.8420307e-02  -1.7073720e-01   3.6160447e-02  -1.6596744e-01   3.6889650e-01  -2.8375883e-01   5.5086214e-01   3.5115368e-01  -1.9562738e-01  -1.0838015e-01  -3.7806842e-02   9.1434660e-02   4.5982989e-02   3.3105588e-01   4.6284395e-01  -2.2585991e-02  -1.2059636e-01  -3.0710257e-01  -2.7867581e-01  -4.9923961e-02  -9.7712872e-02   1.7309384e-01  -1.2751410e-01   3.2129693e-01   1.9947000e-01   2.9668667e-02  -2.1551858e-01   5.3691113e-01   7.7090437e-02   6.2965529e-02  -1.6166471e-01  -5.0268057e-02  -1.5833265e-01   4.5850321e-02   6.7697431e-02   1.5043236e-01  -2.1656457e-01   4.1472252e-01   7.3945567e-02   1.9685411e-01  -3.6198794e-01   5.5212667e-02  -3.0965594e-01   2.1815611e-01   4.3218377e-01   1.3244626e-01  -1.6512619e-01  -4.4107780e-01   2.1490412e-02   9.2148605e-02  -2.2965333e-01  -4.3724499e-01  -5.4050317e-01   2.3896153e-01   6.1313563e-01  -3.4459537e-01   3.4613661e-01   5.2798555e-01  -1.4067396e-01  -6.4724376e-02  -1.7680182e-01   1.9965812e-01   1.5987286e-02  -2.2480430e-01  -4.9671204e-03   1.6302962e-01  -2.0685843e-02  -8.6543492e-02   2.7447391e-01  -2.4399843e-01   1.0638859e-01   1.4677311e-01   1.2509936e-01  -5.1682481e-02  -5.3894249e-01   5.0833410e-02   8.4937033e-02  -1.2700123e-01  -1.9836560e-01   1.5451953e-01   3.0614704e-01  -1.7203277e-01  -1.1050380e-01   6.1778562e-02   9.6858732e-02   3.1653019e-01  -1.5553908e-02   2.7142456e-01   2.5230350e-01  -1.6298229e-01   1.6050398e-01  -4.6106284e-01  -4.4301629e-02   1.5013075e-01  -1.7909824e-03   4.4607412e-01   1.1917728e-01   5.3076707e-01   4.1607726e-01   1.4099061e-01   1.8111608e-01  -5.6623075e-02   3.1742496e-01  -3.0003343e-01   2.2957659e-01  -2.9891527e-01   2.2159815e-01   1.0651634e-01   3.8588826e-02   3.1928907e-02   1.4069717e-01  -6.0272163e-01  -9.5344899e-02   2.2100777e-01  -2.8231289e-01   5.6496424e-02  -9.1507950e-02   5.6446051e-01  -7.9859736e-02  -2.9820621e-02   1.8945729e-03  -3.3918789e-01  -2.8270575e-01  -3.2068417e-03  -1.3902302e-03   4.0387499e-02   1.1698179e-02   5.8451804e-02  -1.9497291e-01  -2.5511736e-02   2.4762539e-01   5.3539797e-01  -1.1472384e-01  -2.3140172e-01   1.8936934e-01   1.2028567e-01   6.8004300e-01  -6.3357700e-02   2.8852441e-01   2.6280644e-01   5.3049930e-02  -1.2688538e-01   8.4430060e-02  -1.4762101e-01  -4.6391818e-02   1.4186236e-02  -1.1740535e-01   2.9016903e-01   1.1735534e-01  -1.1799619e-01   4.3691139e-02  -3.7004369e-01   1.2241224e-01   1.6087573e-01  -1.7066262e-01   3.0654198e-01   3.7115223e-01   3.2392519e-01  -5.6945395e-02  -6.6418330e-02  -5.2425522e-01   5.3363582e-01   9.4898757e-03  -4.9919530e-02   3.9776122e-02
   2.9437836e-01   3.7804961e-01   4.0205890e-01  -2.7098841e-02   2.2401730e-01   3.3606782e-01   0.0000000e+00   1.6022215e-01  -1.3079885e-01   2.0616287e-01  -1.8171383e-01   3.9724219e-01  -8.5141154e-02  -4.1542799e-01  -2.9095712e-01   6.2276054e-02   2.3722609e-01  -3.1872261e-01   2.6042551e-01   1.3670396e-01  -4.8674098e-01  -3.8332549e-02  -2.0756732e-01  -9.2379935e-02  -1.7757616e-01   1.3713578e-02   2.5326161e-01  -5.9264541e-02  -9.4469608e-02  -4.3234575e-02  -2.7885848e-01  -2.0371459e-01  -4.0962937e-02   4.2793248e-01   9.1389428e-02   2.5921013e-01   2.7372812e-01   1.9082677e-01  -3.8527978e-02   3.1281470e-01   1.7950050e-02  -6.4003229e-02   1.1749863e-01  -9.3515301e-02   1.4068013e-01   2.6864326e-01  -4.4057259e-02   5.1805311e-01  -5.7989925e-02   1.1830264e-01  -1.6256666e-01   1.8394067e-01   1.8331686e-01  -2.1776595e-01  -2.2502696e-01  -1.4368615e-01   1.1667837e-01  -9.1612900e-02  -1.8216912e-01  -8.5588795e-02   1.6507010e-01  -1.3768185e-01  -8.2278819e-02  -2.8803720e-01  -3.0758329e-01   3.0212847e-01   2.8980260e-01   7.9801638e-02   1.0193811e-01   2.9260274e-01   3.9913047e-01  -1.3580505e-01   2.6403795e-02   8.9968638e-03  -2.5893660e-01  -1.5152902e-01   3.8345717e-01  -6.1018252e-02   2.8123220e-01  -1.8464604e-01   2.8914133e-02   1.5094065e-01  -1.5903496e-01   3.0037829e-01   6.6021720e-02  -6.2373348e-02  -1.7751823e-01  -1.0582935e-01   2.4807233e-01  -2.7587971e-02   2.2766888e-01   7.8496347e-02   2.5940110e-01   1.7754643e-01   1.4252265e-01   1.9549552e-01  -1.5765396e-01  -2.9957938e-02   8.6547242e-02  -2.0010210e-01   4.0255975e-02  -4.4792670e-02  -1.1418134e-01  -1.0808131e-01  -2.3625989e-01  -1.9170229e-02  -1.6602212e-01   9.2862335e-02   3.0036724e-02   2.5288083e-01   2.4790406e-01  -1.4149621e-01  -2.9809250e-01  -3.0621055e-02   1.7321377e-01  -5.2258652e-02  -2.8159163e-03  -7.6144695e-02  -1.3848463e-02  -2.1428728e-02  -4.7243166e-02   1.6916819e-01  -4.3426644e-02  -3.5285635e-01   1.4009632e-01   3.5975078e-02   3.0686941e-02  -2.3074511e-01  -1.6117567e-01   3.7053717e-01   2.1163029e-01  -1.8493363e-01  -1.5033872e-01  -1.3452861e-01  -1.4667376e-01   5.5195594e-03  -9.6190199e-02  -1.8057054e-01   1.6056251e-02  -1.4881374e-02  -1.5363915e-01   1.5325904e-03   4.2768854e-02   3.3718487e-01  -1.3609085e-01  -4.3943843e-01   5.1097534e-01   1.7410838e-01   3.4983546e-01  -2.7355119e-01   3.2962146e-01  -1.8023182e-01   2.6856535e-02   1.1312482e-01   5.2887098e-01  -1.6038767e-01   1.0257641e-02  -1.2924672e-01  -2.5476071e-02   1.3990428e-02  -7.0723571e-02  -4.6213838e-02   1.5462530e-02  -4.3136313e-01   4.3234196e-02   2.8443005e-01   1.7419156e-01   3.1414199e-02   9.5865308e-02   4.0953228e-01   1.2874706e-01   1.4663827e-01  -2.3246708e-01   4.7432337e-01  -2.1964594e-01  -2.4460946e-02   5.0822064e-02
   3.3750350e-01   3.4848977e-01   1.2333746e-01   2.6453416e-01  -1.1942199e-01   1.0090765e-01   1.6022215e-01   0.0000000e+00  -2.0195827e-01  -3.9511626e-01   4.1140283e-01   1.7251757e-01  -1.8626219e-01  -3.6101738e-02   1.4631560e-02   1.6912382e-02   4.4025008e-02  -4.5545596e-01   1.6899291e-01  -1.6957027e-01  -3.2291286e-01   4.5271256e-01  -2.5425657e-01   2.4949356e-01  -2.6579264e-01   5.9418241e-01   2.1063467e-01   1.3571167e-01  -4.9073354e-01   2.4298484e-01  -4.6518208e-02   4.5379250e-01   1.1576618e-01  -7.9665599e-02   2.8952024e-01   3.4374452e-02  -2.1586524e-01   1.8415823e-01   2.2757054e-01  -4.9065658e-02  -2.6064673e-01   1.6097500e-01  -1.4562078e-01   4.3256713e-01  -2.5350195e-01   2.1501443e-01   2.8037065e-01  -2.7290017e-02  -3.7125172e-01   8.0570021e-02  -2.7495935e-01   8.1532242e-01  -8.3023655e-02  -3.4301960e-02  -1.0108596e-01   2.1593461e-01   2.2734310e-01   5.1401399e-01  -1.5297892e-01   6.0032881e-03   3.3575433e-01  -4.0097362e-01  -2.5450514e-01   2.7111157e-02  -3.7337412e-01  -3.9062519e-01   2.6097398e-01   1.7683733e-01   5.4022729e-01   3.4362617e-01  -1.1864190e-02  -2.2699646e-01  -6.7242378e-02   5.4879769e-02  -2.1088731e-01   3.6787994e-01   6.2473604e-01   1.7257466e-01  -3.5025064e-02  -4.5097751e-01   4.3816656e-02   2.3511485e-01   1.6476748e-01   6.3652807e-01   1.5830885e-01   6.3000492e-01  -7.3934818e-02   1.3388649e-01   2.7817123e-01   2.1749089e-01  -1.5368154e-01   3.1455376e-01  -7.9092058e-02   2.2404316e-01  -4.8370528e-02  -3.0718746e-01  -5.4989870e-01   2.9690413e-01  -3.4434316e-01  -7.9722712e-02   2.4663152e-01   2.8422518e-01   2.7382791e-01  -1.1197420e-01   4.8659127e-02   4.6497446e-01  -1.3582573e-01   4.4288812e-01  -7.1690020e-02  -1.9634465e-01   3.5125761e-02   4.2190224e-01  -3.7179547e-01   2.0283255e-01   1.0696971e-01  -3.0276215e-02   6.7774204e-01  -3.1182127e-01   1.8773751e-01   3.6985176e-01   4.6479538e-01  -2.7470354e-01  -2.7545636e-01  -3.0985775e-01   3.3373472e-01   4.9761803e-01  -3.3202699e-01  -3.3014471e-01   4.9925852e-01   5.8626729e-02   2.2068185e-01  -1.3406119e-01   1.7783282e-01  -3.6531806e-01  -8.4234273e-03   6.9498127e-01  -5.0948766e-01  -3.9543229e-02   7.4511116e-01  -1.6816163e-01  -2.3204308e-02  -4.6923459e-01   3.5663057e-01   8.9668284e-02  -1.8266433e-01  -4.0497535e-02   7.0884557e-02  -3.9233467e-01  -1.2438312e-01  -3.8359020e-01   3.0411022e-01   2.2364885e-01   1.0812249e-01   5.2831511e-02  -3.2676673e-02  -1.3466240e-01   6.7512108e-02  -8.4871137e-03   1.9033730e-02   3.4256769e-01  -5.7947208e-01   3.4186655e-01  -3.9618834e-01  -1.0893440e-01   6.9754765e-01  -1.5487026e-01  -9.9930810e-03   2.5504959e-01   1.2161053e-01  -7.5567725e-02  -1.4936456e-01   3.7918154e-01  -5.7302630e-02   1.0269555e-02  -3.5953870e-01  -3.7039810e-01   4.7609843e-01
  -1.7386446e-01   1.5460085e-01  -1.9314335e-01  -1.6103172e-01   1.5561663e-01  -5.2235978e-01  -1.3079885e-01  -2.0195827e-01   0.0000000e+00   1.3123253e-01   5.2103920e-03   3.3620676e-01   1.0223989e-01   2.0173182e-01   3.1874326e-02   1.9861506e-01  -1.7816743e-01   4.2136633e-01  -5.2198677e-01  -5.1237934e-02   3.3021136e-01   1.0886500e-01   2.4446401e-01  -2.9327582e-01  -2.1158149e-01  -3.2738310e-01  -2.2348933e-01   7.7589114e-02   4.1178522e-01   3.6146532e-01   3.6069648e-01  -7.4788247e-02   1.6451211e-01  -5.3607010e-02   3.0785979e-01   5.6393881e-02  -1.5633783e-01  -1.4426100e-01   2.5278942e-01  -2.4829068e-01   3.1117162e-01   6.4885090e-02   4.7318242e-01  -2.0302381e-02   2.9943826e-01   9.6470581e-03  -1.0909170e-01   2.8298794e-02   1.7462302e-01  -3.0581429e-01   2.4558571e-02  -2.9220755e-01   3.5536391e-01   9.6337478e-02   2.4883892e-01  -1.9846836e-01  -3.7409867e-01  -2.7560651e-01   1.6800420e-01   4.4447095e-01   4.2811835e-02   6.0374434e-02   4.6222125e-01   4.1438597e-01   6.6224265e-01  -6.7851715e-02  -4.0974635e-01   2.1169294e-01  -3.1188474e-01  -3.2101053e-01   2.4282550e-01   2.8619057e-01   3.0944684e-01   5.2556436e-02   1.4721623e-01   5.7272065e-02   5.5810238e-02   5.3766418e-02   1.7808899e-01   2.5487887e-01  -1.9908066e-01   1.6093297e-01  -5.0768381e-02  -1.9892692e-01   2.1642762e-02  -2.4752388e-01   6.3055676e-01   7.3768190e-02  -1.6652318e-01   9.2625517e-02   3.9308949e-01  -1.9065848e-01  -1.3749323e-01   3.8119379e-01   2.8060154e-01   1.3021149e-02   2.1482677e-01  -2.1032728e-01   3.2129553e-01  -1.9048189e-01  -1.2872906e-01   6.3263789e-02  -1.7192042e-01   7.4933619e-01  -6.4732424e-02  -2.1064880e-01   9.8224245e-02  -3.7430186e-01  -8.0055821e-02  -2.4385085e-01  -2.9069945e-01  -3.4950926e-01   1.6298472e-02   1.0903756e-01  -2.4954272e-01   3.4120079e-01  -3.2610244e-01   4.2608719e-01  -3.3448954e-03  -6.5249022e-02  -1.0475631e-01   2.1205505e-01  -1.0415118e-01   7.3118583e-01  -1.8836908e-02  -4.4286428e-01   4.3590178e-01  -9.5949152e-02  -3.1819404e-02  -2.2959956e-01   2.9954465e-01   2.4123175e-01  -3.1174721e-03   6.1497876e-01   4.2819058e-01  -4.8391641e-02   3.4061470e-01   1.6142517e-01  -2.3790624e-01   1.1396983e-01   2.9169500e-01   2.1116006e-01  -1.8084958e-01  -1.7445411e-01   2.5069227e-01   2.4976421e-01   6.0604962e-02   7.7115599e-02  -4.4254932e-01   3.0333681e-01  -1.2383650e-01  -3.5756974e-02   4.6943320e-02   2.3142813e-01   1.6508008e-01   4.2673304e-02   8.9189342e-02   3.4694316e-01   1.2468783e-01  -4.0491984e-01   1.9734010e-01   4.8157459e-02   2.6727213e-01   3.5118769e-01  -1.2753202e-01   9.3961946e-03   6.0909292e-02  -3.9922063e-01  -2.4700220e-02  -2.0600729e-01   1.2108646e-01   1.0705300e-02   5.1571809e-01  -2.9784639e-01   6.8917394e-02   1.8437117e-01   4.0445773e-02
   2.9961708e-03  -2.4073062e-01   1.5824384e-01  -1.8906274e-02   1.8806466e-01   7.2750665e-02   2.0616287e-01  -3.9511626e-01   1.3123253e-01   0.0000000e+00  -4.6101951e-01   7.2959980e-03   4.3351691e-01  -2.9797933e-01   1.0305370e-01   2.5484943e-01   1.0776269e-01   6.8331327e-02  -2.4515072e-01   3.5860561e-01  -5.4078101e-03  -5.2440440e-01   2.2705756e-01  -6.7867666e-02   5.0751946e-02  -3.6043179e-01  -1.6506620e-01  -1.0370185e-01   2.5320328e-01  -4.2485246e-01   7.8968555e-02  -4.5000948e-01   1.3232633e-01   5.0813630e-01  -2.0171287e-01  -4.4654829e-02   4.3601532e-01   7.8327333e-02   7.7209362e-02   4.0382620e-02   2.1618012e-01   9.1778131e-02   3.1537801e-01  -1.7156455e-01   3.6190773e-01  -5.4269879e-02  -4.0049089e-01   3.5770311e-02  -2.4186888e-01  -1.4726589e-01  -4.5664946e-02  -4.8690365e-01   2.5709239e-01   1.5664060e-01   4.4978363e-02  -9.5253929e-03  -1.7623564e-01  -4.2925048e-01  -1.1479354e-01  -1.8733695e-01   6.3815679e-03   3.8512043e-01   2.4777388e-01  -2.3712739e-01   1.4919840e-01   6.3618850e-01  -2.0890738e-01   1.6289027e-02  -4.1612291e-01  -9.6714410e-02   1.7952140e-01   4.0796107e-02   1.9056982e-01   9.9742920e-02  -3.4033436e-03  -5.9435898e-01  -1.6562378e-01  -7.4421271e-02   4.4574598e-01   1.2446311e-01   1.9656695e-02  -1.2689230e-01  -1.3576572e-01  -3.2625458e-01   7.2022721e-03  -5.2697070e-01  -1.3028425e-01  -1.0421678e-01  -2.1843575e-01  -1.8176488e-01   1.9331853e-01  -6.4464389e-02   3.0638396e-01  -1.7589001e-01   4.0877684e-01   5.4865418e-01   3.9916371e-01  -1.9088662e-01   2.8949089e-01   2.9582613e-02  -6.3632773e-02  -8.3957532e-02  -4.1539094e-01  -5.6838747e-03  -3.1964005e-01  -3.7508914e-01   2.8343547e-01  -2.6825861e-01  -1.6656936e-01   3.4348437e-01   2.4156823e-01  -4.2359888e-01   2.5012275e-01  -2.0289677e-01   5.0737903e-02   3.1298066e-01  -3.3873897e-01   3.3722638e-01  -1.6723019e-01  -2.4382640e-01  -4.8957199e-01   1.1171311e-01   3.3369166e-01   1.4120434e-01  -3.0454917e-01  -3.6760167e-01   4.5438367e-01   2.6699219e-01  -6.8052325e-01   7.8247018e-02  -1.8201793e-01   7.0145015e-02  -1.8185664e-03   3.3218986e-01  -6.2233350e-02  -5.3133676e-01   3.0691575e-01  -1.3992373e-01  -5.2051699e-01   2.7050628e-01  -4.7799325e-02   5.1185226e-01  -2.4397546e-01   5.6691830e-02   3.8072809e-01  -3.0639316e-01   2.8853154e-01   1.9022649e-01   1.4999877e-01   3.6234394e-01  -2.5793658e-02  -1.5556931e-01   7.2989685e-02  -2.8763146e-01   2.6221785e-01   7.8198020e-02  -7.4621276e-02   1.0172177e-01   2.2188848e-02  -1.4854088e-01   4.6511276e-01  -2.4758482e-01   3.6665129e-01  -1.8343670e-01  -3.7971172e-01   4.7194117e-01  -2.7334018e-02  -8.8956383e-02   1.5716338e-01   2.3754213e-01   5.2525733e-01  -3.2944335e-01  -7.9680356e-02   1.5206067e-01   2.8894370e-01   2.4550135e-01  -3.9443652e-01
  -1.7312684e-01   9.1438381e-02  -2.5770617e-01   3.0380377e-01   1.4571315e-02  -1.7583437e-01  -1.8171383e-01   4.1140283e-01   5.2103920e-03  -4.6101951e-01   0.0000000e+00   2.8987496e-02  -1.5389957e-01   1.1635738e-01   1.9189364e-01  -1.3169774e-01  -5.8785656e-02   7.6227803e-02   1.4885572e-01  -1.0788456e-01   1.1944225e-01   5.5518588e-01   1.4579648e-04  -3.8633727e-02  -7.4713428e-02   2.0842212e-01   2.2256542e-01   1.9906213e-01  -3.1613737e-01   4.4680109e-01   2.8171428e-01   3.9728054e-01  -4.2053417e-02  -5.1624023e-01   2.6843457e-01   2.8492585e-01  -2.7571306e-01   4.7932672e-03   2.4902930e-01  -2.0924013e-01   5.5677334e-02   2.9838978e-04  -3.0758628e-01   3.4942053e-01  -1.9688254e-02  -1.2177635e-01   6.4068634e-01  -5.1354060e-02  -1.1795351e-01  -3.6385273e-02   2.9511007e-01   3.5128640e-01  -2.1594310e-01  -2.6945677e-01   4.9793312e-02   2.9581283e-01  -1.0114557e-01   5.1237226e-01   3.2653004e-01   2.1407643e-01   8.3475154e-02  -3.1412679e-01  -2.4440756e-01   3.6150832e-01  -5.5352253e-02  -1.5777600e-01   4.6382746e-02   1.4103379e-01   4.5801881e-01   5.7469626e-02  -2.5305879e-01   2.3410982e-01   8.3872207e-02  -3.6371227e-01  -2.8502771e-01   4.6169421e-01   1.8941770e-01   2.0192995e-01  -2.2510422e-01  -2.2068260e-01   1.7196290e-01   1.8240341e-01   3.0883438e-01   3.5007306e-01  -1.9213357e-01   5.5196082e-01   2.6333394e-02  -3.1289547e-03   6.3324948e-02   6.7698944e-02  -1.7851804e-01   9.0181065e-02  -5.2265476e-01   3.6618964e-01  -3.1022460e-01  -1.6597273e-01  -3.4371195e-01  -5.8320668e-02   4.5689737e-02   1.0917139e-01   2.4982163e-01   3.1876055e-01   5.6161807e-01   2.2091319e-01   5.6968524e-01   2.9739722e-01  -1.7903416e-01   2.8510360e-01  -1.5474752e-01  -2.2928558e-01  -6.8238869e-02   4.5828071e-01  -1.9324700e-01  -5.5742959e-02   2.9183031e-02  -1.9017447e-01   3.1085200e-01  -5.8915017e-02   2.8135125e-03   4.9173869e-01   2.3146819e-01  -3.6127170e-01  -1.9922213e-01   7.8836620e-02   5.0803739e-02   2.6134322e-01  -1.8010402e-01  -2.3081802e-01   5.9813279e-01  -1.7123414e-01   3.0772823e-01   3.7142158e-01  -6.8358394e-02  -2.0879829e-01   2.8423825e-01   4.7310613e-01  -2.9572835e-01   1.3833749e-01   5.7268355e-01  -1.7965402e-01  -2.7436712e-02  -3.5025058e-01   4.3052030e-01  -7.2390562e-02  -1.1803192e-01   4.1836787e-01  -2.9818305e-01  -3.3768103e-01  -1.9223137e-01  -1.2740577e-01  -1.6814133e-02   1.9065199e-01  -7.9546676e-02   3.2842931e-01  -3.6087986e-01  -8.8170711e-02   4.4623377e-03   2.4953553e-01  -6.1969246e-02   3.1961220e-01  -3.8580817e-01   6.3356504e-01  -3.8068460e-02   3.9771161e-01   4.0177372e-01  -3.4021625e-01   2.6257901e-01  -1.5745032e-02  -2.0610314e-01  -4.0758458e-01  -2.4869393e-01   2.6055105e-01   3.2358753e-01  -2.0042854e-01  -9.0307681e-02  -1.9612992e-01   4.4746292e-01
  -4.6204527e-02   6.2902597e-01   1.8105080e-01  -5.3334997e-02   3.9444142e-01  -1.8164733e-01   3.9724219e-01   1.7251757e-01   3.3620676e-01   7.2959980e-03   2.8987496e-02   0.0000000e+00  -1.2382094e-01  -2.3673907e-01  -1.4729960e-01   1.7110743e-01   2.1015220e-01   6.0060798e-02  -1.6173159e-01   1.4701916e-01  -2.3979381e-01   2.7067007e-01  -1.1598528e-01  -2.1154765e-01  -3.7700879e-01  -1.4402665e-01  -7.0208315e-02  -7.5150866e-02   5.9618148e-02   3.0637627e-01   1.0551417e-01  -3.7707579e-02   1.4719630e-01   2.2054156e-01   3.6346659e-01   2.2740124e-01   6.3034296e-02  -8.8625725e-02   3.2722158e-01  -1.2693755e-01  -9.0939117e-02   8.8243254e-02   4.1884399e-01  -8.9169872e-03   3.4862087e-01   3.3428258e-01   6.3914427e-02   2.9785895e-01   1.4491653e-01  -1.7268872e-01  -1.4596033e-01   6.2770595e-02   1.5503786e-01  -1.7400536e-01  -3.8730408e-02  -2.6781017e-01  -2.9684479e-02  -5.2004178e-02  -1.3458872e-01   3.4723013e-01   2.4688384e-01  -1.3819275e-01   1.7812651e-01   2.1455532e-01   8.3106226e-02  -5.1656495e-02  -7.5368784e-02   3.4307281e-01  -8.0534415e-02   6.1825274e-02   4.0376027e-01   1.8162566e-01   1.8233540e-01   1.0775679e-01  -7.0674527e-02   2.1125993e-01   4.1597887e-01   4.3897845e-02   2.7139384e-01  -1.2960330e-01  -2.2594696e-01   2.6867305e-01   1.0866050e-01   1.1865560e-01   2.2608534e-01   1.0219902e-01   3.4176136e-01   1.2554813e-01   1.6924470e-01   2.8611462e-01   3.6761830e-01  -2.0830772e-02  -6.8344339e-02   3.3515767e-01   1.9155494e-01   1.6566338e-01  -2.4896013e-01  -7.5260645e-04   2.6519467e-01  -3.9833361e-01   4.6589792e-02   2.1697571e-01  -5.6226379e-02   4.6581605e-01  -1.2795634e-01  -2.7755673e-03  -7.9397068e-02  -1.4642087e-01  -5.0952278e-02  -1.0874236e-01  -1.0259171e-01  -1.7654718e-01  -3.3076102e-01   9.7381118e-02  -1.0398278e-01   3.4576634e-02   1.7710589e-02   1.4872926e-01  -8.1314236e-02   1.2738231e-01   1.1989387e-01   6.3526521e-02  -3.6310879e-01   2.1301115e-01   3.3771583e-01  -3.2723887e-02   2.8534111e-01  -1.9154897e-01   1.8402779e-01   7.4708110e-02   4.7741784e-01  -7.2674697e-02  -2.3637298e-02   8.9221113e-02   3.6781976e-01   1.0359674e-01  -2.9287910e-02  -2.3916683e-01   8.8847257e-02   8.1751387e-02   9.4580496e-02   3.9488288e-03   1.2917130e-01  -6.4954260e-03  -9.2549606e-02  -2.0166179e-01   3.7762127e-01   9.2708692e-03  -1.7608408e-01  -2.1929384e-01   2.6650346e-01  -1.7506438e-01   1.4513064e-01   2.5265305e-01   4.6703598e-01  -4.8794154e-02   8.0536499e-02  -1.2053166e-01   1.3457509e-01  -2.1806064e-01  -1.1834772e-01   2.6296597e-01   1.1630522e-01   1.4402063e-01   1.9215012e-01  -1.1893600e-01   3.7507668e-01  -2.7668053e-01   7.8927745e-02  -7.6981096e-03   1.0582527e-01   2.9882492e-01   2.7228253e-01   1.4114845e-01  -3.1327852e-01   9.8739575e-02   3.0929164e-01
   3.8217918e-02  -2.8727495e-01  -7.5861851e-02   1.0202019e-01   2.0301886e-02   2.8420307e-02  -8.5141154e-02  -1.8626219e-01   1.0223989e-01   4.3351691e-01  -1.5389957e-01  -1.2382094e-01   0.0000000e+00  -1.8964133e-01   2.6784502e-01   2.2969859e-01  -1.0263410e-01   2.1673391e-01  -2.6246255e-01   2.3621999e-01   7.7368306e-02  -2.1507413e-01   4.0830695e-01   5.1740402e-02   1.0980655e-01  -1.2515135e-01  -3.2080943e-01   9.2943191e-02   1.4095755e-01  -3.3107143e-02   7.6888274e-02  -2.6151946e-01   2.5898343e-01   1.6032545e-01   2.1412432e-02  -9.0745309e-02   7.7449535e-02  -2.3127177e-01   8.3456557e-02  -2.4131053e-01   5.0111373e-01   2.0745218e-01   1.3653939e-01   1.5151519e-01   4.0684397e-01  -3.1909787e-02  -2.0509535e-01  -1.0273418e-01  -3.5713531e-01  -3.1347076e-01   1.4634108e-01  -1.9936157e-01   9.8015069e-03   1.3367182e-03   1.8104072e-01   2.0854855e-01  -1.5532961e-02  -3.2366612e-01   1.0142514e-01  -2.0608829e-02  -4.6596809e-02   3.7842224e-01   4.0353226e-02   1.0539883e-01   2.0919781e-01   3.6095281e-01  -3.2294529e-01  -1.5897318e-01  -3.7474997e-01  -1.4996128e-01  -2.2899674e-01   2.9730692e-01   3.1482702e-01   1.7677399e-01  -6.8944336e-02  -1.8400234e-01  -1.1282488e-01   1.2388971e-01   6.1352097e-02   2.8117109e-01   2.0941790e-01  -4.0619881e-02  -9.8850836e-02  -1.7045505e-01  -2.7199410e-01  -3.0274595e-01  -1.1269299e-01  -9.4726659e-02  -1.4500267e-01  -1.3855608e-01   5.4446557e-03  -2.0687662e-01   3.9974269e-02   1.5537204e-02   3.2068976e-01   4.1843494e-01   4.2584478e-01  -6.0395885e-02   1.4358712e-01   1.4667153e-01  -1.0628594e-01   1.8690313e-01  -2.0378424e-01   8.4188695e-02   7.6326338e-02  -2.0704248e-01   3.2966864e-01  -2.0183993e-01   2.6834926e-02   9.6785700e-02   1.7036525e-01  -2.5217153e-01   3.2485161e-01   8.8985987e-02   1.4250589e-01   1.7869752e-01  -2.6690953e-01   4.3679528e-01  -3.1475387e-02  -2.4773128e-02  -2.3247905e-01  -1.0120438e-01   1.8749277e-01   2.3231357e-01  -1.1484133e-01  -2.6567723e-01   4.1992757e-01   5.8258164e-02  -3.0577727e-01  -1.6483216e-01  -7.4674718e-02   2.7399461e-01   2.1329824e-01  -4.9643014e-02   1.9983600e-01  -3.3379171e-01   2.6111121e-01  -1.2308178e-02  -2.6165875e-01   4.8537571e-01  -1.3199762e-01   6.3701495e-01  -2.8655721e-01  -1.0318788e-01   3.2723916e-01   4.7265978e-02  -1.1309785e-02   5.6285315e-02   3.2955120e-02   1.7041328e-01  -3.6615119e-02   5.2680851e-02   1.6060749e-01  -2.0751154e-01  -1.9154087e-01  -2.2897634e-02   1.2439102e-01   2.6634361e-01   1.3254106e-01   7.1244437e-02   3.7157480e-01  -1.9842343e-01   3.0387869e-01   2.9511023e-01  -1.8861921e-01   2.8769211e-01  -4.0598949e-02   2.5773526e-03   1.8569042e-01  -4.2149537e-02   3.1078496e-01  -2.5416467e-01   1.7763018e-01  -8.9264186e-02   2.4273888e-01   1.6389641e-01  -1.5298673e-01
  -7.2311608e-02  -1.8184304e-02  -1.3530698e-01   9.2237926e-02  -1.8909871e-01  -1.7073720e-01  -4.1542799e-01  -3.6101738e-02   2.0173182e-01  -2.9797933e-01   1.1635738e-01  -2.3673907e-01  -1.8964133e-01   0.0000000e+00   2.8171917e-01  -2.1633147e-02  -1.5582508e-01   1.7233352e-01  -1.9277308e-01  -1.4693180e-02   5.9047716e-01   3.4691895e-01   1.4436035e-01   1.9815066e-02  -2.5500891e-02   3.5927758e-02  -4.4976137e-02  -1.9502694e-02   1.1881550e-01   2.9118536e-01   3.7713372e-01   2.3434297e-01   1.5521418e-01  -4.1040496e-01   7.9451179e-02  -6.5581099e-02  -1.9797361e-01  -1.2382615e-01   8.6096077e-02   4.7083087e-03  -7.5007214e-03   3.0320509e-01  -1.4799255e-01  -4.7474729e-02  -1.7366537e-01  -8.2298474e-02   1.2972390e-01  -1.9936540e-01   3.5825813e-01  -3.1369899e-02   5.5790870e-02  -1.2300196e-01  -9.0729568e-02   2.0248041e-01   4.7221545e-01  -2.4102422e-03  -1.7502734e-01   7.3917374e-02   1.1521164e-01   1.7008502e-01   2.7567814e-02  -1.6239869e-01   1.2945411e-01   1.9631984e-01   3.0886223e-01  -2.3461142e-01   1.6663392e-01   7.8891651e-02  -1.3465968e-01  -1.9883817e-01  -1.2509245e-01   7.6800109e-02  -2.5342156e-02   1.9229449e-02   3.1602334e-01   1.1895063e-01  -1.8259397e-02   1.7750886e-02  -2.7952915e-01   5.0881349e-02   4.8195655e-02   1.8458647e-03   2.1584087e-01  -7.2803498e-02   6.8735991e-02  -4.8712623e-03   3.7264642e-01   2.8220040e-01  -7.1429121e-02  -1.2851033e-01  -1.9827280e-01   1.9882430e-01  -5.1682923e-02  -1.0912650e-01  -7.9249971e-03  -3.2935354e-01  -1.2663165e-01   7.2397950e-02  -1.8720548e-01   2.1780277e-01   2.3245752e-01  -3.2468622e-02   2.9694062e-01   1.9366852e-01   2.2170257e-01   9.6449054e-02   1.3789522e-01   4.2042261e-02   6.9874625e-02  -2.4353819e-01  -8.0788364e-02   1.4691454e-01  -1.7782584e-02   1.7090958e-01   1.1156075e-02   5.2559108e-02   2.2547474e-02  -8.4139886e-02   1.9724815e-01  -2.1054341e-02   1.5973738e-01  -3.2341303e-02  -2.3431499e-01   3.3400892e-01  -8.7461992e-02   2.0653799e-01   2.5057714e-02   1.6811786e-01   1.5557234e-01  -2.6753231e-01   9.0799110e-02   2.0444342e-01   1.3156891e-01   1.3813580e-01   3.8042070e-02   1.2323069e-01   6.3787117e-03   2.8770740e-01   4.9080982e-02  -2.1216912e-01   1.6589345e-01  -2.8975520e-01  -6.4284915e-02  -2.1944910e-01   8.0139454e-03   5.5300846e-01  -1.4334505e-01  -2.7325107e-02  -2.0977503e-01   2.5944761e-01   8.2315071e-02   2.2929860e-01   1.6387606e-01   7.4055567e-02  -2.8505941e-01  -3.5678686e-02   3.5328811e-02  -5.0074328e-03   7.8987085e-02   5.8685411e-02  -4.6692073e-02  -1.2587160e-01  -7.1114446e-02   3.1751713e-01  -6.4252290e-02  -2.6792031e-01  -2.1667540e-01  -1.8991260e-01   8.6358026e-02  -1.6492399e-01  -5.4392639e-02  -2.5525428e-02   3.4156442e-01  -3.3347182e-01  -8.1762148e-02   6.4819772e-02   9.0329102e-02
