   0.0000000e+00  -1.7565130e-01   1.3002260e-03  -9.3429812e-02  -1.4097099e-01  -1.6024126e-01  -1.3092375e-01  -1.6357308e-01  -2.8206108e-01  -2.0183634e-01  -3.3197466e-03   1.7272485e-01  -1.0577431e-02   4.4287454e-01   7.7478172e-02   1.6819010e-01   7.7786709e-02  -1.4021992e-01  -9.9143375e-02  -1.5064750e-01  -2.4819937e-01  -1.6886917e-01  -1.7293948e-01   6.7710527e-01  -2.6248326e-01  -1.6091581e-01  -2.0146414e-01   2.2487920e-01  -2.3529147e-01  -4.0338829e-01  -4.5447216e-02  -1.4054611e-01   3.0133954e-01  -2.8346390e-01  -3.2695591e-02  -1.8325787e-01  -3.8049611e-01   4.3316775e-01   1.1514403e-01   9.7879877e-03  -1.4655927e-01   2.0321601e-01   4.3416113e-02  -3.1608935e-02  -3.2122116e-02   2.4822379e-01  -1.1513651e-01   2.5648108e-02  -1.3118466e-02   6.7885396e-02  -3.2450616e-01  -1.6080903e-01  -1.2063600e-01   1.9960350e-01   4.0030431e-01  -6.8612708e-02  -1.6742287e-01  -6.0923702e-02  -1.0672074e-01  -1.1530686e-01   9.2760662e-02  -3.5987509e-02  -1.1633043e-01  -1.7213217e-01  -9.3507520e-02  -1.0401638e-01  -2.7218387e-01   8.1224639e-02  -1.7021384e-01   1.1620907e-01  -1.2406481e-01  -1.8781874e-01  -9.4147749e-03   4.3839771e-01   1.5513425e-02  -3.7404352e-02   4.6905840e-02  -1.9848449e-01   6.8775922e-02  -3.9346593e-02   7.5581607e-02   4.7445293e-04  -3.2126095e-02  -1.6705718e-01   5.3327292e-01   3.2002098e-02  -1.5708927e-01   3.3493472e-01   1.2616959e-02   6.2604241e-01  -2.8078527e-02   8.1728417e-04  -1.2981947e-01  -2.1680663e-01   4.0865632e-01   7.2613684e-03   2.6736153e-02  -2.3246984e-01  -4.0588345e-01  -2.4204916e-01   4.0217449e-01   1.9131675e-01  -3.5431233e-01  -2.0142180e-01  -2.5593282e-01   5.7106279e-02   3.1988288e-01  -2.5805130e-01   1.2680549e-01  -2.4297680e-01   1.2927311e-01  -1.7955367e-01   4.4458755e-02   5.5448323e-01   1.8566158e-01  -1.1970796e-01  -1.7722715e-01   9.2011521e-02   2.6964332e-01  -1.4325699e-01   2.4980535e-01  -1.2835941e-01  -2.5404077e-01  -2.7508259e-02   3.4738082e-01   4.1695203e-01   1.8111256e-02   6.6731173e-02  -6.5811772e-02   1.1714064e-01   1.3822320e-01  -2.4755935e-01   3.5408995e-01  -9.4502081e-02  -1.1934729e-01  -2.2207496e-02   3.3114088e-02   1.3078205e-01   7.0380965e-02   3.9443909e-01   4.4270213e-01  -5.3666500e-02  -1.4100463e-01  -1.0813273e-02   4.0365925e-02  -1.0427519e-01   1.7495991e-01  -2.3355855e-01  -3.5373637e-01  -1.5565419e-01   6.1138048e-01   9.2604204e-02   2.6343787e-01  -3.3976867e-01  -1.7512790e-01   6.9112144e-01   5.0221060e-01  -5.1018485e-02   9.5333738e-02  -9.2147234e-02   2.4561641e-02  -2.1609137e-01  -1.2546052e-01  -3.2300991e-01  -7.7321395e-02  -1.3643634e-01  -1.6478707e-01   3.6826143e-01   3.2255116e-01   5.4376554e-02  -1.3298153e-01   2.7522255e-01  -9.6543058e-02   1.2398876e-02  -1.3117330e-01   2.7135309e-01  -1.1597042e-01
  -1.7565130e-01   0.0000000e+00  -3.1879192e-01   2.5060919e-02   3.0918469e-01  -3.2238539e-01   1.6515885e-01  -2.5957119e-01   7.5385087e-01  -3.4476905e-01  -4.4002250e-01   5.5250474e-01  -2.4913480e-01  -2.7029199e-01   5.7532949e-02  -1.9145937e-01  -4.2512962e-01   3.5426038e-02  -2.4330176e-01  -5.4300123e-02  -6.5319238e-02   2.2560366e-01  -2.4433157e-01  -3.5837566e-01   3.0872244e-01  -2.1189865e-01  -1.5617274e-01  -3.9548461e-01   2.5219792e-01   6.2432370e-01  -7.4944117e-02  -4.0083466e-02   5.5340265e-02  -2.0488054e-01   3.1159837e-01  -1.0160390e-01   2.1120306e-03  -3.2330078e-01  -4.0251088e-01  -1.4206915e-01  -1.6689254e-01  -4.8807369e-02   5.8472901e-01  -4.7336040e-01   4.9926335e-01  -3.6286407e-01  -1.9463603e-01   1.1139719e-01   1.6813249e-01  -2.9841273e-01  -5.0095653e-02  -2.3063890e-01   5.0190467e-01  -9.5907713e-02   1.8059263e-01  -4.4775224e-01  -4.2659853e-01  -8.7539014e-02  -1.7269651e-01   5.7361244e-01  -4.2951629e-01   1.5010530e-01   7.6794951e-01   6.9539253e-01   6.8629031e-01  -4.8505123e-01  -1.6559086e-01   2.6868097e-01  -2.9099448e-01  -5.3021134e-01   5.4875318e-01   2.8222209e-01  -1.1670700e-01  -3.0261182e-01   2.3142664e-01  -3.6270709e-01  -3.6662847e-01  -2.7929325e-01   5.8825685e-01   8.2483613e-02  -3.2803514e-01  -2.4369447e-01  -1.5887624e-01  -3.7677911e-01  -3.9826052e-01  -1.1973476e-01   3.7246408e-01  -3.5449392e-02   5.9295149e-01  -1.8974436e-01   4.6849874e-01  -4.6012287e-01  -3.3946159e-01   5.6140235e-01  -2.5601633e-01  -1.0230980e-01   1.5312657e-01  -3.8238147e-01   1.9490464e-01  -5.5734205e-03  -5.4731475e-01  -2.1508402e-01  -2.7853691e-02   8.4850682e-01   1.4644348e-01   1.2601894e-02  -1.9102654e-01  -3.2773778e-01   3.3550201e-03  -3.3848219e-01  -3.3105135e-01  -1.3504972e-01   4.1041085e-01  -2.5750444e-01  -4.8085640e-01   6.2859002e-01  -2.5509992e-01  -2.1641361e-01  -5.8718312e-01  -5.3635365e-02  -3.1404193e-01   3.2570960e-01   4.4179451e-01   5.1531253e-01  -3.5779054e-01   7.3519181e-02   5.6402818e-01  -5.3044327e-02   8.8814518e-02  -5.1081112e-01  -1.1755529e-01   6.4070373e-01   2.9060835e-01   7.7590598e-02   6.1627901e-01  -2.1772082e-01  -5.6434214e-02  -7.7134685e-02  -1.7872574e-01  -2.6976529e-01  -2.6126761e-01  -2.9988721e-01  -1.5591827e-01  -1.4736017e-01  -3.5229633e-02  -9.3818027e-03  -3.6900079e-01   7.5174682e-02  -1.3539785e-01   9.1791720e-02  -3.6207238e-01  -2.7498930e-01  -4.3095432e-01   9.0045743e-03   3.6780365e-01  -3.8080082e-01  -3.7310448e-01  -1.1993529e-01  -4.5682592e-01  -3.3865051e-01   2.3106586e-01  -9.0959264e-02  -1.5453540e-01   1.5240215e-01   3.7885962e-02   6.5091446e-01   9.9098637e-02  -4.6068426e-01  -5.8084211e-01   1.6540602e-01   4.7836424e-01  -2.3685174e-01   3.9204526e-01   1.8544730e-01  -5.2415032e-02  -2.2250208e-02   4.0127389e-02
   1.3002260e-03  -3.1879192e-01   0.0000000e+00   1.1038169e-01  -3.3926396e-01   5.0306298e-01   7.1171003e-03   3.7489703e-01  -3.6445992e-01   1.6929786e-01   1.5201657e-01  -9.8574730e-02   1.2200910e-01  -3.4493609e-01  -1.3248014e-01   3.1952014e-01   9.1336098e-01  -1.8736209e-01  -2.1563581e-02  -1.0687976e-01   7.5382292e-02   2.2314223e-02  -4.8681733e-02  -1.8796547e-02  -9.3926771e-02  -5.0037265e-02   1.1990667e-01  -1.1646420e-01  -2.9590536e-01  -2.5950990e-01   3.5305002e-02   5.1026517e-02  -1.0144404e-01   1.1991493e-01  -4.4125711e-01   2.6180494e-01  -2.1323686e-01   5.8054808e-01   3.8028466e-01   3.7404704e-01   2.6396232e-01   2.4755390e-01  -2.5590257e-01   1.9873705e-01  -5.5498086e-01   6.9751448e-01   1.5574639e-01   4.8246279e-02  -1.5208217e-01   6.2830107e-01  -2.3791441e-01   3.3019904e-01  -4.9147183e-02   1.1107352e-02  -3.5117098e-01   2.5361535e-01   2.1218247e-01   2.7999081e-01  -1.1112263e-01  -2.4467880e-01   8.4783915e-01  -3.8437450e-01  -3.6759005e-01  -2.9401020e-01  -5.4225398e-01   3.2644236e-01   4.7914247e-01  -1.3769101e-01   6.1207825e-02   7.7563846e-01   5.5629616e-02  -2.4561775e-01   7.1331281e-02   3.5441356e-01  -2.7322922e-01   3.1298008e-01   8.4505841e-01  -8.9035771e-02  -5.3119301e-01  -1.3431987e-02   4.1751025e-02   8.2586619e-02   4.0507658e-01   3.2148998e-02   2.5339614e-01   1.0816571e-01  -2.7208825e-01  -1.3411995e-01  -4.7070717e-01   1.2077143e-01  -1.4340465e-01   8.9777713e-01   2.7773686e-01  -3.6559673e-01   4.9028218e-01   1.0577396e-01  -1.1216212e-01   2.5173883e-01  -1.7216275e-01  -1.6594233e-01   1.6372396e-01   4.8316546e-02  -1.2153361e-01  -3.8780773e-01  -2.6260491e-01   2.2282758e-01   1.3079674e-02   2.7277231e-01  -3.6594397e-02   5.0603243e-01   2.3469159e-01   1.3350814e-01  -2.4563858e-01   1.3624345e-01   5.7556207e-01  -2.5217625e-01  -2.3031285e-01   3.3806866e-01   4.3906575e-01   8.5819942e-02   3.9119060e-01  -1.1649819e-01  -4.6374837e-01  -3.0428407e-01   6.4871368e-01  -1.1752605e-01  -6.1958600e-01  -2.2319214e-02   1.0706463e-01   8.0919974e-01   2.4408455e-01  -2.5651075e-01  -4.3866270e-02   3.3690678e-01  -5.2130461e-01   2.3355090e-01  -1.7580826e-02   8.7732648e-02   3.0908577e-01   2.6166230e-01  -1.4030754e-02   1.1298468e-01  -2.2145482e-01   5.4816921e-01  -3.0565410e-02  -1.4509152e-01   3.4263256e-01   1.1849416e-01   1.4861247e-01  -5.2023447e-02   1.1188104e-01  -8.2735396e-02   4.0527989e-01   1.3272322e-01   3.6076437e-01   2.7588293e-01   5.0394782e-01   1.8498270e-01   8.2254111e-01   9.4490806e-02  -4.2779422e-01  -1.2342816e-01   2.7290703e-01  -2.1449101e-01   3.5615324e-01  -3.4348726e-01   1.2767965e-01   7.1490895e-02   3.7699783e-01   2.1036002e-01  -3.9726069e-01   3.2772103e-01  -4.1555640e-01   7.9885554e-02  -2.5029166e-01   9.7566294e-02   3.3589958e-01
  -9.3429812e-02   2.5060919e-02   1.1038169e-01   0.0000000e+00   8.2062760e-02   1.9421892e-01  -2.2693957e-01   3.8103878e-01   2.5255722e-01  -3.9139278e-01   1.3947467e-01  -1.5111558e-02  -7.0237604e-02  -2.2630412e-01  -1.8202187e-01   5.3291710e-01   1.8540405e-01   2.6050153e-02  -9.7267250e-02   2.1724554e-01   2.2572820e-01   5.9161123e-01   6.0934870e-02  -1.4219493e-01  -7.6922383e-02   2.7952757e-01   3.7862450e-01  -3.8633360e-01  -1.2145746e-01   1.7164128e-01   1.1773822e-02   4.4078041e-01   1.7160287e-01  -2.7248148e-01   1.2764069e-01   2.1276280e-01   1.0666651e-03   8.0818871e-02   3.2874259e-01   1.3023723e-01   1.5410653e-01   3.0515221e-02   3.7881396e-01   1.7136804e-01   3.7783944e-02   1.2025467e-01   3.0651985e-01   7.3229678e-02   1.5210313e-01   7.9362929e-02  -5.5904957e-02   3.1881628e-01   6.8106205e-02  -1.6194262e-01  -4.2961390e-01  -1.4985042e-02  -5.5380332e-02   4.5830104e-01   3.4595914e-01   3.6399802e-01   1.7412619e-01   6.8025812e-02   2.0906869e-01   6.8102798e-02   1.7757094e-01  -7.4642741e-02   1.9911070e-01  -6.1086884e-02   4.1820565e-01   7.3777936e-02  -2.2612203e-01   2.5625150e-01   1.4947343e-01   1.7155240e-02   8.2333583e-02   4.2216459e-01   1.6775374e-01   2.4052165e-01   1.5209346e-01   9.3312114e-02  -1.9523816e-01   1.0953283e-01  -3.1893578e-02   1.8871228e-01  -1.1107695e-01   3.8583751e-01  -3.9421112e-02  -2.0643755e-01   4.4206973e-02  -1.8459325e-01   2.7339305e-01   1.1939125e-01  -3.0251240e-02   4.1302072e-01   4.2245219e-02   2.4516860e-01   2.2210005e-01   1.3765512e-01   4.1592902e-01  -9.8322841e-02  -1.2392413e-01  -1.0147657e-01   2.8219090e-01   1.5799585e-01   4.3274569e-01   5.0566401e-01  -1.1458014e-01   4.3100566e-01   1.3810340e-02   1.8070631e-01  -2.7108029e-01   4.5104890e-01   3.7663593e-01  -2.0581308e-01  -4.1191947e-02   2.0937840e-01   3.9796860e-02  -1.9468546e-01  -1.4511559e-01   6.0799338e-01   3.7435992e-02   1.1315057e-01  -1.8939910e-01   2.5413265e-02   3.6085720e-02   1.1261344e-01  -2.4668882e-02   2.8930067e-02   6.8242553e-01   1.2976677e-01   2.5941522e-01   1.1529130e-01   2.0604511e-02   1.5999676e-02   2.7776256e-01   4.6042678e-01  -2.8661236e-02  -2.8870962e-01   4.1887607e-01   4.7847745e-02  -2.9013109e-01   3.2498157e-02   2.5398110e-01  -2.2791740e-01  -3.4075627e-01   3.4000435e-01  -2.6455913e-01   3.2581890e-01   1.9482934e-01  -9.0144016e-03  -1.9494005e-01   4.8459110e-02  -5.8354940e-02   7.2895708e-02   4.0548512e-02   1.6476944e-02   5.6181164e-03   2.3219025e-01   1.1674953e-02   9.7692364e-02  -6.1667711e-02   3.8869029e-01   1.3511767e-01   4.9686817e-01   6.0643952e-01  -4.6224616e-02  -2.5633771e-02  -7.1288653e-02  -1.3633411e-01   3.2095273e-02   9.5449141e-02   1.1884418e-01   1.5853593e-01   1.4073084e-01   8.8105496e-02   7.7030911e-02   6.7977482e-01
  -1.4097099e-01   3.0918469e-01  -3.3926396e-01   8.2062760e-02   0.0000000e+00  -9.0496633e-02  -7.7198389e-03  -6.4625692e-02   2.3951341e-01  -1.0089063e-02  -5.1546828e-02   2.2104414e-01   1.7937165e-01  -1.6660776e-01  -3.9537971e-02  -2.2700024e-03  -3.1470503e-01   1.4903549e-01   1.9917277e-01   3.9117645e-01  -5.6133222e-03  -3.1911396e-02  -1.5061154e-01  -1.6950489e-01   2.6414320e-01   2.0976982e-01   4.7516959e-02  -1.5752160e-01   1.6037179e-01   2.8290418e-01  -9.9376328e-02   3.3503809e-02   3.4289649e-03  -2.8648130e-02   2.4298393e-01   4.0373062e-01   1.5855955e-01  -2.0567336e-01  -3.0206775e-02  -5.2661989e-02   1.1277804e-01  -1.8779905e-01   9.4782531e-02  -2.0838895e-02   3.6388374e-01  -3.2335706e-01   1.9056526e-01  -6.1726570e-02   5.2353308e-02  -1.9313833e-01   1.8440669e-01   1.0903593e-01   2.2356037e-01  -1.1613919e-01  -2.0641049e-01  -1.8458898e-01  -2.4227976e-02  -2.2488265e-01   7.7033745e-02   1.5201169e-01  -3.2666839e-01   2.3984896e-01   2.3100914e-01   2.1763042e-01   2.8838712e-01  -4.1376538e-02  -9.1302999e-02   1.5048321e-01   7.9262579e-02  -3.3948173e-01   1.0486087e-01   4.3299147e-02  -7.8717404e-02  -2.7757813e-01   2.0617463e-01  -2.1947988e-01  -3.2226810e-01   8.1196819e-02   4.5640790e-01  -8.6855782e-02  -1.0184868e-01  -5.7708473e-02  -1.0793234e-01   5.2541020e-02  -2.6310861e-01  -1.3210547e-01  -4.8319908e-02  -2.2743745e-01   2.3344712e-01  -2.1826930e-01   4.0873709e-01  -2.8644445e-01   1.6636559e-01   2.2414210e-01  -2.4457035e-01   3.7331015e-01   7.0055097e-02  -9.2688461e-02   3.1176161e-01  -1.4964739e-01  -1.2243490e-01  -1.3024617e-01   1.4776572e-01   2.9659815e-01   5.5810313e-02  -9.1268467e-02  -1.8399293e-01  -6.9546487e-02  -1.1296807e-01   3.1004681e-02  -9.2301392e-02   1.2502340e-02   1.4148265e-01  -1.9147120e-01  -3.7896661e-01   4.0642511e-01   2.2174584e-01  -8.8202457e-02  -2.2062670e-01   1.5124739e-01  -2.8346177e-01   4.5776121e-01   1.7517366e-01   1.2320471e-01  -3.1498398e-01   4.3457466e-02   3.2216046e-01  -3.4712949e-02  -9.2228571e-02  -3.3394932e-01   2.1483718e-01   4.5935754e-01   6.3079138e-02  -1.6908942e-01   3.7032661e-01  -1.3578577e-01  -3.8875765e-02  -2.0506563e-01  -2.2568566e-01  -2.1745614e-01  -1.6014162e-01   2.9267937e-02   1.3330402e-01  -1.8412819e-01  -1.9062949e-01   6.7055423e-02  -2.9454610e-01   2.6938447e-01   2.8652764e-01  -2.3136653e-01  -1.1840308e-01   1.2535133e-02  -2.6306105e-01   2.1003198e-01   6.4064013e-02  -1.6342326e-01  -3.3524913e-01   7.7630184e-02  -2.7210406e-01   6.1213265e-02   1.7540644e-01   1.4313039e-01   2.8824909e-02   1.1837743e-01  -7.6620321e-02   2.7660015e-01  -2.2308079e-02  -1.3151870e-01  -2.9966012e-01   9.6368662e-02   4.1128380e-01  -4.2764823e-01   1.8305719e-01   1.7997186e-01   2.2660858e-01  -1.0995131e-01   7.4497418e-02
  -1.6024126e-01  -3.2238539e-01   5.0306298e-01   1.9421892e-01  -9.0496633e-02   0.0000000e+00   8.8079027e-02   4.1014601e-01  -2.1232808e-01   1.3979377e-01   1.4786644e-01  -6.5984260e-02   5.6241818e-02  -2.9368363e-01  -3.1595766e-01   1.9924739e-01   5.5085565e-01  -5.0944403e-02   2.3228297e-02   1.5486271e-01   1.9847246e-01   1.9969278e-01   9.3362915e-02  -1.9518532e-01  -7.3916631e-02   2.1404409e-02   2.4130989e-01  -2.5677757e-01  -1.6494058e-01  -1.6311748e-02  -3.6049657e-02   2.1278196e-01  -8.1268669e-02   2.4558751e-01  -3.1495276e-01   2.6153716e-01  -1.6091973e-01   2.0526212e-01   2.8345154e-01   1.4931245e-01   3.2992870e-01   6.0838814e-02  -1.8195609e-01   4.7014761e-01  -3.9575379e-01   3.6170921e-01   2.3814015e-01   4.8216268e-02  -2.5325175e-01   1.8605229e-01   6.0049134e-02   3.0867475e-01   2.7870584e-02  -1.3196761e-01  -5.2216423e-01   3.3538511e-01   4.7060015e-01   2.6968831e-01   1.1967806e-01  -1.0005118e-01   5.2410880e-01  -2.1607978e-01  -3.5740421e-01  -2.1774066e-01  -4.1075460e-01   4.6442083e-01   7.4137185e-01  -1.7404003e-01   3.0836238e-01   4.4993878e-01  -1.1000721e-01  -7.8409117e-02   1.1046466e-01   2.5825407e-01  -4.0923169e-01   3.7431131e-01   4.7449649e-01  -2.4343711e-02  -4.3665390e-01  -2.6459355e-02   1.0238067e-02   7.0404836e-02   2.8529429e-01   2.0666449e-01   1.9897982e-01   6.7979495e-02  -2.8057064e-01  -2.0053999e-01  -4.2155640e-01   7.2489915e-03  -1.2548180e-02   5.0490005e-01   5.4656839e-01  -3.2841145e-01   2.0082004e-01   2.5064825e-01  -1.0029213e-01   3.5477912e-01   1.5754947e-01  -2.3714042e-02   1.5217119e-01   1.3423548e-01   2.4107591e-01  -2.8967220e-01   1.3931821e-02   5.3952732e-02  -8.6965510e-02   5.9648725e-01  -2.2901165e-01   4.9387649e-01   1.7742979e-01   2.6776882e-01  -2.4064082e-01   3.3025576e-02   4.3478551e-01  -1.2251803e-01  -1.0109638e-01   1.5529659e-01   4.2439924e-01   3.0338013e-01   2.1916577e-01   2.1833969e-01  -1.9499452e-01  -4.4597263e-01   3.2300008e-01  -9.4827918e-02  -4.4113460e-01  -2.0983328e-02   1.6156519e-01   5.1023785e-01   1.9811200e-01   1.9253287e-02  -1.1967670e-01   1.0154567e-02  -3.3645760e-01   2.6655621e-01  -5.4876777e-02  -9.7818750e-02   3.3922999e-01   1.4924983e-01  -7.7828576e-02   1.5336205e-01   2.0353619e-02   3.8489881e-01  -3.2577090e-01  -2.5575431e-03   7.7583033e-02   3.7415723e-01   4.8938459e-01  -1.2362659e-01  -2.3874348e-03   1.0120561e-01   2.6511960e-01   2.2748382e-01   2.7352971e-01  -1.5331921e-02   1.3254715e-01   2.2054982e-01   5.0248072e-01   3.1122857e-01  -3.5362386e-01   1.9604192e-02   2.9324892e-01   1.0134507e-01   2.3388706e-01  -1.0937371e-01   9.6664261e-02   2.9593867e-02   2.1867860e-01   2.7088177e-02  -3.3884954e-02   1.5057710e-01  -1.3536032e-01   2.9684534e-01  -1.1947328e-01  -1.0063303e-02   2.7718619e-01
  -1.3092375e-01   1.6515885e-01   7.1171003e-03  -2.2693957e-01  -7.7198389e-03   8.8079027e-02   0.0000000e+00  -1.6968676e-01   6.1090952e-02   1.9783053e-01  -1.0299009e-01   1.6275039e-01  -3.2544807e-01   3.9800397e-03   5.4734662e-02  -2.0564416e-01  -1.1700937e-01  -2.5128634e-02  -3.2489082e-01  -5.7263701e-02  -1.6449959e-01  -1.7531460e-01  -1.1609560e-01  -2.3610837e-01   1.9703392e-01  -3.0019060e-01   7.7148462e-02  -2.3225331e-02  -5.1154784e-02   6.9724669e-02   2.3816458e-02  -3.4777911e-01   7.2911762e-02   3.2279638e-01  -8.5569056e-02  -3.4226335e-02  -1.1882974e-01  -2.1571300e-01  -2.6523706e-01   2.3882540e-01  -2.4275705e-01  -1.5920359e-01   9.3643685e-02  -1.8296077e-01   4.5510744e-02  -1.2042323e-01  -1.7465729e-01   4.8449194e-01  -1.6749418e-01  -4.1366873e-02   3.8161864e-02  -2.1538626e-01   2.3140522e-01  -2.3877852e-02   1.9277953e-01   4.3356911e-02  -2.2644063e-01  -1.1850762e-01  -1.9500500e-01   7.6419367e-02  -1.7411548e-01  -5.2799477e-02   1.2320822e-01   1.9763493e-01   3.6198482e-02   6.8808686e-02  -1.3936889e-03  -3.4722507e-01  -9.5277299e-02  -1.1390331e-01   4.6085733e-01   1.5518260e-02   1.0351264e-01  -1.1533254e-01  -4.6118869e-02  -1.0566155e-01  -9.1773002e-02  -3.0995628e-01  -2.5994309e-02  -8.2531739e-02   3.0276710e-01  -7.6568135e-02   5.6076638e-02  -2.7138086e-01  -2.8555569e-02  -3.0078666e-01   7.4710824e-02  -5.1108638e-02   7.7947562e-02  -5.3832811e-02  -7.0957406e-02  -1.4124281e-01   1.2979802e-01  -7.8604597e-02  -2.2885628e-01  -5.3280584e-02  -9.8328552e-02  -2.7933715e-01  -7.6098922e-02   4.1045910e-01  -9.9260249e-02   2.6110482e-03  -1.2194843e-01   1.0056591e-02  -6.6558165e-02  -1.6403026e-01   3.9321737e-02  -1.6518961e-01   1.1701809e-01  -2.5652410e-01   4.1539952e-01  -2.5964541e-01  -7.7834732e-02  -1.5921212e-01   1.0377393e-01   3.3425554e-02  -3.3935765e-01  -2.6045784e-01   1.0236965e-02  -2.4215098e-01   1.1987471e-02   1.8385113e-01   1.7216764e-01  -1.0832798e-01  -2.3830313e-01  -2.1944263e-01   5.6875612e-02  -2.5365346e-02  -4.5253260e-02  -9.9436692e-02  -2.7589660e-01   2.7634979e-01  -6.7695768e-02   1.1319508e-02   2.0385295e-02  -1.6422155e-01  -1.5272457e-01   2.1616798e-01  -1.4928672e-01   9.7396528e-03  -7.1953709e-02  -3.3353315e-01  -6.4031679e-02   2.8739325e-01  -1.4235518e-02  -1.8782280e-01   3.3658935e-01  -4.8182483e-04  -1.1252247e-01   9.4477724e-02  -1.6330075e-01  -4.5403740e-02  -1.2765387e-02  -1.0091736e-02   2.6877797e-01  -2.8165724e-01  -8.6679216e-02  -1.1908994e-01  -5.0889835e-02  -1.6379432e-01  -2.8015451e-01  -2.2660499e-01   8.6302593e-03  -3.8115811e-02  -4.5484420e-01   3.5267334e-01   5.0220322e-01  -1.5554105e-01   1.7191735e-03   1.1302722e-01   2.6514818e-01   3.8751344e-02   9.8500347e-03   1.2982586e-01   6.7454150e-02  -3.1620503e-01  -2.8315845e-01
  -1.6357308e-01  -2.5957119e-01   3.7489703e-01   3.8103878e-01  -6.4625692e-02   4.1014601e-01  -1.6968676e-01   0.0000000e+00  -1.3403148e-01  -3.8634340e-02   1.2668025e-01  -3.6373072e-01  -1.2409826e-01  -2.4331414e-01  -3.3645251e-01   3.4119207e-01   3.8517992e-01  -1.4450023e-01   1.8573445e-01   1.1028557e-01   2.3689237e-01   3.6679456e-01  -4.7415964e-02  -1.1947194e-01  -3.4161736e-01   3.7792158e-01   3.6059273e-01  -2.0158364e-01  -1.5718805e-01  -1.5552567e-01  -2.0326240e-02   3.0567001e-01   5.5133321e-02   3.7333699e-02  -2.9273106e-01   2.0550804e-01   3.2033195e-02   3.0889466e-01   3.4886857e-01   1.0546509e-01   1.9709361e-01   5.2862072e-02  -7.3509688e-02   2.4672241e-01  -3.0395090e-01   3.3254752e-01   3.3762219e-01   8.7227503e-02  -1.9137865e-02   2.8533558e-01  -1.5350139e-01   6.5878790e-01   3.8980489e-03  -2.4423247e-01  -4.9480006e-01   6.8464606e-02   2.8525961e-01   4.8385160e-01   4.1470140e-02  -6.6121506e-02   3.6865123e-01  -2.6179088e-01  -2.3767994e-01  -1.7011361e-01  -2.6162610e-01   2.1994777e-01   3.9498185e-01  -1.9662299e-01   5.0442159e-01   3.8723622e-01  -7.9305769e-02  -1.3816884e-01  -3.2028769e-02  -8.3926128e-02  -3.7669115e-01   4.4861853e-01   3.8246610e-01   2.8272690e-01  -3.8476156e-01  -9.7461315e-02  -2.5770723e-03   1.9031151e-01   1.9015906e-01   4.9519513e-01  -9.9492787e-02   1.7207943e-01  -2.4159034e-01  -2.0733098e-01  -3.6474876e-01  -1.6032468e-01  -7.3210623e-02   3.9399242e-01   7.5770864e-02  -5.7885938e-02   2.4997636e-01   1.7780091e-01  -1.6644086e-01   3.8440530e-01  -1.2762134e-02  -2.5692082e-01  -8.2156184e-02  -2.7129600e-01   2.2573970e-01  -2.2239975e-01   9.1857100e-02   3.1680794e-01  -2.6836541e-01   6.7641394e-01  -1.5821046e-01   3.2404931e-01   4.2442121e-02   3.8882809e-01  -1.4799658e-01  -1.4359184e-01   6.8539523e-02  -2.2500631e-02   9.9117593e-02   4.5784012e-02   2.3220091e-01   3.7397608e-01   5.2803352e-02   4.7708429e-02  -2.0457881e-01  -3.0040498e-01   3.6345591e-01  -8.8530952e-02  -3.7428421e-01  -1.5873446e-01   3.3706368e-01   4.2359943e-01   1.6544293e-01  -1.3237156e-01  -2.5693539e-01   9.6476623e-02  -1.8588801e-01   5.4785667e-01  -1.7344736e-01  -1.9677303e-01   5.2581204e-01   8.9097143e-02  -2.0193997e-01   1.2951768e-02   4.0718958e-01  -8.4033706e-03  -3.7113239e-01  -4.2453990e-02  -1.0907414e-01   3.0033335e-01   3.2126214e-01  -6.1913282e-02  -3.3473425e-01   3.4963380e-01   1.0748283e-01   1.8780427e-01   2.4775635e-02  -3.9393297e-03   3.2795344e-02   3.0446662e-02   3.3982934e-01   4.2068952e-01  -3.4752739e-01   4.1981682e-01   2.0480170e-01   1.5076901e-01   4.9665813e-01  -2.1658561e-01   4.7768795e-02  -4.2500825e-02   4.6373992e-02  -3.0952869e-02  -7.1451251e-02  -5.8345176e-02  -2.0524383e-01  -1.2717189e-01  -1.1070051e-01  -1.1467249e-01   5.4050964e-01
  -2.8206108e-01   7.5385087e-01  -3.6445992e-01   2.5255722e-01   2.3951341e-01  -2.1232808e-01   6.1090952e-02  -1.3403148e-01   0.0000000e+00  -4.2389921e-01  -3.1573721e-01   3.1251336e-01  -9.6055447e-02  -2.8963759e-01  -3.3343597e-02  -1.0176681e-01  -4.1983750e-01   2.0690807e-01  -1.6459565e-01   1.1046670e-01   9.9120261e-02   6.0462326e-01  -7.3001856e-02  -2.7142633e-01   1.2148532e-01  -1.0199912e-01  -1.6147757e-02  -4.7925075e-01   2.6030336e-01   7.3102216e-01  -1.6531207e-01   2.2995487e-01  -3.3357102e-02  -9.5534001e-02   4.7304228e-01  -4.7426989e-02  -3.8146185e-02  -3.9930464e-01  -2.2945367e-01  -2.0996533e-01  -1.9730011e-02  -1.2694446e-01   7.1115365e-01  -4.0180285e-01   3.9954067e-01  -3.6328940e-01  -7.9656543e-02   7.8108124e-02   5.5977885e-02  -2.9284708e-01   1.6284089e-01  -1.8363507e-01   4.0058053e-01  -2.4537821e-01  -7.0634795e-02  -3.8614216e-01  -3.1247229e-01   1.7202199e-01   1.1243081e-01   7.0103188e-01  -4.2164393e-01   1.2292087e-01   8.0228713e-01   6.4370880e-01   5.8161152e-01  -3.5967620e-01  -1.1144440e-01   1.7092967e-01  -1.4687107e-02  -4.8250821e-01   2.4558723e-01   3.9409301e-01   2.4860779e-02  -3.5983278e-01   8.2798540e-02  -2.2100104e-01  -3.5670552e-01  -1.3729839e-01   5.4316114e-01   2.1199054e-01  -3.7047743e-01  -1.9578309e-01  -3.5043497e-01  -2.2799716e-01  -4.9855575e-01   1.4618150e-02   3.4049536e-01  -1.0740320e-01   4.5448255e-01  -2.2817821e-01   4.1201832e-01  -4.3349968e-01  -3.1076998e-01   8.2739769e-01  -3.8740426e-01  -4.7107344e-02   1.3066684e-01  -3.2807254e-01   4.6161172e-01  -7.7925524e-03  -5.8728503e-01  -2.4818046e-01   2.7627626e-01   8.5663907e-01   4.7425489e-01   2.0865292e-01  -3.4329176e-01  -8.4741234e-02  -1.7098699e-01  -2.5916532e-01  -4.2863956e-01   1.0834523e-01   3.5024237e-01  -3.5161885e-01  -4.6067092e-01   5.0738557e-01  -1.9651638e-01  -2.3421107e-01  -6.7806623e-01   1.5072399e-01  -2.9690260e-01   2.5739511e-01   4.1677830e-01   3.7587877e-01  -3.9054237e-01   5.4595310e-02   4.9234332e-01  -4.8350664e-02   4.0604788e-01  -4.9825840e-01  -9.1674789e-02   5.8706245e-01   1.2816883e-01  -1.1383526e-01   7.7588856e-01   2.9503438e-03  -7.2260632e-03  -3.1056509e-01   1.1776023e-02  -3.0796448e-01  -2.7951088e-01  -1.0826652e-01  -1.4188683e-02  -2.6628638e-01  -1.0493787e-01   2.0925323e-01  -5.5067661e-01   3.2184595e-01   4.1703755e-03   8.7014749e-02  -4.8871979e-01  -8.3042610e-02  -4.2029217e-01   7.8430336e-02   3.0882315e-01  -3.7620730e-01  -4.5175335e-01   3.3171822e-02  -4.9223590e-01  -1.3492139e-01   1.7746793e-01  -8.8936884e-03  -5.8513668e-02   4.2113832e-01   1.6926245e-01   4.7520408e-01   8.8680778e-02  -4.3248808e-01  -5.5352206e-01  -5.5066391e-02   4.5589216e-01  -2.4609002e-01   4.3718695e-01   2.3232002e-01   1.0842652e-01  -1.0919594e-01   2.7690933e-01
  -2.0183634e-01  -3.4476905e-01   1.6929786e-01  -3.9139278e-01  -1.0089063e-02   1.3979377e-01   1.9783053e-01  -3.8634340e-02  -4.2389921e-01   0.0000000e+00   1.3582988e-01  -1.3596144e-01   2.1587747e-01  -1.2079955e-01   2.1900789e-01  -1.0366325e-01   1.7795618e-01   5.3018648e-02   3.0380785e-01   2.0845628e-01  -4.7195475e-02  -5.2338945e-01   3.8665162e-02  -2.0889908e-01   4.2354647e-02   1.1823209e-01   1.1467811e-01   4.2256752e-01   6.3068510e-02  -2.2933029e-01   2.5266941e-01  -3.5080501e-01  -6.9664634e-02   5.5878440e-01  -8.9964908e-02   2.7229264e-01   3.2798799e-01  -2.5442141e-02   1.0082832e-01   1.3550060e-01   1.4312689e-01   5.3358562e-03  -5.2632045e-01   1.5899086e-01  -1.9423265e-02   4.0661842e-02   1.1231840e-01  -4.5602896e-02  -4.2251543e-02   8.7208071e-02   2.4534734e-01   6.0768055e-02  -2.1767796e-02   4.8134784e-02  -1.2269871e-01   2.1744952e-01   2.9857531e-01  -3.6699082e-01  -1.8516484e-01  -4.0202140e-01   1.3823851e-01   1.3239565e-01  -4.0211330e-01  -1.4368416e-01  -1.9967068e-01   5.2360164e-01   1.1949092e-01  -4.0435597e-02  -1.1622723e-01   2.1483253e-01   4.3123403e-02  -2.2448418e-01   1.4216425e-01  -4.9229208e-02  -5.8210217e-02   3.9345881e-02   6.2608039e-02   1.6729547e-01  -3.5940475e-01  -2.9761970e-01   3.8474404e-01   2.5086347e-02   2.2525996e-01   1.8084850e-01  -3.4304599e-02  -2.0538979e-01  -4.2348476e-02  -1.5840709e-01  -4.6789990e-01  -1.1166142e-01  -1.5075788e-01   1.7968667e-01   3.8575184e-01  -3.9524451e-01   9.6813499e-02   2.5038221e-01  -1.2876237e-01   2.3451126e-01  -9.8389314e-02   3.8379609e-01   2.3456773e-01   2.3057446e-01  -1.5818227e-01  -3.9239586e-01  -3.6503785e-01  -3.9335416e-01   5.0466255e-02  -5.3686985e-02   8.5971550e-02   3.5481530e-01   4.6058974e-01  -1.1640120e-01  -4.1903016e-01   7.4901341e-02   1.4527478e-01  -2.4531332e-01   2.7611601e-01   1.2953108e-01   2.0585757e-01  -2.1049755e-01  -1.3600345e-01   1.7728847e-01  -2.2713086e-01  -9.0543275e-02   1.2569232e-02  -1.6785789e-01  -1.5219973e-01  -1.6684062e-01  -5.0858216e-01   1.2549089e-01   7.3572967e-03  -1.4696228e-01  -2.2345473e-01   1.7626809e-01  -4.2751868e-01  -1.5051624e-01  -1.1045856e-01   1.3126669e-01  -1.3789492e-01   6.2216710e-02  -1.4216480e-01   2.9823102e-01  -5.2869388e-02   2.6913533e-01   3.2574851e-01  -1.1246498e-01   4.2422471e-01   1.9276854e-02   1.8724445e-01   5.4275241e-02   7.6910090e-02   6.1892967e-02  -1.9109525e-03   1.0420323e-01  -1.2428625e-02   3.3667038e-02  -4.4441985e-02  -1.0772436e-01   2.1105572e-01   2.8163407e-01  -7.3411714e-02  -1.0005000e-01   4.1885188e-01  -3.5306510e-01  -3.3579220e-01  -9.6198272e-02   4.9924921e-02   9.8736284e-02   1.0177388e-01   1.6955798e-01  -5.0253865e-02  -4.2472308e-02  -1.7621742e-01  -1.9535427e-01   2.6921516e-02  -4.2963486e-02  -3.5454206e-01
  -3.3197466e-03  -4.4002250e-01   1.5201657e-01   1.3947467e-01  -5.1546828e-02   1.4786644e-01  -1.0299009e-01   1.2668025e-01  -3.1573721e-01   1.3582988e-01   0.0000000e+00  -2.9573351e-01   1.7548801e-01  -1.2279024e-01   3.6384491e-01   2.1686417e-01   2.1675129e-01   2.9281771e-01  -1.1058089e-01   5.5013060e-02   4.2771442e-01  -3.3265954e-02   3.7237614e-01   1.1728388e-01   1.1138528e-01   8.8359529e-02   3.3186245e-01   3.1695828e-01  -2.5267358e-01  -2.6811293e-01   4.3926451e-01   1.8094358e-01   8.1811438e-02   2.1143457e-01  -1.9327792e-01   1.7348467e-01   1.9033973e-01   2.2476613e-01   1.5210218e-01   4.0565583e-01   9.4070482e-02  -9.1586180e-02  -2.9589623e-01   4.7069625e-01  -2.3136520e-01   2.9870232e-01   5.4601405e-01   2.0902868e-01   1.9512757e-01   1.8631856e-01   2.1507601e-01   3.8316705e-02  -1.5535547e-01   1.3612999e-01  -1.5362382e-01   4.0391026e-01  -8.9741145e-02   1.9831218e-02   2.1646254e-01  -1.6395333e-01   2.6682998e-01   1.3903958e-01  -3.7598110e-01  -1.4314102e-01  -2.0179598e-01   3.8758429e-01   1.3616027e-01   5.4589892e-02   2.4904729e-01   2.5055809e-01  -2.9063091e-01  -9.6702905e-02   1.2116638e-01   6.9324171e-02   4.1360668e-05   3.0788919e-01   1.9106587e-01   1.1071856e-01  -2.2124479e-01  -3.4603177e-02   4.5295118e-01   3.4109345e-01   4.3144718e-01   1.0874349e-01   3.3452092e-01   3.1265994e-01  -8.2610127e-02  -1.4617850e-01  -2.8891505e-01   2.2837141e-01  -8.6479773e-02   1.5412883e-01   2.3005531e-01  -2.4680223e-01   3.6032200e-01   1.8075579e-01   1.0107667e-01  -4.2153879e-02   2.2456799e-01  -1.1904094e-01   4.2786736e-01   4.5218354e-01   1.0422874e-01  -3.7038900e-01   6.6821278e-02   6.8068950e-02  -1.7017614e-02   8.3374051e-02   2.5995540e-01   2.1722245e-01   3.8637970e-01   1.7041498e-01   8.3368195e-02   2.9292891e-01   2.9442069e-01  -1.4324703e-01   6.1083553e-02   4.5550437e-02   3.4283854e-01   9.5654293e-02  -3.3639546e-02  -3.4168929e-01  -3.2012922e-01  -1.2487380e-02   2.0818174e-01  -1.2512600e-01  -2.3366733e-01  -7.5029722e-02   8.1647951e-02   2.6228028e-01   6.0937586e-02  -2.7733567e-03  -4.8783264e-02   4.5547419e-01  -4.2232550e-01   2.8712771e-01  -4.9400293e-02   3.5348184e-01   2.6908495e-01   3.1970828e-01  -4.2548988e-03  -1.0759004e-01   2.6583295e-01   5.5603250e-02   3.3091115e-01   2.4358779e-01   3.5704026e-01   8.7880948e-02   6.8291161e-02   2.2847144e-01   2.1865910e-01   2.1487959e-01   4.3118997e-02   1.7453853e-01  -1.4876585e-01   1.0446843e-01   2.0521822e-01   3.4544169e-02   1.0032335e-01   2.2013921e-01  -1.4715305e-01   2.5061644e-01   2.7465339e-01   1.8887817e-01   1.2273964e-01  -4.5911808e-01   3.8986358e-02   3.2229514e-01   2.4608251e-02   2.9525942e-01  -4.0653619e-01  -1.8644347e-02  -9.3168379e-02  -1.0057855e-01   5.5024008e-02   7.7073966e-02   1.3502518e-01
   1.7272485e-01   5.5250474e-01  -9.8574730e-02  -1.5111558e-02   2.2104414e-01  -6.5984260e-02   1.6275039e-01  -3.6373072e-01   3.1251336e-01  -1.3596144e-01  -2.9573351e-01   0.0000000e+00  -1.7490853e-01  -7.2811446e-03   1.5648251e-01  -1.1024814e-01  -2.0731518e-01  -3.0701688e-02  -2.2447174e-01   4.1693002e-02  -5.7842912e-02   3.7019444e-02  -1.4579129e-01  -1.2868490e-01   2.6703291e-01  -2.7494004e-01  -3.1071663e-01  -2.7588762e-01   1.5368295e-01   4.0977249e-01  -2.2141146e-01  -1.0465618e-01   1.4049408e-01  -1.8914299e-01   1.9237775e-01   8.3960560e-02  -2.2497822e-01  -1.1757919e-01  -1.9214063e-01  -1.1069920e-01  -4.7557537e-03   1.6289993e-01   3.5224576e-01  -1.7912990e-01   3.8442194e-01  -2.8585042e-01  -2.8118951e-02  -1.1040496e-01  -1.2326314e-01  -1.8446892e-01   1.9141531e-02  -2.8236064e-01   1.1619319e-01   2.0916894e-01   2.2306243e-01  -1.4336185e-01  -3.5712332e-01  -1.7132350e-01  -1.7215850e-01   4.8795567e-01  -1.9869529e-01   2.3807362e-01   4.0221458e-01   3.2655617e-01   2.1353527e-01  -2.7332417e-01  -1.0339422e-01   2.6248891e-01  -3.1426706e-01  -3.5371923e-01   1.8058218e-01   2.8252192e-01  -5.0633138e-02   2.5680664e-01   2.5871688e-01  -2.4081058e-01  -1.9808820e-01  -3.6007928e-01   4.4452348e-01   1.6497589e-01  -1.7468180e-01  -2.7648443e-01  -5.8116208e-02  -3.5771393e-01   1.5579258e-03   2.5628269e-02   1.5103582e-01   2.5961063e-01   2.6828998e-01  -1.0369894e-02   2.4189131e-01  -1.5707952e-01   1.1759427e-01   2.0941795e-01  -1.8503747e-01   4.4979697e-02   3.1795118e-01  -3.7966062e-01  -1.3496137e-02   2.5744085e-03  -1.5781879e-01   2.6884108e-01  -3.4095865e-02   5.5888201e-01   3.5423550e-02  -5.6873030e-02   8.7540378e-02  -3.9182745e-01  -2.8312970e-02  -1.4327028e-01  -8.3357316e-02  -4.9351647e-02   3.6794107e-01  -1.1544958e-01  -7.3968931e-02   3.2213394e-01  -2.3934349e-01  -1.1740161e-01  -2.0955724e-01  -9.1596276e-02  -7.4989747e-02   3.3432472e-01   2.6739624e-01   1.8022774e-01  -2.0659219e-01   4.6901934e-01   4.7074856e-01   1.7180285e-01   4.5802802e-03  -3.3981907e-01   3.1115273e-03   3.2956312e-01   6.0578882e-01  -1.9658075e-02   3.7544602e-01  -2.0591802e-01   1.6235267e-01  -7.9684589e-02  -2.3145644e-01  -2.7986622e-01  -8.0856869e-02  -1.7285206e-01  -3.4871136e-01   8.8857897e-02   1.3067378e-01   7.3506036e-02  -1.2319020e-01   7.6767677e-02   1.1491802e-02  -1.5946646e-01  -7.5581344e-03  -2.4860883e-01  -7.7062631e-02  -1.4703204e-01   3.3122757e-01  -1.0510694e-01  -1.4142482e-01   3.3820354e-02  -1.5331912e-01  -1.9584382e-01   3.1106553e-01  -3.6019468e-01  -2.2395947e-01  -3.5049429e-02  -4.1315265e-02   4.8650700e-01   4.4578629e-02  -9.4135325e-02  -2.0837817e-01   9.6526407e-03   2.8410628e-01  -7.5394424e-02   2.2873536e-01   3.2425114e-01   2.2605689e-02   1.9620019e-01   8.8845975e-03
  -1.0577431e-02  -2.4913480e-01   1.2200910e-01  -7.0237604e-02   1.7937165e-01   5.6241818e-02  -3.2544807e-01  -1.2409826e-01  -9.6055447e-02   2.1587747e-01   1.7548801e-01  -1.7490853e-01   0.0000000e+00  -8.9439497e-02  -7.0204918e-02   1.0443899e-01   2.1933410e-01   1.8847966e-01   1.8545928e-01   1.6714336e-01  -1.7158984e-02  -1.1262104e-01   6.5129068e-02   1.1791314e-01   6.4317530e-02   4.7256694e-02   2.2236873e-02   6.4322924e-02   1.9193711e-01  -8.5744546e-02  -2.0540383e-02   8.7036600e-02  -6.4880314e-02   5.9171962e-02   1.9628749e-01   3.8099366e-01   1.2003279e-01   1.2708247e-01   3.6647459e-01  -3.6691227e-02   6.0156035e-01   5.5404339e-02  -1.2546884e-01   1.3213197e-01  -8.2103264e-02   1.6821086e-01   4.3409651e-02  -2.3748596e-01  -2.7949017e-02   2.4762101e-01   1.5041466e-01  -3.0095994e-03   1.9397002e-02  -2.0371100e-02  -2.8004429e-01   9.3938635e-02   2.2218010e-01  -5.0771795e-02   2.7237582e-01  -1.4002202e-01   1.5438339e-01   2.0116326e-02  -1.0512308e-01  -7.8850886e-02  -1.5909029e-01   2.3359438e-01  -5.7082771e-02   2.3883460e-01  -2.7449017e-02   1.7513253e-01  -2.3157356e-01  -1.2466921e-01   3.6386136e-01   3.3374995e-02   2.1793348e-03  -1.8320400e-03   7.6195459e-02   4.2929395e-02  -3.4150886e-02   2.0525110e-01   5.1740621e-02   3.1506778e-01   1.0730517e-01   6.0399163e-02   5.0256057e-02  -5.6585414e-02  -9.1949960e-02  -2.0442572e-01  -1.6612753e-01   1.0992773e-01   4.9599302e-02   1.5307731e-01   2.3558222e-01  -7.6470102e-02   1.3202971e-01   3.1372374e-01   2.3012139e-01   4.8343239e-02   1.1781295e-01  -1.1115106e-01   8.0946247e-02   7.2694704e-02   4.5480916e-02  -2.0138549e-01  -3.9844915e-02  -2.0242591e-02  -1.4255647e-01  -1.7948454e-02  -1.4909049e-01   3.0582435e-01   1.3776823e-01   5.1805239e-02  -1.3947287e-01   2.4265433e-01   3.0621973e-02  -1.1299333e-01   1.1745886e-01   5.2858671e-01   2.6894005e-02   3.5924313e-02  -1.2087756e-02   1.1656393e-02  -1.6622019e-01  -5.8596755e-02   1.5733141e-01  -1.0645741e-01  -1.2328891e-01   1.6081584e-01  -1.0657804e-01   1.3776430e-01   5.2321940e-01  -4.9194688e-02  -1.0055569e-01  -7.0258317e-02  -5.7776972e-02   8.0639722e-03   2.2021920e-01  -1.7436736e-01   3.1534151e-02   1.5851711e-01  -8.1962558e-03   5.0092770e-01  -1.1688568e-01   4.0191942e-02   6.3436148e-02   1.1560373e-01  -7.3956866e-02   1.6116796e-01   1.4489615e-01  -1.6013817e-02   2.2100980e-01   5.7962555e-02   5.6310658e-02  -4.3077479e-02   2.8061859e-02   2.4989884e-01   1.1265683e-01   3.5871169e-01   1.3563868e-01   7.7374204e-02   4.0177174e-02  -1.2714609e-01   1.6272490e-01  -1.3533866e-01  -1.9548326e-03  -2.0320453e-01  -8.0446454e-02   5.6256370e-02   8.3441272e-02   1.9908196e-01  -1.6692686e-02   4.9023373e-02   1.1995833e-01   1.1287862e-02   2.2032621e-02   1.8774596e-01   7.4128961e-03
   4.4287454e-01  -2.7029199e-01  -3.4493609e-01  -2.2630412e-01  -1.6660776e-01  -2.9368363e-01   3.9800397e-03  -2.4331414e-01  -2.8963759e-01  -1.2079955e-01  -1.2279024e-01  -7.2811446e-03  -8.9439497e-02   0.0000000e+00   7.3391844e-02  -1.3916155e-01  -2.4970455e-01  -1.0055924e-01  -5.5202842e-02  -1.2891874e-01  -3.7805899e-01  -3.2260768e-01  -7.4565643e-02   5.0976961e-01  -5.7684794e-02  -1.4527208e-01  -3.3191251e-01   4.1604137e-01   6.6597716e-02  -2.1364864e-01  -1.4462591e-01  -2.9463868e-01   7.5030473e-02  -3.1266277e-01  -3.9584005e-02  -3.7564670e-01  -7.6891614e-02  -1.5920793e-01  -1.7248229e-01  -1.5907268e-01  -2.1719952e-01   1.0250215e-01  -1.2201769e-01  -1.0869288e-01  -2.4423837e-03  -1.5498546e-01  -2.6117610e-01  -5.0370293e-02  -1.6996280e-01  -2.1967068e-01  -9.2178654e-02  -2.7377651e-01  -4.2481438e-01   2.7151501e-01   5.9484744e-01  -2.1786556e-02  -6.5133925e-02  -2.4856381e-01  -1.7550650e-02  -2.7942722e-01  -2.3388697e-01   3.9090980e-02  -1.8006257e-01  -3.2899293e-01  -1.8765036e-01  -1.8368386e-01  -3.7193023e-01  -9.0784748e-02  -4.4190486e-02  -2.3542805e-01  -1.8306628e-01  -3.7527782e-02  -1.4834660e-01   1.3711960e-01   2.2295142e-02  -1.5943222e-01  -2.1516682e-01  -6.8681180e-04   3.4818280e-02   7.3460236e-02   1.4472065e-01  -9.1397720e-02  -3.2879500e-01  -1.9892019e-01   3.2894887e-01  -1.9547146e-01   1.1388842e-03   5.4943964e-01  -1.4782228e-02   1.9863635e-01  -3.5408161e-01  -2.3300950e-01  -1.4475958e-01  -2.0462439e-01  -1.1733472e-01  -3.5219852e-01  -3.0077634e-02  -1.4672440e-01  -3.5636157e-01   3.2977847e-02   2.9947519e-01   8.7968022e-02  -2.6258302e-01  -2.6150473e-01  -1.4657971e-01  -2.3491549e-01   4.0318421e-01  -1.9876454e-01   4.5740616e-02  -4.9693763e-01  -6.2760476e-02  -3.4983963e-01  -8.0919700e-02   1.5233650e-01   9.5508179e-02  -3.0930824e-01  -4.8203916e-02  -1.1384770e-01   1.8895170e-01  -2.0922364e-01   2.1790392e-01  -2.3678632e-01   2.5715392e-01  -1.1333305e-01  -8.6661756e-02   2.5561130e-01   3.9812121e-02   1.8582912e-01  -1.5194205e-01  -1.3903719e-01  -3.6209743e-01  -3.6082089e-01   4.4479137e-03  -3.7443967e-01  -2.6870053e-02  -1.5462969e-01   1.9123111e-01   1.6635539e-01  -2.3396243e-01  -3.6120771e-02   6.2372776e-01  -2.0460824e-02   4.0284934e-02  -1.2128344e-02  -1.2985458e-02  -1.3407428e-01   1.5344274e-01  -4.6589207e-01  -4.0475464e-01  -3.5975889e-02   3.5723382e-01   1.0491240e-02   2.5153597e-01  -3.6394131e-01  -4.0390539e-01   1.2920749e-01   1.6566383e-01  -1.2145178e-01  -9.6502249e-02  -2.6242460e-01   1.0400706e-01  -2.0363637e-01  -4.5825287e-01  -5.2354381e-02  -4.0947100e-01  -9.8656999e-02  -6.3128207e-02   3.2123592e-01   4.6171064e-01  -3.7684851e-01  -2.3472581e-01   5.0259261e-02  -2.9391089e-02  -1.1315364e-03   8.6685259e-02  -7.7317454e-02  -3.9367597e-01
