   0.0000000e+00  -5.2905023e-02   3.4505452e-01  -2.8992142e-02   3.8292834e-02  -3.2674077e-02  -1.3210566e-01   2.9158435e-01   7.2872888e-02  -3.8821548e-01   1.3826450e-01  -2.8749395e-02  -2.2869314e-01   2.8111191e-01  -1.7559976e-01  -3.0254524e-02   5.3559178e-01  -1.6469499e-01  -5.1428206e-02  -4.3277049e-01  -7.7641498e-02  -1.0385604e-01  -3.5801023e-01   4.8150849e-01  -3.4830141e-01  -2.1510397e-02  -7.4589486e-03   1.2929172e-01   4.1053009e-01  -6.4459362e-02  -6.6198369e-02  -3.5300538e-01   2.1124924e-01  -4.3530522e-01   1.5887228e-01  -2.8272642e-01  -5.2877588e-01   2.8460501e-01  -2.6265151e-01  -1.1578193e-01  -1.4685439e-01  -8.5438760e-02  -2.2926883e-01  -1.1695487e-01  -4.2765119e-01   6.8340804e-01  -8.6965069e-02  -3.8482171e-01  -4.4275469e-01  -1.7333609e-01  -1.4484941e-01  -8.2882469e-02  -1.0346110e-01  -8.2704283e-02   2.0620232e-01  -2.5257988e-01  -1.7722446e-01  -1.2774570e-01  -7.3020255e-02   6.0382075e-02   6.1960533e-01  -1.5237435e-01  -1.1280713e-01  -1.7542360e-01  -2.6147889e-01  -3.2256019e-01   8.1076533e-02  -3.6628899e-01  -2.7416717e-02   6.3593312e-01  -1.3439628e-01  -3.9385170e-01  -6.6049731e-02   2.9531356e-01  -2.3515801e-01  -2.3062446e-01   4.5518790e-01  -3.4170621e-02  -3.2855904e-01  -1.1857365e-01  -3.0204734e-02  -1.4412201e-01  -8.6232992e-02  -2.3722819e-01   6.1532802e-01  -1.7308516e-01   2.1050835e-01   4.2712727e-01   5.0759782e-02   6.6878313e-01  -2.3884486e-01   2.9306044e-01   1.6923478e-01  -1.2746694e-01   3.5080777e-01  -1.3415738e-01  -2.9977683e-01  -3.6674684e-02  -1.1314519e-01  -5.7770853e-01  -5.2780063e-02  -3.0272147e-01  -5.9558187e-02   1.6267323e-01  -2.7563007e-01  -2.5465668e-01   2.2190231e-01  -2.5924051e-01  -5.2747024e-01   1.0306654e-02  -3.0283523e-01   9.1805369e-02  -5.9332166e-02   8.5720794e-01   4.2913911e-01  -1.8546107e-01  -3.7009086e-02  -2.8977832e-02   1.4252930e-01  -6.8164264e-02   6.8323264e-01  -4.3512864e-01  -4.4536901e-01  -1.3247377e-01   7.2250340e-01   2.0448909e-01  -5.1140831e-01  -2.4455950e-01  -8.6131931e-02   1.5698815e-01   7.3970192e-02  -1.7653380e-01   6.3764833e-01   1.5871474e-01  -2.4736782e-01   8.8666837e-02  -3.7618107e-01  -1.1040525e-01  -1.2085486e-01   5.4154760e-01   6.7776423e-01  -4.1333024e-01  -1.4245309e-01  -3.2064138e-02  -2.6276905e-01  -4.4668963e-01  -1.8778652e-01  -2.1541888e-01  -3.2670133e-01  -3.0924823e-01   3.3553470e-01  -1.9343930e-01   5.2823289e-01  -2.1689521e-01   1.6821064e-01   6.1246381e-01   6.7850570e-01  -2.3619467e-01   4.9507216e-01   2.8220026e-02  -3.0958739e-01  -1.0708396e-02  -4.9648779e-01  -4.4616197e-01  -1.7308803e-01  -2.7105149e-01   7.2339634e-02  -2.0023771e-01   4.4956396e-01  -1.1723105e-01  -4.8039422e-01   7.2249089e-01  -3.7191148e-01  -1.4481589e-01  -3.4106699e-01  -1.6426101e-01  -1.3329352e-01
  -5.2905023e-02   0.0000000e+00   2.5865854e-01   3.5488767e-01   2.1355142e-01   3.1533552e-01   4.1770297e-01   1.1583336e-01   5.5803811e-01   1.6985884e-01   2.1955691e-02   6.3663482e-01   8.1364506e-02   3.3344860e-01   1.7672554e-01   1.2489468e-01   2.7571235e-01   4.5861122e-02   8.8558496e-02   1.0924106e-01   2.4539947e-01   4.9954491e-01   2.3674193e-01   2.7291518e-01  -5.0292926e-02   1.6437124e-01   3.1784474e-01   2.1013752e-01  -5.0322846e-02   4.6261369e-01   9.4832915e-02   4.4751291e-01   1.7241883e-01   3.2242255e-01   2.0325723e-01   1.8746796e-01  -1.1897565e-02   1.5482831e-02   2.0451481e-01   3.0641271e-01  -1.2846993e-01   3.1161489e-01   4.0102343e-01  -3.1067465e-02   5.9062088e-02  -1.1524632e-02   5.7695053e-02   4.5147085e-01  -4.7904907e-02   3.6314338e-01   1.6085764e-01   2.8288360e-01   1.6282747e-01   1.3499801e-01   3.3182058e-01   2.4099270e-02   2.7118082e-01   5.5509813e-01   2.1735136e-01   5.8125605e-01  -2.4703845e-02  -3.1002813e-01   3.3995106e-01   2.9391844e-01   2.6537417e-01   2.7182332e-01   2.7588484e-01  -8.2133154e-02   1.6614179e-01  -5.7189722e-02   5.0338572e-01   6.9781013e-02   1.6573689e-01   4.6925086e-01   8.0955340e-02   3.6675941e-01  -5.8616378e-02   1.2738421e-01   2.8995998e-01  -3.8180150e-02   3.6838059e-01   1.6292747e-01  -5.2603948e-02   3.0950977e-01  -1.2817606e-03   4.1502700e-01   3.3860208e-01   1.5007147e-01   3.2515387e-01   1.9088905e-01   2.1350063e-01  -6.9977930e-02   1.0357347e-01   4.7128453e-01  -1.0531488e-01   1.0200795e-01  -2.5921453e-01   1.2063379e-01   2.1357887e-01   1.3002282e-01   4.1556063e-01   1.2973482e-01   4.0376936e-01   5.7202713e-01   3.3144679e-01   4.5785369e-01   1.5417570e-01   2.8666569e-01  -1.0030508e-01   4.8659407e-02  -1.9707531e-02   4.8709710e-01   7.3485969e-02  -2.2137651e-02  -2.4623110e-02   8.5402078e-02  -2.0344449e-02   3.3615237e-01   1.1292466e-01   3.9705203e-01  -1.2200416e-01   2.4753491e-02   3.5189877e-01   4.8035619e-01   1.8191187e-02   5.9394221e-01   3.9459748e-01   6.6289981e-02   4.8735783e-01   1.5724682e-02   7.6519767e-02   3.5315082e-01   2.7718223e-01   2.7453780e-01   4.6383353e-01   3.1666175e-01   1.2500821e-01   2.9076157e-01   4.1563414e-01   1.4864227e-01   9.0655575e-02  -8.2949127e-02  -8.0833979e-02   1.5670946e-02   3.8783701e-01   3.5183199e-01   3.9228017e-01   3.9688220e-01   2.8829552e-01   1.1332678e-01   3.5595377e-01   2.4381535e-01   1.7449458e-01   2.4641725e-02   3.3031571e-01   2.1165138e-01   8.3758204e-03   3.6097177e-01   1.7779502e-01   4.1454746e-01  -1.6971366e-01   4.2346560e-02   2.5046458e-01   2.7384728e-01   4.9104300e-01  -3.1461810e-02   2.3865834e-01   2.1797228e-01   1.1528334e-01  -5.3924935e-02   2.5244751e-01   5.2047751e-03   1.6714343e-02   2.2325176e-01   2.4762123e-01   1.8326335e-01   4.9108803e-01
   3.4505452e-01   2.5865854e-01   0.0000000e+00   2.7003489e-01   4.1965605e-02   1.4935305e-01   1.6177504e-01   1.5914310e-01   2.2769423e-01  -3.0212907e-01  -2.3207980e-02   3.1720611e-01  -2.9481287e-01   4.2056467e-01   4.7253153e-02   2.2812897e-02   7.2567489e-01  -3.6251405e-02   2.2754314e-01  -3.0846427e-01   1.0935510e-01   2.0059085e-01   2.0715073e-02   4.5647193e-01   2.8145205e-02  -1.3868175e-02  -6.2438240e-02   8.9125349e-02   1.3009751e-01   1.3354934e-01  -4.7037681e-02   1.2956177e-01   1.3275511e-01  -2.0397020e-01   1.1946648e-01  -2.1517596e-01  -2.0947219e-01   2.7198758e-01  -2.1575697e-01   2.7367501e-01  -3.7345220e-01   3.1988133e-01   3.7480042e-02  -1.8584006e-01  -1.6086101e-01   4.0546375e-01  -1.0256807e-02  -2.0209920e-01  -8.2487250e-02   4.5155590e-01  -1.5010512e-01   1.3337289e-01  -2.0929757e-01   1.5871107e-01   3.5474843e-01   1.6154026e-01   2.1833625e-01   2.0742423e-01  -3.3770844e-02   4.5606330e-01   4.7728191e-01  -3.0345491e-01   1.6735955e-01  -3.4704122e-02   1.3917217e-02   1.5345402e-01   2.3397006e-01  -2.7905959e-01  -1.2146362e-01   5.7847278e-01   1.8024295e-01  -3.1576148e-02  -1.9444620e-01   6.8006154e-01   8.2746082e-02   1.1178738e-01   4.2809411e-01   5.9009586e-02  -1.5222849e-01  -5.4165548e-02   2.3029189e-01  -2.1331882e-01  -2.3871095e-01   1.8379497e-01   4.9026421e-01   5.7118773e-02   1.9110287e-01   4.6103183e-01   1.4499184e-01   5.2943383e-01   7.5031524e-02   4.8776004e-01   1.2447699e-01   1.8598047e-01   2.3159620e-01   5.2623493e-02  -3.6991817e-01  -3.3278216e-02  -1.1232101e-01  -6.8876570e-02   4.0306378e-01   9.6314997e-02   1.9197336e-01   3.7430638e-01   5.7257103e-02   2.3427096e-01   4.0923406e-01  -1.3290903e-02  -2.3564494e-01  -1.2488082e-01  -4.9895960e-03   2.0286857e-01   2.0951916e-01   4.0434857e-01   3.9724017e-01  -2.1812208e-01   4.0275078e-02  -5.3599038e-02   2.3945958e-01   2.0836501e-01   3.9055522e-01  -1.2613192e-01   6.3051934e-02   1.6773679e-01   4.4406675e-01   5.5367691e-01   1.5461790e-01   4.3336044e-02   2.5199578e-01   4.1392859e-01   3.8390963e-03  -1.6899151e-01   4.3057668e-01   5.3368167e-02   3.1861001e-01   2.2437581e-01  -8.3292929e-02   2.2286593e-01   1.4317974e-01   4.5415110e-01   4.2394944e-01  -3.3431281e-01  -1.8029710e-01   4.4178711e-01   1.4803154e-01  -1.3048643e-01   3.2832248e-01  -2.0463570e-02  -1.3507820e-01  -1.6289463e-01   6.4806222e-01   5.1337943e-02   5.7425106e-01  -3.0902711e-01   5.7755568e-01   5.2643983e-01   3.7718116e-01  -1.3857302e-01   6.0236888e-01   2.4561798e-01  -3.1440225e-01   4.5046212e-02  -1.0755022e-01  -1.2281201e-01   2.5954665e-01  -8.9731668e-02  -1.2208808e-02   2.7875440e-01   4.2920047e-01  -1.2864554e-01   5.1451523e-02   3.2524287e-01  -1.7601236e-01   2.2343019e-01  -2.6411597e-01   1.2422818e-01   1.4759841e-01
  -2.8992142e-02   3.5488767e-01   2.7003489e-01   0.0000000e+00   3.6418892e-01   2.0197810e-01   5.7041590e-01   6.4110568e-02   5.7990101e-01   8.8745555e-02   1.0286138e-01   3.1703329e-01   9.1482679e-02   4.0537893e-01   3.1700416e-01   1.1543507e-01   1.8662209e-01   3.9946157e-01  -1.2770452e-01  -3.1900954e-02   4.8686454e-01   6.4975525e-01   3.4785006e-01   2.0657847e-01   2.0830070e-02   1.7987678e-01   1.7758023e-01   3.5330201e-01   9.3509371e-02   4.9860630e-01   3.0334945e-01   4.4041428e-01   3.2290974e-01   2.1282023e-01   2.9995463e-01   3.2773368e-01  -9.9329244e-02  -1.5901628e-01   9.4367572e-02   2.1418723e-01  -4.7548560e-02   3.3038074e-01   1.7223497e-01   1.5014021e-02   1.2275717e-01  -1.6786116e-01   4.4311785e-01   2.5842500e-01   6.9514423e-02   9.2444448e-02   3.3514382e-01   1.3189745e-01   6.6991330e-02   3.6562049e-01   4.9010482e-01  -5.2325581e-02  -3.6077366e-02   5.8814966e-01   3.5974496e-01   3.6665287e-01  -6.9999986e-02  -9.7801580e-02   2.3510443e-01   2.4326376e-01   1.1349775e-01   8.9077728e-02   2.8939587e-01  -1.7594367e-01   7.2364661e-02  -7.9802918e-02   1.4943380e-02   3.0119482e-01   1.0658485e-03   2.0633432e-01  -3.4307442e-02   2.5098620e-01  -1.5127598e-01   3.6227805e-01   2.8578822e-01   1.2448534e-01   3.9797864e-01   4.0981544e-02  -1.0170318e-01   2.4847762e-01   5.7292926e-02   3.1872366e-01   5.2569314e-01   1.8947140e-01   4.1198665e-01   1.2017001e-01  -9.2103552e-02   2.2699599e-02   3.9272338e-02   2.9187868e-01  -4.3828293e-02   3.0843605e-02  -2.9095937e-01   3.7074623e-02   2.2008432e-02  -1.4551104e-01   4.5086003e-02  -1.3565177e-02   3.4489222e-01   4.6461706e-01   5.5260147e-01   4.4803667e-01   1.0102462e-01   2.1148084e-01   2.0509939e-02   3.7194703e-01  -1.6369598e-01   4.9113899e-01   4.1803739e-01  -8.7371840e-02  -1.7378617e-01   1.2683429e-01  -2.3265059e-01   6.5634874e-02  -1.2149378e-01   3.7873472e-01  -1.2175297e-01  -4.6308865e-02   8.6737747e-02   3.7072105e-01  -1.0190829e-01   1.5772051e-01   2.9982259e-01  -5.7301557e-02   5.6519103e-01  -2.0494847e-01   4.4529683e-02   8.2613315e-02   2.2147577e-01   4.4086054e-01   3.7925363e-01   1.7703343e-01   4.4168458e-02   1.7331342e-01   2.9804001e-01   3.5657654e-01   1.4687992e-01   1.2691639e-01  -9.2458484e-02  -2.0930839e-02   4.3714835e-01   4.2645570e-01   1.3139590e-01   3.5972873e-01   3.6389700e-01   3.0945863e-02   1.8773402e-01   4.3613744e-01   7.5007603e-02   2.3869512e-01   1.4550702e-01   8.2700424e-02  -7.3824183e-02   1.7943299e-01   1.5440763e-01   4.0087673e-01  -9.9381598e-02   1.5325945e-01   2.7841164e-01   3.2462034e-01   6.0887048e-01   6.1839704e-02   2.7956232e-01   2.5036836e-01   9.9656520e-03   2.3889710e-02   7.6996927e-02  -1.0685490e-01   2.6379693e-01   4.6675968e-02  -8.4873006e-02   9.1699169e-02   6.8775331e-01
   3.8292834e-02   2.1355142e-01   4.1965605e-02   3.6418892e-01   0.0000000e+00   6.6447532e-02   4.0135302e-02  -2.7899370e-02   2.4343563e-01   2.5194816e-01  -8.7229205e-02   1.7252947e-01   1.7877771e-01   1.1302158e-01  -1.8364619e-01  -8.4121675e-02   1.6685772e-01   2.3741537e-01  -1.2580980e-01   1.9635464e-01   4.5803905e-01   2.0008693e-01   2.8097556e-02   3.4000105e-01   2.1192718e-01   3.4736987e-02   2.5108272e-01   2.5448703e-01  -2.1441649e-02   1.1886318e-01  -2.0257643e-01   2.1984286e-01   2.8631961e-01   2.7396462e-02   2.3059399e-01   1.9267076e-01  -2.1020194e-02  -1.5564454e-01  -8.7900623e-02   2.6794214e-02   1.8009288e-01   2.1191767e-01   1.3537977e-01  -2.2830325e-01   3.8372255e-01  -1.5892671e-02   2.0280662e-01   1.1767660e-02  -2.0506621e-01   9.6040078e-02   1.0564955e-01  -4.8176318e-02   5.6243366e-03   4.0028450e-01   4.0575149e-01  -2.4931114e-01   3.6036900e-02   1.6707450e-01   3.4144786e-01   2.1779727e-01  -4.5188080e-02   1.5543227e-01   9.3074981e-02   9.5265033e-03   1.2341716e-01   2.5874168e-01   7.9075352e-02   1.5488815e-01  -3.3954113e-02  -8.5646480e-02   2.3458059e-01   3.6870458e-01   1.1587296e-01   2.4602809e-01   1.9903196e-01   1.3824160e-01  -1.4201106e-01  -1.7609385e-02   3.1361308e-01   4.5586054e-01   1.2907847e-01  -1.1918684e-01   9.1548069e-03   9.8642600e-02  -1.9051152e-01  -4.6900584e-02   3.6222073e-01   3.9757822e-02   3.1442580e-02   7.8842945e-02   3.5383916e-01  -1.8829536e-01   1.8089686e-01   2.5441042e-01  -4.0379563e-02   4.5845550e-01   2.7822487e-01   7.2851174e-02  -1.6234814e-01  -4.2980903e-02  -1.0482959e-01  -3.7149149e-01   1.2073714e-01   2.4444840e-01   3.3789222e-01   1.9311949e-01   2.7303959e-01   1.0484723e-01  -1.0001180e-01   1.1339746e-01  -1.5179978e-01   1.5552062e-01   4.5861004e-01   6.6235154e-03  -1.5218537e-01   3.2301302e-01  -3.0647706e-01   2.4791503e-01  -2.8955994e-01   8.8470928e-02  -4.6939150e-02   7.3961135e-02  -5.1972451e-02   4.0478272e-01   1.5023420e-02   2.5108983e-01   4.4024209e-03   1.7534352e-01   4.0961424e-01  -3.3332554e-01   8.5255267e-02   6.4246376e-02   2.4508405e-01   2.9987083e-01   3.3763741e-01   2.2516713e-01   3.3287190e-01  -1.8192129e-01  -4.7447675e-02   4.4889833e-02   2.5708937e-01   1.3128199e-01  -3.0631551e-01  -2.6966611e-01  -6.5053116e-02   1.3503493e-01   7.0008997e-02   5.2661679e-01   4.4548805e-02   3.6630277e-01  -1.3080268e-02   1.0128245e-01   6.2800464e-02   9.5594062e-02  -6.4123515e-02   1.6511955e-01  -3.9559842e-02   2.1529158e-01   6.7069751e-02   1.9384920e-01   2.7661063e-01  -2.2386548e-01   2.5531714e-01   2.6714570e-01   1.5793075e-01   1.9757658e-01   4.6680342e-02   1.5104814e-02   5.5598828e-02  -2.6892024e-02  -6.6856038e-02  -1.6380723e-02   2.9427138e-01  -1.4226952e-01  -1.0467303e-01   2.6568020e-01   7.9021973e-02
  -3.2674077e-02   3.1533552e-01   1.4935305e-01   2.0197810e-01   6.6447532e-02   0.0000000e+00   5.1368482e-01   4.1777814e-01   4.5116148e-01   2.6481215e-01   2.5332647e-01   3.9348533e-01   1.1228815e-01   2.0974248e-01   3.3138686e-01  -1.1888528e-02   2.0055174e-01   1.2094803e-01   1.0703871e-01   6.0712620e-03  -1.0211633e-01   5.3733120e-01   7.8527165e-02   8.7234443e-02  -3.2468392e-02   3.3926660e-01   1.9286439e-01   3.8796542e-01   1.6013345e-01   4.3516390e-01   1.0733159e-01   3.5655228e-01  -4.1421535e-02   2.8327087e-01   1.9989363e-01   3.6044822e-01   1.0685807e-01  -4.6803438e-01  -1.0265609e-01   2.5384411e-01  -2.8071747e-02  -6.9524072e-02   1.0943590e-01   2.3684746e-01   9.7428440e-02  -1.7107460e-01   3.7644519e-01   1.9791472e-01   1.6834449e-01   1.9607065e-01   7.7852548e-02   4.5151710e-01   2.8056043e-02  -1.9934534e-01   3.0503196e-01   7.3447680e-02   4.4735197e-01   5.3362867e-01  -8.4781458e-05   5.4020467e-01  -1.8966460e-01  -1.0538782e-01   2.5098404e-01   2.8065722e-01   1.6987672e-01   3.2456428e-01   7.2604216e-01  -1.1219218e-01   4.0258303e-01   2.1354551e-01   3.5277447e-04  -1.3188947e-01  -6.9433896e-02   1.6145875e-01   4.7110279e-02   3.4303345e-01  -2.4861322e-01   1.3785756e-01   1.4793185e-01  -2.7405876e-01   4.9004435e-01   6.2005746e-02   4.4032928e-03   3.6962106e-01  -4.6042315e-02   3.9363417e-01   3.1087093e-01   1.7545845e-01   2.4470635e-01   6.0697276e-02   1.1767976e-01  -2.0930772e-01   1.0146125e-01   3.5592932e-01  -4.8177016e-01  -5.5386463e-02  -2.1204597e-01   5.5202869e-01   6.4874101e-02   5.8146612e-02   2.2286066e-01   2.3815708e-01   3.4907955e-01   5.0421194e-01   8.4680180e-02   3.5189023e-01  -1.5229669e-01   6.8707260e-01   1.1250601e-01   1.9863834e-01   8.6397796e-02   4.5060418e-01  -5.5958116e-02  -1.8051150e-01   2.7097977e-01   1.0038391e-01   3.1134879e-01   6.4189244e-02   1.8061163e-01   3.5053947e-01  -2.5636426e-01   3.9990017e-02   4.3160453e-01   5.9670976e-02  -1.0995756e-01   9.4653245e-02   8.4278925e-02  -1.3097912e-01   4.2861539e-01   1.8590938e-01  -7.5838655e-02   1.1566950e-01   2.4418170e-01   1.2380258e-01   3.1857300e-01   4.0512325e-01  -1.0595264e-01   2.2989536e-01   4.9822671e-01  -1.4988609e-01   4.5421799e-02   1.1705256e-01   4.7397192e-01   3.2727215e-01   3.3262847e-01   1.4306013e-01   1.7487858e-01   1.7640243e-01   3.1170355e-01  -2.9587933e-02   2.5279443e-01   3.6938404e-01  -2.7018998e-02   2.1148607e-01   3.6519601e-01  -8.5722493e-02  -1.9048218e-01   9.8213232e-02  -3.7261416e-02   3.9798639e-01  -2.5332963e-01   3.3008067e-01   1.1270690e-01   2.3976836e-01   4.0815368e-01   4.4943941e-02   3.4479171e-01   1.5056670e-01  -5.7648328e-02   5.5985244e-03   1.1963197e-01  -3.1297740e-01  -1.2568377e-01   5.7141657e-01   9.0569283e-02  -2.3623209e-01   3.6628166e-01
  -1.3210566e-01   4.1770297e-01   1.6177504e-01   5.7041590e-01   4.0135302e-02   5.1368482e-01   0.0000000e+00   2.7874061e-01   5.1235289e-01   2.8145133e-01   1.8909573e-01   5.1212249e-01  -3.6042781e-02   5.1347904e-01   5.4623439e-01   1.2682371e-01   6.4259557e-02   3.3013662e-01   2.1547927e-02  -1.8773728e-01   2.9042553e-01   7.1640256e-01   4.8839997e-01   2.1352118e-01   8.3368838e-02   2.2415946e-01   1.4359002e-01   3.9833637e-01   2.3879509e-03   6.3585501e-01   2.5811436e-01   5.5043436e-01   5.4665838e-02   4.4387200e-01   3.1845883e-01   4.1315655e-01  -4.8792140e-02  -2.3488684e-01   1.3840202e-01   2.3338210e-01  -2.3049606e-01   1.4446187e-01   2.2562877e-01   2.0865692e-01   6.3264939e-02  -2.4522106e-01   3.6176448e-01   4.4058163e-01   6.9084472e-02   1.6106524e-01   4.4399703e-01   4.4827726e-01   1.1752690e-02   1.4203168e-01   3.6602887e-01   1.6414831e-01   2.0740726e-01   5.8829106e-01   1.3835043e-01   5.7398346e-01  -1.5102981e-01  -1.9770406e-01   2.5594184e-01   2.7157898e-01   3.4607785e-02   2.3809474e-01   5.5914419e-01  -5.1001211e-02   3.7112523e-01   1.9924337e-02  -9.3418132e-02   1.7239647e-01  -6.1167771e-02   2.2160023e-01  -1.0639404e-01   3.6771200e-01  -1.6985641e-01   2.8308634e-01   1.5137018e-01  -1.9511852e-01   5.7647270e-01   1.0366509e-01  -1.9225867e-01   2.7633430e-01  -2.0662179e-03   6.0743690e-01   3.4390785e-01   2.7370226e-01   3.1483097e-01   1.7323406e-01  -9.2171191e-02  -6.0425746e-02  -7.6187344e-02   3.4881680e-01  -3.1778686e-01  -2.5204433e-01  -2.7821887e-01   2.5166257e-01   1.0224955e-01   3.1446902e-02   1.5145346e-01   3.7398511e-01   4.9889334e-01   5.1580106e-01   4.8525411e-01   4.2793893e-01  -1.2293520e-01   5.7097358e-01   1.6990042e-01   2.0288227e-01  -2.8150477e-02   6.1963351e-01   1.6687006e-01  -1.4345349e-01   7.4782225e-02  -1.2035031e-01   1.1423994e-01  -8.7245950e-02   2.0428059e-01   4.4304209e-01  -1.6629513e-01  -7.0329236e-02   3.3546271e-01   1.9514593e-01  -1.0949235e-01   2.1910170e-01   3.3354704e-01  -1.3445837e-01   5.0915290e-01  -1.7749505e-01   2.4491318e-02   1.5295714e-01   1.5679727e-01   1.2206997e-01   3.4629052e-01   3.4846161e-01  -3.9241985e-02   4.2075151e-01   5.9276533e-01   1.9703955e-01   1.0256354e-01   3.2804573e-02   2.2928853e-01   2.5423787e-01   6.5284659e-01   4.0309787e-01   3.0726791e-01   2.3129178e-01   4.5711533e-01  -1.8790513e-01   3.3395453e-01   5.3530305e-01   6.5359455e-02   1.8130994e-01   2.7730460e-01   1.0022106e-01  -1.0592417e-01   2.3945614e-01   8.9647498e-02   5.2920081e-01  -1.9100798e-01   3.2093871e-01   3.3758166e-01   3.4748483e-01   4.8976050e-01  -8.6989068e-02   3.6849985e-01   2.5570705e-01   7.4137723e-02  -1.6765374e-01   1.7662573e-01  -2.1661612e-01   1.1167075e-01   3.2873552e-01   1.0694289e-01   5.9613305e-02   5.3774098e-01
   2.9158435e-01   1.1583336e-01   1.5914310e-01   6.4110568e-02  -2.7899370e-02   4.1777814e-01   2.7874061e-01   0.0000000e+00   3.6627245e-01  -1.5232444e-01   9.6835387e-02  -9.6101892e-02   3.0646013e-02   2.9574456e-01   2.6547434e-01  -1.7243636e-01   1.9822800e-01   4.6230810e-02   2.7839649e-01  -2.5126827e-01   4.0463122e-02   4.4639045e-01   6.6913242e-02   2.3782445e-01  -3.5039206e-01   4.7968967e-01   2.5030618e-02   6.1812473e-01   2.6240484e-01   1.9910134e-01   2.0212889e-01   1.2435230e-01  -5.7957359e-02  -7.3183560e-02   2.4228496e-01   1.2941523e-02  -1.8357422e-01  -2.8312924e-01  -2.0281215e-01  -6.8282532e-02  -2.8253505e-02  -1.5745543e-01   1.7467028e-02   2.0033975e-01  -1.8199571e-01   1.6037823e-01   1.3705974e-01  -9.8108872e-02  -2.2649211e-02  -9.8043436e-02  -1.8565403e-02   7.0297047e-01   1.0485274e-01  -2.0211553e-01   1.4864288e-01   8.4348494e-02   3.5175398e-01   3.7557028e-01  -2.5696789e-01   1.4182699e-01   1.6586360e-01  -2.7719827e-01   1.4198718e-01   4.2394051e-01   6.9887734e-02  -7.7072461e-02   5.5077843e-01  -2.6997757e-01   3.3949804e-01   4.4620039e-01  -8.0033030e-02  -1.0888393e-01  -4.5342049e-02   2.4840204e-01  -2.8849978e-02   3.6508376e-01   3.0222509e-02   3.9191240e-01  -1.0708168e-01  -3.4405819e-01   6.1313696e-01   1.1805458e-01  -1.3635237e-02   4.1012932e-01   1.2421320e-01   4.8930303e-01   1.8783945e-01   3.2637971e-01   1.7977675e-01   3.1196773e-01  -2.6600613e-01   1.0088794e-01   2.1211815e-01   1.9346486e-01  -1.6966402e-01  -1.8010278e-01  -3.5591050e-01   4.8687759e-01   6.0492402e-02  -1.8785139e-01   1.0895010e-02   1.9384550e-01   5.3571246e-01   3.7833149e-01   5.1341995e-02   1.5465254e-01  -2.6024381e-01   4.5598588e-01  -1.3987614e-01   1.7072862e-01  -5.8820760e-02   4.5069641e-01   1.1403481e-01   2.2958722e-01   4.9314843e-01  -7.9709498e-02   1.4551216e-01  -1.9202847e-01   2.6769229e-01   3.2336709e-01   1.9249083e-01  -7.8000971e-02   1.5646003e-01  -5.3440627e-02   2.7005504e-01   2.0272783e-01   2.1768977e-02  -1.2445215e-01   2.9237835e-01   1.0821934e-01   1.8546599e-01  -1.4247612e-01   4.1913146e-01   2.0639804e-01   6.1951612e-02   6.3291342e-01  -3.5020427e-01   3.4365442e-01   5.6300696e-01   2.4608300e-01   2.6360934e-01   6.8365456e-02  -4.5104102e-02   1.9877693e-01   1.7621529e-01  -1.0784644e-01   2.3468626e-02  -1.9306243e-02   1.1444193e-01  -1.4061794e-01   1.7603059e-01   4.3720045e-01   1.2218116e-01  -1.1322980e-01   3.1915231e-01   7.3375069e-02   1.3996743e-01  -2.0265166e-01   2.9339774e-01   5.7377937e-01  -2.7684295e-01   2.4277260e-01  -2.2371798e-01  -9.7578968e-02   1.8661290e-01  -1.2260857e-01   1.5496337e-01   2.9116119e-01   2.2752191e-01   3.1530776e-02  -5.8547578e-02   3.8114674e-04  -1.4414281e-01   2.6540795e-01  -1.5438419e-02  -1.6803961e-01   2.8346433e-01
   7.2872888e-02   5.5803811e-01   2.2769423e-01   5.7990101e-01   2.4343563e-01   4.5116148e-01   5.1235289e-01   3.6627245e-01   0.0000000e+00   1.6245370e-01   8.8563802e-02   3.5572617e-01  -1.2111909e-02   5.2322506e-01   2.2319038e-01  -2.1564601e-01   2.2645516e-01   2.4821339e-01   1.3434038e-01   1.5875499e-02   2.4210857e-01   7.0776778e-01   2.0691343e-01   4.7093732e-01  -1.1700989e-01   4.2126821e-01   3.3769033e-01   4.5523980e-01  -5.5277207e-02   5.7835757e-01   1.7867388e-01   5.4709863e-01   1.1313333e-01   1.3667120e-01   4.4846951e-01   1.5725794e-01   2.5500896e-02  -2.6194856e-01  -2.0679980e-01   1.4337736e-02  -1.1324295e-01   2.3502002e-01   4.4401434e-01   7.0289325e-02   2.4064204e-01   7.5391001e-02   2.2942865e-01   2.3658451e-01   2.1173929e-02   6.3301601e-03   2.3157996e-01   4.5739157e-01  -1.1294378e-01   2.3627302e-01   5.8038825e-01  -8.0330077e-02   3.5745559e-01   6.9381290e-01   2.2410377e-01   6.2893195e-01   6.1422480e-02  -2.6307532e-01   4.6400121e-01   3.1377941e-01   2.1213923e-01   1.0521125e-01   4.5807150e-01  -1.5022969e-01   2.8255478e-01   1.1555374e-01  -2.2230129e-02   2.6355768e-01  -4.7054421e-02   4.1815205e-01   2.4392789e-01   4.4376020e-01  -2.5434767e-02   2.7390823e-01   5.3268704e-02   6.5705206e-02   5.8869458e-01  -5.6180359e-02  -3.0228577e-01   4.5050314e-01   4.7324428e-02   5.3568414e-01   6.3329296e-01   4.8610654e-01   3.8589261e-01   3.2706829e-01  -8.5843572e-02   4.5743008e-03  -1.2589503e-01   6.7442652e-01  -2.7826138e-01   5.2939499e-02  -1.9397145e-01   4.0258883e-01   7.2562075e-02   3.2885749e-02   1.7042551e-01   7.3735495e-02   5.2053303e-01   8.2441686e-01   5.5994028e-01   5.0630037e-01   5.9382877e-02   5.1628159e-01  -7.6856778e-02   6.2965119e-02  -3.2419717e-01   7.2834364e-01   2.7639710e-01   4.8644150e-02   9.4241708e-02  -5.1821492e-02  -2.6021839e-02   1.5300932e-01   1.4990888e-01   5.6994017e-01   2.4433047e-02  -2.4339735e-01   2.7805200e-01   3.5558684e-01   1.2557416e-01   3.7663869e-01   1.9579366e-01   1.4462548e-01   7.5223621e-01  -4.3783354e-02   7.8953140e-03  -1.0836017e-01   5.6997028e-01   3.9269465e-01   5.5852409e-01   5.5953050e-01   5.8795341e-02   2.2251430e-01   6.1614346e-01   2.2567728e-01   3.2595702e-01   2.9153350e-02  -1.0730296e-02   1.0584879e-01   4.8732101e-01   2.7316019e-01   9.1413121e-02   3.1056858e-01   2.7424392e-01   3.5187569e-03   3.1996325e-01   4.2392198e-01   2.7420782e-01   9.3289897e-02   2.1219607e-01   2.6169427e-01   5.0691929e-02   1.8828707e-01   3.6230659e-01   6.6361073e-01  -1.4449606e-01   1.6896075e-01   1.8678394e-01   3.3126753e-01   6.0469176e-01  -9.0548144e-02   3.4335085e-01   2.1470300e-01   2.5908898e-01  -2.5201053e-01   4.8239750e-02  -6.6624069e-02   1.6239368e-01   4.0829760e-01   1.2390699e-01   2.1023491e-01   6.2969607e-01
  -3.8821548e-01   1.6985884e-01  -3.0212907e-01   8.8745555e-02   2.5194816e-01   2.6481215e-01   2.8145133e-01  -1.5232444e-01   1.6245370e-01   0.0000000e+00   2.3226394e-01   3.9226599e-01   2.2797790e-01  -3.9176037e-02   5.2206248e-02   1.7825547e-01  -3.2241881e-01   2.4672281e-01  -2.2171158e-01   2.6046974e-01   4.9819513e-02   1.5421523e-01   3.1757523e-01  -2.3387540e-02   2.2132300e-01  -4.8996283e-02   2.7208388e-01   7.0381092e-02  -2.0587363e-01   2.8748657e-01  -4.8626287e-02   2.8414154e-01  -1.6873623e-01   6.3388080e-01   1.8614203e-01   3.5862029e-01   3.8691485e-01  -2.5580084e-01   1.8896624e-01   1.8931871e-01   2.3238733e-01  -2.6725804e-01   1.7084986e-01   1.7255903e-01   4.4474543e-01  -3.5622323e-01   2.9294819e-01   2.9288289e-01  -7.3625574e-02   4.8968439e-02   4.0384231e-01   2.4306389e-02  -2.3745883e-02   6.5457663e-02   1.3542262e-01   1.9958356e-01   4.9339384e-02   1.7364878e-01   3.1082229e-01   2.8051944e-01  -4.4998682e-01   2.1866068e-01   9.3260505e-02   2.5595683e-02  -6.7697772e-02   4.5454211e-01   1.5284669e-01  -3.8232756e-02   2.3699254e-01  -4.0132395e-01   1.2323187e-02   1.9444744e-01   1.5677453e-01  -1.9637205e-02   1.7089753e-01   1.9128713e-02  -3.5080556e-01   7.4512221e-02   3.2097769e-01  -9.3139503e-02  -1.3270351e-02   2.0176312e-01   8.9966072e-02   4.3142281e-02  -4.5587810e-01   1.3134073e-01   7.5701321e-02  -2.9167755e-01   1.2439311e-02  -2.1027307e-01   3.4170013e-01  -4.7471558e-01   3.2603207e-02   2.1906511e-01  -3.3276777e-01   2.1803442e-01   2.2364870e-01  -5.8366351e-03  -4.6004257e-02   4.8736065e-01  -1.0916277e-01   2.2774789e-01   4.8720620e-02   1.4373522e-01   2.0752310e-01   8.4549710e-02  -1.7308494e-01   3.7215474e-01   3.9905810e-01  -6.1732594e-02   2.4976320e-01   1.2689453e-01   1.5232597e-01  -4.6680628e-01  -2.2403712e-01   2.4911137e-01   5.6739784e-02   3.9099657e-01  -1.4439003e-01   3.7175773e-02  -4.3250054e-01   6.5502780e-02   3.4253118e-01   1.2235056e-01  -2.5091706e-01  -1.4314352e-01   1.3495118e-01   1.6893938e-01   2.5476574e-01  -3.7868342e-01   8.5100510e-03   2.3921085e-01  -2.6000556e-01   3.2216613e-02   1.3658833e-01   2.1475743e-02   2.2258074e-02  -1.3101626e-01   9.9155670e-02  -3.7039074e-01  -2.2272690e-01   1.1547122e-01   2.8927903e-01  -8.6216760e-02   2.1152992e-01   4.5940714e-01   2.6571523e-01   3.5639836e-01   4.4425831e-01   1.8562149e-01  -6.7718663e-02   3.6997037e-02  -2.3879508e-01   3.1280955e-01  -1.8441140e-01  -1.1335154e-01  -3.8665219e-01   3.7326687e-01  -2.9489047e-01   3.3225295e-02   6.4515975e-02   2.3953534e-01   4.1696972e-01   3.4028683e-01   4.0970523e-02   3.4700463e-01   2.0547550e-01  -3.1953491e-02  -3.0033191e-01   5.1951489e-02   2.4339885e-01  -2.6608513e-01   1.3563576e-01   8.6188460e-02   1.9445817e-01  -4.1493974e-02   2.8194450e-02
   1.3826450e-01   2.1955691e-02  -2.3207980e-02   1.0286138e-01  -8.7229205e-02   2.5332647e-01   1.8909573e-01   9.6835387e-02   8.8563802e-02   2.3226394e-01   0.0000000e+00   1.8032395e-01   4.5795847e-02   2.0906387e-01   1.2571339e-01   1.8368721e-01   8.5203056e-02   8.6286432e-02  -5.4286252e-02  -1.2844104e-01   8.0008530e-02   2.4025876e-01   1.6341188e-02   1.1727792e-01  -3.2943385e-01  -1.5490667e-01   5.3612463e-02  -1.0007880e-02   6.0576038e-02   2.4452819e-01   2.6738566e-01   1.2772022e-01   1.5621607e-02   1.5896209e-01  -8.8032877e-03   4.0820544e-01  -6.3162292e-02   1.1378280e-02   1.8848610e-01   6.0055805e-02   5.1141551e-02  -1.7659425e-01  -1.9342185e-01   3.9328307e-01  -5.5716266e-02   1.9077418e-03   4.3899147e-01   1.7703992e-01   4.8444272e-03  -3.0796255e-02   3.0513406e-01   1.2498946e-01   3.2829435e-02  -1.7925636e-01   1.0200322e-01   1.5254011e-01  -5.5344797e-02   1.1579762e-01   6.4464525e-02   1.0144516e-01  -3.3578092e-02   7.3234836e-02  -1.1166739e-01   2.3515686e-01  -7.5090335e-02  -1.4060482e-01   1.0750682e-01  -3.2566738e-01   4.0427845e-01  -6.7056889e-02  -1.8730616e-01  -3.1123878e-01   1.9048663e-01   2.5141789e-02  -1.4287583e-01  -7.9689062e-02  -8.4850163e-02   1.6975564e-01   3.2500956e-03  -2.7515597e-01  -1.7585044e-02   3.4546375e-01   3.3758259e-02  -1.5547707e-01   1.2370849e-02   6.7678178e-02   9.1491918e-02  -2.0902677e-03  -7.6145126e-03   1.7904410e-01  -1.6542688e-01  -1.4273513e-01   2.0333210e-01   1.3477279e-01  -8.4721950e-02  -5.8233400e-02  -2.3493287e-01  -5.2842968e-02   2.6515193e-02  -2.4531766e-01  -9.1925638e-02   8.4772372e-02  -3.7441339e-02   4.6189927e-02  -6.7032313e-02   1.2611355e-01  -2.7477299e-02   1.5669117e-01  -2.3066844e-02   1.7947234e-01   1.1589722e-01   2.5808932e-01  -2.4376864e-01   1.4578042e-02   3.9432609e-02   5.1526331e-03   1.9026436e-01   1.5132142e-01   1.5179681e-01   1.9345322e-01  -1.9579712e-02  -2.3558927e-01  -1.0448151e-01  -1.0195703e-01   1.2012855e-01  -5.0609077e-02   3.2930986e-02  -2.6199217e-01  -1.8127630e-02  -2.1458336e-02   3.3692929e-01   2.6870693e-01  -4.8614158e-02   1.1009441e-01  -1.0867445e-01  -1.6765180e-02  -2.1674634e-01   8.6048573e-02   8.8148643e-02  -7.8694457e-03   2.9846094e-02  -7.0255250e-02   3.8978268e-01   6.2171698e-02   1.5539149e-01   1.9123392e-01  -9.0794079e-02  -9.7211441e-02   3.3915810e-01  -1.3315178e-01   1.1001537e-01  -2.6182609e-02   4.3862094e-02   3.3169092e-01  -4.8725161e-02   8.6618340e-02  -2.1359606e-02   1.2194797e-01  -6.6102198e-02   3.6030214e-02  -4.1461136e-01   4.8774700e-01  -5.8054369e-02   5.2954102e-02   1.8540482e-01   2.2156460e-01   3.6499509e-01  -7.0476962e-02  -5.7436852e-02   3.4911058e-02   6.2980264e-02   9.0023516e-02  -3.1787983e-01   8.7607418e-02   8.4252227e-02  -2.6071577e-01   2.4698265e-01
  -2.8749395e-02   6.3663482e-01   3.1720611e-01   3.1703329e-01   1.7252947e-01   3.9348533e-01   5.1212249e-01  -9.6101892e-02   3.5572617e-01   3.9226599e-01   1.8032395e-01   0.0000000e+00   1.4948220e-01   2.7291197e-01   1.3696767e-01   3.0167703e-01   1.6882320e-01   1.0591310e-01   3.1045622e-02   9.4053998e-04   1.8551423e-01   2.8308028e-01   2.8641515e-01   2.5584900e-01   1.0676449e-01  -8.4841624e-02   2.2824970e-01   8.1930336e-02  -1.0909343e-01   4.1620865e-01  -4.5243344e-02   3.1371368e-01   9.0384953e-02   5.4744145e-01   3.2310011e-01   2.0920229e-01  -6.1480400e-02  -7.5573749e-03   2.1541116e-01   4.8981690e-01  -7.4993466e-02   1.5194171e-01   3.0082404e-01  -2.9771874e-02   5.2152177e-02  -9.4681142e-02   1.9569571e-01   4.3697754e-01  -1.4944672e-01   4.0858374e-01   2.7410959e-01   2.8896884e-02   1.1242263e-01   1.4810560e-01   2.9289699e-01   2.0896126e-01   1.0768114e-01   3.3013057e-01   2.5931800e-01   6.4097195e-01  -1.2439987e-01  -9.5707832e-02   1.3195124e-01   6.4997485e-02   1.7232796e-01   4.6114497e-01   2.9378337e-01  -1.0545156e-01   1.3782243e-01  -5.1623729e-02   3.6428131e-01   6.6816602e-03   7.6480734e-02   4.0300585e-01  -5.7857459e-02   1.1308513e-01  -9.1667396e-02   1.3428697e-02   2.5800045e-01  -1.4069157e-01   1.8005454e-01   9.8764358e-02  -2.5180613e-02   9.0007844e-02  -3.2718596e-02   1.7142089e-01   3.0737035e-01   1.2740686e-01   1.2607875e-01   2.0559474e-01   2.4652598e-01  -1.6393211e-01   2.6324769e-01   3.3586715e-01  -1.7403946e-01  -6.4807634e-03  -2.0944551e-01   7.6155632e-02   8.4603299e-02   2.2278858e-01   3.3812382e-01   3.1656911e-01   1.2258025e-01   4.0212551e-01   1.1216233e-01   2.7536158e-01   1.3188123e-01   2.2702406e-01  -5.7171691e-02   4.3095260e-02   2.3527408e-01   2.8412411e-01  -6.4667287e-02  -9.1187308e-03   9.2976299e-02   1.1336850e-01   9.4040916e-02   2.7989233e-01   1.1493791e-01   3.5874769e-01  -1.6219683e-01   2.5671484e-02   2.0086614e-01   3.7775426e-01  -2.0541776e-02   4.7169230e-01   2.7356693e-01  -3.4775718e-02   2.7684519e-01  -4.2248031e-03   1.0401198e-01   3.8131994e-01   1.2667261e-01   1.3325627e-01   3.0599850e-01   7.5391207e-02   4.7459628e-02   1.8701700e-01   1.9054506e-01   1.0377756e-01   1.5559389e-01  -9.4685737e-02   2.0171253e-01   1.5540167e-01   4.1998692e-01   3.5901152e-01   5.8910774e-01   3.5732418e-01   3.3778706e-01   3.5457623e-02   4.9436144e-01   5.7092246e-02   1.5683114e-01   1.1073142e-01   3.2687675e-01   2.6388442e-01  -2.1049239e-02   2.9937779e-01   7.5946497e-03   1.3347186e-01  -2.0657037e-01   9.9739310e-02   2.7119162e-01   2.0309339e-01   3.3321385e-01   1.0182111e-01   3.9780768e-01   8.5857302e-02   5.0161217e-02  -1.2824139e-01   2.0260000e-01   5.7901628e-02  -1.1150443e-01   3.0673132e-01   3.0764918e-02   5.1739907e-02   2.6722225e-01
  -2.2869314e-01   8.1364506e-02  -2.9481287e-01   9.1482679e-02   1.7877771e-01   1.1228815e-01  -3.6042781e-02   3.0646013e-02  -1.2111909e-02   2.2797790e-01   4.5795847e-02   1.4948220e-01   0.0000000e+00  -2.6879382e-01  -1.1301310e-02   1.2025980e-01  -3.2830156e-02   8.2550789e-02   7.9415286e-02   2.2461070e-01  -2.8104524e-02   2.9252685e-02  -1.1440621e-01  -4.0996768e-01   9.3373214e-03  -7.3647132e-03  -4.0434264e-03   2.2507450e-01   5.7049694e-02  -3.0582884e-02   4.6524527e-02  -5.3712968e-02  -1.6767941e-01   2.1933044e-01   1.8124032e-01   2.8528039e-01  -1.1898185e-01  -3.0597036e-01   2.9229459e-01   5.9001326e-02   6.9221359e-01  -1.3831812e-01  -2.8612867e-02   1.5958635e-01   3.4686547e-02  -3.8621735e-01   1.7631481e-01   2.0078859e-01  -8.3008109e-03  -4.5948394e-02   1.3675285e-01  -7.3389012e-02   4.3299246e-01  -1.1445790e-01  -1.2148194e-01   8.6732492e-02  -1.4591926e-01   6.2707043e-04   2.0931241e-01  -1.1206675e-01  -2.4127741e-01   2.3906046e-01  -1.0353364e-01   2.9803111e-01   2.3174426e-01   1.8541550e-01   8.4202280e-02   5.0348503e-02   1.8685160e-01  -3.0103378e-01   2.5529451e-01  -7.3244052e-02   4.3592176e-01  -2.3628458e-01  -2.2683853e-01  -3.7455637e-03  -4.0919366e-01   2.5419828e-01   3.5078354e-01  -6.9156680e-02  -5.0434452e-02   3.1624891e-01   3.5007669e-01   3.1231936e-02  -2.0886032e-01  -9.3972618e-02   7.4646940e-02  -4.3141254e-01  -1.0386863e-01  -3.7380090e-01   1.7207277e-01  -4.1701014e-01   3.3402602e-01  -7.0661766e-02  -9.7958024e-02  -6.5263019e-02   7.1252233e-02   2.4981816e-01   1.0924717e-01   6.9906510e-02  -9.5854142e-02   1.5096549e-01  -7.3826110e-02  -1.2813997e-01  -1.5734515e-01  -8.7261306e-02  -1.8440150e-01   1.5449660e-01  -3.4817389e-02   3.4061465e-01   3.6235674e-01  -1.7242217e-01  -1.7325934e-01  -2.3770080e-01  -1.7528404e-01   3.5611324e-01  -1.4013282e-02   3.5274472e-01  -2.2110589e-01  -6.4239570e-02  -3.3326325e-01   4.1339809e-01  -5.3347251e-02   1.2089351e-01  -3.6970403e-01  -2.6208168e-01   9.3261194e-02  -1.4036523e-01  -6.8530265e-02  -8.3127546e-02   3.0370614e-01   4.1414065e-01  -1.6210341e-01   2.8245107e-01  -2.9750072e-02  -1.1556772e-01   3.1255504e-02  -1.1290091e-01  -4.2115916e-02  -3.2228163e-01  -2.4486454e-01   5.2352074e-01   1.5240920e-01  -2.5636461e-01  -1.5465935e-01   1.6226835e-01   1.7887452e-01   1.3302475e-01   8.7279842e-02   9.1364083e-02  -1.3338837e-01   1.0005378e-01  -3.8773560e-01   2.9302373e-01  -8.9783100e-02  -3.7306472e-01  -2.1579565e-01   2.5413873e-01  -4.2228187e-01  -1.5104716e-01   8.9641484e-02   7.6799537e-02   6.1788240e-02  -6.1253995e-02  -7.9856390e-02   2.3043290e-01   4.4366539e-01   4.6578061e-02  -3.5097502e-01   4.0683774e-01  -2.6760373e-02  -1.5008934e-01  -5.1123214e-02  -1.9020597e-01  -1.3308967e-01  -1.4524470e-01   5.2711385e-02
   2.8111191e-01   3.3344860e-01   4.2056467e-01   4.0537893e-01   1.1302158e-01   2.0974248e-01   5.1347904e-01   2.9574456e-01   5.2322506e-01  -3.9176037e-02   2.0906387e-01   2.7291197e-01  -2.6879382e-01   0.0000000e+00   1.9704220e-01  -1.8264902e-01   2.4137898e-01   2.0131333e-02   2.8359721e-01  -2.9903966e-01   2.3652541e-01   5.5434725e-01   1.3331110e-01   7.4080953e-01  -7.3470521e-02   6.6643106e-02   5.9715498e-02   2.4807940e-01  -5.7286575e-02   5.6690644e-01   1.9371169e-01   4.7187829e-01   1.7449422e-01   7.4819067e-02   4.4332019e-02   1.6219980e-01  -3.3125889e-02   1.6329256e-01  -1.7029042e-01  -9.2283577e-02  -3.0744288e-01   2.2686323e-01   2.4993241e-01  -2.8587209e-02  -1.1409664e-01   3.3424572e-01   2.1442109e-01   6.3808165e-02   9.3832378e-03   1.8115222e-01   1.3526302e-01   3.0426223e-01  -4.0074089e-01   2.2827791e-01   5.8140234e-01  -1.6577417e-01   4.1387010e-01   4.2427092e-01   1.5730757e-01   5.0276064e-01   3.4646737e-01  -4.5942789e-01   1.9046239e-01   1.1549916e-01  -1.1365895e-01  -7.3800960e-02   2.9155912e-01  -2.1189981e-01   1.4166339e-01   2.5305780e-01  -2.4510335e-01   2.1053227e-02  -1.9083092e-01   4.9322710e-01   2.1002679e-01   2.8188696e-01   3.5538728e-01   1.6940182e-01  -1.6029837e-01  -4.9455210e-02   5.1500399e-01  -6.6777961e-02  -3.8804988e-01   3.0007008e-01   1.4026626e-01   4.9459176e-01   3.0008891e-01   6.2810367e-01   2.0110814e-01   7.2481165e-01  -1.8022505e-01   3.1105423e-01  -1.6054923e-01   5.1850563e-01  -6.2184078e-02   7.8543085e-02  -2.7634564e-01   3.4203063e-02  -1.3661690e-01  -1.8666782e-01   5.3824632e-02  -1.0804737e-01   5.1548494e-01   6.6801912e-01   4.7328779e-01   4.2179473e-01   1.9452035e-01   3.1632916e-01  -1.0324006e-01  -1.6987676e-01  -3.8184222e-01   6.3413784e-01   2.2960850e-01   2.7286456e-01   1.7715249e-01  -1.7170170e-01  -3.5186979e-02   3.9429381e-02   4.3184713e-01   4.3660431e-01   3.5148702e-01  -4.5824995e-01   3.1344797e-02   1.6007039e-01   4.2702685e-01   4.1475879e-01   6.2211137e-02   1.4576639e-03   4.9809421e-01  -4.7223599e-02   4.5348431e-02  -1.6504196e-01   4.7377410e-01   5.6417650e-02   4.2683405e-01   4.6475420e-01   5.0946451e-02   3.6437048e-01   4.1092923e-01   4.2036248e-01   5.3437650e-01  -1.9955702e-01  -1.0896755e-02   2.6909562e-01   3.4264952e-01   1.5151570e-01  -4.3474906e-02   5.3529303e-02   1.9138765e-01  -1.6546821e-01   2.9703756e-01   4.3376291e-01   5.3856922e-01  -7.5038756e-02   2.3070988e-01   6.2768314e-01   2.8546282e-01   3.2281974e-03   5.7176126e-01   5.7791616e-01  -2.8851638e-01   2.0240995e-01   9.8043062e-03   1.7295723e-01   4.8203870e-01   3.7235009e-02   3.6857628e-02   2.8430951e-01   5.7277194e-01  -4.4232709e-01   1.4739077e-01   1.3382607e-01  -5.9780711e-02   2.9033825e-01   8.6774703e-02   1.6461698e-01   4.3418067e-01
