   0.0000000e+00  -1.1960315e-01   6.7789031e-02   1.2824486e-01  -4.5011660e-02   1.3242038e-01  -3.0038143e-01   3.3347252e-01   2.0153444e-01  -1.1841754e-01  -9.2289231e-02  -1.2083216e-01  -1.6742727e-01   1.3224436e-01  -1.7730574e-01  -8.4687374e-03  -7.9201183e-02  -3.9627538e-02   2.8327441e-01   4.6882286e-02  -1.4699844e-01   4.3708239e-01  -1.4283314e-01   5.0752534e-01   2.3596073e-01   2.9883332e-01  -9.9193277e-03   2.7297446e-02  -6.8871370e-02   1.0277251e-01  -4.1453879e-02   1.7623891e-01   6.4684997e-02  -3.6656415e-01  -8.6368021e-02  -1.0713651e-01   4.1193543e-02  -2.3367334e-01   6.7513748e-02   1.8556154e-01  -1.4712867e-01  -5.2381872e-02   8.1450230e-02   1.1763774e-02  -9.6657334e-02   2.7957914e-01   9.6614902e-02  -1.6915336e-01   3.5014839e-02  -3.1699100e-02  -7.3437174e-02   3.1741997e-01  -1.5273547e-01  -1.2055070e-03   1.8178372e-01  -9.4339505e-02   3.1937295e-01   2.4807468e-01  -6.1993476e-02   4.5479383e-02   4.7187152e-01  -6.3579179e-02   1.0937325e-01  -1.2633224e-01   9.6849760e-02  -6.7458254e-02   1.3672209e-01   7.9448172e-02   3.5706591e-01   3.3900049e-01  -1.0716331e-01  -2.2437506e-02  -3.0138756e-01   1.6317657e-01   8.0398732e-02   2.6487816e-01   1.6527772e-01   1.2887180e-01  -4.3098294e-02  -1.1093510e-01  -8.4260626e-02  -3.0064121e-01  -3.3279131e-01   2.5306319e-01   1.9404049e-01   2.6075860e-01  -5.5408760e-02   3.3743308e-01  -2.8975441e-02   6.2008173e-01  -2.0797638e-01   2.4929841e-01  -1.8973760e-01   1.8680227e-01  -2.1203970e-01  -8.9131272e-02  -3.6456507e-02   5.1074988e-01  -1.0826478e-01  -4.8255085e-01   1.3972887e-01   2.4087018e-02   2.9026946e-01   4.8951815e-01   2.3454379e-03   4.4791424e-01  -1.7834862e-01   4.9070303e-01   9.7017347e-02  -5.1570296e-02  -2.4226246e-01   3.4867986e-01   1.2953748e-01   5.1500081e-01   1.3106865e-01  -2.1433693e-02   1.7128151e-01  -1.1960632e-01   1.5169865e-01   2.4191331e-01   3.2687216e-01  -8.7713861e-02   1.9001143e-01  -3.0359949e-01   3.6862071e-01   2.4981451e-01  -1.8661724e-01   1.5562216e-01   3.3857378e-01   2.8324016e-01  -9.0606891e-02  -3.8106094e-01   2.8014136e-01  -4.5283565e-02   2.7735286e-01   4.5159910e-01   2.3113679e-02   6.6293442e-02   4.2324431e-01   7.8140412e-02   5.5922588e-01   2.1963046e-02   7.2018625e-02   9.2546783e-02  -4.8867620e-02   2.2081670e-01  -1.7036670e-01  -7.1100190e-02  -9.7518424e-02  -1.3939442e-01   1.8338650e-01   8.6060279e-02   2.9210059e-01  -1.3512050e-01  -2.4745914e-02   5.0364226e-01   2.9149245e-01  -1.8499825e-01   4.1652600e-01   7.9129079e-04   1.6480279e-01  -5.2443747e-02   5.8367723e-03   1.5198301e-01   3.6717071e-01  -3.2029177e-01  -4.0916802e-01   5.3351996e-02   4.5623089e-01  -5.4457168e-02  -1.8717839e-01  -1.8021455e-02   8.0913608e-02   1.5856331e-01  -1.2943517e-01   1.6650818e-01   3.7074788e-01
  -1.1960315e-01   0.0000000e+00   6.8856135e-02  -2.7214557e-02   3.1005727e-01   6.1018513e-02   2.2056015e-01  -1.0273696e-01  -1.5245563e-02   4.0834682e-01  -3.9120919e-02   6.0636856e-01  -1.0324336e-01  -1.8406536e-01  -7.5887011e-02  -2.6199691e-01  -8.3251358e-02  -6.3282730e-02   9.1200081e-02   1.9144224e-02  -8.4985310e-02  -2.2826106e-01  -2.5039732e-01  -2.2314733e-02  -1.4216323e-01  -1.2443764e-01   3.6216825e-02   8.4365474e-02  -9.6278827e-03   2.5265254e-01  -1.6313442e-01  -2.0997691e-01   2.9029977e-02   4.1110770e-01   1.2582538e-01   2.1614624e-01  -2.7000990e-01  -1.8039632e-01  -1.3383973e-01   2.2494924e-01  -3.9685332e-02  -2.5590786e-01   2.8399604e-01   8.1814342e-02   3.2876243e-01  -3.7674410e-01   4.5536213e-02   5.4377565e-01  -1.6210353e-01   2.6007622e-01  -5.9332199e-02  -2.1623777e-02   1.9847076e-01   1.6072666e-02  -2.3848097e-01   1.3899114e-02   1.7840205e-01  -1.8691370e-01  -8.3903678e-02   1.0357681e-01  -1.1667923e-01  -2.8383320e-01   3.6342939e-01   6.7160593e-03   4.0141927e-01   2.2736841e-01  -3.4209174e-03   1.1705790e-01  -1.7746602e-01   1.1677909e-01   6.3980920e-01  -1.9066701e-01   1.3882205e-01  -4.2900014e-03   1.5517057e-01  -1.1045488e-01  -1.1434865e-01   2.1168676e-01   4.6578594e-01  -6.2585438e-02  -3.1996878e-01  -7.7275849e-02   3.2459382e-01  -2.0417139e-01   2.9168445e-02   5.2053403e-02  -1.1897935e-02   1.7115442e-01   3.5797868e-01  -5.5408824e-02   4.6260225e-01  -1.8293421e-01   2.6291482e-01   1.9144068e-01  -3.9396701e-01   9.2542504e-02  -2.2306978e-01  -5.4793460e-03  -4.0218291e-02  -3.6825965e-02  -1.6043737e-01   8.4369078e-02  -3.5497441e-01   1.5998198e-01  -3.2339548e-01  -2.0166627e-01   2.5254429e-02   4.8067041e-02   4.9493499e-02   1.2751466e-01   1.6844305e-01  -7.2280692e-02   1.3912063e-01  -3.1696088e-01  -4.4232663e-01   4.2427075e-01  -1.7237049e-01   2.8293381e-02   1.4206100e-01  -3.4289228e-01  -8.0383733e-02   4.9675116e-01   2.0874899e-01   2.7856095e-01   9.8460772e-02   7.3800086e-02   8.2405193e-02  -2.2402120e-01  -1.9100799e-01   2.9195115e-02   3.3379060e-02   1.4058620e-01   3.6553144e-01   4.4415911e-02  -4.8394615e-02  -2.3167165e-01  -1.3113353e-01  -3.3605449e-01   7.8471316e-02  -1.8671309e-01  -2.6526065e-01  -1.8874157e-01  -2.6942655e-02   6.0388815e-02  -1.1389107e-01  -1.8998904e-01   3.0886172e-01   1.2795984e-01   5.6178208e-02   1.6961473e-02  -1.3079479e-01  -1.3236708e-01   9.0482307e-03   2.2346238e-01   5.5777249e-01  -6.1643610e-02  -1.0691526e-01   2.0577815e-01  -1.1415148e-01  -3.7971160e-01  -2.3495481e-03   2.2499119e-01   1.1800869e-01   1.5325101e-01  -7.4716068e-02   2.2540497e-01   1.9810878e-01   5.4586521e-02  -1.7323720e-02   5.2627965e-01   3.6622420e-01  -1.4284602e-01   1.2294960e-01   1.2325709e-01   1.2047757e-01   8.3187553e-02  -5.7025899e-02
   6.7789031e-02   6.8856135e-02   0.0000000e+00  -7.3705464e-02   2.8531623e-01   4.4908198e-01  -1.4646161e-01   3.2827981e-01   1.2135979e-02  -2.1609433e-01  -3.1582726e-01   3.5847126e-01  -2.1355544e-01  -1.1868074e-01  -4.7477145e-01   2.0930590e-01   5.2834392e-01  -1.2790806e-02   1.6615000e-01   1.2539256e-01  -2.5208443e-01   7.8228974e-02  -3.7159628e-01   2.3076838e-01  -4.4305148e-02   1.5993576e-01   3.2074078e-01   3.1745778e-03   2.2514620e-01   4.3784673e-02  -3.6075033e-01   1.7909605e-02   2.7132145e-01   3.5166286e-02  -5.9088143e-02   3.3239776e-01  -2.2128756e-01  -2.9409732e-01  -1.5834289e-01   3.7798542e-01  -8.8651781e-02   1.6304192e-01   5.4860643e-02  -5.8490458e-04   1.0221808e-01  -6.3343335e-02   1.8733035e-01  -2.8607077e-01   3.5603881e-02   5.0242728e-01  -1.2491124e-03   5.1304425e-02  -3.8605420e-01   1.6709810e-01  -1.0100245e-02  -4.7862938e-02   2.2622380e-01   5.7567912e-02  -4.1934821e-02   2.1216187e-01   2.3010386e-01  -1.0956419e-01  -2.8962265e-02  -1.3411497e-01   1.5703021e-02  -2.1415870e-01   3.9401495e-01   1.8278806e-01  -7.9766075e-02   4.7129547e-01  -1.0105377e-01  -2.8287000e-01  -6.1305502e-02  -9.3714769e-03   1.9476388e-01   2.4948615e-01   1.7186458e-01   3.3492846e-01   3.7518792e-01  -1.1564683e-01  -4.1551413e-01  -2.3665445e-01   1.3895423e-01   2.9808402e-01   2.0787105e-01   5.0881741e-02  -9.7143854e-02   2.0006524e-03   1.5549498e-01   2.2213977e-01   1.0783769e-01   5.3466876e-01   2.5372393e-01   2.3303724e-02  -9.8105401e-02   1.8717884e-01   1.2895894e-01   3.3516888e-01   2.3024550e-01  -3.1336846e-01   6.2645355e-02   1.1658597e-01  -1.8269529e-01   1.5978190e-01  -1.8837038e-01  -1.0033783e-01   2.9436487e-01   3.8052938e-02  -8.7076378e-02   2.5167886e-01   1.1858615e-01   2.5837759e-02   1.8359260e-01   1.8187254e-01  -2.4920763e-02   6.9441998e-02   3.5370957e-02  -3.9249078e-02   1.9033739e-01  -2.0611276e-01   4.4557046e-02   1.8987570e-01   3.8106855e-01  -2.7791237e-01   3.0803906e-01  -5.4098049e-02  -1.9680376e-01   1.1474077e-02   8.4875709e-02   4.4394211e-01   2.0036208e-01  -5.5576450e-02   2.2496114e-01  -3.4756633e-01  -7.8108649e-02   2.7052326e-01   4.4978379e-02  -4.5615421e-01   1.5177790e-01  -8.7002795e-02  -2.2662273e-02  -2.9098142e-01   1.4040779e-01   2.0944354e-01  -3.7804445e-01  -2.9779570e-01   2.4362059e-01   1.4343775e-01  -1.8219831e-01  -3.9218627e-01   2.1263924e-01  -4.0208862e-01  -7.6148422e-02  -1.5204417e-01   3.6128396e-01   2.9510841e-01   3.6017647e-02  -1.3424023e-01   3.0067406e-01  -3.0210200e-01   1.5602199e-01   6.5893249e-02  -2.0567103e-01   8.0012151e-02   8.1011609e-02   2.0503358e-02  -4.1862557e-02  -1.7052879e-01  -1.3256549e-02   1.1511530e-01  -4.3321686e-02   4.8999234e-02   3.8022107e-02   4.1914265e-01  -1.3697778e-02   7.3256311e-02   1.2175398e-01
   1.2824486e-01  -2.7214557e-02  -7.3705464e-02   0.0000000e+00   4.6693932e-02   2.8763765e-01  -2.1711838e-01   3.8534907e-02   1.4047705e-01  -1.4969272e-01  -1.2054898e-01  -1.7183740e-01  -1.5706792e-01   3.6547183e-01  -6.0566704e-02  -2.5667197e-02  -1.0689072e-01   5.1274794e-02   2.8719945e-01   9.3898139e-02   1.8230081e-01   4.4467109e-01  -1.4364018e-02   1.9864246e-01   2.7879940e-02   6.1023664e-02   2.2344467e-01   4.6061369e-02   1.4663706e-01   1.0846185e-01   2.8234059e-01   3.3791802e-01   1.2784898e-01  -1.6806730e-01  -2.0135391e-01   1.4585539e-01   2.0467881e-01  -1.5069577e-01   2.5547932e-01  -2.6354505e-02  -1.2175443e-01  -1.7172785e-01   7.3647896e-03   1.1449375e-01  -1.4916244e-01  -1.1899717e-01   1.2807694e-01  -2.1454606e-02   1.3571793e-01  -7.1976747e-02   1.3676156e-01   1.0916316e-01   4.3206361e-03  -1.0918105e-01   1.7735444e-01   1.4439966e-02   1.4156300e-01   3.5065326e-01   2.3324470e-01   7.1371488e-02   9.2673523e-02   6.7489534e-02   1.2264866e-02   1.1571893e-01  -1.1230465e-01  -6.1890122e-02   2.1273754e-01   2.3064059e-02   1.4814737e-01  -1.0977572e-01  -7.3871498e-02   1.4261545e-01  -1.0156958e-01  -2.7365223e-02  -4.7573156e-02   2.2108616e-01   1.4730746e-01   7.2035529e-02   1.7447585e-02  -2.3401396e-02   1.5091264e-02   2.8318633e-03  -5.1136609e-02   9.1450493e-02   7.5100739e-02   1.8534999e-01  -3.7836817e-02   2.2245960e-01   8.7838624e-02   2.1072466e-01  -5.6793989e-02   2.8274352e-02  -1.6229268e-01   1.1832857e-01  -3.4839741e-01   1.1498128e-01  -7.7497280e-03   1.2946724e-01  -2.1867399e-02  -6.4671670e-02   1.9109589e-01  -2.7131232e-01   2.8067135e-01   2.8723066e-01   4.0045374e-01   3.6444019e-01  -3.7122206e-01   4.2404286e-01   6.8932695e-02   1.9207448e-02  -2.2569497e-01   3.9387232e-01   3.7259130e-01  -1.2223634e-01   1.2532705e-01  -9.7027506e-02   3.8353234e-01  -1.6253412e-01   9.2604135e-03   4.8228999e-01   2.7889616e-01   4.4914828e-02  -1.9209770e-02  -3.1485166e-02   1.9975473e-04   2.4906919e-01   3.9413866e-02   5.7749254e-02   3.7315775e-01  -1.2460094e-01  -7.1711056e-02   4.9954914e-02   3.1491247e-01   4.9443098e-02   3.8989085e-01   4.5689391e-02  -2.0547222e-01   1.4107477e-02   1.3420884e-01   5.7495176e-02   6.4195955e-02   6.7499099e-02  -1.4179833e-01  -1.6591700e-01   2.5424445e-02   2.0980923e-01  -1.8623042e-01  -1.7600969e-02  -1.4454254e-01   1.6613357e-01   1.1759085e-01   2.2959293e-02   3.0802463e-02  -2.0802065e-01  -1.6292130e-01   1.1623021e-01   4.6751223e-02   2.5740377e-02   2.5883320e-01   2.9336411e-01   1.7314660e-01  -1.7063495e-01   6.3151859e-02   1.1424220e-01   2.9313121e-01  -2.9809000e-01  -6.2132254e-02   1.9013055e-01   3.1488883e-01  -2.4810134e-02  -3.0267274e-01  -1.8783983e-01  -4.2496349e-02  -4.3013499e-04  -2.1998336e-01   1.5734156e-01   4.4184540e-01
  -4.5011660e-02   3.1005727e-01   2.8531623e-01   4.6693932e-02   0.0000000e+00   2.5404455e-01  -2.7557378e-01   3.1377024e-01   3.9049147e-02   1.1012726e-01  -9.5373779e-02   2.4452950e-01   1.1717192e-01  -2.1733618e-01  -4.1167174e-01  -3.3568157e-01   1.8441575e-01   3.2530168e-01   3.5152471e-02   4.6557564e-01   8.2007768e-02   5.3709338e-02  -3.5252901e-01  -2.4109962e-02  -2.7801874e-02   1.6352985e-02   4.0328229e-01  -4.6262433e-02   3.7079603e-01   1.6503571e-01  -1.8905828e-01   1.9876776e-01   2.7469981e-01  -1.1316059e-01   1.4972058e-01   3.6741070e-01  -2.2667050e-02  -3.8755391e-01  -1.5143202e-01   3.2836163e-01   2.3131901e-01  -8.1469475e-02   3.7561355e-01   1.2649619e-01   3.1523466e-01  -3.5310808e-01   3.1017649e-01   1.0702580e-01   1.9293482e-01   3.2610963e-01   1.0009274e-01  -9.5084562e-02  -1.2456398e-01  -1.5490404e-01  -7.4404814e-02   2.0466266e-02   1.4438865e-01   1.7589563e-01   2.3897676e-01  -3.0296567e-02  -6.0536836e-02  -3.2224636e-02   3.6599668e-01   4.6535683e-02   2.5434454e-01   2.0176575e-01   3.3494731e-01   1.8086582e-01  -1.5914667e-02   1.4793856e-01   9.2367316e-02   9.9739626e-03   1.3561306e-01  -9.0667184e-02   2.1893238e-01   2.0830265e-01  -6.2006912e-02   9.1920173e-02   6.0484851e-01   1.9596219e-02  -4.9386893e-01  -1.6624146e-01  -4.5832346e-02   1.1421953e-01  -1.5832406e-01   2.4787738e-01  -1.0805205e-01  -1.9848304e-02   2.4986663e-01   8.2394928e-02   3.9990182e-01   2.7803822e-01   1.7129023e-01   3.8583032e-01  -3.1545736e-01   3.4422507e-01   2.6508312e-01  -5.1275770e-02   1.2752935e-01  -1.8590744e-01   1.1005941e-03   8.8208916e-02  -5.1473467e-02   1.3723523e-01  -2.1061493e-02   2.0096467e-02   1.5594015e-01   7.6261507e-03  -4.9939174e-02   1.9591102e-01  -5.7980850e-03   1.5218218e-02   2.8669291e-01   2.5449339e-02  -2.7065902e-01   3.7929852e-01  -1.7799143e-02   1.7092895e-01  -4.0596889e-02  -7.3034968e-02   2.0014194e-01   3.9468616e-01   4.9118426e-01  -1.6035962e-01   7.5413225e-02  -2.5306478e-01  -4.1838137e-02   8.7142146e-03   4.4966746e-02   8.8718191e-02   1.0686499e-01  -1.7653651e-01   2.3220244e-01  -2.5737572e-01   2.9281252e-01   1.4391422e-01  -4.8828992e-02  -4.4031126e-01  -1.6002959e-02  -3.1821197e-02  -1.1395533e-02   1.3069863e-01   1.9236157e-01   8.1415751e-02  -2.8045222e-01  -5.3277948e-02   7.5257754e-03   1.8608166e-01  -7.6858002e-02  -1.7829665e-01  -1.9957444e-01  -4.6293792e-01   7.2293984e-02   8.9321406e-03   4.1313490e-01  -3.2467604e-02  -4.7472963e-02   1.9443701e-01   9.7558066e-02  -2.9728847e-01   4.3585766e-01   1.9940318e-01   9.3771211e-02   2.3123818e-01   2.6174020e-01   1.8311533e-01   1.8568122e-02   1.0907622e-01   9.4774548e-02   1.5880187e-01   4.0224255e-01  -3.3419052e-01   2.5363414e-01   4.5995454e-02  -2.7023994e-01   1.8592104e-01   1.7297951e-01
   1.3242038e-01   6.1018513e-02   4.4908198e-01   2.8763765e-01   2.5404455e-01   0.0000000e+00  -2.7333097e-01   2.4609456e-01   1.1798960e-02  -2.5294496e-01  -1.9530322e-03   2.2031474e-01  -1.0154203e-01   1.7935359e-01  -4.1298719e-01  -3.8271258e-02   1.6957501e-01   1.1264186e-01   2.6524716e-01   2.6401263e-01  -9.5590625e-02   3.3020855e-01  -2.3517509e-01   1.6447862e-01  -8.3849839e-04   2.0734820e-01   2.4894284e-01   3.8854022e-02   7.6514067e-03  -1.3018401e-01  -4.0560671e-02   8.9699298e-02   1.1851724e-01  -1.3625079e-01  -6.6395802e-04   3.8344854e-01  -1.7707803e-02  -3.6635358e-01   3.7642797e-03   3.0935070e-01   3.0200705e-02   3.8854635e-02  -1.4499387e-01   2.2219477e-01  -5.1959274e-03  -2.5665229e-01   4.6026412e-01  -2.3624766e-01   3.7896766e-01   2.9128786e-01  -2.7562199e-02   1.5039480e-01  -2.3994222e-01   2.1731305e-01   2.1897470e-01   1.4161822e-01   2.9136703e-01   1.6626423e-01  -6.4743078e-02   2.1746244e-01  -1.0539676e-04   9.8304822e-02  -5.8437844e-02  -4.7466131e-02  -1.1748483e-01   6.1004533e-02   5.5174262e-01   1.3483998e-01   1.0934198e-01   9.5998892e-02  -7.7540917e-02  -1.2170109e-01  -4.1189814e-02   2.1759904e-01   1.9592406e-01   2.2457193e-01  -1.7313501e-01   1.8909512e-01   1.0901971e-01   3.4728553e-02  -3.4513364e-01  -3.2793951e-01   4.6423619e-02   1.0520092e-01   3.9040979e-01   1.0312862e-01  -1.3426383e-01   2.7229078e-01   1.8843017e-01   3.2655259e-01   8.3685603e-02   2.9703683e-01   1.4921200e-01   7.0251811e-02  -4.0355606e-01   1.3051705e-01   1.7173624e-01   2.0480011e-01   1.2817540e-01  -2.4910814e-01   1.5989215e-01  -8.5990574e-03   1.8387523e-01   3.4685745e-01  -2.1993444e-03   2.4739376e-01   2.2070567e-01   3.3627518e-01   4.6920417e-02   3.7521444e-01   2.0081719e-01   3.1247075e-01   2.8512682e-01   8.7874894e-02   3.6225378e-02   9.0994065e-02   1.6429842e-01  -7.6539980e-02   1.5057676e-01   9.8398523e-03   7.3983064e-02   1.1230762e-01   3.3115947e-01  -3.2948952e-01   6.0075420e-02   1.8522436e-01  -1.4007429e-01   1.4826518e-01   2.2969439e-01   4.0697356e-02   2.8858559e-02  -1.4864376e-01   4.7293144e-01  -2.3217798e-01   5.0929464e-02   2.7648360e-01  -1.0159150e-01  -2.7928681e-01   7.7415118e-02  -2.0810304e-01  -1.0771185e-01  -1.3949305e-01  -1.7475846e-02   1.3370108e-01  -1.9764783e-01  -1.0465155e-01   7.5461627e-02   1.0035281e-01  -2.6004623e-02  -2.4928308e-01   1.7952774e-01  -1.5452977e-01  -7.4330685e-02  -9.5696669e-02   1.8357103e-01   2.9747616e-01  -1.4608414e-01   1.7141820e-02   2.1279434e-01   5.0127695e-02   1.8485266e-01   4.0693082e-02  -1.1441657e-01   1.3156721e-01   1.5963927e-01  -1.3957598e-01  -7.8329944e-02   1.0953654e-01   1.0580175e-01  -2.8019662e-02  -3.3738839e-02  -2.2844815e-01  -6.6608647e-02   3.5436649e-01  -1.0149534e-01   2.1367185e-01   1.9964672e-01
  -3.0038143e-01   2.2056015e-01  -1.4646161e-01  -2.1711838e-01  -2.7557378e-01  -2.7333097e-01   0.0000000e+00  -3.4053938e-01  -1.6248578e-01   4.3756845e-01   2.1110958e-01   1.8926219e-01  -1.3069016e-01  -1.9464940e-01   4.6964564e-01  -6.6495517e-03  -1.9371697e-01  -6.7275206e-02  -1.4053992e-01  -1.5369026e-01  -1.8255574e-01  -3.9554010e-01   2.1088550e-01  -2.4058095e-01   3.8824813e-02  -1.7457332e-01  -1.1337899e-01   1.2644469e-01  -2.5548472e-01   8.3573863e-02   7.6978556e-03  -3.6681499e-01  -2.0675773e-01   6.1671869e-01   1.1223277e-01  -5.0993051e-02  -2.1419987e-01   3.8862937e-01  -1.6593882e-01  -1.8209510e-01   4.5712374e-02  -1.1042567e-01   9.0603801e-02  -2.0518310e-02   3.1025510e-02  -1.8800741e-03  -5.3751601e-02   5.3954878e-01  -3.6081224e-01  -2.5892795e-01   1.3289141e-01  -1.7814645e-01   4.1847705e-01   9.0737545e-02  -3.0808384e-01   3.2254197e-02  -3.0808093e-01  -3.0799265e-01   1.4561699e-02   1.4173002e-01  -3.2427997e-01  -3.3792953e-02  -1.2526039e-01   4.1504318e-02   2.0118930e-02   1.1840796e-01  -2.5076437e-01  -1.3867770e-01  -2.1596527e-01  -8.1037370e-02   2.2526356e-01   1.7489075e-01  -9.7021022e-02  -2.3035802e-01   2.1805321e-02  -3.9858750e-01   6.3573492e-02   2.3377442e-02  -2.0136088e-01   5.0766090e-02   4.0255410e-01  -3.1908806e-02   8.0259048e-02  -3.4172494e-01  -3.7828048e-02  -1.3624206e-01  -4.9522178e-02  -8.7054790e-02  -8.7098354e-02  -2.6325840e-01  -1.0699351e-01  -2.5840766e-01   1.7442940e-02  -2.4216912e-01   2.5210558e-01  -2.5803442e-01  -1.2327277e-01  -1.0564231e-01  -6.7878803e-05   4.0129497e-01  -2.1060380e-01   1.1900862e-01  -2.6724979e-01  -6.2573785e-02  -2.7505116e-01  -3.6510492e-01  -1.4935824e-01  -7.1104379e-02   5.1205624e-03   1.1574458e-01   3.3430630e-01  -1.1872317e-01  -1.2951057e-01  -2.6841931e-01  -8.9606044e-02  -1.9422621e-01  -7.6042961e-02  -9.1891355e-02   2.0315800e-01  -1.4263694e-01  -1.2930696e-01  -8.9637956e-02  -2.4931461e-01   3.2377349e-01  -7.9133371e-02  -1.8345649e-01   3.1987270e-01  -3.0036193e-01  -3.5515954e-01  -1.2647022e-01  -2.1079513e-01   4.7875964e-01  -1.1967018e-01   2.2794514e-01  -2.1068452e-01  -2.0281708e-01  -1.3678173e-01   2.6533874e-01  -1.3782092e-01  -1.3981921e-01  -2.4359068e-01  -3.5772868e-01  -2.8272103e-02   1.0656142e-01   1.1883040e-01  -1.3724322e-01   3.3920466e-01   4.5103042e-02   4.0568489e-01   4.2530203e-01  -5.1907026e-02   2.2899779e-01  -6.7615427e-02   2.1736143e-01  -1.4736894e-01  -6.7370383e-02  -1.4951575e-02   1.8159855e-01  -3.7945184e-01  -4.2347991e-02  -2.3208537e-01   6.8864642e-02   2.2567061e-01  -1.1491833e-01  -2.7735565e-01   2.8944372e-01   1.8943727e-01  -5.8918990e-02  -1.9374110e-01   8.9343113e-02  -3.2197679e-02   2.0311663e-01  -1.4028426e-01  -5.0406321e-02   1.5996905e-01  -1.8476634e-01  -2.1315791e-01
   3.3347252e-01  -1.0273696e-01   3.2827981e-01   3.8534907e-02   3.1377024e-01   2.4609456e-01  -3.4053938e-01   0.0000000e+00   6.1312624e-03  -2.8236592e-01  -3.3800641e-03  -3.0547300e-02   8.4733516e-02  -5.2661720e-03  -1.8682830e-01   3.5422411e-03   3.3668366e-01   1.7651606e-01   2.2591279e-01   2.5958001e-01  -1.0614820e-01   2.1456823e-01  -1.1550453e-01   2.0048292e-02   9.8764628e-02   4.0623610e-01   2.7965380e-01   8.7288661e-02   4.7726277e-02  -1.1185451e-01   1.1464619e-02   3.2552387e-01   2.9963003e-01  -3.4430156e-01  -1.3489831e-01   7.1339866e-02   5.4519494e-02  -2.8929380e-01   1.2327091e-01   1.4445367e-01   1.1000199e-01   2.0054278e-01   6.3094183e-02   1.5725966e-01   6.1693936e-02  -2.3641343e-03   1.7335066e-01  -2.1466450e-01   2.8042943e-01   2.9166698e-01   7.3962435e-02   3.8332557e-01  -2.4658055e-01   4.9643317e-02   2.8068394e-01  -2.8473232e-02   4.5234375e-01   1.9993611e-01  -6.4839337e-02  -1.2457403e-01   3.3883371e-01   7.7515574e-02   2.0656341e-02  -1.2727479e-01   3.8771055e-02  -7.6464822e-02   8.3540201e-02   1.1789884e-01   8.1246249e-02   2.8670577e-01  -1.5060431e-01   4.4306022e-02  -3.0756777e-02  -1.0425099e-01  -1.3837515e-02   4.4818036e-01   1.4470002e-01   1.5816917e-01   1.4800407e-01  -2.2349690e-01  -7.4789821e-02  -1.5834795e-01  -1.6740879e-01   3.4935071e-01  -1.1350262e-01   4.2052152e-01  -1.7961329e-01   1.0476267e-01   7.6430363e-02   3.2369203e-01   5.5970878e-02   3.7131530e-01  -1.2795894e-01   7.3771274e-02  -1.2443861e-01  -4.6215926e-02   2.0200718e-01   4.7599242e-01  -3.9413646e-02  -3.5188244e-01   1.4174648e-01   9.5287497e-02  -8.3994893e-03   2.2346681e-01   8.3650744e-02   3.3613431e-01   1.8432973e-01   2.5125951e-01   9.4082800e-02  -5.5530703e-02  -1.0713092e-01  -3.4293941e-02   2.0039788e-01   2.6724012e-01   7.4374178e-02   5.4247509e-02   1.4380982e-01   5.4855466e-02   7.3691894e-02   1.5188103e-01   8.1894484e-02   6.2881774e-02   3.4840037e-01  -2.8977322e-01   2.8538882e-01   9.5504098e-03  -2.5098502e-01   1.7169072e-01   3.6078570e-01   2.5900784e-01   1.5619969e-01  -2.5301625e-01  -3.6147032e-03  -2.1414951e-01   3.1249980e-01   5.2143531e-01   4.3763094e-02  -9.9182964e-02   2.4890501e-01  -2.9255824e-03   8.9131155e-02   1.0289891e-01   3.2678227e-01   4.0605749e-02  -4.8572063e-02   5.6941104e-02  -1.1518685e-01  -6.9453504e-04  -1.4995884e-01  -1.4821111e-01   1.1870506e-01  -2.1661120e-02   9.1964763e-02  -1.9159724e-01   1.6208041e-01   1.0052045e-01  -1.2330350e-02  -4.8901121e-02   3.0803450e-01  -1.1366112e-01   1.4157472e-01   1.0950616e-01  -1.8319192e-01   1.7806350e-02   3.0467491e-01  -1.4212430e-01  -1.4832202e-01   1.0155295e-01   1.9948307e-01  -5.6389852e-02   3.9953040e-02  -9.6762955e-02   1.3550826e-01   1.1343793e-01  -2.1805058e-01  -9.0942674e-02   1.0974040e-01
   2.0153444e-01  -1.5245563e-02   1.2135979e-02   1.4047705e-01   3.9049147e-02   1.1798960e-02  -1.6248578e-01   6.1312624e-03   0.0000000e+00  -1.3618109e-01  -5.4854873e-02  -2.3957599e-02  -1.8452884e-01  -3.3388860e-01  -1.9112396e-01  -1.7491254e-01   1.0039764e-01   2.7544215e-02   1.2368627e-01   1.3032947e-01   1.0460641e-01   4.8664822e-01  -1.1194201e-01   1.9336048e-01   1.3518890e-01   2.0399668e-01  -5.0227003e-02  -1.6429809e-01  -2.6835620e-02   4.2684888e-01   7.2246364e-03   1.1824242e-01   3.4856796e-02   6.2334518e-02  -1.7413522e-01   9.8783753e-02  -4.7067999e-02  -2.4618776e-01   2.6210475e-01   6.9172535e-02  -3.7821528e-02  -8.3012951e-03   1.0237525e-01   2.2355543e-01   6.4746847e-02   1.6986719e-01  -5.2465593e-02   9.9519823e-02   5.0408542e-02   2.6542928e-02  -1.4229116e-01   2.3182869e-01   1.0657085e-01  -1.4838142e-01   1.6942566e-01  -3.5665171e-01   1.5151743e-01   2.4990201e-01  -6.3909407e-02  -7.9474226e-02   2.6937490e-01  -3.5892769e-02   4.4663312e-01   3.6170357e-01   3.9676998e-01   1.7162999e-02   2.6317768e-01   3.6832809e-01   1.3253128e-01   5.7101766e-02   6.6832910e-02  -1.2263205e-01   5.0060276e-04  -5.4967843e-02   4.0441831e-02   1.8320262e-01  -1.0100507e-01   1.3324393e-02   2.0664254e-01   1.6702475e-02  -2.8988192e-01   1.2978820e-01  -1.1584724e-01   1.9218338e-01   1.0058121e-01   1.1918510e-01  -1.9277579e-01  -8.8252067e-02   1.4542029e-01   3.2389909e-02   1.1803111e-01   4.3855901e-02  -1.5212264e-01   3.4429237e-01  -2.4997324e-01  -4.9553472e-02   3.0145026e-02   2.1774467e-01   2.6418035e-02  -1.4783315e-01  -3.1755864e-01  -4.0021994e-02   4.1258729e-02   3.6626153e-01  -3.0893721e-02   9.9899193e-02   5.7607236e-02   1.4932077e-01  -1.4331932e-01  -1.3566313e-02  -2.7982891e-01   1.8290441e-01   9.7276681e-02   2.9099110e-02   6.7977101e-02   2.9184138e-01  -1.1087161e-01   1.3711817e-03  -8.6396073e-02   2.2403325e-01   2.3778121e-01   2.0827883e-01   1.9168984e-01   1.1659789e-01   2.4369470e-01  -1.3174558e-01   4.2577602e-02   2.1310637e-01   2.7678471e-01   5.7266158e-02   1.7776133e-01   1.1533560e-01   1.0513493e-01   1.3772727e-01   1.1718899e-01   2.0616287e-01  -2.0393398e-01  -1.2805692e-01   7.7682886e-02   1.5797078e-01   2.5656094e-01  -1.7724133e-01  -1.4145561e-02  -1.3652590e-01  -8.3859632e-02   2.2460332e-01   3.0654773e-02   2.6743124e-02  -3.2068454e-01  -3.5916998e-02  -4.2348972e-02  -1.7920004e-01   3.0402600e-01   2.3413847e-01   7.2007863e-02   5.3049525e-02   2.3997074e-01  -9.6724850e-04   1.3474042e-01  -1.0600898e-01  -1.1243262e-02   1.7901555e-01   6.5320470e-02   1.0191229e-01   2.2006591e-01  -1.5074962e-01  -1.7403328e-01   5.7806793e-02   1.4910841e-01  -2.7107880e-02  -4.8713964e-02  -1.1972051e-01   2.1431856e-01  -8.6488300e-02  -1.4030374e-01  -7.8982638e-02   2.6914293e-01
  -1.1841754e-01   4.0834682e-01  -2.1609433e-01  -1.4969272e-01   1.1012726e-01  -2.5294496e-01   4.3756845e-01  -2.8236592e-01  -1.3618109e-01   0.0000000e+00   4.9501031e-03   3.6214783e-01   9.3240002e-02  -1.2753805e-01   1.1809460e-01  -3.5368493e-01  -4.1487989e-01  -7.2224786e-02  -1.5060219e-01   1.1462634e-01  -2.2837427e-01  -3.6149555e-01  -2.3587677e-01  -1.5187128e-01   1.3507993e-02  -2.3729880e-01   8.7475949e-02  -1.6819275e-02   2.3969066e-02  -2.3894234e-02  -2.5911106e-01  -1.7597763e-01  -3.0193485e-01   3.5361307e-01   3.7287505e-01   6.4371215e-02  -1.7677340e-01   1.9692908e-01  -4.4524801e-01   4.6327898e-02   6.3416952e-02  -2.0166613e-01   2.3027713e-01  -1.4242750e-01   2.9197750e-01  -1.5284417e-01   8.8407278e-02   4.7164594e-01  -4.4867029e-01  -8.6653463e-03   7.4667693e-02  -8.9309345e-02   1.2194100e-01  -7.5936771e-02  -2.7373101e-01   5.3027831e-03  -2.0988493e-01  -1.7521754e-01  -1.2186359e-02   7.3421279e-02  -2.6900693e-01  -2.8325683e-01  -3.8526551e-02  -2.6617714e-01  -1.1916978e-02   2.9915633e-01  -9.2053979e-03  -1.4813258e-01  -2.4766300e-01  -8.5000932e-02   2.9094228e-01   1.5812413e-01  -9.2440667e-02  -2.4674057e-01   1.7690560e-01  -4.3785802e-01  -1.6912262e-02   3.7988032e-02   1.0253222e-01   1.5984088e-01  -1.2318587e-01   7.1484889e-02   1.9750860e-01  -3.0047039e-01  -2.0351402e-01  -8.1450660e-02   6.0112106e-02   2.7003678e-02   4.9803149e-02  -1.9770751e-01   2.2641190e-01  -3.7457112e-01   3.1513423e-01  -1.2534025e-01  -1.5882261e-02   1.0757997e-01  -2.2052487e-02  -2.1984712e-01   2.9818273e-01   3.0408073e-01  -2.4476807e-01   1.0564205e-01  -3.3751835e-01  -1.1996366e-01  -2.6769495e-01  -2.6871905e-01  -1.6317571e-01  -7.7995477e-02  -1.8270440e-01  -3.2783250e-02   1.8773389e-01  -1.4785047e-01   9.6501177e-03  -1.1148505e-01  -3.5425907e-01   6.2978630e-02  -1.9785537e-01   1.8113867e-01   1.2228646e-02  -2.4268992e-01  -4.9860805e-02   1.5428034e-01  -5.1325925e-02   1.0489081e-01   7.6875768e-02  -3.2906810e-01   1.7904554e-01  -1.4428822e-01  -3.3697840e-01  -1.8382380e-01  -1.1298488e-01   1.4868483e-01   4.6388027e-02  -2.0727334e-01  -7.3070457e-02  -3.3834482e-01  -1.5606846e-02  -2.3959814e-01  -2.1559501e-01  -6.0776057e-02  -1.0214268e-01  -2.5545441e-02  -5.1749100e-02   3.7858681e-02  -6.0886280e-02  -3.8345409e-01   3.3297204e-01   7.8956864e-02   2.9150095e-01   1.4712605e-01  -4.1721472e-01  -3.0634429e-02  -5.9863026e-02   2.5101895e-01   1.1666077e-01  -1.3321826e-01   8.9378516e-02   2.6474460e-02  -2.4229841e-01  -3.0136278e-01  -5.5306985e-03   4.7983951e-02   1.5139185e-01  -4.3359741e-03  -6.9492281e-02   3.2566631e-01   9.2204859e-02   1.3963505e-02  -2.4938074e-02   3.8773699e-01   4.0512588e-01  -2.5490542e-02  -1.5180978e-01   2.0683414e-02   1.1678998e-01  -9.9244469e-02  -5.6256648e-02
  -9.2289231e-02  -3.9120919e-02  -3.1582726e-01  -1.2054898e-01  -9.5373779e-02  -1.9530322e-03   2.1110958e-01  -3.3800641e-03  -5.4854873e-02   4.9501031e-03   0.0000000e+00  -1.7061051e-01   1.6721876e-02  -2.2378807e-02   4.4195425e-01  -1.6612564e-01  -2.7007949e-01   4.6105124e-01  -3.5772508e-01  -7.7191626e-02   2.8155262e-01  -2.5522942e-02   3.0499095e-01  -3.5533753e-01   3.9658355e-03  -8.4531580e-02  -1.4944664e-01   3.2457331e-01  -9.9025853e-02  -2.5652603e-02   3.4674639e-01   1.0087221e-01   1.6302688e-02  -6.1695781e-02  -9.9427050e-02  -2.5976573e-01   9.8652604e-02   9.3884052e-03   8.2484976e-03  -3.4973484e-01   2.1687654e-01   4.5198090e-02  -3.6953921e-01   2.5596069e-01  -8.1692281e-02  -1.8925240e-01   2.4761563e-01   1.9334172e-01   1.7693324e-01  -3.8614023e-01   2.6979201e-01  -9.7496006e-02   2.4646328e-01  -1.4401612e-01   5.6002994e-02   3.4364321e-01  -1.0699296e-01  -2.1478001e-01  -7.2791787e-02  -6.7918838e-02  -1.6492348e-01   1.5278591e-01  -9.3695949e-02   2.7762101e-01   8.3255598e-02   1.6873708e-01  -1.7216424e-01  -5.4827267e-02   2.4398015e-01  -2.2009108e-01  -1.9609237e-01   2.7995355e-01   1.5262641e-01   2.5867842e-01  -1.4324655e-01  -1.9591371e-02  -2.0154087e-01  -1.4435929e-01  -2.2085639e-01  -1.3742366e-01   2.4791636e-01  -4.3420188e-02  -1.1869162e-01  -4.9094483e-02   3.3493167e-02  -4.8526893e-02  -1.6683074e-01  -3.8903656e-02   1.0887783e-01  -5.2151089e-02  -1.0219081e-01  -2.4201402e-01  -3.3805935e-01  -9.2310262e-02   4.9182068e-02  -1.7883005e-01   1.6742658e-01  -9.1103669e-02  -1.1742600e-01   1.8281502e-01   1.0839580e-01   1.4384990e-01   3.3967201e-01  -3.5903390e-02   3.0410023e-01  -1.0128036e-01   2.1016991e-03   8.4496830e-02   2.0028965e-01   3.1474908e-01  -4.2141500e-02   4.3443150e-02   6.9118065e-02  -6.0391989e-03   1.2866532e-01  -2.0004805e-01  -2.7313517e-02   2.3902445e-02   8.5317693e-02   1.0131391e-01  -1.8360665e-01  -1.6906949e-01  -2.0935020e-01   1.3375073e-01  -3.2605952e-01  -5.0951512e-02   1.5237432e-01  -2.5792338e-01  -1.6968520e-01  -2.5879255e-01   4.9208400e-02   2.4951203e-01  -1.1508870e-01   3.7822017e-01  -1.8346112e-01  -1.2045609e-01  -3.0619482e-01   3.3835009e-01  -2.5632818e-01  -2.6198902e-01  -1.6181529e-01   8.2026287e-02   1.7528019e-01   1.3813997e-01   2.6072513e-01   3.1949339e-01  -3.0084624e-01   3.1205736e-01   2.4556742e-01   3.3872963e-01   2.8936481e-01   3.4828381e-01  -1.5082154e-01   2.3872876e-01  -2.2679663e-01  -1.6756412e-01  -1.9805470e-01   9.0798893e-02  -2.6046349e-01   2.0123294e-01   8.6215773e-02   1.6054846e-01   5.7060523e-02   5.3095286e-02  -2.1310963e-01   5.6335732e-03   7.7406588e-02   1.4538185e-01  -1.2278712e-01  -1.3285297e-01  -4.7163817e-02  -2.8071442e-01   2.1537635e-01  -6.3615721e-02   1.3954815e-01  -6.8899164e-02  -3.2741457e-01
  -1.2083216e-01   6.0636856e-01   3.5847126e-01  -1.7183740e-01   2.4452950e-01   2.2031474e-01   1.8926219e-01  -3.0547300e-02  -2.3957599e-02   3.6214783e-01  -1.7061051e-01   0.0000000e+00  -5.1040250e-02  -1.1160527e-01  -4.0358836e-01  -2.5975499e-01  -3.0328898e-02  -2.3067173e-01   8.0214784e-02   9.6893660e-02  -3.4248276e-01  -3.4370111e-01  -5.3672758e-01  -1.2607654e-03  -1.7857475e-01  -4.6114301e-02   1.7152716e-01  -2.1004084e-01   2.2943712e-01  -4.3485900e-03  -4.6764745e-01  -1.5780531e-01  -3.7802304e-02   4.8694443e-01   2.6526216e-01   4.1648623e-01  -3.2083781e-01  -1.2062457e-01  -3.1717715e-01   3.3228991e-01   4.1138673e-02  -1.5562291e-01   3.0228510e-01   7.0661119e-02   4.9126674e-01  -3.8679824e-01   2.2555607e-01   2.7582062e-01  -9.0460169e-02   4.8476304e-01  -9.5050312e-02   2.3526894e-02  -1.8339780e-01   6.6800875e-04  -2.1731854e-01  -1.7060693e-01   2.6005547e-02  -1.7452481e-01  -7.1301010e-02   1.4258524e-01  -1.3560994e-01  -3.4724219e-02   2.3499882e-01  -2.1990308e-01   2.1434458e-01   1.7600724e-01   2.7178718e-01   1.8848837e-01  -1.8761515e-01   1.6271870e-01   4.4107369e-01  -2.1785881e-01   8.9846575e-02  -4.6640239e-02   2.5390847e-01  -1.1922672e-01  -1.8210019e-01   3.9113934e-01   5.0092527e-01  -6.4363135e-02  -5.5767798e-01  -2.1550923e-01   3.0818514e-01  -1.3070736e-01   8.2992574e-02   9.0052682e-03   1.1313519e-01   1.2278810e-01   3.3900714e-01   5.0565714e-04   4.4241613e-01  -7.7961293e-02   6.0391011e-01   3.1106713e-02  -2.6389464e-01   3.6329657e-01   7.4840739e-02   9.3640450e-02   1.1018974e-01  -4.2802867e-02  -3.9498804e-01   2.8104598e-01  -4.9661458e-01   1.0059450e-01  -5.0058510e-01  -2.7420468e-01   2.3090792e-01  -2.9381169e-03  -1.0163957e-01   2.0912813e-01   3.1871666e-01  -7.6569946e-02   1.0959618e-01  -1.5230656e-01  -5.6447879e-01   2.0275862e-01  -1.7482820e-01   2.0111979e-01   3.6786966e-02  -3.1269249e-01  -1.0386209e-01   5.6325225e-01   2.8121660e-01  -5.2313051e-02   1.3988781e-01  -1.0306919e-01   5.7851817e-02  -1.5565806e-01  -2.2963138e-01   3.5826751e-02   6.9576863e-02  -1.2627206e-01   1.7866299e-01  -3.8316435e-01  -1.2288647e-01  -1.0810465e-01  -2.5490920e-02  -6.5322029e-01   8.0432427e-02  -6.9785258e-02  -3.3098122e-01  -1.8652263e-01   1.5442563e-01   1.1244818e-01  -3.4030246e-01  -5.5073746e-01   5.5620385e-01   1.8004200e-01   9.5734292e-02  -1.2754914e-01  -3.2179607e-01  -4.0431269e-01   3.2825698e-02   1.7740026e-01   6.0914517e-01   3.9993766e-02   2.3572151e-02   9.5659848e-02  -7.0461763e-03  -5.1940982e-01  -7.8198355e-03   2.2877829e-01  -1.1319120e-01  -3.3702437e-02  -3.5854060e-02   3.5220774e-01   4.2089712e-01  -1.3246467e-01  -7.3516602e-02   5.2420382e-01   5.6820373e-01  -1.2404982e-01  -1.0611682e-01   1.7377029e-01   1.5492393e-01  -3.9462985e-02  -1.0161473e-01
  -1.6742727e-01  -1.0324336e-01  -2.1355544e-01  -1.5706792e-01   1.1717192e-01  -1.0154203e-01  -1.3069016e-01   8.4733516e-02  -1.8452884e-01   9.3240002e-02   1.6721876e-02  -5.1040250e-02   0.0000000e+00  -9.0970494e-02   1.0461709e-02   7.2451505e-02   6.3919515e-05   1.3163179e-01  -2.0307235e-01   8.5646819e-02   3.6421130e-02  -2.5000681e-01  -1.8751054e-02  -2.9471187e-01  -2.2797648e-01  -3.0038324e-02  -7.7169909e-02  -8.1257899e-02   1.3671306e-01  -3.6274385e-01  -5.2341965e-02   2.6621637e-02  -2.9795452e-01  -1.6966396e-01   4.5616617e-01  -9.1056037e-02   2.7073392e-02   6.1643757e-02  -1.2801712e-01  -5.1334476e-03   2.9107727e-01   2.2158371e-01   2.7382217e-02   7.1553012e-02   1.2438457e-01  -5.6665888e-02  -9.3879847e-02  -7.2411655e-02  -2.6357223e-02   1.3852845e-01   5.2857175e-02  -1.1832910e-01  -2.1373853e-01   6.0083926e-02   7.1833811e-02   1.0637348e-01  -2.0951277e-01  -2.5521277e-01  -6.1249890e-03  -1.2093471e-01  -1.4331929e-01   1.1827786e-01  -1.1643983e-01  -1.0545467e-01  -1.3878535e-01   3.5655948e-01  -1.5256350e-01  -2.7299388e-01  -2.3758395e-01  -1.3178790e-01   1.3210739e-02   3.0067736e-01   2.8586181e-01  -1.0633605e-01  -7.5506284e-02   7.4354561e-02  -4.1696066e-03  -1.6518905e-01  -1.2799803e-01  -1.3469697e-02  -1.1367612e-02   2.9242622e-01  -2.0108119e-01  -1.2097514e-01  -2.7501860e-01   5.4148766e-02   1.1769697e-01  -1.0236016e-01  -2.2837959e-01  -2.1973053e-01   6.2458543e-02  -1.0038521e-01   2.0007046e-01  -1.2146265e-02   1.6007513e-01   1.0659826e-01   2.4051033e-01  -3.6339314e-01  -1.7318131e-01   1.0294997e-01  -8.6082984e-02   2.0827331e-01  -3.6551401e-02  -2.1221913e-01   6.3459597e-02   1.2217884e-01  -5.0839810e-04  -2.7435332e-01  -1.0838963e-01  -3.0796045e-01   4.0919342e-02  -1.9341311e-01  -3.8462835e-02  -2.3887476e-02  -7.0763645e-02   1.0243401e-01  -1.3485706e-01   3.2702402e-01  -3.0003103e-01  -8.7200331e-02  -8.7456803e-02   6.8461273e-02  -1.7603096e-01  -3.0037633e-02  -1.1667056e-01  -1.4380274e-01   9.1246769e-02   1.4929754e-02  -1.0667609e-01  -1.0820178e-01   3.2798671e-01  -1.6013888e-01  -2.0832322e-01  -1.6718034e-01  -1.5454834e-02   6.3880135e-02   1.7587076e-01  -5.8073366e-02  -3.1386835e-02   1.6610046e-01  -9.9201293e-02   5.4395406e-01  -4.7397546e-02  -1.4710340e-01  -4.6751624e-02  -2.2819940e-02  -2.2067317e-02  -1.2330461e-01   1.7211391e-01  -7.9105647e-02  -2.0319214e-01   1.0495926e-01   2.9612145e-02  -1.0351951e-01   1.0114767e-01  -2.8774143e-01  -1.7636085e-01   1.4587325e-01   5.0216445e-02  -1.1837266e-01   1.2062446e-01   3.7268975e-02   1.5351504e-01   7.1323403e-02   5.8323573e-02   1.0151537e-01  -9.6650956e-02   7.7066952e-02   3.6371541e-03   2.0163084e-02   2.2253666e-01  -6.2442218e-02  -1.5492691e-01  -5.9440894e-02  -1.9576980e-01  -5.6897448e-02  -3.1350190e-01
   1.3224436e-01  -1.8406536e-01  -1.1868074e-01   3.6547183e-01  -2.1733618e-01   1.7935359e-01  -1.9464940e-01  -5.2661720e-03  -3.3388860e-01  -1.2753805e-01  -2.2378807e-02  -1.1160527e-01  -9.0970494e-02   0.0000000e+00   1.5421521e-01   9.0799969e-02  -2.7714537e-01  -1.1755147e-01   2.0500028e-01  -1.6953614e-01   1.0336656e-01   5.6620840e-02   1.8908222e-03   9.9864054e-02   8.0979173e-02  -6.9568994e-02   1.3060968e-02   8.8162009e-02   2.1816800e-02  -2.2464359e-01   2.8883494e-01   6.0667633e-02   1.4487138e-03  -2.4287368e-01   3.5180905e-02  -1.3954592e-01   1.9638873e-01   4.0514208e-02   3.0824229e-02  -6.1489745e-02  -4.1857030e-02  -1.7861462e-01  -4.3776423e-02   2.0318436e-02  -1.4261037e-01  -1.5271485e-01   1.7844904e-01  -3.0081265e-01   1.8562562e-01  -1.7974738e-01   9.9484129e-02   7.2499521e-02  -9.8495045e-02   1.4217569e-01   3.2086264e-01   2.6138600e-01  -5.1121999e-02   1.3825819e-01   4.0746195e-02   8.6051613e-02  -1.1024959e-01   2.1785677e-01  -2.7795058e-01  -1.2830304e-01  -3.5873715e-01  -2.1168573e-01  -2.5445344e-02  -1.6971789e-01   1.9545843e-01  -1.2285213e-01  -2.8696485e-01   1.4563497e-01  -1.8278147e-01   2.2119749e-01  -8.9539797e-03  -4.1710824e-03   6.2150774e-02   6.2142285e-02  -2.6738609e-01   5.8152119e-02   1.9316685e-01  -3.5016292e-02   3.2559931e-02   9.7002828e-02   1.9209030e-02  -1.1154613e-02   2.1479551e-01   4.8302162e-01   9.3550755e-02   6.9789001e-02  -1.8111785e-01  -9.4120772e-02  -5.2131672e-02  -1.5732516e-01  -1.2450199e-01   2.5201036e-01   1.5254994e-01   7.5475552e-02   6.0599000e-02   1.5938553e-02   3.5266747e-01   5.5792402e-04   3.6361322e-01  -5.9188404e-02   3.1740571e-01   1.5709036e-01  -9.2598311e-02   3.2796937e-01   1.7641204e-01  -7.5062150e-03  -9.3132433e-02   3.5608761e-01   1.5351539e-01   1.0460322e-01   5.8575084e-02  -2.5507693e-01   4.1708940e-01  -1.5246377e-01   1.3758085e-01   1.9092897e-01  -1.1930324e-01  -2.6080799e-01   3.3674227e-02  -1.9040462e-01  -1.0683991e-01   4.8545312e-01  -1.3364581e-01   2.7270956e-02  -2.2797807e-02  -2.8833397e-01   2.8132457e-02  -2.0904588e-01   1.2771076e-01  -1.8231689e-01   2.3893386e-02  -1.0629203e-01   2.3622575e-02   1.8103347e-01   5.7289164e-02  -2.2743421e-01   2.1860032e-02   9.6694501e-02   5.1880128e-02  -7.7344494e-02   5.4245418e-02  -1.5973796e-02  -3.0829313e-01  -2.3189416e-02  -5.9413432e-02   6.6556513e-02   6.5912264e-02   2.2526936e-01  -1.6645645e-01  -1.2484604e-01  -1.9583979e-01  -4.0673225e-02  -4.7372737e-02  -1.0511501e-02  -1.3281980e-02   4.9861641e-01   1.5088874e-01  -2.1031591e-01  -2.3395389e-01  -9.9754206e-02   2.0287751e-02  -2.2801923e-02   6.9164433e-02   1.2131750e-01   1.2932842e-01  -7.0127974e-02  -1.0656797e-01  -8.6556952e-02  -1.9142861e-01   8.4009736e-02   1.7947732e-01   1.2173121e-01   1.4278709e-01
