   0.0000000e+00  -2.2194827e-01  -8.1854443e-02   1.2503519e-01  -1.5373488e-01  -8.5242616e-03  -2.8455588e-01   2.7265921e-01   1.6856360e-01  -2.3953827e-01  -1.7738793e-01  -2.4560627e-01  -1.4245464e-01   4.8714736e-01  -9.6945553e-02  -1.0363339e-01  -7.7801391e-02   7.4758957e-02   3.2700248e-02  -2.6423551e-01   2.8553343e-02   8.4648669e-02  -1.1537308e-02   8.0883401e-01   9.1662095e-03   2.4329525e-01  -2.0559768e-02   3.4757306e-01   3.6455963e-01   5.0820066e-02  -1.5066521e-01   1.6293454e-01  -1.0747244e-01  -4.5958965e-01  -9.4475298e-02  -2.2272277e-01  -1.7444229e-01   3.8289436e-01  -9.9272546e-02  -2.2704193e-01  -3.8220028e-02  -1.8787682e-02   1.2016227e-01   1.0881959e-01  -9.6184325e-02   4.3945062e-01  -2.7426611e-01  -3.2324184e-01  -9.1726917e-02  -5.7979986e-02   1.7521402e-01   4.4520356e-01  -3.8815399e-01  -9.6772130e-02   3.5267427e-01   1.1832027e-01   9.4590622e-02   3.0577050e-01  -1.5761606e-01   2.2677733e-01   3.6525037e-01  -3.1260815e-02  -4.5363384e-03  -2.3080172e-01  -2.3508243e-01   8.4661620e-02   1.9619656e-01   1.7588332e-01  -1.8478678e-01   3.4993712e-01  -4.9794018e-01   7.2315783e-02  -4.8479830e-01   6.7239196e-01  -7.7875721e-02   3.8150321e-01   4.8766419e-01  -7.1331201e-02  -3.3518304e-01  -2.4902204e-01   2.0694202e-01  -2.3404515e-01  -4.9518804e-01   3.0754340e-01   5.3060673e-01   1.7073617e-01   2.2575356e-02   6.4849403e-01   1.1203530e-01   7.7767674e-01  -2.4295358e-01   5.8870202e-01  -3.9678116e-01   2.6156516e-01   3.8640059e-01  -1.8530225e-01   3.3468334e-02   2.4752484e-02   4.4018748e-02  -4.5902341e-02   6.8223331e-02  -2.6796657e-01   3.1724467e-01   1.9540412e-01   4.4814441e-02   2.3379154e-01  -1.3051158e-01   9.1853106e-02   1.5645857e-01  -2.5469006e-01  -3.9369947e-01   2.4864493e-01   1.7135432e-01   8.3776972e-01   1.5637760e-01  -3.2041157e-01  -2.8512200e-02  -2.6141471e-01   8.7829777e-02  -1.1559557e-01   8.0433246e-01  -2.7368743e-01  -5.1274243e-02  -2.1564115e-02   5.8362890e-01   7.4496917e-01  -1.8794970e-01  -2.0113917e-01   2.9067540e-01   5.5160400e-02  -1.8745685e-01  -3.3317437e-01   8.1436208e-01  -1.9883041e-01   2.9343784e-01   3.4145383e-01  -8.2964830e-02  -1.3380274e-01   3.8155609e-01   5.5478411e-01   8.3488180e-01   4.0054142e-02  -1.8898721e-02  -2.7988335e-01  -5.8805017e-02   4.7681106e-02  -4.3649221e-01  -8.1748876e-02   5.8062815e-02  -8.4101412e-02   6.6878107e-01   2.7555962e-01   7.9171771e-01  -2.0300228e-01  -3.9505209e-01   6.5725633e-01   7.2290540e-01  -2.7310968e-01   4.5869174e-01   4.3476967e-01  -1.1265367e-01   9.3491792e-02   1.4423130e-01   2.6919335e-02   1.3151304e-01  -3.6651797e-01  -2.5107260e-01   3.2892120e-01   7.0401919e-01  -3.6423376e-01  -3.0580300e-01   3.9340189e-01   5.4490174e-02  -4.1817343e-04   5.4791912e-02  -1.3579612e-01   1.0722181e-01
  -2.2194827e-01   0.0000000e+00   3.3388599e-01  -2.0133889e-01   5.5291891e-01   2.2259532e-01   1.6903447e-01  -1.0182832e-01   2.8164340e-01   2.1989977e-01  -3.5014587e-02   7.3864339e-01   1.4282258e-02  -3.7428001e-01  -1.8904197e-01   1.7477270e-01   4.6607011e-01   1.5763691e-04   1.4230563e-01   5.1492235e-01  -1.9840574e-01  -3.9418512e-02  -3.3975691e-01  -3.7370827e-01  -1.4232978e-01  -6.3191079e-02   1.3745979e-01  -3.8772945e-01  -7.7063672e-02  -6.0534615e-02  -8.4397315e-02  -1.9936962e-01   2.6414618e-01   3.6926564e-01   9.0574122e-02   4.0386139e-01   1.2478304e-01  -2.4039596e-01   2.4659475e-01   2.0087025e-01  -6.8878895e-02   1.2563935e-01   3.1600928e-01  -8.8753622e-02  -1.1914208e-01  -2.2368429e-01   1.0851940e-01   3.8057951e-01   2.6330945e-01   4.5469299e-01  -2.2304219e-01  -5.2033861e-02   5.4028061e-01   1.3566242e-01  -4.3126415e-01  -4.3454849e-02  -1.8547546e-01  -2.3435448e-01  -1.0434159e-01   3.5036139e-01  -7.5937428e-02  -3.9750496e-02   4.1301807e-01   4.4973348e-01   3.7791768e-01   1.6529082e-01   1.6966026e-01  -2.8456826e-01  -1.3369796e-01  -9.7687818e-02   5.8610843e-01  -2.2476326e-01   2.5633301e-01  -8.1509314e-02  -1.0269797e-01  -9.3155330e-03  -3.9052867e-01   3.8444061e-02   5.7927965e-01   8.9952394e-02  -2.3353625e-01   3.3316087e-01   2.0747330e-01  -1.1520264e-02  -7.4264127e-02   1.6828034e-01  -1.6079320e-01  -3.9698237e-01   2.9063739e-01  -1.3460880e-01   5.9885933e-01  -1.3240259e-01   4.2773851e-01   5.7301950e-02  -1.5806528e-01   4.9764641e-01  -1.5100418e-01  -1.8969751e-01   8.9773416e-02  -2.8150368e-01  -3.6329256e-01   1.3250763e-01  -1.8053497e-01   4.2168294e-01  -1.6984352e-01  -3.2402390e-01   1.4066869e-01  -1.4861796e-01  -1.6087844e-01   3.0930210e-01   1.2160260e-01  -1.3115848e-01  -2.1130748e-02  -2.5708742e-01  -3.9128222e-01   5.2133665e-01   9.5798178e-02   2.4263734e-01  -2.2692004e-01  -1.8754500e-02  -2.0291200e-01   7.1534596e-01   4.3630981e-01   1.2700036e-01  -2.5063095e-01  -1.4100225e-01  -2.0869857e-02   1.4424631e-01  -2.4735121e-01   1.6738064e-01   3.4760097e-01  -8.3536870e-02  -1.2872548e-01   1.3674940e-01   5.1469954e-02  -2.5310850e-01   4.1673816e-02  -2.1902565e-01  -5.0902756e-02  -3.4763469e-01  -1.7586739e-01   1.4363499e-01   6.2059467e-02   2.0652384e-01   1.0208060e-01  -2.7943486e-01   6.8358905e-02   4.2491418e-01   1.4838636e-01  -1.0947609e-03  -2.8319171e-01  -2.0333233e-01  -3.0770586e-01   3.2712749e-01   5.5616594e-01  -3.5000773e-01  -1.5760133e-01  -3.2858687e-02   2.2807500e-02  -1.8375717e-01  -5.4403324e-02  -1.5593575e-02   5.5624630e-02  -3.5419438e-01  -2.9882178e-01   6.3218686e-01   5.7487591e-01  -5.4963547e-02  -1.5121986e-01   4.5596016e-01   6.0560028e-01  -2.3285271e-01  -2.3541867e-01   3.8625550e-01  -1.5141521e-01   2.0573127e-01  -3.5895130e-02
  -8.1854443e-02   3.3388599e-01   0.0000000e+00  -3.1366538e-01   4.0958724e-02  -4.5996785e-03  -2.3859955e-02   5.8711869e-02  -5.6838174e-02  -1.1468631e-01  -2.5487477e-01   4.8507036e-01  -6.8963170e-02  -1.0497234e-01   2.5518075e-02  -3.5924295e-02   8.2964717e-01  -1.4423623e-01   2.2302622e-02   2.8748315e-01  -1.4964241e-01  -1.3776630e-01  -9.8325996e-02  -1.1288644e-01   2.9480724e-02  -8.1009835e-02  -6.8210906e-02  -5.3420090e-02   1.7426619e-01  -4.9005986e-01   1.1739159e-01   8.1767121e-02   3.3252610e-01   2.5983835e-01   1.2435239e-01   3.5505500e-02   1.7619490e-02   1.0156986e-01   6.1593251e-02   2.9236572e-01   4.6744842e-02   2.5901032e-01   1.3041214e-01  -2.0310134e-01  -8.8110130e-02   1.1480618e-01  -1.7445680e-01  -1.0051947e-02   7.6001643e-02   6.2564742e-01  -2.2800369e-01   5.0045289e-02   2.0628957e-01   5.3029491e-01  -1.2218362e-01  -1.3730402e-01  -1.8446111e-01  -6.4847272e-02  -1.4456803e-01   8.4380405e-02   3.1659896e-01  -1.3207458e-02   2.2239682e-01   1.2856580e-01  -1.5525543e-01  -2.6343671e-01  -6.5683137e-02  -1.3186195e-01  -1.6629215e-01   1.9009795e-01   5.7524276e-01  -1.5068177e-01   2.3024552e-01   3.0477461e-01   8.3097475e-02  -3.1668710e-02   1.3956086e-01   7.4245950e-02   6.0681826e-01   2.3808517e-01  -2.6438025e-01   1.8467589e-01   2.4000350e-01  -7.3256480e-02   3.0403119e-01   1.6931925e-01  -5.0221586e-02   8.5176908e-02   8.5158614e-02  -2.1977514e-02   4.3899610e-01   2.8419426e-01   4.1314072e-01  -3.0744663e-02   1.4067861e-01   2.5386835e-01  -9.1746347e-02  -1.9965580e-01  -6.3147674e-03  -2.5517175e-01   9.6720311e-02   2.1767689e-01  -2.4219031e-01   7.8157185e-02  -2.5294535e-01  -2.4953406e-01   4.1277141e-01  -2.0533598e-01   3.1456352e-02  -6.4190088e-02   4.5899210e-01  -2.8137050e-01  -1.5230280e-01  -7.4273656e-02   5.0956870e-02   2.4790429e-01   3.7445945e-02   4.7773795e-02   1.8096507e-01  -1.2379174e-01   6.8508938e-03   4.8118850e-01   5.4433981e-01  -2.9362567e-01   1.5285393e-02  -9.2521420e-02  -2.7942084e-01   3.6699081e-01  -8.1334066e-02   2.0946172e-01   7.2403059e-02  -6.6812443e-02  -2.2076115e-02   1.9496854e-01   4.4184504e-02   4.3787180e-02   3.6636160e-01  -3.4410206e-03  -4.1343606e-02  -1.4806843e-01  -5.4043119e-03   1.5681655e-01   5.9631397e-02   3.2712252e-01  -3.8443160e-02  -1.8200608e-01   4.2430488e-01  -8.4764945e-02  -1.3225734e-01  -2.0045022e-01   9.5564564e-02  -1.8829355e-01   1.5512765e-01  -5.0295144e-02   6.4041149e-01  -2.4038016e-01   9.4108324e-02   1.7741695e-02   3.9034041e-01  -1.7949796e-01  -3.8648317e-02  -5.3475909e-02  -1.1913287e-01  -3.2843716e-01  -1.3955129e-01   3.5339298e-01   1.5242460e-01   6.0620722e-02   1.9342863e-01   4.5176098e-01   5.1155320e-01   8.1249012e-02  -3.3773940e-01   1.2768135e-01  -3.2460486e-01   2.4419116e-01  -1.1047995e-01
   1.2503519e-01  -2.0133889e-01  -3.1366538e-01   0.0000000e+00  -1.5660411e-01   3.0091811e-01  -1.4517149e-02  -4.8104905e-02   8.9270365e-03  -8.1223642e-02   1.5622342e-01  -3.0507257e-01   1.9793555e-01   1.2746576e-01   5.1874509e-03   3.4869245e-01  -4.3721520e-01   4.4265331e-01   1.7158734e-01  -1.3817812e-01   7.6614831e-02   4.9754575e-01   5.9751115e-02   5.6961910e-02  -5.1581306e-02   6.3923112e-02  -1.0562651e-01  -1.3495150e-01  -7.0386436e-02   3.1077932e-01  -2.2170322e-01   4.3885557e-01   1.1611524e-02  -2.5097740e-01  -1.5019924e-01  -5.8974205e-03  -8.2691891e-02   1.0286981e-01   2.0658767e-01  -3.0364705e-01   3.4247317e-02   2.2334843e-01  -1.3850805e-01   2.0516462e-01   3.3649957e-01   3.1207572e-02   2.6226637e-01  -2.6919104e-01  -1.9522537e-01  -3.5526436e-01   5.8112784e-01  -5.8796724e-02  -3.2480912e-01  -1.4485854e-01   6.0509517e-02   3.6020171e-01   3.0793628e-01   3.7279138e-01   4.8029291e-01   1.9251590e-01  -8.2401747e-02   1.0355085e-01  -9.8731777e-02  -1.7933546e-01   3.8038470e-02   2.5432906e-01   1.4565689e-01   3.1354286e-01   3.9068483e-01  -7.2528721e-02  -5.0231141e-01   6.0886072e-01   4.5078332e-02   2.5557602e-03  -1.4368004e-01   7.9908207e-02   4.0440072e-02   2.4903366e-01  -2.8636225e-01   1.4344983e-01   4.8498724e-02  -1.9775101e-01  -4.0629752e-01   8.3220880e-02  -1.1412781e-01  -2.4342512e-02   3.4079075e-02  -1.4245791e-01   1.0007820e-01   6.6064806e-02  -3.9070280e-01   8.8482283e-02  -3.6829894e-01  -1.0692397e-02  -1.3098600e-01  -1.6704557e-01   3.6091806e-01   3.7388507e-01   8.2333276e-03   1.6165947e-01  -2.0396743e-01  -1.7186623e-02  -3.4357730e-03  -1.4157204e-02   6.4498122e-01   3.3652595e-01  -1.7791758e-01   3.4410733e-01  -1.6744314e-01   2.5975765e-03  -2.6791972e-01   4.9750396e-01   5.0115137e-01   3.0059607e-02  -1.3043982e-01  -3.5501203e-01   1.6492119e-02   1.8534955e-01  -3.3354450e-01   5.2219327e-01   1.0783348e-01  -1.3706312e-01  -1.4960152e-01  -9.3642109e-03   1.1237162e-01   2.7996107e-01   3.3030932e-01  -5.8731100e-02   5.5119498e-01  -2.0333332e-01   5.4203772e-02  -1.6679293e-01   1.6268616e-01  -3.4687674e-01   2.2334203e-01  -7.8553537e-02  -3.0116653e-02  -1.3858163e-01  -6.4439300e-02   1.4878783e-01   7.0627869e-02   1.7090590e-01   2.8841972e-01  -1.4364627e-02   4.1146622e-01   2.0723554e-01  -1.3534816e-01   1.4249459e-01   3.1127687e-01   5.4195035e-02  -1.5503478e-01  -5.9051041e-02   3.3244115e-02  -1.1446337e-01  -4.9465043e-01   1.8766151e-01   1.1699367e-01   3.0808848e-01  -1.1165244e-01  -6.3202018e-02   3.5993700e-01   1.4035653e-01   9.6857974e-02   5.7288815e-01   3.8942613e-01  -4.1201074e-01  -1.5291143e-01  -5.3790678e-02   1.7408293e-03  -4.6617458e-01  -3.4933707e-01  -8.8455721e-02   5.6890024e-01  -2.2268600e-01   1.3475552e-01   2.1156417e-01   4.0866516e-01
  -1.5373488e-01   5.5291891e-01   4.0958724e-02  -1.5660411e-01   0.0000000e+00   3.1754200e-01   5.9993601e-02  -2.9379781e-01   2.0798220e-01   2.7257708e-01   2.1469070e-01   4.8431828e-01   1.0349414e-01  -5.8006008e-01  -4.7389072e-01   1.1810593e-01   1.6905129e-01   1.1580091e-01  -7.7078212e-02   6.9892015e-01  -3.2689523e-01   6.4132178e-03  -4.3293639e-01  -2.0348992e-01  -2.4546442e-01  -1.6549432e-01   2.9711822e-01  -5.3086606e-01   4.3233739e-04  -2.4353988e-02  -4.1576404e-01  -1.5185389e-01   1.3042319e-01   1.0969883e-01  -1.4161531e-01   5.9561455e-01   1.4310489e-01  -3.8770979e-01   1.0981308e-01   2.6894717e-01   5.4228590e-04   9.8358578e-02   4.1829090e-01  -1.4074982e-01  -1.4221129e-02  -4.6156141e-01   2.8522594e-01   7.4948623e-02   2.6383882e-01   1.4120848e-01  -7.1857503e-02  -2.3692898e-01   2.3361660e-01  -4.0570773e-02  -4.9902555e-01  -9.2430049e-02  -9.6927255e-02  -2.0781215e-01   3.0096655e-02   2.3434990e-01  -1.9264967e-01   2.1921850e-01   4.2386291e-01   2.5128419e-01   2.6128408e-01   3.0923819e-01   8.1921777e-02  -1.5867347e-01  -1.1717532e-02   1.3167915e-01   2.3412351e-01   5.0828965e-03   1.1937598e-01  -3.7660637e-01   1.7961520e-03  -2.2942488e-01  -4.3724904e-01  -3.0303322e-02   3.7018180e-01   1.2944470e-01  -3.8289273e-01   4.6429357e-02   1.5243430e-02  -2.1995171e-01  -4.3548540e-01  -1.7515078e-01  -3.8291090e-01  -3.7733837e-01   1.4136186e-01  -2.5745946e-01   4.5420943e-01  -3.1775187e-01   3.0905740e-01   7.8992165e-02  -2.9574859e-01   6.1907626e-01  -6.0309324e-02  -1.6148174e-01   3.3843847e-01  -9.0730998e-02  -6.2984611e-01  -1.7259629e-01  -3.0630398e-01   1.1496118e-01  -1.3079464e-02  -2.0226300e-01  -1.9188669e-03  -5.8783751e-02  -5.7524990e-02   2.9432462e-01  -6.3676125e-02  -5.6471971e-02  -2.7254253e-02  -2.1512069e-01  -4.6689414e-01   3.3210700e-01   4.1068652e-02   2.6620444e-01  -3.3738507e-01   2.0515755e-01  -1.8397094e-01   5.2403279e-01   1.9343575e-01   7.7863120e-02  -4.5649656e-01  -2.5824406e-01   1.8890543e-01   4.9992940e-02  -2.9995492e-01   1.0358508e-01   2.3921052e-01  -8.7905533e-02  -2.5075502e-01  -1.7808472e-01   1.1975133e-01  -4.1052367e-01   1.3965927e-01  -5.0036140e-01  -3.0843009e-01  -1.7890708e-01  -1.2727603e-01   6.5611296e-02  -5.9245995e-03   3.8813769e-02   8.0807688e-03  -4.4546336e-01  -2.6713053e-01   4.4792613e-01   1.5647949e-01  -6.3947807e-02  -3.8242068e-01  -4.2255662e-01  -3.7419710e-01   1.9293074e-01   3.6801786e-01  -1.9210095e-01  -1.6461584e-01   4.2859507e-03   4.0186635e-02  -2.9864356e-01   2.5009369e-01  -1.6068696e-01   2.3526705e-01  -1.2139160e-01  -9.5688401e-02   4.5814313e-01   6.2488166e-01  -1.9627620e-03  -8.6715207e-02   2.0872377e-01   4.2622739e-01  -3.1683646e-02   4.4375032e-02   2.8073491e-01  -1.8356742e-02   2.2818278e-01  -1.0833980e-02
  -8.5242616e-03   2.2259532e-01  -4.5996785e-03   3.0091811e-01   3.1754200e-01   0.0000000e+00   5.2540784e-01  -6.5216225e-02   2.2192767e-02   4.0173997e-01   3.6211627e-01   2.5700218e-01  -7.7115200e-02  -1.2515551e-01   3.9192800e-04   3.2764309e-01  -1.5231352e-03   2.7919496e-01   3.1719464e-01   1.9385353e-01  -9.0597110e-02   3.2167839e-01  -3.5672757e-02  -8.5753128e-02  -3.7294533e-01  -4.8258422e-03   4.1959446e-01  -1.9168187e-01  -1.9802044e-01   3.8591994e-01  -3.2454419e-01   7.9828344e-02   1.3675458e-01   2.4516428e-01  -5.3076039e-02   3.7499084e-01   1.2470691e-01  -1.3207610e-01   2.1469234e-01   2.6759341e-01  -1.8334149e-01  -1.4195280e-03  -5.4406249e-02   6.5634917e-02   3.4818351e-02  -8.2954890e-02   4.9470676e-01   2.5920466e-01  -9.6984537e-02   2.3382530e-01   3.2644929e-01  -2.9382859e-02   4.9884158e-03  -4.1649874e-01  -2.3897967e-01   4.8804996e-01   4.4322088e-01   1.2195950e-01   1.3061620e-02   5.1275475e-01  -1.3014019e-01  -1.0589496e-02   1.2345856e-01   4.2991581e-02  -2.0401603e-02   6.8700415e-01   6.0231024e-01  -1.8406720e-01   3.9237805e-01   4.2412289e-01  -1.6488076e-01   3.3715302e-01   1.9731703e-01  -4.5300110e-02  -4.0410321e-01   1.2788157e-01  -1.2862700e-01   6.5889019e-02  -2.2187756e-01  -3.1597768e-01   1.8842736e-01   1.3105754e-01  -2.9403847e-02   1.4550370e-01  -3.5906395e-02   1.5160472e-02  -2.4184022e-02  -3.6355893e-01   4.5362730e-02  -3.6897116e-03  -1.8836705e-01   4.7939437e-02   2.6499719e-01  -7.3364294e-02  -3.7141643e-01   1.5041319e-01  -2.7619529e-01   2.6219352e-01   1.1865527e-02   2.1101984e-01  -2.4173332e-01   1.6137865e-01   1.4829339e-01   9.2993786e-02   3.7471140e-01  -1.4779133e-01  -2.8145244e-01   4.0248079e-01  -2.5741388e-01   4.1856921e-01   9.0683116e-02   3.7417116e-01   2.8747073e-01  -4.3570117e-02  -3.3787718e-02  -2.6433000e-01   2.4272030e-01   1.5743944e-01  -6.9381323e-02   5.5598856e-01   2.6608309e-02   1.4921059e-01   2.1356697e-02  -8.1873643e-02  -5.6463136e-02   1.1607496e-01   3.4319908e-01  -3.4723694e-01   1.4742681e-01   2.8725295e-01   2.4226787e-01   1.5289970e-01   4.7429911e-02  -3.8056806e-01   1.3427701e-01  -1.9697828e-01  -3.8215015e-01  -3.7354074e-03  -4.3976055e-02  -1.6475312e-01   5.6332872e-02   4.4467781e-02   4.3637976e-01   4.2771449e-01   3.3293135e-01  -1.4243842e-02  -1.5181835e-02   4.4715949e-01   6.1030642e-01  -4.7094793e-02  -1.8418766e-01  -9.4944677e-02  -9.6136474e-02   3.4244017e-01   1.8179549e-02  -1.4525526e-01  -1.0884231e-01   1.0370980e-01  -6.1307638e-02   8.6706457e-02   1.0843920e-01  -9.6129086e-02   4.0674115e-01   1.1052516e-01   1.6481443e-01   1.9146361e-02   4.3842241e-01  -6.6351826e-02  -7.2406752e-02  -2.2190026e-01   7.0278458e-02  -1.4922301e-01   3.3272872e-01   3.6280364e-01   1.3122063e-01  -1.9354167e-02   1.9602644e-01
  -2.8455588e-01   1.6903447e-01  -2.3859955e-02  -1.4517149e-02   5.9993601e-02   5.2540784e-01   0.0000000e+00  -2.1161885e-01   4.0308933e-02   7.1221590e-01   7.7706322e-02   3.4722143e-01  -8.0220506e-02   3.7801529e-02   4.9382151e-01   1.6746361e-01   1.2332417e-02   1.6686551e-01  -1.6057998e-03   4.8282058e-02   2.3731841e-01   1.0720717e-01   3.0254581e-01  -2.4214301e-01  -1.8408021e-02  -2.2014996e-01   2.1059714e-01  -4.1375576e-02  -1.3199893e-01   1.8534783e-01   1.9398162e-01  -1.6382337e-01   1.7217879e-01   7.5729838e-01   4.1004991e-01   2.3555012e-01   2.9945731e-01  -1.3687005e-01   9.3184966e-02   3.5410318e-01  -7.9724772e-02  -5.4799811e-02  -4.6998933e-02  -1.2124915e-01   1.5828880e-01   5.9416953e-02   2.5151577e-01   6.6860637e-01   3.7037188e-02   1.0855892e-01   1.8036931e-01  -1.4789882e-01   4.0921690e-01  -2.3425826e-01  -1.5537737e-01   2.3485708e-01  -1.1155056e-01  -2.6798351e-01  -8.1940092e-02   4.1255449e-01  -2.7765259e-03   2.0923193e-01  -8.2453456e-02   3.4766468e-02   8.5087300e-02   4.0808863e-01   2.6876206e-01  -3.9141758e-02   3.9467883e-02   2.5046628e-01   1.4025049e-01   6.6092057e-02   2.0387525e-01  -9.1527151e-02  -2.3341052e-01  -8.8229331e-03  -1.4211974e-01  -2.0079501e-01  -1.7114414e-01  -2.4263430e-01   2.8367204e-01   1.3189320e-01   3.6089062e-01  -1.7096439e-01   3.7315644e-02   2.5251666e-02   3.0189732e-01  -3.8354477e-01  -1.7873383e-01  -2.2233537e-01  -8.8930599e-02  -9.1053532e-02   5.6629463e-01  -7.2984844e-02  -1.5946368e-01   7.2381755e-02  -2.2096645e-01  -1.5872728e-01  -1.3134935e-01   4.1680157e-01   1.7619469e-01   5.4951069e-01   2.4797200e-01  -2.5655226e-02  -4.8309239e-02  -3.0450365e-01  -2.5735159e-01  -1.2600668e-01  -4.6778404e-02   4.5277534e-01   5.2705284e-01  -1.0924907e-01   1.2766897e-01  -2.3193012e-01   2.8868236e-01  -8.6211181e-02  -1.1024737e-01   8.4270004e-02   2.7780578e-01   2.4304004e-01  -2.9056778e-01   1.3618314e-01   5.5498647e-02   5.9596994e-02  -4.5300887e-02  -6.5867171e-02   3.1068876e-01  -4.0270769e-01  -3.2783343e-02   2.5081590e-01   3.5803145e-02   6.1646957e-01  -5.4538250e-02   3.8935891e-02  -1.2342387e-01  -2.3406047e-01  -3.5787640e-01   4.4014933e-01  -1.2456068e-01  -2.3246079e-01  -1.5709551e-01  -1.8988222e-01  -3.0017818e-02   4.0497264e-01   2.8791214e-01   2.7141290e-01   5.7578796e-01   1.1764773e-01   3.6870927e-01   3.2916637e-01  -1.2383747e-01   4.8971766e-02  -1.9333621e-01   2.7312346e-01   3.8158930e-02  -3.3911819e-01  -2.1871676e-01   2.7713367e-02  -3.6479147e-01   5.0763327e-02   9.4032472e-02  -2.4799408e-01   3.1891008e-01   4.6497409e-02  -2.2446686e-01   8.5001575e-02   2.4192493e-01  -3.5996900e-01  -2.2309982e-01  -9.3864283e-02   1.3515091e-01  -3.2071037e-01   1.5241998e-01  -2.6400396e-02   2.2260773e-02  -5.5828457e-03  -1.1515482e-01
   2.7265921e-01  -1.0182832e-01   5.8711869e-02  -4.8104905e-02  -2.9379781e-01  -6.5216225e-02  -2.1161885e-01   0.0000000e+00   1.1248474e-01  -7.5857085e-02  -3.6720988e-01   7.7968833e-02  -3.1718978e-01   5.0801450e-02  -1.1909940e-01   2.6298392e-02  -6.9806864e-02  -4.6545583e-01   2.4024395e-01  -1.6538703e-01  -1.9287715e-01  -2.6834379e-01  -2.5628476e-01   6.2226468e-02   1.5871769e-02   4.3029926e-01  -2.7600664e-01   3.0147905e-01   9.5559312e-02  -1.4680413e-01  -1.8346913e-01   1.3494326e-01   4.6987992e-02  -4.8343906e-02  -2.0992870e-01  -3.2497659e-01  -2.5649605e-01  -2.6765938e-02  -2.5601751e-03  -1.9990440e-01  -2.2904400e-01  -5.7313477e-02   1.2247089e-01   4.8411195e-01  -5.6387081e-01  -7.7137858e-02  -5.1687853e-01  -1.2604009e-01  -2.1307691e-01   1.0187541e-01  -4.1938500e-01   6.7327933e-01  -9.2049609e-02   1.4562966e-01  -6.6058181e-02  -3.7971884e-02   6.6549513e-02   1.9629935e-01  -2.5622645e-01  -7.8133897e-02  -1.5743852e-01  -3.4444533e-01   1.7354613e-01  -1.7797363e-02  -4.6927946e-01  -3.0656775e-01   1.2058884e-02  -2.1863459e-01  -2.1875296e-01  -1.5090013e-01  -1.7409113e-02  -2.8457479e-01  -3.5148680e-01   1.6742516e-01   6.5495217e-02   5.4730944e-01   1.3480882e-01   2.4252062e-01  -6.2176327e-02  -4.4140224e-02   2.6721953e-01   6.9825311e-03   6.9016634e-03   5.0240588e-01   1.7212463e-01   3.6858316e-01  -2.1567787e-01   3.5103575e-01   8.6871580e-02   2.7142579e-01  -5.6181108e-02   1.0094424e-01   6.4305520e-02   8.9417891e-02   1.3748460e-01  -1.4485446e-01  -2.6735415e-01   3.2464112e-01  -5.1540346e-02  -2.0922908e-01   2.0769943e-01  -1.7418658e-01   2.6943027e-01  -3.9907589e-02  -2.9021144e-01   4.0245393e-01   6.8363108e-02   2.6332098e-01   1.0084279e-01  -1.3485480e-01  -2.7588355e-02  -2.1684311e-01  -1.3591411e-01   2.6250029e-01   4.4051831e-03  -1.1754419e-01   2.0429886e-01  -2.6091475e-01   2.4082920e-01  -2.7642998e-01   2.5489797e-01  -3.5119783e-02   2.1204086e-02  -2.6987760e-01   1.5041028e-01   1.7670707e-01  -5.1918703e-01  -6.7297442e-02   2.8945192e-01  -2.5275511e-01  -7.5560460e-02  -3.1018593e-01   1.5100473e-01  -2.1387029e-01   1.2058484e-01   7.5438973e-01  -3.8458795e-02  -2.8639573e-02   6.7513438e-01   4.9511744e-02   2.6304240e-01  -7.2061910e-02   2.8318015e-02   1.2327217e-01  -3.9211916e-01  -1.4329998e-01  -7.4789866e-02  -9.8911760e-02  -1.7181036e-01  -2.5979777e-01   2.7380666e-01   5.1128695e-01   2.5414825e-01  -4.7631387e-02   1.2818243e-01   9.2912556e-02   8.7886675e-02  -2.4039788e-01   9.4227900e-03   4.5010753e-01  -3.6202750e-01   4.7572666e-01  -3.4812215e-01  -3.0047436e-01   1.7033967e-01   7.3956553e-02  -4.5774608e-03   3.7722571e-01   1.1463086e-01   1.6640702e-01   1.2950311e-01  -2.0145154e-01  -2.4120497e-01   2.2910709e-01   1.2321104e-01  -2.1525084e-01   4.3045772e-02
   1.6856360e-01   2.8164340e-01  -5.6838174e-02   8.9270365e-03   2.0798220e-01   2.2192767e-02   4.0308933e-02   1.1248474e-01   0.0000000e+00  -5.7318533e-02  -1.2826854e-01   2.0904410e-01  -1.1562677e-01   1.8598652e-02   5.9368593e-02   7.0981350e-02  -8.5516631e-02   1.9228574e-01   7.6367597e-02   6.3124007e-02   1.1054216e-01   1.5587932e-01   5.4546494e-02  -4.2757091e-03   2.9673117e-02   3.3205249e-01  -1.0615130e-01   5.6120972e-02   1.9516436e-01   2.7940957e-01   5.0367909e-02  -8.6520539e-03   1.7058338e-01   8.2064298e-02   2.2276532e-01  -1.7561803e-02  -1.0813841e-01   5.6898095e-02   1.1928713e-01  -4.7156882e-02   2.1405708e-02   1.2248324e-01   4.2588413e-01   1.4629917e-01   2.7254436e-02  -2.2027354e-02  -1.5659025e-01   5.5505024e-02  -8.3832729e-02   5.2713420e-02  -5.8162049e-02   2.9465551e-01   1.0868590e-01  -9.0906501e-02   1.0399165e-01  -2.3740929e-02  -3.8055990e-02   2.0378543e-01  -5.3053454e-02   3.4623203e-01   5.8008990e-02  -1.4704055e-01   5.2586175e-01   1.6578393e-01   2.4496718e-01   7.5680279e-02   1.7064392e-02  -2.2788847e-01  -9.6202511e-02   2.2429124e-02   5.1856623e-02  -1.3491825e-01   3.1109873e-02   9.6458851e-02  -5.0637409e-03   3.5219699e-01   1.1050328e-02  -8.9467794e-02   2.1516053e-01   9.0380866e-03   1.2339606e-01   8.5696519e-03  -1.8117878e-01   1.4730432e-01   3.5022420e-02   2.6466927e-01   2.4640773e-02   8.6448766e-02   2.4447450e-01   1.7681810e-01   1.9960845e-01   1.4520062e-01  -2.3683189e-02   5.7719170e-01   1.1341989e-01   2.4094307e-02  -1.9196935e-01   1.1805809e-01  -8.7991524e-03  -9.8868845e-02  -8.4678351e-02  -9.3482701e-03   2.2474368e-01   5.3787585e-01  -6.4088503e-02   5.9357303e-02  -8.0568565e-02   1.1433516e-01  -2.3331162e-02   4.9443379e-02  -4.0823932e-02   4.6790198e-02   1.5734283e-01   9.9653702e-02  -1.1873924e-01   2.7761369e-01   1.5720036e-02   1.0965467e-01  -1.4236380e-01   1.2673528e-01   1.0973579e-01   2.9013523e-01   1.5804806e-01   3.3935888e-01   9.2663720e-02   2.1502143e-01  -2.4500377e-02  -5.7254327e-02   1.7267096e-01   2.6673221e-02   2.7824412e-01  -1.2606479e-01   1.7299978e-01   1.1501915e-01   4.2502745e-01   2.3785087e-01  -3.4954958e-02  -1.3858897e-02   3.1492499e-01   3.9113628e-02   1.2369925e-01   3.0917445e-02  -4.0546373e-02  -1.5628779e-01   2.6903500e-01   1.0780910e-01  -1.4460605e-01   1.6591882e-01   9.6151954e-02   1.4795503e-01   1.6101127e-01   1.5630043e-01   8.9086847e-02   1.0537144e-01  -4.7417941e-02  -3.2487425e-02   1.5959418e-01  -2.1810949e-01  -1.1636847e-01   2.2715580e-01  -1.1899789e-01   2.2885400e-01   9.9166860e-03   4.9933013e-02   1.6023106e-01   1.8372115e-01   1.1952462e-01   2.2455838e-01  -3.0189939e-02  -5.9082865e-02   2.0534364e-01  -4.8213564e-02  -8.0952708e-02   5.9785736e-02   1.8000352e-01  -1.9493001e-03   2.9616300e-01
  -2.3953827e-01   2.1989977e-01  -1.1468631e-01  -8.1223642e-02   2.7257708e-01   4.0173997e-01   7.1221590e-01  -7.5857085e-02  -5.7318533e-02   0.0000000e+00   4.0908333e-02   3.1178524e-01  -1.0613172e-01  -1.6888592e-01   2.1880276e-01   1.3188330e-01   4.3468776e-02   8.3906235e-02   6.8242680e-02   2.0777818e-01   1.2665917e-01  -8.7012948e-02  -1.9936850e-02  -1.9605627e-01  -7.4616480e-03  -3.3205822e-01   1.0279038e-01  -2.4373850e-01  -2.4189527e-01   2.1478759e-02  -2.2418944e-03  -2.6016585e-01  -6.0529946e-02   5.8563467e-01   2.3340082e-01   3.2576509e-01   4.4923770e-01  -3.1011776e-01   3.5693384e-02   3.6513307e-01  -1.3847307e-01  -7.6467281e-02  -1.6732265e-02  -1.2455260e-01  -5.2200633e-02  -1.9283487e-01   2.0315569e-01   5.8844062e-01   2.4289492e-01   2.1535180e-02   9.0768602e-02  -2.0636615e-01   3.0853319e-01  -1.9658965e-01  -3.3058558e-01  -1.8101348e-02  -1.9812064e-01  -5.0715811e-01  -6.1945284e-02   2.4836000e-01  -2.4982945e-01   1.8900698e-01  -2.8105546e-02   7.3002975e-02   9.2939626e-02   3.3947258e-01   2.9728996e-01  -7.2622568e-02  -1.3912638e-01   2.2449734e-01   1.4286429e-01   9.4583794e-02   4.4047138e-02  -3.0914609e-01  -1.6023284e-01  -1.2446194e-01  -3.3477622e-01  -9.1286732e-02  -1.3238641e-01  -1.2564782e-01   1.2109984e-01  -6.3759607e-03   2.1883807e-01  -1.4506250e-01  -1.1533452e-01  -1.9752504e-01   9.9653975e-02  -4.8933023e-01  -3.2892475e-02  -3.3695881e-01  -3.5943765e-03  -2.8463666e-01   5.1069001e-01  -1.3668703e-01  -2.4659756e-01   3.8223745e-01  -1.6846843e-01  -2.6466770e-01   1.2632763e-01   3.1091398e-01   9.5546160e-03   2.7356204e-01   7.6309625e-02  -1.5904425e-01  -1.6852165e-01  -3.0713396e-01  -2.4777549e-01  -2.5900080e-01  -7.2848487e-02   4.8566260e-01   2.7912475e-01  -2.8556547e-01  -1.7763898e-03  -2.2620541e-01   7.7106436e-02  -9.3311302e-02  -9.1824401e-02   6.1105425e-02   2.3134761e-01   2.6567185e-02  -2.4165118e-01   2.5837565e-01  -3.7129128e-02  -8.2052443e-02  -2.3284844e-01  -2.8412910e-01   1.4685110e-01  -3.1838612e-01  -2.0379150e-01   3.2573016e-01  -9.3182686e-02   5.1863489e-01  -1.5014471e-01  -7.6032934e-02  -3.0967416e-01  -2.6934241e-01  -2.7709614e-01   1.9084918e-01  -1.8449632e-01  -2.7790261e-01  -2.1592633e-01  -2.3446963e-01  -1.2836997e-01   3.9036751e-01   4.7861158e-02  -2.3936352e-02   3.1090630e-01   2.0648016e-01   2.8435736e-01   3.1789092e-01  -2.1751423e-01   2.2249783e-02  -2.8579410e-01   2.9181920e-01   1.8670238e-01  -3.2208601e-01  -2.5006463e-01   6.6468826e-02  -2.9228906e-01  -8.7515962e-02   1.0763355e-01  -2.0848647e-01   3.6526480e-01  -5.9922738e-02  -3.6256473e-01   1.6954984e-01   2.7573759e-01  -3.3238980e-01  -1.8831972e-01   4.7633967e-02   1.1767668e-01  -3.2151594e-01   1.9465067e-01   1.1622862e-01  -4.2691017e-02  -2.7120460e-02  -2.6673170e-01
  -1.7738793e-01  -3.5014587e-02  -2.5487477e-01   1.5622342e-01   2.1469070e-01   3.6211627e-01   7.7706322e-02  -3.6720988e-01  -1.2826854e-01   4.0908333e-02   0.0000000e+00  -1.8268569e-01   2.1035891e-01  -1.6993148e-01   2.3923947e-03   8.8403669e-02  -3.6207908e-02   3.0317888e-01  -3.3784092e-02   1.0812974e-01   1.5613328e-01   1.5952256e-01   1.9886515e-02  -6.2658120e-02  -2.5949124e-01  -1.4742415e-01   3.4794824e-01  -1.7261605e-01  -4.7273557e-01   5.2749140e-01  -9.8001863e-02  -8.7057994e-02  -1.7180020e-01  -1.6961500e-01  -3.5329100e-01   4.6890655e-01  -6.6424656e-03  -1.0324241e-01   1.0468877e-01  -4.6484526e-03   6.1204942e-02  -2.2869399e-01  -2.7427486e-01   1.2033614e-01   1.8988283e-01  -3.8525364e-02   7.8302186e-01   9.3865534e-02  -1.2461413e-01  -5.1215231e-02   2.8732296e-01  -3.3808289e-01  -5.4592388e-02  -4.2357342e-01  -1.4288864e-01   4.6061478e-01   3.3697322e-01   5.0398564e-02   1.8355657e-01  -9.2627279e-03  -8.0032828e-02   3.9961949e-02  -2.1556936e-01   3.3724077e-01   3.2708654e-01   4.9994910e-01   1.5904675e-01  -2.6426177e-01   5.3736233e-01   9.4085622e-02  -2.3298394e-01   3.3094828e-01   4.3775493e-01  -1.4070399e-01  -2.6550588e-01  -1.6801655e-01  -8.4166756e-02  -1.3774347e-02  -2.4996440e-01  -1.8888109e-01   6.2324473e-02   3.6499012e-01   1.2682047e-01  -9.0056781e-02  -1.7320416e-01  -2.0275156e-01  -7.3997791e-02  -3.1536989e-01  -9.3112668e-03  -1.6967357e-01  -2.5811841e-01  -7.7776342e-02  -8.8745495e-02  -1.9356420e-01  -1.7803044e-01   6.2808208e-02  -1.5908363e-01   5.9865409e-02  -1.7096170e-01   5.5455669e-02  -1.6322809e-01   5.8806282e-02  -8.5474126e-03  -1.3038222e-01   4.1707578e-01  -1.2014108e-01  -2.8131570e-01   2.7843786e-01  -3.2618835e-01   4.8069948e-01  -6.6821709e-02   5.1041673e-01   2.4526996e-02  -1.7136182e-01  -2.3759934e-02  -1.4230352e-01   2.4975740e-01   2.8328623e-01   3.0306948e-02   3.6519550e-01  -3.5825888e-02  -7.4901066e-02  -3.5352826e-01   3.3521151e-01  -4.9723626e-02  -5.3968906e-02   5.9817620e-01  -6.3429556e-02  -1.3770092e-01   1.5969530e-01   3.7333255e-01   2.4135032e-01  -1.8896294e-01  -5.8336076e-02  -1.8270223e-01  -3.8266853e-01  -2.6940678e-01  -1.1956875e-02  -3.7810883e-01  -1.4212720e-01  -2.9656242e-01   6.1806286e-02   3.7717466e-01   7.0681907e-02   3.9833806e-01   1.8216094e-01  -2.3816908e-01   5.7143297e-01   5.5239443e-01   7.0475323e-02  -1.7406676e-01  -2.4095869e-01  -1.5213600e-01   4.6411983e-01  -1.7848170e-01  -1.0818942e-01  -1.2878109e-01   3.4925329e-01  -1.2306970e-01  -5.1749821e-02  -6.1019204e-02   4.1787440e-02   3.3231981e-01   3.1341192e-01   1.9550593e-01  -6.0320109e-02   2.8424209e-01  -1.6231698e-01  -1.0411069e-01  -1.6219771e-01  -1.5089816e-01   1.0768686e-01   4.8035869e-01   2.0042230e-01  -5.0458858e-02  -7.1400367e-02   5.7855182e-02
  -2.4560627e-01   7.3864339e-01   4.8507036e-01  -3.0507257e-01   4.8431828e-01   2.5700218e-01   3.4722143e-01   7.7968833e-02   2.0904410e-01   3.1178524e-01  -1.8268569e-01   0.0000000e+00  -3.8106462e-02  -4.3148478e-01  -1.5253071e-01   2.6075257e-02   4.6806289e-01  -8.5098407e-02  -3.2935243e-02   5.6844409e-01  -2.7323149e-01  -1.3545935e-01  -3.4123205e-01  -4.0652761e-01   5.6201390e-02  -9.0805193e-02   1.3880992e-01  -3.4516378e-01   1.4041387e-01  -2.8346417e-01  -1.9913118e-01  -2.1370024e-01   3.4731671e-01   5.6512155e-01   1.5082978e-01   3.6673519e-01   2.1888448e-02  -3.3214958e-01   1.5493920e-02   3.1202290e-01  -6.3677552e-02   1.5430423e-01   5.1340394e-01  -1.5742840e-01  -1.5519895e-01  -2.7346831e-01  -1.1184923e-01   3.1236183e-01   2.2266935e-01   4.3098166e-01  -2.7396248e-01  -2.2527324e-02   4.6340288e-01   2.6785524e-01  -5.3573081e-01  -9.0885575e-02  -2.6298706e-01  -2.8597082e-01  -2.1289084e-01   4.4633998e-01  -3.0447755e-02   1.1132584e-01   4.2967359e-01   2.0519287e-01   7.5088620e-02   7.8211108e-02  -6.4768161e-02  -2.5724325e-01  -3.0042046e-01   7.3474708e-02   5.8437844e-01  -2.7141035e-01   1.8200352e-01  -9.8289187e-02   7.5250101e-02  -3.6419365e-02  -2.6949380e-01  -1.8887351e-02   6.0525959e-01   1.7043209e-01  -3.1517489e-01   1.1470021e-01   2.9318763e-01  -9.2440227e-02  -6.2554882e-02   9.1292609e-02  -2.5920218e-01  -2.6382568e-01   1.2218514e-02  -1.3474101e-01   6.0709045e-01  -1.5102778e-01   6.4053295e-01   1.5729366e-01  -5.3380193e-02   4.4568074e-01  -1.4766193e-01  -1.8136557e-01   2.0461093e-01  -1.7301813e-01  -2.8831512e-01   1.8933864e-01  -2.4507160e-01   2.5798492e-01  -3.0972145e-01  -2.1377991e-01   1.6906874e-01  -2.3597576e-01   1.2275086e-01   1.7593996e-01   3.3093539e-01  -3.5646616e-01  -1.2640355e-01  -2.3923707e-01  -2.5060114e-01   3.1909646e-01  -6.9059564e-02   2.2087144e-01  -8.3883061e-02  -5.9785402e-02  -2.1813923e-01   7.1198469e-01   5.4571329e-01  -5.8160911e-02  -2.6717882e-01  -1.4653590e-01  -7.7671868e-02   7.7683823e-02  -2.0849519e-01   1.1294337e-01   1.5771260e-01  -6.9163588e-02  -1.2763222e-01  -4.4935985e-02   1.0796337e-01  -1.1173311e-01   2.1043093e-01  -2.3891150e-01  -1.0506227e-01  -2.7947969e-01  -9.9494634e-02  -9.7234996e-02  -3.6160690e-02   4.5905260e-01  -2.1454389e-02  -3.3561617e-01   2.8909978e-01   2.7112006e-01   9.5994050e-02  -6.8909148e-02  -2.4489342e-01  -2.3367095e-01  -2.3556421e-01   1.9485970e-01   6.7503402e-01  -3.5853559e-01  -8.9725187e-02  -1.7858661e-01  -7.1803941e-04  -2.4574243e-01   3.6904893e-03  -9.8990897e-02   4.6449842e-03  -4.1022095e-01  -2.4015416e-01   5.5424835e-01   6.3567095e-01   3.8590539e-02  -8.2313293e-02   4.0478024e-01   7.5097166e-01  -2.3354215e-01  -2.7221940e-01   3.4830018e-01  -5.2229123e-02   1.9095758e-01  -8.3793863e-02
  -1.4245464e-01   1.4282258e-02  -6.8963170e-02   1.9793555e-01   1.0349414e-01  -7.7115200e-02  -8.0220506e-02  -3.1718978e-01  -1.1562677e-01  -1.0613172e-01   2.1035891e-01  -3.8106462e-02   0.0000000e+00  -2.1273888e-01  -1.4515345e-01   5.1702143e-02  -5.5595638e-02   2.5138535e-01  -3.3432690e-01   1.9863253e-01  -3.7934672e-02  -8.6777829e-02   7.1949713e-02  -1.7126796e-01   8.3245584e-02  -1.6770052e-01   3.0510090e-01  -2.4556450e-01   7.5473418e-02  -6.1582783e-02  -7.7212024e-02   1.7145780e-01  -1.0914348e-02  -1.7178140e-01  -1.1977730e-02   2.6486205e-01  -6.9069267e-02  -1.7319765e-01   1.2440569e-02   6.9488522e-02   7.1474876e-01   1.7380950e-01   9.2111694e-02  -2.9271360e-02   4.6236759e-01  -1.3797971e-01   2.5874256e-01  -1.7446081e-01  -7.3448220e-02  -1.0351326e-01   2.6459699e-01  -3.3319635e-01   1.2003405e-02  -1.2527945e-01  -1.4683268e-01   1.7942431e-01  -2.0735392e-01   1.2216882e-01   6.6571486e-01   1.4442600e-01  -1.8498885e-02   3.3688351e-01  -1.9077506e-01  -1.9937569e-01   1.7657057e-01   1.5555586e-01  -2.9199264e-01  -1.2794600e-01   1.4237808e-02  -9.2327838e-02   1.9068514e-02   2.0092518e-01   2.7138417e-01  -8.2235397e-02   1.5063046e-01  -3.2474486e-01  -2.3734478e-01  -2.9223860e-01   1.1987961e-01   1.1996544e-01  -1.8237847e-01   2.5283398e-01  -1.3362836e-01  -2.8653279e-01  -3.5644798e-01  -1.3420229e-01  -2.2488375e-01  -1.7669429e-01  -3.1350014e-01  -1.9501273e-01   1.3278207e-01  -2.1329328e-01  -1.9276654e-01  -1.5453484e-02  -9.3999677e-02  -8.6838314e-02   2.2057992e-01  -1.8417426e-01  -1.5761730e-01   2.5394813e-01  -2.2368154e-01  -1.2143603e-02  -3.6021502e-01   1.5058124e-01   2.7199757e-01   1.5479286e-01  -8.1656126e-02  -2.1997319e-01   3.1778669e-01   4.3936984e-02  -7.2592180e-02   2.5560962e-01   1.6111946e-01  -1.5843995e-01  -2.2751161e-01   1.4676006e-02  -3.3101417e-01   6.6012928e-01  -2.4513431e-01   2.1268605e-01  -1.9575676e-01  -5.4024767e-02  -1.7031198e-01   2.2894899e-01  -1.8139862e-01  -1.2636478e-01   3.0061271e-01   1.3499513e-02   5.1723561e-02   4.2999162e-02   3.5816566e-01  -5.9589548e-03  -1.2906685e-01   1.3707064e-01   6.3777991e-02  -2.9998692e-01  -1.2184219e-02  -1.3500222e-01  -4.5437193e-01   6.1362382e-02  -4.1769829e-02   1.7877131e-01  -1.2268310e-01  -1.4779589e-01   1.1677040e-01   7.4912771e-02  -8.5430310e-02   1.4621379e-01   1.8893749e-01   7.6720285e-02  -2.1401482e-01  -3.2260527e-01  -2.0854964e-01   7.6520397e-02  -6.1426671e-02  -8.1747457e-02  -6.9890340e-03   3.1620154e-01  -8.1221892e-02  -3.0025686e-01   1.7436267e-01  -3.1515079e-01   2.4989266e-01   1.8090295e-01   1.3393885e-01  -2.5235282e-01   4.1181438e-02  -5.8455209e-02  -1.1345208e-01  -1.4721154e-01  -7.4442523e-02  -4.9378624e-02   2.1958124e-01  -1.5854485e-01  -7.7246167e-02   2.2327757e-01   1.3203265e-01
   4.8714736e-01  -3.7428001e-01  -1.0497234e-01   1.2746576e-01  -5.8006008e-01  -1.2515551e-01   3.7801529e-02   5.0801450e-02   1.8598652e-02  -1.6888592e-01  -1.6993148e-01  -4.3148478e-01  -2.1273888e-01   0.0000000e+00   5.6108057e-01   7.6476747e-02  -1.6468193e-01   1.7876454e-01   1.7488741e-02  -6.0815778e-01   6.3069242e-01   2.4818132e-01   6.2746879e-01   4.6685800e-01   9.9754875e-02   1.4625049e-01  -2.1359399e-01   5.8318419e-01  -3.8660772e-02   3.3291608e-01   5.1681919e-01   7.4141846e-02  -2.1019042e-02  -1.7224610e-01   2.2527667e-01  -5.1846706e-01   6.5963732e-02   5.6791822e-01   7.1488533e-02  -2.4016817e-01  -4.9489039e-02  -4.9772470e-02  -3.3975618e-01   7.3358832e-02   1.8628165e-01   6.9105183e-01  -1.8868146e-01   9.4195498e-02  -1.1338122e-01  -6.2381800e-02   1.0200304e-01   2.4412061e-01  -2.7917267e-01  -1.2659486e-01   8.0475801e-01   2.5098921e-01   1.0206714e-01   1.9394805e-01  -2.1861088e-01   5.9101375e-02   4.4114770e-01  -1.1499304e-01  -3.1032836e-01  -1.4053858e-01  -5.0857305e-02  -6.3135633e-02   2.6705163e-01   1.7618062e-01  -1.2655214e-02   1.1959676e-01  -3.3763623e-01  -9.5081412e-02  -3.2863641e-01   5.7341739e-01  -2.3322193e-01   2.7269763e-01   5.1554277e-01  -5.0106423e-02  -3.5947895e-01  -3.6207677e-01   4.1494070e-01  -1.0145878e-01  -1.3260736e-01   1.5652652e-01   7.3686894e-01   2.3370112e-01   7.1624228e-01   4.5383114e-01  -2.9204321e-02   4.5327758e-01  -5.3343607e-01   4.7893052e-01  -3.6152774e-01   2.0476413e-02   3.7197647e-01  -4.4726396e-01  -1.6710918e-02  -2.1798509e-02  -2.7478282e-01   2.1164602e-01   5.8209461e-01   1.5800590e-01   5.9680313e-01   1.2406332e-01   2.9016822e-02  -8.5677553e-02   9.7456427e-02   2.8211266e-02  -8.1426444e-02  -7.6534903e-02  -4.2675986e-02   2.1202811e-01   2.5243818e-01   3.9452047e-01   5.8581067e-01  -2.4395292e-01   1.3191417e-02  -2.5032392e-01   4.3287657e-01  -9.3908226e-02   3.7275507e-01  -4.5488466e-01  -1.5187860e-01   6.4339648e-02   6.5339648e-01   6.4172305e-01  -9.1659101e-02  -2.2724307e-01   1.9075967e-01   1.8454815e-01  -1.4417038e-01   1.6687850e-01   6.2079513e-01   2.4400487e-01  -5.8915410e-02   2.1849745e-01  -2.3977291e-01   5.3406564e-01   3.6056223e-01   3.6174853e-01   2.9101391e-01   1.1345173e-01  -3.4120131e-02  -1.6560393e-01   2.3139010e-01   6.5800855e-01   1.0039314e-01  -3.1809731e-01   7.4621374e-02   3.4813174e-01   6.3428983e-01   4.2530454e-01   5.6764244e-01  -1.2550648e-01  -5.3551251e-01   4.2548518e-01   3.8024234e-01  -1.3628447e-02   1.4975001e-01   3.6839058e-01  -2.9543913e-01  -8.7921975e-03   6.1195326e-02   2.8993626e-01  -6.4222245e-03  -4.8957534e-01  -5.3892846e-01  -1.1795681e-02   3.9150060e-01  -3.8048584e-01  -4.8051998e-01   1.7380142e-01  -2.4021687e-02  -1.8723843e-01  -6.0235084e-02  -2.5726345e-01   9.3186540e-02
