   0.0000000e+00   2.0053816e-01   3.0689455e-01   3.0833167e-01  -1.5840989e-01   4.5125778e-02  -4.2630710e-01   4.9598620e-01   4.4819842e-01  -2.1218211e-01   4.8856779e-02   1.4008736e-01  -2.8645490e-01   6.5997569e-01   2.8379377e-02  -3.9838016e-01   3.1440910e-01  -3.2618181e-01   2.9225922e-01  -4.3869106e-01  -2.8700146e-01  -5.8901670e-04   9.2096792e-02   5.9509183e-01   1.2857479e-01   4.3031817e-01  -2.1798832e-02   3.2176801e-01  -7.4937739e-03   2.3768410e-01   1.2144954e-01   2.7848639e-01  -1.6309316e-01  -8.6338476e-02   3.3011431e-01  -2.1410477e-01  -4.1163800e-01   1.8433427e-01  -4.3086150e-01  -3.1380120e-01  -2.0138561e-01  -7.5662683e-02   2.2681841e-01   3.9446473e-01  -1.7938641e-01   7.2757491e-01  -2.1505307e-01  -1.7107288e-01  -3.2614580e-01   5.7020314e-02  -3.1780914e-01   6.1578409e-01   5.9808544e-02   4.2178881e-01   5.0902482e-01   3.5939032e-01   8.9996609e-02   4.9822818e-02  -1.7927401e-01   3.8423987e-01   5.1930816e-01  -2.6755211e-01   3.0610923e-03   3.9681295e-01  -2.3046275e-01  -3.7406694e-01   1.8584729e-01  -3.3225346e-01   2.2703609e-01   2.8603373e-01  -2.4192459e-01   2.9134883e-03  -9.9993922e-02   5.0011968e-01   4.7101498e-01  -1.6664601e-01   4.0830501e-01   8.3346791e-02   4.6138849e-03  -2.0864703e-02   3.6813697e-01   2.1829749e-01   1.4275899e-01   3.9698883e-01   4.7965302e-01  -1.4595221e-01   5.1047286e-01   5.5277754e-01  -1.8397443e-01   6.8158417e-01   1.9415304e-01   4.9918845e-01  -1.6364352e-01   5.3598862e-01   4.5295041e-01  -1.9352961e-01  -1.7306185e-01   4.2215313e-01  -3.3369329e-01  -3.3650571e-01   3.6587997e-01   3.3150183e-01   4.4099195e-01   3.4163580e-01   6.3809249e-02   4.3680240e-02   3.6728507e-01   4.9956656e-01  -1.7920149e-01   6.7224154e-02  -7.2252115e-02   1.3110975e-01  -3.2293828e-01   6.8590887e-01  -2.1128382e-01  -6.5143103e-03   2.1246947e-01   1.2820595e-01   5.1789414e-02  -9.7775831e-02   5.2850392e-01   1.2712545e-01   3.5308904e-01  -1.1864583e-02   6.1069743e-01   7.5668241e-01   1.2079870e-01   3.3720138e-01  -1.1077647e-01  -3.1541220e-02  -2.5239987e-01  -1.8153940e-01   7.7536670e-01  -1.2177445e-01   1.3724164e-01   4.3008511e-03   2.4959670e-01   2.0873442e-01   1.6944842e-01   5.9521940e-01   4.4642988e-01  -2.3488755e-01   2.9490390e-01  -3.2463961e-01  -5.1562600e-02   2.1457180e-01  -4.1223043e-01  -1.3911044e-01  -4.7586572e-01  -5.0941837e-01   4.6713682e-01   6.3046131e-01   6.7469095e-01   2.0012993e-01  -1.0396965e-01   5.9919165e-01   6.3480643e-01  -1.7584329e-01   3.5567635e-01   4.6420222e-01   6.2916541e-02  -1.0667863e-01  -4.3039351e-01   1.7606936e-01   3.1661410e-01  -1.2517771e-01   9.5548037e-02   4.4107027e-01   6.0210545e-01   8.8221074e-02  -3.9028960e-03   2.1224504e-01  -4.7147812e-01   2.5822052e-01  -4.3345040e-02   7.8815005e-02   1.6139485e-01
   2.0053816e-01   0.0000000e+00   3.2584736e-01   1.4653721e-01  -2.0271005e-02   3.7894715e-01  -9.5069660e-02   1.5837645e-01   2.6337674e-01  -2.8922500e-02   1.5695341e-01   2.8223976e-01  -1.3016964e-01   4.1888567e-01  -2.7971932e-01  -1.8549481e-01   2.3426900e-01  -1.6646069e-01   4.1461803e-01  -2.3001014e-01  -1.5629223e-01   6.6432434e-03  -1.8767669e-01   3.8464689e-01  -4.6231053e-02   2.5153056e-01  -1.0556126e-01   3.2947154e-02  -2.1066456e-02   6.0199010e-02   9.1014086e-02   8.3495065e-02   1.4785921e-01  -6.5865583e-02   4.5846888e-02   1.2660392e-01  -2.9526787e-01  -2.9806781e-02  -1.1031798e-01   2.8261921e-02  -2.5558643e-01  -3.9115695e-02   4.4796677e-01   1.5074539e-01  -1.8161125e-01   1.1811722e-01   3.4860781e-03   1.8927434e-01  -2.1239787e-01   2.3615012e-01  -2.4404178e-01   2.6466074e-01   4.4158195e-01   1.9967267e-01   2.2814788e-01   1.7996577e-01   1.5693635e-01  -5.2018353e-02  -1.3299112e-01   1.9634090e-01   2.0613419e-01  -3.0856562e-01   5.2675955e-02   2.3326242e-01  -1.7979651e-01   9.6872274e-03   3.4760625e-01  -2.7576159e-01   2.1022987e-01   9.4211654e-02   3.3092395e-01   1.5544320e-02   1.0634191e-02   2.0983062e-01   1.7174869e-01  -2.4147101e-01   1.2264974e-01  -3.3085747e-02   1.5820932e-01  -1.8302216e-01  -1.9918225e-02   1.6595582e-01   2.5200083e-01   1.1361902e-01   2.8176119e-01  -1.4768433e-01   5.7790052e-01   2.4104981e-01   1.8362192e-02   3.3843008e-01   4.0762723e-01   1.2547306e-01   1.9377117e-01   2.5254917e-01  -5.0154956e-02  -1.5800348e-01  -4.7759119e-02   3.0941277e-01  -2.0193568e-01  -2.8786664e-01   1.5873820e-01   1.4593339e-02   1.4056772e-01   3.1007641e-01  -2.2653522e-01   2.0457495e-01   2.0932464e-01   1.9897303e-01  -3.9272910e-01   3.4968028e-01  -3.4730454e-02   1.3300932e-01  -6.9266886e-02  -8.8525092e-03  -1.2147644e-01   1.8920256e-01   7.4951363e-02   1.3980230e-01   1.7275386e-01   7.5710383e-02  -5.6103137e-03   4.3930491e-01   3.8756375e-01   1.7883331e-01   7.8621804e-02   2.8107724e-01  -1.0571947e-01   2.4024827e-01  -2.1744049e-01   3.6937646e-02  -1.2972089e-01  -8.4090125e-02   3.5275494e-01  -5.6896483e-02   2.1802594e-01  -3.1559610e-02   1.4377079e-01   1.2002081e-01  -1.4042083e-01  -5.3938867e-02   6.0106386e-02  -1.7119867e-01   5.3818376e-02  -1.8802013e-02  -3.4420020e-01   3.1691546e-02   1.3360128e-02   1.7960404e-01   1.4561099e-03  -2.1939498e-01   1.9145785e-01   1.9970368e-01   1.9250741e-01   1.5108921e-01   4.0731712e-01   2.6662474e-01   6.1638626e-02  -1.4699723e-01   2.0391679e-01  -6.3793921e-02  -1.0994543e-01  -3.6205341e-02  -1.7482703e-01  -3.0174319e-02   1.0705647e-01  -2.6544053e-02  -4.3606586e-02   9.1194439e-02   1.8726918e-01   2.4146972e-01   2.6493929e-01  -1.1805348e-01  -2.2312389e-01   3.5483763e-01  -3.1109038e-01   2.0090275e-01   1.4617140e-01
   3.0689455e-01   3.2584736e-01   0.0000000e+00  -1.0751967e-01   1.2108836e-01   5.0658867e-01  -6.2320933e-01   2.9342846e-01   1.3286880e-01  -3.1877151e-01  -9.6014906e-02   3.2421454e-01  -1.8923976e-01   1.1905681e-01  -2.1035639e-01  -9.7211151e-02   8.5948036e-01  -2.8612983e-01   4.5274165e-01  -1.3617285e-01  -3.8210755e-01  -4.1123558e-01   1.6176554e-01   2.5091034e-01   2.4462990e-01   5.0175126e-01   2.7502725e-01   2.9295516e-01  -3.3027082e-01  -1.3175096e-01   6.9260608e-02  -2.9093458e-02   3.5008580e-01  -2.5780913e-01  -3.3179439e-01  -4.8253137e-02  -2.9226938e-01   2.2481364e-01  -1.9169942e-01   4.0529257e-01  -2.9746452e-01   1.7195759e-02   3.3149860e-01   3.8189788e-01  -4.8279209e-01   5.2750262e-01  -3.3141864e-01  -3.2498089e-01  -1.3527962e-01   6.2612682e-01  -5.2308484e-01   5.5500178e-01   3.3164784e-01   4.3353184e-01   2.8519131e-01   2.7836866e-01   2.4785819e-01  -3.2767210e-01  -3.5940525e-01   1.0074592e-01   6.7053284e-01  -1.1626657e-01  -3.8243899e-01   1.1415148e-02  -2.9084731e-01  -4.6421824e-01   4.0507292e-01   9.7507654e-03   8.2187862e-02   6.3518328e-01   1.6621493e-01  -3.4093688e-01  -2.1132211e-01   4.1567012e-01   2.1781729e-01  -4.3743558e-01   5.1590427e-01   1.9570390e-01   2.3579552e-01  -1.3530539e-01   3.1862668e-01   8.6612526e-02   9.7484599e-02   2.2267529e-01   5.6280696e-01  -2.6422267e-01   1.9106522e-01   1.8608540e-01  -8.4951184e-02   2.9649362e-01   3.6406902e-01   6.6106034e-01   3.1524321e-01   1.0869445e-01   4.2402786e-01  -1.0418410e-01  -1.8559267e-01   4.6861196e-01  -6.5199043e-02  -6.1079453e-01   4.1790370e-01   1.9352484e-01   2.4312715e-01  -1.0251511e-01  -5.3306126e-01  -1.4713693e-01   4.1413862e-01   3.0867934e-01  -1.7552939e-01   2.7135023e-01   1.3351545e-01  -2.4261811e-01  -4.0722588e-01   2.1414718e-01   2.9332817e-01   1.0534316e-01   2.9686548e-01  -4.2595714e-02   4.5781083e-01  -2.9065261e-01   2.1089428e-01   5.1604280e-01   1.8904663e-01  -1.3486937e-03   2.5784236e-01   3.7018473e-01  -4.1209080e-01   2.2574970e-01  -4.9455603e-01   4.1115798e-01  -4.1986874e-01  -3.0849092e-01   4.2264803e-01  -8.8636289e-02  -3.5718836e-01  -3.4444037e-01   9.9177896e-02   1.4899463e-01   7.8251897e-02   2.5243395e-01   2.2585123e-01  -2.2445180e-01  -3.7066634e-02   2.7320457e-01  -4.0864257e-01  -8.6742333e-02   9.6265883e-02   2.2422817e-02  -3.1129019e-01  -3.3853749e-01   4.5448635e-01   4.5148174e-01   4.4950038e-01   1.3016424e-01   5.6977848e-01   2.2846401e-01   2.6851508e-01  -3.4438804e-01   5.6869871e-01   1.8665509e-01  -3.1099700e-01  -3.6471126e-01  -4.0800421e-01  -3.5985404e-01   7.8679757e-02   7.7637852e-03   3.0651347e-02   2.3811219e-01   3.9353351e-01   2.1647113e-01   2.9514152e-01   1.1137861e-02  -5.3832811e-01   2.9030403e-01  -1.5587518e-01   3.9071566e-01  -1.4401456e-01
   3.0833167e-01   1.4653721e-01  -1.0751967e-01   0.0000000e+00  -5.6404360e-02  -5.0979959e-02   3.1272150e-02   3.3061013e-01   3.1015247e-01  -2.1240080e-01   3.0503000e-01  -1.9054471e-01   1.6570273e-01   3.9102682e-01   9.7118604e-02  -5.6243660e-02  -1.0271909e-02  -6.8402795e-02   4.9694759e-02  -2.5107683e-01  -1.1716675e-01   4.9847599e-01   3.1435270e-02   3.0478273e-01  -1.8872668e-01   1.9592812e-01  -7.1828328e-02  -8.9621839e-02   1.3967641e-01   5.7328761e-01   1.2653585e-01   4.9314564e-01   8.1364971e-02  -1.7077260e-01   2.4167046e-01   3.1650750e-02  -2.9530923e-01  -9.4215032e-02   7.5808075e-02  -3.2949349e-01  -6.6093316e-02   2.2474651e-01  -8.1991380e-02   3.0595214e-01  -4.1446478e-02   1.2053430e-01   2.4638836e-01   4.2162181e-02  -2.2042199e-01  -1.5148310e-01   1.3030814e-01   1.9269428e-01  -3.1948498e-02   2.2873948e-01   7.0432941e-02   1.2453118e-01   4.9967081e-02   3.5546328e-01   2.3185923e-01   2.1075782e-01   2.2477021e-01  -1.7806035e-01   1.9488618e-01   2.8241030e-01  -2.3335187e-01  -2.5849079e-01   6.0733022e-02  -3.9150823e-01   4.7295074e-01  -2.3756936e-01  -2.9603374e-01   3.9323978e-01   2.4360405e-01  -4.0831729e-02   4.2078671e-01   3.7474417e-01   1.3932583e-02   4.1763905e-02  -8.5001251e-02  -1.7540405e-02   1.3126548e-01   2.0443147e-01   9.9660300e-02   2.1363935e-01  -3.2362446e-02   3.4109366e-01   3.5614495e-01   4.3131632e-02  -1.9022886e-01   1.4255477e-01   5.8455665e-02   1.7528102e-01  -2.5123134e-01   3.5218986e-01  -6.3535245e-02  -1.1677913e-01   1.3214222e-01   1.8195099e-01  -3.2493203e-01  -7.7843895e-02  -8.6818975e-02   1.8418281e-01   4.3469888e-01   3.2323085e-01   4.4195464e-01   4.8237393e-01   2.7614407e-01   3.8008779e-01  -2.0501706e-01   3.0287233e-03  -1.4975849e-01   4.3634824e-01   1.7369327e-01   2.9906192e-02  -1.0307649e-01  -2.5966122e-02   1.4889945e-01   3.4723128e-01  -1.1253417e-01   4.1265341e-01   7.9695401e-02  -3.1684553e-02   8.7398683e-02   2.1932846e-01   2.5787355e-02   1.6447878e-01   2.8540073e-01   2.7606374e-01   3.9052952e-01  -2.3692760e-01   3.0009445e-01   3.2882916e-02   1.3017685e-01  -6.8531878e-02   4.7504288e-01   4.0512678e-01   4.1671254e-01  -2.5535467e-03   3.3404290e-01  -9.2426402e-03   5.2929093e-02   1.5673203e-02   4.2617959e-01  -4.5872345e-01  -5.3569463e-02   3.4368037e-01  -3.3128473e-01  -1.8123227e-01  -2.3925156e-01  -3.1452476e-01   2.0908579e-02   3.0066967e-01   9.9228414e-02  -1.8913051e-02  -1.4786488e-01   2.3179496e-02   8.6029757e-02   2.3375683e-01   8.8624875e-02   3.0897802e-01   2.1445308e-01   2.3672792e-01  -3.4935759e-01   4.2161548e-01   3.9004498e-01  -1.3560854e-01   5.5316837e-02   1.3038355e-01   2.2188708e-01   1.3254125e-01  -2.6732477e-02  -1.4757413e-01  -2.0402160e-01   3.7780990e-02  -5.4761417e-02   1.1098137e-01   5.6289036e-01
  -1.5840989e-01  -2.0271005e-02   1.2108836e-01  -5.6404360e-02   0.0000000e+00  -8.9935916e-02  -2.1418891e-01  -9.9605392e-02   1.8303386e-02   1.5631025e-01  -1.2398433e-01  -1.4858838e-01   2.6130315e-01   6.9864937e-02  -2.5043304e-01   8.0129720e-02   1.0266359e-01   1.4111543e-01  -1.3307993e-01   5.0896919e-01   3.8291084e-02  -1.7726297e-01  -2.1911240e-02  -2.8083296e-01   2.4595764e-01  -1.8867022e-01   3.4550463e-01  -2.0035249e-01  -8.7406734e-02  -7.9719851e-02  -9.4574920e-02  -4.8953886e-02   6.5559591e-03  -1.2735349e-01  -3.1243694e-01   1.8274845e-01   1.6774225e-01  -3.8460107e-01   4.5285882e-02   3.2222893e-01   2.7561736e-01  -1.4311745e-01   1.7903513e-01   3.2265929e-02   3.2275979e-02  -1.0313292e-01  -1.7970510e-01  -5.6141339e-02   6.5312057e-02   1.2843166e-01  -1.2938346e-01  -1.9170024e-01  -8.1637215e-02  -9.9923172e-03  -1.9635316e-01  -2.9388034e-03   8.7030501e-02  -2.2376556e-01   4.3265046e-02  -2.1058628e-01  -8.1390540e-02   3.4381639e-01  -3.0153120e-02  -7.8509271e-02   1.1125952e-01   2.6769921e-02  -6.0687083e-02   1.9465127e-01  -5.6223634e-02   1.3329371e-01  -4.1844837e-02  -2.9683436e-01   4.9116052e-02  -1.0108080e-01  -2.3703855e-01  -1.9254289e-01  -1.2114891e-01  -2.8061388e-03   3.2904832e-01   7.0965569e-02  -1.3332248e-01  -7.7275095e-02  -2.1758501e-01  -1.9628009e-01   7.6539535e-02  -1.0705014e-01  -2.3181960e-03  -2.1808762e-01   1.8141833e-01  -1.0047795e-01   1.8888502e-01  -5.4803830e-02  -1.3212984e-02  -2.5305830e-02  -1.4032565e-01   4.3869713e-01   1.8292684e-01  -7.4291982e-02   1.9052565e-01   1.1366017e-01  -3.5937641e-02  -1.8153115e-01  -2.7813055e-01  -1.4014929e-01  -3.0260043e-01  -3.3341319e-01  -4.8642198e-02  -1.5175012e-01   2.9430991e-01  -6.9228121e-02  -3.4007630e-02  -2.3134976e-01  -7.0708063e-02  -2.2339111e-01   1.8138940e-02  -1.1199736e-01   4.9988594e-02   1.9809160e-01   1.7280440e-01   1.9083806e-02  -1.1928054e-01   3.0326806e-01  -1.4379082e-01   2.6591918e-02  -2.7021968e-01  -3.5516200e-02  -2.4629562e-01   9.7305889e-02  -3.0234442e-01   3.0362116e-01   6.2311591e-02  -1.6308367e-01  -1.2859943e-02  -2.1533325e-02  -7.1367731e-02  -1.2667459e-01  -2.8625006e-02   2.3033210e-02  -2.3645403e-01  -6.5883851e-02  -4.0325362e-02   3.0046164e-01  -1.2789408e-01   2.0543384e-01  -2.3855849e-01  -6.8967910e-02   1.1857942e-01   2.2153492e-01   1.9187976e-01   4.8726436e-02  -4.7442700e-02  -2.1978111e-01  -7.6624843e-02  -4.7575217e-02   1.6872218e-01  -3.3172292e-01  -1.5602451e-01   5.7852038e-02  -5.4462553e-02  -1.1929600e-01   7.1294193e-02  -1.3447653e-01   4.4329401e-02  -9.7696955e-02  -1.1466186e-01   8.0700674e-02   4.2943773e-02  -1.2946288e-01  -3.3345651e-02   2.6980381e-02   3.5614566e-01  -2.4913228e-01   3.5944189e-02  -2.5566899e-01  -7.1431247e-03   2.4945697e-01   3.3669220e-02
   4.5125778e-02   3.7894715e-01   5.0658867e-01  -5.0979959e-02  -8.9935916e-02   0.0000000e+00  -1.8515766e-01   2.0769469e-01   1.7674817e-01  -1.2562262e-01  -4.6218377e-02   3.2292450e-01  -2.8962408e-01   5.1652074e-03  -2.9814518e-01  -2.7943934e-02   4.7472247e-01  -4.2209137e-01   6.0175399e-01  -3.0339823e-01  -2.0311063e-01  -2.3401751e-02  -1.3296491e-01   1.6658444e-01  -1.0870974e-01   5.4454805e-01   1.3618005e-01   2.1483256e-01  -1.2519871e-01   4.3545990e-03   3.4431440e-02  -1.3755077e-01   4.1453456e-01  -1.6968057e-01  -2.5630214e-01   4.9200863e-02  -3.8212743e-01   2.1212405e-01   6.1252673e-02   2.9995428e-01  -4.0328049e-01   6.7560731e-02   3.6140028e-01   2.3560462e-01  -4.9708627e-01   9.4960589e-02  -5.8618050e-02   1.0811728e-01  -2.9920910e-01   4.6426773e-01  -3.0443573e-01   3.4847769e-01   3.4371840e-01   2.8816497e-01   2.9043554e-01   3.1457160e-01   3.6356048e-01  -1.3946558e-01  -3.0690086e-01  -3.1722276e-02   3.9486663e-01  -2.1106712e-01  -1.6446159e-01   1.5531998e-01  -4.1819827e-01  -7.6881856e-02   7.5805609e-01  -1.6967627e-01   5.4913171e-02   2.0580353e-01   2.6671629e-01  -2.5509185e-01  -1.1830411e-01   1.7274912e-01   6.8951851e-02  -1.6121040e-01   1.9863204e-01  -6.9502142e-02   2.7345451e-01  -3.2217418e-01   2.7898611e-01   1.0976451e-01   2.5548444e-01   1.6044553e-01   5.3163555e-01  -1.9446415e-02   2.9890596e-01   1.3193286e-01  -1.4942901e-01   7.6676373e-02   1.6384756e-01   3.0898784e-01   5.0869920e-01  -5.9701410e-02   5.5022581e-02  -2.8545884e-01  -3.5999782e-01   4.5680848e-01  -1.9591775e-01  -3.9111779e-01   4.0631188e-01   6.7545435e-02   3.7870304e-01   2.8328009e-02  -3.6049625e-01   3.9411073e-02   1.8958752e-01   3.9875203e-01  -3.7930423e-01   4.4320260e-01   2.7863439e-01   2.6739578e-02  -2.9743108e-01  -4.2714193e-02   8.3368565e-02   1.3536989e-01   2.5613082e-01  -1.6395634e-01   5.4211626e-01  -1.7311032e-01   1.9807234e-03   2.3528024e-01   2.1983759e-02  -1.1350590e-01  -2.7621983e-02   1.7529666e-01  -5.6389530e-01  -2.7251061e-03  -1.2337095e-01   2.3901822e-01  -3.1313673e-01  -2.8648410e-02   1.4487828e-01  -2.2052606e-01  -2.5509678e-01   1.2557913e-02  -7.4806218e-02   1.5862624e-01   1.0469781e-01  -2.2079829e-02   1.4562939e-01  -6.2494580e-02  -9.5599978e-02   2.4535369e-01  -4.2778898e-01  -1.6254459e-01   1.1937196e-01   1.0360654e-02  -2.1943518e-02  -1.6893033e-01   2.4962435e-01   3.0384001e-01   1.9977214e-01   1.0766457e-01   5.1736280e-01   1.3113767e-01  -9.9627552e-02  -2.9538320e-01   2.9268474e-01   2.3766586e-01  -3.7967322e-01  -2.1156395e-01  -3.0986973e-01  -3.7748029e-01  -1.1372381e-01  -8.0011317e-02  -1.1999289e-01   5.5487991e-02   1.2135862e-01   1.9056893e-01   2.1997889e-01   2.7932535e-02  -3.5489218e-01   5.6342686e-01  -2.7214765e-01   1.9765230e-01   2.8941288e-02
  -4.2630710e-01  -9.5069660e-02  -6.2320933e-01   3.1272150e-02  -2.1418891e-01  -1.8515766e-01   0.0000000e+00  -4.7608250e-01  -1.8774005e-01   2.6172038e-01   8.2670394e-02   1.4962680e-03   1.8406001e-01  -2.1338143e-01   5.0452960e-02   1.1369944e-01  -6.8569604e-01   1.8106042e-01  -3.1148426e-01   2.6864228e-01   1.8333365e-01   3.9969202e-01  -2.5067416e-01  -2.6727711e-01  -3.3071808e-01  -3.7144394e-01  -2.2748256e-01  -2.3399764e-01   3.4814797e-01   2.0470530e-01  -1.1249685e-01   2.9981398e-02  -1.5934871e-01   2.7387422e-01   1.4401596e-01   2.8780787e-01   1.8367154e-01  -1.4792251e-01   2.1294850e-01  -7.9581261e-02   1.1370616e-01   3.3541076e-03  -2.4397731e-01  -3.6190971e-01   2.3142731e-01  -5.4461028e-01   4.7712467e-01   5.7959477e-01   9.4972151e-02  -5.7598084e-01   5.5471151e-01  -5.3858962e-01  -4.0654946e-01  -3.7569969e-01  -2.6035140e-01  -2.1731417e-01  -2.5735845e-01   2.9810688e-01   3.4378652e-01  -4.6382419e-02  -5.3410827e-01   1.9558348e-01   2.7365742e-01  -6.0534552e-02   3.6747600e-02   5.0743767e-01  -2.2701208e-01  -2.4629573e-02  -9.3688680e-02  -4.7618649e-01   5.3029651e-02   3.2069242e-01   2.9388811e-02  -3.1426524e-01  -2.0292162e-01   3.6026038e-01  -3.8424948e-01  -2.6702911e-01  -2.0581133e-01   1.1582251e-02  -2.2431655e-01  -1.3827739e-01   4.6079374e-02  -2.1995769e-01  -4.5904515e-01   2.5183508e-01  -2.4891037e-01  -1.7542832e-01   1.0879620e-01  -3.6800449e-01  -4.1925031e-01  -5.4619304e-01   5.5381971e-03  -7.3192804e-02  -4.2163946e-01   7.7298441e-02   3.0273854e-01  -4.1743025e-01   1.2860857e-01   5.3196549e-01  -3.9371597e-01  -2.3307275e-01  -2.3161575e-01  -4.2887010e-02   3.9733306e-01   2.7013371e-01  -4.1594391e-01  -3.4184387e-01   9.7819852e-02  -1.8135658e-01  -7.6070031e-03   3.1562338e-01   3.4114342e-01  -3.5262325e-01  -1.0104696e-01  -1.7547680e-01  -2.5551212e-01  -4.0975716e-02  -2.6145656e-01   3.3818987e-01  -3.0210030e-01  -3.7131345e-01  -7.9579802e-02  -1.7829701e-01  -2.5646751e-01  -3.8084660e-01   2.7063886e-01  -3.1085459e-01   4.4187221e-01  -1.9003895e-01   2.0929331e-01   3.3157302e-01  -5.0174993e-01   2.1083258e-02   3.1125662e-01   2.4612371e-01  -6.8857923e-02  -2.1595802e-01  -8.0522973e-02  -2.9764322e-01  -2.7984722e-01   1.2137956e-01  -3.8421278e-02   5.9968726e-02   1.2698288e-01  -1.4032850e-01   1.7842752e-01  -9.5578416e-02   4.5057614e-01   2.6241841e-01  -3.1971113e-01  -5.0146248e-01  -3.6264698e-01  -1.2153435e-01  -2.6732567e-01  -3.0797590e-01  -2.9385055e-01   2.4424225e-01  -5.2049891e-01  -2.0431177e-01   2.3878226e-01   3.1049106e-01   3.0824531e-01   2.3441026e-01  -1.0268282e-01  -9.3103770e-02  -1.8381567e-01  -2.5605929e-01  -5.0441783e-01  -3.8236395e-01  -2.1412479e-01  -8.4808933e-02   5.1632794e-01  -8.2629950e-02  -7.4525430e-02  -3.6865320e-01   9.6837103e-02
   4.9598620e-01   1.5837645e-01   2.9342846e-01   3.3061013e-01  -9.9605392e-02   2.0769469e-01  -4.7608250e-01   0.0000000e+00   3.3485599e-01  -1.6312191e-01   1.6313398e-01  -8.3004879e-03  -2.8529708e-01   3.7284564e-01  -1.2915277e-01  -2.5661231e-01   3.7518866e-01  -2.6752752e-01   2.9052598e-01  -4.6112304e-01  -1.5847449e-01   1.1846818e-01   6.1133412e-02   4.1918955e-01   2.2570443e-02   5.4253550e-01   4.5626471e-02   1.2078140e-01  -9.2751016e-02   1.2524166e-01   2.0719488e-01   2.8985311e-01   1.6829195e-01  -1.4354638e-01   1.2060854e-01  -3.0674840e-01  -3.6528816e-01   1.0300299e-01  -1.2853616e-01  -1.9988394e-01  -2.8984992e-01   1.9796352e-02   9.8863852e-02   5.5770700e-01  -2.1451905e-01   5.0765987e-01  -2.4434503e-01  -1.2308504e-01  -2.4073912e-01   1.9609375e-01  -3.1982321e-01   6.0692777e-01   3.1941878e-01   4.3003567e-01   3.5260841e-01   3.8552757e-01   1.8833354e-01   3.3605414e-02  -1.3129900e-01   1.3478387e-01   5.6444815e-01  -3.0623702e-01  -1.2159974e-01   4.5874115e-01  -1.1355989e-01  -2.8177448e-01   4.5462935e-01  -2.9163735e-01   2.8111243e-01   1.0858737e-01  -1.0879757e-01   4.3640148e-02   2.4073015e-02   2.7051954e-01   4.0031867e-01   1.1741330e-01   3.7657274e-01   4.0934424e-02   1.7002774e-01  -1.9765914e-01   3.3580649e-01   4.0252186e-01   3.1155004e-01   4.4635022e-01   3.7593147e-01   2.7193018e-01   4.3695742e-01   2.8060956e-01  -2.1494039e-01   4.4018957e-01   2.5243172e-01   4.3904779e-01   1.2056476e-01   2.0571549e-01   2.4050474e-01  -3.2384862e-01  -1.9739992e-01   5.2422306e-01  -2.7218329e-01  -4.0042479e-01   2.7941356e-01   2.8007901e-01   6.6357113e-01   2.4877894e-01   6.2285320e-02   1.5503584e-01   4.1276415e-01   6.1646851e-01  -2.7744769e-01   3.2192489e-01   2.3330785e-02   1.1403478e-01  -1.4419953e-01   3.5415960e-01  -1.5533366e-01   3.1333348e-01   3.3412926e-01   1.2351691e-01   7.3965423e-02  -1.1814302e-01   3.6712487e-01   2.2811900e-01   3.0178593e-01   2.4948640e-01   2.8570066e-01   4.5745849e-01  -7.3538251e-02   3.1922422e-01   1.8405246e-02  -1.2422362e-01  -1.5666780e-01  -2.3258564e-01   4.9669195e-01   1.1330183e-01   5.2483513e-02   3.4347951e-01   9.1052996e-02   3.4126554e-01   4.6254050e-01   2.2337586e-01   3.4789836e-01  -1.9674248e-01   2.0055779e-01  -3.9224865e-01  -2.0177833e-01   3.1886035e-01  -1.9669444e-01   8.2400545e-02  -3.6914515e-01  -2.9937322e-01   3.4644200e-01   7.5616009e-01   3.4904110e-01   2.8688453e-01   1.2279181e-01   3.9134576e-01   3.9170874e-01  -8.4564174e-02   4.0385552e-01   3.6758222e-01  -5.2479876e-03   8.4408855e-02  -3.9498440e-01   8.0889145e-02   2.8971983e-01  -9.7854490e-03   2.1325888e-01   4.0529733e-01   4.5656149e-01   3.3895032e-01   3.5317025e-01   6.0374133e-02  -4.0402822e-01   3.2255744e-01   1.7820573e-04   2.0374654e-01   1.9215484e-01
   4.4819842e-01   2.6337674e-01   1.3286880e-01   3.1015247e-01   1.8303386e-02   1.7674817e-01  -1.8774005e-01   3.3485599e-01   0.0000000e+00   1.3603818e-01   2.2201346e-01   1.7572449e-01  -2.8196247e-01   5.6431047e-01  -1.8943856e-02  -3.1502013e-02   2.1987921e-01  -5.5468928e-01   2.3418797e-01  -4.0979323e-01  -2.3361789e-01   1.9213515e-01   2.4441196e-01   4.2693631e-01  -3.0505560e-01   2.9395532e-01  -1.0320311e-01   2.6956513e-01   1.2297013e-01   1.3528102e-02   2.2630911e-01   2.1861987e-01   1.5102738e-01  -3.5270326e-02   3.4262663e-01  -1.2839125e-01  -6.5578407e-01  -2.6235696e-02   8.9142928e-03  -6.3164682e-02  -4.3905899e-01   4.7358195e-02   3.3543796e-01   2.8298911e-01   1.1515953e-01   2.2960482e-01  -1.8502796e-01  -5.3941234e-02  -7.1172452e-01   1.8872316e-01  -1.0384870e-02   1.7051809e-01   1.5974925e-01   4.7840343e-01   4.3087628e-01   2.1168997e-01  -2.4788820e-02   1.4008858e-01  -2.0379368e-01   4.5147430e-01   2.9915543e-01  -3.3753942e-01   1.7249347e-01   2.8710063e-01  -3.6866033e-01  -1.8495424e-01   2.8262234e-01  -6.8213673e-01   6.8076603e-02   1.4519760e-01   1.0300115e-01   2.4692985e-01   2.9986005e-02   3.0120962e-01   3.9881686e-01  -9.0351702e-02   2.9603907e-02  -2.5254897e-02   1.5259271e-01  -5.0154949e-01   3.3520478e-01   1.6505039e-01   2.3051432e-01   1.3898619e-01   2.1390150e-01  -9.9796464e-02   6.8688561e-01   2.2150658e-01  -4.4156522e-01   4.1586378e-01   1.6492431e-01   2.3921345e-01   2.5086763e-03   6.1656488e-01  -1.3513522e-01  -2.0724038e-01  -2.5631124e-01   2.7824800e-01  -7.5926747e-01  -5.9941133e-03   3.6668598e-01   4.0750023e-01   2.2452082e-01   6.1237245e-01   8.5516243e-02   3.3412864e-02   4.3967374e-01   2.3619126e-01  -2.3676714e-01   2.7608659e-01   1.6870564e-01   1.2840538e-01  -4.0883089e-01   1.8614042e-02   1.2939905e-01   1.5398093e-01   1.9878429e-01   1.3144520e-01   1.2428384e-02   2.4310568e-01   1.7077572e-01   5.7021592e-02   2.3566025e-01  -2.1135396e-02   4.8083356e-02   3.6162959e-01   7.2671676e-02   3.3036141e-01   1.6058901e-02   6.4615645e-02  -1.2130082e-01   1.8504149e-01   4.5950487e-01  -2.7211726e-02   3.3850216e-01   1.0729097e-01   2.0772780e-01   2.9962654e-01   1.2583180e-02   7.5791754e-02   2.5374690e-01  -3.6380018e-01   1.1101922e-01  -8.8416789e-02   9.8813231e-04   1.7943353e-01  -5.5176182e-02  -1.4513062e-01  -2.2002310e-01  -6.3573485e-01   2.1454304e-01   2.7921426e-01   2.9372273e-01   2.4325538e-01   1.3650610e-01   3.2261689e-01   1.6240199e-01   7.2207283e-02   3.4242194e-01   1.1596378e-01   5.3638748e-02  -7.2060356e-02  -4.5111140e-01  -7.0594216e-02   3.0762579e-01  -9.3264056e-04   1.8603523e-01   2.9688703e-01   3.1891180e-01   1.8012061e-01   9.2223573e-02  -6.9845770e-02  -5.0149853e-01   1.3889217e-01  -9.0568466e-02   2.0253468e-01   2.8139672e-01
  -2.1218211e-01  -2.8922500e-02  -3.1877151e-01  -2.1240080e-01   1.5631025e-01  -1.2562262e-01   2.6172038e-01  -1.6312191e-01   1.3603818e-01   0.0000000e+00  -2.2095667e-01   1.0277938e-01   8.1504067e-02  -1.5250415e-01   2.3941450e-01   1.5197338e-01  -2.8833635e-01  -1.2304724e-01  -1.5788671e-01   9.3746987e-02   1.0798361e-01   4.3277699e-02   2.3282507e-01  -2.1752513e-01  -9.8163419e-02  -2.1486017e-01  -8.9724619e-02   6.3635246e-02   3.4064040e-01  -2.1358841e-01  -3.2313252e-02   1.3717373e-01  -1.5699193e-01   5.5840659e-01   1.9457088e-01  -5.8712409e-02   1.6249520e-01  -3.6155989e-01   2.0152267e-01   1.0597230e-02   1.1920304e-01  -8.1681005e-02   2.2779552e-01  -1.9449812e-01   5.6153526e-01  -4.1129377e-01  -2.3119894e-01  -3.4139012e-03  -9.9626784e-02  -1.1887326e-01   1.8529861e-01  -3.0995313e-01   7.8469137e-02  -4.3751638e-02  -3.3066430e-02  -2.1060252e-02  -1.2381648e-01   1.1444144e-01   1.1490644e-01   1.8645874e-02  -3.6921736e-01   1.6048783e-01   2.6868370e-01   8.7453661e-02   2.2928754e-01   4.0344729e-01  -5.1286403e-02   4.1621280e-02  -1.4917088e-01  -2.8952159e-01   2.0470909e-01   6.2536997e-02   8.0525016e-02  -2.4569041e-01  -2.1373144e-01  -2.4700700e-03  -5.0494528e-01  -9.1071646e-02   3.1588696e-01  -6.7672606e-02   4.6371828e-04   3.1955316e-01   1.2664074e-01  -2.3837536e-01  -2.0977451e-01   4.8366279e-02  -5.7246932e-02  -3.0738606e-02   8.6599540e-02  -3.2422763e-01   9.0716943e-02  -5.7520120e-01   4.2811478e-02   7.8561668e-03  -3.8795223e-01   4.4706555e-05  -4.7564348e-02  -1.2784929e-01  -4.6907490e-02   3.2694973e-01  -1.9313789e-01   2.4741357e-01  -1.7230975e-01  -1.9711727e-02   4.7711195e-02  -1.6006194e-01  -1.3403726e-01  -1.7658249e-01   9.5840651e-02   2.5561226e-02   4.0235537e-01  -1.1517026e-01  -3.7646721e-02  -2.6621823e-01   3.2566217e-02   2.6525525e-01  -9.3200079e-02   1.6081759e-01  -2.7418227e-01   6.2168633e-03  -3.1069623e-01   4.6284909e-02   1.8502224e-01   8.4379145e-02  -5.3910186e-01  -2.7769686e-01   1.9019304e-01  -1.4556150e-02   4.0750311e-02  -1.5827593e-01   3.4698494e-02   2.7559377e-01  -2.1954884e-01   3.6106998e-01   5.7810788e-02   1.2269555e-01  -8.4430613e-02   1.5534443e-01  -1.4028513e-01  -2.3111346e-01  -1.8620607e-01  -4.6496811e-02  -1.0133895e-01  -2.6997076e-02   5.0209915e-01   1.3131852e-01   4.0073050e-01   7.4804934e-02   2.8786732e-01  -1.7386803e-01  -3.1753659e-01  -3.0139855e-01  -3.4521699e-01  -6.4140083e-02   4.1547560e-02  -4.0158033e-02  -3.0988760e-01   1.5160743e-01  -3.5408641e-01  -3.4881999e-01   2.8115719e-01  -1.1429732e-01   5.1873520e-03  -2.2447346e-01  -6.6992316e-02   4.1147965e-01   2.3397835e-01  -9.4225478e-02  -2.2144194e-01   2.6657964e-02   1.7397516e-01  -1.9700763e-01   1.9728870e-02  -2.9909366e-01  -1.1359819e-01   1.6455953e-02  -3.1621115e-01
   4.8856779e-02   1.5695341e-01  -9.6014906e-02   3.0503000e-01  -1.2398433e-01  -4.6218377e-02   8.2670394e-02   1.6313398e-01   2.2201346e-01  -2.2095667e-01   0.0000000e+00  -6.5621957e-02   4.1411234e-02   8.7314818e-02   5.9934810e-02  -3.7551875e-02  -6.3310749e-02   4.9811322e-03   1.2034458e-02  -2.6133995e-01   1.4094787e-01   8.5800831e-02  -7.8681877e-02   1.0672975e-01  -2.2418324e-01   8.5858672e-02  -1.6293514e-01  -1.5885969e-01  -1.5263721e-01   1.3433917e-01   2.4941060e-01   1.0036138e-01   1.1156704e-01  -1.2893429e-01   2.8145447e-01   8.9664573e-02  -1.9322169e-01   6.0282613e-02   1.7988943e-01  -1.8220323e-01  -1.3517827e-01   3.2356714e-01  -1.2536549e-01   2.3500567e-02   2.5240414e-02   7.9991328e-03   3.2227947e-01   1.3307032e-01  -5.6651267e-02  -1.1826489e-01   1.1838804e-01   2.8586191e-02   7.2278901e-02   1.1449295e-01   3.5750289e-05   1.5258145e-01  -1.6377996e-01   1.2448649e-01   5.4490179e-02   1.9954492e-01   2.6386259e-02  -1.8020443e-01   1.9743177e-01   2.8915799e-01  -1.5521679e-01  -9.6164659e-02  -1.0640415e-02  -2.5031256e-01   2.1825432e-01  -1.7563579e-01  -1.1746892e-01   2.2858472e-01   1.1407223e-01  -1.4539935e-01   2.3667165e-01   1.8925036e-01   5.9225157e-02   6.4355419e-03  -1.2947611e-01  -7.4479145e-02   1.6858812e-02   9.5735309e-02   1.8923577e-01   2.5720801e-02  -1.4045134e-02   4.8823416e-02   2.9316787e-01  -1.1968238e-01  -1.6803445e-01   6.1489886e-02   1.1058962e-01   4.8797061e-02  -1.6179869e-01   1.4186974e-01  -3.1426066e-02  -2.4436564e-01  -1.1039346e-01   3.3952551e-02  -1.8409126e-01  -1.6466756e-01  -3.2056029e-02   1.3195638e-01   5.8995414e-02   4.1042671e-01   2.1445515e-01   4.0785382e-01   1.7837345e-01   5.4583445e-02  -1.0173413e-01   1.4026665e-01   2.6258801e-02   8.0300856e-02  -1.1041310e-02  -4.7376699e-02  -1.6143145e-01   1.0821927e-01  -2.8797550e-02   1.7003941e-01  -1.0042935e-01   2.9239157e-01   6.4483464e-02  -1.4150301e-01   1.2006328e-01   2.2894443e-01  -1.9114334e-02  -1.0226661e-02   2.4226331e-01   1.7609207e-01   1.6411777e-01  -1.6478929e-01   8.0899207e-02   1.8717786e-01   3.1110078e-02  -8.5260139e-02   4.2081381e-01   1.7445347e-01   1.7461664e-01   1.7033906e-02   4.9652994e-02  -6.0273754e-02   6.4082643e-03  -1.9710311e-01   1.0248318e-01  -2.4313391e-01   1.4361427e-02   1.2090428e-01  -1.9798647e-01  -9.0637178e-02  -1.6579139e-01  -2.9614998e-02  -7.1060584e-02   1.1163984e-01   4.8693522e-02   1.7776069e-01  -1.0552189e-01  -7.6091336e-02   5.0901032e-02   2.3301815e-01   2.8944255e-02   7.9159187e-02   1.8005748e-01   2.7084236e-01  -3.0539996e-03   1.7818442e-01   2.1039831e-01  -1.9023483e-01   1.6171924e-01   9.0774171e-02   4.7255822e-02   1.8497122e-01  -3.7197405e-02  -1.3179165e-02  -7.1491620e-02   1.1210092e-01  -1.5004015e-01   4.7790527e-02   2.7680586e-01
   1.4008736e-01   2.8223976e-01   3.2421454e-01  -1.9054471e-01  -1.4858838e-01   3.2292450e-01   1.4962680e-03  -8.3004879e-03   1.7572449e-01   1.0277938e-01  -6.5621957e-02   0.0000000e+00  -1.9855082e-01  -3.7200401e-02   8.5158682e-02   9.5229363e-02   2.7669879e-01  -2.8987652e-01   2.6679616e-01  -2.2713059e-01  -9.2192588e-02  -1.2132942e-01   1.8937554e-01   1.7418707e-01  -1.6374328e-01   5.9095757e-02   5.5636935e-02   2.2634463e-01  -1.7561430e-02  -1.9488321e-01   2.6410840e-01  -9.1179218e-02   3.2299942e-01   3.0732895e-01  -8.0986910e-02  -2.7481920e-02  -2.2854769e-01   2.2456875e-01   4.8749878e-02   7.9327806e-02  -3.0511547e-01   2.1293256e-01   3.6420382e-01   1.8755440e-02  -1.2516772e-01   9.2246550e-02  -1.3824338e-01  -9.2331694e-02  -2.8678108e-01   1.1296080e-01  -1.0891016e-01   1.7007383e-01   3.3990936e-01   2.8290151e-01   1.8937486e-01   3.9510237e-02  -9.5880039e-02  -7.8071389e-03  -2.4889677e-01   4.2161446e-01   1.9917604e-01  -1.0146486e-01  -9.2634171e-02   2.0061948e-01  -3.3336589e-01   1.8477055e-01   2.3857419e-01  -1.7303214e-01  -8.5480609e-02   2.9997921e-01   3.0790922e-01  -1.2472820e-01  -3.6102395e-02   1.0845941e-01   1.5594561e-01  -1.9160877e-01   1.7046858e-01  -3.8990417e-02   1.0252386e-01  -2.4355493e-01   2.9279108e-02   2.4077178e-01   2.7566487e-01  -7.8412378e-02   1.4863337e-01  -1.4104776e-01   2.3849189e-02   1.5900666e-01  -9.7610298e-02   1.5870529e-01   5.1802284e-02   1.9067696e-01   3.3692607e-01   2.6855533e-01   1.8275228e-01  -2.7878877e-01  -8.2121202e-02   1.8922833e-01  -2.4200891e-01  -1.9215426e-01   2.0247672e-01   3.4428237e-01   8.1927454e-03   2.2612596e-01  -1.4597887e-01  -2.0353937e-01   3.1876008e-01  -6.2711690e-02  -2.0825773e-01   2.8426368e-01   3.9010366e-01  -1.2800935e-01  -3.8728601e-01   8.0034122e-02   2.6823880e-01   1.7070870e-01  -9.1321573e-04  -5.5543763e-02   9.5235916e-02  -8.9341204e-02   6.1195645e-03   1.4166550e-01   2.1393362e-01  -1.0171656e-02   1.5808398e-01   2.3355161e-01  -2.2393165e-02   1.5136974e-01  -2.7556306e-01   1.1448267e-01  -2.1746287e-01   1.4663645e-01   2.0819009e-01  -1.1866816e-03   3.0401528e-02  -2.6081348e-02   1.3223253e-01   2.6101264e-02   5.0692177e-02   1.0701772e-01   4.0976363e-02  -2.8664054e-01  -5.0459420e-02   2.5715363e-01   3.8054931e-02   5.2149998e-03   3.5959249e-01  -2.6493702e-02   3.4454413e-02  -2.1903213e-01   9.8387918e-02  -5.3646036e-02   2.6611280e-01   2.2270310e-01   2.7267611e-01   2.5612884e-01   1.9130073e-02  -1.1984613e-02   1.0980831e-01  -1.5947963e-01  -1.2990584e-01  -1.6530006e-01  -8.5752556e-02  -3.4141105e-01   9.3481243e-02   1.1908629e-01   1.4421237e-01   1.6480921e-02   1.7762345e-01   8.4987461e-02   3.2008873e-03   6.3650517e-02  -3.1960196e-01   1.9793235e-01  -1.2834435e-01   1.5456907e-01  -2.8054915e-01
  -2.8645490e-01  -1.3016964e-01  -1.8923976e-01   1.6570273e-01   2.6130315e-01  -2.8962408e-01   1.8406001e-01  -2.8529708e-01  -2.8196247e-01   8.1504067e-02   4.1411234e-02  -1.9855082e-01   0.0000000e+00  -1.1899670e-01   6.8551756e-02  -1.1283023e-02  -3.2363650e-01   4.2514495e-01  -4.1539472e-01   5.7270574e-01   7.3772254e-02  -6.6317494e-02  -2.3824730e-03  -3.9533111e-01   8.6057729e-02  -4.1562501e-01   3.4161747e-02  -2.3288262e-01   2.8235700e-01   1.8423099e-01  -3.3994099e-02   8.7251471e-02  -1.9583375e-01   5.8551373e-03   1.3905026e-02   3.4456329e-01   4.5122340e-01  -4.4390590e-01   6.2804523e-02  -1.5908912e-02   6.1623572e-01  -1.3241477e-01  -1.2299126e-01  -1.4005434e-01   3.2183890e-01  -3.3753023e-01   3.1114703e-01   2.7322915e-02   3.2386557e-01  -4.1347764e-01   3.0863506e-01  -2.6357278e-01  -1.7792141e-01  -2.8881212e-02  -2.2108772e-01  -4.5673957e-02  -3.9303058e-03  -3.6704616e-02   4.1049765e-01   6.0378058e-02  -4.5552293e-01   5.6892014e-01   1.3711561e-01  -1.3402145e-01   2.6795308e-01   1.2708144e-01  -3.4173050e-01   3.7269928e-01   4.0800191e-02  -3.1028350e-01  -3.0516696e-02   1.0149124e-01   3.5699715e-01  -5.7632641e-02   9.3139462e-02  -9.3625830e-03  -2.9512874e-01  -1.6015248e-01   7.6963479e-02   5.5409762e-01  -2.7551273e-01   7.6902988e-02  -3.0750242e-02  -2.4811891e-01  -3.0031686e-01   2.4801761e-02  -2.5424077e-01  -1.2245601e-01   2.3536755e-01  -4.7849567e-01   1.7237034e-02  -4.1378047e-01  -1.7170955e-01  -8.9571276e-02  -3.0638276e-01   3.2485242e-01   4.4436210e-01  -3.0063900e-01   4.1564328e-01   1.5961401e-01  -3.0438547e-01  -7.4006793e-02  -1.4091002e-01  -1.3006421e-01   1.6390738e-01  -5.1313570e-02  -3.1719401e-01  -2.9044968e-01   4.7360201e-01  -2.0184611e-01  -1.2779255e-01   9.4690356e-02   2.8374204e-01  -3.6512022e-01   9.3922909e-02  -4.8036155e-02   6.4742784e-02   4.4450772e-01  -1.0097861e-01   1.1232420e-01  -4.5733681e-01  -3.1159705e-02   9.9077779e-03   1.4736073e-01  -3.8383913e-01  -2.4335601e-01   1.5320038e-01   1.1504630e-01   1.1750824e-02  -2.7645321e-01   2.9245848e-01  -3.1474230e-02  -3.8262246e-01   7.4155898e-02   1.5055270e-01  -8.9481469e-02   3.9860828e-01  -1.9542046e-02  -4.5303121e-02  -1.2630347e-01  -2.2739235e-01   2.4811639e-01   9.6350438e-02  -1.6282708e-01   7.6473778e-02   1.9367641e-01   9.4487173e-02   2.3284477e-01   2.8473634e-01   1.7411892e-01  -2.5759330e-02  -2.5552212e-01  -3.6027770e-01  -1.3046372e-01  -2.2949091e-01  -5.6358249e-01  -3.2808237e-01   2.8030282e-01  -4.8510062e-01  -6.6924292e-02   3.5619609e-01  -3.4890440e-02   2.6410205e-01   1.6970981e-01   1.1652029e-02   1.9476009e-01  -9.0640797e-02   1.2798535e-03  -2.0231458e-01  -3.7456422e-03  -5.8906728e-02  -5.2056216e-01   2.2562239e-01  -4.6003373e-01   1.5258277e-02   2.8898040e-02   5.5411423e-02
   6.5997569e-01   4.1888567e-01   1.1905681e-01   3.9102682e-01   6.9864937e-02   5.1652074e-03  -2.1338143e-01   3.7284564e-01   5.6431047e-01  -1.5250415e-01   8.7314818e-02  -3.7200401e-02  -1.1899670e-01   0.0000000e+00  -2.5948188e-01  -3.7504206e-01   9.0158208e-02  -1.8399857e-01   1.5981042e-01  -1.9813231e-01  -2.1537637e-01   2.1277704e-01  -1.9592838e-01   5.0375410e-01   3.2068911e-02   3.1527441e-01  -1.9112832e-01   1.5483871e-01   1.0898928e-01   3.7949235e-01  -2.9231898e-02   3.0967013e-01  -9.8380003e-02  -2.2801338e-01   2.9370623e-01  -1.1327680e-01  -3.8894807e-01  -7.0230969e-02  -3.1190567e-01  -2.7905679e-01  -2.2629678e-01  -2.0324260e-01   1.7335080e-01   3.5511843e-01  -1.1592246e-01   4.1139878e-01  -9.9638933e-02   1.6998527e-01  -3.1333877e-01   1.2053916e-04  -1.0892932e-01   3.6699074e-01   5.6684441e-02   2.5884120e-01   3.6753208e-01   3.2098909e-01   1.5891026e-01   1.6784310e-01   3.9957818e-02   3.3872969e-01   2.4131528e-01  -2.9621705e-01   2.8574460e-02   3.2796917e-01  -2.3716776e-01  -2.0693675e-01   1.2641170e-01  -4.5779673e-01   2.7006574e-01   3.9213524e-02  -1.6570472e-01   1.1855194e-01   9.3092157e-02   4.3997197e-01   3.3191999e-01   2.6687717e-02   2.1351823e-01  -3.5086641e-02  -2.1812927e-02  -1.0431818e-01   1.9702607e-01  -1.3318682e-02   4.8915653e-02   2.7063483e-01   2.9105084e-01   5.8242117e-02   7.7084813e-01   3.7019118e-01  -1.1406680e-01   6.1688304e-01   2.2869271e-01   2.5350219e-01  -1.2651870e-01   5.4341719e-01   3.9657545e-02   7.9160156e-02  -4.8086107e-02   3.4300367e-01  -3.3599369e-01  -9.5710738e-02   2.8580147e-01   6.3913800e-02   3.1382760e-01   4.7235254e-01   1.6394664e-01   1.7060713e-01   1.9731462e-01   3.7796161e-01  -1.5034720e-01   8.4018048e-02  -2.9475929e-01   3.4182968e-01  -1.5593169e-01   2.8151753e-01  -2.9246794e-01  -1.2828771e-01   2.2434062e-01   2.1749438e-01   1.2394325e-01   2.3346434e-01   3.4135224e-01   2.7616698e-01   2.5785424e-01   1.7897142e-03   3.2363677e-01   5.5466389e-01   9.9217592e-02   2.6309191e-01   3.2314156e-02  -1.7897039e-02  -3.9150152e-02  -2.9686555e-01   5.9626735e-01  -2.2407533e-01   3.3008878e-01   1.7734460e-01   2.9143797e-01   2.4842633e-01   6.2605666e-02   2.7271152e-01   4.0428002e-01  -1.4527477e-01   3.2206705e-01  -2.5846687e-01  -2.9496630e-01   1.5579984e-01  -4.1736603e-01   3.8271496e-02  -2.8032133e-01  -3.8522298e-01   4.3094359e-01   4.4374822e-01   3.4876673e-01   2.5609952e-01  -9.3311947e-02   3.5480712e-01   3.9579372e-01   4.7122132e-02   2.6013214e-01   3.1977800e-01   7.1435539e-02   8.8768803e-02  -1.7453768e-01   2.8969589e-01   2.1394256e-01  -1.8326550e-01  -5.0451742e-02   3.9229203e-01   3.1781533e-01   4.3207797e-02   3.1389373e-02  -5.9407585e-02  -3.0198047e-01   1.7844329e-01  -4.7631823e-02  -3.1718945e-02   4.2629646e-01
