   0.0000000e+00   1.3995207e-01  -2.2733847e-01  -2.5817189e-01  -3.1600231e-01  -3.8410335e-01  -1.9222091e-01  -1.8437902e-01   5.2492933e-03  -9.4041445e-02  -3.1737839e-01   5.8087724e-02  -4.3770851e-01   4.1383995e-01   1.3757659e-01  -2.5268469e-01  -2.8370169e-01   5.7325145e-02   1.1290815e-01  -4.1628633e-01   3.2642225e-01  -2.6937084e-01  -3.5297710e-01   5.0864199e-01   2.6017197e-01  -4.5824913e-01  -5.4529520e-01   3.8519900e-01  -8.5142404e-03  -1.2991092e-01   2.7313925e-01  -3.0554254e-01   2.7100512e-01  -2.2773793e-01   1.0372526e-01  -6.6257854e-01   2.0505857e-01   5.4649282e-01  -1.2058679e-01  -1.8030175e-01  -1.2915056e-01   1.9774207e-01  -1.4450621e-02  -1.7988161e-01  -1.7405977e-01  -9.7690501e-03  -5.9482433e-01  -1.0713747e-01   1.9293946e-01  -3.8975720e-02  -6.1082104e-02  -3.3145540e-01  -3.4687195e-01   3.4439745e-01   5.2509764e-01  -6.4472456e-02  -1.4906133e-01  -2.7335667e-01  -2.3206562e-01   1.2741008e-01  -5.6124374e-02  -3.7732623e-02   1.2299554e-01   6.4913708e-02  -1.6179979e-01  -1.7799255e-01  -3.9101364e-01  -1.7183655e-01  -4.0606026e-01  -2.0864433e-01  -1.3996210e-01  -7.0863046e-02  -1.9222575e-01   1.5450571e-01   4.5649161e-01  -2.6847205e-02   3.6634564e-03  -1.9652676e-01  -2.6618154e-01   8.1909269e-02  -3.5080827e-02  -1.0644327e-01  -1.2443978e-01  -1.6727090e-01   4.7426571e-01  -1.2445280e-01   2.2036090e-01   2.6702684e-01   2.8378012e-01   4.7238941e-01   1.5966522e-01  -1.0546035e-01  -1.3572881e-01   1.2267003e-01   2.7363016e-01  -5.3384626e-01  -9.8104238e-02  -2.6852946e-01  -1.7738543e-01  -1.0431961e-01   3.4173636e-01  -1.9464612e-02  -1.7838222e-01   7.5878803e-02  -4.0885543e-01  -1.2564151e-01   3.3644784e-01  -4.7647867e-01   1.9457161e-01  -4.8661941e-01  -2.8749326e-01  -5.0542901e-01   7.5179509e-02   6.9083086e-01   2.3185962e-01  -8.1829588e-02  -1.6389288e-01  -2.8024650e-01   2.6423841e-01  -3.0373361e-01   9.6670704e-02  -1.7495718e-01   3.2553152e-01   8.4313649e-03   2.6200971e-02   3.6498201e-01  -9.6938576e-02   3.0532167e-01  -1.3504435e-01  -2.0221008e-01  -2.2611913e-01  -3.3483493e-01   1.1687819e-01   2.7556491e-01   1.2409189e-02  -6.7941898e-02   1.3288435e-01   1.5455415e-01  -9.6235454e-02   5.8883189e-01   8.0888704e-01  -1.1454265e-01  -3.0144914e-01  -8.3709319e-02   5.1451821e-02  -2.1154296e-01  -1.6296769e-01  -3.3406523e-01  -4.7414592e-01  -2.3114525e-03   2.4388011e-01   2.7294314e-01   1.2457271e-01  -2.0811920e-01  -4.1185643e-02   7.6250980e-01   2.8417453e-01  -4.2559843e-01  -2.3866382e-01  -2.3819333e-01   6.3431816e-02  -2.3784528e-01  -4.5547739e-02  -3.7631399e-01  -3.4435825e-01   3.0173125e-02  -2.2340328e-01   3.3042101e-01   3.9635730e-01  -3.0175634e-01  -1.2448656e-02   2.8910917e-01  -9.5785638e-02  -2.7721401e-02   3.2243665e-01   1.4481508e-01  -2.9133945e-01
   1.3995207e-01   0.0000000e+00   2.9951698e-02   2.7962076e-01   1.0664459e-01   1.2203010e-01   1.7133963e-01  -2.7554922e-01   4.0503610e-01   5.7265697e-02   3.3713269e-04   6.9775528e-01  -1.5256689e-01  -5.7681580e-02   1.6247539e-02   3.2701533e-01  -7.9422074e-02  -7.0728414e-02   2.4384042e-01   1.0026215e-01   6.8617803e-02   4.3226875e-01  -2.1060627e-01   1.2097939e-01  -1.3688604e-01  -4.1350576e-02  -1.4344549e-01  -1.3320407e-01   2.6115385e-01   5.4284115e-01  -9.8062616e-02  -4.7190969e-02   1.4512324e-01  -1.9502534e-01   4.6480735e-01   3.4578797e-02  -5.1652030e-02   7.8618013e-02   2.8196864e-01   1.6524407e-01  -1.8464131e-01  -2.9759771e-02   2.7585746e-01  -9.1895753e-02  -1.4225240e-02  -1.5390760e-01   5.7444238e-02   2.3370463e-01  -4.0122549e-02  -1.1092544e-01  -1.7722298e-01  -1.5069757e-01  -2.3420777e-01   1.2477570e-01   1.9356133e-01   1.6708247e-02   2.6543844e-01   3.1295818e-01  -1.3452493e-01   5.0581307e-01  -3.7639859e-01  -2.2229497e-02   5.9487849e-01   5.4118565e-02  -2.9036819e-02   3.3797762e-01  -2.5846871e-02   9.6374348e-02   9.8632177e-02  -1.3263821e-01   6.0315956e-01   2.6306386e-01   1.5857580e-01   1.8767320e-01   2.3450569e-01  -1.1348331e-02  -3.9173634e-01  -3.0325875e-01   3.3081192e-01  -1.1098689e-01  -2.6156827e-01  -1.8203474e-02   7.2434754e-02  -1.0388567e-01   3.0140270e-03   2.1391296e-02   1.1318138e-01   1.9764390e-01   3.8569426e-01  -1.2104420e-01   4.3831165e-01  -2.0413147e-01  -8.8349245e-03   4.2581647e-01  -5.8945415e-02  -1.1470414e-01  -3.5872185e-03   1.5881169e-01  -1.9656054e-01  -2.9509826e-01  -1.4686522e-02   2.4129115e-02  -4.3895214e-02   5.7390267e-01   2.0564414e-01   1.3580178e-02  -1.7156763e-01  -3.7851836e-02   4.2938591e-02  -2.1576117e-02   1.3794968e-01   7.1630056e-02   4.9750299e-01   1.2690158e-01  -2.6174065e-02   1.2437996e-01  -1.8470198e-01  -7.1547875e-02  -6.0663483e-02   1.4503179e-01  -3.7272421e-01  -2.1004338e-01   2.9423501e-01   3.2780591e-01  -1.6002223e-01   9.6080991e-02   1.9628534e-01  -5.5907077e-02   3.7387403e-01  -1.4647609e-01   2.9551424e-01   2.7556351e-01   2.5356890e-01   1.5133698e-01   4.3645496e-01  -1.6538066e-01   1.4016341e-02  -1.3209225e-01  -7.5385887e-02   8.6646551e-02   2.6610934e-02   1.0760824e-01  -9.3054849e-02   1.9383284e-01   1.7159328e-01   2.0316110e-01   3.4267320e-01   2.0536130e-01   6.9429302e-02   1.0088115e-01  -1.7669761e-01  -1.1419484e-01  -1.6954677e-01   9.9212841e-02   5.7589890e-01   9.2305438e-02  -2.6067423e-01  -2.3382866e-01  -2.6814402e-01   2.5663667e-02   3.2301650e-01  -2.3579394e-01   1.3456684e-02   1.9121864e-02  -6.6377804e-03   2.8273285e-01   2.0559560e-01   1.1826237e-01  -2.7387243e-01   3.1537322e-01   3.6427421e-02  -7.7291012e-02   2.0056286e-01   3.9714364e-01  -2.2018684e-02  -1.4675175e-02   3.0623941e-01
  -2.2733847e-01   2.9951698e-02   0.0000000e+00  -2.8457993e-01  -1.7469894e-01   5.6377242e-01   1.5426612e-02   1.7898359e-01  -3.9596854e-01  -1.4650231e-01  -7.5092766e-02   7.7292124e-02  -1.4016647e-02  -1.5983791e-01   9.3476109e-02   2.1244880e-01   8.1096948e-01  -3.1806389e-01   1.2240662e-01  -4.4468710e-02  -3.4521583e-01  -1.3803703e-01   1.9674778e-01   1.7366324e-01  -1.5544624e-01   4.4300440e-01   1.5325131e-01  -1.0067461e-01   6.9405430e-02  -2.7067971e-01  -3.7462952e-01  -3.0259010e-01   4.9368530e-02   1.4484710e-01  -3.4284095e-01  -4.4283994e-02  -1.3687811e-01   1.6518676e-01  -1.6254145e-01   2.3010709e-01  -2.4390565e-01   2.5689882e-01  -2.9339487e-01  -4.4483834e-02  -1.3559169e-01   6.8105732e-01   8.2295145e-02  -1.8326025e-01  -1.6693855e-01   3.6455755e-01  -9.5884482e-02   1.9466718e-01  -1.2055182e-01  -1.2140735e-02  -1.4952863e-01   2.9657919e-01   2.9017097e-01  -2.2957747e-01  -3.1347863e-01  -1.2975565e-01   5.0210219e-01  -5.0906044e-02  -3.8459055e-01   7.6580618e-02  -3.3519499e-01   1.3936380e-01   2.9350837e-01  -1.7050697e-01   2.0781845e-01   8.2868083e-01   1.3614656e-01  -3.2932741e-01   2.0400109e-01   5.4327732e-01  -9.9295957e-02   1.2212142e-01   4.1498034e-01  -2.0586191e-01   7.9858809e-02  -4.1933347e-01   4.1159864e-02   5.7952960e-02   8.5557564e-02   3.3697577e-02   2.5467775e-01   3.7273882e-01  -2.4415505e-01   1.9200626e-01  -9.9177892e-02   2.2070768e-01   1.3208249e-01   6.8569747e-01   3.4362407e-01  -3.6511995e-01   2.7215706e-01   1.6318062e-01  -4.3115994e-01   1.2702836e-01  -2.9176496e-01  -2.5560116e-01   4.1311706e-02   9.4649556e-02  -5.8694283e-02  -2.5638414e-01  -1.3259523e-01  -2.1402960e-01   4.9200037e-02   1.2463286e-01   7.0757733e-02   5.9771021e-02   2.3422595e-01  -2.8060290e-02  -2.3001357e-01   1.1351389e-01   3.3461580e-01  -1.7571502e-01   1.3958067e-01  -6.5051031e-02  -8.8725791e-03  -1.4742543e-01   3.4859477e-01   3.2891768e-01  -8.5884975e-02  -1.8976779e-01   5.5227437e-01   2.2716025e-01   1.5487970e-01  -2.3086750e-01  -2.2322681e-01   7.2582717e-01   5.1343177e-02   6.0418736e-02   3.7181100e-01  -2.9781575e-01  -3.3853882e-01   1.1868934e-01  -2.4370061e-01  -2.5584355e-01   3.7136936e-01   6.1193920e-02  -2.8889425e-01   6.6131001e-02   1.2325491e-01   4.6557998e-01   6.8118589e-02  -1.7943800e-01   8.8306034e-02  -1.1442166e-01   3.8084094e-01  -3.5341356e-01   4.8575534e-01  -2.1491636e-01   4.7037188e-01  -1.4969838e-01   5.3928269e-01  -8.6764378e-02   3.5863868e-01   2.3620432e-03   6.0749404e-01   2.5989807e-01  -7.7979513e-02  -7.7775363e-02  -3.1109604e-01  -2.4183246e-01  -1.1389629e-01   9.8289285e-02   2.3127207e-02   6.0508554e-02   1.5468904e-01   2.6127831e-01   1.8992191e-01  -2.2437926e-02  -4.4918970e-01   3.8486431e-01  -1.3654626e-01  -2.2638136e-01  -1.8910122e-01
  -2.5817189e-01   2.7962076e-01  -2.8457993e-01   0.0000000e+00   2.0648211e-01   5.7410689e-02  -1.3144702e-01  -1.8406407e-01   7.0717825e-01  -3.4450564e-02   8.8173653e-02   2.2670590e-01   2.0060364e-01   1.1783315e-01  -2.1659839e-01   3.7322127e-01  -3.0909222e-01   3.3449266e-01   3.8442007e-02   2.7368752e-01   2.2796598e-01   6.9329710e-01   1.7167301e-01  -2.3180121e-01  -1.6998091e-02  -1.1085057e-01   1.8865122e-01  -1.9167587e-01  -2.4320212e-01   4.0311506e-01   1.6390264e-01   5.0778050e-01   2.3363001e-01  -1.3750703e-01   4.2924669e-01   2.3400955e-01  -1.2460476e-01  -2.8423922e-01   4.8270326e-01  -2.7702990e-01   2.4177711e-01  -1.5126166e-02   3.2288548e-01  -2.2804339e-02  -6.0780232e-02  -3.8155503e-01   3.2070969e-01   1.1630500e-01   1.8913926e-01  -2.4025029e-01   8.0749775e-02  -7.8562240e-02   1.2833373e-01  -1.0860588e-01  -7.5144812e-02  -1.7245490e-01   1.5057833e-01   6.1618935e-01   3.8152923e-01   4.2854956e-01  -3.7411527e-01  -3.4888059e-02   4.1375462e-01  -7.5282904e-02   1.5641257e-01  -1.3661149e-01   1.1032675e-01   5.2615617e-01   2.8049660e-01  -4.0331897e-01   9.5329781e-02   5.1772800e-01   9.0469076e-02  -3.0802666e-01  -1.1890875e-01  -1.8009258e-01  -3.6492380e-01  -1.0255512e-01   7.2749779e-02   4.0064420e-01  -6.8440025e-02  -5.6588101e-02  -1.6660352e-01  -4.8187927e-03  -2.6724864e-01  -1.5529167e-01   1.1275900e-01  -1.3342108e-01  -3.8806330e-02  -5.1723468e-01  -5.3283513e-02  -4.7436565e-01  -2.8513445e-01   5.6018751e-01  -3.4580592e-01   1.0554376e-01   6.3360755e-01   3.0083755e-01   3.6962344e-01   4.3753926e-03  -1.8053671e-01  -2.2862343e-01   2.6731932e-01   5.6098708e-01   2.8614078e-01   3.8400224e-01  -3.3386067e-01   2.8535741e-01  -7.9329022e-02   3.4313414e-01  -2.1916664e-01   3.6944301e-01   6.0675433e-01  -4.2279293e-01  -3.8894616e-01   1.1060795e-02  -2.1445946e-01   2.2184412e-01  -1.2211799e-01   5.1120126e-01  -4.6344424e-01  -2.6999490e-01  -3.8345726e-03   2.6182819e-01  -5.2841393e-01  -9.6437354e-02   1.9672753e-01   9.7384874e-02   5.8022784e-01  -3.9654324e-01   3.4127068e-01  -9.1340632e-02  -3.6243582e-02   1.8684509e-01   5.3203377e-01  -2.8316368e-01   3.2904372e-01   6.4375011e-02  -3.5904448e-01  -3.4454008e-01  -1.3738592e-01   1.3491763e-01  -8.1022896e-02   5.4934247e-03   7.9050882e-02   3.7307164e-01  -2.6294731e-02   1.4121479e-01  -2.9516100e-02   2.1288793e-01  -5.0265745e-01   1.3817428e-02  -5.0114373e-01  -6.4225998e-02   4.1451223e-03  -3.5146941e-01  -5.1983700e-01   2.5090649e-01  -4.3862167e-01   4.0959047e-02   2.7814575e-01   4.1890656e-02   9.9643983e-02   5.5625693e-01   3.6308641e-01  -2.2437431e-01  -1.6145201e-01  -2.0314432e-01  -3.8721502e-01  -4.4973557e-02  -3.6290824e-01  -2.6970393e-02   5.6367925e-01  -1.4384876e-02  -1.7556137e-01   2.4371580e-01   6.4876511e-01
  -3.1600231e-01   1.0664459e-01  -1.7469894e-01   2.0648211e-01   0.0000000e+00  -1.6771048e-01   2.1689583e-01  -2.8929291e-01   1.6303527e-01   2.1761747e-01   4.0497392e-01   1.5646999e-01   3.4942100e-01  -3.4834090e-01   4.8935660e-02   8.7417349e-02  -1.0164632e-01   1.5218761e-01  -1.0419533e-01   5.9545157e-01  -2.3431092e-02   1.4234340e-01   9.0509230e-02  -2.4162214e-01   3.3149683e-02   1.0773883e-01   2.3072687e-01  -4.4146937e-01   1.6795842e-01   3.4170243e-01  -7.9211392e-02   1.7374868e-01  -1.5899055e-01  -3.8678399e-03   9.4033757e-02   5.6648026e-01  -1.6582606e-01  -3.6149349e-01   1.4313115e-01   1.1935883e-01   1.1421912e-01  -1.7128221e-01   3.7914307e-01   1.1493345e-01   3.4995138e-01  -3.5473963e-01   3.7644394e-01   2.0705312e-01  -3.8028599e-02  -1.1491452e-01   1.7834391e-02   1.9460450e-01   1.0563648e-01   3.6915825e-02  -2.1231427e-01  -3.3475007e-02  -1.4851262e-01   2.2339623e-01   2.0440914e-01   1.2962729e-01  -2.7780617e-01   7.8450616e-02   4.5288505e-01  -1.9908787e-01   3.9727686e-01   3.3014051e-01  -9.7706260e-02   2.7824241e-01  -5.3550354e-02  -2.0168707e-01   2.2060789e-01   2.8522483e-01   1.5236424e-01  -2.3266119e-01  -2.2952070e-01   1.8851716e-01  -2.6521511e-01  -3.8135142e-02   5.8785526e-01   1.9265490e-01  -2.3697890e-01   6.0125844e-02   1.4854264e-01  -3.2141535e-01  -5.0768785e-01   2.0439462e-01  -2.8062452e-01  -1.9780124e-01  -5.0672460e-03  -2.9324339e-01   1.4129079e-01  -2.1292712e-01   1.0306398e-01   1.5119602e-01  -3.4710996e-01   4.4050923e-01   2.3528071e-01  -3.6594830e-02   1.6205961e-01   5.4890695e-02  -3.9075193e-01   2.0778502e-01  -9.9563901e-02   1.4351080e-01   6.0725307e-01   7.3178428e-02  -1.8393846e-01   3.1901075e-02  -2.4256075e-01   2.2086475e-01   2.8599141e-01   5.8062072e-02   1.5165843e-01  -2.8926868e-01  -4.7330032e-01   2.3734104e-01   9.9979755e-02   3.2148088e-01  -5.6941879e-01   1.9026209e-01  -4.1258539e-01   1.5906311e-01  -8.5540303e-02   3.1077957e-01  -3.6816254e-01  -2.5242199e-01   2.4651321e-01  -5.6390797e-02   2.0281703e-01  -2.1455265e-01   3.0974974e-01   3.9755919e-01   5.4360490e-02  -1.7227330e-01   1.2802525e-01   3.8720300e-02  -4.5740694e-02  -2.0316906e-01   1.2080875e-01  -3.2824946e-01  -4.1003854e-01   2.2781273e-01   1.8199712e-01  -3.5858747e-01   1.1458760e-01   4.1589987e-01   1.7273018e-01   5.1515048e-01   1.0693117e-01   2.8836894e-01  -4.9587625e-01  -3.1044212e-01  -2.8954830e-01   2.8881784e-01  -9.3552974e-03  -1.8797379e-01  -3.1263137e-01   2.4983737e-01  -8.3009941e-02  -6.0909080e-02   1.8111128e-01   1.6126122e-01   2.3792057e-01   3.4517401e-01   1.0919618e-01   2.6463295e-01   2.2949468e-01  -1.9746015e-01  -2.1547515e-01   1.7204459e-01   2.0927303e-01  -1.0051793e-01   4.2048055e-01  -2.2323695e-01   4.9322474e-03  -1.5125096e-02   7.3687887e-02
  -3.8410335e-01   1.2203010e-01   5.6377242e-01   5.7410689e-02  -1.6771048e-01   0.0000000e+00  -4.7691001e-02   3.2568344e-01  -4.1399765e-02  -1.7770371e-01   1.1483101e-01   1.4440103e-01   3.2951155e-02   3.8833578e-03   7.9222705e-02   3.1258745e-01   4.4167485e-01  -3.4182379e-02   1.7262398e-01  -1.4693136e-02  -4.2156771e-02   2.3029580e-01   2.5710418e-01  -7.8838134e-02  -2.6880349e-01   5.0189368e-01   1.8624539e-01   1.7331040e-01   1.4399383e-01  -3.2521894e-02   1.5148717e-02   2.4231503e-01   1.0080363e-01   1.6077391e-01  -5.0998274e-02   9.0891203e-02  -7.5373100e-02  -4.8293424e-02   4.7903218e-02   1.5385313e-01  -1.6381711e-01   8.5938681e-02  -1.3776531e-01   1.6237014e-01  -1.0742605e-01   3.0044669e-01   8.9344009e-02  -1.4659343e-01  -4.4450474e-02   3.5229970e-01   1.4928232e-01   3.0202809e-01  -2.8541102e-03  -2.0222349e-01  -1.3640858e-01   2.3423049e-01   4.9045708e-01   2.2339428e-01   1.1232461e-01   2.0120721e-01   1.8197520e-01  -3.5182892e-02  -2.4584250e-01   3.6064224e-01  -1.4868639e-01   1.9249968e-02   4.7441534e-01  -7.6981375e-02   5.7229721e-01   3.5575352e-01   8.0951721e-02  -2.3747250e-02   1.6906134e-01   3.5806298e-01  -2.4256895e-01   2.4978197e-01   5.3505619e-02   1.0532029e-02   1.5539606e-02  -2.0257035e-01   3.7447937e-01   7.7005220e-02  -3.7785688e-02   3.2177969e-01   1.3333499e-01   3.6957564e-01  -1.0739614e-02  -4.7481014e-02  -1.3164337e-01  -1.2556983e-01  -1.7657359e-02   2.2526242e-01   1.7630980e-01   5.2524247e-02   2.2395362e-02   4.5922218e-02  -1.3415775e-01   5.6332370e-01  -8.9843497e-02  -1.7092270e-01   1.9873902e-01   2.0829653e-01   3.6951693e-01   1.3506792e-01   1.2060916e-01   1.6126932e-01  -1.5613262e-01   5.7913690e-01   8.7156416e-02   3.5952161e-01   7.7155127e-02   4.0144919e-01  -3.9402431e-02  -1.5447491e-01   2.3725465e-01  -1.8802404e-01   1.9301612e-01  -5.5281887e-02   2.6081265e-01   2.6345155e-01  -4.2183054e-02  -6.5027275e-02  -5.9174343e-02   4.8831462e-02   1.9698655e-01   1.5500592e-01   2.7470957e-01  -3.8342608e-01   6.8529751e-02   4.0314645e-01   2.0968267e-01   7.2212400e-02   3.2249813e-01   6.7318819e-02   2.0406171e-02   1.5293377e-01  -2.7203212e-01  -1.5556992e-02   2.7457632e-01  -1.0927753e-01  -2.4333843e-01   5.8693512e-02   2.9262237e-03   6.1965674e-01   2.2327325e-01   1.0187244e-01  -4.0163933e-02  -5.7417323e-02   4.3671578e-01  -1.6707311e-01   2.8537698e-01   2.3247713e-01   9.4648732e-02  -5.5233823e-02   4.8913316e-01  -3.2867919e-01  -9.9470462e-02   1.1723505e-01   2.2253373e-01   6.1514694e-01   8.4473362e-03  -1.1122389e-01  -1.8486870e-01   7.9986701e-02   2.7942215e-01   3.7953214e-02   4.4014102e-02   8.7141543e-02  -1.3598167e-01   2.3486299e-01  -7.7603272e-02  -4.6587001e-02  -1.1078567e-01   4.2657409e-01  -2.5991441e-01  -1.8896876e-01   2.3671281e-01
  -1.9222091e-01   1.7133963e-01   1.5426612e-02  -1.3144702e-01   2.1689583e-01  -4.7691001e-02   0.0000000e+00  -2.0763911e-01   4.6715457e-02   5.4310057e-01   2.0159076e-01   1.8393795e-01   2.4089755e-01  -4.8314219e-01   3.4569195e-02   2.0760375e-01  -1.0092594e-01  -6.2219381e-02  -2.5622986e-02   2.6010650e-01  -2.4854854e-02  -1.3595717e-01   4.1361985e-01  -2.3506795e-01  -1.4995835e-01  -4.9722815e-03   2.1547357e-01  -1.6598639e-01   2.0440123e-01   3.3212538e-01  -1.2053409e-01  -7.9323350e-02  -2.4026824e-01   5.2833139e-01   8.7666892e-02   4.5529211e-01   3.3048845e-02  -1.3850356e-01   1.6176601e-01   2.8425881e-01   1.9931775e-01  -2.2624045e-01   4.3939806e-01   1.8524076e-02   3.2052242e-01  -2.1834055e-01   2.6066530e-01   6.8592920e-01  -1.9889420e-01  -1.8309624e-02  -7.1203518e-02  -1.9484204e-01   4.3061267e-01  -4.5648863e-01  -1.1175100e-01   2.7264611e-01  -1.4517716e-01  -1.1249683e-01  -1.4848427e-01  -6.4526351e-02  -1.1364697e-01   5.6117458e-02   1.4035294e-01   5.3493115e-02   1.9386278e-01   6.7041424e-01   2.8695717e-02   8.8717801e-02  -1.5786662e-01   4.3179181e-02   4.0296109e-01   2.1328629e-01   3.4097565e-01  -5.6395778e-02  -1.9023183e-01   5.4648478e-02  -1.8870589e-01  -6.6458176e-02   1.5591035e-01  -1.7537896e-01   8.3345314e-02   1.6885616e-01   4.6656609e-01  -8.0736270e-02  -3.3894252e-01   1.0939565e-01  -1.4493648e-01  -2.2451301e-01   4.7203408e-02  -2.1727480e-01   7.8325623e-02  -3.5511011e-02   2.7857026e-01  -1.0029887e-02  -2.3076913e-02   1.0403259e-01  -2.4051031e-01  -1.9146441e-01  -2.8053884e-01   3.8311462e-01  -1.3014104e-01   2.6809068e-01  -5.2267756e-02  -1.5974334e-01   3.0475424e-01  -3.0564066e-01  -2.4296967e-01  -2.5685342e-01  -1.0219271e-01   1.4112544e-01   4.7302727e-01   7.0059315e-03  -7.8967657e-02  -1.0584228e-01  -4.5444356e-02   3.5068784e-01   2.7536473e-02   2.9277407e-01   3.0049684e-02   9.0065630e-02  -1.5659035e-01   1.4628253e-01   4.1364569e-02   1.7505571e-02  -6.3966606e-02  -3.2182053e-01   7.5256228e-02  -3.0714667e-01  -1.2324417e-01  -4.9901239e-02   1.1940072e-01   5.3237213e-01  -9.9058134e-02  -5.9538822e-02   6.4273223e-03   2.9240973e-03  -4.8773293e-01   2.2159470e-01   2.4876305e-01  -2.8823362e-02  -3.6182114e-01   1.3479563e-01   3.8507403e-01   3.3508556e-02   1.1796723e-02  -1.2816735e-02   4.9826761e-01   4.9746006e-01   3.4853065e-01   2.9221181e-01  -1.5300504e-01  -8.1898658e-02  -1.6652711e-01   4.3943355e-01  -2.9320292e-02  -1.4909996e-01  -1.1292291e-01   5.0092253e-02  -9.9369111e-02  -2.7553149e-02   1.3115299e-01   8.2193579e-02   3.9255788e-01  -1.5089977e-01  -2.1800089e-01   1.8216666e-01   4.2089178e-01  -1.1729983e-01  -1.9103565e-01   3.2573169e-01   3.7214235e-01  -2.7072010e-01   2.0346635e-01  -3.3180118e-02  -2.3918312e-01  -2.1837484e-01  -8.5935405e-02
  -1.8437902e-01  -2.7554922e-01   1.7898359e-01  -1.8406407e-01  -2.8929291e-01   3.2568344e-01  -2.0763911e-01   0.0000000e+00  -3.0732709e-01  -1.1841144e-01   8.0409428e-02  -2.9464120e-01  -1.1506790e-01   5.8063598e-02   1.9475239e-01   2.7423968e-02   1.4381419e-01  -5.0263143e-02  -1.4898379e-01  -2.6864346e-01  -1.0834507e-01  -1.3450832e-01   6.3273626e-03  -1.0628418e-01   4.8395091e-02   4.2070899e-01   1.5635700e-01   2.8563312e-01   9.3121730e-02  -2.9753808e-01   6.9980848e-02   3.0341465e-02   2.4994464e-02   3.0539221e-01  -1.1733627e-01  -7.4350974e-02   1.1241427e-01  -4.1270627e-02  -2.4101151e-01   4.1271172e-02  -1.0213177e-01   1.4093718e-01  -1.9727173e-01   2.7587618e-01   2.0826473e-02   2.1981089e-01  -9.2835719e-02  -2.4487327e-01  -6.2704518e-02   2.2389295e-01  -2.5974588e-03   4.8829452e-01   5.2272257e-02  -2.4665916e-02  -1.8430816e-01   1.6265920e-01   2.2791621e-01   1.0636092e-01  -3.7135917e-02  -1.9679201e-01   1.5592341e-01  -8.6974596e-02  -3.7634963e-01   3.7020832e-01  -2.0214774e-02  -1.3072764e-01   1.1648778e-01  -1.5098786e-01   2.5422467e-01   8.2786877e-02  -1.9913408e-01  -2.5919592e-01   6.1817144e-02   8.1138515e-02  -3.7471978e-02   3.7602730e-01   1.0305516e-01   3.4072225e-01  -1.7080958e-01  -2.0128576e-01   4.0136839e-01   6.0591104e-02   1.8528789e-01   6.9361074e-01   1.2852413e-01   3.3745399e-01   2.2310735e-01  -9.9163086e-02  -1.2884614e-01   8.4864706e-02  -1.5389653e-01   1.8249124e-01   2.2047000e-01  -2.6028938e-01   9.6512161e-03   5.5397622e-02  -1.7350849e-01   3.8320652e-02  -1.4575835e-01   4.3821814e-02   1.2528682e-01   1.2948976e-01   3.1634228e-01  -2.7577258e-01  -8.4516108e-02   1.9399198e-01  -8.4758365e-02   2.8834065e-01   9.5779327e-02   6.8309559e-02   3.5000608e-02   1.2092946e-01  -2.8838734e-01  -1.5653649e-02   1.2820653e-01   6.0636180e-03   9.5791748e-02  -8.7750372e-02   3.7155582e-02  -8.2419014e-02   1.9240240e-01   3.5629130e-03  -1.3246981e-01  -5.5787851e-02   2.1179830e-01   1.1774517e-01   8.2804075e-03  -1.9192128e-01  -2.5304942e-02   7.8554265e-02  -4.6864284e-02  -7.2408328e-02   5.4644747e-02   7.6106175e-02  -2.6463661e-01   7.1074457e-01  -2.0525038e-01  -4.8361135e-03   3.4698789e-01  -4.8459529e-02  -6.1396125e-02  -6.1233113e-02  -5.1768949e-02   2.5603352e-01   1.6451382e-01  -1.3299314e-01  -1.6185630e-01  -7.3790661e-02   1.7231739e-01  -1.6925597e-02   2.1274410e-01   3.2947098e-01   2.1714174e-01  -5.0783725e-02  -6.1693195e-02  -1.1224597e-02   1.8531720e-02  -1.3224503e-03   1.7158274e-01   4.3854336e-01  -3.4056940e-02  -1.1877710e-02  -1.5686598e-01   2.2442712e-03   1.3633791e-01  -1.3934333e-01   2.1858215e-02   7.2533091e-02  -5.6160179e-03  -1.6449729e-02  -9.6261479e-02   2.2194656e-02  -2.0878753e-01   4.8880861e-02  -1.9033757e-01  -1.3572091e-01  -9.3128389e-02
   5.2492933e-03   4.0503610e-01  -3.9596854e-01   7.0717825e-01   1.6303527e-01  -4.1399765e-02   4.6715457e-02  -3.0732709e-01   0.0000000e+00   6.7162706e-02   4.4027937e-02   4.3453377e-01  -2.6247231e-02   2.3973556e-02  -2.1150360e-01   1.2565414e-01  -4.0853994e-01   2.6717360e-01   7.9844927e-02   2.0836119e-01   2.7052867e-01   6.0103936e-01   5.6637626e-02  -1.6722470e-01  -7.7992969e-02  -1.6579430e-01   1.1589707e-01  -1.3079026e-01  -1.2045647e-01   5.3191711e-01   9.3477071e-02   4.4399832e-01   9.0357967e-02  -9.3535937e-02   5.6168271e-01   1.6146235e-01  -1.0473022e-01  -6.8284693e-02   3.8814724e-01  -1.8906926e-01   2.0624446e-01  -1.8143817e-01   3.2535640e-01  -1.6472284e-01   7.4653358e-02  -4.7410717e-01   8.4127953e-02   1.7624214e-01   2.8066503e-01  -2.9935188e-01   5.2267830e-02  -1.4828184e-01  -2.9818975e-02  -1.0217744e-01   4.7567957e-02  -1.6321951e-01   1.4762944e-02   6.1514080e-01   1.6054047e-01   6.3946511e-01  -4.0926687e-01  -1.2581505e-02   6.7355026e-01  -1.7212592e-01   1.4501340e-01  -8.6799226e-02  -1.6516310e-02   2.8076563e-01   4.2456257e-02  -4.2251981e-01   1.2980460e-01   5.3969472e-01  -9.2189046e-02  -3.3155455e-01   4.1894834e-02  -2.4590287e-01  -3.7642272e-01   1.5587930e-02   4.6167343e-03   1.6432270e-01  -9.0981044e-02  -3.9201790e-02  -1.8601289e-01  -9.7627144e-02  -2.7505965e-01  -1.8892558e-01   3.0017054e-01  -1.2207091e-01   2.5582351e-01  -3.0709749e-01  -6.5097658e-02  -4.8420748e-01  -2.2389442e-01   8.2239207e-01  -1.9136237e-01   1.4440468e-02   3.7149089e-01   2.1757831e-01   2.5799510e-01   2.6840092e-02  -1.8349432e-01  -8.6528752e-02   1.9307542e-02   7.5198281e-01   2.5609666e-01   3.3133206e-01  -3.5283474e-01   1.6519758e-01  -1.4589885e-01   1.4222701e-01  -1.1712491e-01   2.9281896e-01   6.2925421e-01  -1.6460546e-01  -3.1874936e-01   6.4892862e-02  -1.1374768e-01   6.0940916e-02   4.5643306e-02   2.9522434e-01  -5.1857810e-01  -1.8009924e-01   9.7559691e-02   2.5062835e-01  -4.4880309e-01  -1.3492453e-01   3.1864106e-01   5.3057132e-02   5.5385914e-01  -3.5525914e-01   1.1504555e-01   2.8012220e-02  -4.0883525e-02   2.4424064e-01   6.5129627e-01  -2.8514440e-01   1.4565891e-01   5.8484780e-02  -1.9827957e-01  -1.0995531e-01   1.1323131e-02  -7.2654786e-02  -4.3416552e-02  -2.7011373e-02   4.8159438e-02   2.5102700e-01   1.1979097e-01   4.5529098e-02  -1.2181802e-01   1.8122404e-01  -4.7902100e-01  -4.2702762e-03  -5.1141055e-01  -1.7331796e-02   1.2690619e-01  -8.8106368e-02  -4.1910864e-01  -5.5277619e-02  -4.8958916e-01  -9.3193747e-02   4.0125253e-01  -1.2835889e-02   1.0261749e-01   2.8150033e-01   3.0249412e-01  -6.2938146e-02  -2.9146203e-02  -2.0412529e-02  -4.2370663e-01  -3.3493409e-02  -3.2024994e-01  -1.8988478e-01   5.3488484e-01   9.5169962e-02  -1.8276036e-01   2.2804803e-02   5.3570093e-01
  -9.4041445e-02   5.7265697e-02  -1.4650231e-01  -3.4450564e-02   2.1761747e-01  -1.7770371e-01   5.4310057e-01  -1.1841144e-01   6.7162706e-02   0.0000000e+00  -6.4419464e-02   6.0075848e-04   1.0070657e-01  -2.6943412e-01  -1.9484421e-01  -7.5122369e-02  -2.1193182e-01   2.4667759e-03  -3.3024607e-01   2.4977958e-01  -1.2838011e-01  -8.6055125e-02   2.0433969e-01  -2.6127747e-01  -1.8604759e-01  -1.0311554e-01   7.4737390e-02  -1.8144170e-01   4.5596892e-02   1.1723682e-01  -2.7541312e-01   8.0864794e-02  -2.6703342e-01   2.0734953e-01   6.8871200e-02   2.3879264e-01  -1.5107883e-01  -1.2208161e-01   6.6164887e-02   2.0954982e-01   1.7617807e-01  -1.9310314e-01   2.4010680e-01  -2.0516374e-01   4.5151140e-01  -1.4974945e-01  -8.4716767e-02   5.4578250e-01  -6.6990308e-02  -2.0032278e-01  -9.6888549e-03  -1.9567058e-01   2.7570615e-01  -3.1588526e-01  -1.2694540e-01  -1.0235793e-01  -2.9353064e-01  -1.5313705e-01  -9.7142930e-02  -2.2735769e-01  -6.6109567e-02  -1.5243770e-01   2.2162076e-01  -3.0256845e-01   3.6079759e-01   4.2539295e-01  -2.1992851e-01   1.2260047e-02  -2.2775601e-01  -9.7396115e-02   2.0829382e-01   2.4430093e-01   3.8427353e-02  -2.2119152e-01  -3.3301534e-01  -3.9544236e-02  -4.5687835e-02   7.7830532e-02  -5.1842813e-02  -2.4179852e-01  -2.4122496e-03   1.4521378e-01   2.3018625e-01   3.2757930e-02  -4.6811395e-01  -1.0285833e-01  -5.7259284e-03  -2.4271020e-01   1.0676923e-01  -1.1168722e-01  -2.6173648e-01  -2.6509184e-02   3.5650027e-02  -1.5992542e-02   5.0708786e-02   2.8057018e-01  -1.2154960e-01  -1.6799471e-01  -3.3125548e-02   3.3654750e-01  -3.8285644e-01  -1.7026022e-01  -3.9550296e-02  -2.1463955e-01   1.0529428e-01  -7.9666065e-02  -3.2148808e-01  -3.2775873e-01  -5.3955645e-01   7.4452019e-02   1.9485112e-01   8.8424512e-02   4.7350722e-02  -6.7150584e-02  -1.9024294e-01   1.9264231e-01  -1.8058409e-01   3.5049756e-02  -7.5029412e-02  -1.0929204e-01  -4.0374632e-02   8.8626687e-02  -2.9491043e-01  -2.7268195e-02  -1.8819842e-02  -2.0068453e-01  -1.2986784e-01  -1.6903352e-01  -1.8478875e-01  -1.8877979e-01  -7.6095482e-02   3.7785078e-01  -7.5393866e-02  -7.1479723e-02  -2.0719047e-01  -2.9941186e-03  -2.8015403e-01   8.9866329e-02  -7.7404190e-02   8.3595716e-02  -2.4007835e-01  -2.4507113e-01  -1.0764485e-02  -6.2290179e-02  -2.2332104e-01  -1.6368635e-01   2.9681323e-01   3.7470252e-01  -6.6278759e-02   3.1909189e-01  -3.0455519e-01  -2.0699607e-01  -1.4553275e-01   1.2176131e-01  -1.9608186e-01  -1.9905596e-01   2.4148483e-02  -9.7302697e-02  -1.1709056e-01  -2.5049875e-01   1.1044206e-01  -5.3321537e-02   3.5488260e-01  -1.3976060e-02  -1.2479089e-01  -5.0314519e-02   7.3113270e-02   1.5921567e-02  -1.7308619e-01  -1.1274280e-01   1.0452980e-01  -2.1222813e-01   2.8347293e-01  -2.3390794e-01  -4.5828512e-02  -1.2378456e-01  -5.2867624e-02
  -3.1737839e-01   3.3713269e-04  -7.5092766e-02   8.8173653e-02   4.0497392e-01   1.1483101e-01   2.0159076e-01   8.0409428e-02   4.4027937e-02  -6.4419464e-02   0.0000000e+00   4.2745980e-03   2.5662961e-01  -2.7948798e-01   4.7286612e-01   2.5627651e-01  -6.7999405e-02   1.2957765e-01  -2.8987240e-02   3.8840715e-01   2.2372889e-01   3.6579519e-02   3.3442570e-01  -2.9437611e-01   3.1457326e-02   1.7039209e-01   2.7586287e-01  -6.0159145e-02   1.6708688e-01   1.7627603e-01   2.2397312e-01   4.5362248e-02  -7.7117572e-02   4.1603242e-01   2.6030461e-02   3.3165571e-01   1.0430542e-01  -3.5331052e-01   1.6686909e-01  -1.2976041e-01  -1.2572365e-01   3.7496807e-02   3.6538194e-01   2.5653014e-01   1.0138622e-01  -1.8212339e-01   4.4755527e-01   1.2722701e-01  -1.0433799e-01  -2.6844087e-01   9.7024893e-02   2.2696606e-01   2.7717399e-01  -1.1556297e-01  -5.1274065e-02   4.5161974e-01   5.8375856e-02   1.4164726e-01   5.6892707e-02   8.3509536e-02  -2.9577351e-01   1.1460926e-01   6.0865076e-02   3.4204416e-01   1.7755076e-01   1.5261263e-01   1.5029896e-01   2.4363074e-01   1.1983306e-02  -1.1400307e-01   1.1142598e-01   2.5730918e-01   2.8835699e-01  -1.5307438e-01  -1.6078358e-01   8.0230854e-02  -3.1429428e-01  -6.5151122e-02   3.0582601e-01   1.7435467e-01   2.4134359e-01   1.9880989e-01   1.6098957e-01  -2.0828580e-02  -3.0601543e-01   1.6165378e-01  -8.7011735e-02  -1.9593469e-01  -1.0611875e-01  -2.9233570e-01   1.3077894e-01  -2.1092715e-01   3.4457926e-01   5.7921695e-02  -3.2477393e-01   2.2016903e-01   1.4724684e-01   1.6186513e-01   7.8676662e-02   2.0936422e-01  -7.9840018e-02   4.9117835e-01   6.7837340e-02  -3.4020508e-02   3.3649769e-01  -3.4296289e-02  -2.8524106e-01   2.3619409e-01   1.2003622e-01   2.3840280e-01   2.5205642e-01   2.8724938e-02   1.3841441e-02  -2.3393978e-01  -3.8055096e-02   4.2675946e-01   2.2405469e-01   3.2522699e-01  -1.6870127e-01   3.0577540e-01  -3.7719515e-01   1.9142982e-02   4.7581885e-02   3.0769364e-01  -2.6707935e-01  -1.9324380e-01   4.6884948e-01  -1.1916022e-01   1.2864111e-01  -7.7575696e-02   2.4245031e-01   3.7813922e-01  -4.1225335e-02   1.1054024e-01   1.4331653e-01   1.1185759e-01  -1.0442330e-01   1.3375915e-01   2.3254681e-01  -3.6209449e-01  -3.5325878e-01   3.4973030e-01   3.8603013e-01  -1.6905810e-02   4.6144314e-01   2.7747658e-01   8.0043229e-02   2.5092330e-01   3.2272451e-01   1.9839129e-01  -1.7956495e-01   1.6001476e-01  -2.7303318e-01   4.0233293e-01  -1.5574703e-03  -1.8469631e-01  -3.7424952e-01   1.7869195e-01  -1.3605531e-01   3.9609938e-01   1.6406492e-01   2.6786878e-01   6.8276378e-02   1.2535991e-01   2.1842119e-01   2.5437450e-01   3.7188302e-01  -2.8773469e-01  -2.5652101e-01   2.2186166e-01   3.9138704e-01  -1.4080821e-01   2.5198204e-01   4.4623774e-03  -1.7250332e-01  -5.9818111e-02   1.6019856e-01
   5.8087724e-02   6.9775528e-01   7.7292124e-02   2.2670590e-01   1.5646999e-01   1.4440103e-01   1.8393795e-01  -2.9464120e-01   4.3453377e-01   6.0075848e-04   4.2745980e-03   0.0000000e+00  -1.7939777e-01  -1.1630604e-01  -9.5559958e-03   1.9163888e-01  -2.3602636e-02  -1.9211369e-01   4.4438309e-01   1.6291778e-01  -8.3854622e-03   4.2276280e-01  -9.6243781e-02   6.0192513e-02  -8.6870890e-02   8.1248887e-02  -4.6810769e-02  -2.2058564e-01   2.0822411e-01   5.8600815e-01  -1.1052197e-01   7.9600366e-02   8.6798195e-02  -1.6369639e-01   4.5280902e-01   1.0009040e-01  -1.5680008e-01   2.3249782e-02   6.0756655e-02   1.2479575e-01  -2.1607556e-01  -7.2368401e-02   3.3437241e-01  -3.9559096e-02   7.8909671e-02  -2.8396715e-01   8.6981797e-02   8.2001988e-02   2.8229378e-02   1.0781018e-01  -2.5155088e-01   1.9032310e-02  -3.0802730e-01   9.2893692e-02   2.5538404e-01   7.3885234e-02   2.9546668e-01   3.0024505e-01  -6.2705729e-02   6.7408268e-01  -3.5542792e-01   5.3881906e-02   5.5010277e-01  -4.1809583e-02  -1.4839211e-01   3.8511769e-01  -2.8901980e-02  -1.4320020e-02   9.6326085e-02  -8.0183564e-02   3.9340039e-01   1.2310783e-01   3.5633930e-03   1.4754475e-01   1.7205012e-01  -3.3852804e-06  -4.1001244e-01  -1.5165429e-01   3.4530741e-01  -1.5573174e-01  -2.7723696e-01  -1.0798863e-01  -7.9781333e-02  -1.8928683e-01  -3.5986139e-02   9.1854012e-02   1.3669661e-01   2.3133193e-01   4.3923517e-01  -1.8738251e-01   3.5089620e-01  -1.6499185e-01  -2.1401651e-02   4.9315912e-01  -2.3302477e-01  -5.4054278e-02  -3.2015996e-02   2.3632235e-01  -1.2327445e-01  -3.0340299e-01  -2.0905325e-02   1.4378566e-01  -1.3234478e-01   6.6441713e-01   2.8490356e-01   1.0105464e-01  -1.5751099e-01   1.1358345e-01   1.4967260e-02  -9.1922820e-03   2.0121872e-01   1.1264788e-01   3.4495997e-01   5.7468794e-02   9.0230173e-03   1.0662517e-03   1.1993725e-01  -5.3357274e-02  -4.8419570e-02   2.6025985e-01  -4.8907200e-01   1.9914450e-02   3.5669035e-01   3.2099318e-01  -2.5147027e-01   1.3880953e-01   2.6821105e-01   2.6406003e-02   1.9804773e-01  -5.7110795e-02   1.5050562e-01   1.8591990e-01   2.3814283e-01  -4.3895962e-03   5.3794961e-01  -1.4536797e-01  -3.3661905e-02  -2.8768549e-01   5.2557890e-02   6.3114855e-02  -2.1164587e-02  -9.8652631e-03   1.0015467e-01   1.6400494e-01   1.5986625e-01   2.6881191e-01   5.1204910e-01   1.2349468e-01   1.6236340e-01  -1.4113505e-01  -1.4200142e-01  -2.8071679e-01  -2.1569563e-01   1.1598648e-02   6.3827096e-01   7.4595242e-02  -3.6424316e-01  -2.5379713e-01  -2.1856981e-01   1.2875859e-02   2.1678326e-01  -1.2533610e-01  -1.4290978e-01  -2.9038887e-02   7.5092934e-03   3.5147846e-01   2.4975020e-01   3.6357465e-01  -3.4026568e-01   1.9787266e-01   1.3908569e-01  -2.9043188e-01  -4.0351127e-02   5.4078482e-01  -1.2733899e-01  -9.3059171e-02   2.9465825e-01
  -4.3770851e-01  -1.5256689e-01  -1.4016647e-02   2.0060364e-01   3.4942100e-01   3.2951155e-02   2.4089755e-01  -1.1506790e-01  -2.6247231e-02   1.0070657e-01   2.5662961e-01  -1.7939777e-01   0.0000000e+00  -3.0021901e-01  -2.5481269e-03   3.7223694e-01   5.3402173e-02   2.9499707e-01  -5.1749872e-02   4.8891413e-01   2.0407305e-02   1.5490227e-01   3.9875886e-01  -4.9903258e-01   2.4246984e-02   2.9527223e-02   3.4078127e-01  -1.9389780e-01  -1.2345913e-02   1.3513073e-01  -4.6856597e-02  -1.8252717e-02  -6.0963673e-02   2.3786232e-01  -1.3507858e-01   4.1146011e-01   2.7434104e-03  -3.2956853e-01   2.1382849e-01   5.5918810e-02   4.6263979e-01   7.5147225e-03   8.8272879e-02   3.0958750e-01   2.2636895e-01  -1.0124148e-01   4.0530890e-01   3.4046692e-02   3.9514654e-02  -8.3829081e-02   4.1148639e-02  -1.2713894e-01   3.1499965e-01  -2.8970126e-01  -2.8030168e-01   1.3686912e-01  -1.3328660e-01   1.1842876e-01   2.3737267e-01  -1.6555805e-01   8.8074743e-02   2.1373725e-01  -5.8060177e-02  -3.4035158e-02   2.4110318e-01   2.5951285e-01   1.3793639e-01   1.6668969e-01   1.3615465e-01  -1.1218087e-02  -1.8435691e-02   2.1516550e-01   5.2449998e-01  -2.4046796e-01  -2.1854508e-01  -3.1165086e-03   5.7800485e-03  -7.6429425e-02   3.0864365e-01   4.1160483e-01  -9.5121443e-02   3.0996889e-01   1.7383512e-01  -4.4674907e-02  -3.8004471e-01   1.1112383e-01  -5.3378878e-01  -4.5702226e-01  -4.0393593e-01  -1.8956329e-01   7.7501804e-02  -6.3735548e-02   1.4759302e-01  -3.6747056e-02  -8.6768353e-02   3.1301106e-01   2.3945170e-01  -4.5222920e-02   1.7612538e-01   3.9937830e-01  -3.5469481e-01   1.0609279e-01  -8.6832826e-03  -2.1293683e-01   4.3031648e-01  -7.1657741e-02  -2.6333048e-01   1.6416588e-02   8.0820159e-02   3.8646308e-01   2.3290301e-01   2.6402742e-02  -7.4339237e-02  -3.0018275e-01  -1.7140157e-01   1.1875174e-01   7.1285668e-03   6.5879005e-01  -4.0867045e-02   3.3833949e-01  -3.7104883e-02   4.4506144e-03  -6.6050467e-02   1.4385827e-01  -1.3441908e-01  -3.8890290e-01   3.6618475e-02  -8.7947139e-02   8.5210772e-02   3.2543923e-02   4.8184535e-01   2.4431974e-01  -1.3409452e-01  -6.1816299e-03   9.8684672e-02  -2.4132726e-03  -1.7911304e-01   6.3068404e-02   6.2992455e-02  -4.5770837e-01  -5.0359583e-01   5.4345180e-01   1.3433195e-01  -1.5623270e-01   5.0680400e-02   1.7027533e-01  -2.5953562e-03   4.5072896e-01   3.8948695e-01   2.5393431e-01  -1.9475354e-01  -1.2845472e-01  -1.6906683e-01   9.4657595e-02  -2.4098957e-01  -3.0458711e-01  -8.0837879e-02   4.9162478e-01   7.1128583e-02  -6.6188844e-02   3.5846309e-02   8.8898532e-02   3.0052647e-01   3.2716748e-01   1.0388342e-01   2.0450333e-01  -4.5192333e-02  -3.7363712e-01  -1.3891496e-01   2.9843511e-01   1.8409773e-01   5.8024399e-02   3.6770809e-01  -2.9353205e-01  -3.3611681e-02  -4.6631226e-02   1.3627007e-01
   4.1383995e-01  -5.7681580e-02  -1.5983791e-01   1.1783315e-01  -3.4834090e-01   3.8833578e-03  -4.8314219e-01   5.8063598e-02   2.3973556e-02  -2.6943412e-01  -2.7948798e-01  -1.1630604e-01  -3.0021901e-01   0.0000000e+00  -1.5810881e-01  -1.9541298e-01  -1.9093124e-01   6.7620233e-02   4.3080661e-02  -3.3381630e-01   2.7353038e-01   1.1539651e-02  -2.4038906e-01   4.8609879e-01   1.0555981e-01  -1.6053868e-01  -2.2335198e-01   4.6584423e-01  -3.0839521e-01  -2.5421279e-01   3.0021821e-01   1.4015517e-01   3.7462023e-01  -3.9057218e-01   1.9767776e-03  -5.1927595e-01   4.9126149e-03   1.6616211e-01   6.1951261e-02  -2.2028589e-01  -1.0942962e-01   1.3568029e-02  -2.0976064e-01  -3.8772408e-02  -4.2995621e-01   3.7645098e-02  -3.8886572e-01  -2.1294654e-01   1.5447268e-01   2.1057415e-02   1.9972432e-01  -1.1913721e-01  -2.3852781e-01   1.3984065e-01   3.9365634e-01  -2.1558720e-01   5.3044964e-02  -8.2792423e-02  -3.0399945e-02   1.1809486e-01  -4.9151224e-02  -1.7509568e-01  -7.7821011e-02   1.0484651e-01  -2.2032337e-01  -5.7422021e-01  -1.1922150e-01  -1.0281717e-02   7.9846207e-02  -2.2476685e-01  -1.1476509e-01   5.8648215e-02  -2.7901242e-01   2.3854737e-01   1.9554767e-01  -7.9037796e-02  -6.5296730e-02   1.3342483e-01  -4.4605625e-01   7.5692323e-02   1.7308894e-01  -2.1287297e-01  -2.2875427e-01   2.2113219e-01   4.3835532e-01  -1.8851626e-01   3.5042355e-01   3.6054302e-01  -4.9705027e-02   2.1392143e-01  -2.3030063e-01  -1.9656060e-01  -3.5463200e-01   8.3160834e-02   4.8829564e-02  -2.1826220e-01   2.2482787e-01   1.5012371e-01   7.6699765e-02  -3.0430548e-01   3.0995449e-01  -2.2649093e-01   3.5739375e-01   2.1841191e-01  -4.2612811e-01   1.4139261e-01   1.9772814e-01   1.0600326e-01   2.0996035e-03  -1.8943569e-01  -5.6096185e-01   2.5221607e-02   1.6110539e-01   2.2816346e-01   1.9056566e-01  -3.2918802e-01  -1.4906723e-01  -4.2089373e-01   3.5403130e-01   5.6256046e-03   1.1673274e-01  -1.3003426e-01  -9.3219257e-03  -4.8413023e-02  -7.2139508e-02   6.0488794e-01  -5.0161823e-02   1.1145192e-01   1.9146737e-02  -1.8301966e-01  -1.1246681e-01  -5.0976862e-01   2.7359565e-01   1.1878246e-01  -4.7261724e-02  -1.8225568e-01   2.5948192e-01   2.6104717e-01  -2.5530857e-01   1.7512224e-01   6.0662920e-01  -2.1463025e-01  -3.8843826e-01   1.7060535e-01  -2.3385443e-01  -1.3368437e-01  -3.2935402e-01  -4.2813179e-01  -4.4406218e-01  -7.0714668e-02   1.8874318e-01   3.9394015e-01   7.2623636e-02  -3.4187098e-01  -3.1451274e-02   2.6443701e-01   3.1821631e-02  -2.1143283e-01  -2.4317398e-01   1.7549081e-01  -7.2603954e-02  -1.3587245e-01  -1.7398983e-01   1.0514001e-01  -1.8260435e-01  -3.6810716e-01  -4.1538421e-01   2.0654374e-01   3.0422267e-01  -3.2072400e-01  -4.2225878e-01   1.4809731e-01  -5.8212834e-02   9.8076600e-03   1.4003997e-01   1.3421644e-01  -5.1696719e-02
