   0.0000000e+00   1.7118254e-01   4.5750873e-01  -3.1216263e-02  -4.9426426e-02  -4.8075306e-02  -2.7815280e-01   2.5805992e-01   1.5337710e-01  -7.9843360e-02  -2.0099752e-01   1.6661821e-01   3.1356599e-02   1.5781897e-01  -5.4482005e-02  -2.9906091e-01   4.1756310e-01  -1.2216546e-01   8.8623656e-02  -4.3158936e-02  -4.5305353e-02   2.3822815e-03  -1.3790101e-01   4.5164585e-01   2.8004450e-01   1.0885985e-01  -2.4634636e-01   1.0772102e-01   9.9422404e-02  -2.5964327e-01   3.1345463e-02   1.5279354e-03  -3.8632568e-01  -2.0284259e-01   1.1128405e-01  -1.3394073e-01   4.5468692e-02   4.3057122e-01  -3.3315388e-01  -1.9302501e-02   9.1327287e-02  -1.2752465e-01   1.1639600e-01  -8.4417764e-02  -1.2348711e-01   6.6668175e-01  -2.1332958e-01  -2.1973067e-01  -2.1428427e-01   1.9404384e-01  -1.5855377e-01   2.8796996e-01   9.4068612e-02   2.1550588e-01  -5.0185408e-04   1.8975893e-02   2.7932372e-01   5.7659875e-02   6.8135532e-02   3.7588684e-01   5.0496231e-01   2.1393178e-03   1.8278552e-01   4.0227154e-02  -6.5556663e-02  -3.1677188e-02   1.9683571e-01   1.2720202e-01  -4.9503552e-02   3.7026296e-01  -5.9046721e-02  -5.3497917e-02   5.5610598e-02   5.9972287e-01   2.0126064e-01   3.0354608e-02   3.4122726e-01  -1.9141282e-01  -2.9580899e-02   2.3160933e-01  -1.6397019e-01  -2.1866733e-01  -1.9937288e-01   2.7714175e-01   5.2055275e-01   1.1256129e-02  -1.2139389e-01   1.1945553e-01   1.0679488e-02   4.8962527e-01  -5.3233035e-02   3.7210950e-01  -3.3983480e-02   2.3365991e-01   3.4785774e-01  -1.7647273e-01   1.0700201e-01   1.7893700e-01  -1.0883930e-01  -1.0570107e-01   1.9075729e-01   4.8972094e-02   2.4124050e-01   3.3534002e-01  -3.1803829e-02   1.4408115e-01   1.0355205e-01   2.7396798e-02  -1.2648064e-01   1.0625694e-01  -1.5376248e-01  -1.6412505e-01   3.1171128e-02   7.2444845e-01   3.6453601e-01  -8.1075872e-02  -2.0648940e-01  -6.4553043e-02   5.1810901e-01  -4.2425938e-02   4.4808778e-01   2.2213154e-02   1.7087530e-01   2.8106311e-01   5.6278390e-01   5.8961979e-01   1.8509462e-01   1.2499071e-01  -1.7868678e-02   2.8265200e-01  -2.2928799e-01  -3.5126139e-01   5.1090605e-01   3.0929814e-02   2.6988832e-01  -2.2288677e-02  -1.2073015e-02   1.3560471e-01   1.4462976e-01   4.6225226e-01   4.5828775e-01  -1.8239782e-01  -2.3330454e-02   3.3496770e-01  -9.0280869e-02  -1.6709410e-01  -2.5428747e-01  -2.5429464e-01  -9.3730550e-02   1.1343814e-01   5.6401194e-01   2.7339441e-01   4.8176018e-01  -2.1488566e-01   3.5162479e-01   3.9798705e-01   4.7273162e-01   1.1962962e-01   4.4981108e-01  -1.2478984e-01   3.4391157e-01  -2.6139241e-01  -4.1585399e-02  -2.1465423e-01  -4.1171399e-02  -3.2806480e-01  -1.4643377e-01   2.3650657e-01   3.2153363e-01   7.2821742e-02   1.6062632e-02   2.7138072e-01   8.2107068e-02   1.2281768e-01   9.8849312e-02  -1.3845713e-01   1.0929714e-01
   1.7118254e-01   0.0000000e+00   2.8643161e-01   3.8082930e-01   1.3596438e-01  -2.6877910e-02  -2.8998959e-02   9.1330752e-02   1.1087290e-01  -1.9945856e-01   3.3704208e-02   5.3798630e-01  -5.6826250e-02   9.8706996e-02   5.4550028e-02   6.1686120e-02   2.4965544e-01  -4.8515353e-02   2.8766271e-01   2.9123429e-01  -5.6780502e-02   2.5458688e-01  -2.2453063e-01   5.4264378e-02   2.2262323e-01   2.3595391e-01   1.8948225e-01   3.1684577e-01  -1.1412260e-01   2.7708141e-01   3.1243306e-01  -4.3120436e-03   8.6117857e-02   1.4868803e-01   8.1390539e-02   1.0591641e-01  -4.1865239e-03   7.5388865e-02   7.0663166e-02   4.7377880e-01  -9.5186475e-02  -3.0431487e-01   3.3259220e-01   3.3526180e-01   2.2325003e-02   2.1521284e-01   1.5966380e-01   2.9603076e-01  -2.3790784e-01   1.1207064e-01  -1.1559118e-01   2.9220487e-01   3.6946614e-01   2.7792570e-01   8.4297422e-02  -4.3451686e-02   2.4037686e-01   1.4662092e-01   1.3775716e-01   4.4825997e-01   1.4537091e-01  -4.0043020e-02   4.2049842e-01   2.9756692e-01   1.5790621e-01   6.1989138e-02   1.1998675e-01  -1.7580638e-01   1.3998538e-01   1.3190232e-01   4.9616061e-01   1.3892778e-01  -2.1148545e-02   1.7030378e-01  -5.4649437e-03   3.0243626e-01   2.0883548e-01  -2.3668750e-01   1.3392582e-01   2.4991874e-01   3.7058172e-02  -1.0597028e-02   1.5090598e-01  -1.7872843e-02   3.5759119e-01   2.5421243e-01   2.2645872e-02   1.3120723e-01   1.2810026e-01  -1.1827414e-01   5.3501818e-01   1.7688284e-01   1.0490370e-01   1.6506252e-01  -9.6388136e-02   2.7743672e-01  -2.2897857e-01   2.4950634e-01  -8.3125159e-03  -8.7708386e-02   2.0631218e-01   9.2397000e-02   3.6957820e-01   5.2304732e-01   1.7378438e-01   3.6273919e-01   8.1153923e-02   7.5164398e-02  -2.1919176e-01   4.2008386e-01  -1.2058622e-01   4.1626583e-01   9.1808266e-02   3.0281977e-02   6.5372987e-02   1.9622601e-01   2.0925569e-01   7.3245648e-02   2.2887910e-01  -1.1864361e-01   1.3377364e-01   2.7202923e-01  -8.5455802e-02   4.3872716e-01   1.5968631e-01   8.5928004e-02   2.0165897e-01   1.1992343e-01   2.3099930e-01   2.6053527e-01   1.3107747e-02   1.0662656e-01   4.5082701e-01   8.9871325e-02   2.7381759e-01   1.2735693e-01  -6.2310434e-02   1.3164497e-01   1.9180140e-01  -8.5652201e-04   2.2798490e-01  -2.1149018e-01   2.9935274e-01   5.4618749e-02   5.7177969e-02   1.9022668e-01  -9.1426505e-02   2.7041882e-01   7.8164010e-02   1.9680267e-03   5.6786439e-02   2.2062418e-01   1.3777295e-01  -3.1123538e-02   4.1335062e-01  -5.9620256e-02   1.3679273e-01   1.6119804e-01   1.2768013e-01   2.4457027e-01   1.5993860e-02   1.0173052e-01   1.0082035e-01   1.1192081e-01   9.9610697e-02   8.6105868e-03  -1.3375954e-01   2.7213357e-01   1.0827569e-01   3.0271051e-01   2.9721139e-01  -1.1155133e-01   8.0149753e-02   4.7987245e-02   1.1642709e-01  -2.4937498e-01   1.8669573e-01
   4.5750873e-01   2.8643161e-01   0.0000000e+00   1.5356589e-01  -1.6581390e-01   1.7756264e-01  -2.6277821e-01   5.5730327e-01   1.0144421e-01  -1.4921259e-01  -2.6993821e-02   3.0746663e-01  -3.0797535e-01  -4.2131249e-02   1.5301412e-01  -1.6719654e-01   7.8162813e-01   7.9841086e-02   4.8122258e-01  -1.5141549e-01  -1.0832307e-02   2.1841515e-01  -9.0208320e-02   4.1134977e-01   2.7246803e-01   4.4935214e-01  -1.3135624e-01   2.7156669e-01  -1.0718877e-02  -5.9188170e-02   3.0515573e-01   6.6035845e-02  -6.6563397e-02  -5.8193730e-02  -9.8175810e-02  -2.2505799e-01  -2.5225995e-01   4.7580669e-01  -3.7959010e-01   2.1444114e-01  -2.7277002e-01   4.9030322e-02   1.3709523e-01   9.4217095e-02  -8.2872550e-02   6.1171142e-01   5.0170450e-02  -2.1560795e-01  -2.9915044e-01   4.2390183e-01  -2.3089856e-01   4.2750248e-01   5.5704696e-02   4.6831473e-01   2.3931753e-01   1.3454234e-01   4.0377886e-01   1.8112667e-01  -9.6838121e-02   4.0077547e-01   7.6453581e-01  -2.0372094e-01   3.0212067e-01   4.1748268e-01  -6.7702159e-02  -1.8925003e-01   3.9205411e-01  -1.0093368e-01   2.1008213e-01   5.9766888e-01  -9.7132938e-02   7.4617973e-02  -3.0980978e-01   6.6099427e-01   1.7108072e-01   3.7460643e-01   7.2898227e-01  -1.5018655e-01  -1.6779987e-01  -7.2210546e-02   2.0167468e-02  -3.1375435e-01  -1.0126405e-01   4.0937916e-01   4.4020230e-01   3.5361792e-01  -1.4621813e-01   2.8094577e-01   1.9026883e-01   2.5548719e-01  -2.3175690e-02   8.0274777e-01   5.6410561e-02   1.3290967e-01   3.7594249e-01  -1.7802072e-01   3.2572028e-03   3.9919719e-01  -1.4511634e-01  -2.5326238e-01   5.1568838e-02   2.6155680e-01   3.5938737e-01   2.1735086e-01  -3.8193196e-02   1.2350716e-01   1.7864054e-01   3.2919622e-01  -1.0500149e-02   1.8037417e-01  -9.4388971e-02   2.7206964e-02   2.4510226e-01   4.2929011e-01   3.7215496e-01  -1.1033621e-01   1.4096750e-01  -2.5001383e-01   4.9504645e-01  -1.6641514e-02   6.1723880e-01  -5.9356952e-02   1.4747008e-01   3.4912912e-01   5.4609319e-01   4.7397870e-01   1.2635230e-01   4.0584988e-02   4.8826510e-02   4.6203077e-01  -2.8761380e-01  -3.6232699e-01   4.8337335e-01   2.6120013e-01   4.4138945e-01   3.9254102e-01   1.8917224e-01   1.4725405e-01   5.6955528e-01   3.3560106e-01   7.8491364e-02  -2.0625564e-01   1.4001439e-01   4.1274854e-01   7.2939927e-02   1.0931659e-01  -2.4027665e-01  -6.1463217e-02  -9.5338708e-02  -2.0863186e-02   5.6062627e-01   3.9511656e-01   6.7766500e-01  -2.2491389e-01   4.6523612e-01   2.8348999e-01   5.4494663e-01  -1.7222425e-01   7.3773700e-01  -1.9063140e-02   2.0924560e-01  -2.8704656e-02   1.4473930e-02  -2.8466794e-01   6.6773379e-02  -2.9921376e-01  -1.1227151e-01   3.1884586e-01   4.7043636e-01  -3.3404798e-02  -1.0902738e-01   3.5402216e-01   2.1491202e-02   3.7087562e-01   8.0169633e-02   9.7733754e-03   1.5763209e-01
  -3.1216263e-02   3.8082930e-01   1.5356589e-01   0.0000000e+00   6.1557174e-02  -1.2266367e-01   2.1005615e-01  -1.8872564e-01   3.7505971e-01   1.5528966e-02   2.1608202e-01   8.5531937e-02   5.7298217e-02  -9.9634773e-02   3.6710952e-01   2.4056676e-01   1.0718131e-01   3.1394057e-01   1.6158114e-01   4.1894990e-01   9.0490214e-02   3.4024821e-01   7.4924176e-02   2.2939689e-01   2.0516124e-01   1.3970680e-01   8.5072358e-03   8.4890087e-02   4.0471838e-02   4.6962589e-01   3.3646098e-01   4.0283686e-01   4.0615442e-01   3.2039648e-01   3.4786027e-01   3.1981164e-01   1.2527959e-02   6.8399722e-02   2.2198756e-01   1.5731608e-01   1.5476931e-01  -7.7861365e-04   5.3065206e-01   2.7302045e-01   3.6684868e-01   1.6440686e-01   3.0412051e-01   4.5238588e-02  -1.1404454e-01  -1.4880159e-01   3.1508075e-01  -4.6039654e-02  -1.1776415e-01   3.5352404e-01   2.6117986e-01   2.4561129e-02   6.0694140e-03   4.4820577e-01   3.8515588e-01   3.6943337e-01   5.2885280e-02   1.4030470e-01   5.0263002e-01   1.3464359e-01   2.1826336e-01   3.7304577e-02   6.6918433e-02   6.3253308e-02  -2.6380324e-02   3.1762231e-02   6.0530993e-02   5.6699762e-01   1.8111138e-01   7.1315190e-02   1.4995594e-01   2.1659583e-01   1.3439452e-01   2.9368448e-02   3.1931285e-02   4.5967300e-01   1.3221827e-01   1.0050047e-01   1.9725349e-01  -1.5221723e-01   6.0771445e-02   7.9890739e-02  -1.1088359e-01   1.3782037e-01   1.3427030e-01  -1.3161948e-02   1.9470954e-01   4.5700493e-02   1.3104668e-01   5.4065196e-01   3.8072410e-02   3.4231875e-01   1.6792866e-01  -3.4187501e-02   1.7180962e-01   1.3206141e-01   4.4791938e-02   1.1866000e-01   2.7441975e-01   3.1029112e-01   4.5807167e-01   4.8262704e-01   2.2760060e-01  -1.5875611e-01  -1.7253776e-01   3.4106282e-02  -6.8538671e-02   5.5999376e-01   4.6966102e-01   8.0406055e-02   1.2464244e-02  -1.5771821e-01  -1.6557144e-02   2.8979859e-01   9.6733061e-02   5.7476620e-01   2.4591925e-01   1.6344925e-01   4.4982246e-02   3.8262922e-01   4.4491109e-03  -6.9411811e-03   4.8060038e-01   2.3078337e-01   5.0652996e-01   5.1889460e-03   7.5047998e-02   4.2727305e-02   6.1846558e-02   2.1364753e-01   3.6931485e-01   9.4566309e-02   2.2284047e-01  -8.2793834e-02   7.9109335e-02   7.5325197e-02  -2.0630402e-04  -2.9083066e-01   8.2440250e-02  -1.3313434e-01   3.3673078e-01   3.8602559e-01  -9.5344526e-03  -1.8769276e-03   2.2978623e-01  -1.6158901e-01   6.4917666e-02   5.1912498e-02   2.7383214e-01   1.2959409e-01  -4.9845338e-02   1.1577389e-01   5.9890284e-02   4.5875387e-01   7.5953487e-02   2.9757590e-01   2.1475438e-01  -4.6181245e-02  -3.2612171e-01   5.3342254e-01   4.1650532e-01  -1.1334273e-01   6.1288920e-02   1.3486640e-01   3.0226026e-01  -1.2996196e-01   1.6311354e-01   3.2383063e-02   1.1794371e-02  -1.8431455e-01   2.8648233e-01  -1.7681697e-01   3.1588379e-01
  -4.9426426e-02   1.3596438e-01  -1.6581390e-01   6.1557174e-02   0.0000000e+00  -3.1340678e-01   1.8450818e-02  -3.1783936e-01   2.6128339e-01   2.8746657e-01   2.2211438e-01   1.5849310e-01  -2.8190723e-02  -4.0066534e-01   1.6873185e-01  -7.0724685e-02  -8.1802034e-02   3.3826487e-01  -6.0716779e-04   5.2372419e-01   1.5067045e-01  -2.2628983e-01   1.2224789e-01  -1.5808686e-01   2.8084901e-02  -2.1782014e-01   1.7360414e-01  -2.1878878e-02  -2.6876043e-03  -1.5474541e-01   3.3816420e-01  -1.7354635e-01  -1.1273040e-01   3.3848502e-01  -2.5373685e-01   3.6036775e-01   2.6646154e-01   2.2133355e-01   1.3671380e-01   2.1410923e-01   2.2208127e-01  -1.1230251e-01   3.3848116e-01  -4.2278283e-03   2.5822724e-01   9.7750397e-02  -3.9040377e-02   1.8137291e-02   4.0133233e-01   1.8619078e-02   2.3503814e-01  -1.9712196e-01   4.1987275e-01  -1.2309746e-01  -1.9933112e-01   1.3591995e-01  -2.8031161e-01  -1.8778431e-01  -7.5319323e-02  -1.6425931e-01  -4.0662164e-02   1.8532356e-01  -3.3225123e-03   8.3317254e-02   4.7033297e-01   3.8086317e-01  -3.7555523e-01   2.5509685e-01  -7.2491422e-02  -3.4973176e-01   2.5937853e-01   3.9879016e-02   3.0834636e-01  -2.9747526e-01  -4.2972917e-02  -1.5427049e-01  -4.8297366e-02   1.4408479e-01   5.8105580e-01   6.1679760e-02  -5.3225463e-02   1.8444878e-01   2.8013151e-01  -2.2465689e-01  -1.7148032e-01  -2.4383902e-01  -1.9754996e-01  -4.6459942e-02  -6.9953298e-02   5.4797961e-02   3.2846353e-01  -1.6280795e-01   4.7366591e-01   1.2694686e-01   1.3040870e-01   3.8380168e-01   1.2383765e-01  -1.4540183e-01   4.7293634e-01   1.0309487e-01   8.8085142e-02   1.6573018e-01   2.7733642e-02  -1.3519795e-02   2.7504220e-02  -6.4121429e-02   9.6005306e-03  -1.0112825e-01   1.1422791e-01   3.2235554e-01   2.6310548e-01  -1.2511629e-01  -3.1488834e-02   3.3157525e-02  -1.2592372e-01   6.0227650e-01  -1.9318401e-01   3.2407824e-01  -2.2143474e-01  -1.6746362e-01  -2.0868230e-02   4.6904574e-01   2.6295551e-01   2.0848682e-01   1.1853746e-02  -2.3399223e-01   2.3174248e-01   8.0111626e-02  -2.5856855e-02  -4.1221278e-02   2.6717219e-01   5.5736195e-01  -1.5704941e-01   2.4358041e-01  -4.5287448e-02  -2.2890933e-01  -1.2684118e-01  -1.6859151e-02  -2.0822054e-01   2.3399530e-01   3.1010626e-01   6.3721745e-02  -2.5342545e-01  -4.8679921e-01   2.6168284e-01   3.2965273e-01  -4.9844201e-02   4.8658980e-01   4.3720019e-01   3.6871900e-01  -4.6111882e-02  -3.8338502e-02  -1.3558095e-01   3.5560299e-01  -7.2169555e-02   5.7427164e-02  -1.3463330e-01  -1.1468108e-02  -1.0693080e-01   4.4452800e-02   1.6826190e-01  -2.4534859e-01   1.3366893e-01   2.5376646e-01  -1.3935667e-01   2.1101333e-01   3.1199516e-01  -4.6337251e-02  -3.0791503e-01   5.0351074e-01   3.5414262e-01  -1.0290160e-03   2.2391807e-01  -4.1282607e-01  -1.1396540e-01  -1.3263434e-01  -2.1682652e-01
  -4.8075306e-02  -2.6877910e-02   1.7756264e-01  -1.2266367e-01  -3.1340678e-01   0.0000000e+00  -6.0016257e-02   3.0214957e-01  -3.4324587e-01  -1.0173808e-01  -6.7495479e-02  -1.7458459e-02  -3.7790054e-02   4.0284531e-02  -2.8427173e-01  -1.1459627e-01   3.5254177e-02  -1.6664225e-01   1.6656823e-01  -1.7161964e-01  -2.9227142e-02   2.1405972e-01  -7.3927969e-02  -9.7212824e-02  -3.1546323e-02   2.2113333e-01   4.7053203e-01   7.6630539e-02  -7.6537435e-02   2.1464788e-01  -3.0025670e-01   6.3427859e-04   5.3665768e-02  -2.3851000e-01  -4.2436594e-03  -2.6982484e-02  -1.1049199e-02  -1.6433545e-01  -1.3843687e-01   1.4485146e-01  -9.4584569e-02  -2.0104857e-01  -2.2356092e-01  -7.7798310e-02  -2.4981721e-01  -5.8412270e-02   3.9180487e-01   1.4071553e-01   1.2812939e-02   8.0214377e-02  -1.0859967e-01   2.2454303e-01  -1.6542195e-01  -2.7159939e-01  -8.6538166e-02   2.0359871e-01   3.2755892e-01   1.3295834e-01  -2.6876210e-02  -1.5990866e-02   6.2821924e-02  -2.8395314e-01  -2.5914361e-01  -1.8624440e-01  -2.5165063e-01   7.4405739e-02   5.8981627e-01  -3.7326788e-01   4.0971174e-01   2.6590381e-01  -2.2913387e-01  -5.5424259e-02  -2.1360858e-01   8.0063071e-02  -1.5339747e-01   1.2084882e-01  -6.3133134e-02  -2.2218453e-02   1.4810486e-03  -1.6294110e-01  -5.9174681e-02  -1.1404766e-01  -1.3174735e-01   1.1116974e-01   1.9625863e-01   7.8645694e-02  -2.0226160e-02  -9.1513495e-02  -2.5615830e-01  -2.0159695e-02   1.6172883e-02   1.2695237e-01  -7.0797614e-02  -1.5832473e-01  -1.7746379e-01  -8.0921997e-03  -2.3565837e-01   9.4619481e-02  -1.6150198e-01  -1.6091918e-02  -2.5554531e-01  -3.3438374e-02   7.4628967e-02  -1.5781451e-01   7.7796283e-02  -6.4367649e-02  -2.4418745e-01   4.1488294e-01  -1.4420835e-01  -2.4779219e-02  -1.8008522e-01   7.5067415e-02  -8.7571693e-02  -9.9015158e-02  -7.3844685e-02  -9.7176004e-02   1.5881329e-01  -3.0409989e-01   1.4258223e-01   7.3675501e-04  -1.2596259e-02  -2.2095395e-01  -3.2995575e-01  -1.5851956e-01  -6.7777322e-02   2.3244122e-01  -1.5868678e-01  -1.2755662e-01  -4.6971077e-02   2.5602142e-01  -1.4499824e-01  -8.8883328e-03   1.2011565e-01  -2.1165024e-01  -1.2891200e-01   1.5931220e-01  -4.5847414e-02   1.3017768e-01   9.0811657e-02  -2.0470004e-01  -2.6918428e-01   4.5861685e-02   2.9907870e-01   3.5454918e-01  -3.0977178e-01  -3.2651150e-01  -2.0947073e-01  -1.2401501e-01   5.1982848e-02  -3.8787993e-01  -6.9241219e-02   3.1940207e-02  -1.0676248e-01  -1.2482345e-01   3.2261561e-01  -2.0316052e-01   1.2865185e-01  -2.0552851e-01   7.5422222e-02   2.2747631e-01  -2.9618278e-01   2.1558112e-01  -2.0474318e-02   6.1758838e-02   1.9135355e-01  -1.7200760e-01  -1.4610289e-01   1.5600023e-01  -1.5174360e-02  -5.3148742e-02  -9.1410686e-02  -8.1364366e-02  -1.7606626e-02   6.3677594e-01  -1.2220273e-01  -1.8216287e-01   2.6424520e-03
  -2.7815280e-01  -2.8998959e-02  -2.6277821e-01   2.1005615e-01   1.8450818e-02  -6.0016257e-02   0.0000000e+00  -3.3896155e-01   1.7038799e-01   3.2523751e-01   3.9253154e-01   1.1295178e-01   2.9068984e-01  -1.5553102e-01   3.6155012e-01   3.9479074e-01  -3.6537728e-01   2.1791158e-01  -3.1220636e-01   1.9722400e-01   3.7054349e-01  -1.8933804e-02   5.8304936e-01  -3.5250574e-01  -8.5719776e-02  -3.2353899e-01   1.4284274e-01   1.0001105e-01   1.4414909e-01   2.5064113e-01   1.6879870e-01   5.0877867e-02   1.1217719e-02   6.2678836e-01   2.6187628e-01   5.2650912e-01   1.0097582e-01  -2.8978485e-01   4.1524793e-01   1.5812681e-01   1.9838667e-01  -3.3908854e-01   1.5900746e-01   3.2515115e-01   3.7814062e-01  -3.3286444e-01  -2.2460596e-02   4.5202127e-01   4.1077972e-02  -4.1446513e-01   3.8639859e-01  -3.0924351e-01   1.1037400e-01  -2.2363550e-01  -7.1727125e-02   3.7712881e-01  -3.5125340e-01   1.3693805e-01   2.5208014e-01   1.3579955e-02  -4.4371892e-01   3.5822250e-01  -5.6416853e-02  -1.8846932e-03  -8.7538363e-02   5.1235771e-01  -2.6265168e-01   2.1584747e-02  -1.8282500e-01  -1.5005148e-01   3.4343523e-01   1.7112356e-01   4.9162989e-01  -3.8351541e-01  -1.5112038e-01  -2.0740775e-01  -2.6325662e-01  -8.9391976e-02  -9.1996223e-02   8.6385976e-02   5.7812727e-01   4.5349549e-01   3.6139948e-01  -4.7435019e-01  -3.0053451e-01  -1.8127563e-01   7.6525654e-02  -2.3777095e-01   7.8900317e-02  -3.9939565e-01  -1.6818809e-01  -4.2323827e-01   4.1710113e-01   1.9491591e-01  -2.7229418e-01   4.6531369e-02   1.4289082e-02  -3.6716314e-01   2.1487391e-01   5.8819250e-01   7.0041528e-02   4.2244197e-01   5.0864601e-02   1.2457720e-01   6.8774374e-02   3.1034516e-01  -3.9915478e-01  -3.7723229e-01   2.4984100e-01   1.1741555e-01   6.0058117e-01   1.4429169e-01  -2.6249626e-02  -2.8003002e-01  -2.7591443e-01  -3.1381114e-02   4.9434087e-02   5.0959666e-01  -5.2593591e-01  -7.8535301e-04  -3.8067441e-01   1.2444616e-01   9.1360418e-02  -3.4936845e-02  -4.2157059e-01  -3.7913380e-01   2.5579083e-01  -2.0754995e-01  -1.3500609e-01  -2.9930158e-01   1.4896107e-01   3.9526633e-01  -2.9731167e-01   3.1335991e-01  -2.3533146e-01  -5.5164270e-02  -5.6522082e-03   7.5941907e-02  -1.7081078e-01  -3.1820153e-01   3.5419813e-02  -9.2314933e-02   5.9752258e-02  -5.2309588e-01   6.0893004e-01   1.9040953e-01   7.3805474e-01   2.1040451e-01   4.9371721e-01   1.0496193e-01  -1.6999110e-01  -1.7144064e-01  -2.5974759e-01   2.7915334e-01  -2.9602048e-01  -3.6304243e-01  -4.8009322e-01   2.6863318e-01  -4.8039575e-01   5.2298173e-01  -2.1603508e-02  -1.0458091e-01   2.0562045e-02   9.0676254e-02   1.4737929e-02   4.1200287e-01   2.7408912e-01  -2.0954310e-01  -1.8259532e-01   1.0797289e-02   3.5363690e-01  -2.7962730e-01   4.1458679e-02  -4.6675585e-01  -1.3272328e-01  -2.7786899e-01   7.0173381e-02
   2.5805992e-01   9.1330752e-02   5.5730327e-01  -1.8872564e-01  -3.1783936e-01   3.0214957e-01  -3.3896155e-01   0.0000000e+00  -1.3319886e-01  -1.7527845e-01  -1.0296685e-02   4.1301200e-02  -4.1505048e-01   8.0539007e-02  -1.3142817e-01  -4.6347977e-01   5.9077160e-01  -1.5167268e-01   4.3588787e-01  -4.2187541e-01   1.7418906e-02   3.2093637e-01  -1.5369651e-01   3.0350505e-01   1.7991154e-01   4.9356903e-01   4.8550027e-02   9.3136569e-02  -1.6262472e-02  -2.3134432e-01   4.1522112e-02  -1.5428316e-02  -1.2167899e-01  -2.6472656e-01  -2.5181839e-01  -3.7228698e-01  -3.8676236e-01   1.0433847e-01  -6.6251419e-01  -2.4273786e-02  -4.6883912e-01   3.8383847e-02  -2.9174153e-01  -1.6606631e-02  -4.6165096e-01   2.7306467e-01   3.5388952e-02  -1.9565489e-01  -3.2692470e-01   2.9932672e-01  -4.7376076e-01   5.4826626e-01   6.3701477e-02   2.7900492e-01   2.6944659e-01   1.9500666e-01   4.4229066e-01   1.3576873e-01  -3.2497017e-01   6.9326836e-02   5.3137628e-01  -3.9902004e-01   1.5664824e-01   3.3117714e-01  -2.8155100e-01  -3.0854867e-01   4.6982661e-01  -1.4682983e-01   3.7427357e-01   4.9986113e-01  -1.6861079e-01  -2.0170364e-01  -4.9756176e-01   4.6718905e-01   1.1699131e-01   4.2689933e-01   4.8106923e-01  -2.2713471e-01  -2.7168036e-01  -3.8102526e-01  -6.0199399e-02  -3.6825411e-01  -8.2203718e-02   6.8389168e-01   2.0614843e-01   5.0785238e-01  -1.0838305e-01   2.7004477e-01   3.1528836e-01   2.3188678e-01  -1.9966176e-01   5.3285403e-01  -8.6814119e-02  -5.4235375e-02   2.0265475e-01  -5.8472290e-01  -7.5808116e-02   5.3651569e-01  -2.5634062e-01  -4.5650864e-01   1.3565048e-01   1.1626853e-01   3.0935112e-01   1.1112310e-01  -1.1432523e-01   2.0305434e-02   1.2754686e-01   6.1481517e-01   2.2713001e-02   9.7219721e-02  -6.5427007e-02  -2.1479508e-02   3.0130373e-02   1.9731148e-01   4.3760126e-01  -1.0520550e-01   1.2897807e-01  -4.8325213e-01   5.2176418e-01  -2.2803514e-01   3.5837209e-01  -3.1170105e-01   1.3720977e-02   1.0974175e-01   3.6238437e-01   2.9883777e-01  -1.4614747e-01   2.8432285e-02   8.4348095e-02   3.3207629e-01  -4.2048248e-01  -4.1799294e-01   5.0733768e-01   1.0007000e-01   2.3190273e-01   6.6427911e-01  -1.7241718e-02   1.7989234e-01   5.6728462e-01   2.0729094e-01  -1.0104651e-01  -1.8446426e-02   1.7395486e-01   5.7947738e-01  -1.7288014e-01  -2.0372161e-01  -1.3109290e-01  -2.8743141e-02  -3.9438792e-01  -2.9757588e-02   3.6113129e-01   4.8988875e-01   3.2247351e-01  -3.2563123e-01   4.7464895e-01   1.4731649e-01   3.0873165e-01  -4.2634236e-01   5.8994084e-01  -5.9680109e-02   9.6958851e-02   6.3545550e-02   6.1594511e-02  -4.1391632e-01   1.1114282e-01  -2.0544053e-01   3.9330830e-03   3.4717835e-01   1.1517828e-01  -5.9521253e-02  -2.2548883e-01   1.1071595e-01  -3.3232677e-03   4.8406324e-01  -4.7370172e-02   6.1378849e-02   9.7619090e-02
   1.5337710e-01   1.1087290e-01   1.0144421e-01   3.7505971e-01   2.6128339e-01  -3.4324587e-01   1.7038799e-01  -1.3319886e-01   0.0000000e+00   1.7885114e-01   2.0863510e-01  -7.0774960e-02   7.1451743e-02  -2.2851646e-02   3.6112533e-01   4.3225357e-02   6.5731694e-02   4.1957949e-01   1.7664068e-01   2.9020626e-01   1.9648368e-01   2.9171263e-01   2.1463573e-01   2.6569529e-01   7.4992792e-02  -1.3036863e-01  -2.7515905e-01   1.4217889e-01   5.4821762e-03   6.7441025e-02   3.9880023e-01   2.7086463e-01   4.3466011e-02   2.4885256e-01   1.1230890e-01   3.5168295e-01   1.8481307e-01   3.2359736e-01   1.4097459e-01  -9.4308789e-02   3.1483193e-01   3.4004833e-02   2.6675083e-01   5.4377435e-04   3.4925853e-01   3.1784540e-01  -1.0798934e-01   4.6154621e-03   1.3990754e-01  -1.8742439e-01   3.0192642e-01  -1.0487562e-01   7.5137640e-02   1.7114845e-01   9.6483525e-02  -1.0259566e-01  -5.3644073e-02   3.4549319e-01   1.0011273e-01   1.6843418e-01   2.6674994e-01   4.9456776e-01   3.3967640e-01   4.2108374e-02   3.1174670e-01   1.0261630e-01  -2.5146253e-01   3.4095808e-01  -5.5394658e-02  -4.5871144e-02   1.3557496e-01   4.0542396e-01   2.1039593e-01   1.4948196e-01   1.2624090e-02   1.2304114e-01   2.2183606e-01  -7.9487945e-02   1.4404497e-01   2.8153522e-01   1.6029393e-01  -2.6279651e-03   1.6668856e-01  -2.3348244e-01  -9.2676923e-03  -1.5265572e-02   2.3715176e-03   2.0783877e-01   9.2669950e-02   1.3404213e-01   1.5405400e-01   1.5563882e-01   9.0101512e-02   4.7024588e-01   3.4027934e-01   5.8126415e-02   3.1389969e-01   6.9828882e-02   3.4291374e-01   8.6747205e-02   3.6525713e-01   1.0435671e-01   2.6941746e-01   4.3007315e-01   3.5003165e-01   3.1382883e-01   6.9189804e-02  -2.7519589e-02   4.0902063e-03   1.2435084e-02   7.8365521e-04   9.3988593e-02   1.7633730e-01   1.9156175e-01   5.9213523e-03  -3.8299734e-02  -3.0522230e-01   1.7644096e-01  -1.1030853e-01   6.5233972e-02   3.2472196e-01   8.8490073e-02   3.5497615e-02   4.2513254e-01   1.9993389e-01   1.3663243e-01   4.8292531e-01   1.2902278e-02   3.1131852e-01  -1.5015643e-01   2.1533286e-01   1.5579094e-01  -2.4064296e-02   3.0185440e-01   3.5171254e-01   1.9434867e-02   1.5377492e-01  -4.2644133e-02   1.2857619e-01   3.7533724e-01   2.5357559e-01  -1.0188745e-01  -8.0768306e-02  -2.6730348e-01   4.2684376e-01   5.1710730e-01   5.8046263e-02  -2.0346451e-02   1.0323839e-02   1.5424856e-01   1.9395949e-01   1.0529523e-01   2.1151329e-01   4.0261998e-02  -2.1554900e-01   2.9684178e-01   1.3499595e-01   1.5741744e-01   7.4502422e-02   1.4444331e-01   3.0724695e-01  -1.5706913e-01  -1.3268459e-01   3.4135225e-01   2.1720873e-01  -1.5021492e-01  -1.8101124e-01  -2.7116773e-02  -3.5927259e-02   5.8478184e-02   1.6187667e-01   2.2459531e-01   2.0380119e-01  -4.0573772e-01   1.2175591e-01  -1.1272353e-01   3.8730234e-01
  -7.9843360e-02  -1.9945856e-01  -1.4921259e-01   1.5528966e-02   2.8746657e-01  -1.0173808e-01   3.2523751e-01  -1.7527845e-01   1.7885114e-01   0.0000000e+00   9.4592216e-02   1.1979197e-01  -3.3167954e-02  -2.4467522e-01   4.5445641e-01   1.1748857e-02  -1.5716181e-01   8.9748600e-02  -3.2708052e-01   2.8570927e-01   4.1716715e-01  -2.2816156e-01   6.0791208e-01  -1.6225528e-01  -1.0738766e-01  -3.0270639e-01  -8.3019674e-02  -6.4495463e-02   6.2954168e-02   1.1055286e-02   1.8219337e-01  -1.8759857e-01  -7.2889106e-02   5.1134860e-01   4.2817139e-02   2.6012436e-01   3.1673876e-01   4.7396593e-02   1.4549467e-01  -7.9402681e-02   8.4601431e-02  -1.2250215e-01   1.9364825e-01   1.8846313e-01   3.8358734e-01  -3.3483119e-04  -8.2177683e-02   9.5809013e-02   4.1027851e-01  -8.7917403e-02   1.3284801e-01  -3.3170195e-01   2.0275402e-01  -2.3924821e-01  -6.4400453e-02   3.6405413e-01  -3.2910677e-01  -1.0109364e-01  -1.9512292e-01  -1.3575865e-01  -2.5466643e-01   1.1913189e-01  -1.2954897e-01   1.2418003e-01   2.7205993e-01   5.8651612e-01  -2.5640029e-01   2.3384001e-01  -2.3510498e-01  -9.6990153e-02   2.1053401e-02   1.2062989e-01   1.5878657e-01  -1.1551969e-01  -2.1986506e-01  -2.7436869e-01  -1.0723410e-01   2.1769316e-01   1.7464459e-01   3.6134654e-03   2.3419701e-01  -1.1547734e-02   3.4299067e-01  -1.2622012e-01  -1.2137770e-01  -3.7070778e-01  -2.0782223e-01  -1.1140174e-01  -1.4864748e-02  -7.5507103e-02  -2.1467309e-01  -1.1852208e-01   4.4168525e-01   2.7133078e-01  -5.9710276e-02   7.2425189e-02   1.3594898e-01  -3.2066687e-01   4.5417821e-02   4.9342750e-01   2.5914155e-01   2.9861611e-01  -1.1485297e-01  -1.1839448e-01  -3.9740288e-02  -1.0129596e-01  -1.2290142e-01  -2.0311706e-01   1.7984197e-01   9.7735944e-02   4.4206137e-01  -2.0017073e-01   1.5602750e-01  -6.0989626e-02  -6.6714413e-03   2.9015667e-01  -2.5922055e-01   3.8896808e-02  -1.5802748e-01  -7.3095064e-02  -9.5656751e-02   3.2299946e-01   3.2461294e-02   8.6339072e-02  -1.8011313e-01  -2.0172831e-01   1.1980527e-01  -1.0938236e-01  -2.5727605e-01  -6.9952635e-02   1.5666780e-01   2.0024155e-01  -2.4941125e-01   4.3017275e-01  -8.0742144e-02  -2.0952139e-01  -1.8836837e-02   2.5713306e-01  -1.9093500e-01  -7.5378586e-02   1.8304605e-01   1.0586116e-02  -3.6236601e-01  -3.2017101e-01   5.0897954e-01   1.9459663e-01   4.2173269e-01   1.7109881e-01   4.9684972e-01   3.7382169e-01   2.7830552e-02  -1.7438364e-02  -1.3682890e-01   1.8839376e-01  -3.6066960e-01  -6.7024732e-02  -2.3454620e-01  -3.2170771e-02  -1.3210802e-01   7.8755902e-02   3.0487195e-01  -3.6680257e-01  -1.3863199e-02  -7.1352618e-02  -2.4383003e-01   3.8908553e-02   3.0097384e-01  -1.4668947e-02  -2.0495640e-01   1.5731072e-01   3.4043862e-01  -1.5698764e-01   4.7551763e-02  -3.9390334e-01  -2.3889274e-01   2.7377659e-02  -2.3557181e-01
  -2.0099752e-01   3.3704208e-02  -2.6993821e-02   2.1608202e-01   2.2211438e-01  -6.7495479e-02   3.9253154e-01  -1.0296685e-02   2.0863510e-01   9.4592216e-02   0.0000000e+00   5.0487846e-03  -9.1864417e-02  -2.8323128e-01   4.8829319e-01  -9.4346271e-02  -3.7510605e-02   5.0190973e-01   2.4378532e-01   1.3358856e-01   4.1003184e-01   1.8469469e-01   5.2510930e-01  -1.2084573e-01   2.8812549e-01   1.5457329e-01   2.6743238e-01   1.1184973e-01   1.0813500e-01   4.1445480e-02   4.8216607e-01   3.8856487e-01  -1.1753535e-01   4.8130023e-01   3.0725929e-02   4.9784714e-01  -2.1189173e-01   2.9874478e-02   4.6540848e-02   2.2154186e-01   9.1837125e-02  -2.7385190e-01   1.4262151e-01   3.9454458e-01   3.9377725e-01  -7.0579034e-02   4.3027906e-01   1.9014256e-01  -1.9524804e-01  -6.7923856e-02   4.4293457e-01   1.6585540e-01   4.7513280e-01  -1.9783980e-04  -5.5079216e-02   4.9674988e-01  -1.1413505e-01   2.7352256e-01   3.0983730e-01  -3.0174095e-02  -4.6590761e-02   2.6777302e-02  -2.2521901e-03   3.8683489e-01   4.2519664e-02   3.5679354e-01  -6.3232191e-02   7.0431734e-02   4.9172016e-01   6.4089419e-02   2.0117716e-01   1.7023580e-01   3.1610197e-01  -2.3512816e-01   1.4404350e-01   2.1631836e-01   1.6469930e-01  -2.3709897e-01   2.8854916e-01  -3.1676251e-02   4.2246983e-01   1.8262872e-01   5.2105045e-01  -1.4315940e-01  -1.6294999e-01   6.6352167e-02   3.3936281e-02  -1.7765035e-02   3.7116330e-01  -1.2647182e-01   1.6489412e-01  -7.5189234e-02   3.5060075e-01   3.1448452e-01   9.1199042e-02  -6.4770974e-02   9.3496129e-02   1.6628710e-01   4.3065341e-01   2.9861303e-01   1.3857515e-01   5.7410349e-01   2.1670024e-01   4.3825845e-02   2.7928797e-01   3.8624722e-01   1.2646353e-03   1.7046992e-01   1.1549128e-01   3.6872068e-01   5.3735643e-01   1.0883126e-01   5.6234883e-02  -1.8310119e-01   1.4240977e-01   2.8492320e-01   1.2159568e-01   3.3475017e-01  -2.2474212e-01   1.3445919e-01  -2.2163178e-01   1.5876551e-01   1.6606456e-01   3.5858911e-01  -7.9249433e-02  -2.8875828e-01   5.5991278e-01   1.2894196e-01   1.8399739e-01  -4.1728950e-02   5.4061145e-02   4.9704556e-01  -2.2023074e-01   5.1218568e-01   1.5516312e-01   2.8502925e-01   2.1354288e-02  -8.4287697e-03   2.8465902e-01  -4.5870357e-02  -1.0478436e-01  -4.8524070e-02   3.9783950e-01  -2.5593366e-01   5.3189513e-01   3.2215408e-01   3.1868355e-01   3.3520123e-01   3.0351519e-01   2.1941666e-01   7.6751366e-02   1.5177759e-01  -7.4273313e-02   3.1233880e-01  -1.6550420e-01  -1.0846975e-01  -2.7523511e-01   1.9093988e-01  -6.5796622e-02   4.7895921e-01   1.3811846e-01   3.0366421e-01   5.2331581e-02   2.1891357e-01   2.6902221e-01   2.8252230e-01   3.6594384e-01  -5.3143623e-02  -3.2514642e-01   2.5543882e-01   3.3058750e-01  -1.7993581e-01   2.3197683e-01  -3.2179523e-01   4.2505048e-02  -1.7323088e-01   1.4427537e-01
   1.6661821e-01   5.3798630e-01   3.0746663e-01   8.5531937e-02   1.5849310e-01  -1.7458459e-02   1.1295178e-01   4.1301200e-02  -7.0774960e-02   1.1979197e-01   5.0487846e-03   0.0000000e+00  -9.6426725e-03   3.2376802e-02   2.5690317e-01  -6.0228411e-02   2.6957494e-01   4.7835553e-05   7.0459804e-02   2.6788900e-01   5.0316630e-02  -6.1506465e-02  -1.3785455e-03  -3.8338937e-02   3.6271893e-01   7.0999002e-02   8.4041342e-02   8.8238544e-02   3.9754408e-02   1.1280683e-01   3.0660909e-01  -7.7103738e-02  -1.9817653e-01   3.0104565e-01   1.8085095e-01   8.5552998e-02  -1.4702200e-02   1.2134459e-01  -9.1875933e-02   4.7479529e-01   4.4695145e-02  -2.8503499e-01   4.4402825e-01   1.6261586e-01   1.7130223e-01   1.1559674e-01   6.2496995e-02   1.5119731e-02  -2.1780362e-01   2.3912923e-01  -1.0800498e-01   5.2317568e-02   3.0490031e-01   2.5553406e-01   1.6031018e-01   9.4887217e-03   8.1703744e-02  -8.7005385e-02   1.9487522e-01   5.2712610e-01   3.6778968e-02  -1.4409473e-01   2.6487449e-01   3.1068659e-01  -1.8957377e-02   2.3779934e-01  -8.1203507e-02   3.0437277e-02  -9.9651318e-02   9.0066320e-02   3.2360837e-01   9.4691616e-02   1.0655029e-01   2.0591575e-02   8.7306560e-02  -9.6440546e-02   1.7571734e-01  -2.2838043e-01   8.1892390e-02   2.7263435e-01  -9.8902381e-03   2.4308508e-02   1.1618903e-01  -5.2346288e-02   3.0082351e-01  -4.3479380e-02  -2.1536187e-01   3.8150832e-02   5.0048190e-02  -8.6713961e-02   2.0615331e-01   1.7718228e-01   3.8229619e-01   2.6837955e-01  -4.8809311e-02   1.9373696e-01   1.1270715e-02   6.3630226e-02   8.6268505e-02   8.9376051e-02   1.4627314e-01   2.3988932e-01   1.7346645e-01   2.0068733e-01  -7.1330920e-02   1.0941878e-01  -5.3188048e-02  -1.9845428e-01  -1.9516880e-02   3.1292853e-01   1.9041551e-01   1.4534780e-01   5.7433183e-02   1.1012915e-01   4.6886323e-02   1.7679212e-01   1.9198547e-01   1.1597269e-01   3.6925044e-02  -7.0920103e-02   7.2098969e-02   2.7169811e-01   2.4906785e-01   3.3613333e-01   8.6357332e-02  -2.0076650e-02   1.3192017e-01   1.3453064e-02  -1.3267700e-01   2.5878862e-01  -1.5460627e-01   2.0092289e-01   2.3515690e-01   1.6850018e-01   2.5351635e-01  -2.9912358e-02   7.6070833e-03   6.1827293e-02   6.2778518e-02  -6.5200936e-02   1.7934259e-01  -2.7874540e-01   7.6848066e-02   2.0441221e-02   1.6986662e-01   5.0560127e-02   1.6988725e-01   2.0517172e-01   2.2438316e-01   1.7872880e-01   1.3413407e-01   1.0014415e-01   1.9753572e-01  -1.1185025e-01   4.7561657e-01  -9.2157672e-02   1.6023934e-02   2.7505404e-01   1.5317713e-01   7.3810004e-02   2.1088085e-01  -1.7134835e-01   2.2062425e-01  -9.5266226e-02  -3.4813373e-02   1.5223756e-01  -5.9690377e-03   2.1864718e-01   8.2777803e-02   2.7765150e-01   2.7358901e-01  -1.6268456e-01   1.1282269e-01  -9.9342904e-02   1.4202639e-01  -1.6087915e-01   2.9000798e-02
   3.1356599e-02  -5.6826250e-02  -3.0797535e-01   5.7298217e-02  -2.8190723e-02  -3.7790054e-02   2.9068984e-01  -4.1505048e-01   7.1451743e-02  -3.3167954e-02  -9.1864417e-02  -9.6426725e-03   0.0000000e+00   1.6435975e-01  -1.5510547e-01   3.7189067e-01  -2.8614843e-01   1.4503593e-01  -1.7863907e-01   2.4759791e-01  -6.6671196e-02  -8.7502039e-02   1.0853443e-01  -1.4208321e-01  -2.8330102e-01  -2.8704135e-01  -2.0570243e-03   9.3344135e-02  -2.7733521e-01   2.1567756e-01  -1.0683386e-01  -9.8759598e-02  -1.2936167e-01   1.6136496e-02   2.1109034e-01   2.8007793e-01   4.5266636e-01  -9.9624165e-03   4.5294959e-01  -2.1507273e-01   7.8775655e-01  -2.5702895e-01   3.9026038e-04   3.7157126e-02   1.7282751e-01  -1.2632426e-01  -1.8715574e-02   2.4595193e-01   2.7227632e-01  -3.6620560e-01   3.1531145e-01  -3.0439728e-01  -1.4084968e-01  -4.3749155e-01  -1.3447407e-01  -4.5343275e-02   1.7710086e-01   5.3194207e-02   4.4861194e-01   9.9283185e-02  -1.9440331e-01   4.8741309e-01  -8.1936406e-03  -2.9308668e-01   1.1668443e-01   1.5384492e-01  -1.6279645e-01  -4.8513562e-03  -2.9762838e-01  -6.4855797e-02   1.6840161e-01   2.0512875e-01   5.9513949e-01  -5.5250641e-02  -3.5004295e-01  -3.6980593e-01  -3.2610192e-01  -1.2503242e-01  -1.2227432e-01   3.9226865e-01   2.4929637e-01   3.8472498e-01   7.4423678e-02  -3.3791575e-01   7.5977032e-03  -3.4466229e-01   2.1074711e-01  -7.4004462e-02  -3.9839416e-01  -2.4475627e-02  -3.0997286e-03  -2.0885627e-01  -1.7436581e-01   7.0215931e-02   1.0839273e-02   2.5828790e-01  -1.8171321e-01  -1.6597957e-01   2.2723630e-01   2.6235770e-01  -1.0438914e-02  -2.5769566e-01  -1.6708083e-01   2.3882434e-01   5.5776598e-02   7.9939912e-02  -4.3430756e-01  -4.8219169e-01   1.5565023e-02  -8.1909477e-02  -8.3003325e-02   6.9870590e-02  -3.5438038e-01   8.1282060e-02  -2.4135724e-01  -2.0067629e-01  -1.2450922e-02   5.8060112e-01  -1.7175796e-01   4.9592675e-02  -1.4160030e-01  -5.8284890e-02  -2.1779265e-01  -2.6672866e-02  -1.3793660e-02   2.4162326e-01  -3.3663178e-03  -5.2580662e-01  -1.8322873e-01  -1.1771567e-02   3.5295751e-01   1.7378513e-01  -3.4525513e-02  -1.0421968e-01  -1.5463914e-01  -5.0385728e-01  -1.7001538e-01  -8.9600196e-02  -4.0346345e-01  -5.8890638e-02   1.1405655e-01   3.4800904e-01   9.9147756e-02  -2.2261933e-01   7.1867075e-02   1.6642769e-02   1.4751649e-01  -1.1769823e-01   1.7026021e-01  -7.4680691e-02  -1.4095128e-01  -3.4321352e-01  -1.5789686e-01   2.0372585e-01  -1.8802768e-01  -1.1762470e-01  -3.1952465e-02   4.9669191e-01  -3.0258718e-01   6.6422001e-02  -3.0285689e-01  -8.4868902e-02   6.9835788e-02   2.0555972e-01   2.5057507e-02  -5.2354138e-02  -2.2600799e-01  -1.3879987e-01  -1.5748813e-01  -1.3365599e-02   2.5585434e-01   1.3753718e-01   1.7098076e-01  -1.3343329e-01  -1.5792131e-01  -2.9708794e-01   2.2322492e-01
   1.5781897e-01   9.8706996e-02  -4.2131249e-02  -9.9634773e-02  -4.0066534e-01   4.0284531e-02  -1.5553102e-01   8.0539007e-02  -2.2851646e-02  -2.4467522e-01  -2.8323128e-01   3.2376802e-02   1.6435975e-01   0.0000000e+00  -2.4001942e-01   1.4793138e-01  -2.4460296e-02  -3.5313655e-01  -3.3471410e-02  -8.0606768e-02  -1.2209721e-01  -1.0220144e-02  -1.7845580e-01   2.6658552e-01  -9.0617559e-02  -6.3201551e-02   9.9908148e-02  -5.0267184e-03  -2.0223104e-01   5.8099796e-02  -2.6064927e-01   1.7159309e-02  -1.4787917e-02  -2.2649973e-01   2.4672213e-01  -2.4849692e-01   6.4415021e-02   7.6513895e-02   4.1487717e-02  -9.1308839e-02   7.3275087e-02  -2.7222612e-02  -2.5117387e-01  -9.2399148e-02  -2.9736868e-01   8.1664379e-02  -1.9626939e-01   1.4682184e-01  -1.3566181e-01   1.3326651e-01  -2.3462198e-01  -9.2809441e-02  -1.1496204e-01   5.4938900e-02   2.2150445e-01  -2.0694536e-01   9.8259067e-02  -5.1514650e-02   1.9406200e-01   1.1537235e-01  -5.3189011e-02  -1.7548310e-02   1.1164606e-01  -1.6184414e-01  -1.4789841e-01  -1.1837272e-01   2.5362457e-01  -1.3252296e-01  -2.0432326e-01   1.5966820e-01   9.5439041e-02  -2.5312437e-01  -1.0326282e-01   2.2843744e-01  -7.2265255e-02  -1.5788799e-01  -4.5025603e-02  -3.0813663e-01  -2.1119298e-01   7.3197583e-02  -1.1827174e-01  -1.3454004e-01  -9.1764376e-02   2.0034693e-02   3.9671188e-01  -3.1930736e-02   5.1763139e-01  -5.7014773e-02  -9.5646885e-02   2.5561327e-01   8.4928096e-02   1.6630781e-02  -2.6558515e-01  -5.3613609e-02   3.7861000e-02  -4.8874435e-02  -1.5367218e-01   7.4698239e-02  -4.5267321e-01  -2.0506995e-01   3.1915780e-01  -3.2257550e-01  -6.1517334e-02   1.8947197e-01  -1.3836880e-01   1.7050120e-02  -6.3129666e-02  -1.6023498e-01  -1.6636472e-01  -9.8274317e-02  -2.1715013e-01  -2.4051550e-02  -2.1611882e-01   1.1493352e-01   1.4022946e-01  -2.7988229e-01  -2.1952279e-02  -5.7374304e-02   1.5375583e-01  -1.0793692e-01   7.5886650e-02  -7.1245909e-02  -8.8090864e-02   6.6113726e-03   1.2809520e-01   2.7849563e-01  -2.8649540e-01  -6.5060185e-02  -1.8504061e-01   7.2129022e-02  -7.3493438e-02  -2.0025003e-01   3.0364805e-01  -3.0393394e-01  -6.9576109e-02  -1.3047469e-01  -2.3267296e-01   1.1752879e-01  -1.3695129e-01  -5.6541294e-02   1.1113086e-02   6.5249450e-02   2.4348506e-02   2.7557493e-01  -2.2723917e-01  -2.4149198e-01   7.9305398e-02  -3.1207181e-01  -3.1813283e-01  -2.1193268e-01   1.5487889e-01  -2.6038784e-01  -9.9732547e-03  -2.0269540e-01   1.6311697e-01   2.7085825e-01   4.4950186e-02   1.6761119e-01  -6.8140096e-02  -1.1903752e-01  -7.8734216e-02  -1.2051908e-01  -7.7673956e-03  -2.0087109e-01  -3.5627017e-02  -1.3496114e-01  -3.3434254e-01  -5.8355005e-02   1.6396621e-01   3.7237478e-02  -1.2199983e-01   7.8592501e-02  -2.9210712e-01   2.0377399e-01   3.5997473e-02  -1.3556009e-01   3.2151717e-02
