   0.0000000e+00   3.2678370e-01   2.6396868e-01  -1.4123096e-01   2.1668989e-01  -1.7897614e-01  -7.9773391e-02  -2.2575247e-01   3.1893531e-01  -4.8281865e-02  -3.6671430e-01   3.8517746e-01  -1.0559885e-01  -2.2674864e-01   2.3113552e-01  -2.9449501e-01   4.0705434e-02   6.4533934e-02  -6.0399448e-02  -9.3979059e-02  -3.0161761e-01   1.3661921e-01  -1.5133340e-01   6.8875836e-01   1.5115728e-01  -1.8300413e-01  -1.9531638e-01  -1.1317966e-01   9.6568399e-03   1.9864411e-01   1.0822014e-01  -1.5802081e-01  -2.0297077e-02  -1.0152923e-02  -1.6083432e-01  -3.9209497e-01   1.4314640e-02   2.7875301e-01  -4.6317354e-01  -1.5223764e-01  -1.6119006e-02   3.8693071e-01   2.3255371e-01  -3.6263020e-01  -2.2612588e-01   1.7451179e-01  -2.5589108e-01   7.8420794e-02  -1.6260982e-01   3.8964045e-02  -3.1474818e-01  -7.2974865e-02   2.4975740e-01   2.1236311e-01  -2.8896004e-01  -1.3533138e-01   2.0360564e-01  -1.2718870e-01  -1.7132085e-01   7.7093010e-02   5.5547075e-03  -1.2416597e-01   3.5779596e-01   3.2009147e-01   1.7502945e-01  -2.7196946e-01   5.7431211e-02   1.4430963e-01  -3.1239947e-01   4.2009024e-02   7.5997264e-02  -1.3343091e-01   4.2546107e-02   5.4801259e-01   3.8812906e-01   6.4666121e-02   8.0340780e-02  -8.4029743e-02   6.4981420e-02   1.3958845e-01  -1.9218217e-01  -7.1455716e-02  -2.4593793e-01  -2.8600466e-01   1.0497018e-01  -1.5586699e-02   1.4382653e-01   1.6854578e-01   3.1711571e-01   1.5608367e-01   3.4770476e-01   1.0247356e-01  -1.6186438e-01   1.5277381e-01   1.5403830e-01   1.6937207e-01  -1.2536736e-01  -1.4301905e-01  -9.8072438e-02  -2.4195258e-01  -3.4374131e-01   2.5942484e-01  -1.9102084e-01   4.1789242e-01  -1.2389300e-01  -1.7211710e-01   1.9979488e-01  -1.7764976e-01  -1.8288906e-01  -1.7555749e-01  -1.2135954e-01   6.8525385e-02   2.1568193e-01   1.6733295e-01  -1.2548118e-01   2.6579189e-01  -5.9469670e-02  -8.6030946e-02  -3.7292023e-01  -1.7197750e-01   8.9162191e-02   3.5494242e-01   3.1685334e-01   1.0513963e-01   2.5453252e-01   5.2650690e-01  -1.5637108e-01   1.6603798e-01   1.5197510e-01  -8.0989519e-02   1.4491121e-03  -5.1759709e-02   5.8390182e-01  -1.6204422e-01   2.1567673e-01   2.1781623e-01   2.3299912e-01  -2.3730664e-01   3.3457316e-02   3.1855780e-01   3.4513109e-02   1.1221651e-01  -3.4342317e-02  -1.1791285e-01   1.6265918e-01   1.5300800e-01  -5.5801500e-02   2.6291833e-01  -2.4797337e-01  -2.6212945e-01   7.1770588e-02  -3.1249935e-01   1.2118686e-01   1.9397062e-01   2.8793241e-01   4.0445046e-01   5.0624821e-02  -2.6033399e-01  -2.1148747e-02  -3.1778207e-01  -1.9717042e-01  -3.0010271e-02   3.2902702e-02   5.1904857e-02  -1.3220177e-01   7.0842560e-02  -4.8786971e-02  -1.5986588e-01  -8.4185105e-02  -1.9124815e-01   2.0645323e-01   2.1337530e-01  -8.8169080e-02   1.1599289e-01   6.0546130e-02   5.1391168e-02  -7.2825024e-02
   3.2678370e-01   0.0000000e+00   5.3244462e-02  -3.4006828e-01   9.6713634e-02  -2.3280128e-01  -1.9721992e-01  -3.0364266e-01   6.9506846e-01  -3.1951761e-01  -4.1342442e-01   6.5171311e-01  -2.7164350e-01  -8.4830174e-02   3.9270692e-02  -2.3101092e-01   5.0387977e-02  -3.9920158e-01  -1.5390828e-01  -1.0441157e-01  -4.3037768e-01  -1.2663178e-01  -5.3530968e-01   1.7303505e-01   7.1465827e-02   9.5186910e-03  -2.1871812e-01  -2.0756779e-01   1.6605946e-01   8.2693451e-02  -1.2892794e-01  -1.4936283e-01   4.4411168e-02  -3.1902240e-01   1.8799530e-02  -4.7783839e-01  -7.3678259e-02  -4.4500404e-02  -1.3974042e-01  -1.9337439e-01  -2.9059219e-01   2.4368680e-01   6.3129946e-01  -4.1229465e-01  -5.2751667e-01  -3.1154090e-02  -2.9041102e-01   4.7238815e-01  -3.0026688e-01  -6.4643069e-02  -3.6654073e-01   8.3899544e-02   4.3427003e-01  -6.9600567e-02  -1.1561504e-01   2.4150052e-02   1.3546967e-01  -5.2777481e-02  -1.3276301e-01   4.8140558e-01   4.2333307e-02  -4.9108823e-01   7.2866304e-01   4.7782461e-01  -2.6169255e-02  -3.9257344e-01  -1.7416190e-01   4.6882585e-01  -4.7479854e-01   2.4498794e-02   2.7664612e-01  -3.0187224e-01   5.2997773e-02   2.6450048e-01   3.3056276e-01  -9.0244023e-02  -1.4458484e-01  -2.1482353e-01   3.1763276e-01   9.7030182e-02  -3.3058109e-01  -1.6056359e-02  -1.9678464e-01  -2.6171120e-01  -1.9452551e-01  -2.8331311e-02   6.7918405e-01  -9.3831317e-02   8.0198808e-01  -3.3327659e-01   6.9508037e-01  -4.7788805e-02  -3.2557035e-02   5.2121344e-01  -6.5112274e-02  -4.8275586e-02   1.0272206e-01  -2.0569786e-01  -2.3394402e-01  -4.8058520e-01  -5.1012331e-01   6.9192153e-03  -5.5282522e-01   7.6480875e-01  -4.6716731e-01  -4.5102562e-01   1.4266958e-01  -1.5313675e-01  -9.3192004e-02  -2.1279799e-01  -3.7181869e-01  -1.6501029e-01   2.3480953e-01  -1.6317954e-01  -3.6811438e-01   2.6879978e-01   5.1463324e-02  -1.0378035e-01  -4.9489673e-01  -2.4239699e-01  -2.9004790e-01   1.7984885e-01   5.9191271e-01   1.1493292e-01  -1.8215370e-01   4.4656465e-01  -2.7854551e-01   5.8317909e-02  -6.1982118e-04  -6.5345958e-02   1.9396472e-02  -3.6454593e-01   6.0744655e-01  -2.7306592e-01   4.7083180e-01   7.3015593e-02   2.1281663e-01  -3.4172345e-01   7.4676456e-02   3.9897956e-02  -1.7986016e-01  -5.4255141e-02  -2.9378916e-01   1.2428999e-01  -8.3597890e-02   3.1127412e-02  -2.7935701e-01  -6.4886899e-02  -3.3348768e-01  -4.0964073e-01  -2.7121769e-01  -3.6369733e-01  -2.0852434e-01   3.6512442e-01   5.9661516e-01  -8.0358504e-02   1.8360042e-02  -1.3130752e-01  -1.2342119e-02  -3.7344793e-01   1.4238663e-02  -2.1162385e-01  -1.9626346e-01  -7.4176214e-02  -1.9854480e-01   1.0992859e-01  -2.0696432e-01  -2.6964877e-01  -2.4348513e-01  -1.9448949e-01   4.9218634e-01  -9.8443063e-02  -8.4467320e-02  -8.2606343e-02   1.0715067e-01   1.1016892e-01  -1.4894136e-01
   2.6396868e-01   5.3244462e-02   0.0000000e+00  -2.2487649e-01   1.6271454e-01   2.8864403e-01  -2.8295583e-01  -2.0651291e-01   2.2301309e-02  -1.9723424e-01  -3.5623128e-01   3.1566164e-01  -2.4073747e-01  -3.4667489e-01  -9.4026099e-02  -2.5011991e-02   8.7825049e-01  -5.1771511e-03   4.3603766e-01   2.8580979e-01  -3.2094869e-01  -6.4809453e-02  -3.9430902e-01   4.2401325e-01   2.5710218e-01   2.0532521e-01  -1.6710660e-01  -2.7372936e-01  -1.4968072e-01   1.9716931e-01  -3.3469213e-01  -1.2650078e-01   1.2419541e-01  -3.3424204e-01  -4.2951646e-01  -4.4609357e-02  -2.1842565e-02   5.1848915e-01  -2.6569346e-01   1.7428521e-02  -1.0083694e-01   3.5182167e-01   1.8999369e-01   1.4640549e-02  -3.0950198e-01   7.2074163e-01  -7.4870890e-02  -3.2688558e-01  -2.5990652e-01   3.1116908e-01   4.9399322e-02   2.8039137e-01  -2.2773424e-01   2.4123235e-01  -2.9155691e-01   8.9164213e-02   7.0153828e-01  -5.7518087e-02  -1.0911415e-01  -7.0093890e-02   8.1278985e-01   1.2488750e-02   1.1079240e-01  -2.5384382e-01  -3.0502505e-01  -2.8056108e-01   4.6820298e-01   3.5731850e-02   4.0834868e-03   7.4598675e-01  -2.8687203e-01  -1.6239098e-01  -5.5838338e-02   5.0499624e-01   7.6720669e-02  -1.6243990e-01   7.6353970e-01   1.2591182e-02  -1.6087051e-01  -4.4707961e-02  -2.7184716e-01  -1.8636104e-01  -3.1281431e-01  -1.9460454e-01   4.6576749e-01  -2.9233665e-01  -2.4645125e-01  -3.2528812e-01   6.4998589e-02   1.6074552e-01   6.9799808e-02   7.9310964e-01  -6.9352451e-02  -1.7313067e-01   4.8284997e-01   9.0788467e-02   5.1163669e-02   4.2829989e-01   3.4283039e-02  -3.9227783e-01  -2.4529349e-01   9.7994299e-02  -3.3778358e-01   6.1819488e-02  -1.6217435e-01  -2.3603561e-01   1.3735001e-01   3.1445306e-02  -1.9995407e-01  -1.6983075e-01  -4.0846896e-02  -4.1763811e-02   5.2296695e-02   1.1940028e-01  -1.7381940e-02  -3.0049175e-01   2.6360631e-01  -1.1949135e-01  -1.2876657e-01  -6.9433684e-02   5.1951529e-01   2.8840029e-01   1.8857998e-01  -4.2514115e-01   6.8483779e-01   1.2312857e-01  -2.5234514e-01   1.0225249e-01   3.0974042e-02   6.8538776e-01  -3.2295283e-01  -4.5381485e-01   2.1245476e-01  -4.7229678e-01   1.5837435e-01   1.0089039e-01   7.0123043e-02  -3.8930429e-01  -1.0662547e-01   7.7197592e-02  -2.2303214e-01  -3.9973139e-02  -4.7598364e-04   1.7703131e-01  -3.8202302e-01  -2.2625075e-01  -2.1731118e-01   2.8412361e-01  -8.1317319e-03  -3.2347126e-01   4.1260564e-01  -3.5406252e-01   4.6167623e-01  -1.2615959e-01   3.4761693e-01   1.8442233e-01   5.5826953e-01  -5.6404414e-02   7.9620814e-01  -3.6423862e-01  -9.5615502e-02  -1.0468795e-01  -2.7098396e-01  -1.8485482e-02   1.1249455e-01  -2.4768177e-01  -1.6686494e-01  -1.7324924e-01   4.5213829e-01  -4.1506729e-01  -1.0543305e-01   5.2025092e-01  -3.3998891e-01   5.7953573e-01   1.8510809e-03   1.3370192e-01  -1.5861665e-02
  -1.4123096e-01  -3.4006828e-01  -2.2487649e-01   0.0000000e+00  -6.2440552e-02   2.7340902e-01  -9.0532042e-02   4.2851291e-01  -2.4710937e-01   8.2969765e-02   3.3144389e-01  -4.5396961e-01   7.6860268e-02   7.0186192e-02   2.9378528e-02   1.3055097e-01  -1.4037407e-01   3.9185037e-01   3.7984573e-01  -1.3357597e-01   5.1371717e-01   5.6585286e-01   2.4567209e-01  -3.6761233e-01   1.2461581e-01  -1.1089977e-02   2.2150886e-01   9.9346803e-03   1.4692407e-01   3.6900308e-01  -1.6914563e-01   6.2967171e-01   3.4545694e-02  -5.0495327e-02  -1.4043256e-01   3.6036367e-01  -1.2127213e-01  -1.4819426e-01   1.8386718e-02   3.5480221e-02   1.1952796e-01   5.1111537e-02  -3.1357961e-01   2.3418594e-01   3.3953776e-01  -2.9841408e-01   4.5520814e-01  -1.3106305e-02   1.8438957e-01  -1.3647247e-01   5.5543572e-01  -1.1204043e-01  -3.4763043e-01  -7.5113772e-02  -2.5975345e-02   8.2307441e-02   3.4764465e-03   4.7796397e-01   3.6017877e-01  -1.2957094e-01  -7.3952133e-02   6.9391551e-02  -2.2856950e-01  -4.6517150e-01  -3.7808960e-02   4.8127100e-01   2.2102668e-01  -7.9012593e-02   4.2644273e-01  -1.9737749e-01  -1.8471137e-01   7.7526923e-01  -1.1421936e-01  -1.7515013e-01  -1.5472763e-01   4.2110902e-01  -1.0357214e-01   2.6360825e-01  -1.6280622e-01   3.2724138e-01   4.6031543e-02  -1.3408261e-01   8.9393862e-02   2.4463483e-01   6.1851594e-02   4.4679501e-01  -3.2832898e-01   1.4151054e-03  -2.9157955e-01   5.6175156e-02  -3.7134108e-01   2.9547204e-02  -8.1387131e-02  -3.4754888e-02  -1.7663548e-01  -8.2383449e-02   9.3598995e-02   3.8179555e-01   1.2478425e-01   3.2027546e-01   1.7976716e-01  -1.0771556e-01   3.4379672e-01  -2.5113008e-01   6.6260836e-01   7.6298157e-01  -2.7916997e-01   5.5953671e-01  -2.5219075e-01   2.0472723e-01   2.0789149e-01   4.4653861e-01   5.6070225e-01  -4.9717806e-02   9.0382548e-02  -3.0805069e-01  -8.0220687e-02   1.9141715e-02   1.8342650e-01   7.0017333e-01   2.3012327e-01  -3.4302310e-02  -3.1396335e-01  -7.6328295e-02  -7.4400291e-02  -2.2556276e-01   2.3464030e-01   7.6772724e-02   5.7958234e-01  -1.3046140e-01  -1.4736369e-01  -4.4529785e-02  -2.7532024e-01   5.0004289e-04   1.3678739e-01   2.5464867e-01   1.6766875e-01   6.9571354e-02   4.6566629e-01  -1.9315278e-01   3.5587056e-02   2.5506765e-01   3.9708071e-01  -2.2764206e-01   5.2942798e-02   1.0810829e-01  -1.0104363e-01   2.0846180e-03   3.4981091e-01   1.3122188e-01   6.7947561e-02   1.8713799e-01   1.1783556e-01  -1.3666365e-01  -3.2022675e-01  -2.6527209e-01  -6.6650833e-02   1.2637736e-01  -6.9343058e-02   1.5661156e-01   1.8935148e-01   1.8351119e-01   2.6805989e-01   4.6290673e-01   5.1290302e-01  -2.2674322e-01   1.9345184e-01   5.5160234e-02   5.9638280e-02   1.3039264e-01  -2.4464227e-01  -2.9313731e-02   3.4128511e-01  -2.1081782e-02  -2.0054787e-01  -6.1999858e-02   6.5830530e-01
   2.1668989e-01   9.6713634e-02   1.6271454e-01  -6.2440552e-02   0.0000000e+00  -2.7469290e-02   9.3555140e-02   5.0329421e-02  -1.1077947e-01   1.3954670e-01  -2.1653906e-01   2.0947472e-01   1.2862645e-01  -1.8439654e-01  -2.4464729e-02   5.5348387e-02   1.0241416e-01   2.2277877e-02  -5.5910065e-02   4.5218893e-01   2.3142661e-02  -1.2148108e-01  -7.1060572e-03   2.1780467e-02   7.8708403e-02  -1.0084645e-01  -2.0946476e-02  -6.6359265e-02   1.5506793e-01  -1.1263369e-01   2.3171197e-02  -1.1183707e-01  -7.4737497e-02   1.2433929e-01  -2.2389944e-01   1.9669112e-01   4.6563710e-02   1.4589369e-01   4.7560265e-02  -3.0590593e-02   1.9467754e-01   1.3248490e-01   1.0936493e-01  -1.6146408e-01   6.2663326e-02  -1.2733972e-02  -1.0789435e-01   1.8622278e-01   3.4728519e-02   8.6229723e-02  -8.3522887e-02  -9.5094338e-02   2.8364587e-01   2.6226773e-01  -3.2705112e-01  -2.6004915e-01   1.4978225e-01  -2.8612766e-01   5.1638169e-02  -1.0897979e-01   7.1254890e-02   2.3689858e-01   5.0576150e-02  -2.5612184e-02   2.0035934e-01  -7.0955432e-02   1.2015608e-01   1.8860985e-01  -2.6322100e-01  -1.2294261e-01   1.1389629e-01  -8.4838207e-02  -3.4328448e-02   2.5701202e-01   3.4564795e-01   1.0784014e-01   6.2980256e-02  -2.5817509e-01   3.0184660e-01   1.6038567e-01  -7.4015763e-02   3.6539346e-02  -1.4871804e-01  -2.8599269e-02  -3.4339608e-02  -9.7196565e-02  -9.4702380e-02  -5.4422821e-02   9.9120499e-02   3.3251620e-02   4.4403114e-01   1.0101786e-01   2.2131185e-01  -1.9495243e-02   3.0558894e-04   5.4388427e-01   1.7735019e-01  -3.9996177e-02   3.9356354e-01  -3.1008934e-03  -2.0707518e-01   8.3870053e-02   2.3380206e-02  -2.0536715e-02  -3.0161857e-02   1.6184145e-02   2.0073284e-01  -5.6311940e-03   1.3713590e-01   1.6981653e-01   3.2282622e-02  -1.0532220e-01   3.8300994e-02  -1.4476836e-02  -6.3333771e-02   3.1099697e-01  -1.2953486e-01  -1.1088457e-04  -1.8086781e-01  -1.7514379e-01  -1.0307852e-01   5.4181292e-01   1.7875830e-01   3.2606961e-02  -6.2814868e-03   7.5087433e-03   8.3735929e-02   5.6367275e-02  -2.2628422e-02  -5.1500162e-02   1.3784029e-01   2.2912062e-01   1.2064393e-01   9.3737091e-02  -7.6242755e-02   6.0975587e-02   1.9110569e-01  -1.2853935e-01   9.2628717e-02   1.0648969e-01  -1.4682067e-01   2.0469826e-01  -6.9942528e-03   1.8730300e-02   5.6383923e-03   1.4675742e-01  -5.2345608e-02   4.7267114e-01   4.9961273e-02  -1.0995938e-02   3.4796331e-02  -4.3730267e-02   1.6452487e-01   1.7707628e-01   2.3793399e-01   7.8730684e-02  -6.7100570e-02   7.7841341e-02   6.8414965e-02  -1.2036211e-01  -1.0034421e-01   2.5417122e-02   2.2296558e-01   8.6291379e-02  -1.0334552e-01   2.5410783e-01   2.1739047e-01  -2.2225667e-01   2.0847452e-02   2.2852301e-01   2.9807728e-01  -2.2093767e-02   2.1712215e-01   1.1763849e-02  -8.4879527e-02   2.2751986e-02  -6.2645562e-02
  -1.7897614e-01  -2.3280128e-01   2.8864403e-01   2.7340902e-01  -2.7469290e-02   0.0000000e+00   3.3494447e-01   1.7544169e-01  -2.9544545e-01   1.7789672e-01  -1.4492467e-01  -3.9993690e-02  -8.2109956e-02  -1.8800260e-02  -1.6307441e-02   2.1448843e-01   3.4227455e-01   3.3814488e-02   4.6901458e-01   1.0279300e-01   8.7628658e-02   1.7768536e-01   2.7500418e-01  -1.6873483e-01   8.1330740e-02   1.3181219e-01   5.6569730e-01   8.8082898e-02  -9.3870336e-02   1.0999325e-01  -1.7727992e-01   1.7631067e-01   2.2013966e-01   1.2965611e-01   2.5616540e-02   3.4775886e-01  -1.8213301e-01  -2.3815231e-01   1.4368838e-01   5.5221202e-01   6.8803575e-02   8.1312762e-02  -1.5231946e-01   1.4884933e-01   1.3748193e-01   8.1180213e-02   8.2110805e-02  -1.6951165e-01   1.0199492e-01   3.9381843e-01   2.4087071e-01   3.2544275e-02  -2.8372149e-01  -3.4141316e-02   1.1503529e-01  -4.0759025e-03   3.5581185e-01   1.3529071e-01   1.1098630e-01  -6.0939346e-02   2.3401059e-01   2.9476603e-01  -2.0301886e-01  -5.4134850e-01  -2.0905628e-01   1.6046984e-01   5.6143056e-01  -3.5961775e-01   1.8669290e-01   3.2090476e-01   2.0608298e-01   1.8546861e-01  -3.5820479e-02  -1.2511636e-01  -3.2520811e-01  -2.4520966e-02   9.2414299e-02   1.4818005e-01  -2.9268928e-01   6.5380201e-03   2.9988804e-01  -1.8021900e-01  -7.6047795e-02   1.0024312e-01   2.6046282e-01  -5.3254331e-02  -2.4227739e-01  -1.0812275e-01  -3.0283429e-01  -1.0078667e-02  -4.3377354e-01   2.2175551e-01   2.8092566e-01  -3.2692874e-01  -1.4207749e-01   7.1728584e-02   2.7234127e-03   4.6857869e-01   1.0073801e-01   2.2196112e-01   2.6097866e-01   3.9066713e-02   8.0232088e-02  -2.8129022e-01   3.7698851e-01   2.0431983e-01  -1.2707022e-01   2.6706472e-01   4.6549327e-02   2.3002361e-01   2.4552975e-01   7.1723649e-02   1.5313164e-02  -6.8489391e-02   3.0656419e-01  -3.9715981e-01   1.0319028e-01   3.8281423e-02   3.3450404e-01   3.3723779e-01   1.7100066e-01  -9.2048542e-02  -2.4664645e-01  -3.4927557e-01   5.4711171e-02  -2.7667508e-01   1.4554757e-02  -9.6724877e-02   8.8718881e-03   4.5993917e-01  -1.1892293e-01  -1.9830486e-01  -2.0456393e-01   1.2423508e-01  -8.0425074e-02  -1.4244103e-02  -4.7836530e-02   2.6376912e-01   6.7542768e-02  -2.9782009e-01  -2.6535302e-02  -6.5935490e-02   5.9836582e-02   5.0022147e-01  -9.2348151e-02  -2.1439659e-01   3.3902020e-01   9.1372568e-02   4.3993624e-01   1.3205522e-01   2.0849804e-01   1.1141944e-02   1.4322312e-01  -4.0272444e-01   2.1448928e-01  -1.9352075e-01   1.3820667e-01   2.5454772e-01   2.4778807e-01   2.9313975e-01  -6.5282336e-02   8.5193066e-02  -3.9402209e-02  -1.7140894e-02   2.7906729e-01  -2.5243057e-01  -3.0365066e-02   7.2238326e-02   2.3849532e-01   7.0539090e-02  -2.5424208e-01   2.2847172e-02  -1.8000623e-01   4.1581550e-01  -3.4775860e-01   6.6502375e-02   2.5097513e-01
  -7.9773391e-02  -1.9721992e-01  -2.8295583e-01  -9.0532042e-02   9.3555140e-02   3.3494447e-01   0.0000000e+00   2.4361299e-01  -4.1786568e-01   5.5992590e-01  -2.1639149e-01   9.3825227e-02  -5.6503403e-02   2.0422565e-01   1.3756068e-02  -1.4961272e-01  -2.8293238e-01  -1.1457931e-01  -2.6013791e-01   8.7127468e-02   2.3499076e-01  -1.4956869e-01   6.4427605e-01  -1.3188761e-01  -2.3178132e-01  -2.1513407e-01   2.9363764e-01   2.1839626e-01  -1.1417123e-01  -2.5131756e-01   3.3078781e-01  -9.9456382e-02   6.2500499e-03   7.9185545e-01   5.8034789e-01   2.1883832e-01   5.9920166e-02  -3.6281473e-01   2.3677803e-02   2.0921861e-01   1.3529826e-01  -1.7184630e-01  -3.3455800e-01   6.3302983e-02   2.7108745e-01  -3.6629126e-01  -2.8638291e-01   1.6020288e-01   2.8415842e-01   8.7696635e-02  -1.4921341e-01  -3.5247859e-01   3.0530992e-01  -1.9458010e-01   1.3130473e-01  -2.5828535e-01  -2.5522108e-01  -3.4097713e-01  -1.9306508e-02  -1.8048727e-02  -3.4903887e-01   2.4226259e-01  -2.5492223e-01   3.3877353e-03   3.3101745e-01   2.3200508e-01  -7.4744021e-02  -3.6391963e-01  -1.2498177e-01  -3.4852857e-01   5.5536107e-01  -2.0389398e-01   5.4864340e-02  -9.1726555e-02  -2.9923324e-01   3.6998730e-03  -4.0193352e-01   3.6857192e-02   1.5633572e-03  -2.1943549e-01   4.4381056e-01   1.6686475e-02   1.3065154e-01   1.8215397e-01  -1.3920946e-02  -3.6648195e-02  -1.9271533e-02   1.8048326e-01  -3.0560982e-01   1.7988380e-02  -1.2682090e-01  -2.9107112e-01   7.1367584e-01  -4.1392600e-01  -4.2155301e-01   3.7299667e-01  -3.0747921e-01  -2.4486494e-01   9.2264987e-02   5.8227094e-01   2.2050164e-01  -2.6534290e-02   3.1676812e-01  -3.9664244e-01   1.0895518e-02   7.6059548e-02  -6.9493169e-02  -7.3053827e-02   5.2820507e-01   3.9881670e-01   4.1387492e-01  -9.1087023e-02  -3.3594192e-01   7.7892131e-03   1.1053937e-01   2.1142608e-01  -1.7687783e-01   1.2638539e-01   1.8502827e-01  -1.1727201e-01  -9.8008071e-02  -2.1850870e-01  -1.9695679e-01   6.1485642e-03  -2.6198710e-01  -3.4927075e-01   1.8631505e-01  -2.1253613e-01  -3.4783749e-01  -2.4920242e-01   1.2929263e-01   3.7566617e-01  -2.1811082e-01   5.2039377e-01  -4.8850668e-01  -3.2973939e-01  -2.2464298e-01   4.6605542e-01  -2.6152822e-01  -5.8462921e-02   1.3154699e-01  -7.2767758e-02  -2.0371425e-01   3.8271698e-01   2.1661533e-01   9.2755053e-02   6.3583248e-01   8.0537761e-03   4.6695372e-01   3.7110089e-01  -8.4244945e-02   2.9380396e-01  -1.0413868e-03  -1.6446181e-01  -1.2419757e-02  -1.6257688e-02  -3.3846178e-01  -5.2325080e-02  -1.7122708e-01   6.0044583e-01  -2.0344752e-01  -5.4719717e-02   2.1594526e-01  -1.5483767e-01  -2.9657040e-01   4.0478365e-01  -8.3482772e-02   1.3634485e-01   4.0606400e-02   4.1710927e-01  -6.3063016e-03  -2.5086218e-01   1.0628526e-02  -3.4457186e-02  -3.3004208e-01  -1.6629064e-01  -2.2435782e-01
  -2.2575247e-01  -3.0364266e-01  -2.0651291e-01   4.2851291e-01   5.0329421e-02   1.7544169e-01   2.4361299e-01   0.0000000e+00  -3.4916830e-01   2.3351856e-01   3.5296509e-01  -3.3126137e-01   8.9371352e-02  -1.2939844e-01  -3.0756174e-01   4.4497269e-02  -7.7687962e-02  -1.1188465e-02   1.4497641e-01   1.1128762e-01   1.6989518e-01   3.2563886e-01   3.1570316e-01  -4.9190149e-01   3.2625108e-02   3.1884535e-01   3.3036031e-01   2.2507658e-01  -7.7850236e-02  -1.4010329e-01  -5.2851411e-03   2.9176967e-01  -2.9420473e-03   2.4343989e-01  -1.3817047e-01   3.6141995e-01  -2.4159054e-02  -2.0279820e-01   5.0024558e-02   2.5268163e-01   7.9594353e-02  -9.5057603e-02  -3.9444927e-01   7.4168779e-01   3.6318721e-02  -2.8590650e-01   7.8088929e-02  -2.5832254e-01   4.4300863e-02   1.3112285e-01   1.0888520e-01   2.0484178e-01  -1.8009726e-02  -5.4976173e-02  -6.7022060e-02   4.9124895e-01  -2.2385093e-01   3.2650819e-01  -4.6179383e-02  -4.3994915e-01  -1.2442461e-01   6.9239656e-02  -1.5416381e-01  -1.8004665e-01  -3.6810550e-02   1.7633239e-01   2.1399159e-01  -1.5249015e-01   6.3871966e-01  -1.9778615e-01   1.6323092e-01   1.3844658e-01  -4.8207357e-02  -5.0274430e-01  -1.9387101e-01   5.3631078e-01  -1.5182152e-01   3.8960811e-01  -1.8614605e-01  -2.0870754e-01   4.1465075e-01  -1.7357231e-01  -8.7629001e-02   8.5145763e-01  -2.5102119e-01   4.4567245e-01  -2.6317396e-01  -1.4185708e-01  -1.9628243e-01   8.1012976e-02  -1.4554885e-01   2.9200731e-02   2.3377552e-01  -2.4808156e-01  -2.1559379e-01   5.8833527e-02  -1.5963911e-01   2.2232117e-01   7.8894872e-02   1.8844723e-01   2.9797760e-01  -3.5618158e-01   5.4226768e-01  -3.3796354e-01   2.9419993e-01   5.6739696e-01  -8.3737879e-02   7.5797754e-01  -3.4478579e-03   1.3570532e-01  -1.2782539e-02  -1.7537516e-01   1.2370148e-01   1.5970783e-02   5.1836654e-02   1.4937416e-02   3.6005906e-01   2.6719519e-01   1.8114082e-01   2.6285680e-01  -3.9121215e-02  -1.2998609e-01  -1.9916737e-01  -1.5634810e-01  -1.1490641e-01  -5.3215511e-01   2.2570547e-02  -2.3593656e-01   1.7859838e-01  -1.4918998e-01   1.5347606e-01   1.9593822e-02  -2.7091956e-01   1.6543123e-01  -1.4648636e-01   3.1758157e-01  -2.4324474e-01   2.3088862e-01   3.1247629e-01  -1.9162638e-01   1.9242959e-01   9.6404610e-02   5.5250427e-01   8.6408659e-02  -2.0448080e-01   4.9271044e-02   5.0480167e-02   1.1913416e-01   2.1543890e-01   2.6694420e-02   2.2456358e-02   7.7125418e-01  -1.1396346e-01   4.6794365e-02  -4.7118611e-02  -2.4944666e-01  -3.0612703e-01  -2.6789045e-01   9.4244769e-02   5.3173890e-01  -5.2321134e-02   4.8065754e-01   8.2887034e-02   1.8397028e-01   4.2737504e-01  -1.3400975e-01  -3.9192580e-02   5.3750052e-01  -2.0787695e-01   3.4383022e-01  -7.5256973e-02  -3.3314688e-01   4.0424069e-02  -2.1715195e-02  -2.5747665e-01  -2.5315368e-01   5.4587570e-01
   3.1893531e-01   6.9506846e-01   2.2301309e-02  -2.4710937e-01  -1.1077947e-01  -2.9544545e-01  -4.1786568e-01  -3.4916830e-01   0.0000000e+00  -5.0474934e-01  -1.2647908e-01   3.7519313e-01  -1.5656185e-01  -2.0833216e-01   9.0043063e-02  -4.1077321e-02  -3.5816503e-02  -2.4574128e-01  -6.9401140e-02  -1.0947087e-01  -3.8751230e-01   2.3154893e-01  -5.2130115e-01   1.9543777e-01   2.1285814e-01   1.4255431e-01  -1.7354596e-01  -3.7646185e-01   1.1907643e-01   2.0701335e-01  -5.4634043e-02  -3.7330423e-02   4.2125712e-03  -4.4053602e-01  -1.0585168e-01  -4.5135850e-01  -8.3413169e-02  -5.5026032e-03  -4.1806055e-02  -9.6621976e-02  -1.5390378e-01   2.3509534e-01   7.1473646e-01  -3.2235699e-01  -3.9551577e-01   4.9612396e-02  -4.6250873e-03   1.6478147e-01  -2.6409623e-01  -2.2151309e-02  -2.8694838e-01   2.7506282e-01   1.4460394e-01   1.5236125e-02  -1.6423987e-01   8.4457177e-02   1.2842177e-02   2.5228541e-01  -8.3295758e-02   3.6326091e-01   2.3367024e-02  -4.5695463e-01   8.5722870e-01   4.2986055e-01  -1.7436375e-01  -4.0645150e-01  -2.0553976e-01   3.8283426e-01  -2.2624241e-01   1.0147256e-01   6.5323347e-02  -3.9140044e-02   9.6248979e-02   4.8896054e-02   3.0042611e-01  -5.4824087e-02  -7.5772877e-02  -8.8892308e-02   1.5901220e-01   2.3633402e-01  -4.1643980e-01   4.5811492e-02  -1.7173074e-01  -3.1887811e-01  -3.4920583e-01  -7.4455540e-02   6.2490566e-01  -6.6764454e-02   8.0128955e-01  -2.7580390e-01   3.6347194e-01  -4.7811955e-02  -3.8813567e-01   7.6591690e-01   2.4924413e-02  -2.1833005e-01   4.9467725e-02  -1.9965074e-01  -2.5539454e-01  -5.0383136e-01  -4.6823583e-01   3.8765562e-02  -4.6312826e-01   8.6496361e-01  -2.6193240e-01  -3.2414365e-01   1.1795468e-01  -1.9109949e-01  -2.1695617e-01  -3.6400702e-01  -5.7842903e-01  -1.3874681e-01   4.1190820e-01  -2.0020259e-01  -4.9096938e-01   7.0124291e-02   4.8934027e-02  -7.2357841e-02  -5.6877666e-01  -6.2821286e-02  -3.1625335e-01   5.1005404e-02   4.4190370e-01   2.0144812e-01  -2.3558465e-01   5.0696726e-01  -2.2348613e-01   1.2923694e-01   3.2853163e-01  -3.3624671e-02   8.9778395e-02  -3.0077359e-01   6.0058753e-01  -3.0179786e-01   7.7574778e-01   2.2167833e-01   2.0264064e-01  -2.7530166e-01   1.5787152e-01  -3.0844848e-02  -1.5545631e-02  -2.9542954e-02  -7.5271584e-02  -1.1552985e-01  -1.0338590e-01   1.1520805e-02  -4.0515950e-01  -1.9988737e-01  -4.9327034e-01  -3.5670074e-01  -4.2445207e-01  -3.7195353e-01  -2.9520501e-01   2.5727963e-01   3.5441966e-01  -8.8223687e-02   2.5937117e-02  -1.0946399e-01  -5.4673287e-02  -4.4632088e-01   2.5563196e-02  -8.3786272e-02  -3.5546090e-01  -3.7741047e-03   5.9013163e-02  -1.3507312e-01  -6.5982096e-02  -2.5260835e-01  -2.9029895e-01  -2.2141016e-01   3.8139189e-01  -6.8165437e-02  -1.3843786e-01  -1.8333766e-01   2.1339690e-01   1.9207470e-01   1.2077058e-01
  -4.8281865e-02  -3.1951761e-01  -1.9723424e-01   8.2969765e-02   1.3954670e-01   1.7789672e-01   5.5992590e-01   2.3351856e-01  -5.0474934e-01   0.0000000e+00  -5.6373136e-02  -8.1146235e-02   1.0394138e-01   9.9952555e-02  -2.0392095e-02  -2.4231274e-02  -2.5943642e-01   1.9674594e-01  -1.1440132e-01  -1.4414654e-02   3.3464979e-01  -9.2869274e-02   6.3068394e-01  -6.0485343e-02  -2.4721141e-01  -3.5895650e-01   1.7553847e-01   3.1532467e-01  -1.1326496e-01  -2.1771728e-01   6.6761056e-02  -8.4796206e-02  -1.6303394e-01   6.5113675e-01   2.9536968e-01   4.0974335e-01   7.0312415e-02  -2.7781109e-01  -1.3377200e-03   1.0972353e-01   2.1056213e-01  -6.3206041e-02  -2.6590255e-01   8.9349391e-02   3.7384912e-01  -3.0782691e-01  -5.9447321e-02   1.3771558e-02   1.3376042e-01   5.0283856e-03   2.9578406e-02  -4.1939250e-01   1.1002916e-01  -4.1688123e-02   2.2119640e-01  -2.3961089e-01  -1.0968848e-01  -3.3078129e-01   7.3188735e-02  -7.7791004e-02  -3.3571587e-01   5.0456642e-01  -4.1159783e-01  -2.2860995e-01   8.6091934e-02   5.6879016e-01  -8.8166423e-02  -2.4645294e-01   2.8795865e-02  -2.8345510e-01   4.1385592e-02  -2.0177869e-02   3.4948698e-02   4.0302431e-02  -1.0807223e-01  -2.7578913e-02  -2.1969269e-01  -5.8010898e-02   6.2328753e-02  -5.4382151e-02   3.4419776e-01   7.0315156e-02   2.6924111e-01   1.1491738e-01   1.7015046e-01  -5.7903570e-02  -3.3040256e-01   1.6858291e-01  -4.7383471e-01   9.4818316e-02  -2.0291925e-01  -2.1994435e-01   6.0020591e-01  -4.9849101e-01  -3.4437923e-01   3.7039721e-01   1.9139036e-02  -1.4695506e-01   1.9021274e-01   5.4312992e-01   2.0861199e-01   9.7397945e-02   3.5087312e-01  -5.3080753e-01   1.2259673e-01   1.5847992e-01  -1.0940020e-01  -2.0461602e-02   3.6823246e-01   4.1712806e-01   5.5653296e-01   8.7500494e-02  -2.1717459e-01  -6.2730928e-03   2.1586618e-01   7.1272479e-03  -3.3333076e-01  -4.7138302e-02   2.4582023e-01  -9.2525778e-02   4.6681084e-02  -2.7985225e-02  -2.3188426e-01   3.6528005e-02  -1.1384805e-01  -2.5328058e-01   3.4469931e-01   5.7794336e-02  -2.4278381e-01  -2.5870583e-01   1.5681099e-01   4.4636188e-01  -3.1043476e-01   3.1630047e-01  -4.4521828e-01  -2.9447909e-01   1.8382210e-02   2.5055247e-01  -2.8512482e-01  -1.3210324e-01   8.0012788e-03   1.4202055e-01  -7.5244547e-02   2.3680632e-01   2.5916547e-01   5.4509943e-04   4.2158060e-01   2.3343892e-01   6.5441341e-01   4.8126122e-01   6.0808080e-02   1.8940400e-01   7.4773200e-02  -1.9739380e-01  -1.3028402e-01   2.9388484e-03  -3.2810773e-01   6.2626270e-02  -2.0143053e-01   4.1776876e-01   1.1864702e-01  -4.9639511e-03   5.3723710e-01  -1.9029396e-01  -2.1905039e-01   3.3944105e-01   1.3093124e-01   3.7819506e-02   1.5974483e-01   3.2999280e-01  -8.3442933e-02  -1.1058522e-01  -6.9344883e-03   4.9435559e-02  -1.3957115e-01  -6.8616895e-02  -1.1454589e-01
  -3.6671430e-01  -4.1342442e-01  -3.5623128e-01   3.3144389e-01  -2.1653906e-01  -1.4492467e-01  -2.1639149e-01   3.5296509e-01  -1.2647908e-01  -5.6373136e-02   0.0000000e+00  -6.0281481e-01   1.4629153e-01   3.7687131e-02   1.1154947e-01   3.7111415e-01  -2.5488019e-01   3.1989278e-01   5.5102549e-02  -2.6348952e-02   3.8844192e-01   1.8360794e-01   2.0525042e-01  -4.0016693e-01  -4.4501274e-02   2.3591319e-01   7.5133734e-02   8.1342536e-02   6.5210066e-02   1.1022954e-01   6.1943985e-02   2.3996421e-01  -1.9107876e-01  -1.2967641e-01  -1.3028382e-01   3.9466056e-01  -1.6422374e-01  -2.5213585e-01   2.5258951e-01  -8.6208059e-02   1.1426107e-01  -2.2842953e-01  -2.6111321e-01   3.3614558e-01   3.1000390e-01  -1.9897393e-01   5.8024855e-01  -1.5292977e-01   1.2241245e-01  -2.9606101e-01   3.6886742e-01   1.9871938e-01  -3.6586342e-01  -8.0838409e-04   1.5660012e-01   2.9451285e-01  -3.1829851e-01   3.5951394e-01   1.0274952e-01  -1.9252266e-01  -1.6561750e-01   3.9553796e-03  -2.7313808e-01  -2.4977146e-02   3.0833652e-02   1.9688446e-01  -1.0449053e-01  -1.4054924e-01   5.0999468e-01  -1.3672855e-01  -2.5843966e-01   4.8141955e-01   7.6569890e-02  -4.6754852e-01  -1.2435427e-01   2.2267714e-01  -9.2715471e-02   1.9716771e-01   8.2363187e-03  -6.1473744e-02   1.6665446e-01   2.4418877e-01   2.3504840e-01   2.8914841e-01  -2.3940907e-01   2.8522332e-01  -1.7130310e-01   1.2896301e-02  -2.6512433e-01  -3.6124159e-02  -2.8034626e-01  -1.1955231e-01  -4.0340644e-01   6.8935486e-02  -1.8603493e-01  -3.0228214e-01   2.9421487e-03   1.9090497e-02   1.5346599e-02   1.7307426e-01   2.0405714e-01  -6.9083850e-02   3.5508596e-01  -1.3460553e-01   4.0682923e-01   3.7769017e-01  -3.7961452e-02   2.2557874e-01  -2.6589062e-01  -1.7033859e-02  -8.7653181e-02   1.0578481e-01   1.0621659e-01  -1.3440194e-01   5.7540159e-03  -1.1915978e-01   1.5027581e-01   9.9922214e-02   1.5740572e-01   2.6826985e-01  -7.5429193e-02  -2.7972661e-01  -2.5180934e-01   1.2792085e-01  -2.3600483e-01  -2.0516878e-01   1.2303326e-01  -4.0081038e-02   2.6299057e-01  -1.5258846e-01   3.3729425e-02   2.6844705e-01  -3.3010060e-01   1.0537052e-01  -2.6966224e-02   2.6666095e-01  -1.6843625e-01   1.8256556e-01   3.4642458e-01  -1.0562384e-01   5.2931777e-02   4.3214215e-02   4.8343698e-01  -4.4406129e-01   5.4105359e-02   7.9362831e-02  -1.5497048e-01  -1.6697369e-01  -7.0311354e-02   1.5817047e-01  -1.0017409e-01   4.3738147e-01  -1.3844823e-01   1.4439024e-01  -5.9627529e-01  -2.0806017e-01  -1.3000510e-01   1.0534921e-01  -2.0297905e-01   2.2323652e-01   1.0977465e-01   5.3376227e-01  -4.6868083e-02   3.7540596e-01   2.9146196e-01  -3.4158289e-01   3.3906650e-01   2.9130395e-01  -1.6188783e-01   1.2581416e-01  -3.4515395e-01  -3.1112311e-01   3.5594500e-01  -2.4091402e-01   1.4030808e-01  -1.2962681e-01   2.7525945e-01
   3.8517746e-01   6.5171311e-01   3.1566164e-01  -4.5396961e-01   2.0947472e-01  -3.9993690e-02   9.3825227e-02  -3.3126137e-01   3.7519313e-01  -8.1146235e-02  -6.0281481e-01   0.0000000e+00  -2.0450689e-01  -1.3993028e-01   2.0271089e-01  -3.6672562e-01   2.6868777e-01  -1.9366316e-01  -7.5869226e-02   1.1774868e-01  -3.1852415e-01  -2.6228315e-01  -3.2847792e-01   3.9681426e-01   1.0953906e-01  -1.0927487e-01  -3.4111251e-01  -2.1311944e-01   6.5546827e-02   1.0460564e-01  -2.1806824e-01  -3.3887566e-01  -1.3196964e-01  -4.1671043e-02   2.1321682e-01  -3.6298488e-01  -6.2682150e-03   1.3155107e-01  -3.5536399e-01  -2.1340016e-01  -7.2803887e-02   1.6415743e-01   6.1818551e-01  -3.4808023e-01  -3.4190062e-01   1.2214328e-01  -3.8604236e-01   2.4283430e-01  -2.1937076e-01   1.4996493e-01  -3.0633894e-01   2.5850840e-03   3.9757074e-01   4.6466702e-02  -8.5247329e-02  -3.7495696e-02   3.0182395e-01  -3.3825599e-01  -1.2370841e-01   5.5476474e-01   1.6825806e-01  -2.5805100e-01   4.4797944e-01   2.2255647e-01  -2.0098103e-02  -2.2631881e-01  -1.4275150e-01   3.0644801e-01  -5.5659615e-01   1.9081160e-01   2.1020126e-01  -3.3024621e-01  -2.2448376e-02   5.4728969e-01   2.7348353e-01  -2.0459379e-01   1.1360480e-02  -1.8464868e-01   2.7548530e-01   1.5697491e-02  -3.1684087e-01  -6.1982380e-02  -1.4363948e-01  -2.8976706e-01   8.9622216e-02  -2.3094499e-01   2.6479195e-01  -1.3204596e-01   4.6442875e-01  -1.5207310e-01   4.9658200e-01   2.1304886e-01   3.3352617e-01   1.8964370e-01  -5.5675567e-02   2.4033789e-01  -4.8364403e-02  -1.7349342e-01  -8.7347527e-04  -2.6365492e-01  -5.1605342e-01   1.8313609e-01  -4.6441916e-01   4.4048141e-01  -5.0713347e-01  -5.6661344e-01   1.3856089e-01  -2.4943410e-01   1.2038889e-01   5.8645423e-02  -6.1422383e-02  -9.1241431e-04   7.6338004e-02  -1.7733031e-01  -3.4584990e-01   1.1262680e-01  -2.5650253e-02  -1.1692844e-01  -4.6902834e-01  -4.1609404e-01   8.5338163e-03   2.8094748e-01   6.1057627e-01  -9.9868416e-02   9.9363520e-02   4.7564889e-01  -1.5506781e-01   1.4599864e-01  -1.7917731e-01   7.9569462e-02  -4.1008749e-02  -3.4084798e-01   5.1393531e-01  -2.4509327e-01   2.8121014e-01  -1.2387071e-01   1.0710528e-01  -4.2268854e-01  -1.4407774e-01  -1.9160786e-02  -1.8297704e-01  -1.1067692e-01  -1.7070765e-01   3.2709422e-01   2.0692202e-03  -6.2132284e-02  -2.9857596e-02   1.5070606e-01   1.4568946e-02  -1.5479886e-01  -1.8655526e-01  -4.0363539e-01   8.3421137e-02   1.0501893e-01   5.9956877e-01   4.8918280e-02   8.2076386e-02  -1.7034432e-01   2.1789238e-01  -2.9599869e-01  -6.8261002e-02  -1.3417584e-01  -1.3151010e-01  -1.7422519e-01  -3.5595051e-01   2.5634604e-01  -2.1662972e-01  -3.3983527e-01   1.1949286e-01  -1.1715493e-01   4.5668753e-01   1.1270884e-01  -9.6570780e-02   1.5896008e-01  -2.1723857e-02   3.9763166e-02  -3.0278016e-01
  -1.0559885e-01  -2.7164350e-01  -2.4073747e-01   7.6860268e-02   1.2862645e-01  -8.2109956e-02  -5.6503403e-02   8.9371352e-02  -1.5656185e-01   1.0394138e-01   1.4629153e-01  -2.0450689e-01   0.0000000e+00  -2.5957373e-01  -1.3993214e-01   2.0102535e-01  -2.0674434e-01   1.1291526e-01   2.9522569e-02   2.1254303e-01   6.7014159e-02  -1.0819848e-01   1.5242981e-01  -1.5833527e-01  -1.2188394e-01   4.5653673e-02   7.6650599e-03   3.0418392e-02   2.3375543e-01  -2.8100923e-01   1.9855740e-01   2.4057375e-01   5.0773578e-02   2.2974170e-01  -1.2216668e-01   1.2959861e-01   2.3283223e-01   1.1734975e-02   1.0985169e-01   5.7202608e-02   5.5391600e-01  -3.5582147e-03  -1.1410341e-01   3.9250125e-02   1.3709886e-01  -1.2626001e-01   8.8075673e-02  -1.7048393e-01   1.4205351e-01   1.5928686e-01   4.2612287e-02   1.9343535e-03   1.5368436e-02   3.3512696e-01   1.6326849e-01  -2.4888119e-02  -4.5483952e-02  -1.0356153e-01   1.8126562e-01  -2.0685876e-01  -2.4168283e-01   2.5709776e-01  -6.8822686e-02  -1.2271838e-02   5.7592097e-02   1.1426531e-01   4.9813960e-02   2.3761697e-01   1.5583811e-01  -2.5164130e-01  -1.9048176e-02   9.2720669e-02   5.1438658e-02  -1.4234959e-01   3.8653418e-02   2.9950504e-01  -1.1058506e-01  -1.1685197e-01  -8.5530580e-02   1.7238869e-01   2.1560383e-01  -7.3023456e-02  -3.9512883e-02   1.2939412e-01  -1.7253262e-01   2.3299914e-01  -6.1739075e-02  -7.3152150e-02  -7.1491193e-02   6.2860571e-02  -1.2447767e-01  -1.2281387e-01  -1.3695945e-01  -4.5760766e-03   4.2981767e-02  -6.9738633e-02   2.3720756e-01   5.7865464e-02   2.3826235e-01   6.7592798e-03   1.1014683e-01  -1.2613716e-04   2.8037014e-02  -1.2627172e-01   1.9749074e-01   9.6133218e-02   1.5973519e-01   5.7222510e-02   3.8619454e-02  -7.4404962e-02   5.9480573e-02  -1.5292307e-01   6.8328882e-02   3.5464261e-02   1.3380252e-01   5.3342857e-02   4.0065022e-03   3.3538718e-01   8.1748484e-02  -1.5176128e-03  -1.0890124e-01   8.3168716e-02   6.8385219e-02   3.5834501e-01  -8.5475667e-02  -2.3926243e-01   2.6385711e-01   9.5688939e-02  -1.0773101e-01  -2.5113659e-01   2.9470824e-01   2.6821017e-01  -2.4962739e-01   2.4642893e-01  -1.3916634e-01   1.0096747e-01   1.6880598e-01   6.5178938e-02   2.0037247e-01   9.6942199e-02   1.5908180e-01   4.3688787e-01   8.7458311e-02  -2.4836294e-01   1.6724306e-01  -9.4644403e-03   1.4122211e-01   1.1542191e-01  -4.1169933e-02   1.7945273e-01  -1.3272364e-02   1.4098145e-01  -5.7601151e-03  -7.7185439e-02  -2.3505203e-01   9.4833294e-02  -1.4228842e-01   3.3185596e-01  -1.5836883e-01   4.3811936e-02   6.3313660e-02  -1.2161719e-02   1.0254307e-01  -6.7281082e-02   4.1537689e-02   9.7538515e-02   2.4440020e-01  -5.0177149e-03  -3.8429325e-02   2.0808997e-01   1.2565489e-01  -5.3828467e-02   8.6009737e-03  -1.7398319e-01  -3.3316608e-02   1.5203612e-01   8.8525040e-03
  -2.2674864e-01  -8.4830174e-02  -3.4667489e-01   7.0186192e-02  -1.8439654e-01  -1.8800260e-02   2.0422565e-01  -1.2939844e-01  -2.0833216e-01   9.9952555e-02   3.7687131e-02  -1.3993028e-01  -2.5957373e-01   0.0000000e+00   4.1652933e-01  -9.6891195e-02  -3.1519328e-01   1.9978273e-01  -2.7719904e-01  -3.8224611e-01   3.3029793e-01   4.5747888e-03   2.9238092e-01  -1.2740810e-01  -2.5542345e-01  -2.9593735e-01   2.1305495e-01   4.0258067e-01  -9.3331618e-02   1.4798388e-01   2.2691229e-01  -1.3565749e-01  -3.2692531e-02   2.2933609e-01   4.6377583e-01  -2.8399788e-04  -1.5011360e-01  -2.2530600e-01   3.0050588e-02   3.2412353e-02  -1.7350233e-01  -2.9481589e-01  -2.3681095e-01   2.5212508e-02   2.8075837e-01  -2.5533580e-01  -7.0252466e-03   3.6011477e-01   1.3259513e-01  -1.1386805e-01   3.4359386e-02  -4.1294554e-01   4.9435284e-02  -3.5586181e-01   4.1627143e-01  -2.5629256e-01  -3.5613151e-01  -1.6768082e-01   1.0133442e-02   2.3977323e-01  -2.8857387e-01   4.2916687e-02  -3.7968159e-01   1.2814172e-01   3.2932322e-01   2.1188281e-01  -2.7174970e-01  -3.0448482e-01  -2.6495924e-01  -2.7985950e-01   1.0837211e-01   5.7573084e-02   1.1935056e-01  -1.3887387e-01  -1.7367626e-01  -1.9555327e-01  -3.3521028e-01  -4.7812129e-03   1.4162297e-01   3.0201191e-02   2.4968060e-01   2.0846719e-01   5.2406065e-01  -1.8278426e-02   3.1517037e-01  -1.2354621e-01   1.1528683e-01   2.8410289e-01  -2.8022723e-01   1.1332088e-01  -1.7529414e-01  -3.4142160e-01   1.1633569e-01  -1.6274027e-01  -2.6114398e-01  -2.1507474e-01  -2.0376160e-01  -3.0720275e-01   6.1714199e-02   4.3690311e-01   5.4007924e-01   9.4540317e-02   3.4483742e-01  -1.8911176e-01   3.2206640e-02  -3.2188001e-02  -2.2155247e-01  -2.3536141e-01   2.5345255e-02   3.6263384e-01   2.3180833e-01   3.7425744e-01  -2.6486040e-01   1.9815284e-01   3.3250289e-01   4.4551741e-02  -3.1162254e-01   1.6017969e-02   3.9174683e-01   4.9785939e-02  -1.7809527e-01  -1.7685196e-01  -2.6381675e-01   1.6451421e-01  -1.8516883e-01   7.3596900e-02   2.7634530e-01  -3.2589675e-03  -1.0676352e-01  -1.1450049e-01  -2.7908071e-02   2.4919574e-01  -8.8362466e-02   3.5021895e-01  -2.4206840e-01  -2.9135647e-01  -1.8737797e-01   4.3994807e-01  -1.1393841e-01  -1.5059179e-02   1.2932551e-01  -7.1894361e-03  -1.6898890e-01   6.5028918e-02   3.8093671e-01   3.7586925e-01   3.6281797e-01  -1.5145530e-01   1.2913313e-01   4.1257913e-01   1.2157976e-01   9.1116347e-02  -1.9008862e-01  -4.5042230e-02  -1.9009347e-01   1.1409964e-02  -2.3170260e-01   1.4642891e-02  -3.8958374e-01   2.7990583e-01  -7.3539764e-02  -2.5332355e-03   1.4700106e-01   1.1762740e-01  -3.1841894e-01   1.8106287e-01   5.2392561e-02   2.7959847e-01  -1.3327665e-01   4.9569071e-02  -2.0822233e-01  -1.0040854e-01   2.1085221e-01  -2.2911401e-01  -9.8417458e-02   2.0290233e-04  -2.3876531e-01
