   0.0000000e+00  -9.5989427e-02  -8.4373041e-02   5.7152738e-02  -6.6327615e-02   1.9478901e-01  -2.3896991e-01   2.8337324e-01   2.5297496e-02  -1.5951617e-01   1.6180600e-01   5.1723112e-02  -2.8301650e-01  -2.0934192e-01  -1.8561815e-02  -1.5233876e-01  -1.2919661e-01   5.0442543e-02   1.8811723e-01   2.1824493e-02  -1.9846190e-01   1.1954920e-01  -2.6255229e-01   3.4910804e-01  -2.7077157e-02   2.5856686e-01  -1.5694818e-01   2.1982157e-01  -1.7271829e-01   2.6709638e-01  -1.2969519e-01   2.5770272e-01  -5.5019858e-02  -1.8788854e-01  -4.8047181e-03   9.1833817e-02  -1.4154988e-01  -2.6499398e-01  -2.0555450e-01  -1.4358780e-01  -4.9648104e-02  -1.1663022e-01   1.4249568e-01   1.1823565e-01  -2.4078907e-01  -1.0440253e-01   2.9167330e-01  -2.7724092e-01  -2.9476876e-01  -1.3179551e-01  -5.1147092e-02   2.7568558e-01  -2.0797875e-01   5.9190482e-02   2.3216459e-02   2.0427428e-01   3.6870492e-01   8.5981716e-02   2.7629796e-02   2.0787077e-02   1.9687336e-01  -1.4221292e-01  -9.1752764e-02  -1.2099793e-02  -4.6463269e-01  -1.3665015e-01   4.5105104e-02  -8.9066776e-02   1.2061886e-01   2.4934804e-01  -2.5258798e-01   2.1288271e-01  -2.8996221e-01   2.4544579e-01  -1.7989406e-01   1.6677681e-01   1.9422118e-01   2.1300228e-01  -1.5783783e-01  -2.2905367e-01   8.5205523e-02  -3.1859182e-01  -6.3735229e-02   3.3270622e-01   7.9225972e-02   2.2075357e-01  -2.7989814e-01   1.4983943e-01   1.0514030e-01   4.3190147e-01  -9.4042034e-02   1.3080176e-01  -1.6369874e-01   3.7253268e-03  -1.8009284e-01  -1.2743570e-01  -2.2548551e-01   3.8189912e-01  -5.5505412e-02  -1.5260174e-01  -1.3186733e-01   1.3720286e-01  -3.2437388e-02   1.8467955e-01   8.1279136e-02   2.2829028e-01   1.0732405e-01   4.3661971e-01  -8.8695687e-02   1.0129037e-01   8.2819648e-02  -9.8026430e-02   4.2542982e-02   3.3288571e-01   5.2866818e-01  -5.8291056e-02   8.0738268e-03  -1.9980936e-01   5.6021022e-02   7.4252742e-02   9.3389514e-02  -2.3611077e-01  -1.7571416e-01  -2.3224279e-01  -7.8465722e-02   2.4680702e-01  -2.0888561e-01   9.1494559e-02   2.9380573e-01   1.5565409e-01  -2.4909594e-01  -4.8173010e-01   9.3326113e-02  -4.6809696e-01   1.7196467e-01   3.0116583e-01  -5.4709965e-02  -2.4252117e-01   2.8219318e-01   1.9097470e-01   1.3285043e-01  -9.3026370e-02   2.8508661e-01   6.2893903e-02   7.8885806e-02   1.4151920e-01  -2.1803304e-01   9.9644808e-02   1.0806766e-01  -3.6812071e-01   2.4867858e-01  -1.5804980e-01   3.0037988e-01  -1.6112489e-01  -4.0742123e-02  -1.3678492e-01   2.4714981e-01  -8.1366692e-02   2.1731242e-02  -1.4284457e-01   3.2526666e-02   2.8266241e-01   2.3708492e-01  -7.2469832e-03  -1.2042675e-01  -3.1279759e-02   1.1921975e-01   3.1771927e-01   3.6750627e-01  -9.6868994e-02   5.5056715e-02   2.6557839e-02  -2.4877386e-02   1.6528333e-01  -8.0064473e-02   8.0020298e-02   7.1413610e-03
  -9.5989427e-02   0.0000000e+00   1.8473178e-01  -1.3805116e-01   6.3360155e-01  -3.6429420e-01   3.3499072e-01  -3.0956047e-02   6.7267774e-01  -2.2598835e-01  -3.1504764e-01   2.7157159e-01  -2.4739393e-01  -2.6684634e-01  -2.0911958e-01  -2.2614975e-01   2.8260966e-01  -5.8148329e-02  -1.3157280e-01   2.3908928e-01  -4.3232730e-01  -3.7323112e-01  -5.6665173e-01  -1.3267103e-02  -2.3577236e-03  -4.5651416e-02  -1.4066848e-02  -4.0170335e-01  -6.0209034e-02  -1.4074273e-02  -3.6820673e-01  -1.1059574e-01   1.0071635e-01  -6.5457410e-02   3.8263154e-02   1.8129977e-01   4.0108302e-01  -1.3576710e-01   1.5721216e-01  -7.0447794e-02  -6.3456033e-02   1.2555411e-01   4.2415819e-01   6.2645938e-02   3.8046305e-01  -1.0570798e-02  -3.1119469e-01   4.2144176e-01   1.9489024e-01  -1.6586085e-01  -2.3888789e-01  -1.9395470e-02   5.0478372e-01  -1.3879798e-01  -1.9523162e-01   7.9451204e-02  -1.9457761e-01  -5.2882083e-02  -1.8256460e-01  -1.9533324e-01   6.6160138e-02   1.2070891e-01   3.4477856e-01  -2.0620968e-01   3.1259028e-01  -3.7666188e-01  -2.6242406e-01   5.2120162e-01  -4.8068044e-01  -5.5425496e-02   6.4012026e-01  -5.1935680e-02   3.2122164e-01  -2.4084904e-01   9.3626639e-02   3.1838495e-02   1.1072730e-01   4.0776501e-02   2.7977956e-01   1.8120021e-01  -6.5247539e-01   2.9518814e-01   2.2531538e-01  -1.2654798e-01  -1.7958652e-01  -6.0530456e-02   3.0096412e-01  -3.4025435e-01   6.4636489e-01  -2.0079738e-01   4.7895155e-01  -1.5477682e-02   7.8214608e-02   5.7474879e-01   1.8990250e-01   2.4988721e-01   3.7904778e-02  -2.1883168e-01   4.4731661e-01  -6.2891281e-01  -1.9440174e-01  -1.1955879e-01  -4.2076809e-01   5.3227770e-02  -4.9315571e-01  -2.2731440e-01  -6.9057149e-02  -9.1160706e-02   2.5513860e-01  -2.1178121e-01  -2.0769456e-01  -2.9931502e-01   2.7930799e-01  -8.1851610e-02  -1.8982546e-01   3.9068265e-01  -1.1969359e-02   1.2395858e-01  -3.3878288e-01  -1.5957094e-03  -1.3167837e-01   3.8817199e-01   3.6962502e-01   6.9228596e-01   1.5228849e-01  -1.6781141e-01  -1.4156793e-02  -4.5343287e-02  -1.4314633e-01   1.2062468e-01   3.4869618e-02   3.0686116e-02  -2.2558444e-01   4.3400485e-02  -5.5676181e-02  -2.9232071e-02   9.5925267e-03  -2.4564448e-01  -2.2773862e-01  -1.4448144e-01  -2.0094499e-01  -7.9251360e-02  -1.0973926e-01  -6.7844813e-02  -2.5849130e-01  -9.9932917e-03  -7.7827527e-02  -1.7516185e-01  -3.6935438e-01  -1.6132316e-01  -2.3079159e-02  -4.9565192e-01   3.0709535e-02   1.0807953e-01   6.7707500e-01  -2.3347029e-01  -3.4576644e-01   1.3560331e-01  -1.1810359e-01  -5.5023125e-01   3.9538604e-01  -2.5022668e-01   5.7734831e-02  -3.0132980e-01   1.7686597e-02   3.1349268e-01   1.2073745e-01  -3.4093855e-01  -5.2870622e-02   2.5630721e-01  -2.4538272e-01  -1.0699815e-01   5.0551002e-01  -7.5304842e-02   5.6691481e-02   2.4502639e-01  -1.2807810e-01
  -8.4373041e-02   1.8473178e-01   0.0000000e+00  -7.5860480e-02   7.0199817e-02   2.2503127e-01   1.7134629e-01  -8.1947086e-02  -3.7833096e-02  -2.6819901e-02  -1.9782464e-01   3.9080762e-01   1.7748325e-02   2.4269820e-01  -1.4890193e-01   2.3945980e-01   7.4665428e-01   4.8079149e-02  -1.5224978e-01   5.8320242e-02  -1.2470292e-02  -2.1119081e-01   1.5825702e-01  -1.2433518e-01  -2.4185869e-02  -6.2294152e-02  -5.1940383e-02  -1.7541225e-01   2.4246284e-01  -7.6597871e-02   6.7463063e-02  -8.9170208e-02   7.1925766e-02   1.4942464e-01  -1.9925062e-01  -5.1786726e-02  -6.8968648e-03   7.1470061e-02   1.3108318e-01   3.9613706e-02  -4.4775349e-02   3.6516858e-01   6.8607542e-02  -1.1979652e-02  -4.5363477e-02   2.5609606e-01  -1.3167266e-01  -4.0308769e-02   7.9425678e-02   1.2007552e-01  -1.7922521e-01  -1.3840681e-01   2.5037647e-01   1.8002469e-01   2.2201573e-01  -1.2265222e-01   2.5574163e-02  -2.5888302e-01  -2.6813983e-01  -2.5761254e-01   3.3491330e-01   1.2851924e-02   2.1165620e-01   1.7727725e-01   1.5548747e-01  -2.1962478e-01   1.0310266e-01   2.1232510e-01  -7.3046220e-02   3.2489490e-01   3.1885051e-01  -3.3466981e-01   1.1196795e-01  -1.4076688e-02   3.3731581e-01   1.9248905e-02   4.6466289e-01   9.4969951e-03   1.5027608e-01   2.0026476e-02  -4.9004466e-04   1.7514582e-02   2.5186062e-01  -1.7625099e-02   3.6022355e-01  -5.5547169e-02   1.8136365e-01   7.1445146e-02   9.9893471e-02  -6.4178366e-02   1.5874347e-01   3.7195086e-01   7.8710811e-02   1.3243245e-02   3.4886396e-01   1.5733320e-01  -7.3621902e-02  -9.2627715e-02   2.1360419e-02  -2.0518479e-01   2.9958045e-01   1.1412460e-01  -1.8664932e-01  -1.4463136e-01  -1.7037513e-01   4.9750565e-03   3.2699541e-01  -8.1104133e-02   6.9199935e-02  -2.1132477e-01   9.3599875e-02  -1.1040211e-01   4.9578955e-03  -1.0484614e-01  -6.7583238e-02  -1.7557629e-02   1.4467717e-01  -1.7574822e-01   1.8848362e-01  -4.8193155e-02   2.7545267e-02   1.9531663e-01   1.3991035e-01   8.4956739e-02   4.6373591e-01  -1.8156640e-02   3.7354832e-02   2.3466255e-01   3.1342307e-02   1.7889211e-01  -2.0592978e-01   2.1795359e-01  -1.8936887e-02   2.5324930e-01  -5.2472313e-02   4.4131126e-02   1.6849232e-01   2.9899402e-01  -1.6956918e-01  -6.3722349e-02  -1.8530595e-01  -1.8239434e-01  -1.1330293e-01   1.4172626e-01  -2.3382261e-01  -1.2694251e-01   1.8488176e-01  -3.2956324e-01  -2.2099743e-01   1.4708581e-01   5.7383173e-04  -1.4656595e-01   3.1298050e-02   7.8207356e-02   3.4992997e-01  -2.4370158e-01  -1.7453541e-01  -5.2654678e-03   3.8434333e-01  -1.0019444e-01   4.6259480e-03  -5.4924251e-02   1.1649241e-01  -2.2928484e-01  -2.4427514e-01   5.6264808e-02   7.9403862e-02  -5.8661424e-02   9.2335496e-02   6.5840470e-02  -1.4779906e-01  -1.6346706e-01  -1.6737856e-01   3.3370930e-01   1.5055911e-01  -1.6682687e-01  -1.9950402e-01
   5.7152738e-02  -1.3805116e-01  -7.5860480e-02   0.0000000e+00  -1.7787709e-02   3.1869630e-01  -1.2191757e-01   2.1263382e-02  -1.6497290e-02   7.8064438e-04   1.3110016e-01  -1.1022039e-01   2.9332434e-02   5.3434881e-02   4.2676596e-02   1.2368541e-02   3.2704428e-02   1.5795378e-01  -8.0920389e-02   2.0202414e-01   8.4999889e-02   4.3697928e-01   1.0170489e-01  -9.2875271e-02   2.9274624e-01   2.1186919e-01   3.5197822e-01   6.3486639e-02   2.2202721e-01   1.9244164e-01   2.1136734e-01   2.8618012e-01   4.9150271e-02  -6.4950920e-02   1.6338285e-01   8.0421776e-02  -2.0840857e-01  -2.6330192e-01   1.5335632e-01   3.4601905e-01   9.5667138e-02   9.9183308e-02  -6.0115238e-02   1.2746664e-01  -2.1748446e-02   1.7625087e-01   7.4750418e-02  -1.7154764e-01  -1.4401614e-01  -2.8460761e-02   2.2371543e-01   9.3276532e-02  -7.3560951e-02   6.0518337e-02   2.5840261e-01  -1.5129100e-01   2.7759832e-02   3.4421614e-01   4.9705047e-01   3.3533174e-01   1.0533243e-01  -6.7693984e-02   1.2186140e-02  -1.1937416e-02   8.7259289e-02  -2.8101059e-02   2.1628846e-01   1.5007912e-01   1.7680678e-01   8.6021416e-02  -1.5374650e-01   4.9467356e-01   1.0591159e-02   1.3005531e-01   2.8336142e-01   7.4031932e-02  -3.7252030e-02  -4.8838519e-02   4.2956001e-02   5.7310347e-02   3.0836729e-01   3.8094581e-03   5.5250364e-02  -1.0129949e-02   1.0303633e-01   1.7303924e-01   7.7366775e-02   1.0250723e-01  -5.1127232e-02   6.9845538e-02  -1.2328412e-01   6.0473172e-02  -2.3778782e-01   1.5107345e-01  -8.1614553e-02  -2.2205459e-02   2.6760069e-01   5.4374465e-02   2.2053603e-02   3.0555093e-01   2.9107615e-01   2.8080352e-02   5.1232536e-01  -2.2035381e-02   3.9949795e-01   2.7063298e-01   2.7058429e-01  -8.5796567e-03  -2.3801608e-01  -1.9795222e-01  -3.4571835e-02   3.2395612e-01   4.0860630e-01   3.0209582e-02   1.6749381e-01   1.3483250e-01  -1.5885672e-01   7.6515736e-02   7.4755844e-02   5.4411392e-01  -1.0537865e-01   1.1981991e-01  -7.6729222e-02  -1.6248346e-01   3.6697252e-02   5.6185515e-02   1.6763719e-01   1.3890488e-01   5.1054496e-01   3.5693447e-01   1.7324550e-01  -2.3267369e-01   2.9773398e-01  -1.5261927e-02   3.0262375e-01   5.3643714e-02   1.2558856e-01   2.3848945e-01   2.9034536e-01   1.8387785e-02  -8.8796858e-02  -3.6829332e-02  -1.2395097e-01   1.5505050e-01   3.5170572e-01   1.6972106e-01  -7.4898754e-02  -1.5178700e-01   1.2170175e-01   1.7375062e-01   1.5609449e-01   2.3289191e-01   1.5813667e-01   9.6750713e-02  -1.4207190e-01  -2.3862429e-01   6.9897744e-02   9.8248584e-02   2.8364832e-02   3.4869477e-01   1.2617091e-01   6.3819807e-02  -5.8563851e-02   3.3091542e-01   1.6327088e-01   1.7643383e-01   4.5687227e-02   1.3641310e-01   1.3752392e-01  -2.9874632e-02  -6.4172587e-03  -1.4544517e-01   1.1809489e-01  -4.1163164e-02   1.9483201e-01   7.7363953e-02   3.3527933e-01
  -6.6327615e-02   6.3360155e-01   7.0199817e-02  -1.7787709e-02   0.0000000e+00  -1.7587319e-01   3.9219433e-01  -6.1824819e-02   4.0957009e-01  -1.0465637e-01  -3.7049665e-01   4.0418753e-01  -7.1108368e-02  -3.2381733e-01  -1.6365677e-01  -2.0319040e-01   2.1638063e-01   1.4519310e-01  -1.9162752e-01   6.4960769e-01  -4.2421123e-01  -4.0925833e-01  -5.3530494e-01  -2.9208591e-02   7.0507755e-03   7.2000630e-02   2.7015007e-01  -3.2400492e-01  -1.0778050e-01  -1.9296758e-01  -4.4246212e-01  -2.2719332e-01   1.3604549e-01  -1.0393483e-01  -1.0505219e-01   4.0033467e-01   3.6698493e-01  -2.1472735e-01   1.3983212e-01  -8.2935599e-02   1.1992500e-01   1.1744445e-01   3.3200590e-01   2.4717231e-01   4.2966996e-01   3.3264478e-03  -3.5084987e-01   4.3618365e-01   2.5303535e-01  -1.4508393e-01  -1.0153253e-02   1.0040825e-01   5.7468380e-01  -4.3492617e-03  -3.3529331e-01   1.2494634e-01  -1.5458548e-01  -1.7659102e-01  -8.8085964e-02  -1.3955317e-01  -3.5342585e-02   2.9986354e-01   4.6400215e-01  -1.6015453e-01   4.8432906e-02  -2.1190676e-01   1.8008180e-02   4.1522206e-01  -3.0528174e-01  -1.5022645e-01   5.7178362e-01   6.6507828e-02   1.9067628e-01  -2.3407671e-01   4.7577547e-02  -1.1482810e-01   9.8724185e-02   5.6945281e-02   4.4795869e-01   3.3010381e-02  -6.6442538e-01   1.4384489e-01   2.5369234e-01  -1.5448720e-01  -7.2343378e-02  -1.8399259e-01   9.9102752e-02  -3.9891677e-01   3.8602525e-01   2.0598189e-02   6.8743201e-01  -4.3277561e-02   2.7978198e-01   3.5228775e-01   1.1699515e-01   5.4654654e-01   5.1176786e-02  -3.3827308e-01   6.2375720e-01  -5.3127734e-01  -2.8954497e-01  -3.1721393e-01  -4.6549007e-01  -1.6785753e-01  -5.3019671e-01  -2.9570709e-01   7.4084506e-02  -9.6758736e-02   3.5585696e-01  -1.5525567e-01  -6.9814564e-02  -3.3391942e-01   1.9078439e-01   5.0245367e-02  -1.7795051e-01   4.6827282e-01  -1.7919190e-01   8.2502316e-02  -3.8278636e-01   1.4186443e-01  -1.3124935e-01   4.5713111e-01   2.9334772e-01   4.7071914e-01   1.2371829e-01  -2.2591241e-01   1.7928912e-02   1.0872714e-01  -2.4741074e-01   1.6915592e-01  -3.0128602e-02   1.5695796e-02  -1.9945513e-01  -2.2826293e-01   2.6008882e-01  -7.5634179e-02   6.6568400e-02  -3.8613251e-01  -2.8644565e-01  -1.2944220e-01  -3.0719255e-01   5.9381845e-02  -1.6994810e-01  -5.4869808e-02  -1.7864199e-01  -2.6778910e-02   3.7814610e-02  -1.0538413e-01  -1.9104842e-01  -1.3176272e-01  -3.1931256e-02  -4.3732388e-01   1.6906116e-01  -5.5412443e-02   7.0992529e-01  -3.3172703e-01  -2.0404871e-01  -1.7237625e-02  -1.0807523e-01  -4.2630181e-01   3.4747266e-01  -2.5123035e-01   3.5100723e-01  -3.8336172e-01  -1.3328827e-02   4.8014107e-01   3.0037877e-01  -3.3403623e-01   1.4165382e-01   5.2740033e-01  -1.0872396e-02  -1.7063431e-01   4.0606197e-01  -9.4284742e-02   4.0601232e-02   1.6373537e-01  -4.9089294e-02
   1.9478901e-01  -3.6429420e-01   2.2503127e-01   3.1869630e-01  -1.7587319e-01   0.0000000e+00  -1.0490948e-01   4.6798997e-02  -2.6073456e-01   2.1306136e-01  -4.5096905e-02   1.2229144e-01   1.0623315e-01   9.2126324e-02  -2.3186855e-02   1.5148670e-01   2.3260093e-01   1.0286570e-01  -1.6487193e-02   1.9621881e-01   2.6107575e-02   1.3985076e-01  -8.0358539e-04   2.5299325e-02   9.9337920e-02   2.1222753e-01   1.3927226e-01   2.9200766e-01  -1.9645993e-02   2.7121127e-01  -1.1641161e-02   4.1322371e-03  -9.7550975e-02   1.5725196e-01   1.0088233e-01  -6.0302458e-02  -5.5270056e-02  -9.3452135e-02  -1.3749768e-01   2.5236020e-01  -2.9523365e-02  -8.0774902e-02   1.2555058e-02   2.3917629e-01  -1.3786558e-01   6.9958112e-02   9.2010452e-02  -1.6921497e-01  -1.2431300e-01   1.2836024e-01   2.3144577e-02   5.0969698e-02  -1.4326492e-01   8.7032391e-02   4.7004719e-02  -8.9495952e-02   1.9988857e-01  -1.1769206e-01   2.8931043e-02   1.6128262e-01   1.6469913e-01  -2.1802946e-01  -4.6585524e-02   7.1017756e-02  -3.2860845e-01   9.0249106e-02   3.7575413e-01  -2.2947943e-01   1.9977765e-01   3.3085620e-01  -2.5163053e-01  -8.0366490e-03  -1.9481470e-01   2.7932445e-01  -4.2534308e-02  -5.0024283e-02  -3.5456917e-02   4.5311229e-02  -2.8971826e-02  -1.9673656e-01   2.6557431e-01  -1.9592981e-01   5.8567125e-02   1.4489044e-01   5.8642519e-01  -2.7178338e-02  -1.2280942e-01   3.3932168e-01  -1.6355649e-01   3.5289743e-01  -1.6735870e-01   1.1292433e-01   1.2714722e-01  -2.1579926e-01  -8.6176893e-02  -1.3592680e-01  -5.9081374e-03   1.4597768e-01  -2.6433535e-01   1.4940635e-01   1.4503162e-01   9.6044905e-02   1.8517356e-01  -5.4035892e-02   7.3016110e-02  -4.0244556e-02   2.5640397e-01   7.3876075e-02  -2.0332962e-01   1.3429646e-01   3.0091178e-01   3.1786283e-01   9.1268411e-03   1.6741564e-01   2.6088333e-01  -1.0700580e-01   1.3830509e-01  -2.4456527e-01   3.2961908e-01   7.1280394e-02  -2.9008017e-02  -9.4252996e-02   2.5284142e-03  -4.5884606e-01   5.2383111e-02   1.6262141e-01   3.7367188e-02   2.0571767e-01   1.4709824e-01   4.3574475e-01  -1.0930912e-01  -2.1111083e-01   3.0428692e-01  -1.0672332e-01   2.8685695e-01  -2.9280405e-02  -1.1107154e-01   2.9400722e-01   4.5149198e-02   6.9376568e-02  -4.8821654e-02  -1.4479504e-01   7.6028197e-02   4.2256009e-01  -4.8903479e-02   1.6099199e-02   1.7538060e-01   2.1613228e-02   2.5223836e-01   1.8058585e-02   1.7656291e-01   1.2382483e-01   1.1361223e-01  -5.1514205e-02  -4.0883946e-02  -7.6681558e-02   1.4357957e-01  -2.4533771e-01   1.6979537e-01   3.3047848e-01  -1.7377667e-01   1.4068493e-01  -5.6355472e-02  -7.3969518e-02  -3.1062069e-01   2.5929370e-02   1.1413740e-01   2.7476976e-01   2.4267915e-01  -1.4409595e-01   2.2484962e-01  -1.5685441e-01  -4.1594077e-01   5.8363168e-01  -1.0036299e-02  -2.9271575e-01  -7.1786188e-02
  -2.3896991e-01   3.3499072e-01   1.7134629e-01  -1.2191757e-01   3.9219433e-01  -1.0490948e-01   0.0000000e+00  -2.5342926e-02   1.2102367e-01   2.9704822e-01  -3.5514108e-01   3.2649306e-01  -1.3050858e-01  -1.4808270e-01  -1.0137603e-01   8.1019597e-02   1.2616250e-01  -6.8277507e-02  -3.2207972e-01   2.0662710e-01  -1.9241114e-01  -4.2124866e-01   3.2182259e-04  -2.7554301e-01   1.2433605e-01  -1.4374393e-02   4.9036934e-03  -2.7886613e-01   1.0698234e-01  -4.6606628e-01  -2.9060048e-01  -2.3594303e-01  -3.9465448e-02   2.4035152e-01  -7.9013913e-02   2.6184868e-01   2.9961284e-01  -3.5703822e-02   5.0888485e-02   3.5591741e-02  -2.1827756e-03   2.6457619e-01   1.5850868e-01  -4.8218868e-02   5.4448271e-01  -3.6050462e-02  -4.5872748e-01   4.4166269e-01   2.7997075e-01  -1.0202704e-01   3.8210868e-02   1.7074139e-02   4.9819765e-01   1.1860934e-01  -2.2864100e-01   1.0207111e-01  -4.5385602e-01  -2.2037335e-01  -1.2148280e-01  -1.9228009e-01  -2.6002091e-01   1.3743145e-01   2.1381169e-01  -6.8671611e-02   3.3944852e-01   1.0559322e-01  -6.7787138e-02   2.8302731e-01  -4.5093178e-01   4.9968998e-02   5.6074614e-01  -5.0170782e-02   1.7015358e-01  -3.1386540e-01   8.1859979e-02  -1.4713882e-01  -1.2894318e-04   5.3299975e-02   4.3031970e-01   1.4545122e-02  -6.4479018e-02   2.2270607e-01   8.3273984e-02  -2.7411971e-01  -1.9719404e-01  -1.5243300e-01   1.8382773e-01  -3.2713447e-01   1.6978788e-01  -3.3295318e-01   5.2510737e-01  -1.0999678e-01   4.3569191e-01   9.6900983e-02   1.0490249e-01   3.9786534e-01   2.0691276e-02  -2.8197575e-01   1.8108343e-01  -1.9007827e-01   2.1549512e-02  -1.1976775e-01  -3.4477313e-01  -2.9903841e-01  -3.9191082e-01  -2.2310831e-01   2.8350370e-02  -3.1255959e-01   3.6430828e-01  -2.6623302e-01   3.5568130e-01  -3.3712149e-01   2.0424737e-02  -5.8989931e-02  -2.2937409e-01   2.9694722e-01   8.1174839e-02  -1.7033914e-01  -1.2107376e-01  -2.8242499e-02  -3.2312434e-01   4.6059944e-01   3.4535304e-01   3.1927430e-01  -4.3426263e-02  -2.5415277e-01   3.0347976e-01   2.2754120e-01  -3.7649065e-01   1.0210534e-01  -1.2342180e-01   4.8321284e-01  -5.1967380e-01   8.0176096e-02  -5.1722239e-03  -1.6445453e-01   2.5314001e-01   3.7332993e-02  -1.5606716e-01  -1.5558729e-01  -4.2616436e-01   1.8716933e-02  -2.8310115e-01   3.0737083e-01  -1.9503212e-01  -1.3183763e-01   4.7395376e-01  -3.9150784e-01  -1.0353948e-01   1.6893103e-01  -2.8973378e-01  -1.9701022e-01  -1.0271342e-01   1.1109917e-01   4.5499537e-01  -2.2867594e-01  -4.1888034e-01  -5.5492236e-03  -1.9534014e-01   8.5925285e-02   4.2994086e-01  -3.2772759e-01   9.6726211e-02  -3.4053425e-01  -7.4997056e-03   2.5296789e-01   3.4301571e-01  -3.6015863e-01  -1.6463969e-01   2.9008735e-01  -2.6380941e-01  -1.2511226e-01   1.2843119e-01   4.1857682e-02   1.3981295e-01   8.7194312e-02  -1.4057759e-01
   2.8337324e-01  -3.0956047e-02  -8.1947086e-02   2.1263382e-02  -6.1824819e-02   4.6798997e-02  -2.5342926e-02   0.0000000e+00   2.3565653e-01  -1.2995602e-01   3.1538995e-01   1.5039606e-02  -3.6828259e-01  -1.5033947e-01   1.8415984e-01  -1.5988529e-01  -1.6195666e-01   2.6215164e-02   1.8170391e-01   1.3359678e-01  -2.8356256e-01   1.9714303e-01  -1.4168558e-01   2.5562081e-01   1.7192745e-01   1.6360010e-01  -1.9189705e-01   2.7830136e-01   7.8973254e-02   1.3596936e-01   1.9502502e-01   3.0832232e-01  -4.3014496e-01  -4.3335674e-01  -1.1633412e-01   3.0792250e-01  -1.7717246e-01  -2.1756557e-01  -2.4162223e-01  -2.4387751e-01  -2.8513055e-01  -1.4203617e-01   7.9370974e-02   3.0140284e-01   1.1813673e-01  -1.1233368e-01   6.3738268e-02   6.0240405e-02  -2.9890948e-01  -4.3364276e-01  -1.1130858e-01   7.1354594e-01   3.8839261e-02   1.1361844e-01   1.9532410e-01   5.4386167e-01   8.7260974e-02   1.0559314e-01  -6.4402894e-02  -1.2914272e-01   1.4579328e-02  -1.9398542e-01   2.9969998e-01   1.7697116e-01  -1.0380529e-01  -3.2258867e-01   8.8204713e-02   1.2391288e-01   3.4560599e-01   2.3825037e-01  -1.6313554e-01   1.4779018e-01  -2.0051194e-01   9.7820825e-02  -1.5456596e-01   4.7750983e-01  -5.5690911e-02   3.0920545e-01   7.7131134e-02  -3.9178953e-01   2.4228975e-01  -2.5923898e-01   1.8779587e-01   4.9391952e-01   7.1794290e-03   3.9620492e-01  -3.4069689e-01   2.0119605e-01   1.5846921e-01   2.3315964e-01   1.0430686e-01   2.8846842e-01  -1.3169751e-01   1.8756893e-01  -1.4398643e-01   1.6635319e-01  -4.4056542e-02   5.8377775e-01   6.6842961e-02  -1.7306698e-01   9.3484538e-02   3.5580633e-01   9.2645061e-02   1.0204250e-01   2.0158622e-01   4.5842337e-01  -1.7955567e-01   6.2894807e-01   2.1707381e-01  -3.7445034e-01   1.7384106e-01  -1.4065766e-01   2.9663692e-01   2.1909328e-01   3.9001357e-01   2.6737300e-01   4.1202613e-01  -2.7272981e-01   1.0268011e-01  -5.4101827e-02  -7.0805090e-02   1.2674835e-01  -2.7249381e-02   2.5915741e-01  -7.2721824e-02   2.4573775e-01   4.1300170e-02   9.9641694e-02   2.5636984e-01   7.2757959e-02  -2.6309627e-01   4.5688817e-02  -5.1879477e-02  -2.1747318e-01   8.6637335e-02   6.3390275e-01  -3.3143267e-01  -1.3262054e-01   5.8406595e-01   1.2994168e-01  -1.9529213e-01   9.5388477e-02   3.3353854e-01  -2.4933646e-02   3.1185818e-02   2.5472277e-01  -1.6602968e-01  -2.7770798e-01  -4.6241847e-02  -2.3627886e-01   2.5273277e-01   1.5954596e-01  -1.0212913e-03   2.8212942e-01  -3.5744474e-02  -9.5191748e-02  -1.1325779e-01  -2.4655208e-01  -1.1114787e-01   3.8269435e-02   1.3182900e-01   2.0138346e-01   2.0417583e-01   1.4989543e-01  -5.1377867e-03   2.6211676e-01   1.5586821e-01   3.2213497e-01  -4.1417786e-02  -2.1644939e-01   6.0457906e-02  -3.1107152e-01   1.6681880e-01   7.2772103e-02   2.0981362e-01  -1.2432965e-01   1.7984291e-01
   2.5297496e-02   6.7267774e-01  -3.7833096e-02  -1.6497290e-02   4.0957009e-01  -2.6073456e-01   1.2102367e-01   2.3565653e-01   0.0000000e+00  -2.3099371e-01  -1.0382682e-02   1.4791061e-01  -4.1559880e-01  -2.1513301e-01  -1.4150223e-01  -3.5096931e-01  -3.9669619e-02  -7.5816154e-03   1.2099667e-02   1.8272138e-01  -4.6879146e-01  -1.3306551e-01  -4.8702606e-01   8.9978251e-02   1.0591347e-01   1.2288300e-01  -9.2493568e-03  -2.8853039e-01   1.7438459e-02   1.5996552e-02  -1.5502408e-01   2.0538727e-02  -9.2460903e-02  -2.7112056e-01   7.6162272e-02   1.3687823e-01   2.8994349e-01  -2.8829918e-01   1.1074910e-01  -7.0997827e-02  -2.0535634e-01   8.2804292e-02   5.1855301e-01   2.4577691e-01   2.2572921e-01  -3.2599013e-02  -2.3390727e-01   1.5527626e-01  -3.1496885e-02  -3.5505784e-01  -2.7229900e-01   2.9219889e-01   2.5753376e-01   1.1196581e-01  -5.9983039e-03   9.5848632e-02  -5.6233293e-02   1.5641158e-01  -1.3516263e-02  -4.4479995e-03   1.4037705e-02  -1.8311536e-01   4.4698691e-01  -7.5614057e-02   1.6779217e-01  -4.4749331e-01  -2.9336904e-01   4.7805836e-01  -1.5073597e-01  -2.7435176e-02   2.7386555e-01   1.5887191e-01   2.6102822e-01  -2.4084253e-01   9.8207329e-02   1.8082866e-01  -9.8524302e-02   2.3255090e-02   2.0342955e-01  -5.2236997e-03  -4.4265288e-01   6.4195645e-02   2.0603078e-01   6.2563545e-02  -1.5327280e-01   4.5457589e-02   1.5596161e-01  -1.4479126e-01   5.6953541e-01  -1.2250273e-01   3.5564702e-01   8.3365856e-02  -1.0316983e-01   6.1972921e-01   6.1010251e-02   1.9427350e-01   3.1316322e-02   5.2220946e-02   2.9372544e-01  -4.4225776e-01  -8.5717635e-02  -9.0813138e-02  -1.7978358e-01   1.7363523e-01  -2.7296066e-01   3.6515273e-02  -1.6788294e-01   2.1316927e-01   1.7517385e-01  -3.8816777e-01  -1.7115908e-01  -3.1028037e-01   4.1216103e-01   1.0888569e-01  -2.5158747e-02   4.6094525e-01   1.3686424e-01  -2.0152952e-02  -2.7444750e-01   1.1059301e-01  -3.9406487e-02   2.2073902e-01   4.1551055e-01   6.3863317e-01   6.9297819e-02   4.1104602e-02  -6.9574258e-02  -4.4069195e-02   8.3559153e-02   9.1787781e-02   2.5683810e-03  -1.3093961e-01  -6.6190155e-02  -9.6476438e-02   1.7037019e-01   1.9689046e-01  -7.3245126e-02  -2.7128750e-01   1.1383233e-01  -1.8857226e-02  -1.6659206e-01  -2.2953831e-01   6.6228061e-02  -1.2024757e-01  -2.4364576e-01   2.1758178e-01  -8.3519265e-02  -2.3474373e-01  -2.5724213e-01  -2.1107496e-01   1.4248679e-01  -1.7750330e-01   1.3121230e-01   1.5757960e-01   3.9677129e-01  -1.8346447e-01  -2.5130583e-01   1.8811329e-01  -7.9505724e-02  -4.1539648e-01   4.0429306e-01  -7.0064228e-02   1.7964278e-01  -9.9249637e-02   1.6995861e-01   3.5854792e-01   6.1708149e-02  -2.0237740e-01   1.8377080e-01   2.4145301e-02  -1.4859471e-01  -2.5389454e-01   5.1118926e-01  -1.2139664e-01  -1.2301505e-02   1.6158319e-01   4.2125486e-02
  -1.5951617e-01  -2.2598835e-01  -2.6819901e-02   7.8064438e-04  -1.0465637e-01   2.1306136e-01   2.9704822e-01  -1.2995602e-01  -2.3099371e-01   0.0000000e+00  -8.9705074e-02  -4.3369634e-02   1.6568610e-01   1.4257522e-01   3.1278905e-02   6.7964361e-02   3.7048292e-02   2.0278279e-02  -6.4281113e-02   1.0302932e-01   3.5025093e-01  -1.0194563e-01   3.0763875e-01  -2.3792759e-01   3.1213369e-01  -1.7297714e-01   2.7254266e-01  -4.0082293e-02   3.7126150e-02  -1.1729397e-01  -1.0257504e-01  -4.1422754e-01  -3.2335603e-01   5.8775224e-01  -1.3806490e-01   1.1774703e-01  -9.7364914e-03  -6.5745878e-02  -2.3349723e-01   2.8714101e-01   1.7236705e-02  -1.2538077e-01   5.2463313e-02  -9.4311660e-02   3.7905146e-01  -1.0613705e-01  -2.1708051e-01   3.1547228e-01   3.2786100e-01   1.1452205e-01   1.7426241e-01  -8.8286809e-02   1.7289107e-01   6.8531437e-02  -1.8088374e-02  -7.6034374e-02  -2.2575165e-01  -1.1705635e-01  -8.6494736e-02  -3.5471562e-02  -1.0583322e-01   8.2065677e-02   4.5226116e-02   4.4303530e-02   1.0402117e-01   5.8745088e-01   1.4007498e-01  -1.7983800e-01  -1.9477734e-01  -1.3910505e-02  -6.4252280e-03  -4.1427246e-03  -6.2912105e-02   6.0821120e-03   1.5270354e-02  -4.1105421e-01  -1.8568447e-01   9.0601912e-02   3.3135236e-01  -1.1459275e-01   1.6757378e-01  -8.3325924e-02  -2.0051249e-03  -2.0014216e-01   3.2728264e-01  -4.0035538e-01   1.4428479e-01   5.0808677e-02  -2.1407095e-01  -2.2833861e-02   2.8954777e-02  -1.6703569e-01   6.5207899e-01  -3.4238500e-01  -1.4933449e-01   5.8129755e-02   8.3113114e-02  -1.2915609e-01  -1.7488045e-01   3.6083060e-01   1.1222389e-01  -2.4701457e-01   1.1385938e-01  -2.5007703e-01  -8.6210291e-02  -3.6780438e-01   8.2498298e-03  -3.5568073e-01   1.8607312e-01   1.3146897e-01   4.4648682e-01   1.6450389e-01  -8.4590968e-03  -6.4229767e-02  -1.8883618e-01   8.2664820e-02  -9.1835769e-02  -1.2733360e-01   9.8663670e-02   7.8553352e-02  -1.5959973e-01   1.8229945e-01   9.6410386e-02  -2.0030198e-01  -1.9217656e-01  -2.7974943e-01   3.8874123e-01   1.3714701e-01  -3.6107477e-01  -7.5078986e-03  -2.2798396e-01   3.4669683e-01  -1.8383054e-02   1.8662651e-01   1.6987924e-01  -3.0696965e-01  -8.4193396e-02   2.3807819e-01  -2.7954208e-01  -4.5776213e-02  -1.3099604e-01   2.9190433e-01  -3.1788341e-01   4.7360678e-01   2.8184593e-02  -4.0069586e-01   2.6977068e-01  -4.1877868e-02   5.1554615e-01   2.7948463e-01  -1.7793529e-01   1.5959610e-01  -1.4062657e-01   5.3100404e-02  -1.0441898e-01  -1.7612445e-01  -5.1719691e-02  -3.5574085e-02  -1.8957835e-01   4.4847511e-01   1.5735357e-01  -3.4016563e-01   1.7451539e-01  -2.3037873e-01  -2.2089675e-01   1.1709960e-01   1.4673061e-01  -7.0449908e-02  -4.8200623e-02   2.4791107e-01   1.2818362e-01  -1.3552472e-01  -2.1193844e-01   1.7482168e-01  -2.0392331e-01  -1.1428266e-01  -1.7264534e-01
   1.6180600e-01  -3.1504764e-01  -1.9782464e-01   1.3110016e-01  -3.7049665e-01  -4.5096905e-02  -3.5514108e-01   3.1538995e-01  -1.0382682e-02  -8.9705074e-02   0.0000000e+00  -2.2260800e-01  -2.2641247e-01   3.5063437e-02   1.4945293e-01  -1.1104765e-01  -3.5609952e-01   1.7956275e-01   2.3319243e-01  -2.4338591e-01   2.0858312e-01   4.8042504e-01   2.7305254e-01   1.5461376e-01   1.6607673e-02   1.9998191e-01  -3.2052853e-02   7.3191792e-02   1.8255556e-01   2.5103130e-01   1.5985812e-01   3.4017052e-01  -3.0038848e-01  -1.4473706e-01   1.2687499e-01  -3.7445625e-02  -1.8888882e-01  -1.5417319e-01  -1.7868990e-01   1.0982831e-02  -7.0744948e-02  -2.1622693e-01  -4.9782543e-02   2.0228927e-02  -1.2066711e-01   5.4187032e-02   4.0069000e-01  -2.3407414e-01  -2.6675183e-01  -2.0167538e-01   6.2660722e-02   2.1890150e-01  -3.3131942e-01  -4.0810894e-02   8.2961775e-02   9.4220827e-02   2.9712714e-01   3.2693949e-01   1.9329525e-01   6.7125211e-02   3.1555081e-01  -1.9246993e-01  -1.5468133e-01   1.7934864e-01  -1.8549631e-01   5.1555325e-03  -2.2023517e-02  -3.1408194e-01   5.2305672e-01   2.2814425e-01  -5.4359322e-01   1.3303919e-01  -9.2458515e-02   4.6206291e-01  -2.7590758e-02   2.1992831e-01   7.0520057e-02   9.8652645e-02  -2.4089293e-01  -1.4829874e-01   3.0628218e-01  -3.0758645e-01  -5.9070839e-02   2.1623793e-01  -8.6690267e-02   1.4442951e-01  -2.5274310e-01   2.2492283e-01  -1.8721832e-01   2.3819363e-01  -2.6973836e-01   3.0193468e-01  -2.9794072e-01  -1.6180001e-02  -1.2852685e-01  -9.4588846e-02  -7.5053254e-02   3.1366725e-01  -3.0188113e-01   2.6930746e-01   3.4288403e-02   3.7550411e-01   4.2268907e-01   2.3727095e-01   4.7837468e-01   3.5303197e-01  -2.1535820e-01   2.8481435e-01  -2.1406737e-01   5.6656030e-02   7.6870787e-03   3.5430400e-01   1.2043580e-01   2.8450444e-01   2.9865677e-01  -7.6048100e-02   3.6717576e-01  -2.3914299e-03   1.2289737e-01   6.5968731e-02   3.0937108e-01  -8.3813290e-03  -2.6316772e-01  -1.9493942e-01  -4.8620482e-02   2.6989611e-01   1.1743783e-01  -6.7119099e-02   3.3633341e-01   2.9736702e-02  -1.6555614e-03  -1.0519785e-01   4.6341180e-01  -1.4147828e-02  -1.6925278e-02   1.7452105e-01  -2.9678985e-01  -1.4435996e-02   3.7476724e-01   2.8756669e-01   2.6779021e-01  -1.0760708e-01   2.7975467e-01  -7.0615635e-02   2.2976608e-01   1.9539424e-01  -2.7996718e-01   2.0368155e-01   2.0368448e-01  -9.4309968e-02   3.3744115e-01   3.4366428e-01   1.4155882e-01   3.4910695e-02  -4.7858863e-01   4.2324729e-02   3.5362783e-01   5.1455780e-02   9.3098539e-02   2.8466248e-01  -3.0604613e-02   3.4884113e-01  -7.0071412e-02   4.7084136e-01   1.9362616e-01  -1.1530931e-01  -2.1872400e-01   3.0415923e-01  -9.2028071e-04  -4.2343325e-01   3.2014573e-01  -9.8543052e-02   2.9535130e-02   3.2358946e-02   6.4343120e-03  -4.8877904e-02   1.5866645e-01
   5.1723112e-02   2.7157159e-01   3.9080762e-01  -1.1022039e-01   4.0418753e-01   1.2229144e-01   3.2649306e-01   1.5039606e-02   1.4791061e-01  -4.3369634e-02  -2.2260800e-01   0.0000000e+00   3.2977387e-02  -3.5431430e-01  -8.1503190e-02  -1.4459149e-03   3.9373053e-01   1.9103156e-02  -3.1726879e-01   2.7842801e-01  -3.8349504e-01  -1.6578814e-01  -2.1405043e-01  -3.9289242e-02   3.1505796e-02   1.3070582e-01   7.7801655e-02  -2.7387195e-01   1.6659540e-01   2.6932701e-02  -4.7630692e-01  -2.0050872e-01   4.6522705e-02   1.5357205e-01   1.8798195e-01   1.1158849e-01   1.5131264e-01  -1.1483136e-01   6.4298740e-02  -1.2531305e-01   8.9217393e-02   7.1351043e-02   2.4709239e-01   2.4410522e-01   3.0650045e-01  -4.2071028e-02  -9.3047948e-02   4.9769645e-02   1.1648661e-01   6.8760143e-02  -1.5902092e-01   7.6451535e-03   1.1274996e-01   9.2711396e-02  -2.8962521e-01  -8.0577445e-02  -1.9434721e-01  -2.6036832e-01  -7.1079555e-02   2.5809865e-01   2.9861724e-02   1.6854748e-01   3.5471477e-01  -1.2213364e-02  -1.6328318e-02  -1.1166443e-01  -3.4507745e-02   3.0478179e-01  -1.2489529e-01   1.1075539e-01   2.7967016e-01  -2.2123020e-01   2.1481948e-01   5.6684856e-03   9.8643343e-02   5.3643098e-02   1.9347945e-01   2.7453824e-03   1.8412723e-01   7.9909551e-02  -3.1553471e-01   1.4267471e-01  -1.2069053e-01  -1.7174125e-01   3.1763698e-02  -8.3349498e-02   1.8922139e-02  -1.5306560e-01   1.2808654e-01   7.0970650e-02   2.6856564e-01   2.6693472e-02   2.3619921e-01   2.9500275e-01   3.7836772e-02   3.6777921e-01   1.0430651e-01  -1.2498198e-02   1.8315459e-01  -3.2375084e-01  -3.0451311e-01   1.1242857e-02  -3.9214120e-01  -1.6564974e-02  -3.3442525e-01  -1.8662965e-01   1.2618273e-01  -1.4477095e-02   1.6947759e-01  -4.8729194e-02  -7.9667916e-02   8.1219608e-02   6.0845354e-02  -1.9649375e-01  -2.2337421e-01   5.0320581e-02  -7.4392656e-03   2.0474726e-01  -3.3441242e-01   1.1431500e-02   1.4346323e-01   2.2371303e-01   2.6722325e-01   7.5315258e-02  -3.5919780e-02  -7.8589653e-02   9.9159017e-02   1.9940885e-01  -4.0690913e-02   9.9223700e-02  -1.2436314e-01   8.1227716e-02   7.2401096e-03  -1.3187738e-01   2.3941546e-01  -1.5150687e-01   2.2951693e-01  -2.2085983e-01  -2.3800770e-01  -2.0218896e-01  -2.6539927e-01  -2.0442088e-01  -1.1900114e-02   8.1003561e-02  -7.4239919e-02   8.7045242e-02   2.2139334e-01  -4.8001518e-02  -2.5586732e-01  -2.2708047e-01  -2.1133905e-01  -5.3488515e-01  -1.2639001e-01  -1.4476230e-01   5.6006211e-01  -2.8344379e-01  -9.9378836e-02   1.0088778e-01   7.2905625e-02  -2.5266807e-01   8.6549683e-02   7.1716092e-02   5.5325154e-02  -3.5155918e-01   2.1632805e-02   2.0567082e-01   1.8413005e-01  -2.0155966e-01   1.1256425e-01  -4.6375444e-03   3.4128238e-02  -1.3557832e-01  -3.7349933e-02   2.3776362e-01   1.6454676e-01   2.1101930e-02  -5.9135071e-02
  -2.8301650e-01  -2.4739393e-01   1.7748325e-02   2.9332434e-02  -7.1108368e-02   1.0623315e-01  -1.3050858e-01  -3.6828259e-01  -4.1559880e-01   1.6568610e-01  -2.2641247e-01   3.2977387e-02   0.0000000e+00   1.8286880e-01  -1.5693983e-01   2.0333808e-01  -5.9548556e-02  -3.2310769e-02  -1.3500974e-01   4.8348096e-02   3.4275152e-01  -4.6073266e-02   2.5267005e-01  -1.5967216e-01  -1.4340103e-01  -2.6546924e-01   4.2941684e-02   1.5341295e-01  -8.6527237e-02   3.8716807e-02   1.9555500e-02  -3.4265059e-01   1.8254095e-02   2.4552602e-01   9.8641447e-02  -1.9419187e-01   1.1364061e-01   3.5378456e-01   1.5122906e-01   1.7174189e-02   5.7451241e-01  -1.9635208e-01  -1.9699687e-01  -4.0594393e-02  -2.1812389e-01   1.1531138e-01   8.1355613e-02   1.0156527e-01   1.9000903e-01   5.2296736e-02   1.7143150e-01  -4.3222537e-01  -1.7944593e-01  -1.8986356e-01  -1.3590297e-01  -2.7619140e-01  -6.6214587e-02  -7.8151792e-02   9.3116796e-02   2.2213941e-01  -1.5380444e-01   2.2478945e-01  -1.7911068e-01  -8.3125964e-02   8.8983530e-02   3.7631504e-01   1.1318936e-01  -2.9571414e-01  -2.8083199e-02  -3.6092360e-01  -1.2307552e-01  -4.7086372e-02   2.9014187e-01   5.9631032e-03  -1.5151429e-01  -3.0109801e-01  -1.2885398e-01  -2.0831629e-01  -2.6979008e-01   7.2562852e-02   7.5312671e-02   2.2138331e-01  -1.4520184e-01  -3.6908168e-01   1.6982680e-01  -3.2873239e-01   9.9473396e-02   4.2743067e-02  -4.6015852e-01  -1.9636957e-01  -2.5052280e-01  -3.4672640e-01   2.0749890e-01  -1.9823257e-01  -3.5228007e-02  -8.2459951e-02   6.7351769e-02  -2.6365683e-01  -8.7194975e-02   2.1494719e-01  -9.4297321e-02  -3.7741505e-01   3.7271164e-02  -2.1056126e-01   4.1265341e-02  -3.5232313e-01  -9.2951245e-02  -3.6760301e-01  -1.8188977e-01   4.1974309e-01  -2.6608137e-01   3.1302587e-01  -4.4796626e-01  -3.2298811e-01  -2.5292547e-01  -4.6915005e-01  -1.8258565e-01   5.4286849e-01  -9.5956664e-02  -6.6436089e-02   1.3946647e-01  -1.5798904e-01  -1.5031694e-01  -3.6053495e-01   3.2038424e-02  -1.6572748e-01  -9.1678026e-02  -2.2672446e-01  -2.0691002e-01  -3.4375103e-01   9.7383245e-02   7.6791177e-02  -1.1290849e-01   1.2671069e-01   2.6252534e-02  -4.0293217e-01  -6.3928544e-02   5.3258933e-02  -3.4512557e-01  -3.3770350e-03   3.6545057e-01   3.2233548e-01  -1.5571400e-01  -1.0198399e-01  -9.6832476e-02  -2.9082146e-01   7.3158541e-02   2.6240946e-01   1.6385399e-01   2.3054854e-01  -1.0761168e-01   1.1233632e-01  -2.4401963e-01  -6.5953256e-02  -2.4955382e-01   8.4325495e-02   2.7532634e-01   1.5704071e-01  -1.4006621e-01   2.3229086e-01  -3.6299370e-01   3.2413470e-02  -2.2757517e-01  -7.8693610e-02  -8.4303015e-02  -4.1632739e-01  -1.9667735e-01  -1.0615976e-01   6.3222493e-02   1.3785573e-01   7.8683799e-02   2.0632382e-01  -3.2637235e-01  -5.6010254e-02  -7.9405754e-02  -2.3726413e-01   7.8502666e-03
  -2.0934192e-01  -2.6684634e-01   2.4269820e-01   5.3434881e-02  -3.2381733e-01   9.2126324e-02  -1.4808270e-01  -1.5033947e-01  -2.1513301e-01   1.4257522e-01   3.5063437e-02  -3.5431430e-01   1.8286880e-01   0.0000000e+00  -1.6254310e-01   2.6984249e-01   1.1373224e-01  -1.4914883e-02  -2.4746655e-02  -3.4841610e-01   7.2422877e-01  -1.7271192e-02   5.5954492e-01  -1.7842033e-01  -5.0104840e-02  -2.3529255e-01   1.2320255e-01   1.6020343e-01   1.2759455e-01  -2.4751586e-01   5.8402729e-01  -1.2098171e-01  -7.6492152e-03   1.4635492e-01   2.5324721e-02  -2.0244421e-01  -3.4994552e-02   7.8507247e-02   1.0456011e-01   2.7364289e-01   2.1990206e-02   1.8239214e-01  -1.5830627e-01  -3.5550326e-01  -3.2705611e-01   2.7463162e-01  -1.5593152e-01  -1.2413691e-03   7.9631112e-02   1.1707499e-01  -1.5432096e-01  -2.0028778e-01  -4.9346484e-02   2.3949548e-01   6.1153994e-01  -1.4773185e-01   7.9247351e-03  -7.0513453e-02  -1.0193168e-01  -9.0499180e-02   4.9441746e-02  -5.1098203e-02  -1.6315257e-01   2.8297289e-01   3.3377642e-01   1.0682987e-01   3.2901191e-01  -2.0511565e-01   1.7811996e-01  -1.0661096e-03  -6.8481952e-02  -1.2060577e-01  -9.5376139e-02  -1.4638223e-01   1.5825981e-01  -1.4448509e-01   8.6864258e-02  -3.0396967e-01  -7.4909231e-02   7.8428269e-02   3.3360648e-01  -1.4354276e-01   2.4015780e-01  -1.4095887e-01   3.1832138e-01  -1.6520430e-01   3.0140015e-01   4.1232589e-01  -2.9918047e-01  -2.0316993e-01  -2.7923349e-01   1.2083375e-01   2.0677507e-02  -2.1342411e-01   1.1231187e-01  -1.0519708e-01  -1.0937055e-01   5.9823246e-02  -3.0098434e-01   3.3022906e-01   6.7636263e-01  -1.1590130e-01   4.7209106e-01  -3.1582831e-01   1.7364177e-01   4.0809724e-02   2.4848195e-01  -2.0311546e-01  -1.6105729e-01   1.1165204e-02   1.5650578e-01  -3.6590221e-02  -1.7033081e-01  -8.2021011e-02   7.5974641e-02  -1.5023679e-01   1.1408854e-01  -5.1087993e-02   4.6165634e-01  -7.2668642e-02   2.1481126e-02  -6.2074529e-02   5.7895493e-03  -1.1036902e-01   2.7914633e-01   2.3656668e-01   1.0126683e-01   4.0802721e-02  -1.6594125e-02  -1.4747774e-02  -5.2712021e-02   1.8833738e-01   1.8296710e-01   6.2135066e-01  -6.5914420e-02   9.9937216e-02   1.4563339e-01   5.2774475e-01  -9.9126303e-03   3.8205675e-02   3.6010959e-01  -3.2852010e-02   1.3548573e-01   3.5388946e-02  -1.0837913e-01  -2.6618474e-01   1.6977955e-01  -1.3992501e-01   1.9802897e-01   6.2359767e-01   1.1584176e-01   6.4764324e-01   2.6703899e-02   1.8039397e-01  -2.9840726e-01  -7.6797678e-02   5.4718482e-02   5.6365086e-02   7.4004272e-02   3.7667943e-01  -1.6109780e-01  -1.4887187e-01   2.1260381e-02   1.3660013e-01  -2.0689693e-01  -2.0428939e-01  -3.0032220e-01  -1.5204332e-01   2.1666006e-02   1.4197203e-01  -1.1076686e-01  -1.2395360e-01  -2.8241505e-01   6.2451687e-02   3.1898612e-02  -2.8889194e-01  -1.0390055e-01
