   0.0000000e+00   6.1239088e-02   1.8254530e-01  -1.0363822e-01  -1.4036924e-01   1.2653696e-01   1.0046868e-01   7.2139942e-02   5.4370703e-02  -3.1297911e-01  -2.7712804e-01   3.1681282e-02   1.2888949e-01   2.0662409e-01   1.4319062e-01   9.7274912e-02   1.4650672e-01  -1.5582046e-01   2.0095562e-01  -3.3248103e-02  -1.4544941e-01   2.2593651e-02   1.2089389e-01   4.7645323e-01  -2.2497667e-01  -6.6732587e-02  -7.4989655e-02   5.2993085e-02   1.3563925e-03   8.0780814e-02  -2.8624810e-02   8.4165293e-02   1.8702334e-01  -2.6577796e-01   2.5867253e-01  -2.2741530e-01   1.9762174e-01   3.6969447e-01  -3.3863469e-02   3.0915370e-02   2.3536866e-03   1.8371940e-01  -6.0177351e-03  -2.1928649e-01  -4.4305859e-02   3.8742890e-01  -1.6902184e-01  -1.7642873e-01  -1.8772647e-01   1.4919984e-01  -2.0103966e-01  -3.4991070e-04  -1.0232937e-02   2.9531792e-01   2.6146570e-01   1.2849662e-02  -1.1841538e-01   2.2225995e-01   3.9654054e-02   1.4665454e-01   2.3855748e-01  -3.6038561e-02   9.6697628e-02  -1.4532221e-01  -1.4186614e-01  -1.1972045e-01   5.0588734e-02   1.4804109e-01  -2.0198135e-02   3.5607409e-01   5.8045574e-02   1.2098234e-01  -1.9351589e-01   4.1777091e-01  -4.4886537e-02   2.2299433e-01   3.9797015e-01  -2.3453295e-02  -1.5858306e-01  -1.9253954e-01  -1.1616987e-01   9.9115883e-04  -1.5156966e-01  -7.0276139e-03   4.2239551e-01  -2.7443268e-02  -4.2105685e-02   3.4174706e-01  -1.6450967e-02   6.7294495e-01   1.1497716e-01   2.0460701e-01  -2.0521392e-01   4.2928211e-02   2.6464938e-01  -1.1396627e-01   7.8597912e-02   2.0133000e-01   5.2565750e-02   2.9537217e-02   5.6653011e-02   2.3401224e-01  -1.1908956e-01   8.3764220e-02  -2.2440549e-01  -1.6643367e-01   3.1709219e-01   1.5554777e-01   1.2305951e-02  -1.0026050e-01  -1.2324819e-01   1.9777830e-03   1.8921934e-02   6.6202900e-01   2.4069840e-01  -8.8698350e-02  -1.4713391e-01  -5.9029583e-02   1.9956848e-02  -1.3087222e-01   4.9653906e-01  -5.6227783e-02   1.2002204e-01  -2.4479583e-01   5.8928076e-01   1.6949935e-01   1.6031857e-02   3.2025133e-02  -1.7936125e-02  -1.0174147e-02  -4.6055943e-02  -2.0880218e-01   3.0729586e-01  -2.5480188e-01   1.8401170e-02   2.5290704e-01   5.8448534e-02  -1.3833128e-01   1.1007098e-01  -6.7234208e-02   3.7445613e-01   8.2875263e-02   1.4224655e-01   6.8437928e-02   5.9315675e-02  -2.3366774e-01   1.0925319e-01  -1.6105464e-01  -4.7657530e-02  -1.5770882e-01   3.2817913e-01  -1.8750465e-01   3.8943843e-01  -1.0512547e-01   8.7414807e-02   4.0791183e-01   1.3713454e-01   7.9538072e-02   2.0676774e-01  -9.1037217e-02  -5.9052100e-02   1.9684555e-01  -4.8196917e-02  -1.0857851e-01   4.1004451e-02   9.9977534e-02  -1.0976288e-02  -1.2342875e-01   3.4120789e-01  -1.7434931e-01  -2.9975727e-02   2.8852756e-01  -4.3653880e-02  -8.3307659e-03  -9.5774127e-02   3.8765075e-02   1.3238693e-01
   6.1239088e-02   0.0000000e+00   3.6856743e-01  -7.4933591e-02   4.8555399e-01  -2.1510113e-01  -4.3045002e-01  -2.4648591e-01  -1.0859539e-01   8.9079702e-02  -1.3751801e-01   5.2724008e-01  -3.2220028e-01  -2.2728354e-02  -4.1942391e-01  -9.4713276e-02   5.4867437e-01   1.3147705e-02  -2.4925752e-01   1.5295382e-01  -1.0879194e-01  -4.2279497e-01  -5.4878393e-01  -1.9219389e-01   4.1755903e-02  -2.2914671e-01   3.0438506e-03  -1.7932712e-01   2.7077016e-01  -4.6247285e-01   1.7781678e-01  -3.3040461e-01   1.3493087e-01   2.8591829e-02   4.2717465e-01   2.0817299e-01   1.8822826e-01  -3.2346120e-01   1.5833771e-01   6.4157909e-01  -1.6470979e-02  -1.2071688e-01  -1.7124072e-02  -1.1403179e-01   4.0946934e-01  -3.3766219e-01  -1.4952376e-01  -1.3426331e-01   1.0791900e-01   2.8329425e-01  -3.3975491e-01  -2.7482055e-01   4.3969203e-01  -7.5545291e-02  -4.9119314e-02  -3.8632338e-01  -6.0528273e-02  -2.5805899e-01   1.1999481e-02   2.6948144e-01   1.0357812e-01  -1.1480325e-01   4.8389829e-01   1.8343861e-01   7.5102142e-01   1.2663327e-01  -5.2333433e-02  -1.2069980e-01  -2.3356712e-01  -3.0022496e-01   7.3422211e-01  -1.1095024e-01   2.3920056e-01  -1.7651321e-01   8.5726713e-02   1.5438033e-02  -1.8972510e-01   5.9740341e-03   4.3660694e-01   2.5272085e-01  -5.5375435e-01  -2.2825900e-01   3.2920219e-01  -2.2569438e-01   1.7092394e-01  -1.9965319e-01   5.4036961e-01  -2.0430466e-01   2.9527422e-01   1.9776771e-02   6.4523504e-01   1.0661749e-01  -2.2657887e-01   1.1214488e-01  -3.8113882e-01   2.3697994e-01  -1.8343906e-01  -1.5512605e-01  -2.4392281e-02   2.9423873e-01   1.7592653e-01  -1.4620092e-01  -3.5612862e-01   4.8839480e-01  -4.1507042e-01  -2.0167909e-01   4.1133195e-02  -1.9574868e-01  -7.3757061e-02  -2.0890261e-01   8.8680474e-02  -4.7361084e-01  -1.4693223e-01   8.5992783e-02  -1.2408160e-01   7.5525470e-01  -3.0968238e-01  -9.1008078e-02   4.8275533e-02  -2.3933200e-01  -2.5390923e-01   4.4145811e-01   2.5745975e-01   4.5859720e-01  -1.7824607e-01  -3.8355185e-01  -2.4203836e-01  -1.5220967e-01  -1.7720321e-01   1.3131118e-01  -7.8223208e-02   4.1913038e-01   2.2672832e-01   7.4306540e-02   9.2763127e-02  -1.5722689e-01  -9.3396881e-02  -2.7276166e-01  -2.8472101e-01   1.9543551e-01   2.9567523e-02  -1.8421237e-01  -2.3637917e-01  -3.9620439e-01  -2.6892891e-01  -1.2359034e-01   2.4023999e-01   2.2006746e-01  -5.3175655e-01   5.4604136e-01  -2.4156598e-01  -4.2001596e-01  -1.9229389e-01   3.5407122e-01   7.5943182e-01  -1.3574148e-01  -8.4285481e-02  -2.3415440e-02   1.4909150e-01  -4.2771602e-01  -1.3655961e-02  -1.9659665e-01   7.7159097e-02  -3.7434062e-01   2.8221855e-02   4.5430072e-01   2.7833113e-01  -2.5873193e-01  -2.4117658e-01   5.5528060e-01   2.9314531e-01  -1.7248508e-01  -1.0491016e-01  -4.7931537e-02  -3.8767737e-02   2.5156324e-02  -1.6811354e-01
   1.8254530e-01   3.6856743e-01   0.0000000e+00   5.1075918e-02   1.2796159e-01   1.0510151e-01  -5.4826299e-02  -1.8674248e-01  -9.7834548e-04   3.4144184e-02  -3.2396578e-01   3.9533578e-01  -1.2273743e-01   5.5389310e-03   3.4522084e-02  -1.2620554e-01   8.1350033e-01  -1.9523606e-01  -7.9407348e-02   3.9904262e-01  -2.3976656e-01  -1.0094402e-01  -2.6369185e-01  -9.4546027e-02   1.3536240e-02   2.4928406e-02   1.2498922e-01   5.9295636e-02   2.1207860e-01  -1.3229059e-01   1.0283754e-01   3.7090476e-02  -2.2674439e-02   2.0102980e-02   2.0646528e-01  -8.4941490e-03   6.7698113e-02  -1.2030012e-01  -1.6189760e-01   5.3372226e-01   5.2868364e-02   4.1026148e-02   3.3296696e-01  -2.0111254e-01   2.8787832e-01  -1.6161525e-02  -3.1780005e-01   9.5702941e-03  -2.2306984e-01   4.8617427e-01  -1.1820784e-01  -6.3036350e-02  -9.5863211e-02   4.2079511e-02   1.7316534e-01   1.1374778e-01  -4.1877832e-02  -7.8850963e-03   4.3943633e-02   3.8219007e-01   1.8033236e-01  -1.4557487e-01   5.2487982e-01  -6.5288046e-02   1.0248125e-01  -4.2220427e-02   8.0244165e-02   2.2243139e-01  -1.1618201e-01   3.0942295e-01   3.8061990e-01   1.7418305e-01  -1.5377338e-01   1.6207482e-01  -2.5116608e-02  -4.7384375e-02   6.2171971e-02  -1.4764330e-01   9.8953846e-03  -1.0197143e-02  -1.0533435e-01  -2.0741039e-01  -1.3248731e-02   6.9883418e-03   1.6422452e-01  -1.7625488e-04   2.6193168e-01   3.7321849e-03   2.5186214e-02   1.7535676e-01   3.0588857e-01   4.9114717e-01  -1.6635341e-01   9.0800801e-02  -1.5829143e-01   3.7454947e-01   7.9807368e-02  -9.8955047e-02   1.7470511e-01   1.6196979e-01   1.1228759e-01   5.2235255e-02  -1.5928897e-01   2.0809833e-01  -2.0085085e-01  -1.2502998e-01   2.2105238e-01  -1.2965712e-02  -2.7464234e-02  -2.5380984e-01   8.9371978e-02  -4.6833226e-02   6.7644090e-02  -1.9386686e-01   2.0338738e-01   8.5962491e-02   2.6329498e-02  -1.9819215e-02   1.4061471e-01  -1.3049400e-01  -9.7100049e-02   3.3710128e-01   2.2728433e-01   6.3281867e-03  -3.4117481e-02  -8.9755573e-02  -6.5665426e-02   1.2543274e-02   1.3048652e-01   5.4511300e-01  -2.6204594e-01  -1.0222598e-01   1.7731374e-01  -1.7619338e-01   3.8769210e-01  -4.1530847e-03   2.7655747e-01   1.8592794e-02  -4.2716429e-02  -2.5125285e-02  -1.6499863e-01  -8.3350975e-02  -2.0187117e-01   1.9899504e-01  -6.8905285e-02  -1.1844331e-01   3.2119217e-01   2.3491297e-02  -4.2253627e-01  -7.1528590e-02   1.1456231e-01  -2.8996304e-02   6.1562808e-02  -1.2916635e-01   6.7488513e-01  -1.1069784e-01  -2.5421861e-01  -1.1836581e-02   3.1999668e-01  -1.4787717e-02   2.0122502e-01  -2.3181095e-01  -2.5903884e-02  -1.7054818e-01   2.8371376e-01   1.2570130e-01  -3.8129709e-02  -9.3884610e-02  -1.3305279e-01   2.0835021e-01   1.1156386e-01  -1.1312779e-01  -7.4460721e-03   1.8663612e-01   1.1555085e-01   1.0395918e-01   2.0093724e-01
  -1.0363822e-01  -7.4933591e-02   5.1075918e-02   0.0000000e+00  -5.5460715e-02   7.8612469e-02   4.5589660e-02   1.9317048e-01   1.5044282e-01   9.3540515e-02   1.9209216e-01  -2.1885767e-01   7.8702433e-02  -7.5195318e-02  -1.6612743e-02   1.1017604e-01   2.8959173e-02   3.1124155e-01  -1.2276293e-01   1.1723059e-01  -9.2969674e-02   2.0316024e-01  -3.5348250e-03  -1.6614148e-01   2.1378194e-01   1.4274142e-01   2.7041419e-01   1.7454601e-01  -1.7355626e-01   1.0589342e-01   8.0357964e-02   4.1462622e-01   1.1532208e-01  -6.5049212e-02  -1.9206270e-01   1.2397914e-02   2.3837673e-02  -2.3107236e-01   2.3643138e-01   1.4268917e-01   2.3728176e-01   1.3733345e-01   1.3334994e-03   2.2904434e-02   1.0439442e-02  -7.2258130e-02   2.1230983e-01   1.5894330e-01   1.2632346e-01   3.2696379e-02   3.2262336e-01  -4.4189770e-02  -2.6289622e-02   6.8961677e-02  -1.2645566e-01   1.9543183e-03   7.8333945e-02   3.8605484e-01   4.4384703e-01  -2.1203558e-01   6.4422800e-02   1.1936566e-01   9.6579987e-02  -9.3659277e-02   6.3887088e-02  -1.1699865e-01   1.8854043e-01  -1.5200899e-01   4.1846646e-01  -9.6183833e-02   1.2700961e-01   2.2687606e-01   4.7215276e-02  -1.5944746e-01  -6.3447149e-03   1.7095111e-01  -3.4274659e-02   3.1233033e-01  -2.1969314e-02   2.5010995e-01   2.3652030e-01  -1.4412151e-02   6.3631143e-02   2.4342190e-01  -1.4795528e-01   1.7005222e-01   3.8706865e-02  -1.3191257e-01   8.7182063e-02  -1.3660201e-01  -5.7785931e-02   1.1490328e-01   3.1972738e-02   4.2137223e-02  -1.9304003e-01   1.2057165e-01  -6.7007714e-02  -6.0670991e-02  -4.0454170e-02   4.5024719e-02   6.5361497e-02  -1.2637084e-01   2.7398902e-01   2.0012597e-01   5.1390912e-01   3.7485292e-01   5.2809014e-02   2.6106097e-01  -5.3881057e-02   1.5082093e-01  -1.5236170e-01   2.8891429e-01   3.6807909e-01  -1.9082538e-01  -1.9822566e-03  -2.9704786e-02   2.3570788e-01   5.1949813e-02  -1.4197359e-01   5.8693445e-01   5.2943682e-02   5.7022745e-02  -2.5364155e-02  -1.0574458e-01  -2.2355711e-01   2.0644890e-01   1.3609008e-01  -4.4722500e-02   5.7841822e-01  -3.5396148e-02  -3.3101939e-02   6.0718404e-02   2.1910098e-02   1.5802861e-01   1.9082750e-01   3.2961978e-01   8.6649025e-02   1.7971131e-01   2.8503500e-01   3.8616619e-02  -3.3996298e-02  -1.1165229e-01   2.5063963e-01  -7.6451949e-03   4.0506434e-02   4.7732503e-02   3.0062219e-02  -4.3257435e-02   1.2145513e-01  -4.2893455e-02  -1.6852206e-02   4.6865655e-02   1.0141170e-01   5.2628265e-02  -5.5495945e-02  -4.1249834e-02   3.8453443e-02   5.1537441e-01   1.9090801e-01   2.7673796e-01  -1.3958560e-01   2.4195137e-01  -1.0598912e-01   4.3955535e-01   3.1554932e-01  -9.0838837e-02  -4.2523061e-02   1.1141476e-01   1.3662194e-02  -1.3360869e-01  -1.0598753e-01  -1.8742507e-01   3.2393784e-01  -1.6530584e-01   2.0730524e-01   4.9470500e-02   1.4260794e-01
  -1.4036924e-01   4.8555399e-01   1.2796159e-01  -5.5460715e-02   0.0000000e+00  -1.0456995e-03  -3.2535248e-01  -2.1320819e-01   3.8853220e-02   1.7392523e-01   1.3768175e-02   1.9566639e-01  -7.7048092e-02  -7.5950603e-02  -2.5023143e-01   5.4754677e-02   2.3782742e-01   1.0597700e-01  -2.4185442e-01   4.9877389e-01   9.3958501e-02  -3.2603730e-02  -1.6553266e-01  -3.1684398e-01   1.9667245e-01  -1.9106865e-01   1.7313318e-01  -2.3671120e-01   3.2596381e-01  -2.4194173e-01   8.5696857e-02  -1.6970436e-01   3.6262495e-02  -5.2121703e-02   4.5039024e-02   5.3918929e-01  -1.0842342e-02  -3.3160002e-01   2.0261852e-01   2.3472171e-01   8.9647030e-02   1.2390954e-01   3.4884530e-03  -3.1199277e-01   3.4686308e-01  -2.3644512e-01   9.7883836e-02  -2.3643402e-01   2.7170609e-01   1.6861301e-01   1.0346110e-01  -2.6437978e-01   1.5519276e-01  -2.5180370e-03  -1.0341996e-01  -3.9305048e-01   1.2141617e-02  -1.4533298e-01   6.6076475e-02  -5.5439207e-02   1.4186831e-01   7.2815232e-02   2.7169138e-01   4.1707864e-02   4.7923992e-01   1.5727281e-01   5.3691688e-02  -1.1828674e-01  -5.9810699e-02  -3.5442041e-01   1.7698387e-01   1.5831897e-02   8.1639457e-02  -1.1722318e-01   2.5272733e-01   1.9002978e-01  -1.2878814e-01  -7.6604665e-02   4.6899860e-01   3.5586253e-01  -4.2186609e-01  -9.3608873e-02  -4.6445615e-02  -1.0170703e-01   3.7044621e-02   7.9619996e-02   1.0609708e-01  -1.6878408e-01   1.4427890e-01  -9.8518949e-02   5.9093941e-01   1.1406185e-01  -7.9322498e-02   1.0471111e-01  -4.6206974e-01   4.5075344e-01   3.6711390e-02  -1.2074698e-01   8.4537055e-02   1.3750949e-01  -1.4538423e-01  -2.3743863e-01  -6.8876277e-02   1.5893645e-01  -9.2880143e-02   1.0888628e-01   3.6316303e-02  -8.3269677e-02  -1.5466611e-02  -1.4117728e-01   6.8979806e-02  -1.4919531e-01  -1.5248053e-01  -1.2383347e-01  -3.6826577e-01   5.8985659e-01  -2.0998789e-01   1.8381970e-01  -3.0819332e-01   7.3034721e-02  -3.1586947e-01   5.9043449e-01   2.0499847e-01   2.6456345e-01  -2.6553579e-01  -2.5774563e-01  -1.3537607e-01   5.5490657e-02   3.5378535e-02  -2.1720029e-01   3.8239536e-03   2.8571175e-01   1.0382826e-01  -1.6667626e-01   2.0205308e-01   1.8471064e-02  -8.1813667e-03  -4.0190207e-01  -5.4287195e-02   1.5964796e-01  -1.0316937e-01  -9.8333807e-03  -1.1732097e-01  -4.6250860e-01  -2.7089902e-01   3.6004722e-02  -1.5965845e-01   1.0095272e-01  -2.2894446e-01   2.8286789e-01  -2.8812729e-01  -2.2501653e-01  -1.9896634e-01   1.8009490e-01   3.6694487e-01  -1.5565083e-02   2.0411046e-02   2.9850163e-03   6.9656749e-02  -2.5151179e-01   2.0923532e-01  -8.5279318e-02   5.7998651e-03  -1.7588838e-01  -9.8442509e-02   3.7991139e-01   1.4796011e-01  -3.2049713e-01  -1.7415737e-01   3.6004258e-01   3.9220895e-01  -3.3787443e-01  -7.4197094e-02  -4.6948624e-02   1.2836637e-01   3.1343827e-02   2.4627493e-02
   1.2653696e-01  -2.1510113e-01   1.0510151e-01   7.8612469e-02  -1.0456995e-03   0.0000000e+00   7.4558902e-02   9.7569788e-02   1.2884128e-01  -5.9007749e-02  -1.8800449e-01  -2.7118581e-01   1.2276546e-01  -4.1022017e-01  -9.5514356e-03  -8.4296502e-02   9.4968103e-02  -9.6827805e-02   1.9240322e-01   2.3738086e-01   2.5514735e-02   1.5009678e-01   2.1689842e-01  -9.2089770e-02   1.3279373e-01   3.6635466e-01   5.1415504e-01   2.5187611e-02   4.7029457e-02   1.0764226e-01  -2.3456700e-01   4.5280660e-01  -7.8826051e-02  -3.4397275e-01  -2.6968373e-01  -1.4104412e-01  -2.9048552e-01   1.3271756e-01  -6.4734527e-02  -2.6523776e-02   1.2071482e-01   4.7810401e-02   1.1528243e-01  -1.7723619e-01  -9.9821860e-02   2.5695673e-01  -7.2937710e-02  -2.8664147e-01  -3.1125501e-01   1.5434806e-02   1.3122550e-01   4.5675215e-01  -2.2146310e-01  -3.3740985e-04   2.0688478e-02   2.9699327e-02   5.1232264e-01   5.8346973e-02   3.9626907e-01  -1.9825827e-01   1.5611090e-01  -1.7614834e-01  -5.7258706e-02  -3.9600513e-01  -1.6864395e-01  -3.1671223e-01   6.4607368e-01   1.9668246e-01   3.4694428e-01   1.0142798e-01  -2.5831574e-01   2.5298207e-01  -2.0953927e-01   2.4015848e-01   1.1558403e-01   1.4744273e-01   5.7062117e-02   2.2052482e-01  -2.6685895e-01   4.2494258e-02   8.2772378e-02   6.9399380e-03  -3.7853488e-01   2.7186755e-01  -2.6681304e-01   3.4193573e-01  -2.0980103e-01   4.1134985e-02  -2.0541135e-01   2.0548727e-02   8.6325150e-02   2.4558302e-01  -2.2893932e-02  -1.3335410e-01   1.2501914e-01   1.4183965e-01   2.8716707e-01   2.9073510e-01   1.6288008e-01  -3.5056017e-01  -3.2001200e-01  -1.9358934e-01  -1.5791936e-02  -2.5333578e-01   3.0475828e-01   3.0488102e-01   2.1820704e-02   5.9989860e-01  -4.3380823e-01   6.7824669e-02  -2.2256951e-01   3.8288045e-01   1.6784579e-01  -2.3714069e-01  -3.0718904e-01  -1.0685403e-01   2.1876692e-01   8.3616710e-02  -2.7692236e-01   1.8101647e-01  -2.9070188e-02   1.6257121e-01  -6.4944287e-02  -1.0492206e-01   5.1320144e-02   1.1884897e-01   1.0864070e-01   2.9933838e-01   2.1388173e-01  -6.8818026e-02  -1.3183848e-01  -3.9332498e-01  -6.3561977e-03  -3.3420204e-01   1.4973318e-01   3.9653439e-01   2.8205222e-01  -8.4842245e-02   3.8145327e-01  -1.2656027e-01  -6.3594528e-02   1.3741844e-01   8.0948362e-02  -4.5373281e-02  -1.4537676e-01   1.3755737e-01  -3.4622321e-01  -2.5433015e-01   4.2245961e-02  -2.1859814e-01  -1.3222303e-01  -4.6847812e-02  -7.7801803e-02  -4.1166626e-01  -1.9525626e-01   1.8733214e-01  -8.4297907e-02   3.6800498e-01   1.9290498e-01   1.9429971e-01  -8.7330132e-04   1.5437118e-01  -2.9801645e-01   2.9033833e-01   4.3542830e-01  -1.1497899e-01  -2.3912451e-01  -6.1032623e-02   5.5011191e-02  -1.0984197e-01  -1.7446538e-01  -1.7453434e-01   1.6828450e-01   1.9271998e-01   1.4491736e-01   8.9531350e-02   4.7993716e-01
   1.0046868e-01  -4.3045002e-01  -5.4826299e-02   4.5589660e-02  -3.2535248e-01   7.4558902e-02   0.0000000e+00  -8.2650753e-03   1.3815438e-02   3.0363751e-02   1.7893985e-01  -6.9811989e-02  -6.8805728e-04  -2.3411246e-02   5.4577329e-01   1.9578373e-01  -2.4790762e-01   1.2953803e-01   1.1641290e-01  -1.9246678e-01   1.5242771e-01   3.2708705e-01   6.5028358e-01   2.9390569e-02  -2.0295107e-01   1.6402281e-01  -1.8842280e-02   2.5649545e-01  -2.5814177e-01   5.5220650e-01  -8.0522961e-02   3.5816954e-01   2.4697996e-02   2.2533709e-01   1.9103687e-02  -1.1189446e-01  -1.9691065e-02   1.2638455e-01   3.0531353e-02  -3.0969142e-01  -5.6092890e-02  -1.3337183e-02   1.1635831e-01  -4.8143387e-02  -3.5527611e-01   2.7428234e-01   1.0774139e-01   2.9935036e-01  -2.1510337e-01  -3.2415213e-01   3.7723580e-01   1.3537384e-01  -9.5886907e-02  -7.7113081e-02   2.7744996e-01   4.0341217e-01  -1.0386996e-01   2.2403823e-01  -6.6190855e-02   2.0715826e-01  -5.0398385e-02   2.3216269e-01  -1.6946888e-01  -4.6194019e-02  -4.2661380e-01  -7.6309401e-02   1.1323917e-01   2.0895176e-01   1.0608781e-01   4.4249153e-01  -3.0998661e-01   3.3084894e-01  -2.7684364e-01   3.1272819e-01  -2.6644669e-01   7.9361507e-03   1.4382826e-01  -8.3763923e-02  -1.5707947e-01  -2.2792858e-01   6.3499807e-01  -4.4918849e-02  -4.4605873e-02  -1.4169193e-03   5.0734814e-02   2.1092873e-01  -2.5066900e-01   1.4957006e-01  -1.2061910e-01   3.4464974e-02  -4.0488427e-01  -4.6855403e-02   2.2407218e-01   1.3489742e-01   1.3886292e-01  -3.3984370e-01   1.1437567e-01   4.0353808e-02   1.2469577e-02  -7.2751917e-02   9.3810914e-02   4.6224534e-01   3.5160450e-01  -8.3733073e-02   4.1354731e-01   1.1798251e-01   1.1512172e-02   1.0911513e-01  -5.4558174e-02   4.2357998e-02   1.9917082e-01   3.7978058e-01   2.4724583e-01  -7.6761738e-02   4.4750255e-01  -5.2250360e-01   1.0962990e-01   2.1177733e-02   2.0130505e-01   1.3338783e-01   2.2635556e-01  -4.2855853e-01  -1.6277836e-01  -3.2234599e-01   2.7048053e-01   5.5189245e-01   2.5308109e-01   4.4063040e-02   2.4455372e-01   1.1941818e-01  -9.6689138e-02  -1.3348850e-01   1.1863472e-01   8.8838121e-02   1.4802882e-01   1.4432427e-01   3.1892885e-02   3.0388981e-01   1.7210427e-01  -4.0225042e-02   3.7903237e-02  -4.8006674e-02   2.0455954e-01   4.9978649e-01   5.1347483e-01   9.0768720e-02   1.4082478e-01  -1.0437300e-01   4.5161968e-01  -2.2171934e-01   5.0203654e-01   7.0389008e-02   9.5897948e-02  -2.8420084e-01  -3.1862628e-01   6.8628056e-02   7.6077995e-02   1.0828917e-02   8.2432814e-03   2.9314263e-01   1.9150162e-01   1.3071145e-01   7.3384833e-02   3.8793120e-01   5.0682956e-02  -2.7580586e-01  -9.3840797e-02   1.1748845e-01   1.6688661e-01  -4.4674271e-01  -2.6184506e-01   7.9575263e-02   1.4347320e-01  -4.6494655e-02  -7.3819200e-02  -2.4487397e-02   1.4055547e-01
   7.2139942e-02  -2.4648591e-01  -1.8674248e-01   1.9317048e-01  -2.1320819e-01   9.7569788e-02  -8.2650753e-03   0.0000000e+00   1.0585230e-01   8.6452917e-02   5.9531901e-02  -2.5982617e-01   3.7665718e-01   9.5231845e-02  -4.8869776e-02   1.6420996e-01  -1.7106091e-01  -1.4801235e-01   2.9204594e-01  -2.4634799e-01  -1.6169940e-01   1.4018860e-01   8.5286386e-02   6.8842469e-02  -4.1358874e-02   4.3256654e-01   1.5491358e-01   3.7159904e-01  -1.1440786e-01   3.5107855e-02  -1.3881169e-01   2.3656438e-02  -3.2552446e-02  -1.2932566e-01  -1.4824049e-01  -1.7572651e-01  -9.2213775e-02   9.0204494e-02   1.0603976e-01  -8.9689733e-02   2.8185747e-01   1.5186010e-02  -2.8124132e-02   2.6694461e-01  -2.1363760e-01   1.7477146e-02   1.4738520e-01   1.0175159e-01  -8.5085122e-02   7.0892418e-02  -1.1400018e-01   4.4972011e-01  -1.2980328e-01  -3.1723011e-02  -5.8108571e-02   2.5447826e-01   2.6149387e-01   2.1074969e-01   1.6083607e-01  -3.2957541e-01  -1.3640348e-01  -1.8083905e-01  -8.6393517e-02  -1.2920454e-01  -1.9595343e-01  -1.7877603e-01   7.2710750e-02  -1.4230723e-01   3.7885246e-01  -1.1732464e-02  -1.8460852e-01  -1.6868840e-01   3.1963045e-02  -6.6077495e-02  -1.5315239e-03   6.4091241e-02   9.9212467e-03   1.4031473e-01  -3.5577999e-02   1.0226102e-01   2.6876327e-01   4.0177354e-01  -1.0001395e-01   5.1063493e-01  -2.2369287e-01   1.0738900e-01  -2.5458632e-01   1.7768475e-01   9.7628475e-02  -2.0429694e-02   6.0369219e-02  -2.5561181e-01  -6.6973922e-02  -6.5813774e-04  -7.7997509e-03  -3.6868114e-02  -1.5585661e-01   3.6763668e-01  -2.2051725e-01   7.4357562e-02  -1.7699517e-01   1.5659406e-02   1.7534698e-01  -1.0592921e-02   1.5445581e-01  -2.6705712e-02  -1.9619371e-01   3.3880732e-01  -5.7834087e-02   2.5474111e-01  -2.3774640e-01   1.3731969e-01   4.4601906e-02   6.9647076e-02  -1.7933684e-02   6.8710220e-04   3.7423221e-01   2.0800968e-01  -8.1225934e-02   7.0245341e-02   9.7324450e-02  -8.5259938e-02  -5.2952210e-02  -3.5185870e-01   3.0089035e-02   1.8878355e-01  -4.6021716e-02  -1.4731880e-02   1.5919538e-02  -2.0336946e-01   2.0597705e-01  -2.4527782e-01  -2.4252955e-01  -1.4896325e-01  -1.5988863e-01   4.2377366e-01  -3.0171836e-02   6.1254821e-03   4.3831223e-01   4.6423707e-02  -1.9638432e-02   5.5806998e-02   3.1678520e-01  -3.8923293e-02   2.3476850e-02  -2.2581861e-01  -8.0696353e-02  -1.2206961e-01   1.7086670e-01  -3.0753774e-01  -3.0155682e-02   3.8291854e-01   2.2220943e-02  -1.9239878e-02  -2.6095039e-01   9.3496938e-02  -1.1466348e-01   1.7130372e-01  -1.2319068e-01   2.4361808e-01  -1.5512530e-01   3.8427328e-01  -1.4521141e-01   3.2806125e-02   1.3735304e-01  -4.3842477e-02  -5.0957318e-02   2.1564604e-01  -1.2129868e-01  -1.3987092e-01  -6.8678542e-02   1.5107739e-01  -2.2145493e-03   2.2711283e-02   4.4505890e-02  -2.0795853e-01   4.8891275e-02
   5.4370703e-02  -1.0859539e-01  -9.7834548e-04   1.5044282e-01   3.8853220e-02   1.2884128e-01   1.3815438e-02   1.0585230e-01   0.0000000e+00  -4.8287389e-02   1.7563338e-01  -2.0901387e-01  -7.7119969e-02  -1.9866522e-01   9.9900263e-02   3.4310158e-03  -3.6703032e-02   1.9018849e-01  -2.7014070e-02   1.7719714e-01  -1.5450098e-01   2.2453370e-01   1.3685967e-01  -1.0188137e-01  -1.5647355e-02   8.7463322e-02   1.7011197e-01   2.2033578e-01  -8.3459881e-02   1.8097301e-01   1.0858278e-01   2.2091550e-01   1.9565284e-01  -1.3016283e-01  -3.1103357e-01   1.4156347e-01  -4.9643998e-02   1.2277617e-01   1.0329907e-01  -9.9290119e-02   6.6841817e-02  -2.5130009e-02  -1.5632650e-02   4.7116051e-02   2.2011702e-01   7.7095625e-02   4.2777678e-02  -1.5885483e-02  -1.2613823e-01   4.8912278e-02   1.9529264e-01   8.3571578e-02   3.2916156e-02   2.6957703e-01  -1.3945290e-01   7.9064624e-02   7.7454380e-03   6.8914720e-02   1.7108562e-01  -2.8140416e-01   4.8492298e-02   7.9978271e-02   1.5663451e-01  -1.2595566e-01   1.0826638e-01  -2.3747054e-02   6.3288235e-02   1.8459998e-01   1.9056188e-01  -1.3334239e-01  -2.3349702e-02   2.0716686e-01   8.7886490e-02  -7.1786906e-02   1.1648824e-01   2.1725862e-01   1.5586650e-01   1.4889093e-01  -8.2176528e-02   6.8791695e-02   1.8213799e-01  -1.6136027e-02  -5.6694490e-02   1.2620897e-01  -2.4478013e-01   2.2085352e-01   2.1456782e-01  -1.5001758e-01  -2.5223337e-01  -9.9895112e-02   1.8628459e-02   2.2601314e-01  -3.9568950e-02  -1.4532111e-01   1.9090225e-01   6.2231144e-02   2.3194344e-01  -1.2076338e-02   2.9548345e-01   5.6342662e-02  -1.8353041e-01  -2.8984568e-01   1.6256827e-01   6.7995523e-03   2.0268237e-01   3.4779634e-01   2.5581637e-01   1.8320746e-01  -7.8621543e-02   1.2128719e-01  -3.3398027e-01   2.3617396e-01   2.1077757e-01  -1.4061748e-01  -2.4693869e-01  -7.7472963e-04   2.2026429e-01   1.1461858e-02  -2.2023934e-01   2.2518618e-01   1.0347641e-01   4.6749854e-02  -1.3944308e-01  -6.2624020e-02  -1.0608305e-01  -5.1278502e-02   4.0036991e-02   2.9206667e-01   2.4886070e-01  -2.1414510e-01  -9.3110508e-02  -8.4567831e-02   4.6616541e-02  -9.4598472e-03   2.2150453e-01   1.9315511e-01   2.1735087e-01   3.6766928e-02   2.2345358e-01  -1.4919303e-01  -7.9137972e-02   9.7506081e-02   3.3896383e-02  -1.8076861e-01   9.2682644e-03   2.4299781e-01  -9.8397053e-02   1.2034950e-01   1.8819289e-01  -5.7148896e-02  -1.3506051e-01   2.1428614e-01  -1.0714811e-01   8.7454951e-02  -1.3318922e-01  -7.6138593e-02   4.2565566e-02  -3.2144984e-02   1.0892317e-01   2.5240374e-01   3.5514372e-02   5.7813883e-02   1.8433408e-02   3.0458281e-01   1.4930259e-01  -1.5321516e-01  -7.2380650e-02   2.0527927e-01   1.6041620e-01  -1.5496992e-01   8.4297898e-02  -2.0713551e-01   4.0192886e-01   2.6100645e-02   2.3508112e-01   4.1731982e-01   3.8917096e-01
  -3.1297911e-01   8.9079702e-02   3.4144184e-02   9.3540515e-02   1.7392523e-01  -5.9007749e-02   3.0363751e-02   8.6452917e-02  -4.8287389e-02   0.0000000e+00   1.4231416e-02   1.8211014e-01   2.1376363e-02   3.4455271e-02  -1.5416397e-01   5.8512172e-02  -3.3395802e-02   1.4787831e-01   1.4780572e-02   2.2003156e-01   2.0436244e-01  -1.5433202e-02   1.3263842e-01  -2.9727106e-01  -3.1719768e-03  -1.0667116e-01   9.5696048e-02  -3.4355721e-02   3.5898236e-02  -1.3948253e-01   1.2722897e-01  -1.2785664e-01  -1.3453929e-01   2.1741616e-01  -1.1887962e-01   3.8547833e-01  -2.0931782e-01  -2.3337870e-01   8.6225070e-02   1.6062802e-01   1.5854521e-01  -1.2787264e-01   2.0785015e-01   2.3169775e-02   3.0574713e-02  -3.1990560e-01   2.4735044e-01   1.0792215e-01   1.5056666e-01  -5.5550598e-02   2.2761134e-01  -2.0389888e-02   7.5137122e-02  -2.7811372e-01  -2.2234183e-01  -2.3469911e-02   1.5242618e-01  -8.6141318e-03  -1.9040642e-03  -5.0058793e-02  -1.4578383e-01   3.3058825e-02  -7.2341902e-02  -2.9860567e-02   1.6741399e-01  -1.3791036e-01  -4.5844320e-02  -3.0136212e-02  -4.5453598e-02  -2.0260464e-01   1.0777467e-01   4.6770646e-02  -4.2234445e-02  -2.1916912e-01  -1.6172956e-01   2.0170055e-01  -2.2534991e-01  -1.1083325e-01   2.2728825e-01   6.8725250e-02   5.3803088e-02  -3.4451948e-02   1.4123930e-01  -1.9605808e-01  -2.0986090e-01   1.9876571e-01  -1.8318319e-02  -2.5552494e-01   1.4572076e-01  -2.5776508e-01   5.5972257e-02  -2.5279466e-01   1.0065881e-01   1.3593761e-01  -2.8016836e-01   2.6910432e-01   2.6887052e-04   1.6310017e-02  -1.1297121e-01   3.5577867e-01   7.1213270e-02   1.7045525e-02   1.9068644e-01   1.3423404e-01   1.5561358e-01   1.2820277e-01  -2.4500579e-01  -1.5831908e-01  -3.3951533e-01   9.9309232e-02   1.8572349e-01  -1.2084030e-01   4.2031470e-02  -2.2341247e-01  -1.7813360e-01   1.6423168e-01   4.1095961e-02   2.1760254e-01  -2.4159266e-02   1.0528442e-01  -2.5640441e-01   2.0445387e-01   1.1330581e-01   2.3589699e-01  -2.2577902e-01  -2.2177851e-01   9.8057054e-03  -1.0061629e-01   2.1197023e-01   6.8112882e-02  -2.4566714e-03   1.3760590e-01  -1.6077458e-01   5.6898733e-02   1.8480467e-01   9.6551671e-02  -1.5057397e-01   3.2149322e-02   9.8966006e-02   2.6395934e-01  -1.8575018e-01   2.9561144e-02  -1.2853257e-01  -1.1419200e-01   6.2551212e-02   1.5081006e-01   7.5844409e-02   6.0150011e-02   1.3977397e-01   1.2151000e-01  -1.5279586e-01   1.3716204e-01  -3.2635518e-01  -3.3714882e-02   1.0214471e-01  -7.6888099e-02  -1.4671678e-02   9.2084010e-02  -2.7106681e-01   1.6489643e-02   2.5252400e-01  -6.1188835e-02  -1.8610463e-01   8.9688655e-02   6.7157534e-02   9.5677537e-02   1.5270001e-01  -1.5785827e-01  -2.5635386e-01   1.2606748e-01   2.0800443e-01  -7.2260406e-02  -1.5754782e-01  -9.7953247e-02   1.2184104e-02  -5.8807274e-02  -3.1721141e-03
  -2.7712804e-01  -1.3751801e-01  -3.2396578e-01   1.9209216e-01   1.3768175e-02  -1.8800449e-01   1.7893985e-01   5.9531901e-02   1.7563338e-01   1.4231416e-02   0.0000000e+00  -2.4757175e-01  -8.3702721e-02  -2.5940220e-01   1.6148651e-01   3.0945143e-01  -2.4156048e-01   5.9304066e-01  -1.6288447e-01  -1.6474478e-01   2.3227514e-01   3.5097101e-01   1.9138729e-01  -1.6205933e-01  -1.1914276e-01   3.6480625e-02   1.0402949e-01   1.5695559e-01  -3.3934311e-01   3.7124868e-01   1.8723041e-01   2.5330353e-01   1.0475341e-01   2.5240858e-01  -2.4032280e-01   1.4127466e-01  -1.3940118e-01  -1.8747749e-01   4.1738010e-01  -2.3373827e-01   1.2386584e-01   1.0033372e-01  -2.3085827e-01   4.2037709e-01  -3.2335634e-02  -7.3047266e-02   4.2331599e-01   1.5281573e-01   9.9948780e-02  -2.5100085e-01   4.5827575e-01  -2.1260568e-01   4.0119860e-01   2.1338175e-02  -2.3593531e-01   3.2437752e-01   1.1750828e-01   1.8921556e-01  -1.0928833e-01  -1.2725626e-01   1.6989277e-01   2.0515175e-01  -3.3638666e-02   2.3192688e-01   2.6891140e-02   9.1943357e-02  -6.6599462e-02  -1.4725063e-01   4.0362409e-01  -1.8028233e-01  -1.4409590e-01  -2.3089143e-02   2.2137442e-01  -1.7662814e-01  -6.9123013e-02   1.7484645e-01  -1.4988319e-02   3.2698576e-01   2.2057751e-01   3.0693424e-02   1.9836067e-01   1.6907110e-01   2.8712020e-01   9.2639798e-02  -1.3710360e-01   1.4348527e-01  -6.1326338e-02  -1.9393803e-01   1.3587992e-02  -3.1862471e-01  -2.7839575e-01   5.5939840e-02   4.4164258e-01  -1.0075287e-02  -7.3796805e-02  -2.2197204e-01  -8.9996594e-02  -2.7464947e-01  -5.1212354e-02  -1.2351689e-01   9.4029915e-02   2.0636295e-03   2.6156802e-01   1.0543174e-01   4.3010361e-01   2.1981594e-01   2.3224438e-02  -2.3059754e-02   6.8341303e-02   4.3447903e-01  -1.6436172e-02   2.9134797e-01   5.7122575e-02  -1.3265303e-01   3.5157190e-02   3.3351110e-02   2.7392261e-01   3.8756963e-02   8.3117718e-02   2.9100043e-01   1.4476457e-01  -1.6060157e-01  -2.2033812e-01   9.7233841e-02  -2.5689707e-01   1.2980785e-01   2.6760474e-01  -4.2867958e-02   1.1878143e-01  -1.0431978e-01   1.3643902e-01   4.3908790e-01   1.5810032e-02   3.9630805e-01  -5.7172751e-02  -1.1459433e-01   4.0124629e-04   2.3659722e-01  -1.5272326e-01   4.3789419e-02   1.0486127e-01  -5.2613775e-02   1.3999328e-01   1.2339531e-01   1.6635158e-01   1.6770395e-01  -2.0661863e-01   2.3259581e-01   4.1136918e-01   1.2092425e-01  -1.2265786e-01   1.1465756e-01   4.0343192e-02   3.5900111e-01  -2.1504531e-01  -7.1639372e-02   1.9714560e-01  -3.1194676e-02   1.4595505e-01   7.9667211e-02  -1.7513950e-01   2.3110070e-01   1.4031091e-01   3.5651019e-01  -1.3232665e-02  -6.6390056e-02   2.5595204e-01   3.5011638e-01   1.1940857e-01   1.3174803e-01  -1.0779566e-01  -1.3734957e-01   3.3411063e-01   1.2002202e-01   5.8131167e-02   1.7261251e-01  -4.5927691e-02
   3.1681282e-02   5.2724008e-01   3.9533578e-01  -2.1885767e-01   1.9566639e-01  -2.7118581e-01  -6.9811989e-02  -2.5982617e-01  -2.0901387e-01   1.8211014e-01  -2.4757175e-01   0.0000000e+00  -2.8465437e-01   9.0578210e-02  -1.2274695e-01  -5.7256904e-02   4.0575016e-01  -8.6520532e-02  -4.0202683e-02   1.0992422e-01   3.8503443e-02  -2.5007344e-01  -1.8330204e-01  -1.8476247e-01  -4.7732884e-02  -2.7215069e-01  -3.4347034e-01  -2.4570558e-01   1.5898955e-01  -2.8564986e-01   1.1556440e-01  -2.5657203e-01  -7.5512330e-02   4.6271067e-01   4.7955813e-01   1.8676365e-01   7.8999771e-02  -2.0757895e-01  -5.1834660e-02   3.4400147e-01  -1.7831900e-01  -2.0803306e-01   2.3312401e-01  -2.2882775e-01   2.7630602e-01  -3.5931117e-01  -2.2907438e-01   7.5583888e-02   1.2493937e-01   8.0442369e-02  -1.5310809e-01  -2.1967582e-01   6.9711906e-02  -8.4769191e-02   1.6239537e-02  -2.0363470e-01  -2.0392292e-01  -1.6890461e-01  -2.4100299e-01   6.5351687e-01   1.2100594e-02   1.4994843e-01   3.7839280e-01   1.4920202e-01   2.8704471e-01   3.6966705e-01  -2.0317451e-01  -4.6782829e-03  -3.7766603e-01  -1.3053293e-01   4.7627784e-01  -4.7311277e-02   1.1146971e-01   2.9582608e-02   1.6785901e-01  -6.0344386e-02  -2.6790124e-01  -3.8003587e-01   2.6762138e-01   6.8703115e-03  -3.1666064e-01  -1.1402162e-01   1.6928185e-01  -3.1757564e-01   2.9848712e-01  -1.3827568e-01   3.2790045e-01  -1.4104868e-01   1.0655508e-01   2.3861846e-02   3.1945125e-01   1.1057294e-02  -5.0347515e-02   1.1837630e-01  -3.0648303e-01   1.3699062e-01  -1.7538465e-01  -1.3778459e-01  -8.2158660e-04   4.4029196e-01   2.2430195e-01   1.4019881e-01  -2.1340753e-01   3.7322314e-01  -3.7097700e-01  -1.8327795e-01  -3.9334464e-02  -2.7799871e-01   8.8470717e-02  -3.3334477e-01   5.5988118e-01  -3.2157191e-01  -5.6288719e-02   1.5439727e-02   1.2878278e-01   2.4743100e-01  -3.4582979e-01  -1.0950566e-01   9.6463413e-02  -1.5060201e-01  -2.4111461e-01   3.5857861e-01   2.5549415e-01   3.3369608e-01  -1.4463619e-02  -2.6768511e-01  -5.9687611e-02  -7.3292843e-02  -2.0413636e-01   9.5614798e-02  -1.9578352e-01   3.9339146e-01   1.2437271e-01   1.1690418e-01   1.2329428e-01  -2.3899090e-01  -4.7346424e-02  -1.8879408e-01  -3.0718181e-01   3.0542125e-01   1.1008455e-01  -1.8891860e-01  -2.8267078e-01  -9.3455769e-02   2.6593191e-01  -5.9887319e-02   5.8145502e-01   7.7468628e-02  -3.3085562e-01   2.7523361e-01   1.2465266e-01  -2.0666945e-01  -3.0200401e-02   4.2362693e-02   6.0616789e-01  -1.4765109e-01  -6.8254413e-02  -2.5469122e-01   2.8750246e-03  -3.2865636e-01   8.3581333e-02  -3.9951538e-01   1.3276858e-01  -3.6599144e-01  -3.4149783e-02   4.3909992e-01   1.9944909e-01  -2.8955207e-01  -1.3671184e-01   2.3848782e-01   3.6849787e-01  -1.7731287e-01  -2.0046272e-01  -4.8060577e-02  -2.3828687e-02   5.2210475e-02  -8.4263988e-02
   1.2888949e-01  -3.2220028e-01  -1.2273743e-01   7.8702433e-02  -7.7048092e-02   1.2276546e-01  -6.8805728e-04   3.7665718e-01  -7.7119969e-02   2.1376363e-02  -8.3702721e-02  -2.8465437e-01   0.0000000e+00   1.1937774e-01  -1.9482419e-01   3.3819293e-01  -2.2525319e-01  -1.0153793e-01   3.6485033e-01  -8.8801248e-02  -1.1552755e-02   2.7707646e-01   1.6235416e-01   5.9160330e-02  -2.2887598e-02   7.7337543e-02   1.8438142e-01   4.6086521e-02   6.4911949e-02  -2.3123667e-02  -2.2390346e-01   5.8213887e-03   1.3128945e-01  -2.8181010e-01  -6.7604998e-02   1.0601255e-01   1.2390213e-01   3.8752124e-02   1.8238553e-01  -2.1824669e-01   5.7871555e-01   3.2217296e-01  -5.0714967e-02  -6.6407478e-02  -3.2196392e-01   2.2102528e-01   2.1801422e-01  -1.5767306e-01  -6.9863346e-02   9.1093628e-02   1.2879635e-01   1.8974833e-01  -2.5256583e-01  -7.7647200e-02   5.7298932e-02  -6.6931001e-02   2.3033818e-01   4.1677944e-01   1.2181205e-01  -1.3271643e-01   3.1840865e-02  -1.0573105e-01  -2.5522262e-01  -1.2418179e-01  -2.7297752e-01  -2.1066545e-02   5.8115181e-03  -3.4037825e-02   1.1415813e-01   1.6519324e-01  -2.8684899e-01  -1.1374286e-01   7.3631430e-02  -4.3532927e-02   1.0804025e-01   1.0915914e-01   2.6734556e-01  -3.3147888e-03  -3.3921906e-02  -9.7599615e-02   1.6313654e-02   3.7144760e-01  -3.3483490e-01   8.9336177e-02  -8.9185435e-02   5.1016303e-02  -4.6389690e-01   1.5358990e-01   1.6310238e-01   1.2863722e-01  -1.3170419e-01  -1.3537595e-01   7.6030188e-02   3.2035363e-01   5.4956191e-02  -1.9739543e-03  -1.4249655e-01   3.7486379e-01  -2.7090431e-01  -3.3460504e-02  -3.0591950e-01   4.1058145e-02   1.3034585e-01  -6.4813627e-02   1.0589386e-01   8.1255864e-02  -8.7509999e-02   6.6960098e-02   9.1205000e-02   2.0559290e-01  -8.4022710e-02   1.0517023e-01  -1.4616215e-01   8.4421426e-02  -1.2340577e-01  -2.2782833e-01   2.7411267e-02   5.4300465e-01  -1.9354902e-01  -5.4608685e-04   1.4003334e-01  -3.6079466e-02   1.8309386e-02  -3.9714496e-01   1.2042242e-01   1.2594401e-01  -7.5849046e-02  -5.2366614e-02   5.5510382e-02  -8.9858845e-02   4.8719077e-01  -2.2768237e-01  -1.3277826e-01  -2.6503709e-01  -1.8747082e-01   3.3417346e-01  -7.6546679e-02  -1.6372123e-01   1.8760256e-01   1.2444814e-01  -1.3191572e-01   4.6429446e-01   3.1689406e-01  -5.3801697e-02  -1.0723373e-02  -3.0333653e-01  -1.1159658e-01  -2.7815606e-01   2.9856191e-01  -2.3792984e-01  -1.7765976e-03   1.4367994e-01   1.4274530e-01  -1.6262917e-01  -3.2316463e-01   1.3729382e-01   1.4210506e-01   2.0335463e-01  -9.2819302e-03   7.5926789e-02   1.0944195e-01   3.2415942e-01  -6.8196459e-02  -8.4414640e-03  -6.3778058e-02  -1.7244326e-01  -1.0098305e-01   3.8262120e-02  -1.5659671e-01  -2.2998488e-01  -2.0967756e-02   3.1879377e-01  -3.1057709e-01  -1.4288071e-01   1.5990595e-03  -2.8884898e-01   1.3309429e-02
   2.0662409e-01  -2.2728354e-02   5.5389310e-03  -7.5195318e-02  -7.5950603e-02  -4.1022017e-01  -2.3411246e-02   9.5231845e-02  -1.9866522e-01   3.4455271e-02  -2.5940220e-01   9.0578210e-02   1.1937774e-01   0.0000000e+00   2.3651914e-01  -2.7799517e-02  -1.8283118e-02  -2.0154609e-01   2.9219859e-02  -3.9427075e-02  -5.3228625e-03   3.9726434e-02  -1.0928466e-01   3.5358308e-01   9.1817437e-02  -1.9132551e-01  -5.0097730e-01   1.7853186e-01   7.1695363e-02   1.3342199e-02   2.6438944e-01  -2.5461553e-01   1.0442359e-01   6.4043307e-02   2.7253384e-01  -1.0472010e-01   4.4404377e-02   1.9008122e-01  -8.8421509e-02  -1.3508953e-01  -7.2009850e-03   1.5974243e-01  -2.9145805e-02   4.2852395e-02  -4.2719303e-02  -1.5190703e-02  -8.3868833e-02   3.6782822e-01   1.7571706e-01   7.4036711e-03  -2.1097000e-01   1.2750547e-02  -2.0023717e-01   2.0985818e-01   3.5233866e-01  -1.1253337e-02  -2.1789085e-01   1.4093795e-01  -7.8868296e-02   1.4405819e-01   4.7718104e-02   6.7725512e-02  -1.0544954e-01   5.8981776e-02  -2.0723378e-02  -1.9595288e-02  -3.9151584e-01  -4.7191595e-02  -3.1639316e-01   1.2065348e-01   4.7615124e-02  -2.5511467e-02  -1.2300038e-01   2.2145191e-01  -1.2531552e-02   5.6152876e-03   1.6437829e-01  -3.2830515e-01  -1.1453908e-01   4.9922567e-02   1.2834629e-01  -2.0798176e-02   9.7975336e-02  -2.0456758e-01   4.7849318e-01  -9.8087833e-02   1.0481842e-01   3.9891427e-01   6.0170981e-03   2.7074604e-01  -1.7286885e-02  -2.4188147e-02  -3.7941475e-01  -1.9758321e-02   1.3552808e-02  -1.5630545e-02  -3.2945860e-02   2.1711442e-02  -1.6616732e-02   1.7860785e-01   2.9813620e-01   3.5181980e-01   2.9900123e-01   2.7510020e-02  -1.9537243e-01  -2.3752902e-01   1.2348182e-01  -3.9633391e-01   2.6220197e-02  -2.5131198e-01   2.2045685e-02  -1.9395118e-01  -9.5825983e-02   3.1486257e-01   3.9625750e-01  -1.6386178e-01  -1.0524261e-01   2.4100338e-02   1.7085779e-01  -9.2184176e-02   1.8385300e-01  -1.9412319e-01   1.7216727e-01  -3.3073881e-04   2.6053796e-01   2.6148650e-01   2.4438258e-02  -2.5243074e-02  -5.3791505e-02  -7.5732366e-03   5.2168409e-02  -1.6317198e-01   2.9873184e-01  -3.4577011e-02  -4.6700068e-04   5.5164358e-02  -1.5606848e-01   1.7797880e-01   7.5129399e-02   1.4293085e-01   9.2437934e-02   9.2321327e-02   4.2997302e-02   1.3325844e-01   7.3677018e-02   4.1163280e-02   1.9548021e-01   6.1163768e-03  -1.7121508e-01   2.6186006e-02   5.2122340e-01   1.8835631e-01   2.8281147e-01  -2.5290524e-02   9.7670176e-02   2.5118451e-02   4.7140570e-02  -2.6470701e-02  -3.9578948e-02   1.7084993e-01   7.2896226e-02  -9.6228308e-02  -2.7494858e-02  -1.3493301e-01  -3.1421944e-01  -6.7365066e-02   2.8773194e-02  -5.6307305e-02   1.1660990e-01  -9.0468785e-02  -7.2152061e-02   1.6677250e-01  -1.7678960e-01  -6.4885129e-02  -1.6277734e-01  -1.1237012e-01  -1.4748109e-01
