   0.0000000e+00  -2.2843193e-01  -3.7086974e-01  -1.0364779e-01  -1.0762041e-01  -2.6273740e-01  -8.7973799e-02   1.8504450e-01  -1.5091763e-01  -2.5590593e-01  -1.0165699e-01  -1.5319196e-01  -9.9545957e-02   5.6549007e-01   3.2262801e-02  -1.0010788e-01  -3.2841100e-01   7.5688948e-02   1.5356515e-02  -1.9948528e-01   1.8050749e-01  -3.8949532e-02   1.8790876e-01   7.2032400e-01   6.6409560e-02  -3.4542491e-02  -2.6278069e-01   2.8912794e-02  -6.8209245e-02  -8.3079801e-02   2.7294647e-02   1.3362361e-02  -8.2362187e-03  -1.8074160e-01   4.5058193e-02  -1.8711685e-01  -3.8201001e-02   1.2854266e-01  -1.9392599e-01  -2.8698692e-01   2.0504671e-02  -1.4463230e-02  -2.2831811e-01   9.2450304e-02   5.7127964e-03  -7.8181603e-02  -1.3774714e-01   2.8954475e-02   9.1308562e-03  -2.6795977e-01   2.7478853e-02   8.2824747e-02  -1.9737637e-02   3.1605979e-02   3.7300745e-01  -2.5696077e-03   7.6894305e-02  -1.4672935e-01   3.7233092e-02   8.4113025e-02  -1.0946037e-01  -1.2482699e-01   1.2652312e-01   1.5939399e-01   5.9320905e-02  -3.1129794e-01  -2.5863229e-01  -1.5397164e-02  -1.8744240e-01  -1.9384059e-01   3.9273887e-02  -3.3537731e-02  -2.0901548e-02   3.7927806e-02   1.3217747e-01   9.9239119e-03  -2.1886319e-01  -1.4337627e-01  -8.7056815e-02   7.1293358e-03   1.6688132e-01  -5.5973125e-02  -7.8748619e-02   8.5941509e-03   2.7643547e-01   1.3321234e-01   9.2916256e-02   4.1081793e-01  -1.6576208e-01   7.8157650e-01  -2.7864856e-02  -2.7564812e-01  -3.3045022e-01  -1.7944279e-01  -1.0649098e-01  -9.0207710e-02  -1.5918515e-02   3.5940817e-02   2.2270820e-03  -1.6792829e-01   5.5227414e-01   2.6943684e-01   4.3820628e-02  -1.1861928e-01   2.6672096e-02  -1.7188046e-01   5.0612932e-02  -1.5415877e-01   6.2984919e-02  -2.1823527e-01  -2.5093497e-01  -4.6525458e-02  -1.2421190e-01   4.8905709e-01   6.7923035e-01  -3.8538732e-02  -2.6744581e-02  -1.3616085e-01  -1.2666304e-01  -4.1211578e-02   3.8884115e-01  -2.1663044e-01  -2.5665540e-01   2.6270400e-02   1.6022757e-01   2.7104216e-01   8.9374783e-02  -1.0166746e-01  -6.0537045e-02  -2.5949644e-01  -1.9724130e-01  -9.8554471e-02   8.4644760e-02   1.4691160e-01   3.2690723e-03   2.1516330e-02  -6.3509561e-02   4.8980613e-01  -6.3562301e-03   1.1634262e-01   6.0004854e-01   1.7401384e-02  -4.8732349e-02  -1.6574754e-01   3.3299126e-01   1.8467934e-01  -1.8136273e-02  -1.6684832e-02  -1.5668412e-01   3.6264780e-01   4.2733615e-01   2.8975999e-01   3.7824861e-01  -1.0815978e-01  -3.7431152e-01   5.2541361e-01   2.0796196e-01   4.6422002e-03  -6.8666385e-02   2.5862771e-01  -4.2490487e-02   2.5142642e-02  -1.2671534e-01  -1.3491649e-01  -2.6279910e-01   1.0279898e-02  -1.0703674e-01   5.3742296e-02   4.9552169e-01  -1.6968734e-01  -1.4805865e-01   6.3977990e-02  -2.8691082e-02  -2.1332825e-01   1.2456112e-01  -2.3143483e-01  -1.3357733e-01
  -2.2843193e-01   0.0000000e+00   2.5124205e-01   1.4509820e-02   2.6917630e-01  -2.9732658e-01  -1.6338922e-01   9.9373181e-02  -3.5459130e-02   1.6945203e-01  -5.3546254e-01   2.8210405e-01  -2.9340498e-02  -3.1125285e-01  -1.5463367e-01  -2.5801409e-01   2.0407872e-01  -3.4330462e-01   1.9345659e-01   3.5887355e-01   1.3047772e-02  -4.4645507e-01  -4.4375809e-01  -2.3598481e-01   1.1832827e-01  -5.4820564e-02  -9.1912931e-02  -4.3212637e-01   2.0296693e-01   1.1348978e-01   5.8117288e-01  -4.4478206e-02  -1.1737496e-01   9.1443526e-02  -3.7182950e-01  -6.9855244e-02   8.2383184e-03  -3.7528501e-01  -4.1210598e-02   2.0738337e-01   1.4363593e-01  -2.1984656e-01   3.5155630e-02  -3.1694390e-01  -1.6143415e-01  -4.2524044e-01  -5.0347157e-01   2.5930074e-01   2.6820210e-01   4.8319146e-02  -4.1234747e-01  -1.4080744e-01   7.0340365e-01  -1.5404698e-01  -9.5210463e-02  -4.8961393e-01  -1.1504717e-01  -7.9361788e-02  -9.3266578e-02  -4.4596252e-01  -2.3918595e-01   6.0362685e-02   1.7259892e-01   1.5060044e-01   2.8271926e-01  -2.6762630e-01   9.9729417e-02  -1.2019926e-01  -2.9825775e-01  -2.8180482e-01   6.4000066e-01  -2.1186724e-01   1.3555414e-01  -8.8350989e-02   1.4127099e-02  -5.8520053e-02  -1.6541246e-01   8.2973820e-02   1.9761636e-01   5.9225589e-02  -4.0906785e-01  -2.0952137e-01   1.1093142e-01  -1.0014364e-01  -2.7124054e-01  -3.3597948e-01   3.3524046e-01  -3.2740612e-01   9.8403378e-02  -2.6636399e-01   5.1456680e-01  -2.6137816e-01   1.3981101e-01  -1.4288932e-01  -1.6313953e-01   2.0444058e-01   6.6266929e-02   5.9977341e-02  -9.4205253e-02   1.7231554e-01  -2.9735219e-01  -2.3518887e-01  -2.8722318e-01   7.8192016e-02  -2.8427897e-01   2.1509105e-01  -2.1842694e-01   1.1069679e-01   1.7038981e-01  -3.5772066e-01   7.2076993e-02  -4.8381228e-01  -1.6443820e-01  -2.3865355e-01  -3.4197485e-01   5.5597872e-01  -2.6828989e-01   1.4521520e-01  -3.5234898e-01  -7.1964203e-02  -3.3178839e-01   2.5530610e-01   2.3256386e-01   4.1924844e-01  -2.8854405e-01  -3.9082332e-01  -2.2057748e-01   1.0551862e-01  -1.3582818e-01  -2.0032933e-01  -6.4016329e-02  -9.3589583e-02  -4.0625339e-01   3.1153172e-01  -6.6513049e-02  -4.7671369e-02   1.5204684e-01  -5.0822689e-01  -5.8926863e-02  -4.2784338e-02  -1.2015689e-01   3.0122813e-01  -2.6209295e-01  -4.6945156e-01  -1.2566684e-01  -1.5792278e-01   1.4969402e-01  -2.0464874e-02  -5.0542489e-01   1.9118795e-01  -2.7228401e-01  -1.7738807e-01  -3.4567494e-01   1.2053300e-01   5.3922791e-01  -3.9329427e-03  -1.9692612e-01  -8.5557390e-03  -2.7305940e-01  -2.6340656e-01   6.6644626e-02   1.5344717e-01   4.6360757e-02  -2.6072621e-01   1.0568418e-01   2.5595970e-01  -2.3415225e-01  -2.2663126e-01  -2.3291292e-01   6.5294067e-01   2.2907542e-01  -1.6540828e-01  -2.4650788e-01  -3.7573363e-01  -8.0835473e-02   2.6721060e-02   7.3478201e-02
  -3.7086974e-01   2.5124205e-01   0.0000000e+00   1.3997827e-02   8.9936125e-03   3.2544037e-01   4.9657312e-02  -1.3570432e-01  -3.4628272e-02   4.7370952e-01  -1.2175451e-01   4.1324642e-01   5.4259532e-02  -3.8203546e-01  -1.1847492e-01  -8.8538042e-02   7.3131136e-01  -2.9192869e-01   9.9317911e-02   3.2919525e-01  -4.0761131e-01  -1.5978920e-01  -3.1148602e-01  -4.1761234e-01  -1.5773717e-02  -7.3476674e-02   2.5788816e-01  -1.4357875e-01   3.7011609e-01  -2.2594192e-01  -1.7371525e-01   5.1996764e-02  -8.6686274e-03   4.1957292e-01  -1.0847781e-01  -6.2403781e-03  -2.5509233e-01  -4.9070120e-02  -5.1668777e-02   6.8317535e-01  -1.4486789e-01   4.5220046e-02   4.2291455e-01  -2.7343364e-01  -1.7468608e-01   3.7700683e-01  -1.5057640e-01  -1.1157157e-01  -2.4200105e-01   5.5740032e-01  -2.5867234e-01  -1.2402482e-01   7.1168865e-02   9.5453509e-02  -2.2946784e-01  -7.6356424e-02  -6.5782278e-02   3.1890161e-02  -5.1437140e-02  -7.5450740e-02   2.9312490e-01  -5.1057453e-02  -3.2035222e-02  -2.5944189e-01  -3.2721256e-01   1.3828218e-01  -1.9318278e-02  -6.4057184e-02  -1.0603354e-01   6.0469506e-01   1.1946594e-01  -1.5438633e-01  -2.1795504e-01   3.8831517e-01   2.7898455e-02   6.2062978e-02   3.9158802e-01   6.0422701e-02   8.5677617e-02  -2.0653270e-01  -2.5870702e-01   4.0881664e-02   2.8800478e-01  -3.0818166e-02   4.8972761e-02  -2.5074325e-01  -1.2492089e-01  -2.8352448e-01  -3.5024988e-02  -4.5978773e-01   3.8655186e-03   5.8280319e-01   6.5796396e-01   1.8818761e-01   3.0378184e-02   1.4417243e-01   3.5837914e-02  -4.7024516e-02  -1.1952872e-01   5.8680527e-02  -3.0670404e-01  -2.2086295e-01  -2.2697842e-01  -5.5663114e-03  -2.8698571e-01  -2.8109464e-02  -5.6927666e-02  -4.5545360e-02  -3.9760784e-02  -3.9995938e-02   4.5925873e-01  -1.7289658e-01  -2.0252413e-01  -1.9367885e-01  -4.4235073e-01   5.7853423e-02   9.0781610e-03   1.0402861e-01   1.1228361e-01   1.0197729e-01  -3.3974583e-01   3.7491149e-01   5.8772708e-02  -1.3913922e-01  -3.2632440e-02  -2.0129050e-01  -2.4309143e-01  -4.5422496e-02  -4.0481536e-02   5.5242194e-01  -4.5952561e-02  -1.3979028e-01  -5.0951872e-03  -1.9651276e-01  -2.2930968e-02  -1.1000856e-01   3.1625244e-02  -3.2805728e-01  -1.7829311e-01  -1.0568809e-01  -3.0087123e-01   8.5490683e-02  -8.1146470e-02   3.3805981e-01  -3.4637583e-01  -2.7436063e-01   4.1099020e-01  -3.4649668e-01   8.5381976e-02  -2.6586091e-01  -1.7348000e-02  -3.8348282e-01  -9.2197446e-02  -1.8460729e-01   6.8788777e-01  -3.6571611e-01   2.7810236e-02  -2.9613668e-02   2.5626066e-01  -3.1900184e-01  -2.2661751e-03  -3.8433864e-02  -3.7313504e-02  -7.4484082e-02   1.7144633e-01   2.7044742e-01   1.2078804e-02  -7.8291696e-02  -1.4161469e-01   2.5299941e-01   2.2409122e-01   7.3511549e-02  -3.1872999e-01   2.6769281e-01   9.2749768e-02  -6.1382904e-02  -6.9276698e-02
  -1.0364779e-01   1.4509820e-02   1.3997827e-02   0.0000000e+00  -8.0053347e-02   1.4498160e-01   1.7341027e-01   5.7521060e-02   3.4656052e-01   5.1317321e-02   8.0333375e-02   4.1292198e-02   8.9378949e-02  -1.2865270e-01  -3.5918472e-02  -2.4211506e-01  -6.3764007e-02   2.8379484e-01  -8.4117105e-02   5.2058595e-02  -8.3151673e-02  -4.0430482e-02  -5.2481410e-02  -8.7229812e-03  -1.5065138e-02  -6.8030356e-02  -2.0442236e-01  -6.8552702e-02  -2.3798587e-01  -7.3453393e-02  -1.8305924e-01   3.4972383e-01  -4.2934371e-01  -1.4632845e-01  -2.1448868e-01  -2.2368692e-01   1.6292135e-01   9.8783046e-02  -3.5569879e-01   5.8683529e-04   4.2744760e-01  -1.5746073e-01  -1.1881392e-01  -5.7465142e-02   1.8998381e-01   1.1859594e-01   4.9018311e-02  -1.9091332e-01  -2.5530234e-01  -1.3570300e-01   4.8960116e-01   2.2170148e-01  -7.3540988e-02  -3.8194082e-01  -2.9943249e-01   8.3385828e-04   3.4254238e-02   5.9883839e-01   4.5256810e-01   5.2704226e-02   1.5632120e-01  -1.3858406e-01   2.5998190e-02  -2.4636883e-01  -4.1615920e-01  -1.8117116e-01  -3.9850618e-02  -3.8609907e-01   3.2085338e-01   6.5887353e-02  -1.2198381e-01   4.4851227e-01  -2.5330912e-01  -1.0390702e-01   8.6587309e-02   2.4024664e-01   1.1693527e-01   1.3355826e-01  -4.3782376e-01  -1.0179341e-01   1.5495573e-01  -4.4912418e-01  -2.3836302e-01  -3.2916707e-02  -7.8602345e-02   8.5160261e-02   7.3001301e-02  -2.3973851e-01  -1.1565317e-01  -1.4963489e-01  -2.3824791e-01  -2.1511147e-02  -1.4959379e-01   2.8369612e-01  -2.5173238e-02  -2.1663921e-01  -4.5694801e-01   1.1910128e-01  -4.8457922e-01   1.2219672e-01  -1.4202589e-01  -8.9333662e-02   2.1653113e-01  -1.9052657e-01   4.6477205e-01   3.9743573e-01  -3.5425768e-01   2.9630597e-01  -1.1786995e-01  -4.7680112e-02  -1.8516150e-01   3.0686345e-01  -1.0949822e-01   8.8530827e-02  -8.9665090e-02  -8.3196218e-02   4.4767076e-02   1.2929470e-01  -1.1252229e-01   7.9049926e-01  -1.1777266e-01  -8.2472817e-02   3.2859906e-01   6.0275444e-02   2.3761152e-01   3.5046399e-02   2.0141247e-01  -1.5516177e-01   5.1799960e-01  -1.7720898e-02  -1.8165186e-01  -1.6750735e-01   1.6145128e-01  -2.4074505e-01   6.4002098e-01   2.4233784e-01   1.5735744e-01  -2.6137419e-02   5.0171385e-01  -6.2812144e-02  -1.1101768e-01   3.4306792e-01   2.4536814e-01  -2.7082453e-02  -3.5474468e-01  -7.1222382e-02  -1.0148148e-01  -2.9118719e-01  -3.7538861e-02  -1.2536780e-01   2.4006716e-02   9.6329904e-02  -3.1307667e-01  -1.9462011e-02  -3.6667339e-02  -6.4668337e-02   1.3690377e-01   3.5457189e-01  -2.3188785e-01   1.5288866e-01  -3.2958962e-01   2.8220885e-02  -7.9551143e-02   4.7487833e-01   3.5674350e-01  -1.0100242e-01  -7.1165586e-02   1.4947556e-01  -9.6215651e-02  -5.1344050e-02  -2.7037683e-01   1.7716828e-01  -2.8446500e-01   6.0073709e-02  -7.9905531e-03  -2.8677641e-01   2.5087019e-01
  -1.0762041e-01   2.6917630e-01   8.9936125e-03  -8.0053347e-02   0.0000000e+00  -1.8451070e-01  -3.1759201e-01   1.1636240e-01  -3.5765221e-02  -1.8729547e-01  -1.3375508e-02  -2.4932315e-01   3.4702846e-01  -1.6105245e-01  -2.3910198e-01   1.4874815e-02   1.6368538e-01   1.6193068e-01   1.6610616e-01   6.4277631e-01   8.8889039e-02  -1.4071684e-01  -5.1378552e-02  -1.7176622e-02   6.5347496e-02   4.7414458e-02   2.1405432e-01  -1.4278066e-01   1.2064755e-01   2.8457675e-02  -1.5461989e-02   4.0882194e-02   1.0180970e-01  -1.8116085e-01  -1.1606377e-01   5.3767602e-01   1.1961258e-01  -1.7460685e-01   1.7872888e-01   2.3590638e-01   2.4920886e-01   8.5083000e-02   9.8674432e-03  -7.3192332e-02   1.3186596e-01  -2.6779601e-01   1.5459144e-01  -1.7823987e-02   3.7258205e-01   1.8428977e-01  -5.5088120e-03  -1.3587577e-01   2.4624235e-01   6.1695453e-02  -1.8626863e-01  -1.6897208e-01   2.1478611e-01   4.7590811e-02  -6.5059181e-02  -2.5007755e-01  -7.9851389e-02   9.8111329e-02   1.0560131e-01  -6.8903891e-02   3.1518256e-01   1.7461377e-01   3.2183051e-01   9.8991869e-03  -1.2311870e-01  -3.5143818e-01   6.2405408e-02  -7.6255666e-03   2.0481491e-01  -4.2712815e-01  -1.2884710e-01  -2.0992875e-01  -1.5738139e-01   4.6454493e-02   3.0316581e-01   1.5698548e-01  -2.6791794e-01   2.4379146e-02  -2.9714685e-02  -5.3849839e-02  -3.6956500e-01  -1.3539901e-01  -8.9850039e-03  -2.2884134e-01   1.1715979e-02  -1.1575470e-01   5.6160082e-01  -1.2579928e-01  -3.6858057e-02  -6.7736774e-02  -1.2907075e-01   7.2526102e-01   9.2220129e-02  -3.0688234e-02   2.1039128e-01  -5.7338843e-02  -2.9105799e-01  -2.9907355e-01  -1.2254664e-01  -4.6781459e-02   3.2690133e-02   2.2346748e-01   1.3364368e-01  -3.6959989e-02  -1.1498392e-01   1.4182967e-01  -2.8716363e-01  -2.3016038e-01  -9.2502577e-02  -2.6160571e-01  -1.3763310e-01   3.5517099e-01   1.3800896e-02   1.6341164e-01  -2.9259052e-01  -1.4929217e-01  -1.7360651e-01   5.0267869e-01  -9.7265051e-02   2.9139510e-01  -3.4721811e-01  -2.5873892e-01   9.5474927e-02   3.1961965e-01  -8.2280153e-02  -1.0411791e-01   1.9210343e-01   3.4602408e-01  -2.5318291e-01  -8.4702254e-02   1.8467781e-03  -6.4956319e-02   2.5916332e-02  -2.1629413e-01  -8.7001142e-02   1.6955805e-01  -6.8194450e-02   2.2483437e-01   9.8887337e-04  -3.6270522e-01  -2.0128262e-01  -4.5462832e-02  -2.4812444e-01   5.2017640e-01   6.5407160e-02  -2.5122070e-02  -4.9364820e-01  -1.3343251e-01  -1.8347542e-01   1.7021610e-01   2.4660055e-01   2.2292987e-01  -2.2931892e-01   2.4116143e-02   4.1829426e-02  -5.9450886e-02   1.0418956e-01   1.9440349e-01   4.8728132e-01  -7.1079229e-02  -7.8564678e-02   5.2203196e-02  -1.3189494e-02  -1.2766712e-01  -1.9741272e-01   4.4675855e-01   3.4831259e-01  -1.0826974e-01   1.8770755e-01  -2.8139568e-01  -1.2403621e-01  -2.1575260e-02   1.4466165e-01
  -2.6273740e-01  -2.9732658e-01   3.2544037e-01   1.4498160e-01  -1.8451070e-01   0.0000000e+00   3.7991101e-01  -1.4395012e-01   3.4745704e-02   2.4415447e-01   3.5923708e-01   1.0945500e-01  -2.2520332e-01  -1.0618690e-01   3.7905357e-02  -2.3407395e-01   2.2050542e-01   1.7988325e-02  -1.1098930e-01  -8.7717290e-02  -1.2148375e-01   4.4409211e-02   1.9074878e-01  -2.6876508e-01   9.7493916e-02  -7.6492892e-02   1.7863434e-01   2.7575722e-01   2.7242113e-04  -2.2041438e-02  -2.8941875e-01  -1.9187791e-02  -1.2935821e-01   1.8927309e-01  -4.2588522e-02  -8.4906027e-02  -1.0131702e-01   1.4803348e-01  -2.1844403e-01   2.1269550e-01  -1.1496795e-01  -4.0225891e-02   3.3240624e-02  -1.2922060e-02  -1.8173065e-02   4.7807584e-01   7.3651314e-02  -5.3837119e-02  -3.4750323e-01   1.7128912e-01   1.8988231e-01   2.3427048e-02  -2.4065428e-01  -1.1211486e-01  -1.3572045e-01   3.9461250e-01   1.2651694e-01   2.4525609e-01  -4.7603805e-02   4.5347750e-02   3.3603041e-01  -9.9048131e-02   1.0086569e-02  -2.1294344e-01  -4.7292071e-01   3.6025431e-01   3.7943410e-01  -2.1759790e-01   3.1328537e-01   6.1796475e-01  -3.2998135e-01   1.3550225e-01  -3.5897406e-01   3.5357190e-01  -7.5952306e-02  -2.0402724e-02   3.0502582e-01  -7.0079725e-02  -2.7091200e-01  -2.3808319e-01   1.6861305e-01  -1.1413503e-01   1.3279710e-01   6.8683049e-02   1.7297790e-01  -7.9051758e-02  -1.2319971e-01  -9.3409799e-02  -2.2678849e-01  -1.6351191e-01  -4.1691634e-01   3.5493879e-01   2.9389954e-01   1.2714060e-01   1.7219869e-02  -2.0607525e-01  -1.2494018e-01   6.6075177e-02  -1.9033819e-01   1.2256450e-01  -1.8854642e-02   7.7926102e-02   1.7378703e-01   2.6832861e-02   1.6054694e-01   6.7756618e-02  -9.1146143e-02   2.3292319e-01  -1.4737051e-01   2.7084864e-01   3.4493537e-01   2.2342950e-01  -1.2280283e-01   1.5385467e-02  -9.2405718e-02  -3.5251672e-01   7.3726193e-02  -9.6275846e-03   4.8623451e-01   2.7875216e-01  -1.1319262e-01  -4.3315239e-02   1.3131874e-01  -3.1291048e-01   2.2197870e-01   1.9913947e-01   2.5463285e-02  -3.5496974e-01   1.6825413e-01   5.2551793e-01  -2.2163591e-01   7.5906479e-02   3.6847629e-01  -2.9451444e-01   1.6071819e-01   4.9686505e-02  -1.4632686e-01   9.5201408e-02   7.6790637e-02  -1.3541581e-01  -1.1874717e-01  -1.0434608e-01   1.6445684e-01   6.3736372e-01  -2.4944452e-01   3.3122179e-02   2.8605747e-01  -2.3219227e-01   3.2606707e-01  -3.8218292e-01   1.4079967e-01   7.0507882e-03  -1.2027619e-01  -4.0214876e-02   1.4800701e-01  -3.5250494e-01   1.1714331e-01   3.0952872e-02   9.9047687e-02   1.9637053e-01  -1.7755768e-01  -1.1184448e-01  -4.7556373e-02   3.1678306e-01   1.0145934e-01  -6.2806044e-02   3.9463633e-01   1.3785605e-01  -3.2563948e-02  -2.9011517e-01  -2.3580158e-01   1.2432175e-02  -1.3553315e-01   6.9451875e-01   5.5282472e-02  -1.8000255e-01   5.6807569e-02
  -8.7973799e-02  -1.6338922e-01   4.9657312e-02   1.7341027e-01  -3.1759201e-01   3.7991101e-01   0.0000000e+00  -1.6323693e-01  -1.0070103e-01   4.3553147e-01   1.3680131e-01   3.2106698e-01  -4.0644981e-01   4.9739010e-02   4.3859805e-01  -1.8824096e-01  -2.5845749e-01  -5.0350527e-02  -2.4896348e-01  -1.5314374e-01  -6.2891115e-02   2.9960243e-02   3.8834852e-01  -1.8773851e-01   1.3850003e-01  -6.8193613e-02  -1.0950575e-01   2.3142223e-01  -1.0626528e-01  -1.5652594e-01  -2.2837731e-02   9.6903683e-02   2.5988525e-02   5.3665695e-01  -3.5987596e-03  -5.5642942e-02  -2.7697138e-01   1.4105256e-01  -2.6945190e-01  -3.3726753e-02  -1.1607983e-01   3.0561626e-02  -8.5939702e-02   3.7919501e-02   1.0460829e-01   1.2520398e-01  -8.1017745e-02   1.8942378e-01  -4.3811136e-01  -2.7633269e-01   1.1098176e-01  -3.2003213e-02  -3.7459353e-02   3.2180817e-02   5.5457542e-03   1.3377654e-01   1.3432032e-01   1.6634277e-01   6.8995386e-02   1.9796225e-01   1.8291076e-01   5.6465697e-02  -1.1746766e-01  -1.3951001e-01  -2.7339245e-01   2.5135824e-01  -6.7313138e-02  -1.7135790e-01   1.3794317e-01   3.7805127e-01  -1.0941249e-01  -1.0237956e-01  -2.8029738e-01   3.6940610e-01  -2.0231201e-01   3.7680618e-02   3.7341859e-02  -5.1040032e-02  -1.1346995e-01  -3.8831430e-01   3.4581897e-01  -9.8030955e-02   1.1481550e-01  -1.8653004e-02   2.5481659e-01  -1.8149070e-02  -5.7969435e-02   6.4295925e-02  -1.4932385e-01  -3.0640660e-02  -3.9497916e-01   1.1620965e-01   3.2513802e-01   2.2434598e-01  -1.4457967e-01  -4.7750271e-01  -1.6276876e-01   8.9909411e-02  -2.4436783e-01   2.8355038e-01   1.7198136e-01   4.5268903e-01   1.6360792e-01  -8.3778074e-02   2.5050092e-01  -1.0037549e-01  -5.4190788e-02  -1.6076110e-02   9.4821805e-02   1.0999299e-01   3.9507445e-01   1.0568046e-01  -1.6498245e-01   1.6048161e-01   2.3973298e-02  -3.0847782e-01   3.0025406e-02   1.2533584e-02   2.9917681e-01   1.9355163e-01   8.2677961e-02  -7.6565023e-02   1.7843822e-01   5.5027278e-02   2.4345964e-01   1.9291925e-01   2.9949231e-01  -3.6978064e-01   1.2242122e-01   1.0472858e-01  -2.0416509e-01   6.1351083e-02   2.3328235e-01  -1.0810641e-01   1.2319278e-01  -1.1578952e-02  -1.3703493e-01   8.8172983e-02   3.6899084e-02  -3.3632854e-01   4.5274109e-02  -4.4867317e-01   2.3351601e-02   4.1062493e-01   2.5565791e-01   1.2725851e-01   5.1841826e-01  -3.8997905e-01   1.5029319e-01  -1.7458025e-01   3.7567284e-01   4.3034475e-02   1.8221139e-02  -9.5302068e-02  -1.0570516e-01  -3.7518351e-01   1.6343586e-01   7.2867729e-02   2.7767049e-03   2.3255399e-01  -2.6725268e-01  -2.5561692e-01  -2.5567988e-01   1.1572136e-01   2.1304260e-01   2.7202342e-01   3.4690630e-01   1.3855704e-01  -1.2069115e-02  -2.6080907e-01  -1.8518041e-01  -1.9249590e-02  -3.1462126e-01   3.7566323e-01   3.8733910e-02  -2.8499853e-01  -1.3340550e-01
   1.8504450e-01   9.9373181e-02  -1.3570432e-01   5.7521060e-02   1.1636240e-01  -1.4395012e-01  -1.6323693e-01   0.0000000e+00   1.3471865e-01  -1.8311315e-01   1.2843957e-01   3.7259789e-02   1.8485002e-01   1.0462101e-01  -1.1825154e-02  -5.5773527e-02  -1.0189688e-01   3.0992842e-01   3.9094662e-01   1.2502072e-01   2.6865184e-01   9.5523552e-02   4.5483269e-02   2.2903480e-01   1.7388922e-01   3.5769122e-01  -1.7627716e-03  -4.6824627e-02  -2.4935846e-02   8.8473232e-02   1.6646182e-01   2.0620181e-01   2.3860268e-02  -3.5961853e-01   2.1468463e-01   1.1009385e-01   2.9050743e-01   3.9918216e-02  -3.6189033e-02  -3.1299009e-02   2.4534772e-01   6.0325875e-02   2.9010880e-02   1.2847251e-01   1.0976512e-01  -2.7472537e-01   1.6468785e-01  -1.4892197e-01   2.7751819e-01  -1.0660185e-01   2.3664977e-01   5.2899646e-01   1.0144696e-02   2.4364516e-02   5.7788239e-02  -1.1821399e-01   1.6791818e-01   2.1027560e-01   3.4945148e-01   1.4936878e-01  -2.7529981e-01   2.5060376e-01   2.7455130e-01   1.1879941e-01   1.6904450e-01  -1.9272036e-01  -1.1390783e-01  -1.6011948e-01   1.2141932e-01  -3.8980156e-01   3.0224551e-02   3.6197452e-01   1.3857105e-01  -3.0224864e-01   4.6655618e-03   1.7662386e-01  -2.3817485e-01   1.1771221e-01  -1.7890293e-02   1.5273536e-01   9.2522044e-02   8.4503974e-02  -2.1035527e-01   1.5971143e-01  -1.8934016e-01   1.9657732e-01   1.3990758e-02   1.1716168e-01  -6.3864404e-02   1.8756311e-01   1.8764681e-01  -3.4558016e-01  -3.8399292e-01   3.4088404e-03  -3.1699647e-01   1.0645231e-01   6.9933883e-02   3.9926944e-01   1.4076110e-01   6.0864446e-02  -2.8056567e-02   1.1334692e-01   2.3001812e-01   3.7252846e-02   2.9769412e-01   1.3085851e-01  -6.1954915e-02   4.4583271e-01   1.5904125e-01  -2.0263188e-01  -3.0412143e-01   6.7748230e-02   2.0710713e-01   8.8854814e-02   2.5727703e-01   3.0474406e-02   1.6230690e-01  -7.1134484e-02  -4.1289618e-01   9.6226092e-02   1.4912521e-01  -6.4251763e-02  -4.3851369e-02   1.2823162e-01  -3.2380413e-02  -1.9541462e-02   1.0068941e-01   6.2477690e-02   1.8172180e-01  -3.1251275e-01  -1.6535599e-01  -2.5038501e-01  -2.9026686e-01   7.5901659e-02   1.6060022e-01   3.2525920e-01   2.7620047e-01   9.2716798e-02   2.1948125e-01   4.5153049e-02   2.6315304e-01   1.6763590e-02   3.5264134e-01  -3.3425210e-01   1.3355451e-01   4.4896114e-01  -2.1865269e-01   1.2665498e-01  -1.6889363e-01   1.3085722e-01  -8.8085315e-02   5.5000731e-01   1.2807445e-01   1.2240265e-01  -6.2919627e-02   2.8340555e-01   2.5252001e-02   2.9816881e-01  -2.8157537e-01   3.5514687e-01  -4.6118267e-02   3.2052818e-01  -5.4698464e-02   2.8875715e-01   1.5615657e-01  -1.3267013e-01  -5.9896417e-03   1.4021110e-02  -6.6698446e-02  -1.0577402e-02  -4.5291041e-03  -2.1554048e-02   1.8542950e-01  -2.5275280e-01   2.4037317e-01   5.6754686e-02   2.6692231e-01
  -1.5091763e-01  -3.5459130e-02  -3.4628272e-02   3.4656052e-01  -3.5765221e-02   3.4745704e-02  -1.0070103e-01   1.3471865e-01   0.0000000e+00  -1.7335942e-02   1.7161005e-01  -9.3264964e-02   2.1156968e-01  -2.0217730e-01  -1.2460785e-01   1.9943486e-01   5.0367409e-02   1.6216126e-01   1.3331913e-01   8.6722537e-02  -6.1609389e-02   2.2878514e-01  -1.0127941e-01  -1.1384494e-01  -2.5146345e-01   3.4371356e-01   2.0230704e-01  -6.0292419e-02  -4.5164441e-02   1.2103522e-01  -2.6095614e-01   1.4942290e-01   3.0224599e-02  -3.6681111e-02   1.4481333e-01  -1.9674809e-01   6.9954037e-02  -5.1368945e-03   1.0396281e-01   1.3981614e-01   2.0394830e-01   1.4944785e-02   4.1019992e-01  -2.9855458e-01  -5.2391826e-02   5.4184894e-02   1.8524393e-01  -3.1935726e-01  -9.8200660e-02   1.7669890e-01   2.3222718e-01   2.0198323e-01  -1.9795081e-01  -6.4134517e-02  -2.1710791e-01  -7.2423783e-02   1.3994814e-02   3.3446478e-01   2.9944849e-01   2.0221582e-01   2.4172406e-02  -1.1062214e-01   2.9059228e-01   3.8870467e-02  -1.8181534e-01  -1.4768616e-02  -1.0266489e-02   1.9361027e-02   2.6125085e-01   2.1674181e-02  -1.1416549e-01   3.1435875e-01  -5.0138414e-02  -2.9885036e-01   1.4288995e-01  -9.1111152e-02  -2.3538949e-02   4.9345104e-02  -1.8755166e-01   7.8383400e-02  -4.8994643e-02  -3.0766595e-02  -1.4610027e-01   1.0136974e-01  -3.0766822e-01  -5.1432449e-02   2.1295422e-01  -1.1064941e-01   3.1032815e-01  -2.8684861e-01  -2.3756011e-01  -3.2913555e-03  -1.2296849e-01   3.6232950e-01   9.9557281e-02   4.2388900e-02  -2.1336361e-01   6.3046768e-02  -5.4365665e-02  -5.9746137e-02  -2.6396052e-01  -8.9145040e-02  -1.2976926e-01   2.3575435e-01   2.6069661e-01   2.4105433e-01  -4.7291310e-02   3.0367121e-01  -1.3784148e-01  -5.0268838e-03  -3.7603711e-02  -5.2277177e-02   2.2239909e-01  -1.1985946e-01  -2.6666392e-01  -8.9022946e-02  -2.2692992e-01   1.0639383e-01  -1.2182775e-01   2.1208670e-01  -3.6467970e-02   5.2752221e-02   2.3660623e-01  -2.6626224e-02  -1.1830703e-01  -2.2731043e-01   5.5723176e-02   6.4128892e-02   6.3168771e-01   6.9470558e-02   1.1426396e-01  -2.0090710e-01  -1.2481826e-01  -1.7301690e-01   5.0868789e-01   1.6579937e-01   1.4978199e-01  -2.0714385e-01   2.4034839e-01   1.8501047e-01  -1.1846219e-01   1.0264204e-01   6.3262418e-02  -5.4022354e-02  -1.8395852e-01  -1.7478850e-01  -1.8069744e-03  -1.5745189e-01  -5.0984380e-02  -2.3722043e-01  -2.1909044e-01  -6.6829930e-02  -3.9109483e-02   1.8888630e-03   1.5001036e-01   4.6867233e-02  -1.8861805e-02   1.6301755e-01   2.8617945e-03  -9.3432336e-02  -3.4952964e-02  -7.3635376e-02   5.3548255e-02   1.7033977e-01   5.7074430e-02  -5.2960013e-02   1.0610973e-02   1.0601111e-01  -2.2514632e-01   1.4081584e-02  -8.8834976e-02   3.8774037e-02   2.8826427e-01   1.0294391e-01  -4.5677827e-02  -5.0904441e-02   2.9718963e-01
  -2.5590593e-01   1.6945203e-01   4.7370952e-01   5.1317321e-02  -1.8729547e-01   2.4415447e-01   4.3553147e-01  -1.8311315e-01  -1.7335942e-02   0.0000000e+00  -2.6392927e-01   4.0788748e-01  -6.3372966e-02  -1.7307128e-01   1.6107095e-01  -9.5995394e-02   8.0590583e-02  -3.0612558e-01  -3.1192137e-03   1.5298117e-01  -2.2275203e-01  -2.3048746e-01  -6.1302851e-02  -4.7531911e-01  -9.5853670e-02  -1.5997568e-01   1.2553696e-01  -1.2724192e-01   1.8424030e-01  -1.5530790e-01   8.2274165e-02   1.0476699e-01   1.5603781e-02   7.3398502e-01  -6.8725690e-02  -1.2041844e-01  -3.1531098e-01  -7.0925216e-02  -1.6060468e-01   3.1191217e-01  -1.2985195e-01   4.2186071e-02   5.1241892e-02  -2.4271961e-01   1.7451752e-01   8.1801640e-02  -2.4226426e-01   2.1911446e-01  -2.6634533e-01   6.2349913e-02  -2.7314511e-01  -4.7296287e-02   2.8831499e-01   1.7320422e-01  -4.9356382e-02  -1.4044442e-01  -6.2707969e-02  -5.8861018e-02  -5.0460533e-02  -1.4298008e-01   4.4736741e-02   2.9576355e-01   1.2580189e-01  -2.1042088e-01  -9.7120731e-02   3.6991205e-01  -4.6653944e-02  -1.8952545e-01  -1.9712479e-01   4.6760427e-01   2.4175225e-01  -2.2153763e-01  -2.4933365e-02   2.8616767e-01   5.0877692e-02  -6.2235591e-02  -1.5794722e-02   1.7226390e-02   2.0309828e-01  -2.4527911e-01  -1.3898774e-01   1.3495306e-01   1.3772886e-01  -1.4277850e-01   1.4051099e-01  -3.7888081e-01  -1.4539268e-01  -1.5204292e-01  -7.7276267e-02  -3.5155978e-01  -8.0164699e-02   2.1428533e-01   6.3989639e-01   1.9159528e-01  -8.0167007e-02  -1.1122986e-01  -1.0193457e-01  -1.9348381e-02  -1.4314495e-01   3.6564993e-01  -8.2874863e-02   1.3073290e-01  -9.2600901e-02  -1.5255647e-01  -2.2799939e-01  -2.2161266e-01   1.2588229e-01  -1.5677447e-01   1.8219005e-01  -3.1959658e-02   5.0595914e-01  -3.0964037e-01  -1.5545674e-01  -1.6907998e-01  -2.7788068e-01   7.5877722e-02  -2.7755424e-01   1.6128960e-01   2.3047645e-01   1.2065906e-01  -1.9078853e-01   3.7180751e-01   2.4307530e-01   1.3829129e-01  -3.3879564e-02  -1.2773437e-01   1.6212375e-01  -1.9596875e-01  -5.8954943e-02   2.6554007e-01  -1.0465061e-01   1.0091040e-01   2.4798261e-02   4.8849050e-02   3.2963860e-02  -1.5623301e-01   1.1887811e-01  -2.4045026e-01  -2.0053054e-01  -3.1233928e-01  -2.2168323e-01  -1.2065936e-01  -2.7953963e-01   2.5436759e-01   1.0648216e-02  -1.8326774e-01   6.5765854e-01  -5.3149930e-01  -5.6349956e-02   2.0761406e-02   9.9767677e-02  -2.1369930e-01  -8.5379814e-03  -2.0765470e-01   3.2099100e-01  -4.5137806e-01  -5.9249551e-02   1.2454870e-01   3.0326038e-02  -1.2481637e-01  -2.0460671e-01  -3.2993095e-01  -2.7441368e-02  -2.6609769e-02   2.4261803e-01   6.3431829e-01   2.2320667e-01  -1.1006730e-01  -8.6148408e-02   7.0965185e-02   1.7157855e-01  -3.8964921e-02  -2.7097240e-01   1.8609956e-01   1.7097974e-01  -1.8118773e-01  -2.2037167e-01
  -1.0165699e-01  -5.3546254e-01  -1.2175451e-01   8.0333375e-02  -1.3375508e-02   3.5923708e-01   1.3680131e-01   1.2843957e-01   1.7161005e-01  -2.6392927e-01   0.0000000e+00  -1.6723111e-01   8.4840223e-02  -8.8418914e-02  -1.1957690e-03   3.4117522e-01   2.5257490e-03   5.4139891e-01  -7.1170862e-02  -6.7090691e-02  -2.7910662e-03   4.3260473e-01   3.6342641e-01   4.8592140e-02   6.4511313e-02   2.2847691e-01   2.2734255e-01   4.7327312e-01  -8.2195500e-02  -1.7619397e-01  -4.0120782e-01   1.5596836e-01   1.3619589e-01  -1.5863175e-01   2.1467340e-01   2.9252790e-01   1.3230722e-01   2.8685510e-01   1.6365508e-01  -7.8724057e-02   9.3481418e-02   2.3018595e-01   1.4244790e-01   2.6199732e-01   2.3419044e-01   2.8445936e-01   5.8749324e-01  -3.7435420e-01  -8.7839206e-02   1.0323033e-01   5.5519185e-01   3.7734869e-01  -4.7389679e-01   3.0843084e-02  -1.9466931e-01   4.1169875e-01   1.1468863e-01   2.4541724e-01   2.2172560e-01   4.7113425e-01   2.4447184e-01  -3.7307435e-02  -1.5707461e-01   7.2241257e-02  -1.3608120e-01   2.0555385e-01   7.4399675e-02   1.3054436e-01   4.5002269e-01   1.2531316e-01  -5.5655086e-01   4.3044693e-01  -2.1548231e-01  -1.1821302e-01  -7.2139423e-02   3.9153229e-02   1.8292122e-01   6.9683581e-02  -1.1879098e-01   5.2056410e-02   2.9123323e-01   1.6799808e-01   6.7044636e-02   2.6675137e-01  -8.6199133e-02   3.0398932e-01  -3.5689511e-01   8.8667665e-02   9.1614989e-02   3.3927307e-03  -2.3165865e-01   2.1270525e-01  -1.2544878e-01   2.2113820e-01   1.0199146e-01  -3.8864421e-02  -7.2354069e-02   1.6966693e-01   1.7132928e-01  -8.0080246e-02   6.1056554e-02   2.8386222e-01   9.5548744e-02  -1.3466019e-02   5.0542034e-01  -4.2230009e-02  -4.2198871e-02   2.2407108e-01  -1.5555071e-01   3.1712013e-01  -1.5110497e-02   3.9371767e-01   1.4837410e-01   1.6749744e-01   9.6436135e-02  -3.6320058e-01   3.3718715e-01  -4.0565710e-02   1.5247650e-01   1.1959257e-01   3.0966908e-01  -9.2023415e-02  -3.4780929e-02  -1.2086156e-01   1.9638082e-01   1.1033176e-01   2.9094660e-01   1.6608328e-02   2.7290046e-01   1.3079832e-01   1.0378483e-01   2.2936624e-01   1.0819219e-01  -3.0288716e-01   9.4053134e-02   1.6697244e-01  -1.4863638e-01   2.5263060e-01   5.4931502e-02   8.6663413e-02   6.4634797e-02  -2.4874102e-01   5.1548960e-01   3.4961431e-01  -2.5244287e-02   1.8902289e-01  -2.6035822e-01   1.9851364e-01   5.8237561e-01  -3.6730457e-01  -2.7764475e-02   8.0281771e-02   1.4444851e-01   3.6599545e-01  -1.9410113e-01  -7.4528644e-02   2.1718795e-01   1.1074487e-01   2.3261044e-01   1.7853331e-01  -7.1379560e-03   8.6642575e-02  -4.1422159e-02   3.3966712e-01   3.5227235e-03  -3.7893987e-01   4.9946067e-01   3.0988048e-01   2.5006427e-03  -2.6872396e-01  -1.1890292e-01   1.3157749e-01   3.3105698e-01   4.5390559e-01  -8.8144355e-02   5.3211696e-02   9.7563158e-02
  -1.5319196e-01   2.8210405e-01   4.1324642e-01   4.1292198e-02  -2.4932315e-01   1.0945500e-01   3.2106698e-01   3.7259789e-02  -9.3264964e-02   4.0788748e-01  -1.6723111e-01   0.0000000e+00  -2.8133228e-01  -2.1447622e-01   3.7108874e-01  -2.5454905e-01   1.7423356e-01  -2.0032352e-01   6.6573129e-02   1.9714644e-01  -7.1696952e-02  -2.6385411e-01  -1.9445605e-01  -2.3091952e-01   1.8406374e-01  -6.6600856e-02  -1.7039875e-01  -1.8513206e-01   1.9717811e-01  -6.2926716e-02   1.4797322e-01   1.8730891e-01  -1.7440327e-01   2.4977435e-01   1.9320462e-01  -8.3328934e-02  -1.8821169e-01   4.6027520e-02  -3.1417479e-01   1.3173289e-01  -1.3678552e-01  -7.8371310e-02   2.6511912e-01  -1.7375395e-01   1.2239481e-01   1.3127649e-01  -3.2372886e-01   7.1426935e-02  -1.9945308e-01   3.0147708e-02  -1.9801216e-01   1.1881374e-02   1.1988977e-01   1.1708148e-01  -8.0994364e-02  -1.1762513e-01   1.3972023e-01  -2.2497554e-02   3.2387726e-02   6.0220992e-02  -9.7231685e-03   1.3178487e-01   1.1510016e-01  -8.4559293e-02  -1.7730418e-01  -4.8788054e-03  -8.9896391e-03  -1.5088752e-01  -1.5490721e-01   2.2890154e-01   1.2689695e-01  -9.1858327e-02  -1.2527731e-01   3.0178327e-01  -9.8852542e-02   1.1971407e-01   1.2595908e-01  -6.2267716e-03   3.3339551e-02  -5.0207801e-02  -1.6672280e-01  -1.0290675e-01  -3.0046080e-02   7.7845826e-02   3.3760203e-02  -1.8727357e-01  -1.4698633e-02  -1.0082160e-01   4.8995671e-02  -1.4273310e-01  -6.0868906e-02   5.4137885e-02   2.7484638e-01   2.5901394e-01  -9.9858094e-02  -1.4999022e-01   1.6411714e-01   2.8226756e-01  -1.4122259e-01   2.0881316e-01  -7.8898068e-02   8.0868147e-02  -1.3395100e-01   5.6747631e-02  -2.2660585e-01  -8.9595451e-02   3.3284542e-02   5.9523322e-02   1.8150726e-01  -2.2590680e-01   2.4041681e-01  -1.5592862e-01  -1.2012279e-01   7.5174615e-02  -1.6219844e-01  -7.4208591e-02  -1.1325109e-01  -1.1854808e-01   1.4072658e-02   1.9736703e-01  -6.1264014e-02   1.9953364e-01   3.3276273e-01   6.9048224e-02   2.2276469e-01  -1.8227098e-01   5.6540033e-02  -6.4155087e-02  -1.9545956e-01   1.1642114e-01  -2.6567197e-01  -2.6747875e-01  -1.7212500e-01   7.1993698e-02   1.4853498e-01  -4.5587544e-02   6.4694655e-02  -1.4057138e-01  -6.2599155e-02  -3.6988076e-01  -2.1243110e-01  -1.0934243e-01  -4.2909381e-02   1.5079864e-01   1.0939488e-01   9.6030864e-02   4.5682309e-01  -3.1019787e-01  -1.4253968e-01  -1.1566327e-01   1.3471447e-01  -1.0710377e-01  -5.9878173e-02  -9.5015388e-02   2.0040341e-01  -2.8952184e-01   1.5083814e-01   4.3752604e-02  -7.3325542e-02  -1.0997496e-01   5.5244591e-02   1.4461867e-02  -1.8419712e-01  -9.0422293e-02   3.4571061e-01   2.6630606e-01   1.5277617e-01  -1.6510116e-02   4.5410880e-02  -5.1545021e-03   2.1298206e-01   1.0106168e-01  -3.0457747e-01   1.1114010e-01   1.3713652e-01   5.2143161e-02  -1.7964194e-02
  -9.9545957e-02  -2.9340498e-02   5.4259532e-02   8.9378949e-02   3.4702846e-01  -2.2520332e-01  -4.0644981e-01   1.8485002e-01   2.1156968e-01  -6.3372966e-02   8.4840223e-02  -2.8133228e-01   0.0000000e+00  -1.3528187e-01  -3.0482865e-01   3.2459098e-01   1.4302343e-01   2.6014228e-01   2.5480770e-01   2.1593696e-01  -9.6642817e-02   1.5455256e-01  -1.8405922e-01   7.1332774e-02  -1.6132205e-01   2.2494957e-01   1.9699415e-01  -2.2761804e-02   1.2726386e-01  -5.0984807e-02  -2.2208903e-01   9.1777315e-02   1.6317331e-01  -1.9761364e-01   1.1217618e-01   2.0675685e-01  -4.3386205e-03   1.3397313e-01   2.8007929e-01   1.5619182e-01   4.0173347e-01   3.3880163e-01  -3.3430657e-02  -1.2964356e-03   1.2602014e-01  -1.2715905e-02   2.3207391e-01  -3.5819873e-01   1.4754498e-01   2.0933551e-01   1.9882128e-01   1.5439381e-01  -1.2677441e-01   1.8558705e-01  -1.9502754e-01  -1.6602898e-01  -6.6696071e-02   1.0476354e-02   1.4057697e-01   3.4748879e-02   7.5015583e-02   2.1150023e-02   9.3805655e-02  -8.5390350e-02   1.1996304e-01  -3.1364835e-03  -7.9284649e-02  -2.3067268e-02   3.5275696e-02  -1.3183258e-01  -3.3591152e-02   1.2017392e-01   2.5549048e-01  -3.0785156e-01   2.2489239e-02  -4.3832863e-02   4.8198627e-02   3.1185600e-01   8.0353825e-02   2.0380972e-01  -1.6695421e-01   2.9266330e-01  -5.8351320e-02   5.4697141e-02  -2.0118495e-01  -1.2711226e-03  -1.6655143e-01  -1.0107094e-01   9.3982324e-02  -1.5154620e-01   1.9365504e-01   1.0854722e-01  -7.1811309e-02   1.1160000e-01   1.3748205e-01   3.1727668e-01  -9.5172733e-02   4.3450931e-02   8.5006124e-02  -1.4219873e-01  -1.7761526e-01  -2.0252681e-01  -9.8777204e-02  -4.3622151e-02   1.0950907e-01   2.2137643e-01   2.0028304e-01  -5.1901199e-02  -1.7149054e-01  -3.5764988e-02  -1.9418190e-01  -6.1054449e-03   1.0191723e-02  -4.4496009e-02  -1.2688141e-01   1.1475719e-01   7.6724217e-02   3.6572940e-01  -2.1547149e-01  -1.0563800e-01   9.8069825e-02   1.6290734e-01  -6.2007630e-02   4.2132739e-03  -9.4449871e-02  -1.9437759e-01   1.0662763e-01   2.4033294e-01   2.3423743e-01  -4.0473766e-02   4.9347171e-01   1.7488367e-02  -2.0688149e-01  -1.5513666e-01   3.6275857e-02   2.1505241e-01   3.0244564e-01  -1.0185230e-01   3.2291538e-02   3.5794371e-01  -1.9471747e-02   2.6438726e-01   2.3581289e-01  -1.6911446e-01  -2.0461814e-01  -7.9632792e-02  -2.9002479e-01   6.9000214e-02   1.5844241e-02  -1.5396487e-02  -2.6580569e-01  -1.1270791e-01   1.1379657e-01   7.4975794e-03   1.1191102e-01   3.2024830e-01  -1.7729087e-03   2.7728339e-01   2.3593711e-01  -2.1922075e-01   1.1642435e-02   2.4098343e-01   1.9401824e-01   1.7585427e-01  -8.2113067e-02  -7.0953239e-02  -1.8237303e-01  -7.2282054e-02  -3.0962232e-03   2.0064060e-01   5.6231147e-02   1.3135615e-01   1.9567051e-01  -2.6309855e-01   3.7585921e-02   3.8697466e-02   2.1202977e-01
   5.6549007e-01  -3.1125285e-01  -3.8203546e-01  -1.2865270e-01  -1.6105245e-01  -1.0618690e-01   4.9739010e-02   1.0462101e-01  -2.0217730e-01  -1.7307128e-01  -8.8418914e-02  -2.1447622e-01  -1.3528187e-01   0.0000000e+00   2.8456876e-01   2.0192163e-03  -3.9092604e-01   9.0331756e-02   2.3136670e-02  -3.7893953e-01   3.0494881e-01   1.9257258e-01   3.4870444e-01   5.8377189e-01   9.5645263e-02  -3.5104020e-02  -1.5059405e-01   2.1573204e-01  -1.7314691e-01   1.8455872e-01   1.9858766e-01  -1.2863157e-01   2.6068861e-01  -1.0521118e-01   8.5823240e-02  -7.9848434e-02  -6.4489661e-02   5.6506010e-03   1.1300137e-03  -3.2887631e-01   7.5191162e-02   2.9491914e-01  -2.9935902e-01   3.3623431e-01  -1.7868992e-01  -1.6307230e-01   1.1459089e-01   5.3976703e-02   9.7938923e-02  -3.9494291e-01   3.6142154e-02   1.3199646e-01  -7.1112095e-02   2.1204984e-01   7.2317879e-01   2.6281445e-01   1.0807370e-01  -2.3897311e-01   1.5727033e-01  -3.0682414e-02  -1.6485254e-01  -6.3246719e-02   1.7625204e-01   6.9164573e-02   1.2386616e-01  -9.5339177e-02  -9.7791667e-02  -2.9763317e-02  -4.1930320e-03  -1.3846791e-01   1.3947360e-02  -8.9884175e-02   1.3192324e-01   2.7875395e-01   2.2660551e-02   1.1136550e-01  -3.4198236e-01  -1.8408465e-01   1.1672439e-01   1.4295754e-01   5.0070438e-01   1.3064052e-01  -2.5026690e-02   2.1257646e-02   6.6287803e-01   3.4433029e-01   1.9160584e-01   6.9365740e-01  -1.0088174e-01   6.7416601e-01  -1.6952256e-01  -1.2730566e-01  -1.8769766e-01  -2.6289026e-01  -3.6186378e-01  -1.1683789e-01   2.8194597e-02  -5.1298855e-02  -3.1464397e-02  -2.1393022e-01   7.1754821e-01   2.9849591e-01   4.7282901e-01   7.0116327e-03   1.0077943e-01  -2.1120650e-01   3.1084938e-01  -2.1276523e-01   2.1657964e-01   1.2790733e-01  -1.6407251e-01   1.8975643e-01   1.1461209e-01   3.2034260e-01   7.2929585e-01   4.0901525e-02   1.5165774e-01  -2.4382506e-01   1.8748566e-01  -1.8241888e-01   3.9071128e-01  -3.7932996e-01  -1.5750718e-01  -1.5915124e-01   1.3002059e-01   6.9289178e-01   3.6855234e-02  -5.7117523e-02   8.4602974e-03  -2.3319801e-01  -5.8644921e-02  -5.0403178e-02   4.1929961e-01   2.6624816e-01  -1.2867843e-01   1.4994332e-01   1.2302756e-01   6.5314364e-01   9.3287223e-03  -9.5030681e-02   4.2873082e-01  -1.4288402e-01   3.3342486e-02   8.8783370e-02   4.6197971e-01   3.4204874e-01  -7.2726665e-02  -1.2574613e-02   7.4164549e-02   4.6947280e-01   5.8009339e-01   4.6657778e-01   4.7277932e-01  -2.7007562e-01  -3.4542367e-01   2.3178911e-01   7.0572421e-02   8.2825617e-02   8.1536964e-02   6.0869878e-01  -1.3356627e-01  -1.2994663e-02  -1.8551973e-01   5.8095980e-02  -3.3166800e-01  -4.4772687e-02  -5.8812105e-02   5.5826621e-02   4.3712200e-01  -2.0958276e-01   3.5492457e-02  -2.9296996e-01   1.0300951e-01  -1.0327805e-01   2.0774669e-01  -1.7998697e-01  -1.5920935e-01
