   0.0000000e+00  -4.3341733e-02  -1.4529921e-01   1.1960639e-01  -1.6825276e-01   2.5066347e-01  -4.2507974e-01   2.5493291e-02   2.6578686e-01  -3.9838727e-01   2.8452912e-02  -2.8450414e-01   2.0568943e-01   7.0527797e-01   3.2232045e-01  -1.7454919e-01  -7.7465296e-02   7.0588320e-02   1.8055483e-01  -2.5246265e-01   4.8456568e-02   1.1759396e-01  -2.3781705e-01   8.0493072e-01   2.1813973e-01  -6.5250268e-02   5.4334286e-02   3.0648353e-01  -1.0138171e-02  -1.1861890e-01   5.6886415e-02   9.7298307e-02  -1.0387185e-01  -3.7371899e-01   2.2053057e-01   5.0984275e-03  -2.5373809e-01   3.5389470e-01  -2.1011460e-01  -2.4146399e-01   2.7921698e-01   7.2083358e-02  -2.0625572e-01  -3.2283753e-02   3.1316587e-02   2.5892017e-01   3.6431322e-01  -2.3473295e-01   3.7214947e-02  -3.6574813e-01   2.6000884e-01   5.5708532e-02  -1.6761562e-01  -1.4334786e-01   1.6129823e-01  -1.7849313e-01   1.5417088e-01   5.2824061e-02   3.6723191e-01   3.4596390e-01  -1.4406759e-01   1.6388053e-01   1.9159245e-01   4.4069630e-01   7.2376608e-04  -1.8292830e-01   6.5360237e-02  -3.3926508e-02   1.7515217e-01   1.5783243e-01  -1.6810321e-01   1.7959622e-01   1.6771075e-01   6.1614057e-01   6.5424744e-03   9.8010217e-02  -1.6237593e-01   1.1315484e-01  -1.6444877e-01   9.6664319e-02  -1.8775282e-01   5.0818653e-02  -4.6548579e-01  -2.2627048e-01   4.0169335e-01   1.4061994e-01   2.5028607e-01   6.5591029e-01   1.3635763e-01   8.3358063e-01   1.7031143e-02  -3.5171479e-01  -2.3652581e-01   1.7354024e-01  -1.3093584e-01  -3.2394403e-01   2.0776559e-01   2.6810642e-01   2.9947866e-01  -3.3981597e-01   6.1063265e-01   2.2715972e-01   5.5232391e-02   1.5935640e-01   1.6887274e-01   1.8085232e-01   6.6269355e-02   1.9373370e-01  -2.6915296e-01  -1.0966845e-01  -5.3162060e-01   7.9561322e-02   1.6890081e-01   8.0660639e-01   5.4125936e-01  -7.4075940e-02   2.3051287e-02   1.1855430e-01   3.2766220e-02   1.9671086e-01   2.2788122e-01  -1.8936278e-01  -9.3517772e-02   1.8673680e-01   1.8090665e-01   7.5982729e-01   2.2899335e-01  -1.0937029e-02   2.7024891e-02  -6.0358840e-02   4.6569215e-03  -3.4093743e-01   5.9130580e-01  -1.1315601e-02   3.7681047e-02   2.9572806e-01  -7.9456866e-02   3.9148025e-01   2.8467308e-01   4.4342830e-01   6.5246274e-01   9.9643944e-02   2.8191907e-01   9.7204815e-02   1.1411688e-01   1.6160810e-01  -3.7590429e-01  -6.0396781e-02   2.2033020e-01  -1.4608657e-01   5.7833638e-01  -5.3608323e-02   4.2317616e-01  -1.1812221e-01  -1.1185798e-01   3.7074098e-01  -4.4967917e-02   3.7362651e-01  -1.5221547e-01  -1.4505984e-02   1.0863496e-02   1.7277374e-01  -3.0130521e-01   1.7378528e-01   1.1579135e-02  -1.7660341e-01  -1.4186618e-01   1.1986663e-01   4.3327877e-01  -3.2891910e-01   4.1833135e-02  -2.8511966e-01   3.1619040e-01  -2.2624821e-02   2.4770788e-01  -6.2827744e-02   2.3151423e-01
  -4.3341733e-02   0.0000000e+00   2.3112039e-01  -5.9256813e-02   5.8616692e-01  -2.0500229e-01  -3.4996637e-03   2.2394164e-01   3.1394889e-02   3.1339481e-02  -4.2063951e-01   5.6228028e-01   2.3434501e-02  -1.2576382e-02  -3.5336460e-01  -2.3960090e-01   1.7661659e-01  -4.6262552e-01   3.2307220e-02   2.5044600e-01   1.8868745e-01  -1.8856473e-01  -2.2502193e-01   5.3817804e-03   2.6692308e-02   1.5379573e-01   1.3471321e-01  -2.2033542e-01  -1.4078185e-01   4.9054225e-01   1.6591659e-01  -1.5057881e-01   1.3249211e-01  -2.6085623e-02  -2.4867682e-01  -1.1514067e-01   1.4342553e-01  -9.4538078e-02   4.9867160e-04   6.1341595e-01   2.1665593e-01   1.4616370e-01   3.5847282e-01  -4.5310854e-01  -1.6983615e-01  -1.9825286e-01  -4.3510986e-01   5.6404781e-01   1.4405551e-01   5.4240174e-01  -4.4002806e-01   1.1584011e-01   4.9252017e-01  -8.0591362e-02   2.1600380e-02  -5.0255414e-01  -5.6273077e-02  -3.1765874e-01  -1.4898212e-01  -1.1574365e-01  -1.1326000e-01  -1.1620979e-01   2.0061622e-01  -1.1421590e-01  -6.3174807e-02  -2.6769717e-01  -3.2032933e-01  -1.4587714e-01  -3.8748842e-01  -4.4864761e-01   6.3345237e-01  -4.4002016e-01   3.5310287e-01  -1.5182956e-01  -1.3363373e-02  -3.5183381e-01  -1.5053353e-01  -1.9162248e-01   6.0398606e-01  -1.5706471e-01  -1.5224396e-01   3.9615248e-02   2.9288213e-01   2.0675659e-02   2.3761956e-01  -3.5311335e-01   2.0001132e-01   5.3620189e-02   2.1728852e-01  -1.0837080e-01   4.6514817e-01   5.2687247e-02  -5.9132691e-02   6.3568179e-02  -1.5416119e-01   5.5774355e-01  -2.6853774e-01  -8.5027424e-02  -2.9427543e-01  -9.6074602e-02  -1.5805301e-01  -2.3922346e-01  -7.1176707e-02   5.0027450e-01  -4.3165017e-01  -9.7864370e-02   1.9971611e-01  -2.3165791e-01   7.2449011e-02  -1.8727334e-01   8.3780322e-02  -4.1663779e-01  -1.8958148e-01  -8.4244605e-02  -4.5708144e-02   6.4075917e-01  -3.5023427e-01   7.2560021e-02  -3.1790766e-01  -8.0896352e-02  -1.9808268e-01   5.2900699e-01   2.1420627e-01   3.6144081e-02  -4.6283319e-02   6.7715835e-03  -4.9215609e-02   9.2817262e-02  -2.7769461e-01  -2.0804884e-01  -1.0000512e-02  -4.7048199e-02   1.2702302e-01  -6.1861148e-03   2.2471513e-01  -2.6680467e-01  -2.8199200e-01  -4.5922750e-02  -3.4623452e-01  -2.7154869e-01  -1.4884505e-01   2.3349190e-01  -4.3175261e-01  -4.9848200e-01  -6.2203084e-02  -3.3261412e-01   3.8164339e-01  -2.2396648e-02  -4.6906926e-01   4.5480133e-02  -1.1123493e-01   2.1001007e-01  -4.6449070e-02   2.9369051e-01   5.4882268e-01  -5.6894598e-02  -2.7980407e-01  -2.4087198e-01   1.8243253e-01  -1.9690802e-01  -6.5377805e-02  -4.7305065e-01   1.0516957e-01  -1.4713434e-04   8.2868984e-02   4.8950593e-01   8.5161932e-02  -3.6540758e-01  -1.4001380e-01   6.5798768e-01   2.7504501e-01  -1.6320685e-01  -3.2729136e-01   1.6833064e-02  -2.6592688e-01   7.3633924e-02   2.3416535e-02
  -1.4529921e-01   2.3112039e-01   0.0000000e+00   1.1766313e-01  -3.4174103e-02   1.3630181e-01   2.5052246e-01   2.0502014e-02   9.5048919e-02   6.8434514e-02   3.8075541e-03   5.5372120e-01  -8.8573005e-02  -1.3164925e-01  -2.0277360e-01   1.3716621e-02   7.3263136e-01  -5.9832719e-02  -1.9715525e-02   1.0067079e-01  -1.0782943e-01   1.4223790e-01   3.8519483e-02  -2.7222685e-01   1.6538487e-01   1.5040930e-01   2.9400438e-01   9.9168757e-02  -4.5362217e-03   1.7295519e-01  -2.0190045e-01   2.1428910e-01   1.0814522e-01   1.8245175e-01   1.0142805e-01  -2.6354973e-01  -9.4005698e-02  -3.8675629e-01  -1.3318959e-01   6.4294431e-01  -6.8421400e-02   2.0243269e-01   4.1778800e-01  -9.5053225e-02  -3.0410169e-01  -6.7595664e-02  -1.0911444e-01   2.0772634e-01  -2.0009833e-01   4.5472707e-01  -8.5994939e-02   1.0054902e-02  -1.1702723e-01   3.0426199e-01   7.7397383e-02   1.3965063e-01  -1.1240430e-01   1.9424022e-01   5.0494764e-02   1.5518469e-01   8.8095521e-02  -3.0361483e-01   1.8357534e-01  -2.9744004e-02  -3.6812403e-01   5.7911079e-02   1.6259572e-01  -2.6874307e-02   2.4851212e-02   3.1622749e-01   4.2191080e-01  -4.9242565e-02  -2.1941522e-01   1.6926281e-01   2.3244658e-01   5.7609049e-02  -5.5844058e-02   1.0543149e-01  -1.8127054e-01  -3.9329252e-02  -3.0882864e-02  -1.1726718e-01   1.4148490e-01   2.6986849e-02   2.9259582e-01   5.5831989e-02   1.0073914e-01  -1.5901031e-01   3.6481490e-02  -2.2878495e-01  -2.1150004e-01   4.4491634e-01   2.9824722e-01   5.7456047e-02  -1.1061425e-01   6.1309957e-02   2.2504035e-04  -6.8000251e-02  -1.0950110e-01  -9.1721740e-02   1.7103037e-01   1.8436741e-01  -6.1061125e-03   9.1951933e-02   6.1257399e-02   6.5719416e-02   2.0134868e-01   5.6343576e-02  -1.7555144e-01  -1.4923815e-02   3.2689161e-01   9.3151186e-02   1.6346878e-01  -1.1019711e-01   1.6241269e-01  -1.2195578e-01   6.8785374e-02  -1.3971394e-02   2.3603067e-01   2.3018452e-01  -1.6871981e-02  -7.0894218e-02   1.8533632e-01  -2.7217080e-01  -6.6212412e-02   3.3551612e-02   3.1924038e-02   1.1349215e-01   1.2318725e-01   5.8855767e-01  -3.5138438e-01  -1.2449410e-01   1.6629157e-01  -1.1285663e-01   3.7968738e-01   1.9227120e-01  -6.8056420e-02   1.5792790e-01   6.6435970e-02  -1.5076052e-01  -1.7954829e-01  -7.1522242e-02   6.6688748e-02   2.7231123e-01  -1.2912251e-01  -1.9616727e-01   5.5764770e-01   1.2454013e-01  -1.0155119e-01  -2.4821796e-01   2.2228352e-01  -3.0164764e-02   3.9310567e-02  -2.1422464e-01   6.9350410e-01  -2.4933847e-01  -6.3362447e-02   4.6091670e-02   3.1002635e-01  -6.4568293e-02  -8.1619835e-02  -1.2495630e-01   3.6417765e-02   1.3422453e-01   1.9856375e-01   7.3705594e-02  -1.2392943e-01   1.0571636e-01   1.0626766e-01   2.3971468e-01  -1.7517279e-01  -2.2749239e-01  -4.7530371e-02   3.1878912e-01  -1.5727231e-02   5.3569196e-02   1.2099000e-01
   1.1960639e-01  -5.9256813e-02   1.1766313e-01   0.0000000e+00  -1.9103317e-01   5.4058070e-01   1.5082580e-01   2.7906901e-01   1.3736213e-01  -2.1129133e-01   1.1633039e-02   6.6636291e-02   1.0981734e-01   2.8561173e-01   2.4265172e-01   7.2957194e-02  -5.0468603e-02   1.3157775e-01   1.7213501e-01   6.8374478e-02   1.3786002e-01   4.9451945e-01   2.1958056e-01  -3.8967010e-02   2.2212171e-01   1.7672106e-01   2.9872256e-01   2.9095502e-01  -4.6223134e-01   1.9336535e-01   1.8306314e-01   3.3483636e-01  -1.3563811e-01   9.8506515e-02   2.9572570e-01   9.2309574e-02  -2.1930025e-01  -5.1067740e-02  -1.8901698e-01   8.5165121e-02   3.0615115e-01   3.7963519e-01   2.7361659e-01   2.5900971e-01   2.3140999e-02  -1.6806686e-01   2.2088149e-01   1.0696891e-01   2.0154883e-02  -3.0469752e-01   2.6200264e-01   2.7178389e-01  -2.0126300e-01   1.8133716e-01   1.7849089e-01   1.6950271e-01   3.3582501e-01   3.2765119e-01   4.6025645e-01   1.8011121e-01  -1.2150719e-01  -5.3757112e-02   5.0440164e-01   3.5056477e-03  -2.1928230e-01  -2.0600725e-02   4.8910109e-01  -4.5001380e-01   2.0446199e-01  -3.0474047e-02   5.4231736e-02   5.7225877e-02  -1.6696436e-01   6.3275028e-02   3.8273589e-01   1.9337017e-01  -2.5664712e-01   1.4673023e-01  -1.7278052e-01   4.3270035e-01   3.2416393e-01   1.8818014e-01  -4.3314104e-02   1.7689387e-01   7.3726626e-02   2.7701621e-01   3.0176645e-01   2.4468364e-01  -2.6653709e-01   1.5530545e-02  -2.2007845e-01  -5.9226247e-02   2.6268190e-01   3.3253052e-01  -2.0838447e-01  -3.1258909e-01   2.1655218e-01   3.1575538e-01   1.4533747e-01  -1.0295606e-01   1.0873340e-01   1.7804597e-01   5.2659985e-01   1.2702326e-01   5.2611193e-01   4.0753547e-01   5.4898354e-02   2.8935615e-01  -2.7091411e-01   2.3874470e-02   1.6897904e-02   5.4688176e-01   2.8028805e-01   1.3196745e-01   1.3479295e-02  -1.3265163e-01   1.9406689e-01   2.1867649e-01   8.3131255e-02   6.6847055e-01  -2.1780118e-01  -2.4047560e-01  -1.2550736e-01  -4.3128145e-02  -1.7203875e-01   1.9347631e-01   3.0939254e-01   1.7362225e-01   4.1693163e-01  -6.3856160e-02  -2.0562798e-01   2.5901917e-02   1.3200220e-01   1.3880613e-01   5.4592257e-01   2.0826912e-01   1.1415916e-01   2.8387923e-01   2.8661882e-01   1.4558820e-01  -4.5615115e-02   2.9634645e-01   1.2199414e-01   2.0849999e-01   2.5539671e-01   2.7055291e-01   1.6614386e-01   1.1220650e-01   1.0188916e-01  -4.5010554e-02   7.1760570e-02   2.1614173e-01  -1.4484061e-01  -2.1786140e-01   7.8269180e-02  -1.7867306e-02  -2.5126304e-01   4.7082361e-01  -3.3797618e-02   4.9311726e-01  -4.8457335e-01  -2.9735582e-02  -5.5499749e-02   6.1448531e-01   3.5809451e-01  -1.4054642e-01  -6.8130092e-02   9.3084774e-02  -6.2116193e-02  -4.2476272e-02  -2.1023067e-01  -2.9474132e-01   2.4364560e-01   3.0517868e-01   1.3462074e-01   4.6543772e-01   6.0946481e-01
  -1.6825276e-01   5.8616692e-01  -3.4174103e-02  -1.9103317e-01   0.0000000e+00  -2.8086848e-01  -9.0711773e-02   2.7005429e-01   4.0102836e-03   1.6650165e-01  -1.8110647e-01   3.0196737e-01   1.3074714e-02  -8.1341859e-02  -2.3903005e-01  -1.2752905e-02   3.7013355e-02  -1.3644898e-01  -4.4457299e-02   4.1281013e-01  -1.8135459e-03  -2.5869956e-01  -2.2186713e-01  -7.3490188e-02  -6.9223665e-03   1.5620835e-01   5.1010021e-02  -2.4009518e-01   9.9902511e-02   2.2297339e-01   5.7302046e-02  -1.4513005e-01   2.3612726e-01   2.2277731e-03  -3.4950861e-01   2.2837430e-01   2.1583769e-01  -6.9033829e-02   1.6630155e-01   3.3161529e-01   1.4184893e-01   1.6892018e-01   2.0038457e-01  -2.5588951e-01  -1.4767764e-03  -2.0815355e-01  -2.7094342e-01   2.3365709e-01   2.2975191e-01   4.9587075e-01  -2.7254421e-01   1.1820032e-01   4.4951147e-01  -1.7113903e-01  -6.9596617e-02  -2.7549680e-01  -7.8706869e-02  -3.4139873e-01  -5.9187652e-02  -1.4911320e-01  -1.1943117e-01   4.9109388e-03   3.7732374e-02  -1.7870337e-01   1.9190183e-01   3.6428922e-03  -3.2060024e-01  -2.6186404e-02  -1.7309196e-01  -4.2114685e-01   2.9347290e-01  -3.8644175e-01   2.6432993e-01  -3.4096020e-01  -9.1584278e-02  -3.8537643e-01  -1.4809214e-01   6.4580207e-03   7.0046226e-01  -1.2512243e-01  -8.9054122e-02   1.0064250e-01   3.3913525e-01   2.3561285e-01  -4.3235064e-02  -3.8585349e-01   4.2146113e-02  -8.7121226e-02   1.5915406e-01  -1.9051294e-01   6.3678749e-01  -6.8119221e-03  -3.6564649e-02  -2.8259122e-02  -1.4580945e-01   6.5241228e-01  -3.3166038e-01  -1.1014259e-01  -3.2911639e-01   6.9027893e-02  -3.2637957e-01  -2.8441725e-01  -1.7908670e-01   2.8332472e-01  -3.2930515e-01  -1.2017009e-01   1.8010396e-01  -1.4964248e-01   1.6445081e-01  -1.5460667e-02   8.2515924e-02  -3.5732644e-01  -3.0615055e-01  -1.5105525e-01  -2.5384537e-01   5.8852092e-01  -1.0073567e-01   1.3744354e-01  -3.6170408e-01  -1.5190773e-01  -2.1845965e-01   6.9559349e-01   2.3599696e-01   1.1904370e-02  -9.2902679e-02  -8.3626971e-02  -1.6762879e-01  -8.9542156e-03  -2.7593046e-01  -3.2890430e-01   2.4568116e-01   1.7239428e-01  -1.0756756e-01   5.3203970e-03  -1.4927984e-02  -2.6501805e-01  -5.8495260e-02  -1.9063906e-01  -3.5044782e-01  -3.0239943e-01  -1.9131551e-01   1.3450852e-01  -2.7781944e-01  -3.7655876e-01  -1.5073919e-01  -2.5618417e-01   8.5007895e-02   1.3324061e-01  -2.9452700e-01   1.1936685e-01  -2.7439865e-01   2.3002700e-02  -9.7423878e-02   3.6108628e-01   3.3712373e-01  -5.7053657e-02  -2.2093910e-01  -1.8294876e-01   1.6138604e-01  -1.4111645e-01   1.3679207e-01  -1.0772467e-01   1.7373161e-01  -7.8561493e-02  -7.6055487e-02   4.7676296e-01   7.5452064e-02  -2.3318482e-01  -1.5042453e-01   4.6245318e-01   3.6074821e-01  -1.3657306e-01  -2.4364535e-01  -1.4913280e-02  -2.1652832e-01   7.5848238e-02  -1.1964688e-01
   2.5066347e-01  -2.0500229e-01   1.3630181e-01   5.4058070e-01  -2.8086848e-01   0.0000000e+00   3.4030290e-02   1.4665019e-01   9.4002087e-02  -1.2435762e-01   1.1645564e-01  -8.7713397e-02  -2.1351341e-02   4.1051310e-01   1.4524996e-01   1.6888262e-02   5.9631746e-02   4.7967878e-02   5.0030517e-01  -4.4110026e-02   7.5040282e-02   4.6310203e-01   1.1654248e-01   5.3310034e-02   8.0692444e-02   1.6716213e-01   3.2769523e-01   3.6379922e-01  -2.7323943e-01   3.1808568e-02   1.7215606e-02   2.3788898e-01  -2.1195260e-01  -1.8238236e-02   2.6900711e-01   3.6207770e-02  -1.1543330e-01  -8.1642737e-03  -2.2080964e-01  -7.7642259e-02   1.6001208e-01   2.5331813e-01   1.9980575e-02   2.2808402e-01   5.4919192e-02  -9.6292753e-02   3.4303053e-01  -6.8767487e-02   3.3831015e-02  -3.2583567e-01   2.3577626e-01   9.5681571e-02  -4.0119679e-01   2.0159144e-01   2.0518670e-01   2.5303880e-01   5.3416388e-01   2.0660708e-01   4.0650109e-01   2.0206096e-01  -1.6721019e-02   6.9493197e-03   3.2373024e-01   5.7989565e-02  -1.2192120e-02   1.9798274e-03   7.2011217e-01  -3.2678156e-01   2.9255134e-01   2.1251462e-01   3.0687614e-03   1.6880512e-01  -1.9041317e-01   2.4272830e-01   2.1774994e-01   2.4584092e-01  -2.1487667e-01   1.5280995e-01  -3.0810048e-01   2.5275130e-01   2.1502284e-01   1.2617159e-01  -2.5733842e-01   1.4588904e-01   1.7270318e-01   2.9325703e-01   2.5094444e-01   3.1191447e-01  -2.0582323e-01   9.2949119e-02  -3.1132505e-01  -1.0065196e-01   1.4855077e-01   2.9273401e-01  -1.7850241e-01  -3.8769005e-01   6.8708165e-02   5.9224768e-01   1.4332768e-01  -3.9793343e-02   3.1504444e-01   2.1010544e-01   4.6577033e-01   4.7405232e-03   4.5753339e-01   2.7316867e-01   4.6331964e-02   4.9092580e-01  -1.9937970e-01   7.8031182e-02  -1.9926814e-01   5.3119706e-01   2.4557099e-01   2.1248910e-01   1.4993480e-01  -2.7343183e-01   2.4516869e-01   1.8872182e-01   3.2658592e-01   5.4759586e-01  -1.6466768e-01  -3.6117973e-01  -2.3430349e-01  -2.1502395e-02  -1.5095259e-01   3.7053414e-01   1.9197473e-01  -9.5486803e-02   2.6910936e-01   1.1179544e-01  -2.0318301e-01  -2.1271959e-01   2.8318915e-01   1.5178488e-01   3.3621496e-01   2.8892078e-01   7.5013569e-02   3.8517420e-01   2.7723050e-01   1.0944376e-01   1.2653145e-02   2.4511113e-01   1.9807638e-01   4.3003233e-01   1.6309751e-01   2.6155455e-01   5.3349104e-02   1.3046693e-01   2.2966653e-01  -6.0149702e-02   2.2454347e-01   1.2012698e-01  -5.2429595e-04  -3.2268396e-01   6.2413823e-02   2.6583042e-02  -2.2152292e-01   3.7765908e-01  -9.7420979e-02   4.0361482e-01  -3.3500788e-01   2.4127980e-01  -1.2764564e-01   4.8706606e-01   3.9530461e-01  -3.4372659e-01  -3.5254075e-01   2.9118733e-01   9.9632235e-03  -1.9424991e-01  -2.8039636e-01  -3.5794997e-01   2.8377274e-01   5.5807383e-01  -7.2719300e-02   1.8771989e-01   5.9752029e-01
  -4.2507974e-01  -3.4996637e-03   2.5052246e-01   1.5082580e-01  -9.0711773e-02   3.4030290e-02   0.0000000e+00  -3.0669461e-02  -3.5798527e-02   1.5419757e-01   5.6087125e-02   4.2184199e-01   3.6697001e-02  -3.9271329e-01   2.5307260e-02   2.0080254e-01   9.5693329e-03   7.8214353e-02  -9.0566150e-02   1.0873716e-01   4.8328927e-02   5.9423639e-02   6.2458957e-01  -4.9880944e-01   4.1761483e-02  -1.2782024e-01   3.1790296e-01  -8.3329489e-02  -1.5171100e-01   4.5585278e-01   1.6379466e-01  -1.4409218e-02   1.0004669e-01   6.5448466e-01   2.8722956e-01   1.1722265e-02  -2.7520736e-02  -1.9752605e-01   2.6328967e-02   3.9627463e-01  -3.0111248e-02   2.3412299e-01   3.9133073e-01  -1.8245306e-01   9.7776135e-02  -3.6923956e-01  -1.9956654e-01   5.5336946e-01  -2.8926953e-01  -9.1664438e-02   5.4818038e-02  -1.8957464e-01   1.9532671e-01   1.1338610e-01  -1.3852213e-01   2.5879757e-01   1.5890798e-02  -3.2218137e-02  -5.7987494e-02  -1.4884353e-01  -2.1829913e-01   3.0160165e-02   6.5945316e-03  -2.7959126e-01  -9.7820837e-02   4.1753070e-01   7.8238626e-02   7.6138310e-03  -1.2945896e-01   6.6856029e-02   2.6434598e-01  -1.3292819e-01  -7.2479976e-02  -4.8741811e-01   1.4645164e-01  -3.8180942e-03  -2.5512097e-01   1.9549291e-01  -8.2828253e-02  -1.7246130e-02   4.6816333e-01   2.6731143e-01   1.6388607e-01  -6.3979279e-02  -3.0450569e-01  -1.5469858e-02  -5.5939789e-02  -3.6817345e-01  -1.9493255e-01  -4.3006926e-01  -3.8962834e-01  -8.3668493e-02   4.3359003e-01   9.9282733e-02  -1.9024468e-01  -1.6761829e-01   7.4967217e-02  -1.6438953e-01  -2.2840337e-02   2.4864287e-01  -3.6171252e-01  -4.3714236e-02   1.1196754e-01   8.8352506e-02   1.6957861e-01  -1.0131656e-01   6.8096664e-02  -7.2774646e-02   1.3305100e-02   1.5546305e-01   7.4306417e-01   2.4393453e-01   1.9064820e-02  -3.3162249e-01  -2.5263779e-01   9.2808495e-02  -1.7883955e-01   1.5947941e-01  -1.2219931e-01   1.8380879e-01  -3.5346321e-01  -1.7400802e-01   1.1732716e-01   5.6427642e-02  -2.2784714e-01  -3.0190080e-01   2.3753107e-01   2.5772454e-02   4.9314849e-02   1.7180902e-01  -3.0168203e-02   5.4228646e-01  -4.6230361e-01   2.8063111e-01   1.3901499e-01  -1.4611903e-01   5.9022643e-02  -5.5104538e-02  -1.2835573e-01  -2.0621115e-01  -4.7530202e-01  -1.6933686e-01  -2.2340157e-01  -3.0378705e-02   3.3520298e-01   5.1804916e-02   4.4489271e-01   3.3852807e-01   8.6423361e-02  -9.9517357e-03  -3.0909691e-01   1.7340300e-01  -4.5766234e-01   3.2512145e-02  -2.9039910e-02  -1.7792131e-01  -2.3377453e-01   7.9199510e-02  -1.9688892e-01   4.3493680e-01  -1.3323722e-01  -8.3208366e-02   1.6163909e-01   4.2177891e-02   2.1198882e-02   2.7144615e-01   2.8190980e-01  -1.3797379e-01  -3.5541043e-01   4.0388418e-02  -1.9278807e-01  -1.5075126e-01  -6.9338660e-02  -2.3046909e-02  -6.6503110e-02   2.5192989e-03   6.7286312e-03
   2.5493291e-02   2.2394164e-01   2.0502014e-02   2.7906901e-01   2.7005429e-01   1.4665019e-01  -3.0669461e-02   0.0000000e+00   7.6637223e-02  -4.8376671e-02  -2.7564753e-01   2.6253940e-01   9.5165867e-02   1.2536250e-01  -1.6658304e-01   1.3825544e-01  -1.4029250e-01  -1.4436031e-01   1.4021130e-02   1.5855268e-01  -8.5358874e-02   2.9153141e-01  -2.7401103e-01  -5.7838570e-02   5.2726692e-02   4.4668551e-01   2.4885531e-01   8.0640822e-02  -2.6536047e-03   1.5484308e-01  -2.0223516e-02   2.7166887e-01   2.1189323e-01  -1.7498358e-01   1.9287475e-02   5.0670429e-02  -3.1364197e-02   3.5437561e-02   1.3730412e-01   1.9610513e-01   1.6579884e-01   1.1800074e-01   2.2635687e-01   2.5234961e-01  -1.0689750e-01  -1.1276335e-01   7.8077389e-02   2.4348792e-03   1.7452012e-01   8.6615277e-02   9.7495971e-03   6.0538484e-01  -9.8877892e-02   5.6963053e-02  -2.4423636e-02  -3.9243483e-02   1.1774929e-01  -4.1658887e-02   2.7357943e-01   1.5665652e-01  -2.0771450e-01  -9.9958330e-02   2.8443501e-01  -5.5661456e-02  -7.5026101e-02  -2.0718224e-01   8.4066678e-02  -9.8582332e-02   3.0448413e-01  -2.5494283e-01   6.3148628e-04  -1.1153492e-01   1.2689765e-01  -8.5206995e-02   1.5866684e-01  -1.5071769e-01  -2.1417356e-01   1.5443576e-01   9.8196415e-02   1.5012451e-01   1.5051723e-01   2.0187816e-01   7.9034608e-02   4.0142343e-01   1.6613637e-03  -4.7470913e-02   2.1564517e-01   1.2082787e-01   4.8792194e-02  -3.9202327e-02   4.4538626e-02  -5.4519664e-02   1.4602460e-01   1.8204061e-01  -2.8825856e-01   2.3080720e-01   1.4448249e-02   1.6120441e-01  -2.2992034e-02  -4.8509438e-02  -1.3764148e-01  -1.3474094e-02   1.9963807e-01   1.4620391e-01   4.7021577e-02   1.2260055e-01   1.8529384e-01   3.0405035e-01   2.4490968e-02  -2.1368132e-02  -2.9164363e-02   1.5887488e-01   4.7881175e-04   1.2133365e-01  -1.3846568e-01   1.0869485e-01   2.8878741e-01   3.1325987e-01  -8.5981615e-02   2.4456909e-01  -2.2008078e-01   6.9787549e-02   2.2831377e-01  -2.0540853e-01  -1.1813594e-01   6.2670113e-02  -1.7232532e-01   1.7630215e-01   8.4400463e-02  -2.5119219e-01   1.6327634e-01  -1.0816850e-01   1.8098112e-01  -2.8864730e-01   1.7692831e-01   1.8119278e-01  -6.3769607e-02  -2.3063461e-02   3.0300333e-02  -6.0481757e-02  -1.9364318e-01   1.9459411e-01   1.3680094e-01  -1.2152119e-01  -2.6177652e-01  -2.8152392e-02  -1.8166570e-02   1.1361217e-01  -3.8946081e-02  -7.5210130e-02  -4.5056563e-02   2.2959313e-01  -7.3202246e-03  -1.2916375e-02   1.6774212e-01  -8.3305707e-02  -3.2099810e-01   2.2926708e-01  -6.2090698e-03   2.1640572e-01  -4.5690434e-02   8.0544064e-02  -1.1987332e-01   4.6788758e-01   1.3205712e-01   2.3311112e-01  -5.9685831e-02   3.4662072e-02  -5.3883736e-02   1.9314476e-01   7.1317408e-02  -3.7909650e-01  -1.4742958e-01   7.9250045e-02   1.2627105e-01   1.5701227e-01   2.6847792e-01
   2.6578686e-01   3.1394889e-02   9.5048919e-02   1.3736213e-01   4.0102836e-03   9.4002087e-02  -3.5798527e-02   7.6637223e-02   0.0000000e+00  -5.5889180e-01  -8.7009836e-03   4.9279162e-02   1.5118098e-01   2.9870329e-01   8.2825327e-02   6.8244283e-02   4.3400201e-02   1.6623041e-01   1.9414904e-01   1.1217517e-01  -8.8466808e-04   1.8695411e-01  -1.2044041e-01   2.5577915e-01   4.1008020e-01   2.6136465e-02   5.6161405e-02   1.1936093e-01   3.0331575e-01   2.6411966e-02  -7.4854582e-02   4.1636016e-01   3.1181815e-01  -2.9977529e-01   4.3683293e-01   8.2490903e-02  -5.5304762e-01   1.3414038e-01   6.3096594e-02   1.1429311e-01   3.2972046e-01   1.8552145e-01   1.1678049e-01  -7.8122759e-03  -3.6044374e-01  -4.7416988e-02   1.6884542e-02   5.5921038e-02  -4.4012342e-01   8.1757350e-03   1.4007186e-01   1.3145473e-01  -1.1036859e-01   1.6310541e-01   1.2563740e-01  -3.5873244e-02   1.3229406e-01   4.1890004e-01   2.8261371e-01   3.9832877e-01  -3.3545636e-02  -2.7832432e-01   1.1957694e-01   2.6190962e-01  -2.6014411e-01  -1.3987934e-01   1.0843026e-02   3.2500111e-01   1.5300095e-01  -5.5394507e-02   1.1451942e-01   1.7096924e-01   2.1437221e-01  -3.2642560e-02   1.1438287e-01   1.3601711e-01  -1.2890242e-01   6.4139684e-02  -1.6690595e-01   8.7664913e-02  -5.6444921e-03  -7.3776915e-02  -1.5922717e-01  -4.6175397e-02   9.9636214e-02   2.0314150e-01   4.7493754e-01   4.7136964e-02   3.7897128e-01   2.2553352e-01  -1.4749467e-01   1.9363154e-03  -2.6295620e-01   4.5143441e-01  -3.3832861e-02  -1.8114710e-01   8.9975856e-02   3.5114442e-03   3.3033301e-01  -6.4072985e-01   1.7142280e-01   2.0397353e-01  -1.7316106e-02   5.3414717e-01   1.6409139e-01   4.2079309e-01   9.8069344e-02   1.4586760e-01  -5.0290941e-01  -1.8339437e-01  -1.1967765e-01   7.8397318e-02   3.3623281e-01   2.8753278e-01   1.1892396e-01  -1.1563274e-01   1.1042773e-01   2.7193383e-02  -4.3355621e-02   1.6311068e-01   5.1021669e-02  -1.5222901e-01   4.2963426e-01   3.1241716e-01  -7.8887508e-02   3.5725998e-01   4.3645446e-02   1.9175400e-01   3.6771470e-01   9.8434529e-02  -4.1268006e-02  -1.4400909e-01   1.7491231e-01   1.6235865e-03   3.3134146e-01   6.2146540e-02   2.3503989e-01   1.4607706e-01   1.6668438e-01   2.2469523e-01   2.1905029e-01   1.9215823e-01   1.4353232e-01  -2.6744795e-02  -1.0226431e-02   1.7040277e-01   2.4974138e-04  -1.1210057e-01  -1.1395657e-02  -4.8975382e-01   4.6347301e-02  -2.4037227e-02   2.1487877e-01  -1.4148280e-01   2.3771743e-01   1.3032174e-02   1.5252407e-01   1.9011204e-01  -2.8693843e-02  -3.6206571e-02   3.9508813e-01   7.3386697e-02  -2.1577289e-01   2.0945412e-01   3.3820865e-01  -1.5157608e-01  -9.0240543e-02   7.0164646e-02   1.2190666e-01  -9.9589265e-02  -2.8750084e-01   6.3976753e-02   6.6889785e-02  -5.2889864e-02   3.4103059e-01  -1.3508481e-01   3.2485056e-01
  -3.9838727e-01   3.1339481e-02   6.8434514e-02  -2.1129133e-01   1.6650165e-01  -1.2435762e-01   1.5419757e-01  -4.8376671e-02  -5.5889180e-01   0.0000000e+00  -5.6988674e-02   1.1327748e-01  -1.7723502e-01  -4.5308196e-01  -3.0513470e-01  -3.2109055e-02   1.9833972e-02  -1.9316563e-01  -1.2625026e-01  -1.3908751e-02  -1.1730864e-01  -2.2711736e-01   1.5757943e-01  -3.6801125e-01  -4.8344790e-01  -1.1002965e-01  -8.8028735e-02  -2.6273600e-01  -1.4693474e-01  -4.1587230e-02  -2.3732378e-01  -2.4565160e-01  -2.5988770e-01   2.5363261e-01  -3.4831439e-01  -8.2063372e-02   7.6789970e-01  -2.0723139e-01  -6.7015539e-02   2.7258533e-02  -1.7219699e-01  -2.5255128e-01   1.2984660e-01  -4.6083564e-02   3.6394070e-01  -5.8080249e-02  -2.4457541e-01   2.3934056e-02   3.6561143e-01   8.1861723e-02  -2.5491037e-01  -1.3292332e-01   6.4621675e-02  -2.8992497e-01  -1.8553253e-01  -1.7818068e-02  -6.7124846e-02  -3.9472957e-01  -2.4926112e-01  -5.1061578e-01  -1.3906399e-02  -8.6780864e-02  -9.9698022e-02  -2.7238708e-01   3.4200216e-01   2.2029298e-01  -5.0590014e-02  -3.4688060e-01  -2.6445622e-01   4.9955298e-02   1.2965139e-01  -4.6987293e-01  -1.5304708e-01  -2.2406287e-01  -1.2443466e-01  -2.3423537e-01   3.7273984e-02  -6.4538813e-02   9.1184751e-02  -2.8114610e-03  -1.7897730e-02   1.3816399e-01   2.0398213e-01   6.3366013e-03  -1.0220612e-01  -3.0663461e-01  -3.0233266e-01  -2.5092771e-01  -4.9241206e-01  -4.1388770e-01   6.0885591e-02   6.3678776e-02   9.8088975e-02  -3.8810407e-01  -6.8300660e-03   2.8823091e-01  -4.3905497e-01  -1.1270287e-01  -5.1505412e-01   8.1264802e-01  -2.7173004e-01  -3.1847564e-01  -1.7777094e-01  -4.4163357e-01  -2.4533274e-01  -3.5422915e-01  -2.3088874e-01  -1.9292309e-01   6.7338956e-01   1.6073446e-01   3.1181013e-01  -1.5770781e-01  -4.4167472e-01  -3.7735278e-01  -2.3726116e-01   1.9664221e-02  -1.1546363e-01   3.9891732e-02   1.6928452e-02  -1.7127382e-01  -1.7841586e-01   1.1078833e-01  -3.6769443e-01  -3.1454662e-01  -4.2508200e-02  -4.6312790e-01  -7.6884800e-02  -3.5659860e-01  -2.4251000e-01  -3.1018628e-03   2.1274579e-01   8.0875491e-02  -3.5991670e-01  -4.0000198e-02  -2.7115311e-01  -1.7951556e-01  -2.1026177e-01  -1.7285952e-01  -3.0540757e-01  -2.3932918e-01  -3.6660962e-01  -1.1693838e-01  -3.7197725e-01  -9.1860924e-02  -8.1334098e-03  -2.1491466e-01   1.8500501e-01   6.2008247e-02  -1.5128971e-01   6.3437041e-01  -1.7927772e-01  -7.2966387e-02  -3.6732320e-01   1.1819929e-01  -3.4911391e-02  -8.6739927e-02  -1.4607082e-01  -1.6510171e-01   3.6725908e-02  -3.7550009e-02  -3.0343886e-01  -1.4496932e-01   4.0569668e-01  -2.3868100e-01  -1.8095168e-01   1.7404984e-01  -1.2157160e-02  -1.1625536e-01  -3.0228313e-01   1.7020545e-01   3.1897705e-02  -7.2508800e-02  -2.9555984e-01   1.7807899e-01  -4.4832964e-01  -1.3026811e-01  -2.8076097e-01
   2.8452912e-02  -4.2063951e-01   3.8075541e-03   1.1633039e-02  -1.8110647e-01   1.1645564e-01   5.6087125e-02  -2.7564753e-01  -8.7009836e-03  -5.6988674e-02   0.0000000e+00  -3.3861202e-01  -9.1423146e-02  -9.0548777e-02   1.8709614e-01   1.0153969e-01   8.8511891e-02   6.0081315e-01   2.6143492e-02   8.9400481e-03   2.0671549e-02  -1.4753843e-01   3.5975708e-01   4.9700383e-02   9.9950185e-03  -1.7436860e-01  -9.9664037e-02   1.1849269e-01   1.0811359e-01  -8.6674563e-02   1.7876803e-01  -2.7421023e-02  -2.2823703e-01   1.3039994e-01   7.7507398e-02   1.1917220e-01  -1.0007857e-01  -1.4428181e-01  -1.0939433e-01  -2.7269876e-01  -1.5610684e-01  -7.4675869e-02  -2.5675190e-01   2.5649073e-01   6.8437604e-02   1.1534428e-01   4.2846545e-01  -1.3073293e-01  -6.4354785e-02  -3.1130553e-01   3.1582796e-01  -1.5318739e-01  -9.2031355e-02   1.1803972e-01   1.6605570e-02   5.0811104e-01   2.2506464e-01   1.7414107e-01  -9.7472216e-02   4.2451012e-02   4.9423243e-02   4.5424343e-02  -1.0680706e-01   1.8069634e-01   2.0812485e-01   4.9818725e-01   2.1282993e-01   7.1563010e-02   1.6077511e-01   4.3842871e-01  -1.3572827e-01   2.6438896e-01  -3.0733054e-01   9.8400953e-02   5.6928672e-03   1.4474389e-01   4.5203040e-02   2.2324210e-01  -4.3821675e-01  -9.9155138e-02  -1.8163606e-02  -2.8546657e-01  -2.6145918e-02  -1.8273287e-01  -8.7687869e-02   1.8874917e-01  -1.4499486e-01  -7.7346848e-02  -1.2761245e-01   1.6940761e-02  -1.4076384e-01  -1.5652193e-02   7.7234509e-02   1.4391212e-01   4.2237340e-02  -2.7019538e-01   9.9944687e-02   2.0011329e-01   2.5806749e-01   6.3364173e-03   2.2586147e-01   2.0354685e-01   1.1836778e-01  -1.9949089e-01   3.0201943e-01  -1.2367535e-01  -1.0694284e-01   6.9432757e-02  -2.5935379e-01   4.1445393e-01   8.9123702e-02   1.3842845e-01   5.5979530e-02   7.2060023e-02   2.9695951e-02  -3.1925559e-01   1.9832914e-01   1.4156087e-02   2.6502799e-01   8.6622053e-02   1.5399401e-01  -2.5225982e-01  -1.3397423e-01   2.5786413e-01   1.2162096e-02  -8.2334593e-02   1.5484866e-01  -6.2941976e-02   2.7824601e-02   2.5157962e-01  -2.4444882e-01   3.0493050e-01  -1.2100662e-01   3.3895952e-01  -1.0185374e-01   1.6732555e-01   2.1204180e-01   2.4518898e-01   2.2601447e-01   6.2929223e-02   2.0059529e-01  -2.6553171e-01   3.3714014e-01   3.9569481e-01   2.7758790e-01   2.9704440e-01  -1.5626230e-01   2.6863861e-01   4.0865294e-01   5.1377195e-02   1.2553248e-01  -5.7000784e-02   8.3609193e-02   1.8514352e-01  -2.6055713e-01  -1.0398869e-01   1.6296901e-01  -8.5550183e-03  -9.8321859e-02   1.4216348e-01  -1.4709171e-02   5.1108469e-01   3.0435965e-01  -6.8996240e-02   7.0223494e-03  -3.6611041e-01   3.6546869e-02   1.8457053e-01   1.3202080e-01  -2.6723699e-01  -1.3426125e-01   4.8481971e-02   4.4841372e-01   2.7785030e-02   8.9493921e-02  -2.9678673e-02  -8.8355248e-02
  -2.8450414e-01   5.6228028e-01   5.5372120e-01   6.6636291e-02   3.0196737e-01  -8.7713397e-02   4.2184199e-01   2.6253940e-01   4.9279162e-02   1.1327748e-01  -3.3861202e-01   0.0000000e+00  -7.4894891e-02  -2.3043991e-01  -1.1819355e-01  -2.0502112e-02   2.5235668e-01  -2.4573919e-01  -1.5522619e-01   2.8666904e-01  -1.2590721e-01   1.2374845e-01  -5.0188998e-02  -3.3888529e-01   9.2433671e-02   1.4616553e-01   3.1978936e-01  -2.1116766e-01  -4.3902303e-02   4.6602095e-01  -3.8042657e-02   1.7548508e-01   1.4151373e-01   3.2459397e-01   1.2459150e-01  -1.6954028e-01   1.6949274e-02  -2.6829178e-01   4.6351236e-03   6.3897914e-01   1.0321629e-01   2.0594698e-01   5.9517091e-01  -2.0451815e-01  -5.5954936e-02  -2.1585799e-01  -2.7277606e-01   4.2362815e-01  -1.6385461e-01   4.0561733e-01  -1.9182078e-01   1.7448594e-02   2.1700298e-01   4.5815829e-02  -1.4322337e-01  -2.0738801e-01  -1.5087858e-01   5.9012223e-02  -1.9889456e-02   1.8148178e-01  -1.5337566e-01  -1.8554446e-01   2.1130371e-01  -2.4957568e-01  -1.3056609e-01  -2.5963475e-03  -1.2680088e-01  -4.3137739e-02  -1.5150985e-01  -2.1851178e-01   3.5921954e-01  -1.5732441e-01   5.9545071e-02  -2.1725892e-01   1.8064789e-01  -1.6453482e-02  -2.1093793e-01   6.8975398e-02   2.7971159e-01  -4.0963888e-04   7.1571187e-03   1.3263778e-01   1.6530371e-01   1.3092254e-01   5.9651511e-02  -3.1722305e-02   1.1365201e-01  -2.7739278e-01   5.3433054e-02  -3.2761812e-01   7.1855282e-02   1.0192631e-01   1.8860103e-01   1.3743392e-01  -1.8289862e-01   3.0145771e-01   1.3949046e-03  -2.2202439e-01  -1.4951204e-01   4.3197457e-02  -2.8695865e-01   1.2878599e-01  -6.7757505e-02   3.7932654e-01  -7.3608381e-02   2.8726034e-02   2.3683259e-01  -1.0467528e-01  -3.2316998e-02  -1.2059849e-01   3.8912152e-01   3.2598653e-03   4.6164151e-02  -1.8294981e-01  -1.6776315e-01   2.9213242e-01  -1.5112390e-01   1.0207796e-01  -1.6264699e-01   1.9365233e-01  -2.2977152e-01   3.4172341e-01   2.8035436e-01  -1.0990244e-01  -1.6640040e-01  -1.0852708e-01   1.0731934e-01   2.0124100e-01   5.4696295e-02   3.9534949e-02  -8.4606652e-02   3.3836030e-02   2.1869802e-02  -1.7107787e-01   3.3378074e-01  -2.7661255e-02  -8.7729979e-02  -1.5833560e-01  -1.1798991e-01  -1.8715141e-01  -4.0223382e-01   4.4364166e-02  -1.6173384e-01  -2.1209092e-01  -1.5587543e-01  -2.2818106e-01   5.0344023e-01   8.1553321e-02  -1.6293431e-01  -1.8805954e-01  -1.2928760e-01   4.6957411e-02  -1.9939262e-01   2.4291358e-02   5.5504322e-01  -2.0005221e-01  -2.3656702e-01   2.1401196e-02   7.4463258e-03  -5.2253257e-02  -4.0003454e-02  -3.0179224e-01  -6.4523646e-02   1.4224135e-01   1.2799970e-01   4.6246082e-01   2.1543839e-01  -1.6174612e-01  -1.7604803e-01   3.7141864e-01   1.6360454e-01  -2.1489721e-01  -1.8322284e-01   1.8212082e-02  -4.6962284e-02   4.2763033e-03   4.8106901e-02
   2.0568943e-01   2.3434501e-02  -8.8573005e-02   1.0981734e-01   1.3074714e-02  -2.1351341e-02   3.6697001e-02   9.5165867e-02   1.5118098e-01  -1.7723502e-01  -9.1423146e-02  -7.4894891e-02   0.0000000e+00   1.5527414e-01   6.3585001e-02   6.8440436e-02  -5.8530208e-02   2.2502090e-02  -3.6830752e-02  -2.0370077e-02   3.9502480e-02  -4.5378819e-02  -2.6920642e-02   1.6339496e-01  -7.4237239e-02   1.2818082e-01   2.2034628e-01   1.2792282e-02  -3.4721804e-02   1.0668079e-02  -1.0249086e-01   7.6791164e-02   2.0809957e-01  -7.7885509e-02   1.2612187e-01   1.2069940e-01  -9.4142189e-02   9.2844137e-02   1.6610631e-01   9.4487007e-02   2.6476555e-01   6.1425990e-02   7.5972993e-02   3.6362978e-02  -1.1781020e-01  -5.4015958e-02  -5.2140983e-02  -5.1619120e-02  -2.5308346e-02  -5.3691275e-02   1.2588329e-01   1.7748874e-01   7.6244661e-02  -1.9007719e-01   1.1061677e-01  -1.4625148e-01  -5.5551720e-02  -2.3472888e-02   1.3397449e-01   3.2708423e-02  -1.2854839e-01   6.2533275e-02   7.5240739e-02   1.7549234e-01  -1.6574802e-01  -1.6532643e-01   1.2249963e-01   1.7816836e-02   1.6951769e-01  -2.4583724e-02  -4.0822636e-02  -1.1514168e-01   2.5347485e-01  -2.3926692e-02   1.2545831e-02  -9.2089044e-02  -1.6559111e-01   8.1804579e-02  -1.8998157e-02   1.6734576e-02  -1.1601606e-02   2.0759771e-01   2.7145663e-02   5.3849282e-02  -6.0214038e-02  -2.7966316e-02   1.1277164e-01   1.6137913e-01   4.6550002e-02   1.1312711e-01   3.3963787e-02  -4.0170197e-02   1.5362970e-01  -5.0981367e-02  -1.6446012e-01   7.0053757e-02   1.0733235e-01   2.8266669e-03   9.5155434e-02  -5.3305538e-02   2.2801835e-02   1.5566461e-01  -8.5394726e-03   4.2745028e-02   1.0211859e-01  -7.7868328e-03   2.1609739e-01   1.4785307e-01  -1.3382610e-01   6.2728425e-02   9.0928000e-02   4.5473179e-02  -2.4676354e-02   1.3231436e-01  -7.4490134e-03  -5.3935197e-02   1.0064624e-05   3.9925879e-01  -5.0341574e-02   1.2655800e-02  -8.7337314e-02  -6.0301939e-02   1.5432013e-01  -2.8019008e-02  -9.8893618e-02   1.8967428e-01   8.4010518e-02  -1.4712313e-02  -2.1576023e-02   4.1784585e-02   3.1451918e-01  -2.5561401e-02   5.9824753e-02  -6.4088122e-02  -6.8415432e-02   1.8912005e-01  -2.6607887e-02   3.5143285e-02   4.6267141e-02  -2.8733016e-02   1.8735722e-01   3.7782650e-01  -6.0698907e-02  -1.0950609e-02  -7.7451436e-03  -2.2610353e-02  -1.7900267e-01   6.7511799e-02  -8.5880202e-04  -1.0312223e-01  -1.3563560e-02   4.7217061e-02  -2.2130631e-02  -1.4663151e-01   1.2794679e-02   6.4832632e-02  -1.3771450e-01   2.2253777e-01   7.1912097e-02   7.2226383e-02   5.4017306e-02  -3.6399658e-02  -1.3255698e-01   8.3043341e-02  -7.8184310e-02   7.7747205e-02  -3.3072529e-02   1.8716081e-01   4.6602138e-02  -1.4315104e-02   4.0097509e-02  -2.1516946e-01  -1.5783500e-01  -3.7611246e-02   6.9222712e-02   8.9614910e-02   1.1510524e-01
   7.0527797e-01  -1.2576382e-02  -1.3164925e-01   2.8561173e-01  -8.1341859e-02   4.1051310e-01  -3.9271329e-01   1.2536250e-01   2.9870329e-01  -4.5308196e-01  -9.0548777e-02  -2.3043991e-01   1.5527414e-01   0.0000000e+00   2.9599639e-01  -1.5197977e-01  -1.4507729e-01  -9.7826210e-02   2.4934914e-01  -2.2663457e-01   1.1341368e-01   3.4681877e-01  -2.3042197e-01   5.7819309e-01   1.6240257e-01   2.2265735e-01   7.4243664e-02   6.1304275e-01  -1.1363449e-01  -6.4045316e-02   5.9868152e-02   2.0078517e-01   2.0365528e-02  -3.6492125e-01   1.9479421e-01  -2.4379188e-02  -3.2292846e-01   8.3706073e-02  -1.3744677e-01  -1.2433649e-01   2.4661971e-01   1.7281672e-01  -1.1242718e-01   1.9527939e-01  -1.1930276e-01  -7.4195310e-02   1.7378121e-01  -8.5139443e-02   1.2808392e-02  -2.7437211e-01   1.1896484e-01   2.0011256e-01  -1.2389087e-01   1.2639408e-02   4.2543104e-01  -1.0157092e-01   2.8216450e-01   7.5624039e-02   4.5929874e-01   2.9762504e-01  -2.1988344e-01   1.4302985e-01   2.6750524e-01   3.3150301e-01  -1.4728846e-01  -3.1815747e-01   2.5438763e-01  -1.3150963e-01   2.5731886e-01  -3.7434578e-02   3.3004323e-02   9.2371672e-02   1.5761116e-01   4.8073300e-01   7.6906230e-02   9.7751196e-02  -3.1335970e-01   3.8522192e-02  -6.3843715e-02   4.6463112e-02   1.9988697e-01   7.1436376e-02  -1.5509737e-01   9.8359578e-02   4.1608173e-01   1.3002952e-01   4.5129564e-01   7.8759332e-01   8.4213677e-02   5.0813227e-01   4.3548502e-02  -3.3687272e-01  -2.0412061e-01   1.3993160e-01  -2.8678033e-01  -3.3838328e-01   1.2640764e-01   3.2219761e-01   1.4353183e-01  -4.1196743e-01   5.4227814e-01   1.1284038e-01   4.0485513e-01   2.6509545e-01   2.0638559e-01   3.6092496e-01   1.4809654e-01   2.8140599e-01  -2.8558750e-01  -1.2075281e-01  -4.7654253e-01   2.0757491e-01   2.1713208e-01   4.2909929e-01   5.3285861e-01  -2.4270096e-02   2.2712737e-01   3.8424882e-02   1.9293416e-01   2.7600880e-01  -3.8638100e-02  -9.3643581e-02  -8.1946735e-02   6.3219109e-05  -1.4172603e-01   8.6546011e-01   3.8361450e-02   6.4606135e-02   1.1538480e-01  -7.7984352e-02  -1.2867902e-01  -3.8774540e-01   5.9006984e-01  -2.9670306e-02   1.6581202e-01   2.4350221e-01  -6.3495226e-02   5.5836851e-01   2.3630882e-01   1.6077875e-01   4.1882593e-01   2.2950042e-01   2.0652753e-01   2.3586235e-01   5.5463279e-02   2.5307459e-01  -1.7051607e-01  -8.6353240e-02  -1.3931850e-03  -1.6605590e-01   3.8247835e-01   2.7935121e-01   2.7821964e-01  -1.5388822e-01   7.7371190e-02   1.5339252e-01  -2.3017518e-01   2.8171140e-01  -1.3816992e-01   2.7092217e-01  -3.5453361e-02   1.1547965e-01  -2.5835610e-01   3.2589470e-01   1.0392575e-01  -2.1448948e-01  -1.8642619e-01   2.4118128e-01   2.5134541e-01  -8.1464375e-02  -1.0600545e-01  -3.5251998e-01   1.0794032e-01   2.1736080e-01   1.5874667e-01   1.4013099e-01   4.2780468e-01
