   0.0000000e+00  -1.7961956e-01  -2.2269628e-01   2.1894544e-01  -9.5681515e-02  -9.6492514e-02  -3.1660181e-01   2.3593072e-01   2.1387429e-02  -1.8013708e-01   3.1529039e-02  -1.1043095e-01   2.1430035e-02   5.4344863e-01  -1.3455507e-01  -1.0566275e-01  -2.5847919e-01  -2.4897792e-01  -9.4609397e-02  -3.4290783e-02  -6.8200047e-02   1.3789735e-01  -2.4139664e-01   7.8481130e-01   2.4098874e-01   1.8122384e-01  -3.4053974e-02   4.5867035e-01   8.5267954e-02   3.7930835e-02  -3.8431745e-01   2.6234507e-01   1.2857231e-01  -6.0197760e-01  -3.7037327e-02  -2.5824409e-01  -1.1978203e-01   1.2150419e-01  -1.6366720e-01  -4.1641050e-01   7.5443983e-02   9.3076714e-02   4.9723210e-02  -5.8521502e-02  -2.3747659e-01  -2.4288128e-01  -1.1659395e-01  -4.3935301e-01   9.2531305e-02  -2.9116979e-01   1.2859666e-01   2.5511640e-01  -5.0705208e-01   1.0605433e-01   2.0237333e-01  -1.6925590e-02   1.3929037e-01   2.6980014e-01  -4.2357455e-02   2.7523888e-01  -2.0526679e-01   5.9947464e-02   1.0506252e-01  -3.2758767e-01  -5.4847626e-02  -4.9139838e-01  -9.2101067e-02   3.6174445e-02   4.5472818e-02  -1.5237396e-01  -3.6677845e-01   1.2024799e-01  -7.6271846e-02   5.6788630e-01   1.4766604e-01  -4.3250491e-02  -2.0086179e-01   1.3175064e-01   5.3481116e-02   2.6931539e-01   1.5108197e-01  -1.3921492e-01  -5.1263113e-01   1.0059539e-01  -1.0175641e-01   1.5347526e-01  -1.1323714e-01   2.9824336e-01  -1.4205494e-03   8.6903443e-01   1.3210640e-01  -9.3064733e-02  -2.2950744e-01   9.2679529e-02   8.8890151e-02  -3.4607392e-03   4.3786860e-02   7.0322732e-03  -6.3773190e-02  -1.1084225e-01   2.6118943e-01  -1.8894266e-01  -1.1574213e-01   1.3010732e-01  -1.2193502e-02   1.4172936e-01  -1.4523747e-01   2.5219419e-01  -1.8159613e-01  -1.8732774e-01  -5.4052635e-01   2.1604192e-01   1.0688723e-01   8.3147647e-01   1.4904885e-01   4.4035437e-02   3.4855086e-01  -1.3311137e-01  -2.9287607e-01   3.3878838e-01   4.6909359e-01   1.6635222e-01   2.6227926e-01   4.0585237e-02   1.9415467e-01   6.3734654e-01   1.5602807e-01  -1.6393816e-02   1.9085521e-01  -2.8059882e-01  -1.1023230e-01  -4.1527507e-01   2.6773507e-01  -3.6556128e-01   9.8127963e-02   7.9035298e-02   2.1382313e-01   2.8371580e-01   3.5006275e-01   6.5433098e-01   6.5133125e-01   4.2248939e-02   2.6927892e-01  -2.5984023e-01  -1.3215575e-01  -9.2697380e-02  -2.7910380e-01  -3.5632026e-01  -2.0368633e-01  -7.3842589e-02   6.6251727e-01  -2.6505399e-01   4.7186945e-01  -1.8306712e-01  -1.4659747e-01   6.2769562e-01   2.0294801e-01   2.4106487e-01  -1.1891880e-02  -6.1273146e-02  -1.0829294e-02   1.4550810e-01  -3.2881320e-01   1.9849735e-02   2.5491309e-01   1.3953699e-01  -1.5845278e-01   2.4443311e-01   4.8599415e-01  -5.1226022e-01   8.3616920e-02   5.1786048e-02   1.6394496e-01   2.4904337e-02   9.0518074e-03  -4.1418744e-02   1.4858949e-01
  -1.7961956e-01   0.0000000e+00   6.2113383e-02   3.3620204e-02   6.2639284e-02  -1.3258672e-01  -1.3086022e-01  -9.1133497e-02   3.3529061e-01   1.2837409e-01  -3.2387757e-01   3.2739157e-01  -2.4777949e-01   1.5773255e-01  -1.3955923e-02  -3.1444547e-01   1.3744803e-01  -2.6941692e-01   3.6102622e-02  -3.8326853e-02  -7.7687325e-03  -1.3873406e-01  -2.1786302e-01  -8.3129959e-02   2.3120378e-01  -1.5107142e-02   2.4302325e-01  -9.6080226e-02   2.9186118e-01   1.5329554e-01   2.7003936e-01  -2.2542501e-01  -1.3247075e-01  -1.0725064e-01   1.7903895e-01  -9.3429935e-02   5.5314554e-03  -9.0068796e-02  -3.3346630e-01   1.1871165e-01  -4.8505460e-02  -1.5534604e-01   2.3590488e-01  -1.0399832e-01   1.0208155e-01  -1.1896780e-01  -1.8941065e-01   3.5441437e-01   2.9669784e-01  -1.0258494e-02  -3.0703674e-01  -1.5761696e-01   3.9152218e-01  -6.4592613e-02   9.4168048e-02  -3.4524297e-01  -1.4645214e-02  -2.3720522e-01  -1.5084554e-01  -2.4673951e-01   5.4597912e-02   3.1871096e-01   3.1929470e-01   3.5387654e-01   3.6448885e-01  -1.4024070e-01   1.8122929e-01  -2.2744871e-01  -1.8038987e-01   2.7166094e-02   4.0176678e-01  -1.0075365e-01  -1.0287355e-01  -1.5251728e-01   2.4388081e-01   6.0556700e-02  -2.9204554e-01  -1.1981732e-01   3.5139127e-01  -2.6098679e-02  -3.1244511e-01  -2.6405292e-01  -4.9189178e-02  -2.2079926e-01  -8.6925867e-02  -2.5198248e-01   6.0037039e-01  -2.5841546e-01   2.6668377e-01  -5.8560530e-02   3.4499279e-01  -1.6608161e-01  -5.7446363e-02  -5.6837115e-02  -2.3130367e-01   2.6317535e-02  -2.9719126e-01   3.8368924e-02  -2.1364656e-01  -2.8727020e-01  -1.6414163e-01  -1.3773471e-01  -1.6684551e-01   6.4688311e-02  -2.0085153e-01  -4.8833792e-02   1.0641377e-01  -1.2740021e-01   5.0168368e-02   1.7801387e-02  -7.1877894e-02  -1.8172527e-01  -2.9732398e-01  -2.0303958e-01  -2.9167488e-01   3.4411860e-01  -2.6671242e-01  -1.5425890e-01   4.4235125e-02  -1.5257089e-01  -3.4533824e-01   2.0633669e-01   1.8199173e-01   4.8802112e-01  -2.1518763e-01  -2.4496641e-01  -1.0848524e-01   1.5305416e-01  -2.6700870e-01   2.5720501e-01  -3.3896530e-01  -1.0040339e-02   8.8116744e-02  -6.4119530e-02  -4.4497546e-02  -1.7299381e-01  -1.6351327e-02  -1.2370850e-01  -2.0401145e-01  -1.1699144e-01  -8.0131553e-02  -8.9160782e-02  -2.4620535e-01  -7.4879818e-02  -1.2225276e-01   6.9932469e-02   1.0914178e-02   1.0181147e-01  -7.9966770e-02   1.6137756e-01  -3.5201339e-01  -4.2539538e-02  -1.3272150e-01   3.4250878e-01   2.7857272e-01  -1.3215491e-01  -2.2896638e-01  -3.2287761e-01  -8.7026416e-02  -2.9246179e-01  -6.9498740e-02  -1.8998390e-01  -2.2192305e-02  -4.8192891e-02   5.9160541e-03   2.5727464e-01   5.0716424e-02  -1.5288390e-01  -2.4874155e-01   3.3379259e-01   1.8306641e-01  -2.8949008e-01  -1.6894400e-01  -1.0335261e-03   1.7271771e-01   1.3100262e-01  -2.4100463e-02
  -2.2269628e-01   6.2113383e-02   0.0000000e+00  -1.2606557e-01   2.0025067e-01   2.3135377e-02  -1.3355525e-01   7.6085548e-02   3.1357674e-01   2.7571038e-01  -5.3290335e-01   3.4307751e-01   7.1022758e-02  -2.8696090e-01  -1.2657856e-01   2.2735453e-01   8.7879000e-01  -3.7004032e-01   1.9958014e-01   4.0016787e-01  -5.9209632e-01  -4.3402829e-01  -4.6421210e-01  -3.3684052e-01   5.3393594e-02   1.0418705e-01  -6.5194777e-02  -1.7349524e-01   3.4410484e-01  -5.1103426e-01  -2.4030586e-01  -1.4535257e-01   3.7748617e-01   1.8739135e-01   2.3567953e-01  -2.7153448e-01  -2.3873727e-01  -2.8915010e-01   6.4431582e-02   6.9518971e-01  -1.7692091e-01   3.2613924e-01   5.1339234e-01  -8.0235356e-02  -5.6923652e-03   2.3813313e-01  -4.5509814e-01  -2.5007075e-01  -1.4605401e-01   8.0697780e-01  -5.8363769e-01   1.0230325e-01   8.9572510e-02   6.0638948e-01  -1.0717366e-01  -1.5342443e-01  -3.7713869e-01  -1.3956608e-01  -1.6854295e-01  -2.5519465e-01   6.3656861e-01   1.9374882e-01   1.8827729e-01  -1.9218517e-01  -3.5310022e-01   1.1141957e-01   2.0732489e-01   7.2037755e-02  -4.5426640e-01   3.9660431e-01   3.8902292e-01  -3.9857217e-01  -1.4243325e-01  -1.9632899e-01   1.8821492e-01   3.8396390e-01   2.3497998e-01  -2.2262296e-02   2.0977643e-01   8.3758732e-02  -2.1358910e-01   1.3774089e-01   1.2358456e-01  -1.4520618e-01   5.2836134e-01  -2.6370843e-01   3.1524331e-04  -1.5316818e-01   7.6087176e-02  -2.2760467e-01   2.1966217e-01   7.7137045e-01   6.4235990e-01  -1.6397201e-01  -3.3338438e-01   4.4833417e-01   8.3190515e-02   2.9976869e-01  -7.9475304e-02  -2.2746218e-01   8.9838311e-03   9.2655591e-02  -2.4103758e-01  -3.6153661e-01  -5.6146369e-01  -4.1019920e-01   6.0941869e-01  -2.1624357e-01   4.4853480e-02  -4.1792581e-01   4.6504277e-01  -5.3063655e-01   3.3995233e-02  -2.9731068e-01  -3.5325366e-03   2.2671898e-01  -3.4752648e-01  -1.2394139e-01   1.0069959e-01  -1.1949856e-01  -3.3283787e-01   2.1597176e-01   4.8535507e-02  -1.9368471e-01  -4.3342327e-01  -1.9905725e-01  -5.5000878e-01   3.7932173e-01  -2.1713373e-01   4.2546700e-01   1.1778079e-01  -4.4751144e-02  -3.6293897e-01  -2.8670882e-01   1.0302911e-01   1.8185409e-01   3.1129079e-01  -4.9923986e-01  -7.1864960e-02  -1.5740335e-01  -2.3452104e-03   1.0292749e-01  -5.2814469e-01   2.4367649e-01  -2.3071669e-01  -5.1619427e-01   7.4094145e-01  -3.8985095e-01  -4.1463554e-01  -4.5634338e-01   1.1573608e-02  -1.9456211e-02   1.9325740e-01  -1.8915364e-01   8.1230197e-01  -2.0080295e-01  -1.6838694e-01  -6.8300988e-02   6.3517995e-01   1.9781526e-01   1.0422817e-01  -2.2139542e-01  -2.3016817e-01  -5.4292309e-01  -3.3178777e-02   2.6723558e-01   4.9208955e-02  -3.2402176e-01  -1.5529532e-02   3.0545161e-01   2.3985069e-01  -3.7214772e-01  -5.6386994e-01   5.7505654e-02   2.2191613e-01   2.7871681e-01  -2.2197407e-01
   2.1894544e-01   3.3620204e-02  -1.2606557e-01   0.0000000e+00  -3.1463847e-01   4.0719045e-01  -9.9937087e-02   3.8875692e-01   1.5317311e-01  -3.5154994e-01   2.4404154e-01  -2.7218164e-02  -1.7970686e-01   3.4071929e-01  -3.2741766e-02  -5.0048931e-01  -2.5848738e-01   1.1978924e-01  -1.6253682e-01  -2.0793408e-01   2.4162770e-01   5.3914418e-01   1.3082995e-01  -4.2896529e-02   3.1326331e-01   2.7478713e-01   3.2907258e-01   2.5134403e-01  -1.4334714e-01   4.1919658e-01  -1.4982803e-01   3.3327419e-01  -1.6568354e-01  -3.4146504e-01  -1.9045658e-01   7.5120900e-02   1.4850867e-01  -1.0637249e-02  -3.0937736e-01  -3.6407371e-01   9.7743791e-03  -3.1560090e-01  -5.2869437e-02   7.8848860e-02  -9.5761188e-02   1.9820866e-01   3.0605592e-01  -1.2598657e-01   2.7555226e-01  -4.3578903e-01   4.1466490e-01   3.9907903e-01  -4.2262120e-01  -1.4683494e-01   3.7014539e-01   4.0870549e-02   4.0864020e-01   2.1241347e-01   2.7800019e-01   4.3072864e-01   1.6541957e-01  -1.6717984e-01   4.6983706e-01   1.9373151e-02   9.8345035e-02  -1.8639568e-01   2.8152555e-01  -5.8875371e-01   4.6656356e-01   2.2310381e-01  -4.9175673e-01   6.5667583e-01  -3.7419984e-01   4.4457019e-01   2.9317544e-01   1.2403769e-01  -1.6267645e-01   3.6647424e-01  -1.9349071e-01   2.4721213e-01   2.3689086e-01  -5.0144439e-01  -3.4502217e-01   3.6087463e-01  -2.6820911e-01   1.5405981e-01   2.2861036e-01  -3.9540617e-01  -7.1794507e-02   2.3095152e-01  -1.2429486e-01  -2.1079209e-01  -3.2839146e-01   1.7555067e-01   2.9207108e-01  -4.1232352e-01  -5.0412906e-01   3.7265490e-02  -1.5643731e-02   2.1220785e-02  -1.8056488e-01  -2.9723166e-01   1.0882265e-01   2.8071081e-01   3.3812201e-01   5.7931296e-01  -1.8794826e-01   4.6681356e-01  -2.1075628e-01   1.9853000e-01  -4.7343628e-01   5.1134685e-01   1.5114662e-01   2.1750743e-01   5.9559976e-02  -1.9908868e-01   1.5086184e-01  -3.3232838e-01  -2.1631922e-01   6.0744063e-01  -1.2399820e-01  -1.5031232e-01   1.5468832e-01   4.7580164e-02   2.1010083e-01   2.3034313e-01   1.5040340e-01   8.6528569e-02   5.8068126e-01  -1.4809644e-01  -4.5301396e-01  -4.6535116e-01   3.1950177e-01  -2.3235903e-01   6.1769109e-01   2.1036243e-01   1.6809258e-01   1.7474533e-01   2.2995336e-01   2.3063206e-01   2.2482412e-01  -3.5005643e-01   4.4966803e-01  -7.2171906e-03  -1.8227278e-01   5.1447303e-02  -3.0693465e-01  -3.1606944e-02   1.8477252e-01   2.0994476e-01   1.3823917e-01  -1.2120192e-02  -1.9627296e-01  -7.7763144e-02  -2.5309922e-01   5.8370932e-02   2.0550506e-01  -1.5832188e-01   6.1967498e-02  -1.4127806e-01  -6.6224154e-01   1.6774749e-01  -1.9530919e-01   5.1566156e-01   6.2801571e-01  -8.4875523e-02  -3.5033817e-01   3.0853116e-01   7.9356825e-02  -5.0797361e-01  -2.6175577e-01   6.6170622e-02   5.3364934e-01   3.2226248e-01   3.9690597e-01   3.7398782e-01   5.0877866e-01
  -9.5681515e-02   6.2639284e-02   2.0025067e-01  -3.1463847e-01   0.0000000e+00  -4.9877180e-01  -3.4303977e-01  -1.2169326e-01   1.9629406e-01   4.1694695e-01  -4.5262848e-01   5.1198445e-02   4.6201381e-01  -2.0747590e-01  -1.2104150e-01   1.3476177e-01   3.8175889e-01  -1.3810661e-01   2.9308420e-01   7.4805494e-01  -3.2586141e-01  -5.1212164e-01  -3.3980766e-01   1.2080869e-01  -4.9958527e-02  -1.7216580e-01  -2.4197328e-01  -3.5267117e-01   2.6594391e-01  -5.0959787e-01  -6.7642424e-02  -2.1738274e-01   3.6819684e-02  -8.0045087e-02   1.7045637e-01  -8.6152769e-03  -2.4274783e-01  -2.4998343e-01   1.2749908e-01   5.7634723e-02   3.3608790e-01   1.4675593e-01   2.4493128e-01  -2.5224246e-01   2.0946118e-01  -4.3784869e-01  -3.2651795e-01  -2.2188293e-01   7.9426355e-02   3.1900912e-01  -3.6782097e-01  -2.5936334e-02   3.2902396e-01   9.6747311e-02  -2.3814685e-01  -3.4146959e-01  -4.3576182e-01  -1.6727844e-01  -8.3921259e-02  -3.1027636e-01   3.1092912e-02   4.3001600e-01   1.0597695e-01  -1.6585801e-01   8.3405101e-03  -2.0929908e-03  -3.4565497e-01   2.9650171e-01  -5.2918821e-01  -4.5645859e-01   3.1242035e-01  -4.7086087e-01   2.0798569e-01  -4.1411402e-01   5.7346089e-03   2.5587768e-02  -2.2814914e-01  -3.6863513e-01   5.9980917e-01   2.0015510e-01  -5.2017323e-01   2.5082255e-01  -4.5030224e-02  -2.6515901e-01   4.7491288e-02  -3.2061645e-01  -1.4044850e-01   9.9741408e-03  -3.5991757e-02  -3.8387693e-02   5.8502089e-01   7.0497529e-02   4.2469755e-01  -2.5601269e-01  -4.8064394e-01   6.3893053e-01   3.3613659e-01   1.9309253e-01   2.1285176e-01  -1.1392584e-01  -2.0966064e-01  -1.1346342e-02  -2.9412411e-01  -3.6147449e-01  -4.4933488e-01  -2.9621239e-01   1.7658013e-01  -2.9422797e-01   5.1876235e-02  -2.0055838e-01   1.6323157e-01  -5.0250804e-01  -9.9734515e-02  -3.6425852e-02  -4.6616535e-01   6.0451205e-01  -3.2502956e-01   3.0450624e-01  -1.4170342e-01  -2.1812880e-01  -1.8215683e-01   6.2761936e-01  -6.3540457e-02   1.9552833e-01  -3.5978549e-01  -2.9610456e-01   3.4594077e-02   2.6423594e-01  -3.1631621e-01  -2.4098226e-01   3.6699670e-01   3.3172926e-01  -5.2018646e-01  -2.5539187e-01  -1.8438340e-01  -9.1267261e-02   2.6681755e-01  -5.1227470e-01  -4.3110615e-02   1.0476629e-01   5.3862728e-02   4.9416506e-01  -4.2509310e-01  -3.6621761e-01  -9.6057859e-02  -3.8134637e-01   1.0303762e-01   9.5037422e-02  -2.8959187e-01  -2.3783641e-01  -3.4659036e-01  -1.6608871e-01  -1.5763589e-02   4.4570574e-02   3.6112698e-01   1.0574420e-01  -3.3524740e-01   1.0016588e-01   2.3779008e-02  -9.7079036e-02   3.8429689e-01  -3.8348719e-01   2.2866563e-01  -3.9889652e-01  -3.2543168e-01   4.3624639e-01   3.3770696e-01  -4.2793563e-01  -2.9031265e-01   4.3077498e-01   4.8916394e-01  -2.0904909e-01  -2.8548689e-01  -4.4295991e-01  -4.9323701e-02   9.4833603e-02  -3.0719087e-01
  -9.6492514e-02  -1.3258672e-01   2.3135377e-02   4.0719045e-01  -4.9877180e-01   0.0000000e+00   4.3328022e-01   2.1138275e-01  -1.7513784e-01  -4.2951189e-01   3.6808777e-01  -2.9870125e-02  -3.7860529e-01  -3.3985382e-03   1.4945299e-01  -1.6901803e-01  -2.1657077e-01   3.0844662e-01  -8.5901447e-02  -3.6896193e-01   4.3910196e-01   5.0571446e-01   4.7766444e-01  -4.0385371e-01  -4.2426647e-03   4.0363658e-01   4.1680702e-01   2.3644558e-01  -2.5287719e-01   5.2695779e-01  -1.0988881e-01   2.8713232e-01  -7.5569017e-02   2.3049742e-01  -2.5735339e-01   3.5519097e-01   2.6490969e-01   1.8459868e-01  -7.5906804e-02   1.2634807e-01  -1.7864393e-01  -1.3300845e-01  -2.3798278e-01   3.6099274e-01  -9.7948232e-02   5.6711801e-01   4.5997042e-01   2.4091582e-01  -1.3204487e-01  -2.5666075e-01   4.6615598e-01   1.8428446e-01  -3.4689092e-01  -1.4945643e-02   3.1465123e-01   4.6406350e-01   5.4631415e-01   2.3073924e-01   2.4061038e-01   3.9588231e-01   2.3415739e-01  -5.0116473e-01  -2.8871194e-02   2.7460598e-02  -1.9199708e-01   2.2689831e-01   6.5510877e-01  -4.8462052e-01   5.5674542e-01   5.8921987e-01  -3.2093678e-01   5.2020457e-01  -3.8428007e-01   4.5358944e-01  -1.1983098e-01  -3.1116847e-02   2.7870372e-01   3.6386322e-01  -6.6901867e-01  -3.0929333e-01   5.4245273e-01  -2.1594365e-01   1.7946629e-01   4.2849598e-01   1.7889174e-01   2.0651966e-01   7.0724446e-03  -1.7350529e-01  -9.4346670e-02  -1.1805814e-01  -6.3115695e-01   1.6021659e-01  -2.6282652e-01   3.0177602e-01   4.7817133e-01  -5.8373846e-01  -3.7577169e-01   4.6756711e-02  -9.7591732e-02   1.6590020e-01   1.5752503e-01   4.9652784e-02   2.8074587e-01   2.6867192e-01   4.5696634e-01   2.8811261e-01  -6.8749388e-02   5.5031122e-01  -1.3051102e-01   3.7931134e-01   3.3348768e-03   5.0740971e-01   1.0625301e-01  -9.7161712e-02   5.8924339e-01  -6.6285054e-01   2.0221657e-01  -3.0668854e-01   3.1738227e-01   3.1522580e-01   9.2528634e-02  -6.4853702e-01  -2.7131804e-01  -3.5618342e-01   3.3750549e-01   1.7807603e-01  -3.8340143e-02  -2.7707596e-01   3.5930003e-01   2.7011704e-01  -3.5801618e-01  -2.6538291e-01   4.5908280e-01   2.3214722e-01   2.7401256e-01   5.3266494e-02  -3.3300221e-01   3.6768567e-01   6.2373914e-02  -1.8546231e-01  -2.0023175e-01  -5.8843009e-01   4.5367428e-01   5.6492083e-01   1.1920980e-01   1.8686199e-01   3.6001704e-03  -5.9813741e-03   4.9110137e-01   1.2834936e-01   3.2938403e-01   3.0060494e-01  -9.3905808e-02  -9.3545992e-02  -2.4611388e-01  -3.4342975e-01   3.4809825e-01  -5.4491511e-04   1.1831128e-01   1.8523209e-01  -5.8001132e-01   2.7580893e-01  -1.9257510e-01   4.1643703e-01   4.1984954e-01  -6.3439010e-01  -3.1175141e-01   3.9836690e-01   3.4403958e-01  -2.5152330e-01  -5.5784283e-01   6.2601680e-02   3.2119273e-01   4.9945768e-01   2.3816768e-02  -3.7851870e-02   4.0602822e-01
  -3.1660181e-01  -1.3086022e-01  -1.3355525e-01  -9.9937087e-02  -3.4303977e-01   4.3328022e-01   0.0000000e+00  -2.7744743e-01  -3.8379091e-01  -1.2035248e-01   4.5304026e-01   9.0475478e-02  -2.7392410e-01  -1.2953428e-01   4.8410917e-01   1.9496362e-01  -3.4393566e-01   4.9243130e-01  -3.0072171e-01  -3.3625312e-01   4.6626057e-01   4.1596657e-01   6.4595714e-01  -4.3914998e-01  -3.0721711e-01  -8.7232554e-02   2.8510711e-01   3.9927280e-02  -3.6399856e-01   4.1525294e-01   3.0299631e-01   1.8745844e-01  -7.3119924e-03   6.5994128e-01  -6.1355959e-02   4.8389532e-01   3.5777086e-01   9.3411095e-02   2.0945523e-01   1.6250298e-01  -2.0545962e-01   6.0363055e-02  -3.5583186e-01   3.5850815e-01   1.7667100e-01   1.5015157e-01   4.3906780e-01   5.9931984e-01  -2.4431831e-01  -2.1284398e-01   3.9185056e-01  -2.4129690e-01   8.2371941e-02  -1.6569647e-01   4.1783622e-02   6.2104873e-01   8.6226598e-02   1.2485850e-01   2.2368125e-02   1.8966211e-01  -9.0048289e-02  -3.9696931e-01  -5.7744057e-01   1.3249464e-01  -8.7023536e-02   4.2635587e-01   2.1653024e-01  -7.9696367e-02   3.8572124e-01   3.6292131e-01  -4.3987617e-02   1.9925783e-01   1.1113482e-02   1.7070831e-01  -3.4655674e-01  -6.5942388e-02   2.3307237e-01   1.2568519e-02  -5.8900935e-01  -3.9677873e-01   6.1402086e-01   1.1533033e-01   4.5719605e-01   7.4407208e-02   5.5021559e-03   3.3886369e-01  -1.3463059e-01   1.3423651e-01  -5.0344576e-02  -4.1735365e-01  -6.9251038e-01   6.5404520e-03  -1.3521195e-01   2.3300015e-01   2.7664646e-01  -4.9240709e-01  -1.5300379e-01  -2.6689725e-01   2.6117208e-02   3.8646266e-01   2.3603392e-01   5.6675710e-01   5.4472800e-01   1.6508353e-01   5.4100925e-01   1.5429034e-01  -1.5769731e-01   1.2203417e-01   4.6149801e-02   3.8966483e-01   4.2646119e-01   3.4622112e-01   9.1323457e-02  -3.5779194e-01   5.4250997e-01  -5.9680526e-01   2.8808947e-01  -1.2659939e-01   4.2253734e-01  -7.6132326e-02   1.2074173e-01  -6.4432486e-01  -3.9177822e-01  -3.6186970e-01   2.0065280e-01   4.5815590e-02   8.4804392e-02  -4.0103446e-01   2.0097264e-01   1.6571248e-01  -8.5582749e-02   2.1330600e-01   3.8013244e-01   5.4950717e-01  -8.9699196e-02  -2.1866955e-01  -4.8101385e-01   3.2496912e-01  -1.5293374e-01  -3.7955367e-01  -3.4247121e-01  -3.7836350e-01   3.0630185e-01   4.7850168e-01   5.7008683e-01   4.4502689e-01   1.0164539e-01   1.9587091e-01   5.5145354e-01   1.6650749e-01  -7.9588160e-03   4.6339892e-01  -1.1829856e-01   1.2804282e-01  -3.7111361e-01  -3.7442753e-01   2.4230018e-01  -1.0211885e-01  -8.8888034e-02   4.4049753e-01  -1.5191307e-01   2.5671124e-01   3.0131827e-02   3.5708557e-01  -1.3586093e-02  -5.8652425e-01   2.2031716e-01   1.2708365e-01   2.2220858e-01   6.7821355e-02  -4.1629296e-01   2.1012146e-01   2.4238856e-01   4.2394731e-02  -1.3048225e-01  -3.6507393e-01   1.4449899e-01
   2.3593072e-01  -9.1133497e-02   7.6085548e-02   3.8875692e-01  -1.2169326e-01   2.1138275e-01  -2.7744743e-01   0.0000000e+00   3.3038496e-01  -1.2362564e-01  -7.1392179e-02  -1.4705688e-01   1.2198501e-02   3.6870352e-01  -1.9673689e-01  -2.6733467e-01   1.0648953e-01  -2.6629650e-01   3.5808053e-01   5.4470196e-02  -2.5979169e-01   6.6836587e-02  -2.5588351e-01   1.0803384e-01   2.0410406e-01   2.5721698e-01   6.8418356e-02  -1.0964064e-01   9.6230055e-02  -4.1841390e-02  -3.7603646e-01   2.7861476e-01   2.3342998e-01  -3.2360342e-01  -1.6849009e-02  -2.9055767e-01  -1.0127028e-01  -6.2560320e-02  -8.2704179e-02  -9.8359498e-02   7.8434600e-02   7.1095888e-02   1.3286469e-01   5.3732822e-02  -3.3313639e-01   3.6464084e-01  -9.9319541e-02  -3.1822115e-01   1.3552833e-01   3.2101758e-03  -8.3129792e-02   7.4090353e-01  -3.3487360e-01   2.1334100e-01   2.4592486e-01  -3.9149912e-01   2.7320288e-01   2.4909587e-01   1.4584879e-01   1.9149804e-01   2.0864592e-01  -1.3822707e-02   4.7706362e-01  -4.3568610e-02  -1.5539799e-01  -3.7264494e-01   2.7258413e-01  -2.9977258e-02   1.2758208e-03   2.8550265e-03  -2.4003140e-01   5.8867394e-02  -1.4850694e-01  -5.4172193e-04   3.7155063e-01   2.3233565e-01   2.1294049e-01   3.8987354e-01   4.1943286e-02   3.7879263e-01  -4.5787462e-02  -2.9304731e-01  -4.2364424e-01   5.3537104e-01   2.6455278e-02   4.6107475e-02   1.3744811e-01  -5.2416382e-02   8.4097756e-03   3.5989273e-01   1.2959254e-01   4.8522869e-02   2.5555118e-02   1.3308070e-02   3.5307703e-01   1.0965486e-01   1.7827971e-02   5.5323919e-01  -9.6622263e-02  -9.1421205e-02  -1.8624021e-01  -3.8044670e-01  -2.2202337e-01   1.4539153e-01  -1.0619063e-01   2.0318159e-01   1.8821566e-01   3.8048920e-01  -2.4080198e-01  -3.0700592e-01  -3.4480996e-01   3.6973490e-02   2.0893286e-01   4.7294590e-01  -4.6937894e-02   1.3604166e-01  -1.1116015e-01  -1.9602269e-01  -4.2520268e-01   2.8835091e-01   7.6346479e-02   1.3723746e-01   3.2657507e-01  -7.7062749e-03   3.9562727e-01   3.0488280e-01  -6.5909154e-02   4.1765399e-01   3.4106289e-01  -1.0822151e-01  -1.9430720e-01  -3.7167709e-01  -1.4388593e-01  -4.0156658e-01   3.6102196e-01   6.2389990e-01   3.4717072e-01  -1.0346677e-01   5.8127893e-01   4.1726283e-01   3.9782885e-01  -9.8393364e-03   1.3624167e-01  -2.8106712e-01  -3.0902375e-01  -2.5228445e-01  -2.6851668e-03  -3.4829638e-01  -2.6767297e-01  -1.2789017e-01   3.0774703e-01  -1.3883496e-01   2.1396831e-01  -8.8568261e-02   1.4347025e-01   8.5624687e-02   4.1206770e-01   2.0025588e-03   2.8071676e-01  -7.7898479e-02  -1.4889957e-01   3.4163550e-01  -2.4681417e-01  -2.4658680e-03   2.7781840e-01   1.6795986e-01  -2.3855130e-01   5.4699139e-02   1.1089078e-01  -2.4535020e-01   1.4018484e-01   1.9274103e-01   3.2306624e-02   2.8491516e-03   1.7978984e-01   2.8543165e-02   3.4780457e-01
   2.1387429e-02   3.3529061e-01   3.1357674e-01   1.5317311e-01   1.9629406e-01  -1.7513784e-01  -3.8379091e-01   3.3038496e-01   0.0000000e+00   1.6349779e-01  -3.3974674e-01   8.7398485e-02   2.3146684e-01   1.3730444e-01  -4.6791359e-01  -1.4758393e-01   4.2632236e-01  -3.7694094e-01   2.2100440e-01   4.5157257e-02  -3.3134207e-01  -1.3391160e-01  -5.7376464e-01  -5.3986185e-03   2.0259026e-01   1.8614631e-01  -8.0068723e-02  -4.0062464e-02   1.9675220e-01  -2.8279787e-01   9.2321667e-02   6.2470991e-02   2.4699214e-01  -3.2142470e-01   1.7317161e-01  -1.8903215e-01  -2.0609560e-01   5.0667600e-03  -1.7504984e-01   7.0510515e-02   3.0707599e-01  -4.7526414e-03   3.4368273e-01  -2.2686088e-01  -1.6498818e-01  -5.4671006e-02  -2.9404499e-01  -7.9897280e-02   2.3966619e-01   1.8997008e-01  -4.3873586e-01   3.7138616e-01   2.1109114e-01   1.7818198e-01  -4.8756904e-02  -3.6670763e-01  -1.1067420e-01   1.4013621e-01   1.3849501e-01  -5.5309036e-02   2.7185416e-01   2.3785969e-01   4.7386865e-01   1.3912430e-01   3.6702118e-02  -3.2952356e-01   1.5985008e-01  -5.9337174e-02  -3.2850816e-01  -9.4399521e-02   3.5745127e-01  -3.1313349e-01   5.3911954e-02  -1.7033677e-01   2.9713294e-01   3.7460125e-01  -1.4916142e-01  -6.3473098e-02   4.6254931e-01   2.7411503e-01  -2.2823361e-01  -1.5407480e-01  -9.0250366e-02   5.2104827e-02   6.5818131e-02  -2.6299413e-01   3.5775379e-01  -1.7968031e-01   9.9720207e-02   1.3769938e-01   4.4018969e-01   1.1028488e-01   1.1539604e-01   1.1945440e-01  -1.6641468e-01   2.7824459e-01  -1.0336923e-01   2.7105999e-01  -1.2857034e-01  -3.6641719e-01  -7.5595589e-02  -3.3116769e-01  -2.7873316e-01   1.4432322e-01  -3.4265287e-01   1.3594897e-01   2.3713166e-01  -4.2309788e-02  -6.8964683e-02  -2.8638579e-01  -1.2419165e-01  -2.8104116e-01  -2.4987894e-01   1.9149857e-02  -3.2804935e-01   5.0832024e-01  -1.2601916e-01   8.7972683e-02  -1.8843678e-01  -1.4515074e-02  -2.8185775e-01   3.4831934e-01   2.4822567e-01   2.4726514e-01  -2.0911097e-01  -3.6410423e-03  -3.4238858e-01   3.4200225e-01   2.6747990e-02   6.4872106e-02  -8.6012497e-03  -2.0315664e-01  -2.5777581e-01  -2.1860611e-01  -3.8455800e-02   3.3626841e-01   3.1341130e-01  -1.9775738e-01   6.9336794e-02   2.6313342e-02   1.6306533e-01   2.2307527e-01  -2.7632134e-01  -2.6989620e-01  -5.0244566e-01  -1.0074328e-01   2.2073320e-01  -3.1320281e-02  -4.1327008e-01  -1.3618991e-01  -4.5363055e-02  -1.3911893e-01   9.6210137e-02   1.0210712e-01   4.8002979e-01   8.1252692e-02  -9.6949264e-02   5.3068768e-02   4.0695112e-01  -1.2930161e-01   3.8183921e-02   3.6074331e-02   2.7195978e-02  -2.4505156e-01   2.6766093e-01   3.7959404e-01  -6.5097678e-02  -1.1727347e-01  -2.2632995e-01   1.8375713e-01   2.9139802e-01  -2.7702129e-01  -2.8413297e-01  -6.1620516e-02   2.7244903e-01   8.8599525e-02   1.5866364e-01
  -1.8013708e-01   1.2837409e-01   2.7571038e-01  -3.5154994e-01   4.1694695e-01  -4.2951189e-01  -1.2035248e-01  -1.2362564e-01   1.6349779e-01   0.0000000e+00  -5.7817426e-01   1.5893318e-01   2.3120739e-01  -2.8167534e-01  -1.1205083e-01  -1.5833389e-02   4.1580830e-01  -3.3879764e-01   1.9695175e-01   3.0138530e-01  -3.9314269e-01  -5.0963874e-01  -2.3842705e-01  -2.7882243e-02  -7.6008154e-02  -2.3825442e-01  -2.6517015e-01  -3.9133821e-01   2.4733501e-01  -6.3662147e-01  -5.5971814e-02  -3.1636676e-01  -7.4812140e-02   2.0938371e-01   3.3123887e-01  -3.1871354e-01  -1.3042921e-01  -3.1222448e-01  -2.0400141e-02   3.6136557e-01  -6.6760801e-02  -4.2157689e-02   5.2498908e-01  -5.2119225e-01   2.6246134e-01  -2.0777448e-01  -6.3694564e-01  -8.2766172e-02  -1.0063202e-01   4.3618776e-01  -4.5377604e-01  -1.4242464e-01   5.0040504e-01  -1.6986973e-02  -4.2676876e-01  -4.3344564e-01  -3.7833058e-01  -3.1200414e-01  -2.6012484e-01  -4.8611797e-01  -1.2679744e-01   3.6413073e-01   1.0828841e-01  -9.2091046e-02   4.6243408e-02   4.2259742e-01  -4.6394743e-01   1.8397467e-01  -6.4141281e-01  -6.5753852e-02   5.9157245e-01  -5.7164868e-01  -1.6942001e-03  -5.0463741e-01   2.4234725e-01  -1.6507951e-01  -1.6068258e-01  -3.7568431e-01   5.3472439e-01   7.2077348e-02  -4.9348206e-01   8.6196307e-02   3.4529738e-02  -4.3805517e-01   1.3287474e-01  -4.6766316e-01  -4.7787727e-02  -1.4118024e-02  -1.8798144e-01  -1.0645685e-01   4.4276938e-01   1.7241572e-02   5.5596226e-01  -2.6018072e-01  -4.1632292e-01   5.8246403e-01   7.2914529e-02   2.1222531e-01  -1.4663463e-01   1.1186955e-01  -5.1673420e-02   2.3585711e-01  -4.1656710e-01  -5.4323000e-01  -3.6952684e-01  -4.3959388e-01   5.5425039e-02  -4.7853818e-01   1.1526558e-01  -4.3777438e-01   5.2561751e-01  -5.9555557e-01  -3.2125956e-01  -1.1430346e-01  -3.9830043e-01   5.0148552e-01  -5.1126554e-01   2.4557292e-01  -1.4006326e-01  -3.4369261e-01  -2.8138771e-01   4.6617747e-01   1.2351708e-01   3.2866784e-01  -2.7424550e-01  -2.7777047e-01   1.4406945e-02   2.7252416e-01  -3.3940533e-01   2.2772305e-01   1.1787629e-01   4.3295012e-01  -5.1163265e-01  -1.4480210e-01  -2.5694006e-01  -2.8026006e-01   2.7564105e-01  -3.5751150e-01  -7.7737622e-02  -5.6499990e-02  -8.0079757e-02   2.9221995e-01  -5.3828660e-01  -2.0713144e-01   2.1170596e-02  -4.9096555e-01   5.1005867e-01   2.1706393e-02  -2.7593286e-01  -2.5549981e-03  -2.5174998e-01  -2.8368865e-01  -1.0891807e-01  -4.3664999e-02   5.4336671e-01   1.2962122e-01  -3.5085322e-01  -1.3340863e-01  -7.4065814e-02  -1.6443391e-01   2.6775927e-01  -4.7521481e-01   4.4049732e-01  -4.6111298e-01  -3.4397349e-01   5.5684539e-01   4.3066282e-01  -3.2209289e-01  -2.9987546e-01   4.7204344e-01   6.0558272e-01  -1.2959226e-01  -5.7935024e-01  -3.3021483e-01  -3.2218743e-02   1.2339403e-01  -5.3662083e-01
   3.1529039e-02  -3.2387757e-01  -5.3290335e-01   2.4404154e-01  -4.5262848e-01   3.6808777e-01   4.5304026e-01  -7.1392179e-02  -3.3974674e-01  -5.7817426e-01   0.0000000e+00  -2.1219789e-01  -1.7587355e-01   1.8999512e-01   3.1202407e-01   6.7378548e-02  -6.8054893e-01   7.1242901e-01  -4.1398334e-01  -4.5839648e-01   6.5321109e-01   6.4023822e-01   5.6325829e-01  -9.9163371e-02  -2.1266020e-01   5.8839766e-02   2.4030240e-01   2.7365471e-01  -4.5486651e-01   7.2781186e-01   2.7570459e-01   3.0233344e-01  -1.6221173e-01   5.2309714e-02  -2.9154742e-01   5.6517135e-01   2.1453085e-01   3.2623403e-01   1.6135706e-01  -4.1560747e-01   3.1756100e-02  -1.4844634e-01  -5.7404150e-01   4.6500197e-01  -7.7820711e-02   1.2246521e-01   8.2876745e-01   2.2493681e-01  -1.3362841e-01  -6.2126752e-01   7.1500149e-01  -1.5130779e-02  -3.6040972e-01  -3.6423897e-01   1.3592342e-01   6.3315512e-01   2.9685467e-01   3.7453027e-01   3.8657512e-01   5.3014854e-01  -1.7581512e-01  -5.5210759e-01  -3.0033179e-01   2.7831742e-01   1.0035130e-01   5.4902286e-02   1.8373964e-01  -1.4782093e-01   7.8719169e-01   8.6456226e-02  -5.8405626e-01   6.3077099e-01   4.7520411e-02   4.0340098e-01  -4.4863477e-01  -1.7806643e-01   1.8393343e-01   1.4508510e-01  -6.3643126e-01  -2.8645339e-01   6.3376929e-01  -1.1536301e-01   1.4781557e-01   2.7211372e-01  -2.4770989e-01   5.0291347e-01  -5.5056172e-02  -1.9865581e-02  -3.9962844e-02   4.9155309e-03  -5.8114109e-01  -2.7360151e-01  -5.3245629e-01   3.9256931e-01   5.3135653e-01  -6.9487685e-01  -1.4929585e-01  -4.7188865e-01   1.8334089e-01   2.1402629e-01   1.3738913e-01   1.9618003e-01   4.7336980e-01   5.6551071e-01   7.6278389e-01   4.9757596e-01  -3.7870393e-01   3.8150895e-01  -1.1370077e-01   6.1923695e-01  -2.4487125e-01   6.9997458e-01   2.3213222e-01   1.2024572e-02   4.1482670e-01  -6.3575830e-01   6.2747684e-01  -2.9276524e-02   2.2525670e-01   2.8188631e-01   3.8569815e-01  -6.2088139e-01  -1.8667873e-01  -2.0057234e-01   4.2188627e-01   2.7671463e-01   2.9274089e-01  -4.9508410e-01   5.0556666e-01  -2.0882269e-01  -1.0993079e-01  -5.5479309e-02   4.9100371e-01   4.1741489e-01   1.2925855e-01   7.0365317e-02  -4.5159675e-01   5.8950887e-01   1.8762991e-01  -1.0847662e-01  -1.0682419e-01  -4.1981582e-01   7.9910003e-01   3.0527503e-01   2.5565150e-01   6.9231043e-01  -5.3179750e-01   3.7697219e-01   6.2983744e-01   2.3569849e-01   2.3556956e-01   2.6762560e-01  -8.0631141e-02   2.8309310e-01  -7.1408772e-01  -6.4079126e-02   3.9273957e-01   1.5436997e-01  -2.1048181e-01   1.2907163e-01  -2.3555893e-01   5.9384531e-01   2.9854599e-04   7.4571804e-01   2.6709481e-01  -6.7755670e-01  -5.6874784e-02   4.5067477e-01   3.0514399e-01  -4.3167333e-01  -6.9433789e-01   3.9936152e-01   7.0578436e-01   2.6375892e-01  -1.5037711e-01  -2.5380481e-01   4.3433566e-01
  -1.1043095e-01   3.2739157e-01   3.4307751e-01  -2.7218164e-02   5.1198445e-02  -2.9870125e-02   9.0475478e-02  -1.4705688e-01   8.7398485e-02   1.5893318e-01  -2.1219789e-01   0.0000000e+00  -1.6183678e-01  -5.7588226e-02   2.6401816e-01  -1.3035556e-02   2.1921930e-01  -2.3290243e-01  -2.1667052e-01   9.5910965e-02  -2.0557507e-01  -6.9481225e-02  -1.7175502e-01  -2.5323752e-01   1.1972723e-01   2.3137170e-02   1.3105752e-01  -1.3852674e-01   2.3483677e-01   1.4765806e-02  -3.1507194e-02  -4.9749451e-02  -5.9064743e-02   2.8520968e-02   5.8127658e-01  -9.3460412e-02  -9.2249963e-02  -7.4086270e-03  -1.9450638e-01   1.7390428e-01  -2.2273242e-01   1.0961685e-01   5.3564666e-01   6.6194812e-02   6.5173813e-02  -8.7201105e-02  -1.5793992e-01  -8.3299059e-02   1.8993107e-03   1.3024986e-01  -1.4966573e-01  -1.0676800e-01   1.7043302e-01   1.3255666e-01   4.0910528e-02  -1.0426247e-01  -9.8232196e-02  -2.6766191e-02  -1.5976306e-01  -3.5311117e-02   1.0240304e-01   2.7407730e-01   4.1040442e-02   2.8773077e-02  -4.0865127e-02  -2.9419825e-02   5.0200630e-02   5.1718946e-02  -8.6268831e-02   2.2639176e-01   9.2776180e-02  -6.7052279e-02  -2.2127468e-01   4.8505740e-02   1.3499470e-01   9.1186335e-02  -9.7178597e-02  -6.6749843e-02   2.4104692e-01   1.4848062e-02  -1.5105631e-01   4.3775387e-02  -6.8122093e-02  -1.2325970e-01  -3.7216644e-02  -1.7637229e-01   1.5279595e-01  -6.1973243e-02   1.4761783e-01  -1.7214531e-01   1.4995578e-01   2.1128941e-01   3.6839588e-01   1.1091291e-01  -8.9415760e-02   7.8510338e-02  -6.4535107e-02  -1.6053557e-01   5.6235477e-02  -2.3352197e-01  -2.5060291e-01   3.0958616e-01  -1.9948960e-01  -9.0566266e-02  -1.2770112e-01  -5.8615939e-02   1.7458632e-01  -7.7921730e-02   4.7301803e-03   1.1216312e-02   2.4331016e-01  -5.5451131e-02  -8.5224046e-02  -1.4940166e-01  -1.3816062e-01   1.0270166e-01  -1.1857940e-01  -1.2634163e-01  -7.7819713e-03  -3.2306467e-02  -2.1463284e-01   1.6658640e-01   2.5845705e-01  -3.6908311e-03  -2.3255182e-01  -2.4933308e-02   4.4667680e-02   1.2374777e-01  -5.2811823e-02   1.1400309e-01  -1.8746837e-01  -1.7175673e-02   3.3578436e-02  -2.0606835e-01  -1.8271317e-02  -9.4801966e-02   1.0867663e-01  -2.8955806e-01  -1.0146383e-01  -7.0838146e-02  -1.5136242e-01  -7.4452764e-02  -8.3170709e-02   2.1291562e-01   2.6286625e-01  -2.0459018e-01   3.2668050e-01  -1.7070723e-01  -3.0289830e-02  -2.4461959e-01  -2.0666258e-01  -1.5726214e-01  -2.2994280e-02  -4.6907636e-02   3.0535625e-01  -2.5642689e-01  -9.4375603e-02  -7.3983165e-02   5.3346656e-02  -1.5186848e-01   1.4140581e-01  -1.5859491e-01  -2.8233920e-01  -1.7072639e-01   9.0846453e-02   2.5783368e-01   3.8556874e-01  -1.8801663e-01  -3.0517247e-02   2.2353887e-01   2.3863975e-01  -2.7927977e-01  -1.7267139e-01   8.8664655e-02   2.1539633e-01   5.3332415e-02  -8.0977243e-02
   2.1430035e-02  -2.4777949e-01   7.1022758e-02  -1.7970686e-01   4.6201381e-01  -3.7860529e-01  -2.7392410e-01   1.2198501e-02   2.3146684e-01   2.3120739e-01  -1.7587355e-01  -1.6183678e-01   0.0000000e+00  -1.6757516e-01  -3.7764837e-01   1.9824369e-01   1.6765544e-01  -8.1598325e-02   2.1167545e-01   4.1990021e-01  -2.4002360e-01  -2.7520527e-01  -2.6591526e-01   1.2957727e-01   2.2000080e-02  -9.7834443e-02  -3.7588912e-01  -2.6354227e-01   8.0928720e-02  -3.9906596e-01   7.4740190e-03   2.1108396e-02   2.6150396e-01  -1.5793998e-01   7.5211997e-03  -1.3990192e-01  -4.8107667e-01  -2.9836335e-01   2.2091686e-01  -1.2308055e-01   6.5705825e-01   1.3262150e-01   1.3846324e-01  -2.1412944e-01  -9.8295070e-02  -2.8073770e-01  -2.2188183e-01  -2.5570902e-01  -1.2171052e-01   2.0977882e-01  -2.0698276e-01   1.2374308e-01   4.2990547e-02   2.2933000e-01  -2.2385248e-01  -1.6338772e-01  -2.5686914e-01  -1.0118793e-01   8.8967359e-03  -1.4893862e-01  -6.4407869e-04   1.7699280e-01   3.9598599e-03  -1.2366393e-01  -2.2602668e-01  -8.9661138e-02  -3.4050475e-01   3.6830565e-01  -3.3382378e-01  -3.8352640e-01   4.1399643e-02  -2.9195539e-01   4.2526243e-01  -2.4886862e-01  -1.3456555e-01  -5.1689467e-03  -7.6447863e-02  -2.0446720e-01   3.1757708e-01   2.3502839e-01  -2.9221648e-01   2.4514347e-01  -6.1958141e-02  -1.4713915e-01  -8.2703247e-02  -2.5953969e-01  -1.1467827e-01   2.1925248e-01  -2.1260198e-01   1.5871492e-02   2.9010349e-01   7.3372015e-02   1.3391897e-01  -4.1652728e-02  -2.9577566e-01   3.7896745e-01   4.7299363e-01   1.2003469e-01   7.0872740e-02  -1.6708737e-01  -8.5123974e-02  -1.5748359e-01  -2.6207006e-01  -6.0997729e-02  -2.5115598e-01  -5.4424076e-02   2.1029774e-01  -1.7242633e-01   1.2557029e-01  -1.8828432e-01  -3.4379425e-02  -3.3391288e-01  -1.2802818e-01  -2.7594277e-02  -3.1426403e-01   3.3589913e-01  -3.2701735e-02   5.9352939e-01  -1.8391582e-01   1.0977492e-01   7.9741616e-02   3.1343566e-01  -4.7207809e-02   1.1538415e-01  -2.3332930e-01  -2.0630867e-01  -5.8788057e-02   2.3083955e-01  -6.6880350e-02  -2.0970297e-01   5.5442123e-01   7.1144846e-02  -4.4737988e-01  -6.5026044e-02  -9.9053806e-02  -6.2191317e-02   2.8385936e-01  -3.2917047e-01  -2.0019924e-02   6.5808584e-02   9.5363031e-02   6.2432775e-01  -2.5615231e-01  -2.4572225e-01  -1.7278274e-01  -1.0339146e-01   1.8221765e-02   2.3705475e-02  -2.8386206e-01  -1.9717327e-01  -1.0958752e-01  -2.1316786e-01   1.9582826e-01   6.1008420e-02   1.3749183e-01   2.0788945e-01  -1.6252191e-01   4.1191392e-01   1.6075110e-01  -4.0372720e-02   3.4119077e-01  -5.9928341e-02   2.3469494e-01  -1.7540460e-01  -1.4302688e-01   2.5826644e-01   1.0837374e-01  -3.3980510e-01  -7.3647872e-02   7.9472853e-02   2.2840701e-01   1.4757203e-02  -1.3831605e-01  -3.2600648e-01  -1.4810170e-01   2.9491935e-02  -1.5882107e-01
   5.4344863e-01   1.5773255e-01  -2.8696090e-01   3.4071929e-01  -2.0747590e-01  -3.3985382e-03  -1.2953428e-01   3.6870352e-01   1.3730444e-01  -2.8167534e-01   1.8999512e-01  -5.7588226e-02  -1.6757516e-01   0.0000000e+00  -3.0695358e-02  -2.6987340e-01  -2.8600505e-01  -1.1110616e-01  -2.4666343e-01  -1.7759891e-01   1.1321473e-01   4.0054084e-01  -1.3240331e-01   3.8221243e-01   1.7832299e-01   3.2793079e-02   4.4238651e-02   1.6166364e-01  -6.9676621e-02   3.5870825e-01  -1.5248565e-02   3.3088874e-01   1.2647679e-01  -4.7742554e-01   5.3509307e-02  -1.3828065e-01  -9.2294345e-03   1.0568175e-01  -1.0551277e-01  -4.2115603e-01   2.0303324e-02   5.6595796e-02  -3.3448756e-02   1.2407859e-01  -2.4566170e-01  -7.9083351e-02   1.1329033e-01  -1.1971748e-01   2.6103575e-01  -3.6418150e-01   2.2709670e-01   2.9732990e-01  -3.4522994e-01  -3.0400393e-02   3.8314743e-01  -5.1889297e-02   1.7000889e-01   3.5671234e-01  -1.1761477e-01   3.8547808e-01  -1.4915870e-01  -6.1270458e-02   1.8081079e-01   1.3554476e-01   1.2368554e-01  -5.2672292e-01   1.2443252e-01  -8.1795644e-02   1.8936405e-01  -1.7811353e-01  -3.0327539e-01   1.6282583e-01  -3.5915831e-02   4.7010872e-01   2.0942080e-01   8.5191016e-02  -2.2032227e-02   1.6041595e-01   1.0720523e-02   2.4946743e-01   1.7894783e-01  -3.3156728e-01  -2.9266022e-01   2.2722969e-01  -8.6334903e-02   2.0242573e-01   3.9812763e-01   2.0674648e-01   1.0483233e-01   5.1139342e-01   7.4529519e-02  -2.5235705e-01  -3.5721353e-01   1.6132808e-01   2.9686535e-01  -1.1131598e-01  -9.0713063e-02  -1.8962954e-02  -8.4363095e-02  -9.2290162e-02   1.7394008e-01  -3.2200186e-01   1.3449360e-01   4.1492474e-01   9.1419189e-02   3.7227574e-01  -1.2847667e-01   1.5619793e-01  -2.5157377e-01  -2.2548842e-02  -5.2184999e-01   3.0517588e-01   1.1750248e-01   5.1137606e-01   9.3804494e-02   8.1614235e-02   1.7496257e-01  -3.4646577e-01  -2.2844939e-01   3.4474551e-01   2.5752329e-01   5.6268656e-03   2.7145005e-01   2.3352260e-01   4.3197969e-01   6.1261404e-01   1.7846088e-01   7.2875127e-02   3.6903364e-01  -2.5871871e-01  -2.6780953e-01  -2.8125278e-01   4.5587067e-01  -1.6089355e-01   1.5476980e-01   1.9164230e-01   6.9611051e-02   3.9209872e-01   3.9203448e-01   3.8548438e-01   5.3312227e-01  -1.4755520e-01   3.2696321e-01  -2.3826832e-01  -8.5341271e-02   2.1126811e-01  -2.8094287e-01  -2.3416020e-01  -6.6063270e-02   6.6809570e-02   4.1487060e-01  -5.1393980e-02   2.2016424e-01   1.0201219e-01  -2.1806373e-01   1.8878494e-01   4.8917021e-01   5.8205177e-02  -9.4192194e-03  -1.3724390e-01  -1.1398810e-01   3.1034193e-01  -3.0047716e-01   2.4088503e-01   2.5426233e-01   2.7739876e-02  -1.6423672e-01   3.1786763e-01   3.7784408e-01  -3.5977436e-01  -2.9486502e-02   3.7696078e-01   2.4598095e-01   1.0683943e-01   9.3287492e-02  -2.0875908e-01   4.2909948e-01
