   0.0000000e+00  -2.0762307e-02  -2.6743123e-01   1.4844921e-01  -1.4698922e-01   8.6641006e-02   1.0089258e-01   1.8016738e-01   1.8815522e-01  -3.0370044e-02   2.0441724e-01  -6.5417797e-02  -6.9998645e-02   2.3948251e-01   1.2436658e-01  -9.0279898e-02  -3.2114436e-01  -7.6510862e-02  -3.7890087e-02  -2.2028516e-01   2.7890821e-01   1.5045334e-01   1.8871904e-01   7.4634755e-01  -2.8876716e-01  -6.0857993e-02  -4.5393561e-02   4.1087952e-01   6.8203152e-02   3.2837396e-01  -1.1628286e-01  -1.1113128e-01  -2.9784181e-01  -3.0250821e-01   1.6722086e-01   5.2197494e-02   5.7476255e-02   3.8437244e-01  -1.4394770e-01  -1.7495371e-01  -1.2519275e-01  -4.4497073e-01  -1.2463772e-01   1.0021852e-01   1.8405873e-01   3.5370722e-01   1.7761925e-01  -1.8845529e-02  -2.1640091e-01  -3.7752081e-01   3.0478571e-01  -1.5633822e-02  -2.1883528e-01  -2.7181927e-01  -1.8269720e-02  -8.7154212e-02   1.7728420e-01   2.0344108e-01  -1.8393799e-02   3.4291301e-01   1.9077092e-01  -8.4394593e-02  -3.5126039e-02   4.0392048e-02  -2.0299070e-01   3.1515864e-01   2.6183020e-01  -1.1739427e-01   5.1951893e-03   1.6024115e-01  -2.4665109e-01  -1.2940018e-02  -2.2546807e-01   4.6980251e-01  -1.0948236e-01   6.4674279e-02   2.7124166e-01  -3.1670628e-02  -2.2742102e-01  -3.2916692e-01   1.9631134e-01   8.4033301e-02  -7.9157662e-02  -1.6984777e-01   9.6984451e-02  -8.1059838e-02   1.8100915e-01   3.2002509e-01  -2.1682348e-01   8.8803435e-01  -1.9248413e-01   1.2472703e-02  -1.8830779e-01   2.9179070e-01   3.1526422e-01  -2.2219372e-01  -1.6267797e-01  -2.8030262e-01  -2.0262612e-01  -3.9557987e-02  -3.1159814e-01   3.5150210e-01  -5.0898580e-04   3.3412527e-01   1.6309170e-01   1.0927811e-01  -3.7298999e-01  -1.3489260e-01  -2.4478962e-02   9.9074095e-02  -1.2163975e-02   2.8788664e-01  -1.6661991e-01   8.4171372e-01   1.5932262e-01  -1.0530969e-01  -2.2601727e-01   5.7839649e-02   2.7185368e-01   2.3087092e-01   4.3286921e-01  -2.8487701e-01  -4.7864197e-02   9.3815256e-02   6.7513333e-01   5.4847262e-01   8.1487058e-02  -8.7095994e-02   1.8511553e-01  -1.5870635e-01   4.7062412e-02  -2.0142912e-01   3.5800635e-01  -1.0183098e-01   3.3214466e-01  -6.8907691e-02  -4.2177585e-01   8.9431019e-02   7.9785346e-02   6.0328092e-01   6.7459715e-01  -5.6329403e-03  -5.1677891e-02  -2.2020247e-02   3.7384925e-02   2.4312127e-01  -3.0917004e-01  -8.3065876e-02   1.1194298e-01  -3.1622395e-01   5.3075374e-01  -5.2514041e-02   2.3902403e-01  -6.5741678e-02  -2.5305782e-01   6.5257272e-01   4.9711313e-01   2.0068450e-03  -1.2413273e-01  -3.7837572e-02  -1.3148528e-01   1.0904866e-01   1.4881994e-02   2.0402822e-01   5.3354939e-02  -1.2389579e-01   1.8006139e-01   1.3124012e-01   2.2764304e-01  -1.5421966e-01  -9.5184473e-02   3.0586846e-01   1.8244345e-02   1.1555962e-01   1.1176280e-01  -2.7026747e-01   2.3668901e-01
  -2.0762307e-02   0.0000000e+00  -3.1828209e-02   2.0631019e-01   1.6882380e-01  -2.0289841e-01  -2.8112275e-02  -1.2338521e-01   4.3397094e-01   4.7596495e-02  -3.0617104e-02   2.8422229e-01   7.4990501e-03  -2.0064833e-01  -7.7292108e-02  -2.6865829e-01   6.1659112e-02  -2.5589646e-01   8.9845820e-02   3.6080217e-02  -2.7487510e-01  -6.5115792e-02  -3.1340790e-01  -1.1713006e-01  -1.5636012e-01  -1.5787337e-01   2.1265051e-01  -3.2602214e-01  -1.7793834e-02   6.2688110e-02   2.4531216e-01   6.6664827e-03  -1.2442288e-01   7.3082536e-02   2.6069221e-01   1.6578349e-01   3.2566098e-02  -2.9630839e-01  -1.9987380e-01  -8.4351760e-02   1.1427869e-01   2.0124110e-02   2.7437773e-01  -1.6913476e-01   2.1698948e-01  -1.3454116e-01  -1.3001594e-01  -2.1339503e-01  -5.8842064e-02   6.9820660e-02  -5.0200495e-02  -3.8726999e-02   3.5784880e-01   6.6285731e-02  -3.0330169e-01  -1.9502355e-01   1.1369421e-01  -1.6696028e-01   8.1655071e-02   2.6828693e-01  -2.0748231e-01  -7.7188075e-02   2.2152918e-01   4.1070743e-01   4.5637435e-01   6.2297409e-03  -1.0907447e-01  -1.2899413e-01  -1.7051535e-01  -2.9325292e-02   4.1697213e-01  -2.0835185e-01   3.8419197e-01   6.8472481e-02   5.0054002e-03   1.2227128e-01  -2.5773388e-01  -4.5033838e-02   4.3264926e-01   1.8105930e-01  -3.0000304e-01   2.0849673e-01  -3.2943631e-01  -2.3284535e-01  -2.8299788e-02   1.5307475e-01   1.1855841e-03  -3.6703054e-01   4.2684036e-01  -7.8303075e-02   4.2649499e-01  -2.3772498e-01  -1.1569563e-02   3.0466672e-01  -3.1993455e-01  -7.0446034e-03  -2.4654499e-01  -1.3430713e-01  -5.0695946e-02  -7.2489194e-02  -7.6996369e-02   5.4229369e-04  -3.0900155e-01   1.0044272e-01  -1.7278246e-01   9.3536507e-02  -1.5302569e-02  -1.4712464e-01  -5.4392445e-02   4.0914815e-01  -3.5542517e-01  -2.2483616e-01  -1.0497648e-01  -1.2350144e-01  -3.2814462e-01   3.1782239e-01  -1.6722558e-01   2.5360816e-01  -2.5848076e-01   1.3258768e-01  -4.2574909e-01   2.2859371e-01   2.3858493e-01   4.8582614e-01  -1.3904036e-01  -2.6675337e-02   2.3449226e-03   3.0928874e-02   4.1663301e-02  -4.2339990e-02  -6.4069505e-02   9.4064943e-02   3.0085480e-01  -1.1038451e-01   1.4611523e-01   1.6005278e-01   1.0457900e-01  -2.2788784e-01   1.1184098e-01  -1.9857593e-01  -1.3605068e-01  -5.1822425e-02  -1.2131113e-01  -1.0131472e-01   4.6783605e-02  -3.7869328e-02   1.2633569e-01   1.3493537e-01  -1.4580727e-01   1.9559385e-01  -1.6851238e-01  -2.5524297e-01  -4.0830482e-01   3.8970871e-01   2.4983569e-01  -1.8323871e-01  -2.7137684e-01   7.8525414e-02  -1.1488792e-01  -2.7937117e-01  -1.9315296e-01   3.9441876e-02   3.8909814e-01  -2.7059043e-02   7.0909080e-02   1.8768822e-01  -9.9573630e-03  -3.7493981e-01  -4.0116329e-01   2.6295281e-01   2.4791517e-01  -2.9314912e-01  -4.3943910e-02  -4.2949510e-02   2.1065918e-02   3.1075568e-01   2.1199382e-01
  -2.6743123e-01  -3.1828209e-02   0.0000000e+00  -4.0896213e-01   3.4475978e-01   5.7880118e-02  -2.4123567e-01  -1.8630068e-01  -4.1550163e-01   5.8177366e-02  -3.7124352e-01   4.1605991e-01  -4.6117950e-02  -4.0733020e-01  -2.3448595e-01   3.2517826e-02   8.8945777e-01  -1.4997130e-01   5.8299896e-03   4.5293874e-01  -5.5428498e-01  -4.1352763e-01  -2.4279511e-01  -3.8378561e-01   3.8771324e-01  -1.1196744e-01   2.3764809e-01  -2.3108596e-01   3.3671423e-02  -7.0023797e-01  -2.2966962e-01  -1.3982538e-01   9.2752291e-02   2.9325356e-01  -2.9959731e-01   1.6349299e-02  -2.8921948e-01  -7.8366484e-03  -9.6633641e-02   6.0868670e-01   1.1877955e-01   2.1449117e-01   5.2674962e-01  -4.8833603e-01  -5.4994913e-01   4.0269609e-01  -2.8659477e-01  -3.7387655e-01   3.1942753e-02   8.1008337e-01  -3.8305012e-01  -1.2936162e-01   2.3295977e-01   5.1333961e-01  -6.6068806e-02  -2.5969181e-01  -7.9468193e-02  -4.4586925e-01  -3.2599039e-01  -1.4186187e-01   4.2312023e-01  -3.9018912e-02  -4.7914501e-02  -2.4895682e-01  -1.9999545e-01  -2.1071423e-01   1.0185776e-01   1.8855497e-01  -1.4724422e-01   4.5114041e-01   4.1489965e-01  -4.9332671e-02  -7.5332192e-02   4.1670533e-01   2.4134248e-01  -3.4630719e-02   1.4745535e-01  -2.3195045e-01   3.0321543e-01   9.1429265e-02  -4.3417083e-01  -1.8268718e-01   1.1582851e-01  -2.1263673e-01   5.4838060e-01   3.0241797e-02  -5.0748061e-01  -2.7324131e-01   1.4917861e-01  -3.2892135e-01   2.7882139e-01   7.2777834e-01   4.3831199e-01  -3.2863890e-01   2.5919491e-02   6.3605867e-01   8.5929665e-02   5.4414212e-02   1.7552077e-01  -1.5573311e-01   2.9917873e-01  -2.4320292e-01  -3.9190997e-01  -5.7317257e-01  -3.2202553e-01  -1.9686116e-02   4.2499251e-01  -8.6471844e-02  -1.0527501e-01   3.1931704e-01   8.1585878e-02  -5.3585820e-01   1.6212440e-01  -3.6238704e-01  -7.4048613e-02   9.9840207e-02  -1.5887175e-01   1.3263017e-02  -5.6009737e-02  -3.8381873e-01  -1.4621681e-01   4.2384935e-01   3.4596457e-01  -4.6271434e-01  -2.0043480e-01  -4.2919293e-01  -2.6049970e-01   3.0891460e-01  -3.1015432e-01   7.0445117e-01  -1.4358922e-01  -1.9593789e-01  -2.3873148e-01  -4.4460896e-02  -2.8403511e-01   1.9496120e-02   1.9023514e-01  -3.5766477e-01  -1.7157112e-01  -7.8714723e-02  -2.5664086e-01   2.4837633e-01  -2.3996506e-01   5.3471165e-01  -4.0854856e-02  -5.3758106e-01   4.9713303e-01   5.2326919e-01   4.8196551e-01   1.7549493e-01   2.2533269e-03  -2.9012010e-01   2.1612485e-01  -1.8353657e-01   8.5391672e-01  -2.0499140e-01  -1.4791518e-01  -2.4569143e-01   6.6967982e-01  -4.0397216e-01   1.2111989e-01  -1.6849501e-01  -1.1411619e-02  -5.1902869e-01  -2.5840994e-01   8.1296288e-02  -3.7285096e-01  -2.5393308e-01   4.2498765e-01   3.5701492e-01   1.6315505e-01  -1.5336921e-01  -1.0330819e-01   2.3869454e-01  -1.7560628e-01   2.8369990e-01  -4.0677348e-01
   1.4844921e-01   2.0631019e-01  -4.0896213e-01   0.0000000e+00  -8.5023183e-02   6.9460090e-02   8.1748854e-02   4.7226516e-01   2.5293072e-01  -5.9863502e-02   4.1891232e-01  -2.9468444e-01   1.3645270e-01   2.0032359e-01   2.1230729e-01  -1.3848561e-01  -3.6162002e-01  -1.1219681e-02  -6.9779682e-02  -2.5158103e-01   3.4757627e-01   5.4780312e-01   2.2570478e-01   1.2426086e-01  -2.3259053e-01   1.5347470e-01  -1.3852829e-01  -7.6859562e-02   1.3704020e-01   3.7532448e-01   1.2880913e-01   4.3792556e-01  -1.6105591e-01  -2.9020190e-01   3.6601766e-02   3.1840994e-01  -5.1894334e-02  -8.1964117e-02   6.7999163e-02  -5.8079515e-01   4.6746603e-03  -3.8020334e-02  -1.1702513e-01   2.4793034e-01   3.4699661e-01  -1.3958488e-02   4.0237432e-01  -1.1345026e-01  -1.6987934e-01  -5.7126549e-01   4.2166680e-01   2.6435408e-01  -2.5874820e-01  -3.1980225e-01  -2.0901505e-01   1.7720809e-01   1.1135542e-01   5.5021309e-01   3.5422468e-01   7.6731321e-02  -1.2986741e-01   4.4998093e-02   2.5419930e-01   1.1727382e-01   3.6599746e-02   6.7141763e-02   7.2433463e-02  -6.2140827e-01   3.5451733e-01  -2.3666746e-01  -3.7528016e-01  -2.0652838e-01   9.9617983e-02  -1.8732372e-01  -2.6174448e-01   4.3476033e-01   1.3676976e-02   3.0391960e-02  -1.2367519e-01  -8.8324999e-02   2.0615199e-01   2.4525990e-01  -1.2386693e-01   2.3548442e-01  -3.5228324e-01   5.1296660e-01   2.4541824e-01  -9.3236941e-02  -2.1163828e-01   1.5415107e-01  -6.4647157e-02  -3.2274825e-01  -4.7243070e-01   2.5358398e-01  -3.8052009e-03  -3.4419881e-01  -4.4288955e-01   1.2286438e-01  -4.4630439e-01   1.1211024e-02  -2.9366274e-01   1.8095193e-01   4.3709422e-01   2.8441327e-01   4.6423204e-01   5.9870491e-01  -4.1090426e-01   2.3849775e-01  -5.8368371e-02  -1.8528035e-01  -1.5424189e-01   4.5690939e-01  -3.0786163e-01   1.5443962e-01  -1.4953351e-01  -1.3533768e-01   1.8131563e-01   9.1390847e-02  -6.0998344e-02   8.0847475e-01  -7.5762989e-02  -2.1020188e-01  -3.7989993e-01   2.7862304e-01   1.3269572e-01   2.6001449e-01   2.5632812e-01  -2.8780807e-01   5.7017232e-01  -4.6474164e-01   1.5263253e-01   2.4720743e-04   2.2138979e-01  -1.2693491e-01   3.7983140e-01   4.6803579e-01  -1.0848926e-01   2.0955088e-02   6.0878205e-01   6.7415113e-02   4.9207194e-02  -1.6562607e-01   3.7527602e-01  -3.5041413e-01   1.6284586e-02   4.6923343e-01  -3.6333876e-01  -2.5387553e-01  -2.0638530e-01  -1.7181767e-01  -6.9727555e-02   1.4120855e-01  -2.7575203e-01  -2.7503376e-02  -4.2539980e-01   7.1534577e-02   2.3032108e-01   2.6842359e-01  -2.1106001e-01   3.5939265e-01  -3.9870130e-01   3.2255750e-01  -1.1531043e-01   5.5075516e-01   4.3372220e-01  -2.8193223e-01   3.1026269e-01   8.4127560e-02  -2.9321828e-01  -3.0465526e-01  -2.7602131e-01   8.7937832e-02  -9.9365902e-03   1.5825304e-01  -1.3030937e-01   3.5845974e-01   6.1226822e-01
  -1.4698922e-01   1.6882380e-01   3.4475978e-01  -8.5023183e-02   0.0000000e+00  -3.8687509e-02  -4.2285235e-01   5.4950221e-02  -1.3278455e-01  -4.2280133e-02  -8.1757902e-02   8.2493999e-02   4.2170200e-01  -2.6458581e-01  -2.6152435e-01  -7.0842791e-02   4.9666000e-01   1.8068085e-02   9.0126727e-02   8.2684712e-01  -4.7587214e-01  -5.2742569e-02  -2.5446566e-01  -2.0973410e-01   1.0585268e-01  -1.5734506e-01   2.0620848e-01  -2.8454292e-01  -1.5690154e-01  -4.5548813e-01  -2.6927959e-01   1.6942364e-01  -1.2933946e-02  -1.3162810e-01  -2.5444248e-01   2.1335884e-01  -1.3930369e-01  -2.1971673e-01  -1.3205758e-01   5.7482161e-02   1.4506933e-01   1.9280761e-02   3.0797186e-01  -4.5661026e-01  -8.3403234e-02   8.5198415e-02   1.1783454e-02  -5.6516930e-01   1.7833379e-01   3.5202420e-01   1.9121066e-02  -8.9759187e-02   1.0072448e-01   1.2350868e-01  -3.0020290e-01  -1.4457918e-01   3.6005148e-02  -2.5612052e-02  -2.6284633e-01   1.6093188e-01   1.4864604e-01   1.1186442e-01   1.5876093e-01  -2.0080811e-01   1.5309285e-01   5.5382674e-02   1.6063281e-01   2.7604074e-01   1.5917271e-01  -1.7874904e-01   1.9489920e-01   3.0498651e-01  -6.3488983e-02   1.7480552e-01   1.5238289e-01   1.8959492e-01   2.8146010e-02  -2.5514742e-01   6.7653768e-01   3.1992290e-01  -4.1129171e-01   2.8221340e-02  -3.4333794e-01  -2.1764703e-01  -9.9176470e-03   1.6809036e-01  -3.7629531e-01  -4.0797296e-01   3.0703479e-01  -2.4099163e-01   7.2524963e-01   3.2036413e-01   7.6320025e-02  -2.2986458e-01  -1.7579796e-01   6.5727934e-01   1.4965259e-01   9.5949026e-02   3.2797096e-01  -2.2020816e-01  -2.9645633e-01  -1.2969270e-01  -3.7891754e-01  -1.7344060e-01  -3.5353829e-02   1.0862174e-01   3.3230982e-01  -3.9277582e-02   2.5012565e-01   3.0105005e-01  -3.3257656e-01  -2.0419815e-01   2.7392429e-01  -3.3342111e-01  -4.1484615e-01   3.4816613e-01  -2.1577406e-01   5.5175279e-02  -4.7194462e-01  -1.0320439e-01  -8.8912725e-02   8.0323519e-01   1.1924078e-01  -1.7392969e-01  -2.3975337e-01  -2.2563195e-01  -1.1228172e-01   2.1525329e-01   6.9958443e-02  -8.0153982e-02   9.7978750e-04  -9.0477237e-02   1.1738189e-02  -4.2979238e-01   2.1793251e-02   1.0264057e-01   2.5860594e-01  -5.1753155e-01   1.0894697e-01  -3.3468901e-01  -2.9191478e-01   3.7513026e-01  -2.3091984e-01  -2.5086936e-01  -1.3416270e-01  -3.7482014e-01  -6.4920611e-02   4.6421259e-01   1.0725830e-01   1.3224808e-02  -2.7981563e-01  -3.4055514e-01  -1.1346037e-01  -3.6666143e-02   4.5693215e-01  -9.6250349e-02  -2.3679868e-01  -1.4022829e-01   4.7448931e-01  -3.2316779e-01   1.2260019e-01  -1.0064033e-01   2.4383100e-01  -1.1990377e-01   7.7240294e-02   2.1831087e-01  -4.5287677e-02  -2.8715164e-01   8.6479367e-02   3.2777402e-01   3.8241342e-01  -1.9934906e-01   6.8978718e-02  -9.6251189e-02  -1.2755006e-01   2.5634893e-01  -7.2640633e-02
   8.6641006e-02  -2.0289841e-01   5.7880118e-02   6.9460090e-02  -3.8687509e-02   0.0000000e+00  -2.0810619e-01   2.7179510e-01  -2.3266608e-01   1.7697168e-02   4.4100513e-01  -2.1922869e-01  -7.2544246e-02  -2.7059518e-02   7.1909930e-02   2.1699418e-01  -9.8803827e-02   2.4644450e-01   2.2564187e-02   7.6491692e-03   4.9408769e-02   3.7318109e-01   2.7538080e-01  -2.9865832e-02   8.6483919e-02   3.3473201e-01   2.3181467e-01   3.0668059e-01   1.9445430e-01   7.3543111e-02  -3.0998368e-01   4.7563447e-02  -1.7588128e-01  -2.6447038e-01  -2.6529496e-01   1.6166643e-01  -2.5995216e-01  -1.0568445e-02   8.2592273e-02   7.1890376e-02   1.7943692e-02  -1.3835878e-01  -1.1524342e-01   2.5467121e-01  -1.8089345e-02   2.7604365e-01   5.0986645e-01  -2.0940368e-01  -2.0343587e-03  -8.3828789e-02   3.8542854e-01   1.0516097e-01  -4.0060652e-01  -1.4668728e-01  -5.8493266e-02   2.3891738e-01   5.1937134e-01   3.0694441e-01   1.8162853e-01   1.2157099e-01   1.1529650e-01   2.0609756e-02   6.1816691e-02  -1.3672772e-01  -2.1362810e-01   2.7567538e-01   6.0630062e-01   5.5673056e-02   4.5988878e-01   2.7251704e-01  -3.4863552e-01   3.3213854e-01  -8.9057350e-02   1.2531386e-01  -1.3925463e-02   8.2639276e-02   2.0755441e-01   3.1365243e-01  -2.0397054e-01  -1.9659604e-01   3.3866739e-01  -4.6589606e-02   1.6254004e-01   1.7241093e-01   4.8617281e-02   9.1381891e-02  -2.3293343e-01   9.9072905e-02  -6.1390675e-02   8.7677391e-02  -1.9742719e-01   9.6959588e-02  -2.0923356e-01  -1.2730122e-01   1.3218375e-01  -9.8405591e-02   4.7290077e-02   1.3608741e-01   1.5112246e-01  -3.3243043e-01  -1.4712372e-01   2.8215473e-01   1.1519561e-01   1.0353068e-01   2.8761619e-01   1.5573673e-01  -2.6600738e-01   3.9000042e-01   4.6680089e-03  -1.6906373e-01   2.0709981e-01   4.9927708e-01   1.6661760e-01   8.1350380e-02   5.8171786e-02  -1.9402634e-01   1.2561855e-01  -1.7510360e-02   2.6887228e-01   1.0306290e-01   1.8960328e-01  -1.3069526e-01  -1.4672094e-01  -2.3446463e-01   1.1961629e-01   2.9266636e-01  -5.0751960e-02  -1.0745354e-01   3.1736250e-01   1.6129394e-01  -7.2937919e-02  -1.2464251e-01   2.3386704e-01  -2.1151549e-01   2.5238836e-01   1.2255805e-01  -1.1495241e-01   1.4949093e-01   2.6870285e-01   1.0004712e-01  -8.3748127e-02   6.1853733e-03   3.3809054e-01   3.7254122e-01  -1.4089492e-01   2.6700536e-02  -2.5798138e-01  -2.0322837e-02   9.0809038e-02  -3.8746353e-01   2.9028920e-01   2.1428952e-01   7.3667199e-02  -1.3766318e-01  -5.0645829e-02   6.7770610e-02   3.4017470e-01   2.2975976e-01   1.8586421e-02   1.4933738e-01   6.0888465e-02   3.0597659e-01  -1.2063266e-01   1.5501674e-01   3.8283993e-01  -2.4450750e-01   3.5704168e-01   1.4133662e-01   2.2958387e-01  -3.2812774e-01  -3.4670173e-01   8.5929483e-02   3.0505199e-01   5.7668683e-01  -1.6649770e-03  -1.2700684e-01   2.5370312e-01
   1.0089258e-01  -2.8112275e-02  -2.4123567e-01   8.1748854e-02  -4.2285235e-01  -2.0810619e-01   0.0000000e+00  -8.5595010e-02   2.6251179e-01   2.8645719e-01  -3.4625443e-02   2.8934571e-01  -5.1317637e-02   4.9301085e-02   5.0540400e-01   9.7885334e-02  -3.7390974e-01  -4.8316885e-03  -5.8799187e-02  -4.2031883e-01   4.2296403e-01  -1.0064071e-01   4.4468429e-01   1.1550095e-01  -1.7818620e-01  -8.3372887e-02   6.8279454e-02   9.6129266e-02   2.4770269e-01   3.9554404e-01   2.7836734e-01   6.3329249e-02  -1.4760675e-01   4.9561003e-01   4.4133446e-01   1.1352692e-01   3.0930565e-01   8.1175240e-03  -9.5698560e-02   4.0101636e-02  -1.1828500e-01  -5.7806037e-02  -3.2646893e-02   3.9059636e-02   1.6486743e-01  -2.1876955e-01  -7.4316414e-02   5.5038923e-01  -3.6952712e-01  -2.6776047e-01   1.9978049e-01  -1.9359475e-01   1.0897068e-01  -1.1876943e-01   1.2081876e-01  -1.3291322e-01  -2.0669240e-01   1.8231831e-02   1.2319392e-01  -5.4383095e-02  -2.4403549e-01   5.0731850e-02  -8.5702553e-02   1.7181209e-01  -1.4177403e-01   3.3144792e-01  -3.2226704e-01  -2.7712670e-01  -2.0235034e-01   2.6760520e-01   3.3868301e-02  -3.0374407e-01   9.6828435e-03  -1.2028632e-01  -2.9523407e-01   3.9535032e-02  -1.2615425e-01  -1.7140349e-01  -2.1924189e-01  -4.5306963e-01   3.5132107e-01   1.6763130e-01   1.9244050e-02  -9.2523014e-02  -1.5947466e-01   2.6161053e-02   3.4669444e-01   1.7186744e-01  -3.8012197e-01   1.4731202e-01  -5.2528706e-01  -2.7768023e-01   2.8591189e-01   3.2081223e-01   4.8030906e-03  -4.5995944e-01  -2.2198732e-01  -2.5109340e-01  -2.8860731e-01   6.3419855e-01   2.1142288e-01   1.5683999e-01   1.4480202e-01   1.9399030e-01   2.9812829e-01   1.1231225e-02  -2.9424190e-01  -2.9324812e-01  -1.0794338e-01  -9.4922196e-02   4.0854577e-01   1.4061172e-01  -3.2197339e-01   1.2550595e-01   4.9065422e-01  -6.2711523e-02  -7.8707778e-02   2.8845243e-01   1.4550564e-01   1.4568191e-01  -7.4449406e-02  -4.5445058e-01   2.0767463e-04   5.8431261e-02   3.8261026e-02   4.6062969e-02   4.6613891e-01  -2.7403158e-01  -3.7254234e-02  -5.8179219e-02   1.3076410e-01   2.2087450e-01  -1.0850086e-01   3.4383863e-01  -2.3781569e-02   5.1725254e-02  -3.3727404e-01   3.0733763e-01   7.7215028e-02   1.9057473e-02   1.4794340e-01  -1.6357777e-01   9.8552665e-02   1.7979428e-01   3.1253656e-01   2.6406164e-01   5.0654867e-01  -3.2460103e-01   1.1311004e-01   2.0326748e-01   1.8631375e-01  -1.3501986e-01  -1.4686114e-01  -6.5992210e-03  -2.7770271e-01  -1.9274090e-02   3.8721660e-02   8.8720756e-02  -4.0826090e-01   2.4237581e-01  -2.1324874e-01   1.6964149e-01   1.1218851e-01   9.4475529e-02  -2.8547889e-01   2.4877417e-01   1.8905662e-01  -8.3602024e-02  -2.3234963e-01  -2.4526340e-01  -1.3811055e-02  -3.2880029e-02  -3.4793955e-02  -2.3031860e-01   2.5364312e-02  -5.5954489e-02  -1.1426231e-01
   1.8016738e-01  -1.2338521e-01  -1.8630068e-01   4.7226516e-01   5.4950221e-02   2.7179510e-01  -8.5595010e-02   0.0000000e+00  -5.1873999e-02  -1.0686072e-01   6.3893115e-01  -3.6708825e-01   6.9678667e-02   3.7678527e-02   8.0295366e-02   2.3791713e-01  -1.8520476e-01   3.9575195e-01  -1.6064725e-01  -2.6523771e-03   2.1342153e-01   5.6164447e-01   1.4570959e-01   9.3078402e-02  -2.2575964e-02   5.0369918e-01  -1.6156333e-01   1.8073719e-02   1.4755032e-01   2.2993513e-01  -8.4855006e-03   4.4666965e-01  -4.7960892e-02  -3.3145687e-01  -2.5582702e-01   2.0695745e-01  -1.9827539e-01  -1.0575435e-01   3.0869563e-01  -3.9517707e-01   9.9252589e-02  -2.7164118e-01  -1.6613129e-01   3.6792789e-01   1.5937599e-01   7.9708779e-02   5.4151872e-01  -2.1491775e-01  -2.0063853e-01  -3.5912830e-01   5.6869827e-01   5.7821628e-01  -3.7157835e-01  -2.1886025e-01  -1.6024040e-01   2.9775405e-01   2.9825302e-01   5.9260637e-01   3.6366929e-01   1.1393996e-01   7.9636712e-02   9.3396000e-02   6.3051781e-02  -2.7888219e-02  -8.0345628e-02   7.7888208e-02   2.6289959e-01  -1.5953572e-01   6.7390137e-01  -1.7132528e-01  -4.1929878e-01   1.9407300e-01   6.4437980e-03  -1.0124400e-01  -1.4252158e-01   4.0640773e-01   1.5975393e-01   2.2538541e-01  -2.0147037e-01  -1.1251641e-01   1.9885004e-01   1.8479019e-01  -2.0857202e-01   5.2367367e-01  -3.9921712e-01   2.9288576e-01  -9.8554003e-02  -7.6786692e-02  -1.3320377e-01   3.4427210e-02  -1.5880813e-01  -2.5623820e-02  -3.5921808e-01   4.7712743e-02   7.5438400e-02  -1.9696102e-01  -9.3832863e-02   3.4498290e-01  -1.4607500e-01   3.9983482e-02  -3.8695409e-01   3.6749285e-01   3.1898105e-01   2.7968469e-01   5.7530487e-01   4.1867425e-01  -2.6911892e-01   6.5903869e-01   6.4901744e-02  -3.0218511e-01  -7.6411145e-02   4.5380713e-01  -1.1526625e-02   9.4112487e-02  -2.4149075e-01  -1.1003262e-01   2.1767901e-01  -6.2895767e-02  -2.0199691e-01   5.2569738e-01   1.7506830e-01  -2.0018935e-01  -3.2700756e-01   1.9269094e-04   7.2716257e-02   1.7738781e-01   7.3724463e-02  -1.3521562e-01   5.2440710e-01  -4.2913998e-01   1.0943900e-01   2.8632187e-02   1.1659944e-01  -1.6702177e-01   4.0794037e-01   3.7280602e-01  -8.9096515e-02  -1.0412359e-01   5.1054556e-01   1.2736892e-01   1.0673896e-02  -1.7319530e-02   4.6354349e-01  -1.9198975e-01  -1.3601546e-01   3.7533530e-01  -3.2069488e-01  -2.6965288e-01  -1.9667106e-01  -2.1162593e-01  -2.0747476e-01   3.1212410e-01  -1.2365536e-01  -4.0753702e-02  -3.4635269e-01   1.0748238e-01   2.8476451e-01   3.9430267e-01   3.4110369e-04   3.2958525e-01  -4.5006971e-02   5.4197260e-01  -2.4354447e-01   5.9533949e-01   5.4968038e-01  -2.1740412e-01   4.0037330e-01   2.7467717e-01   1.9557218e-03  -3.4473693e-01  -2.8684702e-01   1.2705178e-02   1.9047045e-01   2.2601248e-01  -1.3694607e-01   6.4142841e-02   5.7326016e-01
   1.8815522e-01   4.3397094e-01  -4.1550163e-01   2.5293072e-01  -1.3278455e-01  -2.3266608e-01   2.6251179e-01  -5.1873999e-02   0.0000000e+00  -9.1924951e-02   7.9546600e-02   6.0371568e-02  -3.3777483e-02   9.5048575e-02   4.2571728e-02  -1.7078523e-01  -3.9093634e-01  -6.1829320e-02   1.2902700e-01  -2.8069226e-01   1.1210356e-01   6.0260272e-02  -1.3641783e-01   2.1036275e-01  -4.3306625e-01  -5.7207917e-02   9.8792028e-02   1.1864249e-02   1.8393972e-02   3.8006706e-01   3.5610944e-01   9.5065474e-02  -7.4082740e-02  -6.4673085e-02   5.8208921e-01  -6.7722721e-02   1.0184875e-01  -3.5562480e-02  -1.0747546e-03  -1.1369279e-01   1.4703689e-01  -1.5406642e-01  -2.0538827e-02   4.1491558e-02   3.2330701e-01  -2.2692221e-01  -1.5147069e-02   2.0377974e-01  -1.2590920e-01  -2.6147202e-01   7.7367025e-02   2.9203415e-02   2.8216967e-01  -2.1915807e-01  -8.2208367e-02  -3.4414540e-02  -2.7749677e-02   1.2522547e-01   1.5372468e-01   3.1594995e-01  -3.5178431e-01  -2.4182122e-01   3.0582851e-01   4.6994336e-01   3.0434877e-01   2.9051220e-02  -1.7418419e-01  -1.4434308e-01  -1.3884908e-01  -8.9939959e-02   1.4552912e-01  -2.1172433e-01   1.5428454e-01  -5.0210185e-02  -3.0906786e-01   1.7402212e-02  -2.5350337e-01   4.4864153e-03  -1.6687304e-03  -1.7002603e-01  -2.0803550e-03   1.5611700e-01  -1.8294995e-01   5.6944526e-03  -1.2533030e-01   1.8855377e-02   3.4948313e-01  -1.8745217e-01   2.5705839e-02   1.9371874e-01   6.6926600e-02  -4.2093450e-01  -2.5597759e-01   6.3452798e-01  -1.2531494e-01  -3.4689205e-01  -1.9053406e-01  -1.0083236e-01  -1.7183042e-01   8.9282645e-02   3.3235739e-02   1.0398655e-01   2.3605829e-02   4.9235195e-01  -6.6545034e-02   4.1012572e-02  -2.7224700e-01  -1.4925628e-01  -2.5787927e-01   7.7068035e-02  -2.7698167e-01  -3.2491191e-02  -2.2383535e-01   2.4361626e-01  -2.7846707e-02   2.1378876e-01  -7.1508917e-02   1.8070762e-01  -1.6182713e-02   1.6458836e-01  -1.1743685e-01  -8.2555900e-02   1.0213722e-01   5.2057614e-01   8.1184948e-02   2.8298498e-01   1.5113257e-01  -2.1434954e-01   2.1335236e-01  -2.2561540e-01   1.5715250e-02   1.0286420e-01   3.8917939e-01   6.8632579e-02   4.1558770e-01   1.1332738e-01  -1.7868076e-01   1.3376177e-01   1.2328253e-01   3.2788258e-02   9.8262507e-02  -5.6496798e-02  -1.4099457e-03  -2.7780105e-01   1.2461404e-01   2.8794603e-01  -9.4318286e-02  -1.6609720e-01  -3.1723947e-01   1.3574146e-01  -1.3517313e-02  -5.1707852e-03  -1.8903090e-01   1.9231515e-01  -2.2548096e-01   5.5817474e-02   9.2650553e-03   1.3120069e-02  -3.8559760e-01   1.0155248e-03  -2.6379029e-01  -8.6708156e-02   3.2835497e-01   1.4378016e-01   1.2860793e-01  -8.2773526e-02  -5.5865283e-02  -1.0772851e-01  -3.3169487e-01  -3.9740586e-02   9.1847021e-02  -5.3950203e-02  -1.9429566e-01  -1.9986901e-01  -1.4986626e-03  -4.0780931e-02   3.0100012e-01
  -3.0370044e-02   4.7596495e-02   5.8177366e-02  -5.9863502e-02  -4.2280133e-02   1.7697168e-02   2.8645719e-01  -1.0686072e-01  -9.1924951e-02   0.0000000e+00  -1.8915997e-01   2.4103080e-01  -4.0585946e-02  -2.5218785e-01   1.4000717e-01  -8.8545847e-04   3.3586437e-02  -9.6629379e-02  -5.2812505e-02   8.3661241e-02   1.2306845e-01  -9.8607967e-02   2.8888196e-01  -1.2691362e-01  -2.7386153e-01   1.9240840e-02   1.0096921e-01  -2.9891998e-02   1.0223095e-01  -1.0121703e-01  -1.8327115e-01  -9.9546187e-02  -2.4730994e-01   4.6420448e-01  -9.3730526e-02   3.5751787e-01   5.3229809e-02   1.0744299e-01  -1.2104324e-01  -1.4707173e-02   1.3212809e-01  -1.3807859e-01   2.1622627e-01  -1.3643847e-01   2.5357075e-02   1.2306252e-01  -6.1708162e-02  -7.4313604e-02  -2.8786475e-01  -1.2586560e-01   2.0981587e-02  -1.9464994e-01  -1.2293725e-02  -1.3798549e-01  -2.1422680e-01  -1.2959448e-01  -4.7851490e-02  -1.7080819e-01  -1.3249537e-01  -1.1749718e-01   3.3918445e-02   6.1355383e-02   2.7625451e-02  -1.1346492e-01  -2.5500585e-01   4.7839654e-01  -6.4585026e-02  -1.5516719e-01  -9.7933101e-02   2.3595865e-01  -1.0209955e-01  -1.8263361e-01   7.4468355e-02  -4.6589196e-02  -8.6063384e-02   4.2932874e-02   1.0458352e-01  -1.0278718e-01   1.8952271e-01  -9.6218564e-02   8.6677569e-02   1.1801358e-01   7.5487391e-02  -1.4527095e-01  -8.2664599e-02  -1.2401438e-01  -1.3911084e-01  -1.5278237e-03  -8.7480183e-02   2.5206508e-03  -3.4552343e-02   2.4707599e-02   4.7683018e-01  -8.3636836e-03   7.6190311e-02   2.8139041e-02  -2.0312369e-01  -2.3308417e-01  -4.5161097e-02   2.2797998e-01  -1.1889995e-01  -5.4247530e-02  -3.4702260e-02  -2.6795956e-01  -1.5900470e-01  -9.3320679e-03  -1.6498463e-01  -2.3205278e-01   2.3667069e-01   2.1240411e-01   3.2001045e-01  -3.3521780e-02  -9.8623845e-02  -7.7287181e-02   1.2357092e-01  -4.7394321e-02  -2.5301351e-01   2.9853587e-01  -1.1651421e-02   2.3296831e-03  -7.0937345e-02   1.9397032e-02  -1.4306039e-01  -2.8310163e-01   1.1726480e-01  -2.5444944e-01   1.1446651e-01  -6.3413030e-02  -2.2565182e-02   9.6763187e-02   5.6251609e-02   2.2818365e-01  -4.2291979e-01   2.0067213e-02  -2.0574896e-01  -1.9617646e-02  -2.1732071e-01  -1.7283202e-02  -4.6833731e-02   2.2425878e-02  -9.6151233e-03   3.8847866e-02  -1.0127335e-01   2.9024850e-01   2.6851798e-02  -1.5906537e-01   4.2314775e-01   1.7729595e-01   4.2843692e-01   5.1945861e-02   1.6530052e-01  -9.2634890e-02  -1.6773325e-01   2.6009105e-02   5.1680842e-02   4.3724035e-02   7.6939455e-02  -4.7083281e-02   2.7717779e-03  -4.6509870e-02  -1.5110943e-01  -1.0655296e-02   3.2026813e-01  -1.4135188e-01  -2.5246430e-01   3.7371792e-01  -6.4950692e-02   7.0520510e-03  -6.8691445e-02   3.5266588e-03  -3.8798585e-02   1.3025126e-01   1.8246681e-01   2.7776224e-02  -1.6078675e-01   1.3029533e-01  -1.7318660e-01
   2.0441724e-01  -3.0617104e-02  -3.7124352e-01   4.1891232e-01  -8.1757902e-02   4.4100513e-01  -3.4625443e-02   6.3893115e-01   7.9546600e-02  -1.8915997e-01   0.0000000e+00  -4.0138935e-01  -3.3136253e-02  -7.8981358e-02   1.4961765e-01   1.3674308e-01  -4.5023978e-01   4.6083185e-01  -2.3986999e-02  -1.8883761e-01   2.0917822e-01   5.6098411e-01   9.9363507e-02   2.0598909e-01  -1.5930683e-01   4.6223335e-01  -1.4422590e-02   1.7754556e-01   2.6535161e-01   3.3964449e-01  -8.3002005e-02   3.3933746e-01  -3.0968169e-01  -4.7038417e-01  -1.4553676e-01   9.9372910e-02  -1.2007801e-01  -9.2423006e-02   2.0543951e-01  -3.4002353e-01  -6.5127297e-02  -3.3600436e-01  -2.8221353e-01   5.4786335e-01   2.5848086e-01   6.7990751e-02   6.7742872e-01  -1.6200446e-01  -2.2197530e-01  -4.5170737e-01   6.8502060e-01   4.2582362e-01  -3.2051103e-01  -4.8020105e-01  -2.6880640e-01   3.4845164e-01   2.4299891e-01   7.0029922e-01   4.4257811e-01   2.1982381e-01  -2.5298399e-02   2.5545047e-02   1.6765065e-01   2.0110845e-01   4.0408897e-02   3.1843136e-01   3.5757111e-01  -1.2617354e-01   5.5577377e-01  -1.0800212e-02  -4.1185280e-01   1.8172118e-01  -4.2778394e-02  -1.0560252e-01  -2.4890134e-01   4.8750715e-01   1.2516841e-01   3.9017862e-01  -3.2114271e-01  -3.0173492e-01   3.9621579e-01   7.4127176e-02  -2.1947148e-01   3.5684562e-01  -3.7075832e-01   3.4807433e-01  -9.7843782e-02  -6.7770321e-02  -1.4632967e-01   1.5306316e-01  -2.8408142e-01  -1.5182071e-01  -5.3397399e-01   1.4022039e-01   2.6607505e-02  -4.0191092e-01  -1.4116046e-01   1.6457188e-01  -1.4878952e-01  -1.5972399e-01  -4.1398428e-01   5.6252122e-01   1.4310122e-01   4.8666461e-01   6.8732857e-01   3.5435402e-01  -4.9357486e-01   5.3867231e-01  -4.9030219e-02  -3.2908768e-01  -1.2977660e-02   6.0691901e-01  -6.3937277e-02   2.2046019e-01  -1.4972984e-01  -1.5444283e-01   3.1276114e-01   2.8202630e-02  -1.6402841e-01   4.4543145e-01   3.2059874e-01  -3.6367993e-01  -2.6527717e-01   9.3414240e-02   1.9536492e-01   2.8179054e-01  -1.4654118e-02  -4.5246877e-01   6.3848179e-01  -3.5898699e-01   5.0847470e-02   2.8340427e-02   3.3663702e-01  -2.6329948e-01   4.7222775e-01   3.7620832e-01  -1.9336908e-01   6.5648866e-02   5.6553640e-01   9.1610777e-02   1.8108139e-02  -1.4722889e-01   6.3857264e-01  -1.4509121e-01  -1.6453064e-01   3.3222958e-01  -4.3201194e-01  -3.4951446e-01  -2.4554882e-01  -2.3349932e-01   2.3827752e-02   2.7191080e-01  -1.0810893e-01   1.1234482e-01  -4.4935265e-01   2.1365307e-01   3.4640344e-01   3.1294371e-01  -2.5851988e-01   2.6249756e-01  -1.1231870e-01   6.2283930e-01  -6.8119390e-02   6.6092579e-01   6.0548809e-01  -3.4661755e-01   6.6210765e-01   1.7312943e-01  -9.9930263e-02  -5.2272500e-01  -3.9707309e-01   6.6287640e-02   2.4003064e-01   1.0128338e-01   7.9137754e-02  -2.3159695e-01   6.8045630e-01
  -6.5417797e-02   2.8422229e-01   4.1605991e-01  -2.9468444e-01   8.2493999e-02  -2.1922869e-01   2.8934571e-01  -3.6708825e-01   6.0371568e-02   2.4103080e-01  -4.0138935e-01   0.0000000e+00  -4.4339658e-02  -2.6272295e-01  -1.8005960e-01  -8.5144100e-02   2.6937368e-01  -1.8249620e-01   4.8802647e-02   1.6519158e-01  -2.7974892e-01  -4.4582011e-01  -2.8580261e-01  -1.8031361e-01   9.2507443e-02  -2.5492756e-01   2.2572385e-01  -3.1007827e-01   8.7656775e-02  -1.9639687e-01  -4.9069091e-03  -1.7050900e-01  -1.3587708e-01   4.7975828e-01   3.1652208e-01  -3.4336212e-02   1.0118584e-01   2.9619315e-02  -1.6139153e-01   2.9454025e-01   9.4116623e-02   1.5677942e-01   6.5127291e-01  -4.6280523e-01   5.3203862e-02  -9.1947789e-02  -4.0231716e-01  -4.9073447e-03  -1.3001088e-01   3.0987242e-01  -2.1677464e-01  -2.6201706e-01   5.4320882e-01   3.7250100e-01  -1.6446534e-01  -4.4122794e-01  -5.7897504e-02  -5.0131582e-01  -1.2332897e-01   1.9749500e-01   1.2259101e-02   2.5401889e-02   1.0231393e-01  -3.0574865e-02   1.5063462e-01   4.1151017e-02  -1.6642033e-01   9.9488791e-02  -2.6704445e-01   2.3426002e-01   4.5976801e-01  -1.1580305e-01   9.6406610e-02   4.8113862e-01  -4.2739703e-02  -7.5148091e-02  -1.6268249e-01  -2.1748794e-01   3.9187186e-01   1.0415175e-01  -4.4828720e-01  -8.5937781e-03  -2.2868619e-03  -3.8826594e-01   4.1048972e-01  -5.3989859e-02   3.6497575e-02  -2.0226624e-01   3.6630678e-03  -7.5628150e-02   1.6803617e-01   1.9543552e-01   5.9668586e-01   1.0583416e-01  -1.3973382e-01   1.6540732e-01   1.0689414e-03  -1.5886089e-01   1.4783020e-01   1.0882307e-01   1.3692010e-01  -1.7440085e-02  -4.7478914e-01  -9.0728557e-02  -2.6160316e-01  -1.1222025e-01   2.4779926e-01  -2.5406611e-01  -5.0877919e-02   4.7018614e-01   6.7937527e-02  -4.9224549e-01   7.5474041e-02  -1.2469465e-01  -6.5928574e-02   3.2397646e-01  -3.2224633e-01   3.4062200e-01  -6.6310138e-02  -3.3804625e-01  -2.4309446e-01   3.3893600e-01   5.0434329e-01  -9.6566956e-04  -9.2467266e-02  -2.0099759e-01   1.6870567e-01   9.8751765e-02  -2.7586800e-01   3.0668440e-01  -2.4314612e-03  -4.9074356e-02  -1.8496493e-02   4.8521326e-02  -1.2054290e-01  -2.9985913e-02   5.5287703e-02  -3.4192098e-01  -1.7860436e-01  -1.7346043e-01  -7.9225335e-02   1.7326552e-01  -2.2152066e-01   2.8745744e-01   2.0997599e-01  -3.4917062e-01   6.2426482e-01   1.7857051e-01   3.8501598e-01   2.8851010e-01   1.5725849e-01  -5.3477583e-01  -5.4466983e-02  -1.0495929e-02   4.8013258e-01  -7.8918231e-02  -2.3967730e-01  -6.2659219e-02   8.5947139e-02  -5.4814040e-01  -7.2712587e-03  -8.7268796e-02   2.0478827e-01  -3.5163448e-01  -4.3386776e-01   4.0959915e-01  -1.8244523e-01  -4.3217334e-01   1.2661789e-01   3.4527595e-01   4.8352806e-01  -2.5352041e-01   2.4995532e-02  -8.0101656e-02  -4.7204539e-02   2.5292760e-01  -4.0564956e-01
  -6.9998645e-02   7.4990501e-03  -4.6117950e-02   1.3645270e-01   4.2170200e-01  -7.2544246e-02  -5.1317637e-02   6.9678667e-02  -3.3777483e-02  -4.0585946e-02  -3.3136253e-02  -4.4339658e-02   0.0000000e+00   1.6232857e-01   8.8003966e-02  -9.0492996e-02   4.9739520e-02   5.2403401e-02   1.1362335e-01   3.3163185e-01  -1.6473000e-01   5.3522571e-02  -3.8267497e-02  -5.1899903e-02   9.3172601e-02   8.6291576e-02   4.1751397e-02   4.2386590e-03   1.9907439e-01  -1.4109421e-01  -6.6069107e-02   2.1744868e-01   7.4887999e-03  -1.0025738e-01   6.9959643e-02  -1.9923451e-02   7.7338877e-03  -3.0565507e-01   3.7978099e-02  -2.5891576e-02   1.7545982e-01  -3.1509708e-03   3.3129276e-02  -1.7564073e-01   1.0437772e-01  -3.0378143e-01  -5.8787862e-02  -1.3376187e-01   1.4411255e-01   1.7579361e-02   1.4663051e-01   1.7349205e-01  -7.6685517e-02  -8.1546833e-03  -4.2236729e-03   1.1135670e-01  -2.9924568e-02   1.2449860e-01  -3.9348678e-02   7.8726584e-02  -2.4690673e-01   2.8186299e-01   7.0010378e-02  -2.1044428e-01  -4.9231666e-02   1.8696643e-02  -1.2033669e-01   1.5301491e-01   1.9410741e-02  -1.7510390e-01  -2.3775584e-02   1.8701381e-01   7.3538786e-02  -8.9068517e-02  -3.8090253e-02   4.9015285e-02  -2.7402136e-01  -1.7392234e-01   1.7035691e-01   1.6128688e-01   6.0550892e-02   1.5326712e-01  -3.2531622e-01   1.8971685e-02  -1.4500278e-01   9.9791285e-02  -2.4114328e-02   5.3014549e-02   9.3875680e-02  -8.3040706e-02   2.1390306e-01  -1.9353758e-01  -8.0943070e-02  -5.5870160e-04  -3.0634155e-01   2.0142174e-01   2.0623050e-01   1.8376219e-01   1.8470930e-01   1.1199602e-01  -6.6780616e-02  -8.8194211e-02   1.4297738e-03   4.9497941e-02   1.2590377e-01   7.1237921e-02   1.0870329e-01   3.0139342e-02   2.2166814e-01  -1.2412872e-01  -9.8623638e-02   8.1466012e-02   1.8396358e-01  -2.2448404e-01   2.9059150e-02  -6.6820183e-02   4.7076162e-03   3.0644065e-01  -7.3131705e-02   7.9386404e-02  -1.8605357e-01   3.0206654e-01  -1.9490804e-02  -3.8720152e-02  -3.1185430e-01   2.1814384e-02   1.1210864e-01   7.5351397e-02   1.4953222e-01  -1.1363636e-01   1.2057088e-01  -2.2313824e-01   7.5264591e-02  -1.8898327e-01   7.9651261e-02   1.0540766e-02   2.3919471e-01  -1.8622182e-02   1.0084142e-01  -2.2308351e-01  -1.3906747e-01   2.4706600e-01  -3.4316402e-03  -1.2589584e-01   1.1705236e-01  -1.4520200e-01  -4.9461566e-02  -8.0524882e-02  -7.5102064e-02   4.0868614e-02  -6.3974180e-02   3.6724196e-02  -7.1472895e-02  -2.7851425e-01   6.3328600e-02  -1.8260550e-01  -3.2204996e-01   3.1143873e-02  -1.0967134e-01   2.0602627e-01   2.0877527e-01  -4.9343664e-02   7.3779947e-02   5.0924140e-02   1.5354732e-01   2.0653053e-02  -6.0931373e-02   5.8940483e-02  -1.5547061e-01  -1.0987378e-01   1.2789567e-01  -3.0225677e-01   3.9279545e-02  -1.1001201e-01  -1.1598882e-02   2.4309076e-01   1.3035120e-02
   2.3948251e-01  -2.0064833e-01  -4.0733020e-01   2.0032359e-01  -2.6458581e-01  -2.7059518e-02   4.9301085e-02   3.7678527e-02   9.5048575e-02  -2.5218785e-01  -7.8981358e-02  -2.6272295e-01   1.6232857e-01   0.0000000e+00   2.7311151e-01   8.5069919e-02  -3.6205458e-01   1.2403782e-02   2.6155379e-02  -2.8818700e-01   3.5095956e-01   1.7551897e-01   2.1606157e-01   1.8094402e-01  -6.3323842e-02  -7.3242134e-02  -2.5266971e-01   3.6276922e-01  -7.7570008e-02   4.0912292e-01   3.1286830e-01   2.1294917e-02   2.9698106e-01  -7.7567929e-02   2.1238037e-01  -1.7760825e-01   2.9018401e-02  -4.7540772e-02   1.8375331e-01  -2.1309400e-01   5.2995171e-02   6.2778551e-02  -3.8261816e-01   2.6196186e-01   2.0012346e-01  -3.5407615e-01   8.8764207e-02   4.1896295e-01   1.1138872e-01  -3.6163393e-01   8.4211356e-02   1.6496221e-02  -2.5621002e-01  -3.2333480e-02   4.1283182e-01   2.6557059e-01  -2.8012173e-02   1.2131915e-01  -3.1726968e-02   7.4897658e-02  -2.6722177e-01   1.2309772e-01  -2.7856135e-01  -2.6055407e-02   1.9498085e-04  -2.8067629e-01  -5.7535815e-02  -3.5048308e-02   4.1243145e-02  -3.2609952e-01  -2.3236933e-01   1.0735131e-01  -2.9939322e-02  -4.7239368e-02   9.1372908e-02  -1.7846784e-01  -2.3581722e-01   1.5727923e-01  -3.7005325e-01   5.7200752e-02   3.1203849e-01   5.0404036e-02   1.8557566e-01   1.6031155e-01   2.2041952e-02  -3.4584714e-02   6.3665831e-01   4.4429845e-01  -1.6359520e-01   2.6168301e-01  -2.3217609e-01  -3.8045250e-01  -2.5521995e-01   3.1192748e-02  -1.3151886e-01  -3.0250404e-01   1.3622064e-01   1.1824022e-01  -2.3241448e-02   1.4140777e-01   2.1272193e-01   1.4539220e-02   4.2443278e-01   3.2416743e-01   6.4876687e-02  -1.0944439e-02  -9.3182879e-02  -3.3019865e-02   8.2378576e-03  -2.5717195e-01   1.2300249e-01   2.5848817e-01  -1.4619807e-02   2.0892285e-01   3.1755367e-01  -2.4737199e-01   3.4194303e-02  -9.2181015e-02   3.7103218e-01   1.1501761e-01  -1.2583329e-01  -2.8453266e-01  -1.0844697e-01   3.3034369e-01  -8.8807143e-02   4.3817792e-01   3.4307593e-01   8.9057334e-02  -3.5966852e-03  -2.2328180e-01   2.0750159e-01  -7.6391262e-02   3.1268104e-01   3.7159749e-01   9.9762766e-02  -7.3299570e-02  -2.2846795e-02   3.7560482e-01  -3.6448347e-02   1.3243565e-01   2.6947496e-01  -1.3577400e-01  -8.3607675e-02  -1.6616434e-01   2.9099838e-01   4.7899508e-01  -3.3171471e-01  -3.4593718e-01  -2.4163761e-01  -7.5138569e-03   1.5512702e-01   2.5645200e-01   5.5806590e-02  -2.2125490e-01  -3.9579505e-01   2.7030761e-02  -5.9671793e-02   4.0779846e-02  -2.9467375e-01   3.6649492e-01   9.9428025e-02  -8.5738200e-02  -3.6766829e-01   8.9236366e-02   6.1655568e-02  -2.0642712e-01  -2.0778777e-02   2.8220983e-01   1.1181000e-02  -1.1767180e-01  -1.2348740e-01  -1.6844048e-01  -8.6046764e-02   2.1445539e-02  -3.2911653e-02  -8.5924087e-02   4.2777537e-02
