   0.0000000e+00   2.1101938e-02   4.0824202e-02  -1.6102150e-01  -1.1016267e-02   1.5475231e-01  -2.4714371e-01   2.0399777e-01  -2.0058371e-01  -2.4802958e-01   3.6456313e-03  -1.9156604e-01   4.3670168e-03   5.1286931e-01   2.6940315e-01   1.7837395e-01  -9.5516416e-03  -2.5815683e-01   1.0747932e-02  -1.2893015e-01  -2.3867365e-01  -3.6513650e-01  -3.0826430e-01   7.7784865e-01  -2.9696710e-02   4.7685248e-03  -9.3283915e-02   2.6308311e-01   2.9153400e-02  -4.3258447e-01  -9.1564939e-02  -3.0241993e-03   3.0298569e-01  -3.4121906e-01  -1.2533124e-01  -2.6158169e-01  -1.3863669e-01   2.7103513e-01   2.2719597e-01   8.8669147e-02   3.8160156e-02   6.0425247e-02  -1.7350038e-01   3.6449394e-01  -5.3250016e-02   2.2888938e-01  -1.9545904e-01  -2.2825162e-01  -6.7568799e-04   1.3495484e-01  -1.2782665e-01   2.8533856e-01  -1.5034028e-01   3.1822988e-01   4.6302923e-01   1.0158346e-01  -1.4892929e-02  -2.6483042e-01  -7.5600149e-03  -9.3215786e-02   9.6677618e-02  -1.3096993e-01   4.8864352e-02   1.0315758e-01  -8.7100524e-02  -2.4076119e-01  -4.1092457e-03  -3.3661289e-02  -1.8315275e-01   1.9737153e-01   1.3226615e-01  -9.5929404e-02   1.5668533e-01   4.5085633e-01  -9.6540656e-02  -5.3309287e-02   3.8298682e-01  -1.1480590e-01  -5.6130797e-02   1.7586329e-02   2.4198702e-01   4.4127586e-02  -3.8149207e-02  -5.5335133e-02   2.5895710e-01   7.6666285e-02  -3.7396817e-01   6.6387899e-01  -7.4421520e-02   8.5972836e-01   5.4478822e-02   1.0148733e-01  -2.5828863e-01  -3.0911134e-01   3.0996423e-01  -5.1284745e-02  -3.9860589e-02   4.6986298e-02  -3.0204456e-02  -6.8755296e-02   5.1459726e-01  -1.1935792e-01  -2.1063236e-01  -2.1090532e-01  -3.2608813e-01  -1.2391993e-01   2.2857660e-01   1.7478069e-02   4.2190272e-02  -1.6310201e-01   7.4842573e-03  -3.5549538e-01  -2.1061780e-01   7.7605633e-01   4.1819278e-01   4.6541547e-02   7.3504484e-02   9.2469339e-03   7.5515859e-02  -1.4078177e-01   5.9896243e-01  -1.4697070e-01  -1.2221283e-02  -3.7298591e-01   5.1779801e-01   3.2560114e-01  -1.9962965e-01   1.6788050e-01  -3.2627708e-01  -2.6055784e-02   5.3335364e-02  -3.1486610e-01   4.5955347e-02  -2.6623415e-01  -7.2903410e-02   7.0178752e-02   7.1369844e-02   1.5555881e-01   7.1372663e-02   2.7368226e-01   6.0281995e-01   5.9677792e-02   8.9731744e-02  -2.4900191e-01   4.6767923e-02  -2.7129741e-01   1.9857848e-02  -3.6756461e-02  -1.7688675e-01  -2.0665457e-01   5.2535605e-01   1.4529411e-03   5.9356117e-01  -1.1945344e-01  -1.4941844e-01   4.1700949e-01   3.0389850e-01   1.9428526e-01   1.5332441e-01   1.0802222e-01  -2.9392229e-02   8.6162351e-03  -3.6612196e-01  -3.0910632e-01  -9.6163410e-02  -1.2332080e-01  -1.2748446e-01  -9.0689635e-02   5.5610480e-01  -1.6036129e-01   6.6872815e-02   3.3084259e-01  -1.5273777e-01  -2.4706991e-01   1.1195652e-01  -1.0846706e-01  -1.9386641e-01
   2.1101938e-02   0.0000000e+00   1.3746602e-01  -1.3364895e-01   2.5508526e-01   3.5687808e-02   8.4484810e-02   6.1487879e-02   2.1869362e-01   3.7958989e-01  -4.5037521e-01   5.0594154e-01   4.3353149e-02  -8.7737027e-02  -1.9041938e-02  -1.1815826e-01   2.1115171e-01  -3.5829134e-01   3.3903043e-01   1.1929496e-01   9.1790944e-02  -5.0096675e-01  -5.0245376e-01   3.0138421e-02   7.8294023e-02  -4.4032569e-02   4.8905185e-02  -1.0920583e-01   5.6271587e-03   4.2539418e-02   2.0705562e-01   8.9313892e-03   9.7447373e-02   4.0098724e-02  -8.5293321e-02  -3.1700169e-01  -3.4709803e-03  -1.4335882e-01   1.1303629e-01   6.3283695e-01   2.6150132e-01  -3.1344293e-02   3.0042419e-01  -2.1057515e-01  -1.8359660e-01  -1.3026416e-01  -3.2847377e-01   2.6269220e-01   1.0674963e-01   4.9323400e-01  -3.0292657e-01   6.7694975e-02   6.6493084e-01   2.1782065e-01   8.6915830e-02  -3.6858365e-01   2.5225391e-01  -5.7583617e-01   1.1749490e-01  -1.1551236e-01   8.3924186e-02   8.6772983e-02   5.3685713e-01   2.2516572e-01   3.0389012e-01  -4.7694244e-02  -1.3767473e-02  -7.4964048e-02  -5.4623287e-02  -1.4793950e-01   7.8459707e-01  -3.6031840e-01   3.1145750e-01   2.6475258e-01   9.4192564e-02  -1.6323493e-01  -3.7572453e-02   3.0722855e-02   5.6251403e-01   2.5309039e-01  -4.0055568e-01   1.4661842e-01   2.1211554e-01   1.9514409e-01   6.1539165e-01  -3.2808261e-02  -1.7177108e-01  -3.8890357e-02   3.2209536e-01   6.6660358e-02   6.2581801e-01   1.1494792e-02   2.1109166e-01  -1.5576730e-01  -8.6411961e-02   4.0893531e-02  -1.6433448e-02   3.5230036e-01   8.3487159e-02  -2.9241228e-02   3.3821328e-01  -4.3943693e-01  -3.0737818e-01   1.5992661e-01  -4.4941031e-01  -3.5954306e-02   1.5388292e-01   1.7694175e-01  -2.4147236e-01  -1.3321914e-01   2.2055033e-01  -3.9532971e-01   1.7516144e-03  -7.5795563e-02  -8.5522291e-02   6.8387112e-01  -1.5318669e-01   7.6878325e-02  -1.2625638e-01  -1.0203069e-01  -1.7497753e-01   4.8664321e-01   3.3710931e-01  -2.1562452e-02  -2.1725636e-01  -1.3659431e-01  -2.4637704e-01   2.7184689e-01  -2.9934622e-01   6.1565627e-02  -7.1544432e-02   5.7927438e-02   3.6205237e-01  -6.5788089e-02   2.5531881e-01  -1.3191067e-01   2.5693189e-01  -5.9141381e-02  -2.0163199e-01   4.1402102e-02  -2.7263699e-02   8.9711757e-02  -4.7764274e-01   2.4829042e-03  -1.8166760e-01  -2.5393519e-01   2.7136451e-01   2.1098093e-01  -3.1066488e-01   3.8207650e-01   2.4771690e-01  -1.8351841e-01   2.1544796e-02  -8.8164609e-02   5.2729890e-01   5.9105617e-02  -1.1100421e-01   3.5865325e-02   2.3188488e-01  -1.6018848e-01  -1.1439219e-01  -4.5587399e-01   1.7709274e-01  -4.4814682e-01   1.1344597e-02   1.5541811e-01   2.6562413e-03   1.5357865e-01  -6.0673277e-02   5.1258631e-01   5.3643231e-01   8.7409116e-03  -3.1209218e-01   1.1923455e-01  -1.4992596e-01   1.5351495e-01  -1.6252217e-01
   4.0824202e-02   1.3746602e-01   0.0000000e+00  -7.9965695e-02   2.1765290e-01   1.3919421e-01   2.0619107e-04  -5.3248977e-02  -1.9357070e-01   4.3552181e-01  -2.3549125e-01   4.0005508e-01  -1.3174002e-01  -9.9350302e-02  -6.3377217e-02  -1.1595198e-02   8.3802139e-01  -1.9641686e-01  -3.9267192e-02   2.8170252e-01  -2.2714136e-01  -2.3730518e-01  -7.6581317e-02   6.5531592e-02   6.0725730e-03   3.0765750e-02   2.8430029e-01   2.7374637e-01   2.0723432e-01  -2.1084141e-01  -2.6341977e-01   6.2490122e-02  -1.3618543e-02   1.9291912e-01  -9.0882514e-02  -9.4921962e-02   6.1668584e-02  -1.0388693e-01  -1.7485315e-01   5.2943999e-01  -2.5197610e-01   2.2687361e-01   2.4103094e-01  -2.8316361e-01  -6.9057446e-02   6.5915215e-01  -2.0011974e-01  -3.3526497e-01  -9.8860941e-02   7.8444323e-01  -2.1128947e-01   1.7538963e-01  -2.9119741e-01   3.5104392e-01  -5.9173194e-02   7.0325941e-02  -8.2773328e-02  -2.8784938e-01  -3.3277535e-01  -1.3352274e-03   7.2635027e-01   2.7709510e-01   1.5240062e-01  -4.3654335e-01  -3.5979293e-01   4.0360188e-01   1.0366497e-01   2.6095573e-01  -6.2339071e-02   7.3947036e-01   2.2758108e-01   7.2845257e-02  -3.9107682e-01   3.3060523e-01   5.7445015e-02  -9.4651030e-02   5.2314027e-01  -8.9061348e-02   1.4613479e-01   5.3669275e-02  -1.2812273e-03   5.2899391e-02  -1.9573413e-01   1.4579622e-01   2.5450829e-01  -8.6674814e-02  -3.6493626e-01  -3.5917496e-02   2.3482405e-01   9.3628112e-02   1.5329953e-01   7.4501977e-01   3.1921163e-01  -1.8838327e-01   2.2041300e-01   1.7534367e-01   1.0728617e-01  -5.5431309e-03   1.8304344e-01   3.3040822e-02   2.9964588e-01  -7.7024567e-02  -1.9023722e-01   3.1651494e-02  -2.6561288e-01   6.5721303e-02   2.6137567e-01  -8.2349727e-02   2.9830911e-02  -2.3766430e-01   2.9120077e-01   6.8591803e-02   9.9578347e-02  -5.8094071e-02   2.2559560e-01  -1.3913193e-01   5.4590964e-02   3.5113406e-03   4.0081589e-02  -2.0611588e-01   1.3344842e-01   2.1550917e-01   1.9522451e-01  -3.0465889e-01   3.0742942e-01   4.2098288e-02  -2.3787658e-01  -6.2764587e-02  -2.4495650e-01   2.9668586e-01  -2.8783337e-01  -3.9836199e-01   1.6325311e-01  -3.7604862e-01   7.8021470e-02  -1.2465579e-01  -9.1798971e-02  -2.1564219e-01   4.6766850e-02  -1.6659455e-01   7.8375499e-02  -1.5314752e-01  -2.4841551e-01   3.8714671e-01  -1.5015373e-01  -4.8239569e-01   6.5980355e-01   1.1230800e-02  -1.0111145e-01  -2.1702613e-01   5.5912809e-01  -1.1243828e-01   1.8993403e-01  -9.6655778e-02   6.5544397e-01  -2.5044556e-01   3.7970142e-01  -8.8422645e-02   5.6260753e-01  -2.5160582e-03   3.0356151e-01  -3.5273539e-01   9.3331877e-02  -2.2235963e-01   3.3003309e-02  -1.0297521e-01   1.0909940e-01   6.3665728e-02   3.1093058e-01  -2.5869050e-01   3.6558015e-02   8.8314274e-02  -2.4850435e-02   2.3597009e-01  -1.5783482e-01   9.2764730e-02  -1.4770563e-01
  -1.6102150e-01  -1.3364895e-01  -7.9965695e-02   0.0000000e+00  -7.0513234e-03   8.6152895e-02  -8.8040091e-02   2.5955545e-01   2.1272427e-01  -6.8072896e-02   2.5790022e-01  -2.9128194e-01   1.8981129e-01   1.0347275e-01  -1.9773417e-01   2.2025628e-01  -1.8942612e-01   2.3614525e-01   1.4326573e-01  -9.1744084e-02  -6.1043822e-02   1.7087853e-01   1.4227400e-01  -2.4205129e-02   8.6387895e-02   3.8429243e-01  -1.5642008e-01   2.1669571e-01   8.6181662e-02   7.7792084e-02  -1.4588961e-01   1.7960109e-01   1.7464134e-01  -8.8842246e-02   1.0729700e-02  -7.4465538e-02   1.7701008e-01   1.0197530e-01   3.0575297e-01  -1.6707790e-01   7.8034931e-02   2.0190365e-01  -2.7465768e-01   1.1268164e-01   2.0285129e-01  -1.6826662e-01   8.6900554e-02  -1.5637338e-01   2.1530273e-02  -1.5105880e-01   4.2810405e-01   1.2387781e-01  -1.9189298e-01   1.8573246e-01   3.6600416e-02   1.1790617e-01   1.0110179e-01   3.0518077e-01   3.8763010e-01   9.5917081e-02  -1.6677467e-01  -3.0541817e-02   6.3105104e-02  -6.9524517e-02   1.4221176e-01   5.0719264e-02   2.2090275e-01  -5.1533102e-03   1.8286781e-01  -1.4576183e-01  -2.0597809e-01   2.3180284e-01   7.2953700e-02  -1.9140181e-01   1.6867071e-01  -1.7522061e-01  -1.3344417e-01   2.7343252e-01  -1.3551402e-01   2.8019538e-01   1.7919299e-01   1.7363402e-01  -1.3418192e-02   1.2961551e-01  -2.1262718e-01  -1.2850127e-01   2.0770271e-01  -1.1729523e-01   1.7631529e-01  -3.1077922e-02  -1.1333730e-02  -9.1699265e-02  -1.3794215e-01   1.8850968e-01   7.5317064e-02   1.7370242e-01   8.6259815e-02   2.3445270e-01   1.2079632e-01   7.6959070e-02  -2.6039374e-01   2.6307054e-01   1.6696918e-01   1.2170354e-02   4.1122264e-01  -1.3768231e-01   1.5739352e-01   1.5415859e-01   2.4901570e-01   1.6398772e-01  -1.9463452e-01   6.0878986e-02   4.2654398e-01   5.1391669e-02  -4.8913493e-02  -4.7453338e-02   2.3506369e-01   3.0297508e-01   1.0777680e-01   4.4565399e-01  -2.3095617e-02  -7.9137905e-02  -1.7937851e-01   7.8361662e-02  -9.8006016e-02   9.2550610e-02   1.4871484e-01   2.4739247e-01   2.3703882e-01  -2.5863897e-01   2.6365272e-01  -1.1797786e-01  -1.9095116e-01   1.4513980e-02   1.0346378e-01   2.9095378e-02   2.2026017e-01  -1.2255022e-01   2.9255552e-01   8.8526322e-02   3.9823541e-02  -1.3468042e-03   2.0392791e-01  -5.9484089e-03  -1.4286152e-01   5.4888533e-02  -1.3471775e-01   1.5457492e-01   1.8846253e-01  -2.0834019e-01  -1.7274345e-01   6.7325276e-02  -1.7396098e-01   1.1729088e-01  -1.4470996e-01   2.6174279e-01   7.1853576e-02   4.3484934e-01  -4.0613109e-02   9.7508817e-02   1.2899172e-01   1.2322010e-01   1.4291669e-02   2.3434603e-01   1.5328843e-01  -2.3033583e-01  -6.5067537e-02   1.4119784e-01  -1.0802868e-01  -1.0709965e-01  -1.3763384e-01   1.1283145e-01   5.0503245e-02   2.4674520e-01   6.2979241e-02   1.9121173e-01   2.3343316e-01
  -1.1016267e-02   2.5508526e-01   2.1765290e-01  -7.0513234e-03   0.0000000e+00   5.2778066e-02  -4.2905559e-01   9.1308105e-02   1.2362418e-01  -3.4245035e-02  -2.1844377e-01  -1.6040251e-02   1.4822119e-01  -2.0343705e-01  -3.0846670e-01  -9.7687541e-02   2.2280234e-01   1.5983964e-01   2.0601282e-01   7.8888531e-01  -3.8783171e-01  -3.0004807e-03  -3.2983887e-01   6.6607489e-02  -1.1048736e-01  -3.4562505e-02   5.4491716e-01  -1.0561193e-01   1.9113043e-01   1.9034502e-02  -2.7507570e-01   1.8892949e-01   1.6702199e-01  -3.6641703e-01  -3.1858985e-01   1.8373654e-01   1.1912404e-01  -1.5846600e-01   3.7023361e-02   3.1186212e-01   2.4730888e-01  -4.6578092e-02   1.8355320e-01  -1.4882781e-01   4.1951328e-01  -4.1106282e-02  -2.6677126e-03  -4.0868803e-01   5.4033172e-01   4.7053198e-01   2.0940426e-01  -4.0997332e-03  -3.4088806e-02   9.9937404e-02  -1.3815588e-01  -2.9888443e-01   1.1706616e-01  -1.2057476e-01  -6.7846697e-02  -9.9194519e-02   2.0254567e-01   3.3089976e-01   3.6047719e-01  -1.7044664e-01   3.9345851e-01   2.3932746e-01   8.8925986e-02   2.4317661e-01   4.6379162e-02  -1.1030128e-01   8.5602806e-02   1.7970220e-01  -4.0983865e-02  -2.3757214e-01  -1.5235785e-02  -2.0463613e-01   1.5676061e-02   1.0089079e-01   7.0261478e-01   3.0154537e-01  -3.9678460e-01   5.2033475e-02  -4.4689697e-01   3.0462215e-01  -1.5478905e-01  -2.1388679e-01  -3.7117806e-01  -6.9277754e-02   2.8857809e-01  -2.1018321e-02   6.7963173e-01   1.2315464e-01  -4.3448953e-02   1.5650030e-01  -1.4350817e-01   8.2576486e-01  -3.4510909e-02   1.1652297e-01   3.7875933e-01  -1.1548359e-02  -2.3409101e-03  -2.3006949e-01  -4.3314414e-01  -9.7862984e-02  -1.2912398e-01   1.2831411e-01   1.4453879e-01   1.7609564e-01   1.2450832e-01  -8.0275700e-02  -2.8386121e-01   2.6433002e-03   2.2522255e-01  -1.9566386e-01  -3.1007577e-01   4.1200190e-01  -4.6118494e-02  -6.0586198e-02  -8.3090555e-02   1.7045291e-01  -1.6643767e-01   7.0079937e-01   1.7832911e-03   2.5909345e-01  -9.0138831e-02  -3.3761115e-01   3.8637600e-01   8.2314909e-02  -9.3826340e-02  -2.6501467e-01   7.5766249e-02  -1.6419544e-01  -3.0092171e-01  -4.5808115e-01   3.6093947e-02  -1.0526837e-01   1.5069699e-01  -4.6740313e-01  -1.2350856e-01   3.2634090e-01  -5.3320757e-03   1.3741925e-01  -1.5310647e-01  -5.3948793e-02  -4.0488740e-01  -5.6915129e-01  -1.8654267e-01   3.3111913e-01   1.2922316e-02  -4.4067324e-03  -1.1576209e-01  -2.7321180e-01  -2.7050631e-02  -7.3180236e-02   1.9280620e-01   1.1465403e-01  -3.8224365e-04   4.5310060e-02   1.3700904e-01  -2.4102826e-01   2.2376742e-01  -6.1413178e-02   2.9563334e-01   6.5228940e-02   2.4920581e-01  -3.7463025e-02  -1.8899010e-01   5.2476900e-02   4.3397960e-02  -1.4926832e-01   3.5156730e-01  -2.9499998e-02   4.7047897e-01   1.2923840e-01  -4.7548804e-02   9.1806788e-02   6.7961584e-02
   1.5475231e-01   3.5687808e-02   1.3919421e-01   8.6152895e-02   5.2778066e-02   0.0000000e+00  -1.1622761e-01   3.4087597e-01  -7.7694730e-02   9.1074843e-02   1.9024632e-01   4.6181819e-03   9.7929338e-02   2.2069510e-01  -2.0746912e-01   1.8033843e-01   8.8382341e-02   5.1069281e-02   3.0081322e-01  -1.4111748e-02  -1.3068319e-01  -1.3681500e-01   2.8692648e-02   2.0396176e-01  -9.0599197e-02   4.2049380e-01   2.2300470e-01   1.8312744e-01   1.2483074e-01   9.8232950e-02  -8.8793087e-02   3.6731741e-01   2.5260762e-01  -5.8727395e-03  -1.2094484e-01   1.1459410e-01  -8.7870680e-02  -1.8733704e-02   2.3220190e-01   1.7571087e-01   9.4631217e-02   5.1334269e-02  -1.9674463e-01   8.0537010e-02  -1.0964129e-01   7.6123338e-02   2.5740011e-01  -9.8250372e-02   4.2090244e-02   4.1882125e-02   5.0918033e-02   3.0516801e-01  -3.6453083e-02   1.3258063e-01  -6.6522854e-02   2.5857469e-01   3.7700763e-01  -1.0832058e-01   1.4151878e-01  -8.1335586e-02   1.8736791e-01  -8.5190306e-02   8.7315740e-03  -1.6141894e-01  -3.8790866e-02   2.1118628e-01   6.1144470e-01  -1.6675048e-01   4.0008025e-01   7.7460697e-02  -2.9631742e-02   5.7708759e-03   6.6024912e-02   1.1864576e-01   8.7267786e-02   1.4644172e-01   1.5211616e-01   2.0233262e-01  -5.1866894e-02   9.1919017e-03   2.2046485e-02   1.1962907e-01  -5.9080819e-02   2.1405369e-01   7.5765457e-02   2.1340407e-01  -1.8276239e-01   3.4837355e-02   1.8354233e-01   1.9217194e-01   4.3458925e-02   1.2538773e-01  -6.1904309e-02  -1.4560665e-01   7.0428404e-02   1.1148760e-01  -9.2456668e-02   4.0978734e-01  -9.1171894e-02   1.2281331e-01  -1.7515612e-02   4.8629969e-02   4.8146271e-02  -1.2108088e-01   7.1266603e-02   1.3072710e-01   1.1434271e-01   4.5614089e-01   6.5154221e-02   1.9941530e-01  -5.7265215e-02   8.0178076e-02   1.1062132e-01   1.2704917e-01  -6.9919733e-03  -3.7141669e-02   3.2061772e-01   3.4742661e-02   1.4426164e-01  -1.8795498e-03   1.7488372e-01  -2.5142400e-02  -4.8327095e-02  -2.4851799e-01   1.3589074e-01   1.2495367e-01  -1.4618212e-01   1.8750176e-01  -1.4049816e-01   3.6333850e-02  -5.1104455e-02  -5.9544083e-02   8.8881927e-02  -6.4752936e-02  -1.9207225e-01   3.6163138e-01   3.7771089e-02  -8.1709906e-02   2.6905147e-01   1.1133383e-02   2.5422678e-01  -9.1432515e-02   8.6548829e-02   3.5785634e-01  -2.7271513e-02  -1.2677866e-01   3.1409790e-02   2.2091182e-01   1.5535880e-01  -8.8380650e-02   8.0775867e-02  -1.4749118e-02   8.4934933e-02   1.1616420e-01   2.5662940e-01   5.5242932e-03   1.7377112e-01   2.2703750e-01   1.9676193e-01  -5.6512926e-03  -9.3578745e-02   5.8978535e-02   1.4449465e-01   5.7838414e-02   1.9561904e-01  -2.4904642e-01   2.6627787e-01   1.2659332e-01   1.1751632e-01  -9.1971158e-02  -1.1084284e-01  -3.6157861e-02   2.5893445e-04   4.4573973e-01   7.5366837e-02   3.6592147e-02  -6.1281150e-02
  -2.4714371e-01   8.4484810e-02   2.0619107e-04  -8.8040091e-02  -4.2905559e-01  -1.1622761e-01   0.0000000e+00  -3.0993747e-02   5.1413450e-02   3.8492147e-01  -1.9316965e-01   5.2749704e-01  -5.7565125e-02  -1.0169832e-01   3.8755255e-01  -1.7143388e-01  -3.7216654e-02  -9.0357769e-03  -1.5762107e-01  -1.8262637e-01   4.3001730e-01  -1.8066803e-02   4.4361943e-01  -2.6841949e-01  -1.3212940e-01  -9.6010319e-02  -1.3573864e-01   1.7522290e-02  -1.7815724e-01   1.5153460e-01   4.1726867e-01  -6.6897013e-02  -1.4280387e-01   6.9636078e-01   2.7672864e-01   1.4053450e-02  -1.3610756e-02  -1.3827226e-01  -1.4434068e-01   6.4229688e-02  -1.6562753e-01  -3.4813568e-02   1.9513984e-01  -2.0038990e-01  -1.7385381e-01  -1.3449040e-01  -1.7668324e-01   6.0753570e-01  -3.2903383e-01  -2.1400945e-01  -2.3446540e-02   4.9914657e-02   2.7521007e-01  -1.1666861e-01  -9.5645982e-02   9.4053802e-02  -9.8821780e-02  -7.6429665e-02  -2.4971172e-02   9.7529205e-02  -6.2342680e-02   8.8203230e-02  -1.7189002e-02   2.3842768e-01  -1.3447839e-01   1.1531989e-01  -1.1928832e-01  -3.2515220e-01  -2.1141670e-01   1.6702839e-01   1.5468340e-01  -2.5320820e-01  -8.6355798e-02   1.7458263e-01  -1.7620441e-01   8.4142983e-02  -2.2290378e-01  -1.3401771e-01  -1.4458258e-01  -2.6835052e-01   2.8046215e-01   7.1567213e-02   3.2585746e-01  -5.4724425e-02   1.5105447e-01   1.0090949e-01   1.2311945e-01  -1.1296814e-01   2.8865119e-02  -2.2238316e-01  -3.3472249e-01  -8.4678293e-02   4.9487923e-01  -1.1541615e-01  -1.4847628e-01  -4.2626914e-01  -1.7783650e-01  -1.2286326e-01  -2.5816285e-01   1.0710433e-01   1.2966935e-02   3.0442935e-01   2.6226721e-01   1.1418299e-01   6.1071426e-02   3.3232395e-03  -9.0220312e-02  -1.8271304e-01  -6.6164819e-02  -1.4508280e-01   5.9215496e-01   1.2882970e-01  -1.5434781e-01  -1.8170953e-01   3.4216680e-01  -1.5130031e-01  -1.6423823e-01   2.8067231e-01  -5.1697767e-02  -1.3302257e-01  -2.0924111e-01  -1.9834248e-01   5.4100850e-02  -1.0398990e-01  -1.9653375e-01   5.5837314e-02  -9.8130325e-02  -2.6542975e-01  -5.6598395e-02   2.1654245e-01  -3.0505000e-01   4.9695015e-01   2.0509823e-01   3.0879784e-01   4.1415253e-02  -1.2671743e-03  -2.5894393e-01   2.5905632e-01   6.3770408e-02  -2.8219241e-01  -1.8390757e-01  -1.7998260e-01  -2.1327007e-01   2.7877433e-01   4.5137125e-01   3.9552851e-01   5.4013673e-01  -2.3116127e-01  -2.2719516e-02   4.0785977e-01   1.9689540e-01   2.0431988e-01  -1.3355800e-01  -5.4618935e-02   1.9982582e-01  -3.2809784e-01  -2.3439675e-01  -2.7786137e-02  -9.6758967e-02   3.0614089e-01  -2.7216546e-01  -3.3137293e-01   2.0692227e-02  -1.4111585e-01  -1.4035490e-01   3.8479975e-01   4.6582290e-01  -3.3892056e-02  -2.9912156e-01   2.0780586e-01   5.0964054e-02  -2.1646277e-01  -2.6558687e-01  -1.0737971e-01   7.8051201e-02  -1.3454620e-01  -1.2325416e-01
   2.0399777e-01   6.1487879e-02  -5.3248977e-02   2.5955545e-01   9.1308105e-02   3.4087597e-01  -3.0993747e-02   0.0000000e+00   8.6868808e-02   8.7484241e-02   1.1276008e-01  -2.6049564e-02  -7.9891067e-02   2.9021149e-01  -8.2550665e-02   1.4071642e-01  -1.4436147e-01   4.6194906e-02   2.9712776e-01   4.0266025e-02  -6.8880389e-02   5.3454091e-02  -1.4270384e-01   2.8840567e-01  -1.0163287e-01   2.9272942e-01  -4.1196126e-02   1.5235858e-01   3.6100469e-02  -9.1307246e-02  -9.7071140e-02   5.2228134e-01   2.3836507e-01  -7.4707980e-02  -1.6622567e-01  -1.9336654e-01   8.5879094e-03   3.4175483e-02   2.8679986e-01   1.6465837e-01   1.6905575e-01   2.1528645e-01  -2.0985614e-03   1.8176250e-01  -4.8447317e-02  -1.5533497e-01  -3.6753755e-03  -1.4086293e-01  -1.2029965e-02   1.2708090e-02   1.5882079e-01   5.0661279e-01  -1.6767026e-02   2.3354105e-01  -8.1178876e-03  -2.0409951e-02   2.8042370e-01  -1.5404374e-02   3.3576934e-01   1.1016647e-01   1.0013326e-01  -1.4209019e-01   1.5488172e-01  -2.0448780e-02   5.9248410e-02   2.2404847e-02   3.9895043e-01  -1.6640174e-01   2.2710540e-01  -1.4093470e-01   1.3076285e-02  -9.0510769e-02   1.1252096e-02   5.1303089e-02   9.0149855e-03   4.0963534e-02  -1.7803810e-02   2.9806579e-01  -8.3328827e-02   2.0441118e-01   7.2755377e-02  -4.2321833e-02  -3.3039623e-02   4.3390986e-01   8.4538993e-02   2.0655993e-01  -2.0634015e-02   1.9122423e-01   1.4807505e-01   2.8421460e-01   1.5624589e-01  -1.3842143e-03  -8.1782223e-02  -2.0297820e-02   2.0509301e-03   1.2572933e-01  -5.4292947e-02   4.7779194e-01   1.0602584e-01   1.6654329e-01  -1.6275807e-02  -4.1929810e-02   8.7568612e-02  -7.2756550e-02   1.2402988e-01   2.6103643e-01   3.5802672e-01   4.5044949e-01   1.1031671e-02   3.0443693e-02   4.2178929e-02  -1.5141349e-01   2.1028879e-01   3.1852377e-01   1.4707115e-02   1.2007651e-01   3.0207341e-01   5.8824521e-02  -4.0826490e-02   1.0984432e-01   1.2152291e-01   9.9405326e-02   2.0197481e-02  -1.5704469e-01   3.1124056e-02   4.1195148e-02  -7.7432673e-02   3.5518454e-01   1.7565047e-01  -2.3478550e-01   4.0400061e-02  -8.7415544e-02  -8.1537658e-02  -1.6900433e-01   9.8010196e-02   4.5387735e-01   2.0666178e-01  -3.8929734e-02   3.8486886e-01   2.3831306e-01   1.5905099e-01  -1.3306229e-01   2.0111729e-01  -1.0170967e-02  -1.4902674e-01  -1.1970854e-01  -2.6875752e-02   1.9131615e-02  -5.4960712e-02   1.8179400e-02   8.7273435e-02   1.7878556e-01   7.6782369e-02  -9.4696294e-02   3.2600071e-02   2.9595270e-01   5.2876993e-02   1.1793714e-01   1.0000631e-01   2.0802563e-01  -1.2593855e-01   1.9754987e-01   5.8064951e-02   1.3867354e-01   2.2005241e-01  -2.4514208e-01   1.5993905e-02   8.0115454e-02   5.9736733e-02   1.5267426e-02   2.2448064e-02  -7.4421517e-02  -4.9040733e-02   2.5560478e-01  -2.2719996e-02   5.2022381e-02   6.8230926e-02
  -2.0058371e-01   2.1869362e-01  -1.9357070e-01   2.1272427e-01   1.2362418e-01  -7.7694730e-02   5.1413450e-02   8.6868808e-02   0.0000000e+00   1.7122234e-02  -4.8964865e-02   3.1222389e-02   2.0320398e-01  -1.1637601e-01   1.7086212e-01   8.6257750e-02  -1.6329071e-01   1.5924206e-01   1.1745355e-01   8.3185114e-02   2.3839265e-01   2.6099457e-01  -1.0845239e-02  -9.2342194e-02  -3.5654976e-02   7.7435909e-02  -1.0038221e-01  -2.2563040e-01  -1.0512037e-01   2.9680359e-01   1.4859480e-01  -1.0618128e-01   2.2417856e-02  -1.6704567e-01   2.6880898e-01  -1.5301065e-01  -4.8360395e-02   5.3123641e-02   9.3402958e-02   1.3507791e-02   2.2636362e-01   6.5524131e-02   1.7517787e-01  -7.3582416e-02   3.3347252e-02  -3.2532420e-01  -1.4800348e-01   1.6214464e-01   2.2550980e-01  -8.8006340e-02   9.7645942e-02  -3.3862759e-02   1.5790973e-01  -3.2141533e-02  -8.8475380e-02  -3.6278386e-01  -2.0791015e-02   1.2161867e-01   1.8120049e-01   5.0653862e-01  -2.2880538e-01  -5.8699871e-02   4.1995903e-01   2.4166162e-01   5.3621108e-01  -1.2626685e-01  -7.7891242e-02  -9.4829005e-02  -1.2265961e-01  -2.7546659e-01   5.1236402e-02  -1.3541534e-01   2.3109668e-01  -1.3215444e-01  -1.6238162e-01  -1.2886652e-01  -2.2334849e-01  -4.8663180e-02   2.1355633e-01   2.5655232e-01  -1.1488154e-01   8.4748095e-02  -1.0215626e-01   5.2703293e-02  -8.3440123e-02   1.2620821e-02   4.1055959e-01  -9.6278240e-02   2.6223044e-01  -1.4995148e-01   2.9761478e-01  -1.8755273e-01  -2.1848298e-01   4.5963562e-01  -1.2237616e-01   7.6944577e-02  -2.3961818e-02   2.1458190e-01   8.1109876e-02  -4.9098710e-02  -2.3018311e-01  -5.2364997e-03  -1.2921942e-01   5.5262562e-01   1.1109340e-01  -1.0786540e-01   1.3293475e-02   9.4556485e-02  -5.2736023e-02  -5.5314695e-02  -6.6789098e-02   2.2486325e-02   3.0073853e-01  -8.4657719e-02  -1.5371595e-01   2.2462473e-01  -2.2245996e-01   9.8244611e-02  -2.7447358e-01   1.2775606e-01  -1.2308985e-01   1.5857970e-01  -6.0881485e-03   3.9309052e-01  -1.8800984e-01  -9.7104628e-02   3.1990278e-01   1.3444450e-01   2.9604360e-01  -2.4915120e-01   1.2604128e-01   1.6895354e-01  -3.2139276e-02   8.3773897e-02   3.7656203e-01  -1.0354583e-01   2.0516701e-01  -4.3855439e-02  -8.5946885e-02   3.2322641e-03  -1.2139904e-01   2.3561836e-01  -2.1192256e-01  -8.4911952e-02   2.0114133e-01   1.4371813e-01  -6.2823100e-02   1.5421420e-01  -1.9162550e-01   2.1008189e-01  -1.4263554e-01  -1.4721590e-01  -1.6202864e-01   1.6347486e-01   5.9416467e-02   3.4595998e-02  -1.5971847e-01   8.4741748e-02  -1.3735782e-01  -1.2539955e-01  -9.3214529e-02  -1.2657237e-02   6.8862759e-02   1.0590823e-02   7.9672006e-02  -1.6925584e-02  -1.4644501e-02   4.0888572e-02  -2.1371449e-01   1.0999517e-01   5.4340390e-02   2.3100302e-02   8.3385126e-02   4.5636031e-03  -1.0849715e-01   1.2895891e-01   2.4349369e-01
  -2.4802958e-01   3.7958989e-01   4.3552181e-01  -6.8072896e-02  -3.4245035e-02   9.1074843e-02   3.8492147e-01   8.7484241e-02   1.7122234e-02   0.0000000e+00  -3.7751110e-01   5.7550691e-01  -3.5693511e-02  -2.7105806e-01  -3.0671307e-02  -2.8295654e-01   3.1615820e-01  -3.2026239e-01   3.6484998e-02   1.6538095e-01   2.6481843e-01  -2.4951201e-01  -1.9645000e-02  -1.7218400e-01  -1.7019892e-01   9.8913709e-02  -6.5678819e-03   1.1079917e-02  -7.0356385e-02  -1.5680851e-01   9.5742313e-02   4.4545923e-02   2.2657554e-03   4.4458804e-01  -2.0790890e-02  -2.1959313e-01   7.8269681e-02  -1.6078815e-01  -4.4808240e-02   5.2776220e-01   1.2770576e-02   9.3471263e-02   2.5062426e-01  -2.9089535e-01  -1.9046996e-01   1.6237860e-01  -2.9256636e-01   1.7113671e-01  -1.7158601e-01   4.1398858e-01  -2.7675979e-01   1.9647962e-01   2.5085272e-01   1.9371228e-01  -1.6764648e-01  -1.6482847e-01   5.7077811e-02  -3.1775716e-01  -7.6648909e-02  -6.8089106e-03   3.9351269e-01   2.5341034e-01   2.0290793e-01  -1.2690386e-01  -2.7770821e-02   3.3042157e-01   2.5080374e-02  -2.7811574e-02  -4.8604542e-02   2.5280943e-01   4.4638882e-01  -1.2924917e-01  -1.6284626e-01   2.4345954e-01   1.1234839e-01  -7.2319579e-02   1.4250232e-01  -3.3075585e-02   8.1140686e-02   1.4144881e-01  -1.2898073e-01   1.0117452e-01   1.5564790e-01   1.4174822e-01   3.9791620e-01   1.3870227e-02  -1.6179363e-01  -1.8931355e-01   1.5622139e-01  -1.5110714e-01   1.4142565e-01   3.2754409e-01   5.5637618e-01  -7.9752466e-02   6.5479245e-02  -1.0123639e-01   4.7388442e-02   4.8683016e-02   3.5629562e-02   1.8668393e-01   1.0230942e-01  -1.0805860e-01  -5.9720140e-02   2.8310332e-02  -2.2107870e-01   7.0426001e-02   2.9232030e-01  -2.0815561e-02   1.4275704e-02  -3.5002036e-01   5.0701688e-01  -1.8462341e-01   5.0162290e-03  -1.8542365e-01   7.0876963e-02  -4.6848716e-03   9.2487778e-03   1.7636384e-01  -1.8236082e-01  -1.7356492e-01  -1.1635564e-01   2.8383869e-01   3.8184255e-01  -2.1332205e-01  -5.7702908e-02  -1.4026198e-01  -2.4031286e-01   8.1660512e-02  -1.1993125e-01   2.3384664e-01  -1.7359358e-01   9.0916695e-02   2.0794952e-01  -6.0429308e-02   3.4423153e-01   2.1793134e-03   5.5108058e-02  -7.9363157e-02   1.5549505e-03  -2.8937292e-01   2.7394324e-03  -7.8489649e-02  -3.8342843e-01   2.0435855e-01  -5.1049087e-02  -1.2230172e-01   6.3128917e-01  -9.1604662e-02  -1.8912114e-01   2.8110909e-01   3.2353133e-01  -7.6691233e-02  -1.1583130e-01  -1.3353889e-01   5.7201255e-01  -2.6195880e-01   3.6649845e-02  -1.9237152e-01   3.8893334e-01  -3.2444689e-02   4.0007902e-03  -5.1433537e-01   1.8486510e-01  -2.6228577e-01   1.1765607e-02   1.5206922e-01   1.6675566e-01   4.9444287e-02  -1.5103776e-02   2.3266883e-01   2.3297296e-01  -6.6909644e-02  -2.4143384e-01   1.2888077e-01  -2.6274019e-01   7.5348934e-02  -2.5827074e-01
   3.6456313e-03  -4.5037521e-01  -2.3549125e-01   2.5790022e-01  -2.1844377e-01   1.9024632e-01  -1.9316965e-01   1.1276008e-01  -4.8964865e-02  -3.7751110e-01   0.0000000e+00  -4.2845811e-01  -2.8217558e-02   2.2594869e-01  -4.3997794e-02   2.4161319e-01  -1.7299713e-01   5.2848398e-01  -2.7136006e-02  -2.1813917e-01   3.5429600e-02   2.8968066e-01   2.0541448e-01   9.1600173e-02   1.2283246e-01   8.3911827e-02  -2.4764730e-01   5.5268798e-02   2.2626650e-02   2.0849888e-01   1.4716299e-03   1.4000330e-01  -6.4635709e-02  -9.4045276e-02   5.3436907e-02   3.8662693e-01  -1.3392876e-01   1.0738512e-01   1.0098180e-01  -4.4089399e-01  -1.4379452e-02   2.8120634e-03  -2.4631167e-01   3.9754388e-01   1.1631012e-01   8.1400090e-02   6.7574411e-01  -2.7626357e-02  -2.0297381e-01  -4.5158063e-01   4.9582347e-01  -2.7490128e-02  -2.4668386e-01  -1.1098254e-01  -2.5888462e-02   3.7757330e-01   4.8016839e-02   4.0222469e-01   2.6606287e-01   1.0861884e-01  -1.0612857e-01  -3.0831547e-01  -1.9179732e-01   4.6790983e-02  -3.4694220e-02   1.9603460e-03   2.5171034e-01  -4.0214596e-02   4.9484014e-01  -1.4591579e-01  -4.5856832e-01   3.2554462e-01  -5.6303878e-02  -1.8748689e-01  -1.3111562e-01   7.3044704e-02   7.4756594e-02   2.8567722e-01  -4.7972307e-01  -2.1068943e-01   2.4274606e-01  -1.1638540e-01   4.1632302e-02  -1.7749006e-01  -2.8552752e-01  -1.8119371e-02   2.5713892e-01  -8.7141869e-02  -2.4772717e-01   4.1738903e-02  -4.1395909e-01  -7.4875503e-02  -2.3550760e-01   7.3655405e-02   1.6341616e-01  -5.2562485e-02  -2.0824678e-02   1.6267257e-01  -1.5590702e-01   1.4916991e-02  -2.7716048e-01   2.9630866e-01   2.4516827e-01  -2.5940054e-02   6.8168211e-01   4.8019185e-02  -5.8147430e-02   2.9403380e-01  -5.4609484e-02   5.6969644e-01  -2.3772722e-01   1.7775022e-01   7.7731141e-02   1.7591234e-01  -1.4675339e-01  -3.8691033e-01   2.9068445e-01   3.2688079e-03   2.1123752e-01   2.5159018e-01   3.1738501e-01  -3.8189914e-01  -3.0394020e-01   2.1213577e-02   2.1280378e-01   1.7744197e-01   1.5241514e-01  -3.8945856e-02   3.5849053e-01  -6.0507456e-02   1.4171378e-01   1.2936582e-01  -1.1740502e-01   1.5507523e-01  -2.5086873e-01   1.5812857e-01  -1.2358018e-01   1.5603286e-01   3.1131717e-01   7.7772205e-02   1.3054966e-01  -6.1170612e-03   6.7264251e-01  -6.3147565e-02  -3.5252493e-03   2.5730636e-01  -3.2214150e-01   3.0368145e-02   3.6991899e-01  -1.2571284e-01  -2.6526588e-01   1.0835706e-01   1.1118205e-01   3.9520313e-01  -2.8494798e-01   1.6013462e-01   2.8243094e-01   1.7663976e-01  -1.4593213e-01   1.0499909e-02  -5.0439889e-02   7.5734487e-01   2.1578774e-01   6.1469294e-01   7.8809571e-03  -4.1600458e-01   8.2722698e-02  -5.5131254e-02   1.2767838e-01  -1.0878408e-01  -5.1040250e-01   6.5583477e-02   3.7878683e-01   2.3216774e-01  -9.2010049e-03   9.4250334e-02   1.8384611e-01
  -1.9156604e-01   5.0594154e-01   4.0005508e-01  -2.9128194e-01  -1.6040251e-02   4.6181819e-03   5.2749704e-01  -2.6049564e-02   3.1222389e-02   5.7550691e-01  -4.2845811e-01   0.0000000e+00  -1.8933613e-01  -2.6929203e-01   7.9152257e-02  -3.2765190e-01   3.9335153e-01  -1.9367569e-01  -3.2256914e-02   9.7116990e-02   2.3878116e-01  -3.1078808e-01  -9.3093970e-02  -2.2140509e-01  -1.1287894e-01  -1.6077433e-01   2.0182970e-01  -9.2430568e-02  -1.5177799e-01   7.3041834e-02   1.5548416e-01   4.7703157e-03  -9.0514950e-02   5.2705762e-01   1.4439425e-01  -7.9607709e-02  -3.2025945e-02  -1.6303737e-01  -2.4028818e-01   5.7261571e-01   1.3895374e-02  -8.8046034e-02   5.6949972e-01  -2.7041816e-01  -3.7004993e-01   9.8957430e-02  -2.2879793e-01   2.9969025e-01  -2.2225166e-01   3.9211488e-01  -3.8495059e-01   1.0356595e-01   4.0884892e-01   6.5180884e-02  -1.7918422e-01  -1.5674988e-01  -1.6587939e-01  -4.9272894e-01  -9.7453212e-02  -1.3289619e-02   3.2579360e-01   1.2034282e-01   2.4155134e-01   6.2782446e-02  -5.8936397e-02   3.1096613e-01   4.3472052e-02  -2.1586601e-01  -1.5360202e-01   2.6500492e-01   4.7010029e-01  -4.0743874e-01  -1.5693518e-01   3.8721886e-01  -1.2039191e-01   5.2239409e-02   8.2132223e-02   5.7031349e-03   2.5068783e-01  -1.3617444e-01  -2.8870192e-01   5.0187131e-02   1.9030009e-01   8.9683071e-02   3.9595355e-01   4.5484862e-03  -1.5673645e-01  -2.2530760e-01   2.7793287e-01  -1.5730181e-01   1.5332316e-01   3.0630134e-01   6.2983208e-01  -1.3753436e-01  -8.5975463e-02  -1.9401262e-01  -1.7951097e-01  -2.4188425e-02  -1.3783272e-01   2.3164188e-03   1.5758532e-01  -1.6751783e-01  -1.1203748e-01   1.5376894e-01  -3.6590073e-01   8.0189012e-02   6.7868027e-02  -2.2734311e-02  -1.6303515e-01  -1.5559477e-01   6.0819152e-01  -2.9687962e-02  -1.8542821e-01  -2.3682710e-01   3.4266943e-02   2.5313591e-01  -2.1298618e-01   1.1237591e-01  -8.1790931e-02  -3.7097688e-01  -2.2294441e-01   3.0006213e-01   5.1231613e-01  -1.5680556e-01  -8.8281971e-02  -8.0228580e-02  -2.8288927e-01  -9.6470144e-02  -2.4811652e-01   3.7169077e-01  -4.5840921e-01   1.9800207e-01   3.1215766e-01  -6.3787588e-02   1.4954963e-01  -2.4319227e-02  -1.3075528e-01  -1.0002440e-01  -1.4020519e-01  -1.5749953e-01  -9.7249146e-02  -5.5960587e-02  -4.0018560e-01   4.3378905e-01  -2.6204132e-02  -1.1332026e-01   6.3506282e-01  -5.0763185e-02  -1.0884893e-01   3.0703850e-01   4.0440964e-01  -1.9087591e-02  -1.1340241e-01  -1.3449587e-01   7.0698296e-01  -3.1910653e-01  -8.0828986e-02  -1.8123965e-01   2.9538290e-01  -8.8882519e-02  -1.6885078e-01  -4.0549769e-01   2.4160421e-01  -2.4760958e-01  -9.4138077e-02   3.5701474e-01   3.7325696e-01  -7.3657889e-02  -8.4875614e-02   3.4368440e-01   4.0405357e-01  -1.2960419e-01  -2.3386468e-01   1.0974741e-01   2.4436448e-02  -6.2580992e-02  -2.6278307e-01
   4.3670168e-03   4.3353149e-02  -1.3174002e-01   1.8981129e-01   1.4822119e-01   9.7929338e-02  -5.7565125e-02  -7.9891067e-02   2.0320398e-01  -3.5693511e-02  -2.8217558e-02  -1.8933613e-01   0.0000000e+00  -8.2576281e-02   3.3820920e-02   9.2626842e-02  -2.1354962e-01   1.8912868e-01   1.4471469e-01   1.2938832e-01  -4.3894914e-02  -8.4277032e-02   5.9133784e-02   1.1222069e-01  -4.2137888e-02   1.6030387e-01   5.9813637e-02  -1.0638617e-01  -2.1568914e-01  -7.1702047e-02  -2.4488850e-02  -2.5721204e-01   1.3179746e-01  -1.6001571e-02  -2.7972656e-02   1.8006681e-02   9.1424570e-02  -7.2598520e-03   1.5980197e-01  -7.4678136e-02   3.5235940e-01   2.0715798e-01  -1.6944044e-01  -2.0684945e-02   2.2580860e-01  -1.4509913e-01   8.5453666e-02   1.6185106e-02   6.7461690e-02  -4.0444120e-02   2.4184336e-01  -7.4468717e-02   2.9839577e-02   2.5324648e-02   4.7485252e-02  -4.7896009e-03   1.3452126e-02  -2.7652687e-02   1.5524011e-01  -3.9213311e-02  -2.3066430e-01   1.0580342e-01  -5.8489315e-03   1.2916199e-02   2.4441498e-01  -1.7523335e-02   1.0996588e-01  -1.2018025e-01   4.0075518e-02  -1.6867706e-01  -8.4460229e-02   9.3338031e-02   2.5337585e-01  -7.7194567e-02  -1.9293346e-02  -2.1700705e-01  -7.1678074e-02   4.0316231e-02   7.1246742e-02   1.7319059e-01  -4.3621526e-02   3.0492149e-01  -1.0401118e-01  -9.1093731e-03  -1.8125878e-01  -1.6221382e-01  -7.5728239e-02  -2.3768246e-03   2.0604115e-02   4.4941211e-02   7.3656332e-02  -1.5543740e-01  -8.5356496e-02   1.7563745e-02  -4.9199106e-02   1.9750207e-01   1.4050339e-01   3.2965329e-02   1.4496482e-01   1.7926511e-01  -3.2650738e-02   1.3249891e-01  -1.1343081e-01  -6.0784616e-02   3.1487460e-02  -2.7845690e-01   1.9785331e-02   1.3139457e-01   1.9983131e-01   3.1951187e-02  -1.8960803e-01  -4.8507671e-02   1.4716935e-01   2.8487857e-02  -5.6934569e-02   8.4834483e-02   6.4816307e-02   3.2735075e-01  -8.1464570e-02   1.2836600e-01   4.8338191e-02   3.0537582e-03  -1.1957755e-01   2.7680143e-02  -3.1323098e-02  -1.4472194e-01   1.7683891e-01   1.5946240e-01  -3.2935580e-02  -1.6410507e-01   2.1574758e-01  -2.1207819e-03  -2.0395552e-01   3.7977220e-02   4.9825860e-02  -1.6098982e-01   2.8318066e-01  -1.1271981e-01  -1.9809721e-02   9.3373392e-02   1.4390227e-01   3.4302317e-01  -9.4654329e-02  -1.1668903e-01   5.1355441e-03  -4.3646626e-02  -1.2124198e-01   5.4737021e-03  -2.0506242e-02   9.6541373e-02  -1.3097101e-01  -8.5726536e-02   2.6408668e-02  -9.1783773e-02  -1.5980927e-01   8.2970386e-02  -5.6058958e-02   3.0412026e-01  -6.2847037e-02  -1.1510185e-01  -1.2332760e-01  -8.4281631e-02  -8.5820549e-02  -6.2151966e-02   2.1400681e-02  -1.2792987e-02   8.5770596e-03   1.1280433e-01  -4.5112650e-03  -1.0740353e-01   5.4299933e-02   1.7584193e-01   7.6417416e-02  -2.7916465e-02   8.2221378e-02   2.5101525e-01   2.7833927e-02
   5.1286931e-01  -8.7737027e-02  -9.9350302e-02   1.0347275e-01  -2.0343705e-01   2.2069510e-01  -1.0169832e-01   2.9021149e-01  -1.1637601e-01  -2.7105806e-01   2.2594869e-01  -2.6929203e-01  -8.2576281e-02   0.0000000e+00   2.5103642e-01   8.7798548e-02  -5.2341912e-02  -9.4778128e-02   4.4301132e-02  -4.1482311e-01  -4.2609461e-03  -1.6927387e-01  -1.0134966e-01   4.8446829e-01   6.1967411e-02   1.6268640e-01  -2.7811937e-01   5.8365175e-01   6.9149859e-02   5.2894087e-02   3.6141550e-02   9.5240243e-02   1.8805781e-01  -1.1582815e-01   2.7627924e-02  -2.7846538e-01  -1.4362662e-01   2.1851447e-01   1.7594041e-01  -1.0198979e-01   3.7021452e-02  -4.2290719e-02  -3.4370847e-01   4.8119935e-01  -2.0946658e-01   2.1906368e-01   3.6861338e-02  -1.6784206e-02  -1.0891282e-01  -1.5952791e-01   1.5924590e-02   1.2029321e-01  -1.3274083e-01   3.0032220e-02   4.1300355e-01   4.1078537e-01   2.7865638e-01  -5.4330011e-02   3.2073153e-01  -5.8790277e-03  -3.2034164e-02  -3.0520693e-01  -1.1191425e-01   1.3711917e-01  -2.6035601e-01  -2.3889053e-01   1.0817382e-01  -2.7956000e-01  -6.8821601e-02   1.8251332e-01  -7.5497476e-02  -2.2699768e-01   9.9572594e-02   3.1309700e-01  -1.1461755e-01   3.3824050e-02   2.0755269e-01  -2.5427909e-02  -3.4546705e-01  -1.8118280e-01   5.4246183e-01  -1.1665321e-01   2.6240417e-01   5.6667694e-03   2.5702476e-01   4.6565261e-02   2.2288589e-01   5.0335508e-01  -1.0084104e-01   5.7468383e-01  -1.8381661e-01  -8.4008410e-02  -4.1970252e-01  -4.3532161e-01   2.5823209e-01  -1.8843574e-01  -1.7329649e-01   1.8564208e-01  -1.6849932e-01  -1.5222980e-01   3.2867886e-01   2.0696363e-01   2.7595334e-01  -7.2281067e-02  -2.2004817e-03  -1.1194174e-01   6.0995312e-02   1.9831120e-03   2.3614757e-02   2.5023433e-01  -5.3704619e-02   2.8421997e-02  -1.2194654e-01   6.0319676e-01   4.3697325e-01  -1.9406924e-01   2.7050419e-01   1.3647746e-01   5.0150985e-01   5.2466168e-03   4.0883895e-01  -3.0031265e-01  -8.6060969e-02  -3.1346698e-01   4.2235213e-01   6.3176736e-01  -2.0804722e-01   8.3739282e-02  -2.3366052e-01   1.9740097e-01  -1.4538258e-01  -2.2620673e-01   2.6125559e-01   1.1790887e-01  -3.2170835e-01   9.0661066e-02  -8.3166119e-02   5.0530513e-01   2.5114169e-01   2.4280099e-02   3.1392382e-01   1.3017194e-02   3.2647459e-01   6.9208870e-02   3.0563199e-02  -8.0898075e-02  -1.1286860e-01  -4.5159187e-02  -2.6610084e-02  -1.2204167e-01   2.8317690e-01   3.3610898e-01   2.7699106e-01   5.5642508e-02  -1.1325363e-01   3.3008769e-01   2.3459621e-01   1.9821422e-01  -2.2046048e-02   3.2172746e-01  -2.8716699e-01   1.4165817e-01  -1.2083764e-02  -1.1417824e-02  -2.7529694e-01  -3.7195789e-01   9.7560736e-04   2.0723620e-01   2.1357427e-01  -5.4360344e-02  -2.0752948e-01   1.9569193e-01  -2.2426181e-01   1.0382007e-02   1.6032735e-01  -1.7457539e-01  -1.2931249e-01
