   0.0000000e+00   2.0039054e-02   4.0082501e-02  -2.4031066e-02   5.9245348e-02  -1.4759592e-01  -2.0419113e-01   1.9888554e-01   2.2799024e-02  -1.2766049e-01  -1.9535271e-01  -1.1757360e-01  -1.0158035e-01   3.3005890e-01  -5.7171315e-02  -1.5448489e-01  -1.3831936e-02  -3.4562143e-01   9.4036089e-02  -5.7309959e-02  -4.2701776e-01  -2.3924841e-01  -2.6492857e-01   8.3069804e-01   8.8757578e-02   3.0372718e-01  -1.8710267e-01   3.0455980e-01   1.3479621e-01  -1.2645254e-01  -1.3793595e-01  -1.7689598e-02   1.0765755e-01  -3.4129371e-01  -1.5887125e-01  -1.3109578e-01  -2.7393403e-01   4.2992746e-01  -3.2387495e-01  -1.4891892e-01  -8.7473762e-02   4.3266458e-02  -1.1720612e-02   2.8119826e-01  -4.3445021e-01   1.4360052e-01  -2.6699396e-01  -2.4187493e-01  -4.2387219e-02  -2.5245652e-02  -2.4511055e-01   2.7115174e-01  -7.2261854e-02   2.2044862e-01   3.2704491e-01   6.2910823e-02  -1.4152793e-02  -9.6957347e-02  -1.1577552e-01  -2.3338931e-01   5.5251431e-02  -4.8105406e-02   1.2776421e-02   3.5782151e-02  -2.6788163e-01  -4.5299898e-02  -1.6699992e-01  -4.9226982e-02  -2.8244230e-01   1.0576659e-01  -1.3951930e-01  -3.2328158e-01  -1.4648301e-01   1.7919352e-02   2.3173766e-01  -1.8920623e-01   2.2375236e-01  -1.5698827e-01  -1.0806653e-01  -4.8062336e-02   6.0305028e-02  -6.6623142e-02  -2.2001391e-01   1.1031008e-01   4.0146365e-01  -6.4498554e-02  -1.0964943e-01   7.4627118e-01   2.2585558e-02   8.2993255e-01   5.1201811e-02   8.2917843e-02  -1.1659981e-01   1.0479698e-01   3.4720327e-01  -3.2024815e-02  -1.1995753e-01   2.2832709e-01  -2.4863144e-01  -2.6824083e-01   6.1992916e-01   1.1675384e-02   8.8155282e-02   2.5393735e-02  -2.0724288e-01   2.8454495e-02  -4.8941848e-02  -1.4517246e-01  -1.6927429e-01  -2.6812129e-01  -3.1677808e-01  -2.7193074e-01  -6.1698482e-02   8.2638317e-01   5.7559030e-01  -2.9739136e-02  -4.2032726e-02  -5.0569601e-02  -1.6130511e-01  -2.4584459e-01   5.3514944e-01  -1.7152072e-01   1.5812714e-01   1.5149660e-02   2.5688818e-01   4.6916976e-01  -2.6337736e-01   1.3640738e-01  -2.0861435e-01  -8.4010288e-02  -1.5627269e-01  -3.3727040e-01   2.6919116e-01  -2.5365289e-01  -2.3144742e-02  -4.1908256e-02   1.1764751e-01   7.1338754e-02   2.7169354e-02   4.0980256e-01   7.5981144e-01   1.7118235e-02  -1.6918137e-01  -1.7695685e-01  -1.1760545e-01  -5.3635663e-02  -2.0193743e-02  -2.8306813e-02  -1.4889803e-01  -3.0977622e-01   6.0652788e-01   1.9925808e-02   4.6494372e-01  -7.8126382e-02  -4.1816640e-02   7.9694379e-01   4.3158611e-01  -7.4050670e-02   1.3981626e-01   6.6627866e-02  -5.1009904e-03   5.3746793e-02  -7.0916598e-02  -1.1053863e-01   4.2317359e-02  -2.1498385e-02  -1.8648402e-01   1.2550882e-01   3.6986259e-01  -1.8417820e-01   7.4921187e-02   2.5554878e-01  -2.7989326e-01  -1.4596952e-01  -8.2110881e-02   1.8024133e-01   9.6737764e-03
   2.0039054e-02   0.0000000e+00   7.4444204e-01  -1.6719208e-01   2.8167750e-01  -3.3630482e-01  -2.2148620e-01  -3.1535723e-02   2.4771930e-01   4.4067532e-01  -6.8685588e-01   7.9999906e-01  -9.2206170e-02  -2.4146157e-01   6.0168872e-02  -1.8680723e-01   8.4389082e-01  -4.9728538e-01   2.0223107e-01   1.4494591e-01  -4.1852441e-01  -5.2768258e-01  -6.1532003e-01  -9.8535824e-03   8.3514941e-02  -1.1175781e-02   5.3064836e-02  -2.7972073e-01   5.2800955e-01  -2.0696053e-01  -1.9200921e-01  -4.6412551e-01   2.5804540e-01   2.5315037e-01   3.5214853e-01  -4.6390397e-01  -3.5728183e-01  -2.9891017e-01   8.4357782e-03   8.1960871e-01  -3.0184417e-01   2.7983656e-01   1.3874128e-01  -3.7588844e-01   1.4675555e-01  -4.9364613e-01  -6.4897606e-01  -4.6315251e-02   5.2705018e-01   7.9826376e-01  -5.7175685e-01  -6.7434078e-02   5.5211385e-01   4.1175743e-01  -1.3534115e-01  -3.7141888e-01  -1.0922949e-01  -4.3920872e-01  -4.0080241e-01   5.4139783e-01  -1.5432617e-01   4.8437006e-01   6.2041383e-01  -1.8496005e-01   1.3499153e-01  -3.3847890e-01  -1.7227323e-01   5.3562711e-02  -4.8711132e-01  -1.7508100e-03   7.6706684e-01  -3.1857986e-01  -1.6944400e-01  -2.6950142e-01   3.7340469e-01  -3.1602248e-01  -3.5620181e-01  -3.6245785e-01   4.7041825e-01   2.2473636e-01  -3.9687374e-01  -2.4466763e-02   1.6854051e-01   1.2494599e-01  -1.9035125e-01  -3.5205888e-01  -1.8407435e-01   8.2563938e-02   2.9712576e-01   3.2615319e-02   5.8648726e-01   1.8248689e-01   5.5993305e-01  -3.1506630e-01  -4.9939182e-01   4.3497044e-01   2.9348239e-02  -9.6928173e-02   1.7686758e-01  -5.0925790e-01  -9.8129771e-02  -4.8311403e-01  -2.7794546e-01   1.5924174e-01  -6.3645078e-01  -2.0702916e-01   2.1741448e-01  -4.6301345e-01   2.7771580e-01  -5.8398850e-01   3.0937984e-01  -5.0876043e-01  -1.8988026e-02  -7.6316150e-02   1.6200579e-01   6.6265759e-01  -3.9845016e-01  -1.9577721e-01  -5.3005205e-01  -3.7153330e-01  -4.0038963e-01   5.0417529e-01   3.6384554e-01   3.4618793e-01  -5.0097242e-01  -1.9946799e-01  -3.9406831e-02   5.1929629e-01  -4.2679053e-01  -1.0274263e-01   9.1307160e-02   1.7713410e-01  -2.3451833e-02  -6.7985146e-02   1.0511336e-01  -1.7851719e-01   3.9970329e-01  -3.3754369e-01  -3.7397620e-01   1.2734858e-02  -8.3292676e-02   1.5336386e-01  -5.8630300e-01  -5.6289457e-02  -2.5793834e-01  -3.2864814e-01   6.4648552e-01  -2.8971952e-01  -6.3996395e-01   1.8611745e-02  -8.8566725e-02  -3.4779699e-01  -6.4861238e-02   1.2603376e-01   6.9599374e-01  -4.9126982e-02  -4.3156060e-01  -3.8471222e-01   2.6868214e-01   4.3594769e-02   2.3781044e-01  -4.3787715e-01  -1.1602208e-01  -5.2895576e-01  -1.6423939e-01   6.1831148e-01   2.4310228e-02  -3.4959403e-01  -2.4270788e-01   4.7689669e-01   5.2336788e-01  -2.5741958e-01  -4.4581919e-01  -3.0726851e-01   1.3618699e-01   1.0550773e-01  -1.5135209e-01
   4.0082501e-02   7.4444204e-01   0.0000000e+00  -2.6714169e-01   2.3674453e-01  -1.9986159e-01  -3.3267087e-01   1.6846314e-01   2.7396080e-02   3.7433103e-01  -6.6120623e-01   7.2042790e-01   4.8881908e-02  -2.4039568e-01   1.2089263e-02  -7.3068990e-02   9.1819170e-01  -5.7450435e-01   3.8778039e-02   2.4540759e-01  -4.5968455e-01  -3.1873045e-01  -5.7225625e-01  -4.5173435e-02   1.0118297e-01   6.2495787e-02  -8.2364817e-02  -1.5715281e-01   6.0266524e-01  -1.7449525e-01  -2.5456984e-01  -3.4689738e-01   2.4142981e-01   2.8480954e-01   2.9226989e-01  -3.6761698e-01  -3.9905649e-01  -3.0003584e-01  -3.2445364e-02   7.6831442e-01  -3.1032952e-01   4.7381651e-01   9.7521237e-02  -2.5186389e-01  -7.1617565e-02  -5.5660965e-01  -6.0258585e-01  -3.2242940e-01   3.4907633e-01   8.4421984e-01  -5.0512173e-01  -3.0360820e-03   2.0175530e-01   4.9103324e-01  -6.0405660e-02  -2.3435433e-01  -2.4117577e-01  -2.6418724e-01  -2.4321577e-01   5.6512962e-01  -2.7337911e-03   3.3959278e-01   4.3534212e-01  -4.2179001e-01  -2.2877860e-01  -3.7893049e-01   6.2690505e-05   8.2470131e-02  -4.4108593e-01   1.8268474e-01   5.0693750e-01  -3.7603858e-01  -3.3133074e-01  -8.7679458e-02   3.3017317e-01  -2.7786819e-01  -1.7167484e-01  -2.2208474e-01   3.6448941e-01   2.8078163e-01  -2.7512517e-01   1.7638373e-02   8.2625053e-02   9.2828594e-02  -1.7763988e-01  -2.2219418e-01  -2.7894448e-01   4.1438316e-02   2.1978903e-01  -8.0675858e-03   4.2208946e-01   5.0901252e-01   5.1593501e-01  -2.1199658e-01  -4.1334058e-01   4.8596120e-01   7.1013421e-02  -1.7555119e-01  -1.6532278e-02  -5.8417683e-01  -2.0128877e-01  -4.3837178e-01  -2.3717407e-01  -3.9438276e-02  -5.0473586e-01  -1.0526889e-01   3.7500828e-01  -4.0305097e-01   1.5272432e-01  -5.3151834e-01   4.4746844e-01  -3.7817881e-01   1.1337702e-02  -1.3449182e-01   1.3433597e-01   3.5139612e-01  -2.6558038e-01  -2.1304265e-01  -3.5664887e-01  -3.8939554e-01  -3.8227280e-01   5.1187398e-01   4.2908212e-01   2.5109827e-02  -5.7499391e-01  -2.0063335e-01  -2.0828970e-02   4.9103230e-01  -3.6381041e-01  -1.9262403e-02   1.6781049e-01  -1.4813327e-01  -6.3018880e-03  -2.9405154e-01   1.0036933e-01  -1.2648692e-01   5.4262140e-01  -3.2683186e-01  -2.7127804e-01  -1.4555975e-01  -8.9928362e-02   2.2337972e-01  -5.1630454e-01   2.6321162e-01  -3.8401053e-02  -3.4994081e-01   5.9785637e-01  -3.9120081e-01  -5.8748022e-01  -2.9882995e-01  -2.8882512e-02  -2.8430970e-01   8.7747774e-03  -1.3098010e-01   8.6493575e-01  -3.0140185e-02  -2.7408463e-01  -3.7359090e-01   4.6116056e-01   1.1258754e-02   2.0132561e-01  -4.1129388e-01  -2.2642468e-01  -3.7558104e-01  -1.5216959e-01   5.3304912e-01  -1.3766901e-01  -2.1164787e-01  -1.8998239e-01   3.3747423e-01   4.3081856e-01  -9.3551923e-02  -5.3193679e-01  -9.3879854e-02   1.4279607e-01   8.9675035e-02  -1.9590714e-01
  -2.4031066e-02  -1.6719208e-01  -2.6714169e-01   0.0000000e+00  -2.6612315e-01   3.9734435e-01   2.2100962e-01   8.8702701e-02  -2.0515461e-01  -2.8926084e-01   4.1454645e-01  -3.0495906e-01   1.1736095e-01   1.2307131e-01   6.6165038e-02   2.0782456e-01  -2.6388731e-01   1.8948158e-01   1.0105453e-01  -3.5376281e-01   3.2438598e-01   3.6461090e-01   3.3792993e-01  -5.6043706e-02   1.0329127e-01  -3.4271214e-02   2.7531375e-01   3.4019947e-02  -1.7866072e-01   1.5920681e-01   3.7653764e-01   5.3503258e-01   1.9659645e-01  -8.8823601e-02  -1.0835662e-01   4.4073160e-01   2.0171294e-01   2.8374497e-01   1.1514650e-01  -2.2538754e-01   1.1443363e-01  -6.3418077e-02  -2.0528200e-02  -6.8825284e-02  -3.7126885e-02   3.0158004e-01   4.1649426e-01   1.4790816e-01  -1.3179846e-02  -3.9454712e-01   3.7428267e-01  -1.1200868e-01  -1.9036949e-01  -9.6643436e-02   1.6735862e-01  -1.1603868e-01   1.3730731e-01   3.5230790e-01   3.8417258e-01  -6.7913169e-02   3.6816131e-02  -1.5280875e-01  -2.8317330e-01   2.5903701e-01   2.6855835e-02   9.2257529e-02   3.6133845e-01  -2.2390894e-01   3.6165203e-01  -1.1360257e-01  -1.1839814e-01  -1.5570058e-02   2.0012570e-01   1.5141146e-01  -2.1572784e-01   2.7595241e-01   7.8400648e-02   1.3421060e-01  -2.7383902e-01  -1.8049073e-01   2.4997583e-01   8.7713316e-02   2.2448570e-02   1.3249635e-01   1.2514089e-01   7.2593550e-02   3.0567127e-01  -1.4675716e-01  -3.4826618e-01  -1.2970219e-01  -2.3268738e-01  -1.3237480e-01  -2.2148860e-01   2.6106369e-01   1.2267338e-01  -4.1650898e-01  -2.8112697e-01   1.6304123e-01  -2.4019933e-01   3.5341978e-01  -1.5866971e-02   2.1541367e-01   3.4409214e-01   8.3783009e-02   2.8353087e-01   4.3732144e-01   1.4129480e-01   4.3754738e-01   5.8588104e-02   3.6431939e-01  -2.0270113e-01   3.2499244e-01  -6.2345457e-02   6.4626596e-02  -2.6019962e-01  -3.0026941e-01   4.7883822e-02   2.7947017e-01   1.4780787e-01   5.2641004e-01   2.5690388e-01  -2.6831042e-01  -8.1962013e-02  -1.5009107e-01   3.6325847e-01   1.8995526e-01  -1.2261165e-01  -4.9265124e-02   5.4063334e-01  -4.5977897e-02   4.4710377e-02   9.7935281e-02   1.6779639e-01   1.0595031e-01   1.9108172e-01   2.8912878e-01  -3.5911166e-01   1.6027753e-01   3.2708679e-01   3.1000405e-01   3.7008589e-02  -2.1836985e-01   2.7120915e-01  -1.4874693e-01   2.7807169e-02   4.9067814e-01  -2.4300650e-01   1.0640115e-01   3.0332978e-01   7.2643627e-02   7.9284981e-02   3.1183951e-01   1.0573304e-01  -5.7413191e-02  -2.3291907e-01  -1.7561632e-02   8.1658229e-02   3.2603999e-01   8.3124975e-02  -1.2259631e-01  -2.2498853e-01   2.9919500e-01  -7.2934942e-03   2.3770050e-01   4.6769555e-01  -3.7443190e-01   2.0488015e-01   6.2555891e-02   2.7215046e-01  -1.6847177e-01  -3.1871728e-01  -2.3986853e-01  -3.3056696e-02   3.0523823e-01   1.0549409e-02   2.0926745e-01   4.7152578e-01
   5.9245348e-02   2.8167750e-01   2.3674453e-01  -2.6612315e-01   0.0000000e+00  -4.9315764e-01  -3.7459870e-01  -6.2337261e-02   5.2220179e-01   3.3518760e-01  -2.7213419e-01   4.1437128e-01  -2.3518345e-02  -4.3167389e-01  -2.8166770e-01  -2.3499314e-01   3.4013842e-01   1.1147351e-02  -6.1226288e-02   6.0284932e-01  -2.3192700e-01  -4.6632286e-01  -4.6342852e-01   3.5316250e-02  -2.1223155e-01   5.3869628e-02   1.4294734e-01  -2.6274653e-01   2.4840699e-01  -2.7588667e-01  -4.2412101e-01  -5.0394027e-01  -7.1744576e-02   5.9439176e-02  -9.7619847e-02   4.7488478e-02  -3.5498067e-02  -1.6168893e-01  -1.2558858e-01   3.0318127e-01   6.8612054e-02  -7.8112545e-03   2.3683361e-01  -3.4315714e-01   4.0704884e-02  -3.7125223e-01  -2.7153579e-01   2.3900057e-03   2.1349569e-01   4.2936735e-01  -2.9671536e-01  -7.1907151e-02   5.4352686e-01   2.4459135e-02  -3.0552671e-01  -3.9330503e-01  -2.9165277e-01  -4.3524449e-01  -2.3813382e-01  -9.3540218e-02  -1.7457820e-01   3.1769905e-01   4.7758181e-01  -8.7906457e-02   2.5078125e-01   3.2008117e-01  -3.4514998e-01   1.1697914e-01  -4.0085962e-01  -3.4509006e-01   1.7663835e-01  -1.2179362e-01  -1.1914659e-03  -5.2375537e-01   2.0901792e-01  -4.3912001e-01  -3.2949800e-01  -7.6505943e-02   7.1344635e-01   8.4460097e-02  -4.9096948e-01  -2.7762960e-02  -5.1686307e-02  -6.5409544e-02  -3.5320584e-01  -3.3339850e-01  -3.8662597e-01   9.7744353e-03   1.4656282e-01   7.5574691e-02   7.3504699e-01  -1.8232775e-01   3.8373123e-01  -3.4005997e-02  -2.5113768e-01   3.7529174e-01  -9.8294084e-03  -1.4947798e-01   1.8543101e-01  -2.5671653e-01  -1.7850169e-01  -4.1178338e-01  -4.8267645e-01  -2.3052144e-01  -3.6893539e-01  -4.7195869e-01  -5.5124434e-02  -3.2865036e-01   8.6526112e-02  -1.0596902e-01   1.7953995e-01  -4.4664803e-01   3.7054663e-02   1.2140211e-01  -3.7273560e-02   6.7616084e-01  -3.5254947e-01   3.7832843e-02  -4.6613122e-01  -2.4854029e-01  -3.0050761e-01   5.9526849e-01   2.5111143e-01   5.4103743e-01  -3.5179860e-01  -3.6325621e-01   1.4839119e-01   2.2752341e-01  -3.8850568e-01  -1.8806554e-01   1.7985346e-01   2.7423487e-01  -2.7957374e-01   1.5595109e-01  -2.0523732e-02  -3.5896240e-01   1.5485012e-01  -4.2318030e-01  -3.5099747e-01  -2.0928796e-01   6.5810307e-02   1.9473514e-01  -4.7648396e-01  -3.7203443e-01  -3.9669688e-01  -4.1836829e-01   1.3551272e-01   4.0845664e-01  -1.6011191e-01   1.8630875e-01  -2.9698274e-01  -5.1133735e-01  -3.0843512e-01   3.0865732e-01   3.5606484e-01   4.3375933e-02  -2.4152802e-01  -1.8568209e-01  -6.9058132e-02  -5.9628014e-02   1.9890523e-01  -2.5507363e-01   5.5622467e-01  -2.8209461e-01  -3.1852406e-01   3.9400026e-01   8.9133185e-03  -3.0118360e-01  -3.8843407e-01   4.5310364e-01   6.1632900e-01  -1.6861062e-02   5.2135195e-03  -3.2818890e-01   1.4348208e-01  -1.5676135e-01  -3.1398255e-01
  -1.4759592e-01  -3.3630482e-01  -1.9986159e-01   3.9734435e-01  -4.9315764e-01   0.0000000e+00   4.2086826e-01   4.8739130e-02  -3.0022809e-01  -4.3079620e-01   4.6207624e-01  -3.9550805e-01   1.4376358e-01   2.3964798e-01   1.4398008e-01   2.3706680e-01  -3.1760647e-01   3.0204865e-01  -6.0633821e-02  -4.4250426e-01   3.7120778e-01   5.8407814e-01   4.8785387e-01  -2.5136333e-01   2.0155261e-01   1.1959192e-02   2.9703196e-02   1.9639913e-01  -2.9181338e-01   5.1183690e-01   5.0366592e-01   5.7881595e-01   1.9813982e-02  -4.9719286e-02  -3.1973229e-02   4.0989284e-01   9.9324882e-02   5.5855642e-02   3.5003569e-02  -3.5670311e-01   2.0784056e-01   4.5996579e-02  -1.7471068e-01   1.8480390e-01  -7.4320651e-02   3.8033755e-01   4.8284799e-01   2.2460353e-01  -2.6902805e-01  -4.8316572e-01   5.3631243e-01   2.4424312e-02  -4.1059631e-01   7.0954794e-02   1.9597773e-01   3.8239323e-01   3.8364012e-01   4.5006736e-01   4.7931046e-01   5.2942562e-02   2.9248314e-01  -3.5940290e-01  -3.3886275e-01   2.2581676e-01  -9.7524307e-02  -1.9697890e-02   7.5027486e-01  -3.7867878e-01   5.3622112e-01   3.7588971e-01  -2.7897746e-01   1.4649080e-02   1.8493357e-01   6.0290835e-01  -3.3020890e-01   3.7896494e-01   3.8420428e-01   2.1361390e-01  -5.2046412e-01  -1.7320788e-01   5.5604121e-01  -5.0518951e-02   1.8722081e-01   2.8097985e-02   2.9425806e-01   2.6135848e-01   3.7740485e-01  -1.5256002e-01  -1.8931863e-01  -2.7044971e-01  -5.1341965e-01   2.1687780e-01  -4.3429762e-01   1.9166004e-01   2.4537441e-01  -4.9250649e-01  -1.8093182e-01   1.8432189e-01  -1.4905583e-01   2.4295819e-01   1.9609317e-02   3.5666129e-01   4.4592995e-01   2.8881789e-01   5.2477086e-01   5.7844733e-01   1.7428162e-01   5.6328853e-01  -2.3817225e-01   4.3505313e-01  -8.9647437e-02   4.8881197e-01  -2.0716567e-01  -1.9992952e-01  -1.2158306e-01  -6.0571608e-01   4.8026361e-01   1.5243434e-01   5.9222840e-01   4.7738142e-01   1.2107920e-01  -3.0139752e-01  -2.7889222e-01  -4.1007132e-01   3.3401746e-01   3.0621450e-01   1.6010296e-01  -2.7324532e-01   5.1306456e-01   3.0690276e-01  -3.0874854e-01  -1.0880340e-01   2.4492603e-01   2.5815841e-02   1.0639658e-01   4.0563165e-01  -2.0820071e-01   4.0612388e-01   3.8090520e-01   8.3664483e-02  -3.2074881e-02  -1.4546648e-01   4.4549811e-01   4.2420850e-01   4.1005766e-01   3.9732335e-01  -2.0746973e-01  -9.8537723e-03   3.4342567e-01  -1.9391912e-01   2.8041522e-01   4.4535699e-01   3.2138583e-01  -7.4545710e-02  -1.1389337e-01  -2.3904471e-01   1.0769550e-01   4.2537926e-01   1.1823092e-01   6.6595810e-02  -4.0950693e-01   4.0731831e-01  -2.2047439e-01   4.8921660e-01   4.1779928e-01  -5.8329675e-01   1.2441664e-01   1.9466536e-01   2.0901847e-01  -2.9476302e-01  -5.4366947e-01  -1.8543620e-01   2.3389790e-02   7.0082355e-01   3.4867426e-02   3.8639890e-01   3.4663600e-01
  -2.0419113e-01  -2.2148620e-01  -3.3267087e-01   2.2100962e-01  -3.7459870e-01   4.2086826e-01   0.0000000e+00  -1.4967736e-01  -1.9467160e-01   2.0413719e-01   3.5904347e-01  -1.6970516e-01  -1.8959811e-02   1.2569291e-01   4.4434266e-01   9.4577235e-02  -3.9554004e-01   2.3548431e-01  -1.9724552e-01  -3.5682212e-01   4.3567308e-01   1.8738144e-01   7.2135471e-01  -2.7553512e-01   2.1507281e-01  -2.6701135e-01   2.0101123e-01   1.2317064e-01  -3.7586802e-01   2.8776562e-01   4.2282759e-01   2.4026647e-01  -7.8768620e-02   3.4690806e-01   1.8736441e-01   1.2031202e-01   1.7851200e-01  -1.5981178e-01  -7.2554986e-02  -2.2978687e-01  -2.9889515e-02  -1.0796913e-01  -1.5803830e-01   9.2652461e-02   2.3044067e-01   2.1480587e-01   2.6002108e-01   3.8524931e-01  -2.7623529e-01  -5.2798032e-01   4.0364283e-01  -1.9094925e-01  -1.6467852e-01  -2.7893970e-02   2.8124696e-02   3.5912507e-01   9.0461445e-02   3.1102468e-02   2.4481604e-01   1.1199125e-01  -5.0741501e-02  -5.2562905e-02  -3.4287566e-01   1.8731430e-01   2.5559435e-02   2.6675022e-01   3.2173853e-01  -3.0887403e-01   2.4823019e-01   2.2797285e-01   2.8682133e-02   1.0709501e-02   9.3770409e-02   3.4641214e-01  -2.2433616e-01   1.2955794e-01   1.1021709e-01   5.7545365e-02  -3.0030776e-01  -2.1855349e-01   3.5775838e-01   2.1258183e-02   2.1076973e-01  -1.5471178e-01   1.7737984e-01   8.2638220e-02   5.8080514e-01  -1.1157095e-01  -1.9444999e-01  -2.2380187e-01  -5.1426860e-01  -1.3225561e-01  -6.7570040e-02   2.6015029e-02  -4.2772450e-02  -4.1006094e-01  -2.0337209e-01   1.4416317e-01   4.2464295e-02   6.0417405e-01   2.4232382e-01   5.3951327e-01   3.8348805e-01   1.1896792e-01   2.5656545e-01   3.0976468e-01  -7.1632222e-03   2.1368834e-01   2.2766360e-01   3.5430813e-01   1.5107957e-01   3.6056018e-01  -2.0826424e-01  -1.8079705e-01   3.8624095e-02  -3.3800612e-01   1.4003851e-01   1.3510487e-01   3.9894868e-01   2.9670289e-01  -3.5359795e-02  -2.7376283e-01  -3.1968724e-01  -3.0517859e-01   1.6322438e-01   3.1884640e-01   1.1846198e-01  -2.1005847e-01   1.1404206e-01   1.0082154e-01  -4.3382745e-01   3.1610284e-01   3.3161880e-02   1.6924222e-01  -1.0972793e-01   2.1934254e-01  -2.6966624e-01   4.9722715e-01   2.5396644e-01   1.2182857e-01  -1.8989821e-01  -4.3233828e-01   2.7815242e-01   1.7246291e-01   3.4489341e-01   8.6543208e-02   2.2089173e-01  -1.2144022e-01   4.5733470e-01   2.8583546e-01   1.8372469e-01   3.8870641e-01   2.8041503e-02   3.6909587e-03  -3.4985253e-01  -3.0352595e-01  -2.1589245e-01   3.2681165e-01  -2.2145653e-01   1.3237297e-01  -3.5824689e-01   6.9195968e-02  -1.2773885e-01   8.5635593e-02   1.6556438e-01  -2.5312649e-01   4.8770368e-01   2.2184358e-01   9.0148422e-02  -1.0727279e-01  -3.4642180e-01  -3.4326832e-01   2.2671033e-03   5.1783150e-02  -1.2356186e-01   1.4068438e-01   2.4477116e-01
   1.9888554e-01  -3.1535723e-02   1.6846314e-01   8.8702701e-02  -6.2337261e-02   4.8739130e-02  -1.4967736e-01   0.0000000e+00  -1.3634476e-01  -7.4081534e-02  -9.3485799e-02   7.6619641e-02   1.2460909e-01  -1.4366424e-01   1.2465007e-01  -5.4816556e-02   5.8354493e-02  -1.5306865e-01   1.4525256e-01   3.8840171e-02  -7.1824928e-02   8.1259922e-02  -1.2484341e-01   2.3882294e-01   1.0512812e-01   4.0314140e-01  -2.3250880e-01   1.8760297e-02   1.3662508e-01  -8.3067432e-02  -3.4258358e-02   1.6396485e-01  -5.3950107e-02  -7.9795901e-02  -1.4121435e-01   4.5384828e-02  -4.6268380e-02   2.2074047e-01  -2.3633175e-01  -2.5342675e-02   5.3188763e-02   3.6747307e-02  -9.8986226e-02   2.4063254e-01  -1.4762019e-01   4.2936111e-03  -1.0623531e-01  -2.9013312e-01  -3.8522239e-02   5.7980524e-02   1.1955888e-02   4.4993308e-01  -1.4598124e-01   1.9909000e-01   6.1917596e-02  -7.3677884e-02   5.1427156e-02   2.1888607e-01   2.6716834e-01   1.0659488e-01   2.5511992e-01  -3.1363796e-02  -5.7892323e-02  -1.6057366e-01  -2.0626245e-01  -1.3401213e-01   7.3873850e-02  -7.5482969e-02  -1.0924113e-01   2.8734477e-02  -1.7396166e-01  -2.2692077e-01  -1.6938042e-01  -6.9564537e-02  -3.4133703e-02   2.3476711e-01   2.2630173e-01   2.3920643e-01  -6.6129508e-02  -8.6292613e-02  -8.0338025e-02  -1.1559650e-01  -1.3150889e-01   4.7690783e-01  -1.3312367e-02   2.4944525e-01  -6.8706389e-02   2.1175402e-01  -1.2621357e-01   2.2004757e-01   3.1181766e-03   8.6735650e-02  -1.3269934e-01  -1.1260009e-01   1.1699290e-01  -3.0711317e-02  -2.0153408e-01   2.3707174e-01  -2.2569874e-01  -9.4272890e-02   4.8280233e-02  -1.0160124e-01  -5.4617279e-02  -1.9690934e-01   8.2781440e-02   2.1414920e-01  -2.2494570e-03   9.1024657e-02  -1.3796952e-02  -8.4247449e-02  -1.9426161e-01  -6.8269060e-02  -8.5065335e-02   1.1811001e-01   1.3732925e-01  -1.4741495e-01   9.3695509e-02  -5.4395330e-02  -3.9107916e-02   1.5219358e-01   1.7493069e-01   6.3034011e-02  -2.5519285e-02  -1.0083154e-01   7.8863730e-02  -3.5069499e-02   1.3264992e-01   7.3165927e-02   1.8901085e-01  -7.2918036e-02  -1.3387834e-02  -2.8616416e-01  -1.9804209e-02  -1.5547237e-01   1.2356304e-01   3.7947000e-01   5.2029631e-02  -1.4759418e-01   2.1337949e-01   4.0087840e-02   1.7500551e-01   5.0419284e-02   1.2601280e-01   2.2242598e-02   1.8494612e-01   1.4788674e-01  -2.1734042e-02  -9.7650330e-02  -1.2500118e-01  -3.0076450e-01   1.7723591e-01   1.6082667e-02   1.1419213e-01  -1.2896394e-01   9.8118358e-02   2.4528251e-01   1.1052334e-01   2.2204951e-01   1.4239460e-01  -1.3800491e-01  -1.6510848e-01   2.4443278e-01   5.2025994e-03   9.9057462e-02  -1.2699392e-02  -4.5409464e-02  -1.1363794e-01   1.0341121e-01   3.3050329e-02  -1.0036107e-01   1.7332770e-02   1.4356044e-01  -2.4986797e-01   7.9822064e-02   4.4406231e-02   1.8181659e-01   1.2509623e-01
   2.2799024e-02   2.4771930e-01   2.7396080e-02  -2.0515461e-01   5.2220179e-01  -3.0022809e-01  -1.9467160e-01  -1.3634476e-01   0.0000000e+00   1.9558303e-01  -2.1993015e-01   2.6127124e-01  -1.8705534e-01  -2.6880243e-01  -4.1471120e-01  -3.6114408e-01   1.1411612e-01   1.4454944e-01  -7.5549373e-02   1.1429473e-01  -2.9188224e-02  -3.0455527e-01  -3.6144985e-01   1.8268740e-02  -1.0754555e-01   1.1905205e-01  -1.5802032e-01  -2.3946561e-01   1.5894732e-01   8.6701934e-02  -2.4432963e-01  -2.8015894e-01   5.6977782e-02  -1.9885939e-01  -7.2525078e-02  -8.1510156e-02  -3.5103891e-02  -8.6985903e-02  -1.5943748e-01   9.0583532e-02   9.1981880e-02  -1.2441955e-01   2.2788870e-01  -2.0956850e-01   1.2026345e-01  -2.5349926e-01  -2.4887949e-01   3.5745732e-01   1.2959751e-01   1.5788531e-01  -2.0085708e-01  -1.2862666e-01   5.6451320e-01  -1.6288032e-01  -1.8041481e-01  -2.3343957e-01  -9.6301273e-02  -3.2266335e-01  -1.3526109e-01  -1.4325570e-01  -1.5641314e-01   3.2225340e-01   5.2936148e-01   2.6604632e-01   5.6006014e-01   2.1079279e-01  -1.4960128e-01  -4.5761215e-02  -2.6197572e-01  -3.2551449e-01   1.7309802e-01  -1.8349747e-01   5.6532792e-02  -5.1723421e-01   8.7883757e-02  -2.5629824e-01  -2.2218610e-01  -1.1208319e-01   3.8058605e-01  -8.4451791e-02  -3.2788086e-01  -3.4755926e-01   1.1396705e-01   4.4078475e-03  -4.0592503e-01  -2.3538343e-01  -2.8542361e-02   1.7231427e-02   1.5365951e-01   4.3572903e-02   4.5830826e-01  -3.0838300e-01  -5.3991238e-02   1.6830102e-01   7.5747957e-03  -3.9956857e-02  -1.7537361e-01  -4.2208739e-02   6.5504885e-02  -2.4821596e-01  -1.3399607e-01  -4.0495910e-01  -2.8562165e-01   3.3300586e-01  -2.4908805e-01  -2.1904412e-01  -1.1791164e-01  -7.3467815e-02  -5.8772189e-03  -6.9561878e-02  -3.5192314e-02  -4.0187197e-01  -6.0036014e-02   4.9371261e-02  -1.6493658e-02   5.3930778e-01  -1.5644779e-01  -6.2348369e-02  -3.1974440e-01  -7.5262543e-02  -2.5931548e-01   1.4828926e-01   1.7740162e-01   6.9728195e-01  -2.6723710e-01  -3.3861848e-01   1.8155374e-01  -1.7196584e-02  -1.0694811e-01  -7.1501443e-02  -8.9852799e-02   3.0944647e-01  -4.1478263e-01   3.1753036e-01   1.8549263e-01  -2.5021061e-01  -2.1715042e-02  -2.3197324e-01  -2.9790778e-01  -2.2447624e-01   1.2934222e-01  -4.8363845e-02  -4.0379439e-01  -3.0701608e-01  -4.1045791e-01  -1.4417802e-01   6.9423772e-02   5.9322229e-01  -2.4748038e-01   2.4095028e-01  -2.7505862e-01  -2.6939198e-01  -4.1338324e-01   6.0244064e-01   1.9972302e-01   5.9102089e-02  -1.5734576e-01  -2.5999907e-02  -1.6097848e-01  -4.8759623e-02   9.2008412e-02  -1.5798471e-01   5.6962540e-01   1.9035767e-02  -2.9608118e-01   1.7346219e-01  -4.9755216e-02  -2.8387830e-01  -4.3730035e-01   2.8683654e-01   3.7102507e-01   2.7611317e-02  -2.0948814e-02  -3.1248002e-01   3.1600147e-02   5.6315748e-02  -2.8298053e-01
  -1.2766049e-01   4.4067532e-01   3.7433103e-01  -2.8926084e-01   3.3518760e-01  -4.3079620e-01   2.0413719e-01  -7.4081534e-02   1.9558303e-01   0.0000000e+00  -3.8666728e-01   5.9951999e-01  -8.0533957e-02  -4.3743001e-01   2.9972687e-01  -5.0104689e-02   4.0162550e-01  -2.3765552e-01  -6.8427308e-02   3.6054169e-01  -1.4299313e-01  -5.1450922e-01  -1.5918996e-01  -2.0068689e-01  -5.0217250e-03  -1.0932669e-01   1.1817352e-01  -2.6734633e-01   2.6076797e-01  -3.9031578e-01  -2.6804957e-01  -5.1342801e-01  -1.3969185e-02   5.6652370e-01   2.8748633e-01  -3.5505774e-01  -5.9174715e-03  -3.4535106e-01  -7.7754134e-02   4.9890055e-01  -2.4379507e-01   1.0334647e-01   1.4464574e-01  -2.4852334e-01   3.6735780e-01  -4.5660320e-01  -4.5635488e-01  -2.5726780e-02   1.2840940e-01   4.3057278e-01  -3.7335265e-01  -6.0143055e-02   4.2294706e-01   1.1484968e-01  -3.1471086e-01  -1.5444838e-01  -3.0120926e-01  -5.6544039e-01  -2.4976836e-01   3.4381940e-01  -3.1584952e-01   4.1047984e-01   2.8572934e-01  -2.4496535e-01   9.1605463e-02   1.4934191e-01  -2.9502256e-01   1.4727561e-01  -4.3240576e-01  -5.0756271e-02   6.0254696e-01  -8.2950697e-02  -2.2558471e-01  -3.0593307e-01   3.6572645e-01  -3.5491476e-01  -4.4156721e-01  -2.3806405e-01   4.9027644e-01   2.0405020e-01  -3.6160931e-01   7.4205641e-02   1.5123282e-01  -1.1808277e-01  -2.1370961e-01  -3.4380391e-01  -1.1036050e-01  -1.1234350e-01   1.6791831e-01  -7.4223125e-02   3.1227338e-01  -7.2931907e-02   7.0192120e-01  -2.9878548e-01  -4.4145322e-01   3.6755904e-01   1.3398648e-01  -1.7055940e-01   2.7492892e-01   3.2238389e-03  -2.9144085e-02  -4.9734587e-02  -4.2246918e-01  -1.4139162e-01  -5.6548751e-01  -3.5647489e-01   6.9148379e-02  -4.4668658e-01   4.9095404e-01  -2.9642332e-01   4.9121242e-01  -4.6013559e-01   7.4808959e-02  -8.2731934e-02   4.3055080e-02   4.9406438e-01  -3.1176364e-01  -1.2965312e-01  -3.7175862e-01  -3.6132576e-01  -4.1041769e-01   4.6441338e-01   2.6156171e-01   1.7902183e-01  -4.6919202e-01  -2.5787847e-01   4.6518551e-02   2.8224199e-01  -5.1747442e-01  -1.2911660e-01   2.7246834e-02   4.2967524e-01  -2.8868702e-01   1.0135407e-01  -1.7903110e-01  -3.3548844e-01   2.6675983e-01  -2.3891610e-01  -4.3326195e-01  -2.0069719e-01  -2.6268218e-01  -5.6472263e-02  -3.6992554e-01  -1.1885439e-01  -1.1914829e-01  -4.9383410e-01   7.3306526e-01  -1.9857805e-01  -1.3699087e-01   3.8200095e-01  -9.0593140e-02  -3.6643264e-01  -2.5932334e-01   1.4067145e-01   2.7705752e-01  -1.7723239e-01  -4.8083632e-01  -1.9171326e-01  -6.3139959e-02  -1.0082294e-02   2.5315854e-01  -4.3381311e-01   7.7361134e-02  -5.4865231e-01  -2.9616161e-01   6.1617436e-01   3.4797907e-01  -2.2319684e-01  -2.5548656e-01   3.0606304e-01   5.0975383e-01  -3.0913106e-01  -2.2468357e-01  -5.3740510e-01   8.3526744e-02  -1.5468808e-01  -2.0961372e-01
  -1.9535271e-01  -6.8685588e-01  -6.6120623e-01   4.1454645e-01  -2.7213419e-01   4.6207624e-01   3.5904347e-01  -9.3485799e-02  -2.1993015e-01  -3.8666728e-01   0.0000000e+00  -5.8135166e-01   1.0998554e-01   1.0941800e-01   1.8657270e-02   1.6832813e-01  -6.6512080e-01   6.2941146e-01  -2.6298168e-01  -3.3882253e-01   5.9367066e-01   4.8963230e-01   7.0227195e-01  -2.0092354e-01   8.5511665e-03  -1.6672593e-01   2.8728531e-01   6.4795003e-02  -6.4530249e-01   3.3007208e-01   4.8261880e-01   4.9142528e-01  -1.2878589e-01  -7.5619388e-02  -4.3034469e-01   6.1796039e-01   3.3551579e-01   2.3813860e-01   1.7045244e-01  -6.3014763e-01   3.3302991e-01  -2.4072429e-01  -2.2170173e-01   2.4330939e-01   2.1637958e-03   5.5288627e-01   8.0307982e-01   2.9736942e-01  -3.8660280e-01  -7.4952845e-01   7.2099361e-01  -1.8571296e-01  -2.6021702e-01  -4.5678340e-01   2.6893735e-02   2.5984750e-01   9.0756934e-02   4.1917441e-01   4.4024977e-01  -4.0577966e-01   2.0767363e-01  -4.4944993e-01  -5.5754781e-01   4.9619649e-01   8.5829398e-02   4.2771244e-01   2.5665025e-01  -2.3641420e-01   6.1063210e-01  -5.0262721e-02  -4.7427058e-01   3.3483640e-01   4.1048871e-01   2.1503379e-01  -4.5543179e-01   4.2921337e-01   3.0816362e-01   2.7555571e-01  -3.9135654e-01  -2.2799678e-01   3.0074794e-01   1.0574619e-01   2.3823165e-02  -1.4619368e-01   1.2062074e-01   4.2494726e-01   2.3521498e-01  -2.7484521e-01  -2.8225383e-01  -2.5500814e-01  -4.8745376e-01  -2.1682758e-01  -4.5624828e-01   1.3714919e-01   3.2815857e-01  -4.3850186e-01  -1.3369533e-01   8.7818802e-03  -2.7881447e-02   6.1835941e-01  -2.9175299e-02   5.1547254e-01   3.9198430e-01  -1.0931072e-01   7.1595546e-01   2.8904703e-01  -1.3593629e-01   5.5890202e-01  -2.4313062e-01   7.5264932e-01  -2.4519658e-01   5.9122822e-01  -6.8138912e-02  -4.6259624e-02  -3.4109323e-01  -5.2938579e-01   3.5436528e-01   3.5764801e-01   4.4415134e-01   5.1296072e-01   2.4791483e-01  -3.7369742e-01  -5.5063630e-01  -2.1962531e-01   5.6704545e-01   3.6996611e-02   2.1860519e-01  -4.5295711e-01   5.1153520e-01   1.4896974e-01  -6.0396849e-02   1.8788190e-01   1.3655540e-02   4.3337212e-01  -1.0151110e-01   3.3519687e-01  -5.1913020e-01   3.5969269e-01   4.9882841e-01   2.2697982e-01  -1.1472786e-01  -2.3826729e-01   6.3230983e-01  -2.2981763e-02   2.9914150e-01   5.1926153e-01  -5.7121126e-01   3.6619289e-01   7.3647538e-01   2.0737188e-01  -5.9812247e-03   3.4893751e-01  -2.2939160e-03   1.0378337e-01  -5.5042390e-01  -1.4820587e-01   2.8281892e-01   4.7081305e-01  -2.4444165e-01  -5.5381668e-02  -3.7296264e-01   6.0566307e-01   2.4071486e-01   5.2944703e-01   1.4957726e-01  -6.8400050e-01   2.5343954e-01   2.3556611e-01   2.1482336e-01  -1.6232574e-01  -5.0301391e-01  -5.2019846e-02   4.6886590e-01   2.8481096e-01   1.0301224e-02   5.2115648e-03   2.9369668e-01
  -1.1757360e-01   7.9999906e-01   7.2042790e-01  -3.0495906e-01   4.1437128e-01  -3.9550805e-01  -1.6970516e-01   7.6619641e-02   2.6127124e-01   5.9951999e-01  -5.8135166e-01   0.0000000e+00  -1.3199852e-01  -4.6827582e-01   1.0037178e-01  -1.0765778e-01   7.5912703e-01  -3.7917782e-01   6.6708387e-02   3.5902837e-01  -3.4987426e-01  -5.3568017e-01  -5.6054949e-01  -1.6099192e-01   1.4775672e-01  -4.9383559e-02   5.3403129e-02  -4.1168109e-01   4.3860515e-01  -2.6892706e-01  -2.6941725e-01  -4.8439319e-01   1.5779808e-01   4.1397593e-01   2.6600595e-01  -4.3532476e-01  -2.1113745e-01  -4.6563198e-01  -3.3027911e-02   7.8110966e-01  -3.2315195e-01   3.2643623e-01   7.4418784e-02  -4.3829818e-01   2.1109721e-01  -5.9717451e-01  -6.1760221e-01  -9.5063097e-02   4.2804449e-01   7.6615447e-01  -4.9913807e-01  -1.0487185e-01   6.0114179e-01   3.3668944e-01  -2.6936172e-01  -3.9182049e-01  -2.7403097e-01  -4.0846043e-01  -2.7596489e-01   5.7842209e-01  -2.3205894e-01   4.5338686e-01   4.8969155e-01  -2.8610008e-01   9.4972983e-02  -1.9684106e-01  -1.7920456e-01   6.5845005e-02  -5.3182192e-01  -8.6301718e-02   6.8002738e-01  -2.6532119e-01  -2.0944813e-01  -3.2675985e-01   3.4085609e-01  -2.6990787e-01  -4.1744887e-01  -3.1059304e-01   5.9700650e-01   3.2667259e-01  -5.2811461e-01  -1.7199276e-02   1.9558296e-01   7.0720675e-02  -3.5595314e-01  -1.8038283e-01  -2.4263011e-01  -4.3452574e-02   2.5808962e-01  -1.0560218e-01   5.9715630e-01   1.3819668e-01   6.6256825e-01  -4.2408593e-01  -5.8499014e-01   5.0358185e-01   1.1100397e-01  -1.8880755e-01   2.3069396e-01  -4.4391966e-01  -2.5897597e-01  -4.6608351e-01  -3.4880112e-01  -1.1116372e-01  -5.1686619e-01  -3.0262097e-01   2.4501357e-01  -5.0886265e-01   3.5807872e-01  -4.9538997e-01   5.1596993e-01  -4.5827536e-01   3.2215628e-03  -1.8763473e-01   7.5411422e-02   6.7315652e-01  -4.6716190e-01  -2.0181973e-01  -5.1092491e-01  -3.1597542e-01  -4.7107484e-01   6.5984210e-01   2.7180891e-01   3.1752143e-01  -6.2470681e-01  -4.6431071e-01   2.2157197e-01   4.5951186e-01  -4.2792216e-01  -2.4651792e-01   1.5476421e-01   2.7505307e-01  -2.8711582e-01  -5.6121685e-02   2.9952038e-02  -1.1851330e-01   4.0697747e-01  -4.9536408e-01  -3.3243934e-01  -1.7837039e-01  -1.8983164e-01   1.9699257e-01  -5.6571792e-01  -5.2454722e-02  -9.6354141e-02  -3.6479692e-01   6.7452067e-01  -2.3629576e-01  -5.3320237e-01   1.6638163e-02  -2.2993205e-01  -4.5632598e-01  -2.1191675e-01   8.9945020e-02   6.6547141e-01  -1.5196244e-01  -5.5374120e-01  -2.8248861e-01   1.4974910e-01   3.7989220e-03   1.7487639e-01  -4.8022711e-01   3.1443881e-03  -4.7997273e-01  -3.3681236e-01   6.9533053e-01   1.0367665e-01  -3.9408241e-01  -3.5919523e-01   5.6547428e-01   5.6666410e-01  -2.6383676e-01  -3.8358247e-01  -3.9857189e-01   1.6544250e-01   9.2078686e-03  -2.4874474e-01
  -1.0158035e-01  -9.2206170e-02   4.8881908e-02   1.1736095e-01  -2.3518345e-02   1.4376358e-01  -1.8959811e-02   1.2460909e-01  -1.8705534e-01  -8.0533957e-02   1.0998554e-01  -1.3199852e-01   0.0000000e+00  -3.0039215e-02  -5.2580977e-02   8.7454612e-02   2.6198701e-02   4.3372404e-02   1.1743954e-01   1.5545881e-02   2.8190606e-02   1.7411341e-01   7.8906271e-02  -1.4240081e-01  -1.1615334e-01   5.6257169e-02   5.5702364e-03   2.3891242e-01   1.8354779e-01  -3.4206891e-02   7.4406631e-02   1.9666458e-01   2.9692647e-02   3.5091600e-02  -1.3219444e-01   2.5172213e-01   2.4124805e-02   6.7983459e-03  -7.5255483e-02  -3.1783755e-02   4.4557873e-01  -5.2243211e-02   2.4383687e-03   6.7646679e-02  -7.4339647e-02  -2.5347906e-02   2.5347546e-01  -2.0915113e-01  -1.6074626e-01  -4.1706619e-02   2.1907879e-01   2.1203752e-01  -3.0223072e-01   1.7562923e-01  -6.0941629e-03   3.0523653e-02   1.3908699e-02   1.9156995e-01   1.7185056e-01  -1.1354547e-02   7.9482582e-02   5.5084993e-03  -7.2099082e-02  -1.2015743e-01  -7.7226577e-02   1.2258405e-02   1.7082051e-01  -7.6593887e-02   1.7289055e-01  -8.3741811e-03  -1.7846380e-01   1.2163630e-02   2.6804976e-02   3.4151486e-02  -6.1389652e-03   1.3119875e-01   2.8036420e-02   1.1659571e-01  -8.1798966e-02   4.3422651e-02   1.6413773e-01   1.6003107e-01  -1.2690487e-01   4.1239503e-02  -1.6007939e-01   1.3884536e-01  -2.6945029e-02  -1.0165149e-01  -1.4556562e-01  -1.3936742e-01  -8.2082573e-02   3.4425490e-02   1.0564131e-02   1.9483494e-02  -6.6647672e-02  -1.1625339e-01  -8.4740146e-02  -1.6168452e-02  -7.6696278e-02   7.9554005e-02  -1.7940663e-01  -3.9205569e-02   2.3285315e-02  -5.3893711e-02   1.6283668e-01   2.3337840e-01  -1.1803758e-01   2.4312087e-01  -8.0006510e-03   1.5945192e-01  -5.3363794e-02   1.8586423e-01  -5.5555737e-02  -5.6287341e-02  -2.7039306e-02  -2.1861652e-01   1.5308929e-01   4.4798547e-01   7.3917388e-02   2.4281252e-01  -1.4642634e-01   7.7485835e-02   2.3123689e-02  -2.2458732e-01  -2.0499252e-02   9.2560841e-02   7.4775636e-02   4.4482056e-02   1.4750477e-01  -6.1543205e-02   1.2659758e-01  -1.2426628e-01  -7.3789960e-02  -8.3045490e-02   1.6979499e-01   6.3828988e-02   1.7786061e-01  -5.0168507e-02   2.8244036e-01   2.9175696e-02  -1.3450186e-01   3.1166930e-01   1.3390883e-01   7.5355741e-02   4.2124966e-02   1.1002435e-01  -9.5639868e-02  -1.9132963e-03   1.4743086e-01  -1.3156181e-01  -4.9366256e-02  -1.3623746e-03  -4.5124427e-02  -2.4831453e-01   8.4101656e-02  -8.0945285e-02  -5.8715463e-02   2.4556295e-01  -1.2060436e-02   1.1538497e-01  -7.8514677e-02   2.1415091e-01  -4.1653772e-02   8.0993538e-02   1.4059228e-01  -1.6810942e-01  -7.7284568e-02   1.8768709e-02  -1.3215490e-01  -9.3800894e-02  -3.9804236e-02  -3.5814212e-02  -8.7298824e-02   1.7466958e-01   1.2681224e-01   7.9729431e-02   7.6961736e-02
   3.3005890e-01  -2.4146157e-01  -2.4039568e-01   1.2307131e-01  -4.3167389e-01   2.3964798e-01   1.2569291e-01  -1.4366424e-01  -2.6880243e-01  -4.3743001e-01   1.0941800e-01  -4.6827582e-01  -3.0039215e-02   0.0000000e+00  -1.0702762e-01   4.3116885e-02  -2.6363416e-01  -8.4566173e-02   5.8395630e-02  -2.2689394e-01   6.1332836e-02   3.7158014e-01   1.7205612e-01   3.6882134e-01   2.6987528e-02   9.8911051e-02   3.1290517e-02   4.7789116e-01  -1.3789125e-01   3.0242718e-01   2.8175081e-01   2.7053005e-01   1.0378642e-01  -3.4442450e-01  -9.1483151e-03  -4.4680567e-02  -6.1289616e-02   2.7812781e-01   2.9425917e-02  -2.3802709e-01  -1.6447894e-01   5.1191943e-02  -2.8720965e-01   3.1300015e-01  -4.1291348e-01   2.5779408e-01   1.5988313e-01   1.7507796e-02  -9.8939643e-02  -3.2235213e-01   1.0646486e-01   4.1264800e-02  -4.6017331e-01   1.6933770e-01   5.2802670e-01   3.9980338e-01   1.3688889e-01   2.9028687e-01   2.6236318e-02  -2.8915877e-01   6.7763988e-02  -3.1460147e-01  -2.9326023e-01   1.0279677e-01  -2.8865112e-01  -2.2948897e-01   1.8449556e-01  -1.1835296e-01   3.3801988e-01   2.2663680e-01  -3.3403876e-01   3.8024414e-02  -1.5345782e-01   4.1200073e-01  -9.8563730e-02   1.0124638e-01   3.1656508e-01   3.9449906e-02  -4.6504654e-01   2.4059857e-02   4.6522531e-01  -1.4799986e-01  -7.8697365e-02   7.6132763e-03   4.8553198e-01   1.4653847e-01   3.9524481e-01   4.9103333e-01  -1.0597939e-01   2.6017735e-01  -3.9606938e-01   9.2891277e-02  -3.7320431e-01   1.5465958e-01   2.2118359e-01  -1.6971615e-01   3.5931903e-02   1.0844026e-01  -1.9871316e-01  -4.6129094e-03   4.5813952e-01   1.7433492e-01   6.4724087e-01   2.1691174e-01   2.6638224e-01   2.9891568e-01   9.7699340e-03   1.5612185e-01  -3.2965761e-01   1.2038985e-02  -2.0731280e-01   3.7226084e-01  -8.6215700e-02   1.9411664e-01   3.2962745e-01  -4.6804408e-01   3.0375370e-01  -5.4519179e-02   3.1981788e-01   1.1655309e-01   3.8646203e-01  -4.6013367e-01  -2.0912431e-01  -3.0088274e-01   3.7841233e-01   6.7474665e-01  -3.1518279e-01  -5.3036900e-02   2.5635440e-01   4.4475405e-02  -2.7070998e-01  -3.7859744e-01   4.8607683e-01  -3.4344100e-01   1.0244081e-01   9.8848722e-02   3.2164241e-02   4.8950320e-01   2.2367639e-01   2.3097770e-01   3.5613010e-01   1.3768862e-02   1.4631195e-01   1.3451612e-01   7.8522534e-02   2.2478383e-01  -2.0338237e-01  -2.2976625e-01  -7.8076222e-03  -2.4245830e-01   4.1436038e-01   5.3415080e-01   4.2593870e-01  -2.8249411e-01  -3.2727862e-01   1.9267443e-01   2.7475217e-01  -8.8355672e-02  -5.7055322e-03   2.8211632e-01  -2.0166903e-01   1.3736770e-01  -4.6030697e-01   2.2125426e-01   2.4110865e-01  -3.5270659e-01  -6.4374565e-02   3.9279980e-01   3.7235690e-01  -3.2830325e-01  -5.0335409e-01   2.2211454e-01  -1.5908911e-02   2.3120860e-01  -1.6924117e-01   1.6952173e-01   1.8427175e-01
