   0.0000000e+00  -1.6833195e-01  -2.8881864e-01  -8.6732692e-02  -3.2489648e-01  -1.9723721e-01  -1.4235814e-01  -6.5980237e-02  -2.1018732e-01  -2.9650037e-01   1.4865625e-01  -2.0538417e-01  -5.8530828e-02   3.9652767e-01   9.0500387e-02  -9.5129626e-02  -2.0330884e-01  -2.8288708e-01  -2.4408706e-03  -2.8031519e-01  -3.8230872e-02  -6.2546262e-02   3.7838233e-02   8.3050190e-01  -2.8172569e-02  -1.3289190e-01  -1.9776631e-01   5.4762369e-01  -2.2459952e-02  -2.2062732e-01  -9.6424645e-02  -1.2405858e-01  -8.3171926e-02  -3.1209733e-01  -1.1346265e-01  -2.7403132e-01  -3.3381737e-02   5.0426938e-01   4.8870631e-02  -3.4006700e-01   6.0769248e-02  -6.5769083e-02  -2.4407449e-01   1.1535577e-01   1.3747230e-01   5.0182333e-01  -2.0042091e-01  -3.7829176e-02  -9.3116411e-02  -1.7290995e-01   9.0284243e-02  -1.2995202e-01  -3.1893174e-01  -5.3578977e-02   4.1449679e-01  -1.9954577e-01  -4.6208613e-02   3.4828504e-02  -1.1750051e-02   1.1412234e-01  -1.0405209e-01  -8.1612266e-03  -1.7245425e-01  -2.0116059e-02   3.3685149e-02  -3.1718029e-01  -2.5605070e-01   5.5358716e-02  -3.2634458e-02  -1.7273916e-02  -1.8891792e-01   2.4848233e-02   8.6909841e-03   5.0715602e-01  -6.1235557e-02  -1.9623876e-02   3.3625105e-01  -1.0846994e-01  -9.0007571e-02   8.4735176e-02  -3.5225943e-02  -1.6520167e-01  -3.4289190e-01  -3.4834625e-01   3.1804987e-01   1.0926761e-02  -8.2853152e-02   7.2321759e-01  -9.8611541e-02   7.4811169e-01  -1.4105444e-01  -1.2381532e-01  -3.0751646e-01  -6.0488922e-03   4.2537823e-01  -1.3196699e-01  -3.9734064e-02  -1.6011892e-01  -9.4717103e-02  -5.5599775e-02   1.0731141e-01   6.1497041e-01  -3.4738478e-01  -9.0934581e-02   2.7684517e-01   3.8665850e-02  -5.4464252e-02  -3.5093335e-02  -1.0671709e-02  -4.8872834e-01  -1.5755054e-01  -1.5648782e-02  -5.7434975e-02   8.2359259e-01   3.7467186e-01  -1.5826923e-01   9.3796034e-02  -1.3800593e-01  -2.5271782e-02  -1.1036281e-01   4.7084983e-01  -2.4993821e-01  -1.2524688e-01   1.6297665e-02   5.4075981e-01   6.2537012e-01   2.2619986e-01   1.9336697e-02   7.2110827e-02  -3.0368281e-01  -4.5956680e-02  -8.4297467e-02   4.8361380e-01  -4.2354241e-01  -1.9511254e-01  -6.7259246e-02   8.5799728e-02   1.5134667e-01  -1.2458059e-02   6.6930209e-01   7.5454437e-01   3.9333669e-02   6.5031439e-03  -2.6118453e-01   2.0887808e-01   4.4840414e-02  -1.5732369e-01  -3.7738301e-01  -5.1155382e-01   6.9668934e-02   6.7662899e-01  -2.7683836e-01   3.3780260e-01  -6.8929882e-02  -3.0049695e-01   4.5822763e-01   5.2849475e-01   9.2952603e-02  -1.6723010e-01  -1.5768723e-01  -1.7960136e-02  -9.7829263e-02  -1.6152339e-01  -1.6878997e-01   4.3817622e-02  -2.1173291e-01   3.5627252e-02  -3.5678521e-01   3.0198688e-01  -2.9182820e-01  -1.9268217e-01   2.7576539e-01  -4.2163627e-02  -3.0736626e-01  -1.0006548e-01   4.9478101e-02  -2.9853295e-03
  -1.6833195e-01   0.0000000e+00   4.1490953e-01  -1.2486736e-01   6.6032388e-02  -5.7498722e-02   6.2144535e-02   5.5827860e-02   5.7510319e-01  -9.4806234e-02  -2.8414763e-01   5.4751489e-01   1.5771967e-03  -3.6261171e-01   3.4013434e-01   3.0323195e-02   5.1013639e-01  -2.4058933e-01  -1.3760532e-01  -1.0155481e-01  -3.9360811e-01  -3.4877361e-01  -2.6784684e-01  -1.0642230e-01   1.3082001e-01   5.5261737e-03  -1.2222965e-01   2.4452538e-02   5.1312387e-01  -8.1361563e-02   3.7003449e-01   5.5422930e-02   2.1852395e-01   1.7530642e-01  -1.6463601e-01  -3.6605981e-01  -1.5876679e-01  -4.3743417e-01   1.6150110e-01   3.8355104e-01  -3.8125565e-02   1.5555335e-01   5.1432703e-01  -7.6703832e-02  -3.0869076e-01  -2.6590304e-01  -3.6297959e-01   3.8146386e-01  -1.0992343e-01   4.6073967e-01  -6.3028279e-01   2.0045136e-01   2.4890328e-01   1.6771206e-01  -1.6107818e-01  -8.9401298e-02   5.8252731e-02  -1.1519708e-01  -7.4652852e-02  -2.0239398e-02  -1.0493489e-01  -9.3674792e-02   4.4318426e-01   9.4162026e-02   3.5142918e-01  -3.4416198e-01  -2.2316417e-01   6.8876171e-02  -3.3436271e-01   1.6120848e-01   7.0878612e-01  -4.4545075e-01   7.6153629e-02   1.2220983e-01   2.1274615e-01   2.9881171e-01  -4.1615704e-01  -1.1038627e-01   2.9302320e-01  -2.0065247e-02   1.4562356e-02   3.5508309e-02   1.2026636e-01   2.4969494e-01   1.7370720e-01   2.6260443e-01   1.9653903e-01   6.7115900e-03   2.6550355e-01  -3.4195611e-03   2.2829080e-01   2.4796185e-03   4.3340552e-01   7.6360562e-02  -4.5970127e-01   2.4731475e-01   8.0774479e-02  -2.6090270e-01  -9.8530356e-02  -5.0493485e-01   2.6569134e-01  -2.3223143e-01  -6.8399155e-02   1.8054425e-01  -3.3784802e-01  -5.2976685e-02   3.8322504e-01  -3.0684816e-01  -3.4841820e-02  -1.3411470e-01   3.2271246e-02  -3.4796808e-01  -7.5346957e-02  -1.1007912e-01   8.9942061e-02   5.5062448e-01  -5.9407963e-02  -2.0074149e-02  -1.4384238e-01  -1.7212607e-01  -1.3800904e-01   4.1230912e-01   4.1602186e-01   4.8093993e-01  -9.3451265e-02  -1.8143127e-01  -2.8086400e-01   2.4664716e-01  -3.4012240e-01   2.3684825e-01  -8.7963584e-02   1.7007810e-01   5.9454657e-02   1.3957889e-01   1.7758844e-01   3.3794788e-01   1.1236970e-01   2.7799970e-01   7.0300705e-02  -4.2785521e-01  -6.4298284e-02   1.9015788e-01  -3.2192219e-01   7.4806024e-02  -9.7038492e-02  -1.0554569e-01   4.2643265e-01   4.3212654e-02  -1.1673010e-01   2.3562463e-01   6.8438333e-02   1.4446909e-01  -9.5904189e-02   3.2121426e-01   6.7214428e-01  -3.0033081e-01  -2.1858158e-01  -7.5287962e-02   2.7357091e-01  -1.3231924e-01   6.4971007e-02  -1.9510328e-01  -9.2360582e-03  -3.2748046e-01   4.3821677e-02   3.9606767e-01  -8.3965650e-02   1.3380797e-01  -2.3082614e-02   4.1697900e-01   3.0418441e-01  -4.0190127e-01  -9.5912961e-02  -8.0373006e-02   1.6812804e-01   2.1182902e-01   5.7701329e-02
  -2.8881864e-01   4.1490953e-01   0.0000000e+00  -2.5028614e-03   1.0502781e-01   2.1897755e-01   2.2243720e-01   1.2661969e-01   2.6094334e-01  -1.8357104e-02  -3.9202830e-01   6.5704481e-01  -4.6390764e-02  -4.2969456e-01   1.3490632e-01   2.4392545e-01   8.0674059e-01   1.5722403e-02  -5.9918653e-03   2.3327582e-01  -2.0647397e-01  -3.2033620e-01  -2.7840322e-01  -2.5278896e-01   3.2456319e-01  -3.7553619e-02  -4.9056637e-02  -1.4513410e-01   2.8328528e-01  -7.8866170e-02   2.3800396e-01   6.6117680e-02   3.8107233e-01   4.6463057e-01  -1.0663614e-01  -1.5485986e-01  -2.1078252e-01  -4.5590899e-01   2.1392473e-01   6.5245994e-01  -2.4194225e-01   4.0220871e-01   5.7467968e-01   3.4548424e-03  -2.6266744e-01  -1.8330835e-01  -2.6418960e-01  -1.0711945e-01  -1.5724020e-01   7.0651056e-01  -4.5118836e-01   2.2047843e-01   1.0496680e-01   6.3646164e-01  -1.1243991e-01  -1.4658246e-01   2.5435056e-01  -6.0767987e-02  -9.5411355e-02  -7.7907335e-02   2.9572555e-01  -1.1960464e-01   3.0261341e-01  -8.2351784e-02   1.1065216e-04  -2.2829114e-01   5.7107047e-02   2.4683481e-02  -3.0575536e-01   4.5782367e-01   4.1239410e-01  -3.6409797e-01  -1.4559847e-01   2.3265121e-01   3.2685224e-01   5.4879725e-02  -2.8997449e-01   2.0258376e-02  -1.8260603e-03  -1.2329667e-01  -1.9764336e-01  -1.1766355e-01   3.8501506e-01   1.4359437e-01   3.7724373e-01   9.7002932e-02  -1.8090769e-01  -1.9253673e-01   9.5047491e-02  -1.7675673e-01   1.8927449e-01   5.4850046e-01   6.4221685e-01  -1.0835910e-01  -3.3296591e-01   4.0310452e-01   2.5874869e-01  -1.9757235e-01  -1.1313734e-01  -3.0389999e-01   2.7241900e-01  -2.8771597e-01  -1.1138782e-01   6.8610644e-02  -4.4855929e-01   2.0030586e-02   4.9096318e-01  -2.4501325e-01   2.6254510e-02   8.0541977e-02   3.0029066e-01  -3.7421671e-01   7.0337680e-02  -1.9712966e-01   7.5804880e-02   8.8818425e-02   4.4050596e-02  -7.2854130e-02   1.2674959e-01  -1.3432138e-01  -2.0226189e-01   4.2809910e-01   5.3695091e-01   7.9195160e-02  -2.2282518e-01  -3.6614864e-01  -3.8020574e-01   3.1631019e-01  -1.2690303e-01   5.0224116e-01  -6.2077736e-02  -1.1776149e-01   2.6192314e-03   1.5124403e-01   3.2209507e-01   7.7111042e-02   2.1535606e-01   3.2677265e-02   1.1499840e-01  -3.6447437e-01  -2.7822370e-01  -3.2481143e-02  -3.5746719e-01   4.6517001e-01  -1.3463471e-01  -2.3737138e-01   7.0141611e-01  -9.9028059e-02   2.4046141e-01  -8.4736338e-02   7.8430379e-02   1.0332586e-01   1.5807551e-01   1.2937104e-01   7.1618146e-01  -3.3106953e-01  -7.2371154e-02  -1.1405004e-01   7.1348361e-01  -2.6065474e-01  -1.5712187e-02  -3.3063484e-01  -2.9759969e-01  -2.9800686e-01   1.1714614e-01   2.5653073e-01  -2.1321763e-01   2.3890624e-02   2.1104830e-01   2.7217830e-01   1.4397653e-01  -3.4949881e-01  -2.0018691e-01   2.7802003e-01   1.8143862e-01   1.8706787e-01  -6.2911711e-02
  -8.6732692e-02  -1.2486736e-01  -2.5028614e-03   0.0000000e+00   3.4916128e-02   1.6367925e-01  -7.4885727e-02   1.2911053e-01   1.0676788e-01  -2.5898808e-02   2.7122801e-01  -1.5176957e-01  -1.2221754e-02   1.2902125e-01  -8.9755958e-02   1.2532871e-01  -1.3001828e-01   4.2204906e-01   2.5653256e-01   4.9808927e-02   9.0874653e-02   3.2542319e-01   8.8823582e-02  -1.4436221e-01  -1.0231690e-01   2.6587516e-01   3.0416474e-01   1.5669147e-01   6.4063272e-02   3.4132528e-01   2.7543680e-02   2.7328634e-01   3.4223313e-01  -1.4158962e-01   2.1927046e-01   3.8827221e-01   9.5349179e-02  -1.0359559e-01   6.6811244e-02  -1.9020339e-01   1.0814360e-01   5.8765233e-02  -6.9442772e-02   3.4214744e-01  -6.2148937e-03   2.8755081e-02   4.8504724e-01  -3.7359224e-02   2.3909838e-01  -1.7097509e-01   3.1805315e-01   1.5516773e-01  -2.5080561e-03   7.7362001e-02   1.1603289e-02   1.4931844e-01   2.3211448e-01   4.1986958e-01   4.6790740e-01   8.9539326e-02   1.8335517e-01  -2.2427821e-01   5.0687107e-02   2.1535474e-01   1.0264383e-01   1.8999908e-01   7.1286990e-02  -5.1492912e-01   2.9674450e-01  -1.7436434e-02  -2.2125710e-01   8.3415988e-02   2.5314389e-01  -1.2448377e-01  -9.3321754e-02   1.9221495e-01  -1.3387347e-01   1.3827629e-01  -8.3608184e-02   4.0619327e-02   2.8174799e-01  -1.8422201e-01   1.1822546e-02   6.0556105e-02   4.7160126e-02   1.9239528e-01  -1.8928757e-01  -4.2876173e-02   9.5894141e-02  -1.7387654e-01  -1.0318836e-01   1.3963796e-01  -6.8633327e-02   3.5102534e-01  -7.2997983e-02  -3.2009014e-01  -2.5540895e-01   7.9790911e-02  -7.0151094e-02   1.5398329e-01  -1.0481297e-02   4.9888648e-02   2.8495921e-01   1.5156125e-01   2.1439130e-01   3.6816192e-01   1.6910865e-01   3.4234770e-01   5.3912513e-02   2.2472507e-01  -1.0313321e-01   2.2652784e-01   5.4848761e-01  -2.5309031e-02   1.1892412e-01   3.1728737e-02  -1.4921752e-01   4.8839234e-02   1.1868400e-01   6.6326360e-01  -1.2277797e-01  -1.5559914e-01  -3.5234798e-01   8.8291805e-02  -1.7499034e-01  -4.5797193e-02   9.9098154e-02   3.4731642e-01   1.9436671e-01   5.5525802e-02   1.2332407e-01   8.1165541e-02   7.0228268e-02  -1.2565021e-02   2.5948837e-01   1.8525613e-01   6.6099046e-02   1.5132387e-01   8.6428445e-02  -6.0382877e-02   1.1566000e-02  -3.0523718e-02   3.1725285e-01  -1.5066365e-02  -7.5985339e-03   1.0438137e-03  -9.7108084e-02   1.1021692e-01  -1.7303952e-02   2.6237099e-02  -1.7285296e-02   7.7786707e-02   7.9791036e-02   1.5327126e-01  -2.2250928e-01  -8.2182413e-02  -7.7367161e-02   3.1631098e-01   7.2085275e-02   2.4477041e-01  -5.4705302e-01   1.9612529e-01   8.2412477e-02   3.5454386e-01   1.4089128e-01  -4.0048297e-03  -5.9987068e-02   3.1363540e-01   2.4349352e-01  -2.1879683e-02  -2.1218463e-01  -3.6065716e-01   9.0803207e-02   1.9489242e-02  -1.4676085e-01   4.3382790e-01   3.9701714e-01
  -3.2489648e-01   6.6032388e-02   1.0502781e-01   3.4916128e-02   0.0000000e+00   2.0660586e-03  -6.2634713e-02  -9.0179686e-02   2.9090665e-01   2.1549288e-01  -7.4050945e-02  -7.7090535e-02   1.1764338e-01  -3.5358385e-01  -2.7889684e-01   9.6327555e-02   2.7379960e-02   2.6855897e-01  -6.1220570e-02   7.1115619e-01  -1.7393848e-01  -1.0785791e-01  -1.1402188e-01  -2.2795291e-01  -1.2745881e-01  -1.2468072e-01   3.9579720e-01  -3.4246971e-01   8.6663195e-02   1.3645260e-01  -1.3831542e-01   6.4422230e-02   1.1740252e-01  -9.3038619e-03  -2.0850285e-01   4.1019414e-01   1.3819122e-01  -2.3019670e-01   1.2488535e-01   2.0768430e-01   1.2246750e-01  -4.7256856e-02   2.5013214e-01  -7.2270477e-02   2.2257293e-01  -3.2407172e-01   3.0113798e-01   7.8182928e-02   2.2341788e-01   2.6572318e-01   1.2428823e-02   9.2060250e-02   7.2507108e-02   6.3023306e-03  -4.2748521e-01  -8.9734871e-02  -3.2786268e-01  -2.8944010e-01   1.2985697e-01  -3.1816107e-01  -1.0439667e-01   1.8740305e-01   3.1107861e-01  -2.6801986e-02   5.0847375e-02   3.7198448e-01   1.8085135e-01   8.9575719e-02   1.3996931e-01  -1.8470320e-01   1.5053597e-01   1.0663694e-01   2.6447436e-02  -2.6661198e-01   1.5485084e-02   1.1785484e-02  -1.2014370e-01   2.9673664e-02   4.8735945e-01   9.7596648e-02  -1.8462035e-01   1.9629775e-01   9.5523685e-02  -2.3595030e-03  -2.8036071e-01  -4.3672543e-02  -9.6406294e-02  -3.1115837e-01   8.5366110e-02  -2.5483335e-01   5.3729380e-01  -1.0158658e-01   1.7881146e-01  -2.2701880e-01  -2.2415764e-01   4.9632491e-01   4.6795057e-02   2.3407322e-01   4.2354832e-01   1.9263759e-01  -2.4351104e-01  -4.3268415e-01  -7.2713473e-02  -3.0724513e-02  -7.5801903e-02  -1.3051299e-01   6.8436953e-02   1.5197868e-01   2.0643105e-01   2.0470419e-01  -2.4589250e-02  -2.6031878e-01   1.8520173e-01  -3.3368955e-01  -1.0885248e-01   3.2449346e-01  -1.5031708e-02   1.3007212e-01  -1.8313770e-01   1.1124560e-01  -2.2833644e-01   4.7531364e-01   1.5036497e-01  -4.8135190e-02  -4.0493627e-01  -3.5154278e-01  -8.2017802e-02   2.6906182e-02  -6.7113117e-02  -3.8891880e-02   7.3043904e-02   1.7240641e-01  -3.5027387e-01   7.5029109e-03   1.2660540e-01  -1.4511478e-02   2.2866875e-02  -2.4889712e-01  -1.7528665e-01  -1.5176075e-01  -2.1581116e-01   2.7281631e-01  -5.0208352e-02  -6.8798080e-02  -3.1059490e-01  -2.9193352e-01   7.2229760e-02   4.2756610e-01   2.6632012e-01  -1.6632722e-01  -3.5613232e-01  -1.6225170e-02  -2.8129584e-01   1.6942848e-01   1.4204876e-01  -1.4615984e-01  -3.4454530e-01   2.5885738e-02  -1.8773372e-02  -1.5706095e-01   9.1678375e-03   4.1940509e-02   2.2357560e-01   1.1647748e-01  -4.0603464e-02   3.0449164e-01  -1.4503183e-01   2.0765928e-02  -2.9787158e-01   1.7460481e-01   2.2044717e-01  -2.0655369e-02   4.0007554e-01  -2.6729618e-03  -9.0804974e-02   2.4307769e-02  -7.3546817e-02
  -1.9723721e-01  -5.7498722e-02   2.1897755e-01   1.6367925e-01   2.0660586e-03   0.0000000e+00  -1.4638970e-01   5.2271931e-02  -8.1331330e-02  -9.7908082e-02   1.3236853e-01   9.7880778e-03   3.3326760e-04  -1.0314252e-01  -2.0072512e-01  -4.7615251e-04   1.8832609e-01   2.2953555e-02   2.2556102e-01   5.9556938e-02   3.4885263e-03   1.9031774e-01  -1.1080684e-01  -2.3733045e-01   1.2020150e-01   4.0992715e-01   2.2006055e-01  -6.2206021e-02   4.4029709e-02   1.1926225e-01  -1.3570501e-01   4.5888579e-02   2.0140608e-01  -3.6333521e-02   2.0647491e-01   1.4471154e-01  -5.4497790e-02  -1.3140080e-01   8.5074767e-03   1.4416641e-01  -1.3514633e-01   1.6827065e-01   1.5150365e-02  -1.0625545e-01  -8.9457804e-02   2.0890774e-01   2.5072881e-01  -3.0435174e-01   5.4711180e-02   9.8299475e-02   2.8993160e-02   2.2628310e-01  -1.8292014e-01   2.6450868e-01  -1.7183082e-01   8.3910960e-02   4.4731911e-01   1.4363813e-01   1.0262699e-01   1.5642534e-01   3.9268970e-01  -1.1202596e-01  -1.0976048e-01  -5.5274422e-02  -3.5187476e-01   9.8196848e-02   6.2035519e-01   3.6265051e-03   1.9395426e-01   2.8603528e-01  -1.0545322e-01   1.9469828e-01  -1.9115827e-03   6.4000521e-02   2.9844314e-02  -1.7362840e-01   1.1071920e-01   5.7570566e-02  -1.9531554e-01   5.2340212e-02  -6.4545423e-02  -1.6206357e-01   1.0966068e-01   1.0054130e-01   7.2498839e-02   1.0407153e-01  -2.3625424e-01  -2.4797267e-01   3.6426203e-02  -2.5597956e-01   2.3962915e-02   3.6597322e-01   1.2258332e-01   9.6806785e-02   4.3520939e-02  -9.5440130e-02   2.8808553e-01   3.3756338e-01  -4.5149285e-02  -5.8032885e-03  -1.8077085e-02  -1.0555845e-01   1.0340368e-02   4.9345444e-02  -4.4044804e-02  -1.9818140e-02   2.5867853e-01   3.3401372e-01  -1.0819341e-01   3.3089740e-01   3.6871103e-02   2.4971165e-01   9.2790389e-02  -1.1453097e-01  -4.1180376e-03  -2.0810728e-01   1.3537680e-01   1.1790803e-01   4.0913161e-01   2.5079717e-01  -2.3311173e-01  -1.0367394e-01   2.6840710e-02  -2.3386361e-01   8.2134991e-03  -8.2430434e-02  -8.4048747e-02   7.3230006e-02   7.8688498e-02   3.1810325e-01  -3.9794926e-02  -1.2264427e-01   7.9180621e-02  -2.7850088e-02   1.2662079e-01   3.6614735e-02   1.9955244e-01  -2.3316746e-01   4.3869523e-02  -2.3979947e-01  -2.0603419e-01  -2.1891623e-01   2.9637395e-01   3.6226647e-01  -1.5547525e-01  -2.7567966e-01  -3.3458222e-02   5.2622024e-02   2.4035816e-01  -3.5762972e-01  -5.3309699e-02  -2.9546098e-01   6.4823383e-02   1.2953445e-02   1.4367129e-01  -1.9527183e-01  -1.6008520e-01   3.4640740e-01   3.4602843e-01  -2.4002244e-02  -5.1050089e-02   1.7925385e-01   1.2183650e-02   6.6881576e-02   1.6956960e-01  -1.4334547e-01  -1.0269514e-01   6.4921323e-02   1.8310794e-01  -3.4456150e-02  -1.8746642e-01  -1.7198846e-01  -1.2628048e-01   6.7303640e-01   1.6916651e-01   1.0803168e-01   1.8605915e-01
  -1.4235814e-01   6.2144535e-02   2.2243720e-01  -7.4885727e-02  -6.2634713e-02  -1.4638970e-01   0.0000000e+00  -9.7061193e-02  -1.4567501e-02   2.5479770e-01   1.6976946e-02   5.2048146e-01  -2.7105665e-02  -2.1044442e-01   3.9523168e-01   1.2155733e-01   2.6347588e-02   1.2728787e-01  -9.0386620e-02  -4.2245013e-02   1.8935235e-01  -1.5532598e-01   4.1551778e-01  -2.6699983e-01   7.1919005e-02  -7.7721569e-03  -1.1371505e-01  -7.0404497e-02   2.3286755e-02  -2.4005751e-02   1.7975435e-01  -6.7020061e-02   5.2641228e-02   4.2430730e-01   1.6428121e-01  -3.6578903e-03   3.0247587e-03  -2.2222281e-01  -1.1673340e-01   1.6330870e-01  -2.3319914e-01   1.7781046e-01   2.6737074e-01   1.0139835e-02   1.3380401e-01  -6.7082828e-02  -1.8805152e-01   3.4741584e-01  -7.6080506e-02  -1.4999694e-01  -4.5859271e-02   3.9400863e-03   1.7454590e-01   6.7114800e-02  -9.7790924e-02  -1.4818360e-04  -7.1593397e-02   1.1560642e-02  -1.1215927e-01   2.6787758e-01   2.9133304e-02   8.6973991e-02  -1.2456012e-01   6.3891724e-02   2.1972431e-03   1.6525415e-01  -1.6993199e-01   7.9522033e-02  -1.9145243e-01   2.2909028e-01  -1.0796010e-02  -8.5610637e-02  -1.8946524e-01  -1.8056350e-01  -6.3933777e-02   1.3178109e-02  -1.9999569e-01   1.9583034e-02   2.1820943e-01   3.1149284e-02   1.5846731e-01   2.4886678e-01   1.2376104e-01   5.4874394e-02  -2.0824473e-02  -1.0746908e-01   7.5672153e-02  -1.9754110e-01  -4.2856771e-03  -2.0468138e-01  -3.6619921e-01  -7.4840315e-02   2.6913097e-01   1.6749925e-01  -1.4305890e-01  -1.5637049e-01  -6.4004882e-02  -2.5440962e-01  -1.8986104e-02   2.2227441e-01  -2.9721927e-02   1.7326186e-01   8.6245601e-03   1.9385442e-01   5.1556215e-02   1.6343709e-01  -1.5673620e-02  -2.4611419e-01   3.2680363e-01  -1.5116432e-01   4.6191359e-01  -7.7647907e-02   3.0189946e-02  -7.4542625e-02  -8.8703762e-02  -3.9252188e-02  -3.7695361e-02  -3.0490094e-02  -5.5209037e-02  -1.1495900e-01  -6.0252518e-02   4.4873726e-02   8.9431834e-02   2.1666130e-01  -1.4437976e-01  -1.2272886e-01   1.4580044e-01   1.3348842e-01  -2.4102033e-02   8.5561716e-02  -1.5153789e-01   3.6245915e-01  -1.0170000e-01   3.7675823e-01   2.1947854e-02  -4.4920569e-02   2.0206867e-02   3.0951301e-01  -8.7935605e-02  -1.4253249e-01  -1.0954109e-01  -1.4988629e-01  -2.6388002e-01  -2.9736059e-03   4.9724576e-01   2.8536142e-01   3.8092148e-01  -1.5471202e-01   1.7777314e-01   2.3946968e-01  -1.5557929e-01   2.9753094e-01   5.7017782e-02   6.6377861e-02   2.6941982e-02  -3.2544958e-01   7.0098762e-02  -1.4718248e-01  -1.3208830e-02   5.3480940e-02  -1.0676712e-01   5.3483887e-02   1.5742803e-02   6.0041274e-02  -1.8752173e-02   3.7359247e-01   1.7790546e-01  -2.2866125e-02   8.9097084e-02  -2.0571069e-01   3.7227946e-01  -1.7363310e-01  -6.9488729e-02  -1.1510579e-01   1.9635007e-01   4.3645949e-02   3.6982314e-02
  -6.5980237e-02   5.5827860e-02   1.2661969e-01   1.2911053e-01  -9.0179686e-02   5.2271931e-02  -9.7061193e-02   0.0000000e+00   2.0864594e-01  -1.3473534e-01   5.8455891e-02   4.3524184e-02  -1.1797940e-01  -1.5838892e-02   6.1458510e-02  -8.6578014e-02   2.8043541e-02  -1.4130250e-02  -1.0269869e-02  -9.8941820e-02  -1.7416621e-01   5.7903564e-02  -1.0432269e-01  -5.5311584e-02  -2.2445320e-03   1.7900361e-01   1.6199795e-01   1.0049896e-01   9.2058985e-02   7.1011624e-02   6.1336939e-02   3.0317258e-02   2.2202648e-01  -7.6121021e-02  -1.3631897e-02  -1.3084309e-01  -8.7812839e-02   5.4890230e-02   3.0334718e-02   3.0132382e-02  -1.0408702e-01   7.6718846e-02   1.2570413e-01   2.5570685e-01  -1.6864787e-01   9.1885045e-03   8.4527637e-02  -9.8205508e-03   5.2222385e-04   1.2106288e-01   1.9746392e-02   2.7622847e-01  -5.1467753e-02   7.2738590e-02  -1.4376959e-02   1.7113877e-01   1.1457781e-01   2.2140796e-01  -2.5671784e-02  -1.3376491e-02   1.3479623e-01  -1.5053978e-01   1.6572958e-01   2.7745317e-01   1.0735357e-01  -1.5114694e-01  -7.8444383e-02  -2.7074509e-01   1.4310815e-01   1.0257457e-01   7.3975074e-02  -9.7135802e-02   3.9539067e-02   9.6981173e-02   6.1282162e-02   2.2302316e-01  -6.1591518e-02   1.1269891e-01  -1.1429970e-01  -4.3169656e-01   2.0709068e-01  -1.7172155e-01   1.9399249e-02   2.9949516e-01   7.8684394e-02   4.2827091e-01  -3.9141708e-02  -9.9925521e-03   8.7745540e-02  -3.9766546e-02   6.3400976e-02   1.4353174e-01   4.8425712e-02   9.4206583e-02   5.3166806e-02   6.2871644e-02   4.1215360e-02   1.6482685e-02  -7.6626186e-02  -1.5016809e-01   1.0986580e-01   6.9724393e-02   9.2786533e-02   5.9810801e-02  -7.6972739e-02   1.1783265e-01   1.4669115e-01  -5.4761469e-02  -1.6997749e-01  -7.4547429e-02  -1.0405296e-01  -4.8763685e-02   1.1179536e-01   4.7444532e-02   7.9881995e-02   1.5915887e-01   7.5378146e-02  -4.9615684e-02  -8.8297541e-02   7.2942761e-03   1.3586020e-02   1.4678055e-01  -5.5544362e-02   7.0267018e-02   1.5784897e-01   5.0970846e-02  -1.1886504e-01   1.2607425e-01  -7.0672768e-03   2.2580729e-03  -2.1505411e-02  -1.3374317e-01   3.3561497e-02  -1.0175900e-02   2.6521630e-01   3.6567998e-01  -9.3501873e-03   4.0275680e-02   2.5811550e-01  -1.6085034e-01  -1.7180471e-01  -1.2121178e-01  -3.0977024e-02  -5.3634292e-02  -1.1040845e-01  -1.1288485e-01   1.4561419e-02   4.9754949e-02  -1.3814245e-01  -7.7723202e-02   8.1100704e-02   2.9606943e-01   6.0975038e-03   1.8433795e-01   4.2788376e-02   9.7167355e-02  -9.1437562e-02  -4.1951151e-02   9.8337454e-02   1.0981083e-01  -2.2683335e-01  -1.9910663e-02  -1.2470558e-01  -7.8695768e-02  -3.0904248e-02   1.9873801e-02  -8.0721365e-02   1.9532591e-01   1.4797344e-01   4.7018066e-02  -5.7403759e-02  -1.8719022e-01  -8.6523204e-02   3.5302817e-02   3.8666291e-02   2.0522768e-01   2.9623892e-01
  -2.1018732e-01   5.7510319e-01   2.6094334e-01   1.0676788e-01   2.9090665e-01  -8.1331330e-02  -1.4567501e-02   2.0864594e-01   0.0000000e+00  -4.5561435e-02  -1.9198520e-01   2.4703341e-01   1.2463638e-01  -3.6056367e-01   7.0969328e-02   9.6746522e-02   2.4405487e-01  -3.1187872e-02  -9.8127257e-02   1.3318716e-01  -4.2264453e-01  -2.7144666e-01  -1.8138259e-01  -9.3052459e-02   8.5618174e-02  -3.6973209e-03   1.2521765e-01  -3.1007130e-02   3.3228183e-01   1.5033657e-01   2.7556265e-01   3.6312704e-02   2.7225426e-01   9.0708053e-02  -1.0498097e-01  -1.8126121e-02  -1.1117962e-01  -4.7368207e-01   2.1960183e-01   3.4466802e-01   2.2817672e-01   1.7345568e-01   4.7269668e-01   5.9482050e-02  -1.7052913e-01  -3.8550269e-01  -5.4375338e-02   4.0424018e-01   1.2770648e-01   4.1437723e-01  -3.0825941e-01   3.3924365e-01   3.1615188e-01   1.2807110e-01  -2.0339370e-01  -7.7014876e-02   4.1019023e-02  -6.9002899e-02   1.2764038e-01  -1.1907124e-01  -2.0181582e-01  -1.1867043e-01   5.4208540e-01   3.4688143e-01   6.0243671e-01  -1.3396916e-01  -1.3013101e-01  -3.2128430e-02  -1.7346058e-01  -4.5013677e-02   6.2439561e-01  -4.3612792e-01   4.2966234e-01  -1.6347344e-01   1.9397001e-01   3.0997956e-01  -5.1094234e-01  -9.0571945e-02   4.4058632e-01  -7.6889226e-02   6.1198672e-02   1.9610889e-01   1.5498707e-01   2.6898691e-01  -6.0783865e-02   2.4820209e-01   1.6370421e-01  -2.7487071e-02   3.4376485e-01  -5.5183218e-02   3.5298716e-01  -7.6045028e-02   3.5985185e-01   9.9034855e-02  -4.8580788e-01   2.1497971e-01  -5.3713979e-02  -1.1876260e-01   1.8051061e-01  -3.0449156e-01   1.3880818e-01  -2.9636669e-01  -5.0285682e-02   2.8199447e-01  -3.0027768e-01   3.7120129e-02   3.4370123e-01  -1.5151016e-01   2.5989802e-04  -5.2889065e-02  -8.2558682e-02  -4.7920292e-01  -9.3175179e-02  -2.7880805e-01   2.0687972e-02   6.9727105e-01  -1.9429264e-01   3.1991337e-01  -3.4388618e-01   2.3257235e-02  -1.5463896e-01   4.9883620e-01   2.9246186e-01   5.2271077e-01  -3.1129997e-01  -2.8040949e-01  -2.0093588e-01   3.1504095e-01  -3.2784211e-01   7.4569291e-02   2.4642315e-01   2.5341014e-01  -1.6897349e-01   2.0117772e-01   2.9060161e-01   2.9417536e-01   4.2300620e-02   2.2566590e-01  -4.0477592e-02  -3.8504244e-01  -7.9227081e-02   2.9315555e-01  -1.6567066e-01  -1.9846382e-01  -1.6207468e-01  -1.7339902e-01   3.7212984e-01   2.5154729e-01  -7.7521901e-02   2.3025501e-01  -7.8862859e-02   2.4403304e-01  -1.8366456e-01   4.8862546e-01   3.9745658e-01  -2.6527930e-01  -3.5481316e-01   1.1364349e-01   1.9460494e-01  -1.3093707e-01  -1.4451568e-01   1.3298047e-02   3.6540753e-02  -1.5233015e-01  -7.3214762e-02   4.1024159e-01  -7.4762209e-02   2.2495538e-01  -8.0127051e-02   4.1524902e-01   3.1506342e-01  -5.0732555e-01   1.8011898e-01  -2.6882400e-01   5.8776516e-02   1.6106626e-01   1.3797488e-01
  -2.9650037e-01  -9.4806234e-02  -1.8357104e-02  -2.5898808e-02   2.1549288e-01  -9.7908082e-02   2.5479770e-01  -1.3473534e-01  -4.5561435e-02   0.0000000e+00  -5.4476635e-03   5.4130438e-02   1.2970324e-01  -6.5725387e-02  -4.6098128e-02   6.4230711e-02  -8.1276619e-02   1.5041616e-01   2.4071130e-02   1.8922445e-01   1.8748908e-01  -1.1964558e-01   2.8705382e-01  -2.6854691e-01   1.4375832e-01  -9.4213364e-02  -1.3150456e-02  -1.8466467e-01  -8.4995902e-02   4.6491659e-02  -3.0127887e-02   6.6158843e-02  -7.7487632e-02   2.7649603e-01  -1.4756685e-01   1.3823149e-01   2.6069301e-01  -2.0300861e-01  -6.4414041e-02   1.8404308e-01   6.1678848e-02  -4.4504016e-02   2.5822438e-02   1.4555733e-01  -2.0250639e-02  -1.6026055e-01   8.3601476e-02   7.4826229e-02  -1.5986247e-01  -1.1512048e-01   8.2474708e-02  -3.5556080e-02   2.8729151e-01  -3.8617159e-02   1.4148462e-02  -7.5913150e-02  -5.1654309e-02  -1.9244143e-01   9.2445823e-02  -1.8714031e-01  -1.0430365e-01   6.6130850e-02  -5.5436964e-02  -3.6757991e-02  -1.6258899e-01   3.4325629e-01  -2.1072861e-02   1.9736251e-02  -1.4614764e-01   8.2291306e-02   3.1644408e-02  -1.0655316e-01  -7.9135133e-02  -2.4110063e-01   1.4322915e-01  -1.2490812e-02  -1.4518081e-01  -5.8731927e-02   6.3498568e-02   6.1964892e-02  -1.3120340e-01   2.1571967e-01   1.8452521e-01   4.1856947e-02  -6.4207666e-02  -1.7941994e-01   6.1742275e-02  -2.6256984e-01   1.2059367e-01  -3.1522456e-01   6.9584686e-02  -1.2390072e-01   1.8357874e-01  -1.5827012e-01  -1.5854900e-01   9.3199090e-02  -7.7670074e-02  -7.7722822e-02   1.7762633e-01   3.6164939e-01   5.2325630e-02  -1.2675785e-01   1.8502156e-01  -8.2215133e-02  -7.4424899e-02  -2.0126609e-02  -8.9347437e-03  -9.2134646e-02   3.9958347e-01   1.3622186e-01   1.5935068e-01  -8.6358611e-02   8.7710006e-02  -2.0510165e-01  -6.4659868e-02   2.1938503e-02  -1.4728533e-02   6.9162323e-02   9.9425415e-02  -5.5665306e-02  -1.1371885e-01   2.0438404e-01  -2.3535847e-02  -6.0814714e-02  -2.8332830e-01  -2.2659268e-01   1.0239026e-01   1.1230762e-01  -5.5183783e-02   2.1260161e-01  -1.3407308e-01   1.6751650e-01  -2.0080837e-01   3.3224752e-01  -1.1958428e-01  -1.1188873e-01   3.1590478e-02   8.9927989e-02  -1.5582967e-01  -1.2134254e-01  -3.0574196e-01  -1.2366035e-01  -6.0451745e-02   8.6787462e-02   2.2288062e-01   2.3142667e-02   9.0580201e-02   2.3439520e-01   2.9838540e-01   3.9126599e-02  -1.8819402e-01   2.9202444e-02  -3.7221644e-02  -6.1559054e-02   1.5435741e-02  -1.3761974e-01  -9.1664955e-02   6.4511679e-02  -3.1756518e-02  -3.5411244e-02  -5.1652056e-02   7.9051225e-03   2.3496159e-01   8.4744727e-02  -1.2752436e-01   2.7975047e-01  -8.2354538e-02  -7.0861021e-03   6.5978687e-02   7.5429346e-02   2.4901048e-01  -3.9078955e-02   4.5925859e-02   1.1568057e-01  -1.2199129e-01  -2.3609817e-01  -1.0218995e-01
   1.4865625e-01  -2.8414763e-01  -3.9202830e-01   2.7122801e-01  -7.4050945e-02   1.3236853e-01   1.6976946e-02   5.8455891e-02  -1.9198520e-01  -5.4476635e-03   0.0000000e+00  -4.5160591e-01   4.4923595e-02   3.4895345e-01  -8.3381582e-02   4.3465669e-02  -5.1812641e-01   2.8273522e-01   1.1636208e-01  -2.1553568e-01   2.7917624e-01   3.5741887e-01   2.2226280e-01   2.9562713e-02  -1.3289640e-01   1.7589998e-01   1.6161603e-01   1.2006630e-01  -3.0632258e-01   2.7037899e-01  -5.0795181e-02   3.0510797e-03   4.4727258e-02  -2.0988006e-01   2.6481856e-01   3.8379810e-01   1.1093651e-01   1.0370344e-01  -7.3319018e-02  -4.4243021e-01   8.9596904e-02  -1.0873315e-01  -4.2730015e-01   1.6705163e-01   1.8432809e-01   3.2425774e-01   5.2067928e-01  -7.9271477e-02   3.4260608e-02  -5.8476959e-01   4.2013604e-01   1.2315753e-01  -1.8973600e-03  -2.1474002e-01   1.5241892e-02   2.7505591e-01   7.6722875e-02   3.1380770e-01   9.5872333e-02   1.9505920e-01   1.4224889e-01  -1.2415671e-01  -2.5779348e-01   2.4168349e-01  -1.4266361e-01   3.8152540e-01   1.5421064e-01  -2.2004487e-01   4.0871963e-01   8.1014236e-02  -4.7351449e-01   3.9371768e-01   2.7557310e-02  -2.3304979e-01  -2.3672464e-01  -1.2396702e-01   2.1536121e-01   2.1309540e-02  -2.5339859e-01   2.6760957e-02   3.2268150e-01   2.7500312e-02  -7.2682541e-02  -2.8730845e-02  -2.0455609e-01   2.8905833e-02  -9.1909385e-02   2.8181646e-02  -5.7227883e-02  -4.7309804e-02  -2.6254506e-01  -8.3425632e-02  -5.1333416e-01   2.5329342e-01   1.7760515e-01  -4.2732170e-01  -1.8111679e-01   2.2722881e-01  -2.0675193e-02   3.9215902e-01  -8.3696459e-02   2.6324996e-01   3.3919579e-01   1.4614335e-01   5.0576073e-01   1.1601161e-01  -2.7571963e-01   3.3107670e-01  -2.7445271e-02   2.5800152e-01   3.8023970e-02   4.0138822e-01   1.3581360e-01   9.1971323e-02   6.5694542e-02  -2.1722193e-01   6.3316560e-02   4.2770884e-02   1.5278430e-01   2.4952703e-01  -1.6137962e-02  -4.8519049e-01  -5.3106887e-01  -1.2594139e-01   1.2854168e-01   1.8374690e-01   2.7393508e-01  -1.3713274e-01   2.7901281e-01  -5.7387156e-02   8.8856847e-03   2.9299505e-01   2.9294216e-02   1.2401913e-01  -1.9686461e-01  -1.9776126e-02   2.8161120e-02   4.8047745e-02   2.8506235e-02   1.9365907e-03   3.0735801e-02   6.9504388e-02   4.1280355e-01  -1.3476399e-01   1.1875542e-01   2.7198464e-01  -4.5903862e-01   2.1610209e-01   7.6713835e-02  -2.3777922e-02  -4.6666423e-02   4.8529039e-02  -5.4759888e-03   1.6264650e-01  -4.6934282e-01  -2.8209904e-02   1.2931799e-02   2.0649355e-01  -2.9347274e-01   4.4331555e-01  -2.8638548e-01   3.4777204e-01   4.2209639e-01   4.4412708e-01  -5.5142115e-02  -2.6335833e-01   3.7148146e-01   1.0512326e-01   4.2395387e-02  -2.9443245e-01  -3.4100204e-01  -3.5398275e-02   2.1863129e-01   8.9299237e-02  -7.3527192e-03   1.7186382e-01   2.0435437e-01
  -2.0538417e-01   5.4751489e-01   6.5704481e-01  -1.5176957e-01  -7.7090535e-02   9.7880778e-03   5.2048146e-01   4.3524184e-02   2.4703341e-01   5.4130438e-02  -4.5160591e-01   0.0000000e+00  -2.1266333e-02  -4.2931431e-01   5.1643242e-01   4.8307784e-02   6.1067827e-01  -1.8430535e-01  -1.0769383e-01  -6.3747305e-04  -9.7866968e-02  -4.7563484e-01  -4.7495554e-02  -1.8786806e-01   2.7058178e-01  -8.9756895e-02  -2.2886140e-01   2.5879350e-02   3.0839144e-01  -2.7758340e-01   4.1488160e-01  -3.3254074e-02   2.6247235e-01   4.4649079e-01  -2.3299645e-02  -4.5752782e-01  -1.9357139e-01  -3.8785704e-01  -3.2783574e-02   5.5556335e-01  -2.9041296e-01   3.4536521e-01   6.3598004e-01  -4.1596602e-02  -2.4970951e-01  -2.4937439e-01  -5.2408941e-01   2.1670044e-01  -1.3232713e-01   4.9145873e-01  -5.5797024e-01   6.4214115e-02   2.1467937e-01   3.3679064e-01  -1.5517565e-02  -1.8077903e-01   2.3155569e-01  -7.7449765e-02  -2.3940158e-01   2.1195472e-01  -1.9303178e-02  -1.0613707e-01   2.8136348e-01  -2.5404991e-02   4.6862212e-02  -3.4422103e-01  -2.2871513e-01   7.3042373e-02  -5.4367942e-01   3.4545980e-01   5.0886349e-01  -5.0074119e-01  -1.9494815e-01   2.4949011e-01   2.0869176e-01   1.3791036e-01  -4.8618997e-01  -1.3358069e-01   1.9196082e-01  -5.5377196e-02  -1.1100448e-01   1.3562566e-02   2.1939044e-01   2.4033971e-01   3.8388185e-01   9.1103732e-02   1.2119796e-02  -5.7269174e-02   1.8193660e-01  -8.9742464e-02   1.8824139e-02   2.3123769e-01   7.1613658e-01   7.7358413e-02  -3.7388103e-01   2.8653069e-01   9.0761990e-02  -4.2624266e-01  -1.9897742e-01  -2.9951475e-01   3.6219720e-01  -1.7468283e-03  -1.7530987e-01   5.2212555e-02  -4.5274224e-01   4.0782103e-02   4.3731944e-01  -5.0967288e-01   1.8716204e-01  -1.7224439e-01   3.1117400e-01  -3.7691038e-01  -1.8737605e-02  -7.5878589e-02   7.0435868e-02   2.0104290e-01   2.2701623e-02  -8.0754484e-02  -2.9902726e-02  -2.4830867e-01  -1.1161289e-01   4.9762993e-01   5.1162078e-01   2.5921116e-01  -1.3853711e-01  -1.5878282e-01  -1.1713209e-01   2.6108846e-01  -2.9380560e-01   3.5651424e-01  -2.8080252e-01   1.0330742e-01   5.6825553e-02   2.2673651e-01   2.5826643e-01   1.6026045e-01   1.5117886e-01   3.5639353e-01   7.3088996e-03  -3.7336879e-01  -1.4579093e-01  -1.2875791e-01  -5.4210685e-01   2.4996081e-01   2.6016407e-01  -3.6687895e-02   7.3581359e-01  -3.1632898e-01   1.5585792e-02   1.9499210e-01   1.1328729e-01   1.9316527e-01   2.3186122e-01   1.4606716e-01   6.5419328e-01  -2.8664331e-01  -3.0313968e-02  -1.3679399e-01   4.0169135e-01  -2.9837184e-01   5.8593939e-03  -3.5468361e-01  -2.7216513e-01  -3.4198090e-01   5.0340852e-02   5.0324188e-01  -5.9544454e-02  -5.0617624e-02   1.8115369e-01   2.7172512e-01   4.5655769e-01  -3.6996849e-01  -3.0626134e-01   5.1823934e-02   2.6102237e-01   1.8548348e-01   2.2539144e-02
  -5.8530828e-02   1.5771967e-03  -4.6390764e-02  -1.2221754e-02   1.1764338e-01   3.3326760e-04  -2.7105665e-02  -1.1797940e-01   1.2463638e-01   1.2970324e-01   4.4923595e-02  -2.1266333e-02   0.0000000e+00  -9.7219880e-02  -1.4722081e-01   2.6285789e-01   3.3597119e-02   7.7668965e-02  -7.9727807e-02   2.0720753e-01  -8.5347422e-02   2.7677829e-02   2.3745891e-01  -1.8863871e-02  -1.8865415e-01   1.3795617e-01  -1.9579990e-02  -1.0201354e-02   2.4016019e-02   9.0534721e-02   5.5992655e-02   6.1378255e-02  -1.5029479e-02   5.5341042e-02  -5.1356147e-02   1.6630065e-01  -8.2657644e-02  -8.4085707e-02   1.2200663e-01  -6.2025779e-02   4.6291023e-01  -2.2154537e-03   9.4422592e-02   8.2047833e-03  -8.2807833e-03  -2.0652612e-01   5.4299049e-02  -1.6939309e-01  -5.7762340e-02   3.5116245e-02   2.3610276e-01  -4.7008996e-02   1.5509805e-01  -9.0271837e-02  -3.5961468e-03   2.9166219e-02   1.7402361e-02  -1.4514727e-01   1.6568756e-01  -4.9922576e-02   2.8130941e-02   1.9448662e-01   4.5446187e-02   9.7569232e-02  -5.1309804e-02  -7.7701980e-02  -6.6902902e-02  -4.7629286e-02   8.6893290e-02  -1.2016222e-01   4.1424195e-02  -5.2326951e-02   2.9290917e-01  -9.1586125e-02  -5.2986001e-02  -7.7021028e-02  -4.6476099e-02  -1.7898115e-01   2.2304872e-01   1.4164228e-01   6.6309767e-02   4.2061084e-01  -4.3745671e-02   1.5245134e-01  -1.4429579e-01  -2.0892872e-01  -7.4812178e-02  -3.9348851e-02   3.4578335e-02   4.4262513e-02   2.4004563e-02   5.4803895e-03   1.0896400e-01  -1.2420113e-02  -5.5504309e-02  -7.5408357e-02   2.8128231e-01   1.8108209e-01  -1.0665546e-03   1.0482982e-01  -9.5889347e-02  -1.5624696e-01   8.7674822e-02   5.0534218e-02  -7.4260923e-02  -8.0588119e-02   3.4419267e-02   1.1463376e-01   3.9155664e-02   1.7372480e-01  -1.3425918e-01  -3.6232979e-02  -1.3911641e-01  -1.2127807e-01   4.1833651e-02   8.2779383e-02   4.4881284e-02   5.8971520e-01  -9.1851770e-02  -1.3264177e-02  -2.0101442e-01   2.0901676e-02  -7.3605545e-03   5.4924138e-02  -9.9471339e-02   1.1697594e-02   1.5868064e-01  -7.1857467e-02  -1.5380907e-01  -8.0865297e-02   4.8384762e-01   3.0897942e-01  -2.0281416e-01   1.2046044e-01  -1.1352076e-01  -1.2146078e-01   3.2358840e-02   7.9751996e-03  -2.8664987e-01  -3.2236055e-02   7.2265696e-02   2.8834530e-01   1.1715209e-01   9.0998722e-04   1.1447169e-01   4.4876378e-02   9.5817933e-02   1.1304993e-01   1.3879519e-01   1.1428521e-01  -1.3648486e-01   2.2363268e-02  -9.3700697e-02   2.1495296e-01  -3.0843816e-02  -4.5492752e-02  -2.8031406e-01   4.1596181e-01  -4.4902450e-02  -3.9486468e-02   2.6436486e-02   8.3147631e-02   9.2388753e-02   9.5399076e-02  -6.2574407e-02   1.2123096e-01  -2.6920274e-01   1.9143579e-01  -1.3995363e-01   1.4932873e-01   1.0137992e-01  -1.5665349e-01  -1.0856715e-01  -7.1230174e-02   1.5943315e-02  -8.6999905e-02   7.3553419e-02
   3.9652767e-01  -3.6261171e-01  -4.2969456e-01   1.2902125e-01  -3.5358385e-01  -1.0314252e-01  -2.1044442e-01  -1.5838892e-02  -3.6056367e-01  -6.5725387e-02   3.4895345e-01  -4.2931431e-01  -9.7219880e-02   0.0000000e+00  -7.5399670e-02  -2.1985505e-01  -3.6013850e-01  -1.0728571e-02   1.6275596e-01  -3.9616933e-01   2.7163912e-01   3.9071211e-01   2.4306829e-01   2.9126451e-01  -5.8175189e-02   2.9045840e-02  -1.1562840e-01   3.3260096e-01  -2.5790547e-01   2.3147336e-01  -1.5294056e-01   6.2241324e-04  -3.0868757e-01  -2.5308703e-01   1.7663366e-01   1.0361709e-01   1.2794253e-01   2.6010499e-01  -1.0839995e-01  -4.7756466e-01   2.7442042e-02  -3.2065850e-01  -5.5845717e-01   3.8419470e-01   6.1178694e-02   2.2750205e-01   1.1269631e-01  -1.9467160e-01  -8.4081857e-02  -5.5316216e-01   3.4586365e-01  -1.9364755e-01  -2.7368856e-01  -1.1332112e-01   4.5838355e-01   1.1801161e-01   1.5506576e-01   1.5011812e-01   1.2863672e-01  -4.2420000e-02  -8.8777196e-02   2.5470197e-02  -3.9412319e-01   4.9684779e-02  -1.9246926e-01   6.7438741e-02  -5.5833476e-02  -2.1603122e-01   1.7245523e-01   1.8189602e-02  -5.4156165e-01   1.1946415e-01  -1.8188993e-02   1.5350470e-01  -1.1446881e-01   1.8901797e-02   1.6544763e-01   9.7515930e-02  -4.3676439e-01   3.5260141e-02   4.4219898e-01  -3.5546621e-01  -7.1774984e-02  -2.3676364e-01   2.2583794e-02   1.4725283e-02   6.8344505e-02   3.2978955e-01  -2.7350034e-01   2.4644125e-01  -3.7393238e-01  -1.8175185e-01  -4.7834123e-01  -1.2752491e-01   2.1710452e-01  -4.6655683e-01  -1.1482863e-01   1.9835518e-02  -1.6732554e-01   2.7697328e-01   6.5661344e-02   2.5137243e-01   4.0731998e-01  -1.2054348e-01   3.4629437e-01   6.4987365e-02  -2.7860293e-01   1.3934057e-01  -8.9441247e-02   9.9472030e-02   9.5917215e-02   2.9889923e-01  -7.3879175e-02   2.4776761e-01   4.0078311e-01  -4.4173194e-01  -1.5128596e-02  -2.7693904e-01   3.6019314e-01   7.1822497e-02   9.4994898e-02  -5.7353751e-01  -4.5125922e-01  -2.4863370e-01   1.3780199e-01   4.8228209e-01   1.8180644e-01  -1.7103093e-01   1.2218636e-01  -2.1956385e-02  -1.2903415e-01  -1.8085312e-01   2.7906758e-01  -8.0357537e-02  -3.2063156e-01   7.1661981e-02   3.0931682e-02   1.8532199e-01   1.5202592e-01   2.6997485e-01   2.8261710e-01  -2.1768389e-01   1.8438217e-01   8.7458266e-02   2.3298128e-01   3.1095624e-01  -3.9239177e-01   5.6784823e-03  -3.4872584e-02  -8.8855862e-02   2.5362518e-01   8.5134287e-02   3.7037153e-02  -2.4895924e-01  -4.7666325e-01   2.5260306e-01   1.4213702e-01   4.8076921e-02  -3.3852738e-01   4.5782405e-01  -2.0014269e-01   5.0002972e-02   1.4285808e-01   1.9204344e-01   7.1709109e-03  -5.0147529e-01   6.9798256e-02   1.3937567e-01   1.1298501e-02  -3.9339050e-01  -4.0249645e-01   1.3812659e-01  -9.5175046e-02   7.0648421e-02  -3.1105488e-02  -3.8225357e-02  -2.4982682e-02
