   0.0000000e+00  -1.3236738e-01  -8.4406374e-02  -1.4039349e-01  -4.3404799e-02   1.0960739e-01  -7.5405482e-02   6.5553295e-02  -2.8474935e-02  -1.0833737e-01   1.9382065e-01   3.3064162e-02  -4.0365255e-02   1.6947218e-01   3.7956225e-01   1.5603474e-01  -1.5542526e-02  -1.8729931e-01   2.0706495e-02  -9.4719479e-02  -1.6196072e-01   9.0360646e-02   1.5540885e-02   3.8334941e-01  -1.5922612e-01   1.8050762e-01  -1.4475760e-01   1.9379049e-01   1.3574893e-01  -2.5710982e-02  -3.0062652e-01   1.4836087e-01  -2.8574174e-02  -1.0081098e-01   3.3927467e-01   3.8859250e-02  -1.8819549e-01   3.1665752e-01   7.2638984e-03  -2.8908528e-01  -1.7993472e-01   7.0667997e-02   3.5691532e-02   4.0166455e-02  -1.5171300e-01   3.1307267e-01   1.6854080e-01  -3.2763475e-01  -3.3265413e-01  -1.0615969e-01   2.0048204e-01   1.4921158e-01  -2.6657087e-01   7.5105301e-02   6.0506078e-02   2.0096752e-01   1.0111874e-01   1.7156195e-01   1.9184378e-01   3.2887278e-01   2.8462763e-01   6.7923458e-02   1.8675120e-02   1.3749939e-01  -2.8042804e-01   3.6813946e-02  -9.0647004e-02  -2.4818571e-01   1.3776091e-01  -4.6684040e-03  -2.7536054e-01  -6.7706839e-02  -1.3563082e-01   4.5072965e-01  -1.9004476e-01  -1.0991304e-01   4.8209441e-01  -3.4293640e-02  -2.7865302e-01  -1.3879128e-01   2.5397813e-01   1.5758401e-01  -9.8180317e-02   3.8194783e-01   3.5759287e-01   1.9799106e-01  -8.6528412e-02   2.2911500e-01  -2.5372480e-02   7.6661475e-01  -2.3397061e-01   2.3885481e-01  -8.3650614e-02   2.1179034e-01   3.2631942e-01   3.1179782e-02  -1.6960771e-02  -9.9282092e-02  -1.8878271e-01  -1.2275986e-01   1.0861090e-01   2.2803449e-01  -1.5786492e-01  -7.5695744e-02   2.6971572e-01  -1.1173786e-02  -1.7119692e-01   1.3028984e-01  -1.2083998e-01   2.0527141e-02  -6.9751644e-02   2.9676627e-01  -1.1565761e-01   6.3424418e-01   1.9336326e-01  -2.8953913e-01   1.4658067e-01   6.0196524e-02   5.5301657e-02  -6.7895073e-02   4.6121878e-01  -1.2530114e-01  -1.0721576e-01  -1.9668093e-01   6.5020058e-01   4.8192801e-01   1.9378520e-01  -2.3576129e-01  -1.1932331e-01  -1.3373498e-01   2.2126435e-01  -2.6094056e-01   3.2871701e-01  -3.6204021e-01   1.7459062e-01   6.7091919e-02  -2.1506397e-01   2.9983088e-01   2.4756976e-01   5.9201673e-01   7.6288019e-01  -7.7177549e-02   2.0740075e-01   9.8772541e-02   1.5869829e-01  -2.6000762e-01  -2.4908781e-01  -1.0349362e-01   1.3168145e-01  -3.1901409e-01   4.9593576e-01   3.4279168e-02   1.3704877e-01   1.2833197e-02  -1.2485508e-01   3.8796290e-01   5.8277723e-01  -6.6851830e-03   4.5945923e-01   1.0696165e-01  -6.7597945e-02   1.7927154e-01  -1.5231715e-02   1.2545469e-01   2.0656487e-01  -1.3493090e-01   7.0376293e-02   2.1349810e-01   3.6187307e-01  -2.5257736e-01  -1.6605662e-01   1.4862066e-01  -8.1556823e-02   1.7028006e-01   3.3509295e-02  -2.1038472e-01   1.7422109e-01
  -1.3236738e-01   0.0000000e+00   4.3335042e-01  -9.5693015e-02   1.3514853e-01  -2.4697691e-02  -3.1332109e-01  -1.6129871e-01   4.9799058e-01  -1.3168289e-01  -4.0040925e-01   6.1549440e-01  -1.2465445e-01  -3.4042290e-01  -3.6308309e-02  -3.1818664e-01   5.2433065e-01  -2.3765122e-01   8.8920489e-02   2.3490189e-01  -5.1303415e-01  -3.7080576e-01  -5.7833232e-01   5.7711048e-02   1.2596239e-01  -2.0862882e-01  -1.7862894e-01  -3.6213839e-01  -1.3641912e-01  -5.1308550e-02   2.1400132e-01  -1.8783714e-01  -1.3352922e-01   1.7983393e-02  -5.9115426e-02  -1.2111507e-01   1.6332002e-01  -1.5659842e-02  -1.8582467e-01   2.3027688e-01   6.1663606e-03  -1.9664913e-01   3.6560101e-01  -1.4502327e-01  -2.1318441e-01   2.1348100e-01  -4.8145289e-01   4.0732974e-02  -2.4922707e-01   3.5165772e-01  -4.7428515e-01  -1.7095159e-01   5.4417812e-01  -2.9809426e-02  -1.9830417e-01  -4.3226107e-01  -5.1893243e-02  -2.6765172e-01  -3.5156971e-01  -1.3357966e-01   5.8434602e-02  -2.0979915e-01   5.2478307e-01   2.2706730e-01   3.3529258e-01  -3.8048815e-01   1.1119267e-01   2.5776075e-01  -4.5709991e-01   5.9982020e-02   4.1719868e-01  -2.6729870e-01   9.2537775e-02  -1.2165338e-01  -5.2626324e-02   9.0525065e-02   3.4607910e-02  -1.5211115e-01   3.6164425e-01  -1.1776665e-01  -5.4078024e-01  -2.1840136e-01   4.3923334e-03  -2.5091909e-01   2.6760279e-01   7.9724173e-02   3.4456405e-01  -3.2794196e-01   2.4269794e-01  -1.1306759e-01   5.2384617e-01   7.7623466e-02   2.4267952e-02   1.2978226e-01  -2.1345460e-02   1.1293118e-01  -2.0092907e-01  -1.2490213e-01  -6.1789249e-02  -2.7506637e-01  -2.4521334e-01  -4.4431823e-01  -4.8430543e-01   1.5230072e-01  -1.8807983e-01  -1.6033209e-01   1.3734015e-01  -1.9837504e-01  -2.0818241e-01   1.4037456e-01  -9.9513256e-02  -4.5096948e-01  -2.2435975e-01  -1.9433393e-01  -2.2602774e-01   4.3798184e-01  -2.2986286e-01  -8.3652897e-02  -1.6102492e-01  -3.0178071e-01  -2.9003346e-01   2.7741406e-01   4.6939623e-01   2.8607894e-01  -2.0402633e-01  -3.3411210e-01  -1.4916149e-01   1.2642912e-01  -1.4370110e-01   2.8481719e-01  -4.9634886e-02   3.4160185e-02   2.8055556e-02  -1.1855753e-02   7.1346780e-02  -9.2936545e-02  -2.5553909e-02  -3.3915757e-01  -2.0241316e-01  -2.1924754e-01  -4.3594777e-02   6.0577625e-02  -2.3308631e-01   1.3479348e-01  -2.6530251e-01  -1.5493573e-01   2.4217851e-01   1.8762961e-01  -2.0041960e-01  -8.3258938e-02  -1.3663805e-01  -4.7963586e-01  -1.7011926e-01   7.4107411e-02   6.7692247e-01   1.7342674e-01  -1.4478886e-01  -1.7530322e-01  -1.3126159e-01  -4.5445244e-01  -5.9771807e-02  -1.4095971e-01   1.2822104e-01  -3.8408660e-01  -8.4536839e-02   2.1417820e-01   8.7493738e-02  -3.1395623e-01  -2.9715380e-01   4.0306431e-01   4.1338293e-01   2.3810813e-01  -3.1890459e-01   2.2497319e-01  -2.0767930e-01   1.2610389e-01   1.7117872e-02
  -8.4406374e-02   4.3335042e-01   0.0000000e+00  -1.0398575e-01   4.7130315e-01   2.4029663e-01  -3.5575023e-01  -2.7589067e-01   9.3404955e-02   2.5007502e-01  -3.2999839e-01   6.8619795e-01   7.2374632e-02  -3.8930530e-01  -2.3824757e-01  -5.0520884e-02   8.4679405e-01  -2.1581111e-01   1.6254588e-01   4.3793298e-01  -5.2343146e-01  -4.1824466e-01  -4.1088750e-01   7.6682874e-02  -5.0778312e-02  -3.8061317e-01   1.1277367e-01  -1.1730254e-01  -9.0452812e-02  -5.5418661e-01  -3.0253323e-02  -3.1718576e-01   2.5493305e-02   8.9959154e-02  -2.9631698e-01   3.2083320e-01   7.8843956e-02   1.1553254e-01  -1.5229101e-01   6.0991432e-01   2.6031186e-01   3.0064668e-01   7.1735793e-01  -3.3995063e-01  -3.0583294e-01   6.1559933e-01  -1.7388956e-01  -3.4272915e-01  -4.3125604e-01   7.2004138e-01  -2.9337350e-01  -3.0816888e-02   8.3998327e-02   2.7320620e-01  -3.6353685e-01  -3.0955880e-01   9.8807312e-02  -3.3615440e-01  -2.9976922e-01  -2.5724444e-01   4.7464109e-01  -3.1701545e-01   3.9310129e-01  -1.3936679e-01  -2.4944849e-01  -2.3368342e-01   2.0395643e-01   2.9794761e-02  -3.6305115e-01   4.7644933e-01   3.2460068e-01  -2.5289316e-01  -2.9236884e-02   7.6589531e-02  -8.7342245e-02  -6.7826908e-02   2.5690922e-01   2.7924770e-02   2.4040291e-02  -1.6717802e-02  -3.4138291e-01  -2.6764573e-02   9.3299097e-02  -3.3123776e-01   3.5259061e-01  -2.2173165e-01  -2.9830711e-01  -2.9777497e-01   1.0690218e-01   6.7697296e-02   1.6891794e-01   6.2161885e-01   3.5884590e-01   1.0057410e-02  -6.6116533e-02   5.7531130e-01  -2.1557631e-01  -7.2367005e-02  -1.0691029e-01  -2.8706722e-01  -1.6200311e-01  -3.9435290e-01  -3.8169423e-01  -1.7107446e-01  -3.8841884e-01  -3.4555041e-01   4.7146772e-01  -1.7033317e-01  -3.7701108e-02   3.1682237e-01   1.7863629e-01  -4.8525136e-01  -1.9604007e-01  -1.7562443e-01   9.7812137e-02   1.2548441e-02  -1.6162746e-01  -3.7140240e-02   2.8271829e-01  -3.9404002e-01  -2.4482500e-01   3.3920176e-01   3.6182911e-01  -2.2635484e-01  -8.8440326e-02  -2.8690212e-01  -3.4852093e-01   1.8533732e-01  -2.8754496e-01   5.6961944e-01   1.6930572e-01  -1.6138883e-01   2.1556078e-02  -9.2021100e-02   1.4035559e-01  -2.6436126e-01   3.0759127e-01  -4.1622857e-01  -1.2968403e-01  -2.5800562e-01  -1.3314574e-01   2.2684257e-01  -3.8711146e-01   5.5953963e-01  -3.3069207e-01  -4.5173406e-01   4.3875350e-01   2.6473130e-01   1.5897399e-01  -2.9824643e-01   1.5306620e-01  -5.2775820e-01  -3.8375421e-02  -1.7560976e-01   8.2271038e-01   1.2851676e-01  -2.8526000e-01  -1.2564814e-01   2.4990175e-01  -1.4438642e-01  -1.1691094e-01  -2.3709513e-01   3.0891134e-01  -4.1258468e-01  -1.9132560e-01   4.3001072e-02  -1.6401207e-02  -1.3296705e-01  -1.5703857e-01   2.6167140e-01   3.7063717e-01   1.5761627e-01  -2.9689043e-01   4.0895400e-01  -3.0611017e-01   2.8682932e-01  -1.3534130e-01
  -1.4039349e-01  -9.5693015e-02  -1.0398575e-01   0.0000000e+00   5.1715631e-02   1.6855781e-01  -2.5510695e-01  -1.4679298e-02   1.2600218e-01  -2.9817700e-01   3.1076619e-01  -1.0981823e-01   9.9316431e-02   1.1676645e-01  -2.4948369e-02   2.7247252e-01  -1.9553193e-01   3.8295668e-01  -1.7119499e-01   1.8277028e-01   8.2671868e-02   4.1529373e-01  -1.4117712e-01  -7.3878830e-02  -1.1604624e-01   2.9169352e-01   3.9406862e-01   9.1323597e-02   2.0555300e-01   3.2959094e-01  -1.5176071e-01   2.0964348e-01   4.7961824e-01  -3.4311280e-01   8.7568475e-02  -1.7035695e-01  -4.9308410e-01  -9.9690125e-02   3.2943783e-01  -2.5961389e-03  -2.3464261e-01   3.3682040e-01  -2.0691901e-01   2.6959181e-01   3.5444843e-01  -2.0674563e-01   2.7245291e-01  -2.5465015e-01   5.6940529e-02   1.6179516e-02   4.3370316e-01   5.3712193e-02  -2.2124203e-01   1.5862357e-01   1.1050767e-01   1.9929337e-01   1.4209660e-02   3.9432173e-01   3.3138299e-01   4.4298480e-01   9.7102646e-02   1.7213894e-01  -3.3841732e-01   2.0939390e-02  -1.0980058e-02   4.3581803e-02   2.3130833e-01   2.9944198e-01   3.9807891e-01  -1.7332630e-02  -4.2457000e-01   6.8057753e-01  -1.4275894e-01   6.3248801e-02   3.3321669e-01   2.2874128e-01   6.8707069e-03   9.0013608e-02  -2.4076893e-01   6.5255568e-01  -1.4930820e-01  -1.1731090e-01  -1.4561978e-01   1.4874408e-01  -3.7151535e-01   1.5581098e-01   1.4619163e-01   2.1660552e-01   5.1457270e-02  -2.1025773e-01   2.0378370e-01   9.4788937e-02  -3.4535743e-01   2.6191698e-01  -9.3746798e-03   5.4904829e-02   5.0937893e-01  -1.9962568e-01   4.6712734e-01  -1.4514045e-01  -2.7485283e-01   1.1759794e-01   5.7828830e-02   4.0064147e-01   3.0282010e-01   3.0902555e-01   3.2297679e-01   2.8767449e-01  -1.9794403e-01  -9.0279115e-02  -2.6424056e-01   3.1391024e-01   6.1486640e-01  -8.8608703e-02  -2.3491624e-01   3.9817903e-02   1.9052470e-01  -2.1930278e-01  -1.5341433e-01   7.4579661e-01   2.7560757e-01   2.1359876e-01   5.4500283e-02  -5.1071893e-02  -6.2874113e-02   2.5777876e-01   1.6990242e-01   4.4064524e-01   5.4701644e-01  -1.4596557e-01  -3.7195063e-02   5.3512326e-02   3.1072863e-01  -2.6064963e-01   5.2244497e-01   8.4055434e-02   4.5761050e-01  -6.1073459e-02   9.9257248e-02   2.3479494e-01  -1.4584362e-02   2.5227145e-01   3.2611327e-01  -6.8724683e-02  -7.4477221e-02   1.3904938e-01  -3.9338707e-01  -3.6621707e-01   3.5474144e-04  -2.6306543e-01  -2.5126300e-01  -1.2933536e-01   5.3959875e-01   1.0210706e-01  -1.4323990e-01   9.5796560e-02   1.7367085e-01   3.3730660e-01   1.0826345e-01   1.8808494e-02   5.7424237e-01   8.3489549e-02  -3.4386085e-01   5.5435881e-01   4.2912980e-01  -1.5029198e-03   1.4171546e-01   1.7825861e-01   3.8189302e-01  -2.1336232e-01  -3.8353595e-02   1.4930018e-02   6.0695021e-01   1.8209927e-02   3.8753766e-01   4.9617918e-01   2.8521568e-01
  -4.3404799e-02   1.3514853e-01   4.7130315e-01   5.1715631e-02   0.0000000e+00  -7.3794449e-02  -2.9144252e-01  -2.0277648e-01  -8.5837148e-03   2.8029517e-01  -2.3729026e-01   2.4034582e-01   4.5998792e-01  -1.8608919e-02  -4.2444202e-01  -1.5028086e-02   5.2741117e-01  -1.0707973e-01  -1.8040638e-02   7.5732816e-01  -2.0182825e-01  -1.7466936e-02  -9.6480339e-02   1.7460639e-01  -1.5905372e-01  -2.6622933e-01   3.0043509e-01  -1.8012545e-01   4.6178317e-02  -4.6747656e-01  -2.7464760e-01  -7.0402606e-03  -1.2047802e-01  -5.0404795e-02  -4.2277991e-01   4.9612375e-01   5.8669216e-02   2.5748052e-01   1.7832572e-02   6.1961760e-01   4.8760911e-01   1.8829971e-01   4.3473358e-01  -3.6029493e-01  -2.1049357e-01   2.8803284e-01  -7.2631810e-02  -3.7721281e-01  -1.6180617e-01   5.7302661e-01  -5.5886678e-02  -1.2010506e-01  -7.3335148e-02   2.0660650e-01  -1.8863929e-01  -3.1395430e-01  -2.6626735e-01   1.3140888e-02  -2.0951114e-01  -9.5353452e-02   3.2096565e-01  -2.4065127e-01   2.5656110e-01  -2.9151449e-01  -2.8959266e-01  -1.0734771e-01   1.2534516e-01   8.2634155e-02  -1.7021447e-01   1.0107519e-02   8.6243022e-02  -1.0439346e-01   3.0215986e-02  -2.9897889e-01  -7.3698834e-02  -8.3255313e-02   2.9840827e-01   3.1958099e-02   5.7413532e-02   1.5905524e-01  -2.2141369e-01  -6.6464514e-02  -8.4085432e-02  -2.0116005e-01  -8.0916246e-02  -2.1219601e-01  -3.9762525e-01  -9.3354890e-02   1.3578757e-01   4.4083761e-02   4.2227549e-01   4.0675116e-01   2.9422307e-01  -1.8507665e-02   2.4951925e-01   8.3108459e-01  -5.1181435e-02  -5.9209869e-02   1.2147871e-01  -1.7563171e-01  -3.6649620e-01  -4.2997210e-01  -8.4919450e-02   9.9471530e-02  -1.3807348e-02  -2.0286666e-02   1.7760830e-01  -6.7901245e-02  -2.3342421e-02   2.3100051e-01  -1.2313694e-01  -3.4265973e-01  -4.9811528e-02  -1.7153430e-01  -2.3981684e-01   7.6511785e-02  -1.4921378e-01   1.3331230e-01  -2.2539808e-01  -7.9996180e-02  -8.7072231e-02   6.3649178e-01   1.8008312e-01  -3.0408664e-01  -2.1581640e-01  -1.9646157e-01  -3.2979178e-01   3.5612599e-01   1.5570214e-01   1.4925668e-01   3.2144628e-01  -1.0227638e-01  -2.2920342e-01  -3.0302311e-01   1.5282594e-01  -1.9042309e-01   3.7662533e-01  -4.1221970e-01  -1.9128654e-01  -7.4627644e-02  -3.0714082e-02   3.8820405e-01  -2.5752521e-01  -1.2182533e-01  -4.1988020e-01  -3.2974416e-01   1.7956047e-01   4.7826976e-01  -5.3176437e-02  -3.0496283e-01  -2.7002168e-01  -2.9262880e-01  -6.6727810e-02  -1.0672602e-01   4.3836826e-01   2.0102451e-01  -8.2526458e-02   2.4631797e-02   1.9756161e-01   2.6549742e-02   8.1370478e-03  -9.9537301e-02   3.5038284e-01  -2.0185561e-01   5.9582894e-02  -1.3241217e-01  -9.3075833e-02  -3.2472894e-01  -2.0981955e-01   2.0067202e-01   2.2966010e-01   2.5573768e-01  -4.6132568e-02  -8.7515229e-02  -7.6373157e-02   2.9107281e-01   8.0048346e-02
   1.0960739e-01  -2.4697691e-02   2.4029663e-01   1.6855781e-01  -7.3794449e-02   0.0000000e+00  -1.9343694e-01  -2.9387744e-02  -1.1572689e-01   5.5605596e-02   4.4948541e-01   3.6684978e-01  -2.0466778e-01  -1.8491620e-01   1.0535890e-01   2.1328411e-02   1.2700945e-01   1.4464051e-01  -3.8905314e-02   2.5094409e-02   1.3731269e-01  -1.1856179e-02   9.1706707e-02  -1.0276441e-01   1.4009118e-02   6.2830923e-02   1.2732135e-01   1.9275540e-02  -1.4136389e-01   1.0240817e-01  -2.6346117e-01   1.1716155e-01   3.0850854e-02  -8.5615198e-03   8.3381855e-02   3.3707980e-01  -1.0771549e-01   6.5539365e-03  -1.5319333e-01  -5.7853540e-02  -1.1534708e-01   1.7962553e-01   1.0162672e-01   8.9144821e-02  -2.5462873e-01   2.7954327e-01   3.5391684e-01  -2.9582711e-01   3.9230862e-02  -1.0113226e-01   1.0093532e-01  -1.4617612e-01  -1.5571199e-01   9.7460749e-02  -2.2820564e-01   9.8820237e-02   2.8056759e-01   4.1548091e-02   2.3943417e-01   1.3932976e-01   2.9263943e-01   3.8722445e-03  -1.2928421e-01  -9.1157322e-02  -2.3799723e-01   3.5706806e-01   6.9644702e-01  -2.9090227e-01   3.1280591e-01   3.0709894e-01  -3.1684613e-01   4.6823479e-02  -3.3527085e-01   5.1727937e-01  -5.6244394e-02  -4.5803976e-02   1.2040000e-01  -1.2070429e-01  -7.3790377e-02  -1.3728900e-01  -1.5905270e-01  -1.1578144e-01   3.0263129e-01   3.6044654e-02   3.6142694e-01   7.1612960e-02  -9.8525652e-02  -1.7215116e-01   1.3366472e-02   1.4029167e-01   8.0301649e-04   1.9675809e-01   9.0635205e-02   7.9874321e-02   8.0161936e-02   1.7165584e-02  -1.4629428e-01  -7.0970022e-02  -1.1980681e-01  -3.2942381e-01  -9.9462894e-02   1.5668458e-01  -7.1721302e-02  -1.1420273e-01   1.5343633e-01  -6.3093011e-02   9.2546968e-02   9.6859566e-02  -1.9906107e-01   3.8893170e-01   3.2192764e-01   3.1638164e-01  -1.0320071e-01   2.4745032e-01   9.5107468e-02  -5.0759746e-02  -1.3136825e-03  -2.7347170e-01   3.9561023e-01   1.1671779e-01   6.8314038e-02   7.8332122e-02   5.3457299e-02  -2.2143130e-01   2.6671654e-01   1.6609329e-01  -3.7505938e-02  -1.1419317e-01  -1.0445455e-02   1.2933079e-01  -8.8717422e-02   2.1003412e-03   4.6905704e-01   1.6163103e-01   4.2659402e-02  -9.5993671e-02  -5.5599417e-02  -1.2179763e-01   9.7230611e-02   1.1694612e-01   8.5048679e-02  -6.7472311e-02   1.2030565e-01   4.5523595e-01  -4.1353657e-02  -1.6756449e-01  -8.3256907e-02  -1.9807332e-02   6.0185034e-01  -1.9874740e-01   2.1018783e-01  -1.9330265e-01   9.9894800e-02   8.0247796e-03   1.4803135e-01  -7.1734095e-02   1.3500702e-01   1.8579753e-02   1.9930313e-01  -1.5740149e-01  -1.1667553e-01  -6.6757733e-02  -1.2491703e-01   3.0703777e-01   3.5976038e-02   8.4588341e-02   3.9435552e-01   2.7498205e-01   1.4715909e-01  -2.2303552e-02   5.4641711e-02  -1.4162735e-01   8.5379204e-03   5.7409150e-01  -8.5827313e-03  -4.7080926e-03  -3.5919509e-02
  -7.5405482e-02  -3.1332109e-01  -3.5575023e-01  -2.5510695e-01  -2.9144252e-01  -1.9343694e-01   0.0000000e+00   7.3954921e-02  -1.5295544e-01   3.4542621e-01  -7.4059337e-02  -3.3128242e-01  -8.4371838e-02   4.7003967e-02   2.5509893e-01  -5.9167551e-02  -4.2044707e-01   5.4380447e-02  -2.3185106e-01  -2.7625616e-01   1.7474035e-01  -6.4602402e-02   5.8294528e-01  -3.4915189e-01   8.5079017e-03  -1.8922101e-01  -5.2313036e-02   8.4938511e-02   8.6626815e-02   3.9723414e-02   1.8598016e-01  -1.4101319e-01  -7.1877273e-02   6.1432916e-01   1.8818463e-01  -8.0878585e-02   3.1751618e-01  -4.9766437e-02  -1.3419691e-01  -4.4305200e-02  -1.7339586e-01  -1.6819250e-01  -1.3372268e-01  -4.3336244e-02   3.7767164e-01  -3.4904180e-01   7.3705509e-03   6.4398761e-01   1.3729321e-01  -3.4840949e-01   1.8908720e-01   1.1529446e-02   5.2547234e-02  -1.4415987e-01  -2.7861286e-02   2.0842220e-01  -9.8011200e-02  -1.2930079e-01  -1.3502663e-01  -1.1292730e-01  -3.2916062e-01   1.1932394e-01  -2.3976021e-01  -7.2337162e-03   1.9800208e-02   2.4272317e-01  -2.4358578e-01  -3.0714435e-01  -1.4304579e-01   7.6017234e-02   3.0227514e-01  -5.0519197e-02  -1.8562085e-01  -1.1667143e-01  -9.5436981e-02  -2.6292009e-01  -2.9192292e-01   2.3185970e-02   2.5522808e-01  -3.6881465e-01   5.7489509e-01   2.6237714e-02   1.2413498e-01  -6.4856428e-02  -1.6487959e-01  -2.2145533e-01   4.2769014e-02  -1.0279579e-01  -2.0557641e-01  -1.6162795e-01  -5.8010429e-01  -3.9101597e-01   3.6195618e-01  -1.4386693e-01  -1.2684091e-01  -4.3274781e-01  -6.8212568e-02   2.5407613e-02  -2.1964684e-01   7.7574958e-01   2.6205225e-01   4.2516384e-01   3.0810956e-01  -2.4178600e-01  -6.5601252e-02  -1.7524202e-01  -3.2795732e-01  -1.1215155e-01   4.0483824e-01  -1.4288572e-01   4.1635628e-01   1.1429144e-01  -6.0692516e-02   6.0122130e-02   3.0508634e-01  -1.6769799e-01   1.2306558e-02   7.1904305e-02   1.7364767e-01  -1.9212805e-01  -1.6941521e-01  -5.2498249e-01  -3.0704987e-01   2.2806168e-03  -1.2740700e-01   3.1923702e-02   1.4768813e-01  -2.8335108e-01  -1.2083725e-01  -1.1139489e-02  -2.0089005e-01   4.3164727e-01  -1.6924417e-01   3.6014311e-01  -2.4887648e-01  -5.1189256e-02  -2.8413112e-01   4.4492192e-01  -1.7510543e-01  -7.7221001e-02  -1.0653269e-01  -2.8961441e-01  -2.5852827e-02  -4.2151126e-02   4.9825449e-01   1.1008063e-01   3.5220094e-01  -2.0253331e-02  -4.2510755e-02   5.8149419e-01   1.2800110e-01   4.7455760e-01  -1.5119411e-01  -2.0016176e-01  -2.5696384e-01  -3.4909210e-01  -8.4729722e-02  -1.8749853e-01  -2.5064655e-01   3.2825697e-01  -1.8276746e-01  -8.8765121e-02   1.0164071e-01  -6.3255452e-02  -2.3977749e-01   1.2709277e-01  -5.7040304e-02   6.6200078e-02  -1.3642814e-01  -7.0961355e-02  -1.2528130e-01  -1.8622964e-01  -1.4257147e-01  -2.8467433e-01  -1.3809554e-02  -3.4653196e-01  -2.8503556e-01
   6.5553295e-02  -1.6129871e-01  -2.7589067e-01  -1.4679298e-02  -2.0277648e-01  -2.9387744e-02   7.3954921e-02   0.0000000e+00   2.8657650e-02  -1.3399494e-01   3.3402406e-02  -2.8956891e-01  -9.1200832e-02   1.5902345e-01   3.5586509e-02   1.3336856e-01  -2.2503472e-01  -1.7158447e-01   2.4608546e-01  -1.9878515e-01   2.7416682e-02   3.3986484e-01   5.7867249e-02   6.5234410e-02  -1.5840983e-01   2.7518850e-01  -1.7594983e-03   4.5768846e-01   1.1600520e-01   2.0179310e-01   3.0209531e-02   6.1673108e-02  -1.0294035e-01  -3.7262791e-02   1.0896547e-01  -3.3571235e-02  -6.3086389e-02   8.9799676e-03   4.0341199e-02  -2.1894055e-01  -6.5053141e-02  -1.7901840e-01  -3.4363999e-01   4.1293947e-01  -5.0654840e-02  -1.1426133e-01   2.9321916e-02   3.6708816e-02  -1.4643938e-02  -1.4909844e-01  -3.6150447e-02   3.5991745e-01  -3.9495291e-02  -4.4407910e-02   3.6610967e-02   8.7498995e-02   8.1166933e-02   1.6802862e-01   5.7758208e-02   1.3266575e-01  -4.5096458e-02  -1.3945247e-02  -1.8247527e-01   3.1773928e-02  -3.9605877e-03   1.3533068e-01   8.1880162e-02   5.7805578e-02   1.7187010e-01  -6.4363183e-02  -5.6126149e-03   7.4259899e-02  -6.9482147e-02   9.0487192e-02   5.0097670e-02   7.4152868e-02   3.2348897e-03   2.6002875e-01  -8.6784507e-02   3.7105564e-02   3.0484624e-01   2.7029032e-02  -5.3025677e-03   5.5309694e-01  -1.6918819e-01   9.9250392e-02   1.3305936e-01   2.0161950e-01  -2.8538990e-01   8.4361337e-02  -8.9174406e-02  -1.5612254e-01  -1.6449066e-01   6.4168140e-02   5.2186475e-02  -1.9701979e-01   8.9844967e-02   2.0892592e-01  -9.6781830e-02  -8.4538463e-02   5.1639948e-02   1.7844368e-01   1.3439137e-01   9.4195876e-02   7.7622042e-03   2.8953913e-01  -1.9126617e-01   4.9675314e-01  -2.6415381e-01  -5.8773949e-02  -1.1272395e-01   1.6558642e-01   5.1943818e-02   1.7752802e-01   1.9864666e-01  -1.2534030e-01   1.9679990e-01   7.5353543e-02  -7.8624767e-02   1.4131974e-01   1.6137737e-01  -1.6090473e-01  -8.4106331e-02   1.8410506e-02   2.7522208e-02   1.8489596e-01  -4.2882930e-03  -5.2126375e-02   1.2587804e-01  -2.2356585e-02  -1.0066708e-01  -8.7289669e-02  -1.1687000e-01  -8.7012402e-02  -1.1069299e-02   2.7978911e-01  -1.8007978e-01   2.9079206e-01   3.6151211e-01   1.6386863e-01   1.3141496e-01  -1.0516221e-01   1.7716974e-01  -3.8766439e-02   2.0091665e-01   3.8345578e-01  -2.0688375e-01  -3.5176424e-02   8.3098503e-02  -4.2087426e-02  -3.9200334e-02   3.9051118e-01   5.2506887e-03   2.7680860e-01  -1.5438851e-01  -1.9853433e-02   1.0795795e-01  -1.0925018e-01   6.4769295e-02   2.4241140e-01   1.1895604e-01   3.7305333e-01  -1.4484118e-01   1.1105481e-01   2.1902429e-01  -1.8863249e-01   2.6490860e-02   4.3865743e-02  -3.3340595e-02  -1.3622090e-01  -1.9859526e-01  -1.2138077e-01   3.3773240e-03   3.8793025e-02   4.1963083e-02  -3.5299116e-02   2.0998008e-01
  -2.8474935e-02   4.9799058e-01   9.3404955e-02   1.2600218e-01  -8.5837148e-03  -1.1572689e-01  -1.5295544e-01   2.8657650e-02   0.0000000e+00  -1.8516586e-01  -1.0290428e-01   6.8454611e-02   4.2315449e-02   4.1031651e-02  -4.3817802e-02   2.4989705e-01   9.7469342e-02   3.7601538e-02  -1.0731778e-02  -5.9518289e-02  -1.2290274e-01  -2.2290984e-01  -3.7110967e-01   6.6474109e-03   6.2790545e-02   6.1873401e-02   1.2458533e-01  -3.8428050e-02  -2.9526640e-02   9.1685769e-02   2.7277770e-01  -2.5863269e-01   1.7620335e-01   7.8502642e-02   2.0082650e-01  -2.5512354e-01  -2.3803535e-02   7.0944875e-02   2.8372556e-01   4.8710680e-02   5.3853611e-02  -1.0730660e-01   1.8720536e-02   2.0500524e-01  -2.1173591e-02   1.0589485e-02  -3.7187731e-02   9.8203267e-02  -1.5943536e-01   1.0223641e-01  -3.0375435e-01   1.4848911e-01   3.7931935e-01  -1.5967063e-01   2.6552982e-02  -2.5269773e-01  -7.9619440e-02  -2.4772488e-01  -3.6481738e-02  -1.0701652e-02  -3.3797962e-02  -2.4713429e-02   1.9381125e-01   4.2587102e-01   3.2052395e-01  -1.3823806e-01  -6.1372449e-02   3.7132097e-01  -1.5972960e-01   4.4729392e-03   2.2190142e-01   1.4678820e-01   1.1156546e-01  -6.7562394e-02   4.2843951e-02   1.0138981e-03   2.8634761e-02  -5.8190460e-03   1.9534468e-01   1.9393924e-01  -2.5392764e-01  -4.1516433e-02   1.0475018e-01  -3.0343097e-02  -1.0812266e-01  -2.5296913e-02   3.7485124e-01  -7.0352595e-02   3.1940154e-02  -7.5674867e-02   3.8111841e-01  -1.0959007e-02  -1.1428792e-01   2.2416690e-01   5.6291642e-02  -4.8617702e-02   1.4393241e-01  -1.3419893e-01   1.9630766e-01  -2.0829582e-01  -8.1645502e-02  -1.4695028e-01  -2.1838203e-01   4.5169666e-02  -2.2982854e-01  -2.8320072e-01   1.2077783e-01   4.4076794e-02  -2.7316538e-01   1.5801828e-01  -9.7101137e-02  -2.4262523e-01   2.3574871e-01   4.1248360e-03  -1.3963791e-01   2.5975328e-01  -1.5536647e-01  -3.2697577e-02  -1.6863560e-01   5.4313454e-02  -8.2434153e-03   1.3531081e-01   4.0738133e-01   2.2797706e-01  -1.2167665e-01  -5.4859042e-02  -3.9519035e-02   1.8888837e-01  -1.2190156e-01   2.0177889e-01  -1.2330775e-02   2.5245045e-01  -6.1506833e-03  -4.9619491e-02   1.5952221e-01  -9.8411595e-03   2.4926237e-02   5.9179406e-02   1.2618862e-02  -3.7521286e-02   9.2212596e-02   1.9857446e-01  -6.4964664e-02  -3.6854199e-02  -2.1052159e-01   5.6597306e-02  -2.8831855e-02   1.6495252e-02  -4.6205135e-02   1.1957981e-02  -1.4248403e-01  -2.0558999e-01   1.0999221e-01   2.7134774e-01   2.9156750e-01   6.3082367e-02   1.6033100e-02   1.3112313e-01  -1.8594538e-02  -7.4866384e-02   2.4093953e-01  -2.1667698e-02   6.5110858e-02  -1.5626654e-01  -1.0070662e-01   1.5892969e-01   1.6508800e-01  -1.4333352e-01   1.0520120e-01   2.4193606e-01   1.7994046e-01   3.0811799e-02   8.0939768e-02   9.8639816e-02  -5.5191537e-02   5.3504203e-02  -1.4636346e-01
  -1.0833737e-01  -1.3168289e-01   2.5007502e-01  -2.9817700e-01   2.8029517e-01   5.5605596e-02   3.4542621e-01  -1.3399494e-01  -1.8516586e-01   0.0000000e+00  -1.6038368e-01   4.1122252e-02   1.9289408e-01  -6.4032648e-02  -2.8649434e-01  -1.0614896e-01   2.3550961e-01   7.0556983e-02  -1.3141286e-01   1.9115809e-01  -2.5800026e-02  -2.4719602e-01   3.4043077e-01   6.3972853e-02  -6.4006337e-02  -3.5840334e-01   2.0772810e-02  -9.5763680e-03  -1.7913353e-01  -4.4596132e-01  -7.4511913e-02  -2.0251022e-01  -3.2435555e-01   5.3150414e-01  -3.0617112e-01   3.5086859e-01   3.3755717e-01   1.4541485e-01  -2.2906984e-01   4.8384514e-01   2.7527685e-01   1.2615138e-01   4.3147420e-01  -3.7813507e-01  -1.1243166e-01   1.5884206e-01  -8.2468641e-02   1.7606945e-01  -9.3108589e-02   2.1857183e-01   8.8892051e-02  -1.2745938e-01  -3.1099932e-02   1.2097465e-02  -2.9373989e-01  -9.5397944e-02  -1.6958034e-02  -1.7750620e-01  -2.3185873e-01  -2.5226881e-01   1.8338350e-02  -3.3936559e-01  -2.7626064e-02  -3.0412912e-01  -3.8780954e-01   1.4622433e-01   2.9541403e-02  -4.1924217e-01  -3.3602653e-01   2.2118504e-01   4.3769218e-01  -2.4581238e-01  -1.2717096e-01  -2.3537768e-01  -3.7276492e-01  -2.3507143e-01   2.1611613e-02  -1.7321268e-01   4.5045872e-02  -3.2615066e-01   1.8878906e-01  -1.2138332e-02   2.0578939e-01  -2.4490520e-01   2.9148127e-02  -2.5677834e-01  -3.4814326e-01  -3.0794608e-01  -1.2148987e-01  -1.3924532e-02  -4.0914200e-01   7.7122278e-02   6.3745253e-01  -1.6893967e-01   3.8163636e-02   3.4497236e-01  -3.4359200e-01  -1.8103207e-02  -2.1853717e-01   3.7067263e-01   4.1284654e-02  -9.6855787e-02   6.2466681e-02  -3.4686463e-01  -2.4234002e-01  -3.2517542e-01   2.0953070e-02  -2.5759935e-01   2.2378898e-01   2.0695334e-01   4.7178876e-01  -2.4784241e-01  -1.9622088e-01  -3.0211532e-02   2.1823002e-01  -3.8469787e-01  -2.4602650e-01   1.5569599e-01   2.3512895e-01  -3.7182799e-01  -1.1526371e-01  -1.5948739e-01  -2.4327820e-01  -3.4536195e-01  -1.5919266e-01  -2.1311458e-01  -4.2848171e-01  -9.8460837e-02  -1.2355093e-01   2.9214989e-01   1.4101454e-03   5.0382877e-02  -2.7627597e-01   2.1896188e-01  -5.2987444e-02  -1.6706937e-01  -6.7226606e-02  -1.3375884e-02  -1.9837483e-01  -1.8966596e-01  -1.2694864e-02  -1.1617055e-01  -2.8829791e-01   1.0235628e-01  -1.2871375e-01  -3.9278565e-01   5.6841697e-01   5.4112331e-01   1.2558748e-01   2.8957468e-01   2.7521392e-02   1.0451183e-01  -1.7936825e-01  -2.4008843e-01   2.4723876e-01  -4.1426046e-02  -7.3683309e-02  -4.4540277e-02  -1.4655513e-02   1.0377925e-01  -3.9990634e-01  -1.6061277e-01   5.7314289e-01  -3.5062578e-01  -1.8738101e-01  -2.6943389e-01  -2.7302739e-01  -1.1811675e-01  -1.7218354e-01   1.1405775e-01  -1.6127382e-01   9.0216670e-02  -3.1474013e-01  -9.8619650e-02  -1.9393320e-01  -1.6052340e-01  -2.0734865e-01
   1.9382065e-01  -4.0040925e-01  -3.2999839e-01   3.1076619e-01  -2.3729026e-01   4.4948541e-01  -7.4059337e-02   3.3402406e-02  -1.0290428e-01  -1.6038368e-01   0.0000000e+00  -2.5804278e-01  -1.6054460e-01   5.5364830e-02   2.3685122e-01   1.6098335e-01  -3.8966391e-01   4.6574189e-01  -2.5334006e-01  -2.6337071e-01   6.2661760e-01   4.0751661e-01   3.7277974e-01  -1.1713700e-01   2.0041373e-02   3.3630666e-01   2.2288915e-01   1.0172624e-01   1.6611005e-01   5.1870623e-01  -2.2304540e-01   3.5416611e-01   1.8183566e-01  -3.2257566e-01   1.6672067e-01   1.6407407e-01  -1.9022266e-01  -4.3452094e-02   2.1222096e-01  -4.0161471e-01  -1.1530823e-01   9.4328728e-02  -3.8218859e-01   3.9686331e-01   6.2148255e-02   2.9606506e-02   7.5620217e-01  -2.1554319e-01   2.0747575e-01  -3.7680065e-01   5.6452050e-01  -1.6807409e-01  -3.7759359e-01  -1.5295744e-01   8.3101596e-02   4.8127910e-01  -6.9357320e-02   4.2159273e-01   5.8016015e-01   3.4280710e-01   1.0530934e-01   3.1541354e-01  -3.3756656e-01   1.0286368e-01  -5.5897532e-02   5.4726491e-01   3.1844144e-01  -1.3638310e-01   7.7932107e-01   1.9126954e-01  -5.4045371e-01   4.0092344e-01  -1.2812066e-01   2.5929858e-01   1.7623430e-02   4.9622821e-02   7.1151147e-02  -1.0716683e-01  -2.8451433e-01   1.4220914e-01   9.9184972e-02   8.2158466e-02   4.5036056e-02   2.2345550e-01  -1.0136511e-01   3.3385052e-01   6.7152974e-02   1.6242589e-01  -5.5286660e-02   8.6446227e-02  -2.6848037e-02  -3.9489682e-02  -4.3069926e-01   2.5672225e-01   6.9975114e-02  -2.2999635e-01   2.0623712e-01  -2.4575351e-01   1.6322385e-01  -1.8146475e-01   5.5753815e-02   5.2935308e-01   1.7706735e-01   4.6926838e-02   6.4862693e-01   1.5447104e-01  -1.2439572e-01   2.3017560e-01  -1.2346234e-01   6.7373555e-02  -1.1211170e-01   6.4928629e-01   2.2118503e-01   1.7158068e-01  -4.9843205e-03  -1.9549462e-01   2.8505335e-01  -1.2687876e-01   1.1021699e-01   5.0360935e-01   3.8987275e-01  -2.9995365e-02  -1.0988424e-01  -1.4638661e-01   3.0097646e-01   3.1211802e-01   3.2054618e-01  -1.3182288e-01   3.0279589e-01  -7.2891119e-02  -9.8370081e-02   5.0283874e-02   2.2514777e-01   3.4662716e-02   1.1100643e-01   5.8848347e-02  -1.8006278e-01   2.4990547e-01   1.7703677e-01   2.8783731e-01   1.6696205e-01  -8.1468008e-02   6.0261166e-01   2.2452795e-02   2.0723244e-01   2.3549327e-01  -5.6622175e-01  -3.1199589e-01   4.2553345e-01  -8.3406025e-02   2.3653980e-02   3.8371198e-02   2.2328846e-01   2.1727814e-01  -3.9010402e-01  -1.0592423e-01   3.7048120e-01   3.2181668e-01   1.5380194e-01   1.3018294e-03   2.1468639e-01   3.0619639e-01  -2.7825767e-01   7.7307803e-01   1.4301228e-01  -9.5178380e-02   4.6344122e-01   3.8578696e-01   3.6888425e-01  -3.6299728e-01  -3.0293162e-01  -2.6150789e-01   4.3853821e-01   2.3600252e-01   2.9410380e-01  -9.1634105e-02   7.4865716e-02
   3.3064162e-02   6.1549440e-01   6.8619795e-01  -1.0981823e-01   2.4034582e-01   3.6684978e-01  -3.3128242e-01  -2.8956891e-01   6.8454611e-02   4.1122252e-02  -2.5804278e-01   0.0000000e+00  -1.1404324e-01  -4.6329528e-01   2.8544423e-02  -2.7250768e-01   5.9202757e-01  -2.9829664e-01   1.0583978e-01   3.2300139e-01  -5.1125507e-01  -3.4180746e-01  -3.8422628e-01   1.4876370e-01  -1.2551888e-02  -2.9253788e-01  -7.7222510e-02  -3.4714825e-01  -1.4723624e-01  -2.7429153e-01  -1.2953745e-01  -1.5649646e-01  -2.0273424e-01   1.3340229e-02  -1.2923331e-02   2.7746778e-01   1.2507154e-01   1.2908681e-01  -3.5314917e-01   1.9306786e-01   5.5399433e-02   8.1580215e-02   5.8698761e-01  -3.7876678e-01  -3.1740961e-01   4.2221111e-01  -2.5711017e-01  -3.3265339e-01  -2.5873725e-01   3.0966000e-01  -3.6108741e-01  -1.1698538e-01   1.4562242e-01   2.1033743e-01  -4.0104876e-01  -2.8238470e-01   2.1891978e-01  -2.4429514e-01  -3.1276755e-01  -6.6688935e-02   2.6351548e-01  -2.5660537e-01   3.5573855e-01  -1.4776268e-01  -1.2691486e-01  -1.8203304e-01   3.3056762e-01  -9.0674420e-02  -3.3062041e-01   2.5175507e-01   6.5000282e-02  -3.4915157e-01  -3.6839740e-02   1.7883599e-01  -1.3847790e-01   4.4384787e-02   2.2451386e-01  -9.2981395e-02   2.3702370e-01  -2.4617900e-01  -5.0407425e-01  -7.8754885e-02   2.5996881e-02  -2.6488390e-01   5.3901935e-01  -4.7326774e-02  -1.7671239e-01  -3.2088303e-01   2.5425109e-01   1.5742345e-01   2.7888658e-01   3.0507784e-01   2.2809378e-01   1.3639207e-01  -1.4852271e-02   3.1459264e-01  -3.0575723e-01  -7.2396711e-02  -2.1694484e-01  -3.5644651e-01  -3.5574746e-01  -3.3771801e-01  -4.2002586e-01   2.2318611e-02  -1.6667800e-01  -2.5079200e-01   1.8353801e-01  -2.4126777e-01  -7.6389465e-02   2.8824059e-01   1.3842881e-01  -1.9225784e-01  -3.4947465e-01  -2.5986117e-02  -1.7749603e-01   1.6934594e-01  -2.1615182e-01  -1.0863378e-01   1.4178317e-01  -3.5995107e-01  -2.1882706e-01   3.2726854e-01   3.3095490e-01  -1.6859614e-01   5.5181519e-02  -1.7862697e-01  -1.6995121e-01  -5.8489250e-02  -2.7378524e-01   2.5733013e-01   7.2191533e-02  -1.7872839e-01   1.6646668e-01  -8.0603569e-02   5.3713495e-02  -2.0277177e-01   6.6519926e-02  -5.4665955e-01  -1.6918020e-01  -1.1819810e-01   2.3583106e-02   8.0763762e-02  -2.9418716e-01   4.4106265e-01  -2.4259196e-01  -4.3220132e-01   2.6063717e-01   2.0691978e-01   2.4050751e-01  -2.7375958e-01   1.5119316e-01  -5.7852578e-01  -1.2555181e-01  -1.6975287e-01   6.2514470e-01   2.2032087e-01  -1.5154071e-01  -1.4223637e-01  -9.5688265e-03  -3.6269048e-01  -2.2021730e-01  -1.9127246e-01   1.1343210e-01  -2.8134284e-01  -1.0716382e-01   2.0317586e-01   1.5461257e-01  -1.1025213e-01  -1.5388566e-01   1.6160194e-01   4.8670862e-01   1.9421362e-01  -4.1267856e-01   5.1786003e-01  -2.2615802e-01   1.3366997e-01   1.1006343e-02
  -4.0365255e-02  -1.2465445e-01   7.2374632e-02   9.9316431e-02   4.5998792e-01  -2.0466778e-01  -8.4371838e-02  -9.1200832e-02   4.2315449e-02   1.9289408e-01  -1.6054460e-01  -1.1404324e-01   0.0000000e+00   2.4215847e-01  -2.6328167e-01   1.7119908e-01   1.1660424e-01   1.3166319e-01  -9.4944336e-02   3.6131460e-01   5.5548487e-02   1.5386075e-02   4.7664163e-02   1.0455070e-01  -2.5974216e-01  -1.0184886e-01   2.8269463e-01   4.8151085e-02   1.0724366e-01  -1.9315187e-01  -7.3132640e-02  -1.5114340e-01   1.2003645e-01   8.1631973e-02  -2.1475233e-01   2.9124621e-01  -7.3910100e-02   1.0195239e-01   1.7934349e-01   3.1597373e-01   5.8217895e-01   1.8697483e-01   1.3665304e-01  -1.0895723e-01   3.9753340e-02  -1.0552740e-01   7.5841911e-02  -8.1967738e-02   8.9618615e-02   1.8212291e-01  -1.9487571e-02   9.5971460e-02  -9.0294215e-02   4.6064679e-02   6.6363209e-02   2.2615846e-02  -1.6454312e-01   2.9584979e-02   2.8252304e-02  -5.4089037e-02  -4.4347463e-02   8.4507647e-02   9.1334149e-02  -2.1599139e-01  -1.3031734e-01   1.7916779e-03  -9.3054251e-02   9.5673935e-02  -6.4561404e-02  -2.0138568e-01   7.0456295e-02   6.4898498e-02   2.5113246e-01  -1.8886183e-01  -5.9638251e-02  -1.4527078e-01   8.2227645e-02  -3.9753680e-03   7.2273827e-02   3.1974894e-01  -2.9982048e-02   2.8104811e-01  -7.6459315e-02  -1.5229362e-01  -3.0161311e-01  -3.0730275e-01  -2.2189847e-01   1.6181493e-01  -7.8127206e-03   7.7116115e-02   4.2485224e-02   4.2768854e-02   1.7250860e-01  -3.4189034e-02   5.9931815e-02   3.9513956e-01   1.2380503e-01   4.3931016e-02   2.5090226e-01  -3.8301034e-02  -1.0172323e-01  -9.1938930e-02   1.0234225e-01   5.6872841e-02  -7.6936655e-02  -4.5544590e-02   9.9797250e-02   8.5975067e-02   6.7178731e-03   6.8759215e-02  -9.2148987e-02  -1.5787967e-01   1.4336558e-01  -6.0086185e-02  -1.8556570e-01   1.0369806e-01  -5.5612688e-02   5.0091542e-01  -2.5202652e-01   1.0866619e-01   7.9656124e-02   2.2981895e-01  -6.2811692e-03  -6.0423962e-02  -1.2976689e-01   2.2601224e-02  -6.3302542e-02   2.7482200e-01   8.9704133e-02  -9.1233316e-02   4.2477762e-01   1.1331486e-01  -2.3252447e-01  -8.7866587e-02   2.1958690e-01  -2.5622254e-01   4.4345329e-01  -7.9656060e-02  -1.7794575e-01  -2.9559228e-02  -5.1427556e-02   4.8463318e-01  -2.2992104e-01  -3.1219041e-01  -1.7828765e-01  -6.7160864e-02  -2.6880687e-02   2.3557247e-01  -4.6430406e-02  -1.3568004e-02  -1.8531000e-01   9.9132641e-03   1.7037153e-02  -2.1695852e-02  -9.4309059e-03   6.3862247e-02  -9.2199383e-02   1.4515548e-01   4.7677969e-02   1.7634848e-01   6.6904454e-02  -8.9196890e-02   5.7640989e-02  -6.9753524e-02   3.6022779e-02   3.3622085e-02  -1.0529215e-01  -2.0707372e-01  -1.3794233e-02   7.3785481e-02   2.0617074e-01   2.0009043e-02   2.1030848e-01  -2.4629691e-01  -3.3432787e-02   7.5799788e-02   5.7676659e-02
   1.6947218e-01  -3.4042290e-01  -3.8930530e-01   1.1676645e-01  -1.8608919e-02  -1.8491620e-01   4.7003967e-02   1.5902345e-01   4.1031651e-02  -6.4032648e-02   5.5364830e-02  -4.6329528e-01   2.4215847e-01   0.0000000e+00  -1.3757878e-01   2.7162291e-01  -2.1144315e-01   1.0439594e-01   1.0948005e-01  -1.2946610e-01   3.3025383e-01   2.5003686e-01   2.0226071e-01   2.9877229e-02  -8.0201470e-02   1.5987857e-01   1.7047611e-02   3.2166801e-01  -4.2260622e-02   4.6326711e-02   3.1948408e-02   2.0404874e-01   1.3935552e-01  -2.2651781e-02   4.1792559e-02  -7.5049557e-02  -5.6690945e-02  -9.4623073e-02   2.0258488e-01  -9.3181333e-02   4.8074121e-02   2.2893073e-02  -3.4461593e-01   1.2411977e-01   1.6471391e-02  -2.1938811e-01   6.9852311e-02   5.7883935e-02   2.5805555e-01  -1.9665558e-01   4.4402836e-02   1.4244484e-01  -8.3788782e-02   5.4561724e-02   4.3257856e-01  -1.2902325e-02  -2.9115048e-02   1.2455648e-01   1.0480543e-01   9.5514004e-02  -3.2703338e-02   1.4513685e-01  -2.2895469e-01   1.6008562e-01  -5.0513844e-02   5.4735041e-02  -1.4531739e-01   5.5165060e-03   5.0136970e-02  -2.8993464e-01  -1.0458261e-01   1.0200003e-01  -4.7350144e-02  -1.9972360e-03   1.6934341e-01  -2.0065094e-02  -1.8058004e-01   6.1874158e-02  -1.1302803e-01   1.6791953e-01   2.7940140e-01  -1.3012229e-01   1.7909462e-01   1.2788132e-01  -1.7000762e-01  -1.3905879e-01   2.7583586e-03   4.2362842e-01  -1.5625198e-01   1.0342974e-01  -9.9491435e-02  -1.3778482e-01  -9.2893993e-02  -7.4781417e-02  -4.2410907e-02  -1.0929039e-01   9.5091648e-02   2.0164111e-01   2.1146931e-01  -6.3789385e-02   3.6641334e-01  -3.2322259e-02   5.4711554e-01   1.0061571e-03  -7.7269607e-02   2.4530668e-01   4.8054415e-02   7.7988059e-02   1.4379572e-01   3.5307916e-03  -2.1425121e-02   2.2270115e-01   1.5285624e-01   2.0507593e-01   1.3574683e-01  -7.4122039e-02   5.7995711e-03   1.1177577e-01  -1.1589990e-02   2.9821069e-01   2.0648983e-01  -1.1620827e-01  -2.2588599e-01   7.0644612e-02   6.2868448e-02   3.5607566e-01  -3.9716750e-02   5.6778140e-02   8.3664942e-02  -2.1567548e-01  -1.0563990e-02   7.9926311e-02   1.9388528e-01   4.0870847e-02  -6.0190669e-02   7.4915382e-02   1.0151971e-01   3.7790228e-01  -5.4237297e-02   1.6585546e-01   2.7762888e-01   1.3665060e-01  -2.7289897e-02  -2.8028693e-01  -5.2098368e-02   1.9985463e-01  -1.4560336e-01   1.0281971e-02  -5.2221562e-02   2.1941544e-02   5.8955269e-02   5.1830681e-01   1.0961520e-01   4.7768610e-02  -4.1495068e-01  -1.3434538e-01   1.6409022e-01  -9.1913986e-03   1.3898200e-01   3.9508920e-01   2.3341672e-02   9.8690907e-03  -5.7535415e-02   1.3975428e-01   1.4282861e-01  -1.1778481e-01  -2.3706785e-01  -9.2349997e-02   2.0295642e-01   6.6372281e-02  -1.9363065e-01  -1.9356089e-01   2.3657746e-01  -3.4496443e-01   8.1571022e-02  -1.8355600e-01   5.7016613e-02
