   0.0000000e+00  -2.2460814e-01   8.3766302e-02   1.0140665e-01  -8.3271042e-02   3.5710630e-02   5.6402444e-03  -5.7109413e-02  -3.9087132e-02  -1.8846394e-01   2.3400538e-02  -8.5867982e-02   7.7294661e-02   1.9445134e-01   2.2874218e-01   7.4052365e-02   3.2547919e-02   1.5112300e-01  -1.8772860e-01  -3.8663576e-02   2.0719995e-02   1.0513445e-01   5.0061569e-02   5.2470067e-01   5.4886229e-02   6.3514759e-02  -2.3045618e-01   3.6301887e-01  -1.1078942e-01   3.9733256e-02   1.4994053e-02  -4.1041875e-02   7.0986064e-02  -7.7576705e-02  -9.7139517e-02  -2.4177454e-02  -3.4709022e-01   2.3030559e-01  -6.4586272e-02  -8.1394289e-02   4.8302371e-02   3.3563300e-01  -2.2658382e-01   1.1720688e-01   6.3994707e-02   4.7345102e-01  -4.9920216e-02  -1.7027403e-01  -1.4115922e-01  -9.3024041e-02   1.0807278e-01  -1.4425126e-01  -2.3812222e-01   1.8427037e-01   2.0210239e-01   6.2573693e-02  -9.8865411e-02  -2.0838036e-02   3.6597442e-02   2.6601240e-02   3.4165107e-01   9.2163159e-02  -1.6079296e-01   9.3414174e-02  -1.5427148e-01  -7.9344540e-02   4.3598162e-02  -1.1758551e-01  -4.1313026e-02   5.2347572e-01  -2.2639392e-01  -1.0932953e-01   7.6929677e-02   3.6604017e-01   8.7706660e-03  -1.5662772e-01   5.5202712e-01  -5.2237085e-02  -1.1317476e-01  -6.7221216e-02   2.5130738e-01   6.2067559e-03  -1.3579037e-01   6.5590744e-02   2.2239386e-01  -1.7656060e-01  -1.2672869e-01   2.5440680e-01   1.5873091e-01   5.9381563e-01  -1.4127935e-01   2.0176905e-01  -1.6611132e-01   8.1423623e-03   4.6041443e-01  -3.0507286e-02  -1.2235164e-02  -7.3334940e-02   1.1573762e-01  -1.5162678e-01   9.4616082e-02   1.8163301e-01   2.6828995e-02   3.6593184e-02  -6.8148081e-02   3.8020566e-02   1.9818255e-01  -2.0271540e-01  -1.1237096e-01  -5.6700611e-02  -1.4961575e-01   1.4190157e-01  -4.5253995e-03   6.8603503e-01   5.2159258e-01  -2.8953622e-01  -2.1651272e-02   1.5927316e-01   3.1722353e-01   1.0023067e-01   5.7320386e-01  -1.1365414e-01  -3.6210126e-02   4.7515851e-02   5.1653406e-01   3.5931254e-01   8.7476069e-02  -2.3457708e-02  -6.1318664e-02   1.5175604e-01   7.2971174e-02  -1.2034307e-01   2.9363501e-01  -4.1410173e-02  -1.6738587e-01  -1.8541206e-01  -2.9636004e-02  -6.6249525e-02  -1.8910290e-01   3.9303595e-01   5.4013717e-01  -1.2883037e-02   3.7761961e-02   1.6514143e-01   1.4667451e-01  -2.0174728e-01  -8.8470295e-02  -1.4405128e-01   6.3492723e-02  -2.6936696e-01   5.6180389e-01   3.5366307e-02   5.5291318e-01  -1.6816522e-01  -9.3829151e-02   5.3096369e-01   5.6221752e-01   2.4739174e-01   2.1805496e-01   1.5818859e-01  -1.7576540e-01  -3.4652570e-02   4.9486088e-03  -5.0395982e-03   1.0475881e-01  -2.1683266e-01  -1.7130353e-02   2.7558675e-01   5.0006891e-01  -3.1547443e-01  -2.2782812e-01   5.0643469e-01  -2.7676059e-02   1.6306085e-01  -1.7780351e-01  -1.1601562e-01   1.6436416e-01
  -2.2460814e-01   0.0000000e+00   5.0755318e-01  -3.8801360e-01   4.8320092e-01  -4.3002873e-02  -4.4856736e-01  -1.1504895e-01   4.9297926e-01  -4.3557119e-01  -4.6158706e-01   4.3431700e-01  -1.4537630e-01  -1.7035516e-01  -5.1208838e-01  -1.5680580e-01   6.4791077e-01  -6.1979769e-01   2.3786941e-01   1.6239825e-01  -5.7623883e-01  -5.0524190e-01  -6.6989662e-01  -2.1672498e-01   3.3462266e-01   1.0300743e-01  -2.0678906e-01  -2.9156934e-01   1.0375435e-01  -3.3973625e-01   7.7682421e-03  -4.7671290e-01   2.7880897e-01  -1.7153983e-01   5.3116963e-01  -4.1215913e-01   3.0656169e-01  -3.1729613e-01   1.8453693e-02   6.0461682e-01  -1.1785680e-01   1.0008267e-01   3.3188059e-01  -2.1128549e-01  -4.1352543e-01  -1.4028923e-01  -5.0877026e-01   1.9179766e-01   1.0417946e-01   6.8176853e-01  -7.1549342e-01  -5.9406036e-02   4.3286129e-01   3.2961611e-01  -6.1401951e-02  -3.8765790e-01   2.6028202e-01  -5.1343352e-01  -3.4494281e-01   1.2753130e-01   1.9676918e-01  -2.9436360e-01   7.3812514e-01   1.4311556e-01   3.2677337e-01  -5.2746497e-01   5.4065200e-02   2.1710025e-01  -3.2547558e-01  -3.0801666e-01   8.1129434e-01  -3.4999260e-01  -1.5039966e-01  -8.3629477e-02   3.1023171e-01  -3.8144294e-01   4.5417046e-02  -3.6600984e-02   6.2309785e-01   2.0100365e-01  -5.1511473e-01  -3.4675557e-01   2.1725198e-01  -2.1090267e-02   3.3700377e-01  -3.6813902e-01   4.5338336e-01   2.7153447e-01   2.9544788e-01  -3.8602834e-02   5.2433663e-01   3.1015716e-01   9.6663134e-02  -1.3954657e-01  -1.8017504e-01   2.6575261e-01   1.0859941e-01   3.1067375e-01  -7.3795727e-02  -2.1300340e-01   3.1322082e-01  -6.4954200e-01  -4.5823072e-01   5.0606000e-01  -6.4874492e-01  -3.7222094e-01   4.2277671e-01   6.8750216e-02  -3.2538987e-01  -5.6604674e-02   5.2782172e-02  -6.7305775e-01  -1.2273464e-01  -1.3727314e-02  -1.5926541e-01   7.2988471e-01  -9.8740746e-02  -2.5549427e-01  -2.2929216e-01  -3.7056170e-01  -4.5526117e-02   3.2767917e-01   3.7983651e-01   2.5379225e-01  -1.2338706e-01  -3.7699470e-01  -3.8266639e-01   3.7839149e-01  -3.9236690e-01   1.4544436e-01  -2.1921357e-01  -1.6056131e-01   1.2071266e-01  -1.4170293e-01   1.2581144e-01  -3.4301893e-01   8.2742676e-03   1.1053128e-01  -3.6461437e-01  -8.6275255e-02  -2.9534005e-01   4.2179163e-02  -4.2011854e-01  -3.2096095e-01  -6.0760928e-01  -2.4283550e-01   2.0726676e-01   1.9813939e-01  -6.2616261e-01   1.6140292e-01  -1.8542597e-01  -3.0461803e-01   6.1932655e-02   3.1193630e-01   7.0208870e-01  -2.6667964e-01   1.1822191e-02  -3.3793293e-01   3.5638715e-01  -6.0308084e-01   1.0798123e-01  -8.1591492e-02   1.6389353e-01  -5.8716090e-01  -1.9260202e-01   3.3101447e-01  -2.4375579e-01  -2.7648381e-01   1.0894829e-01   8.5313554e-01   3.5310813e-01  -1.4030066e-01   8.7218822e-02  -1.4224633e-01   1.8388490e-01   7.6553002e-02  -1.8455561e-01
   8.3766302e-02   5.0755318e-01   0.0000000e+00  -2.5542303e-01   8.4591783e-02   1.5719438e-01  -2.2811264e-01  -2.3742812e-01   5.0679093e-02  -4.5074439e-01  -3.8883594e-01   6.2605526e-01  -3.2127053e-02  -2.6958086e-01  -2.1858614e-01   6.5073821e-02   8.6823535e-01  -4.7980741e-01  -7.0573684e-02   3.1289518e-02  -4.1956824e-01  -2.8720190e-01  -4.6318213e-01  -2.2437253e-01   1.4361020e-01  -5.3574508e-02  -8.4386431e-02  -2.3671749e-01  -1.3104217e-02  -2.5394010e-01  -7.0464548e-02  -3.9631661e-01   3.6298804e-01  -4.2320337e-02   3.2042754e-01  -3.0435291e-01  -1.6065922e-01  -1.0103754e-01   4.7693478e-03   6.4772096e-01  -6.8035985e-02   3.6045049e-01   1.8627525e-01  -1.9838510e-01  -3.0285266e-01   5.9789778e-02  -3.9234811e-01  -1.9266129e-01  -1.1456440e-01   6.7311414e-01  -4.4207147e-01  -1.9233449e-01   8.2239994e-02   4.4904313e-01  -2.2271859e-03  -2.5736385e-01  -4.2519010e-02  -4.0180641e-01  -3.8006862e-01   2.4875225e-01   5.3308811e-01  -1.7027301e-01   3.4951426e-01   2.2006845e-02  -1.8724066e-01  -4.1819228e-01   1.7958447e-01  -1.5926690e-02  -2.8683502e-01   3.4866205e-01   4.3993137e-01  -3.0884628e-01  -2.4636543e-01   2.3160608e-01   2.4223999e-01  -2.8416128e-01   3.0828212e-01   3.7830205e-02   2.2323868e-01   1.7815738e-01  -2.6274127e-01  -1.9945396e-01   8.5830275e-02  -4.3353406e-02   4.8346760e-01  -4.0949208e-01   1.2760372e-01   2.7284048e-01   1.3584751e-01  -8.0679872e-02   4.4800246e-02   5.2434226e-01   3.0604320e-01  -1.4926913e-01  -1.8869884e-02   8.6933337e-02   8.6166875e-02   1.0893153e-01  -5.4775353e-03  -1.2768564e-01   2.2078011e-01  -4.5411261e-01  -3.7575428e-01   1.9221432e-01  -5.8000568e-01  -2.2911837e-01   4.7113683e-01  -1.6982356e-01  -2.5009607e-01  -1.6146375e-01   3.5552967e-01  -5.2236421e-01   5.1601581e-02   1.2679822e-01   8.5385281e-02   1.0844194e-01  -5.3596641e-02  -1.2586566e-01  -9.5340844e-02  -3.2593505e-01   4.3983983e-02   1.9103927e-02   2.3081330e-01  -2.7939857e-03  -1.3674683e-02  -1.3562974e-01  -2.3822402e-01   3.4857276e-01  -3.6635838e-01   5.9020064e-01   8.7993072e-03  -2.3206622e-01   2.6117746e-01  -1.6900359e-01   1.2750975e-01  -3.8954451e-01   3.7708740e-03   2.4398084e-02  -4.2215655e-01  -4.9483554e-02  -1.0585628e-01   1.0270042e-01  -4.3879541e-01   1.8745733e-01  -2.8323990e-01  -3.4876151e-01   5.3769504e-01  -1.2984801e-01  -5.2907542e-01  -1.7292860e-01   1.6006168e-01  -3.7621843e-01   3.2940028e-01  -1.0527684e-02   7.6505529e-01  -1.9099533e-01   1.2106124e-01  -2.9305842e-01   5.3618522e-01  -5.0257887e-01   1.1071082e-01  -4.4696324e-02  -1.4635786e-01  -4.6163814e-01  -1.0515735e-01   1.1873628e-01  -2.5670645e-01  -2.6597732e-01   3.8529311e-01   3.3236238e-01   5.4299152e-02  -5.2585944e-02  -3.0668400e-02   1.5881798e-01   7.5375059e-03  -6.8973265e-02  -1.0397087e-01
   1.0140665e-01  -3.8801360e-01  -2.5542303e-01   0.0000000e+00  -1.3815099e-01   2.5477825e-01  -6.4828549e-02   3.8038116e-01  -7.8674427e-02   8.5772274e-02   4.3622004e-01  -2.2947956e-01  -5.4335531e-02   2.3216480e-01   1.3764347e-01   1.1771035e-01  -1.9702033e-01   5.6243997e-01  -1.3298989e-01  -1.7358973e-01   4.0708897e-01   7.4000389e-01   1.4397169e-01  -3.3661588e-03  -6.3898643e-04   2.0693052e-01   6.2896968e-02   2.3441457e-01  -9.6811019e-02   5.2035052e-01   1.9622750e-01   7.2465013e-01   8.9875647e-02  -2.2345874e-01  -2.8011831e-01   3.3144470e-01  -2.5408149e-01   2.4212535e-02   2.9478239e-01  -3.9373549e-01   2.0065034e-01   1.9461879e-02  -3.0368747e-02   5.1833268e-01   2.5178915e-01  -8.2170987e-02   4.0358443e-01  -5.7546730e-02  -7.3462724e-03  -2.9795492e-01   4.6007406e-01   3.6304586e-01  -3.3354733e-01   3.1029199e-02  -3.7316100e-02   4.3434996e-01  -2.3229760e-01   6.3783841e-01   6.2280472e-01   1.6871775e-01   4.7787321e-02   2.0876038e-01   7.8304563e-03   1.0779904e-01  -1.7592799e-02   1.5829718e-01   3.0398693e-01   5.5839248e-02   4.2289587e-01   1.7342587e-02  -4.1390677e-01   1.6552207e-01   5.0713428e-01   2.7854406e-01  -6.8625566e-03   4.2604533e-01  -3.5638048e-02   3.0683024e-01  -9.2524936e-02   3.4880362e-01   1.6939704e-01   3.1806326e-01   2.3450188e-01   2.9831558e-01   4.4159583e-03   4.4563247e-01  -1.5478755e-01  -1.7643134e-01  -1.7713763e-01  -2.9299389e-02  -9.5202394e-02   7.3467305e-02  -2.1500182e-01   2.6626312e-01   3.3651393e-02  -1.7099653e-01  -3.3494343e-02  -3.1212100e-01  -9.2596979e-02  -5.7633381e-02  -7.9154665e-02   3.4549203e-01   6.3433380e-01  -1.0910733e-01   5.3296891e-01   7.7381058e-01   7.6507822e-02   1.6337039e-01   1.0077845e-01   2.7974428e-01   8.6241870e-02   5.6658465e-01   1.3616778e-01  -8.5407762e-02   1.8815514e-02  -2.3448720e-01   3.9692689e-01   4.0674076e-01   1.9811394e-01   6.2159953e-01  -1.7429525e-02  -1.4496091e-01  -3.8657301e-01   9.3064061e-02   2.3335930e-02   3.4607832e-01   3.2711417e-01   6.2011210e-02   6.4759260e-01  -1.7876254e-01   4.0225277e-01   1.5666624e-01   2.7125098e-01   2.1094321e-01   3.9283300e-01   4.1648300e-01   2.3688867e-01  -5.9395661e-02   3.3280393e-01  -1.1678210e-01   1.5012208e-01  -1.8389211e-01   4.8492450e-01   1.3848596e-01   2.8812006e-01   4.1087808e-01  -2.1689522e-01  -7.6587610e-02   3.6673415e-01  -1.0247258e-01   4.3844941e-02   4.1723655e-01  -1.5861433e-02   1.1103894e-02  -3.0319755e-01  -8.6969460e-03   4.8191637e-02   5.5204084e-01   7.3244508e-02   5.4101306e-01  -2.7088684e-01   3.9851264e-01  -1.0449629e-01   6.6301836e-01   6.0184077e-01  -2.8832752e-01   1.0447940e-01   3.0692525e-01  -6.8826072e-02  -2.7204000e-01  -2.8276678e-01   2.9485120e-01   6.4147259e-03   3.0089690e-01  -7.7291293e-02   5.9083647e-02   6.7929787e-01
  -8.3271042e-02   4.8320092e-01   8.4591783e-02  -1.3815099e-01   0.0000000e+00  -6.5954081e-02  -3.5590675e-01   4.3853223e-03   5.7099771e-01   7.8399385e-02  -1.4743652e-01   6.2794097e-02   1.2397378e-01  -4.1674123e-01  -6.0744655e-01  -1.4342968e-01   1.8857397e-01  -1.3496041e-01   2.3951886e-01   7.4487733e-01  -4.6267995e-01  -2.7812709e-01  -2.3063187e-01   1.6590376e-02   1.1381123e-01  -4.4341807e-02   1.6584581e-01  -2.5658133e-01  -2.4615194e-02  -3.7747197e-01  -4.5200312e-01  -1.8456346e-01   1.5674613e-04  -3.3231679e-01   3.1067284e-01   2.2378217e-01   2.3478339e-01  -2.8870981e-01  -8.0892300e-03   3.0123726e-01   1.8199994e-01  -1.0725982e-01   1.0809472e-01  -1.8747641e-01   1.2340541e-01  -2.6349919e-02   3.6670993e-03   5.3226122e-02   4.2472908e-01   4.7544435e-01  -1.4763631e-01  -1.2172772e-02  -1.3701436e-01   1.7917267e-01  -4.5428112e-01  -2.1295971e-01   1.8628883e-01  -2.9993739e-01  -1.2415704e-02   2.4528620e-02   4.8567934e-03   2.5825262e-01   5.6574424e-01  -3.9046902e-01   1.9574155e-01   3.9481284e-02   4.8574532e-02   2.9458736e-01  -1.6175277e-02  -3.4702368e-01   2.4165271e-01   3.6757942e-02   8.7554412e-02  -2.4565075e-01   5.4055751e-02  -1.9159074e-01   5.1790256e-03  -9.3839453e-02   7.9765846e-01   5.4269612e-02  -5.1766521e-01  -2.3688058e-02  -3.6699075e-02   2.2078247e-02  -2.7281311e-01  -1.5095787e-01  -2.0355605e-01  -4.0455595e-02   3.3646462e-01   5.3773879e-02   9.1903274e-01   1.7081323e-01  -1.6929554e-01  -4.7282731e-02  -3.1571309e-01   7.6195336e-01   3.0417147e-01   1.4963186e-02   3.3001168e-01  -2.5484415e-01  -3.2656176e-01  -5.0087423e-01  -2.7428840e-01   1.9024819e-01  -1.8044927e-01  -2.0937209e-01   2.4140200e-01   3.6362056e-02   2.0519684e-01   1.0486831e-01  -4.0599765e-01  -3.1400587e-01  -1.4004572e-02  -4.2526572e-02  -3.8857247e-01   5.5657615e-01  -3.9742532e-02  -3.2157399e-02  -2.8305741e-01  -1.9040470e-01   5.9759312e-02   8.5403554e-01   3.2678759e-01   1.1377268e-01   3.2278767e-03  -4.4980970e-01  -9.7388433e-02   2.5135882e-01  -1.9856759e-01  -4.2139370e-01  -2.2815410e-02  -1.1024903e-01  -8.3032736e-02  -5.1485646e-01  -3.0024877e-02  -1.1479441e-01   1.0011389e-01  -5.0404759e-01  -1.8492288e-01  -2.6984735e-01  -9.3526614e-02   2.8617534e-01  -1.6920012e-01  -4.8128911e-01  -4.9820172e-01  -3.0173764e-01  -3.6873143e-01   5.7519908e-01  -1.0409165e-01  -2.1241448e-01  -2.9081016e-01  -3.0611134e-01  -7.7829980e-02   1.9907529e-01   1.6685139e-01  -1.1123092e-01  -4.7386552e-02  -4.5589498e-02   1.8698274e-01  -2.6207433e-01   2.4093948e-01  -3.6852771e-02   6.4546459e-01  -1.8404482e-01  -1.2552281e-01   3.3092373e-01   7.1708976e-02  -4.9120521e-02   6.4547417e-02   4.9952514e-01   4.7865085e-01  -5.3308051e-02   4.6214934e-01  -1.5650024e-01   2.6900046e-02   3.5894412e-01  -1.3735090e-02
   3.5710630e-02  -4.3002873e-02   1.5719438e-01   2.5477825e-01  -6.5954081e-02   0.0000000e+00  -8.1897486e-02   2.4263830e-01  -6.2259904e-02  -1.5410612e-01   2.1185927e-01   2.4284642e-01  -2.2986401e-01   2.5565668e-01  -1.5335612e-01  -2.6597996e-02   6.4116309e-02   5.2404481e-02  -2.2221786e-02  -1.5572358e-01  -6.5247819e-02   1.9831715e-01  -1.9233890e-01  -3.1685022e-02   1.1576600e-01   1.1747076e-01   1.7663083e-01   1.2294078e-01  -1.6231430e-01   3.3362403e-01  -1.6029036e-01   2.0376397e-01   2.0929028e-01  -2.1042409e-01  -5.9495418e-02   1.4341233e-01  -2.7860658e-01  -1.4762389e-01  -9.0452674e-02  -7.3851173e-02  -6.2250070e-02   8.8293842e-02   1.2606372e-01   3.8661427e-01  -5.8275613e-02  -2.1728478e-01   2.2203705e-01   3.8047026e-02  -2.2578913e-01   6.3248931e-02  -6.2797673e-02   1.9670143e-01  -2.0358975e-01   2.4136204e-01   6.5032420e-02   4.5240120e-01   2.0893481e-01   1.9065683e-01   8.5665759e-02   2.3710138e-01   7.8941631e-02  -8.7606747e-02   1.5315436e-01   7.2312471e-03  -2.7836293e-01   8.8152751e-02   7.1582303e-01  -2.7380350e-02   4.3028202e-01   1.5431047e-01  -1.8655206e-01  -1.5983100e-01  -1.4406228e-01   5.1391993e-01  -1.5226417e-02   1.0641615e-01  -1.1240559e-02   1.1155593e-01   5.6669233e-02   1.1819793e-01  -6.0653002e-02  -1.9503193e-01   3.9824666e-01   1.7908879e-01   1.7643333e-01   1.1242344e-01  -1.3213622e-01   1.8669802e-01  -5.2490066e-02  -4.2614216e-02  -5.5856181e-02   2.8211263e-01   2.8665901e-01   3.0573343e-01  -1.3360120e-01  -4.4509093e-02  -1.3121680e-01  -3.5397509e-02  -2.1689496e-01  -2.3731989e-01   1.1358472e-01   3.5231606e-02   2.9374450e-01   3.8388281e-02   7.6862934e-02   3.2541390e-01   2.3070270e-01   3.8372444e-01  -3.3676134e-02   3.4002908e-01   4.0622645e-01   1.4505513e-01  -1.1178775e-01  -1.5395752e-01   1.4144857e-01  -2.8755816e-01   3.8965482e-01  -6.0518355e-02   4.9360993e-01   2.9719204e-01  -2.4542950e-01  -6.2684068e-02  -1.8900965e-01  -1.9904248e-01  -1.6585571e-01   3.7590139e-01  -9.2652647e-03   2.1614151e-01   2.2221362e-01   8.4953462e-02  -6.7013101e-02  -1.8976536e-01   5.2684976e-01  -4.5843063e-02   4.3003376e-01   1.2105566e-01   4.5382141e-02  -1.4132372e-01   6.5843567e-02  -7.9124678e-02  -6.5418700e-02  -1.6977911e-01   1.7761766e-01   4.5924742e-01  -1.5660444e-01   7.5531362e-02   1.0628448e-01  -4.2642446e-02   1.7389273e-01  -2.2949390e-01   1.6604260e-01   1.3488168e-01   2.0420507e-01   3.5354013e-02   2.4825774e-01  -3.7969404e-02  -2.1272334e-01   1.1248813e-01   1.4806246e-01   1.9899166e-01  -2.0224208e-01   2.0755676e-01  -1.1040913e-01   1.8217300e-01   2.6267575e-01  -9.2592187e-02   7.4455616e-02   2.1724858e-01  -1.6386480e-02   1.1059154e-02  -6.4300826e-02  -2.9802395e-03  -1.4685292e-01   6.2960396e-01  -4.0878669e-02  -1.4101643e-01   3.4345526e-01
   5.6402444e-03  -4.4856736e-01  -2.2811264e-01  -6.4828549e-02  -3.5590675e-01  -8.1897486e-02   0.0000000e+00  -2.5262356e-01  -1.7745802e-01   5.9012366e-01   2.4067779e-01   1.2861744e-01  -6.0323988e-02   5.3672337e-02   6.5561875e-01   8.9725110e-02  -4.5656248e-01   2.9415556e-01  -3.5101116e-01   4.1672532e-03   4.5679760e-01   2.3704741e-02   7.8889574e-01  -8.5875891e-02  -2.7140551e-01  -2.1995169e-01   1.9914960e-01   1.2215043e-01  -4.4798572e-02   2.3250032e-01   1.7019538e-01   2.5530836e-02  -3.1569936e-01   7.7077785e-01   5.0354109e-02   3.8541947e-01   1.7433766e-01   2.7792374e-01  -1.9712657e-01  -1.2051362e-01  -1.3146051e-01  -1.5905888e-01  -2.5016127e-01  -1.7188487e-01   3.9064115e-01   4.8498704e-05   3.6814618e-02   3.4377446e-01  -1.3244856e-01  -5.8824866e-01   4.9003410e-01  -1.9786220e-01   2.0544633e-01  -4.0821640e-01   9.2662666e-02  -5.7413973e-02  -2.8826916e-01   9.5399482e-02   8.7971690e-02  -4.9030218e-02  -4.0689640e-01   1.7313407e-01  -6.0088197e-01   1.2245461e-01  -8.8304083e-02   5.8757293e-01  -1.7273894e-01  -1.8666777e-01  -1.5598887e-01   3.9513077e-01  -2.1606905e-01   2.6413312e-01  -1.0333834e-01  -1.1278018e-01  -3.4199117e-01  -1.1645210e-01  -9.6470900e-02  -8.4798258e-02  -5.7453734e-01  -5.7786639e-01   6.0090248e-01   8.9415531e-02  -1.8682446e-01  -2.0244690e-01  -2.2459527e-01  -7.6125076e-02  -1.5684720e-01  -4.3043875e-01  -1.8579236e-01   2.6395959e-02  -4.6318748e-01  -4.9443830e-01   3.5468050e-01   3.0889976e-01  -9.2296578e-03  -1.7096056e-01  -1.3435160e-01  -1.5883091e-01   1.1386684e-01   6.0339688e-01  -1.3842668e-01   5.1550286e-01   3.7375306e-02  -8.4851082e-02   3.2746350e-01   6.6074529e-03  -5.1126711e-01  -2.7473540e-01   4.0713219e-01   6.2238677e-02   1.1643526e-01   2.6552965e-01   4.5019076e-02   4.1782357e-02   1.4462210e-01  -4.1360627e-01  -1.4137478e-01   7.9557571e-02  -1.0847480e-01   2.7737487e-02   1.4725313e-01  -2.4219596e-01  -2.5314894e-01  -1.1918773e-01   7.8578395e-02   3.0020285e-01   3.7858642e-01  -5.9863251e-01  -1.0097408e-02   2.5010350e-01  -2.4651494e-01   4.4946713e-01  -2.0750441e-01   2.9695236e-01  -2.5721091e-01  -1.1198929e-01  -4.1002986e-01   2.2852501e-01  -5.2137270e-02   1.2353229e-01  -7.1296661e-02  -2.5134559e-01  -1.1979828e-01   2.3609435e-01   7.0583240e-01   8.1659772e-02   2.9569468e-01  -5.4600370e-02   4.4062606e-01   2.8926720e-01   4.9343626e-03   1.8332146e-01  -2.7721520e-01  -2.8832585e-02  -3.1184749e-01   1.8496997e-01   1.2992558e-01   3.4949165e-02  -5.8265037e-01   2.5050855e-01  -3.5706688e-02  -3.3223682e-01   5.0440591e-02   1.6917863e-01  -4.8554815e-02   8.8187326e-02   4.2967085e-01  -6.7573718e-02  -1.4683472e-01  -3.9548332e-01   2.1716638e-01   2.1204634e-03  -2.9823430e-02  -1.5596828e-01  -1.1234248e-01  -2.0220205e-01  -5.4268753e-02
  -5.7109413e-02  -1.1504895e-01  -2.3742812e-01   3.8038116e-01   4.3853223e-03   2.4263830e-01  -2.5262356e-01   0.0000000e+00   2.1882976e-02  -1.3607702e-01   3.3873884e-01  -1.4338111e-01  -5.2769289e-02   1.7205427e-01  -1.0273041e-01   3.4269464e-02  -1.2535346e-01   1.9108037e-01   3.0834390e-01  -1.9986731e-01   1.2538801e-01   4.8818876e-01  -9.6035947e-02   1.9009440e-01  -6.3571459e-03   3.7503609e-01  -2.0432058e-01   1.3069513e-01  -1.3720674e-02   1.6428310e-01   1.7439217e-03   4.7225096e-01   1.8119442e-01  -2.6946924e-01  -1.7201683e-01  -2.7922003e-03  -1.3229039e-01  -7.6268326e-03   6.4686514e-02  -3.3997732e-01   3.2524933e-01  -8.1957075e-02   1.1494267e-01   4.8440219e-01   3.0608184e-02   4.4611906e-03   2.6688456e-01  -2.0556093e-01   1.6589338e-02  -9.7582769e-02   5.4331401e-02   5.4213663e-01  -2.5575963e-01   1.1538834e-01   9.1153947e-02   4.1792082e-01   1.2808748e-01   4.4447298e-01   5.4682164e-01   1.6800390e-01   5.8367651e-02  -4.2343299e-02   2.2971832e-01  -5.4391520e-02  -6.3019062e-02   1.6497651e-03   2.6094048e-01   7.7164051e-02   6.0614334e-01  -2.9781002e-01  -2.5470736e-01   3.5414105e-02   3.0089286e-01   2.8290100e-02  -3.5181248e-02   4.5189409e-01   2.2193571e-02   3.1443577e-01   1.0796301e-01   3.0567253e-01   5.3748288e-02   4.9423587e-02   1.8165234e-01   6.4061338e-01  -9.6971249e-02   5.5267239e-01   8.2454544e-03   1.6285367e-01   5.4810300e-02  -4.0721202e-02   5.2983319e-02   9.3493845e-02  -1.5669918e-01   1.9041428e-01  -3.9627413e-02  -3.8939056e-02  -1.0777428e-01  -3.6063817e-02  -1.7136216e-01  -2.1103180e-01  -1.2071802e-01   1.7308968e-01   4.8427149e-01   3.9005565e-03   3.0011456e-01   4.4575899e-01   1.2917132e-01   6.8526886e-01  -8.7516021e-02   1.2110440e-01  -1.1735824e-01   3.2167684e-01   6.0322081e-02  -1.0177649e-01  -1.8477960e-01  -9.8016579e-02   4.0450612e-01   1.4281048e-01   1.4360195e-01   3.9820673e-01  -1.6974655e-01  -5.5351673e-02  -1.2194446e-01  -1.0192023e-01   4.2970746e-02   1.2041345e-01   2.4291437e-03   1.1495677e-01   4.1470090e-01  -4.0189762e-01   9.3918150e-02  -2.5024306e-01   3.7773584e-02   7.5252632e-02   3.9404639e-01   5.7224285e-01   2.0278307e-01  -3.1093426e-02   5.5794689e-01  -1.7054340e-01   1.1547167e-01  -8.7936768e-02   5.5001119e-01  -1.3533206e-01  -4.3293688e-02   2.8454332e-01  -2.5042475e-01   1.1858840e-02   2.4856947e-01  -9.0844825e-02  -1.7452913e-01   4.5380587e-01  -5.4139762e-02  -2.1247426e-02  -2.2692032e-01  -1.2294177e-03  -2.0276343e-01   3.4770546e-01   1.1011923e-01   3.1692619e-01  -7.1130560e-02   5.3417791e-01  -1.4612283e-01   3.7999298e-01   5.0748998e-01  -2.4217166e-01  -3.8477139e-02   3.1518015e-01  -2.4944380e-01  -2.8727185e-02  -1.9211063e-01   1.6753953e-01  -7.3933213e-02   7.8833454e-02  -1.1961434e-01   7.3978292e-02   3.6042988e-01
  -3.9087132e-02   4.9297926e-01   5.0679093e-02  -7.8674427e-02   5.7099771e-01  -6.2259904e-02  -1.7745802e-01   2.1882976e-02   0.0000000e+00   1.3106362e-02  -6.1320179e-02   1.4965565e-01  -3.1587235e-02  -1.5432538e-01  -4.1717271e-01  -2.1547989e-01   1.0056436e-01   6.5988071e-02   2.0077416e-01   3.8235054e-01  -2.9971302e-01  -1.7808713e-01  -2.0877733e-01  -7.8863901e-02   9.5974416e-02   9.1196876e-02  -1.5568405e-03  -1.9485832e-01  -9.1692813e-02  -2.9882876e-02  -9.0729919e-02  -1.3366128e-01   1.9394521e-02  -1.9775538e-01   4.5659468e-01   9.4887614e-02   2.5139407e-01  -1.8311344e-01  -2.3394701e-01   7.6461325e-02   2.6424943e-02  -7.9057889e-02   1.0494147e-01  -1.6387391e-01   1.9482366e-01   7.7082020e-02  -1.1012354e-01   4.7045803e-01   1.7932280e-01   1.3640029e-01  -1.3415661e-01   5.3993537e-03   5.6491253e-02  -4.6002981e-02  -2.5645579e-01  -2.3100804e-01   1.5950749e-01  -1.8056486e-01   7.9891470e-02   3.0657623e-01  -2.5905778e-02   1.2538592e-01   5.1091173e-01   4.7366172e-02   3.5699821e-01   1.8089348e-02   8.0458322e-02   1.4429402e-01  -1.7452701e-01  -9.0388117e-02   2.0893435e-01  -1.3896006e-02   1.5011739e-01  -1.4050340e-01   2.6866192e-02  -1.0475565e-01   1.3216910e-01  -2.8216919e-01   5.5037963e-01   4.3725547e-02  -3.6944594e-01  -7.3034809e-02   8.8243687e-04  -2.0620490e-01  -1.5864770e-01  -1.1387208e-01   5.8719057e-03  -5.3115532e-02   3.3318857e-01   8.7259345e-02   6.4022637e-01  -1.7064229e-03  -1.9702919e-01   3.2727670e-01  -5.9467486e-02   2.9195210e-01  -6.6827249e-02   2.2782569e-02   1.2790426e-01  -1.5158307e-01  -1.2245180e-01  -3.1543884e-01  -2.1610666e-01   5.3957768e-01  -1.5200540e-02  -1.1083032e-01   1.5613528e-01   3.5604815e-02  -1.2304057e-01   2.0052834e-01  -2.1257905e-01  -2.2541478e-01   4.6128861e-02   6.1866833e-03  -2.3164702e-01   4.8831070e-01  -1.6001510e-01   2.7794340e-02  -3.0139449e-01  -7.2291904e-02   1.5789218e-01   5.7120379e-01   3.1412342e-01   6.0407956e-01   1.3139267e-01  -2.3706847e-01   1.2531103e-01   1.4416104e-02  -5.8777079e-02  -1.0238421e-01  -1.4261252e-01   2.0609766e-01   9.1799741e-02  -2.3768107e-01   6.1561838e-02  -8.9839039e-02  -8.8338064e-02  -1.5652147e-01  -1.7169624e-01  -1.2076996e-01  -1.6687203e-01   1.0761790e-01  -1.6930534e-01  -3.4818580e-01  -2.6230646e-01   1.2991842e-01  -2.2453809e-01   6.4597851e-01  -3.3084382e-02   2.5662241e-02  -1.6282343e-01  -2.1105775e-01  -8.7330607e-02   5.1056123e-01   1.5210741e-01  -4.4062398e-02   1.3460155e-01   5.0741494e-02  -1.0856592e-02  -2.5417953e-01  -3.4078599e-02   4.2944494e-02   4.5922285e-01  -1.6409743e-02  -6.4566114e-02   2.7768712e-01   2.4581803e-01  -1.3538313e-01  -1.9908578e-03   4.1662172e-01   4.8794267e-01   4.4560226e-02   4.9425963e-01  -8.6651793e-02  -1.2100721e-01   9.6633477e-02   2.2099856e-02
  -1.8846394e-01  -4.3557119e-01  -4.5074439e-01   8.5772274e-02   7.8399385e-02  -1.5410612e-01   5.9012366e-01  -1.3607702e-01   1.3106362e-02   0.0000000e+00   3.1181880e-01  -1.5919634e-01   1.3472137e-01  -1.5005156e-01   1.7149890e-01  -6.7172647e-02  -5.7897303e-01   4.6239333e-01  -1.2084203e-01   3.1343194e-01   3.8179790e-01   1.5084251e-01   7.3770782e-01  -6.2910569e-02  -4.1653769e-01  -2.4814698e-01   3.8323269e-01   1.2174869e-02  -1.0834703e-01   1.5706147e-01  -1.7949819e-01   1.9907112e-01  -4.7678356e-01   3.3798222e-01  -1.7356908e-01   6.3521114e-01   2.3583765e-01   7.2965778e-02  -1.4110101e-01  -3.8201090e-01   1.4766738e-01  -5.9038787e-01  -2.6301752e-01  -1.3958729e-01   5.0783383e-01  -1.2114069e-01   4.0587787e-01   2.4913237e-01   1.6311971e-01  -5.3842413e-01   6.0253195e-01  -3.7589488e-02  -1.3930990e-01  -4.9444421e-01  -2.3641724e-01   5.4567522e-02  -1.9518588e-01   2.7229794e-01   2.1441695e-01  -1.5157803e-01  -5.2267408e-01   4.6680240e-01  -3.1374573e-01  -1.9764724e-01  -9.7017481e-02   8.0193092e-01  -1.1926131e-01   1.1843867e-02   9.0432655e-02  -1.8140610e-02  -4.0406703e-01   4.4105317e-01   9.6074051e-02  -2.4147449e-01  -2.9580821e-01   1.0515233e-01  -2.7967957e-01  -1.2420831e-01  -2.3458238e-01  -4.9628510e-01   2.3365294e-01   1.9440351e-01  -1.2162231e-01  -1.6577889e-01  -6.3022454e-01   1.5136472e-01  -4.5330181e-01  -5.5691118e-01  -4.6542848e-02  -1.0340964e-01   4.1152915e-02  -6.0855877e-01   6.9405470e-02   2.8304776e-01  -1.2733203e-01   2.1413011e-01   4.6385340e-02  -2.3665549e-01   1.8819731e-01   3.9887235e-01  -5.1537589e-01   2.7536345e-01   1.3833455e-01  -8.5906563e-02   4.7269056e-01   1.0989184e-01  -5.3368539e-01  -1.2112270e-01   6.8852867e-01   2.2313842e-01  -2.2492168e-01   3.5680379e-01   9.6316676e-02  -1.5871551e-01  -2.3887485e-01  -1.7306544e-01  -6.2743992e-02   1.5261690e-01  -1.2031246e-01  -9.9029246e-03  -5.9862601e-02   1.8183720e-01  -1.8627615e-01  -1.4272469e-01  -4.2987606e-02   1.7496061e-02   3.4267273e-01  -4.8811402e-01   1.6291468e-01  -2.1271401e-01  -1.5736322e-01   3.9287166e-01  -2.6727302e-01   4.5751195e-02  -1.7261925e-01   1.1181945e-01  -2.4361952e-01  -2.0252056e-01   7.1832237e-02  -2.1625570e-02  -7.5154955e-02  -8.3523865e-02   1.2255977e-01   1.8208197e-02   4.0647129e-01   1.4761321e-01  -2.3128313e-01   3.9672609e-01   6.8400306e-01   8.0335853e-02  -2.9511333e-01   1.0710950e-01  -4.9297647e-01   4.1285460e-02  -4.9073824e-01   3.6403279e-02  -9.3107365e-02   1.3789211e-01  -6.6235853e-01   3.2901778e-01   9.8663048e-02  -9.3458020e-02   5.1309680e-01   3.4890740e-01  -3.5566331e-02   6.3830080e-02   5.0257438e-01   1.0286959e-01  -3.9656396e-01  -2.7062996e-01   3.3030158e-01  -1.4451598e-02   2.6207662e-01  -1.0921836e-01  -6.8024462e-02  -3.5414429e-02   1.2445060e-01
   2.3400538e-02  -4.6158706e-01  -3.8883594e-01   4.3622004e-01  -1.4743652e-01   2.1185927e-01   2.4067779e-01   3.3873884e-01  -6.1320179e-02   3.1181880e-01   0.0000000e+00  -3.0642951e-01  -8.9509022e-02   2.2376855e-01   2.5197457e-01   1.8369674e-01  -3.4578425e-01   7.1868499e-01  -1.0195676e-02  -1.1005760e-01   6.5784908e-01   5.4471907e-01   4.2215798e-01  -2.0993355e-02  -2.1195460e-01   1.0781001e-01   2.6217732e-01   3.3066552e-01  -1.6201833e-02   4.8889078e-01   1.9851698e-01   6.7735564e-01  -9.6849078e-02   1.3161532e-02  -4.4230294e-01   6.7594639e-01  -1.2228013e-01   8.4373628e-02   1.6797492e-01  -3.5777177e-01   1.5779180e-01  -2.1987666e-01  -2.8528015e-01   3.9560548e-01   3.7846467e-01  -5.2288701e-02   7.4888193e-01   1.4085561e-01   6.5650654e-02  -4.2722928e-01   6.1883119e-01   1.9713277e-01  -2.1995741e-01  -1.9933317e-01  -5.0259295e-02   5.2730227e-01  -1.4049685e-01   6.6124217e-01   4.7587352e-01  -6.4702196e-02  -1.9771709e-01   1.5730215e-01  -2.0463468e-01   1.1924434e-01  -1.2268445e-01   4.6230935e-01   2.9919569e-01   9.8973640e-02   6.4471614e-01   1.4743455e-01  -4.1840828e-01   4.2636980e-01   3.5214071e-01   9.3476081e-02  -2.2571381e-01   5.2153446e-01  -8.0945548e-02   1.7406349e-01  -2.3462746e-01  -4.4099508e-02   3.4219580e-01   1.8388847e-01   1.4688698e-01   1.8544750e-01  -1.7269940e-01   6.7019656e-01  -1.3918985e-01  -2.5928086e-01  -2.6769573e-02  -2.0305069e-02  -1.7247830e-01  -3.2082372e-01  -1.2120879e-01   1.6334220e-01  -1.1350109e-01  -1.8531907e-01  -1.8919716e-01  -4.5526119e-01   2.4996092e-02  -4.2843486e-02  -8.9450303e-02   4.9574207e-01   5.4873947e-01   8.4914982e-02   6.7759354e-01   5.2768573e-01  -1.2464709e-01   2.1767981e-01   1.4280065e-01   4.9321481e-01  -5.3204348e-02   6.5403706e-01   2.3305832e-01  -1.2603450e-01   1.1118001e-02  -4.4812004e-01   2.2336944e-01   1.9050697e-01   2.8850628e-01   4.1715909e-01  -2.4147338e-02  -1.4643722e-01  -3.0606751e-01   1.4182183e-02   9.6969778e-03   2.5969835e-01   2.5483288e-01  -1.5953074e-01   5.7403443e-01  -8.4962263e-02   1.5594228e-01   2.9151312e-01   2.9220408e-02   3.3133026e-01   4.3311514e-02   5.4233788e-01  -5.3767909e-02   1.6412398e-02   5.5928741e-01  -8.8006211e-02   9.4545941e-02  -2.0570237e-01   6.5827432e-01   1.9299397e-01   4.0753894e-01   5.5801466e-01  -2.1125846e-01   2.1633717e-01   6.7938671e-01  -1.6061246e-02   1.3332523e-03   4.5711770e-01  -2.0793478e-01   2.8201814e-01  -4.6134891e-01   1.5259143e-01  -6.2217129e-02   3.2291326e-01  -2.6274460e-01   5.9506988e-01  -1.1584288e-01   4.8982370e-01   7.2721599e-02   7.1045220e-01   2.9806461e-01  -3.6703563e-01   3.8350187e-01   3.9907274e-01  -2.9473521e-01  -3.2477662e-01  -1.9499334e-01   1.1855860e-01   1.2576796e-01   2.3839537e-01  -3.1075478e-01  -1.6125235e-01   3.6156971e-01
  -8.5867982e-02   4.3431700e-01   6.2605526e-01  -2.2947956e-01   6.2794097e-02   2.4284642e-01   1.2861744e-01  -1.4338111e-01   1.4965565e-01  -1.5919634e-01  -3.0642951e-01   0.0000000e+00  -1.7978306e-01  -1.9035169e-01  -8.6712923e-02   7.7051561e-02   4.8658376e-01  -3.6762097e-01  -3.5047211e-02   1.1158407e-01  -2.4352113e-01  -3.0763935e-01  -2.3017630e-01  -2.5358277e-01   3.1147805e-02   2.2707169e-02  -1.7057045e-01  -2.1906144e-01   1.1174391e-01  -1.0068419e-01  -1.7836590e-02  -3.4322978e-01   3.1103696e-01   3.1183047e-01   6.5567497e-01  -1.4850892e-01   9.8450851e-02  -1.1888494e-01  -5.8489146e-02   4.9040050e-01  -1.3792337e-01   2.1914442e-01   2.4473257e-01  -1.2787538e-01  -1.0060743e-01  -1.7395712e-01  -4.3626770e-01   1.1959387e-01  -5.7237018e-02   3.3254651e-01  -3.2638189e-01  -7.9123946e-02   3.2194249e-01   1.7396570e-01   1.2443186e-01  -1.9349771e-01  -3.3975172e-02  -3.3300175e-01  -2.1499496e-01   3.8495694e-01   1.2033034e-01  -1.1307439e-01   2.3988445e-01   1.0840284e-01  -4.1780539e-02  -8.7758784e-02   1.4519278e-01  -4.3264682e-02  -2.7763336e-01   1.9542717e-01   4.5510332e-01  -1.8642317e-01  -1.9075787e-01   2.0157920e-01  -8.5797867e-02  -2.4061016e-01   6.0201336e-02   7.0825811e-02   1.1656890e-01   3.4260529e-02  -8.9383430e-02  -1.3826275e-01   1.5114377e-01  -1.1217345e-01   3.0577034e-01  -3.2389559e-01   6.6087626e-02   5.5456451e-02   1.3727871e-01  -1.3670588e-01   9.5775569e-03   1.6632839e-01   5.7718779e-01   2.3550060e-01  -1.2855504e-01   1.0926237e-01   7.6999728e-02   1.7198114e-01   3.5001850e-02   2.4086081e-01   1.4031903e-01  -2.9577625e-01  -3.3000413e-01   2.8959574e-01  -4.1735170e-01  -2.0777336e-01   2.5167461e-01   2.1321524e-02  -2.2835293e-02   3.6184355e-03   4.7618030e-01  -4.2511468e-01   1.1729514e-01  -5.5417133e-03   4.8760885e-02   1.2746005e-01  -3.4814651e-02  -3.2444708e-02  -1.3262343e-01  -2.7274027e-01  -7.1626588e-02   7.5738185e-02   2.8450807e-01  -3.8994868e-02  -1.8239799e-01   1.0529223e-01  -1.6785671e-02   6.1311065e-02  -3.3104923e-01   4.6051278e-01  -2.0157791e-01   7.0792398e-02   2.0733000e-01  -1.2139442e-02   1.9367314e-01  -2.9834090e-01  -2.3400631e-01   1.1289189e-01  -3.3951293e-01  -1.0189141e-01  -2.0358805e-01  -7.4275626e-02  -3.4521562e-01   2.2570318e-01  -8.7939582e-02  -1.7493592e-01   6.5614912e-01  -3.1579731e-02  -3.0337579e-01   1.6658271e-01  -2.3877808e-02  -2.3910021e-01   5.5095345e-02   1.4836479e-01   6.3914619e-01  -2.0673462e-01  -7.3437760e-03  -1.7077056e-01   1.2056187e-01  -4.5550554e-01   1.0157763e-01  -1.5889560e-01  -2.1458286e-02  -3.7327902e-01  -9.4942951e-02   2.7736994e-01   4.1247643e-02  -2.6610263e-01   2.6461519e-01   3.5795707e-01   3.6690660e-01  -5.1401463e-02  -4.5497008e-02   9.3046344e-02  -8.1460653e-03  -1.3114393e-01  -9.0963700e-02
   7.7294661e-02  -1.4537630e-01  -3.2127053e-02  -5.4335531e-02   1.2397378e-01  -2.2986401e-01  -6.0323988e-02  -5.2769289e-02  -3.1587235e-02   1.3472137e-01  -8.9509022e-02  -1.7978306e-01   0.0000000e+00  -3.8197808e-01  -1.3368943e-01   1.7599672e-02  -3.2217542e-02  -1.5908746e-02   1.0812739e-01   1.0239682e-01  -2.3606790e-01   1.1308825e-02  -9.0586195e-03  -2.5397213e-03  -1.1338206e-01  -3.0648851e-01  -4.0500931e-02  -1.4106414e-01   2.4177045e-01  -1.9757254e-01  -2.7402297e-01  -5.5732412e-02  -1.9635924e-01  -5.9145308e-02  -3.3909251e-02  -4.6662658e-02  -1.0526413e-01   6.1521017e-02   6.8893828e-02  -6.0408471e-02   4.7359735e-01  -1.7155619e-01   1.5076762e-01  -2.6384222e-01  -3.2773795e-02   4.2128805e-02  -4.4644182e-02  -3.4384820e-01   1.2582117e-01   8.5589813e-03   1.2564542e-01  -1.0351898e-01  -1.6724594e-01  -1.8463030e-01  -2.3326379e-01  -1.3998442e-01   1.6689645e-01  -5.0354963e-02   4.5579072e-02  -7.9727485e-02   1.6470237e-02   2.7423519e-01  -9.2250807e-02  -3.2714188e-01  -1.2703195e-01  -2.0993581e-02  -2.5865507e-01  -1.1548600e-01  -1.5213201e-01   1.4861283e-02  -1.2498317e-01  -8.0088308e-02   2.0096357e-01  -3.3632457e-01  -7.6957034e-02   4.1893550e-03  -6.5188053e-02  -7.6414585e-02   4.0788454e-02   1.0753816e-01  -9.4720556e-02   2.4527679e-01  -2.6491412e-01  -1.8023262e-01  -2.4226916e-01  -3.2774010e-02  -1.3310295e-01  -2.2500370e-01  -1.0896748e-01  -6.9526513e-02   7.4159483e-02  -7.7791417e-02  -2.7320767e-01  -1.9220337e-01   5.3071048e-03   2.1669413e-01   1.9329487e-01  -1.5215615e-02   2.2866896e-01   2.4724848e-02  -2.1454514e-01  -9.9000154e-02  -2.5727547e-01  -1.1295111e-01  -1.3641938e-02  -1.1486986e-01  -2.3418137e-01  -1.4990142e-01   2.0755413e-01  -3.0940765e-01  -2.2006537e-01  -1.0018726e-01  -3.9784094e-02   3.7826039e-02  -1.1242729e-01   2.0642608e-02  -1.8067130e-01   2.7417182e-01  -2.0869561e-01  -9.9089213e-02  -3.0896694e-02   9.9365578e-02  -3.7182198e-02  -1.6758572e-01   2.9108411e-02  -2.9958208e-01  -1.0582721e-01   1.6321521e-01  -1.4553145e-01  -1.0121219e-01   2.8231812e-01  -1.6484639e-01  -2.8536621e-01  -3.0389110e-01  -6.9485794e-02  -3.2604687e-02   2.4281691e-01  -2.0989336e-01  -4.6355981e-02  -2.0894322e-02  -1.2555671e-02   4.4073555e-01  -8.6153133e-05  -1.7159834e-01  -9.6820395e-02  -2.3123613e-01  -1.3301491e-01   1.5055221e-02  -5.0113130e-02  -2.0386535e-01  -1.5032363e-01  -2.9861229e-01  -1.1840173e-01  -1.0207028e-01  -1.4216685e-01  -1.4818224e-02   1.6324254e-02   1.9171205e-01  -4.8050213e-02  -2.3016701e-01  -6.7443999e-02   4.1060546e-03   7.3481081e-02  -4.4501493e-02  -8.2117111e-02  -8.8197025e-02  -6.4154252e-02  -1.5530733e-01  -7.4260958e-02  -1.0607914e-01  -1.3795470e-01  -2.1422403e-03   4.6399306e-02  -2.0563693e-01   1.1591895e-02   1.7790978e-01   1.3004986e-02
   1.9445134e-01  -1.7035516e-01  -2.6958086e-01   2.3216480e-01  -4.1674123e-01   2.5565668e-01   5.3672337e-02   1.7205427e-01  -1.5432538e-01  -1.5005156e-01   2.2376855e-01  -1.9035169e-01  -3.8197808e-01   0.0000000e+00   3.3098523e-01   5.3550833e-03  -1.8026824e-01   1.6479296e-01  -8.6835397e-02  -4.3132456e-01   2.9117732e-01   2.6673385e-01   8.1129844e-03   1.4708062e-01   1.3639910e-01   3.4614614e-01  -2.5116719e-01   5.6794805e-01  -1.3975108e-01   4.8983007e-01   4.7408006e-01   2.5789224e-01   6.7360561e-02  -1.0455187e-01  -2.6323128e-01  -8.6448605e-02  -1.6655985e-01  -9.8610822e-02   9.6195673e-02  -3.6236269e-01  -1.8951438e-01   3.1903291e-02  -1.6046836e-01   5.9183585e-01  -1.3488604e-01  -9.8544860e-02   1.0473285e-01   2.1968654e-01  -1.5482907e-01  -3.6682862e-01   1.8234595e-02   1.9249691e-01   7.1067152e-02  -4.9872671e-02   5.7910540e-01   4.7338306e-01  -7.6014638e-02   2.3393932e-01   1.5759701e-01  -1.5808193e-02  -2.0364630e-02  -1.6349174e-01  -2.3675384e-01   3.6066008e-01   1.3308824e-01  -9.8227279e-02   2.8780293e-01   7.3570239e-02   2.4798335e-01   1.3811500e-01  -1.5017563e-01  -6.1555916e-02   4.2507413e-02   5.5279758e-01  -8.0721286e-02   1.7950863e-01  -2.8626615e-02   2.0656563e-01  -3.2342742e-01  -6.7488135e-02   4.7267656e-01  -1.6493838e-01   4.3301570e-01   2.3758597e-01   3.5775788e-01   2.1693483e-01   3.0262341e-01   2.8625904e-01  -4.3162520e-02   1.6048622e-01  -3.8707067e-01  -6.3469503e-05   7.3750534e-03   5.2440892e-02   5.5920175e-02  -4.7775546e-01  -1.3957070e-01  -1.3561629e-01  -1.4499135e-01  -1.2440590e-01   5.0842992e-01   3.3903429e-01   5.7816391e-01   3.3548128e-02   1.6482888e-01   3.0135244e-01   9.4617281e-02   1.2652205e-01  -2.6120679e-01   3.2092978e-01   2.1938351e-01   4.1960779e-01  -1.5856905e-02  -1.0615983e-01   4.2442393e-01  -3.1285452e-01   3.0973416e-01  -1.0936868e-01   6.2340561e-01   1.9171063e-01  -1.6689081e-02  -4.8081075e-01  -2.9945220e-01   8.0771301e-02  -6.9360942e-02   6.9602321e-01   8.1373715e-02  -1.3091533e-01   2.4673765e-01   1.5517676e-01  -1.9615591e-01  -2.7020181e-02   5.0074087e-01   5.0575884e-01  -2.1634210e-03   2.2001600e-01  -1.7840240e-01   4.3912836e-01   2.0862449e-01   1.1564137e-01   2.4838429e-01  -4.3613524e-01   2.4888583e-01   3.8588500e-01   1.4998957e-01   4.3597834e-01  -1.5074045e-02  -2.7869774e-01   2.2034072e-01   1.8792436e-01   4.0130972e-01   6.0499861e-01   1.1522345e-01  -8.5163024e-02  -1.2175376e-01   8.7221738e-02  -2.1284696e-02   6.9231267e-02  -9.3020697e-02   5.7876854e-01  -2.2918458e-01   1.3700590e-01  -2.8595001e-01   2.2269593e-01   2.1055448e-01  -3.5153501e-01  -6.2962642e-03   5.3536842e-01   1.3808857e-02  -1.5998568e-01  -3.1326822e-01   5.2340299e-02  -2.3145533e-01   4.4162703e-01  -9.3694157e-02  -2.1243255e-01   2.2036413e-01
