   0.0000000e+00  -2.2387211e-01  -1.6551594e-01  -2.3573469e-02  -1.9918423e-01   3.3698275e-02  -1.2761616e-01   2.1253879e-01  -2.0325486e-01  -2.1245288e-01   1.4043752e-02  -2.4938307e-01  -1.3975391e-01   2.7877197e-01   2.6231660e-01  -1.2077818e-02  -1.3116226e-01  -4.0905763e-02   1.5743606e-01  -1.6584759e-01  -1.4400207e-01  -6.0618393e-02  -1.3161334e-01   5.1610277e-01  -1.1061965e-01   1.7725854e-01  -2.1765636e-01   3.9759807e-01  -8.0693414e-02   7.5290743e-02   1.0767382e-01  -1.3218689e-02   3.6781315e-02  -2.8495932e-01  -6.3400836e-02  -2.8154128e-01   3.2980757e-02   4.7636407e-01  -7.0961180e-02  -2.2273151e-01  -1.9672738e-01   8.8798739e-02  -4.7556756e-02   7.2805451e-02  -1.6384226e-01   5.3220242e-01  -8.0783219e-02  -1.0851988e-01   1.1264755e-02  -1.8972976e-01  -2.0828242e-02   9.2855027e-02  -1.9671548e-01  -1.4088541e-01   2.5671250e-01   1.8625973e-01   1.1142194e-01  -7.9525682e-02  -5.0982042e-02  -1.0585267e-03   9.8443529e-02  -1.8262581e-01  -1.0595933e-01  -6.8827919e-02   5.0494823e-03  -2.0257800e-01   2.6577071e-02   3.4571219e-03  -4.2341688e-02   2.4631975e-01  -1.6942092e-01  -5.8376616e-03  -4.5795619e-02   3.0257641e-01  -1.0086956e-01  -3.1645648e-02   4.3053117e-01  -8.9919068e-02  -2.3279116e-01  -2.0550936e-01   1.0609105e-01  -2.2007427e-01  -2.1546469e-01   9.3191521e-02   2.0687724e-01   9.7371498e-02  -1.0299198e-01   4.0365529e-01   1.7862448e-02   8.5370949e-01  -1.5781732e-01   1.2983637e-02  -2.3664842e-01  -1.3482318e-01   5.9265792e-01  -1.8668270e-01  -1.4285980e-01  -3.7135777e-03  -9.3756264e-02  -9.9914417e-02   3.2948224e-01   4.4857924e-01  -6.9806478e-02   2.5553595e-03   6.2695862e-02  -1.0869201e-01  -6.5334992e-02  -4.6035955e-02  -9.3655370e-02  -1.8322265e-02  -2.7105639e-01   1.5298257e-01  -2.6049329e-02   8.5750887e-01   4.0598437e-01  -1.5585672e-01   1.1559602e-01  -1.6295094e-01   3.2818663e-01  -7.5505006e-02   6.2981048e-01  -2.1703039e-01  -1.0595331e-01  -8.0185021e-02   6.3942878e-01   5.4644366e-01  -6.1031873e-02  -2.4768383e-01   4.3961302e-02  -3.9339132e-02  -2.3806206e-01  -3.5931019e-01   1.9605249e-01  -1.2164032e-01  -6.5370466e-03  -2.3264759e-04  -1.0124583e-01  -1.3188845e-01   8.5408823e-02   4.9413939e-01   6.4804508e-01  -4.6819081e-02   1.0966677e-01  -7.7520049e-03   6.2987962e-02  -1.1898967e-01  -2.8596044e-01  -7.8601614e-02  -8.0726461e-02   3.6943262e-02   6.0561021e-01  -8.7249697e-02   4.5942465e-01  -3.0089155e-01  -1.8758365e-01   5.9370670e-01   3.1318814e-01  -1.3272767e-01   3.8203686e-02   1.0035820e-01  -8.5430189e-02  -5.9754083e-05  -5.2688308e-02  -3.4276135e-02   1.0749181e-02  -3.2359806e-01  -2.2356975e-01   1.5556642e-01   4.6426337e-01  -1.9728922e-01  -2.0831451e-01   3.2607863e-01   4.7364497e-02   3.3629236e-02   2.8157279e-03  -2.2868128e-01   3.6410343e-02
  -2.2387211e-01   0.0000000e+00   2.3347760e-01  -1.2649936e-01   4.6203688e-01   3.3573932e-02  -1.6374108e-01   3.0924241e-02   5.2464313e-01  -6.2872295e-02  -3.3567523e-01   5.3606348e-01   5.9354811e-02  -3.3626283e-01  -4.9805343e-01  -5.6565661e-02   2.5919240e-01  -3.2731255e-01   1.1631179e-02   2.7933493e-01  -2.9175919e-01  -1.3648666e-01  -3.2762435e-01  -2.4677940e-01   4.2311428e-02   6.3582916e-02   4.0520210e-01  -2.3892608e-01   2.5672636e-01  -1.0984844e-01  -5.5616209e-01  -1.9091300e-01  -1.0943230e-01   1.9411429e-01   1.4704784e-01   2.1715720e-01  -3.3403316e-02  -2.4917759e-01  -6.0310808e-02   3.4923490e-01  -2.2844869e-02   3.6461344e-02   3.8848735e-01  -3.4664383e-01   2.9286017e-01  -4.0993134e-01  -2.3207140e-01  -1.7139756e-01  -1.2009676e-01   3.6947053e-01  -3.1961837e-01   5.7621295e-02   4.0482000e-01   1.3703678e-02  -1.6094968e-01  -2.4616197e-01   1.0636829e-02  -1.4822817e-01  -8.7832210e-02   1.0754623e-01  -5.3001873e-02   1.6587048e-01   5.2099319e-01  -1.9908229e-01   1.6071656e-01   1.1298292e-01   4.2428909e-03   1.1670403e-01  -8.7888622e-02  -1.9539628e-01   3.0203094e-01  -1.5333127e-01  -3.8244192e-02   6.1091594e-02   1.2061904e-01  -1.2329474e-02  -3.5967378e-01  -1.9664101e-02   6.0032011e-01   2.0362177e-01  -2.4888878e-01  -1.0985386e-01  -1.7086201e-01   2.7161505e-02  -3.3239363e-02  -2.6912389e-02   1.8648080e-01  -2.1151182e-01   2.7616554e-01  -2.6689895e-01   5.3686923e-01   1.1791609e-01   2.1232438e-01   1.2919669e-01  -4.1813985e-01   3.5873942e-01   3.7938685e-02   2.1529160e-01   3.2548340e-01  -1.3936783e-01  -6.1540279e-01  -3.2060960e-01  -6.2595276e-02   2.1956383e-01  -2.6702065e-01  -1.8254135e-01   8.1634726e-02   1.3725786e-01   9.8762956e-02   4.4971742e-02   6.6228079e-02  -2.0013628e-01   4.4656786e-02  -3.4325520e-01  -3.9828170e-01   5.9961439e-01  -6.2730887e-02  -1.7357080e-01  -3.4275467e-01  -2.8201353e-01  -4.1956157e-01   5.2497306e-01   9.2899251e-02  -3.8360527e-01  -3.4256689e-01  -3.8950631e-02  -3.0192157e-01   2.6961418e-01  -1.5930392e-01  -2.6569355e-01  -1.1480242e-01   1.0582958e-01   4.0981439e-01  -5.3383131e-01  -8.9878027e-02   1.1379153e-01   1.5920507e-01  -3.6712869e-01  -1.4082899e-02  -1.6639114e-01  -2.3451443e-01   8.1735125e-02  -1.8759631e-01  -1.9799347e-01  -3.5785614e-01  -1.0061805e-01   9.8440408e-02   3.8478889e-01  -1.1699980e-01  -2.5559146e-01  -3.1335589e-01  -1.4626280e-01  -2.4009713e-01  -4.7981953e-03   1.6321211e-01  -2.3451214e-01  -5.5772761e-01  -1.1359570e-01   1.1977337e-02  -2.2592247e-01   1.0486245e-01  -1.3726795e-01   3.8010487e-01  -1.5760767e-01  -5.0466491e-02   4.1886228e-01  -8.7422028e-02  -7.2766818e-03  -3.1397804e-01   3.2997236e-01   5.8733865e-01  -4.3676960e-01   7.7072000e-02  -1.0243168e-01  -1.0317480e-02   1.7038455e-01  -8.1984923e-02
  -1.6551594e-01   2.3347760e-01   0.0000000e+00  -3.9396086e-01   1.2716202e-01   5.8366774e-01  -4.1852953e-01   9.0817167e-02   9.3731447e-02  -1.3325192e-02  -3.8704007e-01   4.6215058e-01  -6.6242644e-02  -2.5631935e-01  -3.8143389e-01   2.2740808e-01   8.4267869e-01  -5.6167167e-01   1.0650282e-01   1.4631633e-01  -4.8313964e-01  -2.2124581e-01  -1.0162649e-01  -4.8184215e-01  -4.0789684e-02   1.4162370e-01   1.4224854e-01  -2.6931794e-01   3.6628552e-01  -4.5241854e-01  -1.9129838e-01  -2.9356617e-01   1.6909676e-01   2.6314132e-01  -2.6358165e-01  -1.6038834e-01  -1.0272837e-01  -9.4453061e-02   5.6004882e-02   7.3652635e-01  -1.2314569e-01   3.4845672e-01   4.8328621e-01  -1.1540957e-01  -2.5946750e-01   5.1429436e-03  -3.5925065e-01  -6.0467199e-01  -1.7725003e-01   7.3196630e-01  -5.8584713e-01   2.2638779e-02   1.1027576e-01   4.1226557e-01   2.0617641e-01  -6.0716795e-02   4.2905075e-01  -2.7600011e-01  -3.4581986e-01  -6.3485997e-02   5.4743537e-01  -3.7391735e-01   3.8765260e-01  -5.8010852e-01  -4.8436279e-01  -2.3099961e-02   1.6952101e-01   1.3059422e-01  -2.5598224e-01   4.7961732e-01  -7.4698312e-03  -4.6456028e-01  -1.7269870e-01   5.5854108e-01   1.8077763e-01  -1.6108533e-01  -3.6462921e-03  -2.1728264e-03   2.0485289e-01  -8.8973396e-02  -2.8611306e-01  -1.4827012e-01   3.0812670e-01   8.8437508e-02   5.2378788e-01  -2.8671548e-01  -3.0925060e-01  -1.4753567e-01   2.3476928e-01  -7.9433600e-02   2.3722533e-01   7.3603419e-01   6.1555922e-01  -3.6613264e-02  -1.7493982e-01   3.3723189e-01  -1.8769559e-01  -2.7968414e-03  -1.2950074e-01  -6.5628887e-01  -1.9074264e-02  -1.5358781e-01  -2.5016019e-01  -7.0231683e-02  -5.7592247e-01  -1.9870142e-01   3.8381548e-01  -1.4956935e-02  -9.2740261e-02  -9.3329865e-02   5.6239797e-01  -4.3580173e-01  -2.2616883e-01  -9.1499521e-02   6.5162129e-02   5.6441243e-02   1.7615547e-02  -2.2394151e-01  -6.5154738e-02  -3.4310330e-01   4.8001896e-03   3.2964723e-01   2.9794283e-01  -1.0521730e-01  -1.5322240e-01   2.2073983e-01  -3.7417392e-01   2.1680510e-01  -3.5732895e-01   3.9802758e-01  -5.1949572e-02  -3.7868610e-01   4.6702782e-01  -3.1495163e-01  -4.9311411e-02   4.9643419e-02  -1.8058413e-01  -3.2852913e-01  -1.8226763e-01   2.7727320e-02  -1.2529401e-01   1.1747110e-01  -2.6475886e-01   2.9774789e-01  -2.4085498e-01  -3.8259728e-01   3.2131826e-01  -3.4175398e-01  -4.6345229e-02  -5.7116994e-01   2.2096886e-01  -1.7417644e-01   2.7322298e-01  -1.4508721e-01   7.9754981e-01  -2.2213668e-01  -8.8986963e-02  -2.8996601e-01   6.7689260e-01  -3.7993641e-01   2.6605574e-02  -3.2188910e-01   2.9587472e-01  -5.5619641e-01  -6.5472067e-02   1.7834645e-01   6.2992290e-03  -7.8063288e-02   3.0372159e-01   5.3796822e-01   1.3179023e-01  -2.0394898e-01  -5.1691434e-01   1.6558377e-01   6.2680713e-02   2.9509616e-02  -1.1924441e-01
  -2.3573469e-02  -1.2649936e-01  -3.9396086e-01   0.0000000e+00   4.9775126e-02  -8.7740861e-02   3.8361546e-03   2.0964281e-02   2.2684267e-01  -3.6499046e-01   3.5784941e-01  -2.7779502e-01  -9.4243429e-02   2.6265475e-01   1.9251068e-01  -1.6693341e-02  -3.7118276e-01   5.7096635e-01  -2.1063119e-01   6.8517965e-02   2.5287328e-01   5.3874049e-01  -2.9847290e-01   1.0426875e-01   1.3735893e-01  -8.4090715e-02   2.0243148e-01   2.7956808e-01  -2.5508364e-01   6.1081422e-01   2.0522849e-01   4.7500853e-01   8.0491558e-02  -3.5127604e-01   8.1433610e-02  -8.3117999e-02  -2.6041763e-01   1.4368637e-01   1.4983569e-01  -3.7972644e-01   2.3591195e-01   3.6017817e-02  -1.6557104e-01   1.7745193e-01   9.9023527e-02   7.9553506e-02   4.4991599e-01   3.6873971e-01   1.1580891e-02  -3.7360334e-01   5.4784803e-01   1.5183053e-01  -4.3905453e-01  -5.1351596e-02  -5.8509436e-02   1.3428348e-01  -2.4650403e-01   4.5145718e-01   5.3921474e-01   1.7272038e-01  -1.1426674e-02  -2.7306923e-02  -4.7810336e-02   1.9939735e-01   4.1216216e-01  -1.2965965e-01   2.1738230e-01  -2.2313122e-01   5.9735684e-01  -1.3975767e-01  -4.4119790e-01   4.8162067e-01   5.7625087e-02  -3.3945891e-01  -1.0077502e-01   3.3494373e-01   2.4252097e-01   8.5762176e-03  -9.6473785e-02   2.0143776e-01   2.5796993e-01  -9.1966449e-02  -1.7315683e-01   1.0066450e-01  -4.6993076e-01   3.7815673e-01   1.1837560e-01  -1.5721536e-02  -6.7642950e-02  -1.4817913e-01  -1.3405786e-01  -2.1576055e-01  -4.7429381e-01   3.0426296e-01   2.1142960e-01  -1.3645964e-01   2.0695971e-01  -1.4468738e-02   2.1941628e-01   3.9562795e-01  -6.4101889e-02   6.9772556e-03   6.1126738e-01   1.8963530e-01   6.0476867e-01   5.5285803e-01  -1.9944381e-01   1.4675481e-01  -1.4836352e-01   2.2388690e-01  -4.1373234e-01   6.2489790e-01   2.8744554e-01  -7.9396430e-02  -2.3914554e-01  -7.4520527e-02   1.9082508e-01  -1.5092014e-01   8.6457723e-02   6.7224310e-01  -8.1934106e-02  -1.7658064e-01  -1.2048303e-01   1.6618409e-01   1.3065829e-01  -7.0436494e-02   2.4982420e-01  -7.6241841e-02   5.7522059e-01  -1.6065975e-01  -4.3017535e-02   3.4932887e-02  -2.0912662e-01   5.1390092e-02   2.6833690e-01   1.8610571e-01   1.9420654e-01   2.5624180e-01   3.6889931e-01  -5.3726604e-02  -2.0105858e-01  -6.8052463e-02   3.2541297e-01  -1.7094299e-01   1.3481749e-01   4.0969614e-01  -4.2999898e-01   1.8397659e-01   2.4822888e-02   2.2319498e-01  -2.4912962e-01   4.7470416e-01  -8.0210972e-02   9.5754516e-02  -3.9611957e-01   2.0375273e-02   1.0355064e-01   4.2229991e-01  -1.3566115e-01   4.9800636e-01   2.5348441e-02   3.5507845e-01  -2.7127472e-01   6.9739562e-01   3.1089106e-01  -2.8873878e-01  -1.1010516e-02   2.4968967e-01  -2.2580138e-01  -3.0758387e-01  -1.8775059e-01  -2.3798002e-02   4.4941543e-01   1.4787101e-01   5.9453161e-02  -4.0321745e-02   3.9408732e-01
  -1.9918423e-01   4.6203688e-01   1.2716202e-01   4.9775126e-02   0.0000000e+00   3.5897999e-02  -4.1251609e-01  -1.3239448e-01   3.2395612e-01  -4.7127279e-02  -3.9127339e-01   2.6965385e-01   3.0043057e-01  -3.1989319e-01  -6.9704179e-01   1.1438364e-01   3.2580746e-01  -2.3284648e-01  -1.4167706e-01   8.1435642e-01  -7.0943295e-02  -1.7569380e-01  -4.5731074e-01  -2.9331378e-01  -1.5849917e-01  -1.1342616e-01   6.0353502e-01  -8.1425256e-02   5.1536960e-02  -1.9718322e-01  -5.8888416e-01  -1.1323283e-01   3.2893016e-02   8.7779513e-03   1.3199615e-02   5.6362498e-01  -2.3518205e-01  -6.3485079e-02   3.5556781e-01   5.0505301e-01   3.9070883e-01   2.5685841e-01   1.8960287e-01  -5.5899281e-01   2.9667885e-01  -2.7692711e-01   2.7915652e-02  -3.9363527e-01  -5.7527720e-02   5.0299369e-01  -2.1113501e-01  -1.8227745e-01   2.8280244e-01  -1.1121410e-01  -3.3120662e-01  -4.4140816e-01  -8.9269824e-02  -1.0291542e-01   9.0643655e-02  -1.2343279e-01   4.2284752e-02   2.2040529e-01   1.9666748e-01  -4.2907680e-01   2.0295094e-01   4.2057636e-01   1.3608942e-01  -4.5718380e-02  -7.2878815e-02  -1.1298255e-01   8.1917080e-02  -8.5825928e-02   1.4520909e-01  -2.2937351e-01  -5.6605826e-02  -2.0075073e-01  -6.5004618e-02  -1.4184209e-01   8.4405651e-01   2.8180691e-01  -4.7184666e-01   1.9667883e-02  -4.1502410e-01   3.9388039e-02  -2.8076832e-01  -2.5095964e-01  -1.9103862e-01  -5.1353952e-01   6.7278646e-03  -2.2536956e-01   8.6015649e-01   4.3779601e-03   1.0510083e-01  -1.1528603e-03  -2.2256283e-01   8.3596944e-01   1.7875058e-01   1.9566695e-01   5.3808671e-01  -6.7365642e-02  -6.3817083e-01  -5.8593400e-01  -4.9173105e-02  -2.4441872e-01  -1.2358045e-01  -9.0251260e-02  -3.5348085e-03   2.2876743e-01  -2.2698779e-02   3.8478758e-01  -2.6608970e-01  -1.6239943e-02   2.9572918e-02  -2.8439088e-01  -5.8168268e-01   6.5616066e-01  -1.1651382e-01   3.7004935e-02  -4.7997134e-01  -8.1313920e-02  -2.3194957e-01   8.6991639e-01  -2.0623267e-01  -2.4310068e-01  -5.4161177e-02  -2.3296305e-01  -3.8080791e-01   2.9362407e-01  -3.2602201e-01  -2.2990999e-01   2.8194071e-01   1.3973938e-01   1.4058869e-02  -5.1469059e-01  -3.2468577e-01  -8.7808468e-02   1.7668581e-01  -6.2881046e-01  -2.7190024e-01  -3.5948226e-01  -3.5376647e-01   1.9699053e-01  -1.5092516e-01  -4.8309876e-01  -5.5921908e-01  -2.4584963e-01  -1.5092024e-01   6.3626600e-01   5.8804202e-02  -2.2674494e-01  -4.7732360e-01  -2.6117928e-01  -3.9365912e-01   2.4681674e-02  -8.3158534e-02  -3.8935539e-02  -3.1607252e-01   5.3388941e-02   1.3206722e-01  -2.7134188e-01   4.6233562e-02  -2.4714009e-01   5.9801066e-01   2.6016618e-02  -1.8346161e-01   4.4137280e-01  -1.9192468e-01   3.7135692e-02  -3.3553190e-01   3.3681098e-01   7.3178311e-01  -1.5553816e-01   2.6243872e-01  -7.7323111e-02  -2.0828447e-01   1.2809588e-01  -1.9602647e-01
   3.3698275e-02   3.3573932e-02   5.8366774e-01  -8.7740861e-02   3.5897999e-02   0.0000000e+00  -1.2484933e-01   1.4297471e-01  -8.6086567e-02   3.0085458e-02  -4.1785693e-02   3.2438606e-01  -4.6895447e-02  -1.4129684e-01  -1.2035919e-01   3.6522297e-01   4.3399966e-01  -2.1150026e-01   1.1975787e-01   1.3931358e-01  -1.5291947e-01   3.2112787e-03  -1.4008919e-01  -3.9506191e-01  -2.3313102e-01   1.7859094e-01   3.1537072e-01   1.2716624e-02   1.5019175e-01  -8.3896221e-02  -2.0340099e-01  -1.2884579e-01   3.0998791e-01   1.8916568e-01  -1.3938828e-01  -1.2780562e-01  -1.7813419e-01  -7.2474570e-02   1.3911772e-01   4.5739128e-01  -1.1537076e-01   5.4106570e-01   3.6839979e-01   4.9777211e-02  -2.7242385e-01   2.4141773e-02  -3.0953224e-02  -3.6967888e-01  -2.8860885e-01   2.7359885e-01  -1.2750668e-01   5.7611434e-02  -9.2975332e-02   2.6110827e-01   9.0240023e-03   2.2433489e-02   5.5354371e-01  -1.0156006e-01   7.7134313e-03   2.1178345e-01   3.7631697e-01  -3.5698009e-01   1.2546594e-01  -4.5208352e-01  -4.2065822e-01   1.9552361e-01   5.7680307e-01   1.0290589e-01   7.6063256e-02   6.0715066e-01  -2.6707166e-01  -3.3064620e-01  -2.4692814e-01   4.6772085e-01  -3.2410504e-02  -1.5366143e-01   5.7454402e-02   7.3946632e-02   1.0791591e-02  -1.3574008e-01  -1.4943786e-01  -1.3056621e-01   2.3866582e-01   1.4238268e-01   2.6544529e-01  -2.3700405e-01  -2.2725093e-01  -2.6978448e-01   1.5794502e-01   1.0672649e-01   4.7159679e-02   4.8720054e-01   4.1249955e-01  -5.3506489e-02  -1.4238172e-01   2.0296424e-01  -1.2912690e-01  -2.8225216e-02  -1.4248097e-01  -2.3256679e-01   1.9187901e-02   1.6117433e-01  -4.4905871e-02  -2.4536573e-02  -1.7155001e-01  -1.3568419e-02   1.9684876e-01   1.5038318e-01  -2.5004366e-02   2.1143805e-01   4.3848597e-01  -4.6359698e-02  -3.7908123e-01   9.5606593e-02   2.3831570e-01  -1.9783145e-01  -1.5335361e-01  -1.0041953e-01   2.9249200e-01  -8.6650445e-02   1.4436092e-01   1.6726042e-01   5.5139062e-03  -2.0861906e-01   5.5745057e-02   3.4434985e-01  -2.0325196e-01  -2.6176553e-02  -7.4855152e-02   4.9860004e-01   4.1210343e-03  -2.6646416e-01   2.4500125e-01  -2.6026263e-01   1.7968582e-03  -3.4591826e-02  -1.2846491e-01  -2.4432889e-01  -1.2252913e-01  -4.0350710e-02  -7.4288630e-02  -1.2215328e-01  -8.9060782e-02   5.2858478e-01  -1.1822571e-01  -2.2577146e-01   2.5476572e-01  -1.4559922e-01   3.4702651e-01  -3.4596883e-01   4.2800130e-01  -4.5124443e-02   3.9170844e-01  -6.8577517e-02   7.1888226e-01  -2.3262520e-01   4.4930525e-02  -1.7239275e-02   4.3595395e-01  -1.8000180e-01  -1.3718743e-01  -1.6328821e-01  -1.0549697e-02  -1.1853099e-01  -6.3139725e-02  -3.8195356e-02   1.4460012e-01   2.6853700e-01   4.1790900e-01   1.8654953e-01   3.1390144e-02  -2.1243289e-01  -2.4816802e-01   5.2312714e-01   7.2455947e-02  -2.2008767e-01  -8.3641140e-02
  -1.2761616e-01  -1.6374108e-01  -4.1852953e-01   3.8361546e-03  -4.1251609e-01  -1.2484933e-01   0.0000000e+00  -1.6529426e-01  -1.1296969e-01   3.7726784e-01   3.2974487e-01   7.7407857e-02  -1.7945442e-01  -1.4433314e-02   5.7215216e-01   1.3666508e-01  -4.7862852e-01   3.0478871e-01   1.5624483e-03  -1.6289432e-01   4.4647220e-01  -7.1810695e-02   6.3693972e-01  -6.7047033e-02   2.7989343e-02  -9.3645361e-02  -2.0458782e-01  -6.2637698e-02  -1.2744815e-01   7.8878799e-02   1.3334125e-01  -7.4497683e-02   1.6744181e-02   3.7179639e-01   3.1015055e-01   2.4914100e-01   1.9488434e-01  -1.1783352e-01  -6.4544858e-02  -3.6759744e-01  -2.3796307e-01  -1.3156159e-01  -2.1015557e-01   1.9023932e-01   1.8519972e-01  -2.3517486e-01   1.9272280e-01   4.7754749e-01  -1.3747653e-01  -5.6971838e-01   4.0728997e-01  -6.7595939e-02   6.6544090e-02  -1.5421563e-01  -2.6468931e-01   5.8230886e-02  -9.1747156e-02  -3.7289302e-02   6.9624605e-02   1.3590734e-01  -4.4766499e-01   3.4120535e-01  -2.3419133e-01   5.3266561e-01  -6.7110166e-04   2.9022202e-01  -7.2830308e-02  -8.1828729e-02  -1.5343251e-02  -1.6766665e-01   2.5193478e-01   1.8322945e-01  -7.9168993e-02  -3.1237662e-01  -1.9505469e-01   3.2850425e-03  -2.7032136e-01   8.6365198e-02  -3.3846053e-01  -8.7705743e-02   3.2462606e-01   2.2123738e-01   1.4350234e-02  -1.3559758e-01  -1.9871204e-01   3.5288196e-02   2.2692856e-01  -3.4283961e-02  -9.7892577e-02  -1.6677887e-01  -4.7783477e-01  -4.8370440e-01  -2.9807168e-02  -2.3660235e-02  -1.7208930e-01  -4.0394427e-01   1.5757892e-01   1.3724487e-02  -1.8670370e-01   5.6125238e-01   2.0122777e-01   3.4015164e-01  -7.5063555e-02  -5.6646219e-02   2.4253774e-01  -5.8231560e-02  -1.2056315e-01  -2.8321531e-03  -5.5563598e-02  -4.0641439e-02   1.0516396e-01   6.6706977e-02   5.9457358e-03  -1.1391497e-01   4.0273392e-01  -3.0146031e-01  -5.2136004e-02   1.3942407e-01  -2.6789254e-02   3.1253065e-02  -1.9917655e-01  -4.2020289e-01  -1.9394333e-01   4.2645445e-02  -1.7486170e-01  -2.0978224e-01   5.0395657e-01  -3.3553274e-01   6.3157432e-02   6.9158747e-02  -2.6987924e-02   5.8631750e-01  -4.3338343e-01   3.8846710e-01  -7.8102696e-02  -1.3426014e-01  -4.3581334e-03   4.1977468e-01   1.5384702e-02  -1.4412597e-01  -7.7853255e-02  -1.8891557e-01   7.1134158e-02   1.1039001e-01   4.4170923e-01   2.6254608e-01   5.2157634e-01  -1.3087009e-02   3.2446209e-01   4.3725605e-01  -1.9400662e-03   6.2543426e-03  -1.7135356e-01   1.2834640e-01  -1.9275041e-01  -3.2919822e-01  -1.7134552e-01   1.9198462e-01  -5.0468420e-01   1.7819121e-01  -5.3976127e-02   1.3637958e-01  -4.0376392e-01   2.1887984e-01  -8.0957752e-02   8.1289986e-02   5.3579181e-01  -1.3709689e-01  -2.0860014e-01  -4.2534820e-01  -1.4561035e-01  -1.2993853e-01   1.4532164e-01  -2.2291407e-01  -9.2281508e-04  -3.5508243e-02  -6.8821092e-02
   2.1253879e-01   3.0924241e-02   9.0817167e-02   2.0964281e-02  -1.3239448e-01   1.4297471e-01  -1.6529426e-01   0.0000000e+00   2.2333618e-01  -9.9464972e-02  -4.0413441e-02  -2.8201980e-02  -1.6782043e-01  -6.0711617e-02  -1.0396787e-01  -3.0009300e-01  -4.8136097e-02  -2.6245910e-01   3.7814079e-01  -2.2077493e-01  -3.7848071e-01   3.1549048e-01  -2.8729431e-01   1.0097739e-01  -1.2528162e-01   7.0010032e-01  -4.6250286e-02   2.2207222e-01   2.1486618e-01  -1.4238894e-01  -1.6765867e-01   1.3165660e-01   5.6907479e-02  -4.6471802e-02   1.4716022e-01  -2.6389629e-01  -1.6997415e-01   3.8564956e-02  -3.0538538e-01  -6.8841994e-02   1.1885192e-02  -8.9515366e-02   2.8160247e-01   3.3212823e-01  -3.1660887e-01   6.0691006e-02  -1.5478438e-01  -3.1215098e-01   6.1505620e-02   4.1428389e-02  -2.1863896e-01   7.3257675e-01  -1.3370114e-01   9.8403771e-02   2.2608118e-01   3.1636714e-01   2.4590740e-01   3.9972440e-01  -2.8569697e-02   1.9400493e-01   1.9421247e-01  -1.3338659e-01   1.9835466e-01  -1.3219615e-01  -1.7265362e-01  -2.4247106e-01   1.5132475e-01   1.7199450e-01   2.3517708e-02  -6.3459336e-02  -1.7657894e-01  -2.2629536e-01  -4.5835559e-02   2.9082246e-01   2.8766891e-01   3.7181152e-01   1.0783165e-02   4.0147337e-01  -6.6458909e-02  -2.0330653e-01   3.0781993e-01  -1.8156221e-01   3.7629411e-02   8.0476792e-01   1.0149462e-01   3.1557842e-01  -1.0827134e-01   2.4391075e-01   6.6788640e-02   1.9097612e-01   4.8694802e-03   3.8570193e-01   3.3953603e-02   3.7018858e-01  -3.5013477e-02  -9.0753161e-02  -2.4232812e-01   3.1174878e-01  -1.3190332e-01  -3.6901208e-01  -5.1395681e-02   2.1756341e-01   2.5651994e-01   3.2099201e-01  -1.5601499e-01   2.9516434e-01  -6.2288152e-02   2.9083238e-01   2.1539706e-02  -2.8216613e-01   9.9082625e-02  -1.5270737e-01  -1.5264188e-01   1.5220062e-01  -1.3109074e-02   2.8094085e-02   2.7553125e-01  -7.1134492e-02   1.2671142e-01  -4.2802354e-02   1.0566788e-01  -6.3313853e-02   2.5734199e-01  -2.3338509e-01   1.1222722e-01   3.3397682e-01  -2.4067428e-01   7.3826183e-02   2.2209525e-01  -2.4489945e-01  -1.8205298e-01  -2.6807280e-01   2.8652666e-01  -2.9580164e-01   5.0312373e-01   6.3406677e-01  -6.3030510e-02   2.8282977e-02   5.8153233e-01   2.9483198e-02   7.5250351e-02  -2.2412019e-01   2.1822802e-01  -2.0840287e-02  -2.3817362e-01  -1.9707029e-01  -1.2330173e-01  -2.2293132e-01  -2.1510955e-01  -4.3740308e-01   2.8352484e-01   3.5440690e-01   3.7390939e-01  -1.8219100e-01   3.4503439e-02   1.2702262e-01   4.0594175e-02  -1.7845499e-01   2.8290599e-01   1.4656427e-01  -3.1970929e-02   1.2139339e-01  -2.9305834e-02  -2.7154869e-01   3.4848037e-01  -9.6768867e-02  -1.0264550e-01   4.4831807e-01   1.4323379e-01   9.8692984e-02  -1.0396542e-01  -2.3221282e-01  -2.2326658e-01   8.0481674e-02   5.2952662e-02  -1.5182028e-01   4.1111048e-01
  -2.0325486e-01   5.2464313e-01   9.3731447e-02   2.2684267e-01   3.2395612e-01  -8.6086567e-02  -1.1296969e-01   2.2333618e-01   0.0000000e+00  -2.3197393e-01  -9.1707222e-02   3.1977407e-01  -3.7354315e-02  -2.4244596e-01  -2.3959986e-01  -1.5635922e-01   9.3755518e-02  -4.9977198e-02  -2.1147129e-02   1.1634922e-01  -2.3171645e-01   1.2678710e-01  -3.5858207e-01  -1.8178198e-01   1.1343629e-01   1.1214688e-01   3.4036943e-01  -1.4225660e-01   1.1932442e-01  -3.8877884e-02  -3.3472793e-01  -5.7836355e-02   2.9368435e-02   1.1463594e-01   3.6762687e-01   4.9118828e-02  -2.1130627e-01  -5.9392661e-02  -1.2919492e-01   6.0982727e-02   1.5723563e-01  -5.6441563e-02   3.5389160e-01  -7.3390462e-02   2.7391847e-01  -2.5728361e-01   1.3880300e-02  -1.0949425e-01  -1.5866076e-01   1.2940058e-01  -1.2889040e-01   2.0417297e-01   1.6121392e-01   1.0626177e-01  -4.4212751e-02  -1.3442402e-01  -9.8888159e-02   8.7379520e-02   8.5258311e-02   2.5078560e-01  -1.4659478e-02   2.6761823e-02   5.4037564e-01  -2.7153341e-02   3.3011003e-01  -2.6847071e-02  -4.5846559e-03   1.3490022e-01   3.8656963e-02  -2.4341182e-01   5.9769986e-02   5.4603499e-02  -6.5095292e-02  -4.3431343e-02   2.5056154e-01   6.9078052e-02  -2.2242005e-01   1.2701500e-01   4.4824981e-01   2.1931434e-01  -7.6471385e-02  -8.1190040e-02  -1.9950165e-01   1.6519463e-01  -2.6712021e-01   1.3499861e-01   2.5870468e-01  -1.0264021e-01   1.6333662e-01  -2.5799018e-01   2.8861895e-01   6.2829178e-02  -2.4528626e-02   4.3794781e-01  -2.5425085e-01   1.3375579e-01  -6.8340041e-03   2.0508185e-01   3.1867626e-01  -9.8670381e-02  -4.4326845e-01  -2.1210058e-01   1.1328130e-01   3.5786700e-01   5.6064180e-03   7.9674457e-02  -9.1672446e-02   1.4668860e-01   1.5955150e-02   2.9797673e-02  -6.6393133e-02  -5.2734143e-02   1.1972750e-01  -2.6498488e-01  -3.0708117e-01   4.9658648e-01   1.1374394e-01  -1.2324607e-01  -2.9967914e-01   1.8676360e-02  -3.6042038e-01   2.7651212e-01   5.5225745e-02  -2.2909457e-01  -1.9163361e-01  -3.0342823e-02  -7.1695050e-02   2.1475383e-01   1.4421220e-01  -2.8342334e-01  -1.3835264e-01   7.4117698e-02   2.2030979e-01  -4.5250194e-01   2.3945883e-01   2.9661348e-01   1.7284281e-01  -1.7762927e-01   2.3417643e-01  -3.8020590e-02  -2.5461582e-01   1.0473489e-01   7.0921744e-02  -2.8572774e-01  -1.7743001e-01   8.8148986e-02  -5.6916895e-02   3.2475849e-01  -1.8425809e-01  -1.8893727e-01  -2.5888856e-01  -6.5890096e-03  -1.3393459e-01   4.5250035e-02  -6.6140299e-02  -1.5399189e-01  -3.9109172e-01   2.8142784e-02   3.6007305e-02  -1.1879778e-01   1.2102450e-01   1.1796707e-01   1.6889341e-01   1.0974693e-01   1.1134324e-01   1.9422822e-01   3.5955558e-02   1.0374055e-01  -2.7210062e-01   1.3086590e-01   3.4145050e-01  -3.1373196e-01   2.3014372e-01  -1.5391189e-01   1.1439125e-01   9.8727232e-02   1.7306672e-01
  -2.1245288e-01  -6.2872295e-02  -1.3325192e-02  -3.6499046e-01  -4.7127279e-02   3.0085458e-02   3.7726784e-01  -9.9464972e-02  -2.3197393e-01   0.0000000e+00  -1.5934222e-01   1.3566804e-01   1.8867370e-01  -3.2420710e-01  -1.0087222e-01  -8.7824027e-02  -8.4180859e-02  -1.8087492e-01   1.2096483e-01   1.5631966e-01   1.0766564e-01  -2.4078441e-01   4.8942383e-01   6.4835313e-03  -2.1342608e-01   1.0108985e-01  -2.3334283e-01  -1.6941539e-01  -4.6968813e-02  -5.1276914e-01  -2.9168767e-01  -4.2644104e-01  -2.2039612e-01   5.0186036e-01  -6.3997589e-02   2.4498323e-01   3.0734400e-01  -3.1043356e-01  -2.5582625e-01   1.8234717e-01   3.1812883e-02  -1.2789179e-01   1.4381560e-01  -1.4226899e-01  -1.7775910e-01  -4.1342899e-01  -2.6499893e-01  -1.5604312e-01  -8.0135992e-02  -4.3693495e-02  -4.4686217e-02   1.5254528e-02   5.4796154e-01  -1.1060149e-01  -3.7666226e-01  -4.5485785e-02   1.5667856e-01  -6.0147622e-02  -2.5000383e-01  -2.8620595e-01  -4.4719600e-01   2.1435171e-01  -1.8016921e-01  -1.8450963e-02  -3.5703525e-01   6.2869118e-01  -1.3516023e-01  -2.1746187e-02  -3.4288977e-01  -2.0403679e-01   5.1085274e-01  -3.3820733e-01   3.0761129e-02  -1.6638455e-01  -7.6813513e-03  -2.2328136e-01  -5.1149716e-01   9.7660513e-02  -1.0622278e-01  -2.7350272e-01  -4.3092333e-03   1.1426568e-01   7.9375948e-02  -4.6498612e-03   5.3862660e-02  -2.8985783e-01  -1.6593618e-01  -1.6422721e-01  -1.0534141e-01  -2.2454884e-01   3.1343427e-02  -2.4779609e-01   5.6981412e-01  -2.2413008e-01  -4.2539056e-01   2.6350244e-01  -1.2284292e-01   1.9431647e-01  -2.8302038e-01   7.2186787e-02  -9.0118977e-02  -6.5531878e-02  -2.8904283e-01  -3.6624277e-01  -3.0815122e-01  -3.3233561e-01  -1.2327784e-01   8.3839326e-02   3.2169635e-01   3.6341434e-02   3.7078107e-01  -3.6332999e-01  -3.8285807e-01  -2.3993387e-01   1.2275874e-01  -1.8486433e-02  -4.2859103e-02   2.7757248e-01  -1.4753422e-01  -2.0817834e-01  -2.4044457e-01   1.5209061e-01   1.7979574e-02  -3.2482259e-01  -3.1796027e-01  -3.3169122e-01  -1.1320304e-01  -1.5362010e-01  -2.3478267e-01  -6.6956575e-02   1.1425484e-01   3.5715801e-01  -3.6362789e-01   1.2269200e-01   2.0432550e-02  -1.3314997e-01  -6.9918293e-02  -1.0483760e-01  -1.7540178e-01  -1.6952533e-01  -7.8164008e-03  -4.3918703e-04  -2.1366246e-01   3.3301625e-02  -2.3464494e-01  -3.7855187e-01   6.1476417e-01  -4.5589607e-02   3.7394822e-01   1.3146037e-01   6.7893006e-03  -2.4722247e-01  -2.4289225e-01  -7.3665801e-02   1.3127154e-01  -6.6571744e-02  -2.2189930e-01  -5.6105617e-02  -2.3909701e-01  -1.0370756e-01  -3.1394253e-01  -2.9208671e-01   2.9847787e-01  -3.1462189e-01  -3.2039327e-01   4.0276014e-01   1.8015539e-01  -2.2723223e-03  -9.3093829e-02   2.0062541e-01   1.5704219e-01   9.7573592e-03  -3.1452440e-01  -2.6359938e-01  -1.3221988e-01  -1.4904726e-01  -2.7198560e-01
   1.4043752e-02  -3.3567523e-01  -3.8704007e-01   3.5784941e-01  -3.9127339e-01  -4.1785693e-02   3.2974487e-01  -4.0413441e-02  -9.1707222e-02  -1.5934222e-01   0.0000000e+00  -3.3516942e-01  -2.2350942e-01   1.4005696e-01   4.8378680e-01   1.4450295e-01  -3.3508460e-01   7.3727474e-01  -2.4482974e-01  -3.2551119e-01   3.1412585e-01   4.0027503e-01   6.7724912e-02   9.6486599e-02  -2.4577804e-02  -2.3173704e-01   6.1586030e-02   2.4960198e-01  -1.9515727e-01   4.5660555e-01   4.6864652e-01   3.7367355e-01   1.6765552e-01  -2.2015161e-01  -4.0656901e-03   2.2203946e-02  -5.4943381e-02  -1.5410884e-02   1.1890589e-01  -5.3405146e-01  -1.0618161e-01  -5.1837183e-02  -3.6120079e-01   5.7116574e-01   6.1725727e-02   2.3760518e-01   7.2413801e-01   5.0642056e-01  -5.5170310e-02  -5.7304870e-01   6.9500132e-01  -1.0485192e-01  -3.8319829e-01  -1.2820600e-01   1.0887773e-02   1.9227034e-01  -6.3671890e-02   2.7374217e-01   4.4093725e-01   3.5124346e-01   6.0108633e-02   4.4632741e-02  -2.5604456e-01   4.8352802e-01   2.2269666e-01  -1.1283377e-01   1.4795396e-01   8.7888481e-02   6.6501258e-01   4.3876068e-02  -2.7346615e-01   4.3327748e-01  -1.3912598e-01  -2.2844565e-01  -1.9931209e-01   2.2624991e-01   1.3256615e-01   7.0122185e-02  -3.8570731e-01  -9.1128135e-02   2.8109975e-01  -1.1149584e-02   2.0466948e-01  -1.5429802e-01  -3.0315875e-01   2.7276479e-01   1.2635634e-01   1.9042839e-02  -1.6363635e-01  -3.0610879e-02  -5.4737746e-01  -1.1942944e-01  -4.1752691e-01   2.2388865e-01   1.1746029e-01  -4.9006338e-01  -2.4445953e-02  -3.1663015e-01  -1.4922084e-01   2.8602782e-01   3.6068398e-01   4.1840046e-01   1.7664302e-01   3.0178395e-01   6.1195456e-01   4.0368610e-01  -1.1126387e-01  -1.1320568e-02  -1.8401789e-02   2.4602485e-01  -1.5780797e-01   3.8654116e-01   5.0531237e-02   3.5807152e-02   1.9665717e-01  -4.1215423e-01   5.1560703e-02  -1.9270352e-02   2.9960146e-01   3.0950145e-01   1.4027255e-01  -4.9767202e-01  -1.0662751e-01   2.6863097e-01   1.0635926e-01   1.7495482e-02   3.9661497e-01  -2.8699507e-01   5.4691195e-01   1.8828763e-01  -8.2661274e-02   2.0722254e-01  -2.3475382e-01   4.1607244e-01   2.0702227e-01  -4.9767101e-02  -2.0881736e-01   4.2398432e-01   1.6857653e-01   1.7960311e-02  -6.6085722e-02  -1.8178103e-01   5.6251803e-01   1.4705067e-01   4.6045644e-01   5.8192613e-01  -1.6248464e-01   8.0145827e-02   2.4161103e-01   2.5856025e-01   2.6992805e-02   2.5200764e-01   1.0549820e-01   5.2758637e-01  -1.4088790e-01  -4.8100260e-02   2.4634327e-01   3.5416639e-01  -1.9637153e-01   3.7164582e-01   1.4290238e-02   5.8713265e-01  -4.6132021e-01   6.1969523e-01   1.9625807e-01  -4.1053616e-01   3.4064184e-01   3.2248104e-02   7.0228919e-02  -3.8670969e-01  -4.0146631e-01  -3.4575922e-02   3.5037937e-01   1.9946198e-01   5.0899376e-02  -5.0497938e-02   3.5014317e-01
  -2.4938307e-01   5.3606348e-01   4.6215058e-01  -2.7779502e-01   2.6965385e-01   3.2438606e-01   7.7407857e-02  -2.8201980e-02   3.1977407e-01   1.3566804e-01  -3.3516942e-01   0.0000000e+00  -1.8151055e-01  -4.6153580e-01  -3.3910300e-01   2.3469751e-01   3.3071503e-01  -3.1807970e-01   8.0886447e-03   2.7340621e-01  -2.1307938e-01  -3.7444077e-01  -4.8249743e-02  -4.8341517e-01   1.9559727e-02   3.4927613e-02   3.5908300e-01  -2.8461584e-01   1.8379272e-01  -2.3214458e-01  -4.5646435e-01  -4.2583946e-01   2.5449113e-02   6.4191543e-01   1.2327782e-01   2.7188648e-01   4.8264830e-02  -2.2552157e-01   2.5462843e-02   4.9735005e-01  -2.2093626e-01   1.5965396e-01   6.4761364e-01  -2.7324793e-01   3.5016481e-01  -3.8323912e-01  -2.4725004e-01  -2.5317778e-01  -3.3681828e-01   3.5315036e-01  -3.7223862e-01  -6.3668539e-02   3.1662327e-01   8.5054202e-02  -1.4610734e-01  -1.5192235e-01   1.0654175e-01  -4.1826194e-01  -1.5647364e-01   2.3924742e-01  -3.8738837e-02   8.9290674e-02   5.0732578e-01  -2.7172799e-01  -1.4116957e-01   3.4600150e-01   3.4256000e-02   1.0142363e-01  -2.2265897e-01  -2.7397525e-02   1.9137445e-01  -2.7711295e-01  -2.9989943e-01   2.8960367e-01   2.3804087e-03  -1.2972954e-01  -3.0189917e-01   2.2680976e-02   5.1315390e-01   5.1925070e-02  -2.4079942e-01   4.7638142e-02  -7.6598113e-02  -1.9472845e-02   1.5722397e-01  -1.7163354e-01  -1.5277652e-01  -3.0972446e-01   2.7762154e-01  -2.7021221e-01   2.5497219e-01   1.5000072e-01   5.5907280e-01   1.8342518e-02  -4.0891699e-01   2.7794730e-01   1.1166132e-01   1.4686477e-01   1.5920150e-01  -1.7780276e-01  -4.3331074e-01  -1.8813704e-02  -2.3924045e-01  -1.1874827e-02  -3.1669318e-01  -3.4567375e-01   1.3269600e-01   1.0925359e-01  -7.9167293e-02   3.0001755e-02   4.2456524e-01  -2.4279641e-01  -9.8535629e-02  -2.3393811e-01  -5.6039209e-02   2.9147912e-01  -9.6788246e-02  -1.7897660e-01  -3.5068072e-01  -3.0863992e-01  -3.2355322e-01   4.4093687e-01   1.5537479e-01  -2.3855077e-01  -2.9366621e-01   3.9693369e-02  -1.0565529e-01  -4.8454233e-04  -3.8539682e-01  -3.1899244e-02  -1.7005275e-01   1.7248707e-01   2.9316586e-01  -3.8776578e-01  -2.4228411e-01   1.2441275e-02   6.3190103e-03  -3.6343898e-01  -1.5322691e-01  -8.6098681e-02  -2.2531189e-01  -6.1069984e-02  -9.3232373e-02  -4.6631091e-02  -1.5376643e-01  -1.3475725e-01   4.6545844e-01   1.2086455e-01   2.7652351e-01  -2.0853022e-01  -1.7535160e-01  -2.6561742e-01  -1.3019936e-01   9.5154011e-03   4.3470695e-01  -3.8438219e-01  -4.7289734e-01  -3.6803454e-02   1.3317094e-02  -3.2193912e-01   1.2157522e-01  -1.9622407e-01   1.0195056e-01  -2.2533561e-01  -1.8136362e-01   4.8570313e-01   3.0401171e-01  -9.5500460e-02  -1.4712770e-01   1.9886328e-01   6.4256866e-01  -4.0517809e-01  -1.0052534e-01  -1.8230919e-02   2.7165142e-02   7.1150793e-02  -2.9102654e-01
  -1.3975391e-01   5.9354811e-02  -6.6242644e-02  -9.4243429e-02   3.0043057e-01  -4.6895447e-02  -1.7945442e-01  -1.6782043e-01  -3.7354315e-02   1.8867370e-01  -2.2350942e-01  -1.8151055e-01   0.0000000e+00   2.0259831e-02  -2.1989149e-01   3.5777815e-02   8.5243670e-02  -1.9538735e-01   5.6842441e-02   2.3775641e-01   2.1272963e-01   7.2792444e-02   6.7557097e-02  -4.7356763e-02  -2.4904610e-01  -6.1165441e-02   3.3429653e-02   1.1609580e-01  -3.3083660e-02  -1.7716964e-01  -1.8373894e-01   3.3091590e-02  -1.0618097e-01   5.5980821e-02   4.8540449e-02   3.6931078e-02  -3.6150169e-02  -1.0388541e-01   1.3386382e-01   2.1296560e-01   5.7814193e-01   7.0900194e-02  -9.3805076e-02  -2.5455455e-01  -6.0855009e-02  -3.1513011e-01  -1.8255812e-01  -1.8899110e-01   1.5252534e-01   2.7221538e-01  -5.9875315e-02  -5.3552093e-03   2.3587049e-01  -1.6519627e-01  -1.1447786e-01  -1.4574353e-01  -1.4470526e-01   1.1195774e-01   1.5544969e-01  -2.7350398e-01  -1.6824679e-01   1.2716160e-03  -1.4492372e-01  -2.4210532e-01  -1.2397603e-01   2.6480598e-01  -1.3734637e-02  -2.0133333e-01  -5.6270287e-02  -1.4163510e-01   1.3881897e-01  -1.8348382e-01   4.5038577e-01  -1.8467537e-01  -2.7796918e-02  -5.0926161e-03  -1.7046408e-01   1.2727152e-01   2.0852753e-01   1.2867028e-01  -4.4376568e-03   3.2274157e-01  -7.4785443e-02   6.7332557e-02  -1.2404963e-01  -9.3466416e-02  -4.5713716e-02  -1.4364429e-01  -7.9607790e-02  -1.8673202e-01   3.5289053e-01  -1.1979094e-01   8.1896324e-02  -1.2223296e-01  -2.4651812e-01   3.7988251e-01  -7.4330735e-03   1.6823366e-01  -1.4886723e-01   5.8978513e-02  -1.8627161e-01  -4.2223624e-01   1.3889884e-01  -3.6566809e-01  -6.6131030e-02  -9.4916972e-02  -1.7817153e-01   2.1957097e-01   2.3181489e-01   1.3560435e-01  -1.3569528e-01  -7.3072540e-03  -2.2506897e-01  -2.0707639e-01  -1.4592792e-01   1.9548638e-01  -7.7557021e-02   4.9718835e-01  -1.1895850e-01   2.3068296e-02  -2.1339320e-01   3.5035847e-01  -1.5969933e-01  -2.0901971e-01  -1.3355186e-01  -2.2289204e-01  -2.2202514e-01   6.6091786e-02  -5.7785898e-02  -1.8848207e-01   5.5017631e-01  -1.2557292e-02  -1.6638244e-01  -3.9956008e-02  -1.0860712e-01  -6.5561553e-02   1.7657035e-01  -1.7590648e-01  -2.0562872e-01  -2.6020018e-01  -5.1361459e-02   3.8574743e-01  -1.7345180e-01  -1.4781544e-01  -2.6942153e-01  -2.9024840e-01   2.0505490e-02   1.1322260e-01   6.2681365e-02   5.3617812e-02  -2.7035816e-01   4.0820759e-02  -3.6552349e-01  -2.0355546e-01  -9.8717191e-02  -1.6360933e-02  -3.6632607e-02   2.4687729e-01   1.0335079e-02   8.8295069e-02  -1.1128180e-01  -2.2480397e-01   4.7235407e-01  -1.6995860e-01  -1.8165365e-01   2.3145368e-01  -2.8937225e-01   1.4530862e-01  -2.1572787e-01   2.5234393e-01   1.6439442e-01  -4.7919008e-02  -1.6128387e-01  -2.8937408e-02  -1.0336628e-01  -1.4695583e-01  -1.4324701e-01
   2.7877197e-01  -3.3626283e-01  -2.5631935e-01   2.6265475e-01  -3.1989319e-01  -1.4129684e-01  -1.4433314e-02  -6.0711617e-02  -2.4244596e-01  -3.2420710e-01   1.4005696e-01  -4.6153580e-01   2.0259831e-02   0.0000000e+00   4.4259307e-01  -1.2347619e-01  -2.5485935e-01   3.3356590e-01   5.5291723e-02  -3.0163763e-01   3.2527771e-01   3.3811035e-01  -2.2614436e-02   2.6354205e-01   1.3985315e-01  -1.6782042e-01  -3.1081858e-01   1.8260250e-01  -1.6942321e-01   5.1960857e-01   5.4867739e-01   3.6129185e-01  -7.2154549e-02  -3.9437354e-01   9.0558681e-02  -3.5395080e-01  -3.4104006e-02   3.0896951e-01  -3.1858130e-02  -4.1291104e-01   2.7605200e-02  -1.9743324e-01  -4.5638394e-01   2.8109914e-01  -1.5532320e-01   2.8271716e-01   9.0407412e-02   4.5013806e-01   2.7039455e-01  -3.7244834e-01   3.2904350e-01  -9.1551817e-02  -3.8503340e-01  -6.9812941e-02   4.5067811e-01   4.1369534e-01  -1.5016304e-01   1.9077080e-01  -5.0709945e-02  -1.2445031e-01   2.1065363e-02  -1.0267358e-01  -4.1388173e-01   2.3300730e-01   4.7529260e-02  -3.4270755e-01   1.5423917e-03  -2.2165542e-01   8.8746005e-02   4.1363149e-02  -3.8255540e-01   3.0602362e-01   8.3796048e-02   1.4848730e-02  -4.8119277e-02   1.8291622e-01   2.4937895e-01  -7.9760643e-02  -4.2216160e-01  -1.0609321e-02   4.4594118e-01  -5.3221398e-02   2.1180938e-01  -7.1024081e-02   7.8809559e-02   2.4403259e-01   3.7129146e-01   4.9930829e-01  -3.8014940e-02   2.2862473e-01  -4.1400908e-01  -1.4122014e-01  -4.7697453e-01   1.1665239e-01   3.6649055e-01  -4.6949221e-01  -6.3863625e-02  -2.1430571e-01  -2.3715587e-01   2.5202128e-01   4.8411541e-01   1.2805400e-01   3.8799509e-01   7.6156664e-02   3.4282684e-01   2.1509935e-01  -7.6733741e-02  -2.0286310e-01  -6.7972279e-02   3.5058134e-02  -1.3962359e-01   4.4891127e-01   1.3927401e-01   2.0503607e-01   5.6894482e-02  -4.1614730e-01   7.1554649e-02   3.3141466e-02   5.7070141e-01   3.6324243e-01   2.4382320e-01  -4.4065781e-01  -2.1463917e-02   3.6488975e-01   1.6353060e-01   3.2232235e-01   2.4732230e-01  -8.0735919e-02   1.8903097e-01   2.0173118e-01  -8.3619609e-02  -2.0109844e-01  -5.9501497e-03   4.7807405e-01   5.0021585e-02  -1.0102742e-02   8.2583842e-03   5.9768831e-01   1.0577605e-01   1.2782458e-01   3.1184590e-01   1.7076087e-02  -1.2590508e-01   2.8913286e-01   3.2520072e-01   2.3314336e-01  -4.1484781e-01  -1.9385591e-01  -1.2626896e-01   2.7259726e-01   2.1855626e-01   4.2796981e-01   1.8499958e-01  -2.3922393e-02  -1.0918955e-01   1.3205061e-01   2.5103287e-01  -1.3549326e-01  -9.9816304e-02   5.1937017e-01   6.3222185e-02   1.7301795e-02  -2.8376386e-01   2.2277010e-01   1.9608503e-01  -5.5053922e-01  -2.4557783e-01   6.2801671e-02   1.5343695e-01  -3.2468606e-01  -5.3670145e-01   1.9921823e-01   3.6957381e-02   2.2547492e-01   1.8527464e-01  -1.5886649e-01   2.6491293e-01
