   0.0000000e+00  -2.9444140e-01  -3.1393492e-01   3.2850253e-01  -4.3321873e-02  -5.7294372e-02  -1.2945476e-01   2.3353866e-01  -4.2535938e-01  -1.7236349e-01   1.2174895e-01  -2.5984754e-01   5.3345255e-02   3.9509679e-01   5.8958754e-02   1.2298018e-01  -3.1066152e-01   2.6649059e-01  -4.9436513e-02  -2.8434988e-02  -8.0422461e-02   8.3838510e-02  -2.1309521e-01   7.1625350e-01   5.5998949e-03   1.1984073e-01  -1.6690352e-01   3.6341363e-01   1.0253979e-01  -2.7760253e-01   1.6081222e-01   3.1249763e-01   1.5604953e-01  -3.1934447e-01   4.0703498e-01  -1.4506044e-01  -1.9261909e-01   5.0156261e-01   4.2348397e-02  -3.2977427e-01   1.2068734e-01   3.7918852e-02  -3.7814991e-01  -2.5168271e-01  -1.1839426e-01   2.9166324e-01   1.0826790e-01  -4.3470983e-01  -1.4200574e-01  -3.7587114e-01   3.5779816e-01  -5.1819803e-02  -2.3777544e-01   1.5779274e-02   6.0188732e-01   1.3255865e-01   1.2952149e-01   9.1838412e-02   3.7897816e-01   2.4059257e-01   2.9959087e-01   2.0221525e-01  -4.8274117e-01  -1.6257375e-01  -6.3322854e-02  -1.3364237e-01   1.3310852e-01  -2.1024652e-01   3.8184650e-01  -2.0077416e-01  -4.6523486e-01   2.1549952e-01   1.3353199e-01   2.0590285e-01   1.1530755e-01   1.9694754e-01   5.3832973e-01   1.1680883e-01  -9.2017692e-02   1.1010277e-01   3.3859503e-01   1.3297332e-01  -3.6109201e-01  -1.7680673e-02   2.5182234e-01   3.5348273e-01  -1.2315416e-01   4.3937285e-01  -1.8498482e-01   7.8071570e-01  -1.0087122e-01   3.8816428e-02  -3.6829361e-01   8.9702109e-02   5.0662576e-01  -2.2268288e-01   1.4606198e-01   4.2656636e-03   3.7047423e-02   2.8861310e-02  -3.4918370e-02   2.7215488e-01   5.4999854e-02  -1.2218768e-01   2.9773164e-01   2.5038982e-01   4.5827234e-02   8.9641152e-02  -1.4823035e-01  -1.6677231e-01  -3.8305206e-01   3.9417484e-01  -2.3666880e-01   8.4280466e-01  -5.0975915e-04  -3.2876592e-01   2.5469799e-01   2.8119248e-01   1.7639458e-02   3.3938086e-01   6.2446874e-01  -2.1145287e-01   2.7026417e-01   1.0457254e-02   6.5561670e-01   6.2721361e-01   2.7892649e-01  -4.5566355e-03   1.7852929e-01  -3.3200822e-01   1.0218841e-01  -3.4817625e-01   9.3773057e-02  -1.4134154e-01  -4.1848045e-01   2.9039906e-01  -8.5900957e-02   1.0646223e-01   3.6837964e-01   3.4787586e-01   5.7514807e-01  -9.8544355e-02   3.3764727e-01  -2.6543390e-01   2.1846770e-01   1.3761471e-01  -5.1041158e-01  -2.0440090e-01   2.9244931e-02  -2.6524610e-01   5.7297975e-01  -1.7020397e-01   5.8884387e-01  -3.2289749e-01  -3.0665107e-01   4.6664588e-01   6.8161995e-01   2.9961874e-01   2.0535650e-01   2.0895455e-01  -2.8923777e-01   2.3338456e-03  -3.5988754e-01   9.0784545e-02   2.8150679e-01  -2.5593765e-01  -1.4869283e-01   3.3951156e-01   5.0012250e-01  -4.2632923e-01  -7.3581665e-02   7.0434226e-01  -2.5440001e-01   1.8295815e-01   2.4482828e-04  -3.7539401e-01   1.7482419e-01
  -2.9444140e-01   0.0000000e+00   4.0783699e-01  -2.7850030e-01   4.5742528e-01  -1.9698276e-01   3.0110232e-02  -2.5968571e-01   3.4053765e-01   1.4679954e-01  -4.5866649e-01   5.7560749e-01  -5.8688808e-02  -1.8081326e-01  -4.5504716e-01  -3.3204189e-01   6.0353620e-01  -3.7488034e-01  -3.0349190e-01   3.1002800e-01  -3.4481542e-01  -3.0054286e-01  -3.3200719e-01  -2.4026845e-01  -1.4804075e-01  -1.9795485e-01   8.0860995e-02  -5.0132658e-01  -3.5704391e-02   2.0481231e-01  -2.3420817e-01  -1.4899352e-01  -6.5208665e-02   4.5207035e-02  -3.8412460e-01  -1.0817830e-01  -8.9050416e-02  -2.1718062e-01  -1.9030895e-01   5.7211054e-01  -1.2435712e-01  -2.1907942e-01   2.5393600e-01  -2.3524871e-01  -2.2753661e-01   1.0127762e-01  -3.9661882e-01   4.6101701e-01  -1.8406455e-01   5.7867386e-01  -3.0656356e-01  -2.1721680e-01   6.2449750e-01  -1.2740312e-02  -2.4530666e-01  -5.9379073e-01  -4.5067269e-01  -2.1260544e-01  -3.5365126e-01  -2.7913985e-02  -1.1019508e-01  -3.9406056e-02   4.2912492e-01   6.5033861e-02   6.1027288e-02  -4.8697002e-02   1.9607125e-01   9.0879740e-02  -3.4598435e-01   2.5578484e-01   6.8930905e-01  -3.9722702e-01  -2.0026213e-01  -2.1799374e-01   5.0084602e-02  -7.6751146e-02  -2.2252477e-01  -4.0808618e-01   6.1523846e-01  -1.4047716e-01  -5.4723075e-01  -1.4467365e-01   3.7311466e-01  -2.3029961e-01   4.6202497e-02  -1.3361173e-01   3.2678692e-02  -1.3590137e-01   1.4688261e-02  -1.5534449e-01   7.1978896e-01   4.8980748e-04   2.6283159e-02  -1.0179753e-02  -2.7568267e-01   5.4559011e-01  -2.0950158e-01  -2.5829941e-01   1.1260122e-01  -3.5086618e-01  -9.6046769e-02  -3.4813819e-01  -3.9895619e-01  -1.5000596e-02  -3.9775717e-01  -1.2883100e-01   1.3298387e-02  -2.6986343e-01   2.7001524e-02  -2.1094337e-01   4.9178793e-02  -1.6035881e-01  -1.1237725e-01  -1.3833892e-01  -4.2818093e-01   6.7137919e-01  -4.0370574e-01  -1.8774436e-01  -3.5837195e-01  -1.9988871e-01  -2.7699349e-01   4.6454741e-01   8.4259671e-02  -3.6804939e-01  -8.4401441e-02  -2.4532305e-01  -3.2546581e-01   3.0054685e-02  -1.3365886e-01   2.5960915e-01  -2.0680976e-01   6.9371679e-02   4.1025900e-01  -2.8988710e-01   1.6312562e-01  -8.3027626e-02   9.5796293e-02  -3.8799266e-01  -1.7198985e-01  -1.2600468e-01  -2.1092136e-01   1.7889942e-01  -3.3887483e-01  -1.9551360e-01  -4.3303122e-01  -2.1339968e-01   1.1262925e-01   3.8704797e-01  -1.9277089e-01   1.5973660e-01  -2.2145903e-01  -3.5027933e-01  -3.3502811e-01   1.4244911e-01   5.3973501e-01  -2.4821458e-01  -2.7300076e-01  -2.8022207e-01  -9.1408635e-02  -3.8499929e-01   6.5432456e-02  -3.1971325e-01   4.0625368e-01  -4.0510912e-01  -3.5569982e-02   4.3103782e-01   7.6742149e-02  -2.7314420e-01  -1.7827591e-01   5.5953170e-01   3.9314857e-01  -3.3466332e-01  -7.2307410e-02  -3.4590420e-01   1.0334614e-01   1.9323978e-01  -1.4879780e-01
  -3.1393492e-01   4.0783699e-01   0.0000000e+00  -2.8320665e-01   9.0338734e-02   3.0157118e-02   2.0938809e-01  -3.6429589e-01   2.4799682e-01   2.1143326e-01  -3.5604184e-01   7.8154149e-01  -1.5629964e-02  -5.0345473e-01  -1.2075693e-01  -3.4941850e-01   8.7501137e-01  -2.3480554e-01  -2.1736553e-01   2.1374714e-01  -2.9121289e-01  -2.2511378e-01   1.3559466e-01  -4.0487481e-01  -1.1219961e-01  -1.0996886e-01   4.9304244e-02  -3.9731898e-01  -3.3491197e-02   1.2292615e-01  -2.9391955e-01  -2.1024824e-01  -1.1523552e-01   3.0599777e-01  -5.5441209e-01  -1.0187115e-01   1.8218866e-01  -2.8389251e-01  -3.6753148e-01   6.6369596e-01  -1.2320173e-01  -3.8421287e-02   5.3813557e-01   6.9117148e-02  -1.3098240e-01   4.3407391e-01  -2.5761738e-01   2.3544910e-01  -9.8675606e-02   7.3965581e-01  -1.5895291e-01  -3.3867643e-01   1.1070996e-01   2.9633010e-01  -3.5245243e-01  -3.1646031e-01  -3.4769609e-01  -3.6150285e-01  -3.3634634e-01   4.5025468e-02   2.7080662e-01  -1.8981173e-01   3.6364503e-01   3.0528194e-02  -1.9473958e-01   1.3487375e-01  -9.0611916e-02  -4.4149177e-02  -3.1001394e-01   7.5966428e-01   4.7401520e-01  -4.2657833e-01  -3.9018872e-01   2.4845444e-01  -6.3120055e-02  -1.0072992e-01  -3.8938336e-02  -1.1288299e-01   1.0567479e-01  -1.8643511e-01  -4.9190183e-01  -2.7479791e-01   1.9699241e-01  -2.5435381e-01   2.0761664e-01  -3.3840821e-01  -1.5132748e-01  -4.6221550e-01  -2.4395387e-02  -4.3360420e-01   8.1168602e-02   5.5095421e-01   5.1918695e-01  -1.0562067e-01  -3.1289430e-01   2.7792408e-01  -3.6950451e-01  -3.4868816e-01  -2.5174689e-01  -1.5982855e-01   1.2067551e-01  -2.9133547e-01  -4.8230732e-01  -1.0447664e-01  -4.0474092e-01  -2.5961508e-01   2.1874941e-01  -3.5310985e-01   8.0778547e-02  -2.0217122e-01   4.8328178e-01  -2.9722583e-01  -1.4114047e-01  -3.1059575e-01  -4.7359294e-02   4.8747768e-02  -4.7291103e-01  -2.0714720e-01  -4.3774774e-02  -2.7492832e-01  -2.5364890e-01   3.2453197e-01  -1.3988013e-01  -3.1558472e-01  -1.1033094e-01  -3.2696341e-01  -3.3102644e-01  -8.8401121e-02  -5.0914821e-02   7.2227794e-01  -3.1032029e-01  -5.2369144e-02   4.2926877e-01  -1.6024456e-02   2.5703189e-01  -1.0712137e-01   3.0572237e-01  -3.9266113e-01  -2.0263435e-01  -2.5715824e-01  -4.6483409e-01   2.4387175e-01  -3.2475128e-01   5.9238835e-01  -1.6579724e-01  -3.4956320e-01   6.5602274e-01  -3.4276143e-02  -1.6495811e-01   1.2724057e-01   1.6357499e-01  -3.7600429e-01  -2.2614599e-01   5.0068968e-02   8.2377009e-01  -3.9737401e-01  -1.9983071e-01  -2.8686999e-01   2.8410802e-01  -4.5122602e-01  -2.6636510e-02  -1.1114541e-01   1.2766650e-01  -2.7309851e-01  -9.3364689e-02   2.7536765e-01   8.2320994e-04  -4.4163651e-01  -1.2079446e-02   2.3975770e-01   5.3146693e-02  -2.5964832e-01  -4.0271360e-02  -5.2471764e-02   1.2642916e-01   1.4140385e-01  -2.5471540e-01
   3.2850253e-01  -2.7850030e-01  -2.8320665e-01   0.0000000e+00   7.5570990e-02   2.9715032e-01   2.1180461e-01   3.2842607e-01  -2.9682878e-01  -5.3058245e-02   2.7470868e-01  -1.9453577e-01   1.9158839e-01   2.7790947e-01   3.4165010e-01   7.6720177e-02  -3.3880167e-01   6.2375638e-01   1.1832901e-01   1.3756317e-01   3.5612461e-01   3.8736642e-01   7.7352986e-02   1.8929983e-02  -4.0422166e-01   2.1414431e-01   3.4035193e-02   3.0344858e-01   6.2590157e-02  -9.5569269e-02   2.7461109e-01   6.8468913e-01   2.0889919e-02   2.7352022e-02   4.3805454e-01   1.9462111e-01  -2.7853211e-01  -9.8885548e-02   8.2271661e-02  -2.4861690e-01   3.9075107e-01  -2.3405420e-01  -1.6527694e-01  -1.2573614e-01   1.8469105e-01  -8.0286056e-02   4.0869964e-01  -2.4636322e-01   1.6464904e-01  -3.8664713e-01   5.8169396e-01   1.7997540e-01  -1.2931632e-01  -5.2042470e-02   2.1097039e-01   2.3762115e-01   2.7196779e-01   2.3166225e-01   6.4432748e-01   1.5139114e-01  -3.8549600e-02   3.2955098e-01  -3.4349869e-01  -3.4010048e-02  -9.7792831e-02   1.2793633e-01   2.4174316e-01  -6.0849628e-01   6.1177120e-01  -1.8814399e-01  -3.3920582e-01   4.2208217e-01   3.5903327e-01   3.0286744e-03  -1.2511975e-01   2.5542496e-01   5.3701996e-02   1.6940619e-01  -2.1144076e-01   2.9314615e-01   4.4358108e-01   3.6730857e-02  -2.1771348e-01   9.8457845e-02  -9.4571742e-02   4.1661476e-01   2.1334769e-02  -8.6726394e-02  -1.6802241e-01   1.5354612e-01  -1.8137044e-01  -2.7631602e-01  -2.0680522e-01   2.6251572e-01   8.6245691e-02  -1.7322089e-01   2.1054786e-01   2.6998925e-01  -5.5326630e-03   4.6650203e-01  -1.1463730e-01   3.7313337e-01   4.6534584e-01  -1.4025781e-01   3.8936209e-01   5.7149680e-01  -2.8499016e-01   3.1620150e-01   2.1281917e-01  -6.7056533e-03  -1.3658030e-01   5.4538341e-01  -3.6930915e-01   1.6970545e-01   8.9807067e-02  -3.0421648e-01   3.8271139e-01   3.9361710e-01   1.5512610e-01   8.5322631e-01  -3.2669152e-02  -1.2741164e-01   5.4653612e-01   1.6024662e-01   4.3849434e-02   2.5208437e-01   4.8918417e-01   1.4914671e-01   4.5356060e-01  -3.0198608e-01   1.5980535e-01  -1.6327122e-01  -1.8458445e-01   4.7194778e-02  -1.2250186e-01   4.5480627e-01  -1.1351943e-01   2.4737430e-01   5.3091121e-01   6.9369858e-02   5.8510428e-02   7.0207798e-02   4.6746512e-01  -7.3196074e-02   2.3763102e-01   2.1961181e-01  -2.0701478e-01  -7.6164618e-02   1.3420426e-01  -1.0396808e-01   8.5535268e-02   2.7402820e-01  -2.7821295e-02  -7.7168374e-02  -2.1441382e-01   2.3210945e-02   6.1623307e-02   6.6567644e-01  -1.5738945e-01   5.1844682e-01  -5.8576857e-01   2.6217624e-01  -1.0970197e-01   3.5237774e-01   4.6360914e-01  -2.5147237e-01  -1.3454401e-01   3.2007756e-01  -4.0770153e-02  -4.2290009e-01  -9.6465856e-02   2.1322229e-01  -3.2573354e-01   2.9325778e-01   3.0850048e-02  -5.7613438e-01   6.0638647e-01
  -4.3321873e-02   4.5742528e-01   9.0338734e-02   7.5570990e-02   0.0000000e+00   1.7462318e-01  -2.6983298e-02   2.1521801e-02   6.9432283e-02  -2.2463055e-03   1.2054238e-02   1.7277302e-01   1.7326519e-01  -8.6624131e-02  -3.7262653e-01  -1.9752247e-01   1.8529006e-01   1.8228443e-01  -3.2522886e-02   8.1107032e-01  -1.0644057e-02   5.8822521e-02  -1.8912958e-01  -1.8134753e-01  -2.0352220e-01  -8.7861761e-02   2.7842951e-01  -1.7984998e-01   4.8590580e-02   1.6416172e-01  -4.3916450e-01   2.2288141e-01  -6.9855175e-02  -4.6347728e-02  -1.6438632e-01   3.6718054e-01  -1.1942359e-01  -9.9602687e-05  -1.9350691e-01   4.1117323e-01   2.7037480e-01  -2.2647066e-01  -2.4980628e-01  -2.9397699e-01  -6.8083637e-02   1.4595896e-01   1.4225399e-01  -5.6759540e-02   3.1519310e-02   2.4436672e-01   2.1978939e-01  -1.0287364e-01   2.8697322e-01  -1.3316499e-01  -2.7954574e-02  -2.6606341e-01  -1.1248489e-01   1.1948341e-01   1.9184134e-01  -4.6427400e-02  -1.4874466e-02   3.6334760e-01  -9.6672768e-02  -7.7352049e-02  -7.7848783e-02   3.4218306e-01   3.6538018e-01  -1.0368131e-01   8.8359137e-02   5.4351762e-02   1.3979645e-01  -1.9943970e-01   5.1634979e-02  -3.0139730e-01  -8.2368784e-02  -8.0450203e-02  -6.7673810e-02  -2.2146666e-01   7.6630455e-01  -2.0388450e-02  -2.5969195e-01  -2.8148705e-02   1.6043532e-02  -5.4586675e-02  -4.1504702e-01  -2.3062871e-02  -2.1495343e-02  -2.6217804e-01  -1.1673639e-01  -1.4339294e-01   6.2060022e-01  -9.1553336e-02   1.5909440e-01   2.0597201e-01  -7.4450200e-03   7.5540175e-01   7.7954326e-02   5.1695971e-03   3.1581470e-01  -7.6898041e-02  -4.6132983e-01  -2.6262405e-01  -1.4406528e-01  -3.8724565e-02  -4.5633525e-03   3.0907988e-01  -2.6637164e-01   1.2299026e-01  -3.8945572e-02   1.3311839e-01  -1.1009961e-01   1.7368690e-01  -3.3892653e-01  -7.7408108e-02  -4.7442222e-01   5.3666144e-01  -7.1521372e-02   2.7774409e-01  -3.4503689e-01   1.2602136e-01  -1.6642639e-01   6.1943481e-01   7.4340042e-02  -9.0500674e-02   2.9995605e-02  -1.8448168e-01   2.5427692e-01  -1.1151561e-01   2.5204132e-01  -1.3962544e-01   1.1304222e-01   2.2898832e-01  -5.2129435e-02  -4.3588951e-01  -1.6172610e-01   2.3099793e-01   1.1622878e-01  -3.1644496e-01   2.8001514e-02  -1.3089260e-01  -2.1033798e-01   1.5606547e-01   2.7178311e-01  -2.4023936e-01  -4.2089098e-01  -7.0907359e-02  -1.0493252e-01   6.3250161e-01   3.5193164e-01  -2.5194283e-01  -2.7314108e-01  -3.1225972e-01  -1.7534449e-01   1.9125917e-01   2.0740924e-01  -1.8634643e-01  -2.1110160e-01   4.2568044e-02   2.2633294e-02  -1.2495865e-01  -2.5326829e-01   1.5660233e-01   5.9054695e-01   1.0298177e-01   2.3113577e-01   4.2644394e-01   3.3231411e-01   4.4474769e-02  -1.4124766e-01   2.7964119e-01   5.0759331e-01  -1.0786956e-01  -9.5436787e-02   7.0910544e-02   1.2100192e-01  -2.0169335e-01   1.9130759e-01
  -5.7294372e-02  -1.9698276e-01   3.0157118e-02   2.9715032e-01   1.7462318e-01   0.0000000e+00   3.6363440e-02   2.6787702e-02  -2.4599182e-02  -1.5261268e-01   4.1310075e-02   4.3896676e-02   7.1128449e-02  -8.2741724e-02  -8.5627276e-02  -8.7064629e-02  -6.9785120e-02   3.8441625e-01   1.2029782e-01   3.6559208e-01   3.2464779e-01   6.2320877e-01  -1.0815782e-01  -2.6470936e-01  -7.1674480e-02  -1.6369769e-01   1.8862091e-01   6.5264051e-02  -3.3704063e-02   3.4294620e-02  -1.7848554e-01   3.5699698e-01  -7.4336957e-02  -6.9309089e-02   2.5088980e-01   2.8423833e-01  -1.2339443e-01  -8.6696848e-02  -1.1782560e-01   9.5499965e-02   1.0950705e-01  -1.0528932e-01  -7.8481410e-02  -6.8754144e-02   1.4830074e-01   1.6726790e-01   5.1443180e-01  -3.8284548e-01   1.8957575e-01  -7.4412465e-02   4.8049005e-01  -9.4172220e-02  -3.1351600e-01   1.5885152e-02  -5.7440206e-02   1.6607378e-01   3.7778904e-01   3.5713572e-01   2.6783658e-01   3.4963694e-01   1.8399626e-01   1.2735880e-01  -1.0278418e-01  -3.9099402e-01   1.4449328e-02   2.0602334e-01   4.2798855e-01  -1.3735986e-01   5.0982715e-01   1.1350736e-01  -3.6675071e-01   3.1182731e-01  -6.5779067e-02  -3.3541815e-02  -1.8438491e-01   3.8976903e-02   8.3203979e-02   2.9302527e-01  -8.3366584e-02   8.9483398e-02   1.0005109e-01  -2.2572990e-01  -2.2845968e-01  -1.1329665e-02  -4.2640745e-01   1.3326680e-01   1.0751264e-01  -3.2149340e-01   6.5969029e-02  -2.0977586e-01  -1.6905162e-01   6.6220756e-02   2.3349518e-01   2.3955888e-01   8.8216439e-03   5.0943135e-02   7.5851917e-02   1.2275054e-01  -1.6932410e-02   3.2572949e-01  -3.3679953e-01  -6.8227223e-02   2.8195857e-01   2.9013572e-01   4.6306289e-01   3.5134245e-01  -9.8032516e-02   4.5486781e-01  -9.5081142e-02   2.3250891e-01  -1.4779350e-02   5.2218073e-01  -1.0561891e-01  -1.3261788e-01  -1.3090881e-01  -2.5294367e-01   2.1830975e-01   1.1253373e-01   1.9248132e-01   3.4087670e-01  -5.4268611e-02  -2.7973062e-02   1.1085352e-01   2.3506181e-01   3.1676671e-02   1.3552702e-02   3.8074979e-01  -1.2632632e-01   4.6554338e-01  -9.1628809e-02  -5.8380890e-02  -1.3002767e-01  -4.6769688e-02  -1.0289790e-01   1.1265300e-01   2.0639977e-01  -1.0362902e-01   8.3756999e-02   2.4228417e-01  -1.9847732e-01  -2.5909299e-01  -4.4153433e-03   3.6000402e-01   2.7663832e-01  -1.8335765e-01   1.5628161e-01  -7.0941144e-02  -5.6829106e-02   3.4002102e-01  -4.2860092e-01  -2.4909600e-01   6.9859903e-02  -5.3084010e-02  -1.4327547e-01   1.8629527e-01  -1.4805782e-01  -3.7508920e-02   2.6051575e-01   7.6589110e-02   1.3226245e-01  -1.5030271e-01   7.9342768e-02  -3.5197224e-03   3.8630604e-01   3.6661241e-01  -4.5684015e-02  -4.9201025e-02   2.7330319e-01   9.0683702e-02  -1.0204788e-01   2.2301578e-02  -1.0681137e-01   1.1209949e-01   4.6568266e-01   4.3032917e-02  -1.9977746e-01   3.9905742e-01
  -1.2945476e-01   3.0110232e-02   2.0938809e-01   2.1180461e-01  -2.6983298e-02   3.6363440e-02   0.0000000e+00  -2.3386133e-01  -1.0277195e-01   5.0943830e-01  -6.8753591e-02   3.3707178e-01   3.5145513e-02  -1.7013583e-01   4.8931621e-01  -1.1173977e-01  -7.8345731e-03   1.1704928e-01  -2.3207883e-01   1.7479457e-01   1.6134047e-01   1.5592270e-02   4.4821567e-01  -2.1091931e-01  -2.2631655e-01  -8.0473509e-02   9.0205451e-02  -7.7660997e-02  -9.8338574e-02   2.3803169e-02   9.6670604e-02   4.9354256e-02  -1.0211058e-01   7.2784772e-01   3.6763125e-02   1.3579365e-01   1.3354210e-01  -2.9498610e-01  -1.9953789e-01   2.5912118e-01   3.9969236e-02  -1.1000437e-01   2.4171612e-01  -6.9274085e-02   2.5701921e-01  -2.3501266e-02   1.3740817e-02   4.6962873e-01   1.7155384e-01   1.3019271e-02   1.2142989e-01  -1.8526820e-02   5.4116722e-03   2.6388178e-02  -1.8267675e-01  -1.6735078e-02  -1.0699951e-01  -9.3462355e-02  -3.4840288e-02   2.2670271e-02  -1.6499378e-01   1.9622440e-01   8.2652985e-02   2.5112561e-01  -1.6520733e-02   3.5114373e-01  -2.7708949e-02  -2.0788063e-01  -6.2229683e-02   3.3726505e-01   2.9108303e-01  -3.7752556e-02  -1.3915402e-02  -1.0901633e-02   9.6587833e-02   6.6804161e-02  -2.4334251e-01  -1.2900956e-01  -1.5434853e-01  -7.9402092e-02   1.7193852e-01   7.1081242e-02  -1.2421244e-01  -1.5184019e-01   1.1365268e-03   9.9203683e-02  -1.5527289e-01  -1.9258169e-01   1.1510346e-01  -1.5014570e-01  -2.4786350e-01  -1.2234047e-01   2.1533682e-01  -6.3876811e-03  -3.3211012e-01   6.1769599e-03  -3.1379564e-02  -1.8608758e-01   3.8076006e-02   2.7398643e-01   8.3443831e-02   3.0340263e-01   7.4127654e-02  -1.3027053e-01   6.1643833e-03  -1.1407644e-01  -3.9252838e-02  -2.4930197e-01   2.2131899e-01  -1.4986951e-01   4.1912370e-01   1.1531856e-01  -1.5490133e-01  -2.5317487e-01   1.6487983e-01  -2.2511836e-01  -1.6420969e-01   1.5815930e-01  -3.4001199e-02   2.5672938e-01  -1.7107572e-01   1.5469619e-01   1.2073647e-01  -1.3903242e-01  -1.5787065e-01  -9.5018598e-05   4.8859444e-02  -1.8431577e-01   1.8318005e-02   2.2887897e-01  -3.3876857e-02   1.7413015e-01  -1.1584229e-01   1.2062264e-01  -7.4549588e-02   5.6933091e-02   5.1572743e-02  -1.0172767e-02   1.2345223e-01  -3.4019320e-01  -2.5587418e-01   4.9546559e-02  -1.1438708e-01   2.3997791e-01   2.0275378e-01  -8.5095470e-02   5.4093591e-01  -1.1606923e-02  -1.2016699e-01   2.6104158e-01   1.8427979e-02   1.4652694e-02  -2.2972697e-01  -1.4594647e-01   2.3494504e-01  -2.1560161e-01  -1.9319211e-01   2.4465544e-01  -1.8487655e-01   2.4196618e-01  -2.3459216e-01  -1.7142508e-01   2.0817225e-01  -1.1243372e-01   3.7661478e-02   2.8050515e-01   1.3639969e-01  -2.8852292e-01  -7.9461768e-02  -2.5295424e-01   2.4837893e-01  -9.1015791e-02  -1.7482474e-01  -2.2041309e-01  -4.1230074e-02  -1.3033651e-01   2.8092529e-02
   2.3353866e-01  -2.5968571e-01  -3.6429589e-01   3.2842607e-01   2.1521801e-02   2.6787702e-02  -2.3386133e-01   0.0000000e+00  -1.0278238e-01  -1.1739679e-01   3.8459116e-01  -4.1344513e-01   8.5652933e-02   2.5719194e-01   1.6493387e-01   1.0914049e-01  -2.8246653e-01   3.4862854e-01   2.3686186e-01  -1.1415046e-01   2.9805275e-01   6.1337833e-02  -8.1917126e-02   3.0135876e-01   1.1242564e-02   2.9224464e-01  -1.8076118e-02   2.6881987e-01  -8.5608080e-02   2.6469566e-03   5.4556780e-02   3.4253473e-01   1.4525653e-01  -1.5302921e-01   3.3071762e-01   2.0602028e-01  -1.8932698e-01   7.9359298e-02   1.8621728e-01  -2.6709623e-01   2.5507345e-01   9.5221451e-02  -1.5544036e-01   1.1796521e-01  -2.3146584e-02  -3.4779361e-02   4.0387593e-01  -2.4382339e-01  -3.9215518e-02  -3.6601540e-01   2.1714675e-01   4.4035045e-01  -1.0914462e-01   5.3099624e-02   1.6699283e-01   2.8515206e-01   2.1518039e-01   2.2864508e-01   5.0632265e-01   1.0530890e-01   2.2604177e-01   1.8368252e-01  -2.3658944e-01   2.4262876e-02   2.9188987e-02  -4.1767004e-02   1.1668216e-01  -1.3253711e-01   3.8621735e-01  -3.9460302e-01  -3.2303899e-01   2.1181990e-01   3.0840638e-01  -1.3077778e-02  -2.1304420e-02   2.1299614e-01   3.3673668e-01   1.3152601e-01  -2.5447451e-02   1.5903927e-01   2.7300219e-01   8.7709878e-02  -5.1319250e-02   4.5387940e-01   2.8257821e-02   3.0578166e-01   4.4243062e-02   2.7546367e-01  -1.1377065e-01   2.6877265e-01  -2.3857326e-02   7.8129565e-02  -1.4401903e-01   4.0718173e-02   3.4428477e-01  -1.3990461e-01   1.7129963e-01   4.3310778e-01   3.7068439e-02   1.2824031e-01  -9.4090366e-02   2.5064374e-01   1.6908037e-01   2.7210010e-02   2.1845294e-01   3.4049143e-01  -1.5789089e-01   2.3526732e-01  -5.5745245e-02   1.7389706e-01  -2.4742768e-01   1.3764715e-01  -7.6237598e-02   3.0564441e-01   3.1864064e-02  -1.3317311e-01   3.4403183e-01   2.9806407e-01   3.2744821e-02   3.0992407e-01   2.2721128e-01  -8.6945325e-02   2.5058581e-01  -1.7524383e-02   8.5986293e-02   2.7973142e-01   1.9962874e-01   1.9815764e-01   2.5613674e-01  -3.9351217e-01   1.1172155e-01  -1.0322324e-01  -1.8930754e-02   4.9893499e-02  -7.1511283e-02   4.8422595e-01  -5.0021711e-02   1.4500961e-01   4.5560593e-01   3.4835065e-01   2.8688256e-01  -6.8567750e-02   4.3219124e-01  -2.5034103e-01   7.0872855e-02   2.0084718e-01  -2.3390960e-01   5.5437339e-02   1.3501876e-01  -7.7090087e-02   1.6340701e-01   1.3919554e-01   2.6521327e-01  -3.6528685e-02  -3.8595922e-01   3.4133928e-01   2.0059920e-01   3.1418983e-01   2.4854371e-01   2.3997573e-01  -9.3450551e-02   4.4747921e-01  -6.0496130e-02   2.7085666e-01   1.9388928e-01  -3.5469460e-01  -1.5255679e-01   2.6907233e-01   1.0182317e-01  -1.9143610e-01  -1.1128494e-01   1.4666747e-01  -1.1587956e-01   2.2588772e-01  -7.5004121e-02  -3.6046099e-01   2.5442160e-01
  -4.2535938e-01   3.4053765e-01   2.4799682e-01  -2.9682878e-01   6.9432283e-02  -2.4599182e-02  -1.0277195e-01  -1.0278238e-01   0.0000000e+00  -1.0028420e-01  -5.5151700e-02   1.6032538e-01   8.8608079e-02  -2.0857978e-01  -2.1959190e-01  -1.5830648e-01   3.2269353e-01  -1.2179052e-01   9.8491530e-02   1.1370694e-01   2.4403462e-02  -7.4171227e-02   9.4412268e-02  -2.3845980e-01  -4.1739529e-02   1.5586503e-01   1.2518843e-01  -3.4647317e-01  -6.2183987e-02   4.4374448e-01  -9.7342938e-02  -1.8163232e-01  -3.3392512e-02  -4.9432866e-02  -2.0693566e-01  -1.6765326e-01   9.2554834e-02  -1.7594192e-01  -1.0132303e-02   2.8977956e-01   6.3780785e-02  -1.9130441e-03   3.5194142e-01  -6.0271034e-02   3.9800615e-02   3.5738585e-02  -1.6415713e-01   3.4607095e-01  -7.1480364e-03   3.5658508e-01  -1.2405450e-01   1.1453247e-01   8.6087218e-02  -1.3253122e-01  -2.9643595e-01  -3.8415218e-01  -2.4850820e-01  -6.3577788e-03  -1.4861801e-01   1.5151668e-01   1.1229292e-02  -2.4124420e-01   5.4729153e-01   8.7533222e-02   1.0857807e-01  -1.5351537e-01   1.8272107e-01   7.2167924e-02  -2.1266652e-01   1.5327347e-01   3.7740786e-01  -7.1806457e-02   4.7164312e-02  -3.1540372e-01  -3.2398434e-02  -2.3203093e-01  -1.7163794e-01  -1.6253215e-01   6.5919056e-02   1.1628843e-01  -4.1654951e-01  -1.1915059e-01   1.6309865e-01   4.8289471e-02  -5.5275822e-02  -2.5709266e-01   3.8639572e-01  -2.5874745e-01  -1.4970712e-02  -3.1650413e-01   1.4994890e-01   7.4299729e-02  -6.6425742e-02   2.9433480e-01  -1.4518110e-01   1.2237171e-01  -2.4125828e-01   1.2214461e-01  -6.4155235e-02  -7.1232699e-02  -3.7680561e-02  -3.2845641e-01  -2.9285705e-01   3.9438007e-01  -6.5783668e-02  -1.2613650e-01   2.0548998e-01  -1.3410908e-02  -7.6379888e-02  -1.4877231e-01  -1.7550526e-02  -2.1086220e-01   5.7315145e-02  -2.6145987e-01  -2.3275389e-01   3.1108758e-01  -2.3943103e-01  -1.1471920e-01  -2.7754825e-01  -1.8927680e-01  -3.4266486e-01   3.3854027e-02  -1.8352234e-01   1.6316723e-01  -1.8810761e-01  -3.8956319e-01  -9.7713885e-02   1.6904011e-01   1.1585627e-01   1.2136293e-01  -1.4472308e-01  -1.0696254e-02   1.0227059e-01  -3.6093575e-02   5.6505479e-01  -1.5647510e-01   2.0583634e-01  -2.3204958e-01  -1.6836166e-01  -1.9684168e-02  -1.7013995e-01   2.4748516e-01  -1.5531017e-01  -9.8161961e-02  -1.7354860e-01  -1.9413495e-05   2.3502663e-01   1.5559553e-02  -2.3938254e-01   2.4559221e-01  -2.5774577e-01  -1.4713236e-01  -3.3239630e-01   3.0399038e-01   2.3518906e-01  -2.0685308e-01  -3.0031209e-01   7.0318282e-03   4.1599355e-02  -3.1623779e-01   7.3135316e-02  -2.3291913e-02   9.9162606e-02   8.9957489e-02  -4.9838436e-02  -4.6712524e-02  -5.9739879e-02  -2.6979983e-01  -1.3112837e-01   1.7410656e-01  -6.5780394e-02  -4.8624081e-01   1.1110599e-01  -1.9527225e-01   1.2183618e-01   3.5085518e-01  -5.2618157e-03
  -1.7236349e-01   1.4679954e-01   2.1143326e-01  -5.3058245e-02  -2.2463055e-03  -1.5261268e-01   5.0943830e-01  -1.1739679e-01  -1.0028420e-01   0.0000000e+00  -1.8520499e-01   3.8041750e-01  -1.6864364e-01  -1.7022928e-01   2.4070873e-01   3.1987360e-02   6.3279177e-02  -9.4918263e-02  -2.0029752e-01   2.0540711e-02  -1.2311319e-01  -3.0987851e-02   3.9907780e-01  -2.1510942e-01  -1.0429749e-01  -3.9268466e-02  -5.8638753e-02  -7.0333186e-02  -3.0610200e-01  -8.1470837e-02  -7.9582774e-02  -4.8666173e-02  -2.6658499e-01   6.1185348e-01  -1.9760271e-01   1.0701848e-01  -5.5806696e-02  -1.1225776e-01  -1.7256878e-01   2.0401590e-01  -1.7642873e-01  -1.5121712e-01   3.0576752e-01  -4.1063488e-02   2.2189140e-01  -9.6337426e-02  -1.3928078e-01   2.7981963e-01  -5.3643650e-02   7.2879102e-02  -1.1715076e-01  -1.2915327e-02   1.7730012e-01   6.8218611e-02  -2.2052418e-01  -7.3390160e-02  -1.1258942e-01  -9.4905880e-02  -1.7141519e-01  -8.6023038e-02  -9.0862655e-02   1.2512778e-01   2.6540884e-02   9.2119391e-02  -1.0486411e-01   4.0934858e-01  -1.5240683e-01   3.7905101e-02  -2.1604098e-01   2.0508576e-01   2.3057268e-01  -1.9267760e-01  -2.1802035e-01  -3.0219991e-03   2.7623587e-02   1.6184307e-02  -1.7996920e-01  -8.1536268e-02   8.3676916e-02  -1.2067240e-01   2.4720537e-02   2.2825207e-01  -2.7342066e-02  -6.1917324e-03  -7.4758425e-03   6.8153488e-03  -2.7427389e-01  -9.6786993e-02  -1.7929641e-02  -1.5671289e-01   5.3332487e-02  -1.2828346e-01   3.3850173e-01  -2.8212397e-01  -1.6969960e-01   1.9216730e-01  -1.3307008e-01  -1.4657463e-01   1.9852778e-02   2.2583640e-02  -1.6811644e-02   1.3882257e-01  -1.2513969e-01  -1.8283198e-01  -2.2178029e-01  -1.3295224e-01   9.5435524e-03  -3.1066416e-01   9.5065493e-02  -1.9439848e-01   4.0346258e-01  -4.0150897e-02   1.1469610e-02  -1.8515373e-01   7.0153546e-02  -3.9798543e-02  -1.3454285e-01   4.7393054e-02  -8.4354776e-02   6.7805551e-02  -1.2522447e-01   4.4959087e-01   4.0909775e-02  -3.1561157e-01  -1.9585723e-01  -1.1649527e-01  -2.6603659e-01  -5.2849275e-02  -6.1107236e-02   1.6910245e-01  -1.1168926e-01   2.1789440e-01  -7.4092209e-02  -3.2395189e-02  -5.5431391e-02  -7.7426349e-02  -8.9514952e-02  -1.8403761e-01  -2.4358210e-02  -1.2313073e-01  -1.9210849e-01  -6.3869445e-02  -1.9218550e-01   1.6489122e-01   6.6189539e-02  -1.9572034e-01   3.7058963e-01   1.2692987e-01  -2.3650491e-02   1.1676140e-01  -3.3541375e-02  -6.7633387e-02  -2.3574433e-01  -1.0717589e-02   1.7529788e-01  -9.4372587e-02  -1.4691782e-01  -1.3664411e-03  -1.6120967e-01   9.4453002e-02  -3.6227200e-02  -9.5695819e-02   2.3865651e-01  -2.4278705e-01  -4.4918549e-02   3.7089135e-01   3.0048871e-01  -2.4904776e-01  -1.7959750e-01  -8.5675714e-03   4.3065019e-01  -9.7683326e-02  -5.6563276e-02  -1.8858980e-01  -1.4638889e-01  -3.1173143e-02  -8.4213553e-02
   1.2174895e-01  -4.5866649e-01  -3.5604184e-01   2.7470868e-01   1.2054238e-02   4.1310075e-02  -6.8753591e-02   3.8459116e-01  -5.5151700e-02  -1.8520499e-01   0.0000000e+00  -4.5828591e-01   1.6803768e-01   1.7324499e-01   2.8808480e-01   8.8538918e-02  -4.4276279e-01   6.1581645e-01   3.3490526e-01   5.8200315e-02   4.0699657e-01  -6.9448533e-02   1.6448043e-01   1.3510932e-01  -3.6565497e-02   3.2329412e-01  -8.6688308e-02   3.2388525e-01   1.2615332e-01   8.4854985e-02   3.2257327e-01   2.9214404e-01   2.6762490e-01  -1.4115831e-01   2.2592746e-01   2.9314092e-01   1.2562491e-01  -1.2962507e-02   2.1788437e-01  -4.2500015e-01   4.2139999e-01   1.5804720e-01  -2.5465096e-01   3.8643168e-01   2.8760255e-01  -2.9149434e-01   3.6834282e-01  -2.0692158e-02   1.5605670e-01  -5.2368168e-01   3.8829994e-01   4.9844858e-01  -1.1672933e-01  -7.8445576e-02   2.8100435e-01   4.7970974e-01   2.5462950e-01   1.8250229e-01   4.5458829e-01  -5.2396671e-02  -2.1512969e-02   3.6236272e-01  -3.2689699e-01   3.2269265e-01   1.6075049e-01   5.7093472e-02   1.8428420e-02  -1.3432920e-01   2.1127430e-01  -3.6043243e-01  -2.2692913e-01   2.4741193e-01   4.8379973e-01   1.9433250e-01   6.6857277e-02  -1.9719279e-03   4.3948579e-02   2.9987919e-01  -2.3160481e-01   5.2865365e-02   4.1523965e-01   2.0213085e-01  -7.3847498e-02   2.5891575e-01   1.1637592e-01   9.1628571e-02   4.8808026e-03   5.5463798e-02  -4.4944999e-02   7.8272469e-02  -3.1851657e-01  -5.8860262e-02  -1.9873247e-01   1.6968597e-01   1.3021509e-01  -2.9953511e-01   2.0054905e-01   3.3878795e-01   2.8061200e-01   1.7323015e-01   1.7200409e-01   3.3580864e-01   2.0344588e-01  -1.6276789e-02   2.7243326e-01   3.0877096e-01  -5.5588773e-02   1.3605240e-01  -6.9533253e-02   2.3899332e-01  -1.3032188e-01  -2.4975047e-02  -9.1576868e-02   7.1284738e-02   3.0342541e-01  -2.0896371e-01   3.1459174e-01   3.7807954e-01   2.1196588e-01   1.7190081e-01   1.5265383e-02  -2.8376725e-01   2.3892880e-02   4.1871617e-01  -2.2312472e-01   1.1886534e-01   5.2640018e-01  -8.1778487e-02   1.5148302e-01  -2.0527562e-01   3.0003487e-01   3.1138206e-01  -2.4075713e-01   3.5629147e-01  -2.2299582e-01   1.4372450e-01   3.0604047e-02   3.9742375e-01   1.0915696e-01   1.4690066e-01   1.6612778e-01  -1.0878498e-01   3.1659948e-01  -5.6677056e-02   4.0642014e-01   3.3094114e-01  -8.6278612e-02   4.5926932e-02   9.1579576e-02   1.5901870e-01   1.7821521e-01   3.1876077e-01   1.4311871e-01   3.8514481e-01  -4.5925154e-01   1.3349465e-01  -4.4411435e-02   3.2911874e-01   1.7510777e-02   3.3333400e-01  -1.7986241e-01   5.8677912e-01  -5.8644863e-02   4.4998828e-01   7.8619613e-02  -3.4970182e-01   1.0766851e-01   2.2109670e-01  -9.7871245e-02  -2.4744199e-01  -3.5096844e-01   3.1869028e-02  -4.0767391e-02   1.3601421e-01  -4.4363562e-03  -3.0810000e-01   3.3289219e-01
  -2.5984754e-01   5.7560749e-01   7.8154149e-01  -1.9453577e-01   1.7277302e-01   4.3896676e-02   3.3707178e-01  -4.1344513e-01   1.6032538e-01   3.8041750e-01  -4.5828591e-01   0.0000000e+00   5.8276462e-02  -3.8309526e-01  -1.1540486e-01  -3.0398490e-01   7.0822488e-01  -2.5911088e-01  -2.7253449e-01   2.2756615e-01  -3.0986165e-01  -1.2768107e-01  -7.6123483e-03  -4.2013975e-01  -1.0652259e-01  -1.7821216e-01  -6.2951348e-02  -3.8943847e-01  -2.7804164e-02   1.1480610e-01  -2.2514700e-01  -1.1067531e-01  -1.4748435e-01   3.7001857e-01  -4.1285274e-01  -1.2832751e-01   3.9017336e-02  -3.8044419e-01  -3.4070553e-01   6.0621229e-01  -1.0183815e-01  -1.7811792e-01   4.8055333e-01  -7.6861374e-02  -2.8183424e-02   1.8769411e-01  -3.6585049e-01   2.2184290e-01  -8.7127726e-02   5.7182355e-01  -1.7170404e-01  -3.1536233e-01   2.4043540e-01   2.1570459e-01  -3.9355709e-01  -3.8017060e-01  -3.2710043e-01  -2.7375864e-01  -3.3320885e-01   1.5529247e-01  -2.2788692e-02  -2.7084435e-03   3.1533036e-01  -4.4126084e-02  -1.6663133e-01   1.4176700e-01   7.3698290e-02   3.4440875e-02  -2.8938325e-01   5.0287123e-01   4.8707006e-01  -3.6988232e-01  -3.5047147e-01   2.3602744e-01   4.2511998e-02  -5.4039779e-02  -2.7100144e-01  -1.2939113e-01   3.0978798e-01  -1.3220089e-01  -4.2011286e-01  -1.5728794e-01   1.7344743e-01  -2.6507091e-01   4.9561176e-02  -2.3671570e-01  -1.6109646e-01  -3.6472764e-01   3.9969377e-02  -3.3591618e-01   2.9762536e-01   2.0539972e-01   4.4893638e-01  -1.2533481e-01  -4.5179151e-01   3.7192330e-01  -2.6278721e-01  -3.3455784e-01  -2.6101017e-03  -2.2363026e-01  -7.6830591e-02  -1.9006042e-01  -3.7561057e-01  -4.0729204e-02  -3.3827647e-01  -1.5502207e-01   1.7672892e-01  -3.4487547e-01   2.2102096e-01  -2.6599129e-01   4.8363185e-01  -9.7889877e-02  -1.4640616e-01  -2.6850439e-01  -1.1159441e-01   1.8730543e-01  -3.7238968e-01  -1.0669345e-01  -1.2541990e-01  -1.4610469e-01  -3.2950984e-01   4.6301537e-01   4.7851115e-02  -3.3443741e-01  -1.3809339e-01  -1.7765729e-01  -3.4183706e-01  -1.0134835e-01  -3.2933867e-03   4.6803590e-01  -2.4851925e-01  -2.8934874e-02   4.4948154e-01  -8.4003664e-02   2.2742724e-01  -9.9621104e-02   2.4436627e-01  -4.3030281e-01  -1.7903378e-01  -3.6469719e-01  -4.3600898e-01   2.0799334e-01  -3.6763591e-01   3.7091298e-01  -1.6500739e-01  -3.0878796e-01   5.0452184e-01   5.9973102e-02  -2.5833913e-01   1.3333969e-01   3.1314042e-02  -3.7851661e-01  -3.5433668e-01   5.3120518e-02   7.8699069e-01  -4.4525765e-01  -2.9739918e-01  -1.4934055e-01  -7.4782667e-03  -3.2107570e-01  -3.5236281e-02  -2.5059344e-01   1.8234664e-01  -3.2135393e-01   8.4811570e-02   4.8335996e-01   1.1512557e-01  -3.4545688e-01  -1.3282383e-01   2.8467401e-01   3.5142244e-01  -2.7413936e-01  -1.0869983e-01  -1.5538962e-01   1.5307700e-01   1.4578839e-01  -1.3790853e-01
   5.3345255e-02  -5.8688808e-02  -1.5629964e-02   1.9158839e-01   1.7326519e-01   7.1128449e-02   3.5145513e-02   8.5652933e-02   8.8608079e-02  -1.6864364e-01   1.6803768e-01   5.8276462e-02   0.0000000e+00  -1.5477051e-01   9.7545386e-02  -3.5315512e-02   5.2971776e-02   2.7406301e-01   2.6278117e-01   2.2870228e-01   1.3684520e-01   7.4393935e-02  -5.8149633e-02  -1.9620538e-01  -2.4138624e-01  -4.2269317e-02  -2.0103472e-01  -2.4163427e-01   1.2959959e-01   3.4484913e-01  -7.3426671e-02   2.3842572e-01  -6.9339170e-02  -1.6590699e-01  -2.0459669e-03  -1.3619057e-01  -5.6132567e-02  -1.1733031e-01  -2.7894427e-02   4.3737496e-02   6.8522595e-01  -1.0741778e-01  -5.1177098e-02   1.5294144e-02   2.3725390e-01  -6.3428714e-02   3.0774440e-02  -1.3858290e-01   1.7665059e-01   2.6458849e-03   3.1816347e-01   2.9336114e-02  -2.4198504e-01   1.3764213e-01  -8.8759604e-02  -3.8678749e-02  -1.2455175e-02  -4.5656869e-02   3.2298353e-01   2.7559886e-01   1.4082986e-01   1.3928349e-01  -1.7452612e-02  -8.2588979e-02   1.6512222e-01  -7.2915982e-02   7.4175316e-02  -2.5481485e-01   6.0494681e-02  -1.5580998e-01  -8.4661913e-02   5.0262182e-02   3.6608404e-01  -2.2856424e-03  -7.5810445e-03  -5.3940876e-02  -9.9190164e-02   7.2015433e-02   5.1677261e-02   3.2897265e-01  -1.8138938e-01   1.3005836e-01   1.6334385e-02  -6.1175117e-02  -1.8251994e-01   2.5011514e-02  -2.3988309e-02  -2.6275370e-01   3.2862103e-03  -1.9272378e-01   1.6045878e-02   1.0818752e-02  -2.6484835e-03   1.2753989e-01  -1.8150903e-01   5.1126515e-02   3.1512339e-01   2.6379942e-01   1.1748575e-01   1.6358376e-01  -2.6686723e-01  -1.2509720e-01  -6.7374437e-02   1.0838874e-01   1.0354481e-01   2.6947328e-01  -2.3372467e-02   4.2296882e-02   1.3324487e-01  -8.5573650e-02  -4.8203049e-02   1.8019435e-01  -2.7538345e-01  -8.7381953e-02  -6.3731878e-02  -4.4375106e-03   6.0324390e-03   4.8957344e-01  -1.9810091e-01   1.4391278e-01  -1.9756069e-01  -5.6319050e-03  -5.8161078e-02   1.9207029e-01  -8.4716123e-02  -1.2926462e-01   2.6314482e-01   3.2576958e-01   2.2126547e-01  -1.7532441e-01   9.6959624e-02  -2.2952712e-01   4.0823895e-02  -1.8903582e-03   1.5692481e-01   2.2008561e-01   4.1510903e-01  -2.5237455e-01   1.3863658e-01  -2.6893849e-01  -2.6592379e-01   5.3928674e-01   1.9820548e-01  -1.1429353e-01   1.6728862e-01   1.2766587e-01   5.6702135e-03  -1.9662422e-01  -2.0589691e-01   4.0119159e-02  -5.4790336e-02  -1.9273466e-01  -1.4738047e-01   6.4719264e-02  -4.5025172e-02  -3.0229256e-01  -1.8552061e-01   3.5989391e-01   9.0116023e-03   5.9595218e-02  -2.1740910e-01   3.0528921e-01  -3.4740110e-02   2.9526657e-01   1.7307808e-01  -8.6038817e-02  -1.2551214e-01  -1.3711757e-01  -6.4088396e-02   3.3060236e-03  -1.0836790e-01  -1.0143065e-01  -1.5746798e-01  -6.1838908e-02   3.6774674e-01   7.0525752e-03   2.4092379e-01
   3.9509679e-01  -1.8081326e-01  -5.0345473e-01   2.7790947e-01  -8.6624131e-02  -8.2741724e-02  -1.7013583e-01   2.5719194e-01  -2.0857978e-01  -1.7022928e-01   1.7324499e-01  -3.8309526e-01  -1.5477051e-01   0.0000000e+00   4.9819363e-02   9.2789107e-02  -4.1928939e-01   1.7117576e-01   1.0386517e-01  -1.7108184e-01   8.7389462e-02   6.3166612e-02  -2.7699373e-01   5.4679743e-01  -1.2772377e-02   2.1638188e-01  -1.2552820e-01   5.3643376e-01   6.4746196e-04  -2.2492500e-01   4.0721013e-01   2.2298178e-01   1.2272956e-01  -3.0262835e-01   5.5100040e-01   8.8807620e-03   3.2183412e-02   3.3405675e-02   9.3589868e-02  -4.2839281e-01   3.2472293e-02   5.4253905e-02  -3.2163812e-01  -2.4790032e-02  -1.2712757e-01  -2.9038833e-01   6.2084498e-02  -2.0740606e-01   2.7918630e-02  -4.5424102e-01   8.0537176e-02   1.6252508e-01  -5.4851656e-02  -2.5259807e-01   5.0374400e-01   2.4317788e-01   1.5034886e-01   1.4017867e-01   2.3174354e-01   7.8269104e-02  -2.3120208e-01   2.5336928e-01  -3.4112585e-01   3.2122920e-02  -1.5987918e-02  -1.6892008e-01   3.7304145e-02  -1.6956944e-01   2.9908043e-01  -4.1527261e-01  -3.1048723e-01   2.3131279e-01   1.8879847e-01   8.4215530e-02   1.9930685e-01   1.5330189e-02   3.8469954e-02   2.0828373e-01  -8.3917871e-02  -7.6060988e-02   5.6294216e-01   1.0912635e-01  -1.2331794e-01   2.3497040e-01   1.4237862e-01   2.7097472e-01   1.5768224e-01   5.4716599e-01  -1.0685966e-02   5.8192617e-01  -8.9737242e-02  -4.3126035e-01  -4.2063632e-01   1.7243761e-01   9.3030475e-02  -1.9633326e-01   9.0001861e-02   2.2423017e-01   6.3864268e-02   9.1416168e-02   1.1556469e-01   2.5229494e-01   4.3304202e-01  -3.2025834e-02   1.5246521e-01   2.0900238e-01  -2.4801567e-01   2.6156993e-01  -1.7734947e-01   5.0148327e-02  -3.6409604e-01   3.1289050e-01  -7.6026464e-02   4.3078890e-01   1.5420220e-01  -1.1231513e-01   4.1642090e-01   1.2707749e-01   1.8389643e-01   3.2476428e-01   2.6449103e-01  -2.3428581e-01   3.5976554e-01   1.4241867e-01   1.1602235e-01   6.3974204e-01   2.1115696e-01  -1.4435587e-01   1.2598649e-02  -3.4286427e-01   2.7996721e-01  -2.0116902e-01  -3.9457565e-02   8.0764529e-02  -3.4000326e-01  -1.4189885e-02  -2.4008034e-01   4.7242817e-01   2.0695528e-01   3.0160824e-01   5.5554662e-01  -3.1883316e-01   2.3549059e-01  -3.4596443e-01   1.6074111e-01   2.8546309e-01  -4.5942960e-01  -9.5885618e-02   4.3201844e-02   2.2123922e-02   2.3022553e-01   3.4967876e-01   1.8192466e-01  -1.3628999e-01  -4.5490327e-01   4.5271318e-01   2.6573692e-01   1.2691756e-01  -2.9679877e-01   4.1439822e-01  -2.3098269e-01   4.9401125e-02  -1.5909842e-01   7.4317662e-02   2.4526903e-01  -2.8830348e-01  -3.3542593e-02   6.3083458e-01  -5.1158677e-02  -2.3999119e-01  -5.3761409e-02   3.4977456e-01  -2.0580213e-01   1.5300439e-01  -5.9518725e-02  -4.0039654e-01   2.3983797e-01
