   0.0000000e+00  -4.1899412e-01  -2.5717632e-01   2.0935773e-01  -2.5630291e-01   2.1953435e-01  -1.0791014e-01  -1.3558211e-01  -2.0959410e-02  -2.6923026e-01   7.3778428e-02  -2.2133100e-01   9.4011665e-02   5.1397966e-01   2.8943164e-01   9.7015610e-02  -4.4829765e-01   9.8580252e-02   1.1893271e-01  -3.0732186e-01  -1.5941071e-02   1.5062186e-01  -8.9418593e-03   6.0024011e-01  -9.9877228e-02  -1.0469516e-02  -2.0725107e-01   3.4681840e-01  -1.0191630e-01   2.0194227e-01  -1.6485421e-01   1.5476724e-01   6.8173190e-02  -2.0611351e-01   5.6224634e-02  -2.4712265e-01  -1.8086855e-01  -1.2763579e-01  -1.1253615e-02  -4.1460274e-01   1.2050409e-02   1.7462944e-02  -3.3918172e-01   1.0321781e-01  -4.4781922e-02   4.4387201e-01  -3.5531080e-02  -6.3677918e-02  -1.3882890e-01  -3.9127972e-01   1.8721804e-01   6.7226251e-02  -2.6563300e-01  -9.9581943e-03   4.0204577e-01   3.1489957e-01   4.3097132e-01   2.5285184e-01   1.7517469e-01   2.0853187e-01   1.1681797e-01  -1.4204803e-01  -2.2745488e-01  -1.9386724e-01  -8.1601234e-02  -2.8951032e-01   1.3079344e-01  -1.1764827e-01   1.1166623e-01   4.3091520e-01  -5.0447345e-01   1.6648194e-01  -1.0554738e-01   6.0238548e-01  -1.0335747e-01   6.7900263e-02   1.5927369e-01   8.2836681e-02  -2.9138443e-01  -1.3539484e-02   2.5828615e-01  -3.5632727e-02  -2.7312278e-01  -1.0093524e-01  -6.2845446e-03   3.7137783e-01  -2.5471646e-01   6.2704248e-01  -2.0860932e-01   6.7906112e-01  -2.4766195e-01   6.7284696e-02  -3.3232293e-01   1.1925164e-01   4.6084200e-01  -1.8368181e-01  -3.9730604e-02   2.1201589e-01  -1.5763209e-01  -1.4861920e-01  -2.2791326e-01   2.1085495e-01   1.1735722e-01   5.7727921e-02   1.0069827e-01   1.3714532e-01   7.2956511e-03   9.0008242e-02   4.1102546e-02   6.8793949e-02  -4.5885197e-01   2.8692811e-01   3.8659273e-02   8.1919684e-01  -5.0817901e-03  -1.7795659e-01   2.5273098e-01  -2.6700999e-02   1.4370316e-01   1.6398490e-01   6.0368075e-01  -2.5965035e-01  -2.5872169e-01  -4.3829105e-02   5.6076617e-01   4.6961292e-01   3.2328914e-01  -2.4697322e-01   9.0377318e-02   4.5308808e-02  -1.2010168e-01  -2.7906294e-01   4.1416924e-01  -8.8762295e-03   8.7049531e-02   3.4418484e-01  -1.6721639e-01   3.3155935e-01   1.4508676e-01   6.0518670e-01   8.0086989e-01  -6.5190296e-02   2.6116281e-01   2.6560810e-01   1.6837173e-01   6.9462130e-02  -4.5312880e-01  -2.3407378e-01  -1.7311530e-01  -1.1811113e-01   4.5258774e-01   1.5253691e-01   5.8335223e-01  -6.7294959e-02  -2.1248797e-01   2.4728926e-01   6.1902498e-01   7.4421027e-02   1.9285524e-02   2.9187133e-01  -1.5748348e-01   1.2532513e-01  -3.1638568e-01   1.4537417e-01   2.7697194e-02  -2.0446885e-01  -1.5825494e-01   5.8841944e-02   5.6425786e-01  -3.1983974e-01  -3.0322919e-01   1.1665339e-01   1.0966874e-01   2.0302296e-01  -5.6082752e-02  -2.0881208e-01   2.1660563e-01
  -4.1899412e-01   0.0000000e+00   1.7451648e-01  -2.0767716e-01   3.3457177e-01  -3.1507639e-01  -1.2284011e-01  -1.6940332e-01   2.2936621e-01   1.6203781e-01  -2.8113104e-01   2.5399677e-01  -2.1046821e-01  -1.2991894e-01  -3.1799859e-01  -2.2156205e-01   4.5427278e-01  -3.7669871e-01  -1.9676885e-01   2.8694548e-01  -1.9237803e-02  -3.7666401e-01  -3.1984990e-01  -4.5854708e-01   1.7471351e-01  -3.7950289e-03   3.0552166e-01  -4.7213520e-01   2.8925066e-01  -1.4471599e-01   3.2569851e-01  -2.3892155e-01   2.6387255e-01   1.5603602e-01   5.3371126e-02   1.5410681e-01  -3.1574532e-02  -5.8160546e-02   5.3986793e-02   5.2985148e-01  -2.0603315e-01   3.9621507e-02   4.4303768e-01  -1.1166175e-01  -2.0902361e-01  -1.6389637e-01  -1.4034789e-01   2.8279886e-01   1.6818715e-01   4.6458459e-01  -5.7816993e-01  -9.1661107e-02   4.0774032e-01   1.5403137e-02  -7.3251501e-02  -3.4124560e-01  -3.1188638e-01  -4.2507947e-01  -3.0219839e-01  -3.4609607e-01  -1.4070564e-01  -8.9005683e-02   4.7762737e-01   4.3277454e-01   3.2213947e-01   2.1935801e-02  -8.7149395e-02   8.1619942e-02  -1.2130960e-01  -3.7143773e-01   6.8412647e-01  -1.6224223e-01  -3.0404646e-02  -2.6963374e-01  -1.1466735e-01  -1.9472867e-01  -1.2226419e-01  -2.2646569e-01   5.5727073e-01   1.0836198e-01  -4.1907724e-01  -8.1187816e-02   3.4228074e-01   5.4216761e-02   2.5845231e-01  -4.9926296e-01   6.3640797e-01  -3.9616483e-01   4.6103310e-01  -4.3764353e-01   4.3102281e-01  -1.3572589e-01   4.8744406e-01  -3.3257170e-01  -4.0392107e-01   4.0505283e-01  -1.7705001e-01  -9.5295606e-02   3.6407628e-01  -1.6229929e-01   2.1729150e-01  -3.0462480e-01  -8.3461860e-02   1.0735339e-01  -4.2510797e-01  -1.1841522e-01   1.1815185e-01  -2.0919458e-01  -3.4958849e-01  -1.1070295e-01   3.4947065e-01  -4.9067860e-01  -6.5090166e-02  -3.5730269e-01  -4.5317042e-02   5.2755119e-01  -2.0513081e-01  -2.6806751e-01  -9.4940508e-02  -4.7324494e-01  -3.7999832e-01   3.5969430e-01   4.9035366e-01   2.2694962e-01  -3.6746747e-01  -4.2926712e-01  -5.0533520e-01   3.2450364e-01  -2.9073586e-01  -4.3885867e-02  -1.7699656e-02   5.5703825e-01   1.2048667e-02  -3.1181158e-02  -2.5428667e-01  -4.0309673e-01   1.2780464e-01  -2.0040335e-01  -3.9466234e-01  -4.6650827e-01  -3.2525065e-01   9.6735622e-02  -3.3371497e-01  -2.3187792e-01  -5.8192260e-01  -1.5030091e-01   6.5215767e-01   5.0489426e-01  -7.7648920e-02   1.9634105e-01  -3.0595071e-01  -1.1032525e-01  -3.4043151e-01   1.1481425e-01   3.1584772e-01  -2.4401931e-01  -3.3684457e-01  -2.6905482e-01  -2.3083753e-02  -3.7668002e-01   1.6166770e-01  -1.8813838e-01   3.3483135e-01  -2.7204348e-01  -2.2342986e-01   4.0702634e-01   6.7768921e-02  -4.1242523e-02  -1.9853239e-01   5.5350700e-01   4.4210422e-01  -1.9788991e-01   3.6435998e-02  -1.9477700e-01  -2.3515893e-01   3.2880486e-02  -3.5666013e-01
  -2.5717632e-01   1.7451648e-01   0.0000000e+00   8.2363104e-02   7.9358800e-02   1.2738299e-01  -8.6873392e-02   5.4820091e-03  -6.8397958e-02   1.1635451e-01  -1.7326098e-01   1.6866462e-01  -1.0652302e-01   9.4628307e-03  -3.4893295e-01  -2.3888573e-02   6.8445829e-01  -7.2409731e-02  -2.3408863e-01   2.5242261e-01  -1.9245049e-01  -1.9939252e-01  -1.1006509e-01  -4.7790739e-01   1.0302015e-01   1.5377171e-02   2.9818753e-01  -9.3002391e-02  -1.1049511e-01   6.5349546e-02   7.2661528e-02  -5.7929893e-02   1.3988562e-01   1.8276346e-01   7.5232276e-02   1.8537900e-01  -1.9278114e-01  -1.5260020e-01  -8.3956179e-02   6.5590944e-01  -1.5033086e-01   1.9368734e-01  -1.0422104e-01   1.6511546e-01  -3.2962345e-01   2.5253661e-01   2.3823643e-02  -4.6473074e-02  -8.1124407e-02   5.7114960e-01  -2.7681012e-01   6.4685174e-02   2.4168122e-01   2.4437712e-01  -1.9438373e-04  -8.2712287e-02  -2.4933227e-01  -2.5534943e-01  -1.5470186e-01  -2.2890826e-01   2.6872715e-01  -2.8181681e-01   1.5479253e-01   1.0939503e-01  -2.6744798e-01  -1.4916298e-01   2.5131145e-01   5.2717490e-03   1.3478206e-01   2.6496511e-01   1.4428067e-01  -3.2844292e-02  -1.5392377e-01   1.7674213e-01   1.9430030e-01  -6.5325496e-02   1.7088078e-01  -1.8219968e-02   1.3111113e-02   1.0216709e-01  -1.2204858e-01  -1.8349349e-01   1.9863154e-01   1.1666740e-03   4.1394225e-01  -3.0009429e-01   1.6204723e-01  -1.5706749e-01   4.6986549e-02  -4.1141022e-01  -7.0094074e-03   4.7427420e-01   1.6276705e-01  -1.4868813e-01  -1.5512013e-01   6.0061099e-02   5.5823313e-02  -3.0152094e-01  -6.5847485e-02  -3.6675633e-01   3.0980121e-01  -3.3480948e-01   3.3803717e-03  -7.6898950e-02  -2.4619253e-01   4.0445786e-02   3.7213395e-01  -9.3538346e-02  -3.4432057e-01   1.1467761e-01   1.1982991e-02  -3.1609942e-01   1.2975641e-01  -2.0307666e-01   2.7077075e-01  -1.1506045e-01   6.1170556e-02  -1.9857045e-01   2.4031926e-01   3.3280645e-02  -1.0053319e-01   1.2903927e-01   2.2754466e-01  -1.3358778e-01  -2.5119444e-01  -2.5618649e-01  -2.6653028e-01   2.6615092e-01  -8.7451989e-02   5.9706317e-01  -1.4526888e-01  -9.3367228e-02   1.2801772e-01   6.3734153e-02  -2.6055143e-02  -1.8366312e-01   1.8802147e-01   9.9352765e-02  -1.5766223e-01  -3.0267600e-01  -1.6444507e-01  -5.3868813e-02  -3.1716230e-01   1.8225956e-01  -2.8456667e-01  -7.6312725e-02   2.8147074e-01  -1.8863591e-01  -1.3503525e-01  -3.2139393e-01   1.1836312e-01   4.0308366e-02   7.0286996e-02  -6.5114934e-02   6.6950720e-01  -3.5681687e-01  -1.1546279e-01  -6.9746211e-02   3.5900781e-01  -1.3638741e-02   1.2282609e-02  -2.4635370e-01   1.3478956e-01  -1.4642012e-01  -3.9598426e-02  -9.3083627e-02  -2.3292148e-01   2.0438854e-01   6.8134220e-02   2.8230926e-01  -1.6520216e-01  -1.3827509e-01  -1.0805170e-01   3.9062466e-01  -3.2629074e-03   1.3664158e-01  -6.5442105e-02
   2.0935773e-01  -2.0767716e-01   8.2363104e-02   0.0000000e+00  -2.4469826e-01   5.3634886e-01   2.8895539e-01   1.5142950e-01   2.3294174e-01  -3.0066797e-01   2.7062056e-01   1.8955732e-01  -1.0558549e-01   2.9583678e-01   2.1529375e-01   1.8506134e-01  -2.2067832e-01   4.3004109e-01   6.2295762e-03  -3.9691697e-01   3.0732134e-01   5.5832867e-01   3.6735238e-01  -2.3482369e-02  -1.3515820e-01   1.5056929e-02  -6.8226119e-03   3.1663620e-01  -1.5942984e-01   4.1963129e-01   7.8506560e-02   4.2452095e-01  -2.1096639e-02   2.5856332e-02   2.9351822e-01  -1.2770711e-01   1.2394272e-03  -5.1736634e-01   2.3478496e-01  -1.6835635e-01   3.0219485e-01  -1.1721810e-01  -1.4944527e-01   1.5006165e-01   1.0256762e-01   1.0419331e-01   3.0871495e-01   1.6736874e-01  -1.3077050e-01  -3.8819914e-01   4.4323353e-01   3.9036363e-02  -1.6141506e-02  -4.4150910e-03   6.5587413e-02   2.8627909e-01   3.4889230e-01   5.9292072e-01   5.9324521e-01   4.9140423e-01  -4.3788625e-02  -1.4795739e-01  -1.4369759e-01  -4.2491132e-02  -1.8714704e-01  -1.8252301e-01   4.7988306e-01  -3.4976961e-01   4.4302964e-01   1.9441784e-01  -3.0105117e-01   6.8162339e-02   3.1049596e-01   3.8802547e-01  -4.2985164e-02   1.8776942e-01  -2.5769893e-01   3.5282596e-01  -3.1163992e-01   2.6892868e-02   1.9480179e-01   1.0081743e-01  -2.0631519e-01   5.5253900e-02   2.1051850e-02   3.4714773e-01  -1.2978819e-01   2.2034335e-02  -4.1130351e-01   4.3088279e-02  -3.1645153e-01   8.2549120e-03  -4.3615750e-01   4.8060867e-01  -8.4911004e-02  -4.4962868e-01  -7.9032637e-02   1.4737713e-01  -1.2518040e-01  -1.3183425e-01  -4.6474255e-02   3.0118808e-01   2.7564499e-01   3.8250377e-01   4.4505062e-01   5.9139758e-01   1.9057302e-02   4.1555997e-01   1.6396007e-01   9.2184924e-02  -1.7369006e-01   4.6353166e-01   4.9696711e-01   1.1762649e-01   8.1170741e-02  -3.1009360e-01   1.7923841e-01   1.9954185e-01   2.3867211e-01   4.7243743e-01   4.8805457e-02  -4.2658222e-01  -4.5256282e-01   2.0344344e-01  -2.7475827e-02   3.4515228e-01   1.9702172e-01  -2.3857457e-01   5.9387351e-01   1.7597936e-01   1.2217301e-01  -1.3747069e-01   3.7876168e-01   1.8959431e-01   5.1083418e-01   2.8608472e-01  -3.7495425e-02   3.5286412e-01   3.9907764e-01   1.3121685e-01   1.5301895e-01  -2.6701235e-01   4.7489755e-01   2.9356942e-01   3.1953991e-01   3.6611816e-01  -2.7713425e-01  -1.6533483e-01   7.2187481e-03  -5.8137795e-02   1.0347659e-01   2.8627628e-01   7.7396873e-02  -8.7414110e-02  -6.6171689e-02  -3.9044922e-02   6.5799789e-02   5.1540838e-01  -1.4190782e-01   4.1510027e-01  -3.7251532e-01   4.4367498e-01  -1.8941997e-01   5.9077298e-01   5.0914720e-01  -3.3396541e-01  -2.3695581e-02   3.1301454e-01   9.4546299e-02  -2.8031073e-01  -3.0307883e-01  -3.5601545e-01  -1.2462248e-01   3.9920660e-01   1.0502248e-01   1.7573585e-01   5.2276694e-01
  -2.5630291e-01   3.3457177e-01   7.9358800e-02  -2.4469826e-01   0.0000000e+00  -2.9892617e-01  -3.0508649e-01   1.7330347e-01   2.0854693e-02   2.8542451e-01   1.4055432e-01  -4.0042503e-02   1.8980115e-01  -2.6086890e-01  -2.3656115e-01  -2.4241807e-01   4.8267783e-01  -1.1282020e-01   3.4545202e-02   7.3942588e-01  -1.6576214e-01  -2.6814083e-01  -3.2881088e-01  -1.6258415e-01   9.5608378e-02  -4.4258536e-02   2.9300318e-01  -3.3103748e-01   1.0502209e-01  -4.0723633e-01   6.3726183e-02  -8.1792578e-02   1.0907342e-01  -1.4763909e-02  -2.2699809e-01   7.4059687e-01  -6.8488668e-02   8.5553489e-02  -6.7758731e-02   4.0320471e-01   1.7557525e-02   1.3141790e-01   4.5427343e-01  -2.2460202e-01  -6.3770827e-02  -2.7193132e-01   2.8511732e-01  -2.6724067e-01   7.5807290e-02   4.5880890e-01  -1.7364809e-01   2.1078885e-01   1.5440733e-01   1.0231666e-01  -2.7195261e-01  -1.5769689e-01  -1.5171792e-01  -2.3392254e-01  -1.3936024e-01  -2.5466998e-01  -1.5353059e-02   1.0116555e-01   4.2457146e-01   3.0503581e-01   2.8669197e-01   2.0373187e-01  -1.4791740e-01  -6.4798790e-02  -1.1373370e-01  -5.0288069e-01   3.9003997e-01  -1.7367341e-01   4.7714645e-02  -2.4129512e-01   1.5366240e-01   6.9362103e-02  -6.2032391e-02  -9.2521557e-02   6.6165936e-01  -1.4486261e-02  -3.7191378e-01  -3.0351856e-02   2.7877586e-01   2.8532398e-02   9.1841903e-02  -9.3828934e-02   1.4120893e-01  -3.7904971e-01   3.2552652e-01  -2.2076311e-01   5.7940688e-01  -9.6325341e-02   5.0685137e-01  -2.6123702e-01  -1.9496377e-01   7.7104065e-01  -2.1388000e-01  -8.3146755e-02   3.8609986e-01  -1.7050315e-01  -3.3282965e-02   5.2663508e-02  -2.6190441e-01  -2.1377328e-01  -1.7095200e-01  -7.8772330e-02   1.4872708e-01  -1.0003385e-01  -2.1198331e-01   3.0397904e-01   1.0060446e-01  -3.4845236e-01  -2.0994319e-01  -2.1392658e-01  -3.1655883e-01   6.1909340e-01   6.6767830e-03   9.1846116e-02  -2.8563050e-01  -2.3949834e-01  -2.1134765e-01   7.5858727e-01   4.1052678e-01  -1.9773330e-02  -2.6657487e-01  -3.6124496e-01  -3.4103879e-01   4.1202244e-01  -2.0899290e-01  -2.2131369e-01   1.7799986e-01   5.7352577e-01  -3.5233088e-01  -2.6311704e-01  -1.4584682e-01   9.1777780e-03   1.1310445e-01  -3.6881265e-01  -3.9165152e-02  -2.5613105e-01  -1.3020926e-01   3.7442961e-01  -1.5594557e-01  -2.4340691e-01  -3.9085892e-01  -4.4889656e-01   3.1763364e-01   3.1072681e-01   1.6640788e-01  -1.0290718e-01  -2.8799809e-01  -2.7666304e-01  -1.4154588e-01   3.5123342e-01   1.8556838e-01   1.7832937e-02  -1.8533499e-01  -1.4586352e-01   1.2774451e-01  -3.4752595e-01  -8.0435534e-02   7.1235875e-03   4.8767827e-01  -4.0447171e-01  -1.5086958e-01   5.8381402e-01   2.0350236e-01  -6.7501964e-02  -9.9165698e-02   6.1824007e-01   3.0400115e-01  -1.2768556e-01   4.1645226e-02  -9.1028079e-02  -9.7173067e-02   1.7961681e-01  -4.2394736e-02
   2.1953435e-01  -3.1507639e-01   1.2738299e-01   5.3634886e-01  -2.9892617e-01   0.0000000e+00   2.6661829e-01  -3.2776218e-02   3.1770413e-02  -3.6257928e-01   3.0370019e-01   1.0262391e-01  -5.9210347e-02   2.0057313e-01   1.3177218e-01   3.2616410e-01  -2.0552022e-01   4.1312197e-01   2.3502102e-02  -3.9221199e-01   2.1333520e-01   5.1755446e-01   5.1189091e-01  -1.3033922e-01  -7.9156585e-02   1.7525785e-02   8.4249678e-02   3.5393484e-01  -5.8738944e-02   6.3766170e-01  -5.0367782e-02   4.2545529e-01   3.1694038e-02   1.4942259e-01   1.1219714e-01  -1.4554016e-01  -9.0493204e-02  -5.2766809e-01   2.4598445e-01  -1.7460185e-01   1.1280635e-01   2.0746462e-01  -3.7744210e-01   2.1913086e-01   4.3786423e-02   2.4198875e-01   4.1992726e-01   2.0336490e-01  -3.2166178e-01  -4.1880757e-01   4.5164397e-01  -4.4765057e-02   1.9917816e-02   1.4693358e-01   8.6139906e-02   3.8164681e-01   3.9249281e-01   5.2032305e-01   5.1168738e-01   4.2155407e-01   1.1848631e-01  -2.5213531e-01  -4.0758945e-01  -2.5806952e-01  -4.4054418e-01  -3.3313585e-01   6.7255507e-01  -5.3537039e-02   6.3048233e-01   3.6935922e-01  -4.9589292e-01   2.5708121e-01   1.6189519e-01   5.2217941e-01   7.5945032e-02   7.0104684e-02  -1.2195210e-01   3.9435051e-01  -4.9252574e-01   4.5056652e-02   2.9762436e-01   1.5656037e-01  -2.4458963e-01   4.0038571e-02   4.4325994e-02   2.8956729e-01  -3.1946972e-01   2.0331729e-01  -3.8297037e-01  -4.1097832e-02  -5.2310311e-01   1.7535233e-01  -4.7243566e-01   3.0552338e-01  -1.3079074e-01  -4.0323963e-01  -9.0727573e-02   3.9531289e-02  -1.9665896e-01  -1.2629224e-01  -1.7633960e-01   1.2717608e-01   2.9393032e-01   2.1165481e-01   5.2718248e-01   4.2758383e-01   9.4153845e-02   4.8143930e-01   1.5178647e-01   1.8831762e-01  -2.3799463e-01   5.9773051e-01   1.6126697e-01   7.7645335e-02   1.3124241e-01  -5.2187852e-01   1.9538487e-01   1.2988296e-01   3.7730140e-01   5.3188136e-01   7.4081397e-02  -4.7545843e-01  -3.5036691e-01  -8.0334506e-03  -9.4197397e-02   4.4158083e-01   2.0766265e-01  -2.1220058e-01   4.8876429e-01   2.4496599e-01   3.6820445e-02  -2.3799984e-01   5.0419469e-01   1.2093456e-01   1.8809076e-01   1.5890725e-02   5.2585083e-02   4.4963861e-01   2.1005423e-01   3.3143161e-02   1.5064602e-01  -2.5195939e-01   3.7659508e-01   4.4989249e-01   2.0914217e-01   3.2102306e-01  -3.8963187e-01  -3.1030772e-01   1.4853551e-01  -3.6727231e-01   2.5286338e-01   1.7436790e-01   1.4809660e-01  -1.5059941e-01   2.3606608e-02  -2.8598924e-01   6.0745671e-02   4.0902906e-01  -6.3251034e-02   5.7455929e-01  -2.2755190e-01   3.3107711e-01  -4.3049556e-01   5.1035475e-01   4.2101129e-01  -4.6974730e-01  -1.3669051e-01   3.4635446e-01   1.3216476e-01  -4.3324974e-01  -4.3857046e-01  -3.0347663e-01   8.4484945e-02   6.4728136e-01   2.0530803e-01   2.1566518e-02   4.0917042e-01
  -1.0791014e-01  -1.2284011e-01  -8.6873392e-02   2.8895539e-01  -3.0508649e-01   2.6661829e-01   0.0000000e+00  -4.6309813e-02   1.4676957e-01  -1.1184448e-01   3.2976726e-01   4.2720294e-01  -5.8096416e-02  -8.5364946e-02   2.8989311e-01   3.4364408e-01  -3.3135733e-01   2.7664975e-01  -1.0111416e-01  -2.5157654e-01   2.2885877e-01   3.7583564e-01   6.9160534e-01  -1.1244601e-01  -1.6766563e-01   5.5787174e-02   1.5074530e-02   3.0650434e-01   1.5412085e-01   3.2241063e-01   1.1033815e-01   1.5434291e-01  -5.4585053e-02   3.7448962e-01  -1.9933709e-02  -9.0136214e-02   2.5253866e-01  -3.0015539e-01   2.5030647e-01  -1.5318856e-01   5.2295631e-02  -3.4544618e-02   1.1237866e-01  -6.0696099e-02   2.7895423e-01  -7.4131357e-02   1.7908711e-01   3.9411143e-01  -1.0294581e-01  -3.7409411e-01   3.7688730e-01   1.3673132e-02   2.5491145e-02  -2.3761774e-01  -1.8020831e-01   3.9349607e-01   1.1442548e-01   3.4245456e-01   2.2949564e-01   3.7132563e-01   4.9704493e-02   2.6905160e-01  -2.5183723e-01   9.3077639e-02  -8.3656257e-02   9.3016096e-02   1.0328016e-01   4.8570944e-02   2.2805369e-01   8.3138978e-02  -1.4172424e-01   2.0405115e-01   1.0923832e-01  -1.7480773e-01  -3.6940844e-02   1.0506390e-01  -1.3342085e-01   8.9442799e-02  -3.2932424e-01  -2.9494530e-02   6.9078489e-01   2.7052867e-01  -3.1261512e-01  -1.0081650e-01  -2.6070099e-01   2.3580873e-01  -2.9018871e-01  -1.0977289e-01  -1.8932868e-01  -1.1307388e-01  -3.6862489e-01  -1.1074962e-01  -1.5966113e-01   3.6813187e-01  -4.8819092e-02  -4.4917573e-01   8.0866484e-02   4.8191186e-02  -8.0278147e-02   3.7428948e-01  -1.5863685e-01   3.9927563e-01   1.0821069e-01   2.2387900e-01   4.7987338e-01   1.1561301e-01  -1.8812426e-01   2.4300355e-01   4.5183439e-01  -1.1613199e-01   4.0329887e-01   4.3196140e-01   2.1058667e-01  -1.6897800e-01   2.2024145e-01  -3.9174346e-01   5.2776343e-02   1.6440315e-01   5.7864554e-03   2.6189465e-01  -9.3647123e-02  -3.1632473e-01  -3.5873836e-01   1.3147463e-01  -1.4576789e-01   1.6661200e-01   3.3706600e-01  -2.0274151e-01   3.3698584e-01  -8.2936596e-02   1.5875563e-01  -1.2892768e-01  -8.0168706e-02   5.6696992e-02   2.5990459e-01   1.1330552e-01  -4.0684934e-02   2.2056812e-01   1.3639742e-01   2.5896013e-02  -9.7136948e-02  -2.6834064e-01   3.3985729e-01   1.1974615e-01   5.0667411e-01   2.5254437e-01   7.5917284e-02  -1.5714988e-01   2.9276583e-01   8.9594376e-02  -8.0432643e-02   1.7129185e-01  -2.2206958e-01  -1.2178238e-01  -2.0992898e-01  -1.8575660e-01  -2.6393261e-02   2.9047676e-01  -2.2207807e-01   3.7222364e-01   3.8631635e-02   3.7123352e-01  -2.2360271e-01   4.2212482e-01   2.7298367e-01  -2.2565928e-01   3.3251482e-01   2.0104218e-02  -2.2372828e-01  -4.0337777e-01   3.1095604e-02  -2.6081735e-01   2.4611068e-02   1.9431034e-02  -4.7275213e-02  -1.5554244e-02   1.9900800e-01
  -1.3558211e-01  -1.6940332e-01   5.4820091e-03   1.5142950e-01   1.7330347e-01  -3.2776218e-02  -4.6309813e-02   0.0000000e+00  -9.3304349e-02   4.6767908e-02   1.7108742e-01  -1.1135056e-01   1.4130542e-01  -7.7292020e-02   1.2537969e-01   3.1450746e-02   2.0929894e-02   3.9961117e-02   2.1808092e-01   1.2767899e-01  -8.3848365e-02   6.9675084e-02  -1.1398979e-01  -7.3400942e-02  -5.5020105e-02   2.8372908e-01  -6.0688687e-02  -2.9033607e-02  -6.7333263e-02  -2.3772712e-01  -2.6354089e-01   1.8274098e-01   4.8865467e-02  -1.7867191e-01  -8.4992231e-02   1.5585396e-01  -6.2335965e-02  -2.3411801e-02   7.9516547e-02   6.4082645e-03   2.9129528e-01   4.4251553e-02   4.8590416e-02   1.4654472e-01   6.0419196e-02  -3.0741789e-01   3.5481140e-02  -2.6548893e-01   1.0334061e-01  -4.6029770e-03   1.6004047e-01   3.5600840e-01  -3.2687617e-01   2.3053595e-01  -9.1308822e-02  -4.9132038e-02   2.9534505e-02   1.1154792e-01   3.2167410e-01   9.0060355e-02  -1.4511536e-01   2.0197578e-01   1.0648959e-02   1.0743179e-01   1.1705733e-01   1.0436010e-01  -2.0687862e-02  -9.9372924e-02   7.2996154e-02  -2.5890554e-01   6.7303851e-02  -1.0199242e-01   1.5353563e-01  -1.0594934e-01   2.9675670e-01   2.6098776e-01  -2.4276638e-01   2.1593975e-01   1.1126216e-01   2.7125597e-02  -1.0117309e-01   2.0210016e-01   4.8469007e-02   5.3836619e-01  -1.3549025e-01   2.2866546e-01  -1.4847193e-01  -2.2340456e-01  -1.2589535e-01   3.4072235e-02   2.5273521e-01  -1.4661035e-01  -1.0172034e-01   1.1371460e-01  -1.1690168e-01   1.1059710e-01   1.8575358e-01   2.9454434e-01   3.5575670e-02  -4.9279790e-02   4.2063961e-02   9.3432474e-02  -1.3587076e-03   1.3244603e-02   1.2132484e-01   3.1734343e-01  -7.2908062e-02   3.4985189e-01   8.7525837e-03  -4.9333921e-02   4.7590605e-03   4.0290548e-02   1.6848069e-01  -1.6974592e-01  -3.8200807e-02   9.1327922e-02   3.6696568e-01   2.3861786e-01  -1.3602218e-01   2.4464061e-01  -1.1300330e-01   1.6489187e-01  -1.5542010e-01   2.2108184e-02  -2.0661337e-01   7.0713656e-02  -8.2209398e-02   1.8663576e-01   2.3235226e-01  -9.1444479e-02   2.6238815e-01  -2.4129935e-03  -1.7338369e-01  -4.2585819e-02   2.1541986e-01   2.9681512e-01   2.2123404e-01  -1.6637358e-01   3.7161168e-01   9.5106450e-02  -1.5584272e-01   4.8246628e-02   1.5634091e-01  -1.3656483e-01   5.0073785e-02  -5.0999669e-02  -3.6300553e-02  -8.4550927e-02  -2.6651288e-02   6.3842501e-02  -8.5630850e-02   1.7000659e-01  -1.4055309e-01   2.1468321e-01  -1.0426937e-01   1.0688499e-01  -2.3037266e-01   2.7015579e-01  -1.2146939e-01  -8.3629159e-02  -1.0223234e-01   1.5605397e-01   5.3420507e-02   5.6897828e-02   2.6512818e-01   5.7360245e-02   7.4996592e-02   7.2901233e-02  -2.4776993e-01   3.3722104e-02   4.1229937e-02  -2.4744147e-01  -8.0123885e-02  -1.4149288e-01   2.0152579e-01   1.4669229e-01   2.6104111e-01
  -2.0959410e-02   2.2936621e-01  -6.8397958e-02   2.3294174e-01   2.0854693e-02   3.1770413e-02   1.4676957e-01  -9.3304349e-02   0.0000000e+00   1.4125841e-02   2.3026635e-01   3.8585064e-01   4.8846014e-02  -2.6223395e-01   1.7463291e-01   2.4410768e-01  -1.4491795e-01   2.4980480e-01  -6.0766817e-02  -5.1452732e-02   1.2423005e-01   3.1716269e-01  -2.7628446e-03  -5.6159607e-02  -1.2858710e-01  -2.4905479e-04   2.6251870e-01  -8.2776858e-02  -4.9904154e-02   3.9973390e-02   1.6505432e-01  -1.5316033e-02   4.0297061e-02   4.0386884e-02   6.6551423e-03   6.6719417e-02   4.4027782e-02  -1.5504985e-01   2.8126902e-01   7.9107251e-02   2.4321218e-01  -1.0022875e-01   3.9557147e-01  -2.4960077e-01   3.3649236e-01   1.1402151e-02   2.5355203e-01   1.7153032e-01  -2.3649538e-01  -1.2336035e-01   2.1949048e-01  -4.0492699e-02   1.2541143e-01  -1.9424533e-01  -3.3747681e-01  -1.0518918e-02   1.2082479e-02   2.6342222e-01   2.6886960e-01   4.0633209e-01  -1.6925401e-01  -2.2281308e-02   2.2358915e-01   2.3162979e-01   2.4588576e-01   2.5603559e-01   9.6216527e-02  -1.3518983e-01   1.6039016e-01   2.3883989e-02   1.1627386e-01   1.5157935e-01   3.4152982e-01  -2.3595878e-01  -2.1690766e-01  -4.0308377e-02  -1.4950927e-01   1.2839907e-01   6.5089548e-02  -4.3417723e-02  -5.2329892e-02   8.1553053e-02  -1.8221189e-01  -1.8782189e-02  -3.1548515e-01  -7.4190545e-02   3.5060009e-02  -2.6911037e-01   1.6218514e-03  -1.4938395e-01   1.4425624e-02  -1.5827820e-01   8.4536803e-02   4.4698595e-01  -5.7214150e-02   2.5443299e-02  -8.4351495e-02   8.7337393e-02   1.0214067e-01   5.8549024e-02  -2.3118782e-01   1.8677217e-01  -2.6801832e-01   6.3902646e-01   2.7752072e-01  -5.5387068e-03  -2.3498287e-01   1.9760833e-01  -1.3420479e-01   1.4186671e-01   8.4561452e-02   4.8669522e-02   2.5960212e-01  -5.4748422e-02  -1.8370963e-01   1.6500287e-01  -2.7690279e-02   1.8112553e-01  -2.8849349e-01   3.5803776e-02  -1.8621085e-02  -5.0478905e-02  -5.0208933e-02   4.4493876e-01   4.0312952e-03  -2.2470890e-01  -1.6520716e-01  -1.8004573e-01   3.3736485e-01  -9.6226370e-03   2.7813541e-01   3.3090613e-01   3.1201110e-02  -1.3470945e-01   4.5985562e-01   4.8137030e-03   9.1681547e-02  -6.0217386e-02   9.1460299e-02  -9.6173121e-03  -3.4310415e-02  -6.6051779e-02   3.0078742e-01  -2.0482926e-01   1.3649396e-01  -8.1596445e-02   8.1563973e-02   5.0194206e-01   3.4094210e-01   2.2278373e-01  -3.8283555e-01  -8.6805776e-02  -1.0519489e-01   5.4404185e-02  -1.3723282e-01  -9.6457109e-02   7.7831335e-02   2.2859007e-01  -2.1738548e-01  -2.1276859e-01  -9.5913570e-02   4.2047882e-01   1.7543403e-01   2.5425607e-01   1.2987840e-01   3.0054130e-01   3.4449704e-01  -7.3433714e-02  -7.4663503e-02  -2.0353379e-03   2.7207384e-01  -1.7757634e-01   2.0637702e-01  -9.2969570e-02  -9.7947514e-02   7.0049064e-02   3.1802812e-01
  -2.6923026e-01   1.6203781e-01   1.1635451e-01  -3.0066797e-01   2.8542451e-01  -3.6257928e-01  -1.1184448e-01   4.6767908e-02   1.4125841e-02   0.0000000e+00  -1.8971235e-02   7.1986947e-02   1.6250754e-01  -3.5369247e-01   1.8684829e-02  -1.3038089e-01   2.7675009e-01  -1.7004337e-01  -4.9543341e-02   5.3680651e-01  -4.0651703e-01  -3.2632097e-01  -2.0014986e-01  -3.6525834e-02  -1.1151157e-01  -9.4950398e-02   2.1887940e-02  -2.6708625e-01  -2.4264314e-03  -5.5950204e-01   4.7073507e-02  -3.5210046e-01   8.9098585e-03   7.0320252e-02  -9.4627980e-02   3.3166406e-01  -8.2103782e-02   1.2565717e-01  -1.1960209e-03   2.6586516e-01   5.9046090e-03  -1.3908903e-01   3.8660612e-01  -1.5816760e-01   1.2634690e-01  -3.4785631e-01  -1.4474838e-01  -3.6512025e-01   3.9093727e-02   4.6596156e-01  -1.3137530e-01   2.3729517e-02  -8.5977239e-02  -2.0593715e-01  -2.3215810e-01  -3.5288997e-01  -1.2586996e-01  -2.9233083e-01  -1.6513050e-01  -2.0202181e-01  -1.1593554e-01   3.4645540e-01   3.8065249e-01   1.6907937e-01   1.9275332e-01   7.0041940e-01  -4.7812517e-01   1.2703426e-02  -3.6559361e-01  -3.8411314e-01   3.0060785e-01  -2.7148622e-01  -4.4229183e-02  -3.2082034e-01  -1.2199840e-01  -1.0528057e-01  -1.2644676e-01   1.3713734e-02   5.3470295e-01  -5.3178662e-02  -2.3098719e-01   7.6228163e-02   2.8880830e-01   8.3977443e-03  -1.0707266e-01  -2.7649965e-01   1.6225008e-01  -2.8367985e-01   1.0469090e-01  -1.3427276e-01   2.7798929e-01  -8.5077008e-02   5.4750873e-01  -7.6415321e-02  -1.3183020e-01   5.5113599e-01  -2.4384161e-02   2.7267744e-02   5.2293071e-02   4.7698407e-01  -7.1461379e-02  -2.8389582e-03  -4.1434760e-01  -1.4181924e-01  -2.5810757e-01  -2.6319258e-01  -2.5952154e-01  -2.1384322e-01   2.3719799e-02  -1.6368567e-01   4.3689973e-01  -3.9080212e-01  -2.4617767e-01  -2.7242593e-01  -8.0171387e-02   4.1369010e-01  -1.6001217e-01   1.8513261e-01  -3.8152348e-01  -3.0577673e-01  -2.0250300e-01   5.8709857e-01   1.5904715e-01  -1.5485673e-01  -1.7857085e-01  -3.1820753e-01  -1.1577322e-01   4.6041795e-02  -1.9847818e-01  -3.2803277e-01   1.0505195e-01   3.1184828e-01  -4.0769635e-01  -3.2193286e-01   1.3428172e-02  -4.3026398e-02   1.0379309e-01  -4.7590566e-01  -1.8703554e-01  -1.6087388e-01  -2.1950516e-01   3.9716505e-02  -1.0122440e-01  -3.0815503e-01   2.1697509e-03  -4.9845031e-01   4.4457670e-01   2.7381478e-01   1.6453389e-01   1.9117238e-01  -1.2655280e-01  -3.4267520e-01  -1.5704420e-01   2.1624756e-01   1.2060840e-01   1.1941655e-01  -1.8042036e-01  -9.1078817e-02   1.1784373e-02  -4.9617217e-01   2.4726371e-02  -1.7112436e-01   2.9045986e-01  -3.9260067e-01  -1.1021008e-01   4.5069121e-01   2.8677674e-01  -1.8722194e-01  -2.3692621e-01   3.9570337e-01   5.8084487e-01   1.6592624e-01  -1.1871351e-01  -2.6884282e-01  -1.3236366e-01  -4.7534167e-02  -1.6657984e-01
   7.3778428e-02  -2.8113104e-01  -1.7326098e-01   2.7062056e-01   1.4055432e-01   3.0370019e-01   3.2976726e-01   1.7108742e-01   2.3026635e-01  -1.8971235e-02   0.0000000e+00   2.6029122e-01   9.1498780e-02  -3.4766498e-01   2.1194788e-01   3.8250570e-01  -3.4640242e-01   6.6127311e-01  -1.1776684e-01   3.1827653e-02   1.6455363e-01   5.5565126e-01   3.6224544e-01   1.3105460e-01  -4.5962395e-01   1.2227668e-01   2.9035547e-01   2.5762547e-01  -1.1195254e-02   1.3872875e-01   3.4882887e-02   4.4513765e-01  -1.1466350e-01  -2.9518099e-02  -2.5835172e-01   3.9775705e-01   1.0737396e-01  -1.8584924e-01   2.9024845e-01  -1.6267305e-01   3.4647769e-01  -7.0297589e-02   8.5417818e-02  -1.3504806e-01   5.1489193e-01   5.1536184e-02   7.0931704e-01   8.2119270e-02  -1.9820902e-01  -3.9300451e-01   6.6644964e-01   8.3034149e-02  -5.2283230e-02  -2.5665888e-01  -3.2911517e-01   2.5359383e-01   7.6439202e-02   5.0984750e-01   4.9363563e-01   5.0454075e-01   5.6726581e-02   3.6702416e-01  -2.4012417e-01   1.6514845e-01   1.7016527e-01   2.1686799e-01   1.1430144e-01  -5.8426608e-02   4.8390242e-01   1.1417313e-01  -2.2652345e-01   3.5601149e-01   3.9619432e-01  -9.0304614e-02  -1.7144496e-01   1.3665585e-01  -1.6841767e-02   2.5943703e-01  -1.5971594e-01  -3.2902608e-01   2.6761718e-01   2.5355818e-01  -3.1531726e-01   3.5580178e-02  -5.0499147e-01   3.4507438e-01  -5.0554836e-01  -1.1127183e-01  -1.6362047e-01   1.0952712e-01  -1.0341014e-01  -1.0889804e-01  -1.6971823e-01   4.5974558e-01   1.1988037e-01  -3.6473915e-03  -9.8175888e-02  -1.8615608e-02   1.1063144e-01   2.4241955e-01  -4.6935045e-01   5.7355645e-01  -7.3419694e-02   2.2348345e-01   6.7616136e-01   1.8645308e-01  -2.8730980e-01   3.9880435e-01   3.2198984e-01   2.9999967e-01  -3.2590602e-02   4.5214117e-01  -5.3941962e-03  -7.3680652e-03  -2.6769848e-01  -4.6351161e-02   1.1943031e-01   3.5525015e-01  -2.7422598e-01   3.4573963e-01   1.9547898e-01  -8.2806199e-02  -2.5128283e-01   3.8432414e-01   1.0871277e-01   7.1737556e-02   2.1240693e-01  -3.4949709e-01   5.0185271e-01  -8.1379913e-02   3.1924810e-01   2.2450725e-01  -2.3804752e-01  -1.1163412e-01   3.1429745e-01   3.6220762e-01  -3.5788852e-01   6.2869065e-02   4.2812849e-01   1.9851490e-01   9.7486435e-02  -1.4278326e-02   5.7424677e-01  -1.8527350e-01   4.1911902e-01   1.7651977e-01  -2.6567517e-01   2.4388804e-01   5.6556726e-01   1.0007560e-01  -2.3230253e-01  -2.3736797e-02  -4.8178650e-03   4.3990425e-01  -4.3297067e-01  -3.0829825e-02   2.1413762e-01   3.9489396e-01  -2.2528406e-01   1.1442643e-01  -1.1234992e-01   7.5791260e-01   1.3721116e-01   4.2784203e-01   4.0940462e-01   9.6895114e-02   4.6757782e-01   9.0559084e-03  -5.5463877e-03  -2.3903359e-01   2.0634246e-02  -2.9734177e-01   1.3543559e-01  -8.5146361e-03   6.7123336e-02  -9.1928917e-02   4.7048130e-01
  -2.2133100e-01   2.5399677e-01   1.6866462e-01   1.8955732e-01  -4.0042503e-02   1.0262391e-01   4.2720294e-01  -1.1135056e-01   3.8585064e-01   7.1986947e-02   2.6029122e-01   0.0000000e+00  -2.4367174e-01  -2.1711579e-01   5.4583280e-02   2.5311994e-01  -3.3637367e-02   2.4125955e-01  -2.5684400e-01   1.2677434e-01   8.8966437e-02   2.0397506e-01   2.2168648e-01  -2.7647610e-01  -7.3341790e-02   1.1828377e-01   2.4797964e-01  -1.6960645e-02   1.2765649e-02   1.5424314e-01   3.8331721e-01   8.4822683e-02  -6.3560246e-02   2.2961498e-01   1.1873051e-01   1.4939246e-01  -5.7425314e-02  -3.6039510e-01   1.4008091e-01   1.7911344e-01  -3.2959208e-02   3.3459417e-02   3.8555156e-01  -2.0133147e-01   3.7246359e-01  -1.1210202e-01   3.1763287e-01   2.0485755e-01  -3.1127469e-01  -9.7932954e-02   1.1723620e-01   6.5453089e-02   3.1635223e-01  -1.5813819e-01  -2.9255730e-01   1.5881606e-01  -1.6248141e-01   2.2952851e-01   1.1170172e-01   4.8416698e-01  -2.0471378e-01   1.3585889e-01   6.5791629e-02   1.7811631e-01  -1.1629298e-02   1.3016943e-01   9.3313810e-02  -2.9451187e-02   2.8444259e-01   2.2854092e-03   3.5348600e-02   2.0421969e-01   5.4189556e-03  -1.3075611e-01   3.2543507e-02   3.8972123e-02  -3.2002413e-01  -4.0845738e-02  -3.5083869e-02  -2.6622809e-02   1.2293229e-01   1.1999045e-01  -1.5383408e-01  -6.4251417e-02  -1.6001277e-01  -1.5611144e-01   5.2141737e-02  -2.1595349e-01   4.2596680e-02  -3.8132679e-01  -2.0960264e-01  -1.8874398e-01   1.6421002e-01   4.8534352e-01  -3.2053293e-01  -5.8470896e-02   1.7661614e-02  -1.6083275e-01   1.5090199e-01   1.5540187e-01  -1.5983631e-01   3.8254912e-01  -1.2754569e-01   4.0643196e-01   3.2722690e-01   8.8941797e-02  -3.9644995e-02   3.4485662e-02   4.0241253e-02   1.2234989e-01   2.9024585e-01   9.7039140e-02   2.1813521e-01  -2.2593900e-01  -2.1040428e-02  -1.1583364e-01   5.3948637e-02  -2.6798344e-02  -1.1040767e-01   8.7208296e-02  -1.5730990e-01   2.0923962e-02   4.2381270e-03   2.0880519e-01  -2.5428310e-01  -3.9396082e-03  -4.0581636e-02  -1.8477952e-01   2.9006476e-01  -3.2382362e-02   4.3306479e-02   2.1994009e-01  -1.5496066e-01  -1.0964678e-01   2.9263532e-01   3.0744681e-02  -5.4772754e-02  -4.1268830e-02   1.6162994e-01  -3.4148082e-01  -1.7562974e-01  -2.1705969e-01   2.4077003e-01  -9.2238762e-02   2.2175351e-01   2.4179045e-02   2.7593905e-01   1.2554733e-01   4.7045695e-01   3.3876211e-02  -2.4277340e-01  -5.3113815e-02  -2.1277145e-01   2.8190169e-02   4.1661269e-02  -3.5857814e-01  -1.5214597e-01   1.8851255e-01  -2.8457147e-01   2.3015416e-02  -2.7021434e-02   2.9224935e-01  -2.4342681e-02   1.8086318e-01   3.1281364e-01   2.3732013e-01   3.9170869e-01   3.5162210e-02  -1.5274164e-01   1.4231202e-02   3.5291182e-01  -2.8961694e-01   1.0162887e-01   1.3553283e-02  -3.4092541e-03  -4.1738490e-02   9.2894198e-02
   9.4011665e-02  -2.1046821e-01  -1.0652302e-01  -1.0558549e-01   1.8980115e-01  -5.9210347e-02  -5.8096416e-02   1.4130542e-01   4.8846014e-02   1.6250754e-01   9.1498780e-02  -2.4367174e-01   0.0000000e+00   1.5328161e-02   2.2431037e-01   3.4193011e-01   4.4083426e-02  -4.7562023e-02   1.8291401e-01   1.7369975e-01  -4.5301897e-02  -9.1343724e-02  -9.6999855e-02   7.0223204e-02  -1.8440660e-01  -8.1152031e-02  -7.4218777e-03   2.5826320e-02   4.3628857e-02  -1.8856199e-01   2.0417994e-02   4.9048764e-02   1.1730276e-01  -9.9285803e-03  -9.7329600e-02   1.4007428e-01  -1.0968080e-01  -1.5460821e-01   2.8549592e-01  -8.5901953e-02   5.9631169e-01   1.7830044e-02   9.6974540e-02  -3.5122926e-02  -1.7292482e-02  -3.5879329e-02  -3.9721137e-02  -5.9324646e-02   1.5954196e-01   7.3061990e-02   7.8863386e-02   1.9266291e-01  -1.5386599e-01  -1.4598803e-01   9.8308993e-03   6.6860518e-02   9.4621986e-03   5.5014558e-02   2.5116600e-01  -6.0749713e-02   1.3940584e-01   2.0045441e-01   2.7256545e-01   1.9032470e-01   1.0717134e-01   1.1636709e-01  -3.5587775e-02  -4.9418604e-02  -7.6437392e-02  -1.2010573e-01   6.5385464e-02   2.1330219e-02   3.7209339e-01  -1.3783845e-02  -7.8138594e-02  -5.2586479e-02   5.8931844e-02   1.7672474e-01   1.4169239e-01   2.5072457e-01   4.2062738e-02   3.1811766e-01   6.9843521e-02   3.3044489e-02  -4.3955807e-02   1.6637418e-01   1.7189037e-02  -2.1892169e-02   7.0446442e-02   1.8957355e-01   1.6949683e-01  -2.9737961e-02  -1.4617612e-04   2.1303985e-02   2.5081423e-02   1.0852446e-01   1.9358292e-01   2.2435020e-01   1.6220652e-01  -4.3243043e-02   3.9450077e-02   1.2528015e-01  -1.5868220e-01  -6.8040833e-02  -6.6474600e-03   2.5066456e-02  -9.7280065e-02   1.4467912e-01  -4.5611781e-02  -9.9935435e-02  -1.1425887e-01  -3.7802823e-02   2.0425017e-02   4.9664414e-02   2.4676451e-02   1.3113290e-01   2.3167686e-02   6.4972615e-01  -1.0410054e-01  -4.3270032e-02  -6.1802261e-02   1.2331922e-01   4.6405040e-02  -5.6697585e-02  -6.0915081e-02   2.4797133e-02   7.7869540e-02   1.5727132e-01   1.3093433e-02  -8.8404814e-02   5.1788451e-01  -2.1057443e-02  -1.6936159e-01   3.3280039e-02   1.1729949e-01   1.1657473e-01   1.9586139e-01  -1.1654196e-01   1.1727235e-01   2.0088495e-01   4.5744723e-02   6.2157529e-01   6.8791728e-03   6.1783882e-03   3.1951894e-02  -2.1707514e-01  -6.1636859e-02   3.3663901e-02  -2.2162567e-02   1.3622416e-01   9.1220197e-02  -9.5504991e-02  -4.1581289e-02   1.3545248e-01  -1.8843328e-02   1.0227363e-01   1.4314248e-01   2.4997118e-01   1.9422626e-02  -1.1721625e-01  -4.4278314e-02   6.3946320e-02   3.4774497e-02  -7.4660723e-02  -1.0059941e-02   2.3172656e-02  -3.3827442e-02  -1.8909132e-01  -5.3063423e-02   8.8942529e-02   3.5639682e-02   3.2850865e-02   1.3274408e-01  -2.8018683e-02  -1.0049899e-01   2.0065226e-02   2.2066806e-01
   5.1397966e-01  -1.2991894e-01   9.4628307e-03   2.9583678e-01  -2.6086890e-01   2.0057313e-01  -8.5364946e-02  -7.7292020e-02  -2.6223395e-01  -3.5369247e-01  -3.4766498e-01  -2.1711579e-01   1.5328161e-02   0.0000000e+00   1.3509084e-01  -5.7739144e-02  -9.2048961e-02  -1.9025205e-01   2.3696018e-01  -3.6280768e-01   2.5579353e-01  -3.2753262e-02  -1.4470759e-02   1.8328605e-01   1.5209074e-01  -2.5716478e-02  -3.2867014e-01   3.4950432e-01   3.2662866e-02   3.7449607e-01   7.9322885e-02   8.6557703e-02   1.3591036e-01   4.8513222e-02   3.8753736e-01  -4.3033554e-01  -1.9738514e-01  -3.2623146e-01  -8.3856227e-02  -1.0598262e-01   1.6050836e-02   1.0340164e-01  -4.7721827e-01   3.7130275e-01  -4.3739932e-01   2.1890551e-01  -2.9017912e-01   3.1793136e-01   1.4540311e-01  -1.1216487e-01  -1.7152939e-01   1.3851928e-01   3.1311535e-02   2.4841499e-01   7.0773075e-01   3.0198022e-01   3.2849185e-01   1.1648440e-01   7.2400578e-02  -9.4434907e-02   5.3450344e-02  -3.1814803e-01  -1.2774918e-01  -1.5231480e-01  -3.1123225e-01  -5.3371206e-01   2.7135609e-01  -1.0436936e-01   1.9919541e-02   1.9136456e-01  -1.9316836e-01  -1.6808156e-01  -1.7470780e-01   6.2373952e-01   4.3971667e-02   2.0174188e-01  -1.6430496e-02  -8.5804123e-02  -2.3134353e-01   2.1765196e-01   2.6996874e-01  -1.4373847e-01   1.0832006e-01  -8.5554731e-02   5.2578461e-01   3.9511542e-01   3.1868878e-01   5.7714398e-01  -1.6107430e-01   2.5535455e-01  -1.1461967e-01   3.3484982e-02  -3.4540657e-01  -2.1523426e-01   1.0584189e-01  -2.9951879e-01   3.0432276e-02   2.2225969e-01  -1.9000264e-01  -3.7796134e-01   4.1529344e-01  -4.8737418e-02   5.1603288e-01  -4.7329099e-02  -2.0064204e-01   2.8375053e-01   3.2971001e-01   5.3279185e-02  -8.7942569e-02  -1.0954498e-01  -2.2549139e-01   1.6938073e-01   1.3201934e-01   4.8334960e-01   4.8915088e-01  -2.7954100e-01   1.5227677e-01  -1.3387249e-01   6.2128712e-01   1.4679010e-01   9.1384396e-02  -2.9801557e-01  -1.1152655e-01  -1.4116531e-01  -1.4066018e-02   5.3407264e-01   3.5265470e-01   1.0072277e-01  -1.2830337e-01   3.3780122e-01  -2.4675249e-01  -4.3178604e-01   5.7567335e-01   4.1850973e-01  -1.7045852e-01   1.1072475e-01   7.6048908e-02   5.1700240e-01   1.2836880e-01   2.8948719e-01   4.8498085e-01  -2.4565999e-03  -5.3536182e-02   5.2142522e-01  -5.9405100e-02   3.5078596e-01  -1.8428327e-01  -4.2564043e-01  -5.3516150e-01  -3.3508118e-02   6.8361915e-01   4.4058288e-01   2.8984717e-01  -2.8690811e-01   2.2145869e-01  -1.2916357e-02   1.5928468e-01   9.9935099e-02   4.1997615e-02   5.4751326e-01  -1.1384861e-01  -1.9241188e-01  -2.9582498e-01   1.5985549e-02   1.3794914e-02  -4.8052520e-01  -4.9532529e-01   1.1158202e-01   3.7817008e-01  -1.0328935e-01  -4.0358192e-01  -1.8424629e-01  -8.0790272e-02   3.0657645e-01  -1.4801443e-01  -8.5672597e-02  -2.8363804e-02
