   0.0000000e+00  -1.1417457e-01  -3.7325316e-01   2.9742239e-02  -2.1399281e-01  -7.5853077e-02   1.8530812e-01   2.2837116e-01  -2.2002053e-01  -1.4978497e-01   1.2890664e-01   1.2548607e-01  -1.4410512e-02   1.8708993e-01   6.1179236e-01   7.6590375e-02  -3.0385184e-01   2.1794608e-01   7.5364417e-02  -1.0775374e-01  -2.0349613e-01  -7.8637769e-03   2.1701234e-01   7.2240281e-01   1.4509502e-01   9.9213035e-02  -1.6113316e-01   1.8427460e-01   1.6114256e-02   2.3111642e-01   2.4157077e-02   4.8653271e-02   6.0719486e-02  -2.3361948e-01   4.8426492e-02  -4.6048179e-02  -4.5703223e-02   5.9408143e-01   2.1237006e-02  -4.9850263e-01  -1.7231560e-01   2.4021350e-01  -3.4304520e-01   4.1260167e-03   2.2976546e-01   6.1441465e-02   8.8373125e-02   3.5560348e-02  -8.5342220e-02  -4.6841580e-01   1.6337799e-01   1.5518036e-01  -3.1581205e-01  -7.7781729e-02   1.2393140e-01   2.9939784e-01   1.4823467e-02   1.5364076e-01   2.1712375e-01   1.3746330e-01   1.9145399e-02   1.1329720e-01  -3.9948180e-01   2.0685705e-01   1.8954531e-01   4.2516331e-02  -1.4851230e-01  -9.7017006e-02  -7.3893370e-02  -1.1568542e-01  -3.7968881e-01  -1.0025803e-02  -1.0440584e-01   4.9733277e-01  -2.0745901e-02   5.0929411e-02   3.7993032e-02  -6.1991076e-02  -1.1816593e-01   1.8292118e-01   2.0931732e-01   1.1662591e-01  -9.2101808e-02   3.0371490e-02   1.7742844e-01   3.3434741e-02  -2.7755667e-01   4.6217540e-01  -1.6739130e-01   8.6675514e-01  -1.8511396e-01  -1.2434588e-01  -2.8730410e-01   2.2935606e-02   9.6642111e-02  -1.6336291e-01  -6.3293139e-02  -1.6478897e-01   1.6530765e-01   1.0768855e-01  -4.0361641e-01   4.2425452e-01  -4.0280987e-03  -1.3868873e-01   1.8112358e-01  -1.3167748e-01  -1.6278017e-01  -2.0909088e-01  -2.0315192e-01  -2.5634546e-01  -1.5854647e-01   1.9447178e-01   1.3215354e-01   8.4477050e-01  -1.9365232e-01  -2.3332542e-01  -5.3519500e-02   1.6505500e-02  -2.0906369e-01   6.6472513e-02   4.0967839e-01  -5.8311066e-02  -1.0696448e-01  -3.1488197e-02   5.4784088e-01   5.1676680e-01   2.5653366e-01  -2.0590506e-02   8.2641949e-02  -3.0140245e-01  -8.5803740e-02  -1.2534330e-01   4.6053566e-01  -1.1628869e-01  -2.1455219e-02  -3.7376777e-02   8.4768009e-03  -2.0397553e-01   1.1897417e-01   3.9128486e-01   7.5322691e-01  -1.5046630e-01   3.8025779e-02   2.5811451e-02   1.3283481e-01   1.8025664e-01  -3.7627577e-01  -6.9048045e-02   1.4145278e-01  -2.1518110e-01  -7.1541340e-04   9.5187549e-02   2.6889530e-01  -4.7044480e-02  -4.6033226e-01   7.3596888e-01   1.5294527e-01   1.6840243e-01  -1.3572195e-01   7.6696115e-02  -1.0117390e-01  -4.4380440e-02  -3.3757870e-01   2.7027904e-01  -8.9500019e-02  -2.7701760e-01   1.2864289e-01   4.1224312e-01   3.7913204e-01  -3.5942174e-01  -1.5925134e-01   1.5167693e-01   2.2137863e-01  -9.1400351e-02   2.2162373e-01  -9.1211171e-02   1.3873229e-01
  -1.1417457e-01   0.0000000e+00  -5.5650869e-02  -3.9225041e-02  -1.1222303e-01   1.2982372e-01   1.2768318e-01  -2.3908116e-01  -5.3080210e-02   9.3114393e-02   1.5340812e-01   5.4385704e-01  -2.5888932e-02  -1.3194998e-02   3.0846914e-01  -1.4067749e-01  -6.1806669e-02   8.3035380e-02   6.4824649e-02  -9.8476886e-02   2.3771502e-01   3.2853511e-01   7.4614561e-02  -4.1383292e-02   2.7239512e-01  -1.2455615e-01  -3.1477129e-01  -3.8827278e-02  -2.6905314e-03   3.6974977e-01   2.7447480e-01   2.8479734e-01  -2.3288691e-01   4.6615097e-02   1.4469203e-01  -3.7540748e-02  -2.8721800e-01  -2.3954531e-02  -2.4688345e-01  -4.4982584e-02  -3.9876018e-02  -1.4283178e-01  -1.1648792e-01   9.3944719e-02  -5.9029670e-02   9.4170887e-02  -4.5075226e-03   9.7164775e-02  -2.4041190e-01  -3.2850294e-02   1.5283470e-01  -3.0114256e-01  -2.3481011e-01  -2.1012811e-01   1.3627010e-01  -7.9707520e-02  -2.2657857e-04   4.3110774e-01   1.3045239e-01   5.7747697e-01   1.6226612e-01  -1.6352220e-01  -3.4024723e-02   8.1501350e-02   1.1089406e-02  -9.0657213e-02   1.8120425e-01   6.9725997e-02  -6.3487412e-02   7.4223768e-02  -2.0181897e-01  -1.1725466e-01   3.9026939e-03   3.2058644e-01  -1.4868636e-02   2.8357132e-02   2.5790022e-01   1.2776061e-01  -1.5346232e-01   7.4951371e-02  -2.1820865e-01  -1.5786603e-01  -1.0184881e-01  -1.2789463e-01   1.5493635e-01   6.5488750e-02  -1.8726344e-01  -1.6238881e-01  -1.2676133e-01  -1.1464434e-01   3.9609886e-02  -9.4506589e-02  -2.4746772e-01   2.5376356e-01   1.9265124e-01  -2.3311860e-01   1.3402354e-01  -1.2124237e-01  -1.2876685e-01  -4.8133498e-02  -7.4883931e-02   2.1533394e-01  -5.3591400e-02   3.7705546e-01   2.2454493e-01   2.7430743e-01   3.7467169e-02  -3.8305700e-02  -5.4075856e-02  -3.2707745e-01  -1.2709399e-01   1.4575863e-01   5.0689395e-03  -3.4457834e-02  -6.2669947e-02  -2.2004544e-01   7.2097291e-02   4.2357053e-02  -6.6244643e-02   1.7987582e-01   2.6242119e-01   1.3994693e-02  -1.7552032e-01   3.4312105e-01   1.0856083e-01  -6.7798021e-02   8.0780849e-03  -2.1400915e-02   4.8838096e-01   2.0078389e-02  -3.2963077e-01  -1.7022063e-01   3.7073339e-01   1.4957877e-01   3.0330450e-01  -3.8636046e-02   4.1254298e-02  -7.7665687e-02  -2.1386012e-02  -1.6731053e-01   1.2913551e-01   2.0287865e-02   1.0831349e-01   1.9684890e-01   3.8563956e-01   2.1574315e-01  -1.5604638e-01  -2.7756437e-01  -1.5759495e-01   6.8599697e-02   9.8605663e-03  -1.1297994e-01  -5.6664645e-02  -2.2103443e-01  -5.1606386e-02  -2.0372157e-01   3.0362972e-01   8.6807622e-02   1.0747548e-01   7.1187309e-02  -1.6222716e-01   1.7880400e-01  -2.3955379e-01   3.3715813e-01  -2.1690265e-02  -3.0697599e-01  -2.1317881e-01  -1.6849125e-01   9.3347099e-02  -3.3015447e-01  -4.0469448e-01   1.0157676e-01   2.6160959e-02   3.0280219e-01   1.1668725e-01   2.4286141e-02  -1.0241823e-01
  -3.7325316e-01  -5.5650869e-02   0.0000000e+00  -1.3662144e-01   1.3736012e-01   3.8531675e-01  -4.4967248e-01  -1.5676512e-01   4.6885095e-02   2.5013758e-01  -6.5786343e-01  -3.6519070e-02   1.9121369e-01   2.6433237e-02  -4.2955718e-01  -2.7337318e-02   8.7566612e-01  -2.9613186e-01  -8.6560698e-03   2.1455896e-01  -1.2000213e-01  -2.5331684e-01  -3.1349650e-01  -2.2918436e-01  -1.0247470e-01   4.5226447e-03   1.7569146e-01   2.4434279e-01   1.1001619e-01  -3.5688473e-01   6.4462910e-02  -1.8628971e-01  -2.8128881e-02   3.0474900e-01   1.6961436e-01  -1.5674224e-01  -2.1633211e-01  -3.9704579e-01   4.7299624e-02   7.3954387e-01   1.0124319e-01   2.0637054e-01   3.5516925e-01  -8.6054936e-02  -3.1049114e-01   1.7719688e-01  -4.0356340e-01  -6.4237874e-01   2.6451283e-01   8.2473300e-01  -3.1879927e-01  -1.2423321e-01   1.5786672e-01   6.0766255e-01  -1.2107983e-02  -3.3969083e-01   7.0977174e-03  -1.8719974e-01  -3.2790752e-01  -2.5490420e-01   1.2948854e-01  -8.8597509e-02   2.1974294e-01  -1.1266998e-01  -4.0506344e-01  -2.7264234e-01   3.3639523e-01  -1.5152216e-03  -2.3338343e-01   6.1577110e-01   2.6865336e-01  -7.9297909e-03  -1.2472854e-01  -4.4776475e-02   4.4574506e-01   7.3081209e-02   8.9325337e-02  -1.4510044e-01  -1.9424614e-02   1.1819670e-01  -4.3000907e-02  -1.2538233e-02   1.4019518e-01  -7.6892718e-02   4.6023494e-01  -1.7197566e-01   2.7252617e-01  -1.4843183e-01  -6.0991622e-02  -3.6193179e-01   1.4170656e-03   6.5875720e-01   5.5967048e-01  -3.0886623e-01  -3.2491193e-01   2.6446676e-01   2.6870152e-01   1.5344901e-02   2.1905933e-02  -2.0273513e-01   7.1168645e-01  -4.5657828e-01  -7.9318893e-02  -4.0523858e-01  -5.2732418e-01  -4.8740854e-02   4.9965831e-01  -3.0701457e-02   2.1017041e-01   2.0206607e-01   4.0264342e-01  -3.5165937e-01  -1.7146234e-01  -3.8196889e-01   6.1964502e-01  -1.7730643e-02   2.3130823e-02   5.6627745e-02   4.0229692e-01  -1.0474776e-01  -6.3832997e-02  -1.9837915e-01   3.1979395e-01  -2.2228460e-01  -1.2388450e-01  -2.2291428e-01  -4.6164931e-01   2.7059329e-01  -1.8711242e-01   7.2342856e-01   1.0733932e-01  -4.7638996e-01  -2.3257845e-01  -1.2159960e-01   1.6506884e-01   1.2550602e-01   2.7729455e-01   1.7071972e-01  -1.6495190e-01  -4.0459271e-01  -2.7952798e-01   3.4588789e-01  -4.6064346e-01   4.1357110e-01  -1.6261657e-01  -5.0664695e-01   5.6334251e-01  -4.8643397e-01  -5.0226881e-01  -2.3947002e-01   6.1773819e-01  -6.3918081e-02   3.3432189e-01  -3.1966450e-01   8.0831083e-01  -3.9740781e-01   3.8154089e-03  -2.6058576e-01   4.1481298e-01  -1.1196555e-01   1.6458735e-01  -3.7102944e-01  -3.7128387e-02  -5.3966287e-01  -1.3775091e-01   3.3702337e-01  -4.8582846e-01  -9.9289401e-02   7.6087977e-02   4.5850665e-01   1.1881538e-01  -8.0305362e-02  -1.4653376e-01   2.2279770e-01  -1.7018073e-01   5.6095730e-02  -1.4328023e-01
   2.9742239e-02  -3.9225041e-02  -1.3662144e-01   0.0000000e+00  -2.5626609e-01   2.3446781e-01   1.7176391e-01   3.4522130e-01   4.7545693e-01   1.5746930e-01   1.6245828e-01   1.7319667e-02  -2.2046382e-01   6.4405720e-02   2.0660213e-01  -7.6622560e-02  -9.6906652e-02  -2.2684618e-01  -7.9470850e-02  -3.6509024e-01   2.6029896e-01   5.6363759e-01   2.7202094e-01  -1.0740163e-01  -6.0115471e-02  -1.1252030e-01  -1.9743281e-01   1.6568011e-02  -3.3232947e-01   2.6705390e-02   1.3626500e-01   2.2151324e-01   1.4103435e-01   1.6693821e-01   2.2372157e-02   3.8293812e-01   2.9740426e-01   1.1432269e-01   1.2351867e-01  -2.2220456e-01   4.8635728e-03   4.7845214e-01  -1.8646844e-01  -1.7404513e-01   1.3567502e-02   1.7435047e-01   2.6825016e-01   2.7305745e-01  -2.7167566e-01  -1.7763992e-01   1.5061768e-01   2.5689444e-01   2.4472644e-01  -1.9635863e-01   1.4000406e-02   2.2349980e-01   1.8733690e-01  -1.3232982e-01   2.7698211e-01  -2.1776642e-01   1.2175848e-01  -1.1678122e-01   3.9923442e-01   2.0437388e-01  -1.2635508e-01   2.9527138e-01   2.2790235e-01  -4.6838050e-01   4.1123945e-01  -1.1526195e-01   2.3619020e-01  -4.0408578e-01   2.2637089e-01  -1.1738826e-03  -1.8574777e-01   2.5280431e-02   5.1537485e-02  -1.4938978e-01   1.9263752e-03  -2.2748778e-01   5.0070247e-02   1.0307770e-01   3.2924411e-01   3.3102241e-02  -4.5597860e-02   2.3120866e-01   1.3321952e-01  -4.4219025e-02  -3.6893949e-01   9.9704285e-03  -1.6178701e-01  -2.1373259e-01   1.2769687e-02  -1.4306087e-01  -3.6217259e-02  -2.5331211e-01  -2.1600343e-01   8.1398021e-02  -7.6105459e-01   9.7815760e-02  -7.0883269e-02   2.5031646e-01   1.9770176e-01  -5.1568792e-02  -1.5404699e-02   6.5610358e-01  -3.1385627e-01   2.3265130e-01   4.9025638e-02   3.1432309e-01   8.3387684e-03  -1.5199224e-04  -4.2281377e-01   4.9360527e-02  -5.2993698e-02   8.0559469e-02   4.2644491e-02   2.9340735e-01  -1.8944235e-02   6.6094952e-01  -2.5286899e-02  -1.3843867e-01  -3.7875846e-01   1.8672476e-01   3.3646258e-02   7.7050990e-02   2.2246347e-01  -1.2962648e-01   1.5971438e-02  -8.8573980e-03   1.0504206e-01   1.7731660e-01  -3.7797310e-02   3.7220372e-01   1.0198296e-01   1.7942031e-01   1.0546802e-01   8.4153673e-02   2.7313259e-01   2.3097922e-01   5.7005424e-02  -2.9455110e-01   1.5597440e-01   2.1545584e-02  -2.8071872e-02   2.2689512e-01   8.5963962e-02   3.3835382e-01   3.3075551e-01   2.2688558e-01   8.3653410e-03   2.0117833e-01  -2.3833874e-01   2.6241639e-03  -8.9399944e-02  -1.8026681e-02   2.5672712e-02  -3.4270918e-02   6.1029624e-03  -7.2148634e-02  -4.4541304e-01  -2.8985423e-02   3.2365874e-01   1.5511147e-01   6.9815759e-01  -8.5642908e-02   1.0569497e-01   2.0303807e-01  -1.9175186e-01   1.4075605e-01   2.4642308e-02  -1.0864239e-01  -7.2488076e-01   1.9973389e-01  -1.0720936e-01   7.3015662e-01   2.8564655e-01
  -2.1399281e-01  -1.1222303e-01   1.3736012e-01  -2.5626609e-01   0.0000000e+00  -1.0208911e-01  -3.2480560e-01  -1.2348837e-01   2.0213393e-01  -3.0867408e-01  -1.7506083e-01  -3.4596936e-01   6.6984056e-02  -4.5883222e-01  -4.9951488e-01  -9.7640984e-02   2.4451201e-01   4.2547253e-02   1.2181208e-03   8.1699079e-01  -4.8067966e-01  -1.8102748e-01  -5.1907264e-01  -2.4772900e-01  -1.4439536e-01   1.5085057e-01   4.1058148e-01  -2.7109211e-01   3.0497085e-01  -2.1880899e-01  -4.7738382e-01   1.4943723e-02  -7.6412740e-02  -3.7582152e-01  -2.6832383e-01   4.5476172e-01  -6.7049142e-03  -2.6526810e-01   9.8845526e-02   4.3430262e-01   9.1783668e-02  -1.3115624e-01   5.4273702e-01  -1.0963827e-01  -1.7546395e-02  -2.3960776e-01  -2.0756901e-01  -2.2668388e-01   7.9686734e-02   3.7805673e-01  -2.4215560e-01  -5.8328970e-03  -6.2881610e-02   9.9756207e-02  -1.2409865e-01  -4.3028841e-01  -6.1119222e-02   1.3290252e-01  -9.2966574e-02  -3.1664765e-02   3.2081713e-02  -6.6517893e-02   2.3919176e-01  -4.2618180e-01   1.5175091e-01  -6.4258838e-02  -1.0390165e-01   3.8176651e-01  -1.8129977e-01  -3.8940299e-01   2.8336406e-01   3.7324519e-01  -6.6491531e-02  -2.9752641e-01   2.0917369e-01   9.2914705e-02  -6.0712821e-02  -6.6328203e-02   7.0046951e-01   2.7643316e-01  -1.4949779e-01  -1.6962770e-01  -2.4937110e-01   6.1703390e-02  -1.6961744e-01   3.0737254e-02  -1.8567591e-01  -3.2080206e-01   5.2904239e-01  -2.7113308e-01   6.6785613e-01   2.5024960e-01   1.3587596e-01   2.7433834e-01  -1.0026844e-01   8.4982756e-01   1.4745152e-01   2.5004689e-01   2.8712538e-01  -2.0366114e-01   7.1363418e-02  -5.5006776e-01   1.4224411e-02   1.3995970e-01  -8.8134822e-02  -1.3567552e-01   1.4057314e-01   1.5049832e-01  -2.0290662e-01   2.6089211e-01  -2.5823379e-01  -2.1662694e-01   2.3767583e-01  -2.9109827e-01  -2.2151273e-01   4.3953016e-01   4.8438741e-02  -1.3955132e-01  -3.2495622e-01  -6.1410615e-02  -3.3405038e-01   7.8206264e-01   5.5302566e-01  -3.5728196e-01  -3.8496304e-01  -4.5621890e-01  -3.5655718e-01   4.2573791e-01  -1.1020439e-01  -2.7250143e-01   6.0325645e-02   7.6764723e-02  -2.4506540e-01  -6.2874937e-01   2.8194103e-01   8.1984145e-02   2.5528849e-01  -2.8796435e-01   1.4094762e-01  -6.6770456e-02  -3.7844614e-01   3.1260528e-01  -2.3946878e-01  -3.9009352e-01  -5.0853165e-01  -4.8567257e-01   8.9675443e-02   1.9334946e-01  -1.3996658e-01  -4.0271993e-01  -2.6720014e-01   5.0167064e-03  -1.5091333e-01   3.7570623e-01   2.3453829e-01  -5.8102603e-02  -1.4330141e-01  -2.3000920e-01   1.0175519e-01   3.3504629e-02   4.8830686e-01   5.6416859e-02  -2.8540372e-02  -2.1893948e-01  -1.9394941e-01   3.7680249e-01   1.0182585e-01  -2.0678347e-01  -2.3531477e-01   2.7668060e-01   3.9624419e-01   6.9600882e-02   2.8007082e-01  -2.5206942e-01  -2.7238554e-02  -1.2810411e-01  -1.0438245e-01
  -7.5853077e-02   1.2982372e-01   3.8531675e-01   2.3446781e-01  -1.0208911e-01   0.0000000e+00   1.1598475e-01  -9.5727129e-03  -1.0774203e-01   2.4968421e-01  -1.6087650e-01   3.2207431e-01   2.0377674e-02   8.1222004e-02   4.0599424e-02   8.9165576e-02   3.0489531e-01   7.9032365e-03   1.7937250e-01   4.2985193e-03   4.4560255e-02   5.7355713e-02   1.2490572e-01  -1.7073208e-01  -9.9729323e-02   8.5931122e-02  -1.3058626e-01  -5.1850543e-02   1.2580477e-02   1.7822093e-01   1.0141127e-01   2.5392100e-01   1.6424119e-02   1.3974528e-01   2.4044304e-01   1.0032663e-01   1.5626872e-01  -1.2669226e-01   8.1692155e-02   1.1411311e-01   6.9795426e-02   2.3459320e-01  -1.5763454e-01  -9.7466279e-02   4.6975647e-02   4.1761903e-01   1.9797339e-01  -8.8226800e-02   1.1760143e-01   1.7934479e-01   2.1257395e-01  -9.6171981e-02  -1.1984404e-01   1.4482652e-01  -1.0478577e-01   1.5176030e-01   3.8750743e-01   3.2107901e-02   1.4526865e-01  -5.9854999e-02   2.7957612e-01   1.5816284e-01   1.0629892e-02  -1.6266785e-01  -1.7911297e-01   3.6949314e-02   8.1612947e-01  -3.3042255e-01   2.3755063e-01   3.9156694e-01  -7.7824987e-02  -2.2760918e-01   1.3444807e-01   2.2392445e-01   1.2781249e-01  -1.0571603e-02   3.1252746e-01  -2.2601444e-01  -1.4962777e-01  -1.2676958e-01  -9.4672160e-02   8.8115238e-02   2.3213569e-01  -5.6814524e-02   4.0941289e-01  -3.9287591e-03   2.1687128e-02  -1.4498562e-01  -3.4982333e-01  -1.1041712e-01  -1.8201312e-01   3.6361973e-01   1.1111702e-01  -2.1312106e-01  -7.7230933e-02   3.3289818e-02   7.3816176e-02   1.7755971e-02  -1.2201263e-01   4.2128443e-02   1.3287967e-01   6.4208532e-02   5.0523539e-02  -3.5812683e-01   2.8306208e-02   2.2355593e-01   8.3699071e-02   3.4327207e-01   2.3505100e-02   2.7324731e-01   1.6533996e-01   6.4702614e-02  -3.1801328e-01   1.2839814e-03   6.8537289e-02  -2.2683269e-01   6.0588991e-02   1.4435106e-01   2.2871448e-02   2.0866943e-01   1.4017911e-01  -2.0039102e-01  -7.8600565e-02  -8.7749755e-02   1.3477008e-01   1.1474349e-01   1.7752426e-02  -1.3054276e-01   1.3606014e-01   4.1842540e-01   1.1348556e-01  -2.3088229e-01   1.6093120e-01   1.0891176e-01  -7.4639518e-03   8.0229845e-02  -2.9785210e-02  -1.9933797e-01   2.2467333e-02  -1.9280184e-01   5.4385537e-04   2.0527399e-01   5.3752143e-02   3.8632937e-01   9.3881569e-02  -1.1702877e-01   1.8744215e-01  -1.8247911e-01   4.0515679e-02  -1.0007864e-01   4.8143871e-01  -9.4835735e-02   2.7793686e-01  -3.4370600e-01   1.8893347e-01  -2.6179265e-01   2.5160273e-01   9.0902526e-02   3.2601857e-01   7.7809445e-03  -2.1566298e-01  -1.0675846e-01  -5.6688338e-02   6.4157581e-02   1.5811069e-01  -1.2721699e-01  -2.3249127e-01   2.4743065e-02   2.2500678e-01  -2.6564405e-02  -2.2910014e-01   7.7614257e-02  -2.4863388e-01   5.7174877e-01  -9.1437273e-02   1.4173735e-01   1.6964503e-02
   1.8530812e-01   1.2768318e-01  -4.4967248e-01   1.7176391e-01  -3.2480560e-01   1.1598475e-01   0.0000000e+00  -2.2627482e-01  -2.8570243e-01   4.1359590e-01   2.9226528e-01   5.7980431e-01  -2.2627262e-01   8.4548891e-02   4.3896541e-01   2.6266863e-01  -6.6809281e-01   4.9313299e-01  -1.6093122e-01  -9.1134766e-02   2.0698252e-01   1.3030722e-01   7.4465020e-01  -2.2871176e-02   9.8161929e-02  -2.3686977e-01   1.0182836e-02   2.8931612e-02   1.0874039e-01   2.3897117e-01  -1.9960762e-01   2.7170202e-01   4.6023876e-02   3.5961636e-01   2.1428695e-01   2.1136298e-01   1.1114622e-01   1.0654653e-01  -2.1344943e-01  -4.9227806e-01  -2.8940088e-01   4.4431534e-02  -2.1129136e-01  -8.7086379e-02   4.8066156e-01  -6.5883677e-02   4.9482226e-01   6.4493170e-01  -2.2613422e-01  -6.7678859e-01   6.3970947e-01  -2.1314056e-01  -6.7917580e-02  -5.0612255e-01  -1.6349068e-01   6.3337241e-01  -1.2971408e-01   3.9953442e-02   1.9794548e-01   4.0061020e-01  -1.8268308e-01   4.2383654e-01  -3.9030860e-01  -3.0351797e-01  -5.2271828e-02   6.7563096e-01   1.9055183e-01  -2.4211901e-01   2.8173300e-01  -4.2808479e-03  -3.5440148e-01  -1.1874945e-01  -3.7280567e-02   8.1870425e-02  -2.4174687e-01  -1.7842984e-01  -1.1327943e-01   6.5485844e-02  -2.9425790e-01  -3.2410587e-01   3.3738215e-01   3.0857305e-01   2.3740677e-01  -1.8966429e-01  -2.5579139e-01  -9.1504076e-03  -1.9616036e-01   1.0022960e-01  -2.8231173e-01   9.5079887e-02  -5.3614665e-01  -4.2782999e-01  -9.2413780e-02   4.3232790e-01   6.0968222e-02  -3.0631689e-01  -1.5152128e-01  -2.6081586e-01  -2.8236718e-02   7.0227579e-01  -5.8740065e-01   6.2731558e-01   1.5285234e-01  -5.5387229e-02   7.5833915e-01   9.9174276e-02  -4.5457820e-01  -4.6789046e-02   1.2951593e-01   1.3625427e-02   2.5131773e-01   4.1247029e-01   2.0008875e-02   1.5557146e-01  -2.3790727e-01  -3.8968770e-01   1.4531344e-02   1.5645791e-01  -1.7849110e-01   1.3976461e-01  -7.6409663e-02  -7.0204767e-02  -3.2344643e-01   2.1735277e-02  -1.5456558e-02   3.4939558e-01   5.9999738e-01  -3.2873062e-01   2.0134105e-01  -2.1445003e-01  -1.1848475e-01   2.2338592e-01   2.1502653e-01   3.5165416e-01  -2.1414390e-01  -3.6978414e-01  -4.1271333e-01  -4.1429792e-02  -1.2712179e-01   3.0173150e-01   9.7516591e-02  -3.3270020e-01   5.1545512e-01   5.1066159e-02   4.5141995e-01   4.4768094e-01   2.5800853e-02   1.9301005e-01   7.0310840e-01   1.0773315e-01  -1.7756361e-01  -1.0147842e-01  -1.5998400e-01  -2.0125227e-01  -5.2854795e-01   5.4749484e-02  -6.2107915e-02   2.2800792e-01  -4.1143588e-01   1.5123221e-01  -2.4822498e-01   1.0489042e-01   5.9097531e-02   5.9490151e-01   2.6140921e-01  -9.3053017e-02   5.4306468e-01  -8.9239883e-02  -1.2276455e-01  -5.9568572e-01  -4.2158903e-02  -1.0683100e-01   3.4293282e-02   7.9226929e-02   3.6909508e-02  -4.4090930e-02  -2.6368411e-02
   2.2837116e-01  -2.3908116e-01  -1.5676512e-01   3.4522130e-01  -1.2348837e-01  -9.5727129e-03  -2.2627482e-01   0.0000000e+00   1.4236014e-01  -2.2086726e-01   2.8985019e-01  -2.3469730e-01  -9.0389410e-02   1.8233125e-02   9.5293722e-02   1.0053738e-01   1.3286511e-02  -5.9787809e-02   1.7048647e-01  -2.4458210e-01  -3.0170285e-02   2.6892132e-01  -1.8199986e-01   1.2869078e-01  -1.2417420e-02   3.4660944e-01  -1.1936910e-01  -1.5917450e-02  -2.4165655e-01   1.6334224e-01   1.5639200e-01   2.2209370e-02   2.5271160e-01  -2.6703707e-01  -2.3970180e-01   4.6265804e-02   1.5502422e-01   2.2329403e-01   3.3321740e-01  -2.5959890e-01  -2.0459245e-02   2.8357484e-01  -2.5240809e-01   1.6924260e-01  -1.9481486e-01   2.1707596e-01   2.4083330e-01  -1.8946570e-02  -5.9368657e-02  -1.5446561e-01  -6.4720792e-02   6.4433079e-01  -1.1550105e-01  -6.4506601e-02   3.2867774e-02   9.5552911e-02   1.3798570e-01   8.6402029e-02   2.4083174e-01  -3.3992866e-01   3.3602493e-01  -8.6030829e-02   8.9444290e-02   3.5081454e-01   1.9344972e-02  -1.8238272e-01  -1.9847953e-02  -1.3611521e-01   3.4947873e-01  -1.9343971e-01  -9.1426295e-02  -4.1887713e-02   1.1057977e-01  -3.0812150e-03  -1.0334504e-01   2.5038708e-01   1.8739576e-01  -1.0825963e-01  -7.5379487e-02  -5.3198796e-02   6.0936612e-03  -6.8535828e-02   1.0350153e-01   4.5293769e-01   6.7750641e-02   3.4311610e-01  -1.5274153e-03   9.6812660e-02  -1.1830544e-01   1.8883801e-01   1.9464666e-02   7.5925564e-02  -1.2220921e-01  -2.7752622e-01   8.8858256e-02  -7.7156478e-02  -1.1903591e-01   2.4423687e-01  -2.0359787e-01  -2.5874933e-01  -6.8387368e-02   1.2076636e-01   1.3348683e-01  -8.3811915e-02  -8.5398294e-02   2.0819478e-01  -9.7367714e-04   2.2959177e-01   2.7064468e-02   1.3693648e-01  -2.0555522e-01   3.8204462e-03  -6.3711142e-02   3.1702679e-01  -1.6983669e-01  -1.6067909e-01   5.5450636e-02  -2.2913364e-02  -3.0214915e-02   1.7739309e-01   1.5920594e-01  -5.7883219e-02  -2.0741903e-01   3.1977874e-02   2.4111614e-01   1.2136593e-01  -1.4061955e-02  -3.7082612e-02  -4.9624558e-02  -1.1484419e-01   6.7316239e-02  -8.6736324e-02   4.6687102e-02   7.2938298e-02  -4.0501938e-03   4.0094851e-01   8.3811784e-02  -1.0345590e-02   5.5818195e-01   1.3854359e-01   2.7998581e-01  -1.6818934e-01   1.4048183e-01  -8.4737100e-02  -2.8471871e-01   9.1879333e-02  -2.9638820e-01   1.5159214e-01   5.8751258e-02  -8.2304288e-02  -2.3915109e-04   3.2460566e-01  -1.2207456e-03   1.6901049e-01  -1.6787471e-01   1.8408439e-01   1.2306342e-01   1.0311244e-01   1.4051873e-01   9.8708180e-02  -4.6858775e-02   1.4075756e-01   5.7549692e-02   5.3242521e-02   2.4892390e-01  -3.1413214e-01   7.6406103e-02   3.5258443e-01   1.7757603e-01   5.9824624e-02  -2.4108382e-01   8.2146632e-03  -1.9659206e-01   1.0213689e-01   1.1924829e-03   1.7883716e-01   4.1245787e-01
  -2.2002053e-01  -5.3080210e-02   4.6885095e-02   4.7545693e-01   2.0213393e-01  -1.0774203e-01  -2.8570243e-01   1.4236014e-01   0.0000000e+00  -1.5723036e-01   5.8315596e-02  -3.7152852e-01   1.5084296e-01  -2.8340882e-01  -3.3557550e-01  -2.5382517e-01   1.7990134e-01  -4.1323614e-01  -2.3839054e-01   9.0524279e-03  -2.0987643e-02   2.8020877e-01  -2.8172798e-01  -3.1820240e-01  -1.3299203e-01  -1.0415518e-01   1.2118413e-01  -8.9466411e-02  -6.7491455e-02  -2.5896570e-01  -7.3326884e-02  -1.3620641e-01   2.8754387e-02  -2.0859242e-02  -1.9381196e-01   3.4692980e-01  -2.1507308e-02  -7.9416745e-02   9.4355543e-02   2.7172257e-01   3.6590394e-01   2.0867873e-01   2.6658333e-01  -1.9045765e-01  -2.0680815e-01  -3.8326053e-02  -1.3507007e-01   1.3297214e-01  -1.9303188e-01   2.5753661e-01  -2.8930933e-01   1.2124598e-01   4.1811701e-01   9.8365326e-03  -1.2652520e-01  -3.7013201e-01   1.0607469e-02  -1.9871690e-01   1.3161946e-01  -2.4539144e-01   1.0797035e-01  -3.4138439e-01   7.4979807e-01   2.7315579e-01   1.1735924e-01  -6.3248050e-03  -1.3389068e-01   1.9327005e-02  -2.9229824e-02  -2.9364554e-01   6.8630950e-01  -1.7124257e-01   4.0038134e-01  -2.5462769e-01  -1.0010317e-01  -1.1682390e-01  -9.9615538e-02  -8.8355650e-02   4.7325533e-01   5.3772694e-02  -2.6623561e-01   1.4208188e-01  -5.7535187e-02  -7.0999187e-03  -1.8028783e-01  -8.3701268e-02   3.2579039e-01  -3.4896160e-01   2.4212046e-01  -1.4741447e-01   3.7040409e-01  -3.3381148e-02   9.4319248e-02  -2.5589436e-02  -9.4298077e-02   8.3890280e-02  -1.5411290e-01   7.4780053e-02  -4.5160224e-01  -3.0164447e-01   2.2662650e-01  -2.4028788e-01  -2.4993547e-01   3.8296452e-01  -3.6591744e-01   2.9713679e-01  -6.1049730e-02   1.2333297e-01  -5.3897345e-02   1.4984377e-01  -7.6931131e-02  -3.2005139e-01  -2.1541894e-01  -2.0498545e-01   8.1073100e-02   6.2987724e-01  -1.3706922e-01   4.0902660e-01  -3.7494207e-02   2.1541292e-01  -2.0351835e-01   1.6326917e-01   1.1748300e-01   3.1743285e-01  -1.3674354e-01  -4.4085229e-01  -1.8137663e-01   2.0700622e-02  -1.8744663e-01  -1.3158244e-01   2.1041105e-01   3.7696876e-01  -4.5320702e-01   5.6818655e-03   1.8178003e-01   1.9067424e-01   2.0779466e-01   5.3382103e-02   7.5302341e-02  -7.1504476e-03  -2.2758077e-01  -8.2950120e-02  -1.3026928e-01  -3.8497898e-01  -2.8355773e-01  -1.3912979e-01   2.6020682e-01   3.4089566e-01   1.8286529e-02   2.1874592e-01  -1.6376392e-01   5.7100333e-02  -3.5630305e-01   3.5655796e-01   2.7824506e-01  -1.2093591e-01  -2.3026112e-02  -8.4396487e-02   1.3075795e-01  -3.1426271e-01   8.3976873e-02  -1.3912613e-02   2.3710608e-01  -2.0470314e-01   3.1666842e-01   3.1416440e-01  -9.1671848e-03  -2.1764302e-02  -3.7756886e-01   4.8542104e-01   3.7567692e-01  -1.8018033e-01  -3.9641463e-01  -2.6453952e-01  -1.0615642e-01   4.5432416e-01   8.2179315e-03
  -1.4978497e-01   9.3114393e-02   2.5013758e-01   1.5746930e-01  -3.0867408e-01   2.4968421e-01   4.1359590e-01  -2.2086726e-01  -1.5723036e-01   0.0000000e+00  -2.6850227e-01   3.4559709e-01  -1.4410329e-01   6.4409408e-02   5.7078555e-02   7.6406573e-02   3.0532160e-02   1.3983019e-01  -2.7540853e-01  -6.8630462e-02   2.4723229e-01   9.5932575e-02   5.0764276e-01  -2.1516516e-01   8.9505356e-02  -2.3166500e-01  -5.4371682e-02   3.9778662e-01  -1.7241159e-01  -1.7623435e-01   2.1908897e-01   1.4851268e-01  -1.8922160e-01   7.8877686e-01   3.5645515e-01   1.8383032e-01   9.2037256e-02  -1.5430160e-01  -2.7848820e-01   1.1286549e-01  -2.4063020e-01   2.1152369e-01   3.3430597e-02  -1.2050374e-01   2.0975585e-01   8.7823816e-02   4.4273172e-02   1.1325284e-02   2.5663958e-02  -1.0817415e-02   3.7621701e-01  -2.9271176e-01   1.6971485e-01  -3.4133211e-02  -6.7666064e-02   2.6779915e-01  -2.0145673e-01  -1.0036245e-01  -7.4483349e-02   1.2869023e-01   8.8637234e-03   3.0334954e-01  -9.1259816e-02  -1.5333129e-01  -3.3213451e-01   5.4767482e-01   2.8493717e-01  -4.5007570e-01   1.8523644e-02   4.9480624e-01  -7.7781915e-02  -1.7555853e-01  -8.0993726e-02  -1.2751729e-01  -2.8640908e-02   2.6875963e-02  -1.1956406e-02  -1.0277099e-01  -4.8427329e-01  -3.8745703e-01   3.7733675e-01   2.1437567e-01   3.3886920e-01  -2.6618350e-01   2.9339539e-02  -3.9987376e-02   1.7406797e-01  -1.7282372e-02  -4.1567731e-01  -2.2945197e-01  -6.4119965e-01  -1.3991145e-02   5.7024116e-01  -2.5960393e-02  -7.6213790e-02  -1.4321505e-01  -4.7888919e-02  -1.6284826e-01  -2.0842990e-01   5.6562885e-01   1.6306110e-01   1.6231464e-01  -1.5500549e-02  -3.3396478e-01   2.0681399e-01   1.9144967e-01  -1.6927519e-01  -1.3962065e-01   4.4999750e-01   1.7628804e-01   7.2495154e-01  -1.6885218e-02  -2.0399978e-01  -1.1365724e-01   4.3035924e-01  -3.6948033e-01  -9.9845202e-02   2.3251261e-01   4.1772788e-01   1.5412036e-01  -1.5846323e-01  -4.1298811e-01  -2.2442968e-01   1.5245140e-01  -1.2094544e-01   1.1507557e-03   2.0379385e-01  -1.6282301e-01   3.9767275e-02   4.1421290e-01  -2.5175184e-01  -1.1886754e-01  -1.2304739e-01   5.6044940e-01  -5.5247249e-02  -1.8357077e-01  -1.6573752e-01   3.6735435e-01  -2.2847065e-01  -5.8343086e-02  -3.0798703e-02  -2.0937496e-01   3.6728090e-02   4.8626117e-01   4.3843957e-01   2.0980654e-01   4.5782231e-01  -2.7946337e-01   1.8609889e-01   7.3777284e-02   2.6880277e-01  -1.8594130e-02  -1.0844686e-01  -4.4800060e-01   1.5229982e-01  -2.3243458e-01  -3.6473414e-02   7.2129762e-02  -9.0246426e-02  -3.8999569e-02  -3.7871220e-01  -2.6166560e-01   2.7990484e-01   8.6898944e-02   2.1105323e-01   2.4243535e-01   4.4225677e-02  -4.7904565e-02  -1.9345623e-01  -5.3914356e-02   4.9366722e-02  -1.8304143e-01  -2.4750082e-01   1.4366950e-01  -1.7964806e-01   1.7304009e-01  -1.9932606e-01
   1.2890664e-01   1.5340812e-01  -6.5786343e-01   1.6245828e-01  -1.7506083e-01  -1.6087650e-01   2.9226528e-01   2.8985019e-01   5.8315596e-02  -2.6850227e-01   0.0000000e+00   1.4559109e-01  -2.1729415e-01  -3.9438292e-02   3.3848394e-01   9.3376041e-02  -5.9310193e-01   3.4093379e-01   5.5241245e-02  -3.0258211e-01   1.7628587e-01   1.9069955e-01   2.0039733e-01   1.1061916e-01   1.4175747e-01  -9.1588900e-02  -2.7385427e-01  -3.6942954e-01  -1.5350696e-01   3.6536137e-01   1.5729644e-02   1.3797851e-01   3.1669585e-02  -2.6913741e-01  -3.4322016e-01   2.1382735e-01   1.0022935e-01   2.5631350e-01   1.8695633e-01  -6.8181069e-01   2.1868262e-02  -1.9725936e-01  -4.1235663e-01   1.7301381e-01   3.0101489e-01   1.9216651e-01   6.4647166e-01   5.8671352e-01  -1.9817354e-01  -6.4505465e-01   3.3468244e-01   1.4248337e-01  -2.3758065e-01  -5.7304487e-01  -2.0940770e-02   3.2391326e-01   4.7434757e-02   9.9065719e-02   4.1660026e-01   7.0440072e-02   2.4866534e-01   5.1682344e-02  -5.8632576e-02   2.3910338e-01   4.8425265e-01   1.6144801e-01  -1.3696343e-01  -1.8598708e-02   4.6860588e-01  -3.9074307e-01  -2.8451918e-01   1.5659636e-02   2.9555849e-01   1.4680156e-03  -2.8245952e-01  -2.0026096e-02   2.5830200e-01   2.2428353e-01   5.9296020e-02  -2.0532887e-01  -2.7256559e-01   9.1644967e-02   1.2722042e-02   7.5353479e-02  -3.1096776e-01   1.8542095e-01  -3.5407110e-01  -1.2752025e-01   7.9098540e-02   1.0291972e-01   7.7758809e-02  -2.8001745e-01  -4.3399976e-01   1.4494900e-01   4.2490034e-01  -3.1045426e-01  -2.3506334e-01  -8.4519990e-02  -7.1087486e-02   9.9461160e-02  -6.2207279e-01   4.7010128e-01   5.3941584e-02   3.5514038e-01   4.6650094e-01   1.3110527e-01  -2.6946254e-01   1.8224662e-01  -1.6840001e-03  -5.9936236e-02  -4.4925300e-01   2.0603873e-01   1.7393101e-01   1.8815635e-01  -6.5970163e-01  -7.1172696e-02   1.7407834e-02   1.0937636e-01  -4.1263400e-01   4.5624896e-02   1.7940593e-01   2.0612086e-01  -3.1901866e-01   3.4073930e-01   2.3176929e-01   1.1898832e-01   3.5120054e-01  -3.2038834e-01   1.4213149e-01  -4.5320345e-01   7.0084429e-02   5.6086223e-01   1.3298143e-01   2.4616289e-01  -1.2189257e-01   3.8010633e-02  -3.4191140e-01  -2.8282358e-01   2.6977972e-01   1.9456446e-01   1.9992510e-01  -3.5259762e-01   6.8815104e-01  -2.9314581e-01   7.2210604e-03   5.2309120e-01  -5.7802613e-01   6.0146581e-01   5.7039246e-01   1.7654559e-01  -4.5515903e-01  -8.7463859e-02  -1.3445991e-01   4.5045370e-01  -6.3605418e-01   2.3985686e-02   2.2221777e-01   1.3023871e-01   1.2254788e-02   8.1839462e-02  -8.1267898e-02   6.2806573e-01   9.7068697e-02   5.7731810e-01   1.1541658e-01  -4.7178256e-01   4.1495841e-01   1.4155510e-03   1.3802783e-01  -4.0580061e-01  -2.9131142e-01   7.1114125e-02   1.6371496e-01   6.2704596e-02   1.7655803e-01  -4.3945459e-02   2.2463909e-01
   1.2548607e-01   5.4385704e-01  -3.6519070e-02   1.7319667e-02  -3.4596936e-01   3.2207431e-01   5.7980431e-01  -2.3469730e-01  -3.7152852e-01   3.4559709e-01   1.4559109e-01   0.0000000e+00  -4.4794083e-02   1.2829084e-01   5.2655653e-01   7.5861267e-02  -2.2415387e-01   3.1662271e-01   5.4132755e-03  -1.8272461e-01   1.5026320e-01   1.5880415e-01   4.1121919e-01   1.9499274e-01   1.3750340e-01  -2.6223072e-01  -3.0398349e-01   1.3133754e-01   2.8973723e-02   3.3492449e-01   9.3860239e-02   2.7254030e-01  -1.0543967e-01   2.7982537e-01   2.4383843e-01  -1.3482726e-02  -2.1918025e-01   1.8499862e-01  -3.5374250e-01  -2.9421902e-01  -2.8109480e-01   5.9712655e-02  -2.4472922e-01  -1.8865529e-02   2.6617269e-01   2.3335970e-01   2.3491149e-01   2.4639479e-01  -3.2322212e-01  -3.3097303e-01   4.4318819e-01  -2.3366012e-01  -2.3869047e-01  -1.9581783e-01  -7.9924258e-02   3.8315280e-01  -9.9864646e-03   2.3446617e-01   1.0624249e-02   5.5995882e-01   9.6987584e-02   2.1901297e-01  -3.4060366e-01  -1.4707177e-01  -1.7203349e-01   2.1734267e-01   3.9226633e-01  -1.3827670e-01   5.1425744e-02   3.5856223e-01  -4.1044373e-01  -1.2049608e-01  -2.1361128e-01   5.3891648e-01  -3.9045929e-02  -5.3845680e-02   2.6465746e-01   7.0583832e-02  -3.9933635e-01  -1.2750652e-01   1.7300751e-02   8.5053152e-02   2.0258511e-01  -1.7001722e-01   2.9167131e-01  -2.1055744e-02  -2.3908047e-01   4.1166917e-02  -3.4267607e-01   1.4814837e-01  -4.4811868e-01  -3.2330247e-02  -5.5297278e-02   2.5932988e-01   2.3494576e-01  -4.0158381e-01   3.3063804e-02  -3.3086547e-01  -1.1400461e-01   4.1297014e-01  -3.0000962e-01   6.1842102e-01  -3.8320594e-02  -1.3513944e-01   4.1208393e-01   1.7993952e-01  -4.1783867e-02  -1.2510516e-01   1.6039197e-01  -6.9766509e-02   1.5787647e-01   2.6824946e-01   4.8555265e-03   2.0176402e-01  -6.5819755e-02  -5.5312224e-01   1.1724346e-02   2.5694998e-02  -4.5363150e-02   1.8785206e-01   3.4316904e-01  -1.6533769e-01  -3.2241897e-01  -7.4658877e-03   3.4462623e-01   2.9761885e-01   2.9800711e-01  -1.6895066e-01   4.1162825e-01   1.5389920e-01  -3.5020523e-01  -2.0459288e-01   4.6100542e-01   2.8125767e-01   8.0952858e-02  -2.5674576e-01  -2.0266199e-01  -9.8489592e-02  -8.4587290e-02   3.5879852e-02   3.3076767e-01  -1.4702440e-01   3.3348814e-01   4.5891065e-01   5.0215905e-01   2.1673859e-01   1.4631866e-02  -2.0352293e-01   2.4369519e-01  -4.7731928e-03   2.5968635e-01  -2.1098511e-01   2.5778028e-01  -3.4584679e-01  -1.8104651e-01  -2.3518480e-02   2.8044183e-01   1.0784297e-01   3.9900908e-02   1.5676767e-01  -1.9259290e-01   7.8369660e-02  -1.5141221e-01   4.2496424e-01   1.6934371e-01  -2.6251189e-01   1.3014397e-01  -8.1913821e-02   3.1243295e-01  -5.4010036e-01  -3.6265716e-01   1.6387617e-01   5.9045522e-03   4.9402391e-01   9.7025308e-02  -6.3488724e-03  -6.7662966e-02
  -1.4410512e-02  -2.5888932e-02   1.9121369e-01  -2.2046382e-01   6.6984056e-02   2.0377674e-02  -2.2627262e-01  -9.0389410e-02   1.5084296e-01  -1.4410329e-01  -2.1729415e-01  -4.4794083e-02   0.0000000e+00   2.7110273e-02  -1.4410648e-01  -1.1315649e-01   1.9710844e-01  -2.6280620e-01  -1.3754596e-01   1.6449072e-01  -2.6482115e-01  -1.9239303e-01  -1.6336067e-01  -4.7610918e-03  -1.5284374e-01   7.2996389e-02  -1.1988699e-02   9.7974941e-03   2.2177174e-01   5.0735058e-03  -2.0771154e-02  -1.8829591e-01  -1.0932896e-01  -8.0550691e-02   1.0929243e-01  -1.9177235e-01  -1.8905154e-01  -9.8386448e-02  -6.6099641e-02   1.9737138e-01   4.4525771e-01  -3.2864484e-02  -1.0944928e-01  -1.2888880e-01  -5.4413899e-02  -5.8534009e-02  -3.2472505e-01  -2.3838043e-01   2.2762613e-02   2.9310762e-01  -1.7590496e-01  -3.6357835e-02   1.1320328e-02   2.3722919e-01   2.0577383e-01  -2.5914686e-01   8.9587556e-02  -9.9842745e-02  -1.0791678e-01  -4.8118472e-02  -2.3093341e-02   1.3254300e-01   5.0993523e-02  -2.7663322e-02   6.2396380e-02  -3.0165981e-01  -2.8566781e-02   1.2710964e-01  -3.8476780e-01   2.4431253e-01   7.1706026e-02  -9.1849291e-02   1.3822166e-01   7.6882611e-02  -7.7242017e-02  -5.6245396e-03  -1.5260804e-01   1.0741114e-01   7.1013772e-02   1.5099817e-01  -2.0893535e-01   7.1340032e-02  -2.6522050e-01  -5.4563701e-02   1.4466525e-01  -2.0144421e-01   1.3031388e-01   1.3578377e-02   8.6757832e-02   9.3969279e-02   6.4077008e-02   1.7116031e-01  -1.0458081e-01  -9.3523962e-02  -1.4228907e-01   9.7578080e-02   1.1584689e-01  -2.2838518e-01   1.0726351e-01  -3.0017226e-01   1.9635969e-01  -2.3165263e-01  -3.0110731e-01   4.0541131e-02  -3.5059333e-01  -1.2774120e-01   2.2625000e-01  -1.1005036e-01  -2.2745487e-01  -1.5020607e-01  -4.3713215e-02  -4.3714612e-02  -1.8388352e-02  -3.0094030e-02   1.9306411e-01   1.6909522e-01  -1.2881694e-01   1.4284999e-01   5.8224570e-03  -1.0082230e-01   3.0057114e-02  -1.0727311e-01   1.8401888e-02  -2.2056542e-03   1.1799924e-01  -1.2561109e-01  -6.0945837e-02   1.1728444e-02   2.2924621e-02   1.4206675e-01   2.2276613e-01  -8.7400279e-02  -1.1196706e-01  -2.9848248e-01  -5.0191631e-02   1.2434994e-01   2.1551741e-01  -1.7280504e-01  -8.7239705e-02  -9.1101079e-02  -4.9535607e-02   2.4599765e-01  -3.2711204e-01   4.8621687e-02   8.6739521e-02  -2.4888488e-01   8.2217132e-03  -2.2061656e-01  -2.9598248e-01  -5.7627957e-02   2.3625403e-01  -2.6648525e-01   1.8423026e-01  -9.8540557e-03   1.5735396e-01   2.3725271e-02   4.3194711e-02   1.5222880e-01   1.8074587e-01  -1.4404804e-01  -5.7070757e-02  -1.4795544e-01  -1.9633009e-01  -2.1184657e-01  -1.9874983e-01  -2.6293259e-03  -3.8871140e-01  -5.4656264e-02   1.6351223e-01   7.8773003e-02   4.6220391e-02  -1.3697031e-01   8.8749868e-02  -7.3229932e-02  -1.2372677e-02  -2.4128792e-02  -2.5095905e-01
   1.8708993e-01  -1.3194998e-02   2.6433237e-02   6.4405720e-02  -4.5883222e-01   8.1222004e-02   8.4548891e-02   1.8233125e-02  -2.8340882e-01   6.4409408e-02  -3.9438292e-02   1.2829084e-01   2.7110273e-02   0.0000000e+00   4.2432168e-01   5.0202740e-02  -3.4669540e-02  -5.1139414e-02  -1.3221230e-02  -4.5153713e-01   4.9212138e-01  -1.1679168e-01   4.3819571e-01   2.5955057e-01  -1.3152406e-02   7.1141206e-02  -2.6040862e-01   3.6611896e-01  -1.1963269e-01   6.9829657e-02   3.7093788e-01  -8.1596950e-02   2.1753218e-01   1.1149810e-01   3.7700094e-01  -4.4695739e-01   3.7928693e-03  -8.0695844e-02   8.5088238e-03  -3.3618144e-01   1.7671431e-01   1.5586276e-01  -3.3139361e-01   1.6238580e-01  -1.1106548e-02  -1.5686847e-01   3.9484107e-02   1.3885248e-01   2.8835739e-01  -1.5440008e-01   5.0962685e-02   6.8863223e-02  -2.8360155e-02   2.2118388e-01   5.8080208e-01   4.3172154e-01   1.5831142e-01  -1.9127218e-01  -5.8462256e-02  -9.6341331e-02  -2.5149036e-01   1.9808795e-01  -2.6412196e-01   2.0864450e-01  -1.6999952e-01  -1.4875833e-01   1.6126611e-01  -1.2751531e-01  -6.8258027e-04   3.7190679e-01  -2.8218267e-01  -2.5229416e-01   1.5366110e-01   3.2278305e-01   3.2885947e-02  -2.5419778e-01  -2.4621561e-01   1.0735470e-01  -4.6296886e-01  -1.7195095e-01   4.4754960e-01   1.2978604e-01   4.4710885e-01   2.1089302e-01   2.9153924e-01   5.0334346e-03   2.9381017e-01   6.4650525e-01  -4.5429951e-01   1.5478706e-01  -3.9594023e-01  -8.4039480e-02  -2.2102118e-01  -2.8281884e-01  -3.2915456e-01  -3.8810254e-01  -4.0469745e-02  -8.3217394e-02  -3.1253578e-02  -8.8125873e-02   1.9432256e-01   2.7985969e-01   3.5436015e-01  -2.4445321e-01  -9.9127480e-02  -1.3564101e-01   1.4458269e-01  -1.4707424e-01  -8.3057428e-02  -1.4971778e-01   1.1853307e-01  -1.7237917e-02  -2.2531573e-01   3.7662484e-02   2.6913509e-01  -4.4659190e-01   1.8892160e-01  -9.1861783e-03   3.8449332e-01  -1.2972012e-01   7.6970708e-02  -5.4492985e-01  -2.5780782e-01  -3.6405395e-02   2.4157467e-02   6.3735337e-01   2.3865017e-01  -1.4713863e-01  -1.7086530e-01   3.1575854e-01   2.1031276e-01  -2.5874471e-01   3.6865245e-01   2.4071373e-01  -3.3139340e-01  -1.7243039e-01  -1.2244278e-01   4.4339402e-01  -1.1375399e-01  -2.6030405e-02   3.4187347e-01   4.7805135e-02  -9.1415159e-02   4.1490781e-01   2.4691547e-01   3.3184131e-01  -1.6258552e-01  -2.8805917e-01  -8.6697022e-02   1.7123428e-01   4.1104895e-01   3.8906718e-01   2.9753654e-01  -3.2697765e-01  -2.5831233e-01  -7.6906659e-03  -1.3487709e-01  -4.4223957e-02  -1.8773045e-01   3.1469152e-01  -2.1315139e-01  -3.2313412e-01  -1.8170154e-01  -2.6596730e-02  -6.4152695e-02  -3.4775891e-01  -1.2557203e-01   2.9099568e-01   2.6350154e-01  -1.0943892e-01  -2.4394768e-01  -2.9631106e-01  -2.1618014e-01   1.4760227e-01  -2.6793782e-01  -7.5726227e-02   5.3728851e-02
