   0.0000000e+00  -1.7218190e-01  -2.0972767e-01   1.9078674e-02  -5.3621813e-02  -5.1427361e-02  -2.9590090e-01   4.3862963e-01  -5.3783233e-02  -1.5044565e-01  -4.8486988e-02  -8.9974056e-02   1.3836163e-01   1.7484647e-01   1.1820402e-01  -6.8342675e-02  -2.1030179e-01  -1.1387464e-01   1.9001500e-01   5.8524430e-02  -3.0655253e-01   1.0499317e-01  -2.1345498e-01   4.4975754e-01  -5.4848563e-02   2.4438056e-01  -3.6611154e-01   3.0730803e-01  -1.0374707e-01  -1.4871976e-01  -1.9770914e-01   9.6876219e-02  -3.4785151e-02  -3.5431526e-01   1.9860216e-01  -2.5081925e-01  -4.2085108e-02   6.0687799e-03  -7.0436666e-02  -3.8571272e-01  -7.4634207e-02   9.3149844e-03  -4.7317038e-02   4.8177537e-02   1.6808559e-01  -2.0603621e-01  -2.1693221e-01  -2.9954907e-01  -1.4892756e-01  -1.3700601e-01  -2.7276433e-02   2.4854246e-01  -2.8152387e-01  -3.2659305e-02   4.9829929e-02   2.2756635e-01   1.0151976e-01   5.0006867e-02   8.1472616e-02   1.3840611e-01  -3.6305744e-02  -4.1789504e-02   1.9529879e-01   4.1758332e-03   1.0677977e-01  -1.2616590e-01  -2.2038118e-01   8.5976936e-02  -6.1862999e-02  -3.0636025e-01  -2.4509195e-01  -2.5147507e-02  -9.5025692e-02   5.1754169e-01  -1.8081115e-01   1.0430805e-01  -1.2387605e-01   1.1449971e-01   9.5552338e-02   1.0312941e-01   3.3457018e-01   6.5503275e-02  -3.3563209e-01   4.0891204e-01   1.3833055e-01   1.2458011e-01  -3.5909956e-02   3.6040782e-01   9.7665161e-02   5.5464028e-01   1.1892199e-01  -1.8492140e-02  -8.2635488e-02   2.7863323e-01  -1.1599792e-01   9.2673697e-02  -1.8777429e-02   2.3386811e-01  -9.6095600e-02   1.3450954e-01  -1.3890073e-01   2.7689753e-01   1.3498444e-01   3.1766817e-01  -3.4579157e-02   1.6300915e-01  -2.4123501e-02  -2.2548005e-02  -1.9640928e-01  -7.2005057e-02  -2.6019328e-01  -1.0019132e-01   1.3717129e-01   6.5063970e-01   2.9458279e-01   1.1544807e-01  -4.3279296e-02   8.6685291e-02   1.0149979e-01  -1.1382999e-02   2.3773230e-01   2.6397267e-01   5.0752882e-02  -5.8401825e-02  -9.1232103e-02   4.6896533e-01  -1.4970417e-02   2.1123375e-02   6.0978475e-02  -2.5002257e-01  -2.2961852e-02  -6.3256841e-02   3.3295666e-02  -3.5293824e-01  -6.0242220e-02   3.1201203e-01   2.9220539e-02  -1.2618404e-01   2.7932809e-01   4.9617298e-01   5.1201255e-01   1.3433361e-01   6.3973650e-02  -2.0863744e-01  -2.0359818e-02  -9.2516224e-02  -5.7773609e-02  -1.6202964e-01   1.4695318e-02  -4.9194608e-02   3.0162508e-01   1.8113452e-01   1.2566489e-02   9.2289556e-02  -2.0559115e-01   4.5811205e-01   6.0319516e-02   1.3807682e-01  -4.0389396e-02  -8.6348080e-02   2.5820383e-02   1.0641057e-02  -3.2325009e-01  -5.3489639e-02   7.2864051e-04   1.4948197e-01   1.5309190e-01   3.6186788e-01   1.3179540e-01  -1.6051928e-01   2.7137747e-01  -1.0881035e-01   1.2368599e-01  -1.4569002e-01   5.3326992e-03  -1.3052064e-01   2.4698428e-01
  -1.7218190e-01   0.0000000e+00   1.0636076e-02  -9.9859962e-02   3.6677788e-01   7.2528698e-02  -1.7482589e-01  -5.1325680e-02   2.8982705e-01  -4.7931122e-02  -1.9478805e-01   1.4336738e-01  -2.1225738e-01  -9.6073925e-02  -3.7442368e-01  -1.0857847e-01   3.5491353e-01  -2.7045545e-01  -4.7554393e-02   1.6214359e-01  -1.6712505e-01  -1.3851474e-02  -1.7418607e-01  -5.3421273e-02   1.0490371e-01   3.4453755e-02   3.3218077e-01   1.0078780e-02   2.7087070e-01  -1.9780551e-01  -1.4011029e-01  -2.0462153e-02   5.7429353e-02  -1.1792103e-01   3.0559902e-02   2.9309499e-01   1.2466912e-01   1.9513352e-03   4.0762800e-02   3.9704080e-01  -9.1163862e-02   2.0702724e-01  -4.2168893e-02  -2.1512001e-01   4.4162791e-02  -2.1062081e-01  -7.6912927e-02  -1.1507802e-01  -1.8713128e-02   1.5106906e-01  -3.3234576e-01   5.9862936e-02   3.2379672e-01   8.1594637e-02   6.2550484e-02  -2.3607084e-01   1.2032737e-01  -2.6464580e-02  -1.5195067e-01  -1.0436568e-01  -2.3967390e-01  -1.7332171e-01   2.2822338e-01   1.4728444e-01   2.7626440e-01  -5.4459768e-02   1.1281625e-01  -4.6280455e-02  -1.8227580e-01  -1.6209526e-01   5.2842522e-01  -1.6788039e-01   1.5616397e-02  -1.5985655e-01  -8.6814529e-02   1.8615279e-01  -1.3434358e-01   3.5324971e-03   4.2346694e-01  -1.0354659e-01  -1.0716955e-01  -2.7546832e-02   4.8346717e-02  -3.3278278e-02   5.5593063e-02  -1.7190566e-02   3.7050011e-01  -6.9320219e-02   1.1931045e-01   5.0694573e-02   4.5663120e-01  -8.1811204e-02   4.1797449e-02  -3.1661936e-02  -1.5356436e-01   2.1580648e-01  -1.7952721e-01   3.4119317e-02   2.3605446e-01   5.6540430e-02  -7.0800898e-03  -2.5239355e-01  -1.0289280e-01   1.9410259e-01  -2.6533979e-01   1.4389408e-01   2.2020126e-01  -8.6698601e-02  -7.6853776e-02   1.7624654e-01  -1.9986561e-01  -1.0253534e-01  -3.5406471e-01  -8.0304251e-02  -2.0637345e-01   5.9720806e-01   1.0272607e-01  -8.5577958e-02  -1.0984267e-01   2.4385183e-02  -5.5165151e-02   2.8775473e-01   2.6288859e-01   4.3820666e-01  -9.0545383e-02  -2.1454926e-01  -1.4866902e-01   2.6894604e-02  -1.5245178e-01   6.7221807e-02  -1.3155033e-01   1.8215697e-01   1.6555882e-01   7.5016629e-02   2.6380825e-02  -4.5923145e-04  -7.3067314e-02  -6.1749305e-02   1.1797915e-01  -5.4305535e-02   3.2414398e-02  -2.2932704e-02  -2.4748094e-01  -8.8777447e-02  -3.3314742e-01  -2.2797091e-01   3.1431515e-01   2.7685454e-01  -1.8469650e-01   4.2984074e-01  -1.5127246e-01  -1.6188945e-01   6.0589403e-02   3.1908487e-01   4.3261591e-01   1.9333939e-02  -1.6457080e-01  -3.1059288e-01  -7.5405564e-02  -8.6293485e-02  -5.8312306e-02  -1.9068621e-01   3.0416812e-01  -2.1531402e-01   5.3493307e-02   7.5457063e-02  -6.1748534e-02  -1.8284040e-01  -5.2051105e-02   3.3730741e-01   8.2413047e-02  -2.2107806e-02  -1.1443180e-01  -8.4988502e-02   1.5292137e-01   8.1129103e-02   1.3224827e-01
  -2.0972767e-01   1.0636076e-02   0.0000000e+00   1.2359337e-01   9.9748647e-02   4.9403886e-01  -1.2913402e-01  -2.2214111e-01   1.6282709e-01  -8.5183675e-02  -2.0611175e-01   3.8412293e-01  -2.8264788e-01   1.0975269e-02  -1.0734947e-01   9.3400932e-02   6.5000198e-01  -2.6584035e-02  -2.2929972e-01  -2.6567506e-02  -1.4318829e-01   1.7024356e-02  -2.9406827e-01   5.3470649e-03   1.2904609e-01  -2.1404034e-02   1.2094524e-01   9.7580755e-02  -6.1241631e-02   9.7030413e-02   3.2461575e-02   5.6573770e-02   4.2163544e-01  -2.5978965e-01  -3.2353820e-02  -1.1215471e-01  -1.9637860e-01   3.3126828e-01   1.3561345e-01   4.7276064e-01  -5.2048532e-02   4.7090805e-01   2.4651492e-01  -3.4860353e-02  -1.4928763e-01   5.3957269e-01  -8.6166678e-02  -1.4987183e-02  -1.1217449e-01   4.3205466e-01  -1.3405294e-01  -2.1200614e-01  -8.5118441e-02   5.5842435e-01   1.9737608e-01   2.8096122e-02   1.3108971e-01   1.0894702e-01  -1.8261136e-01   1.0581921e-01   6.2601291e-01  -4.5968849e-02   1.2898832e-01  -3.7440057e-01  -2.5912376e-01  -1.5120759e-01   3.8939609e-01  -1.2580567e-01   4.1348982e-02   8.2217565e-01   7.0908322e-02  -8.4437577e-02  -8.1969252e-02   2.6440959e-01   1.0020116e-01   1.4709440e-01   6.0011551e-01  -1.0996617e-02  -5.6440058e-02   1.4534535e-01  -6.1442959e-02  -7.1803690e-02   1.6274616e-01  -1.1199696e-01   4.7219664e-01  -4.5467062e-02  -3.7714664e-03   2.2068235e-01  -2.6443129e-01  -2.1179331e-03  -3.0948322e-02   7.6030306e-01   1.7361213e-01   1.2882937e-01   4.3703670e-01   1.0338740e-01  -8.8279023e-02   5.3558006e-02  -1.3074679e-01  -9.3882062e-02   2.9987077e-01  -2.2465197e-01   2.6034121e-02  -3.2483080e-01  -1.2113537e-01  -3.5753348e-02   4.5527149e-01   7.9008384e-03  -1.3124497e-01   1.7193887e-01   1.8054099e-02   5.4291719e-02  -2.9077568e-02  -5.3679035e-02   2.7287935e-01  -1.6759105e-01   1.9348632e-01  -8.1070254e-03   4.2648568e-01   7.7394589e-02   2.4255143e-01  -2.7045030e-02   3.3982969e-01  -2.3992381e-01   4.0252367e-01   1.6654336e-01  -1.7134358e-01   9.0199017e-02   9.2358397e-02   4.8763286e-01  -8.4993929e-02  -3.7498765e-01   4.1887156e-01  -2.2088783e-01   2.1782625e-01  -1.2063852e-01   2.3144699e-01   1.3805363e-01  -1.3901623e-02  -3.4320629e-02  -1.8392754e-02   1.2626997e-02  -1.5792777e-01   6.2042828e-01  -1.7413360e-01  -1.0336338e-01   2.0652701e-01  -1.4589499e-02  -1.7859930e-01  -3.0892491e-01   4.4015489e-01  -6.1797789e-02   4.3448738e-01  -2.0410703e-01   5.4594981e-01  -9.1765243e-02   2.8377912e-01  -1.5668851e-01   6.6457115e-01   5.0981187e-02  -8.1131536e-02  -1.5537219e-01   1.2882102e-01  -5.9615118e-02   1.1517948e-02  -3.2753266e-01  -2.0467538e-01   5.3358285e-02   3.8127381e-01   2.5714416e-01  -1.7380644e-01   1.5300718e-01  -1.3027219e-01   5.3242403e-01  -4.5546148e-02   3.3191208e-01   1.0965214e-01
   1.9078674e-02  -9.9859962e-02   1.2359337e-01   0.0000000e+00  -1.1011471e-02   3.0307912e-01   7.0765182e-02   4.8024312e-02   2.5260628e-01  -1.7689959e-01   1.4126209e-01   1.6199161e-01   5.9782580e-02   1.5823203e-01   3.0243948e-02   3.6749637e-01  -2.0117101e-02   4.3149416e-01   7.5137225e-02  -1.5922659e-01   3.6561835e-01   1.5215194e-01   2.5180697e-02  -1.7837734e-01  -1.1519163e-01   1.4068358e-01   1.5016320e-01  -2.0424350e-01  -1.3781315e-02   3.4591185e-01   1.3655253e-01   4.5665887e-01   2.4833992e-01  -6.6640208e-02   2.0159771e-01   7.2447723e-02  -2.6779469e-01  -9.2743498e-04   2.7616309e-01   1.3765890e-01   3.2305571e-01   2.6234831e-01   4.8652455e-02   1.8876463e-01  -6.8928675e-03   5.3895426e-02   1.9895441e-01   3.1577087e-01   1.2091841e-01  -5.1400386e-02   3.4615316e-01   1.1139102e-01   1.1562784e-02   2.6458200e-01   1.2411907e-01   1.8259218e-01   1.2710533e-01   2.9915900e-01   4.1347885e-01   1.8480887e-01   2.3873556e-01  -4.9722055e-02  -5.5525645e-03  -3.8512058e-02   8.9464260e-02  -1.3038120e-01   3.0849939e-01  -2.8272307e-01   4.7801451e-01   7.7189452e-02  -6.1277220e-02   2.1130664e-01   2.1600603e-01   8.7757907e-02   2.8339533e-01  -3.9566465e-02   1.4255826e-01   2.1373680e-01  -1.4822519e-01   2.1841422e-01  -1.0700839e-01  -4.5479111e-02   7.8583841e-02   1.9654052e-01   1.6692328e-01   4.3288299e-02   6.3404547e-02  -1.1685937e-01  -1.3866349e-01  -1.5821332e-01  -8.2139405e-02   2.0628401e-01  -1.4330199e-01   2.3218686e-01   2.3432388e-01  -2.0375741e-01  -2.5642030e-01  -1.2051667e-01  -1.5253172e-01  -1.5104791e-01   1.6594900e-01   3.7478457e-02   2.3072798e-01   4.0316298e-02   3.8342680e-01   5.3197000e-01   1.2845033e-01   4.2558878e-01  -5.0862842e-02   6.5142492e-02   1.7494472e-01   3.1089205e-01   1.5078577e-01  -4.8846343e-02  -7.9132615e-02  -2.1790644e-01   3.8138079e-02   1.3589597e-01   1.6577058e-01   5.7394343e-01   3.2970723e-02  -2.4190723e-01  -1.3667414e-02   1.5793216e-01  -3.9262967e-03  -3.9628021e-02   2.3566967e-01   9.8271933e-02   2.6870158e-01   1.3555939e-01  -3.3346934e-03  -7.2007876e-02   1.8776236e-01   1.2443338e-01   2.7464556e-01  -4.2283185e-03   1.6124203e-01   1.6934431e-01   2.5166113e-01  -3.8606518e-02  -5.1916850e-02   9.2127724e-02   5.2648198e-02   1.9850680e-01   8.5700789e-02   3.3190274e-01  -4.3143647e-04   3.0363941e-02  -1.3456974e-03   1.4412349e-01   3.6299935e-02   1.5801772e-01   1.5025488e-01  -1.1807718e-01  -1.1272320e-02  -1.2827749e-01   1.4756081e-01   3.0311640e-01   1.4206977e-01   2.8172810e-01  -7.3283213e-02   1.3665925e-02   1.6051509e-01   4.0871636e-01   4.5400773e-01  -2.6106239e-01  -5.4550104e-02   2.7512093e-01   1.6425884e-01  -4.2714585e-02  -2.4247040e-01  -8.7278070e-02   1.8059028e-01   2.9208677e-01   5.0889942e-02   2.4968273e-01   3.1831461e-01
  -5.3621813e-02   3.6677788e-01   9.9748647e-02  -1.1011471e-02   0.0000000e+00   1.4560041e-01  -3.5517065e-01  -1.2673409e-02   2.4792827e-01   5.0541657e-02  -7.6805886e-02   1.4679999e-01   1.5379388e-01  -3.6990814e-01  -4.8771720e-01   7.7627687e-02   4.1477073e-01   1.0365641e-01   1.6905964e-01   6.9006867e-01  -2.3097626e-01   5.5044014e-04  -2.6137490e-01  -1.8521576e-01   3.9216174e-01  -9.1980868e-02   2.0756211e-01  -1.3370360e-01   4.6722370e-02  -1.5919907e-01  -3.1088619e-01   1.0883844e-01   1.3241751e-01  -2.9534083e-01  -1.8979023e-01   5.0840415e-01   1.1327508e-01  -2.6706089e-01  -1.3141734e-02   4.0761628e-01   2.4175846e-01   9.0537633e-02   2.0038384e-01  -5.6067616e-02   1.9291119e-01  -2.5145890e-01  -2.6723940e-02  -3.3001501e-01  -4.0687112e-02   4.3207424e-01  -1.0381422e-01  -2.1247673e-03   6.7855300e-05   7.7380522e-02  -1.6750953e-01  -1.2267012e-01   5.3565174e-03   1.2785650e-01   9.9391454e-02  -2.7128747e-02  -1.6707718e-01   5.4061072e-02   1.4401371e-01  -3.2740273e-02   1.4404730e-01   7.4819708e-02   2.1234088e-01  -1.2092615e-01  -6.9447850e-02  -6.4247749e-02   2.3709258e-01  -8.0251794e-02   1.4153732e-01  -1.7724299e-01   2.8496403e-02  -6.2493297e-02  -1.7152583e-01  -2.9387397e-02   5.9735239e-01   4.5255184e-02  -2.3805769e-01   1.3060095e-01   4.2128622e-02  -2.3157071e-02  -7.5410207e-03  -8.9568572e-03  -1.6539470e-01  -1.8679503e-01  -1.5632457e-01  -4.0699802e-02   6.7872483e-01  -2.4498039e-02   2.1575270e-01   1.4405014e-01  -2.8832240e-01   7.1394861e-01  -1.1158289e-01   3.4106245e-02   1.2462848e-01   5.6174338e-02  -1.0035059e-01  -2.0649150e-01  -4.7665860e-02  -1.0717886e-01  -8.5377654e-02   3.1611869e-02   2.0324703e-03   8.8522527e-02  -7.5326129e-02   2.1149792e-01  -2.9689140e-01  -4.2672592e-02  -3.2080625e-01  -1.3706146e-01  -3.0844877e-01   5.1242695e-01   8.9443021e-02   6.8109600e-02  -1.2415387e-01   1.1489730e-01  -1.5723662e-01   6.7786432e-01   2.5068066e-01   9.0478186e-02  -3.2924129e-01  -2.3218543e-01  -1.2668362e-01   1.0333038e-01   2.9414153e-02   7.9436243e-02   2.0509301e-01   2.3605557e-01   6.2750017e-03  -2.2651622e-01  -5.2292382e-03  -7.6032542e-03  -1.8917866e-01  -1.6187577e-01   1.7573842e-01  -1.2287662e-01  -9.6425072e-02   6.0287459e-02  -5.1681480e-02  -1.3197442e-01  -2.4485871e-01  -7.3613067e-02   1.3345241e-01   3.4705258e-01  -3.3561926e-02   9.2427963e-02  -2.9993740e-01  -9.7974627e-02  -8.1646821e-02   1.8056818e-01   4.5427950e-01  -1.3211050e-01  -2.7006122e-01  -8.9742314e-02   9.5379053e-02  -5.6591579e-02  -1.0729832e-01  -4.8607867e-02   3.4715170e-01  -1.0049862e-01   7.9862640e-02   2.1447250e-01   1.1750705e-01  -7.7954136e-02  -1.7113458e-01   5.4022992e-01   2.7892377e-01  -3.2989811e-02  -1.5576944e-02  -6.7838705e-02   5.2699883e-02   8.1022584e-02   6.8671931e-02
  -5.1427361e-02   7.2528698e-02   4.9403886e-01   3.0307912e-01   1.4560041e-01   0.0000000e+00  -5.0822353e-03  -1.2808505e-01   3.8357744e-01  -2.1145315e-01   4.1312644e-02   4.8441617e-01  -9.8266857e-02  -4.4036206e-02  -6.4204086e-02   3.3658850e-01   3.0350925e-01   9.4750930e-02  -7.2177473e-02  -3.8792727e-02   5.7709964e-02  -5.4309457e-03  -1.6787077e-01  -1.1870287e-01   2.1229055e-01   2.0089182e-02   3.3154795e-01  -6.5975903e-03  -2.4765353e-02   2.2329324e-01  -1.0465846e-01   2.0886019e-01   3.5215090e-01  -2.6261523e-01   1.7486612e-01   2.7118963e-01  -6.0372619e-02   1.1706667e-01   2.1264037e-01   4.0176427e-01   5.1532511e-02   4.9375118e-01   1.7058541e-01  -7.2059404e-02   2.3556029e-01   1.9594656e-01   2.3562070e-01   8.7507622e-02  -1.3705091e-01   1.1237189e-01   1.0504407e-02  -1.9479870e-01  -1.8393701e-01   4.1196904e-01   1.2139494e-01   4.6018942e-02   3.2175005e-01   2.3917096e-01   4.3798989e-03   4.1406286e-01   2.5342339e-01   8.9152524e-02  -2.1421280e-02  -2.4322552e-01   3.9701432e-02   1.3483092e-01   5.1313127e-01  -1.3997571e-01   3.7684044e-02   5.0010244e-01  -7.6991464e-02   1.4704891e-01  -1.0472437e-03   1.5981314e-01   2.0037964e-01  -9.5997812e-02   2.2178302e-01  -9.8596757e-02   6.2260448e-02   1.2197583e-01  -3.8571389e-02   1.3183524e-01   3.2373658e-02   4.3200171e-02   2.9672779e-01  -1.7294767e-01  -1.9759866e-01   5.4359628e-04  -6.9614681e-02  -4.6308428e-02  -2.5091959e-02   4.1670970e-01   8.4647603e-02   4.6496166e-01   1.5463241e-01  -3.0876144e-02  -1.2211231e-01  -1.4592713e-01   3.0087337e-02   7.0442005e-03   6.8376481e-02  -7.0704232e-02   4.2517251e-02  -8.7824797e-02   1.0543587e-01   1.1236637e-01   1.4964160e-01   8.1752844e-02  -1.8309222e-01   2.3118905e-01   9.9468107e-02   9.4612604e-02  -1.1477314e-02  -5.5236504e-02   1.3022766e-01  -2.0568471e-01   6.5303158e-03   3.2507480e-04   4.3165664e-01   4.2184796e-01   2.0542489e-02  -7.5301952e-02   2.7839074e-01   4.1969653e-02   1.0068728e-01   1.5782262e-01   1.1855996e-01   5.2319695e-02   1.5219194e-01   4.2192873e-01  -8.3004701e-02  -6.2768195e-02   3.5819492e-01  -1.0919099e-01   3.1753170e-01   1.5842245e-02   1.8327734e-01   8.7620307e-02  -8.3937421e-02  -2.8411233e-03   3.2299333e-02  -7.1126915e-03  -2.1409328e-01   6.0668692e-01   6.0858989e-02  -1.5479950e-02   8.8898892e-02   1.8325895e-01   1.4941892e-01  -2.2515543e-01   3.0636484e-01  -4.0254040e-03   2.9417439e-01   9.5307692e-02   3.4113947e-01  -1.3587580e-01   1.2555394e-01   5.8340474e-02   1.7565583e-01   6.4280275e-02  -9.9576981e-02  -2.8989531e-01   1.8568219e-02   1.1100019e-01   2.9316726e-01  -4.2233422e-01   1.6544760e-01   2.0121463e-01   2.2653646e-01  -2.0021796e-02   3.4414322e-02  -1.3863415e-01   4.0315555e-02   4.8997107e-01  -4.6208131e-03   2.7435341e-01   2.6477482e-01
  -2.9590090e-01  -1.7482589e-01  -1.2913402e-01   7.0765182e-02  -3.5517065e-01  -5.0822353e-03   0.0000000e+00  -3.5965262e-01   1.2549045e-02   4.2506001e-01   1.1502348e-01   4.3362436e-02  -6.5387390e-02   1.1576301e-01   3.7604807e-01   1.1159648e-01  -2.6909339e-01   5.2305331e-02  -1.8666055e-01  -3.5356972e-01   4.0873060e-01  -2.6178304e-01   5.7161736e-01  -1.4668777e-01  -2.8574131e-01  -1.1365594e-01   1.5025531e-01   1.8171078e-01  -7.9176349e-02   7.2838974e-02   2.8295769e-01  -1.9515570e-01   3.1081220e-02   7.4960318e-01   3.7008646e-01   2.2941623e-01   3.4629082e-02  -2.2536778e-02   1.2635713e-02   2.3253288e-02   8.4282533e-02   6.7727675e-02  -7.0533081e-02   8.8666639e-02  -1.2402803e-01  -7.5954801e-02   1.4962072e-01   5.3024992e-01   7.0042047e-02  -3.2870472e-01   1.7892373e-01  -1.7023437e-01   2.7285723e-01  -2.1906016e-01  -1.2710812e-01  -1.2713462e-02  -1.5591230e-01  -2.5476967e-01  -2.2605058e-02  -1.3978931e-02  -1.1330976e-01   8.2350268e-03  -3.2344755e-01   2.1266256e-01  -2.0223462e-01   3.7523545e-01  -3.6999544e-02  -7.4093332e-02  -3.1353089e-02   5.0709242e-03   1.1099220e-01   6.7223298e-02  -1.1395790e-02  -1.2095433e-01  -5.0097670e-02  -2.7305805e-01  -1.2684757e-01   2.4371839e-02  -2.0065109e-01  -2.1393034e-01   3.3054711e-01   3.7796730e-02   2.1376109e-01  -1.5508829e-01  -2.0785505e-01  -1.0116757e-01   1.7646715e-01  -7.0689193e-02   9.6082795e-03  -1.8660970e-01  -2.9954708e-01  -1.2672032e-01   8.5671390e-02  -1.8785715e-02   4.8551897e-02  -4.1733322e-01  -1.6219504e-02  -3.7771905e-02   6.8128325e-02   1.2562293e-01   1.2922832e-01   3.2990524e-02  -9.4920488e-02  -2.2993652e-01   1.2794947e-01  -1.5087493e-01  -1.5682920e-01  -9.6860192e-02   3.4615193e-01  -1.4345477e-01   6.6040835e-01  -6.8113906e-02  -5.8901847e-02  -3.2343702e-01   1.3802113e-01  -3.3388058e-01  -9.2495686e-02   2.7115393e-01   6.7057400e-02   9.0215075e-02  -2.5300875e-01  -4.2592303e-01  -4.6226325e-02   8.7736016e-02  -3.1742167e-02   2.8892170e-02   2.9637606e-01  -2.3587556e-01  -1.6075974e-01   1.0851260e-01  -1.1474560e-01   3.2268492e-01  -2.1134490e-01   3.9975647e-01   1.1725636e-01  -2.9727626e-01  -1.7297349e-01   3.7029936e-01  -3.2245632e-01  -2.1343099e-01  -2.3467088e-01  -9.3764703e-02  -4.8058790e-02   2.6103210e-01   3.4998273e-01   1.3327659e-01   2.3759373e-01   7.4149456e-02   1.2640166e-01   2.4384927e-01  -5.5836497e-02  -4.3314798e-02  -1.3013765e-01  -7.0576947e-02  -1.5429589e-01  -1.0431784e-02  -1.1680418e-01   8.3442585e-02  -3.0135519e-01   1.5318456e-01  -1.0922447e-02   8.6586654e-02   2.1607309e-01   1.0971730e-01  -1.6396306e-01  -1.1871751e-01  -8.0021351e-02  -4.6490894e-03  -2.9711621e-01  -3.0761356e-01  -2.5296736e-01  -9.3701070e-02   6.8749081e-02   1.1508838e-01  -1.0585133e-01  -7.8112213e-03  -3.6427873e-01
   4.3862963e-01  -5.1325680e-02  -2.2214111e-01   4.8024312e-02  -1.2673409e-02  -1.2808505e-01  -3.5965262e-01   0.0000000e+00   1.2271170e-02  -1.6201406e-02   1.7881120e-01  -1.5837557e-01   2.4043331e-01  -9.4299250e-02   3.6024833e-02  -3.5691319e-02  -2.3751187e-01   1.0035452e-01   4.1000919e-01   8.7139316e-02  -2.1735360e-01   2.9930929e-01  -1.1539770e-01   3.3323291e-01   2.4148051e-02   4.7536359e-01  -2.1757429e-01   1.1202059e-01   7.8177376e-02  -4.6938626e-02  -1.6622693e-01   1.4718643e-01   3.2814094e-02  -2.5802363e-01   7.0142129e-02  -1.3699630e-01  -8.1192487e-02   1.0302803e-03   3.4517966e-02  -3.1787698e-01   1.4596072e-01  -9.7876857e-02  -6.8021552e-02   6.0682921e-02   2.6458654e-01  -1.1433412e-01   3.3892510e-02  -4.2100249e-01  -2.4459982e-01  -1.0986994e-01   1.9059424e-01   5.3714998e-01  -3.2489587e-01  -6.9895458e-02  -7.6982057e-02   1.2363786e-01   2.2951178e-01   1.9005019e-01   3.6187999e-01   1.2255706e-01  -7.9252855e-02  -6.5298291e-02   1.1062071e-01   2.9001627e-03   1.4104206e-01  -4.8780708e-02  -2.2359407e-01  -6.9877070e-02   2.3187893e-01  -3.1040349e-01  -2.8513400e-01   7.3831924e-02  -2.6670986e-02   1.5914857e-01  -1.6539815e-01   2.8087240e-01   2.0118623e-02   2.6098305e-01   1.7644033e-01   1.4570371e-01   1.6021661e-01   3.2180596e-02  -4.5905054e-01   5.5165913e-01  -2.6944800e-01   3.8698978e-01  -1.1173891e-01   1.2298724e-01   6.0933448e-02   4.2495745e-01   1.1362776e-01  -1.1218816e-01  -1.8143404e-01   1.6694471e-01  -1.0182790e-01   2.0931393e-01  -8.5766098e-03   3.1738938e-01  -9.2108260e-03   9.9661248e-02  -3.7075287e-01   3.6764688e-01   1.2647211e-01   3.1456750e-01   9.8624960e-02   2.0045594e-01  -1.4228792e-01   3.0898990e-01  -1.1285446e-01   6.7839858e-02  -4.3096868e-01   1.1782796e-01   4.0150281e-02   3.6551581e-01  -1.2107105e-01   1.0442139e-01   8.0772560e-02   4.2961849e-03  -1.9131625e-01   7.2783695e-02   2.8792711e-01   3.0506538e-01  -1.3087052e-01  -1.4327424e-01  -1.7892282e-02   2.0333904e-01   4.5746905e-02  -4.4177904e-02   1.1121709e-01  -4.1847532e-01   1.5688527e-01   9.2029856e-03  -1.4700224e-01  -3.0692274e-01   1.2684040e-02   5.5460024e-01  -1.0866527e-01  -2.8453131e-01   5.4717592e-01   4.6684605e-01   4.0398078e-01  -9.8375090e-02   3.8679602e-01  -4.0755093e-01  -3.3353333e-02   4.6970675e-02  -2.5033026e-01  -3.9902141e-02   1.1528864e-01  -3.8814348e-02   7.2751018e-02   2.7109830e-01  -4.8928477e-02   1.4392703e-01  -2.8108047e-01   3.4483203e-01   9.0473096e-02   4.2126462e-01  -1.2904584e-01  -2.9987994e-02  -1.8027460e-01   3.5187942e-01  -2.7138891e-01   1.1514701e-01   1.7498355e-01   2.2526027e-01   1.7173347e-01   2.6406129e-01   2.6790840e-02  -2.0693654e-01   3.1948182e-01  -5.6038540e-02   3.5127173e-02  -2.0096585e-01   5.0821545e-02  -1.2043428e-01   3.5377675e-01
  -5.3783233e-02   2.8982705e-01   1.6282709e-01   2.5260628e-01   2.4792827e-01   3.8357744e-01   1.2549045e-02   1.2271170e-02   0.0000000e+00  -5.7056969e-02  -4.4324337e-02   2.4983667e-01  -9.9858402e-03   8.4399119e-02  -1.6287204e-01   2.2304809e-01   1.8213576e-01   2.1973987e-01  -1.9228444e-02   1.5904725e-01  -3.2536698e-02   1.1870436e-01  -3.1745401e-01  -1.0282163e-01   1.1544400e-01  -3.5981125e-02   3.6652812e-01   1.2035679e-02   1.3406431e-01   3.0755161e-02  -8.1990399e-02   1.9750879e-01   2.7503844e-01  -2.0708389e-01   3.1408528e-01   2.0622944e-01   7.3826469e-02  -5.8160437e-02   1.7617407e-01   3.5323285e-01   2.0131028e-01   3.7783008e-01   2.5180439e-01  -1.1491637e-01   2.2987331e-01   7.9665134e-02   8.4738219e-03   7.3067854e-02  -3.2033030e-02   8.1320841e-02   1.0393513e-01  -8.3909572e-02  -1.5300640e-02   2.6985313e-01   1.9017106e-01  -2.1927057e-01   2.1806081e-01   5.2508008e-02   2.2364888e-01   8.5916540e-02   1.5774293e-01   6.1023276e-02   3.8804135e-01  -1.2147448e-01   7.8207491e-02  -1.1492809e-01   3.4269802e-01   1.9026263e-02  -8.0144267e-03   1.1710500e-01   1.5211526e-01   1.4644876e-01   1.8742324e-01  -1.2173509e-01   2.4422888e-01  -1.5623135e-02   8.9962776e-02  -2.1695385e-02   1.6740863e-01   2.8154406e-01   4.2502601e-02   2.0899226e-01  -8.2679098e-02  -2.3115512e-02   1.7705466e-01  -7.6529108e-02   1.0272356e-01  -4.6511341e-02   2.4860360e-01   6.2693962e-02   8.1274651e-04   2.1067327e-01  -1.5561446e-01   3.4658904e-01   8.1889819e-02   6.0228530e-02  -1.6020518e-01   1.0510267e-01   2.0330868e-01   1.6779243e-01   1.2336309e-01  -2.2593301e-01   3.5932949e-02   1.7031972e-01   8.0505253e-02   1.8517395e-01   2.7795506e-01  -3.7654044e-02  -9.4175169e-02   1.0262350e-01  -2.1417845e-01  -8.2593671e-02   4.0462180e-02   1.0741983e-01  -4.2561332e-02   1.0573445e-02   6.3857388e-03   9.6237287e-02   1.5645773e-01   3.7096347e-01   1.1462559e-01   5.7757105e-02   3.9373867e-01   2.0679346e-01   1.2074367e-01   1.2038711e-02   1.3156773e-01   3.5040089e-01   1.7465055e-01   1.7261518e-01   1.3522015e-01   2.1148028e-02   2.1243012e-01  -1.0710970e-01   3.0973618e-01   7.1277965e-02   1.3333656e-01   1.3886806e-01   3.6147675e-03   1.0193555e-02   6.4794120e-02   3.1712062e-02  -2.4236326e-01   1.4929368e-01  -7.1877440e-03  -4.3934194e-02   1.6615137e-02   1.7599494e-01  -5.5619527e-02   1.5101108e-02   5.2430934e-02  -1.2010781e-02   2.7243804e-01   3.2010053e-02   3.1824392e-01  -1.1559625e-01  -5.6941793e-03   1.9777962e-01   2.0774959e-01  -7.4842664e-03   1.8229160e-01  -1.4346739e-01   1.1860128e-01   2.1119181e-01   7.7407519e-02  -2.0918799e-01  -1.1068948e-02   6.9140683e-02   1.3347501e-01   7.1082515e-02  -1.6163217e-02  -1.4979196e-01   2.3294498e-01   7.3860888e-03   1.6050680e-01  -8.9923478e-03   2.3645592e-01
  -1.5044565e-01  -4.7931122e-02  -8.5183675e-02  -1.7689959e-01   5.0541657e-02  -2.1145315e-01   4.2506001e-01  -1.6201406e-02  -5.7056969e-02   0.0000000e+00  -2.5481296e-01  -1.8914863e-01   4.7493704e-02  -2.2474803e-01   1.0732075e-01  -2.4627241e-01   1.2804221e-01  -1.7708182e-01  -1.5025292e-01   5.1408470e-02  -5.3319243e-02  -3.8108076e-01   2.6308832e-01  -1.6013068e-01  -1.2867655e-01  -1.9895998e-01   5.6575587e-02   2.3722616e-01   3.1540163e-02  -4.1292147e-01   2.6880645e-02  -3.1173697e-01  -7.8506504e-02   5.6942324e-01   3.0470246e-02   7.7612640e-02   1.6752115e-01  -2.1905719e-01  -1.7269244e-01   2.4401360e-01   1.2148985e-01  -1.7231126e-01  -1.0016461e-01  -1.4619497e-01   3.7096676e-02  -1.9191312e-01  -2.7461526e-01  -1.1284735e-01   8.2043027e-03   1.9140321e-01  -8.1339697e-02  -1.3730706e-01   8.0064377e-02  -1.0532819e-01  -3.1704961e-01  -2.9353728e-01  -3.1423870e-01  -3.6208783e-01  -7.0855534e-02  -2.7316819e-01  -2.6538635e-01   4.2703186e-02   7.3445559e-02   9.5229527e-02  -2.1586219e-01   3.8539764e-01  -1.7232327e-01  -9.0970053e-02  -2.6903090e-01  -2.3825401e-02   2.7605657e-01  -3.3526914e-01   3.0823340e-02  -2.3214957e-01  -2.4160338e-01  -1.5170602e-01  -2.7005822e-01  -8.2742682e-02   1.4281724e-01  -1.2802626e-01   1.9504210e-01   8.4864251e-02   1.0249720e-02  -2.7849177e-01  -2.2492924e-01  -1.2889552e-01   8.8313574e-02  -1.4985524e-01   1.5185474e-02  -2.6433401e-02   5.5894422e-02  -2.7280900e-01   3.9097188e-01  -1.6568388e-01  -2.2045496e-01   1.9332146e-01  -6.1958776e-02   8.5112617e-03  -5.0889235e-02   3.5925731e-01   1.5588785e-01  -2.2442072e-02  -3.4525386e-01  -1.8154475e-01  -3.1353007e-01  -2.2981516e-01  -1.8596012e-01  -1.2823068e-01   3.9314900e-01  -3.4898757e-01   3.8017227e-01  -3.1278571e-01  -2.1106918e-01  -2.4185833e-01  -3.8275634e-03  -5.4470404e-02  -2.9410720e-01   2.4803077e-01  -8.1277436e-02  -1.4821091e-01  -3.4103153e-01   2.0234674e-01  -8.0349277e-02  -1.2194095e-01  -2.8928510e-01  -1.4946077e-01   8.2059812e-02  -1.6526144e-01  -3.0291386e-01   1.8316403e-01   1.1954161e-02   2.3206740e-01  -2.7273871e-01   8.5865648e-02  -1.4020543e-01  -4.0943933e-02  -1.9986550e-01   1.8621503e-01  -1.4983583e-01   1.4999491e-01  -6.4799273e-02  -4.6356303e-02  -6.7914462e-02  -3.5945142e-03   6.7993447e-02  -2.2945748e-01   3.5656867e-01   5.6652020e-03  -4.8897984e-02   1.9366869e-01  -1.7664257e-01  -1.7648027e-01  -3.1540502e-01  -1.6587652e-01   1.8628739e-01   1.0947399e-01  -3.3829820e-01  -1.5178527e-02  -2.1719427e-01  -1.9278224e-01  -7.2645897e-02   3.9033216e-02   3.7648756e-01  -2.8003235e-01  -2.6707673e-01   3.2709841e-01  -1.6165468e-01  -2.0247038e-01  -4.9638617e-01   6.5586408e-02  -1.7129826e-02   7.6589002e-02  -1.1676530e-01  -1.4748953e-01  -1.3824099e-01  -2.3866114e-02  -3.6864329e-01
  -4.8486988e-02  -1.9478805e-01  -2.0611175e-01   1.4126209e-01  -7.6805886e-02   4.1312644e-02   1.1502348e-01   1.7881120e-01  -4.4324337e-02  -2.5481296e-01   0.0000000e+00   1.0200157e-01   6.9547269e-02  -3.2958183e-01   3.0168715e-01   1.3476454e-01  -6.3383117e-01   5.4671855e-01   2.0420552e-01  -1.0146586e-01   3.7113626e-01   1.0266205e-01   3.0565935e-01   4.6818845e-02  -2.1045275e-02   2.6640827e-01   7.6809196e-04  -1.3850779e-01   1.6943698e-02   3.6232207e-01  -5.5352933e-02   2.0007320e-01  -3.6316147e-01   1.6416206e-01   2.2183657e-01   4.0604789e-01   3.7128093e-02  -7.7684296e-02  -1.1279426e-02  -4.8005534e-01  -3.4861984e-02  -1.4507098e-01   1.2167603e-02   2.1307070e-01   3.7285925e-01   1.7059652e-01   8.1497382e-01   2.3565114e-01  -3.4552168e-01  -5.7170754e-01   5.3773051e-01   2.0447229e-01  -6.2388581e-02  -2.0342162e-01  -4.1271795e-01   3.1443799e-01   1.5273479e-01   3.6019804e-01   2.1287246e-01   4.6730217e-01  -5.5405199e-02  -8.3062309e-02  -3.7621825e-01   2.7635764e-01   3.3456411e-01   3.8518969e-01  -2.1690472e-01  -7.4509887e-02   5.0763504e-01  -1.3112513e-01  -4.5926755e-01   4.0960923e-01  -2.4227207e-02  -1.1521834e-01  -9.3206762e-02   7.4355143e-02   1.7569538e-01   9.6956077e-02  -5.8020465e-02  -2.4602456e-01  -1.2396402e-01  -1.0070727e-01  -1.4705728e-01   2.9349105e-02  -2.9765413e-01   3.1329530e-01  -4.2866245e-01  -3.7325401e-01  -1.8491735e-02   6.9400111e-02  -1.5613552e-01  -5.2171604e-03  -2.2989368e-01   2.3905961e-01   6.9120235e-02  -2.5990470e-01  -6.3696491e-02  -2.0740567e-01  -1.3255028e-01   5.1024864e-02  -4.1910855e-01   5.6951320e-01   5.4410307e-03   2.6269103e-02   7.0159510e-01  -1.1199738e-01  -3.4476882e-01   1.8915409e-01  -2.5435357e-01   4.3026529e-01  -3.3776714e-02   4.3103186e-01  -3.8881236e-02   1.6731167e-01  -2.8707435e-01  -2.1678226e-01   8.5864036e-02  -2.6362912e-02  -1.2043395e-01   7.3045163e-02   1.2113441e-01  -2.1405878e-01  -3.1851075e-01   1.6062329e-01   2.1843772e-01   1.7726535e-01   3.7938545e-01  -1.7168338e-01   6.6995506e-02  -3.7859993e-01  -9.1588548e-02   4.2907378e-01  -2.6017051e-01   2.4885572e-01   9.0564651e-02   1.8817479e-01  -2.1571311e-01  -3.0543633e-01   2.5976235e-01   1.7013493e-02   3.7665412e-02  -3.6326070e-01   5.7568193e-01  -1.3691836e-01   5.7862623e-01   4.1212083e-01  -5.8455957e-01   3.2113519e-01   7.6104802e-01   3.9296327e-02   9.4237728e-02  -6.2722184e-02  -1.2947254e-01   3.7168676e-01  -5.8144062e-01  -5.4605789e-03   2.6645640e-01   2.0953584e-01  -3.1824898e-01   1.0016772e-01  -2.9516543e-01   5.2060050e-01  -1.9172275e-01   5.8651942e-01   2.7596350e-01  -1.1954761e-01   6.7602399e-01   1.7842137e-01   4.3014466e-02  -3.5391156e-01   2.6910031e-01  -4.3187658e-01   1.2451887e-01  -5.6664933e-02  -1.7027842e-01  -1.9629143e-01   4.8219343e-02
  -8.9974056e-02   1.4336738e-01   3.8412293e-01   1.6199161e-01   1.4679999e-01   4.8441617e-01   4.3362436e-02  -1.5837557e-01   2.4983667e-01  -1.8914863e-01   1.0200157e-01   0.0000000e+00  -2.4431000e-01  -3.1398821e-01  -1.0180888e-01   3.3683558e-02   1.7812576e-01   4.6803714e-02  -7.9321694e-02   2.0308954e-01  -1.2391322e-01  -9.7547412e-02  -1.6693945e-01  -1.7533732e-02   1.1630664e-01   6.2001420e-02   3.7395207e-02   5.0260811e-02  -3.1374793e-03   9.4268694e-02  -3.1240816e-01  -2.3293053e-02   1.1210182e-01  -1.3056233e-01   4.3682675e-01   1.8819581e-01   7.6882172e-02  -6.6406747e-02  -2.2210425e-01   1.9182475e-01  -1.5678975e-01   3.2717668e-01   5.3832675e-01  -3.0399475e-01   2.9990855e-01   7.6577168e-02   7.7831629e-02  -3.8557289e-02  -2.6170609e-01   3.6368608e-02  -1.6313178e-02  -2.3212270e-01  -9.0940076e-03   3.0718993e-01  -5.7637249e-02  -8.0665403e-02   1.2004003e-01   4.7766492e-02  -1.2209871e-01   4.7173302e-01   8.7252387e-02  -5.0995299e-03   1.4883687e-01  -3.6689968e-01   1.1214753e-01   2.8147486e-01   1.8772926e-01  -4.1250608e-02   6.5685943e-03   2.8635404e-01  -4.3557487e-02   1.4875591e-01  -2.1313429e-01   3.0216725e-01  -8.7628610e-02  -8.2892936e-02   2.7944028e-02  -1.6140293e-01   2.4030966e-01   7.6552038e-02   1.5927733e-03   2.5080039e-02  -1.6804230e-01  -4.3955782e-02   1.2428252e-01   5.9249387e-02  -2.5569565e-01   5.1673975e-02   6.6742894e-02   1.4367151e-01   1.3653800e-01   3.0893331e-01   2.2171149e-01   3.4302216e-01  -5.1193856e-02   2.1990063e-01  -9.2659389e-03  -9.6411977e-02   1.3260457e-01   1.3643531e-01  -2.5402237e-01   4.1440563e-02  -9.6723483e-06  -2.4248337e-01   1.8653262e-01  -1.9161602e-01   2.4135373e-01   4.7925893e-02  -2.9118934e-01   2.5723118e-01  -9.9842698e-03   2.2293533e-01   9.4277191e-02  -6.2032504e-02  -7.3196174e-03   6.5672851e-02  -1.1574153e-01   3.0437467e-02   1.6233214e-01   2.5293412e-01   1.7087377e-02   9.4674686e-02   3.3796774e-01  -2.2397514e-02   1.4645692e-03   3.4609075e-01   1.5089921e-01   5.1265261e-02  -3.7527567e-03   5.4247875e-02  -3.1988064e-01   1.3697356e-01   2.3019733e-01  -1.9529863e-01   2.8488775e-01   3.3084953e-02   1.3593066e-01  -2.0031178e-01   6.5657273e-02  -1.1862352e-01   3.4854794e-02   2.5275959e-02  -7.0968436e-02   2.8035630e-01   7.5360885e-02  -2.1473556e-01   2.4209574e-01   2.3789445e-01   3.5019425e-01   1.9433242e-02   2.8951932e-01  -1.8078641e-01   1.5294310e-01   6.1565146e-02   2.4046230e-01  -2.3048554e-02   3.2679345e-02   2.0139818e-02   5.1606739e-02  -2.4026988e-02  -1.0149240e-01  -1.0781228e-02   6.4895624e-02   1.9444608e-01   1.0176606e-01  -7.7044496e-02   2.6577844e-01   1.1065412e-01   1.4052485e-01   7.5378275e-02   3.3377536e-01  -2.4849441e-01   3.3054179e-01   2.3300644e-01  -2.0332380e-01   1.9709061e-01   3.7911710e-02
   1.3836163e-01  -2.1225738e-01  -2.8264788e-01   5.9782580e-02   1.5379388e-01  -9.8266857e-02  -6.5387390e-02   2.4043331e-01  -9.9858402e-03   4.7493704e-02   6.9547269e-02  -2.4431000e-01   0.0000000e+00  -1.1857342e-01   5.3122598e-02   2.5894206e-01  -2.1706471e-01   2.6802742e-01   2.0114630e-01   2.0386193e-01   5.5865701e-02   9.1278973e-02   6.5905056e-02  -2.3487534e-01   7.7442135e-02   1.1583651e-01  -2.9348891e-02  -1.7626274e-01  -1.8719908e-02   2.0958500e-01  -1.2273314e-01   5.3999688e-02  -2.3328227e-02  -3.2277434e-02  -2.1168356e-01   1.0399638e-01   1.6311639e-02  -2.3084955e-01   3.4756236e-01  -2.1007597e-01   5.7902274e-01  -3.1306688e-01  -7.8025016e-02   7.0602305e-02   6.0917083e-02  -3.6154389e-02   7.9029886e-02  -1.4594613e-01   1.0145156e-02  -7.4554029e-02   2.9363446e-01   1.0806793e-01  -3.0167436e-01  -2.0279801e-01  -5.5900717e-02   9.9497577e-02   9.8969483e-02  -1.2810223e-02   3.9724712e-01  -5.5744735e-02   3.2561993e-02   1.7816578e-01  -9.1555848e-02  -4.1167453e-02   5.8556680e-02   2.3149679e-02  -6.1138003e-02  -1.9898526e-02   3.2128081e-02  -2.0394745e-01  -2.5941644e-01   1.6412587e-03   3.8203395e-01  -6.6561947e-02  -2.7286408e-03  -1.9062791e-01  -1.3036271e-01   5.1342675e-02   3.7940532e-02   2.4088775e-01  -1.7082401e-01   2.9486647e-01  -2.0900051e-01   2.1918127e-01  -2.6118809e-01   5.8299584e-02  -2.4147487e-01  -3.2487932e-01   1.3160520e-02  -1.3020977e-01   2.3404125e-02  -1.8923099e-01  -1.4580247e-01  -5.2106153e-02  -8.7570753e-02   1.4226973e-01  -6.5204994e-02   1.3119891e-01   7.5898650e-02  -8.5243495e-02  -1.6567071e-01   8.3808518e-02  -5.3844643e-02   2.0179017e-01   9.8372746e-02   1.3636457e-01  -2.4587222e-01   2.1748736e-01   2.5490160e-02  -6.9950838e-03  -8.2629494e-02   1.1441767e-01   7.1155712e-02   4.3317418e-02  -1.4501762e-01  -5.3828189e-02  -7.8627214e-02   2.3079145e-01  -1.4397243e-01   1.6388294e-01  -1.3168741e-01   8.7644405e-02  -2.2465415e-01  -1.6603868e-02  -2.2101929e-01  -1.7720595e-01   1.3416016e-02   1.5721897e-01   1.3474727e-01  -1.4743448e-01   6.0382475e-01   3.3765784e-02  -5.3990390e-02  -3.3285958e-02  -1.3961707e-01   3.9025103e-02  -5.4471417e-02  -1.4735994e-01  -4.9076168e-03  -3.4921285e-02   3.7396224e-02   3.4091383e-01   2.4290958e-01  -1.8700938e-01   2.1442127e-01   1.5049019e-01  -3.3413135e-01   3.7301026e-02   1.2762816e-01  -4.8520141e-02  -2.5058094e-01  -2.8029870e-02  -1.3045279e-01  -2.6011321e-02  -2.7465347e-01  -2.1047060e-01  -8.0732396e-02   4.3665582e-01  -1.6911028e-01  -1.1179713e-01   3.2872806e-02   1.6725265e-01  -1.0225773e-01   4.7278096e-02  -2.1077660e-02   7.9841161e-02   7.3048356e-02   1.9777131e-01  -2.1567836e-01  -1.5008056e-01   7.3591972e-02  -7.8819473e-03   2.7171199e-01  -1.0369130e-02   3.6308087e-02   9.1330735e-02   1.4466570e-01
   1.7484647e-01  -9.6073925e-02   1.0975269e-02   1.5823203e-01  -3.6990814e-01  -4.4036206e-02   1.1576301e-01  -9.4299250e-02   8.4399119e-02  -2.2474803e-01  -3.2958183e-01  -3.1398821e-01  -1.1857342e-01   0.0000000e+00   2.7448004e-01   1.1157487e-01   3.1080703e-02  -9.8442743e-02  -1.4947548e-01  -3.4092732e-01   1.8082940e-01   1.2152151e-01  -1.0630043e-01   7.8599219e-02  -9.4079743e-02  -1.1068939e-01  -2.8148654e-03   1.1124008e-01  -1.1358249e-01  -2.1975063e-02   5.7779263e-01   1.3134909e-01   3.6010577e-01  -1.4430606e-01   1.2297191e-01  -3.5833734e-01  -2.5599448e-02   3.0613338e-01   2.8839310e-01  -2.2241339e-02   8.9536834e-02   2.9612994e-01  -2.1058010e-01   1.9440661e-01  -4.2642424e-01  -3.9659708e-02  -1.7277591e-01   4.1041125e-01   4.5007961e-01  -7.2721297e-04  -5.1251622e-02   4.2404640e-02   2.0774798e-01   2.1881460e-01   6.3103898e-01  -2.9641638e-02   9.1867791e-02  -1.4113480e-01   7.3592331e-02  -2.7953354e-01   1.9153262e-01  -5.3353590e-03   1.4353268e-01   8.3960939e-02  -2.3527267e-01  -5.6431485e-01   1.5741141e-02   1.7599949e-01  -3.9393378e-02  -7.7013024e-02   1.4566458e-01   1.9277895e-02   1.8192503e-01   1.6355196e-01   3.7599983e-01  -1.4019643e-02   1.2348906e-01  -4.7461992e-02  -4.3781327e-01   2.6966487e-01   3.0810182e-01  -1.0865657e-02   3.6015221e-01   1.2534702e-01   4.4765025e-01  -1.4256593e-01   6.0717204e-01   4.6482627e-01  -2.9177003e-02  -4.8512199e-02  -2.6393633e-01   7.3466677e-02  -3.1140752e-01  -1.0515382e-01   2.4597450e-01  -3.9122770e-01   1.7313431e-01   1.4470063e-01   3.3370791e-02  -2.5960687e-01   4.7297460e-01  -2.2334954e-01   2.4108964e-01   1.4821866e-01  -1.7491657e-01   2.9362547e-01   4.3527362e-01  -1.4617063e-01   3.0417721e-01  -3.4128692e-01   1.0969990e-01  -2.5668197e-01   1.7582627e-01   9.2631121e-02   4.2541983e-01  -1.1856227e-01   3.7687325e-02  -3.8959812e-03   1.4000020e-01   9.5104748e-02   4.7496424e-02  -3.6230853e-01   6.5991423e-02  -4.2162585e-02   1.8010399e-01   4.0042464e-02  -9.2636485e-02   2.3764651e-01   4.5320391e-02   6.7110320e-02   6.1564195e-02  -4.3965426e-01   2.5898181e-01   1.1928612e-01   4.2646029e-02  -8.3000753e-02   3.0351761e-01   5.4019779e-01  -1.5061005e-01  -7.1519174e-02   1.3020701e-03   2.9370940e-01  -2.0154407e-01   9.8209191e-02  -1.8514978e-01   6.1632700e-02   1.3718108e-01  -4.1323528e-01  -6.1268169e-01  -1.3018063e-01   1.1121194e-01   3.8743592e-01   3.9134009e-01  -2.1546825e-01   5.8573699e-03   1.6322581e-02  -2.8142569e-02   3.0899407e-02   2.6147047e-01   1.9590144e-01   3.1840587e-01  -2.5058601e-01  -1.3923988e-01  -3.9768044e-02  -4.6430314e-02  -2.6858188e-01  -4.5390575e-01  -3.3263700e-02   1.8804867e-01   1.8076878e-02  -5.4641279e-01   1.7519460e-01  -7.0451418e-02   5.5326459e-02   1.6380295e-01  -2.2744063e-02   1.1335058e-01
