   0.0000000e+00  -2.1345884e-01  -1.3165116e-01   1.6166911e-01  -2.8253214e-01   3.2673694e-01   8.9789988e-02   1.9201327e-01  -3.5435809e-02   1.1035967e-03   9.0232096e-02  -1.6105644e-01   7.9026085e-02   4.1951642e-01   2.1740964e-01   3.7602823e-01  -1.5190554e-01   6.1513493e-03   1.3995863e-02  -2.4924958e-01  -3.8450545e-01   2.1339775e-01  -2.2655578e-01   6.3523240e-01  -8.8384132e-03   8.5948752e-02   7.9070198e-02   3.6892020e-01   1.6394877e-01  -6.1198700e-02  -8.3990362e-02   6.2245189e-02   1.3054347e-01  -2.1590484e-01   1.0427551e-01  -2.7857376e-01  -3.0554029e-02   4.5983640e-01   1.2651238e-01  -1.5913685e-01   1.9731212e-01   3.5656431e-01   7.5641666e-02   3.9936261e-03  -2.5306512e-02   4.9281086e-01   1.2345925e-01  -1.5184347e-01  -6.4469112e-02  -2.0093190e-01   7.2407692e-02   2.3593673e-01  -3.1130468e-01   1.4067118e-01   2.6489494e-01   1.2570110e-01   1.7301643e-01   1.4009387e-01   3.6410161e-01   4.2201701e-01   4.7146324e-02  -2.0208821e-01  -8.3197040e-04  -3.4691361e-02  -8.7222866e-02  -2.9944707e-01   1.9522577e-01  -7.8010987e-02   2.5237459e-01   3.3940218e-01  -4.3359128e-01   7.4597917e-02   1.9018391e-01   3.6647048e-01   3.6833994e-02   7.1083449e-02   2.6724708e-01   2.4693660e-01  -2.7168551e-01   7.9267702e-02   3.3569119e-01   1.7702679e-01  -4.7020404e-01   8.0734544e-02   5.0514991e-01   4.0740512e-01   1.0134022e-01   4.2278641e-01  -6.0802113e-02   7.7918086e-01  -2.0334490e-01  -5.2333320e-02  -3.5937188e-01   1.0737474e-01   4.8062152e-01  -2.2731065e-01   1.3928806e-01   1.5055995e-02  -2.0039104e-01   8.5113057e-04   4.8065059e-01   1.8470035e-01   1.5050335e-01   2.8957131e-01   2.0077680e-01  -1.9593604e-01   1.9115672e-02   8.1221754e-02   1.5883596e-02   1.1623697e-02  -2.6690498e-01   2.8018047e-01   8.9728974e-02   8.8220707e-01   5.1469070e-01  -2.8919441e-01   5.1165234e-02   3.0913584e-02   3.9590963e-01   3.6549857e-01   5.4479150e-01  -2.0165715e-01   4.1780213e-02  -2.4541258e-01   8.4485007e-01   4.2792026e-01   1.7684051e-01  -7.7015120e-02  -1.0722256e-01  -1.1744213e-01   2.2175075e-01  -3.3426762e-01   7.5251426e-02  -1.9783452e-01   2.6936822e-01   1.7506893e-01   1.7598511e-01  -1.8151762e-02   2.8582231e-01   4.9670663e-01   4.8320817e-01  -2.2762349e-01   3.4363374e-01   3.2197268e-03  -1.8347541e-01  -6.1773881e-02  -2.4663185e-01  -2.7749123e-01  -5.9964079e-02  -2.7627658e-01   3.9251318e-01   1.5821642e-01   5.9181285e-01  -1.9325660e-01  -1.7109837e-01   5.7896962e-01   2.8994489e-01   2.8954705e-01  -8.5450460e-02   2.8255567e-01  -2.0625355e-01   1.8657204e-01  -3.5388124e-01   1.6120644e-01   2.1559795e-01  -1.9720888e-01  -7.3616599e-02   3.4543695e-01   6.3295483e-01  -3.2940742e-01  -2.1422269e-01   4.1755465e-02   5.3582342e-02   1.6593289e-01  -8.2077044e-02   2.0315937e-02   2.3845937e-01
  -2.1345884e-01   0.0000000e+00   2.0284978e-01  -4.7332701e-01   6.6412811e-01   7.6308163e-02  -4.3073893e-01  -2.1923997e-01   2.6792897e-01  -3.1461741e-01  -4.6333450e-01   4.2244825e-01  -1.9748843e-01  -2.9585799e-01  -3.6766072e-01  -1.8920729e-01   3.1125741e-01  -4.2270078e-01   2.8169389e-01   4.3028441e-01  -8.4528619e-02  -5.6744630e-01  -2.0755503e-01   8.3107964e-03  -6.5918702e-02   1.8413287e-02   1.5584120e-01  -3.9741385e-01   1.6070003e-01   4.4388531e-01  -1.4058589e-01  -1.9168176e-01  -2.5963332e-02   1.3387305e-02  -1.7166986e-01   8.0596595e-02  -4.2371696e-01  -2.4400755e-01   1.2931464e-01   5.6299748e-01  -2.7739361e-01  -6.4636475e-02   3.6810465e-01  -4.2395353e-01   7.9138348e-05  -1.4135772e-01  -4.6130614e-01   3.9039469e-01   1.8515967e-01   4.7133703e-01  -5.0686945e-01  -9.3770810e-02   8.0472191e-01   1.1761708e-01  -2.8196677e-01  -5.3349778e-01   1.2920924e-01  -3.2139040e-01  -3.5205972e-01  -4.0076668e-01  -1.8312773e-03   1.4647829e-01   4.9256766e-01   3.8229821e-01   4.3415291e-01   2.7785734e-01   6.7810705e-02   5.2949017e-01  -4.3775829e-01  -3.8437808e-01   7.7545292e-01  -3.0229997e-01   5.9150245e-02   1.1463550e-01  -4.2370569e-02  -2.2465138e-01  -1.4506445e-01  -3.0973528e-01   7.1533730e-01  -3.5279370e-02  -4.2575524e-01  -2.5286523e-01   6.0497506e-01  -1.4364320e-01  -3.2636279e-02  -4.6301861e-01  -2.4616214e-01  -2.1945074e-01   5.5073961e-01  -1.7689174e-01   7.3016591e-01   1.3431836e-01  -2.0562420e-02  -6.1085967e-02  -2.6717037e-01   6.1472153e-01  -1.6504917e-01   5.0243964e-02   6.2403447e-01  -2.4186884e-01  -3.3870871e-01  -3.8261686e-01  -4.9352387e-01   3.4699170e-01  -4.4455679e-01  -2.1169587e-01   1.6447098e-01  -1.8408910e-01  -4.1143121e-01  -2.3458448e-01   3.3636020e-01  -5.0545107e-01  -1.9342421e-01  -2.8662777e-01  -4.3521674e-01   7.9113726e-01  -1.2810667e-01  -1.7730988e-01  -3.9307587e-01  -2.8662301e-01  -9.4375894e-02   6.1994388e-01   3.4861163e-01   3.4119337e-01  -1.9098704e-01  -1.6506376e-01  -6.4526952e-01   2.4701350e-01  -3.7019592e-01   3.3372838e-01  -2.2350664e-01   4.2211166e-01   2.5386180e-01  -2.4430995e-01   6.0400981e-02  -2.8524549e-01  -1.1183496e-01  -1.0421592e-01  -2.7461968e-01  -2.4060688e-01   2.8219117e-02  -9.1545031e-03  -4.7104247e-01  -3.6809491e-01  -3.1967768e-01   3.6078154e-02   3.4083679e-02   6.9554872e-01  -3.5693772e-01   4.5504230e-01  -3.1556135e-01  -4.9808318e-01  -5.5517486e-02   6.4364014e-01   4.4532794e-01  -4.7528404e-02  -1.6369040e-01  -3.4137672e-01   2.1706588e-01  -3.7459377e-01   3.1231153e-01  -4.5787040e-01   5.6336300e-01  -4.7001913e-01  -8.5620282e-02   6.5637737e-01   8.9461268e-02  -3.8915535e-01  -2.5108919e-01   5.8994479e-01   6.3897531e-01  -3.0246249e-01   7.4861823e-02  -3.8520878e-01   8.1958045e-02   1.0474502e-01  -2.0128553e-01
  -1.3165116e-01   2.0284978e-01   0.0000000e+00  -3.0172715e-01   2.5229604e-01   3.7859783e-01  -2.2665784e-01   1.5987695e-01   1.8252303e-02  -4.2886824e-02  -3.4691055e-01   3.3256880e-01   5.1881992e-02  -1.3902084e-01  -1.6749256e-01   1.4804015e-01   8.7996955e-01  -3.2106959e-01   5.8577749e-02   1.9484952e-01   3.5293151e-02  -2.0163543e-01  -8.4640344e-02  -1.2226780e-01   2.1583365e-01   1.3199611e-01   8.8388607e-02  -1.3388888e-01   1.8848239e-02  -2.6568262e-01  -2.5645825e-01  -2.7970343e-01   2.2919455e-01   1.1671906e-01  -6.9159144e-02  -2.0080895e-01  -3.8780152e-01  -7.6218098e-02   1.6188627e-01   6.9304991e-01  -9.2408002e-02   2.9423789e-01   3.3867088e-01   1.0924259e-01  -3.0270435e-01  -2.8554625e-02  -2.8367801e-01  -1.8702676e-01  -1.4828894e-01   7.0554073e-01  -3.4305837e-01  -1.4693291e-01   7.2284786e-02   4.2645031e-01  -7.2837697e-02  -9.9972574e-02  -5.2430553e-02  -2.5457669e-01  -2.2216730e-01  -3.3096867e-01   6.0988370e-01  -5.8651557e-02   1.4937250e-01  -2.3053892e-01  -5.0917790e-01   3.0263945e-01   4.3568029e-01   3.1263066e-02  -3.2174291e-01   5.0454904e-01   4.3446669e-01  -2.8017563e-01  -7.4951764e-02   3.1370070e-01   2.5958404e-01  -1.4575737e-01   2.9868524e-01  -6.6721191e-02  -5.7573296e-02  -5.4828717e-02  -2.0964345e-01   5.4160181e-03   4.6219236e-01  -2.6181149e-02   4.1315239e-01  -2.4396676e-01  -2.6045776e-01   2.5465312e-02   5.0463707e-02  -1.2656812e-01   2.0417528e-01   7.5906346e-01   3.8593615e-01  -1.2808160e-01  -1.4384991e-01   3.7773442e-01  -2.8195505e-01  -1.3207501e-01  -9.1642425e-02  -3.3852046e-01   1.3680023e-01   2.0248418e-02  -3.6413161e-01  -1.7637981e-01  -4.0590850e-01  -8.7723850e-02   5.3798385e-01  -2.6381117e-01  -2.7948205e-01   1.1109623e-01   6.2087365e-01  -4.4867947e-01  -1.3560496e-01  -2.0064974e-01   9.9749512e-02   3.3766030e-02  -1.3725448e-01  -6.3053632e-02   3.0804422e-01  -2.9653340e-01  -3.6379488e-01   2.8722118e-01   4.3062407e-01  -2.7097250e-01  -1.3014129e-01  -7.6749066e-03  -2.4581764e-01   3.4940155e-01  -2.0087312e-01   8.2355988e-01  -1.3979954e-01  -2.8514917e-01   4.9716312e-01  -1.0568158e-01   2.6432460e-01  -2.6072971e-02  -1.1885469e-02   3.0073886e-01  -5.6670769e-02  -3.7359606e-02  -1.8085200e-01   1.8577648e-01  -3.1690460e-01   5.1308089e-01  -9.2177192e-02  -5.7818234e-01   3.8177292e-01   1.3255359e-01  -1.3889803e-01  -4.2622038e-01   3.9338556e-01  -3.1048941e-01   1.2228078e-01  -5.2243327e-02   8.1052531e-01  -1.8281501e-01  -3.0065162e-01  -1.3844461e-01   5.8122567e-01  -3.4045998e-01   1.0394757e-01  -2.1914611e-01   3.4277756e-01  -5.5314371e-01  -1.1003148e-01   2.8455685e-02  -1.4060140e-01  -3.8382738e-02  -8.2849695e-02   3.8770727e-01  -2.6369706e-02  -1.2979137e-01  -5.3188249e-01   3.8654865e-01   3.0194222e-01   2.6003534e-01  -6.9594435e-02
   1.6166911e-01  -4.7332701e-01  -3.0172715e-01   0.0000000e+00  -3.0546542e-01   7.5900282e-02   4.2598442e-01   1.6262895e-01   1.9111698e-01   2.6103087e-01   2.7547129e-01  -2.2803082e-01   3.7553892e-01   1.9874285e-01   2.8632556e-01   1.2519378e-02  -3.4837073e-01   3.6256940e-01  -7.3076888e-02  -9.8598162e-03  -8.3079058e-02   5.2587860e-01   1.8840050e-01  -9.0270664e-03   4.8166561e-02   1.9773276e-01   4.2674768e-02   3.4145698e-01  -1.4038463e-01  -1.4815737e-01   9.9958347e-02   3.3899109e-01  -9.0356535e-02   1.2770307e-02   1.4261968e-01   6.5281115e-03   3.3364254e-01   1.6781127e-01  -1.3351243e-01  -3.1312063e-01   3.5605090e-01  -1.2246893e-01  -5.1226912e-03   1.3286277e-01   1.0214594e-01   1.8110933e-01   3.8522877e-01  -9.1039323e-02   4.9891753e-02  -4.4408085e-01   4.0809089e-01   2.6102958e-01  -4.4229687e-01  -7.9859331e-02   2.5669351e-01   2.3323846e-01   4.9186567e-02   5.1554324e-01   4.7615648e-01   3.7875789e-01  -1.5845236e-01  -6.2767109e-02  -8.8669200e-02  -1.1131427e-01  -6.8445204e-02  -1.3092910e-01   1.4156628e-02  -2.9073921e-01   4.9214811e-01   1.3199039e-02  -4.9800291e-01   4.3965021e-01   5.2612278e-02   3.9765685e-02  -1.3668131e-01   1.9895093e-01   5.1256772e-02   2.9210331e-01  -3.0480045e-01   2.4016819e-01   4.0453096e-01   1.4662780e-01  -4.2822096e-01   2.6459222e-01   4.9173063e-03   3.8755274e-01   2.0511035e-01   2.5904619e-01  -2.3533729e-01   1.2148831e-01  -3.9998981e-01  -3.4371512e-01  -6.7447871e-02   1.5282199e-01   1.6716125e-01  -3.7158148e-01   3.8663039e-01   1.2761668e-01  -2.6489066e-01   3.0118490e-01   1.8107224e-01   2.9188986e-01   4.7694986e-01  -1.7296681e-01   5.1097089e-01   3.5603765e-01  -2.6276278e-01   3.6431754e-01   2.7505286e-01   2.3044737e-02  -2.8907242e-01   5.9698035e-01   4.0870104e-01   1.6212066e-01   2.0141736e-01  -3.4585249e-01   9.2644817e-02   3.3074117e-01   7.0214725e-02   4.9278752e-01   1.8196031e-01  -3.4831034e-01  -1.3216347e-01  -9.8693598e-02   1.6926608e-01   1.7521216e-01   4.5977324e-01  -1.7788147e-01   5.4649804e-01  -4.3843277e-01   3.0205044e-02  -1.5749084e-01  -2.0825937e-01  -3.9851235e-02   1.0912237e-01   3.4262460e-01   2.4989784e-01   6.3825836e-02   2.6637735e-01   1.1598307e-01  -5.1026145e-02  -3.5765601e-02   4.7413195e-01  -8.7829675e-02   2.5127417e-01   8.3289197e-02  -1.3236448e-01  -4.3103877e-01   8.3440924e-02  -9.4870918e-02   5.6560190e-02   4.3792938e-01  -4.3586478e-02  -2.9643835e-01  -4.5217382e-01   9.5485445e-02   1.9627347e-01   4.6522708e-01  -3.2480655e-01   3.9304093e-01  -3.5659978e-01   2.2595699e-01  -4.2686526e-01   4.9730474e-01   3.4526233e-01  -1.7282778e-01   9.3912395e-02   2.5919631e-01   2.3334752e-01  -3.7108026e-01  -3.0417917e-01   1.0800972e-01   1.0068296e-01   9.6045924e-02  -2.6648676e-01   2.3147695e-02   3.8722243e-01
  -2.8253214e-01   6.6412811e-01   2.5229604e-01  -3.0546542e-01   0.0000000e+00   1.4143762e-01  -5.9247120e-01  -1.0461364e-01   3.1632093e-01  -2.4213572e-01  -2.7980818e-01   3.4322483e-01   9.6204668e-02  -5.0881508e-01  -3.0473700e-01   3.4302106e-02   4.3896689e-01  -2.1311658e-01   2.6125653e-01   7.2080767e-01  -1.1295175e-01  -4.2485086e-01  -4.4566324e-01  -8.5921662e-02   5.7591102e-02   2.4111106e-01   2.3472862e-01  -3.1898147e-01   4.6082973e-02   6.4683526e-02  -3.4651363e-01  -2.6411657e-01   1.9954155e-02  -2.3022203e-01  -2.0552515e-01   2.0747645e-01  -3.3051974e-01  -1.2226414e-01   2.5699687e-01   6.7015181e-01  -9.9037591e-02   2.2432003e-02   4.5537812e-01  -4.5877532e-01   1.3114683e-01  -9.3460749e-02  -1.8586728e-01  -9.5310724e-02   2.0819770e-01   5.4659378e-01  -3.4571375e-01   4.4830410e-02   5.1296839e-01   2.6525735e-01  -3.7856161e-01  -4.8984765e-01   1.1199664e-01  -2.9539250e-01  -2.2334727e-01  -3.3668062e-01   2.4873722e-01   2.4880853e-01   4.4774803e-01   7.5622620e-02   2.8827781e-01   1.6762736e-01   3.3627476e-01   4.4244177e-01  -2.1875766e-01  -4.6681160e-01   4.7301337e-01  -2.1315510e-01   1.7666219e-01  -6.7497600e-04   2.0156363e-02  -1.4909394e-01   1.2636291e-01  -1.9673214e-01   7.5990278e-01   2.1955299e-01  -4.2093083e-01  -2.1237194e-01   4.6231326e-01   7.0457221e-02  -5.8996807e-02  -3.5964886e-01  -3.7849306e-01  -1.6045860e-01   4.3603463e-01  -2.4245778e-01   8.7626487e-01   3.5958826e-01   5.0565267e-02  -1.2732831e-01  -2.0991171e-01   8.8303662e-01   6.9221077e-02   4.6148116e-02   6.0968629e-01  -4.3163134e-01  -3.2482678e-01  -5.5158835e-01  -4.9211735e-01   4.8924254e-03  -3.5243253e-01  -1.6934092e-01   2.6369335e-01   9.8147781e-02  -4.2375298e-01   8.8635395e-02   2.0754224e-01  -4.0003689e-01  -7.0952878e-02  -3.5219149e-01  -3.4340243e-01   8.0528410e-01  -1.4082718e-01  -9.6710982e-02  -3.1211550e-01  -1.7771824e-01  -2.4178279e-01   8.3857698e-01   3.7338617e-01   1.1648739e-01  -2.7981910e-01  -2.9240106e-01  -4.8323449e-01   5.0975150e-01  -2.5359695e-01   1.8932198e-01  -1.0715409e-01   2.5342019e-01   4.1129987e-01  -2.7013535e-01   1.4358218e-01  -3.3821977e-01   1.1258852e-01  -2.9132791e-01  -1.9513526e-01  -1.9431825e-01  -1.7127847e-01   2.0614848e-01  -2.9322536e-01  -3.1797679e-01  -4.2854304e-01  -1.5707408e-01  -2.3062888e-01   7.4256403e-01  -3.9718498e-01   2.4680764e-01  -3.3125089e-01  -5.4114635e-01  -7.8660873e-02   5.6853273e-01   5.5406030e-01  -2.8490618e-02  -1.4952654e-01  -2.3146800e-01   4.5400387e-01  -3.3884739e-01   3.1229157e-01  -2.6379591e-01   6.2196541e-01  -3.6618971e-01   5.4173280e-03   6.7392304e-01  -3.2454362e-02  -2.6871469e-01  -2.9822251e-01   7.5867393e-01   5.9821970e-01  -1.7127921e-01   2.1071371e-01  -2.3202290e-01   1.0844678e-02   2.3364432e-01  -1.1567374e-01
   3.2673694e-01   7.6308163e-02   3.7859783e-01   7.5900282e-02   1.4143762e-01   0.0000000e+00  -2.7171792e-03   4.4399196e-01   2.4025548e-01   4.2855127e-02   6.0052441e-02   1.6068976e-01   2.2660753e-01   2.2080381e-02   1.1394739e-01   2.9227493e-01   3.9409227e-01   8.4415874e-02   8.0741627e-02  -1.5069578e-02  -1.1581219e-01   8.3492146e-02  -1.5000431e-01   1.8590227e-01   1.8837634e-01   3.5372899e-01   3.6702500e-01   1.5461045e-01   1.3568852e-01  -3.8610522e-02  -3.3658653e-02   1.4013032e-02   2.6609211e-01  -4.9466970e-02   2.4993874e-02  -1.8091902e-01  -7.1681594e-02   3.5272605e-01   2.5171668e-01   4.4485923e-01   2.3164280e-01   3.8086165e-01   3.0061784e-01   6.2499733e-02  -1.3965940e-01   3.2489975e-01   1.8564738e-01  -2.2347531e-02   1.4944915e-01   1.6518786e-01   7.6582545e-02   4.1723469e-01  -5.5661119e-02   4.3256798e-01   9.2975957e-02   9.5005153e-02   1.4602795e-01   3.4594327e-02   3.1175710e-01   1.3927155e-01   4.1198782e-01  -5.2207482e-02   2.5062514e-01  -7.1620047e-03  -1.6372127e-01  -4.9804475e-02   5.8934181e-01  -4.9813513e-02   3.2306568e-01   2.9246749e-01   1.2932609e-01   1.7873269e-01   2.1755730e-01   4.2195140e-01   1.1577912e-01   1.5968559e-02   4.0230601e-01   1.9307469e-01  -1.4351629e-01   1.8928768e-01   1.2035715e-01   1.9995017e-01   4.6920734e-02   2.3491611e-01   5.6226970e-01   1.1318482e-01   1.3716006e-02   1.8763449e-01   7.9615181e-02   2.5323780e-01   4.7591150e-02   2.3644838e-01  -7.0044918e-02   1.1874863e-02   2.0922160e-01   9.4771913e-02   1.1115987e-01   6.5920479e-02   3.9640684e-02  -1.1306259e-01   2.2282161e-01   1.4570654e-01  -5.5263155e-03   1.7821583e-01   8.6928956e-02   5.8434146e-02   2.9002453e-01   3.4064330e-01  -1.7537514e-01   2.3045589e-01   1.5977345e-01   1.4496169e-01   1.7005879e-01   1.7392168e-01   1.6568766e-01  -2.7633261e-02   1.4524913e-01   1.8381726e-01   2.3673458e-01   2.4079069e-01   8.4145071e-02   5.7304350e-02   3.7555755e-01  -1.6016445e-01   2.9021770e-01   2.1288819e-01  -3.4792045e-02   1.7951902e-01  -6.4562319e-02   3.1689940e-01  -5.1878227e-02  -1.7623008e-01   3.9528554e-01  -1.2447504e-01   2.9038344e-01   1.0122711e-01   2.0472806e-01   2.0400340e-01   1.9453300e-01   3.0584861e-01  -3.0566667e-02  -1.1615304e-01   1.4357921e-01   2.1590130e-01  -4.6791607e-02  -2.6192700e-01  -2.1391645e-02  -2.2512408e-02  -1.2574868e-01  -1.3584541e-01   2.9251158e-01   3.6552875e-02   2.6828325e-01  -1.1559151e-01   3.3438128e-01   2.2630511e-01  -4.3246110e-02   3.0053851e-01   2.4756057e-01   5.8676201e-02  -9.9695343e-02   7.3229773e-02   3.5419499e-02   4.1757583e-02   3.8186750e-01  -6.0013431e-02   1.0462034e-02   1.4528312e-01   2.6930688e-01   9.1613901e-02  -9.0606140e-02  -1.8467019e-01  -1.2636061e-01   3.7093565e-01  -4.9944130e-02   2.2119968e-01   3.3071919e-01
   8.9789988e-02  -4.3073893e-01  -2.2665784e-01   4.2598442e-01  -5.9247120e-01  -2.7171792e-03   0.0000000e+00   6.2424775e-03  -1.0809158e-01   4.9679962e-01   4.0779550e-01   5.5296337e-02  -2.1989615e-02   2.5196175e-01   3.9804493e-01   6.0443604e-02  -4.3369922e-01   4.6968350e-01  -3.0369184e-01  -2.3793336e-01   1.3756781e-01   4.1046771e-01   5.3076367e-01  -1.1048367e-01  -1.5961935e-01  -5.6549169e-02   7.4505519e-03   6.1389368e-02  -9.3806061e-02   3.0825368e-01   2.5816347e-01   2.1370626e-01  -2.4377126e-01   6.1721133e-01   2.1149893e-01   1.0872093e-01   3.5929439e-01   5.3707854e-03  -1.4158789e-01  -4.7517433e-01   1.0984179e-01  -1.0903882e-01  -1.7181520e-01   1.7168256e-01   2.3050250e-01   1.8588082e-02   4.0938111e-01   4.0433228e-01  -2.9247919e-01  -6.6758454e-01   5.0316017e-01  -4.5121288e-02  -2.0662754e-01  -2.7557634e-01   2.5005202e-01   3.4659848e-01  -3.0212033e-01   2.6262963e-01   2.6954191e-01   4.1016296e-01  -3.3830917e-01  -9.2588162e-02  -2.1467203e-01   6.2369766e-02  -4.5768628e-02   8.8998284e-02  -2.6588845e-01  -4.0747429e-01   3.1782411e-01   3.5689467e-01  -3.6789978e-01   4.7149638e-01  -7.7860709e-02   1.1192563e-01  -3.2530244e-01   1.4685484e-01  -2.5065712e-01   3.1516613e-03  -4.0717162e-01  -2.1089970e-01   2.9453328e-01   2.5509676e-01  -4.0754170e-01  -1.2935177e-02  -1.4988867e-02   1.1283209e-01   3.5199647e-01  -1.1414239e-01  -2.0318831e-01   7.4152107e-02  -6.8840456e-01  -4.5824748e-01   1.2243291e-03   1.1282090e-01   1.0746059e-01  -7.2981858e-01   1.8643804e-01  -1.9238075e-01  -2.6277465e-01   6.3196580e-01   9.2896932e-02   6.7713436e-01   3.5566286e-01   3.6224846e-02   4.6269456e-01   1.2532451e-01  -3.5760994e-01  -5.8373451e-02   5.2125844e-01  -8.7276732e-02  -1.4302331e-01   4.0109102e-01   2.2562350e-01   1.1763556e-01   1.1257831e-01  -6.4279849e-01  -8.8577387e-02   1.8947740e-01   3.9256909e-02   2.8999967e-01   7.2392743e-02  -5.2035042e-01  -2.4507556e-01  -5.4747869e-02   9.2771259e-02   2.2017207e-01   4.7347023e-01  -4.3398266e-01   2.8366740e-01  -1.0170348e-01   1.1318479e-02   2.2343531e-01  -3.9084659e-01   3.1919531e-01  -2.4565747e-01   2.4880575e-01  -1.3725880e-01   3.1498768e-01   1.4917078e-01   1.0916744e-01  -3.6562413e-02  -1.1375640e-01   3.4846269e-01   2.3313463e-01   4.7273283e-01   2.6605307e-01   3.9896706e-01  -5.1801449e-01   4.4064041e-01  -6.9683351e-02   1.3564194e-01   4.1402676e-01  -1.1991918e-01  -4.0234933e-01  -4.9624321e-01  -2.4493461e-02   1.1743613e-02   1.8552272e-01  -5.3756515e-01   2.3299357e-01  -2.1056042e-01   1.2583978e-01  -5.2018175e-01   5.5404914e-01   7.0802370e-02  -3.9013054e-01   4.1427217e-01  -3.8056308e-02   1.6584708e-01  -7.5362390e-01  -2.9863627e-01  -2.8876885e-02   3.9468077e-02   1.0148383e-01  -1.3038341e-01  -2.5116294e-01   1.0432306e-01
   1.9201327e-01  -2.1923997e-01   1.5987695e-01   1.6262895e-01  -1.0461364e-01   4.4399196e-01   6.2424775e-03   0.0000000e+00  -1.0169263e-03   8.2553148e-02   9.2536150e-02  -6.5439995e-02   1.4277233e-01   6.2191533e-02   6.0897921e-02   1.9109726e-01   1.1917213e-01   6.5639368e-03  -6.3531949e-02  -2.3479839e-01  -1.8477387e-01   2.8704463e-01  -6.7871350e-02   8.4774841e-02   7.2579625e-02   3.5405056e-01   2.4903488e-01   1.2513215e-01   1.0659854e-01  -3.1663304e-01  -2.9405937e-02   1.5666709e-01   2.5507995e-01  -4.5064715e-02   6.2310704e-02  -1.4277165e-01   3.7408663e-02   3.0539372e-01   1.5197090e-02   8.2063242e-02   2.3707545e-01   3.4602957e-01   2.0199056e-03   2.7863101e-01  -2.6101932e-01   2.2979442e-01   1.2143197e-01  -2.7190260e-01   1.8584476e-01   6.1738476e-02   9.0284346e-02   5.1476458e-01  -2.4507230e-01   2.4653848e-01   9.7200309e-02   3.0642934e-01  -1.3541178e-02   2.9716636e-01   2.8702853e-01   2.0670874e-01   2.4721751e-01  -4.6854550e-02  -3.3153578e-02  -4.2263046e-01  -2.6686006e-01  -1.0262944e-01   2.4864236e-01  -1.4393885e-01   2.9993964e-01   2.0700010e-01  -2.0386849e-02   9.8018374e-02   1.6717163e-01   2.3692461e-01   8.0125815e-02   2.8965120e-01   2.7023846e-01   2.4642226e-01  -2.1672445e-01   8.5262023e-02   1.6403297e-01   4.1024223e-01  -6.2338481e-02   3.1513924e-01   2.4381257e-01   4.2330477e-01   4.0350241e-02   2.1977628e-01  -1.3771861e-01   1.4189257e-01  -8.5592556e-02   1.7543885e-01   6.7841505e-02   6.3832713e-02   2.0911521e-01  -6.2113721e-02   1.0503748e-01   1.8486294e-01  -1.5460812e-01  -6.6059986e-03   1.1118611e-01   3.2131231e-01   1.5883623e-01  -3.7620435e-02   2.0058324e-01   2.4344867e-01   1.4594352e-01   3.7797827e-01   1.7580758e-01   8.1769425e-02   1.0800026e-01   2.6275810e-01  -5.1200574e-02   2.1760502e-01   1.6627763e-01  -1.8183853e-01   1.1006899e-01   2.9296145e-01   1.8524605e-01   2.7360572e-01   2.9702205e-02  -1.2720356e-01   5.7335055e-02  -2.3336484e-01   1.3361811e-01   2.1206354e-01   7.0419120e-02   1.2618579e-02   2.0051521e-01  -3.2881501e-02   1.5372988e-02  -2.3692800e-01   2.5259539e-01  -1.2153996e-01   1.5446533e-01   4.7814735e-01   1.9958034e-01   2.0252874e-01   5.4796400e-01   2.6100647e-01  -5.8894749e-03  -1.7282886e-01   2.5813024e-01   1.5141108e-01   4.5871139e-02  -2.7004275e-01  -9.0440085e-02  -1.2871083e-01   4.0454300e-02  -1.8834964e-01   2.7910864e-01   1.7373088e-01   1.0347910e-01  -1.6924597e-01   1.2697535e-01   1.4763785e-01  -5.1293714e-02   3.0733184e-01   1.1225436e-01   1.7175350e-01  -5.7419873e-02   1.8716917e-01  -1.3894416e-01   4.4736093e-02   3.0363000e-01  -2.3515816e-01   2.6083395e-02   1.5348739e-01   1.5603396e-01  -6.3804547e-03  -1.6007544e-01  -1.5149327e-01  -2.4494708e-01   2.9775284e-01   1.9933429e-02   8.7889076e-02   3.7721332e-01
  -3.5435809e-02   2.6792897e-01   1.8252303e-02   1.9111698e-01   3.1632093e-01   2.4025548e-01  -1.0809158e-01  -1.0169263e-03   0.0000000e+00  -2.1243521e-01  -1.1600215e-01   2.1976805e-01   1.0455102e-01  -1.6061214e-01   8.0115735e-02  -8.3337579e-02   7.8058116e-02  -1.4731247e-01   1.1707065e-01   1.6598552e-01  -1.5659499e-01   1.2765506e-01  -2.2444109e-02   1.2893559e-01   1.1065369e-01   6.4756531e-02   1.9004690e-01  -1.3730294e-01   1.6727678e-01   1.4324974e-01  -2.3430911e-01   7.4723627e-02  -6.2480805e-02  -2.0152258e-01   2.1630863e-01   3.1245873e-02  -2.2952367e-01   1.3865610e-02   3.5027936e-02   3.0377281e-01   1.5295632e-01  -1.0305799e-01   5.2259061e-01  -4.0020761e-01   8.8191768e-04  -8.9391898e-02  -2.2139776e-02   3.1252984e-02  -1.1396622e-01   5.0963948e-02  -5.4496732e-02   1.7118042e-02   8.1422834e-02   2.3294332e-02  -1.7733418e-01  -3.8288875e-01   2.2011358e-01   9.2935668e-02   1.1911904e-02   1.1069589e-01  -1.8426399e-02  -1.2540469e-01   5.2574363e-01   2.0904338e-01   7.2946402e-02   7.0566276e-02   3.3186916e-01   2.3420622e-01  -3.3976718e-02  -1.8949861e-01   6.9315143e-02  -9.2848619e-02   2.0869195e-01  -3.1621715e-02  -5.2613545e-02   6.2690259e-02   3.0548031e-02  -1.5464472e-01   3.2296052e-01   8.9903623e-02  -1.8648990e-01  -1.5119421e-01   7.0332404e-02   9.2673261e-02   7.8837095e-03  -3.4054831e-02   1.5265648e-01   6.4209207e-02   3.8174959e-01  -9.5688698e-02   2.8862650e-01  -9.9378044e-02  -1.6646231e-01   2.3534386e-01  -1.1514434e-01   2.2630390e-01   4.7679581e-02   1.2705746e-01   1.6874535e-01  -2.3477302e-01  -3.0797753e-02  -2.9515806e-01  -2.2741333e-01   1.6342113e-01  -3.2841230e-02   2.7943713e-01  -1.6641486e-01   1.3518232e-01  -3.2202273e-01  -6.6473601e-02  -1.5599964e-02  -6.2266616e-02   1.0895789e-01  -1.6863361e-01  -8.3653624e-02   3.1200602e-01   6.5228863e-03   6.1312184e-02  -1.8156525e-01   1.7014354e-02  -5.0872174e-02   3.3595471e-01   1.6964792e-01  -6.9376466e-02  -5.8679056e-02   8.6081788e-02  -1.1807087e-01   5.5029418e-02   1.9644219e-01   1.1136890e-01  -3.8612835e-02   4.4298767e-02   9.0974201e-02  -1.8976631e-01   3.1897327e-01   1.9127824e-02   7.7981212e-02  -1.5108490e-01   5.2568187e-04  -2.9630651e-02  -1.7718451e-01   8.4956203e-02  -6.1477614e-02  -2.2875278e-01  -3.1228156e-02  -3.3814848e-03  -1.4202949e-01   2.6062777e-01  -2.1916019e-01   4.2290243e-02  -2.0333154e-01  -2.0508094e-01  -2.1276546e-01   2.0195712e-01   1.8935562e-01   3.4670873e-02   7.9352643e-03   3.7421224e-02   2.8562730e-02  -2.0761952e-01  -6.6886073e-02  -5.6047717e-02   1.1964886e-01  -1.0311861e-01   2.3947565e-01   3.7689708e-01   1.3366090e-01  -9.9904742e-02  -1.1023760e-01   1.1102353e-01   4.0607925e-01   3.0985929e-02   7.1392113e-02   1.2489588e-02  -2.5379278e-01   1.3378781e-01   3.2944244e-01
   1.1035967e-03  -3.1461741e-01  -4.2886824e-02   2.6103087e-01  -2.4213572e-01   4.2855127e-02   4.9679962e-01   8.2553148e-02  -2.1243521e-01   0.0000000e+00   5.0218716e-01   2.1305342e-02   1.8763300e-01  -1.4503756e-01  -3.8516179e-02   1.4406126e-01  -7.1524177e-02   5.4079197e-01  -2.0285816e-01  -5.6061758e-03   4.3585451e-01   2.0422516e-01   2.3099442e-01  -2.7640473e-01  -1.4000977e-01   1.1499796e-01   2.6695668e-01  -2.8244621e-02  -1.0805684e-01  -5.5046696e-02  -3.2502758e-02   2.1723573e-01  -2.6660666e-01   5.2822204e-01  -7.7552688e-02   2.5926377e-01   4.9078169e-01   7.7437178e-02   7.9068840e-03  -1.0721513e-01   1.3489038e-01  -2.5561502e-02  -1.5532979e-01   3.4859605e-03  -3.7653299e-02   7.1796563e-02   4.8742896e-01   1.4817738e-01  -2.8865226e-01  -2.9514325e-01   4.5547177e-01   1.1881184e-01  -1.3488490e-01  -3.0404281e-02  -1.6309343e-01   2.3069839e-01  -3.4378100e-01   2.5111203e-01   1.7300662e-01   1.5316407e-01  -5.6674279e-02  -1.8669313e-01  -1.5056131e-01  -1.4046162e-01  -9.2367254e-02   3.7136650e-01  -1.5269971e-01  -3.6899274e-01   3.7380412e-01   2.6315344e-01  -2.3858199e-01   5.8191562e-01   1.3100982e-01   1.0217165e-01  -1.5557788e-01   2.7820147e-01  -2.3593529e-02   8.1901076e-02  -2.8890145e-01   1.2592040e-02   1.0524747e-01   1.6596149e-01  -3.2779947e-01   5.9124559e-02  -1.4663776e-01   1.0875203e-01  -1.9999228e-01  -1.3701497e-01  -8.8283234e-02  -8.5266898e-02  -4.2600863e-01  -1.5330750e-01   2.6181909e-01  -4.3248494e-02   3.7642170e-02  -3.7562216e-01   1.5155704e-01  -3.3690300e-02  -1.6420040e-01   4.6860364e-01  -1.8666253e-01   3.9780795e-01   1.1962368e-01  -2.8782983e-01   4.2252376e-01   9.1864379e-02  -9.8948657e-02   1.2861728e-01   2.2588913e-01   3.9225785e-01   8.5887551e-03   3.3121716e-01   3.1859968e-01  -9.0829417e-03  -9.4412476e-02  -3.8008982e-01  -1.8677491e-01   2.6458154e-01  -4.2362876e-02   3.1274381e-01  -2.2833043e-02  -3.0947282e-01   3.7232286e-02  -1.5408098e-01  -4.7236659e-02   5.1023781e-02   2.0501340e-01  -2.0845009e-01   2.2825786e-01   1.6460181e-02   1.0776175e-02   1.8613566e-01  -2.7077623e-01   2.7528789e-01  -1.0774216e-01   1.3794771e-01  -1.9195053e-02   5.4195946e-02   9.8923340e-02   1.5804372e-01  -1.3909591e-01  -2.1455802e-01   4.1737792e-01   1.0896574e-01   1.0333503e-01   7.7744056e-02   3.8223965e-01  -2.2226078e-01   6.5789811e-01   8.9441181e-02  -1.0433745e-01   1.4038756e-02  -1.7267401e-01  -2.2220173e-01  -3.1641024e-01   1.6121019e-02   7.0072157e-02   1.7366779e-01  -1.7456990e-01   5.2898674e-02  -6.7230487e-02   1.7456888e-01   9.1068441e-03   4.3989151e-01   2.7499765e-01  -2.5612422e-01   8.9928022e-02  -3.0457630e-02  -1.8645576e-02  -3.8151851e-01  -2.3055358e-01  -1.0394221e-01   9.1200483e-02  -6.0896837e-02  -3.1299691e-02  -1.3993773e-01   1.4876063e-01
   9.0232096e-02  -4.6333450e-01  -3.4691055e-01   2.7547129e-01  -2.7980818e-01   6.0052441e-02   4.0779550e-01   9.2536150e-02  -1.1600215e-01   5.0218716e-01   0.0000000e+00  -1.9552599e-01   1.9730999e-01  -8.8243969e-03   2.7658574e-01   1.7110906e-01  -3.5841760e-01   7.1608467e-01  -1.3130382e-01  -2.0551917e-01   3.9210801e-01   3.7319220e-01   2.7956601e-01  -1.3491086e-01  -1.0666247e-02   1.1795724e-01   6.4526773e-02   5.6247889e-02  -1.6207812e-01   9.1943486e-02   2.9914323e-01   2.4237704e-01  -9.2361991e-02   1.9301484e-01   9.1116101e-02   3.8237296e-01   4.1936647e-01   1.5542705e-01   6.5556873e-02  -3.4473172e-01   2.9443414e-01  -7.4636368e-02  -2.2945451e-01   1.4938735e-01   1.1394383e-01   1.0829588e-01   7.5077827e-01   6.4730653e-02  -1.2859174e-01  -4.2247455e-01   6.3812627e-01   1.7020799e-01  -3.0398823e-01  -1.0348940e-01  -1.2136633e-01   2.7933840e-01  -1.5574351e-01   2.2951715e-01   2.9290162e-01   3.1500937e-01  -1.4930800e-01  -5.5613111e-02  -2.0672824e-01   2.8365084e-02   1.2702357e-02  -8.9662661e-02  -6.4891218e-02  -3.1566977e-01   5.8459546e-01   7.1313732e-02  -4.3199980e-01   5.4925383e-01   1.7690367e-01  -1.8837404e-01  -1.7174450e-01   3.4197940e-01  -3.9042595e-02   2.0881637e-01  -2.7995041e-01   7.6125284e-02   1.7015692e-01   2.6848445e-01  -4.3917281e-01   1.3676691e-01  -1.8392701e-01   2.1347388e-01   7.6192921e-02  -2.2216522e-03  -2.5305931e-01  -1.1059136e-01  -3.8215468e-01  -3.2356477e-01  -2.1362043e-01   7.0635774e-02   1.0619375e-01  -3.7816641e-01   2.0527550e-01  -3.4398064e-02  -5.4871456e-02   2.6405350e-01   1.2863800e-02   3.3351301e-01   1.8593155e-01  -1.2340988e-02   5.1535174e-01   2.5451563e-01  -1.7656539e-01   2.9767500e-01   1.5691443e-01   3.2859641e-01  -4.0784396e-01   4.0118199e-01   2.2032362e-01   1.0475281e-01  -6.8954666e-03  -3.9782927e-01   3.8912778e-02   3.6237151e-01  -9.1368322e-02   3.3290709e-01   6.1114090e-02  -3.2840431e-01  -1.6514638e-01  -4.2830283e-02   2.3789578e-02   7.6335147e-02   3.6874952e-01  -2.0243737e-01   2.9598109e-01  -2.7608703e-01   1.2624997e-01   2.4445573e-01  -3.3223593e-01   4.6701479e-01  -1.8829005e-01   1.3444366e-01  -6.1256918e-02   7.3919961e-02   1.1939070e-01   2.1154399e-01  -1.0205678e-01  -1.7813201e-02   5.4524670e-01  -3.9169739e-02   2.4122793e-01   3.4838491e-01  -3.3071031e-02  -3.0560338e-01   5.0167889e-01   1.3720248e-03  -2.0251910e-01   2.4125972e-01  -8.8338732e-02  -2.1591413e-01  -4.4095361e-01   2.5571106e-02   2.2836390e-01   2.5567477e-01  -2.3742117e-01   1.9117835e-01  -1.4972574e-01   4.4522753e-01  -2.0990534e-01   6.3650987e-01   3.7193726e-01  -3.8718213e-01   1.9828776e-01   1.2255754e-01   7.5378572e-02  -4.3599249e-01  -2.5203036e-01   2.1515079e-02   2.9932351e-01  -4.6004436e-02  -3.5796457e-02  -1.6853365e-01   2.9117638e-01
  -1.6105644e-01   4.2244825e-01   3.3256880e-01  -2.2803082e-01   3.4322483e-01   1.6068976e-01   5.5296337e-02  -6.5439995e-02   2.1976805e-01   2.1305342e-02  -1.9552599e-01   0.0000000e+00  -1.8861131e-02  -3.3850040e-01  -8.7186383e-02   1.0685770e-01   3.6563535e-01  -1.9124767e-01  -3.1543211e-04   3.0084989e-01  -5.9664712e-02  -2.4523198e-01   5.6471129e-02  -7.0673583e-02   1.1977345e-01  -2.6311718e-02   2.5721627e-01  -3.9754550e-01   7.0692635e-02   2.6210394e-01  -4.1453167e-01  -2.8062993e-01  -1.8639819e-01   4.6943406e-01   4.8230979e-02  -3.9042999e-02  -2.3879145e-01  -2.3407038e-01   1.3699486e-01   3.7164817e-01  -1.2181097e-02   1.4867243e-01   5.6001521e-01  -3.2018324e-01   1.8598221e-01  -2.0135384e-01  -2.0093663e-01   1.5511091e-01  -2.5867223e-01   2.7350355e-01  -2.0005898e-01  -2.7509357e-01   4.7021616e-01   1.1641888e-01  -2.5295725e-01  -3.8897229e-01  -3.9106772e-02  -2.9092573e-01  -2.1692685e-01  -9.0293027e-02   3.4636163e-03   1.9154042e-01   3.6666263e-01   1.6533902e-01   8.6987473e-02   5.9378272e-01   1.1270782e-01   2.2617060e-01  -2.8156238e-01  -5.0043458e-02   3.5504974e-01  -3.5214078e-02   4.9481272e-02   2.5895331e-01   9.5413278e-02  -1.4389918e-01  -1.6093020e-01  -3.4960970e-01   3.4173749e-01  -1.3595545e-01  -3.8852709e-01   5.0354243e-02   3.3893768e-01  -1.4224019e-01   7.2435750e-02  -4.8622854e-01  -2.3376617e-03  -2.3875537e-01   3.0673896e-01  -9.2670841e-02   2.9411566e-01   1.6347486e-01   3.7005459e-01   3.1690448e-02  -2.4278319e-01   3.0525972e-01   5.3142621e-02  -2.9757720e-01   3.1237819e-01   7.5760431e-02  -3.1714174e-01  -5.3400941e-02  -3.8143275e-01   1.5246891e-01  -3.2042564e-01  -2.6752189e-01   1.3180339e-01  -1.7165732e-01  -4.5797778e-02   7.0194230e-02   5.8031820e-01  -3.6420612e-01   3.3227407e-02  -1.7970754e-01  -2.7206753e-01   2.5858593e-01  -2.9844685e-01  -3.4905489e-02  -1.9444475e-01  -2.2109786e-01  -2.5723684e-01   4.7861954e-01   2.4759967e-01  -1.3487874e-01  -9.8520591e-02   8.2836646e-02  -4.0722650e-01   6.3516611e-02  -2.5688544e-01   3.7479820e-01  -5.2162672e-02   2.4815546e-01   2.9157413e-01  -1.4634314e-01   1.4306199e-01  -1.8453796e-01  -6.2233498e-02  -1.1791543e-01  -5.7168592e-02  -1.3769882e-01  -1.2181049e-01   3.4275267e-02  -2.4299290e-01   5.2829235e-02  -1.9843142e-01  -1.9530729e-01   3.0924164e-01   4.0657829e-01  -1.9136432e-02   1.3424806e-01  -1.0898152e-01  -3.9707149e-01  -4.5948197e-02   2.2503613e-01   4.5500904e-01  -6.6710442e-02  -4.3337303e-01  -3.1563668e-01   1.2539387e-01  -4.2289991e-01   1.5133874e-01  -2.4363576e-01   2.8319884e-01  -3.1437859e-01  -1.7705680e-01   4.9967159e-01   2.9881938e-01  -3.4420315e-01  -1.9513094e-01   2.0839940e-01   4.7102818e-01  -2.0240896e-01  -6.6232036e-02  -7.6628067e-02  -5.4199483e-02   1.7574081e-01  -1.6303069e-01
   7.9026085e-02  -1.9748843e-01   5.1881992e-02   3.7553892e-01   9.6204668e-02   2.2660753e-01  -2.1989615e-02   1.4277233e-01   1.0455102e-01   1.8763300e-01   1.9730999e-01  -1.8861131e-02   0.0000000e+00  -2.3435863e-02  -2.1775432e-02   2.0652443e-01   6.8647847e-02   1.3105352e-01   1.5502226e-01   1.4949391e-01   9.0814305e-03   1.5109163e-01  -1.5622582e-01   2.1845548e-02   2.1560597e-03   2.5044766e-01   2.1465231e-01   1.1027023e-01  -7.3876561e-02  -1.7850593e-01  -1.4619085e-01  -1.9791380e-02  -4.1835160e-02  -7.5488989e-02  -1.7561915e-01  -1.0591823e-01   1.6756143e-01   1.9338657e-01   9.5769629e-02   5.5458385e-02   6.2674484e-01   4.6924494e-02   2.7451615e-01   4.1716739e-02  -4.1988840e-02   1.5860165e-01   2.9519712e-01  -2.8223175e-01   1.5738035e-02   8.3908154e-03   2.0425937e-01   2.1003789e-01  -2.2944165e-01   8.0677961e-02   1.5231379e-01   4.9007402e-02  -5.7465530e-02   1.0784643e-01   4.1792914e-01   8.1986941e-03   1.2571269e-01  -1.0770835e-01   2.0989181e-01  -8.0944257e-02  -1.9715596e-01   1.9061680e-02   1.9485861e-01  -1.5013650e-01   3.2581066e-01  -3.1890502e-02  -2.3491375e-01   1.5648357e-01   3.4775840e-01   2.6710282e-03   1.4777859e-01   1.7105204e-01   2.6876332e-01   1.2370169e-01  -1.2610084e-01   4.1111625e-01   2.0516206e-01   1.9035724e-01  -1.7641203e-01   1.2484497e-01   9.3418577e-02   2.6572124e-01  -1.0275875e-01   2.8468719e-01   3.0020957e-02   9.9139944e-02   2.8290637e-02  -3.3886400e-03   6.9475820e-02  -9.5687199e-02   2.2204048e-01   9.5928801e-02   3.3091097e-01   8.8882580e-02  -4.6678120e-02   8.3843108e-02   7.6787859e-02   3.0065210e-02   1.3542477e-01  -1.2617177e-01   1.1773835e-01  -2.0346356e-02   2.6257504e-02   2.7984011e-01  -1.9195282e-02   3.2737391e-01  -3.3551056e-02   1.8133063e-01   3.1870307e-01  -5.5661165e-03   1.9141135e-02  -3.1761874e-02   4.1105042e-02   4.2398885e-01   9.6573605e-02   1.7904131e-01  -1.5044870e-01   7.8079177e-02   1.5876334e-02  -1.1785462e-01   1.0896531e-01   2.1550709e-02   1.1394812e-01   2.4548753e-01   5.8096825e-02  -1.1290556e-01   2.6896820e-01  -2.1591289e-01   7.8310233e-02  -1.5493709e-02   2.2114612e-01   1.2029107e-01   3.3770613e-01  -1.2976004e-01   1.1667058e-01   1.8690547e-01  -8.9775718e-02   3.1535871e-01   1.8840137e-01  -7.4063019e-02  -1.4485417e-01  -1.6109951e-01  -6.8542754e-02  -3.4156392e-02  -3.7893775e-02  -1.6830432e-01   5.6817746e-04   5.4642459e-02   8.6636505e-02  -9.8971923e-02   1.4047022e-02   3.3858424e-02   6.0863456e-02   3.9987365e-01  -8.9578299e-04   1.5728250e-01  -2.0726255e-01   1.9553253e-01  -4.4072829e-02   1.3491399e-01   2.5467081e-01   6.7263597e-02   8.5398034e-03   1.4873511e-01  -2.0158300e-02   7.0273431e-02  -1.5006397e-01   5.4354093e-02   7.0679159e-02  -9.4170561e-03  -1.1536687e-03   3.2442752e-01   1.5919431e-01
   4.1951642e-01  -2.9585799e-01  -1.3902084e-01   1.9874285e-01  -5.0881508e-01   2.2080381e-02   2.5196175e-01   6.2191533e-02  -1.6061214e-01  -1.4503756e-01  -8.8243969e-03  -3.3850040e-01  -2.3435863e-02   0.0000000e+00   1.0801445e-01  -5.4266046e-02  -2.7164934e-01  -1.3410489e-02  -4.9194276e-02  -3.8221091e-01  -2.9747705e-01   2.3820615e-01   1.8885787e-01   4.8001042e-01  -4.5165388e-02  -6.5646794e-02  -2.4058194e-01   5.6382754e-01   4.9198709e-02   1.2915015e-02   1.9843879e-01   2.9175491e-01   1.2692022e-01  -1.8117921e-01   2.8094491e-01  -1.2637568e-01   9.1968996e-02   2.0154981e-01  -2.3132348e-01  -3.5472997e-01   1.3670679e-01  -1.9542710e-02  -2.1438213e-01   3.2033067e-01  -9.6919508e-03   2.5164905e-01  -1.9840495e-02   1.0494046e-02   7.8728065e-02  -2.9391216e-01   2.3129462e-01   1.0169508e-01  -3.5206600e-01  -4.4461953e-02   6.2540197e-01   3.3244501e-01  -3.2455229e-02   2.5390615e-01   1.2464582e-01   2.3330047e-01  -2.7453483e-02  -8.1797360e-03  -2.0712941e-01  -4.5364445e-02  -1.3799023e-01  -4.1630619e-01  -1.3206070e-01  -1.9135187e-01   1.1498976e-01   3.0150973e-01  -2.7806900e-01  -5.3569680e-02  -2.5957505e-01   9.8112473e-02  -9.0371916e-02  -5.1329937e-02   1.1932073e-01   4.4649898e-02  -3.4304186e-01   5.0072379e-03   5.8862783e-01   4.2077869e-02  -3.2529002e-01   4.4527860e-02   2.9516365e-01   3.7253732e-01   3.3544449e-01   4.5821946e-01  -1.5380152e-01   5.7091904e-01  -3.6057804e-01  -1.4873517e-01  -3.7513205e-01   2.3786242e-01   3.0806174e-01  -4.5871876e-01   9.1145670e-02  -1.6219668e-01  -3.1935864e-01   8.8370495e-02   6.1253443e-01   2.2884150e-01   4.9108978e-01   2.2596353e-01   3.3984100e-01   1.6685669e-01  -1.1364190e-01  -5.6612545e-02   2.1856078e-01  -3.2979447e-01  -2.8484068e-01   3.1077623e-01   1.0382096e-01   4.5413145e-01   5.5699350e-01  -4.4519282e-01   1.7623709e-01   1.3372194e-01   4.0258355e-01   2.2925194e-01   3.7991280e-01  -4.3468219e-01  -3.1412625e-01   1.8165581e-03   4.5996689e-01   4.4279772e-01   2.8873245e-01  -2.2130716e-02   1.4163209e-01  -1.3101687e-01  -2.9542611e-03  -3.7773089e-01  -1.1852897e-01  -1.4383910e-01   1.0752847e-01   1.5057241e-01   8.7579924e-02   3.3310189e-01   1.2431097e-01   1.9809328e-01   3.8736472e-01  -4.2887761e-02   6.3750006e-02   8.4110910e-02   1.3321044e-01   9.1269481e-02  -1.1411932e-01  -5.8045662e-01   1.0451771e-01  -3.4577829e-01   4.8441519e-01   5.7058734e-01   2.7142122e-01  -2.4071461e-01  -2.5410300e-01   2.2933777e-01   2.0661640e-01   3.8355822e-01  -2.0427070e-01   5.7086695e-01  -3.1089741e-01   5.7431393e-02  -5.8053652e-01   1.8665640e-01  -5.6050855e-03  -3.8690089e-01  -2.6137111e-02   4.5503613e-01   2.7883940e-01  -4.1235852e-01  -2.3607804e-01   1.9988994e-02  -4.8898235e-02   1.8534705e-01   5.2407885e-02   1.5733847e-02   9.7994080e-02
