   0.0000000e+00  -5.8474964e-01   4.3127806e-02   1.6523515e-01  -4.3026070e-01   1.4805338e-01  -1.8640421e-01   2.8378144e-01  -2.2900528e-01  -3.6447761e-01   1.3119236e-01  -3.4168259e-01  -8.4373358e-02   6.6670185e-01   3.5825685e-01   1.8813180e-01  -1.7595535e-02   7.9706677e-03  -1.3152124e-01  -3.6627303e-01  -1.6545210e-01   3.9750456e-01  -6.3158554e-02   3.0468539e-01   2.0398606e-01   9.7490505e-02  -2.7608929e-01   3.8534968e-01  -2.6156630e-01   5.3749377e-02   4.2254155e-01   1.6459705e-01   1.5148932e-01  -1.3057289e-01   2.3352786e-01  -5.0320484e-01  -5.0790618e-02  -2.6952998e-02   4.6787965e-02  -3.3144701e-01  -9.0405662e-02   2.6064419e-01  -1.2801308e-01   3.6042720e-01  -3.3136446e-01   3.3734860e-01  -4.9232983e-02  -4.3807423e-02   4.7680031e-02  -1.4591441e-01   1.4793148e-01   1.5412877e-01  -3.9064532e-01   3.3247767e-01   2.4678091e-01   4.8313926e-01   4.8652613e-02   3.3723758e-01   1.3447161e-01   2.2763685e-01   3.7943007e-01  -2.8664919e-01  -2.7676118e-02  -2.4172688e-01  -3.9287462e-01  -3.4465606e-01   1.3457714e-01  -7.1199227e-02   2.6956950e-01   5.4228063e-03  -5.8087308e-01   1.0929666e-01  -3.6271253e-02   7.4447928e-01   1.1998130e-01   1.1323747e-01   2.9025897e-01   3.1690305e-01  -4.9543707e-01   3.1519046e-01   4.2582262e-01  -5.9670230e-02  -5.3856836e-02   2.6402555e-01   4.0241757e-02   4.1445479e-01  -1.6520817e-01   6.2771065e-01  -1.6400932e-01   4.8756952e-01  -4.5545477e-01   2.1164301e-01  -8.4727844e-02   8.5680864e-02   3.2266746e-01  -2.5749600e-01   2.0699541e-01  -9.4151954e-02  -9.3267555e-02  -2.2589719e-01   5.9918644e-01   1.4017308e-01   3.7140062e-01   2.3555483e-01   2.1283758e-01   9.2536166e-02   3.0233774e-01   1.8418022e-01   5.4076926e-02   2.2184423e-01  -8.5622561e-02   3.6730870e-01  -4.2715622e-02   6.5089186e-01   5.8450121e-01  -4.8411166e-01   4.1355482e-01  -2.6846648e-02   4.8567477e-01   2.8462231e-01   3.8515106e-01  -4.8474086e-01  -2.8827866e-01  -2.5101842e-01   3.7056545e-01   6.4193819e-01   1.1988692e-01   1.1147957e-01   2.1856467e-01  -2.3715099e-01   3.9314918e-03  -3.2271186e-01   1.7206911e-01   2.6265963e-01   2.7021509e-02   1.8370098e-01  -1.3068266e-01   5.0138977e-01   3.5183863e-01   2.5126651e-01   3.9952384e-01  -1.9568370e-01   3.1510407e-01   4.0064454e-01   3.9772465e-01   3.2080408e-01  -3.4347338e-01  -2.0429938e-01   3.1106185e-03  -4.2847859e-01   6.4762167e-01   1.5676695e-01   3.9224150e-01  -4.7920683e-01  -2.7352696e-01   2.8978120e-01   3.1501963e-01   1.5540117e-01   1.9255242e-01   3.8676654e-01  -2.2544003e-01   9.8539053e-02  -4.8520359e-01   4.0052771e-01   4.9002948e-02  -4.8744362e-01  -3.2151805e-01   3.1829843e-01   5.1060482e-01  -1.3932044e-01  -5.3389735e-01   1.8367907e-01   6.9890328e-02   3.1915010e-01   1.5216717e-01  -1.3460150e-02   1.7692725e-01
  -5.8474964e-01   0.0000000e+00  -1.2383619e-02  -1.5955765e-01   5.3837106e-01  -9.9060761e-02   1.8058802e-01  -3.3507607e-01   1.9862292e-01   2.5381977e-02  -8.4223625e-02   4.0593806e-01  -7.6539254e-03  -5.2414603e-01  -3.0282051e-01  -1.9165374e-01   2.4114535e-03  -2.3137541e-02  -2.5477859e-02   2.6003759e-01  -6.9359206e-02  -3.1109941e-01  -9.1974269e-02  -1.9629737e-01  -6.1836847e-03  -1.8803375e-01   2.6109298e-01  -2.6517686e-01   3.0732469e-01   1.5219276e-02  -5.0454898e-01  -1.2837484e-01  -5.0611699e-02  -1.9279856e-02  -3.6528489e-01   4.7121036e-01   1.3870485e-01  -1.2223839e-01  -1.5067385e-01   2.5709576e-01   2.1256734e-01  -1.6444686e-01   9.9150399e-02  -3.8153020e-01   3.4943821e-01  -1.7090402e-01   4.3457803e-02   3.6556816e-02   4.0350922e-02   8.1995161e-02  -2.9512220e-01  -2.0805213e-01   4.3906347e-01  -1.6018507e-01  -2.2411434e-01  -4.7922020e-01  -5.4719632e-02  -3.2429440e-01  -1.0444714e-01  -3.1582665e-01  -2.5169358e-01   2.8582823e-01   1.8568341e-01   5.3322311e-01   5.1949131e-01   1.8665251e-01  -6.9691177e-02   1.3406145e-01  -1.9152110e-01  -9.3730781e-02   5.9748398e-01  -1.6781723e-01   1.9283047e-01  -6.3975774e-01  -1.2381946e-01   9.6971241e-03  -2.0294236e-01  -2.4455963e-01   6.7350985e-01  -2.0161131e-01  -3.6664362e-01   1.3755380e-01  -1.3455802e-01  -2.5360983e-01  -1.4048958e-01  -2.6393722e-01   4.2554787e-02  -3.6523284e-01   4.0812680e-01  -3.4892742e-01   5.4444483e-01  -1.3639449e-01   4.3397167e-02  -3.4884348e-01  -1.7819003e-01   2.0865856e-01  -2.7623866e-01  -3.3282310e-02   7.7553414e-02   1.5403728e-01  -5.9256970e-01  -1.8489515e-01  -2.7150654e-01  -2.2097026e-01  -2.3518227e-01  -2.1431746e-02  -2.3493242e-01  -1.6441390e-01   3.3282808e-02  -1.7744658e-01  -1.3911097e-03  -3.6425818e-01   1.1827843e-01  -4.3556581e-01  -5.9500035e-01   6.7212558e-01  -2.9979140e-01   1.3252320e-01  -3.1824300e-01  -2.8445995e-01  -2.2334596e-01   5.6184285e-01   4.6399743e-01   4.4375343e-01  -1.6978309e-01  -3.0847750e-01  -1.1476406e-01  -5.8099423e-02  -2.7680293e-01   2.1828260e-01   7.9122200e-02   1.5640959e-01   1.7383424e-01  -3.0535285e-01  -1.4761006e-01  -1.2756639e-01   2.5971851e-02  -3.5040335e-01  -1.4182884e-01  -3.8134270e-02  -1.5571123e-01   2.2893413e-01  -3.1515949e-01  -3.4274242e-01  -4.2823422e-01  -2.5630968e-01   1.6748812e-01   8.6136931e-02  -1.6344741e-01   4.7958347e-01  -6.1615732e-01  -1.4658181e-01  -2.5711386e-01   4.0609189e-01   3.2361092e-01  -2.3678889e-01  -1.5165009e-01  -1.7941227e-01  -1.5240969e-01  -2.9496100e-01   3.1097992e-01  -1.4947876e-01   3.5030410e-01  -3.0955649e-01  -9.5212729e-02   6.8667679e-01   3.0402649e-01  -2.0837183e-01  -3.0310787e-01   1.7058093e-01   6.8550512e-01  -2.3107707e-01   2.0817714e-02  -2.0783391e-01  -1.6261406e-01  -1.9523806e-01  -1.1113286e-01
   4.3127806e-02  -1.2383619e-02   0.0000000e+00  -1.9617956e-01   2.8152463e-01   2.0652999e-01  -2.7828489e-01  -1.2558220e-01  -3.4705410e-01   2.3054298e-01  -5.7488864e-01   5.6255564e-01   1.6595311e-01  -2.8502259e-01  -4.1002434e-02   1.3101789e-01   8.4035869e-01  -3.9442051e-01   1.4600550e-01   4.1558919e-01  -5.4760443e-01  -1.8260924e-01  -2.9458659e-01  -2.6829760e-01   1.3398091e-02  -2.3907568e-02   7.3708049e-02  -2.0010928e-02  -3.8538093e-02  -6.5687686e-01  -2.9201653e-01  -1.0581016e-01   4.6529262e-02   1.8620779e-01  -6.3755359e-03  -4.5385751e-02  -4.6589005e-01  -2.8995255e-01  -3.7289919e-02   6.5041107e-01  -5.5675413e-02   1.2495874e-01   3.6786363e-01  -1.6954177e-01   6.8032519e-02   3.3252653e-01  -3.2590477e-01  -5.4720505e-01  -8.1732972e-03   7.8608490e-01  -3.3904205e-01  -1.3050192e-01  -4.1649015e-02   3.0149466e-01   1.3835992e-01  -1.0511176e-01   9.6698640e-02  -8.6906301e-03  -3.1513703e-01   9.3616840e-02   5.6460128e-01  -2.8767675e-01   2.9889925e-01  -5.0431779e-01  -3.3107415e-01  -8.7030664e-02   1.4806554e-01   3.9414863e-02  -2.5184898e-01   7.5889065e-01  -4.1766410e-02  -1.8987732e-01  -3.0535430e-01   2.3879805e-01  -7.1661563e-03   1.0055338e-03  -7.9965500e-02  -1.1032237e-01   2.0770643e-01   2.1361613e-02  -1.4544499e-01  -1.3129613e-01  -8.2441219e-02   9.5121204e-02   6.1420487e-01   8.7404930e-03  -3.5772734e-01   2.3174688e-02  -4.8950110e-02  -1.9517272e-01   1.3154157e-01   6.4036565e-01   6.3771471e-01  -7.5545013e-02  -2.8739722e-01   5.4393379e-01   7.7732815e-02  -8.7474558e-02   7.7768038e-02  -6.6390090e-02  -9.1014592e-02  -7.5718053e-02  -2.0035875e-01  -1.9602881e-01  -4.2958193e-01  -8.9982453e-02   4.3981206e-01  -1.6963670e-01  -2.1515559e-01  -2.5134149e-01   1.4643304e-01  -2.8141115e-01  -7.2812748e-02  -4.3604952e-03   8.6019350e-02   9.8678290e-02  -4.6488307e-02  -1.0113533e-01   1.1987400e-01  -5.6978317e-02  -7.2727391e-02   3.9463863e-01   8.4698617e-02  -6.3094994e-01   6.3296790e-02  -1.8486392e-02  -4.5287900e-01   6.2347784e-02  -6.0098945e-02   7.4981544e-01  -7.4832075e-02  -3.5923631e-01   4.4259692e-01  -5.4273672e-01   2.0750467e-01   5.0860790e-02   2.6164958e-01  -2.5379338e-01  -8.6728769e-02  -6.7376806e-02   6.7734829e-02   1.0546091e-01  -3.9897249e-01   3.8697302e-01  -1.1142915e-01  -4.7678040e-01   3.6269248e-01  -2.0982073e-01  -2.9822100e-01  -3.7228093e-01   1.7042003e-01  -1.2256816e-01   1.0107143e-01  -2.5497263e-01   8.3236018e-01  -1.6745726e-01  -1.9561275e-01  -1.9790863e-01   5.6865028e-01  -2.5026260e-01  -3.1896896e-02  -4.9412040e-01   5.3488949e-02  -4.3481198e-01  -5.1024730e-02   1.0920576e-01  -4.6030628e-01   1.2083135e-01   1.5326131e-01   4.9686710e-01  -6.4194111e-02  -7.3151250e-02  -5.9569147e-02   2.0425864e-01   3.2140870e-03   1.8700950e-01  -3.3916940e-02
   1.6523515e-01  -1.5955765e-01  -1.9617956e-01   0.0000000e+00  -1.7045564e-02   1.5859010e-01   2.0473306e-01   3.0353218e-01   3.9390112e-01  -2.5541100e-01   4.5450563e-01  -1.8317545e-01  -2.9331993e-02   2.0660025e-01   1.4344699e-01   3.5675548e-01  -2.5120241e-01   4.9059580e-01  -9.8672354e-02  -1.3027958e-01   1.6435115e-01   6.6811262e-01   9.0426562e-02   5.0676682e-02   7.3437856e-02  -8.2969780e-02   1.6501009e-01  -1.1985700e-01   2.8478555e-01   5.5880977e-01   2.6730094e-01   5.4376433e-01   3.5588730e-01  -1.3572544e-01   1.5382668e-01   6.4913370e-02   1.5396209e-01  -3.4779314e-01   4.2006250e-01  -1.8309420e-01   1.3018130e-01   3.3508020e-01  -1.7509992e-02   2.1578496e-01  -1.4890981e-01  -1.4685950e-01   4.1760987e-01   1.3470930e-01  -1.0245491e-01  -3.1529100e-01   4.3307777e-01   1.9828207e-02  -8.4891162e-02   2.7531302e-01  -2.9729691e-02   1.2077827e-01   1.1680887e-01   5.2974397e-01   5.6946639e-01   3.6634759e-01   5.4912887e-03   3.4448223e-02   2.2079367e-01   6.7327134e-02  -1.2993470e-01  -1.3762228e-01   1.9324538e-01   3.1566711e-01   5.1606081e-01  -3.3266853e-01  -2.2351837e-01   5.8617461e-01   3.0724296e-01   1.1911912e-01   2.0943048e-01   3.9840419e-01   1.0782894e-01   3.7128985e-01  -1.6256543e-01   3.9135941e-01  -1.0957441e-02   1.1876537e-02  -7.8618390e-02   4.7168360e-02  -2.9864465e-01   3.9607432e-01   2.6372948e-01   1.0600103e-01   1.1766703e-01   4.9155902e-02  -1.8810782e-01   5.5295061e-02  -1.7530330e-01   4.5926003e-01   1.3482947e-01  -2.9505824e-01  -2.0766481e-01   1.7396011e-01  -1.2869040e-01  -2.3925799e-01   2.2836174e-02   2.2666345e-01   3.3463300e-01   6.5363076e-01   6.4599440e-01   6.2586256e-01   1.9113168e-01   4.2428329e-01  -1.6712335e-01   2.8094414e-01  -4.2638518e-02   4.7721610e-01   4.3027581e-01   6.6146283e-02  -6.7648587e-02  -2.0416730e-01   1.7799675e-01   1.4049456e-01  -1.0448570e-01   6.5922322e-01   2.7390473e-01  -3.2220705e-01  -1.3775852e-02   2.7434313e-01   9.4003300e-02   2.6567057e-01   3.9907732e-01   3.6436248e-01   6.5394030e-01  -4.0075334e-01   3.1506318e-01   1.6662095e-01  -1.2162771e-01   3.0580736e-01   5.1297506e-01   4.1474288e-01   1.2411775e-01   2.3832156e-02   3.7351341e-01   3.4095884e-01   2.0926537e-02  -1.7069160e-01   4.3306794e-01  -1.0288924e-01   4.2615507e-01   6.5065190e-01  -2.7749015e-01  -5.7763823e-02   8.3182790e-02  -2.1635433e-01   3.8467861e-02   1.0261289e-01   3.1488173e-01   2.9032551e-02  -3.3415534e-01   1.8410279e-01   2.1012251e-01   3.4659166e-01  -6.3400456e-02   1.3206400e-01   1.3719022e-01   3.9815690e-01  -2.9514791e-01   6.4953232e-01   4.4116767e-01  -2.1809893e-01   1.3730130e-01   2.8940760e-02   1.9796218e-01  -2.7579418e-01  -2.9916295e-01  -7.7439541e-02   3.1002017e-02   4.6828639e-02   2.3312048e-01  -6.4446406e-02   6.1247558e-01
  -4.3026070e-01   5.3837106e-01   2.8152463e-01  -1.7045564e-02   0.0000000e+00  -2.3055830e-03  -1.3243795e-01  -2.8644506e-01   8.8404355e-03   1.0826100e-02  -1.3670454e-01   2.3604372e-01   3.5092055e-01  -4.9694428e-01  -4.1370583e-01  -7.6110467e-02   3.8197148e-01  -9.5264282e-02   2.7171435e-02   7.3504578e-01  -2.2663032e-01  -2.3023053e-01  -1.1799809e-01  -2.4503010e-01  -3.7368718e-02  -1.6628461e-01   3.6357716e-01  -2.3830378e-01   2.9078060e-01  -2.5116936e-01  -4.9925417e-01  -1.6086748e-02   1.4039195e-01  -2.1461876e-01  -2.5599531e-01   6.8277106e-01   6.3552924e-02  -1.8026562e-01  -4.7775784e-02   5.7609581e-01   3.0330075e-01   1.6153062e-01   1.5038220e-02  -2.7631197e-01   2.1005817e-01  -6.1134677e-02   2.0853659e-01  -2.4448539e-01   2.0574455e-01   4.1754176e-01  -2.1279349e-01  -2.1282255e-01   2.1030810e-01   1.3488163e-01  -9.6081876e-02  -4.0547604e-01  -7.3823392e-02  -1.8536125e-01  -3.4707930e-03  -2.8885696e-01   2.0283320e-01   1.4098202e-01   1.5934259e-01   6.4509146e-02   1.4228765e-01   1.6542321e-01   3.7665438e-03   2.8598789e-01  -8.6444234e-02   8.3806405e-02   2.5130988e-01   5.3217407e-02   1.6520475e-01  -4.1757236e-01  -6.2267288e-02  -9.2608369e-03   3.5502372e-02  -1.6424696e-01   7.2557315e-01   6.3802567e-02  -3.3285005e-01  -6.6985485e-02  -1.1785059e-01  -6.0008564e-02   1.1955393e-02  -2.0559774e-01  -2.4541847e-01  -2.9863671e-01   3.8790746e-01  -3.3552723e-01   7.6381483e-01   2.9998943e-01   3.2636301e-01  -2.4800621e-01  -1.4067516e-01   6.6817312e-01  -1.4504948e-01  -8.8223252e-02   2.4221830e-01   2.6934321e-02  -4.6555024e-01  -4.8109671e-01  -1.7249078e-01  -3.0591721e-01  -2.7579394e-01   6.1251685e-02   1.4442472e-01  -1.0340134e-01  -9.7234751e-02  -1.3650609e-01  -1.6774633e-02  -3.3347207e-01   2.2264461e-01  -3.1001052e-01  -4.5393524e-01   6.4153344e-01  -2.1745562e-01   1.3917548e-01  -1.8725368e-01  -1.2894001e-01  -7.3154334e-02   7.5630911e-01   3.9908370e-01   7.5204283e-02  -1.1743881e-01  -1.8924237e-01  -2.5577495e-01   1.3906816e-01  -2.4924821e-01   3.5417692e-01   1.0369111e-01   1.1034952e-01   1.1580507e-01  -3.9291975e-01   5.2778674e-03  -8.6633753e-02   3.6819418e-01  -3.7753693e-01  -1.7265694e-01   8.7704818e-04  -4.2386783e-02   3.9856755e-01  -3.8578038e-01  -2.2361939e-01  -4.1533936e-01  -2.8177982e-01   1.1693643e-01   1.8488744e-01  -1.6340046e-01   1.2212559e-01  -4.8816340e-01  -5.3359062e-02   3.8140405e-02   3.9086118e-01   4.8282520e-01  -2.2284793e-01  -8.5154053e-02  -4.3010763e-02   2.9682496e-01  -2.5863348e-01   3.0099802e-01  -2.8455979e-01   5.0376875e-01  -2.3797399e-01  -2.1436793e-04   4.8289168e-01   1.6150152e-01  -7.4918064e-03   3.0753565e-02   4.5523972e-01   4.0480238e-01  -1.6955679e-01   6.0687379e-02  -1.4990890e-01  -1.7686800e-01   7.6894406e-02  -4.7379712e-03
   1.4805338e-01  -9.9060761e-02   2.0652999e-01   1.5859010e-01  -2.3055830e-03   0.0000000e+00   3.5281673e-02  -8.8216202e-03  -2.2712898e-01  -5.7904346e-02   1.2588801e-01  -1.3635816e-01  -7.9621557e-03  -1.4719832e-01  -2.7208493e-02   1.6126111e-01   3.5953874e-02  -1.8147626e-01   1.5569651e-01  -2.2494888e-02  -3.8074131e-01   3.9125173e-01   1.4099339e-01  -9.4217098e-02   1.5306272e-01   1.5112604e-01   2.2408701e-01   9.8642156e-02   1.0514264e-02   2.1698551e-02  -2.0422334e-01   3.3813033e-01  -2.6255915e-01  -5.8970968e-02   1.8710714e-01   1.8287482e-02   5.9502158e-02  -3.8993611e-01  -6.9131312e-02   1.3031392e-01   8.5059428e-02  -1.2766403e-01  -3.8435704e-02  -2.1112653e-03  -5.8955358e-02   4.1171632e-02   2.0769362e-01  -1.1512646e-01   1.7668324e-02   5.2819175e-02   6.5336548e-02  -2.8718132e-02  -2.1249485e-01   2.0031131e-02  -2.8716922e-02   1.6522193e-01   4.8842805e-01   3.8010947e-01   6.1492359e-02   7.2838174e-02  -2.0937219e-02  -3.8966390e-02   8.8992906e-02  -3.3663553e-01  -2.5015228e-01   5.2367845e-02   7.8439106e-01   5.5129269e-02   4.2359903e-01   2.9461765e-01  -2.4360093e-01   2.2508799e-01  -1.3410355e-01   1.1971468e-01   5.5270607e-02   4.3444338e-02  -1.9255742e-01   1.9396766e-01  -2.0542848e-01   1.5206090e-02   6.3922184e-02  -2.5822020e-02  -2.3307561e-01   2.9839986e-01  -1.0829675e-01   8.1390530e-02  -1.5730083e-01   8.7273974e-02  -4.2253776e-02  -9.5651273e-02  -1.3050230e-01  -7.5372270e-02   2.4477355e-01   2.1127436e-01  -2.5284304e-01  -7.1104383e-03  -1.1504129e-01   4.5575791e-01  -7.2633894e-02  -3.2277863e-01  -2.5106487e-02   1.3435178e-01   5.4236795e-02   7.7768690e-02   3.1099960e-01   1.6776633e-01   1.3581651e-01   4.7023604e-01  -2.1971558e-01   4.1622942e-01   1.0142159e-01   3.3921667e-01   3.0696088e-01  -1.8541938e-01  -3.4546441e-03  -3.0043199e-01   8.3459894e-04   3.7918029e-02   8.1689353e-02   2.4338389e-01  -7.3882840e-02  -9.3020311e-02  -2.5783279e-01  -2.7915014e-01   1.0304667e-01   3.2255573e-01   1.5892755e-01   2.1773765e-02   2.7181848e-02   2.4419084e-01  -1.7442807e-01  -3.3861442e-01  -1.9047703e-01  -1.4682587e-01   1.3311732e-01   1.4794252e-01   8.4651854e-02  -2.4825734e-01   2.1094070e-01   1.6858504e-01  -2.2636128e-03   5.2451425e-03   2.8977565e-01   4.8443618e-01   8.5252204e-03   9.4279742e-02  -1.2092918e-01   2.2470899e-02   2.4888613e-01  -4.5158042e-01   2.7002093e-01  -1.6323249e-01  -2.9075215e-02  -3.8976966e-03   1.7519808e-01  -6.3040658e-02  -8.5936769e-02   5.9365920e-03  -1.5286244e-01   1.2789267e-01  -1.3746320e-01   2.3086773e-02  -2.0434268e-01   1.7410453e-01   3.3146752e-01  -2.7708300e-01  -1.4108910e-02   3.4489174e-01   1.5893624e-02   2.6896375e-02  -2.6678371e-01  -3.9184243e-01   1.9406419e-01   6.1742151e-01   1.6176249e-02  -1.8492441e-01   2.1266093e-01
  -1.8640421e-01   1.8058802e-01  -2.7828489e-01   2.0473306e-01  -1.3243795e-01   3.5281673e-02   0.0000000e+00  -2.3058160e-02   1.1400352e-01   1.2514603e-01   2.8664891e-01   5.1708875e-02  -1.3732365e-02  -6.6484082e-02   1.7396211e-01   4.7740272e-02  -4.6017780e-01   2.0103550e-01  -2.7439184e-02  -1.3551087e-01   3.5257886e-01   5.4773269e-02   6.6330955e-01  -1.3722364e-01   4.3930163e-02  -2.7497427e-01   1.6730798e-01  -7.0111978e-02   4.9609978e-02   4.4013966e-01   1.1491817e-01  -2.9615037e-02  -6.2558340e-02   4.6709501e-01  -2.2452840e-02   2.8864156e-01   3.1279453e-01  -1.0247731e-01   2.5807007e-02  -8.7946650e-02   1.2377380e-01  -6.5268300e-02   1.7522763e-01   1.5075134e-01  -1.6040009e-01  -3.6562614e-01   1.6640099e-01   4.9210953e-01  -3.0018164e-01  -4.1212236e-01   3.4152824e-01   7.2395356e-02   2.9080327e-01  -2.9914166e-01  -8.0155009e-02   9.2014345e-02  -9.5571426e-02  -7.4754845e-02   1.7296050e-01   5.0955130e-02  -4.5077683e-01   3.5001688e-01  -7.8217864e-02   1.7830732e-01  -2.4396287e-02   4.3548204e-01   1.3845726e-01  -8.2410344e-02  -4.8127699e-03  -4.1273348e-02   3.2868708e-01   1.2795210e-01   1.3822194e-01  -8.5239946e-02  -8.6776621e-02  -3.9663466e-02  -1.4285266e-01  -7.4100456e-02  -1.6317778e-01  -2.4016936e-01   9.9186861e-02   2.4653905e-01   2.7525311e-02  -3.7652301e-01  -2.7447039e-01  -4.9063281e-02   3.1127121e-01  -1.7830958e-01   3.2710315e-02  -1.6458740e-01  -2.1587481e-01  -4.6136100e-01  -1.2118405e-01   1.9293681e-01  -3.9543783e-02  -4.1751847e-01  -2.2808696e-01  -1.2570150e-01  -1.7030057e-01   2.1025813e-01  -4.2208124e-03   2.6640042e-01   2.7944340e-02   2.0087760e-01   4.0886991e-01  -6.7112609e-02  -2.9940500e-01  -1.8125988e-01   1.2629218e-01   1.7612901e-01   2.8587889e-01   1.8670772e-01   2.6923516e-02  -3.2014647e-01  -1.3617328e-02  -1.5818947e-01  -2.0654321e-01   2.5215319e-01  -2.5618881e-01   8.5828884e-02  -9.5959811e-02  -3.0208208e-01  -1.1179645e-01   3.0420670e-01  -2.4703537e-01  -1.1088184e-01   4.5143040e-01  -2.1949007e-01  -6.1155552e-03  -1.2145945e-01   1.8458688e-01   3.5817167e-01  -4.3498350e-01   2.6393870e-01   5.5726342e-02  -1.3055708e-01  -2.4027403e-01  -5.9951449e-03  -1.7891540e-01  -1.0558159e-01  -1.9823355e-01  -9.5193293e-02   6.5497336e-02  -8.8230956e-02   4.2393001e-01   2.9574474e-01   4.2169923e-01   1.5727179e-01   3.9665969e-01   7.8696987e-02   2.9587725e-02  -6.4819269e-02  -1.9051026e-01   1.2119830e-01  -1.5153697e-01  -3.4970554e-02  -1.2075893e-01   8.2865464e-02  -5.1789745e-01   1.4404823e-01   8.8150011e-02   5.6834399e-02  -8.6553124e-02   7.0670258e-03   2.7864613e-02  -3.1988292e-02   4.7807189e-01  -2.3909683e-01  -3.0409154e-01  -4.5353369e-01   2.7768024e-02  -7.6245989e-02  -2.2419240e-01   1.6919425e-02   8.9550436e-02  -4.0380286e-01  -1.5652445e-02
   2.8378144e-01  -3.3507607e-01  -1.2558220e-01   3.0353218e-01  -2.8644506e-01  -8.8216202e-03  -2.3058160e-02   0.0000000e+00   1.0262895e-01  -1.3039515e-01   4.0541117e-01  -9.9109894e-02   7.0498512e-02   3.5204702e-01   3.2195063e-01   3.3242020e-01  -1.8605007e-01   4.1988722e-01   1.4738699e-02  -1.8128021e-01   5.8635738e-02   2.1498653e-01  -1.2974586e-01   8.2424790e-02  -8.8033067e-03   1.7126465e-01  -2.2630055e-01  -9.3033960e-02  -1.6229745e-02   2.9146356e-01   4.1301650e-01   1.9282143e-01   3.6864669e-01  -4.3365727e-02   3.4712807e-01  -1.4097202e-01   1.5074602e-01   5.5402643e-02   4.5027316e-01  -2.9073355e-01   7.0011713e-02   2.9101212e-01   1.1975344e-01   2.3216534e-01  -1.6831079e-01   6.3630300e-02   2.3540402e-01   3.4998451e-02  -4.9538092e-02  -2.8634461e-01   4.7529421e-01   7.0007899e-01  -2.8089768e-01   1.6230455e-01   1.5286107e-01   2.5301960e-01   3.1621632e-02   2.9647466e-01   3.2689316e-01   5.5052894e-01   5.7023690e-02   5.8806988e-02   1.5895132e-01  -8.0255797e-02  -3.0517705e-01  -1.6835420e-01   6.8161507e-02   6.4388768e-02   3.7249700e-01  -2.3892725e-01  -3.1139559e-01   1.9220599e-01   1.2504812e-01   3.1977349e-01   2.4606731e-02   2.6938606e-01   2.1133225e-01   1.4132066e-01  -4.1601632e-01   2.4923334e-01  -1.7716680e-03   3.9577045e-02   1.1452343e-02   9.0109394e-02  -7.4583921e-02   3.4044308e-01   1.7445115e-01   1.7735441e-01  -2.7653999e-01   2.0343861e-01  -4.4924776e-01   1.3360936e-01  -2.1372950e-01   4.1792310e-01   2.2798408e-01  -1.7926675e-01   3.1660297e-01   1.9802187e-01   9.0645402e-02   1.2114220e-01   1.9551627e-01   3.5253601e-01   1.6077027e-01   4.5200623e-01   2.9509236e-01   1.8973961e-01   2.1464528e-01   3.1805824e-01   1.5544833e-01   1.6206468e-01  -4.8166181e-02   4.5851475e-01  -4.8459110e-02   3.9587859e-01   2.4214539e-01  -4.3323415e-01   1.5186665e-01   8.0076791e-02  -8.2617047e-02   2.1697740e-01   2.3816514e-01  -4.1232170e-01  -8.7548678e-02  -3.2150365e-02   1.5599736e-01   1.9530749e-01   3.0133596e-01   1.1371929e-01   3.6821507e-01  -4.0727586e-01   2.5315686e-01   1.6154642e-01  -3.8249828e-02   2.2485988e-01   2.0918323e-01   5.6417204e-01   8.3852982e-02   2.3628902e-01   1.6670584e-01  -3.9043534e-02   1.1119219e-01  -1.0258661e-01   4.7319496e-01   5.0174939e-02   2.9967627e-01   4.0112630e-01  -2.1848265e-01  -7.0773863e-02   3.3418415e-02  -2.1222248e-01   1.7395455e-01   8.0421948e-02   3.0752205e-01  -1.6521465e-01  -3.0325266e-01   1.0740670e-02   9.7661880e-02   2.3656276e-01  -8.2113749e-03   7.5623754e-02  -1.2756083e-01   3.8188047e-01  -3.0478029e-01   4.5967476e-01   1.2800394e-02  -3.0922750e-01   2.7388196e-02  -2.4177119e-01   1.9096725e-01  -2.1586130e-01  -4.0577512e-01   1.2017470e-01   9.5508914e-02   1.7094912e-01   1.8723018e-01   1.9616635e-01   2.8005085e-01
  -2.2900528e-01   1.9862292e-01  -3.4705410e-01   3.9390112e-01   8.8404355e-03  -2.2712898e-01   1.1400352e-01   1.0262895e-01   0.0000000e+00  -3.1194547e-02   3.4257957e-01   2.8365600e-02   5.9836134e-02  -2.4683850e-02   5.0376840e-02   8.7126013e-03  -2.5949875e-01   5.5522265e-01  -2.5329056e-02  -8.4377468e-02   3.4162117e-01   1.3737029e-01  -8.2905560e-02   1.4156131e-01  -1.3692119e-02  -2.5121263e-02   1.9718155e-01  -2.8024947e-01   2.0311809e-01   4.2359102e-01   1.3092235e-01   2.9056666e-01   2.5131628e-01  -1.0546671e-01  -1.0079638e-01   1.7597786e-01   1.0160836e-02  -1.1000506e-01   2.0948828e-01  -1.8292618e-01   4.3356417e-02   3.3752431e-02  -8.0934079e-03  -1.2604323e-01   1.3448958e-01  -1.4486875e-01   2.2891244e-01   1.8474332e-01  -1.5034793e-01  -2.9928054e-01   2.6111002e-01   6.2140637e-02   9.6118385e-02   3.3491533e-03  -6.3235480e-02  -1.9966273e-01   7.0030029e-02   1.4600909e-01   3.8216537e-01   4.4797537e-02  -2.3980215e-01   2.1897909e-01   2.1531056e-01   5.6836552e-01   3.9785605e-01  -2.9497039e-02  -3.5851134e-01   2.0320441e-01   1.7380002e-01  -5.3259906e-01   2.7721729e-01   3.4305142e-01   2.9517314e-01  -2.7931058e-01   9.6270847e-02   2.3907095e-01   9.2375780e-02  -4.3109307e-02   1.9837499e-01   2.1227069e-01  -2.7958182e-01   1.8565111e-01   5.1705875e-03  -1.2576549e-01  -2.8137924e-01   1.6107446e-01   5.4352009e-01  -1.0367808e-01   2.2829387e-01   3.1915805e-02   8.8023851e-02  -1.1733386e-01  -4.6250376e-01   1.9423414e-01   1.9734492e-01  -2.3481891e-01  -2.9646873e-01   1.8025707e-01  -5.9948936e-02   1.0887353e-01  -2.3938466e-01   1.8639055e-01  -4.3940149e-02   3.0856475e-01   2.2181815e-01   4.2254123e-01  -3.0483857e-02   1.5367719e-01  -4.5304973e-02  -1.5079441e-01  -2.6056957e-01   8.0330057e-02   2.5119488e-01  -5.0266446e-02  -3.0956513e-01   2.9332796e-01   5.6812902e-02   1.1452960e-01  -3.5722582e-01   3.0271238e-01   2.3018744e-01  -5.9009848e-02   1.4706469e-01   6.5264682e-01  -1.3911559e-02  -1.0810538e-01   1.9957128e-01   2.7492958e-01   3.7683712e-01  -3.4420922e-01   2.6894573e-01   4.9463133e-01  -1.0725306e-01   1.8768702e-01   2.1645363e-01   3.2660150e-01   1.4374012e-01  -2.1504473e-03   2.7089851e-01   1.8984456e-01   1.1360933e-01  -2.3855758e-02   2.3058022e-01  -5.6392979e-01   7.2814250e-02   2.4932308e-01  -1.4710368e-01   2.9549679e-02  -1.3700359e-01   3.4885773e-01  -3.5379287e-01   4.4335381e-02   1.4562934e-01   3.9307025e-01  -3.3917576e-01   1.0852816e-01   1.8368188e-01   2.1060401e-01  -1.1481574e-01  -1.4170257e-01   2.9206655e-01   3.2282226e-01  -8.0919696e-03   3.0952011e-01   3.7081572e-01   2.6123025e-01   2.7037585e-01  -1.9358299e-01  -5.0322367e-02  -2.4657613e-01   2.2695445e-01  -2.5165718e-02   7.7970322e-02  -4.7389044e-01   7.6894756e-02  -1.1778940e-01   3.1255332e-01
  -3.6447761e-01   2.5381977e-02   2.3054298e-01  -2.5541100e-01   1.0826100e-02  -5.7904346e-02   1.2514603e-01  -1.3039515e-01  -3.1194547e-02   0.0000000e+00  -1.9674288e-01   2.9792998e-01   3.6523199e-02  -2.7275781e-01  -7.5376464e-02  -3.2958840e-02   2.0703711e-01  -4.8541491e-02   1.3491060e-01   9.7818423e-02   2.1548217e-01  -2.9711284e-01   1.2045410e-01  -3.2062564e-01  -6.0158926e-02  -1.1408992e-01  -6.3774700e-02  -1.6162159e-01  -3.3051526e-02  -2.2487078e-01  -1.0332287e-01  -1.7096979e-01  -6.4240101e-02   4.3367891e-01  -1.3898375e-01   6.5550497e-02  -2.3380755e-01   2.1153674e-02  -9.6052195e-02   1.8143120e-01   1.2754794e-02  -1.2670861e-01   2.0020682e-01  -9.6354102e-02   4.0091220e-02  -2.0348651e-01  -2.0797764e-01   5.8406372e-02  -1.8828462e-01   2.4574430e-01  -7.3515167e-02  -4.4392501e-02   2.3378801e-01  -2.3621861e-01   1.0541389e-02  -3.0685313e-02   1.0896188e-02  -2.1309857e-01  -1.7629702e-01  -1.2934292e-01  -7.0165791e-02   6.5696156e-02  -1.0546446e-01  -1.6078230e-01   1.2875784e-02   5.0728701e-01  -8.1458494e-02   6.7893846e-02  -2.7673533e-01   3.3361264e-01   3.7013271e-01  -1.1370468e-01  -1.2421915e-01  -3.8078844e-02  -3.4004721e-02  -1.3425405e-01  -1.7702206e-01  -1.5935608e-01   2.1384025e-02  -2.2468967e-01  -1.0533152e-01  -3.2676340e-02   1.2562731e-01  -1.4960651e-01   3.5815553e-01  -2.0882460e-01  -4.3083185e-02  -2.8652048e-01  -5.6284520e-02  -2.6641740e-01   8.8702385e-02  -2.5575922e-02   2.0699716e-01  -5.5057552e-02  -2.0728962e-01   1.5882124e-01  -1.4783988e-01   2.3411996e-02  -1.5450510e-01   4.5726036e-01   7.4004776e-03   6.2664790e-03  -2.7606412e-01  -1.9443535e-01  -2.8460736e-01  -1.6168463e-01  -1.5442174e-01  -2.0075414e-01   4.7546737e-02  -2.2689624e-01   2.6605679e-01  -3.0075902e-01  -1.7229519e-01  -2.8194065e-01  -2.9303704e-03   3.9987842e-02  -1.7567000e-01  -3.8836331e-02  -9.8392108e-02  -4.1803886e-02  -2.6377929e-01   9.1877077e-02   1.2474833e-02  -1.8823301e-01  -2.8664533e-01  -2.8087735e-01  -2.5152451e-01  -2.3895758e-01  -1.4148939e-01   4.3901659e-01  -1.1746017e-01   2.1396329e-01  -1.8474285e-02  -1.3627569e-01  -3.1381708e-02  -1.6197194e-01   2.6012215e-02  -2.1231268e-01  -3.2681450e-01  -3.1404182e-01  -2.9545157e-01   2.6894269e-02  -3.3968222e-01   4.1573300e-02   3.4359112e-02  -2.9076762e-01   4.9988440e-01   2.2659938e-01   4.5348293e-02   1.0036369e-01  -5.4284992e-02  -7.7640703e-02  -1.9590137e-01   5.5847603e-03   3.2435744e-01  -2.7911143e-01  -2.2598665e-01  -1.0837117e-01   1.4391155e-03  -2.1458699e-01   2.8832779e-03  -1.8620839e-01   4.3127374e-01  -4.2736132e-01  -6.4249540e-02   4.0694517e-02   6.6097077e-02  -1.4881841e-01  -2.7143071e-01   2.2867640e-02   4.0122469e-02  -1.6348691e-02  -3.7805697e-01  -1.5859178e-01   1.3003665e-01   1.2943513e-02  -1.2520995e-01
   1.3119236e-01  -8.4223625e-02  -5.7488864e-01   4.5450563e-01  -1.3670454e-01   1.2588801e-01   2.8664891e-01   4.0541117e-01   3.4257957e-01  -1.9674288e-01   0.0000000e+00  -3.8954763e-01   3.4212250e-02   2.2391325e-01   2.4011065e-01   3.2757226e-01  -6.5193986e-01   6.8953011e-01  -2.4770629e-01  -2.4414392e-01   4.0320034e-01   3.5177578e-01   1.6998326e-01   1.3673759e-01   3.4690634e-02  -1.1603791e-01   1.2685806e-01  -1.2323742e-01   9.2041282e-02   6.5050982e-01   2.2074217e-01   2.6511907e-01   2.7977599e-01  -1.7084598e-01   1.3778538e-01   3.0126205e-01   5.3876032e-01  -1.5197162e-02   4.3946201e-01  -4.7911297e-01   2.9441959e-01   1.3257264e-01  -2.6842727e-01   3.3469775e-01  -2.1688518e-01  -1.9067552e-01   8.0257204e-01   3.4658364e-01  -2.7566927e-01  -6.6978326e-01   7.3375709e-01   3.1380217e-01   3.6188205e-02  -1.6070126e-02  -6.2493276e-02   3.2015513e-01   3.2033932e-02   2.1416146e-01   4.7204066e-01   1.7455081e-01  -2.1969101e-01   3.3073431e-01  -5.9446958e-02   2.2840244e-01  -1.8967391e-02   6.5570647e-02   2.3341726e-01   1.4304310e-01   7.0785663e-01  -5.3090627e-01  -1.6764963e-01   4.7287964e-01   3.9595942e-01   5.9776370e-02   1.7226072e-02   2.0001326e-01   1.9986830e-01   2.8834901e-01  -3.4441503e-01   1.6391219e-01   5.9480517e-02   2.1306639e-01   1.9960768e-02  -1.2120770e-01  -6.3281904e-01   1.7572455e-01   1.6674518e-01   9.4572713e-02   4.8976968e-02   4.4210642e-02  -3.0215053e-01  -2.8906554e-01  -4.2461939e-01   3.3030034e-01   2.5343492e-01  -4.9887839e-01  -9.9438307e-02   1.6676258e-01  -3.3057664e-02  -3.3422767e-02   9.5227359e-02   2.4429015e-01   1.6712771e-01   3.2238960e-01   7.0640382e-01   1.5153932e-01  -4.4986776e-02   4.3408568e-01   8.7357464e-02   5.8454148e-01  -3.6924081e-02   5.9155800e-01   2.5267821e-01  -7.0881957e-03  -8.3190535e-02  -3.1823693e-01   2.2642869e-01   3.8598995e-01  -2.9157262e-02   2.5234831e-01   2.7219573e-01  -4.5991979e-01  -9.4435199e-03   5.3610398e-01   7.4280706e-02   2.2155648e-01   6.7966637e-01   6.6189475e-02   1.7836063e-01  -5.3280937e-01   3.7608745e-01   4.1450091e-01  -4.5344015e-01   3.7064258e-01  -2.1739091e-02   2.9802025e-01  -2.1017239e-01   1.9997480e-01   1.6538553e-01   4.7698151e-02   7.2026900e-02  -9.9786177e-02   6.7077168e-01  -1.2846605e-01   2.5678428e-01   6.7309395e-01  -4.2928596e-01   4.0955008e-01   3.6810962e-01   3.0045303e-02   1.0253328e-02   4.4816623e-02   2.1752470e-01   2.8057660e-01  -5.9606142e-01   5.5089883e-02   2.0968630e-01   3.1490547e-01  -3.5573235e-01   2.3947729e-01   5.9848838e-02   7.0840803e-01  -8.3379110e-02   7.2037030e-01   2.2107773e-01  -2.9892325e-01   5.0518471e-01  -1.3881494e-02   6.1958594e-02  -5.0759002e-01  -1.8629423e-01   2.8822819e-02   1.7742543e-01   1.6393792e-01  -8.9690110e-03  -7.8527638e-02   2.8575683e-01
  -3.4168259e-01   4.0593806e-01   5.6255564e-01  -1.8317545e-01   2.3604372e-01  -1.3635816e-01   5.1708875e-02  -9.9109894e-02   2.8365600e-02   2.9792998e-01  -3.8954763e-01   0.0000000e+00   4.9677105e-02  -3.7172472e-01   1.2596483e-01   1.2791270e-01   4.5759994e-01  -1.1115491e-01   4.8230397e-02   3.3435006e-01  -2.2428018e-01  -3.9551020e-01  -2.7653663e-01  -2.9810130e-01  -1.3672566e-01  -6.8333894e-02   1.2667010e-01  -2.0754729e-01   9.6425361e-02  -3.6517554e-01  -3.5753121e-01  -1.8904105e-01   1.1510924e-01   2.9759124e-01  -1.0814111e-03   1.8920864e-01  -3.2364590e-01  -2.7636292e-01   8.7739520e-04   4.9544748e-01  -1.8976601e-03  -2.5472127e-02   5.1868211e-01  -2.0179735e-01   3.7070067e-01   8.1985135e-02  -2.6380760e-01  -3.4037833e-01  -1.8468442e-01   4.7158728e-01  -2.4714190e-01   4.2310443e-02   1.8172980e-01   5.4145424e-02   6.0082182e-02  -3.3220524e-01   2.0218054e-02  -2.0600324e-01  -2.3613607e-01   1.6639995e-01   1.3677137e-01   7.5097012e-02   3.8788096e-01  -1.7995078e-02   1.2543502e-01   4.4404016e-02  -1.1977646e-01   2.4830168e-02  -3.1584691e-01   3.2643017e-01   3.7707954e-01  -1.4522364e-01  -1.2170251e-01  -1.1106903e-01  -1.7208626e-01  -2.1124397e-02  -1.3953188e-01  -1.7371492e-01   4.4949134e-01  -1.1755134e-01  -3.3798789e-01   3.6633730e-02   6.2606406e-02  -1.3007766e-01   3.8020872e-01  -1.2526803e-01  -6.3023107e-02  -1.1895055e-01   1.1487226e-01  -2.7934495e-01   2.2345552e-01   3.2863018e-01   4.2859414e-01  -5.6491699e-02  -2.0261074e-01   3.2598554e-01  -4.0171172e-02  -7.9728939e-02   1.6174630e-02   1.6412037e-01  -4.4376122e-01   2.2016386e-01  -3.6485698e-01  -1.5740661e-01  -3.5360591e-01  -1.0792562e-01   1.3835403e-01  -2.4082803e-01  -1.3772942e-01  -3.3853807e-01   1.2261135e-01  -2.5729210e-01  -9.2625392e-02  -1.4187845e-01  -2.0395714e-01   3.5303694e-01  -2.8912830e-01  -6.4334565e-02  -3.2168112e-01  -1.6096744e-01  -7.5604006e-02   4.8163148e-01   3.7841278e-01  -1.6414973e-01  -4.6357556e-02  -2.7844958e-01  -2.0791683e-01  -1.4245767e-03  -4.1573818e-02   3.8383842e-01   1.7157672e-01   4.9896615e-02   3.8874570e-01  -5.3333219e-01   2.6360365e-01   2.5226014e-02   1.0803386e-01  -3.4138832e-01  -2.1732385e-01  -1.0020857e-01   1.7611244e-02   1.5466088e-02  -3.7250919e-01  -7.3443443e-02  -8.3147405e-02  -4.4339801e-01   4.9090546e-01  -1.4009745e-01  -2.6503301e-01   1.5247149e-01  -2.5305568e-01  -2.0865171e-01  -2.7369034e-02  -4.7065806e-03   6.1431203e-01  -2.1823775e-01  -2.0768232e-01  -2.2037419e-01   2.4818881e-01  -3.2958470e-01   1.3224164e-01  -3.9550709e-01   1.2981186e-01  -4.5492380e-01  -1.1551978e-02   5.4046082e-01  -5.8485516e-02  -3.2236432e-01  -8.5320486e-02   2.8788032e-01   4.4860015e-01  -1.2096798e-01  -1.9339397e-01  -1.9013722e-01  -1.3879363e-01   1.4431795e-02  -9.8116196e-02
  -8.4373358e-02  -7.6539254e-03   1.6595311e-01  -2.9331993e-02   3.5092055e-01  -7.9621557e-03  -1.3732365e-02   7.0498512e-02   5.9836134e-02   3.6523199e-02   3.4212250e-02   4.9677105e-02   0.0000000e+00  -2.7316125e-02  -4.8292980e-02  -1.7425880e-02   2.2593062e-01  -6.6432663e-02   7.6810527e-02   4.2302176e-01  -5.6985463e-02  -5.9176397e-03  -1.1466149e-02  -1.4322409e-01   1.3184360e-01  -1.6598821e-02   8.6066427e-02  -2.4085495e-02   1.7193700e-01  -1.6646327e-01  -1.0083328e-01  -9.2512748e-03   1.3422682e-01  -1.0775069e-01   5.4256051e-02   2.9256313e-01  -1.5046779e-01  -8.2052112e-02   3.2138890e-02   2.4389205e-01   4.1130506e-01   2.6999858e-01   1.2849250e-01   2.3335548e-02  -7.9451200e-02  -2.1788746e-02   1.0744536e-01  -5.6239429e-02   1.1454430e-01   1.9086043e-01   1.9127646e-02   1.4116070e-01  -2.3580426e-02   8.2011337e-02   8.7757892e-02  -1.6615461e-01  -6.7041537e-02  -4.2200134e-02   1.2281080e-01  -5.0267386e-02   1.5487228e-01   2.2759187e-01   4.0401874e-02  -5.4394523e-03  -1.1531326e-01  -3.4157582e-02   2.5816825e-02   9.8999367e-02   3.1028795e-02   7.4827910e-02   6.4837591e-02   1.1741975e-01   2.2934918e-01  -3.7726606e-03   6.1970135e-02   2.5926506e-02   9.8627616e-02  -4.5397370e-02   1.6994117e-01   1.4457603e-01  -3.6996860e-02   1.4689481e-01  -5.8440383e-02   5.5168121e-02   7.0054316e-03  -3.1291019e-02  -8.2878651e-03  -2.9395306e-02   1.2223990e-01  -1.9190421e-01   2.3453668e-01   2.7032231e-01   7.2752245e-02   1.2070023e-01  -2.3926622e-02   3.6506376e-01   1.3014643e-01   6.4477466e-02   7.5654167e-02   1.1579733e-01  -3.6600782e-02  -8.2506546e-02  -4.4411168e-03  -1.5638569e-01  -7.1998040e-02   6.8203984e-02   1.3963278e-01   9.3019943e-03   4.9215750e-02  -2.2300705e-01  -3.5183866e-02   3.4894218e-02   2.4237689e-02  -1.1132236e-01  -5.0121280e-02   1.5708304e-01   2.7600355e-03   4.5720805e-01  -1.0498218e-01   9.6179213e-02   8.4598220e-02   1.9046659e-01   1.9163001e-01  -6.4191679e-02   1.5790357e-02   4.8326847e-02  -1.0373904e-01   1.9905705e-01  -9.8094640e-02   6.2967033e-02   3.5484986e-01   1.5532027e-01  -3.3542308e-02  -5.5436598e-02   1.0881488e-01   8.9294798e-02   3.7307178e-01  -1.6052982e-02  -1.7146488e-02  -2.1591158e-01   2.2107829e-02   3.7909668e-01  -1.2575591e-01  -1.5867202e-01  -4.3143732e-02  -9.4389547e-02   1.0311677e-01  -7.5335352e-02  -1.3282568e-01  -4.1486540e-02  -9.2298915e-02   1.2403923e-01   1.3127744e-01   8.5774292e-02   1.5960944e-01  -1.9847499e-01  -6.1682011e-02   2.8013549e-01   1.8546796e-01  -6.7522821e-03   1.6773017e-01  -1.0324801e-01   8.7675331e-02  -5.7533883e-02   3.7904167e-02   1.4904139e-01  -2.1155093e-02   3.2021522e-02   5.7588127e-02   1.6610324e-01  -1.5462148e-02   8.0680228e-02  -4.7185634e-02  -9.9683105e-02   4.5016822e-02   2.5227202e-01   5.5929109e-02
   6.6670185e-01  -5.2414603e-01  -2.8502259e-01   2.0660025e-01  -4.9694428e-01  -1.4719832e-01  -6.6484082e-02   3.5204702e-01  -2.4683850e-02  -2.7275781e-01   2.2391325e-01  -3.7172472e-01  -2.7316125e-02   0.0000000e+00   4.6476434e-01   2.2887200e-01  -2.7657100e-01   1.6440399e-01  -1.7195197e-01  -3.7116831e-01   1.4929370e-01   3.2343288e-01  -3.6738086e-02   3.3312205e-01   1.0025360e-01   1.5957737e-01  -2.9796240e-01   3.5392710e-01  -1.0765658e-01   2.2854124e-01   5.9549343e-01   2.3113590e-01   2.8254928e-01  -1.0806027e-01   3.7347662e-01  -4.0960496e-01   3.1825480e-03   1.2036985e-01   1.7942470e-01  -5.2306281e-01  -7.9930532e-02   2.2476666e-01  -4.7725028e-02   3.7966370e-01  -3.3473357e-01   2.1481016e-01  -1.5716721e-03   1.9717107e-01  -3.0596104e-02  -3.4610369e-01   3.1098102e-01   2.1467390e-01  -3.3854047e-01   1.5986503e-01   3.0660301e-01   3.5536047e-01  -1.1368557e-01   2.8165043e-01   1.7852328e-01   3.1485474e-01   1.7014206e-01  -7.2846836e-02  -5.0558347e-02  -8.9308041e-02  -2.6165826e-01  -3.0260899e-01  -5.9821257e-02  -8.9680088e-02   1.5412810e-01  -3.0057891e-01  -4.1735011e-01   1.6084225e-01   3.8375455e-02   5.0250094e-01   1.0007042e-01   1.0716415e-01   3.8477967e-01   2.5515247e-01  -5.3402613e-01   2.5401049e-01   4.8114756e-01  -5.1488687e-03   2.0239025e-02   2.4589810e-01  -1.1272512e-01   2.6186752e-01   1.4102775e-01   5.9409713e-01  -2.1798707e-01   4.1875663e-01  -5.1115989e-01   5.9302557e-02  -2.6590312e-01   2.1245657e-01   4.3381145e-01  -3.6614758e-01   2.5061972e-01  -1.5173687e-01  -7.6347317e-02  -7.2589202e-02   5.2127141e-01   2.1009511e-01   4.6897125e-01   3.3430734e-01   2.7355624e-01   1.3869445e-01   1.5356080e-01   7.9925281e-02   1.6495303e-01   1.2325217e-01  -9.3411088e-02   3.5174611e-01  -1.5270027e-01   5.2649266e-01   4.6609427e-01  -5.2690631e-01   2.9286367e-01   3.5427922e-02   3.2857809e-01   2.9866905e-01   3.8624339e-01  -5.8427309e-01  -2.8082852e-01  -8.0619113e-03   3.2412244e-01   4.9525460e-01   2.0797991e-01   1.8134368e-01   2.0030926e-01  -5.2168823e-01   1.1893738e-01  -2.2766930e-02   2.6657648e-02   4.7324213e-01   1.2129408e-01   1.3815149e-01  -1.4249853e-01   6.0736249e-01   2.3844731e-01   1.5098503e-01   3.1755958e-01  -1.6001512e-01   2.4684290e-01   1.0086621e-01   4.7398623e-01   3.9086221e-01  -2.9972107e-01  -1.8340234e-01   4.2553190e-02  -1.8060884e-01   3.8690307e-01   3.5695562e-01   3.2449118e-01  -4.1858661e-01  -5.3808794e-01   2.4327027e-01   3.3216883e-01   2.2495736e-01   3.8873124e-02   4.2506351e-01  -1.2079887e-01   1.9668485e-01  -4.4303000e-01   4.2549612e-01   7.9931232e-02  -4.6051394e-01  -1.6458019e-01   1.3911670e-01   3.5143018e-01  -3.2419862e-01  -4.8303811e-01   2.7778894e-01  -1.0447592e-01   7.2506847e-02   1.6318995e-01   2.2376572e-02   1.1318845e-01
