   0.0000000e+00   9.3846770e-02   4.4677291e-02  -7.6488055e-02  -7.0985084e-02  -2.4003285e-01  -1.2677009e-01   4.0813031e-02   8.9481845e-03  -2.2332740e-01   1.1370302e-01  -5.1171637e-02  -1.5701946e-02   5.0572295e-01   7.6121348e-02  -2.0843238e-02  -5.1157199e-02  -2.5432249e-02  -2.4117269e-02  -1.1873141e-01   5.6590916e-02  -1.4526185e-02  -1.5731486e-02   5.7458230e-01   3.4640928e-02  -6.4785368e-02  -2.3179908e-01   3.9958790e-02  -1.5130360e-01  -4.3955868e-02   5.5280197e-02  -1.9074751e-01   1.1016778e-01   8.1556580e-02  -1.3828388e-01   2.3962748e-01   6.4374448e-02  -3.9087270e-02  -1.0324362e-01  -2.9585794e-02  -9.3585540e-02  -3.5840286e-02  -2.0681356e-01  -1.4587825e-01   1.4672221e-01   3.1789069e-01   3.2559481e-01  -1.5518766e-01   3.5238546e-02  -9.3288389e-02  -8.1326966e-02  -4.4624448e-02   2.4061514e-01   2.6972073e-02   1.2341055e-01   1.4020711e-01  -5.3177112e-02  -8.3851486e-02  -3.6748789e-02  -2.2511924e-01   2.9471024e-01   1.2237671e-01   2.6340962e-02   9.1570068e-02   1.1353600e-01  -1.0981506e-01  -2.0154443e-01   2.8844840e-02  -3.3325365e-02  -7.5864496e-02  -1.1474286e-02  -1.6137326e-01   8.5723195e-02   5.2029159e-01   1.5535232e-02   1.3240968e-01  -5.8055197e-02   6.7752972e-03   1.3888224e-01  -1.2540696e-01   3.5915195e-01  -1.8178870e-02  -1.4193584e-01  -4.6421021e-02   3.4504870e-01   1.3026980e-01   3.9844985e-02   4.4922203e-01   2.0960075e-01   7.4371993e-01   4.1760667e-02   6.9187918e-02   5.0525225e-02  -2.9234774e-02   3.6127579e-01  -1.5001107e-01  -2.1559135e-01  -3.2605064e-03  -2.4637516e-01   1.1522501e-02   8.4603722e-02  -7.1622637e-02  -1.1840476e-02  -6.7824998e-02  -6.2529277e-02  -3.6829663e-02   6.0668146e-02  -2.0625096e-02   2.6165638e-01  -1.0770135e-01  -5.0953624e-02  -4.6870917e-02  -2.0073014e-01   8.0692746e-01   4.7889030e-02   1.8080507e-01   1.7437759e-01   1.9429277e-01  -4.6279331e-02  -2.1955500e-01   4.6576662e-01   1.5319166e-02  -6.6493912e-02   4.4285630e-02   3.1104772e-01   1.5984073e-01  -3.4156069e-02   1.7020469e-01  -8.8505812e-02  -6.1818944e-02  -5.4673628e-02   2.3589177e-01  -5.7295396e-02  -1.1429161e-02  -2.7627279e-02   8.8129149e-02  -1.8746458e-02   9.2514941e-02  -1.8710206e-02   5.0486296e-01   4.6702076e-01   6.2349341e-02   9.8269764e-02  -3.3431789e-01  -7.1446876e-02   2.0709101e-02   2.9417449e-02   5.0094262e-02  -7.2313511e-02   3.6929706e-02   4.3846360e-01  -4.6849295e-02   2.7296205e-01   1.2595977e-01  -8.3225883e-02  -6.3015771e-02   3.8741900e-01  -4.3638460e-02   8.0500332e-02   1.1553406e-01  -6.8537587e-02   2.3704177e-03  -2.0221188e-01  -1.4134401e-01  -2.0463532e-01   2.3582000e-01   1.0598309e-01  -1.5721104e-01   5.6716216e-01   2.6604552e-01   1.6553323e-01   8.8807748e-02  -5.0980835e-02  -3.9056250e-01   4.2846707e-02  -1.5741468e-01   4.8047002e-02
   9.3846770e-02   0.0000000e+00   1.7898934e-01  -2.2302647e-01   2.1587795e-01  -1.2436997e-01   2.7215393e-01  -8.5887367e-02   2.2387586e-02  -4.3639365e-01  -2.5793431e-01   3.0185009e-02  -3.1071503e-01  -1.3599590e-01  -3.2017952e-01  -3.7404580e-01   3.5306033e-01  -4.1420066e-01  -1.2603616e-02   5.4249777e-02   5.8961145e-02  -4.8797129e-01   1.9894877e-02  -2.1620856e-02  -8.2852579e-03  -4.3573965e-02   1.0560403e-01  -5.1895132e-01   2.4690356e-01   5.3408249e-02   1.6760512e-01  -1.9932448e-01  -7.1593530e-02   4.2054585e-01  -2.4285680e-01   3.4081240e-03  -2.3677388e-02  -7.2998324e-02  -1.0802119e-01   2.9796112e-01  -2.6163249e-01  -1.8927883e-01   1.2842902e-01  -4.2809988e-01   3.2919587e-01  -1.3754751e-01  -2.9331243e-01   2.6745569e-01   2.7068573e-01   1.0120753e-01  -5.7961274e-01   1.3413630e-01   7.0682034e-01  -1.7715511e-01   6.6393982e-02  -3.7632488e-01  -2.9096021e-02  -5.0399745e-01  -2.0769917e-01  -6.8073209e-02  -1.0042552e-01   2.3750572e-01   4.7236476e-01   1.6486616e-01   5.7739033e-01  -4.8165049e-01  -9.2226851e-02   1.4123308e-01  -4.5448769e-01  -1.3648821e-01   6.4108431e-01  -2.8580144e-01   1.0879059e-01  -2.2813309e-01   1.0945459e-01   7.0863016e-02  -1.1584202e-01  -2.1349069e-01   5.5156253e-01  -1.5654498e-01  -2.9161906e-01   7.4956724e-02   8.9566095e-02  -2.9364164e-01   1.3155530e-01  -6.7181626e-02   7.3433050e-02  -5.6587292e-02   2.1379169e-01   1.5955820e-01   5.1551272e-01  -4.6359026e-02   3.0229661e-01  -2.2430575e-01  -1.0467387e-01   1.7763689e-01  -1.1581835e-01   2.4909878e-01   1.4324977e-01   2.1968628e-01   1.4647315e-01  -3.0874657e-01  -2.7085864e-01   2.8716727e-01  -5.7227184e-01  -1.5201242e-01  -1.7603036e-01  -2.1268587e-01   1.2191505e-01   1.4409155e-01   2.9074530e-01  -6.1223246e-01  -1.6658186e-01   4.6550748e-02  -3.3789928e-01   7.9664914e-01  -3.3288205e-01  -1.7006274e-01  -3.1737512e-01  -2.8411940e-01  -6.4429320e-02   3.2776966e-01   2.4349711e-01   3.1711580e-01  -8.4166334e-03  -3.7115313e-01  -3.7718888e-02   1.8495285e-01  -3.1401262e-01  -7.3337362e-02  -1.0265218e-01   5.3613842e-01  -1.6265364e-01   5.8141478e-01   4.0033260e-03  -7.1369753e-02  -1.0457229e-01  -3.1185003e-01   5.5565880e-03  -1.8619830e-01  -1.1923557e-01  -1.4673477e-01  -3.5524528e-01  -3.9805600e-01   5.1077896e-02  -1.2012559e-01   4.0427693e-01  -2.1135841e-01  -3.7714205e-01   3.0665739e-01  -8.5743192e-02  -3.6798944e-01  -2.4206696e-01   4.8647300e-01   5.3079404e-01  -1.7453666e-01  -2.3029263e-01  -1.2274306e-01   9.1330390e-03  -2.0702395e-01   1.2826571e-01  -9.8845597e-02  -1.3399582e-01  -5.1177410e-01  -2.3560858e-01   6.6499661e-01   3.6209411e-02  -4.1674424e-01  -4.8952270e-02   7.8113333e-01   5.4119727e-01   4.7444510e-02  -7.0753844e-02  -1.9076039e-01   5.5855921e-02   2.1000560e-02  -4.1930533e-01
   4.4677291e-02   1.7898934e-01   0.0000000e+00  -2.0000227e-01   2.0346775e-01   3.1678148e-01   2.2367012e-02   3.1190532e-01  -3.8991647e-02  -1.4649039e-01  -1.6413874e-01   4.1799117e-01   2.3679100e-01  -1.1009004e-02   1.6999781e-01   1.9815615e-01   8.0060947e-01  -1.7188636e-01   2.3074871e-01   8.5300819e-02  -3.5005099e-01  -8.7500845e-02  -1.4182810e-01  -1.9112342e-01   2.7387930e-01   1.1612912e-01   2.4575160e-01   1.0726109e-01   2.7986184e-01  -2.4346623e-01  -1.6671392e-01   1.3152798e-01   1.7006288e-01   2.4545447e-01   6.4481283e-02   7.8107579e-02   7.1865211e-02  -2.5462902e-01   1.2955995e-01   4.6225250e-01   1.1341809e-01   2.7270241e-01   2.0820525e-02  -8.2238855e-02   3.6207648e-02   3.2743581e-01   6.8836249e-02  -3.1877050e-01  -3.3679189e-02   5.5762678e-01  -7.4226977e-02   4.1271141e-01  -1.1459269e-01   4.3766272e-01   7.3087488e-03   1.5271287e-01   2.5695326e-01  -1.0689232e-01   1.2241464e-02   6.5365050e-02   5.0838754e-01   2.4177691e-01   1.5887021e-01  -4.6838554e-02  -6.9016854e-02  -1.0040322e-01   3.0583765e-01   9.1161206e-02   2.5620276e-02   5.6398370e-01  -2.2618364e-02  -4.7143055e-02   7.1779843e-02   1.9115235e-01   3.8547401e-01   5.9953170e-03   2.4009106e-01   1.8511391e-01   2.1794746e-01   7.4169561e-02   3.1670987e-02   5.2136912e-02   2.3174154e-01   9.8231800e-02   3.8615948e-01   1.1459139e-01  -1.3410199e-01   1.9951449e-01   3.6510770e-01  -9.1465755e-02   3.7420194e-01   5.5540262e-01   5.6763667e-01   9.3295792e-03   6.8991883e-02   3.1011443e-01   2.8657608e-01   2.2408349e-01   1.1149954e-01  -1.9221849e-01   2.5857463e-01  -4.9193459e-02   3.4467086e-03   5.1288279e-02   6.1217176e-03   1.0266685e-01   3.9337358e-01   2.4240118e-01  -1.4437326e-01  -9.9624584e-02   5.7937547e-01  -1.5940406e-01   2.9507318e-01   9.5113943e-03   1.1877075e-01  -1.7839017e-02   1.5761730e-01   4.6415842e-02   1.9288344e-01   1.7038984e-01  -2.1484606e-01   4.9497623e-01   4.0874877e-01  -3.6586217e-01  -2.5427332e-02   1.0651455e-01  -2.7562650e-01   2.0135470e-01   9.4499696e-02   5.9607548e-01   2.1813084e-01  -2.1711158e-01   2.6039446e-01  -1.0725835e-01   1.8058524e-02   1.2913554e-01   3.0761889e-01  -9.4907860e-02   2.0755173e-01  -4.9977151e-02  -1.1423564e-01   3.1896712e-01   1.6344649e-02   3.0546746e-01  -1.6323972e-02  -9.2942754e-02   4.9166232e-01  -2.0186603e-01   1.0818994e-01  -3.8255602e-01   2.3408282e-01  -6.8207839e-02   4.7206027e-01  -3.2080179e-01   6.6098477e-01  -1.7837340e-01  -3.3073535e-02   1.1574523e-01   3.6766483e-01   1.5464699e-01   3.2332275e-01  -3.5287851e-02  -7.0138154e-02  -4.2358913e-03   7.1394034e-02   3.1659794e-02  -8.9922794e-02  -3.0332775e-02   3.6844625e-01   1.9167781e-01   2.0127381e-01  -1.6851789e-01   6.5241305e-02   3.5190390e-01   3.2676784e-01   8.1110870e-02  -9.6909068e-04
  -7.6488055e-02  -2.2302647e-01  -2.0000227e-01   0.0000000e+00  -2.3305113e-01  -3.8697809e-02  -8.7146008e-02   1.1127933e-01   4.7562859e-01  -6.3866806e-02   1.7721657e-01  -4.0598966e-01  -1.9093733e-01  -5.9209352e-02  -8.1474201e-02   1.1428632e-01  -2.3599109e-01   1.4887567e-01   1.0224835e-01  -1.1514424e-01   1.5284481e-01   2.1587487e-01   1.0003777e-01   1.2601720e-01  -2.9690768e-01   3.2937412e-01  -1.6133446e-02  -5.8438443e-02  -1.2366292e-01   1.3947664e-02   1.2316507e-01   1.8290883e-01   2.6825236e-01  -3.7892999e-01   1.7102799e-01   1.2511038e-01  -4.6363537e-02  -3.1702480e-02   3.0411706e-01  -2.2844894e-01   2.9865370e-03   2.2259510e-01   1.1502279e-01  -2.5553190e-02  -4.4321624e-01   8.5833476e-02   2.2540291e-01  -1.4697754e-01  -2.7646288e-01  -2.0118297e-01   1.0798923e-01   4.8264444e-02  -6.5701630e-02  -1.8940995e-01   9.5369429e-02   9.1602557e-02   2.7945085e-01   4.5259031e-01   3.2950149e-01   2.2017660e-02   1.1141959e-01  -1.9434900e-01  -1.8103020e-01   1.6566658e-01  -3.3772311e-01   6.9493061e-02   1.2478098e-01  -2.6022834e-01   3.5773398e-01  -7.2485837e-02  -2.0236911e-01  -3.6324733e-02   4.5488334e-03  -1.3178709e-01  -2.4026239e-02   1.3584971e-01   2.3516221e-02   9.5148369e-02  -3.0616201e-01   1.9697280e-01  -4.2231781e-02  -2.0128508e-01  -1.1174885e-01   2.9298016e-01  -1.9244012e-01   1.0952043e-01   1.1584676e-01  -1.1217666e-01  -2.7546674e-03   6.4405296e-02  -3.4683157e-01   1.5287736e-01  -4.0364325e-01   4.8446350e-01   2.0803574e-01  -1.3723580e-02  -1.2452933e-01   2.2677252e-01  -2.9442037e-01  -2.1070571e-02  -5.7449664e-02   2.9536088e-01   3.5549503e-02   2.0280757e-01   1.7182527e-01   1.8722410e-01  -9.4117502e-02   3.0190193e-01   8.0210971e-02   2.5428640e-02  -2.0117271e-01   1.9233063e-01   2.4699400e-02  -1.5772710e-02  -7.1799977e-02  -1.9515851e-01   1.8971303e-02   8.9242943e-02  -6.2720749e-02  -1.0416821e-01   8.8539450e-02  -3.8910885e-01  -1.5183504e-01  -9.3380067e-02   1.7245308e-01  -1.1918977e-01  -1.7299142e-01   1.4518625e-01   3.2970357e-01  -1.7880787e-01  -2.2920072e-01   1.0018176e-02  -2.3372404e-02   3.6519018e-02   2.2184650e-01   3.6032092e-01   7.6569962e-02   2.0953856e-04   2.4496249e-01  -1.1803100e-01   1.0168455e-01  -1.2116852e-01   3.7200361e-01  -1.3213011e-02   1.1980610e-01   1.0584974e-01  -2.1748694e-01  -4.6439676e-02  -1.3376941e-01  -1.9931679e-01  -1.2002962e-01   1.2821930e-01  -8.2332504e-02   1.2823088e-01  -1.2093840e-01  -3.1643376e-01   7.6354609e-02  -2.7114849e-02   1.9301718e-01   1.6601710e-01  -2.9536659e-01   1.8647043e-01  -9.0095252e-02   2.4697579e-01   4.7246810e-02  -2.1940036e-01   1.4050760e-01   7.3261594e-02   2.1831029e-03  -1.6052778e-01  -4.9001832e-01   1.9630151e-03   2.7823626e-02  -2.1472290e-02  -3.5583920e-01  -2.8782326e-01   3.8900667e-01
  -7.0985084e-02   2.1587795e-01   2.0346775e-01  -2.3305113e-01   0.0000000e+00   3.1728547e-01   1.3934633e-02   9.6648576e-02  -4.1634958e-02   2.2246518e-01   1.9921240e-02   2.0611952e-01   2.9557830e-01  -7.1323127e-02  -4.6880930e-02  -3.2289576e-02   2.8242035e-01  -4.4766859e-02  -3.1597519e-02   6.7291822e-01  -2.2260597e-01  -1.4568601e-01  -8.4321849e-02  -1.1435378e-01   3.4610654e-01  -7.3950836e-03   3.4743301e-01   5.2002659e-02   2.8764011e-01  -5.0791222e-02  -2.4334797e-01  -7.3215222e-02   1.0918861e-01   2.6965120e-01   1.3922750e-02   2.6909586e-01   1.4773733e-01  -3.5341691e-01  -1.1914946e-01   4.2460444e-01   3.4266003e-01   7.0531975e-02   1.8433242e-01  -3.5196736e-02   1.5305877e-01  -1.0754276e-03  -5.2199005e-02  -4.1062712e-02   5.7797843e-01   1.6936761e-01   6.0160847e-02   1.7607235e-01   1.1806129e-01   2.9849443e-01  -5.9533544e-02  -4.5144739e-02   4.0916114e-02  -1.2468120e-01  -4.9955855e-03   2.9361148e-01   1.6458777e-02   3.1758211e-01   4.1475496e-01   1.0091298e-01   2.4169068e-01   4.4962360e-03   3.4815718e-01   2.5844097e-01  -1.3803525e-01   1.5778507e-02   1.1136030e-01   1.4587643e-01   3.6105595e-01   1.2146569e-02   2.5548539e-01  -3.9547523e-01  -8.7269077e-02  -1.6494751e-01   5.5272451e-01   1.8842667e-01  -7.9553198e-02   4.9398139e-01   2.1465036e-01  -2.6466734e-02   6.5465229e-02  -8.6807808e-02   1.9225169e-02  -1.7464035e-01   3.0785290e-01  -7.0599117e-02   5.7728374e-01  -9.6559411e-03   3.6662012e-01  -2.1168938e-02  -7.3144925e-02   6.0061372e-01   1.9769394e-01   1.1871029e-01   5.7394847e-01   6.0296846e-03  -3.1339274e-02  -2.6274343e-02  -1.6630869e-01  -3.0423447e-02  -5.0901946e-02  -1.9805468e-03   2.5813682e-01   6.3512378e-02   7.6726699e-02   3.9313050e-03   2.9810229e-01  -1.0077842e-01   3.3425332e-01   6.7866564e-03  -2.1443189e-01   3.4653308e-01   1.1853513e-01   1.8799870e-01   3.5413161e-02   2.5374975e-01  -1.9131025e-01   5.5053356e-01   3.4129803e-01   1.5156602e-01  -2.4005868e-01   2.1129132e-01   1.2476733e-02   8.3779331e-02  -5.8559562e-02   9.5395573e-02   1.4807108e-01   5.5590528e-02  -1.0814617e-01   6.2330064e-02   4.5677197e-02  -1.1426703e-01   1.3926002e-01  -1.2753632e-01  -4.2274963e-02  -1.1321505e-01  -2.7369392e-01   2.4461027e-01  -9.3442601e-02  -9.8222419e-02  -2.1638536e-03  -1.6455700e-02  -3.8763523e-03   1.0714359e-01   7.2476599e-02   1.3888625e-02   7.5990792e-02  -2.1593784e-01   9.7351160e-02   4.1710679e-02   2.3387752e-01  -3.6453855e-01  -7.7697852e-02   2.5506259e-01   4.6962089e-02  -7.1981184e-02   3.0621436e-01   2.7753768e-02   3.0912900e-01   8.1700667e-02   1.7832312e-01   2.5168739e-01   4.4596562e-02  -1.8652490e-01   4.8618575e-02   2.9174242e-01   4.4484217e-01  -3.5511068e-01   4.1827665e-01   1.6895282e-02   1.9025467e-01   1.8773544e-01  -2.3183651e-01
  -2.4003285e-01  -1.2436997e-01   3.1678148e-01  -3.8697809e-02   3.1728547e-01   0.0000000e+00  -1.5325502e-01   3.1124407e-01   2.2829359e-01   3.4606799e-01   2.7223957e-01   4.4373894e-01   3.9670449e-01   3.5130576e-02   1.2826856e-01   2.7420007e-01   1.9715669e-01   2.3826046e-01   2.3970019e-01   1.1870439e-01  -2.8304860e-01   3.7399043e-01  -4.5316173e-01  -1.3969352e-01   2.0416163e-01   1.9435013e-01   5.9828992e-01   5.1026699e-01   1.0353963e-01   1.4829002e-01  -3.1865813e-01   3.7973337e-01   3.3254391e-01  -1.5016815e-01   3.7616776e-01   3.4669935e-01   5.1686560e-02  -3.6674640e-01   1.9727512e-01   4.9937109e-01   3.9897246e-01   1.6851423e-01   1.1959358e-01   2.2653175e-01   1.0889303e-02   1.3991843e-01   2.7052228e-01  -1.7818163e-01   1.9019929e-01   2.8675279e-01   4.5596595e-01   2.1482318e-01  -1.9095283e-01   3.4035452e-01  -1.5412976e-01   2.8415348e-01   2.9008489e-01   3.8042506e-01   2.2423950e-01   4.4498188e-01   4.2958358e-02   2.7801466e-01   1.4919782e-01   1.0336852e-01   7.3836652e-02   3.8851210e-01   7.6340408e-01   6.5978679e-02   2.9515388e-01   4.7148586e-01  -3.0844058e-01   3.6940803e-01   2.2559945e-01   1.3905207e-01   4.8889645e-02  -1.7495347e-01   8.6821126e-02   6.3345433e-02   8.3506929e-02   9.0431419e-03   9.8314965e-02   3.7957087e-01   1.2929710e-01   4.7675095e-01   4.1965086e-02   6.7053398e-02   1.9740969e-01  -2.3486319e-01   3.0845033e-01  -2.0900873e-01   2.4173969e-01   1.4011019e-01   1.8012984e-01   4.0414174e-01  -2.3208442e-02   1.5337913e-01   3.9809663e-01   6.3381771e-02   3.6745628e-01  -5.2811217e-01  -4.3786933e-02   2.1347633e-02   2.3090057e-01   2.8188603e-01   3.8666336e-01   3.8072243e-01   3.1230055e-01   4.1108908e-01  -4.7118541e-01  -1.3435867e-02   2.0385103e-01   3.7996681e-01   4.0434331e-01  -1.3813215e-01   6.5245420e-02  -2.4545483e-01   3.6582276e-01   1.1033927e-01   4.2998406e-01   6.0166699e-01  -1.3232877e-01   2.8016887e-01   4.2056438e-02  -1.0398974e-02  -2.2890950e-01   4.3382589e-01   3.1731113e-02  -3.0258898e-01   3.8626333e-01   4.4659333e-01   3.3054861e-01  -3.5689813e-01   2.4778502e-01  -3.7173554e-01   1.8090716e-01   1.2063107e-01   8.3500886e-03   1.9433808e-01   1.2900095e-01  -8.6636570e-02  -2.2970416e-01   1.2052712e-01   2.3706916e-01   4.5650478e-01  -1.7127942e-01   5.4981601e-02  -1.1995229e-01   3.7329310e-01   5.8296403e-01  -3.0192571e-01   5.7420398e-02   1.6211241e-01   3.0308393e-01  -3.0606972e-01   2.1668365e-01  -1.5892717e-01   1.5009554e-02   3.0506665e-01   1.4123040e-01   7.8998521e-02   2.4312769e-01   1.6899878e-01   3.2010193e-01   4.5619719e-01   6.0284938e-01  -2.7278130e-01   8.6379717e-02   2.1252908e-01   6.1610058e-02  -2.0539923e-01   1.4931225e-01  -5.0118432e-01   4.8506172e-01   5.1029370e-01   2.2056640e-01  -6.0043141e-03   3.9233063e-01
  -1.2677009e-01   2.7215393e-01   2.2367012e-02  -8.7146008e-02   1.3934633e-02  -1.5325502e-01   0.0000000e+00  -1.0559033e-01   1.4654713e-01  -2.3071065e-02  -7.8754523e-02   7.4284469e-02   1.0893261e-01  -5.2470493e-02   1.5352692e-01  -1.9282401e-01  -8.4373724e-02  -2.0629807e-01  -1.3180190e-01   3.3160698e-02   3.8041409e-02  -2.3963939e-01   6.2212500e-01  -9.8242868e-02   4.7275053e-02  -1.1438625e-01  -3.1801312e-02  -1.3524206e-01   1.1369714e-01   1.3192388e-01   1.3057626e-01  -7.2372801e-02   5.0458035e-02   5.8438769e-01   3.1287864e-02  -1.1883024e-01   8.7162220e-02  -1.0896487e-01  -1.0115677e-01   7.3846568e-02   1.7873763e-02  -1.9598777e-03   2.7009501e-01  -1.5406068e-01   1.7363201e-01  -8.0561074e-02  -2.6436890e-01   6.1659956e-01   7.3551721e-02  -1.7529278e-01  -1.3019228e-01  -6.7004304e-02   3.8244994e-01  -2.8732098e-02   2.1163961e-01  -1.9812718e-01  -2.0689675e-01  -1.7952390e-01   3.1207142e-02  -2.5678295e-02  -1.9859253e-01   1.3403863e-01   1.9800297e-01   8.2400184e-02   2.1474017e-01  -1.9821876e-01  -2.2819068e-01  -1.6584434e-01  -3.4276294e-01   3.8009984e-02   5.5483064e-01  -1.2978769e-01  -1.6985426e-02  -2.4579806e-01  -7.0472870e-04   5.0335914e-02  -2.2009584e-01  -1.8259231e-01   7.6264562e-02  -1.5915439e-01   3.1124929e-01   9.9943049e-02   9.4715822e-03  -1.9187805e-01  -3.2758624e-02  -6.9397730e-02  -2.9129109e-02   5.1770952e-02  -2.5297492e-02  -7.1328913e-02  -9.8728669e-02  -9.6938628e-02   1.4469463e-01  -4.5487610e-02  -1.2392922e-01  -1.9699341e-01  -1.5926064e-01   8.7622748e-05  -6.5393240e-02   4.3612253e-01   2.9530746e-01   2.0861321e-01   6.6849808e-02   2.6877911e-02  -1.5615810e-03  -8.9442320e-02  -2.7982664e-01  -1.6426554e-01   1.6179475e-01  -4.6272613e-02   4.0169645e-01  -1.0903891e-01  -3.7263913e-02  -1.1973415e-01   2.1929966e-01   1.4376664e-01  -1.5686427e-01   9.2312785e-03  -2.0179356e-01  -1.7484513e-02   5.2802947e-02  -7.7322679e-02   1.7371483e-01  -5.3896819e-03  -8.4425926e-02  -1.4971794e-01   1.6353886e-01  -1.5753344e-01  -3.0499255e-02  -1.0848575e-01  -8.9542735e-02   3.3900063e-01  -2.1781024e-01   2.9089429e-01   4.4732830e-02  -9.0390841e-02  -1.4738453e-01   5.6766674e-02   4.7383254e-02  -9.4588498e-02  -1.3247358e-01  -1.3648284e-01  -1.7958830e-01  -1.9548094e-01   3.7704642e-01   3.4399463e-02   5.9505355e-01  -2.8918201e-01  -2.5355171e-01   2.4217663e-01   1.1252675e-01   1.5366572e-01  -2.1571740e-01   7.6701286e-02   8.1892742e-02  -1.5626033e-01   1.8145033e-02   5.4817925e-02  -2.1787730e-01   3.4816973e-01  -9.6075292e-02  -1.9300095e-01  -1.4962922e-01  -1.4361566e-01  -1.2340735e-01   2.8023197e-01  -5.9970382e-03  -1.1767366e-01  -1.9095937e-01   1.8668159e-01   1.3033107e-02  -7.4107153e-02  -1.6500105e-01  -2.7802862e-01   6.4343801e-02   1.9352566e-02  -2.4122206e-01
   4.0813031e-02  -8.5887367e-02   3.1190532e-01   1.1127933e-01   9.6648576e-02   3.1124407e-01  -1.0559033e-01   0.0000000e+00   1.2404206e-01  -9.2854776e-02   6.4200241e-02  -9.0459585e-03   1.4517694e-01   2.0834429e-01  -8.5436412e-02  -6.7070580e-02   1.7793576e-01   1.6777563e-02   4.4981733e-01  -7.2616201e-02  -2.4010179e-01   6.8484984e-02  -2.1959921e-01  -3.9935317e-03  -2.4380804e-02   5.0828744e-01   3.1132386e-01   2.7039155e-01   1.6133885e-01  -1.5493641e-01  -1.8239145e-01   2.2394105e-01   1.5283863e-01  -1.3987439e-01   6.0486812e-02   3.4687618e-02  -1.7065649e-01  -3.0172982e-01   6.3029129e-02   1.3853885e-01   2.0953392e-01   3.4151740e-01   4.7866233e-02   9.5406077e-02  -1.9631149e-01   3.1014371e-01   1.6652118e-01  -2.1871629e-01   1.3570237e-02   1.1555166e-01   1.0540311e-01   7.1483429e-01  -2.3237013e-01   2.8427935e-01   5.1699369e-02   2.2673460e-01   3.8094936e-01   1.5883914e-01   2.2184740e-01  -1.2842239e-01   2.5582746e-01  -2.2242069e-03   1.7865056e-01   4.2281935e-02  -1.8854312e-01  -5.5896606e-02   4.7262428e-01  -4.2645471e-02   2.8752858e-01   1.8197816e-01  -1.9936731e-01   2.2386974e-02   7.3139196e-02   9.6991283e-02   1.6315471e-01   2.2309008e-01   1.0832441e-01   3.0334315e-01   3.3986367e-02   2.4235531e-01   1.3749256e-01   4.0006239e-03   1.1747639e-01   4.5584666e-01  -1.7525947e-02   3.3244852e-01   8.0328145e-02   2.4387228e-02   3.4572928e-01   4.1910984e-02   1.2596680e-01   3.0993462e-01   8.6818458e-02   1.5625760e-01   2.0511225e-01   2.3106941e-01   5.6770017e-02   5.5293039e-01  -1.2523262e-01  -1.3745925e-01  -4.7578564e-02  -2.6983028e-03   2.8921217e-01   7.5447626e-03   1.3295430e-01   3.7679348e-01   1.1798529e-01   6.5112899e-01  -1.6985222e-01  -1.4552740e-01   1.4060594e-01  -2.7156896e-02   1.7654661e-01   5.4525002e-02  -3.2128458e-02  -1.3040721e-01   3.3147875e-01   2.3787335e-01   1.0519207e-01   1.4725960e-01  -1.6611529e-04   1.7127404e-01   2.1293873e-01  -2.7218761e-01   2.2796808e-01   1.4885156e-01  -2.1196892e-01   2.0153580e-01   2.8722135e-01   1.3488466e-01  -1.2849206e-01  -2.0138785e-01  -3.1094030e-02  -1.3131452e-01   3.2489113e-01   6.7256807e-01   2.8325314e-01  -7.6620897e-02   5.3676480e-01  -9.6000402e-03  -3.8529852e-02   9.7530924e-02   2.6644916e-01   4.9735659e-02  -1.4886692e-01   1.4374186e-01  -1.9326455e-03  -1.3544773e-01   5.1911663e-02  -7.2231111e-02   1.3765590e-01   3.0496885e-01   2.5951709e-01  -2.3561905e-01   1.3622973e-01  -1.8417205e-01   1.2241505e-01   1.4953644e-01   4.3735234e-02   3.4324159e-01   2.0114473e-01   1.7113583e-01   1.3726204e-01   7.9475085e-02  -5.1555691e-04  -1.4561114e-01  -1.5297172e-02   2.1228564e-01   8.3091000e-02   1.8278955e-02  -3.2629818e-02  -3.3721284e-01   1.1149655e-02   8.9001396e-02   7.0830089e-02  -3.3457992e-02   1.4195634e-01
   8.9481845e-03   2.2387586e-02  -3.8991647e-02   4.7562859e-01  -4.1634958e-02   2.2829359e-01   1.4654713e-01   1.2404206e-01   0.0000000e+00   3.9580857e-02   1.8316690e-01  -1.4898357e-01   1.9996802e-01   1.3159826e-01   1.0887140e-02   7.6612426e-02  -9.4611508e-02  -5.2850277e-02   5.3402341e-02  -1.0162909e-01   9.0121367e-02   1.4747042e-01  -4.9901006e-02   3.5503486e-01  -5.9883044e-02   3.2651203e-01   2.3753104e-01  -4.5425471e-04   2.0034692e-01   2.1049333e-01   5.3603650e-02   1.8603099e-01   4.3887174e-01  -1.4995499e-01   2.6860945e-01   2.0229660e-01   1.0457957e-01  -3.3456627e-01   3.6335662e-01   1.5556798e-01   2.3948479e-01   9.4469874e-02   3.4315467e-01  -8.2253335e-02  -1.4249317e-01   1.3122170e-01   1.5657385e-01   1.7144347e-01   1.0190785e-01  -7.0115534e-02   1.8914727e-02   1.3290487e-01   2.2550928e-01  -2.3830934e-02   3.8346492e-02  -1.0320004e-02   1.4819048e-01   2.8148249e-01   3.5022568e-01   3.0013695e-01   5.4105260e-02   2.2111420e-01   3.7713940e-01   3.0038109e-01   1.9312512e-01  -5.5435967e-02   2.9495967e-01  -2.4039235e-01   1.8217914e-01   1.2769689e-01   1.3832239e-01  -1.7083277e-01   2.7653025e-01  -6.0480007e-02   1.9335842e-02   2.1773704e-01  -1.0307950e-01   1.5269857e-02  -3.2016290e-02   7.5865378e-02   9.2935623e-02   1.3560175e-01  -1.2267804e-01   2.9553438e-01  -1.1080336e-01   9.0624106e-02   2.7107314e-01  -4.4362284e-02   2.9599083e-01   2.1669203e-01  -4.6882952e-02   2.0699218e-01  -3.2857575e-01   6.6753572e-01   1.5068046e-01   1.3550352e-02  -1.3349441e-01   1.6317170e-01  -1.6058795e-01  -1.7080026e-01   8.8474131e-02   2.5749727e-01   7.7719810e-02   4.5543172e-01   1.0330951e-01   3.1553665e-01   1.2569979e-02   2.4469622e-01  -1.8372947e-02  -9.0333738e-02  -1.8473856e-02   6.3567746e-02  -2.2587083e-02   6.5466063e-02  -1.2894324e-01  -1.0214779e-02  -8.6756424e-02   2.9365168e-01  -3.6322646e-02   1.4376912e-01   2.3798285e-01  -7.7473051e-02   9.3259912e-02  -2.5914182e-02   1.2902894e-01   1.5628141e-01  -1.4514085e-01  -6.3640150e-02   3.9202586e-01  -4.7507651e-02   1.2660300e-01   1.5158822e-01  -8.7179680e-02   1.0252578e-01   4.1692649e-01   3.2804696e-01   4.8486656e-04   2.7058651e-02   3.1124066e-01  -1.0401209e-01   1.0508239e-01  -1.1733659e-01   1.0634497e-01  -1.4167498e-01   1.5198167e-01   8.5092473e-02  -7.7805216e-02   1.7770627e-02  -1.6582002e-01   7.8808902e-02   5.8258882e-02   1.0142259e-01   3.1438200e-02   1.3963625e-01   7.0894987e-02  -2.0737315e-01   2.5813368e-01   1.2788739e-01   1.2182753e-02   1.4566980e-01  -3.9993981e-02   7.7533189e-02  -8.4483891e-03   1.9861779e-01   2.5654524e-01  -7.9280963e-02   1.3832230e-01  -1.9711686e-02   8.6551695e-02   2.7246794e-02  -1.5854606e-01  -2.3926160e-01   1.5758435e-02  -1.4212368e-01  -2.5918228e-02  -2.7256656e-01   3.3062394e-01
  -2.2332740e-01  -4.3639365e-01  -1.4649039e-01  -6.3866806e-02   2.2246518e-01   3.4606799e-01  -2.3071065e-02  -9.2854776e-02   3.9580857e-02   0.0000000e+00   4.3881131e-01   3.2905370e-01   4.7753374e-01   4.1941462e-02   1.2288872e-01   9.4333507e-02  -2.4083686e-01   4.4526632e-01  -2.1141667e-01   2.8226573e-01  -8.0597010e-02   4.6209657e-01   2.7855870e-02  -1.0243479e-01   1.8373831e-01  -1.3476541e-01   1.6357364e-01   4.8134639e-01  -1.5220617e-01   3.5642647e-01  -2.1471784e-01   2.1130976e-01  -3.1489108e-04  -1.3746730e-01   3.2754413e-01   1.6397343e-01   2.8100674e-01  -1.9619235e-01  -1.0445847e-01  -1.4767239e-02   4.7839243e-01  -3.2594765e-02  -2.8289990e-03   3.5167935e-01  -1.7158967e-01   3.8566237e-02   2.6317655e-01  -1.7636786e-03   7.6404983e-02  -2.3432338e-01   5.9997862e-01  -2.3088967e-01  -3.0077443e-01   1.0363257e-01  -3.4348096e-01   3.0286956e-01  -1.6705212e-01   4.2398235e-01   1.7757274e-01   4.0313465e-01  -1.2730770e-01  -2.2350920e-02  -1.1548901e-01  -1.9402900e-02  -1.3192062e-01   6.8052609e-01   2.7856227e-01  -4.9901414e-02   2.8328226e-01   2.9437825e-01  -3.2971769e-01   3.6464427e-01   1.1792403e-01   1.8849845e-01  -1.8237218e-01  -1.2397335e-01  -1.9810328e-01   1.5772542e-02  -3.3748783e-01  -2.4850810e-02   1.4427509e-01   2.6737444e-01   6.3138573e-02   2.0985589e-01  -1.0641343e-01   8.3914736e-03  -8.9919827e-03  -1.7354232e-01  -6.3105761e-02  -2.2619045e-01  -1.4838413e-01  -2.5298485e-01  -1.5262749e-01   3.1906740e-01  -4.8357217e-02   4.3765626e-02   1.5051171e-01  -3.8116694e-01   2.6706024e-01  -1.0186059e-01  -9.8350550e-02   1.0114901e-01   2.4571137e-01   8.0849476e-02   5.4500879e-01   1.0079498e-01   6.7377515e-02   9.9935233e-03  -2.2358113e-01   1.5731649e-01  -1.4712225e-01   5.9119615e-01   2.9638169e-01  -7.0306658e-02   2.9364262e-01  -4.7768806e-01   1.4819171e-01   3.4298373e-01   4.9740893e-01   4.9171829e-01  -1.4698298e-01  -8.3768293e-02  -1.5485322e-01   8.7911594e-02  -2.7606097e-01   4.9795404e-01   2.5465951e-01  -4.6847752e-01   2.8351714e-01   2.8553799e-01   6.4726959e-02  -3.3982391e-01   1.6121451e-01  -4.4412383e-01   2.8365653e-02  -1.6161933e-01  -1.8009645e-01   2.6583056e-01  -8.3435426e-02   1.8820750e-01  -4.7331854e-02   5.7256999e-02   1.2422455e-01   4.2243435e-01  -5.2442931e-02   1.7929090e-01  -2.4030650e-01   5.5548922e-01   6.0720711e-01  -1.5486175e-01   6.5995612e-02   2.0721389e-01  -1.6592549e-02  -3.2037541e-01  -4.0418979e-01  -1.0812558e-01   7.8350241e-02   3.6937602e-01  -8.0896345e-02   6.7472161e-02   3.6560067e-02   9.8062618e-02   5.7260324e-01   5.1506747e-01   4.8311251e-01  -4.0525266e-01  -3.3326575e-04   3.4770931e-01  -2.1983251e-01  -5.4750614e-01  -1.0233569e-01  -3.7603063e-01   3.8558126e-01   2.5305272e-01   6.8884914e-02  -1.3326301e-02   1.9294639e-01
   1.1370302e-01  -2.5793431e-01  -1.6413874e-01   1.7721657e-01   1.9921240e-02   2.7223957e-01  -7.8754523e-02   6.4200241e-02   1.8316690e-01   4.3881131e-01   0.0000000e+00   1.4616557e-01   2.1036683e-01   1.6843083e-01   2.3531794e-01   1.9094609e-01  -2.1018152e-01   5.7838691e-01  -9.5047067e-02  -1.2019560e-01   3.5995346e-01   4.4698428e-01   6.7704587e-02  -1.3893994e-02  -1.1967203e-01   7.4634078e-02   6.6462176e-02   4.2390690e-01  -2.5284748e-01   4.5072792e-01   1.1317795e-01   2.2722061e-01   1.7222197e-01  -5.2366670e-02   2.9598285e-01   4.9137329e-01   5.1760980e-02  -3.9900812e-01   1.9544287e-01  -7.4105450e-02   3.7625482e-01   2.3087411e-01  -1.9555026e-01   4.6666072e-01  -1.4062643e-01   2.8597848e-01   6.4799680e-01   1.7197340e-01   1.4262659e-02  -3.1207374e-01   5.2347519e-01  -1.8356650e-01  -1.9158814e-02  -7.3138133e-02  -1.3212999e-01   4.9051644e-01   1.0251585e-01   3.7831538e-01   2.5888324e-01   2.6464974e-01   7.6244923e-02  -3.9424979e-02  -1.9751802e-01   2.3082070e-01  -5.8073576e-02   5.5948637e-01   2.4318386e-01  -2.6522733e-01   4.6384316e-01   2.8757413e-01  -1.7116626e-01   1.8215533e-01   3.0260090e-01   2.7534233e-01  -2.5556763e-01   1.5614326e-02  -3.7077143e-02   1.4186336e-01  -2.6371911e-01  -1.3734034e-01   2.3359956e-01   1.9056836e-01   1.9771840e-01   2.1278191e-01   1.0497888e-01  -4.4502397e-02   1.3397544e-01  -1.5791632e-01  -4.5862872e-02   1.4689333e-01  -2.3472484e-01  -2.6116972e-02  -6.3239547e-02   3.2981481e-01   2.8838642e-01  -1.8652281e-01  -9.5142073e-02  -1.4407720e-01  -1.0786943e-01  -1.2300185e-01   1.1047544e-01   3.9710158e-01   4.1921461e-01   1.1093974e-01   4.8295459e-01   5.4307956e-02   7.5612768e-02   2.1994894e-01  -1.3822999e-01   2.9171731e-01   4.9020621e-02   5.3832634e-01  -1.3592019e-02   2.6373466e-01   2.6948757e-01  -2.6030703e-01   3.3203209e-01   4.0034997e-01   4.2024134e-01   1.6101095e-01   1.2753899e-01  -2.4346340e-01  -2.1425837e-01   3.5812988e-01   1.0131072e-01   3.7981624e-01   2.5148666e-01  -2.0447651e-01   2.1570232e-01   2.4798754e-01  -1.0036007e-01   1.6413842e-01   1.8875200e-01  -7.5234749e-02   1.6918660e-02   1.4108121e-01  -2.6060217e-01   4.1453610e-01  -8.0215947e-02   1.8609230e-01  -7.4499023e-03  -4.3742548e-02   4.2972073e-01   2.9784847e-01   1.2705831e-01   3.5530224e-01  -1.7741150e-01   6.8776733e-01   5.3133759e-01   4.0816721e-02   1.9061055e-01   2.5625034e-01   5.8988355e-02   2.1924963e-01  -3.3082407e-01  -3.0051128e-01   2.1916582e-01   1.8377808e-01   1.5691127e-02   1.9611433e-01  -1.9906830e-01   4.1422756e-01   4.3658984e-01   4.6317825e-01   2.8170078e-01  -2.2519180e-01   4.2075818e-01   3.4783561e-01  -3.8846476e-02  -1.8204360e-01  -8.6839424e-02  -4.1403918e-01   2.6215958e-01   2.0461776e-01  -7.1399917e-02  -1.8850755e-01   3.1302953e-01
  -5.1171637e-02   3.0185009e-02   4.1799117e-01  -4.0598966e-01   2.0611952e-01   4.4373894e-01   7.4284469e-02  -9.0459585e-03  -1.4898357e-01   3.2905370e-01   1.4616557e-01   0.0000000e+00   2.1246942e-01   9.5870188e-02   3.3349088e-01   1.7122617e-01   1.8340629e-01   2.3410019e-01   1.9341343e-01   7.3496492e-02  -1.1614589e-01   2.6257729e-01  -6.7429919e-02  -2.7081041e-01   3.7200282e-01  -1.9178290e-01   1.0197077e-01   4.7994920e-01  -3.3730596e-02   2.6200906e-01   5.1433000e-03   2.2009027e-01   7.3130406e-02   1.7716000e-01   2.8021844e-01   7.6898168e-02   1.5145551e-01  -4.0861612e-01  -3.7384832e-02   2.2774877e-01   2.2713257e-01   8.5506194e-02  -5.7123996e-02   3.7160173e-01   2.2337132e-01   1.6942618e-01   1.2654028e-01  -1.8944747e-02   1.3274685e-01  -3.5466929e-02   3.4629649e-01  -7.5059778e-05   3.1366111e-02   2.9885558e-01  -1.6683161e-01   3.3571608e-01  -4.4855664e-02   2.9596092e-02   1.2438355e-01   5.1830665e-01   1.7260520e-02   1.9270510e-01   3.4479390e-02   1.3528298e-01   4.5127511e-02   3.6463573e-01   2.9328151e-01   4.3703075e-03  -4.7939823e-02   4.2926447e-01  -1.2738097e-01   2.4753850e-01   1.9278959e-01   4.4891335e-01   3.6006556e-02  -9.7432464e-02  -1.2897306e-01   3.4041176e-02  -6.9453926e-02  -1.0991524e-01   1.6178010e-01   3.9824394e-01   4.2945169e-01   6.1611378e-02   4.1440289e-01  -3.3317949e-02  -1.4815848e-02   1.5749720e-02   1.2493563e-01  -2.3004844e-01   1.7310240e-02   5.4092505e-02   4.7410354e-01  -1.7530563e-02  -2.1675844e-01  -2.2924637e-02   2.7014617e-01  -2.0358935e-01   2.7755272e-01  -1.4084921e-01   1.7633148e-01   3.7736583e-02   2.6540595e-01   5.1462383e-02   3.3007247e-01   2.8056441e-02   2.9316406e-01  -2.4936608e-02  -2.5552017e-01   1.5982791e-01   4.4001394e-01   3.0071189e-01   4.0383165e-01  -9.4549316e-04   3.8774517e-01  -2.2560253e-01   1.7213607e-01   3.3835640e-02   5.6967402e-01   4.5738600e-01  -3.1815305e-01   9.1003378e-02   1.4750057e-02   1.4843865e-01  -3.5564086e-01   5.4435787e-01   3.0966585e-01  -2.4766787e-01   5.1390377e-02   5.5799854e-01   8.0241178e-02  -2.2335086e-01   4.2805913e-01  -1.2526327e-01  -1.0631751e-01  -6.5713491e-02  -2.0506826e-01   3.4277219e-01  -7.1752951e-02  -1.5912841e-02  -2.7586083e-01   6.4179283e-02   1.7117511e-02   5.7741667e-01   2.0182254e-01   2.1664353e-01   2.9310423e-01   3.1096012e-01   5.6342298e-01  -1.6509392e-01   2.8389992e-01   1.2364079e-01   2.1495796e-01  -3.3933579e-01   7.1806275e-02  -2.6560514e-01  -1.5395227e-01   4.3066873e-01   1.0058305e-01  -6.2448580e-05   8.8241303e-02   4.7918105e-02   3.2200590e-01   3.1441954e-01   4.1603589e-01  -3.8594797e-02   5.5020939e-02   2.6075132e-01   5.5460096e-02  -1.2533019e-01   2.5250322e-01  -5.1642001e-01   3.2356605e-01   4.9172611e-01   3.0157036e-01   9.1000594e-02   1.1490020e-02
  -1.5701946e-02  -3.1071503e-01   2.3679100e-01  -1.9093733e-01   2.9557830e-01   3.9670449e-01   1.0893261e-01   1.4517694e-01   1.9996802e-01   4.7753374e-01   2.1036683e-01   2.1246942e-01   0.0000000e+00  -4.6337205e-03   2.1936129e-01   2.3839574e-01   2.4152157e-02   2.2027561e-01   4.3612253e-02   3.2099989e-01  -2.9324329e-01   2.5501782e-01  -6.5673567e-02   1.3060915e-01   3.4061030e-01   1.2526140e-01   3.6645795e-01   3.9764747e-01   1.5999245e-01   7.9318853e-02  -3.5244218e-01   3.0121533e-01   1.6041178e-01   2.8159772e-03   3.1620241e-01   1.7161205e-01   1.8677532e-01  -1.3543571e-01   1.1399541e-01   2.6303905e-01   6.9536892e-01   2.1333697e-01   2.7185722e-01   1.2960721e-01   3.4215186e-02   1.9102390e-01   1.6265719e-01  -3.4638437e-02   2.7066445e-01   1.3684043e-01   4.5325123e-01   1.8465426e-01  -1.8112351e-01   4.2099564e-01  -2.6220532e-01   2.8990473e-01  -1.1556134e-02   3.3697112e-01   2.1825834e-01   3.0720281e-01   1.9010281e-01   3.7511082e-01   2.4188368e-01   1.4400073e-01   6.4758482e-02   2.6378599e-01   3.8732034e-01  -7.0785099e-02   2.6747412e-01   3.2635504e-01  -2.3302602e-01   2.6531821e-01   3.5464420e-01   5.2569592e-02   2.3981607e-01  -1.2458865e-01   1.1782385e-01   1.8897886e-01   4.4346610e-02   8.7439902e-02   3.7087384e-01   3.2279917e-01   5.4840354e-02   3.0912041e-01  -1.8888921e-01   5.3287898e-02  -1.3557530e-01  -2.5644473e-02   1.3839059e-01  -1.8418138e-02   1.5028869e-01   2.2049887e-01   6.3316221e-02   3.9896908e-01   8.7512182e-02   1.2103242e-01   2.7781360e-01  -4.9028286e-02   3.4873133e-01  -2.6068558e-01  -9.5080326e-02   1.2886723e-01   1.4550938e-01  -3.3128174e-02   4.2973775e-01   2.8446213e-01   1.9318262e-01   3.5060526e-01  -1.5678485e-01  -2.5197630e-01   6.4641654e-02   3.3620691e-01   2.6487909e-01   1.2949919e-02   5.1950592e-02  -3.4733789e-01   2.6695530e-01   5.4844071e-01   2.8580717e-01   5.7358704e-01   3.8686791e-02   2.1706051e-01   2.4023081e-01  -1.3514454e-01  -1.3304123e-01   3.7742142e-01  -6.2253478e-03  -2.2708024e-01   4.3594551e-01   2.0048596e-01   5.2134163e-01  -2.7650730e-01  -9.9401451e-02  -3.8130483e-01   5.2617316e-02   1.2712238e-01   2.3523237e-01   1.4416301e-01   1.2192145e-01   1.5751952e-01  -1.1407361e-01   3.7705474e-01   1.5047751e-01   1.4909499e-01   1.9779219e-03   1.2674467e-01  -7.6795392e-02   2.5799267e-01   2.9066204e-01  -1.4750434e-01   9.0420566e-02   1.6024964e-01   3.3916575e-01  -3.6439030e-01  -5.7103744e-02  -1.0413642e-01   2.7060295e-01   3.3027850e-01   1.1878036e-01   2.4596793e-01   2.4130784e-01  -8.2023088e-02   2.0485953e-01   4.8157980e-01   4.7517336e-01  -2.5174177e-01  -4.8259730e-02   1.2191455e-01   5.8287353e-02  -2.3876317e-01   6.4431509e-02  -1.9254572e-01   3.3197745e-01   8.7707648e-02   4.4270798e-01   1.7310865e-01   2.1258281e-01
   5.0572295e-01  -1.3599590e-01  -1.1009004e-02  -5.9209352e-02  -7.1323127e-02   3.5130576e-02  -5.2470493e-02   2.0834429e-01   1.3159826e-01   4.1941462e-02   1.6843083e-01   9.5870188e-02  -4.6337205e-03   0.0000000e+00   2.8790416e-01  -7.6913840e-02  -1.2142036e-01   1.1334821e-01  -5.6311041e-02  -2.0917861e-01   1.3944783e-01   3.2130804e-01  -3.1345073e-02   3.3606748e-01   2.3690374e-01   6.4729674e-02  -1.7876931e-01   3.7896838e-01  -3.3781360e-02   2.1499559e-01   1.5276679e-01  -4.1654120e-02   1.3484964e-01  -6.3379412e-02   1.3817150e-01   9.9439433e-02  -7.7993149e-03  -2.8824710e-01  -1.5136189e-01  -1.8963460e-01   4.6582582e-02  -5.1052151e-02  -1.2407366e-01   2.1342559e-01  -6.8062233e-02   3.5163613e-01   2.7046037e-01   6.6788372e-02   8.7335961e-02  -3.1755532e-01   1.6471510e-01   6.6035663e-02   9.4317735e-02   4.0105788e-02   3.3037483e-01   3.0973274e-01   6.8575097e-02   1.1116174e-01   1.3911014e-01  -1.8428888e-03   2.2393128e-01  -9.7730335e-02   2.6579582e-02   8.3738057e-02   4.6316277e-03   1.4682388e-01   2.0100156e-02  -6.4419345e-02   8.3040059e-02  -5.4653595e-03  -9.0974245e-02  -1.2057786e-01  -2.4227067e-02   6.0786310e-01  -2.2417647e-01   1.1132468e-01  -2.2233500e-01  -5.8205019e-04  -9.4787413e-02  -1.8151818e-01   4.9356149e-01   6.5164113e-02   1.1375935e-01   1.5043977e-01   4.4230583e-01   1.9292369e-01   4.1491324e-01   2.0466006e-01   2.2949397e-01   4.8867804e-01  -1.0986673e-01   1.8309826e-02   3.0873920e-02   1.0827991e-01   3.3456867e-01  -2.5399476e-01  -2.3168192e-01   9.7938321e-03  -2.5079170e-01  -1.3369965e-01   3.1830195e-01   5.6598346e-02   3.6180947e-01   8.1681626e-02   2.1831709e-01   1.8450102e-01   8.2039220e-02   5.2478532e-02   6.5607538e-02  -2.3523503e-02   8.7456655e-03   2.7918592e-01  -1.3982486e-01   5.7284413e-01   3.3101539e-01  -9.0582868e-02   1.9324862e-01   6.4155054e-02   2.2645987e-01   3.6741808e-02   4.3922773e-01  -1.0883325e-01  -3.4963925e-02  -6.6272735e-02   2.1155601e-01   4.7846374e-01   2.9728509e-02  -1.4384004e-01   9.1163392e-02   1.3669514e-01  -2.0442087e-01   8.1734731e-02   2.9766910e-01  -1.1578242e-01   1.2806884e-01   1.0456343e-01  -1.8882287e-01   4.2905722e-01   2.0434845e-01   4.4260309e-01   3.6961640e-01  -1.0434597e-01   2.0722123e-01  -4.7663476e-02   6.3561558e-04   1.9563427e-01  -5.8425986e-02   9.2495203e-02   9.9595406e-02   1.2420965e-01   5.5840734e-01   4.0065238e-01   1.6055830e-01  -1.1207378e-01  -1.9872180e-01  -1.5982676e-01   3.9079913e-01   1.2323201e-01  -9.1193584e-02   2.7028961e-01  -6.8566429e-02  -1.2288214e-03   4.8165037e-02   9.4539101e-02  -2.1541889e-02  -1.2815614e-02   9.3570277e-02   1.2925704e-01   3.3760615e-01   2.3138954e-02  -8.7534540e-02  -2.7823690e-01  -6.8248460e-02  -1.0569318e-01   6.3751938e-02  -3.5029794e-01   2.8931029e-01
