   0.0000000e+00  -1.7389484e-01  -2.9870012e-01   9.8663860e-02  -3.1226741e-01  -3.2943475e-01   1.3892019e-01   1.6317684e-01  -1.5558709e-01  -2.1350666e-01   1.7850019e-01  -3.8839928e-01   1.0093274e-01   6.2656087e-01   2.2654054e-01   6.3019136e-02  -3.2949246e-01   2.4987240e-01   6.1770543e-03  -3.5409943e-01  -5.0440841e-03   2.0315025e-01   9.9808532e-02   6.9320252e-01   1.2927493e-01   1.3243951e-03  -1.2441977e-01   5.0880764e-01  -2.8225312e-01   9.2861061e-02   1.1618115e-01   1.8908369e-01   1.5706662e-01  -3.8395251e-01  -4.0131337e-02   6.5132395e-02  -1.0773937e-01   3.0296264e-01   2.2002136e-01  -3.1580779e-01  -1.6229261e-02   1.3892450e-02  -4.1490727e-01   1.0022962e-01  -1.4879839e-02   2.5636838e-02   1.6882066e-01   1.3902331e-01  -6.4789306e-02  -4.0234392e-01   1.8833060e-01   1.0396120e-01  -2.6333446e-01  -7.0351002e-02   6.0916365e-01   2.4559507e-01  -5.9928139e-05   2.1067333e-01   7.1615369e-02  -3.6712057e-01  -3.1498694e-02  -1.9178542e-02  -1.3659352e-01   2.5224715e-01  -7.5727287e-02  -2.5672816e-01  -2.7754011e-01  -1.2906402e-01  -2.6078158e-02   4.3482338e-03  -2.1386831e-02   8.5934071e-03   1.5001776e-01  -8.8895475e-02  -9.6458262e-02   1.9249544e-01   3.6741383e-02  -2.1266403e-01  -3.5838784e-01   2.5272449e-02   4.8918899e-01   2.4169752e-01   1.2935814e-01  -1.6887420e-02   5.6442712e-01   3.8262854e-01   2.3763576e-01   6.5718825e-01  -1.4467633e-01   8.0713955e-01  -3.1402450e-01  -9.1764811e-02  -4.5181506e-01   2.6760269e-04   4.9971197e-02  -4.5777523e-01  -4.2698392e-02  -7.3569248e-02  -1.7697256e-01  -3.0656828e-02   6.7930056e-01   5.3267494e-01   2.5254268e-01  -1.2421772e-01   2.4673303e-01   6.0526259e-02  -3.0020911e-03  -1.5039721e-01  -2.2734675e-02  -3.4912583e-01  -1.5084278e-01   2.8913182e-01   7.4910696e-03   5.1670171e-01   7.3188513e-01  -4.0091765e-01   5.3821218e-02   4.6849013e-02   1.3832632e-01   2.0692917e-01   6.5060581e-01  -3.3871878e-01  -8.6675742e-02  -1.3424200e-01   4.6629644e-01  -2.4460894e-01   2.4262573e-01   2.0030812e-02  -8.6230163e-02  -2.0432321e-01  -1.7944461e-02   1.4823610e-01  -1.8394052e-02   4.7758969e-03  -2.6909439e-01   1.3338057e-01  -9.6443120e-03   5.2500033e-01   1.7475944e-01   3.1731534e-01   4.2974438e-01  -5.6431993e-02  -2.9170406e-04  -1.1682735e-01   3.6478715e-01   1.9008059e-01  -5.8730465e-02  -3.8100715e-01  -2.8493053e-01   9.2950455e-02   5.7146801e-01   3.1846345e-01   5.4634122e-01   1.6052987e-01  -4.2817523e-01   4.6458162e-01   4.0438971e-01   1.1485372e-01  -1.2703394e-01   3.8060200e-01  -1.2722516e-01  -8.0625301e-02  -1.6539733e-01   3.2325544e-02   1.1081574e-01  -4.8926723e-01  -8.7573814e-03   4.9150874e-02   6.6568219e-01  -4.9206225e-01  -4.4370062e-01   3.2834972e-01   1.0831493e-01  -2.5072398e-02  -4.5547162e-02  -1.4900517e-01   2.1049685e-01
  -1.7389484e-01   0.0000000e+00   6.0621461e-01  -1.7411119e-01   7.3444500e-02   2.7099892e-01   2.4076145e-02  -1.2333302e-02   3.7914512e-01   7.2546417e-02  -5.3461571e-01   6.2310905e-01  -1.1234424e-01  -3.7195657e-02   1.8084987e-02  -1.2410983e-02   7.7274416e-01  -4.2640308e-01   1.5546088e-01   1.2747597e-01  -5.9623448e-01  -3.8744055e-01  -5.2867386e-01  -1.1516167e-01   3.9320208e-03  -1.4235008e-01   2.0195662e-01   4.5861775e-02   3.4805344e-01  -2.5580325e-01  -1.7298612e-01  -1.2981101e-01   2.1598666e-01   5.9510081e-01   3.3836479e-01  -4.0152202e-01   8.3658736e-02  -2.7954386e-01  -1.0575677e-01   4.4440751e-01  -1.1057401e-01   1.5816978e-01   5.5790623e-01  -4.3500346e-01  -1.2885073e-01  -2.5289805e-01  -5.7623051e-01  -6.0511414e-02  -8.7721770e-02   5.8092496e-01  -4.3504566e-01   1.8328910e-01   3.5995407e-01   3.3285654e-01  -5.3541589e-03  -2.4027194e-01   2.7224494e-01  -3.4138394e-01  -7.3651955e-02   5.0036517e-01  -2.9269551e-02   7.8440358e-03   4.5192811e-01  -5.3096198e-02   6.3033688e-02  -2.6713406e-01  -2.9712438e-02   2.6266734e-01  -1.2531890e-01   4.3338395e-02   5.5788007e-01  -2.1642156e-01  -8.6325456e-02   3.3727470e-01   1.8826854e-01  -2.7139047e-02  -1.4809983e-01   1.5678945e-02   4.5792745e-01   2.7941298e-01  -7.1702642e-02  -1.9556439e-03  -4.1454299e-01   1.4977993e-05  -8.2219056e-03  -8.0525838e-02  -1.2809426e-01  -1.7313996e-01   5.6282647e-01  -2.6745120e-01   6.7170178e-01   1.6198102e-01   3.5309386e-01   3.2489791e-02  -3.1736653e-01   4.5352820e-01   1.6093563e-01   3.3151924e-01   1.9127866e-01  -1.2568904e-01  -2.1047589e-01  -2.0185819e-01  -1.5984961e-01   3.6679150e-01  -4.8969804e-01  -2.2077626e-01   3.9471607e-01   2.7141406e-01  -1.3512645e-01   4.9564521e-01  -4.1668828e-02  -3.1897163e-01   2.2344652e-01  -2.7790149e-01  -9.7684293e-02   5.7211813e-01   1.3009741e-02  -1.0460856e-02  -1.7756059e-01  -2.0280480e-01  -4.0491171e-01   3.2379980e-01   1.3338714e-01   1.0701341e-01  -2.9837110e-01   5.3751001e-01  -4.7356881e-01   1.6099585e-01  -9.0808813e-02   3.4579382e-01  -3.4850825e-01  -5.6537876e-01   4.2335178e-01  -1.8584782e-01   3.1172031e-01   7.8608972e-02   2.1710678e-01  -2.3647305e-01   7.3878546e-02  -1.2343584e-01   3.9902618e-02  -5.6032280e-03   3.6811323e-02   1.0480335e-01  -2.3261841e-01  -2.2028470e-01   2.8306577e-01   5.9301891e-01   9.6166993e-02  -2.6591164e-01   4.3082021e-02  -1.9060538e-01  -1.6093675e-02  -3.9623735e-01   7.5318663e-01  -1.0024651e-01  -4.6433404e-01   2.7324427e-02   3.4868887e-01   5.4070728e-02   1.7706812e-01  -1.0888833e-01  -3.2527089e-01  -4.1630146e-01  -5.2271123e-02   6.0833212e-01  -4.2792713e-01   5.1415827e-02  -3.1325395e-01   5.7887576e-01   5.8934519e-01  -1.0985605e-02  -1.9104816e-02  -1.9326963e-01   4.1345956e-02   3.0601296e-01  -1.2379979e-01
  -2.9870012e-01   6.0621461e-01   0.0000000e+00  -9.1165901e-02   2.3783616e-01   5.7381861e-01   1.9472595e-01  -1.2927343e-01   1.7403911e-01   1.9113589e-01  -3.9254928e-01   7.9653610e-01  -1.7905037e-01  -2.5879820e-01   2.2357872e-01  -2.5301938e-03   8.2835055e-01  -3.1972176e-01   2.7178890e-01   5.3246564e-01  -3.5255573e-01  -3.4700684e-01  -2.7929179e-01  -3.7392328e-01  -1.8110301e-01  -2.2486202e-01   4.8708879e-01  -2.3024490e-01   3.5047402e-01  -1.4028214e-01  -2.2897788e-01  -9.3956912e-02   2.6511116e-02   6.3647450e-01   3.0390895e-01  -9.8785268e-02  -2.7287306e-02  -2.7660809e-01  -2.2662767e-01   5.4069558e-01  -2.6595930e-02   3.3242581e-01   6.0707999e-01  -3.5595189e-01   2.6597291e-02   1.0111996e-01  -3.6501390e-01   2.9954444e-02  -2.6849002e-02   6.2602523e-01  -1.4119018e-01  -1.0395742e-02   1.9679665e-02   3.3733439e-01  -2.7151530e-01  -2.9478587e-01   1.4955966e-01  -3.5263705e-01  -4.4624188e-02   6.3693397e-01   1.7498454e-01   2.4796678e-01   1.4962511e-01  -2.4616507e-01  -1.8570531e-01  -2.1675679e-02   1.4878167e-01   2.1556401e-01  -2.5335979e-01   5.7802129e-01   3.0324169e-01  -5.8215447e-02  -1.6217420e-01   5.2484439e-01   2.1254337e-02   5.3443349e-02   8.5833926e-02  -2.5646993e-02   5.6729883e-01   1.0652368e-01  -2.2198915e-01  -1.8383495e-01  -3.3843805e-01  -1.8199046e-01  -1.1043736e-01  -7.3594807e-02  -2.0478645e-01  -4.3197661e-01   4.2383483e-01  -4.3997603e-01   4.3173784e-01   4.7088127e-01   5.4926423e-01  -8.9684019e-02  -1.3712183e-01   4.8296566e-01   1.4046715e-01   1.2363112e-01   2.0333952e-01   2.2344362e-02  -2.5388082e-01  -2.3658423e-01  -1.7194981e-03   1.9932326e-01  -4.5947911e-01  -1.6998208e-01   3.7545106e-01   5.2695969e-02  -4.1448507e-02   3.4991795e-01   2.7993688e-01  -8.5323859e-02   1.3995023e-01  -1.5509773e-01  -2.1353022e-01   3.1538778e-01  -6.7003860e-02  -2.1771736e-02  -4.1004302e-02  -1.5594432e-01  -4.5466464e-01   4.4362134e-01  -6.4958489e-03  -2.4548228e-01  -1.6865547e-01   6.3485363e-01  -3.7501362e-01   5.8778643e-02  -1.4799049e-01   6.7519232e-01  -2.9863914e-01  -3.5472755e-01   4.2151595e-01  -1.6361839e-01   2.4717217e-01   4.3768123e-02   1.3330099e-01  -2.8991430e-01   5.1307064e-02  -2.1512817e-01  -1.4813921e-01   1.2011750e-01  -5.7662564e-02   3.7772595e-01  -8.2924133e-02  -3.7508085e-01   5.4203028e-01   3.8904839e-01   4.8391973e-01  -4.9558999e-01  -1.0201509e-01  -3.4097502e-01  -1.2777360e-01  -3.7664940e-01   8.1778752e-01  -3.9773766e-01  -3.6362606e-01  -5.2168177e-03   3.8438823e-01  -1.6756190e-01   9.9130674e-02  -1.0139105e-01  -2.0388989e-01  -2.4593167e-01  -2.8082121e-02   5.5791847e-01  -2.0668457e-01  -4.7769501e-02  -4.2496717e-01   3.7195672e-01   6.3120453e-01   1.8516602e-02  -1.7983912e-01   2.0458183e-01   7.5824497e-03   2.7798106e-01  -2.2608541e-01
   9.8663860e-02  -1.7411119e-01  -9.1165901e-02   0.0000000e+00   1.0291692e-01   3.4019405e-02  -4.7881826e-02   3.7523889e-01   1.0682052e-01  -8.2374013e-02   4.5112968e-01  -1.1595499e-01   1.4365118e-01   1.9766121e-01   1.7541360e-02   2.2535040e-01  -1.3913809e-01   3.6941698e-01   1.4705029e-01   8.3165826e-02   7.0713230e-02   4.5475515e-01   1.1036003e-01   1.6030778e-01   1.4295632e-02   3.5095480e-01   3.3857069e-02   6.1162489e-02  -3.1490383e-01   1.2763207e-01   1.1293564e-01   5.3968582e-01   2.0897461e-01  -1.5954031e-01  -1.0068183e-01   3.8760230e-01   3.9640407e-02   9.7680935e-02   3.4900570e-01  -8.9831668e-02   2.5906907e-01   1.5456434e-01  -5.9128554e-02   2.9739480e-01  -5.4567881e-02  -3.9366400e-02   4.0714437e-01  -3.9694664e-02  -1.2736957e-01  -1.0830526e-01   2.9136593e-01   3.9717023e-01  -7.1244388e-02   1.6225549e-01  -1.5893375e-02   1.8373248e-01   1.8923279e-02   5.9746694e-01   4.6675648e-01  -6.6561644e-02   1.0146336e-01  -7.2185398e-02   6.8142326e-02   1.6804903e-01   1.3918254e-01  -1.2798936e-02   1.1523694e-01  -2.1079378e-01   4.9196512e-01  -1.7853311e-01  -1.2067577e-01   2.5998224e-01   1.3007341e-01  -1.9473942e-01   2.0775569e-01   3.8514361e-01   1.3169277e-01   2.0906873e-01  -1.4630123e-01   1.7516441e-01   1.5269753e-01   4.4217851e-03   1.2897535e-01   2.8242986e-01  -1.9963129e-02   1.6250826e-01  -2.9022821e-02  -2.0378275e-04  -9.3689043e-03  -1.7959797e-02  -1.8482925e-01   1.5050124e-01  -7.4187539e-02   4.4197357e-01   3.5278540e-02  -9.9873588e-02   1.1503761e-01   1.4703018e-01  -5.6643349e-02  -1.8899858e-02  -2.8598406e-02   1.6450941e-01   5.7517442e-02   1.5329347e-01   4.0581994e-01   6.7434997e-01  -3.3788827e-02   3.1005697e-01  -1.8010817e-01  -4.2092476e-02   7.1889312e-02   1.9164394e-01   4.3756146e-01   3.2931492e-01  -1.0882895e-01  -2.4082891e-01   3.6296134e-01   1.8602248e-01  -2.0405198e-02   4.7695301e-01   1.2082439e-01  -1.6834497e-01  -2.0675626e-01   5.5851298e-02   7.8971904e-02  -4.6030000e-02  -6.5878155e-03   5.3892672e-02   6.0810885e-01  -2.8592618e-01   8.5378596e-02   2.6751171e-01  -8.4930642e-02   7.3447513e-02   3.9775990e-01   4.2352803e-01   1.4154721e-01   9.4029818e-02   3.8192944e-01   1.9940752e-01   2.7806279e-01   1.0521674e-01   3.7922771e-01  -2.1421165e-01   6.9740530e-02   3.4696344e-01  -1.2419182e-01  -8.8123377e-02  -2.4559579e-02   2.2389706e-01  -2.6144169e-02   2.7385404e-01   9.1276380e-02   2.7269667e-01  -2.0327405e-01   3.9582806e-01   1.7235871e-01   3.9434877e-01   1.4233412e-01   1.5496156e-02  -1.3637933e-02   4.1054191e-01  -9.1978473e-03   4.6711943e-01   6.0346416e-01  -1.6860961e-01   7.6229291e-02   2.2482639e-01   1.1174097e-01  -6.8491216e-02  -8.7246596e-02   3.7356247e-01   2.1663144e-01   1.1296487e-01   9.9910982e-02   3.5494376e-02   6.2840448e-01
  -3.1226741e-01   7.3444500e-02   2.3783616e-01   1.0291692e-01   0.0000000e+00   1.0624896e-01  -1.5167640e-01   1.5436825e-01   5.8160247e-02   2.4827072e-02   5.3454541e-02   1.4427628e-01   3.7746176e-01  -2.6659241e-01  -6.5164650e-02   3.4334825e-01   2.6822358e-01   2.2576739e-01   1.0031830e-01   7.1730886e-01  -8.4993846e-02  -1.3921071e-01  -1.4422239e-01  -9.5884563e-02  -9.8520679e-02   2.3537032e-02   4.2493592e-01  -3.5439568e-02   2.0045311e-01   4.7470726e-03  -6.0131285e-02   5.6878793e-02   1.1982618e-01   1.1540410e-01   3.2557468e-02   5.5980145e-01   2.6365614e-01  -4.0757442e-02   2.1038557e-01   4.4070933e-01   4.8159147e-01   1.9373913e-01   2.7124532e-01  -4.9811502e-02   4.9929146e-01  -2.1877790e-02   1.6935801e-01  -2.0686584e-01   1.5004824e-01   3.5788787e-01   2.4616940e-01   1.8280295e-01  -1.0965068e-02   2.3143729e-01  -2.3031350e-01  -2.4031334e-01  -6.6821951e-02   3.2670775e-02   4.6677485e-01   1.4764133e-01   1.1867684e-01   4.5005132e-01  -1.0187125e-02   3.2709904e-02   3.3340848e-01   1.4965392e-01   9.0579183e-02   1.7930200e-01   8.3578078e-02  -1.8178236e-02  -6.3493379e-02   2.9131820e-01   3.8465976e-01  -7.3891968e-02  -1.7962671e-01   1.5793707e-01   1.0366090e-01   2.1638076e-01   4.3044482e-01   4.2164362e-01  -7.6296683e-02  -6.7165714e-02  -1.4149512e-01   1.5059267e-01  -2.6343694e-01  -6.7138889e-03  -2.9598007e-01  -2.1700896e-01  -6.6622298e-02  -1.8127667e-01   5.6582876e-01   1.9130750e-01   2.3347082e-01   1.9226436e-01   2.3507305e-02   6.7539602e-01   2.3244176e-01   2.5872669e-01   4.2147033e-01  -1.9736336e-01  -2.7908069e-01  -3.6267653e-02  -2.0464646e-01  -7.1682286e-03   1.1621422e-01   1.1230188e-01   9.5302689e-02   3.9340634e-01   2.4125532e-01   3.1871288e-01   1.1915134e-01  -2.2344859e-01   1.8477818e-01  -1.5349218e-01  -2.1642170e-01   1.9758045e-01   6.3630002e-02   4.6299288e-01  -3.0824515e-01   1.3791810e-01  -1.6130932e-01   5.6255579e-01  -1.0417691e-01   1.7790271e-01  -1.3176879e-01   5.2415245e-02  -4.1729091e-02   1.4734916e-01   2.5384779e-01  -2.4232897e-02   1.7633216e-01   3.2077560e-01  -1.5883017e-01  -1.0025222e-01   2.2051517e-01   1.2435657e-01   2.3859567e-01  -2.9460198e-01   1.6628892e-01  -1.6264776e-01   6.1392713e-02   2.1584979e-01   1.4391693e-01  -1.8938925e-01  -3.7118710e-02   1.9864924e-02  -5.4621874e-02   4.3304176e-01   2.4336307e-01  -1.2347065e-01  -1.3668645e-01  -1.2197262e-01  -6.3755766e-02   1.5262915e-01   1.5420600e-01  -5.0181018e-02  -1.1890590e-01   4.9111041e-01   3.9278441e-01  -9.6681629e-02   2.1733492e-01   3.5779049e-01   3.7466805e-01   1.8129683e-01   3.7378836e-02   2.8914159e-01   1.1728519e-01   1.3686230e-02  -1.3348836e-01   3.5730985e-01   2.7577035e-01   2.0933918e-02   3.1316067e-01  -1.0773279e-01  -6.5102219e-02   2.4566281e-01  -1.8270197e-02
  -3.2943475e-01   2.7099892e-01   5.7381861e-01   3.4019405e-02   1.0624896e-01   0.0000000e+00   2.2207310e-01  -1.8206288e-01  -1.3633908e-01   1.3544520e-01  -1.8761028e-01   4.9455198e-01  -1.5114651e-01  -3.0809280e-01   1.9882512e-01   9.5567644e-02   3.6198754e-01  -2.9858702e-01   1.8032921e-01   3.8309226e-01   4.1733537e-02  -1.2396054e-02   1.0638699e-01  -5.0626294e-01  -9.1039906e-02  -2.6883453e-01   4.2258568e-01  -4.1739480e-01   2.2040724e-01  -5.3343039e-02  -2.3841917e-01  -2.1948125e-01   4.1878073e-02   4.2619912e-01   2.2809395e-01   2.2483488e-02  -3.9709123e-02  -1.9654338e-01  -1.3805076e-01   5.0913322e-01  -7.6437785e-02   2.1609196e-01   3.4765345e-01  -3.0827760e-01  -7.6694695e-02  -7.2610811e-03  -1.5845061e-02   1.1095395e-01  -9.0839835e-02   4.9284234e-01  -6.7704614e-02  -1.5225966e-01  -1.9177499e-01   1.1339021e-01  -4.1539767e-01  -3.7003815e-01   2.7384293e-02  -1.2340047e-01  -1.0189629e-01   2.9338517e-01  -3.9432368e-02   1.0988060e-01  -1.1680368e-02  -4.0059857e-01  -2.4761411e-01   3.1756938e-01   5.6441511e-01   1.4925589e-01  -2.6322511e-05   5.3969914e-01   5.7652862e-02  -4.5331389e-02  -1.5893984e-01   3.0799146e-01  -1.1657695e-01  -1.6542043e-01  -2.3082669e-02  -2.4230698e-01   3.6204643e-01   1.1762808e-01  -2.4677721e-01  -1.4413584e-02  -1.4305775e-01  -1.7806681e-01  -3.6051822e-01  -2.2647589e-01   2.5494142e-02  -4.5129559e-01   1.2121312e-01  -4.7476491e-01   1.2664599e-01   1.9516484e-01   4.4289858e-01  -1.8344499e-01  -1.0358411e-01   3.6575228e-01   6.3797299e-02  -5.8532664e-02   1.7009748e-01   4.9749338e-02  -3.5025042e-01  -3.3663953e-01  -5.6132473e-02  -2.4867506e-02  -2.6370134e-01  -2.0410490e-01   2.0855466e-01  -1.1235066e-01  -1.0149980e-01   2.4547699e-01   2.2608671e-01  -2.6682965e-02  -3.6629944e-02  -1.4976902e-01  -3.0108246e-01   2.2015239e-01  -1.7119088e-01  -1.1432010e-01  -3.9832412e-02  -8.1011144e-02  -3.7203188e-01   3.7077522e-01   1.8913099e-02  -2.2566551e-01  -2.2451284e-01   2.5755768e-01  -7.6083585e-03   4.6905576e-02  -1.6903777e-01   5.5703829e-01   6.0928090e-03  -2.4485603e-01   3.2286694e-01  -1.3641561e-01   2.6787215e-02  -2.3063448e-01   1.4704925e-01  -2.9098984e-01  -2.4306226e-01  -1.2948833e-01  -2.8081907e-01  -5.5779522e-02  -8.4577714e-02   2.9446617e-01  -7.7924722e-02  -2.4721127e-01   3.0603886e-01   3.7829330e-01   5.0193208e-01  -5.4638749e-01  -2.8798960e-01  -2.9522772e-01  -2.8567541e-01  -2.8990311e-01   5.9652903e-01  -3.4408790e-01  -3.3965550e-01  -4.6421983e-02   9.4856645e-03  -2.4192675e-01   7.3907746e-02  -6.4293978e-02  -1.7587187e-02  -2.3511123e-01  -1.1248687e-01   3.7100130e-01   2.2555208e-02  -7.7663689e-02  -3.4459494e-01   3.2622469e-01   4.1318814e-01  -9.9382838e-02  -3.6535218e-01   3.3345485e-01  -2.3081285e-01   2.1527413e-01  -1.2026997e-01
   1.3892019e-01   2.4076145e-02   1.9472595e-01  -4.7881826e-02  -1.5167640e-01   2.2207310e-01   0.0000000e+00   7.4431795e-02   1.0687659e-02   1.2992967e-01  -2.4090960e-01   4.4730615e-01  -1.3261859e-02   1.4647847e-01   7.7307096e-01   1.4826645e-01   7.7671358e-02  -3.8202048e-02   6.1461913e-02  -9.8793311e-03  -5.4661820e-02  -1.2570969e-01   3.1889623e-01  -5.5182560e-02  -1.3605754e-01  -1.2137270e-01  -1.4964582e-01   1.0900252e-01  -1.5666899e-01  -1.8667857e-03   3.1830563e-01  -1.1063124e-02   1.1718553e-02   5.0173882e-01   3.0788661e-01   3.3202957e-02  -7.1393093e-02  -1.6271000e-01  -1.7523808e-02  -7.1790939e-02  -3.6327571e-02   1.9227178e-01  -9.6045305e-02  -9.3191212e-02   3.9943090e-02  -1.9684853e-01  -1.3166321e-01   4.5585690e-01  -7.8914463e-02  -1.4964941e-01   1.0877702e-01   1.1363542e-01   1.8131123e-01   5.0121150e-02   5.3553495e-02   4.3576997e-02   9.0049063e-02  -1.9160897e-02   2.4267295e-02   1.2593653e-01  -2.7688332e-01   1.0465358e-01  -2.9811484e-02   2.4152242e-01  -2.4982344e-01  -5.5751180e-04  -1.0974485e-01  -2.6857791e-01  -1.2228761e-01   3.0786288e-01   4.4961917e-01  -9.4940021e-02   4.9273908e-02   3.6905636e-01  -2.1865541e-01   8.9943953e-02  -2.1180570e-01  -8.9752514e-02   1.0600899e-02  -4.8275771e-02   4.4549993e-01   1.2174236e-01  -7.2329551e-02   8.8800568e-03   2.7918854e-01   1.7411951e-01   1.1147384e-01   4.3569013e-02   1.3348687e-01   8.5257887e-02  -1.9764952e-01  -2.4125729e-02   3.9841411e-01   6.9618576e-02  -3.2140445e-01  -1.7288299e-01  -1.3089343e-01  -1.1683267e-02  -2.2800694e-01   5.1819795e-01   3.0975397e-01   2.9973124e-01   1.4665570e-01  -7.6180692e-02  -1.1068196e-01  -3.0216727e-02  -7.0652184e-02  -9.6067658e-02   2.2140529e-01   1.6901199e-01   4.7039916e-01   5.9873259e-02   3.7741567e-02  -1.5284931e-01   4.4575074e-01  -8.1578727e-02  -1.4804936e-01   1.1811336e-01  -8.1120612e-02   4.3499274e-02  -1.2455389e-01  -3.3405311e-02   7.7243287e-02  -1.4976883e-01  -6.7071815e-02   7.8989748e-02   2.8610090e-01  -1.0691076e-01  -1.6436664e-01   2.4136368e-01  -2.3113203e-01   8.5980246e-02  -9.5158844e-02   9.9946743e-02  -2.3689723e-01   8.0363174e-02  -1.2813947e-01   4.4508722e-01   1.0952111e-01  -3.1419961e-01   8.9513434e-03  -1.3980852e-01  -1.8226938e-01   2.8790937e-01   5.1591498e-01  -2.1708719e-02   8.2634571e-01  -1.3342672e-01   3.1071307e-01  -5.8136861e-02   5.2178160e-01   2.5631823e-01   6.0218049e-02  -2.4903367e-02   1.0048596e-01  -8.1608228e-02  -2.3934648e-01   1.4626058e-02  -1.7353479e-01   3.7274544e-01  -2.3610581e-01  -1.5757573e-01  -2.2661856e-01  -7.1931648e-02   1.0496843e-02   3.1639716e-01  -4.7130555e-02  -1.7243977e-01   2.1591004e-02  -7.3944782e-03   1.1679550e-01  -1.5386515e-01  -5.9181112e-02   5.3427087e-02  -1.0696222e-01  -1.9580761e-01   7.8821280e-03
   1.6317684e-01  -1.2333302e-02  -1.2927343e-01   3.7523889e-01   1.5436825e-01  -1.8206288e-01   7.4431795e-02   0.0000000e+00   3.6939335e-01  -3.3812529e-02   1.1149684e-01  -6.0974324e-02   4.7458258e-01   3.3198378e-01   1.6053212e-02   2.7554866e-01  -9.8176504e-02   2.7547710e-01   2.8606392e-01  -1.0574051e-01  -9.4000882e-02  -6.5463647e-02  -1.1209999e-01   1.5021987e-01  -1.5272701e-01   5.4305302e-01  -1.9452650e-01   3.4885657e-01  -3.7195799e-01   1.3695162e-02   2.5021468e-01   3.6108704e-01   3.5496031e-01  -5.3628565e-02   1.3797066e-01   2.9552109e-01   3.1760340e-01   3.0034861e-01   3.9905269e-01  -2.6204215e-01   3.9754083e-01  -3.0388767e-02   5.0582764e-02   2.2751275e-01  -1.9303990e-01  -3.4757375e-02   9.1638197e-02  -4.3747235e-02   9.2402099e-02  -2.0843109e-01   1.1507764e-01   7.0586798e-01   2.1725152e-01   8.0499428e-02   2.1112291e-01   2.9633569e-01   2.3731871e-01   1.7843887e-01   5.6670242e-01  -9.6483539e-02   1.2470703e-01  -1.4936496e-01   1.8192533e-01   4.6021511e-01   2.1908786e-01  -2.4555512e-01  -1.3719033e-01  -2.7054301e-01   3.1601119e-01  -3.5302129e-01   1.9335720e-01  -1.7024276e-01   3.8873361e-01  -1.5607857e-01   1.7019330e-01   3.7162645e-01   1.5151866e-01   3.2474270e-01  -2.5938280e-01   1.6378384e-01   2.9901445e-01  -2.0209447e-02  -9.6342992e-02   7.0726676e-01   1.5422955e-01   4.3989564e-02  -2.4182772e-02   5.0601578e-02   1.9315620e-01   5.7820460e-02   3.4078131e-02   2.0129592e-01   1.6145684e-01   5.1464236e-01   1.7784664e-01   1.3814681e-02  -2.5133396e-01   5.4205029e-01  -3.4772792e-01   4.3312027e-02   1.5294102e-01   3.0364490e-01  -1.3179642e-01   2.5001541e-01   1.2858065e-01   3.8943711e-01  -4.3328549e-02   5.6263595e-01   7.6866666e-02   1.6453368e-01  -1.4341251e-02  -3.2097604e-01   1.4054686e-01   2.3365693e-01   9.0229523e-02  -2.5765505e-01   5.2733069e-01   3.3767138e-01  -2.0716538e-01   4.1240426e-01   1.8939529e-01  -1.4817772e-01   2.3604318e-01   3.2280440e-01   2.7784215e-01  -2.4692496e-01  -2.6883135e-01   4.0267715e-02   3.9253682e-01  -4.6922661e-01   9.6151170e-03   1.1557214e-01  -2.6247420e-01  -3.1388759e-02   2.5445874e-01   6.2241927e-01   3.7381219e-02   2.2560243e-01   4.9053078e-01   2.4865575e-01   3.6086928e-01   2.8446329e-01   4.5068478e-01  -9.5969113e-02   3.4594764e-02   3.7882386e-01   4.7615680e-02  -1.8252066e-02  -3.8503962e-03   3.3861372e-01   2.0321922e-01   4.2645481e-01   9.9525706e-02   3.9626133e-01  -1.4005410e-01   3.0962959e-01   2.2745428e-01   5.4821215e-01   2.5021592e-01   1.1894428e-01  -3.2639308e-01   4.0293843e-01   7.8829733e-02   1.6268705e-01   3.6403926e-01  -1.3906806e-01  -2.7643674e-01   2.6176552e-01   1.5247506e-01   4.4196986e-02  -2.6202638e-02   4.3387599e-01   2.7540494e-01  -1.0901877e-01   1.1025707e-01  -3.3573176e-01   4.6225369e-01
  -1.5558709e-01   3.7914512e-01   1.7403911e-01   1.0682052e-01   5.8160247e-02  -1.3633908e-01   1.0687659e-02   3.6939335e-01   0.0000000e+00  -1.2635964e-02  -5.5770026e-02   2.2045349e-01   8.2415667e-02   1.2692317e-01  -9.9898710e-02  -2.3868745e-01   2.9137789e-01   2.0912326e-01   2.5257658e-01   2.6919643e-02  -2.8525257e-01  -2.8673723e-01  -2.6004701e-01  -4.5687031e-03  -1.5203176e-01   2.5852681e-01  -1.1910467e-02   1.1250019e-01  -2.0006272e-02   2.4795759e-01   2.5434639e-01   1.0045409e-01  -1.7417926e-02   1.6992926e-01   3.0962145e-01  -1.1597621e-02   2.6778413e-01  -7.9550184e-02  -2.3773116e-02  -9.9938584e-02   1.7702284e-01  -2.1847712e-01   4.6213383e-01   1.8470541e-01  -1.8939166e-01  -1.1821320e-01  -2.6289554e-01   7.5421232e-02   4.8902928e-02   8.4318044e-03   6.4536944e-03   4.2606752e-01   4.6869207e-01   1.2703741e-01   1.2997615e-02   1.1832185e-01   2.9850693e-01  -1.9590836e-01   2.4170499e-01   4.8328868e-01   2.4504757e-03  -1.9114525e-01   7.4097232e-01   4.3176455e-01   4.9871987e-01  -2.7853776e-01  -8.5871715e-02  -2.0160702e-02   1.7899657e-01  -2.9918434e-01   4.9064982e-01   4.8411058e-02   5.4717906e-02   3.0725639e-02   3.5951682e-01   1.5626152e-01   2.4834256e-02   2.7168206e-01  -3.7849837e-02   2.5572705e-01   4.8459326e-02  -2.9588714e-01  -2.0358677e-01   4.6127790e-01   1.2019180e-01   4.0737280e-02   3.4637941e-02  -2.6595805e-01   6.1662949e-01  -1.8670025e-01   2.6547578e-01   5.7565221e-02   1.6789997e-01   3.1975591e-01  -8.8279939e-02   1.0175498e-01   2.6308764e-02   4.8163856e-01  -3.0379404e-01  -2.1828276e-02   3.6674886e-02  -7.7797048e-02  -1.0069153e-01   7.2480366e-01  -3.1203120e-02   1.1905807e-01   9.7963725e-03   4.8108129e-01  -3.8659324e-02   1.6242787e-01  -6.3014330e-02  -2.3502274e-01   5.0569636e-01   2.1523518e-02  -1.1866344e-01   2.2145958e-01   3.8875998e-01   6.3397702e-03  -1.8153099e-01  -9.3157270e-02  -2.6031780e-01  -2.0447220e-01   1.7243932e-01   5.3332368e-01  -9.4493525e-02   2.3432964e-01  -3.7217148e-01   1.9915401e-01   3.9360817e-01  -1.3753527e-01  -2.9082225e-01  -3.4884628e-02  -7.9087380e-02   4.6981746e-02   5.8826954e-01   3.8104534e-01  -8.5812308e-02   4.6916551e-02   3.2260190e-01   4.9675591e-02   1.3997071e-01   1.0637050e-01   2.7831003e-01  -5.7815786e-02  -4.3715842e-02   2.9586314e-01   1.3047069e-01   8.6372852e-02  -1.6264069e-01   4.1049035e-01   3.6643243e-02   1.6724726e-01  -1.6722861e-01   1.9442167e-01   2.2781078e-01   1.6026982e-01  -1.6314056e-01   2.1154922e-01   2.0918285e-01   6.9091859e-02  -2.2848378e-01   1.6744359e-01   3.6051092e-02   2.6679278e-01   2.9378684e-01   1.2237055e-01  -3.7452312e-01   1.5246887e-01  -3.7019982e-01   1.9672028e-01   1.5568234e-01   2.0784491e-01   4.4073041e-01  -1.5306653e-01   2.1810502e-01   2.3915500e-02   9.0880170e-02
  -2.1350666e-01   7.2546417e-02   1.9113589e-01  -8.2374013e-02   2.4827072e-02   1.3544520e-01   1.2992967e-01  -3.3812529e-02  -1.2635964e-02   0.0000000e+00  -2.1165793e-01   2.0802189e-01  -5.0524728e-02  -2.3633337e-01   1.0362632e-01  -9.5774413e-02   2.0623577e-01  -1.7468434e-01   9.3475890e-02   2.7887446e-01  -1.1569705e-01  -8.1215309e-02  -4.0825647e-02  -3.9312767e-01   4.7858721e-02  -9.8811343e-02   2.5514768e-03  -2.0014723e-01   7.0522733e-02  -2.8207619e-01  -9.9112817e-02  -3.0422391e-02  -7.0841311e-02   2.1044880e-01   5.2618677e-02  -8.4901090e-02   1.0961267e-01  -6.8173050e-02  -2.0338368e-01   9.5881339e-02  -9.3438720e-02   4.5263600e-02   1.3994490e-01  -2.1424532e-01   1.0757055e-01   1.0901327e-01  -2.0526753e-01  -1.7112508e-01   1.4816956e-01   1.7936153e-01  -1.3895271e-01  -2.2126845e-02  -8.7148215e-02   2.7696271e-01  -1.7055207e-01  -5.0454532e-02  -4.4525970e-02  -1.3918438e-01  -9.7071894e-02   4.6245463e-02   1.1303484e-01   2.4864724e-01  -6.4800482e-02  -1.7548652e-01  -3.1324418e-02  -3.1626173e-03  -1.0705623e-01   1.1856599e-01  -1.1433012e-01   8.1251018e-02  -4.5705186e-02  -1.8442885e-02  -2.3990753e-01   4.4621153e-02   1.1516470e-01   2.6928068e-03   3.6045451e-02  -1.1781544e-01   2.0880616e-01  -1.0826040e-01  -1.0742908e-01  -1.1572840e-01  -3.3796626e-01  -6.8402957e-02  -9.0601463e-02   4.8737979e-02  -1.6391147e-01  -3.0289858e-01   7.8786540e-02  -3.5590729e-01   1.2834187e-01   2.2420411e-01   2.7306900e-01  -9.9800480e-02   1.5084605e-02   3.1231506e-01   5.6805200e-02   7.1963329e-02   2.0200158e-01   6.2252277e-01  -1.5680798e-01  -1.9901052e-01  -1.8292577e-01  -1.1450141e-01  -1.5861458e-01  -1.5108858e-01   2.3579925e-02  -4.9520091e-02   3.5052259e-01   2.5409371e-02   8.8621865e-02  -1.1201582e-01   2.7120704e-02  -2.3648059e-01  -2.3086394e-01   7.2538837e-02   1.0524930e-01  -1.2076161e-01  -2.0837597e-01  -2.0031264e-01  -3.0916041e-01   2.6903528e-01  -1.2415722e-02  -1.2897330e-01  -2.3017045e-02   1.7731118e-02  -1.1379691e-01   8.4356849e-02   2.0337355e-02   1.1049098e-01   2.9227931e-03  -1.5027694e-01   1.6955141e-02  -1.6157031e-01   6.6426395e-02  -1.0487894e-02   1.0455864e-01  -1.1889803e-01   3.0257408e-03  -1.3862019e-01  -3.1942776e-01   1.1427447e-02   1.0378975e-02   1.6968102e-02  -2.0361715e-02  -1.9198370e-01   1.9747136e-01   5.3874496e-02   1.8528499e-01  -7.2942337e-02  -2.1737504e-01  -8.5308255e-02  -2.3502300e-01  -1.3843659e-01   1.5124537e-01  -2.7085449e-01  -1.7712783e-01  -1.0816637e-01   1.0216714e-01  -5.9880761e-02   3.2405851e-02  -1.5753880e-02  -5.8242297e-02  -2.3998005e-02  -9.1561914e-02   1.9558914e-01  -3.3800638e-03  -1.3409081e-01  -2.2315119e-01   7.0166096e-02   2.2513607e-01   2.8980769e-02  -2.0815213e-01  -1.3172564e-02   4.2589352e-02   2.4999853e-02  -1.7198099e-01
   1.7850019e-01  -5.3461571e-01  -3.9254928e-01   4.5112968e-01   5.3454541e-02  -1.8761028e-01  -2.4090960e-01   1.1149684e-01  -5.5770026e-02  -2.1165793e-01   0.0000000e+00  -5.7147779e-01   1.4724101e-01   1.4484707e-01  -1.3167504e-01   8.8851290e-02  -4.1482196e-01   6.0329766e-01  -8.8067250e-02  -6.9369683e-02   4.0043795e-01   5.5818550e-01   4.1751854e-01   2.2578446e-01  -2.9382359e-02   2.5641958e-01   5.7641032e-02  -5.4249856e-02  -2.7825071e-01   3.8188529e-01   6.8134223e-02   5.7695364e-01  -2.3355478e-03  -6.5164712e-01  -2.3472273e-01   5.6921489e-01  -1.2050752e-01   4.1087677e-01   3.4928655e-01  -2.7472736e-01   1.9394948e-01  -9.6930089e-02  -3.3589293e-01   3.7471738e-01   7.8411941e-02   4.0263300e-01   7.9152095e-01   4.4476175e-02   4.3349577e-02  -3.5401432e-01   7.2015883e-01   6.5226666e-02  -3.0153819e-01  -2.7843381e-02  -4.8872604e-02   3.7985208e-01  -2.9351256e-01   5.2198997e-01   2.9446775e-01  -3.0696956e-01   2.5604299e-01  -1.1519041e-01  -1.0984486e-01   1.8517675e-01   9.6380582e-02   1.1354642e-01   1.6902473e-01  -7.8242391e-02   5.1422425e-01  -6.6811239e-02  -3.8120340e-01   4.8461362e-01   1.2212626e-01  -3.8756618e-01   3.9014237e-02   7.3407577e-02   4.4029976e-01   9.2225918e-02  -3.0027415e-01   5.4583967e-02   2.2560577e-02   6.5682189e-02   3.8728568e-01   9.5790713e-02  -1.0593474e-01   2.1022726e-01   1.4044640e-01   1.3960395e-01  -1.9698344e-01   2.2583771e-01  -3.6179341e-01   5.6894294e-02  -4.2379911e-01   1.2455414e-01   3.9664244e-01  -3.2585528e-01   9.6293015e-02  -1.9348356e-01  -6.8646906e-02  -2.1705786e-01   6.3104433e-02   2.8020879e-01   1.9150209e-01  -3.9321935e-02   7.9100709e-01   5.0897214e-01  -1.7941876e-01  -2.7552788e-02  -1.5026357e-01  -3.1509531e-01  -1.7412474e-01   4.5130461e-01   3.2355128e-01   4.6410792e-01   1.0584941e-02  -3.4159617e-01   2.5467550e-01   1.1748384e-01   4.6218677e-02   2.9782999e-01   4.7441330e-01  -3.2669933e-01  -3.7270140e-01   5.4697861e-03   4.4445410e-01  -3.2670564e-01   2.7602289e-01   7.1760084e-02   4.9093513e-01  -3.0761245e-01   2.2475382e-01   5.9532098e-01  -2.4566577e-01   5.3645701e-02   1.0289079e-01   1.6413797e-01   2.9594828e-02   6.3087102e-02   2.8727002e-01   2.3768731e-01   1.1717749e-01   1.2666938e-01   4.6593370e-01  -3.4520885e-01   2.0487396e-01   3.5507781e-01  -4.5056704e-01  -3.5162855e-01  -1.6631218e-01   2.0802530e-01  -1.6021487e-01   8.2990879e-02   2.2138913e-01   4.3215402e-01  -5.2881529e-01   2.9202589e-01   5.5196444e-01   2.4261007e-01  -1.2624142e-02  -1.9106402e-02  -1.1818416e-01   4.2828493e-01   1.7135402e-01   6.7103436e-01   4.1234488e-01  -5.4047384e-01   4.9704016e-01  -6.8210500e-03   2.9627639e-01  -3.9632065e-01  -5.4470101e-01   3.0363191e-01   2.2438356e-01   8.9070959e-02  -1.1859527e-03  -1.2072031e-01   3.2044478e-01
  -3.8839928e-01   6.2310905e-01   7.9653610e-01  -1.1595499e-01   1.4427628e-01   4.9455198e-01   4.4730615e-01  -6.0974324e-02   2.2045349e-01   2.0802189e-01  -5.7147779e-01   0.0000000e+00  -1.1718694e-01  -2.2379809e-01   3.3054705e-01   9.1937836e-02   6.7520366e-01  -4.2411094e-01   1.7927052e-01   3.8131528e-01  -3.9232136e-01  -3.7453175e-01  -2.4618108e-01  -4.7269653e-01  -1.5108818e-01  -1.8388767e-01   2.0642118e-01  -2.3160676e-01   3.2585497e-01  -2.0362283e-01  -1.1779050e-01  -1.7895492e-01   8.9018184e-02   8.9391995e-01   4.6244668e-01  -1.9773473e-01   2.0816783e-02  -3.6243334e-01  -1.8504129e-01   3.5479701e-01  -8.9292201e-02   3.3450565e-01   5.3956428e-01  -2.8196101e-01  -1.8939940e-02  -1.7436973e-01  -5.0611122e-01   1.0506457e-01  -6.6601961e-02   4.7410997e-01  -3.2580080e-01   5.7900438e-03   2.5611970e-01   2.4816710e-01  -2.5809247e-01  -3.4154625e-01   2.2592839e-01  -3.5055581e-01  -4.1043087e-02   6.4994356e-01  -4.4835585e-02   1.6746440e-01   2.2694929e-01  -1.5719358e-01  -1.6660914e-01   7.2049965e-03   3.4976301e-02   8.7501289e-02  -2.7108263e-01   3.8148548e-01   4.8325756e-01  -1.8934053e-01  -1.2629688e-01   5.9413336e-01  -3.5958657e-03   5.5014104e-02  -1.4999195e-01   1.9627614e-02   5.4369845e-01   9.9504757e-02  -1.5663483e-01  -1.0051887e-01  -3.7522768e-01  -8.7656806e-02  -1.4200398e-01  -2.0949476e-01  -1.7821868e-01  -4.7972831e-01   4.3953215e-01  -5.4177860e-01   4.0101780e-01   2.7160745e-01   7.4820798e-01   4.6170158e-02  -2.9837516e-01   4.2687209e-01   3.5226789e-02   1.6046858e-01   8.1490907e-02   1.6297178e-01  -2.5368095e-01  -2.7370883e-01  -8.4759386e-02   2.4247009e-01  -5.4266254e-01  -1.7794613e-01   3.0064081e-01   8.2006714e-02   4.4288442e-02   4.1563931e-01   4.0256306e-01  -2.5724049e-01   6.8377270e-02  -3.7216593e-01  -1.9456268e-01   3.3075169e-01  -6.8389872e-02   3.4685061e-02  -5.4976487e-02  -1.4250229e-01  -5.7953430e-01   4.0283110e-01   1.6289311e-01  -1.0189955e-01  -3.3672696e-01   5.9235008e-01  -2.6356031e-01  -3.2832168e-02  -1.8965398e-01   5.6374054e-01  -3.1943932e-01  -3.9778911e-01   3.3231829e-01  -1.1504942e-01   1.3231422e-01   1.1045535e-02   1.0755356e-01  -1.9877003e-01  -3.3261659e-02  -3.5290223e-01  -1.6441530e-01  -5.9123033e-02  -1.4917649e-01   4.7328179e-01  -5.1801183e-02  -3.0700422e-01   7.3083473e-01   4.5127873e-01   5.1899467e-01  -3.2392972e-01  -2.5759443e-02  -2.1204300e-01  -2.0838761e-01  -3.7675335e-01   7.8571254e-01  -4.0739446e-01  -5.0171030e-01  -2.4514299e-02   2.5637992e-01  -1.0273655e-01   5.8921566e-02  -1.6340809e-01  -2.3890464e-01  -3.7185623e-01  -1.2838137e-01   7.5678202e-01  -3.0200450e-01  -8.9644770e-02  -4.2859168e-01   4.5205169e-01   7.0115600e-01  -1.3427029e-01  -2.0718688e-01   1.2733287e-01  -1.4472267e-03   1.4669339e-01  -1.7138139e-01
   1.0093274e-01  -1.1234424e-01  -1.7905037e-01   1.4365118e-01   3.7746176e-01  -1.5114651e-01  -1.3261859e-02   4.7458258e-01   8.2415667e-02  -5.0524728e-02   1.4724101e-01  -1.1718694e-01   0.0000000e+00   1.7422214e-01  -4.8204366e-02   5.1821463e-01  -1.9410127e-01   2.5272679e-01   9.8545012e-02   5.3200396e-02  -9.2072657e-02  -4.7837186e-02  -1.2346330e-02   1.3593470e-01   1.9332722e-02   2.3875064e-01  -1.4437516e-01   1.8013408e-01  -1.8873632e-01  -1.0917253e-02  -3.2692480e-02   2.3000623e-01   4.2646920e-01  -8.5639367e-02   8.5009214e-02   4.0694224e-01   3.4232505e-01   2.4886230e-01   5.3066605e-01  -6.8837015e-02   6.2553684e-01   8.8467164e-02  -7.6415817e-02   1.2122354e-01   7.0650272e-02  -3.2479635e-02   2.0294907e-01  -2.3243845e-01   1.6690444e-01  -7.8199040e-02   2.9678133e-01   2.2760699e-01  -3.9378133e-02   5.1776501e-04   1.6723711e-01   6.9226289e-02  -3.3794477e-02   2.0801367e-01   5.3975136e-01  -1.5728901e-01   7.6809830e-02   5.9120669e-02   6.8979992e-03   2.1985045e-01   1.7739689e-01   9.9287517e-02  -1.4060267e-01  -1.8824962e-02   1.4266834e-01  -2.5664024e-01  -2.4759906e-02   3.2823353e-02   6.3064050e-01  -2.8590688e-01   1.5012648e-02   2.0177325e-01   1.2235708e-01   1.0968687e-01  -1.6081011e-01   4.1087738e-01   5.6785237e-02   3.0231123e-01  -1.9088445e-01   2.9005208e-01  -8.7716305e-02   4.6631918e-02  -1.9501534e-01   3.1836499e-02  -1.2856997e-01   1.2059990e-01   8.3413011e-02  -1.2933743e-02   6.1046490e-02   3.7816369e-01   1.8822474e-01   1.7790156e-01   2.7607544e-02   2.7567356e-01   1.3740657e-02  -6.3335991e-02  -8.1700939e-03   1.7895108e-01  -2.2003802e-01   6.1114884e-02   2.2101045e-01   1.0565347e-01  -6.3272478e-02   3.3464204e-01   7.7062135e-02   3.4545950e-02  -1.0067553e-01  -3.2126879e-01   1.8055784e-02   1.5904004e-01   7.5614718e-02  -2.1775964e-01   2.6190789e-01   6.3680844e-01  -3.2598581e-01   3.1769873e-01   2.6825340e-01   1.0627951e-01   2.0421288e-01   2.0979529e-01   1.9287903e-01  -3.7022173e-01  -4.1353464e-02   3.2436324e-02   2.0241627e-01  -4.0954563e-01   3.8854952e-01   2.6148980e-01  -4.1773958e-01  -1.9695269e-01   3.6050107e-02   2.3804186e-01   3.5343658e-01  -2.1986375e-02   1.5524750e-01   1.0158015e-01   2.5238896e-01   3.1921415e-01   2.5776387e-01  -1.7648124e-01   1.0968700e-02   1.9993830e-01  -6.2508499e-02   1.8092326e-01  -8.1198456e-03   1.6212868e-01   7.7845978e-02   5.1663462e-02   1.5206770e-01   2.2763415e-01  -1.6919597e-01   3.0120945e-01   1.8805865e-01   7.1684862e-01   1.1455807e-01  -4.1575473e-02  -9.7611520e-02   2.2059155e-01   2.1024495e-01   2.3620597e-02   1.2423721e-01  -6.5006193e-02   1.9849921e-02   1.0993604e-01   2.4436552e-01  -4.5983692e-02   5.6140398e-02   2.3929328e-01   2.7415003e-01  -1.5727476e-01   4.4281899e-02  -2.4920116e-01   2.2484456e-01
   6.2656087e-01  -3.7195657e-02  -2.5879820e-01   1.9766121e-01  -2.6659241e-01  -3.0809280e-01   1.4647847e-01   3.3198378e-01   1.2692317e-01  -2.3633337e-01   1.4484707e-01  -2.2379809e-01   1.7422214e-01   0.0000000e+00   1.4453075e-01   9.8753058e-02  -2.0960324e-01   2.3043270e-01  -7.6687420e-02  -4.5354596e-01  -1.1299324e-02   2.2921604e-01   2.2485051e-02   5.3969373e-01   7.5450231e-02   2.2340364e-01  -2.2397069e-01   5.0873373e-01  -3.2871197e-01   1.5856314e-01   2.3965275e-01   2.0958569e-01   3.1446318e-01  -2.8244378e-01   1.1105923e-01   2.6021596e-02  -2.2115167e-01   2.5699791e-01   3.6625901e-01  -3.0768536e-01   1.1642131e-01  -2.0546565e-02  -3.2876174e-01   3.1349187e-01  -1.8880396e-01  -8.0795056e-02   1.5388023e-01   1.6028298e-01  -6.9102610e-02  -3.0986763e-01   4.3983269e-02   3.3565608e-01  -3.5980632e-02  -7.6338430e-03   5.9205789e-01   4.0419237e-01   1.9873920e-01   2.3582598e-01   2.4047156e-01  -1.5379891e-01   3.9254402e-02  -3.2525429e-01   7.8117455e-02   4.3888135e-01   1.6833483e-01  -3.0768501e-01  -1.7312957e-01  -2.9655000e-01   1.8376575e-01  -2.0828767e-01   1.6864308e-01  -5.7783197e-02   2.0128370e-01  -3.3589555e-02   1.5601989e-01   1.0901345e-01   5.2002993e-02  -4.9144826e-02  -4.6733035e-01   1.3425499e-01   5.0777247e-01   1.3543801e-01   1.9152626e-01   3.2818241e-01   5.1859385e-01   2.5806453e-01   2.8396631e-01   4.8652812e-01   6.4609251e-02   5.4135362e-01  -1.8450342e-01  -2.4933288e-02  -2.8228548e-01   2.6346729e-01   1.8601038e-02  -3.6032851e-01  -9.7696534e-02   1.1862014e-01  -2.6129512e-01   6.8548916e-02   5.2239254e-01   4.4442916e-01   2.3599198e-01   1.2511833e-01   1.9557880e-01   1.9015476e-01   1.0145632e-01   2.0772266e-01  -2.3074190e-01  -1.1913046e-01  -1.3169173e-01   1.4483029e-01   1.8196303e-01   4.6925597e-01   5.0529821e-01  -3.9488064e-01   2.1173129e-01   1.4948526e-01   1.2350332e-01   2.6316048e-01   5.2073239e-01  -4.1714112e-01   1.0508373e-01   1.2672056e-01   2.4879161e-01  -5.1735199e-02   5.0343335e-02   5.9694411e-02   6.5384191e-02  -2.9675415e-01  -1.0464245e-01   1.3663623e-01   2.7897593e-02   1.6345881e-01  -4.3054812e-02   3.3364136e-01  -3.9581573e-02   4.5224502e-01   3.5161966e-01   3.1561532e-01   4.8964407e-01  -8.1383238e-02   4.9310762e-03  -9.9123283e-02   1.9215897e-01   4.0812551e-01  -3.4135287e-03  -2.7768106e-01  -3.3394735e-01   2.9422809e-01   4.6759013e-01   5.1529907e-01   3.8963125e-01   3.8764659e-02  -2.5332693e-01   5.5834112e-01   2.8795940e-01   2.6951299e-01  -1.6627489e-02   4.5824616e-01  -1.5506205e-01   1.9622630e-03  -1.0130866e-01   1.3139572e-01   2.5577126e-01  -3.8772688e-01  -1.9183556e-01   2.5449069e-01   4.7229210e-01  -3.0030593e-01  -3.1727699e-01   3.7290306e-01   3.1723622e-01  -9.4309879e-02   2.9829090e-02  -2.4385603e-01   4.1826810e-01
