   0.0000000e+00  -1.0613326e-01  -1.6691244e-01   1.0746098e-01  -2.0640745e-01  -1.2240430e-01  -3.6232892e-01   2.9859998e-01  -2.0859897e-01  -2.4303256e-01   8.4599379e-02  -2.8801307e-01  -2.8871091e-02   5.5347061e-01  -1.6740917e-01  -5.5322685e-02  -1.7447565e-01  -4.0864784e-02   3.1255523e-02  -1.8204413e-01  -1.6812626e-01  -1.5777749e-01  -1.4895858e-01   8.6527420e-01   1.7695893e-01   5.4374075e-02  -4.9248266e-02   4.3751784e-01  -1.4279359e-01  -4.3634556e-02   1.4263254e-01  -3.2955574e-01   1.3931276e-01  -4.2909321e-01  -1.0553906e-01  -1.9395185e-01   1.2416346e-01   7.1479395e-01  -1.1759826e-02  -2.0083621e-01  -1.2916639e-01   1.1101648e-01  -2.7037145e-01   1.5155143e-01  -2.6703129e-01   4.8561138e-01  -1.0171209e-01  -1.1422378e-01   3.2067831e-02  -1.3699745e-01  -5.0149138e-02   1.0192514e-01  -1.9821071e-01   2.1398655e-01   2.5972384e-01  -3.0265016e-01   4.5146060e-02  -7.9840737e-02  -2.7744697e-01   6.9438687e-02   3.4143243e-01  -2.3705247e-01  -1.6645529e-01   1.2384684e-01  -1.7499553e-01  -2.1164484e-01  -5.6800181e-02  -7.0841539e-02  -5.4062075e-03   6.2392184e-01  -1.4406913e-01  -9.9074336e-03  -1.6924819e-01   6.6258209e-02   4.6082224e-02  -5.1172463e-03   4.4778022e-01   4.2633781e-02  -3.0079097e-01   1.8799182e-01   1.1348333e-01   3.5314530e-02  -1.5512245e-01   9.4561507e-02   5.8051135e-01  -1.9920594e-01  -1.2709995e-02   2.2240550e-01  -1.5467986e-01   8.7545726e-01  -1.7270892e-01   5.1829797e-02  -3.9317731e-01  -8.9427459e-02   6.7975214e-01  -1.2346903e-01   3.3228777e-02   2.1251487e-01  -1.2272207e-01  -1.2557320e-01   5.1249326e-01  -1.5423835e-02  -8.3054603e-02   2.8371461e-01  -1.4887681e-01  -1.1952412e-01   6.9825907e-03   1.5462487e-01  -1.0536584e-01  -2.6031421e-01  -3.9720267e-01  -1.8994093e-01  -1.3528715e-02   8.5138712e-01   1.8143488e-01  -3.3100906e-01   3.7723736e-02  -8.1300810e-02   1.0649135e-01  -2.4281544e-01   6.2184376e-01  -2.0613478e-01  -8.8569367e-02  -2.5972055e-01   7.2349449e-01   5.1296393e-01  -1.8195035e-01   1.8461018e-01   2.7021643e-02   2.8692732e-01  -1.4439762e-01  -3.5095395e-01   6.5518658e-01  -2.5240301e-01   2.1130026e-01   8.9773195e-02  -1.7658782e-01   2.0599227e-01   1.0230277e-01   6.1528824e-01   6.6449236e-01   4.9860426e-03   9.2108746e-02  -6.5847661e-03  -1.9331655e-01  -3.7132425e-02  -3.0894019e-01  -2.4286622e-01  -3.9261273e-01  -2.9965105e-01   6.3010310e-01   8.7683413e-02   5.3483034e-01  -1.6492592e-02  -2.8616241e-01   7.7216319e-01   6.9852032e-01   5.4005973e-02   2.5575508e-01  -2.6746133e-01   2.7604616e-03   2.4065596e-01  -2.9169836e-01  -5.5129155e-02   3.8596782e-02  -3.9285300e-01  -2.4824584e-01   2.6192874e-01   5.4153392e-01  -2.7054820e-01  -3.3716755e-01   2.9702408e-01   2.6649296e-02  -1.7122902e-01   1.6376244e-01  -7.1819764e-02   1.0346417e-01
  -1.0613326e-01   0.0000000e+00   3.6634473e-01  -2.8325247e-01   2.9799557e-01  -2.0634484e-01   9.3250759e-02  -1.8180506e-01   5.1176044e-01  -1.0465377e-01  -2.9787421e-01   7.0171715e-01  -8.0364820e-02  -1.8283459e-01  -8.8899293e-02  -1.8380643e-01   2.7486514e-01  -6.2270172e-01  -1.1591330e-02   2.1308390e-01  -3.1832918e-01  -3.4744026e-01  -3.2909225e-01  -1.6781268e-01   4.5910587e-02  -1.3195870e-01   3.0893240e-01  -8.5989865e-02   1.8666638e-01   2.3237921e-03  -1.7070693e-01  -3.5269502e-01  -1.3622416e-01   2.6401548e-01   4.3168156e-01   5.0625853e-02  -2.0189396e-01  -4.7029425e-02  -1.7778409e-01   5.5302539e-01  -2.8149193e-01  -1.5264863e-01   3.9527027e-01  -3.6989858e-01  -1.3701587e-01  -2.3270146e-01  -4.4566762e-01   4.3084196e-02   9.1082418e-02   4.6822727e-01  -6.2952010e-01  -1.3669274e-01   2.8069414e-01   2.4668726e-02  -1.4389291e-01  -2.8687856e-01  -2.0815141e-01  -4.4867597e-01  -3.2110482e-01   9.6334848e-02  -8.2712625e-02   1.0961066e-01   5.5196938e-01  -2.8561973e-01   4.8685670e-01  -1.3991644e-01  -3.0756575e-01  -2.7347735e-02  -5.7645846e-01  -2.7590754e-01   5.0060581e-01  -4.2723214e-01  -3.3237428e-02   7.9221240e-02  -1.3498966e-02  -6.9316199e-03  -2.3912151e-01  -2.0926494e-01   5.3941406e-01  -1.5356595e-01  -2.6411526e-01   2.1649719e-02   2.6090763e-02  -1.0599289e-01  -1.0312781e-02  -1.2780917e-01   1.4033238e-01  -1.3256349e-01   3.3640100e-01  -3.6061749e-02   3.7538780e-01  -3.3395967e-02   4.4631684e-01   5.1060789e-01  -4.1683278e-02   3.6635017e-01  -4.8357189e-03   7.5457288e-02   5.2042587e-02   4.0258190e-02   4.1132847e-02   1.8338320e-01  -3.8126052e-01   1.4417170e-01  -3.5752633e-01  -2.6068860e-01   1.8010175e-01  -3.4129143e-01   1.4471885e-01  -1.7465934e-01   4.6304341e-02  -3.6368435e-01  -1.9270794e-01   6.5501282e-02  -2.1227184e-02   5.4385040e-01  -1.7101549e-01   8.6399300e-02  -3.6740469e-01  -1.0587865e-01  -1.8477289e-01   6.0403550e-01   3.7706996e-01   2.4087783e-01  -1.1813689e-01  -1.6484532e-01   3.7828978e-01   1.4490665e-01  -3.2777383e-01  -1.7997815e-01  -1.1962055e-01  -5.5055643e-02   6.2924355e-02  -5.7898587e-02   3.3683305e-01   3.0747660e-02   4.7341892e-02  -3.1532444e-01  -2.8625284e-02  -2.3003702e-01  -2.5555078e-01  -1.5357613e-01  -8.9543577e-02  -1.1088602e-01  -1.3140426e-02  -2.6304456e-02   6.0652701e-01  -2.9372683e-01  -1.6640090e-01  -7.7314321e-03  -8.5172222e-02  -3.9827963e-01  -1.2896852e-01  -2.1630590e-01   5.6053666e-01  -1.7530256e-01  -1.0599849e-01  -1.5630483e-01  -4.3139309e-02  -3.2605563e-01  -4.1289545e-02  -4.4446763e-01  -1.1600610e-01  -5.8114297e-01  -2.9261525e-01   5.2277161e-01   4.0298757e-01  -2.1599438e-01  -1.7202112e-01   3.5912998e-01   6.0349730e-01  -2.3828410e-01  -3.4913758e-01  -1.4386365e-01   1.7124294e-01   1.2792893e-01  -3.6564626e-01
  -1.6691244e-01   3.6634473e-01   0.0000000e+00  -2.7204513e-01   2.3687558e-01   4.6261429e-01   1.6218077e-01  -2.4913441e-01   1.2525624e-01  -4.0929244e-02  -1.5763915e-01   5.4366365e-01  -3.0312294e-01  -1.5930930e-01  -1.2649628e-01  -2.1212543e-01   8.2381327e-01  -3.2729643e-01  -2.9353171e-01   2.4541725e-01  -3.5658877e-01  -1.5790239e-01  -1.6070496e-01  -2.5016296e-01   1.3030706e-01  -2.0760938e-01   5.0791739e-01   1.9270534e-01   6.8078338e-03   2.3446078e-01  -2.7425533e-01  -3.0655773e-01   4.3098116e-02   1.0085392e-01   1.3728603e-01  -9.2906967e-02  -2.9645479e-01  -7.0251698e-02  -2.7781490e-01   5.9808235e-01  -2.5996357e-01  -6.6107832e-02   9.4414498e-02  -7.4748605e-02  -2.4526376e-01   3.7808032e-02  -2.1106021e-01   6.5409930e-02  -1.1273112e-01   6.1450648e-01  -3.8668954e-01  -2.8987466e-01   1.6767417e-02   6.3475473e-02   1.5653411e-02   1.0598036e-01   7.8709871e-02  -2.6463431e-01  -3.0517777e-01   1.3167596e-02   2.9588180e-01  -1.8904170e-01   3.3613879e-01  -2.0795536e-01  -1.1479410e-01  -5.9142669e-02   1.8946061e-01   8.5975162e-02  -2.9027697e-01   1.8673002e-01   6.1001797e-01  -1.2054691e-01  -3.4092710e-01   3.3915984e-01   2.3968475e-01  -8.2362115e-02   4.4839141e-02   1.3260252e-02   9.1030470e-02   1.1611040e-01  -3.1737838e-02  -1.5238841e-01   1.9161994e-01  -7.9982047e-02   1.9182692e-01  -3.5877314e-02  -2.4912050e-03  -6.8778062e-03   2.3885222e-01  -6.4985799e-02   1.3381581e-01   4.7831201e-01   3.4733453e-01   6.5580092e-02  -1.4793027e-01   1.2670014e-01  -7.0114788e-02  -1.8444497e-01   6.3370081e-02  -1.3782685e-01   2.1531370e-01  -1.4308497e-02  -2.6514453e-01   5.1188879e-02  -3.2911571e-01  -2.9080792e-01   4.9508842e-01  -2.9081227e-01  -8.0938778e-02  -6.0338053e-02   2.3343632e-01  -9.2579878e-02   4.8412527e-02  -1.5703732e-01   3.3856975e-01   2.2048180e-02  -1.3459162e-01  -1.9924110e-01   2.2461190e-01  -2.1426967e-01  -5.6278612e-02   2.0891325e-01   3.0818228e-01  -1.3157873e-01  -5.9015581e-02  -1.3717905e-01  -1.0234512e-01   3.1471865e-01  -1.0645844e-01   5.4295771e-01  -2.6785166e-01  -1.9421678e-01   6.3992133e-02  -9.5015044e-02   1.2660746e-01  -1.7512502e-01  -1.5907592e-01   9.4915381e-02  -3.0883960e-01  -4.0014286e-01  -3.1451958e-01  -3.1241921e-01  -1.0003105e-01   5.3115687e-01  -1.8418255e-01  -3.4677641e-01   4.8448269e-01  -1.6297834e-01   8.2187390e-02  -1.4626866e-01   1.3658907e-01  -2.3898109e-01   1.1867223e-01  -5.4157584e-02   8.1936630e-01  -3.3631499e-01  -1.4024489e-01  -1.8248080e-01   1.6738826e-01  -1.4636669e-01   3.6274746e-02  -3.3370422e-01   5.3163269e-02  -4.2319513e-01  -2.3762104e-01   1.5481022e-02   1.6045919e-01   7.7206630e-02   1.0293930e-01   7.1100758e-02   1.3143156e-01  -1.7249031e-01  -3.4570319e-01   3.5355696e-01   2.4614788e-01   2.4494465e-01  -1.9134772e-01
   1.0746098e-01  -2.8325247e-01  -2.7204513e-01   0.0000000e+00  -1.6643277e-01   1.6707278e-01   1.9960400e-01   1.8931832e-01  -6.2647569e-02   5.7802183e-02   2.2286841e-02  -3.6304928e-01   1.8896007e-01   2.9895490e-01   1.7724050e-01  -6.9967897e-02  -4.0717166e-01   2.8149077e-01   1.8830017e-01  -1.7098809e-01   3.9644427e-01   2.9321368e-01   3.4248925e-01   1.9147938e-01  -3.1742147e-01   1.0213520e-01  -5.7577994e-02   9.1862317e-02   8.5246060e-02   2.0037158e-03   1.9217743e-01   2.9759093e-01   3.2023776e-01   6.5565081e-02  -9.3763958e-04   1.4659929e-01   3.0311244e-01  -2.7133190e-02   5.2906618e-02  -1.6730487e-01   1.9256735e-01   2.3942324e-01  -1.2846077e-01   1.0602736e-01  -2.5058340e-01  -6.1075999e-02   1.7158542e-01   3.0749724e-01  -1.9117416e-01  -4.2455909e-01   4.4381503e-01   1.0142194e-01   1.7878192e-01  -8.1008550e-02   1.3396059e-01   8.8748790e-03  -3.0427536e-02   2.6638929e-01   3.8396062e-01   9.2736710e-02  -2.8733638e-01  -2.3849487e-01  -2.8241508e-01   4.0684654e-01  -1.4966013e-01   7.9565116e-02   1.3749858e-01  -6.9523124e-01   2.8288856e-01   1.1657063e-01  -9.0457963e-02  -5.6679827e-02   2.6020425e-02  -7.4088341e-03  -3.0884881e-01   1.0972793e-01  -1.1540346e-01  -1.1333264e-01  -3.1992130e-01  -6.7301804e-02   2.9131674e-01  -1.5593698e-01   1.3262136e-01  -5.2090468e-02   3.9284926e-02   2.7863560e-01   1.7112861e-01   2.8324589e-01  -7.0433290e-01  -1.0513912e-03  -3.2469406e-01  -4.4213703e-01  -2.2566432e-01  -1.2890649e-01  -6.7718154e-02  -2.1348938e-01  -2.1021428e-01   8.7390856e-02  -4.5253803e-01  -4.2112679e-02   1.1251371e-01   1.2498283e-01   4.1949714e-01   7.7112878e-02   1.7217678e-01   3.9296303e-01  -1.3993032e-01   3.3543428e-01   3.6671928e-02   2.8175957e-01   1.4568898e-02   2.2990583e-02  -3.3116372e-01  -7.5899926e-03   1.3625127e-01  -1.8337348e-01  -5.6459728e-02   1.3652701e-01   1.7097088e-01   5.8029036e-01  -1.3940328e-01  -3.4265154e-01  -5.8418164e-01  -7.1228518e-02   2.1760313e-02   1.9162682e-01  -1.1449610e-01  -2.1939885e-01   1.3249029e-01   6.3371918e-02  -1.6469190e-01   1.5259726e-01   1.3577523e-01   1.6749066e-01   4.3589957e-01   3.3469636e-01   1.6294747e-01   2.8198780e-01   3.4448406e-01   1.1514736e-01   1.4555247e-01   7.0052171e-02   8.4609763e-03  -3.6246602e-02   1.2502970e-01   1.4374324e-01  -1.4890317e-01   2.1606288e-01   3.5067697e-02   2.6141335e-01   2.8548292e-02   3.9115574e-01   3.4560984e-02   6.7426327e-02  -2.3310945e-01   2.1985130e-01  -7.7156466e-02   3.2925108e-01   2.2412520e-02   3.1345136e-01  -4.7861517e-01   3.0829188e-01   1.7202716e-01   6.1523211e-01  -1.7220355e-03  -2.0108668e-01  -2.0913096e-01  -5.1775737e-02  -1.9367149e-01   9.5930245e-02  -2.9533387e-01  -2.1019318e-01  -7.7711707e-02  -9.2877121e-02  -5.4853717e-02   2.7772280e-01   1.1017793e-01
  -2.0640745e-01   2.9799557e-01   2.3687558e-01  -1.6643277e-01   0.0000000e+00   1.0472711e-01   5.9672255e-02  -2.3398226e-01   2.4829817e-01   4.4673189e-01  -2.7161402e-01   3.0479163e-01   2.0087344e-01  -3.3549400e-01  -1.0414880e-01  -2.5435542e-01   2.5207581e-01   9.5790856e-02  -1.4020195e-01   8.6586116e-01  -5.7912126e-02  -1.8151135e-02  -2.1012358e-01  -3.2090119e-01  -1.0455723e-01  -1.4706733e-01   2.6626805e-01  -2.5431539e-01   3.1986315e-01   1.2734503e-01  -3.1956346e-01  -1.6551466e-01   2.1739036e-02   1.5779881e-01   3.2555948e-01   3.4355889e-01  -3.9080992e-02  -5.2117649e-02  -1.7573935e-01   4.8962107e-01   1.2155840e-01  -2.1893258e-01   3.7127899e-01  -3.6252687e-01   3.5918190e-01  -2.1909692e-01  -1.5344074e-01   8.4450513e-03   3.9705166e-01   3.4525180e-01  -1.7103102e-02  -2.2990394e-01  -7.2672818e-02  -1.5287612e-01  -3.1085633e-01  -2.6053653e-01  -2.4499497e-01  -7.0416272e-02  -3.8138213e-02   2.3116537e-01   9.2172775e-02   3.3888066e-01   4.1297678e-01  -3.0256586e-01   5.3698587e-01   1.8789223e-01   2.3365054e-01   2.5510499e-02  -2.0763436e-01  -2.8692523e-01   2.4132438e-04  -4.1079101e-03   2.8243773e-02  -7.3538933e-02   6.1520919e-02  -5.9023548e-02  -1.6276514e-01  -1.4385026e-01   6.7991197e-01   8.7255280e-03  -3.7347815e-01  -4.0689150e-02  -3.0557893e-01  -2.3829588e-01  -2.1133135e-01  -1.4045454e-01  -1.6213025e-02  -3.8977954e-01   6.6612420e-02  -1.2167783e-01   7.1610130e-01   1.3028537e-01   6.0251275e-01   2.3050854e-01  -1.2354728e-01   8.1566436e-01   8.1333438e-02  -4.1626830e-02   3.8956420e-01   7.6505206e-02  -3.3385996e-01  -2.4962409e-01  -3.0066862e-01   1.8161734e-01  -1.6625791e-01  -5.1117816e-02  -1.3463891e-01  -1.5887925e-01   2.6675439e-01  -5.1725212e-02   1.4450708e-02  -8.3579862e-02   4.2921802e-02  -1.6676007e-01  -2.4075541e-01   6.2247852e-01  -4.3690035e-02   2.6654172e-01  -4.3111332e-01   9.3747870e-02  -3.3609366e-01   6.7295659e-01   1.9459931e-01   4.0227795e-01  -1.5797228e-01  -4.5458845e-02   3.4286563e-01  -1.0231130e-01   1.2417062e-01  -2.3121409e-01  -1.7487766e-01   3.1626753e-01  -8.1958169e-02  -2.3975946e-01   7.6576377e-02  -1.6935626e-01   1.0678592e-01  -4.9736453e-01  -1.0686694e-01  -4.5283857e-01  -3.1630949e-01   6.9416462e-02  -2.0753575e-01  -2.6490169e-01  -5.1972804e-02  -1.4234923e-01   3.0649586e-01   1.8287757e-01   7.2217094e-04   1.7891543e-01  -1.8294616e-01  -5.8031533e-01  -2.5110219e-01  -5.1654058e-02   2.5299354e-01  -3.2059247e-01  -3.2979289e-01   1.2003385e-01  -1.7441897e-01  -2.0096123e-01   1.9747397e-02  -3.8403878e-01   2.5618048e-01  -1.4026411e-01  -1.2120540e-01   4.7078111e-01   2.8297539e-01  -2.1908704e-01  -2.2847575e-01   1.9555865e-01   4.5990444e-01  -3.0813758e-01   1.3875555e-01  -1.7503006e-01   8.5040106e-02   1.7459238e-01   9.6104958e-02
  -1.2240430e-01  -2.0634484e-01   4.6261429e-01   1.6707278e-01   1.0472711e-01   0.0000000e+00   1.9023195e-01  -2.7561673e-02  -2.0727894e-01   1.2363528e-01   1.0054182e-01  -1.4862355e-02  -2.3864216e-01  -6.2902844e-02  -3.7691040e-03  -5.4745899e-02   4.3384295e-01   1.6419489e-01  -1.4543435e-01   7.2443882e-02   2.7186929e-02   2.4908452e-01   5.7962439e-02  -2.1543898e-01  -6.3092745e-02   5.8565105e-03   3.0130311e-01   2.5221173e-01   1.0645231e-01   3.7406400e-01  -1.5053644e-01   1.5970208e-01   3.0689107e-01  -2.1150953e-02  -2.2938076e-01   1.9685063e-01  -1.4163889e-01  -5.6796358e-02  -5.5612087e-02   1.4041236e-01   4.8683574e-02   1.7642663e-01  -1.7333475e-01   2.1838992e-01  -1.9956180e-01   1.4969552e-01   3.3912604e-01   2.4222308e-01  -6.4691280e-02   8.1342009e-02   1.4769795e-01  -1.0570017e-01  -1.6175565e-01   1.0134695e-02   3.3560120e-02   3.9165821e-01   4.8281656e-01   1.8556911e-01   4.9575346e-02   2.2243129e-02   1.6882276e-01  -2.3540336e-01  -1.1369802e-01   2.5408057e-02  -4.1329791e-01   7.0009314e-02   5.8657192e-01  -8.2638153e-02   2.0458806e-01   3.5139532e-01   1.2045171e-01   7.1705073e-02  -7.0911290e-02   4.7217358e-01   1.8392148e-01   1.9524535e-01   1.1782508e-01   7.6573049e-02  -2.0705619e-01   1.7188401e-01   2.4524328e-01  -9.7979402e-02   3.0891397e-01  -7.0673795e-03   2.9497659e-01   3.3261776e-01  -6.2714996e-02   1.8081989e-01  -1.2036824e-01  -8.5910293e-02  -6.1274683e-02   3.7215947e-01   1.4101150e-01  -2.8550090e-01  -2.2328795e-01  -1.1527957e-01  -2.1169474e-01  -2.6418191e-01   7.7813508e-02  -2.0746084e-01   1.2700862e-01  -5.5575969e-02   2.3683769e-01   5.2550696e-02   4.4509430e-02   8.3952699e-02   3.0822329e-01   1.0006796e-01  -2.3006961e-01   2.8695905e-01   2.6130673e-01   2.9991059e-01   8.2673080e-02  -2.3095717e-01   3.0736705e-01  -1.5048843e-01   3.1009898e-02  -6.2858764e-03   5.4921380e-01   3.8719740e-02  -9.7412901e-02  -1.2835676e-01  -6.8811794e-03  -1.7216887e-01   1.1833683e-02   8.7490360e-02  -2.8775938e-01   3.0447096e-02  -3.7273883e-03   5.2088603e-01  -1.6991010e-01  -6.5725282e-02   1.9520305e-01  -1.9662620e-02   3.2507541e-02   7.2998153e-02  -6.3155355e-02   2.8707215e-01  -7.1577999e-03  -3.9238048e-01  -2.0198812e-01  -3.6914485e-01   8.3457096e-02   6.1064364e-01  -1.3802187e-01  -1.4909450e-01   3.1899915e-03   3.0048049e-01   4.4178551e-01  -9.0482294e-02   2.5453711e-01   1.4129535e-01   2.7851787e-01   3.3708050e-01   3.5499564e-01  -2.5990529e-01  -1.8412992e-01   1.2120530e-01   2.3202951e-01   2.9716172e-01  -5.2552501e-03   2.1454282e-01   1.8493312e-01   1.1885854e-01   5.9029910e-02  -3.5044517e-01  -4.3972226e-02   2.5140243e-01   1.2002903e-01  -8.3494032e-03  -1.8130898e-01  -2.8171463e-01  -1.4967224e-01   6.2832461e-01   1.8400075e-01   3.2002980e-01   5.7160302e-02
  -3.6232892e-01   9.3250759e-02   1.6218077e-01   1.9960400e-01   5.9672255e-02   1.9023195e-01   0.0000000e+00  -1.0135370e-01   7.1470815e-02   3.1546188e-01  -3.5839288e-01   3.1585002e-01   3.8585039e-02  -8.7638485e-02   5.8371553e-01   5.7635898e-02   5.8664848e-02  -5.9278023e-02   1.1138898e-01  -5.8992399e-02   3.4119504e-01  -8.6429487e-02   4.0704778e-01  -3.4446762e-01  -2.8244606e-01  -1.6811682e-01   1.4786378e-01   4.4745290e-02   2.7813301e-01  -3.1020561e-03   1.6862408e-01   4.5859868e-02   2.1184482e-01   6.3956685e-01   1.0243176e-01   3.6303194e-02   2.1941446e-02  -2.0146012e-01   1.4537937e-01   1.9305654e-01  -6.6199918e-02   2.1092077e-01   1.3205680e-01  -2.3267024e-01  -6.0350291e-02  -2.9552719e-01  -9.3669264e-02   5.1249475e-01  -6.5811820e-03  -1.0096841e-01   9.5813198e-02  -2.3219892e-01   5.5922806e-01  -3.3335290e-02  -6.2167178e-02   6.3966368e-02  -4.0275029e-02  -1.1556762e-01   8.5850400e-02   1.6748477e-02  -3.5530686e-01   4.1286609e-02   4.0659090e-02   1.4724684e-01  -9.7263688e-02   2.2405907e-01   1.3646151e-01  -1.5850249e-01  -1.5502281e-01  -2.3955068e-01   3.8768384e-01  -2.3227752e-01   9.7506428e-02   1.7744482e-01  -2.7870812e-01  -2.8054248e-02  -3.3714553e-01  -1.0198874e-01   2.3626221e-02  -1.7105097e-01   2.0501641e-01  -1.7117867e-01   3.6929949e-01  -2.1126790e-01  -5.7480640e-02   1.5666449e-01   1.6750462e-01   2.1723584e-01  -1.4662464e-01  -3.2025313e-01  -1.2370151e-01  -1.7746810e-01   2.2043985e-01  -5.5540691e-02  -3.5246141e-01  -9.3039351e-02  -1.6921441e-01   1.0753111e-01  -1.2849347e-01   2.0454833e-01   1.1727631e-01   1.8453543e-01   1.1582395e-01  -1.5636666e-01  -2.0701465e-01   9.0156315e-02  -8.1326185e-02  -1.3896122e-01   2.5103615e-01   3.0195948e-01   5.8976116e-01  -1.4724779e-02  -1.9073791e-01  -2.9756665e-01   2.9295750e-01   2.1790103e-01  -2.2059603e-01  -2.0470835e-02   1.1306099e-01   1.8197654e-01  -4.7798859e-01  -6.3011500e-02  -1.5687616e-01   4.8533621e-02  -2.9262772e-01   5.5635408e-02  -5.1282493e-02  -3.2827321e-01  -1.2428943e-01  -4.0410390e-02  -2.5773303e-02   4.6309556e-01  -2.1401441e-01   5.2050043e-01   1.6741852e-01   2.3605310e-02   1.5017287e-02   3.3075389e-01  -7.3378735e-02  -2.2783255e-01  -2.7621707e-01  -1.8793420e-01  -2.8622834e-01   1.6849683e-01   3.3113073e-01  -1.0776556e-01   5.1297775e-01   1.8863381e-01   1.0208081e-01   4.6115176e-01  -1.4192139e-01   1.2642602e-01  -1.5241934e-01  -3.2632314e-02   3.6057695e-01  -3.2162897e-01  -5.1538444e-01   1.5321152e-02  -1.3801253e-01   2.3262111e-01  -1.8160222e-01  -1.4738976e-01   3.3173027e-01   9.0564820e-02  -1.0899932e-01   1.8076746e-01  -4.6929121e-02  -2.5707657e-01  -3.2894837e-01   5.1214987e-01  -9.5361486e-04  -3.8615472e-01  -2.6743685e-01  -1.5428955e-02  -1.0227555e-01   2.3314760e-02  -1.5121786e-01
   2.9859998e-01  -1.8180506e-01  -2.4913441e-01   1.8931832e-01  -2.3398226e-01  -2.7561673e-02  -1.0135370e-01   0.0000000e+00  -3.1999616e-01   3.1475639e-02   2.1587244e-01  -2.7180865e-01  -1.8856029e-02   1.6977393e-01  -5.1776228e-02   4.7005487e-02  -2.7206811e-01   1.6778958e-01   1.4224349e-01  -2.4890882e-01   6.2523824e-02   1.4150766e-01   1.0159599e-01   2.5732664e-01   9.2837736e-02   4.9179828e-01  -5.9496978e-02   3.4517430e-01  -1.3118738e-02  -2.6109098e-02  -8.6562279e-02   5.5969780e-02  -1.0818413e-02  -1.6602928e-01  -2.7135792e-01  -1.2164497e-01   8.0654461e-02   1.6897123e-01   9.3029704e-02  -2.9995202e-01   6.5588783e-02   6.7811979e-02  -3.3259412e-01   5.5155635e-01  -2.2991193e-01   1.4602667e-01   1.6899995e-01   2.8196913e-02  -9.4435690e-03  -2.9511859e-01   8.4485431e-02   5.3523966e-01  -5.6978863e-02   8.8453654e-02   1.6252638e-01   1.3320855e-01   8.0675050e-02   1.1724672e-01   1.3019138e-01  -4.8513016e-02  -5.9716218e-02  -2.1760668e-01  -2.1835332e-01   3.5978268e-01  -2.3228713e-01   1.3231388e-01   1.5770005e-02  -6.6492609e-02   3.2039361e-01   2.0766052e-01  -1.4261609e-01  -1.8468458e-01  -2.6706152e-03   2.6547042e-02  -1.0014116e-01   2.8570079e-01   8.6054289e-02   3.2332687e-01  -2.4596804e-01   9.9499191e-03   3.8388861e-01   9.1733054e-02   4.9263491e-02   6.6343234e-01   1.2825577e-01  -4.6887919e-02   3.4464757e-02   1.8179386e-01  -1.6064586e-01   2.3527423e-01  -1.9679643e-01  -2.1656538e-01  -2.2888486e-01  -1.2151117e-01   1.2688994e-01  -1.4732977e-01  -1.5169583e-01   4.2966031e-01  -2.0216064e-01  -1.3495376e-01   2.1837922e-01   3.2822500e-01   3.3344255e-01  -6.3239357e-02   6.4546822e-02   4.4138878e-02  -1.2871884e-01   5.5523932e-01  -8.0662676e-02   7.2622567e-02  -8.8756874e-02   8.7289990e-02  -1.4015058e-01   3.2366799e-01   2.5704464e-01  -2.1231654e-01   4.6016091e-01   5.1314924e-02   2.1254176e-01  -5.8470765e-02   1.8852160e-01  -1.6030127e-01   6.9844950e-02  -2.1463021e-01   2.2213428e-01   2.4466580e-01  -2.3229755e-01  -4.6977140e-02  -7.3320634e-02   4.8114578e-02  -5.6248385e-02  -9.8811688e-02   2.5839259e-01  -2.9076560e-02  -4.9178937e-02   3.3920075e-01  -1.5928808e-01   2.6012500e-01   4.0324621e-01   2.3141731e-01   1.2293744e-02  -2.4320541e-01   2.7295840e-01  -1.3646203e-01  -6.7540703e-02   9.5004972e-02  -2.1422645e-01  -7.0170099e-02  -1.3592226e-01   5.8540993e-02   2.1378427e-01   4.7281345e-01   2.4575249e-01   4.0876160e-02  -2.1437862e-01   2.2844211e-01   1.3066325e-01   3.3954878e-01   2.7708479e-02   1.0168866e-01  -7.1149723e-02   4.3148255e-01   7.0607564e-02   2.3230016e-01   1.4959569e-01  -2.2821437e-01  -1.6300276e-01   2.8655880e-01   4.2283079e-02  -7.8280235e-02  -2.3808303e-01  -1.5063308e-01   1.1320156e-02   3.5905220e-02   1.0588424e-01  -1.9170033e-01   1.2868673e-01
  -2.0859897e-01   5.1176044e-01   1.2525624e-01  -6.2647569e-02   2.4829817e-01  -2.0727894e-01   7.1470815e-02  -3.1999616e-01   0.0000000e+00  -5.6972204e-02  -1.5334669e-01   4.7055699e-01   1.5281993e-01   2.1371075e-02   8.7953152e-02   3.6870793e-02   1.2052693e-02  -2.9479660e-01  -7.0464438e-02   2.0158968e-01  -1.0446996e-01  -2.9984091e-01  -2.4381965e-01  -2.2082954e-01  -2.6044001e-01  -1.9397977e-01   1.8677321e-02  -3.4697076e-01   8.2561724e-02  -2.0922496e-01   2.8208363e-02  -1.1221042e-01  -1.3334088e-01   3.3235460e-01   4.4933285e-01   1.5734041e-01  -3.8413496e-01  -2.3855088e-01  -2.1287448e-02   2.7227557e-01  -1.1707838e-01  -1.2285720e-01   5.4818400e-01  -3.6549297e-01   2.3855664e-01  -5.3564097e-01  -2.1040223e-01  -8.7997642e-02  -1.7347367e-03   1.4385467e-01  -2.0575030e-01  -5.3448404e-02   2.0864603e-01  -3.9482601e-02  -1.8924235e-01  -1.4544821e-01  -1.8493154e-01  -3.5612361e-01  -8.6965273e-02   4.1745104e-02  -2.6872851e-01   4.7018729e-01   5.2595712e-01  -2.4841232e-01   5.2360355e-01   5.6942182e-02  -3.0426468e-01  -8.5631522e-02  -4.2045837e-01  -4.3741069e-01   1.4773290e-01  -9.9901149e-02  -2.1227668e-02  -1.6625862e-01  -2.2352777e-01  -3.3331258e-01  -4.7367153e-01  -2.5240283e-01   5.0717632e-01  -3.3393578e-01  -1.3731032e-01  -1.0498521e-01  -6.1627202e-02  -2.0751443e-01  -2.6667456e-01  -2.5004959e-01   9.7290966e-02  -8.9229305e-02   1.9096734e-01  -3.1188153e-01   2.3290887e-01  -1.9158167e-01   3.3846787e-01   6.9592552e-01  -2.8642892e-01   2.7828849e-01  -1.3279738e-01   1.0657752e-01  -7.7516359e-02   1.2612636e-01  -2.6429027e-01   1.8881131e-01  -2.2283952e-01   4.4762295e-02  -4.0297393e-02  -8.7092455e-02  -6.4365869e-03  -3.0044538e-01   1.9432943e-01  -1.7946398e-01   4.8309142e-02  -3.9190081e-01  -1.5364362e-01  -2.1147875e-01  -1.6613271e-01   4.5926112e-01  -2.8233925e-01   2.7802884e-01  -3.0804768e-01   3.3887027e-01  -3.9583629e-01   3.9601291e-01   8.3552625e-02   4.9423690e-01  -4.5518285e-01  -2.4498286e-01   7.0424269e-01  -1.0311376e-01  -1.4423205e-01  -2.8948221e-01   8.1964682e-02   1.6713586e-01  -2.8181546e-01   8.1755331e-03   3.8147541e-01  -2.0201335e-01   1.6206961e-01  -3.5654269e-01  -1.1093547e-01  -9.3200394e-02  -3.4438167e-02   1.7539027e-01  -5.9172237e-02  -1.2791062e-01   2.3247073e-01   1.3792077e-01   2.9621704e-01  -9.8876048e-02   3.4093901e-03   3.7883861e-02  -3.8749778e-01  -3.0802519e-01  -3.1469420e-01  -2.2703521e-01   3.0386713e-01  -1.9150012e-01  -1.8370600e-01  -2.4602846e-01  -2.2538600e-01  -4.2461054e-02  -4.6133330e-02  -4.7398729e-01  -9.2914193e-02  -2.8329229e-01  -3.6164886e-01   6.1453658e-01   5.6812765e-01  -4.5994646e-01  -2.9506627e-01   1.6975916e-01   6.3538413e-01  -1.7028853e-01  -1.2183124e-01  -2.1689011e-01  -2.1936295e-01   1.6989187e-01  -2.9747021e-01
  -2.4303256e-01  -1.0465377e-01  -4.0929244e-02   5.7802183e-02   4.4673189e-01   1.2363528e-01   3.1546188e-01   3.1475639e-02  -5.6972204e-02   0.0000000e+00   2.0527776e-02   1.5001504e-01   2.5139838e-01  -3.3042076e-01   2.0847196e-01  -2.0897138e-01   4.9289043e-02   2.3130892e-01   8.9333790e-02   4.2363000e-01   1.6423645e-01   2.5441922e-03   5.7079203e-02  -2.8194442e-01  -2.3255515e-01   8.4052817e-02  -6.6501578e-02  -2.2786817e-02   4.7484002e-01   7.2504143e-02  -1.6699906e-01  -9.7243424e-03  -8.5360018e-02   4.3681673e-01   8.2409610e-02   3.2867267e-01   5.8600455e-02  -1.4545284e-01  -1.7790466e-01   9.0215212e-02   2.6949277e-01  -1.2164021e-01   1.0845148e-01  -1.1466497e-01   3.2042502e-01  -1.6951717e-01   7.6133111e-02   1.2340198e-01   1.9166953e-01  -1.6987119e-01   2.3964979e-01  -1.3450356e-01   3.1170958e-02  -2.4074558e-01  -2.2063166e-01  -1.1212176e-01   3.2783507e-02   4.5029885e-02   4.8914036e-02   1.0120164e-01  -1.1865730e-01   1.8942836e-01   9.4872242e-02   1.2485569e-01   1.6881681e-01   4.2083810e-01   3.1918551e-01  -1.0081926e-01  -5.9007901e-02  -2.2971744e-01  -1.1761086e-01  -4.4994830e-02   2.4316648e-01  -8.6522667e-02  -7.1885372e-02   7.4101922e-02  -2.0122995e-01   2.8642578e-02   1.9622011e-01   1.4138890e-02  -1.3561226e-01   2.6680034e-02  -5.4726732e-02  -4.7569686e-02  -1.9309826e-01   8.4369197e-03   1.0541204e-01  -1.7191050e-01  -1.2070939e-01  -2.0176390e-01   2.9901975e-01  -1.7268480e-02   4.0174602e-01  -1.9339617e-02  -2.3418561e-01   4.4240718e-01  -1.9625405e-01   1.1130463e-01   1.4468392e-01   2.9626734e-01  -2.0483802e-01   1.1241443e-02  -4.4476081e-02   3.1456376e-03  -1.4878999e-02   4.3125492e-02  -3.9955247e-01   4.3773774e-02   3.1934581e-01   2.4871277e-01   2.3377905e-01   1.9961542e-03  -7.8485048e-02  -2.6088401e-01  -1.0849222e-01   2.2770051e-01   2.7557778e-02   3.2667222e-01  -1.4894733e-01   5.0046221e-02  -3.2844236e-01   2.4080134e-01  -1.3266215e-02   2.1362328e-01  -1.5665372e-01  -3.7830113e-02   1.4659284e-01  -3.4440708e-01  -4.1987315e-02  -2.3349588e-01  -1.8315782e-01   4.0326237e-01  -1.6784209e-01   1.0942172e-01   2.7953263e-02   7.5843719e-03  -4.2088649e-02  -1.1814196e-01   3.3203673e-03  -3.3719036e-01  -3.2401376e-01  -1.2122572e-01  -6.3468931e-02  -1.6990204e-01   1.4161124e-01  -6.3146257e-02   2.0711429e-01   4.1965331e-01   3.1196278e-01   4.5276937e-01  -1.6701453e-01  -1.9077907e-01  -1.4479932e-01   1.7273245e-01   2.1327272e-02  -3.1357168e-01  -4.0022038e-01   2.9192270e-01  -1.8376894e-01  -4.3375437e-02  -2.1411982e-01  -2.6245300e-02   5.3476020e-01   1.0480588e-01   2.4689994e-02   1.9972983e-01   1.5301287e-01  -2.2417779e-01  -3.2207251e-01   2.1606176e-01   9.3512035e-02  -3.0866220e-01   2.8778469e-02  -3.5199686e-02   7.3056625e-02   9.1538627e-02   8.9893645e-02
   8.4599379e-02  -2.9787421e-01  -1.5763915e-01   2.2286841e-02  -2.7161402e-01   1.0054182e-01  -3.5839288e-01   2.1587244e-01  -1.5334669e-01   2.0527776e-02   0.0000000e+00  -2.4862804e-01  -4.7552906e-02  -1.4248442e-01  -3.0006153e-01   1.9167923e-01  -1.3562313e-01   4.2152127e-01  -5.0293411e-02  -2.4078864e-01   3.0700585e-02   1.5367520e-01  -1.8219706e-01   9.7458986e-02   1.5989059e-01   3.9010554e-01  -6.0110691e-02   9.9420865e-02   4.6366177e-02   1.1607008e-01  -5.2758325e-02   2.7413887e-01   2.8640306e-03  -2.3240161e-01  -3.1743369e-01   3.7711052e-01  -6.1850507e-03   8.3551480e-02   1.1569583e-01  -4.0737424e-01   2.2984742e-01   1.4435114e-02  -3.6965937e-01   5.4415714e-01   9.3498824e-02   3.0881315e-01   7.6405171e-01  -1.5462757e-01  -2.2209262e-01  -2.8509573e-01   3.8080189e-01   3.8576920e-01  -3.3809027e-01   2.0702209e-01   1.7354884e-02   2.8910752e-01   1.7402312e-01   1.5806807e-01   1.1592416e-01  -1.7826712e-01  -1.1908050e-02  -1.8552005e-01  -3.8783071e-01   4.6142792e-01  -1.9117943e-01   2.4768216e-01   5.0400125e-02  -2.0844011e-03   4.0547767e-01   2.0863210e-01  -3.4341374e-01   1.5498232e-01   1.5204981e-01  -9.8955452e-02   1.0170135e-01   3.3935174e-01   2.9766302e-01   2.2207055e-01  -2.0060017e-01   1.2429674e-01   1.6981051e-01   2.0234811e-01  -9.2094264e-02   3.7245311e-01  -5.7649951e-02   2.0896259e-01  -1.7359738e-01  -1.5537906e-01   2.7879287e-02   1.3337317e-01   1.5195431e-02  -2.8208945e-02  -1.4905825e-01  -1.6044171e-02   1.0231194e-01  -1.5122071e-01  -1.9483474e-01  -3.0623631e-02   6.7975787e-02  -1.9436790e-01  -1.9057949e-01   2.9902655e-01   3.6665601e-01   4.2851808e-02   4.7889451e-01   1.3012822e-01   4.3773207e-02   2.7168989e-01  -4.5933319e-01   3.2700719e-01  -3.3022032e-01   3.4814704e-01   3.7791013e-03   4.7020178e-02  -1.6080337e-01  -4.3937275e-01   2.1144858e-01   2.0664108e-01   2.3417044e-01  -7.3450588e-03   2.4177221e-01  -9.0875484e-02   1.8595149e-01   1.0828062e-01   1.7747375e-01  -8.8083041e-02   1.0687019e-01   4.6668539e-02  -1.3926267e-01   1.7703500e-01   1.2091242e-01  -6.7355203e-02  -4.0298856e-02  -1.8987138e-01  -2.5639231e-01   1.9404815e-01  -9.3394819e-02   6.5334426e-02   3.0624011e-01   5.2226532e-03   2.6171088e-03  -1.5919949e-01   4.5267709e-01   6.2396263e-02  -1.2306949e-01   3.8175248e-01  -5.2100374e-01   3.3721547e-01   3.8994502e-01  -2.8903404e-01   2.7970399e-02   2.8263284e-01   1.7655454e-01   4.8497475e-01  -3.3775049e-01   8.6662656e-02   1.8956769e-01   1.5882100e-01   6.5651318e-02   1.8195758e-01  -6.5178960e-02   4.4412388e-01   1.3791278e-01   2.3156157e-01   1.9527942e-01  -2.6714996e-01   2.8299060e-01   2.2557669e-01   6.5850750e-02  -3.4612171e-01  -4.5692594e-02   5.4320026e-02   3.0862942e-01   2.2491512e-01   1.0062548e-01  -3.2031570e-02  -6.7115177e-02
  -2.8801307e-01   7.0171715e-01   5.4366365e-01  -3.6304928e-01   3.0479163e-01  -1.4862355e-02   3.1585002e-01  -2.7180865e-01   4.7055699e-01   1.5001504e-01  -2.4862804e-01   0.0000000e+00  -9.6848932e-02  -2.8503749e-01   1.1601468e-01  -2.6166046e-01   4.9963233e-01  -4.4750655e-01  -9.1554808e-02   2.8355449e-01  -2.7739470e-01  -2.7995860e-01  -1.8171054e-01  -3.2522197e-01  -1.0891108e-01  -3.0937597e-01   1.7595749e-01  -1.7491838e-02   3.5539753e-01   1.6000002e-01  -1.3684703e-01  -2.5356683e-01  -1.9081199e-01   3.9603392e-01   3.6966144e-01   1.4566732e-01  -2.8586471e-01  -1.6943484e-01  -2.6112639e-01   4.9178345e-01  -2.0148804e-01  -2.5809409e-01   3.7479545e-01  -2.7938510e-01   5.6194100e-02  -3.1982537e-01  -3.0822302e-01   6.5333198e-02   7.2086993e-02   3.1740846e-01  -4.9562378e-01  -2.8189744e-01   1.9050985e-01  -3.1618695e-02  -1.4650148e-01  -1.1936618e-01  -8.7991480e-02  -3.8536894e-01  -3.5717955e-01   1.8721532e-01  -1.0771975e-01   1.8386864e-01   5.3579076e-01  -3.0432217e-01   3.2716791e-01   7.0752273e-02  -1.3685856e-01   5.0014061e-03  -5.3533647e-01  -3.1179924e-01   4.4487986e-01  -2.8283677e-01  -8.1821192e-02   2.1574442e-01   8.3954737e-02  -3.2943960e-02  -3.6046596e-01  -5.5536927e-02   4.8600523e-01  -1.3293445e-01  -1.5335734e-01  -9.4123159e-02   7.8275847e-02  -9.2712070e-02  -8.2060070e-02  -8.0910310e-02   1.3444838e-01  -1.2520265e-01   3.2047463e-01  -1.9683703e-01   3.1238579e-01   6.5868061e-02   5.3227409e-01   3.5770551e-01  -2.5457621e-01   3.1451452e-01  -1.9513686e-03   5.1166638e-02   1.4701309e-01   7.1010141e-02  -5.1321391e-02   1.7963746e-01  -3.1490193e-01   9.9551274e-02  -3.8612638e-01  -2.5114987e-01   1.5971500e-01  -4.4344991e-01   1.9066282e-01  -9.1106700e-02   2.5457576e-01  -1.4648534e-01  -8.3873791e-02  -1.3455063e-01   9.1694687e-02   4.6143759e-01  -2.7233429e-01   4.3256582e-02  -1.8910141e-01  -8.5473708e-02  -4.0121764e-01   5.1619450e-01   3.6612578e-01   2.4814304e-01  -2.8613119e-01  -1.4601395e-01   3.2243799e-01   3.7150106e-02  -3.4798267e-01  -1.1791598e-01  -1.7321792e-01   6.6326055e-02  -6.9992339e-02   8.8310915e-02   1.7318915e-01  -1.5164417e-01  -1.1593681e-01  -1.7010533e-01  -2.4811627e-01  -3.8608031e-01  -3.8131914e-01  -1.9072913e-01  -1.7353459e-01   1.0577529e-01   2.0120233e-01  -1.8103816e-01   6.4463302e-01  -1.6885734e-01   6.1654043e-02   1.0813117e-01  -1.3296627e-01  -3.3596970e-01  -2.0255858e-01  -1.2390869e-01   6.6114465e-01  -4.0909366e-01  -3.3011785e-01  -2.3295308e-01  -2.2302415e-01  -1.6946394e-01  -5.7111668e-03  -4.6982451e-01   1.0701166e-01  -5.3479784e-01  -2.2908115e-01   4.9564853e-01   3.8144458e-01  -2.1742902e-01  -3.0136165e-01   2.0980004e-01   5.3825355e-01  -3.4984288e-01  -3.3810016e-01   2.4264919e-02   1.8859276e-01   1.9399909e-01  -3.0922157e-01
  -2.8871091e-02  -8.0364820e-02  -3.0312294e-01   1.8896007e-01   2.0087344e-01  -2.3864216e-01   3.8585039e-02  -1.8856029e-02   1.5281993e-01   2.5139838e-01  -4.7552906e-02  -9.6848932e-02   0.0000000e+00   4.4518436e-02   2.6964036e-01   1.5106179e-01  -2.3302455e-01   1.7301804e-01   6.6243415e-02   1.9982881e-01   2.5667092e-01   8.5702706e-02   5.1813137e-02  -3.8294654e-02  -3.1059647e-01  -5.8773009e-02  -2.1420421e-01  -2.7254390e-01   7.7315886e-02  -2.4485205e-01   2.4147238e-01   6.4501221e-02  -7.0840708e-02   2.0112915e-01   1.3936518e-01   1.3714035e-01   1.9070670e-01   3.4575635e-02   1.2302371e-01  -1.3849063e-02   4.8992833e-01   1.1183186e-02   4.2094888e-01  -1.2619803e-01   2.8358477e-01  -3.3421674e-01  -5.9955005e-03  -1.3628622e-01   3.4606237e-01  -2.5506144e-01   2.4306761e-01   1.1313093e-01   1.4571391e-01   3.0422613e-03   1.0975691e-01  -1.4012951e-01  -2.4440516e-01   6.5727627e-02   1.1121112e-01   1.6897088e-01  -2.6429598e-01   4.4962098e-01   7.1698440e-02   3.3506368e-02   2.7012332e-01   1.6240844e-01   2.0991814e-03  -2.1121786e-01   4.9226294e-02  -3.5848995e-01  -1.2596324e-01   1.9806542e-02   6.6104887e-02  -1.3147445e-01  -2.3470126e-01  -2.2728744e-01  -2.2844548e-01  -1.5255545e-01   1.4757080e-01  -1.7388224e-01  -6.8651229e-02  -6.7635055e-02  -2.4534838e-01  -1.1989319e-01  -1.8290320e-01  -1.2745570e-01  -1.5807677e-01   1.4085826e-02  -3.0658786e-01  -1.0936627e-01   3.1238955e-02  -2.0876876e-01   1.0388159e-02   1.7370568e-01  -2.9021811e-02   2.4072731e-01   7.5384815e-02  -8.2330398e-02  -4.0570433e-02   2.5710432e-01  -1.2600022e-01   5.5000965e-02  -1.1471083e-02   3.0176014e-02  -2.2159077e-02   2.8975919e-01  -2.4421583e-01   1.0983567e-01   3.5467658e-01   4.4829195e-02   6.0076734e-02  -9.0630411e-02  -2.0290661e-01  -9.5074436e-02  -1.8570979e-01   1.7046442e-01  -1.4149526e-01   4.3543259e-01  -2.5575214e-01   3.4089125e-01  -3.1605072e-01   9.6955659e-02  -3.6615232e-01   1.7034327e-01  -2.2208908e-01   1.5847853e-01   1.9723379e-01  -3.4632171e-01   1.7066015e-01  -3.5521004e-01   1.3836990e-01   2.5698710e-01   3.9088578e-02   1.3822928e-01   1.2166988e-01  -1.0673991e-01   4.0969669e-01  -1.5358215e-01   4.7107922e-02  -2.6169974e-02   7.8270126e-02   5.3006591e-01  -1.2884269e-01  -3.3859527e-01   3.1668827e-01   1.2447042e-01   5.7172248e-02   7.7832696e-02   6.0507955e-03   2.2725577e-01  -2.1446640e-01  -2.0416245e-02  -1.5346627e-01  -2.2304121e-01  -1.7869582e-01   2.6023446e-02  -1.8482474e-01   1.3679599e-01  -2.5115376e-01   2.6098203e-02  -1.2303070e-01  -1.6412424e-01   1.2258332e-01   2.0187319e-01   9.9333554e-02   2.0630656e-01   1.0968682e-01  -3.1891386e-01  -2.5904144e-01   5.8232833e-02   6.6958004e-02  -9.0036856e-02   1.6978639e-01  -3.2584111e-01  -4.3011559e-01   5.6013581e-02   1.9897389e-01
   5.5347061e-01  -1.8283459e-01  -1.5930930e-01   2.9895490e-01  -3.3549400e-01  -6.2902844e-02  -8.7638485e-02   1.6977393e-01   2.1371075e-02  -3.3042076e-01  -1.4248442e-01  -2.8503749e-01   4.4518436e-02   0.0000000e+00   1.5622873e-01   7.7877653e-02  -2.3887976e-01  -9.6432202e-02  -1.5572560e-02  -2.5613491e-01  -9.3822304e-02  -1.4638482e-02   2.1623144e-01   5.3804521e-01  -9.9291186e-02  -1.5035417e-03  -1.2404308e-01   2.8649067e-01  -9.0012949e-02  -2.2941018e-01   3.9775938e-01  -1.4185587e-01   9.7174327e-02  -1.3349606e-01   6.9219521e-02  -2.7973092e-01   4.0801031e-02   2.6622731e-01  -5.9556027e-03  -1.5557295e-01  -1.5313253e-01   1.4881182e-01  -9.7317130e-02   1.9864369e-01  -2.1834364e-01  -6.4382043e-02  -1.1281039e-01  -1.1039534e-01  -6.5143557e-02  -1.4270126e-01   4.5368935e-02   1.2176899e-01   1.0775817e-02   1.3165995e-01   5.2074995e-01   3.7650670e-02   3.6895499e-02  -3.9529225e-02  -1.0110728e-02   7.3503622e-02   3.1940437e-02  -7.8006949e-02  -1.0902428e-02   9.4497074e-02  -2.1708009e-01  -1.9320598e-01  -1.6018244e-01  -1.2231386e-01   9.0952487e-02   2.1999799e-01  -2.6371912e-02   1.4264493e-01  -1.7338156e-01   6.3503349e-02  -1.4107214e-03  -2.2979500e-01  -5.4652095e-02   4.3020013e-02  -3.8511791e-01   8.2791981e-02   4.6330280e-01  -9.5481836e-02   5.8716896e-02   4.1974548e-02   2.4804012e-01  -1.2854979e-01   1.5523361e-01   5.0652742e-01  -1.4798447e-01   3.3759387e-01  -4.5096815e-01  -1.4141657e-01  -3.6506365e-01  -9.1965911e-02   1.5645239e-01  -3.7108089e-01   9.9272269e-02   2.1619044e-01  -2.5726428e-01  -1.7633475e-01   4.0053414e-01   8.4957864e-02   1.3368582e-01   4.5496763e-02  -7.6406211e-02   7.2057301e-02   1.1611340e-01   1.3450605e-01   2.5726038e-02  -2.7073117e-01   6.5785365e-03  -1.3896573e-01   8.4828536e-03   3.3685729e-01   3.4265874e-01  -2.6325950e-01   6.5358933e-03  -6.8817600e-02   2.1732121e-01   1.2789902e-01   1.7230199e-01  -3.8910612e-01  -2.1392721e-01  -2.9657070e-01   1.2889796e-01   4.1329036e-01  -2.1823877e-01   7.2732376e-02   1.2880480e-01   1.1964974e-01  -4.9649614e-02  -2.0445199e-01   3.0526363e-01  -1.9593819e-02   2.0490668e-01  -1.5155068e-01   2.5021939e-02   3.2173754e-01  -2.9865808e-02   4.4750026e-01   5.4243722e-01   1.6175339e-01   5.0535239e-02   9.1136713e-02   3.4883571e-02  -1.1507541e-01  -1.5021027e-01  -3.6553813e-01  -2.1328625e-01  -2.0930633e-01   2.0643171e-01   3.8776499e-01   1.2806300e-01  -2.1454520e-01  -1.6161056e-01   4.7685643e-01   2.4896242e-01  -4.6260938e-02   4.3313374e-02   1.2926975e-01  -2.7290464e-02   1.1439722e-01  -3.3354627e-01   9.6758022e-02  -1.6034390e-01  -2.2818175e-01  -1.6821640e-01   1.0807045e-01   2.0286201e-01  -1.3868101e-01  -3.3526092e-01   1.2979985e-01  -1.3083343e-01  -1.3383384e-01  -1.1528780e-01  -6.0260677e-03   9.8900338e-02
