   0.0000000e+00  -4.2453558e-01  -2.2236642e-01  -6.0853887e-02  -1.6447478e-01  -1.7311880e-01   1.3874477e-01   2.0181984e-01  -2.3866866e-01  -2.2787634e-01  -7.3076897e-02  -3.0019691e-01  -1.8097117e-02   8.7800497e-02   6.0976855e-02  -1.1868650e-01  -1.9886064e-01   1.1554970e-01  -1.6241970e-01  -2.1126546e-01   8.7779802e-02   2.4399804e-01   2.3787093e-01   6.6233976e-01  -2.2606487e-01  -2.2622198e-02  -1.7775518e-01   1.8619173e-01  -1.1486598e-03  -1.3012323e-01   6.7345648e-02   1.7075722e-01  -2.5784302e-01  -3.9668050e-01  -2.5106348e-01  -2.5361690e-01  -2.6071972e-02   5.0386725e-01  -1.4512698e-01  -1.4345098e-01   1.5851164e-01  -5.7152733e-02  -2.6615319e-01   8.2717976e-02  -1.8070360e-01   2.6263164e-01  -9.9464115e-02  -1.7799538e-01  -1.5657821e-01  -2.6639757e-01   2.7186190e-01   1.5303948e-01  -3.6216446e-01  -1.5238536e-01   3.2108295e-01   1.8327720e-01   2.8478281e-03   2.7220523e-01   1.9533922e-01  -2.6808088e-01  -6.6777690e-02  -1.2837823e-01  -2.6202040e-01  -6.4461548e-02  -2.3182985e-01  -2.4219875e-01   1.1425398e-01  -1.0048504e-01   9.9483852e-02  -6.0969874e-02  -1.8852977e-01  -6.6911547e-03  -1.1312804e-01   3.7405904e-01  -1.0584168e-02   1.5923235e-01   2.1154107e-01   1.4516509e-01  -4.5894272e-01   9.9199781e-02   3.3360513e-01  -3.3317659e-02  -3.2585089e-01   1.3818700e-01   2.8569698e-01   2.3372098e-01  -1.9234408e-01   4.4646688e-01  -1.8834184e-01   8.0620625e-01  -3.0308160e-01  -1.4131766e-01  -2.6553672e-01  -1.4258974e-01   2.9291583e-01  -1.9186336e-01   1.3531408e-01   3.0801408e-02   1.2553988e-01  -2.2623035e-01   4.4200915e-02   4.9242193e-02   2.9234403e-01  -1.1773328e-01   1.6029657e-01   1.5132710e-01  -6.7837852e-02   5.8872338e-02   1.3090380e-01  -1.0425295e-01  -2.1259999e-01   1.8036005e-01  -2.4677741e-01   8.0886594e-01   4.3326348e-01  -2.4157393e-01   2.0565448e-02  -7.1357411e-02  -4.4516978e-02   9.3239332e-02   4.4238544e-01  -3.2946865e-01  -1.6556085e-01  -1.9503089e-01   5.7702686e-01   1.1785368e-01   1.5782173e-02  -1.8206983e-01   1.5263972e-01  -2.3496817e-01  -6.4928285e-02  -3.1565636e-01  -1.1628537e-01  -1.4697970e-01  -2.2232859e-02   1.5681214e-01   7.3643784e-02   5.6650521e-01   3.5792901e-01   4.9378272e-01   6.0405190e-01  -4.2076512e-02   2.9804626e-01  -3.7379064e-02  -1.9859756e-01   2.0707443e-01  -1.4070936e-01  -1.5227663e-01  -8.8980573e-02  -2.2996021e-01   3.4745441e-01   4.0475490e-01   1.8367016e-01  -3.1893777e-01  -2.1764966e-01   5.2337641e-01   4.2266168e-01   1.4967327e-01  -9.2815158e-02   2.1953876e-01   6.4246265e-02   2.5457005e-01  -1.1221075e-01   2.5586834e-01   1.3027780e-01  -2.8433858e-01  -2.6369621e-01   2.8574823e-01   4.5028394e-01  -3.4583734e-01  -2.8459632e-01   3.8295607e-01  -9.6795678e-02   8.6799096e-02   4.5189087e-02  -1.7867401e-01   1.1786610e-01
  -4.2453558e-01   0.0000000e+00   5.6402960e-01   1.5040795e-01   2.0976701e-01   3.3522082e-02  -2.8076834e-01  -5.0201071e-02   6.2410734e-01   5.4366787e-02  -1.2610044e-01   7.0927887e-01  -1.8218221e-01   2.1071896e-01  -2.2590951e-01   1.6431572e-04   6.3946248e-01  -2.1429991e-01  -1.0775453e-02   1.2139009e-01  -3.8019792e-01  -1.2783736e-01  -6.0622363e-01  -3.9456262e-01   1.3100789e-01   1.2936989e-01   2.8630820e-01  -1.1201648e-01   3.0995155e-01   1.4681078e-01  -2.3113590e-02  -1.8058100e-01   2.4757758e-01   3.7683000e-01   4.5263645e-01   6.2121229e-03  -9.2334821e-02  -3.0476411e-01  -8.1110621e-02   5.5339828e-01  -2.6134438e-01   1.4028062e-01   4.6656835e-01  -7.9558005e-03  -7.5993523e-02  -2.0786018e-01   3.1334212e-02  -8.9273295e-03  -5.1783815e-02   6.4027806e-01  -5.4428289e-01  -5.6771119e-02   5.5381199e-01   3.1386711e-01  -6.0235210e-02  -3.2914098e-01   1.5223288e-02  -1.8742492e-01   2.4857502e-02   4.1448106e-01   2.9072477e-01   4.7041491e-02   6.5473586e-01   1.5863354e-01   1.3365434e-02  -1.3750550e-01   1.5654147e-02   1.0303362e-01  -1.9299822e-02  -1.0234232e-01   5.5640525e-01  -9.9834896e-02   1.5013467e-01  -1.7093813e-01   1.9383455e-01   8.9780169e-02  -8.7344291e-02   2.5165466e-02   5.3869931e-01  -2.5359192e-02  -3.1613641e-01   4.5768813e-02   4.4673963e-01  -5.0672613e-02   1.3284195e-01  -1.6863404e-01   4.8162699e-01  -2.4771312e-01   4.1249546e-01  -4.7005730e-01   3.4272635e-01   3.7911747e-01   4.4121250e-01   1.1326907e-01  -3.1795172e-01   8.6735155e-02  -8.9818614e-02   1.3093505e-01  -1.2456737e-01  -2.7251197e-01  -6.9770965e-02  -2.6208757e-01  -1.9146405e-01   3.9112556e-01  -3.6234524e-01   9.4400342e-02   2.8936619e-01  -4.9155856e-02  -2.7723899e-01   1.1667589e-01   3.3981183e-01  -1.7370650e-01   1.4240056e-01  -3.8824372e-01  -3.6453085e-01   6.3704336e-01   7.4333155e-02  -4.0693997e-02  -8.7640137e-02   6.7180380e-02  -2.6494751e-01   2.5197867e-01   1.0321069e-01   2.6386376e-01  -4.6386237e-01   1.2784635e-01  -3.0258118e-01   1.9460543e-01   8.4581595e-02   2.9916221e-01  -3.2120872e-01   2.4754889e-01   6.3345238e-01   5.4202686e-02   2.7237672e-01   2.0852428e-01  -1.6966217e-01  -5.7481281e-01  -1.1274893e-01  -2.6425141e-01  -3.4496298e-01  -1.1910788e-01  -5.3044833e-01  -2.2040318e-01   2.4822721e-02  -2.5696533e-01   3.8229999e-01  -3.3450174e-02  -2.5619744e-01  -7.8918040e-02  -4.0088618e-01  -2.6065627e-01   1.7098366e-02   3.1111600e-01   5.2882589e-01  -3.5076601e-01  -1.7853968e-01  -1.4131156e-01   4.1444924e-01  -1.1918854e-01   1.1232196e-01  -3.6104455e-01  -6.5268723e-02  -2.9016581e-01   5.3592267e-02   4.2174125e-01   6.9725979e-02  -2.4609839e-01  -1.8460761e-01   7.2655806e-01   2.5991527e-01  -2.2499059e-01  -2.6849995e-02  -3.1775639e-01   4.6016174e-02   1.5638924e-01   7.9982957e-02
  -2.2236642e-01   5.6402960e-01   0.0000000e+00   9.1298017e-02   1.1146216e-02   1.3883462e-01  -1.6284107e-01  -1.5039096e-01   2.6382557e-01  -7.4193578e-02  -7.5026919e-02   6.6257357e-01  -1.8181382e-01   3.1194472e-01  -1.7645322e-01   1.4987944e-01   8.4564125e-01  -3.4093116e-01  -3.9877997e-02   1.1774982e-01  -3.4934607e-01  -1.1768479e-01  -3.4576979e-01  -1.9417829e-01   5.2977306e-02  -1.2290868e-01   5.0982514e-01  -5.4697959e-02   2.0738368e-01   8.3295870e-03  -3.2800884e-02  -2.0475572e-01   3.0484243e-01   1.7612273e-01   2.6688180e-01   7.1443487e-02  -3.7656238e-01  -8.9526748e-02   6.5811526e-02   7.9085302e-01  -1.8031029e-01   3.2941804e-01   2.1066507e-01  -5.7861125e-02  -3.6041699e-01   2.5119003e-01   1.0975838e-01  -2.9333320e-02  -3.3735852e-01   7.3713650e-01  -3.4240960e-01  -2.2551231e-01   1.5078421e-01   3.9088433e-01   9.9160522e-02  -2.1571019e-01   3.1150356e-02  -2.0903297e-01  -3.4397191e-03   3.1843069e-01   5.0361677e-01   6.2795248e-02   3.1672128e-01  -1.5017724e-01  -3.2156932e-01  -2.6756392e-01   1.7791424e-01  -2.8333179e-03   2.1784276e-02   4.7597207e-01   5.7227898e-01  -2.2508734e-01   1.4628498e-02   1.5904433e-01   7.3549468e-02  -6.2786247e-02   2.0686144e-01  -3.5961704e-02   1.5316850e-01  -1.2531355e-01  -2.6697371e-01  -1.8714703e-03   3.1731436e-01  -1.0279664e-01   3.5919815e-01  -2.9683981e-01   3.0365888e-01  -2.5704759e-02   1.9247676e-01  -2.8011802e-01  -1.7890224e-01   6.3911906e-01   3.5170300e-01   2.1083543e-02  -6.8707468e-02   1.0647414e-01   6.4294574e-02   1.2051644e-01  -8.3740934e-02  -3.9194428e-01   4.2836938e-01  -2.4288396e-01  -3.2624028e-02   1.3433906e-01  -3.8175329e-01   6.1028132e-02   3.1307965e-01  -8.0133009e-02  -2.0747813e-01   1.4062275e-01   2.1995729e-01  -1.4571850e-03   4.4750735e-03  -1.9349354e-01  -6.0686220e-02   1.4997274e-01  -9.6329006e-02  -4.9222495e-02   2.0271309e-01   1.8997012e-02  -2.6437301e-02  -8.8042390e-02   6.9302105e-03  -8.1083366e-02  -3.2767484e-01   3.0610041e-01  -3.3175223e-01   2.7569254e-01  -1.1276545e-01   7.5158111e-01  -1.4646379e-01  -1.6139006e-02   4.4890206e-01  -1.8729146e-02   9.7607485e-02   4.4911947e-02  -2.5767552e-01  -2.7804455e-01  -1.4659844e-01  -1.5054912e-01  -2.2417799e-01  -4.0241950e-02  -5.2345941e-01   1.9573943e-01  -1.6473072e-01  -2.7245449e-01   4.8656184e-01  -3.3331755e-01  -2.4178647e-01  -4.0819087e-01   4.3791918e-02  -2.2308944e-01   2.2181743e-01   8.9918673e-02   6.9143564e-01  -2.6534053e-01   5.4034757e-02  -7.3751070e-02   5.7750128e-01  -1.5626436e-01   5.0770214e-02  -2.9671516e-01  -2.2605928e-01  -1.6523209e-01   7.0631871e-02   1.2904948e-01  -2.7844160e-02  -4.8252156e-02   6.5182600e-02   4.4035644e-01  -1.0899324e-01   8.0670433e-03  -7.9431457e-02   6.6060606e-02   3.5499945e-02   2.4759555e-02   1.3320350e-01
  -6.0853887e-02   1.5040795e-01   9.1298017e-02   0.0000000e+00  -2.0041020e-01   1.3244630e-01   1.9072324e-01   1.8482047e-01   2.9825238e-01  -2.2152123e-01   3.0850357e-01   1.6141881e-01   4.2059499e-02   3.5694871e-01   2.8530026e-01   5.4516092e-01   1.1172581e-01   1.9662128e-01  -1.6083161e-01  -9.1848823e-02   1.2638884e-01   5.0423255e-01  -4.5577243e-02  -1.1801457e-01   1.1953086e-01   2.0853371e-01   2.9224632e-01   2.2452420e-01  -5.5789602e-02   4.2982742e-01   1.7010538e-01   3.0753618e-01   4.2734747e-01   9.1657901e-02   2.6612944e-01   7.7260806e-02  -3.2859712e-01   4.0071011e-02   4.5649154e-01   2.1523258e-01   2.9237095e-01   3.0335001e-01   1.5792858e-01   1.5215336e-01  -3.5406898e-01  -8.7544436e-02   3.7260706e-01   1.4204495e-01  -1.5427064e-01   1.8231803e-01   1.6245662e-01   2.1051424e-01   7.3698253e-02  -1.3054220e-02  -4.3281620e-02   4.6193073e-02  -1.0847337e-01   4.3374372e-01   4.5519123e-01   4.2629231e-01   2.1101565e-01  -1.5980449e-01   1.0425810e-01   2.8822490e-01  -5.2780267e-02  -1.0085797e-01   2.6837897e-01  -2.5234531e-01   5.1768272e-01  -1.8593025e-01  -1.3302988e-01  -5.0135283e-02   3.1859575e-01  -7.6316890e-03  -1.3852381e-01   9.1895294e-02   1.3203611e-01   2.4237430e-01   2.7036215e-02   3.6019825e-01   1.8458922e-01   3.9156363e-01   1.6972398e-01   3.0601349e-01  -7.4862092e-02   3.8558815e-02   1.1722267e-01   8.3668918e-02   1.2337790e-01  -9.5095093e-02  -1.2315434e-01   2.6365911e-01   6.0408382e-02   4.2812769e-01   1.4252476e-01  -2.5826948e-01   1.1517062e-02  -1.4321418e-02  -2.4048604e-01  -1.6940483e-01  -5.5310218e-02   2.9107429e-01   2.6782556e-01   1.7718284e-01   3.1183665e-01   3.8046734e-01   1.2463123e-01   2.0398281e-01  -3.6813548e-01  -7.4066339e-02   1.5770882e-01   4.7458773e-01   2.9177311e-01  -1.2821033e-01  -9.8681995e-02  -4.5085563e-02   1.0516223e-01   2.6633637e-01  -1.8635372e-01   5.1653601e-01  -5.0185674e-02  -2.4378615e-02  -1.0556212e-01   1.1978695e-01   1.0892388e-02   1.9629891e-01   1.6279092e-01   3.1271434e-02   5.0112262e-01  -6.6901427e-02   2.3008221e-01   3.0553011e-01   1.7316638e-01   9.6421851e-02  -4.0116093e-02   1.9201875e-01  -2.0690304e-01  -1.4639230e-01   1.0240837e-01   1.1828705e-01   3.1946570e-02   2.0241941e-01   1.8719879e-01  -3.7264325e-01   1.4834704e-01   2.5390733e-01   1.2300562e-01  -1.0439993e-01  -2.5833802e-01  -1.5492814e-01   4.6953458e-02   1.6553078e-01  -9.3674680e-04   1.8436798e-01   3.0610347e-01   5.3598986e-02   7.7633565e-02   3.4580545e-01   3.3305863e-01   1.5413987e-01  -4.5961309e-01   3.0047921e-01  -1.9085315e-01   4.3709344e-01   4.5631083e-01   4.1468614e-02   1.3406902e-01   7.7660823e-02   1.5280266e-01  -2.7702767e-02  -1.2561821e-01   1.9842169e-01  -1.2156171e-01  -3.3233660e-01  -7.7849547e-02  -1.3092306e-02   5.2633208e-01
  -1.6447478e-01   2.0976701e-01   1.1146216e-02  -2.0041020e-01   0.0000000e+00  -4.8553176e-01  -3.3155838e-01  -4.7596175e-01   2.0312908e-01   2.7012545e-01  -1.5143306e-01   2.4306963e-02   6.1749647e-02  -1.9589479e-02  -2.4157405e-01  -1.9597174e-01   1.9834567e-01  -5.5731527e-02  -3.7583387e-02   6.3521531e-01   4.4451450e-02  -1.7664049e-01  -4.5092802e-02  -3.5459498e-01  -1.8135273e-01  -1.8959028e-01   2.2177042e-01  -4.8133101e-01   1.0511725e-01  -3.5871397e-02   8.0276342e-02  -2.2396530e-01  -7.0367817e-02   3.9071592e-02   7.0496724e-02   3.1151201e-01   2.7801938e-01  -8.6409803e-02  -8.1893762e-02   1.7266987e-01   6.7135144e-02  -1.9581830e-01   3.5324702e-03  -3.1949539e-01   4.1760517e-01   1.0929568e-01   4.1468310e-02  -1.9838613e-02   3.9036946e-01   1.0687608e-01  -8.9589070e-02  -3.3398631e-01   3.8780777e-01  -1.6468489e-01  -3.5668349e-02  -3.7894964e-01  -2.4743429e-01  -2.3967499e-01  -1.5475001e-01  -2.6666407e-01   4.9689532e-02   1.9926222e-01   2.9326068e-01  -1.1526811e-02   2.4419299e-01   2.4311202e-01  -9.9534735e-02  -5.0228513e-02  -3.0054020e-01  -1.6669611e-01   3.2932692e-01   3.3254422e-02   9.9223334e-02  -3.1265600e-01  -6.5086677e-02  -2.5792666e-01  -1.1108384e-02  -1.5086607e-01   4.0737529e-01   2.5042246e-02  -4.4252113e-01  -3.5636956e-02   1.4451103e-02  -3.4424979e-01  -1.5959605e-01  -2.7409564e-01   1.8429487e-01  -3.6835378e-01  -1.5738166e-01  -2.6931531e-01   6.4867474e-01  -1.1851066e-01   2.0116857e-01  -1.5572653e-01   3.7818920e-02   6.5156474e-01   4.0143485e-02  -3.2858751e-01   2.5430641e-01   5.0683299e-02  -3.2837773e-03  -2.9593242e-01  -3.2544711e-01   3.2946788e-02  -6.4101149e-02  -2.4605180e-01  -1.5643701e-01  -3.8221801e-01   1.7980530e-01   3.4983237e-01  -3.6068598e-02  -2.1730244e-01  -1.3910001e-01  -2.2098025e-01  -3.9215006e-01   4.7894566e-01  -1.3598754e-01   8.3552914e-02  -7.8372373e-02  -1.7807707e-01  -1.6721912e-01   6.5139724e-01   1.0346024e-01   1.6627352e-01  -1.7912491e-01  -3.4613260e-01   1.3350919e-02  -1.0468540e-01  -1.4832352e-01   1.2052927e-01   3.2280005e-03   2.0230802e-01   2.1565090e-02   8.8088041e-02   1.2190851e-02  -3.4401709e-01   1.0108856e-01  -3.3017102e-01  -1.8225293e-01  -1.2752744e-01  -8.5140437e-02  -1.4962678e-01  -1.7189758e-01  -1.8257594e-01  -1.6672966e-02  -1.9484527e-01  -8.7460126e-02   4.1505192e-01   3.0587569e-01   2.3873843e-01  -4.0539746e-01  -3.1210659e-01  -2.4349834e-01  -2.1314690e-02  -6.5144129e-02  -2.0428510e-01  -5.2541621e-02  -7.2868932e-02  -6.8672921e-02  -4.3494605e-01   1.2359753e-01  -2.5534095e-01   4.3825362e-01  -1.6481685e-01  -2.4603527e-01   3.6973210e-01  -2.1177348e-02  -3.3695245e-01  -3.0518301e-01   4.5517650e-01   2.8414378e-01  -3.6337641e-02   8.1027040e-02  -9.3689982e-02  -1.3489899e-01  -4.1457652e-02  -2.4427304e-01
  -1.7311880e-01   3.3522082e-02   1.3883462e-01   1.3244630e-01  -4.8553176e-01   0.0000000e+00   1.3841204e-01   4.2103464e-01  -6.6396904e-02  -1.7950306e-01   1.1635769e-01   1.2364168e-01  -9.7959824e-02   7.4343682e-02   5.3190557e-02   1.9595656e-01  -5.1854611e-03   2.1913650e-01   2.7400229e-01  -2.6637592e-01  -1.0441892e-02   1.7189556e-01   6.9372987e-02   1.6089098e-01   2.9686199e-01   5.6719908e-01   7.3809514e-03   4.7709093e-01  -2.4977186e-02   1.3346313e-01  -4.7581546e-02   1.7961643e-01   2.7037767e-01  -1.4094607e-02   1.2499352e-01  -6.0637828e-02  -1.9903649e-01  -1.5149957e-01   9.5300564e-02   1.1846303e-03  -1.7009961e-01   2.6752106e-01   1.0593250e-01   4.5215975e-01  -2.6862886e-01  -1.1249734e-01   6.8912648e-02   9.5179879e-02  -1.1208880e-01   1.8966801e-02   8.6271984e-02   4.4211272e-01  -1.9327668e-01   3.0041552e-01   7.8728900e-02   4.9042445e-01   5.0617088e-01   1.9040112e-01   2.0927433e-01   3.3750305e-01   1.3435723e-02   3.0534343e-02   6.9290765e-03   1.8747799e-02  -8.8792944e-02  -1.9114413e-01   3.4255788e-01  -8.9194524e-03   3.6624293e-01   2.4382824e-01  -1.2658764e-01   1.6255143e-02  -2.2841097e-02   6.6875831e-02   2.1118138e-01   3.1189093e-01  -1.1686666e-01   3.2877488e-01  -1.1422311e-01  -1.9228787e-02   4.9806631e-01  -2.8947192e-02   1.8446348e-01   4.9867792e-01   1.1946232e-01   2.1273763e-01  -5.2831233e-02   1.8179216e-01   1.6448053e-01  -4.4301955e-02  -3.0518503e-01   2.0047653e-01   1.9361125e-02   1.5251505e-01  -1.8121879e-01  -3.1756313e-01   1.3440713e-02   5.7031704e-01  -1.2539884e-01   6.1809982e-03   9.5320728e-02   1.9960022e-01   2.3870178e-01   8.0671962e-02   6.1127266e-02   2.8830066e-01   1.8666578e-01   5.6557842e-01  -3.2082370e-01  -1.8457401e-01   1.0063200e-01   1.2145509e-01   2.4860895e-01  -7.6882936e-02   2.5453491e-01  -2.5347051e-01   3.7956318e-01  -1.5690427e-01   2.5478541e-01   2.2098680e-01   4.4399614e-02  -3.4203323e-01   3.9690988e-02  -1.2971851e-01   2.7076979e-02   3.3151153e-01  -2.2660900e-01   8.1065192e-02   2.4276469e-01   2.9390429e-02  -7.9593899e-02  -1.1403048e-01   5.6154574e-02  -1.3011110e-01   3.3313178e-02   3.9656789e-01  -1.4899055e-03   1.2524548e-01   1.4040189e-01  -2.3301717e-01  -7.8514715e-02   5.4353374e-02   1.0050457e-01   1.4430831e-01  -9.7534132e-02   2.4005846e-01   6.3971181e-02  -3.3783717e-01  -1.2983776e-01  -1.7392271e-01   2.0198510e-01   3.6561457e-01   1.3674931e-01   1.1321506e-02   1.6128600e-01   1.6597268e-01  -1.3083495e-01   1.5255163e-01   7.1914712e-02   3.8134826e-01  -8.9740928e-02   2.7120145e-01  -2.7819865e-01   2.1879627e-01   3.1989234e-01  -3.3585941e-01   1.6516829e-01   2.5798832e-01   1.9123127e-01  -2.0547244e-01  -2.9652115e-01  -8.0570665e-02   3.6379283e-02   1.0899945e-01   2.2963667e-01   2.8727187e-02   2.5407087e-01
   1.3874477e-01  -2.8076834e-01  -1.6284107e-01   1.9072324e-01  -3.3155838e-01   1.3841204e-01   0.0000000e+00   7.9356515e-02  -6.7840387e-02  -1.3315760e-01   4.4395595e-01  -4.7139202e-02  -1.6150599e-01   2.3515604e-01   6.4834718e-01   2.1902579e-01  -2.9244777e-01   4.0050213e-01   5.2860003e-02  -1.3457030e-01   3.5300999e-01   1.0749307e-01   5.1052785e-01   8.0067166e-02  -1.4427245e-01  -6.2094073e-02  -1.2714151e-01   1.3369336e-01  -1.6001808e-01   3.2668123e-01   3.9376104e-01   5.6634685e-02   1.0320184e-01   2.8604798e-01   6.9892358e-02   8.2362513e-02  -3.4788360e-02   2.6307027e-03   6.9858296e-02  -2.0608550e-01   6.2970236e-02   1.2713365e-01   8.1707803e-02   3.9755059e-01  -7.8391857e-03  -9.5613390e-02   1.2917852e-01   4.8497604e-01  -7.6321493e-02  -2.8135100e-01   3.1223798e-01   1.2396875e-01  -3.5563014e-02   4.4576770e-02  -2.1961544e-02   5.3157274e-01   3.8569921e-03   1.7803768e-01   2.3709310e-01   2.0036614e-01  -1.0656981e-01   5.0774408e-02  -2.3821732e-01   1.9309373e-01   1.0105025e-01   1.5175190e-01   6.7682855e-02  -1.1478411e-01   1.5725291e-01   2.4952518e-01  -1.6799722e-01  -8.4505738e-02  -1.9208167e-02   3.0233962e-01  -1.3780923e-01   3.1328486e-02  -5.2647091e-02   1.7313272e-01  -1.7699980e-01   1.9363799e-02   3.4029750e-01   1.9185133e-01   1.8319354e-01   6.9221923e-02   1.2913969e-01   2.2837953e-01  -1.1156858e-02   2.9698643e-01  -1.2947281e-01   4.5811189e-02  -4.0429193e-01  -1.3043805e-01   1.1844482e-01   3.3151142e-01   2.8106574e-02  -2.6248557e-01  -2.0923390e-01   2.8559017e-02  -1.1123028e-01   3.0804609e-01   3.0998795e-01   6.2025820e-01   3.0756291e-01   1.3542230e-01   2.5260616e-01  -3.3747052e-02   8.8879516e-03   5.8389298e-02   9.1174509e-02  -5.7682866e-02   4.3642111e-01   4.3490119e-01  -1.4661002e-01   7.0976421e-02   5.3913452e-01  -3.4589215e-01   1.4612194e-01   2.3306435e-01   1.3399917e-02   2.4280731e-01  -3.0834108e-03  -3.1096650e-01  -1.9804838e-01   1.3162920e-01   1.0419333e-01   2.4780172e-01   4.8987096e-01  -4.3943950e-02   6.5505113e-02  -4.5707825e-02   2.4000489e-02   3.3394015e-01  -1.2721854e-01   2.3268777e-01  -5.9772516e-02   7.2426925e-02  -1.4907932e-01   2.6615201e-01   1.2980035e-01  -1.7833932e-01   8.9722841e-02  -2.9286239e-02   4.2771404e-01   7.5579940e-02   3.4823131e-01   3.9360633e-01   2.7591333e-01  -7.3093854e-02   1.2982941e-01   1.1517737e-01   5.7445004e-01   2.0031322e-01   3.7198077e-02   6.6843643e-02   3.0189579e-02  -3.3178439e-02  -3.3773849e-02   1.8420549e-01  -1.9421556e-01   2.9918715e-01  -2.6062704e-01   3.8528928e-01  -1.1396567e-01   2.5355651e-01   5.0048339e-02  -9.0598561e-02   3.8755160e-01   1.0290913e-01   3.2229821e-02  -3.1396695e-01  -1.1906021e-01   7.1763282e-02   3.3906657e-02  -6.3541145e-02   1.1067361e-01  -9.1775286e-02   4.3391018e-02
   2.0181984e-01  -5.0201071e-02  -1.5039096e-01   1.8482047e-01  -4.7596175e-01   4.2103464e-01   7.9356515e-02   0.0000000e+00   5.6601029e-02  -1.5870373e-01   1.2424679e-02   1.1327867e-01  -1.7108869e-01   1.0443927e-01   9.9297391e-02  -1.0749779e-01  -5.9419009e-02   1.6680727e-01   1.5886026e-01  -3.6888530e-01  -8.3837381e-02   2.6228698e-01  -4.6372165e-02   4.8302387e-01   2.7425591e-01   6.1889759e-01  -3.1460540e-01   6.2950841e-01   5.4365073e-02  -1.5806174e-01  -7.1963057e-02   5.4948289e-01   7.6719169e-02  -1.7202759e-01   5.2695103e-02  -5.5959853e-01  -1.8813332e-01   5.5574375e-02  -2.6891813e-01  -1.2385083e-01  -1.5717028e-01   2.1119795e-01   6.6480482e-02   5.0972287e-01  -3.0059928e-01  -2.2900132e-01  -2.1726009e-01  -2.8170916e-03  -1.4595179e-01   6.5246151e-02   7.3023018e-02   7.4929102e-01  -2.2747318e-01   2.4161676e-01   1.9095909e-01   4.3523747e-01   4.6395167e-01   5.2216649e-01   1.9075576e-01   3.0135416e-01  -6.4953332e-02  -1.0125433e-01   1.9620639e-01  -1.0818982e-02  -1.9450022e-01  -4.2940769e-01   3.2856613e-01   1.5009874e-01   3.9266138e-01  -2.7217171e-01  -6.4147794e-02  -1.5274393e-03  -1.0847421e-01   2.0804772e-01   3.9891421e-01   7.2474088e-01  -1.4926949e-01   3.8027326e-01  -2.7152826e-01   9.5119872e-02   6.9973295e-01  -1.2088972e-01   3.9736907e-02   6.3185589e-01   1.6652023e-01   6.6072203e-01   5.5166468e-02   6.1271790e-02   3.7667434e-01   2.9793751e-01  -2.6791103e-01   9.2436671e-02   2.7876057e-02  -1.7109268e-02  -2.1732326e-01  -4.6862624e-01   1.2826098e-01   6.0831752e-01  -2.2506522e-01  -2.6578943e-01  -1.8657109e-01   2.4059579e-01   3.8446674e-01   1.7565936e-01   1.1899855e-01   5.1202899e-01   2.5216964e-01   7.3529005e-01  -1.1647982e-01  -3.6139924e-01   7.8748103e-02   1.0319432e-01   2.7236287e-01   2.6593872e-01   2.7317832e-01  -8.8236146e-02   4.8030869e-01  -1.0534028e-01  -1.7052477e-01   3.0814166e-01   1.5698255e-01  -3.4594893e-01   1.7406874e-02  -1.2162506e-01   2.9059432e-01   4.3588381e-01  -1.1583833e-01   1.9651801e-01   4.9634820e-01  -4.1370830e-01  -2.8258325e-01  -2.1638568e-01   3.3296445e-01  -1.9574304e-01   3.4141363e-01   7.3342055e-01   2.1276135e-01   2.8544392e-01   6.3554552e-01  -5.3647241e-02   2.7250696e-01   7.3802807e-02   2.1651357e-01  -2.7675222e-01  -6.6918180e-02   2.6431785e-01   1.0267635e-01  -4.8398418e-01  -4.1217643e-01  -3.5666670e-02   1.2493896e-01   6.7545652e-01   1.7547655e-01  -8.2331059e-02   4.4474887e-02   3.1897247e-01   2.4971102e-02  -2.8798349e-02   1.1399534e-01   6.2494786e-01   4.0792243e-02   3.0597099e-01  -3.2041332e-01   1.8893929e-01   3.7858223e-01  -3.1991939e-01  -1.8959334e-02   3.2992685e-01   2.5183405e-01  -1.7878494e-01  -2.2159939e-01  -8.4861026e-03  -7.4480610e-02  -2.3958141e-01   1.8280181e-01  -1.1017984e-03   4.4584508e-01
  -2.3866866e-01   6.2410734e-01   2.6382557e-01   2.9825238e-01   2.0312908e-01  -6.6396904e-02  -6.7840387e-02   5.6601029e-02   0.0000000e+00   4.2296151e-02   3.0897480e-02   4.2718958e-01  -1.6066045e-01   3.6104443e-01  -3.4351538e-02   6.1655763e-02   3.2633190e-01  -1.2034576e-01  -8.9315833e-02  -1.1044145e-01  -2.2824081e-01   7.3461622e-02  -4.2200507e-01  -2.8574392e-01  -1.0637975e-03   1.6115284e-01   1.2661659e-01   4.3597772e-02   2.0120675e-01   2.2771463e-01   4.2457906e-02   4.0670624e-02   2.9007664e-01   3.9089968e-01   5.1826119e-01  -4.2397307e-02   1.5639349e-02  -1.6618002e-01  -3.7592125e-02   2.7267056e-01  -1.4148692e-01   2.0798330e-02   4.5513578e-01   1.4309768e-01   1.0630532e-02  -2.2788052e-01   2.2389318e-02   1.0266584e-01   3.6147171e-02   3.7617217e-01  -3.4066184e-01   1.6408847e-01   5.6596149e-01   2.5335055e-01  -1.0305394e-01  -1.7556868e-01  -5.7622180e-02   1.1761643e-01   1.7260414e-01   4.9845153e-01   1.1825720e-01   4.3712067e-02   6.3275113e-01   4.5969194e-01   2.1360140e-01   3.7973599e-02   9.8174224e-02   2.4894022e-02   1.2455472e-01  -2.0064012e-01   3.5640386e-01  -1.5931011e-01   2.4020495e-01  -1.9175728e-01   9.8559453e-02   6.2205400e-02  -1.3189980e-01   1.0915399e-01   4.9476402e-01  -5.8880681e-02  -5.6520526e-02   1.4036473e-01   3.3292370e-01   5.3165430e-02   1.3448969e-02  -9.0620995e-02   5.9520313e-01  -1.0695889e-01   3.9393649e-01  -3.0315182e-01   3.7586917e-01   1.4737693e-01   2.3318483e-01   3.1018676e-01  -2.4528416e-01  -9.7548927e-02  -2.4186843e-01   1.5719710e-01  -1.9743837e-01  -1.4778238e-01  -1.1385396e-01  -2.2988873e-02  -1.0548611e-01   5.2011475e-01  -2.0785425e-01   1.8158093e-01   1.1101316e-01   1.5711861e-01  -2.0017667e-01   1.4714426e-02   2.9736020e-01   3.9035354e-03   1.3669707e-01  -2.3175456e-01  -3.0142272e-01   5.2337325e-01   1.2612175e-01   8.4976851e-02  -3.0832966e-01   1.8438166e-01  -2.7123328e-01   1.1241126e-01   9.2141456e-02   4.7685228e-01  -2.8462885e-01   5.5748521e-02  -6.4820152e-02   7.5758024e-02   2.9109706e-01   3.5153534e-02  -2.4402335e-01   3.2642984e-01   4.3782458e-01   1.6207069e-01   1.9753883e-01   1.7906465e-01  -1.3742850e-01  -3.6033780e-01   6.4422920e-02  -2.4560353e-01  -1.1534125e-01  -1.5243518e-01  -2.2447019e-01  -4.3900859e-01   1.0507183e-01  -6.2257298e-02   2.6398993e-01   1.1952629e-01  -1.5345153e-01   4.6649327e-02  -3.0097085e-01   3.2412048e-02  -4.0795207e-02   3.5365396e-01   4.0508688e-01  -2.5530642e-01  -1.6405553e-01  -4.6619396e-03   1.6777095e-01   8.0612165e-02  -3.5991648e-02  -1.2969957e-01  -2.3541321e-03  -5.1064905e-02   1.4803766e-01   1.9328006e-01   9.4216243e-02  -1.0328669e-01  -2.0066324e-01   3.7182887e-01   2.6917520e-01  -1.6826971e-01  -1.6767031e-01  -4.8178994e-01   1.1051513e-01  -3.5837697e-02   2.3887552e-01
  -2.2787634e-01   5.4366787e-02  -7.4193578e-02  -2.2152123e-01   2.7012545e-01  -1.7950306e-01  -1.3315760e-01  -1.5870373e-01   4.2296151e-02   0.0000000e+00  -3.2482732e-01   5.7743855e-02   8.7998614e-02  -1.4552805e-01  -1.5206868e-01  -1.7322337e-01  -8.7761735e-02  -1.7905985e-01   1.1017627e-02   2.9062466e-01   1.9361910e-01  -3.9082119e-01   1.0769226e-01  -3.0172834e-01  -5.3868332e-02  -1.8802612e-01  -9.5370200e-02  -2.2777988e-01   3.7757499e-03  -2.6792291e-01  -1.0777043e-01  -1.8626672e-01  -2.6175153e-01   1.5473414e-01  -7.3478532e-03   1.0834590e-01   5.8033410e-01  -2.7510402e-01  -1.2429107e-01  -2.8816414e-02   1.0302594e-01  -2.7162972e-01   1.9893480e-01  -2.2730970e-01   3.3594768e-01  -2.0117730e-01  -2.4545515e-01   3.9121043e-02   3.7001008e-01  -1.1243929e-02  -1.2092620e-01  -1.3358279e-01   1.0022458e-01  -1.2703378e-01  -2.8360482e-01  -2.2881534e-01  -1.0416500e-01  -3.1922915e-01  -1.6297103e-01  -2.2617026e-01  -4.3543693e-01   1.0474090e-01   1.5841546e-01  -1.6847526e-01   3.0485945e-01   4.1935795e-01  -2.7205148e-01   1.5603799e-01  -4.5392346e-01   3.3834149e-02   2.1774010e-01  -2.8893894e-02   4.9081002e-02  -3.3912649e-01   8.9698777e-02  -2.5616632e-01  -4.5037337e-01  -2.0539362e-01   6.6838720e-02   7.1131643e-02  -3.3261424e-01  -6.7411355e-02   3.4892282e-02  -2.2473984e-01  -2.6819017e-01  -1.2248499e-01   6.7589856e-02  -2.8232174e-01   1.1133056e-01  -2.6067467e-01   2.9295836e-01  -3.6638422e-01   2.5255728e-01  -1.8225229e-01  -3.4619848e-01   4.5513924e-01   4.4249082e-02  -1.3983296e-01   5.1229406e-02   5.6273936e-01   5.3636843e-02  -2.4857636e-01  -2.4776806e-01  -2.0377940e-01  -1.9859709e-01  -4.0084700e-01  -4.0255533e-01  -2.1591707e-01   3.2869353e-01   2.1041068e-01   9.6538767e-02  -3.3977109e-01   6.3580838e-02  -3.3413433e-01  -1.0776362e-01   1.7991550e-01  -2.0376560e-01   1.1457019e-01  -1.2572202e-01  -1.1954491e-01  -5.1908232e-01   2.5425010e-01   3.5165476e-01   9.1933284e-02  -3.2170163e-01  -2.8957844e-01  -1.0110485e-01   1.6221301e-01  -3.0001432e-01   8.5058408e-02   9.0487190e-02  -1.2742204e-01  -1.6739642e-01   1.0050364e-01  -5.7608960e-02  -2.7889593e-01   1.1750031e-01  -2.2530480e-01  -2.1558212e-01  -1.3897810e-01  -3.1897986e-01   4.9664696e-02  -2.0921772e-01  -4.1749568e-02   1.2450887e-02  -2.4926254e-01   4.5123255e-02   2.3524759e-01   2.8758770e-01   6.2332345e-01  -2.6539482e-01  -2.3626574e-01  -5.4528030e-01  -1.3675745e-01  -5.3927364e-02  -2.5224226e-01  -4.7923138e-01  -7.8020913e-02  -2.8790069e-01  -1.4479226e-01  -5.3999530e-02  -2.9576579e-01   5.6475386e-01  -3.1132432e-01  -3.7399701e-01   1.8866998e-01  -1.3441764e-01  -2.2674566e-01  -5.4967098e-01   2.2904724e-01   2.0598842e-01  -3.4877922e-01  -7.4975339e-02  -1.4875873e-01  -4.8656537e-02   8.2887101e-02  -4.1084973e-01
  -7.3076897e-02  -1.2610044e-01  -7.5026919e-02   3.0850357e-01  -1.5143306e-01   1.1635769e-01   4.4395595e-01   1.2424679e-02   3.0897480e-02  -3.2482732e-01   0.0000000e+00  -4.6173928e-02   3.9771074e-02   1.0251003e-01   5.6981265e-01   4.1280350e-01  -6.8364156e-02   3.7529843e-01   4.7184731e-02  -1.4746185e-01   3.0023916e-01   3.4748219e-01   3.5762938e-01  -1.8057181e-01   3.8253957e-02   7.6392103e-02   4.9294446e-02   4.7089836e-02  -1.1992809e-01   5.5000776e-01   3.2990897e-01   1.3711145e-01   2.8253060e-01   2.4763685e-01  -1.3078051e-01   3.4192184e-01  -1.8936156e-01   1.4727083e-02   3.4358739e-01  -1.6638889e-01   1.9666502e-01   2.6155545e-01  -3.3885854e-02   4.3594481e-01   3.9618635e-02  -5.5695736e-02   6.1733242e-01   3.3379655e-01   4.1227555e-02  -8.3110939e-02   3.4909158e-01   1.0808084e-01   3.7963202e-02   4.1732964e-02  -1.2066132e-01   3.0973711e-01  -4.4008732e-03   3.0710341e-01   3.4658314e-01   3.1830718e-01   2.3483846e-01   1.8588383e-01  -7.8103659e-02   4.2681530e-01   1.0292459e-01   2.0683974e-01   2.3740672e-01  -2.7981594e-01   4.9081127e-01  -3.4511089e-02  -1.5073280e-01  -1.5994309e-02   2.3396305e-01   2.1142161e-01  -1.0765114e-01   3.4383790e-02   2.0082708e-01   4.6621320e-02   1.1389401e-01   2.1183364e-01   1.9033054e-01   3.5919952e-01   2.6007942e-01   1.1940952e-01   1.0287211e-01   1.5371364e-01  -1.4743829e-01   1.2079588e-01  -5.5727588e-02  -8.0029683e-02  -1.5524517e-01   1.8082866e-01  -8.7997988e-02   3.5872862e-01   1.2811077e-01  -1.4921498e-01  -6.3085390e-02   4.3419769e-03   7.3906013e-02   1.0591076e-01   1.9443092e-01   6.0726885e-01   3.1853111e-01   1.3780191e-01   4.1221285e-01   1.3336629e-01   8.8541302e-02   1.5194701e-01   4.5240369e-02   1.1173143e-01   2.8980952e-01   6.1235616e-01  -3.6622822e-02  -5.4920708e-02   1.1196465e-01  -2.5125555e-01   1.5865565e-01   3.6735026e-01   2.3940466e-02   3.5233014e-01   2.9923333e-02  -8.8913057e-02  -2.4113792e-01   1.9188815e-01   3.0530419e-02   7.3496436e-02   4.2618513e-01  -8.9547359e-03   2.6689992e-01   1.0161552e-02   1.3190969e-01   4.3519323e-01   2.6820164e-02   3.9258747e-01  -1.7703126e-01   3.8795723e-02  -1.2861304e-01   4.8178163e-02   8.5174250e-02  -1.0202144e-01   4.0144165e-02   1.7672807e-02   5.1046969e-01  -1.3338193e-01   2.8829018e-01   4.1074034e-01  -1.9401549e-02   1.3853126e-01   1.4098390e-01  -9.4389886e-02   3.3242151e-01   1.5504606e-01   1.2051975e-01   4.1429512e-01   1.4572138e-01  -1.1321423e-01   1.4367792e-01   3.3253866e-01   1.1894339e-01   1.7933334e-01  -3.0845358e-01   5.6491952e-01   9.9240471e-04   4.2899562e-01   3.1122535e-01  -1.2948108e-01   5.4734366e-01   7.0967267e-03   7.1403506e-02  -1.6123587e-01  -9.2322225e-02   1.5858863e-01   7.3015134e-02  -1.1079420e-01  -1.4222109e-01  -1.6153895e-01   3.2089965e-01
  -3.0019691e-01   7.0927887e-01   6.6257357e-01   1.6141881e-01   2.4306963e-02   1.2364168e-01  -4.7139202e-02   1.1327867e-01   4.2718958e-01   5.7743855e-02  -4.6173928e-02   0.0000000e+00  -1.0342235e-01   4.0263851e-01  -3.0381285e-02   6.0787462e-02   6.8994378e-01  -1.8953651e-01   5.6787945e-03   1.9695340e-01  -2.1788203e-01  -1.8904208e-01  -3.3525377e-01  -1.9408037e-01   1.2142074e-01   1.4418567e-01   1.3029294e-01   5.4190868e-03   3.0791926e-01  -4.0264270e-02   1.2618421e-01  -6.4603374e-02   3.0391824e-01   4.1045371e-01   4.7751043e-01  -3.1684853e-02  -2.3751854e-01  -3.1236048e-01  -1.1140854e-01   6.4115142e-01  -2.3077475e-01   3.4691724e-01   5.4700067e-01   1.8095393e-01  -2.8594479e-01  -2.2608241e-01  -6.7746859e-02   1.5635525e-01  -2.4674742e-01   7.1701462e-01  -4.3068001e-01   1.0709539e-02   3.7880424e-01   5.2021745e-01   1.8189154e-01  -8.3518742e-02   1.5624231e-01  -1.5484850e-01   5.8654712e-02   4.9557718e-01   3.3230309e-01   4.8816481e-02   5.2711406e-01  -4.1135134e-02  -2.1917395e-01  -2.7783333e-01   7.7840633e-02   1.1217535e-01  -2.1920442e-02   9.1184214e-02   7.0365111e-01  -1.5044080e-01   1.9737697e-01   1.4974388e-01   3.7643602e-01   1.2064712e-01  -4.9744017e-02   1.0161588e-01   3.6368156e-01   2.3967667e-02  -7.7854685e-02   1.5806924e-01   5.2530345e-01   2.2058873e-02   4.2824683e-01   3.8053021e-02   4.9129843e-01  -1.0929368e-01   4.7441782e-01  -3.5529144e-01  -5.3088610e-02   5.2654509e-01   7.0471034e-01  -4.7543591e-03  -3.1706332e-01   2.5226142e-02   8.8955198e-02   2.6037556e-01  -1.9840480e-01  -3.1618660e-01   2.9265047e-01  -7.6855408e-02  -5.5045245e-02   3.3333661e-01  -2.9750712e-01   1.4558368e-01   4.7107373e-01   3.9733557e-02  -2.1611315e-01   8.1298517e-02   5.6644975e-01  -1.1123702e-01   1.6230019e-01  -3.7942787e-01  -7.7802624e-02   4.3870492e-01   1.1252405e-01   1.3651791e-01  -3.2437992e-02   1.3378689e-01  -2.5144944e-01   5.7677065e-02   4.5925369e-02   6.6889842e-02  -4.8899720e-01   4.4575339e-01  -2.5043164e-01   4.2483676e-01  -1.0463959e-03   3.9699325e-01  -2.0819493e-01   1.6078563e-01   7.2680439e-01   1.2993919e-01   2.8843343e-01   2.2805403e-01  -3.9491964e-02  -3.5279733e-01   2.8069562e-02  -4.0638710e-01  -3.0982122e-01  -6.6417384e-02  -4.0736471e-01  -1.0296474e-01   6.5254549e-02  -8.7533239e-02   7.1488565e-01  -4.0151428e-01  -2.8635013e-01  -1.6572419e-01  -4.9293867e-02  -1.2672468e-01   1.4268421e-01   1.2997805e-01   6.3047783e-01  -4.2969354e-01  -1.7919993e-01  -5.6844906e-02   5.6255325e-01  -2.4029502e-02   1.0882322e-02  -1.3539680e-01  -2.8381046e-01  -1.8244631e-01   9.2822847e-02   3.4322871e-01   3.4557599e-02  -1.9370090e-01  -8.8382194e-02   6.1643418e-01   6.4162594e-02  -2.2609985e-01   5.9798251e-03  -3.1052061e-01   6.8360464e-03   6.6015767e-02   8.3878841e-02
  -1.8097117e-02  -1.8218221e-01  -1.8181382e-01   4.2059499e-02   6.1749647e-02  -9.7959824e-02  -1.6150599e-01  -1.7108869e-01  -1.6066045e-01   8.7998614e-02   3.9771074e-02  -1.0342235e-01   0.0000000e+00  -2.9362161e-01  -1.6713526e-01   1.3590721e-01  -2.2935401e-01  -3.3027407e-02  -8.1437978e-02   8.5927450e-02   5.7161492e-02  -9.1428292e-02   1.7460945e-02  -1.0637516e-01  -7.1812683e-03  -1.1549137e-01  -5.9495503e-02  -3.8152481e-02   1.4979664e-01   1.2538807e-02  -2.6850920e-01  -1.4023050e-01  -1.9460792e-01   1.4499215e-02  -1.0473625e-01   2.4819249e-01  -5.9383587e-02  -1.8720974e-02   3.2073137e-01  -2.1761638e-01   4.5441994e-01  -1.3466607e-01  -3.0684195e-03  -1.0622152e-01   1.7458273e-02  -8.7505147e-02   1.7080396e-01  -1.6135785e-01   4.8735868e-02  -1.7846697e-01   1.4449184e-01  -2.3336879e-01  -5.0588377e-02  -4.6863342e-02  -1.2359635e-01  -1.6620393e-01  -2.0357387e-02  -1.8251432e-01   6.9464235e-02  -1.0084182e-01  -1.2200144e-01  -3.6033189e-02  -1.2096631e-01  -8.8278449e-02   3.7674342e-02   3.5051106e-01  -7.6944963e-02  -2.5001053e-01  -1.3755715e-01  -8.7650695e-02  -2.2955247e-01  -9.7016398e-02   3.6158068e-01  -6.7592480e-02  -9.2696490e-02  -2.2914383e-01   1.1161580e-02  -1.9657327e-01   4.0719623e-02   3.8467818e-01  -2.0294882e-01   3.1897048e-01  -1.0239505e-01  -3.7416748e-02  -1.2263282e-01  -2.6624844e-01  -3.4944724e-01   6.6391753e-02  -9.1752171e-02  -2.3403281e-02  -2.2121510e-02  -2.0379637e-02   8.5582942e-03   1.0603998e-02   5.2681812e-02   1.6398688e-01   1.8660291e-01  -1.8503185e-01   1.7671503e-01   1.7760884e-01  -1.4992021e-01  -1.5245639e-01  -2.4487816e-01  -2.7722893e-01  -6.5256104e-02  -1.8405148e-01   1.4091927e-01  -1.9164558e-01   2.3443413e-02   1.8475133e-01  -8.6350461e-02  -1.4297850e-01   2.2888045e-02  -1.5481691e-01  -1.5469810e-01  -1.6157161e-01  -2.3743317e-01   4.5216016e-01  -6.2117131e-02  -2.1561788e-02   8.0969686e-02   1.0715898e-01  -1.0793856e-01  -1.1203677e-01  -5.1826422e-02  -2.3662724e-01   4.9770061e-02   2.2886556e-01  -1.4783657e-01  -1.0445784e-01   4.4897834e-01  -8.8407196e-02  -2.4084860e-01  -5.6985914e-02  -3.2246070e-01  -2.7146458e-01   3.3080632e-02  -1.6992684e-01  -2.1574105e-01   8.2706780e-02  -2.4588549e-02   2.9702272e-01  -3.7464926e-03  -6.6451262e-02  -1.5459778e-01  -1.2408914e-01  -2.3554123e-01   2.7149343e-01   3.6503817e-01  -1.9964683e-02  -5.9943367e-02  -1.7419148e-01   1.3731607e-01  -1.2907658e-01  -1.9581348e-01  -6.1155982e-02   4.8812096e-03   2.3965868e-01  -4.1648587e-02  -9.8708792e-02  -8.2704816e-02   4.3921459e-02   1.0523247e-01   9.9805270e-03  -1.6534951e-01   8.9487007e-02  -4.5890580e-03  -2.3689000e-01   2.7086401e-02   1.2953173e-04   1.8544479e-01   3.3461338e-02  -4.9927541e-02  -1.2115342e-01  -1.2611647e-01  -1.0354629e-01  -2.5805273e-01
   8.7800497e-02   2.1071896e-01   3.1194472e-01   3.5694871e-01  -1.9589479e-02   7.4343682e-02   2.3515604e-01   1.0443927e-01   3.6104443e-01  -1.4552805e-01   1.0251003e-01   4.0263851e-01  -2.9362161e-01   0.0000000e+00   2.4460598e-01   8.9487045e-02   2.9324226e-01   1.2681176e-01  -1.4399815e-01  -2.1473011e-02   1.5701438e-01   3.0220971e-01  -1.3567806e-02  -3.8763109e-03   5.3855269e-02   8.7239510e-02   1.4797175e-01   2.2092519e-01  -2.3777673e-02   2.1432175e-01   3.4348483e-01   3.6493521e-01   2.6030382e-01   1.4908853e-01   3.9889514e-01  -5.8937458e-02  -2.3021664e-01   6.2565671e-02  -4.4689188e-02   4.3073890e-01  -4.3340985e-03   1.9257613e-01   2.8424595e-01   1.9442621e-01  -1.7584475e-01   3.4715433e-02  -2.0848159e-02   3.2088500e-01  -1.3853678e-01   2.7896333e-01  -8.7073323e-02   1.7601701e-01   2.3017461e-01   1.7399838e-01   2.3829214e-01   1.2522076e-01  -9.7245135e-02   3.7927470e-01   2.8048540e-01   4.7820062e-01   2.2725696e-01   7.9816665e-02   2.7101981e-01   1.3287885e-01  -1.6272699e-02  -2.8653669e-01   2.2706609e-01   9.0605804e-02   2.5221797e-01   1.6220613e-01   3.4246447e-01   2.0038908e-02   2.1981389e-01   2.4365421e-01   2.8005658e-02   1.7437737e-01   6.3324581e-02   1.3886711e-01   2.1125215e-01  -3.1010831e-03   2.2876803e-01   1.6973608e-01   2.6886158e-01  -1.3810663e-02   3.5638124e-01   1.4174052e-01   5.8062772e-01   1.1077933e-01   2.6471319e-01  -1.8243307e-02  -1.2580178e-01   2.0579570e-01   2.7947299e-01   2.1727934e-01   2.6131784e-02  -1.3905862e-01  -7.4767534e-02   5.1434539e-03  -2.0753252e-01  -2.6991886e-01   3.4434140e-01   1.7129656e-01   3.1074607e-01   4.9274636e-01   1.2346439e-01   3.0198448e-01   1.1952287e-01   1.3103437e-01  -2.4651501e-01  -7.2088554e-02   3.8026766e-01   3.9497377e-01   1.1717823e-01   6.1402396e-02   1.4218877e-01   1.2659929e-01   1.9320902e-01   1.1920297e-01   3.0595970e-02   2.6585512e-01  -4.2108762e-02  -5.3584502e-02   1.2172721e-02   2.4565500e-01  -7.8210438e-02   5.3949210e-01   6.9077644e-02  -2.0820299e-02   3.4403441e-01   1.7603302e-01  -1.9918435e-01   3.2209175e-01   3.8259622e-01   1.6553760e-01   2.0480196e-01   1.5407390e-01  -1.5437539e-01   1.1987163e-01   2.1184455e-01  -1.1552482e-01   5.5441120e-02  -1.3275091e-01   3.0315265e-02  -1.1947255e-01   2.7229500e-01   3.6820477e-01   4.0707013e-01  -2.8106695e-01  -3.0701718e-01  -1.4593828e-01   2.3224895e-01   1.8492830e-01   6.8487940e-02   1.4335171e-01   4.2051358e-01  -2.1760401e-02   5.2630486e-02   9.1727190e-02   2.9987197e-01   1.4042990e-01  -1.4595803e-01   8.7672748e-02  -3.0747888e-01   1.4951289e-01   3.7631537e-01   7.3027994e-02   1.2723044e-01   6.9675349e-02   1.0347780e-01   9.8599446e-02  -8.0362247e-02   1.2507460e-01  -5.4427799e-02  -1.8463640e-01  -1.7248783e-02  -1.0866810e-01   3.3239907e-01
