   0.0000000e+00  -2.7192110e-01  -1.9051542e-01   5.5860995e-02  -3.0645636e-01   3.2458417e-03   5.4881518e-02  -1.2938572e-01  -2.8019971e-01  -5.0922687e-02   2.5360086e-01  -1.4905164e-01  -1.3099796e-01   3.0907306e-01   3.0334429e-01   5.3101017e-02  -3.4663590e-01   1.6043786e-01  -6.0967687e-02  -2.9315314e-01  -4.1429073e-02  -1.6431023e-01   1.9590536e-01   6.3078805e-01   4.9819468e-02  -7.0701832e-02  -2.0803735e-01   6.5159053e-01  -4.8093017e-02  -1.5560088e-02   1.0923477e-01  -8.1904936e-02  -4.9219771e-02   3.2303480e-02  -3.3007956e-02  -1.8674908e-01  -1.6267695e-01   2.5998029e-02  -1.4958274e-01  -2.6865270e-01  -5.3750688e-02   2.6370880e-01  -3.5908055e-01   2.7241405e-02  -2.6157351e-02   2.8010099e-01   3.2403257e-02  -2.6831072e-01  -2.5577264e-01  -3.1759713e-01   2.2655424e-01   3.3964450e-02  -2.7299699e-01   6.7597726e-02   2.4705242e-01   3.1763141e-01   7.6275671e-02  -1.8705734e-01   1.2208762e-01  -4.6990967e-02  -1.3148733e-01  -2.2882336e-01  -1.2952085e-01   1.7322624e-01  -5.5519741e-02   2.7923221e-02  -1.9853002e-01  -6.5482784e-02   2.1632240e-02   2.9718928e-01  -2.9545072e-01   2.2240545e-02  -1.4527982e-01   2.8751441e-01   2.4415341e-01  -1.8206040e-02  -2.2570772e-02  -6.6848678e-02  -3.4869995e-01  -2.3269742e-02   3.9328502e-01  -6.2878443e-02  -2.8514446e-02  -1.2719794e-01   1.9044998e-01   6.3383163e-02  -2.4676731e-01   3.2627120e-01  -1.4200705e-01   7.5926992e-01  -1.9422607e-01  -2.1624594e-01  -1.2746441e-01  -2.9190352e-01   5.4116755e-02  -3.4404886e-01   1.6508182e-03   1.2784250e-02  -2.1832824e-01  -9.9093904e-02   3.9854583e-01   3.3896073e-01  -5.6503317e-03   2.8810692e-02   1.9667871e-01  -7.2278773e-02  -1.5618362e-01  -6.6248163e-02  -4.2934134e-03  -8.1237049e-02   1.5379360e-01   7.9426441e-02  -8.9314260e-02   7.6219686e-01   5.7966623e-01  -2.5641230e-01   9.7133009e-02  -4.1947091e-02   2.5379448e-01   1.0940139e-01   5.9822716e-01  -1.9743012e-01  -1.4075266e-01  -2.1899183e-01   3.7476864e-01   4.2523751e-01   1.9842447e-01   6.4293071e-03  -8.0156381e-02   1.4111190e-01  -3.9449745e-02  -2.1776400e-01   2.8182987e-01  -3.2744756e-01  -5.9605827e-02   3.6157824e-02  -9.2168457e-02   4.7556311e-01   4.5101971e-02   3.6386636e-01   7.8797251e-01  -6.0045718e-02   2.8251817e-02   2.0022421e-01   3.0886460e-01  -7.6179842e-03  -4.1484708e-02  -1.8168860e-01   1.3700967e-01  -2.9830488e-01   5.2506078e-01  -4.2216103e-02   4.7677635e-01  -8.0849557e-02  -2.7527542e-01   5.5089597e-01   5.2825581e-01   2.3091963e-01  -1.3594796e-01   1.6672752e-01  -7.4791709e-02   9.9567081e-02  -3.2900379e-01  -1.0506911e-01  -2.5683804e-01  -2.9797002e-01   4.2043912e-02  -2.6954727e-02   5.6552788e-01  -3.1837880e-01  -5.9313131e-02  -5.2368511e-02  -1.4307759e-01  -1.6834518e-01   1.6612549e-01   1.9407136e-01  -9.2523408e-02
  -2.7192110e-01   0.0000000e+00   2.9102791e-01  -2.7833453e-01   6.4364457e-01  -2.7030992e-01  -2.4865631e-01  -3.3343210e-02   5.9706380e-01  -4.7103444e-02   3.7163713e-02   5.2774508e-01   2.3646328e-01  -6.4940412e-01  -2.3556552e-01   9.4766266e-02   4.1347080e-01  -2.1556028e-01   1.1799017e-01   5.1231598e-01  -3.0802787e-01  -2.5064596e-01  -4.2168774e-01  -2.3654129e-01  -1.7729002e-01   9.1007002e-02   1.0409163e-01  -3.2797050e-01   3.2802402e-01  -1.7388632e-01  -5.1863040e-02  -8.9613793e-02  -1.4661051e-01   8.3999701e-02  -1.8500475e-02   3.8888738e-01   1.4152238e-01  -7.2889786e-02   2.8218316e-01   5.1740289e-01   1.7991556e-01  -1.6556051e-01   6.0553473e-01  -1.3142196e-01   4.5051178e-01  -2.1468133e-01   1.9049703e-01   3.6597221e-01   3.7632192e-01   3.8903573e-01  -2.2089926e-01   5.3327550e-03   2.7124255e-01  -2.3546712e-01  -5.6246565e-01  -3.1172027e-01  -2.6129832e-03  -1.0012963e-01  -1.3642860e-01  -2.8417707e-01   3.3897571e-02   4.6747557e-01   2.4916255e-01   3.5786988e-01   1.4261209e-01  -1.7323058e-01  -8.7180219e-02   3.5203806e-01  -3.2761309e-01  -1.1305513e-01   5.6953718e-01  -1.6241062e-01   1.9627626e-01  -1.3254699e-01  -4.1400777e-01   1.1300580e-01  -1.0958444e-01   6.7852879e-03   6.9669416e-01  -2.1509953e-01  -3.1447273e-01  -1.8764760e-02  -1.4192704e-01  -9.0719941e-02  -3.9373953e-02  -7.9109942e-02  -1.8707733e-01  -4.5686953e-01   4.6746546e-01  -3.2834053e-01   6.2215961e-01  -5.0233400e-02   5.0568884e-01   3.1715323e-01  -9.9850930e-02   4.9122653e-01  -1.8214206e-01   2.6064727e-01   3.7341524e-01   2.3906603e-02  -3.7372415e-01  -2.9528009e-01  -2.4850208e-01  -6.8150095e-02  -4.9643335e-01  -2.7911391e-01  -4.1219010e-02  -1.3501473e-01  -1.4120628e-01   2.0864180e-01  -2.0616737e-01  -3.5369819e-01  -1.4705962e-01  -3.1957718e-01  -4.0016743e-01   6.5694207e-01  -1.9471498e-01   2.5601223e-01  -2.6620434e-01  -4.1273500e-01  -1.2290875e-01   6.2138827e-01   1.8535835e-01   4.3084608e-01  -2.2331561e-01  -4.2727618e-01  -3.2480951e-01  -1.2955068e-01  -2.2102833e-01   5.1357494e-02   2.7067360e-01   5.0426813e-01   4.6711818e-02   2.9502789e-01   2.8289260e-03  -4.9566851e-02  -1.5214182e-01  -3.3895838e-01  -1.4290559e-01  -1.2459341e-01  -3.8837346e-01  -2.4800639e-01  -2.9495365e-01  -2.9168052e-01  -2.1757591e-01  -1.9185150e-01   3.2900689e-01   4.0776788e-01   1.6792643e-01   3.6233071e-01  -3.9728031e-01  -7.0471269e-02  -1.4196720e-01   6.7322439e-01   3.7207213e-01  -1.2214393e-01  -3.3169775e-01  -1.5271431e-01   4.3599479e-02  -2.9774503e-01   3.8416003e-01  -1.5994629e-01  -4.5965262e-02   1.5604487e-02   1.4789824e-01   7.0137151e-01   2.4397197e-01  -1.7080126e-01  -3.7354043e-01   5.0190404e-01   5.5959753e-01  -3.4022483e-01   4.4453783e-01  -8.0217165e-02  -2.0644793e-01  -1.0149759e-01   5.4211976e-03
  -1.9051542e-01   2.9102791e-01   0.0000000e+00   4.9800560e-02   3.3433749e-01   3.3676369e-01   2.5432759e-02   1.9182945e-01   9.4298989e-02   1.7349917e-01  -1.8199830e-01   2.6984458e-01   1.5852828e-01  -1.2548035e-01  -5.4635851e-03   2.1564582e-01   8.4577404e-01  -1.7288811e-01   2.3644558e-01   4.5275997e-01  -1.3672401e-01   1.5049853e-01  -1.4575555e-01  -4.4484715e-01   2.7221675e-01   9.0822718e-02   3.0980492e-01  -2.0464987e-01   3.4088394e-01   2.7218146e-01  -1.5286031e-01   9.4232590e-03   1.6565646e-01   1.9019785e-01   6.0445928e-02   3.4615779e-01  -5.8220553e-02   3.9121739e-02   2.4186526e-01   7.2099007e-01  -1.0513485e-01   1.8305418e-01   5.1624528e-01   2.8546329e-01   7.8149853e-02   2.1247493e-01   7.5327340e-02   2.4491332e-01   2.2675463e-01   6.2224685e-01  -3.5824071e-02  -6.6542710e-02   8.2466197e-02   2.8127873e-01  -8.2069235e-02   8.4269919e-03   2.7005572e-01   1.0349179e-01  -7.3699451e-02  -1.7898715e-02   5.2551974e-01   4.2856399e-01   4.0922610e-01  -2.0695625e-01  -2.9914722e-01  -2.6805132e-01   3.2157987e-01   1.1963483e-01   4.0333656e-02   3.1520567e-01   4.1478359e-01   1.9713150e-03  -1.6019512e-01   5.1605061e-01  -1.3202575e-01   7.6321199e-03   3.5437089e-01   1.2359797e-01   1.5420183e-01   1.8988708e-01  -1.7669528e-01   8.0071034e-03   1.9057693e-01   1.5558370e-01   4.8191094e-01  -4.7065274e-02  -2.9198258e-03  -2.3019517e-01   2.0125158e-01  -3.2015503e-01  -6.8494995e-02   6.1945317e-01   5.2660217e-01   1.6053484e-01   1.9660530e-01   4.7342740e-01   7.3074654e-02   1.6344068e-01   3.2768309e-01  -3.6989514e-02  -1.6874938e-02  -5.1613164e-02   2.1943459e-02   5.1227717e-02  -2.2120348e-01   1.0088781e-01   5.2204892e-01   1.1521237e-01  -3.2886684e-02   5.1255669e-02   2.1731703e-01  -4.9336946e-02   1.6521027e-01  -2.1706643e-01  -2.4270714e-01   7.4020818e-02   2.6794535e-02  -8.8417123e-03   7.7795908e-02  -1.0003654e-01   3.3466976e-02   1.3079494e-01   3.0840411e-01  -2.1071825e-02   1.8477167e-01  -2.1061506e-01  -9.1995574e-02   2.0345479e-01   7.3758001e-02   3.4995733e-01   3.1541217e-01   9.6451170e-02   1.8363667e-01   9.0175679e-03   2.0244105e-01   2.3781839e-02   3.0586868e-01  -1.2410695e-01  -4.0651438e-02  -1.9041738e-01  -3.0165157e-01  -1.8747676e-01  -8.1132676e-02   3.1452297e-01  -2.4704653e-01  -8.6248398e-02   5.0431399e-01  -2.7724977e-01  -1.5971663e-01   3.8895020e-02   1.5231518e-01   1.3078851e-01   2.8197611e-01   1.1241071e-02   8.3658952e-01  -2.1499663e-01   5.8279460e-04  -1.4254931e-01   5.9304157e-01  -2.4997273e-01   2.2408672e-01   9.5738240e-03  -1.1573257e-01  -1.9376336e-01   2.4775496e-01   1.8824027e-01  -1.0113738e-01   1.7876505e-01   1.1946183e-01   3.4419116e-01  -1.9686998e-01  -4.6770628e-01   5.3516399e-02   4.4213194e-01  -5.2626943e-02   1.7337792e-01   2.1601263e-01
   5.5860995e-02  -2.7833453e-01   4.9800560e-02   0.0000000e+00  -2.6572090e-01   5.2432804e-01   2.5312512e-01   6.7407368e-02   9.8324478e-02   5.0804246e-02   1.3117569e-01   4.5076799e-02  -4.1929158e-02   4.1327961e-01   3.8040191e-01  -1.5796448e-02  -4.0288306e-02   5.1070962e-01   2.3345909e-01  -5.4803447e-02  -9.5367684e-02   6.7362609e-01   1.7385552e-01   4.2222970e-02   4.8665296e-01   1.3402090e-01   5.5574737e-01   2.1516471e-01  -2.7955072e-03   5.9816352e-01   2.2045328e-01   3.6288856e-01   4.4168358e-01  -1.1517141e-01   3.4252665e-01  -5.5739967e-02  -3.3681735e-01  -1.3931494e-01  -4.7255206e-02  -9.7747211e-02  -5.5417414e-02   3.7219976e-01  -9.3894457e-02   2.1514621e-01  -4.8449401e-02   2.2960771e-01   1.8010177e-01  -1.2845341e-01  -3.2924617e-01  -2.5245997e-01   5.4375956e-01   1.2523239e-01  -3.7156229e-01   3.7048679e-01   3.1525959e-01   3.2005349e-01   3.2777023e-01   6.1199632e-01   6.2792787e-01   5.6621693e-01  -3.0198648e-02  -2.0285814e-01   5.6464291e-01  -9.2334388e-02   9.0490659e-02   1.1578807e-01   4.7207902e-01   2.2868443e-01   6.5595265e-01   2.4492624e-01  -4.7721209e-01   4.2697365e-01  -2.6985131e-01   2.5394140e-01   6.1725741e-01   2.1481326e-01   6.8410962e-02   2.2468590e-01  -3.5824022e-01   4.3120427e-01   1.7291293e-01  -5.6093042e-03   2.3916515e-02   3.7138981e-01   1.3510155e-01   4.8880582e-01  -6.5100541e-04   2.9292523e-01   2.4338023e-01   2.0461186e-01  -2.7898293e-01   1.3007039e-01  -2.7414693e-01   2.4309840e-01   5.8767285e-02  -1.8751402e-01   2.6825895e-01   2.0938192e-01   9.7391520e-02   7.0516192e-02  -1.2384401e-01   4.5538967e-01   2.9595280e-01   5.3722050e-01   6.1023257e-01   7.5933887e-01   2.2503166e-01   6.2742072e-01  -9.9691812e-02  -4.6560273e-01  -6.7567937e-02   6.8032773e-01   3.4742674e-01   1.2472638e-01   1.8587918e-02  -5.2631152e-01   4.2419718e-01  -8.0255324e-02   1.2174568e-01   8.0563482e-01   5.5075658e-02  -2.2261109e-01   5.5467582e-02  -2.0070217e-01   3.3829822e-01   4.9173279e-01   1.5250973e-01   3.5614399e-01   7.4427833e-01  -1.2106437e-02  -1.3296179e-02  -3.0780978e-01   4.9354466e-01  -4.4610525e-01   6.9110091e-01   4.1154985e-01   2.7320970e-01   5.7029210e-02   6.0207675e-01  -1.4670840e-01   2.0255992e-01  -1.5037959e-01   4.0209804e-01   1.7005317e-01   1.7093826e-01   3.1832159e-01  -2.3814859e-01  -6.4449921e-01  -1.1746792e-01  -4.5001275e-01   1.8917500e-01   1.7107555e-01   2.8825733e-01  -3.7179078e-01  -6.7812319e-02  -8.7840859e-02   1.7721553e-01   5.2310587e-01   1.3216698e-01   3.0973151e-01  -2.2140151e-01   2.7373949e-01  -3.6872162e-01   4.1471877e-01   3.0098083e-01  -3.4931976e-01   1.3123565e-01   2.3703825e-01   2.2814796e-01  -4.3757697e-01  -4.3132167e-01  -2.5443587e-01   5.5237059e-02   1.3761182e-01   5.3873112e-01   4.1802997e-01   6.2229909e-01
  -3.0645636e-01   6.4364457e-01   3.3433749e-01  -2.6572090e-01   0.0000000e+00  -2.1164077e-01  -3.4841606e-01   1.1043615e-01   4.9403797e-01   1.9981731e-01  -3.9714059e-02   2.8005438e-01   3.6170330e-01  -6.4150488e-01  -5.1553872e-01   6.8081554e-02   5.0263993e-01  -1.3420256e-01   2.2089719e-02   7.9657697e-01  -1.1168154e-01  -3.0332079e-01  -3.5619924e-01  -3.2672726e-01  -2.2540595e-01   7.2995851e-02  -2.9796120e-02  -4.8088560e-01   3.8462808e-01  -3.0762408e-01  -9.6730847e-02   7.3661049e-03  -1.7564377e-01  -5.1256663e-02  -1.6788629e-01   5.1821412e-01   3.8122821e-01  -5.8781363e-02   2.4863082e-01   5.4778275e-01   2.4083149e-01  -2.1307682e-01   5.2886557e-01  -1.5632418e-01   3.4408834e-01  -2.2762044e-01   1.8602578e-01   2.9165532e-01   5.2831179e-01   4.6130864e-01  -2.1876403e-01  -5.9269750e-02   2.8681164e-01  -2.4604722e-01  -4.6568416e-01  -2.6588494e-01  -8.3156337e-02  -4.8758566e-02  -1.7210812e-01  -3.6847096e-01   1.3530464e-01   5.6761736e-01   2.0492369e-01   2.5032852e-01   1.3772023e-01  -1.3464004e-01  -5.5532124e-02   2.6031524e-01  -3.8508400e-01  -1.2793424e-01   5.4040461e-01  -1.8846212e-01   1.6323098e-01  -2.2199014e-01  -4.8362216e-01  -1.4152041e-02  -5.4558480e-02  -5.9575561e-02   7.8145314e-01  -1.4029077e-01  -3.5443002e-01  -5.5499736e-02  -2.0834257e-02  -1.9094212e-01  -1.7192239e-02  -2.8060000e-01  -1.8765033e-01  -6.5666567e-01   2.6398069e-01  -4.8308971e-01   7.2146463e-01   1.3440694e-01   6.2666150e-01   2.5435800e-01  -1.2116088e-01   7.9272147e-01  -2.4863359e-01   1.3350930e-01   3.1645096e-01   1.5077735e-01  -3.0557134e-01  -4.8889104e-01  -1.6696672e-01  -3.2309768e-01  -5.3500802e-01  -2.1189124e-01   1.0469471e-01  -6.6049325e-02   6.0104664e-02   2.3583166e-01  -1.7675935e-01  -4.9091843e-01  -1.9831153e-01  -3.7256150e-01  -5.2117571e-01   6.8349211e-01  -1.6030123e-01   3.1285106e-01  -2.8576980e-01  -4.2492478e-01  -1.2131803e-01   8.2370949e-01   3.3620700e-01   3.4386507e-01  -2.6013995e-01  -5.4753161e-01  -3.0940329e-01  -1.1164551e-01  -2.3814907e-01   5.5592917e-02   3.3597230e-01   4.3752005e-01  -2.3352437e-01   2.5014219e-01  -6.5909279e-02  -2.4057020e-02  -1.7864324e-01  -4.1231560e-01  -2.4693363e-01  -2.3210000e-02  -4.8808653e-01   3.3674706e-02  -3.7338156e-01  -3.2965615e-01  -3.8323825e-01  -1.8503349e-01   2.7404848e-01   3.3753300e-01   7.8928415e-02   5.2151895e-01  -5.3979358e-01  -4.8647295e-03  -2.4923392e-01   6.1491804e-01   3.7540639e-01  -1.1775295e-01  -2.6083398e-01  -1.3773903e-01   1.9066073e-01  -2.6757662e-01   3.7511086e-01  -2.2964154e-01   2.3187987e-01   4.3116046e-02   1.3745297e-01   7.1268691e-01   7.0531213e-02  -2.1788732e-01  -3.4957342e-01   5.9163780e-01   5.0060125e-01  -2.6845239e-01   3.5559678e-01  -3.3320389e-02  -1.5993046e-01  -1.5504008e-01  -2.2589229e-02
   3.2458417e-03  -2.7030992e-01   3.3676369e-01   5.2432804e-01  -2.1164077e-01   0.0000000e+00   4.7281106e-01   2.1887646e-01  -1.8120737e-01   1.0913115e-02   2.7158268e-01   1.6798361e-01  -1.2390904e-01   4.2239137e-01   4.2361024e-01   2.0341909e-01   1.6611718e-01   3.1530554e-01   2.5623347e-01  -1.1493150e-01   2.7118495e-01   5.6372990e-01   3.1681373e-01  -2.0656402e-01   4.4346503e-01   1.7539623e-01   3.7044379e-01   1.5231554e-01  -4.5147833e-02   7.3906035e-01   1.7048782e-01   3.6098804e-01   4.6114344e-01   2.0499097e-01   3.3105575e-01   1.3857983e-01  -3.1887297e-01  -2.3944155e-02   2.3458067e-02   6.2861899e-02  -7.5627360e-02   3.2364608e-01  -4.0383491e-02   5.6811938e-01  -8.8565778e-03   3.4499129e-01   3.0663303e-01   1.2231661e-01  -2.1807112e-01  -1.6286857e-01   4.2937295e-01   2.2794856e-01  -9.3572320e-02   2.3722782e-01   2.9299122e-01   5.8197271e-01   5.9237381e-01   4.1894431e-01   3.6782715e-01   3.8368773e-01   3.3915836e-01  -1.1488263e-01   2.3598458e-01  -1.8521679e-01  -1.2590280e-01   2.5883521e-01   7.2346080e-01  -5.1552198e-02   7.0123280e-01   2.7624289e-01  -2.5740090e-01   2.4612121e-01  -2.5621504e-01   5.4118447e-01   3.5278127e-01   1.5706804e-01   3.0260905e-01   1.8213654e-01  -4.2945165e-01   2.8778618e-01   2.6321890e-01   2.9162767e-02   3.8562268e-01   3.3423235e-01   3.5746115e-01   3.9053903e-01   1.7509157e-01   2.3034318e-01  -7.6920524e-02  -9.9390274e-02  -4.7081389e-01   3.6237840e-01  -1.0455263e-01   1.4316477e-01   3.0545015e-01  -1.1732666e-01   1.2806893e-01   5.9877423e-02   3.4131296e-02   5.0343967e-02   7.4791768e-02   5.2937013e-01   4.5975753e-01   3.7926724e-01   5.5372994e-01   5.1897550e-01   3.1904164e-01   6.5016863e-01  -1.8236172e-01  -1.1298607e-01   2.6248028e-01   5.9742834e-01   1.5132004e-01  -5.1678125e-02   6.4209552e-02  -4.7387968e-01   3.4970348e-01  -5.2939544e-03   3.8311563e-01   4.4671914e-01   9.9192978e-02  -2.6011564e-01  -5.6296360e-03  -2.8253626e-01   4.0657007e-01   3.9956931e-01   1.3032548e-01   1.4493176e-01   5.2175735e-01   2.1179893e-01   1.6693030e-01  -2.5449506e-01   4.3430356e-01  -3.0078337e-01   4.4355035e-01   3.5112722e-01   2.1895493e-01   2.7491786e-01   4.9567482e-01  -3.1278002e-01   2.1281860e-02  -2.2979783e-01   4.5337865e-01   5.2545528e-01   1.4239630e-01   2.6232019e-01  -1.9398573e-03  -5.5316802e-01   1.1882480e-02  -3.2586681e-01   1.9167648e-01   3.5706878e-01   3.8387535e-01  -2.6201477e-01   2.8011446e-01  -2.1540773e-01   1.3993335e-01   3.2292421e-01   2.9013384e-01   3.1369392e-01  -2.0191755e-01   3.2682576e-01  -1.5832044e-01   2.5177451e-01   3.1876266e-01  -3.3472448e-01   3.4341972e-01   2.9204094e-01   3.7270084e-01  -2.2969051e-01  -5.1938172e-01  -4.0658831e-01  -1.6700627e-02   5.3167788e-01   1.5696759e-01   3.0513337e-01   4.9270006e-01
   5.4881518e-02  -2.4865631e-01   2.5432759e-02   2.5312512e-01  -3.4841606e-01   4.7281106e-01   0.0000000e+00  -3.6149082e-01  -3.1330837e-01   2.9488355e-01   2.1616018e-01   1.2189525e-01  -2.1938977e-01   3.5193109e-01   6.0786441e-01   6.0611879e-02  -2.0521617e-01   9.0560770e-02   9.2508705e-03  -3.2762471e-01   3.4219890e-01   2.3297470e-01   7.7735239e-01   5.4487102e-02   2.8862038e-01  -1.8670561e-01   1.5847505e-01   1.6774162e-01  -1.3809870e-01   4.5607113e-01   6.1662664e-02   4.2592400e-02   1.6046787e-01   6.9447206e-01   2.6004947e-01   2.0641754e-01  -1.6359553e-01  -1.1184246e-01  -1.6883833e-01  -1.3489954e-01  -1.6217022e-01   2.1080715e-01  -3.2861952e-01  -9.0577156e-03  -1.3340025e-01   2.2797791e-02   2.6176060e-02   5.0844355e-01  -4.0742551e-01  -3.9076477e-01   3.2107345e-01  -1.2787032e-01  -1.2625908e-02   3.1417452e-01   2.5573426e-01   2.5188482e-01   1.7743732e-01   5.4456289e-02   1.8713495e-01   1.2388481e-01  -1.2998002e-01  -2.1483927e-01   2.7833250e-03  -2.6752698e-01  -4.9546592e-02   2.3919738e-01   2.4693493e-01  -2.5099920e-01   4.4353811e-01   1.6422157e-01  -2.7807384e-02   1.1426368e-01  -5.7574232e-02   3.3122463e-01   3.6100124e-01   1.5463068e-02  -8.8673237e-02   2.3273767e-02  -4.5729890e-01   9.8743264e-02   3.6168661e-01   1.6789356e-01   2.8003186e-01  -1.8471977e-01   2.4695599e-01   2.1970870e-01   1.9545561e-01   3.3249263e-01  -9.8906787e-03   3.6148099e-02  -6.0771090e-01  -9.7334914e-02  -1.3896577e-01  -1.6756372e-01  -2.0677050e-02  -2.8212434e-01   1.0627239e-01  -1.4661038e-01  -1.8440764e-01   4.8296675e-01   2.2920337e-01   5.2988091e-01   3.0232643e-01   1.9926285e-01   5.1206230e-01   2.9438395e-01   6.2244421e-02   2.9936500e-01   2.5406814e-01  -2.4856453e-02   5.4364163e-01   3.5996397e-01   3.7148382e-02   5.6069466e-02   2.9117142e-01  -4.9437010e-01  -9.1672288e-02   8.7426726e-03   3.0897305e-01   3.3949168e-01  -1.7457108e-01  -3.6057908e-01  -1.8974752e-01  -2.3269591e-01   1.1794936e-01   2.6755661e-01   3.9062690e-01   1.2169295e-01   2.1686232e-01   6.5009998e-02  -5.1824695e-02   1.6743102e-01   2.5619652e-01   6.5544050e-02   1.2255731e-01   4.6524171e-02  -4.6433371e-02   3.7202974e-01   2.0232862e-01  -1.9667405e-01   6.8589222e-02  -8.7618826e-02   2.5005421e-01   3.4966051e-01   6.0619487e-01   2.2960354e-01   3.8419151e-01  -3.8235171e-01  -1.0536891e-01   1.2435917e-02   3.5153673e-01   2.2097083e-01   1.1986857e-01  -4.1154815e-01   4.9830153e-02  -1.1205923e-01  -8.1069124e-02   2.3173715e-01  -1.6030403e-01   3.0387600e-01  -3.7380025e-01   4.6411825e-02  -6.8978668e-02  -4.7317834e-02  -5.8717520e-02  -3.5229498e-01   4.9629468e-02   9.1950733e-02   1.7622176e-01  -3.5873390e-01  -4.2586766e-01  -1.8767053e-01  -3.5400475e-01   6.6960137e-02   1.3086474e-01   1.9563044e-01   1.0468678e-01
  -1.2938572e-01  -3.3343210e-02   1.9182945e-01   6.7407368e-02   1.1043615e-01   2.1887646e-01  -3.6149082e-01   0.0000000e+00  -5.6386009e-03  -1.7556982e-01  -1.5839881e-01  -7.4584541e-02  -8.0574081e-02  -9.8236329e-02  -3.1591301e-01   1.3183298e-01   3.1794246e-01   7.9843613e-02   2.0545494e-01   2.1045451e-01  -1.4504760e-01   7.1546960e-02  -2.6125188e-01  -1.2748235e-01   1.7178777e-02   4.0155536e-01   1.0852971e-01  -2.1922341e-02   9.7243719e-02  -2.2125290e-02  -7.5773955e-02   8.4376500e-02   2.0848816e-01  -2.3777188e-01  -1.0009918e-01  -6.9512750e-02  -4.9268417e-02   1.3313629e-01   1.0278413e-01   2.7182090e-01  -1.0185117e-02   4.3193636e-02   1.6615586e-01   3.4785703e-01  -1.6946004e-01   2.0028557e-01   3.2304579e-02  -2.3083366e-01   2.9481320e-01   3.3682261e-01  -8.1033267e-02   4.0236239e-01   1.0348490e-01   5.1039016e-02   9.2504339e-02   1.3094357e-01   1.9016758e-01   1.3365669e-01  -5.8987086e-02  -3.1121046e-02   3.7497481e-01   1.0611896e-03   5.0736740e-02   2.7177528e-02  -1.4752724e-01  -1.5068042e-01   1.7541808e-01   7.7787896e-02   2.2996277e-03   7.9398131e-02  -8.6845980e-02  -3.2869077e-02  -1.4926867e-01  -2.4424149e-02  -7.5459106e-02   1.4088499e-01   3.1607379e-01   2.9772160e-01   9.6691255e-02   4.4024118e-02  -5.8338432e-03  -1.0479302e-01   1.0120241e-01   4.2819879e-01  -2.0866486e-02   2.1748002e-02  -1.2623247e-02  -2.6942590e-01  -9.0549561e-02  -8.9755425e-02   7.3569967e-02   3.7010403e-01   1.0317270e-01   1.1573039e-01   2.1930432e-01   1.8103603e-01  -3.2733556e-02   2.6476311e-01   8.2553398e-02  -1.7231192e-01  -1.7974897e-01  -1.2609456e-01   3.5497534e-02  -8.3767696e-02  -1.4398070e-01   1.6048228e-01   2.4527635e-01   8.7272401e-02  -2.5093182e-01  -7.9813514e-02  -6.5373115e-02   9.6169895e-03   4.5805927e-02  -2.4209328e-02  -1.9115868e-01   1.1411481e-01   2.7907011e-01  -2.4128499e-01  -1.0401968e-02  -2.5946733e-03   2.1481506e-01   3.0281433e-02   2.3458307e-01  -3.3260176e-02   1.3673371e-01  -6.2894239e-02  -2.1642812e-01  -6.3372408e-03   2.1645714e-02   8.8506231e-02  -2.0283073e-02  -2.4333965e-01  -1.9207518e-01  -2.2859227e-01   1.0805327e-01   1.6929218e-01   9.1653350e-02  -1.4959860e-01   7.2004591e-02   8.1262057e-02  -1.4407005e-01  -9.6339827e-02   1.7722142e-02   4.8697600e-02  -3.8320290e-01   3.6299777e-03  -2.1187325e-01  -1.3055619e-01  -4.4064279e-02  -1.2206783e-01  -1.9236879e-01   2.0395250e-01   1.4274136e-01   1.2126424e-01   7.6557939e-02   1.3036147e-01   1.9593825e-01  -2.4837127e-01   3.7336693e-01   5.9440957e-03   1.6831681e-01  -5.5518811e-02  -1.1013858e-01   1.3473013e-01   2.1192989e-01   6.6873475e-03   1.2489013e-01   1.4113157e-01   1.6821810e-01   7.3678743e-02  -8.8429599e-02  -5.4080889e-02   1.3963980e-01   1.5998923e-01   1.2190425e-01   5.7597444e-02   2.1068978e-01
  -2.8019971e-01   5.9706380e-01   9.4298989e-02   9.8324478e-02   4.9403797e-01  -1.8120737e-01  -3.1330837e-01  -5.6386009e-03   0.0000000e+00  -1.8856208e-01   1.1622484e-02   3.1686174e-01   8.9945781e-02  -4.1512215e-01  -2.6533270e-01   1.7336681e-01   2.5650486e-01   7.3945569e-02   9.4649706e-02   5.0039111e-01  -3.8907667e-01   1.1867348e-01  -4.4161276e-01  -1.4060385e-01  -2.0172629e-01   2.4810077e-01   2.6352344e-01  -2.5303602e-01   2.9182281e-01  -5.5129311e-02   8.9730735e-02   2.6126518e-01   6.6076186e-02  -2.5105252e-01   2.0832095e-01   2.3081470e-01   1.9498603e-02  -3.1167218e-01   3.2757900e-01   4.1096492e-01   1.1891308e-01  -1.1130429e-01   5.6435332e-01  -1.1524957e-01   3.4376226e-01  -2.6922665e-01   1.4778428e-01   3.6973703e-02   1.2565231e-01   3.1618438e-01  -3.2489666e-02   1.2734230e-01  -1.3581523e-01  -5.9585531e-02  -3.9097044e-01  -3.3118918e-01  -1.2428159e-01   4.1128049e-01   1.8546267e-01   2.5414870e-01  -8.4885223e-02   3.6652925e-01   4.9703823e-01   3.9530799e-01   1.2345378e-01  -1.8566035e-01   3.2274800e-02   4.7581443e-01  -1.5295869e-01  -2.7862295e-02   1.5941609e-01   8.8788919e-02   4.0892125e-02  -2.9547157e-01  -2.4099334e-01   1.6023206e-01  -1.5245398e-01   7.4621144e-02   5.0615828e-01   4.9136613e-02  -2.2859737e-01  -5.1594926e-02  -2.6328308e-01   1.3700103e-01  -2.4840878e-01   1.0624448e-01  -1.3207161e-01  -4.0794626e-01   5.4213217e-01  -2.0234501e-01   4.7232676e-01  -2.2492460e-02   2.1173880e-01   5.7020899e-01  -2.3558245e-01   3.5039366e-01   3.0872887e-02   2.3545252e-01   3.1661572e-01  -3.3059726e-02  -4.9478971e-01  -2.7871304e-01  -2.4474380e-01   3.3429727e-01  -1.9786246e-01   1.1052550e-01   2.4817969e-02   7.2456074e-02  -2.1513487e-01  -1.7219260e-01  -3.9643091e-01  -8.0211185e-02   1.6960275e-01  -2.6351705e-01  -3.9019993e-01   3.0418510e-01  -6.3007775e-02   1.4269287e-01  -3.8681423e-01  -6.2739610e-02  -1.7671349e-01   4.5347262e-01   3.1040004e-01   4.1606800e-01  -3.2760664e-01  -9.9767892e-02  -3.2882151e-01  -5.5618687e-03   2.3167608e-01   5.5350573e-02   2.1928917e-01   1.9397788e-01   1.2070681e-01   1.9065468e-02   3.9879012e-01   2.0704115e-01  -7.4018217e-02  -4.2006497e-01   8.2856522e-02   7.0085853e-02  -3.0388376e-01  -1.8938372e-01  -7.3716660e-02  -3.9764178e-01  -2.6173935e-01  -8.1721507e-02   3.1719112e-02   1.2541499e-01   7.2875243e-03   8.2570819e-02  -4.8519633e-01  -2.5386982e-01  -1.6547757e-01   4.4418799e-01   1.7151314e-01  -6.4534144e-02  -3.2185471e-01   1.3247113e-01   8.4854990e-02  -1.2507860e-01   3.7670390e-01   5.5993814e-02  -1.5318031e-01   3.5399840e-01   4.8283932e-01   4.6905203e-01   6.6577554e-02  -1.1436046e-01  -3.5483402e-01   1.7764758e-01   3.4263441e-01  -3.0145433e-01   5.5494173e-01  -1.1883865e-01   4.4909469e-02  -1.3033905e-01   3.3824759e-01
  -5.0922687e-02  -4.7103444e-02   1.7349917e-01   5.0804246e-02   1.9981731e-01   1.0913115e-02   2.9488355e-01  -1.7556982e-01  -1.8856208e-01   0.0000000e+00  -2.1442950e-01   2.1164222e-02   1.1854475e-01  -1.0991283e-01  -4.4274225e-02  -2.4931327e-01   7.7184820e-02  -2.0744623e-01   6.7172699e-02   1.2640275e-01   2.0412047e-01  -6.9062459e-02   3.8536239e-01  -1.5058646e-01   3.7101985e-02  -9.0577299e-02  -1.4127433e-01  -1.5719788e-01   7.3100272e-02  -4.8525260e-02  -2.8373217e-01  -1.5194244e-01   6.9547544e-03   3.8357410e-01  -1.6431180e-01   1.4777993e-01   3.6981361e-01   9.6577530e-02  -9.4893723e-02   7.1253010e-02   5.4873564e-02  -3.7136948e-02  -4.7433173e-02  -2.2340692e-01  -1.0779268e-01  -2.0576861e-02  -2.6342272e-01   3.0202849e-01   3.8458667e-02   4.7228578e-02  -1.1066978e-01  -1.0578383e-02   2.4107837e-01   1.3067240e-01  -8.3412884e-02  -1.1944402e-01   1.4005171e-01  -9.4020469e-02  -7.9478142e-02  -1.6935092e-01  -7.6574841e-03   2.8497972e-02   1.7870697e-04  -1.9050631e-01  -1.1162382e-01   3.0945053e-01  -5.7903602e-02  -1.7441984e-01  -4.6805760e-02  -2.9846690e-02   3.1446894e-01  -1.0971856e-01  -5.6617318e-02   7.1987588e-02   3.9226373e-02  -1.6772757e-01  -9.3604474e-04  -2.3800568e-01   1.9440045e-02   1.3251278e-01  -5.0915367e-02   2.4631594e-02   1.6009258e-01  -2.4219572e-01   1.7829174e-01  -1.2004421e-01   1.6008267e-01  -1.5864164e-01   3.2982688e-02  -2.0079723e-01   6.0628952e-02  -5.4473694e-04   2.8121871e-01  -1.3260379e-01  -6.3770563e-02   3.4419402e-01  -5.1152422e-03   8.3158926e-03  -1.2565887e-01   4.5458776e-01   8.9606271e-02   1.8226178e-02  -9.1490522e-02  -2.0967979e-01  -6.7768261e-02   3.4828832e-02   1.2298293e-02   1.7155145e-01   5.8988087e-01   2.2983130e-01   4.3967559e-01  -1.8598289e-01  -2.0241973e-01  -8.4091598e-02  -1.4999454e-01  -5.3179032e-02  -1.6265749e-01   6.7754236e-02  -6.2122105e-03   4.5793331e-03  -1.6268227e-01   2.1344341e-01   1.9199491e-01  -2.4813600e-01   4.0952866e-02  -2.6469139e-01   7.9010580e-02   1.9476562e-01   5.4875285e-02  -2.7519583e-02  -1.0383316e-01   1.1934642e-01  -6.3538998e-02   1.5212277e-01  -4.0075965e-02  -8.8919137e-03  -3.4668862e-02  -5.0169528e-03  -7.9278229e-02  -9.8504283e-02  -1.3410883e-01   1.2468374e-01   6.9563760e-02  -4.5610488e-02   1.1233359e-01  -1.0454763e-01   4.7726132e-01   3.2011476e-02   2.1588846e-02   3.2065183e-01   1.0044357e-02   8.9026196e-02  -2.3665015e-01  -1.6761809e-01   1.4220579e-01  -6.7439275e-02  -1.2835860e-01  -3.3236949e-02  -5.6679936e-02  -1.4073638e-01  -1.2463681e-01  -7.4741520e-02   4.0521756e-01  -2.9111278e-01  -1.3472084e-01   9.5297785e-02  -2.0438012e-01   3.1881826e-03  -1.2290102e-01   1.7848866e-01   5.0790557e-02  -9.7652161e-02  -3.8308731e-01  -8.7638840e-02  -4.5655827e-02   8.7165407e-03  -1.0937650e-03
   2.5360086e-01   3.7163713e-02  -1.8199830e-01   1.3117569e-01  -3.9714059e-02   2.7158268e-01   2.1616018e-01  -1.5839881e-01   1.1622484e-02  -2.1442950e-01   0.0000000e+00   2.1578254e-01  -4.3459246e-02  -2.2513320e-02   3.6929186e-01   2.3573802e-01  -2.8511960e-01   4.4791940e-01  -2.7793703e-02  -8.2250674e-02   2.0044523e-01  -5.9266452e-02   1.8051146e-01   2.0581911e-01   1.5862967e-01  -1.1213650e-01   1.5445243e-01   2.0906366e-01  -8.0346101e-02   2.3940755e-01   3.7801261e-01   1.8066226e-01  -6.3809488e-02   8.7503359e-02   1.3034369e-01   3.5804106e-01  -1.0810500e-01   5.8483996e-03   5.9030567e-02  -1.0329479e-01   9.3174838e-02   1.7328214e-01  -2.1706834e-01   4.8465934e-02   2.7450868e-01   1.8851509e-01   6.1369342e-01   6.0539308e-02  -1.5104092e-01  -2.8902528e-01   4.2340284e-01   3.1498516e-02  -1.1923867e-01   5.2305740e-03  -1.4222692e-01   3.0700525e-01   3.4679670e-02   7.2625587e-03   2.9200784e-01   1.2518934e-01  -3.0980630e-02  -1.4767979e-01  -3.0560709e-02   3.2305106e-01   3.2684522e-01   3.3683551e-01   1.8992626e-01   8.2836033e-02   3.9116940e-01   2.8774276e-01  -2.6108815e-01   2.1111911e-01   2.2530267e-02   1.3569360e-01   2.3948771e-01   1.1393076e-01  -2.3870612e-02  -7.0563913e-02  -9.8911901e-02  -2.0845075e-01   1.4306204e-01  -4.7420576e-02   1.1696200e-02  -7.1569887e-02  -1.5790325e-01   1.5722494e-01  -2.2406812e-01   1.0531605e-01   1.1063023e-02   1.6046815e-01   2.5137485e-02  -1.8073595e-01  -1.2893053e-01   2.0127235e-02   1.2177034e-01  -2.2590696e-01  -6.8568963e-02  -1.3610904e-01   1.6686265e-01  -4.6757480e-03  -7.9443837e-02   4.0518417e-01   1.1919872e-01   1.3757247e-01   3.7350800e-01  -6.6544797e-03  -2.3296203e-01   2.0278672e-01  -3.0120377e-01   2.1241171e-02   1.2061774e-03   2.2817588e-01  -3.9717397e-02   1.4117831e-01   7.8759417e-02  -5.0442037e-02  -1.1485030e-01   4.6169626e-02   3.1561899e-02   1.6098071e-01   2.0689850e-01   7.7287631e-02  -2.0446918e-01   2.3198469e-01   2.0955368e-01   2.2638903e-01   1.2634421e-01  -9.1526327e-02  -3.9123692e-03   1.6347331e-01   2.6447775e-01   2.4222204e-01   3.0206545e-01  -5.4600313e-02   3.9571279e-02   1.3550273e-01  -2.1256046e-01   1.6945703e-01   1.9558558e-01  -3.6125214e-03   2.7251480e-01  -3.6216464e-02   1.5278850e-01   2.2498139e-02   4.1849741e-01   1.3020175e-01  -1.2009667e-01   5.8485776e-03   4.1940937e-01  -1.7907846e-01   4.7883925e-02  -2.5115945e-02   2.4470829e-01   2.9405044e-01  -1.1586863e-01   6.9065475e-02   1.7876293e-01   3.8987762e-01  -1.0994940e-01   2.0227115e-01  -1.2629025e-01   1.6322201e-01  -1.8594641e-01   3.2795294e-01  -5.7176045e-02  -2.1382005e-02   5.1197585e-01  -1.1976833e-01   1.8636465e-01  -1.9051899e-01   9.2123694e-02  -1.1667507e-01   3.2180621e-01  -9.4569051e-02  -3.6676892e-02   7.6119374e-02  -3.6539351e-02
  -1.4905164e-01   5.2774508e-01   2.6984458e-01   4.5076799e-02   2.8005438e-01   1.6798361e-01   1.2189525e-01  -7.4584541e-02   3.1686174e-01   2.1164222e-02   2.1578254e-01   0.0000000e+00   1.3642582e-01  -2.7244376e-01   1.8066887e-01   1.7431675e-01   2.6753176e-01   2.3397531e-02   1.7287371e-01   2.7349893e-01  -6.0283276e-02   5.8101121e-02  -2.2346043e-01  -1.1237781e-01   9.6982491e-02   1.1759261e-01   2.7860614e-01  -1.3605670e-01   2.5263708e-01   2.6862272e-01   1.3209746e-01  -1.4043065e-02  -6.6938141e-03   2.7956652e-01   6.9762433e-02   4.5170389e-01  -4.1346064e-02  -6.5766683e-02   1.6679297e-01   3.3516149e-01   9.1878784e-02   1.0126457e-02   4.8314840e-01   9.6484273e-02   5.5406689e-01  -1.8850082e-02   4.2696247e-01   2.5626959e-01   1.1982858e-01   1.0171383e-01   7.6051974e-02  -1.4425083e-03   1.1541300e-01  -3.5021042e-02  -2.8783286e-01   4.6471561e-02   2.9772797e-01   7.6210517e-04   5.6049676e-02  -3.8660673e-02   7.8198066e-02   2.8166703e-01   3.5828204e-01   7.6717924e-02   8.3638625e-02   2.8670116e-01   2.3469640e-01   2.7619839e-01   1.2895239e-02   7.9589644e-02   2.1140936e-01   1.3031232e-01  -3.7853779e-02   1.5180636e-01   8.0216391e-02   1.1790878e-01   2.6888752e-02   9.3204912e-02   3.5862502e-01  -8.0361872e-02  -2.2948977e-01   7.3805557e-02  -2.7021764e-02   1.0604182e-01   5.3409614e-02   1.6261552e-01  -2.6354079e-01  -2.0775009e-01   3.1088330e-01  -1.7076226e-01   2.4583208e-01  -5.7148352e-02   3.8451303e-01   2.1414264e-01   1.0365444e-01   3.3723938e-01   5.6948456e-02   1.6539268e-01   2.7944285e-01   1.0000095e-01  -3.4088381e-01   1.0228895e-01  -4.2509511e-02   2.0572644e-01  -6.6158680e-02   3.4897163e-02  -2.8816155e-02   1.3583691e-01  -2.6074145e-01   1.1903808e-01  -1.5914469e-02   1.5730318e-01   3.3276218e-02  -5.7039150e-02  -2.4736852e-01   1.8139327e-01  -5.7412176e-02   1.5731451e-01   4.1676059e-02  -6.0569333e-02  -7.7990525e-02   4.2753941e-01   2.6778405e-01   4.6105076e-02   3.9041717e-02  -1.2754778e-01  -2.6621113e-01   6.1319499e-02   4.4702793e-02   9.1123831e-02   1.9828116e-01   2.3544637e-01   4.0016515e-01  -1.9326355e-02   1.3696973e-01   1.0296648e-01   2.4377475e-02  -1.2346327e-01   1.9083867e-01  -1.1628113e-01  -1.3327175e-01  -1.5590494e-01   3.2598899e-02   9.5898592e-03   5.8309108e-02  -7.0026181e-02   2.8335987e-01  -1.0149974e-02   4.1695771e-01  -4.7748017e-02  -2.1471766e-01  -3.7826799e-02   3.5238962e-02   2.5202426e-01   3.4318526e-01  -4.8221854e-02  -1.9813185e-01   8.6394157e-02   3.6929872e-02  -1.3089189e-01   2.1334361e-01  -4.2652338e-03  -1.7247968e-01  -3.6312742e-02   1.6877099e-01   4.8343422e-01   4.9426907e-01   4.5785412e-03  -1.3670956e-01   1.4938200e-01   4.1662313e-01  -4.0618653e-01   2.4817814e-01   1.1600542e-01  -1.1239130e-01   3.1444614e-03   2.1650327e-01
  -1.3099796e-01   2.3646328e-01   1.5852828e-01  -4.1929158e-02   3.6170330e-01  -1.2390904e-01  -2.1938977e-01  -8.0574081e-02   8.9945781e-02   1.1854475e-01  -4.3459246e-02   1.3642582e-01   0.0000000e+00  -1.3895587e-01  -6.5897559e-02   5.4506522e-03   2.4481352e-01  -8.1163710e-03   5.2016996e-02   3.3064184e-01  -2.3605807e-01  -1.5947473e-01  -2.0933620e-01   3.6340929e-02  -1.4521936e-02  -2.9075049e-02   2.5128378e-02  -7.5885020e-02   2.3658510e-01  -1.8202257e-01   9.9397575e-03  -5.3222977e-02  -8.1364975e-02  -1.2091534e-01  -1.3777047e-01   1.8679441e-01   2.2686836e-02  -1.0049686e-01   5.3688127e-02   9.8387215e-02   5.1933710e-01  -1.7568921e-02   2.7949117e-01  -2.1904973e-01   2.1218440e-01  -2.0271556e-01   1.9207434e-01  -1.3568137e-01   2.1009085e-01   1.5734604e-01   3.7978671e-03  -6.2217332e-02   1.2741192e-01  -8.9429049e-02  -8.1843819e-02  -9.1003932e-02   2.5814781e-02  -1.7097980e-01  -7.3762461e-02  -1.5386098e-01  -1.6465047e-01   3.4224901e-01   2.5081316e-01   1.2009278e-01   1.2837879e-02  -1.4858803e-01  -1.0459969e-01   2.5465185e-01  -7.2314421e-02  -8.5255506e-02   1.1519840e-01  -6.8760718e-02   1.8534692e-02   4.1193418e-02  -1.2881548e-01  -1.0105516e-01  -2.5577282e-01   3.9833103e-02   3.3937238e-01   1.1698437e-01  -7.0982684e-02  -4.4535434e-02  -2.0507690e-01  -1.4712990e-01   1.0289013e-01  -1.3526936e-01  -6.4235625e-02  -7.3947832e-02   1.2824744e-01  -3.6437935e-02   3.5893563e-01  -1.4102663e-01   3.1670402e-01   4.4447278e-02  -2.2576291e-01   3.9142072e-01  -1.4050685e-01   1.1761122e-01   2.5467126e-01   1.0286779e-01  -1.6164147e-02  -1.8270492e-01  -5.7001356e-02  -2.0463893e-01  -1.8417458e-01  -8.8654532e-02   1.7286604e-01   5.2428530e-02   4.5430568e-02   9.2336063e-02  -8.1159673e-02  -1.4419931e-01  -7.9347170e-02  -4.7426339e-02  -7.9475242e-02   3.6380209e-01  -5.6341377e-02   4.3949203e-01  -1.5139306e-01  -1.5601095e-01  -1.3086275e-01   3.6419988e-01   3.1936440e-02   1.0859715e-02  -1.4488289e-01  -1.6326390e-01  -1.6409481e-02   2.5537529e-01  -9.9705820e-02  -5.0227046e-02   3.2703719e-01   1.8332415e-01   6.4945554e-02  -2.4079399e-02   1.7216620e-02  -1.2284468e-01   2.0456955e-01  -1.8395183e-01  -8.0969625e-02  -6.5003307e-02  -5.8996710e-02   2.3562924e-01  -6.2683569e-02  -1.5508706e-01  -1.2266039e-01  -1.6393383e-01   3.5888385e-02   4.1779335e-02  -3.2456834e-02   1.2857765e-01  -8.6470328e-02  -4.5625040e-02   9.2154030e-03   2.0073585e-01   1.6304946e-01   8.1728484e-03  -2.6285247e-01   1.4875809e-01  -1.0368759e-01   1.0439818e-01   2.6821115e-02  -1.4344729e-01   2.6494377e-02  -9.1970189e-02   6.3848544e-02   3.9886454e-01   5.7745319e-02  -1.2918082e-01  -2.6988236e-01   3.4032777e-01   3.0007378e-01  -1.3193198e-01   9.8838641e-02  -2.0516859e-02  -7.8657188e-02   1.0196028e-01  -1.4711501e-02
   3.0907306e-01  -6.4940412e-01  -1.2548035e-01   4.1327961e-01  -6.4150488e-01   4.2239137e-01   3.5193109e-01  -9.8236329e-02  -4.1512215e-01  -1.0991283e-01  -2.2513320e-02  -2.7244376e-01  -1.3895587e-01   0.0000000e+00   5.2984676e-01   4.0868281e-02  -2.8920385e-01   3.2216637e-01   1.6085865e-01  -5.5006493e-01   2.8195240e-01   4.5716479e-01   3.7296133e-01   1.9758111e-01   2.8453389e-01  -7.6858059e-03   6.6654671e-02   4.7103541e-01  -1.8505829e-01   4.7641896e-01   2.9933906e-01   1.7996839e-01   3.1035442e-01  -8.9919025e-03   1.7559696e-01  -3.7357219e-01  -3.6184186e-01  -1.0911076e-01  -1.0482133e-01  -4.5112675e-01  -8.0862167e-02   2.9575523e-01  -4.3550078e-01   3.3262150e-01  -2.5705062e-01   1.4836920e-01  -1.1747220e-01  -2.5776229e-01  -3.1303831e-01  -4.3360560e-01   4.0688922e-01  -1.3511795e-01  -2.6128339e-01   3.0468242e-01   7.4932785e-01   4.4904216e-01   1.4611696e-01   1.2841453e-01   3.6801925e-01   2.9289592e-01  -1.1496112e-01  -3.3444253e-01   4.1649444e-02  -2.0046267e-01  -6.4931386e-03   1.3889712e-01   3.0007912e-01  -1.7984271e-01   4.1138805e-01   1.6066394e-01  -5.3919253e-01   2.2129091e-01  -1.6774029e-01   4.2065739e-01   4.7097134e-01  -1.1850065e-01   4.7256525e-02   2.2447461e-01  -7.4277998e-01   3.5638733e-01   4.1676390e-01   7.9863101e-02   2.9671719e-01   1.8301119e-01   4.4422999e-01   1.0607386e-01   4.2449031e-01   7.3911356e-01  -2.2346876e-01   3.4965111e-01  -7.3491147e-01   4.8404736e-02  -5.3097277e-01  -2.9256064e-01   5.7772511e-02  -5.5679117e-01   2.8411909e-01  -9.8366917e-02  -1.8571705e-01  -7.5405397e-02   5.3914967e-01   3.6425979e-01   5.2199805e-01   3.4085727e-01   5.7463767e-01   4.2152589e-01   2.5528020e-01   1.5568355e-01   4.8644537e-02  -2.5702467e-01   2.2459300e-01   4.9109811e-01   2.1786618e-01   3.2449759e-01   5.2559689e-01  -7.2829468e-01   3.3357976e-01  -4.9687638e-02   5.4645161e-01   4.4195067e-01   3.3648494e-02  -6.6216939e-01  -1.0583559e-01  -3.3176243e-01   2.4066319e-01   6.9499397e-01   4.3604716e-01   1.8390400e-01   3.0022565e-01   7.4115076e-02  -1.7412582e-01  -5.4643788e-01   3.4819457e-01  -2.7923488e-01   1.1352502e-01   4.4596500e-02   2.2971719e-01   4.7137473e-01   2.1637188e-01  -8.4400064e-02   3.7235402e-01   2.0850295e-02   2.7130745e-01   5.6871432e-01   2.8568874e-01   3.6886304e-01  -2.7855697e-01  -5.5608789e-01  -2.1646675e-01  -4.4988833e-01   5.6359150e-01   2.5698973e-01   3.2927345e-01  -6.5923166e-01  -1.9639211e-01  -2.1034840e-02   1.8923030e-01   2.9270425e-01   1.0136104e-02   4.5103797e-01  -2.7210906e-01   1.9399151e-01  -1.6078994e-01   1.0978517e-01  -8.9283874e-02  -6.9738396e-01  -1.3792856e-01   2.8814083e-01   3.6560737e-01  -5.3398976e-01  -6.8580198e-01  -5.5003358e-02  -2.7952050e-01   2.8474774e-01   3.4594922e-01   2.9042322e-01   1.5044954e-01
