   0.0000000e+00   2.5424719e-01   1.0077729e-01  -6.9532508e-02  -3.3472273e-01  -2.0295749e-01  -6.1784396e-02   3.0590716e-01   3.1021759e-01  -4.9222799e-01  -2.1962407e-01   3.3975350e-01  -3.8961639e-01   3.9525791e-01   4.9216315e-01   1.3645357e-02   2.2245870e-02  -3.0189748e-01   3.1100737e-01  -4.9168219e-01  -3.7994569e-01   1.5652571e-01  -1.6303796e-01   7.5064994e-01  -3.8133545e-02   3.0762137e-01  -3.5545236e-01   1.8556994e-01  -1.9130430e-01  -7.7916010e-02   6.7224958e-02   8.6114535e-02   2.9081828e-01  -4.4749938e-01  -7.5846203e-02  -2.9657038e-01  -3.0591106e-01   7.8011372e-01  -8.7261103e-02  -2.7611609e-01  -2.9110549e-01   2.2604859e-01   2.0079982e-02  -1.6544533e-01  -2.2989118e-01   3.4353579e-01  -1.3725463e-01  -1.9394330e-01  -2.3943698e-01   9.5603354e-02  -1.4319928e-01   4.3362005e-01  -4.9917470e-01   3.5214030e-01   3.1577748e-01   1.7957823e-01  -2.6478567e-03   1.1195200e-01  -2.3215102e-02   3.0912366e-01   6.1632923e-01  -3.5503019e-01   2.2362234e-01  -2.7440872e-02  -6.5829348e-02  -4.8924956e-01  -3.6572238e-01  -1.7656324e-01  -4.5081839e-01  -8.2301146e-02  -2.7901179e-01   1.5102131e-01   5.7317749e-03   4.3607701e-01  -3.9000164e-02   2.2578951e-01   6.0798784e-01  -2.1713444e-01  -2.0576936e-01   1.6785178e-01  -1.8153612e-01   1.7808104e-01  -3.1105920e-01   1.6555220e-02  -4.8414976e-02   2.0233131e-01   3.0179528e-02   6.1130702e-01   1.2327787e-01   8.1444960e-01  -5.6391146e-02   3.3659577e-01  -1.7579774e-01   2.3018554e-02   7.1566259e-01  -3.2923111e-01  -1.9625155e-01   2.4574629e-02   1.4032379e-01  -1.5825437e-01  -1.2704814e-01   1.4705428e-02  -2.0408054e-01   4.6782390e-01  -2.2637640e-01   5.1709198e-02   1.8465681e-01  -2.0875680e-01  -4.5688233e-01  -4.6623840e-01  -3.2658618e-01  -1.0257157e-01   9.7866326e-02   7.8702334e-01  -6.5664331e-02  -1.9817893e-02   1.4685856e-01  -2.3956808e-01   3.7601062e-02  -2.3843038e-01   6.7295146e-01  -2.1857182e-01   1.4297073e-01   6.0373970e-02   4.7193557e-01   6.3313707e-01  -9.8207959e-02   1.5042756e-01   1.1333302e-01  -2.8727722e-01   2.4070278e-01  -6.2054946e-01   2.4141214e-01  -5.0982639e-01  -6.0612940e-04   1.6741139e-01  -1.0396555e-01  -2.1401132e-01   1.5678451e-01   6.5471075e-01   6.8888728e-01  -1.2904299e-01   1.8033391e-02  -2.1994829e-01   2.1383467e-01   2.4295789e-01  -4.1118496e-02   2.8955818e-02  -2.8954103e-01  -2.5757050e-01   2.9143727e-01  -2.2776878e-01   6.3516738e-01  -4.8273039e-02  -1.4859108e-01   7.0753758e-01   5.9887954e-01  -1.2689762e-01   5.6036292e-01  -1.7688271e-01  -2.1981786e-01  -6.4741443e-02  -4.5525948e-01  -4.7019960e-02   1.6856150e-01  -1.7450196e-01   3.5521200e-02   1.0280442e-01   6.1255145e-01  -2.7183940e-01  -1.7098689e-01   4.4032969e-01  -2.1232517e-01   2.4819993e-02  -2.1670828e-02   1.5931676e-01   1.2984019e-01
   2.5424719e-01   0.0000000e+00   3.6964893e-01   1.1789001e-03  -2.7776897e-01  -1.1811775e-01   1.9531665e-01   1.1767612e-02   6.2117593e-01  -3.9253201e-01  -2.7590214e-01   4.4304884e-01  -1.2422015e-01   1.4507459e-01   9.6390731e-02   4.1625760e-02   2.8216965e-01  -2.4568183e-01   1.0786070e-01  -3.2771950e-01  -4.2976921e-01  -1.9882563e-01  -4.5226502e-01   5.3710017e-02  -4.8514837e-02   3.2697804e-01   9.5829408e-02   1.5509744e-01  -5.2055331e-02   5.3367470e-03   5.6464311e-02   3.6149599e-02   2.8207377e-01  -4.5563950e-02   4.0697064e-01  -2.7367634e-01  -3.7389462e-01   7.7506412e-02   1.2841222e-01   1.0382066e-01  -1.0107885e-01   2.9297836e-01   2.9588329e-01  -1.1267044e-01  -7.4206957e-02   8.6545305e-03  -1.8374771e-01   2.3070836e-01  -3.6555137e-01   1.3078650e-01  -1.8713475e-01   8.2816954e-02  -6.6647307e-03   3.3951779e-01   2.8782566e-01   7.4063217e-02   2.8530454e-02  -3.2960911e-02  -3.0415297e-02   2.2409144e-01   3.3533223e-02  -2.0812479e-01   3.9560691e-01   1.1008726e-01   1.1693438e-01  -2.6926048e-01  -1.7890506e-01  -7.8630812e-02  -2.2409105e-01   5.7153072e-02   3.1716317e-01   2.7985462e-01   1.3653569e-01   2.0282760e-01   1.1123397e-01  -1.4715742e-01   1.6189923e-02  -1.0279665e-01   5.7942363e-02   1.1413724e-01  -2.2453692e-02  -1.0484614e-01   9.6802366e-02   2.8419153e-02   2.3250091e-01  -1.4187069e-01   3.3289383e-01   1.5062257e-01   1.0096028e-01   2.0115809e-01  -7.9182336e-02   3.3516801e-02  -6.8620418e-02   3.0857162e-01   8.9071963e-02  -3.4822260e-01   5.2204615e-02   6.3693017e-02   1.8616618e-01  -1.9352089e-01   1.1723665e-01  -1.1149292e-01  -1.9464994e-01   3.2612866e-01  -8.7883079e-02  -1.1170887e-01   3.2030680e-01  -3.2013789e-02  -4.2717945e-01  -2.6872134e-01  -9.6859572e-02  -1.3731855e-01   1.8150032e-01   2.5713601e-01   1.2713677e-01   2.7290207e-01   2.4305735e-02  -5.4151865e-02   1.7141435e-01  -7.8649184e-02   1.6825016e-01  -1.4590786e-01   2.5100393e-01   4.0768489e-02   1.0093231e-01   2.2557520e-02   1.1809229e-01   2.3751889e-01  -1.8934971e-01   3.3775194e-03   2.4739202e-01  -9.6491669e-02   3.3706766e-01  -2.6723971e-01   2.8016001e-01  -1.6486897e-01   4.1781624e-02  -1.2191184e-02  -1.1052270e-01   1.0181956e-01   1.3042543e-01  -6.3137540e-02  -1.0242574e-01   1.7244812e-01   3.8550838e-01   4.1959596e-01   2.0764386e-01   1.4570832e-01  -2.8593748e-01   1.2579537e-02   1.2255644e-01  -6.1898946e-02   2.5103323e-01   1.0239424e-01   2.9862645e-01   1.0902093e-01   1.8447016e-01  -5.6687360e-02   2.0330457e-01  -9.6252625e-02  -1.2607467e-01  -1.7465109e-01  -1.7962196e-01  -8.9999412e-02   2.3859642e-01   1.4262683e-01  -4.6561760e-02   3.9049834e-02   2.7040061e-01  -7.6613559e-02  -1.0213612e-01  -4.6368742e-02  -1.5832705e-02   1.3474465e-01   6.4225061e-02   2.6609766e-02   1.2370789e-01
   1.0077729e-01   3.6964893e-01   0.0000000e+00  -2.6823355e-01  -8.1766174e-02   2.5395555e-01  -1.1669937e-01  -1.6530649e-02   2.2283122e-01  -1.8251577e-01  -5.0317554e-01   5.7998958e-01  -1.5534329e-01  -6.6096586e-02   2.3567944e-02  -1.2761341e-02   8.3250112e-01  -4.4047204e-01  -5.0112363e-02  -8.7672978e-02  -5.7631620e-01  -2.9793884e-01  -1.1373067e-01   1.7501065e-02   1.4148090e-01   1.2739761e-01   2.4506838e-01   2.4959721e-01   4.9749228e-02  -3.0191676e-01  -2.4029498e-02  -1.8347054e-01   1.8955835e-01  -1.5976144e-01   2.0678972e-01  -2.4952390e-01  -1.2005749e-01  -5.0746368e-02  -2.3198474e-01   6.8354453e-01  -2.3112927e-01   3.1164151e-01   5.0455965e-01   1.0659596e-01  -2.5815000e-01   1.7959170e-02  -3.8777077e-01  -1.9766375e-01  -1.4621307e-01   6.8327233e-01  -1.8768615e-01  -6.0411920e-02  -1.9389951e-01   5.0920851e-01   2.8260770e-01   1.8811073e-01   1.8865846e-01  -2.7682236e-01  -2.3031839e-01  -2.4801307e-01   9.1559184e-02  -4.5629176e-02   4.6547564e-01  -3.9902149e-01  -3.1736470e-01  -1.4684067e-01   5.3646309e-02   2.3473608e-01  -2.0657158e-01   3.1432664e-01   1.8190495e-01   2.0430196e-01  -8.0739191e-02   3.3697673e-01   1.2336636e-01  -2.4212906e-01  -9.3376780e-02   5.3972087e-02   6.3844749e-03  -2.7175070e-02   1.6621613e-02  -1.4535710e-01   5.6635091e-02   1.3276401e-01   5.6717203e-01  -3.9292183e-01   1.9649394e-01   3.1057667e-01   2.0565940e-01   1.3376836e-01  -5.3383743e-02   2.4900189e-01   4.0314612e-01   7.7266701e-02  -1.7701310e-01   1.4270091e-01   2.8740318e-01  -4.6418415e-02   1.7608483e-01  -2.5944770e-01   3.6492509e-01  -2.3508172e-01  -3.5611669e-02  -1.4673527e-01  -2.6406682e-01  -2.0586801e-01   5.1580802e-01  -1.0288491e-01  -3.8508309e-02  -2.2011174e-01   8.6016805e-02  -1.7955535e-01   1.0586047e-01   1.4590817e-01   4.1254192e-01   1.0817024e-01   5.8328140e-02  -1.7528517e-01   2.7433055e-01  -1.1790088e-01   4.3642827e-02   1.4204393e-01   2.7887374e-01  -3.5682164e-01   6.3258464e-02  -1.8349826e-02  -2.1444299e-01   2.3308619e-01  -4.3255029e-01   2.9444966e-01  -6.3325151e-02  -2.8900763e-01   1.8614318e-01  -2.6552025e-01   3.4466277e-01  -3.1157240e-01   4.1592174e-01   8.9174414e-03  -3.6026030e-01  -4.3066176e-02   1.2625950e-01  -4.2940913e-02  -2.9881148e-01   5.1080617e-01   4.1787998e-02  -1.8887247e-01   5.4496298e-01  -2.4986038e-01  -2.5482331e-01  -3.4904488e-01   3.6408987e-01   3.3513332e-02   2.5477208e-01  -3.9071746e-01   7.0047653e-01   7.8438626e-02  -3.3946235e-02  -9.7277395e-04   2.3860519e-01  -7.3263710e-02   2.0658716e-02  -4.1943258e-01  -3.3366234e-01  -4.1236391e-01   1.7651518e-01   2.1872253e-01  -2.4052812e-01   2.1880365e-01   2.6261023e-01   3.7047831e-01  -1.7644756e-01  -1.6139112e-01  -1.4721687e-01   5.6038017e-01   6.6894842e-02   7.8344557e-02   1.4265709e-01
  -6.9532508e-02   1.1789001e-03  -2.6823355e-01   0.0000000e+00  -5.5023935e-02   7.7712452e-02   7.1596969e-02   2.6619696e-01  -1.1067890e-01  -2.4565050e-02   4.0539305e-01  -2.8914027e-01  -2.5592661e-02   2.8695907e-01   1.2182145e-01   1.5918649e-01  -2.3771531e-01   3.2007878e-01   1.4000854e-01  -7.1910137e-02   1.6099275e-01   1.2560109e-01   5.3414412e-02  -8.2044603e-02  -2.0997693e-03   1.1006829e-01   7.4606571e-02  -6.0480486e-02  -2.6779478e-02   4.0542741e-01   6.4028213e-02   4.9933440e-01   1.2973874e-01   8.7527468e-02  -9.2962838e-03  -1.8055247e-02   9.6050242e-02   7.2372904e-02   2.2537455e-01  -1.8165980e-01   2.4174455e-01   9.3504111e-02  -3.0839047e-01  -9.3728693e-02   8.8893396e-02   2.2425609e-01   3.5013744e-01   2.0280133e-01  -2.1261165e-02  -2.7375296e-01   4.1436642e-01   1.3711491e-01   1.0679069e-01   4.6278774e-02   1.3935350e-01  -1.2302300e-01   2.0121677e-02   3.7809178e-01   5.4548751e-01   1.6377166e-01  -4.5260290e-03  -1.2099317e-01  -1.2077633e-01   1.6271813e-01   9.1686944e-02  -1.1804457e-01   9.5279785e-02  -3.8528514e-01   3.3496962e-01  -1.2214048e-01   2.4557421e-02  -2.9507178e-02  -2.1401582e-02   2.5249036e-02   3.4557567e-02   2.9139789e-01   5.1450891e-02   1.6966115e-02  -1.5167081e-01   7.3693984e-02   7.2121188e-02  -1.4202590e-01  -1.3969274e-02   5.2839324e-02  -3.5745902e-02   3.6681748e-01   2.0098820e-01  -1.5612230e-01   8.1480056e-03   4.5089438e-02  -7.5073306e-02   1.5702938e-02  -2.3971091e-01   4.5792467e-02   1.7929770e-01  -9.2573587e-02  -2.5077140e-02   2.7262926e-01  -1.7554365e-01  -7.9001992e-02  -3.3589096e-02   1.6562634e-01   2.6805750e-01  -6.9097111e-02   4.4081468e-01   1.5599684e-01  -6.8954473e-02   3.2920155e-01   2.5504341e-02   1.4279135e-01  -8.0282070e-02   3.6146049e-01   8.9621925e-02  -1.0818899e-01  -1.2660084e-01  -5.6834856e-04  -4.9209000e-02   1.2801928e-01  -1.3097122e-02   5.7527296e-01   1.4775935e-01  -2.4583060e-01  -2.5484354e-01   1.5065513e-01   2.7870308e-01   1.2225203e-01   9.6777556e-02  -8.8809465e-02   4.0777348e-01  -1.3102457e-01  -4.4333941e-02   5.8988193e-02   2.3724205e-01   6.6654514e-02  -4.3531255e-02   3.4526666e-01  -1.7538586e-01   1.2362125e-01   3.5347024e-01  -5.9902858e-03  -1.2433306e-01  -2.3678202e-02   1.8161267e-01  -2.9703027e-01  -1.9886183e-01  -5.7536107e-02  -2.8659009e-01   5.4416521e-02  -2.5608782e-02   1.6823722e-01  -3.7688550e-02   4.8735028e-03  -1.4839304e-01   2.4087411e-01  -3.6186722e-01  -6.8047511e-02   1.9684236e-01   3.2127649e-01   2.2131634e-02   1.3620938e-01  -3.0573618e-01   2.6403454e-01   1.0016411e-01   6.4340701e-01   1.7920274e-01  -2.0385593e-01   9.6005211e-03   4.7633734e-02  -2.2466466e-02  -1.8972533e-01  -5.8006389e-02  -5.0033345e-02   1.1894943e-01  -2.2030622e-01   2.3143889e-01   5.2215077e-02   1.9769605e-01
  -3.3472273e-01  -2.7776897e-01  -8.1766174e-02  -5.5023935e-02   0.0000000e+00  -1.3261147e-01  -2.1561850e-01  -2.8639821e-01  -9.1467100e-02   4.5783996e-01   1.2414286e-01  -2.7968855e-01   4.2859707e-01  -3.6437262e-01  -8.7220657e-02  -2.8926073e-01  -1.1964960e-01   4.0093081e-01  -8.9688482e-02   8.4384435e-01   4.4597058e-01  -3.7123350e-01   1.3743996e-01  -1.2548850e-01  -3.2829433e-02  -2.3346910e-01   2.6495430e-01  -3.4693872e-01   1.4762281e-01  -2.1289885e-01  -1.2065482e-01  -2.8064605e-01  -3.5328642e-01   1.7610345e-01  -1.1888080e-02   6.5335814e-01   6.4218662e-01  -3.7598135e-01  -1.0222870e-01  -3.7934464e-04   5.2856914e-01  -3.1903502e-01   2.2255587e-01   1.0372042e-01   3.2867391e-01  -1.1453985e-01   4.4001990e-01  -2.1993530e-01   7.3834860e-01   1.5417287e-01   7.9938303e-02  -3.4374642e-01   2.2285555e-01  -2.1313361e-01  -4.6087428e-01  -1.4739312e-01   2.5058896e-02  -3.7291538e-01  -5.1054112e-02  -3.1649961e-01  -2.5293363e-01   5.9440605e-01  -2.6919779e-02  -8.3420058e-02   4.8557877e-01   3.6214242e-01   2.5426458e-01   1.6083665e-01   3.0856043e-01  -2.2838337e-01  -1.5894468e-01  -3.8349814e-01   6.4452687e-02  -1.9902242e-01  -2.3347400e-01  -2.7989391e-01  -1.8402859e-01  -1.7152085e-01   3.6283459e-01  -2.2906360e-01  -3.5841210e-01  -8.7929720e-02  -2.3972803e-02  -1.5680445e-01  -1.0154687e-01  -2.9489929e-01  -4.6249414e-01  -2.0478924e-01  -7.7454168e-02  -3.5381079e-01   7.3985234e-01   4.3700371e-02   4.9081464e-01  -1.0014974e-01  -2.8999268e-01   8.1127764e-01   1.9405744e-01  -1.2578345e-01   5.3194498e-02   1.3981866e-01  -2.8291791e-01  -7.4349912e-02  -1.5755240e-01  -4.6295431e-01  -1.3062123e-01  -1.9504015e-01  -3.8527264e-01  -8.8718394e-02   6.1017225e-01   5.0764014e-01   1.5403463e-01  -1.7072785e-01  -1.1372401e-01  -3.0566292e-01  -2.4148981e-01   4.7004900e-01   7.7213947e-02   2.4329540e-01  -2.1084053e-01  -6.1835536e-02  -2.5336408e-01   8.2289517e-01   3.4496556e-02   1.8958233e-01  -2.2002626e-01  -2.7619988e-01   7.0841671e-02  -4.5738070e-01  -2.2902530e-01  -2.1134373e-01  -2.7489267e-01   3.5308220e-01  -3.3785538e-01   1.8527988e-02  -2.4623592e-01  -1.7237102e-01  -1.8243327e-01  -2.6181992e-01  -2.1201987e-01  -1.6352624e-01  -2.4815537e-01   2.9078012e-01  -1.3064001e-01  -9.2445863e-02  -9.2580839e-03  -6.9908370e-02  -1.7413976e-01   4.3617508e-01   2.7257837e-01   3.1885556e-01  -1.7866955e-01  -2.6036934e-01  -2.1496372e-01   3.7828431e-01  -2.5881949e-02  -1.8894292e-01  -1.9347728e-01  -6.5209398e-02  -2.5875679e-01  -1.7745196e-01   2.9967758e-01  -1.0726992e-01   4.5112114e-01  -8.4924865e-02  -3.9394322e-01   5.1180075e-01   2.9416906e-01  -2.1601915e-02  -2.9666054e-01   3.6195772e-01   7.4535989e-01  -2.1869884e-01   7.7336702e-03   1.0905403e-01  -7.4934025e-02  -2.0745865e-01  -2.4155072e-01
  -2.0295749e-01  -1.1811775e-01   2.5395555e-01   7.7712452e-02  -1.3261147e-01   0.0000000e+00  -8.0509405e-02   1.8945108e-01  -7.2090882e-02  -3.6027587e-02   2.0195696e-01  -5.1572963e-02  -3.9703790e-03   5.8629155e-02  -4.6383239e-02   3.1719133e-01   2.2110513e-01   2.3371540e-02  -9.7354698e-02  -8.0374064e-02  -1.0159215e-03   3.6259980e-02   1.7092932e-02  -3.5416130e-01   2.2669820e-01   2.5501507e-01   1.5135240e-01   2.4263790e-01   1.0678896e-01   2.3159353e-01  -2.0164785e-02   1.7510284e-01   5.8339306e-02  -6.9802166e-03  -1.9448576e-01  -6.0036742e-02   1.0215612e-01  -1.9926730e-01   3.7678884e-01   1.8341616e-01  -3.9636208e-03   1.2288122e-02   7.9954960e-02   2.5767303e-01  -6.9063443e-02   5.4225724e-02   5.0442260e-04   2.3431158e-01  -7.2408996e-03   4.2781651e-02   3.8790922e-02   1.7871538e-01   2.7704981e-02   1.5514726e-01   3.7715820e-02   2.6973803e-01   4.6263573e-01   9.2950273e-02   1.2441948e-01   8.1041815e-02   1.1052371e-01  -4.5620192e-02  -1.5017993e-02   1.2427356e-01  -2.0578941e-01  -1.9456970e-01   4.6014381e-01   1.6384301e-01   3.1802091e-01   4.5679055e-01   8.8586460e-02   1.0507530e-01   9.7297651e-02   2.9563161e-01   1.7334864e-01  -6.3576714e-02  -3.3351337e-02   3.8359190e-01  -2.5905949e-01  -7.6314722e-02   3.7391224e-01   1.0075272e-01   2.1689441e-01   1.1058857e-01   3.1247204e-01   1.3921751e-02  -1.4999819e-02  -5.0227462e-02  -7.5106555e-02  -7.9311073e-02  -2.6929602e-01   1.4055493e-01  -3.2799925e-02   1.3349520e-02  -2.2276571e-01  -6.1937826e-03   1.4456952e-01   2.0480282e-01   1.2900904e-01  -1.1414575e-01   3.0859544e-01   1.3586072e-01   3.0464004e-01   6.3969407e-03   1.3513132e-01   1.2636566e-01   1.4906240e-01   4.7472483e-01   1.0107734e-02   1.1622855e-01   8.1698474e-02   2.9490097e-01   5.7709786e-02  -2.3237043e-01   3.5908521e-01  -3.0640126e-01   4.3721900e-02   2.2939157e-02   2.6113673e-01   4.2215447e-01  -2.0732295e-01  -1.6973400e-01   8.3575977e-03  -4.8002512e-02  -1.5216297e-02   6.7308536e-02  -1.6593795e-01   2.0402153e-01  -1.5072244e-01   5.1316426e-01  -2.0677280e-01  -7.0468426e-02   3.1901789e-01   2.1777299e-01   1.7840249e-01  -4.0265541e-02   3.9669746e-01   2.8545419e-01  -7.3761307e-02  -3.8368725e-01  -4.0304243e-01  -2.0053957e-02   7.5535343e-02   3.8525387e-01  -1.5280136e-01   4.2005085e-02   4.5028079e-02  -8.4551703e-02  -2.6283739e-02  -1.5479721e-01   3.3748328e-01   2.9585646e-01  -1.0812537e-01  -6.2296419e-02   2.8953635e-01  -3.7394132e-01  -2.3687138e-01   2.4482970e-01   1.4150269e-04   3.7434062e-01   3.4643191e-02   1.5883433e-01   4.1814369e-04  -3.0631786e-02   4.0596355e-01  -2.0361399e-01  -1.1092613e-01   2.2848849e-01  -1.6103263e-01   1.9021013e-02  -2.9508297e-01  -3.3256147e-01   1.4360735e-02   4.3691936e-01  -1.5253887e-02   4.1956551e-02   3.2227364e-01
  -6.1784396e-02   1.9531665e-01  -1.1669937e-01   7.1596969e-02  -2.1561850e-01  -8.0509405e-02   0.0000000e+00  -1.8428900e-01   2.8701355e-02  -5.1607263e-02   1.6317312e-01   2.6576968e-01   1.8421486e-03  -6.6807556e-02  -9.5794665e-02   8.2851575e-02  -1.5661474e-01  -8.8297891e-02  -5.6870740e-02  -1.4109536e-01   6.0192794e-02   5.2454082e-02   9.5225613e-02  -1.0383280e-01  -4.0402783e-02  -1.0490429e-01   8.8163566e-02  -1.1078801e-01   1.0283321e-01   9.1519180e-02  -2.8396259e-01   1.2473445e-03   1.3701937e-01   2.4418451e-01   1.3969333e-01   4.0872902e-03  -2.3767199e-01  -5.8625413e-02   8.3266259e-02  -9.7137159e-02  -2.0463080e-01  -7.2881566e-02  -8.1577491e-02  -1.8153322e-01   1.7609077e-01  -8.4753907e-02  -9.2680164e-02   2.8497558e-01  -2.7601615e-01  -2.2880097e-01   6.1496501e-03  -1.2926580e-01   6.1127102e-02  -1.4179758e-01  -1.4490326e-01  -7.2806319e-02  -3.8811434e-02   9.2997534e-03  -2.8439982e-02   1.3907295e-01  -2.1660789e-01  -2.8565617e-02  -3.2343632e-01  -1.2665871e-02  -6.3328132e-02   2.5426263e-01   7.7627726e-02  -1.6261057e-01  -5.1735139e-02   6.6175613e-02   2.7845493e-01  -1.7663425e-01   1.1881166e-02  -2.2459125e-01   8.0936638e-02  -1.3027752e-01  -1.9164065e-01  -1.8587090e-01   2.9714836e-01  -5.7057423e-04   2.1102149e-01   1.4041508e-01  -1.0058152e-01  -8.0108213e-02  -2.0483742e-01  -9.3077001e-02   4.6513140e-02  -2.3694741e-01   1.1319876e-01  -1.6154353e-01  -2.5746278e-01  -2.1467359e-01  -7.2627277e-02   2.4753774e-01  -7.7237140e-02  -2.5121703e-01  -3.9487309e-02  -1.3845713e-01  -2.1144302e-02   1.4888549e-01  -1.0195175e-01  -5.8931357e-02   5.2627204e-02   8.3379133e-02   2.6547237e-01   7.5510801e-02  -1.6139468e-01   2.2690129e-02  -1.7375920e-01   9.4256765e-02   2.6063698e-02   2.0464561e-02  -1.5130402e-01  -1.2785768e-01  -1.4656835e-01  -5.8687346e-02  -1.3814865e-01   2.5604207e-02  -1.2314273e-01  -2.0901500e-01  -4.6841692e-02  -1.7459099e-01  -5.4589874e-02  -1.2023116e-01  -2.4168914e-01  -1.3146507e-01   2.6652936e-01   1.3251816e-01   4.7549509e-02   6.5487081e-02   7.9823728e-02   3.1622135e-01   1.1810030e-02  -1.3144069e-02  -3.2663629e-02  -1.1475066e-01  -2.0370811e-01   5.5092980e-02  -1.1158425e-01  -9.8526176e-02  -6.7294855e-02  -1.1843588e-01   1.2797183e-03   4.1846477e-02   3.3767162e-01   3.6146533e-02   1.1619326e-01  -1.0672552e-01   2.5053094e-01  -9.5753384e-02  -6.4986579e-02   1.2288691e-01  -1.6514978e-01   8.4060754e-02   1.4479500e-02   2.7665664e-02  -1.3675151e-01  -9.6458365e-02  -4.2125383e-02   3.7932676e-02  -1.3899716e-01  -6.2533088e-02  -2.0881703e-01   1.6901634e-01   3.5987260e-02  -3.2885012e-02   7.2352554e-02  -1.0572416e-01  -1.3934426e-01  -2.6209938e-01   7.4573732e-02  -9.5880012e-02  -5.9766023e-02  -7.8106052e-02  -2.0355978e-01  -2.8199840e-01  -1.2695056e-02
   3.0590716e-01   1.1767612e-02  -1.6530649e-02   2.6619696e-01  -2.8639821e-01   1.8945108e-01  -1.8428900e-01   0.0000000e+00   8.7084508e-02  -3.7783824e-01   1.5174528e-01  -3.7817181e-02  -2.4777171e-01   3.3109675e-01   4.0753501e-02   2.8220359e-01   5.5375311e-02  -8.6487261e-02   2.7143048e-01  -4.4122264e-01  -1.3217898e-01   3.1993226e-01  -1.5285228e-01   1.7228767e-01   9.6865904e-02   4.7196097e-01  -1.5264427e-01   1.9862630e-01  -2.2888974e-01   3.1167568e-01   1.9603790e-01   4.2213083e-01   2.0869333e-01  -3.8059812e-01  -2.8420650e-01  -1.8832875e-01  -1.7167589e-01   2.3676150e-01   1.3481782e-01  -1.9844048e-01   5.2176387e-02   1.0893619e-01  -1.4182242e-01   2.3695093e-01  -3.6016549e-01  -1.5618204e-02   1.7948611e-02  -4.4050926e-02  -1.4214134e-01  -1.0316142e-03  -3.2797644e-02   7.0218043e-01  -2.5683719e-01   1.9653309e-01   3.0417862e-01   9.1550195e-02   1.3197775e-01   3.0664999e-01   3.2889178e-01   1.9972313e-01   1.5414441e-01  -5.1602433e-01   1.2746346e-01   1.3303177e-01  -1.0293341e-01  -3.2233249e-01  -4.3815163e-02  -9.9848467e-02   2.0856802e-01   1.3465815e-02  -1.1037409e-02   2.0616488e-01  -1.6488684e-02   2.4930816e-01  -1.4955003e-01   3.0357166e-01   1.8535660e-01   2.7146303e-01  -3.7176593e-01   1.4068089e-01   1.2723541e-01   1.0976386e-01   4.2777412e-02   5.4468780e-01  -1.1902637e-01   3.4430585e-01   1.7129598e-01   1.0433355e-01  -4.4180280e-02   3.1656495e-01  -1.4060205e-01  -2.8392892e-02  -3.6503605e-01  -4.9211867e-02   3.5944159e-01  -3.3565005e-01  -3.3164720e-01   4.7329647e-01  -9.7481425e-02  -2.5035171e-01   1.1226259e-02   3.0506122e-02   2.4538989e-01   3.0584394e-01   1.6933222e-01   3.0678571e-01   7.6779949e-02   5.5336817e-01  -3.7425085e-01  -1.6838887e-01  -2.7312420e-01   5.0335725e-01   1.1872955e-01   2.7806191e-01   3.1833688e-02  -3.2501871e-02   2.2432704e-01  -8.6044560e-02   1.0927246e-01   2.8139718e-01   2.4503330e-01  -3.7005700e-01  -5.1448909e-02  -5.1826723e-03   1.7944878e-01   2.5702089e-01  -1.3632401e-01   1.1532692e-01   2.5728292e-01  -1.1287185e-01   5.8139437e-02  -3.5752515e-01   3.2604935e-01   2.3205467e-02   1.3570677e-01   2.7895342e-01  -6.5970378e-02   1.6047320e-01   2.4418732e-01   1.3901438e-03   1.3807532e-01  -1.9279638e-01   5.2207855e-01  -1.6543224e-01  -2.1851417e-01   2.1592068e-01  -1.8891230e-01  -2.6105293e-02  -1.2733970e-01   4.0390870e-02   1.1035067e-02   2.0569998e-01   1.1044564e-01  -4.0902371e-02  -1.3785933e-01   5.5289887e-02   9.0124544e-02   2.5821794e-01   2.3981543e-01   2.8180230e-01  -1.7792475e-01   5.3680879e-01   7.2766360e-03   2.0334881e-01   3.5390981e-01  -2.7537721e-01  -1.1146744e-01   2.0141692e-01   9.3368231e-02  -1.6958750e-01  -2.1339680e-01  -2.7828604e-04  -1.3165445e-01  -4.6594753e-02   5.6918322e-02   5.9235410e-03   3.3982994e-01
   3.1021759e-01   6.2117593e-01   2.2283122e-01  -1.1067890e-01  -9.1467100e-02  -7.2090882e-02   2.8701355e-02   8.7084508e-02   0.0000000e+00  -3.2753158e-01  -2.3085103e-01   2.5685266e-01  -8.0462486e-02  -5.3890120e-02   9.9265382e-02   7.7711278e-02   1.3157771e-01  -2.6084387e-01   1.2388243e-01  -2.4685929e-01  -3.4417374e-01  -8.8890267e-02  -3.9387896e-01   1.7383524e-01  -3.6771581e-02   2.6005351e-01   8.3763657e-02   3.5937120e-02  -1.6726262e-01  -1.7352121e-02  -7.4046107e-04  -1.4612396e-01   9.5597156e-02  -2.9775195e-01   3.1245227e-01  -1.3785087e-01  -1.5730599e-01   8.6209395e-02   9.5685357e-02  -5.3658931e-02  -1.1355665e-01   1.5175577e-01   1.5508443e-01  -1.6015721e-01  -1.3982929e-01  -1.8076999e-02  -1.4430170e-01   9.7755828e-03  -1.2903873e-01   9.0107501e-02  -2.8162289e-01   1.0632079e-01  -2.3738263e-01   1.5049798e-01   2.4755624e-02   6.3427595e-02   1.1650281e-02   2.2212511e-02  -1.4160755e-01   2.0560150e-01   7.1912741e-02  -2.1180182e-01   2.7473097e-01   1.2318830e-01   1.7825565e-01  -3.5968085e-01  -2.1324670e-01  -1.6018500e-03  -1.8094965e-01   3.7687004e-02   1.2309701e-01   1.2530042e-01   1.4946778e-01   7.1367938e-02  -5.9536717e-02  -2.3558152e-01   1.1094091e-01  -2.5942156e-01   4.8434287e-02   6.8289862e-02  -1.1804563e-01   4.1764522e-02  -6.1719625e-02   5.5490219e-02  -1.3923320e-02  -1.7412506e-01   8.6142967e-02   1.5672672e-01   1.0374288e-01   1.7658761e-01   1.1924786e-01   1.4558766e-01  -2.4415047e-01   1.9517474e-01   8.6816674e-02  -2.7097846e-01  -9.4943386e-02  -2.6452590e-02   1.2359439e-01  -1.3901798e-01  -9.7684595e-02  -2.1086490e-01  -2.2300220e-01   4.6796108e-01  -2.5531732e-01  -5.6056513e-02   9.5958695e-02   5.6175100e-02  -3.4680266e-01  -3.1045023e-01  -2.0956043e-01  -1.0830648e-01   3.2585317e-02   1.8016829e-01  -4.0292544e-02   3.4356412e-01   3.0017767e-01   1.8529731e-02  -3.0823118e-02  -2.1672495e-01   7.5601979e-02  -9.0367965e-02   2.0994779e-01   2.1041351e-01  -4.6873095e-02   1.2174553e-01  -1.4657596e-02   1.1163972e-01  -1.4591143e-01  -6.7324333e-02   1.5481270e-01  -1.3841069e-01   6.9885178e-02  -3.3217486e-01   1.3271180e-01  -1.6663438e-01  -7.7112541e-02  -1.6859833e-01  -2.0143070e-01   2.0927946e-01   1.1215369e-01  -4.8885127e-02  -1.2099603e-01   2.2293360e-02   3.7839225e-01   5.8717143e-01  -9.7342715e-03   3.8496798e-01  -3.4160768e-01  -7.8643614e-03   1.5746131e-01  -1.9807752e-01   1.2824300e-01   1.9945575e-01   2.2659198e-01   1.8598018e-01   1.3448054e-01  -2.6143809e-01   2.0304927e-01  -5.6567648e-02   7.2552700e-02  -1.7154805e-01  -1.8500553e-01  -1.4595533e-01   1.2168121e-01   1.4924223e-01  -2.2029064e-02  -2.2357113e-02   1.7843611e-01  -1.4099871e-01  -2.8867487e-02   7.7034804e-02  -1.5120661e-01   2.2544883e-01   7.5236602e-02   1.0839402e-02   1.1980361e-01
  -4.9222799e-01  -3.9253201e-01  -1.8251577e-01  -2.4565050e-02   4.5783996e-01  -3.6027587e-02  -5.1607263e-02  -3.7783824e-01  -3.2753158e-01   0.0000000e+00   1.9238702e-01  -3.1321364e-01   5.2934162e-01  -3.4911018e-01   3.7605902e-02  -1.5451501e-01  -1.9889716e-01   3.7715955e-01  -2.5167118e-01   6.4905225e-01   3.4727305e-01  -1.8445992e-02   4.1220647e-01  -2.9647561e-01   1.3852380e-01  -4.0824747e-01   9.3282045e-02  -1.2612937e-02   2.4856581e-01  -2.1918983e-01   1.4336514e-01  -1.6070895e-01  -3.9362540e-01   4.7645780e-01   7.8063933e-02   2.6597283e-01   6.4962711e-01  -3.8301836e-01  -1.9171914e-01   1.1438692e-01   3.3873110e-01  -2.2310228e-01  -7.9014337e-03   1.2326924e-01   5.1929673e-01  -9.2722212e-02   1.5789302e-01  -7.7627488e-02   4.7180797e-01  -1.2559404e-01   3.8115239e-01  -4.5942872e-01   3.4659471e-01  -3.0119491e-01  -3.4596942e-01   2.7141205e-03  -2.0648950e-01  -1.0572260e-01  -6.5310062e-02  -2.0042613e-01  -3.4487893e-01   6.8253184e-01  -3.0462022e-01  -1.1954373e-01   2.5180638e-01   5.4496185e-01   1.1840041e-01   1.3391506e-01   1.5455348e-01  -3.8935288e-02   8.5905686e-03  -2.6610611e-01   2.3379625e-01  -2.1465078e-01   6.4740156e-02  -9.1707799e-02  -2.9771099e-01   1.0507030e-01   4.4434884e-01  -1.1926494e-01   1.0235606e-01  -7.9254060e-02   1.4932910e-01  -2.4594429e-01  -7.0011431e-02  -2.1928910e-02  -2.5558716e-01  -3.0441467e-01   2.3089169e-02  -4.3646084e-01   2.5728532e-01  -1.4100634e-01   2.8295177e-01  -6.1647331e-02  -3.4842746e-01   5.7956212e-01   2.5342720e-01  -2.2550244e-01  -1.1706519e-01   6.1181740e-01   3.5280567e-04   1.7414387e-01  -8.0071500e-02  -3.1974040e-01   1.5268973e-01  -6.5931689e-02  -3.5482179e-01  -2.0709267e-01   7.2139822e-01   2.9658747e-01   3.3542852e-01  -9.4469829e-02  -8.9290599e-02  -4.0445629e-01   3.0956811e-02   2.3377561e-02  -5.4965852e-02   3.2204226e-01  -1.9041297e-01   1.1346369e-01  -3.2596277e-01   4.4137635e-01   8.6487282e-02   1.0287203e-01  -2.1423376e-01  -3.9318988e-01   2.1200539e-01  -2.3644471e-01  -1.5687386e-01   8.2086802e-02  -3.9384586e-01   4.6499597e-01  -2.5184057e-01   3.7504740e-01  -6.7495378e-02  -1.3680640e-01   1.1423128e-01   1.0872636e-01  -1.2098824e-01  -2.1339536e-01  -3.4122411e-01   2.0864521e-01  -1.2001818e-01  -3.5456226e-02   5.4503133e-02  -2.3540008e-01  -1.7251365e-02   4.0039069e-02   3.4110595e-01   3.1968229e-01  -2.0481112e-01   2.4814007e-02  -2.5899608e-01   1.5443948e-01   1.2693911e-02  -3.5165684e-01  -3.3025169e-01   2.4724941e-01  -4.3359531e-01  -3.7707449e-03   1.4315955e-01  -2.5353772e-02   4.5486372e-01  -8.4634610e-04  -2.1032700e-01   2.1984091e-01   2.1205263e-01  -1.0645953e-01  -3.1602218e-01   2.7283539e-02   3.0418186e-01  -3.2701453e-01   4.0356927e-02  -1.6685377e-01   8.5610699e-02  -1.2217230e-01  -3.0244813e-02
  -2.1962407e-01  -2.7590214e-01  -5.0317554e-01   4.0539305e-01   1.2414286e-01   2.0195696e-01   1.6317312e-01   1.5174528e-01  -2.3085103e-01   1.9238702e-01   0.0000000e+00  -4.8252001e-01   3.1218259e-01  -5.0812803e-02   1.1862914e-01   1.3860694e-01  -5.3723963e-01   5.8680168e-01   3.2837580e-02   1.0853415e-01   5.5204381e-01   2.2580834e-01   2.9076081e-01  -1.8834695e-01   9.6685693e-02  -9.8635738e-02   1.6003002e-01  -5.0215892e-02   7.1349174e-02   4.3625913e-01   1.4781769e-02   3.3380947e-01  -1.3819592e-01   2.3728528e-01  -2.4918402e-01   3.6212577e-01   2.2158567e-01  -1.3679443e-01   2.8352429e-01  -3.1958504e-01   4.2033393e-01  -2.9972394e-01  -3.4888256e-01   1.0068304e-01   2.4697832e-01   1.6853462e-01   6.7678735e-01   1.1704005e-01   1.0925995e-01  -5.2883627e-01   5.0609216e-01   1.3210223e-01   1.8422088e-01  -2.0790985e-01  -2.8687780e-01   1.4788459e-01   1.3108408e-01   2.5242323e-01   4.5215042e-01   1.8020043e-01  -1.8125752e-01   7.3254704e-02  -4.3491490e-01   3.0315362e-01   1.7404935e-01   1.4385266e-01   2.6455215e-01  -1.7632095e-01   6.2848823e-01   8.5070932e-02  -2.2641610e-01  -2.1127279e-01   3.2077014e-02  -1.4531775e-01   2.9832999e-02   2.3893669e-01  -4.0389286e-02   1.2162161e-01  -2.5994854e-02   1.9833889e-02   2.1444100e-01  -9.8976125e-02  -1.9976028e-01   5.5320586e-02  -2.9906206e-01   3.9110796e-01  -2.2149610e-01  -3.0097144e-01  -7.0720519e-02  -2.2674395e-01  -4.6229919e-02  -1.2273708e-01  -1.3337983e-01   6.1916770e-03   1.4728625e-02   9.3439246e-02  -6.9439534e-02   1.4800559e-01  -2.7766496e-01   6.3866377e-02  -2.3268957e-01   4.5433393e-01   2.7301656e-01  -6.5090285e-02   5.8591718e-01   2.9433258e-01  -4.2056711e-01   2.9652773e-01   1.1892422e-01   5.5920454e-01  -6.4390581e-02   3.7481414e-01  -7.0496610e-03  -2.6765732e-01  -1.9572085e-01  -1.9643105e-01   9.3399529e-02   2.0310706e-01  -5.9111047e-02   3.7948933e-01  -7.1299942e-02  -7.1313181e-02  -2.1847322e-01   2.7496738e-01   6.0337380e-02   5.5730673e-02   2.3867750e-01  -2.5140283e-01   2.6987369e-01   7.1503314e-02  -1.5830247e-01   3.4684815e-01   5.2578231e-02   2.7606501e-01  -2.8303392e-01   2.7296859e-01  -2.1879566e-01   8.7615998e-02   3.0051026e-01  -1.8805896e-01  -2.6798093e-01   4.7025880e-02   3.9771786e-01  -1.5948009e-01  -7.4958415e-02   2.4779047e-02  -5.1339235e-01   2.0640918e-01   4.6956181e-01   1.2828784e-01  -1.4667262e-01   1.4810167e-01  -3.2148677e-01   4.2766974e-01  -3.7879379e-01  -2.0521772e-01  -6.4803904e-02   2.6735203e-01  -2.9337500e-01   3.7118800e-01  -1.9743993e-01   6.1098929e-01   2.7719110e-01   5.1410305e-01  -4.1151999e-02  -2.7296356e-01   3.1573127e-01   5.4610139e-02  -3.2998866e-01  -3.1785588e-01   1.2541071e-01  -1.5503051e-01   1.7265566e-01  -1.9773441e-01  -1.3226466e-01  -8.2321289e-02   1.0020849e-01
   3.3975350e-01   4.4304884e-01   5.7998958e-01  -2.8914027e-01  -2.7968855e-01  -5.1572963e-02   2.6576968e-01  -3.7817181e-02   2.5685266e-01  -3.1321364e-01  -4.8252001e-01   0.0000000e+00  -2.0746542e-01  -5.4177071e-02   2.4604740e-01  -9.9744139e-02   4.5908119e-01  -5.0118417e-01   1.1781365e-01  -2.4495818e-01  -5.0747623e-01  -1.5163225e-01  -1.4063793e-01   2.1827039e-01   9.2002450e-02   2.0531206e-01   2.9860301e-02   2.1867736e-01  -8.3238208e-03  -2.0661588e-01   7.2627351e-02  -3.2224323e-01   2.3145049e-01  -6.3969408e-02   2.7005774e-01  -3.4454490e-01  -3.8311478e-01   2.0834763e-01  -8.2864683e-02   2.8762104e-01  -3.3390187e-01   2.6192765e-01   4.6271760e-01  -3.4994599e-03  -1.1425317e-01  -3.8339305e-02  -4.1486263e-01  -6.7887403e-02  -3.4429016e-01   3.8282365e-01  -3.5714764e-01   4.7011977e-02  -1.8659258e-01   3.5734030e-01   3.3864663e-01   2.0523524e-01   5.9058666e-03  -1.8981711e-01  -2.7794233e-01   1.0988205e-01   1.1258744e-01  -8.4640610e-02   3.6673530e-01  -2.1796242e-01  -1.7117987e-01  -1.2756334e-01  -1.7678428e-01   2.2641486e-03  -4.4883332e-01   1.5432125e-02   1.2934824e-01   2.3189989e-01  -2.9238958e-02   3.5381197e-01   2.8488135e-02  -1.7556857e-01   4.5968641e-02  -7.6512577e-02   2.6672449e-01   1.4653930e-01   1.4917763e-02  -3.4193626e-02   2.7947730e-03   4.3648904e-02   2.9114426e-01  -2.1214968e-01   1.8944644e-01   3.3836370e-01   2.2580104e-01   2.8744272e-01  -1.3121827e-01   1.1519735e-01   2.0035684e-01   3.0259186e-01   1.4795676e-01  -1.9160342e-01   1.3872325e-01  -3.6638616e-02   2.7776607e-01  -1.7161337e-02   1.4042478e-01  -2.1335826e-01  -2.6119393e-01   2.0794611e-01  -2.5624295e-01  -2.1919129e-01   3.8665755e-01  -2.2322664e-01  -2.6726841e-01  -3.4073473e-01  -3.0977510e-02  -8.0661965e-02   2.7130042e-01   3.7767174e-01   1.4003045e-01   5.6483653e-02  -5.8447094e-02  -2.4246255e-01   1.5725511e-01  -3.3909456e-01   2.0073605e-01  -9.3238534e-03   3.6906740e-01  -1.9415249e-01   4.7068359e-02   3.7453442e-02  -4.3951550e-02   2.4752862e-01  -3.1581876e-01  -3.2197340e-02   1.0550876e-01  -2.9504395e-01   3.2783652e-01  -3.0289778e-01   3.8779346e-01  -2.4523086e-01   2.5268236e-01   1.8201142e-02  -3.1217388e-01   1.5207482e-01   3.6508881e-01  -1.9734318e-01  -9.5847971e-02   2.7782955e-01   4.5252247e-01   8.5422669e-03   4.8442793e-01  -2.9906594e-01  -9.6574347e-02  -3.1525144e-01   1.2365354e-01  -6.6633797e-02   3.8327004e-01  -3.0170021e-01   3.1861797e-01   2.7981266e-01   8.1427421e-02  -1.2239245e-01   2.0855819e-01  -1.8712167e-01  -2.5437781e-01  -2.9200699e-01  -4.5922632e-01  -3.0776784e-01   1.4509883e-01   1.9153033e-01  -6.1820256e-02   1.2194970e-01   4.4810198e-01   4.7958563e-02  -7.1909890e-02   2.7132238e-02  -9.6913664e-02   2.9300769e-01  -9.5861112e-03   1.6208737e-01   6.9757066e-02
  -3.8961639e-01  -1.2422015e-01  -1.5534329e-01  -2.5592661e-02   4.2859707e-01  -3.9703790e-03   1.8421486e-03  -2.4777171e-01  -8.0462486e-02   5.2934162e-01   3.1218259e-01  -2.0746542e-01   0.0000000e+00  -2.3141485e-01  -9.1203394e-02   5.5631869e-02  -1.8814121e-01   3.8693813e-01  -9.1774343e-02   5.2744479e-01   2.8306217e-01  -9.5387299e-02   2.2500492e-01  -3.1156525e-01   1.1529283e-02  -2.8181060e-01   2.2340720e-01  -1.0329113e-02   2.0074504e-01   9.2328126e-02   3.1851000e-02  -1.5413048e-01  -2.2545970e-01   3.8237048e-01   1.6481171e-01   3.3203507e-01   4.7746957e-01  -3.9943133e-01   1.3604259e-01   3.7895666e-02   2.8665264e-01  -1.8874877e-01   1.6532576e-02   1.0063501e-01   3.5008408e-01  -1.0833220e-01   2.2692452e-01   2.3786165e-02   4.0140096e-01  -9.1047990e-02   3.4881523e-01  -2.3822181e-01   3.4969693e-01  -2.1103876e-01  -2.9947231e-01  -2.1114069e-02  -5.8025059e-02  -1.2490077e-01   1.9089528e-02  -1.9790871e-02  -2.7443852e-01   6.4647752e-01  -2.8016608e-01   6.6614734e-02   1.8013798e-01   3.4142504e-01   1.4149208e-01   1.1373063e-01   3.0469269e-01  -3.2286678e-02   1.0634078e-02  -1.5746452e-01   9.4515059e-02  -1.2015992e-01   8.6608018e-03  -5.9136516e-02  -8.2507412e-02   1.5497618e-01   2.2124706e-01  -3.2262735e-02   7.2877511e-02  -9.6885058e-02  -2.0906295e-02  -4.5583263e-03  -8.7290752e-02  -4.6293503e-02  -2.1478299e-01  -2.4745596e-01  -2.1748200e-02  -4.2853994e-01   1.5886574e-01  -7.7084135e-02   1.7092474e-01  -1.3553503e-02  -2.9555934e-01   3.8040729e-01   2.7135146e-01  -5.8763600e-02  -1.6417523e-01   2.3568022e-01  -1.0891673e-01   1.3010773e-01   2.3451607e-03  -3.1591092e-01   1.9609935e-01  -5.5871440e-02  -2.6456827e-01  -6.5211499e-03   5.3928791e-01   2.9428761e-01   1.7114997e-01  -9.7379204e-03  -8.6832744e-02  -3.6736299e-01  -5.2427182e-02  -3.5014113e-02  -1.0487703e-01   4.5108795e-01  -7.4963901e-02   9.6743383e-02  -3.4790008e-01   2.7353011e-01   9.4221863e-02   1.2748995e-01  -1.0573795e-01  -1.7432873e-01   1.4033673e-01  -1.2418490e-01  -1.5120529e-01   7.3421275e-02  -2.3670977e-01   4.5103289e-01  -1.5611024e-01   2.3261424e-01  -1.0497308e-01  -1.1168446e-01   5.3811485e-02   7.5740306e-02  -2.2052021e-02  -2.9341144e-01  -3.5035482e-01   3.8556193e-01   3.7416219e-02   2.7110230e-02  -1.0351483e-03  -3.9945721e-02  -1.0005612e-01   1.8330710e-01   2.9893178e-01   1.2331810e-01  -8.6724946e-02   2.1416863e-02  -2.1640870e-01   2.3382849e-01   2.3420516e-02  -3.3157153e-01  -2.8419358e-01   2.2622382e-01  -2.9976029e-01   1.2495730e-01   3.6042733e-01   8.4825631e-02   3.3462128e-01   1.0379048e-01  -2.3729615e-01   1.5668490e-01   1.8150312e-01  -6.2164989e-02  -3.7049415e-01  -3.8991222e-02   2.9286314e-01  -2.8134527e-01  -1.0189749e-02  -9.4681436e-02   5.0629027e-02  -5.7228516e-02  -5.1503138e-02
   3.9525791e-01   1.4507459e-01  -6.6096586e-02   2.8695907e-01  -3.6437262e-01   5.8629155e-02  -6.6807556e-02   3.3109675e-01  -5.3890120e-02  -3.4911018e-01  -5.0812803e-02  -5.4177071e-02  -2.3141485e-01   0.0000000e+00   3.6422950e-01   1.5673504e-01  -4.6464295e-02   4.8720430e-02   1.4061976e-01  -4.4559949e-01  -8.8283360e-02   1.3960497e-01   4.6977612e-02   2.3764388e-01  -1.2512256e-01   1.8294309e-01  -4.4295386e-01   2.9789125e-01  -1.5658726e-01   2.6357159e-01   1.9442030e-01   4.7806259e-01   2.7543907e-01  -1.7059564e-01  -1.3397445e-01  -3.0339420e-01  -1.1180660e-01   3.4317579e-01   1.5138304e-01  -2.5128649e-01  -8.3349233e-02   1.4475612e-01  -2.8010138e-01   6.7528728e-02  -2.5377624e-01   7.3999615e-02  -8.4321448e-02   2.6117114e-01  -1.3666095e-01  -2.2247425e-01   4.8336586e-03   4.0038583e-01  -4.0976888e-02   2.5801451e-01   4.6889169e-01   1.1658115e-02   8.7384899e-02   2.3140844e-01   2.7116322e-01   1.2523211e-01   2.7973775e-01  -2.9481294e-01  -3.5515448e-03   1.5451564e-01  -1.0623648e-01  -3.8748829e-01  -2.0723248e-01  -1.6118113e-01  -1.5046168e-01  -1.0242740e-01  -6.6488363e-02   3.6305091e-02  -1.4916371e-01   3.9409024e-01   1.3689229e-01   3.2884451e-01   1.7836161e-01   1.6520172e-01  -4.8250502e-01   3.3580514e-02   1.8150119e-01  -4.2810623e-02   1.0000130e-01   1.2351854e-01   2.1084077e-01   3.1605798e-01   4.0418653e-01   2.8663593e-01  -6.0040863e-02   3.6811634e-01  -2.5841861e-01   1.2137504e-01  -3.1500492e-01  -1.6423838e-01   3.1953128e-01  -4.0677239e-01  -2.5631586e-01   2.2263928e-01  -1.1170434e-01  -7.6203369e-02   2.1456585e-01   1.1566272e-01   3.3756761e-01   1.5962700e-01   1.6897922e-01   2.0367992e-01   2.2361381e-01   1.4795949e-01  -2.2507719e-01  -2.7387528e-01  -5.7875652e-02   2.0725919e-01   7.8828038e-02   2.6461829e-01   1.8274744e-01  -3.0527417e-01  -4.0466754e-02  -4.0819991e-02   4.0183051e-01   3.7555829e-01   3.1119820e-01  -4.4968148e-01  -1.5041235e-01  -1.7172594e-02   2.6990294e-01   5.5214665e-01  -8.7128602e-02   3.3951309e-02   2.8972811e-01   3.3786651e-02  -1.0254192e-02  -2.6266424e-01   4.3431885e-01   5.8967730e-02  -4.4839764e-02   2.3560842e-01  -3.2433263e-02   3.4837939e-01   4.4434637e-01   9.4497018e-02   1.9303711e-01  -8.9056824e-02   1.6447481e-01  -1.4947693e-01  -1.9693268e-01   1.5814229e-02  -1.3448567e-01  -1.4231548e-01  -2.5438807e-01   1.3298235e-02   2.6808796e-01   2.1457543e-01   2.8772262e-01  -7.0098989e-02  -2.2215771e-01   1.2884562e-01   2.9006587e-01   2.0594804e-01   3.6482954e-01   2.6790789e-01  -9.7991444e-02   4.4786442e-02  -3.7872853e-02   2.3274235e-01   2.9445290e-01  -3.8210377e-01  -2.8088291e-01   1.3373320e-01   3.1502732e-01  -2.2891711e-01  -2.9396842e-01   8.0520381e-02  -7.8855163e-02  -1.3956648e-01   1.3939995e-01  -1.9014975e-02   5.5823617e-02
