   0.0000000e+00  -7.6849095e-02   1.4075759e-01  -2.3565371e-01  -7.5192717e-02   6.0799110e-02  -1.1780283e-02   1.3472702e-01   1.2811835e-01  -1.7997007e-01   4.4945776e-02   1.3240132e-01   1.0202954e-01   1.0137043e-01   2.3180846e-01   1.6785334e-01   1.9291207e-02   1.0474741e-01  -8.3113114e-02  -1.6217522e-02  -3.1447626e-01   2.1835495e-02  -6.8222543e-02   7.7990145e-01  -5.9014711e-02  -1.4834498e-01   1.4528178e-01  -1.8375016e-01  -4.6897108e-02   1.7688890e-01  -1.6704858e-01  -2.0132267e-02  -1.3230911e-01  -2.7460464e-01  -3.5077384e-01  -5.7281223e-03  -2.3648122e-01   4.8010996e-02  -9.5511943e-02  -1.5131790e-01  -6.5880245e-02   1.1241413e-02  -8.7128622e-02  -2.1517031e-01   9.8238512e-02   5.6798863e-01   1.6964173e-01  -2.3099212e-01  -1.5908764e-01  -6.3623198e-02   2.0398002e-01  -3.6453445e-02  -1.6118917e-01   8.7979680e-02   3.9556766e-02  -4.3831363e-02   2.3901190e-01   1.9022626e-01  -9.1649561e-02  -1.6919944e-02   1.1174201e-01   1.3852512e-01  -2.0942127e-01   2.6374491e-01  -5.3034585e-02  -1.5440676e-02  -2.1035688e-01   4.2228170e-02  -1.0596658e-01   5.9685002e-01  -3.0031581e-01   1.6578842e-02  -1.9079182e-02   6.3734724e-01  -2.1181758e-01  -5.9575784e-02   1.3033711e-01  -1.7339776e-01  -1.4892612e-01  -1.5357519e-01   6.8815346e-02  -7.7855396e-02  -5.0089846e-01   2.1945268e-02  -2.6508203e-01  -4.3580211e-02  -3.6441381e-01   3.3475814e-01   1.0486666e-01   7.9476958e-01  -9.7338496e-02   1.4521348e-01  -1.9950996e-01   2.6880632e-03   3.5783833e-01  -9.5086170e-02  -1.8977232e-02  -9.3663597e-02  -1.4731807e-02   2.1866862e-02  -3.5124539e-01   2.4032757e-01  -3.1631497e-01  -1.2338985e-02   2.0650709e-01  -1.7488343e-01  -9.4126726e-02  -1.2681376e-01  -2.2489719e-01   1.0498102e-01  -3.9174847e-01   2.2787469e-01   7.5894516e-02   8.5720992e-01  -1.3784282e-01  -7.9398955e-02  -1.8412269e-01   6.6160429e-02  -3.7895098e-01   4.7090241e-02   4.3052505e-01  -8.5616463e-02  -1.2235458e-01  -3.6779503e-01   4.2152758e-01   2.6191050e-02   3.3613653e-02  -1.9807342e-01  -6.2977294e-02   1.7973721e-01  -5.9404510e-02  -3.8656769e-01   6.6911367e-01  -3.6771875e-01   2.1404696e-01  -3.9442394e-02  -1.1777616e-01  -3.7396758e-01  -1.4916308e-01   5.1812455e-01   8.1594636e-01  -2.5368226e-01   2.1495291e-01  -2.6096857e-01   7.2602776e-02  -3.0122902e-01  -1.0775246e-01   2.5674089e-01   2.2078417e-01  -3.1306241e-01   1.4963440e-01  -3.1145506e-01   5.0096154e-01  -5.1241351e-02  -2.2002488e-01   6.3203640e-01   2.5402314e-01  -5.8922771e-02  -1.1412402e-02  -1.7782125e-01  -1.2404388e-01   3.1051722e-02  -3.0594506e-01  -1.1233178e-01   1.4897218e-01  -2.9721190e-02   7.7747841e-02  -2.7354729e-01   4.2060519e-01  -4.3149376e-01  -2.3057936e-01   8.3290114e-02   8.0170190e-02  -1.8745371e-01   1.6791677e-01  -1.5138597e-01   2.7888027e-01
  -7.6849095e-02   0.0000000e+00   9.5218480e-02  -2.2474273e-01   4.1458520e-01  -2.0293413e-01   1.9554998e-01  -1.3987188e-01   4.0554562e-01   1.5991283e-01  -3.0478159e-01   3.3792382e-01  -1.4453122e-01  -1.3340067e-01  -4.0976493e-01  -2.2694153e-01   4.2643089e-01  -5.2668366e-01   2.7811510e-02   3.1777747e-01  -1.5913562e-01  -3.9635163e-01  -2.5320274e-01  -4.3815925e-02  -2.5580881e-01   1.9035901e-02   4.4190068e-01  -1.3514244e-01   2.2958821e-01   3.0467750e-01  -1.6456078e-01  -2.9284714e-01   2.5826781e-01   1.1269993e-01   2.0271290e-01   3.8917265e-01   5.7868225e-02  -9.0656456e-02  -9.1324617e-02   5.3154909e-01  -2.7601015e-01  -2.9088639e-02   4.1753346e-01   1.0618440e-02  -3.4210602e-01  -1.7517234e-01  -3.1595105e-01   4.5273132e-01   2.9821447e-01   5.0698736e-01  -5.1322609e-01  -3.3812889e-01   3.3060927e-01   4.5121764e-03  -2.1357810e-01  -4.1942541e-01   1.0741288e-01  -4.7584285e-01  -1.7162950e-01   5.3192948e-03  -1.8566855e-01  -2.5069240e-02   6.4202455e-01  -9.5117284e-02  -3.6932936e-02   4.5111432e-02  -1.0014454e-01   2.0781050e-02  -3.9467990e-01  -3.1119791e-01   7.7421879e-01  -2.4984947e-01   8.5820601e-02  -4.8275034e-02   1.6413597e-01  -2.5927680e-01  -2.7745151e-01  -1.4988708e-01   6.9759113e-01  -2.2071075e-01  -1.1374431e-01  -6.6173431e-02  -1.0445888e-01  -9.7828658e-02  -3.8896014e-03  -3.5144311e-01  -5.0129434e-02  -3.8321342e-01   4.6047110e-01   8.6424467e-02   7.2798630e-01  -9.9711622e-02   3.0026828e-01   2.8104552e-01  -1.5544552e-01   4.9397253e-01  -8.7151134e-02   2.2695812e-01  -1.7202462e-01  -4.0417181e-01  -2.9115664e-02  -4.5676475e-01  -4.7101114e-01   3.5874101e-01  -4.9213424e-01  -3.6605119e-02  -4.1013582e-02  -6.8969649e-02   1.5254187e-01  -2.7815977e-02  -1.0785152e-01  -5.1632760e-01  -3.6449849e-01  -1.7977659e-02   4.9631218e-02   6.5895573e-01   3.3578121e-03   6.5236890e-02  -2.8359908e-01   2.3435612e-02  -2.6782614e-01   4.9570825e-01   6.1550465e-01   3.0864308e-01  -1.0563930e-01  -4.1146223e-01  -1.4694538e-01   6.5232313e-02  -1.1699634e-01  -9.5311304e-02   2.7165437e-02   2.0496153e-01   1.0927386e-01   3.6762347e-01   1.1961902e-01  -3.7599701e-01  -1.5819204e-01   7.4454406e-03  -5.3910656e-01  -4.1654983e-02  -9.7412971e-02   1.0746849e-01  -1.8265543e-01  -4.5602702e-01  -4.5144042e-01  -2.2998791e-01   6.3745403e-01   3.0960470e-01  -1.4750693e-01  -2.3350111e-02  -1.6338340e-01  -1.5389806e-01  -2.6585108e-01   2.6407676e-01   3.7558444e-01   2.0090696e-02  -1.8868926e-01  -1.1517793e-01  -9.2390534e-02  -4.7100341e-01   2.9284899e-02  -2.4292407e-01   3.6602225e-01  -2.4622700e-01  -1.9757958e-01   4.8077193e-01   1.1329863e-01   4.1046923e-02  -2.2991219e-01   5.6255337e-01   5.1520684e-01  -8.8414382e-02  -1.7152753e-01  -3.6671695e-01  -6.3065701e-02  -3.3202794e-02   6.2894882e-03
   1.4075759e-01   9.5218480e-02   0.0000000e+00  -2.2552873e-01   1.5024549e-01   3.4399976e-01   1.7324978e-01  -1.6077921e-01   9.7332538e-02   2.5497594e-01  -7.8988465e-02   2.2240992e-01   8.5566884e-02  -2.0586069e-01  -3.6640316e-03   1.7714481e-01   7.5103026e-01  -1.6985722e-01  -9.9557738e-02   2.7487519e-01  -3.1617997e-01   7.0846033e-02  -1.5507096e-01   8.3975022e-02   1.8252101e-02  -8.2549154e-02   3.6093174e-01   2.7754557e-01   5.6613649e-02   1.0626332e-01  -3.3585148e-01  -1.7889366e-01   9.3108224e-02   1.4182807e-01  -5.4028666e-02   1.3746519e-01  -2.4402076e-01   2.8264905e-02   8.1463691e-02   6.0010500e-01  -1.2234953e-01   2.2304270e-01   2.9828953e-01  -3.8975378e-01  -1.6873846e-01   3.2714190e-01  -7.6237305e-02  -1.0910272e-01  -3.8832045e-01   5.5258437e-01  -2.8534983e-02  -2.0478314e-01  -2.7577660e-01   7.5679333e-02  -1.9051313e-01  -2.3495868e-01   3.2089237e-02   2.0548375e-03  -3.9530496e-01   1.4634291e-01   7.8303118e-02   7.4964334e-03   2.2118638e-02  -9.6358818e-02  -2.7710340e-01   2.5242484e-01   1.2013432e-01  -1.9691841e-02  -5.4692311e-02   2.6121939e-01   1.2476096e-01  -2.2044519e-03  -1.2812526e-01   5.8526913e-02  -2.8167956e-02  -1.6533322e-01   1.5972929e-01  -3.6147182e-01   1.0995024e-02  -1.4835528e-01   1.3314806e-01  -1.7375898e-01  -1.6491905e-01  -1.7988062e-01   2.9123451e-02  -1.2999211e-01  -3.3132284e-01  -8.4180318e-02   1.3234050e-01   6.8430516e-02  -9.0290880e-02   1.4374222e-01   4.4094660e-01   2.2892573e-01  -2.2303206e-02   2.5706835e-01   6.6681012e-02  -6.9077473e-02   7.3742296e-02  -1.5855898e-01  -1.7098593e-01  -4.6604683e-02  -2.3685159e-01  -7.4971322e-02  -1.2743152e-01  -4.2544966e-02   1.3079271e-01  -1.1208442e-01  -2.4972767e-01   1.3268331e-01   1.4277304e-01  -5.9024646e-02   2.2101886e-01  -1.3947610e-02   1.8679687e-01  -2.4177554e-01  -2.3871614e-01  -7.0257678e-02   1.2009775e-01  -1.7592103e-01   1.1599076e-01   3.1700322e-01   1.9189051e-01  -3.9220924e-01   3.3476630e-02   1.7093186e-03  -1.4439820e-01  -1.0572343e-01  -7.0249606e-02   6.7822046e-01   3.0931074e-02  -3.4314789e-01   3.5384339e-02  -2.9333030e-01   6.6991477e-02  -2.8818142e-01   4.3529336e-03  -1.4625793e-01  -1.8077531e-01  -9.7804657e-02   6.3575156e-02   3.8927608e-03  -1.4869756e-01   2.2974105e-01  -1.9837022e-01  -3.2361602e-01   4.2462869e-01   4.1322503e-02   2.7435482e-01  -4.7848505e-01   1.3736358e-01  -3.2860134e-01   2.3741069e-02  -1.9280937e-01   6.8400328e-01   8.5185450e-02   1.0470932e-01  -1.6374498e-01   3.2911703e-02   1.5310721e-02   8.2734091e-02  -1.8859771e-01   2.8741438e-02  -2.4994073e-01   1.3001331e-01   1.8810329e-01   2.5975146e-01  -8.5709037e-02   8.3040144e-02  -1.5483166e-01   1.7395094e-01  -4.3330825e-02   5.0209833e-02   3.0719494e-01   8.2666299e-02  -1.0444444e-01   3.5479194e-02
  -2.3565371e-01  -2.2474273e-01  -2.2552873e-01   0.0000000e+00  -1.9791003e-01   5.2011783e-02  -9.1043276e-04   2.2766908e-01  -4.7906667e-02  -1.9310094e-01   3.9352062e-01  -1.2597705e-01  -1.3857942e-01  -3.7626149e-02   1.9486475e-01   1.6246682e-01  -2.8052805e-01   3.8377894e-01  -5.6541666e-02  -3.4425748e-01   3.3943411e-01   3.1131754e-01   2.3143391e-01  -1.8148678e-01   5.3888713e-02   2.4688574e-02  -3.1315761e-01  -1.0036705e-02   5.8349052e-02  -4.4890139e-02   2.7775622e-01   4.1913628e-01  -2.0574014e-02   1.1889312e-01  -5.3502253e-02  -1.3545335e-01   8.6592321e-02  -1.6494885e-01   2.9334882e-01  -2.8290668e-01   2.9605149e-01  -2.1230835e-01  -2.8838580e-01  -3.7257686e-02   1.7991470e-01  -1.5784731e-01   3.5052180e-01  -1.0229242e-01   1.6838833e-01  -2.0335928e-01   3.1159161e-01   2.9153055e-01   1.5240268e-01  -2.1927289e-01  -8.6145601e-03  -4.5936373e-02  -1.0329626e-01   2.3299526e-01   4.7573396e-01  -5.0429256e-02   4.5093380e-02   1.2996764e-01  -7.6165619e-03   2.4126391e-01   2.8745210e-01  -8.0178188e-02   1.3244053e-01  -2.5225001e-01   4.8421149e-01  -1.6589834e-01  -1.0493934e-01  -7.5410699e-02   2.1767638e-01  -2.3034134e-01   5.1082389e-02   3.1341777e-01   6.3726999e-02  -1.8753196e-02  -7.2752840e-02   1.0368333e-01  -6.9997568e-02   2.4532322e-01   2.6373403e-01   4.2006071e-02   1.7637828e-01   3.9187764e-01   1.2817893e-01  -2.0918340e-01  -1.8306913e-01  -2.5360697e-01  -1.6381718e-01  -1.6522466e-01  -2.3025827e-01  -4.3840840e-02   1.2647444e-02  -1.8263602e-01  -3.3593489e-01  -5.4438870e-02   2.2327951e-01   1.8996505e-01   6.3750145e-02   2.3242694e-01   4.0585674e-01  -1.3195207e-01   4.5130990e-01   2.3433910e-01  -6.1802227e-02   3.1812995e-01  -9.6127455e-02   6.2425878e-02  -7.6626237e-02   3.6256562e-01   2.7812911e-01  -2.5259817e-01  -6.4368729e-03  -2.2806961e-01  -7.6822109e-02   1.3121314e-01   2.4233660e-01   4.2381150e-01  -1.7306542e-02  -2.3622811e-01  -3.7419828e-01   4.1564647e-01   4.3089801e-02   1.4820340e-01   4.1067860e-01  -9.3357127e-03   2.3994992e-01  -2.1681971e-01   1.8862334e-01   2.6902084e-01  -1.2409314e-01   7.4518640e-02  -3.7511464e-02   5.1124598e-01   2.8203694e-02   1.2187626e-01   4.1202137e-01  -3.5531594e-01  -2.0462774e-01  -1.8656532e-01   2.0106687e-01   2.2022721e-01   2.6928689e-01   4.4261545e-01  -1.9765008e-01  -1.2543875e-01   2.3604964e-02   3.3164781e-01  -3.3779726e-02   1.6260366e-01  -1.7586131e-01   1.0164056e-01  -1.5566188e-01  -2.5023037e-01  -9.7340603e-02   3.8852712e-01   1.6546660e-01   1.9826250e-01  -3.6823656e-01   3.0009908e-01  -3.6302211e-02   4.9312153e-01   3.1965301e-01  -1.5690563e-01  -1.4134299e-01   7.5623117e-02   2.2230315e-02   7.3363909e-03  -2.1559123e-01  -1.6445400e-01   1.9397262e-01   1.7055295e-01  -1.5908674e-02   4.7860722e-01   2.3063069e-01
  -7.5192717e-02   4.1458520e-01   1.5024549e-01  -1.9791003e-01   0.0000000e+00  -1.1339570e-01   1.1736911e-03  -3.7793508e-01   3.2041687e-01   1.7176685e-01  -1.3592493e-01   2.2409762e-01   6.7844879e-02  -3.3260321e-01  -4.9174252e-01  -1.2418032e-01   2.9036634e-01  -1.3761319e-01  -1.5342640e-01   7.0455034e-01  -5.6815791e-02  -3.1308789e-01  -2.2761829e-01  -3.7178181e-02   3.2664210e-02  -1.5403965e-01   2.2718401e-01  -1.9761978e-01   1.8527060e-01   2.5720372e-01  -4.5043803e-01  -3.1914146e-01   2.5405369e-01  -1.9436955e-03   1.1813289e-01   6.5319286e-01   4.7905304e-02   5.5692187e-03  -2.0575018e-02   4.4102716e-01  -1.8231482e-01   1.9594228e-01   2.5293996e-01  -3.1423006e-01  -8.4582517e-02  -2.0697825e-01  -1.9816834e-01   1.9089848e-01   1.9261648e-02   3.4039440e-01  -9.9569625e-02  -4.0051547e-01   2.0994738e-01  -4.3001994e-02  -3.4940782e-01  -2.5229295e-01  -8.9934430e-02  -4.2408709e-01  -1.9185219e-01  -1.8588291e-01  -1.0976316e-01   1.4522755e-01   3.4717929e-01  -3.7084090e-02   9.2416194e-02   4.1053487e-01   3.5340517e-02   3.2144115e-01  -3.1373622e-01  -2.4553702e-01   2.7190254e-01   1.6336396e-01   7.8144566e-02  -1.2396134e-01  -1.3605449e-01  -3.0760083e-01  -1.8520427e-01  -1.8554416e-01   6.6320398e-01  -1.8493907e-02  -3.2979827e-01   2.2030884e-03  -7.7045272e-02  -2.5888619e-01  -2.3641870e-01  -2.5318282e-01  -2.8925695e-01  -1.7028710e-01   4.4313473e-01   9.0543552e-02   6.4180174e-01  -1.5587808e-02   3.6706830e-01   4.2941761e-01  -2.4206323e-01   7.2090301e-01   1.6054060e-01  -5.6758113e-02   1.1631875e-01  -2.7138607e-01  -2.6772263e-01  -2.5446956e-01  -5.1338702e-01  -5.9911696e-02  -3.2947361e-01  -2.3629208e-01  -1.3722672e-02  -2.3062138e-01   3.4755081e-02   3.4524675e-01  -6.2508456e-02  -5.6257207e-01  -6.7109100e-02  -1.2693355e-01  -2.2218405e-01   4.3556784e-01  -1.0956670e-01   1.6705259e-01  -1.4439435e-01  -1.1320517e-01  -1.2704656e-01   7.8494250e-01   5.7331611e-01   6.4245964e-02  -3.0653141e-01  -2.7288132e-01  -2.0495341e-01  -7.8318495e-02  -3.6332136e-02   1.6239253e-02   8.3135313e-02   3.3969177e-01  -1.3002244e-01   1.1630011e-02   7.4868284e-02  -3.3668964e-01   1.4013540e-01  -3.1053888e-01  -4.3921791e-01   3.4992702e-02  -9.6102317e-02   3.6353598e-01  -9.5451221e-02  -2.8491701e-01  -4.8831785e-01  -4.0308668e-01   3.1637756e-01   5.1131900e-01   2.4620122e-01  -1.4572513e-01  -1.6128451e-01  -4.7677251e-01  -2.2312736e-01   3.4351484e-01   3.3744463e-01   1.6364709e-01  -5.2024879e-02  -5.9123099e-02   4.5055569e-02  -4.1048547e-01   2.5245812e-01  -1.3363947e-01   4.3587930e-01  -1.1274813e-01  -3.2418452e-01   5.5440252e-01   4.7722595e-01   5.2117778e-02  -1.5078950e-01   3.6641643e-01   6.0339973e-01  -9.6301535e-02   3.0987708e-01  -5.4784700e-02  -1.4855116e-02  -2.6203787e-01  -3.0192622e-01
   6.0799110e-02  -2.0293413e-01   3.4399976e-01   5.2011783e-02  -1.1339570e-01   0.0000000e+00   9.9337032e-02   1.4912602e-01  -3.1414502e-01  -5.3630315e-02   1.2809208e-01   1.1126213e-02   1.3510882e-01  -2.0444394e-01   1.2270974e-01   1.2088302e-01   1.9921575e-01   2.3431684e-01  -1.1167987e-04  -7.4419961e-02  -1.5764634e-02   1.0590826e-01   3.3135394e-02  -9.3601487e-02  -1.5741207e-01   3.6644323e-02   1.4668651e-01   2.5534114e-01  -1.9938665e-01  -3.2431883e-02  -1.5398989e-01   2.0129318e-01  -2.5258209e-01  -2.0432414e-02  -3.1091436e-01   8.9341578e-03  -9.5007520e-02  -1.0687297e-01  -8.3582859e-02   1.1168352e-01   1.2075286e-01  -5.6493851e-02  -1.5077964e-01  -1.4413967e-03   2.6717204e-02   3.4571730e-01   2.9480484e-01  -9.2240280e-02  -3.0348174e-01   2.2733011e-02   2.1363171e-01   2.5017461e-01  -3.3851580e-01  -6.0482059e-02   1.2053609e-02   1.4137487e-01   2.0496844e-01   9.1961417e-02  -5.9651512e-03   2.6513116e-03   2.1845906e-01  -7.9548236e-02  -3.5026457e-01  -1.0058395e-01  -2.1879204e-01   9.4419838e-02   4.5328141e-01  -2.4626414e-01   3.4957401e-01   3.1493637e-01  -2.0198933e-01   5.8425130e-02  -1.3793826e-01   7.5659389e-02  -1.5732925e-01   6.6959201e-02   2.3605716e-01  -1.7953935e-01  -3.3319299e-01  -3.3713972e-02   1.4037864e-01  -1.8781133e-01  -1.9851266e-02   9.0308498e-02   5.0508801e-02   1.9191654e-01  -1.8221270e-01   1.6281875e-01  -1.4615071e-01  -9.6625118e-02  -3.1164840e-01   1.4941326e-01   1.1763811e-01  -2.0576779e-01   5.3863115e-02  -8.3068665e-02  -7.2728536e-02  -5.7555646e-02  -7.6622099e-02   1.4384646e-02  -1.4349548e-01   3.0313327e-01   2.1728144e-01  -2.0716212e-01   1.6346093e-01   1.3314277e-01   1.2302977e-01   2.1240355e-01  -3.4053685e-01   3.0353148e-01   1.4725586e-01   2.7053769e-01   2.0668271e-01  -7.0665476e-02  -1.3455821e-03  -4.5542394e-01  -7.9860629e-02  -3.0711095e-02   3.3287799e-01   5.4148267e-02   1.4374816e-01  -1.1599162e-01  -2.3365535e-01  -3.2019630e-01   2.0754979e-01   2.4214754e-01  -7.7642610e-02  -3.5093705e-01  -1.0095731e-01   4.4170273e-01  -1.5063178e-01  -2.2600784e-01   5.5792571e-02  -3.3755638e-01  -3.1410428e-01   1.0525394e-01  -1.4248199e-01  -7.5361957e-02   2.2269716e-01  -1.1164911e-01  -5.8618019e-02  -1.4774788e-01  -7.6758647e-02   4.1506140e-01  -2.7372414e-02  -6.6858348e-02  -1.2442223e-02  -9.4370367e-02   3.5337725e-01  -1.7372215e-01   1.3622548e-01  -6.0889910e-02   1.1276276e-01  -1.5870656e-01   2.0822124e-01  -9.9099169e-02   7.3373739e-02  -2.4300180e-02   1.0466048e-01   3.1078108e-01  -2.7201774e-01  -1.0309839e-01  -1.1661910e-01   2.2337786e-02   3.8299951e-01  -1.8357809e-01   1.7225191e-01   1.4459588e-01   1.8105347e-01  -2.1411794e-01  -1.6094727e-01  -1.7624759e-01  -4.0730570e-03   5.3582618e-01   2.4625482e-02  -4.7396881e-02   1.1776298e-01
  -1.1780283e-02   1.9554998e-01   1.7324978e-01  -9.1043276e-04   1.1736911e-03   9.9337032e-02   0.0000000e+00  -1.4134142e-01   1.1097295e-01   4.7158825e-01  -1.7714965e-02   4.4007320e-01  -4.3089996e-02  -8.1776584e-02   8.8898852e-02   1.8141676e-01   9.5407518e-02  -3.6108747e-02  -9.3890820e-02   2.3557733e-01   1.1575373e-01  -7.6337858e-02   5.6119761e-01  -6.9030593e-02  -2.8334279e-01  -1.2773441e-01   2.4708836e-01   3.3804910e-01  -6.1410480e-02   2.9869138e-02  -1.3417047e-01   5.8808950e-02  -7.7010223e-02   6.0414719e-01   2.7920603e-01   2.8575721e-01   5.0574953e-02  -1.0583236e-01  -9.7609864e-02   2.5167905e-01  -8.2082398e-02   1.4667776e-01   2.3202714e-01  -1.5351089e-02   1.4976247e-01  -6.8753331e-02  -3.4222382e-02   5.5590852e-01  -1.5501579e-01   1.4224838e-01   2.5040239e-02  -1.5714586e-01   6.6284275e-02  -1.0166047e-02  -3.2338518e-02   3.5237074e-03  -1.1649578e-01  -5.6241778e-02  -1.7537252e-01   5.9610718e-01  -1.4450891e-01   1.1531781e-01  -1.2557043e-01  -3.0960116e-01  -3.6381541e-01   4.6988782e-01   1.9224542e-01  -2.5019679e-01  -1.6564074e-01  -4.7599249e-02   2.1913024e-01  -1.8807060e-01  -8.7482764e-03   2.1192840e-02   9.2752557e-03  -5.6942406e-02  -1.3217199e-01   2.6072489e-02  -1.1938984e-01  -3.3105562e-01   5.4418295e-01   1.2109369e-01   2.4630671e-01  -1.8839662e-01   1.6144907e-01  -2.8593215e-01   2.3558200e-01  -8.2357915e-02  -9.5895129e-02  -1.1850142e-01  -1.1372837e-01  -2.4210795e-01   5.7020004e-01   2.5063243e-01  -4.9566460e-02  -1.4448459e-01  -2.2685956e-01  -4.8559538e-02  -4.7887163e-02   3.2625012e-01   1.1390060e-01   1.3184791e-01   3.5671314e-02   4.6240778e-02   1.2282552e-01   6.6829295e-02  -2.2050187e-01  -2.0557286e-01   7.9076394e-02   1.3763469e-01   4.6832166e-01   5.1184937e-02  -2.4060777e-01  -9.6705464e-02   4.4421903e-01  -2.0944423e-01   1.4221896e-02   2.6123922e-01  -2.2875733e-02   2.4635743e-02  -1.4740438e-01   7.8931082e-02  -1.0758336e-01   1.0721602e-01  -1.9926077e-01   4.3926913e-02   4.4494731e-01  -1.7050901e-01  -1.1080987e-01   2.8572646e-01   5.3654986e-02   1.6422725e-01   6.0029675e-02   4.8483572e-02  -2.6589782e-04  -2.6424634e-01  -1.5864499e-01   1.8533782e-01  -2.3395712e-01  -1.4024396e-01   1.5063732e-02  -1.9293589e-01  -4.2692176e-02   8.9909227e-02   2.6972195e-01   1.0408315e-02   4.9431212e-01  -1.3409296e-01   2.3485682e-01  -1.2749290e-02   8.9815733e-03   1.2058163e-01  -2.0771050e-01   5.2432269e-02   1.4892469e-01  -1.2513101e-01  -2.0092250e-01  -2.4293581e-02  -2.0741501e-01   3.9464638e-01  -2.6132300e-01  -2.4929887e-01   9.1802469e-02  -5.2595312e-02   3.5575613e-02   4.2592505e-02   2.2411700e-01  -1.1753942e-02  -2.3185986e-01   8.4030968e-02   4.0549442e-01  -7.4834818e-02  -1.3752991e-01  -8.5341585e-02  -1.9313694e-01  -7.2735944e-02   2.4781742e-02
   1.3472702e-01  -1.3987188e-01  -1.6077921e-01   2.2766908e-01  -3.7793508e-01   1.4912602e-01  -1.4134142e-01   0.0000000e+00  -8.9195538e-02  -3.1946447e-01   3.6939182e-01  -1.4100511e-01  -1.2205654e-01   1.3025498e-01   1.2385831e-01  -1.7507160e-01  -1.8015136e-01   2.5984500e-01   1.7774986e-01  -5.4974540e-01  -5.3275093e-02   2.1981858e-01  -9.9981797e-02   1.6047570e-01   1.5564700e-02   2.4015849e-01  -2.1673674e-01  -4.1329187e-02  -1.5257928e-01  -1.3656888e-01   2.5644272e-01   8.9902828e-02  -1.1742653e-01  -1.5394223e-01  -6.4944694e-02  -1.9017418e-01  -9.1382088e-03  -4.9981262e-02  -7.1778649e-02  -4.3920393e-01   1.5607260e-01  -2.0233707e-01  -3.1898812e-01   4.1974976e-01   5.2444463e-02   3.2031189e-01   2.3452219e-01  -1.3037105e-01   1.0396957e-02  -1.9680563e-01   4.1501516e-03   5.4017677e-01   9.4059510e-02  -1.2256465e-01   8.5326282e-02   1.3152165e-01   5.9012317e-02   2.3246748e-01   1.8129674e-01  -4.8156167e-02   2.4072075e-01  -6.6994550e-02  -1.0203332e-01   3.5168353e-01   8.9946069e-03  -2.8648267e-01   1.3296129e-02  -1.9622671e-01   4.6950997e-01   1.8807439e-01  -1.1689298e-01  -1.9352069e-01   6.8381154e-02   1.5536875e-01  -1.9600416e-01   3.2311019e-01   2.8366640e-01   2.5471038e-01  -1.4442007e-01   2.8183260e-03   5.6103248e-02  -1.4498395e-01   4.0561226e-02   5.2241690e-01  -1.3110305e-01   3.7977485e-01  -4.1448898e-03  -3.2369879e-02  -1.0902410e-01   1.5883701e-01  -2.1511656e-01   1.3500339e-01  -3.4351804e-01  -1.2659035e-01   2.8376072e-01  -2.3666462e-01  -1.1840050e-01   6.3707766e-02  -2.3075700e-03  -7.5732791e-02  -3.5245423e-02   3.2178283e-01   2.4707362e-01  -5.0085883e-02   2.8117163e-01   2.2688122e-01  -1.2751657e-01   4.9271365e-01  -2.6955711e-01   1.5448090e-02  -1.2183402e-01   2.5315670e-01   1.7896880e-01   1.5917289e-01  -6.8694594e-02  -1.1056146e-01  -7.6675237e-02  -2.4889497e-02  -3.7806294e-02  -4.9239814e-03   1.4590151e-01  -3.6204753e-01  -1.9375495e-01   5.1991000e-02   4.1219573e-01   2.0494914e-01  -7.5851392e-02  -1.3405222e-01   2.0775177e-01  -1.0567456e-01  -7.3841861e-02   3.1418448e-02   2.0813174e-01   7.1431733e-02  -1.2615863e-01   5.8882055e-01  -2.3144599e-01   5.8502528e-02   4.6036058e-01   7.1082669e-03   1.0896232e-01  -2.5357396e-01   2.8600581e-01   9.1303829e-03   3.7896821e-02   3.7236557e-01  -2.5439795e-01   2.7518404e-02  -1.9006829e-02   2.1282537e-02  -7.7875769e-03   1.6935878e-01   1.3699075e-01   1.2382868e-01  -2.3733855e-01  -4.6403202e-03   8.2288318e-02   7.6901285e-02   2.6187658e-01   2.2784244e-01  -1.7317643e-01   3.9094524e-01  -2.4119080e-01   1.7171445e-01   3.3797435e-01  -2.2760172e-01  -3.9753273e-02   3.4919017e-02   1.3142692e-01  -5.2580137e-02  -3.8391518e-01  -1.1544283e-01  -6.8146839e-02   6.2805122e-02  -4.4271335e-02   1.6723751e-01   3.0881639e-01
   1.2811835e-01   4.0554562e-01   9.7332538e-02  -4.7906667e-02   3.2041687e-01  -3.1414502e-01   1.1097295e-01  -8.9195538e-02   0.0000000e+00   2.3012987e-01   3.5120643e-02   1.7628928e-01   6.5091754e-02   1.0857729e-02  -2.1194925e-01  -2.8195570e-02   1.7546205e-01  -1.3699349e-01  -1.7662214e-01   3.6704605e-01  -9.8676957e-02   5.1361706e-02  -9.2872950e-03   1.4746499e-01   9.0599116e-02   1.0355742e-01   1.6032243e-01  -1.8287992e-01   7.5655476e-03   3.2374382e-01  -1.0112270e-01  -1.8613781e-01   4.1463799e-01   1.3536982e-01   1.5478622e-01   1.5849935e-01   3.7204037e-02  -3.0892459e-02   2.7532299e-02   1.6098642e-01   6.1087022e-02   2.4195757e-01   2.7616227e-01  -7.5829779e-02  -2.3499058e-02  -5.3151007e-02  -1.4628417e-01   2.3089837e-01   1.3545575e-01   2.4742623e-01   1.1418569e-02  -6.8522830e-02   3.3235754e-01  -1.0059357e-01  -1.1107368e-01  -3.1060303e-01   1.3636253e-01  -9.5499815e-02  -1.0728320e-01   7.7841907e-02  -1.0997016e-01   2.0108668e-01   3.3333850e-01   2.1782747e-01   8.5652775e-02   1.9904349e-01  -1.9243144e-01   1.5364075e-01  -1.8293878e-01  -2.4042317e-01   2.7322594e-01  -9.9630029e-02   2.1853432e-01  -2.1112846e-02   5.8932698e-02  -2.0877117e-01  -1.4567667e-01  -1.5625217e-01   3.2354883e-01  -5.3401728e-02  -2.6661839e-02  -2.8855732e-03  -1.5207690e-01  -1.0745202e-01  -2.5563815e-01  -2.2681753e-01  -5.2171542e-02  -3.0869713e-01   2.4358561e-01   1.5933345e-01   2.9500573e-01   5.3444019e-03   1.2880296e-01   4.2066658e-01  -8.6499201e-03   2.7932678e-01  -4.1945067e-02   9.7067559e-02   1.6371587e-02  -1.7788299e-01  -1.2546047e-01  -1.1547943e-01  -4.6502841e-01   2.6393351e-01   1.1255593e-02  -2.1341051e-01  -1.1047411e-01   8.7915002e-02   1.3876757e-01  -7.5110700e-02  -1.4821942e-01  -3.1661532e-01  -1.4753067e-01   1.0479634e-01  -3.4730622e-02   2.8988227e-01   4.9427258e-02   2.9263756e-01  -3.9493678e-01   1.4511784e-01   2.6493186e-02   3.3377690e-01   3.1576459e-01   1.8065209e-01  -6.3060163e-02  -3.8511917e-01   1.7041928e-01   2.8786343e-01   2.4690472e-01  -3.6767084e-02   1.3801098e-01   1.5997837e-01   1.7771696e-01   1.8749616e-01   4.4551264e-01  -1.6962316e-01   3.4898396e-02  -9.5131684e-02  -3.8214180e-01   1.8939488e-01   2.4011485e-01   5.4164801e-02   1.4782298e-01  -4.6754771e-01  -1.6894753e-01  -2.6741846e-01   1.8588264e-01   2.2061610e-01  -5.0390090e-02  -7.7095078e-02  -3.6069850e-01  -2.1894874e-01  -7.4334602e-02   2.5701308e-01   8.7937222e-02   2.2245548e-01   5.6978878e-02   9.8815430e-02  -7.0880949e-03  -3.3825059e-01   3.2609375e-02   1.3297569e-03   1.5077881e-01  -8.0380556e-03  -1.4810350e-01   3.2015880e-01   1.4515487e-01  -9.7660627e-02  -4.7803676e-02   1.3037476e-01   1.2775663e-01  -2.2211585e-02   3.3374184e-02  -3.6189034e-01   1.2592880e-01   1.8327781e-02   6.0720759e-02
  -1.7997007e-01   1.5991283e-01   2.5497594e-01  -1.9310094e-01   1.7176685e-01  -5.3630315e-02   4.7158825e-01  -3.1946447e-01   2.3012987e-01   0.0000000e+00  -9.8858850e-02   1.8940768e-01   1.1004435e-01  -2.2937893e-01  -1.4023055e-01   5.5284594e-02   2.3574492e-01  -1.6848545e-01  -3.3351966e-02   3.6475771e-01   7.3318036e-02   1.2804978e-02   3.8676511e-01  -2.2886728e-01   1.3041568e-02   1.0493961e-01   2.1490573e-01   2.1050725e-01  -1.0229051e-01   6.7823256e-02  -9.8254488e-02  -1.0735830e-01   3.4537882e-02   6.0113716e-01   2.8052747e-01   2.9948466e-01   2.7485570e-01  -1.3671975e-01   4.5661508e-03   3.7559637e-01  -5.4099077e-02   3.2285782e-01   3.6485183e-01  -6.3187935e-02   1.6056739e-01  -1.7991828e-01  -1.2092438e-01   3.8500917e-01  -1.1451024e-01   2.7853546e-01  -4.8602457e-02  -7.3262041e-02   1.2225637e-01   1.4920897e-02  -4.7445111e-02  -7.1549169e-02  -2.0176507e-01  -1.5440389e-01  -1.5878861e-01   3.0755041e-01  -1.1985617e-02   2.0087146e-01   1.0382758e-01  -1.4649146e-01  -1.7963002e-01   5.5983696e-01   8.4338456e-02  -1.0770827e-01  -2.5218250e-01  -2.7682943e-01   2.4309974e-01  -3.4060250e-04   9.2960963e-03  -9.1237658e-02   1.1873313e-01  -2.9197088e-02  -1.4093244e-01  -6.5840280e-02   4.9508487e-03  -2.9145632e-02   2.2767477e-01   1.0249461e-01   1.8497363e-01  -2.4551277e-01  -7.3136678e-03  -2.1679494e-01   1.4679340e-01  -1.9911545e-01  -5.0977479e-02  -2.0153230e-01  -3.0804628e-03  -1.1247010e-01   5.3730450e-01   3.2272773e-01  -1.3078914e-01   1.3204338e-01   1.3177877e-01  -2.8457694e-03   7.1955719e-02   2.0647394e-01   7.6385593e-02  -1.0129239e-01  -1.3405044e-01  -2.6805835e-02  -1.1826371e-01  -1.1129986e-01  -1.9350970e-01  -1.3780969e-01   2.4454239e-01   6.5310864e-02   3.8786836e-01  -3.0171073e-01  -1.1624958e-01  -2.2143278e-01   1.8755976e-01   9.3756054e-03   5.6399191e-02   1.7246300e-01   1.1515946e-02  -7.4078828e-02  -2.0541304e-01   2.1080077e-01   1.7525623e-01  -9.3421491e-03  -2.2040453e-01  -2.1225501e-01   1.5878928e-01  -3.8375027e-02  -1.3387575e-01   1.5167905e-01   9.1544188e-02   1.7377247e-01  -1.6487204e-01   1.3744378e-01   9.8344754e-02  -2.1164220e-01   7.0268378e-02   1.5092276e-01  -1.8705231e-01  -1.4541576e-01  -1.1968344e-01  -1.9573413e-02  -1.4339230e-01  -8.1846694e-03   7.5619707e-02  -1.4353301e-01   3.4785508e-01  -9.7304983e-02   1.1851173e-01   1.3281096e-02  -2.3248463e-01  -7.1122025e-02  -2.3656490e-01   4.3480697e-02   2.5213355e-01  -7.8521244e-02  -1.8895394e-01   8.2338223e-02  -8.5592255e-02   2.1543960e-03   1.3806283e-01  -1.8128527e-01   4.3038740e-01  -2.0769451e-01  -1.9468356e-01   1.7317552e-01   1.3757914e-01   9.9300823e-02  -2.6361440e-01   1.5167253e-01   3.8981135e-01  -1.5784324e-01  -4.6097397e-02   1.7550009e-02  -2.0503909e-01  -1.6701710e-01  -1.2249537e-01
   4.4945776e-02  -3.0478159e-01  -7.8988465e-02   3.9352062e-01  -1.3592493e-01   1.2809208e-01  -1.7714965e-02   3.6939182e-01   3.5120643e-02  -9.8858850e-02   0.0000000e+00  -7.3218112e-02   7.1167694e-02  -6.5183744e-02   4.9663772e-02   1.0745334e-01  -2.4858015e-01   3.8035240e-01   3.5807734e-02  -3.2894599e-01   1.1321878e-01   2.3378014e-01   1.7518397e-01   2.5885390e-02  -7.9577955e-03   1.0934911e-01  -3.5925634e-01  -1.6829195e-01  -4.4104102e-02  -2.9490120e-02   1.3461871e-01   2.9114043e-01  -4.6793154e-02   4.2373433e-02  -1.1304054e-01   7.1316181e-02   1.4848907e-01  -1.0371541e-01   3.3601609e-01  -2.9710699e-01   3.5661553e-01  -2.4796704e-01  -3.7335138e-01   6.7411071e-03   4.0083314e-01   1.6558881e-01   5.7525114e-01  -1.2592896e-01   7.5512035e-02  -2.2958280e-01   3.9295748e-01   3.7383126e-01   1.0433326e-01  -3.8826359e-01  -7.1582941e-02   1.8244266e-01  -6.5939028e-02   1.1829179e-01   2.3485007e-01  -1.5718957e-01   2.3165187e-01   2.3235701e-01  -1.9433737e-01   5.7022112e-01   2.9021524e-01   2.0103016e-01   9.9686702e-02  -1.7671960e-01   5.3471966e-01   6.6775435e-02  -2.9606539e-01   4.0236342e-03   2.6791179e-01  -7.0361345e-02  -3.3219510e-01   2.4085079e-01   2.3507594e-01  -6.0110690e-02  -6.3302794e-02  -7.2175170e-02  -8.2774310e-02   1.7636351e-01   4.2643511e-02  -8.6483872e-03  -1.8481088e-01   3.9011612e-01  -6.7231897e-02  -2.6706533e-01  -9.2096039e-02   1.0156688e-02  -2.7894078e-01   7.3488040e-02  -1.8142418e-01   2.1240795e-02   1.9033688e-01  -6.0338558e-02  -1.0991993e-01  -1.2333048e-01   2.5196536e-01   2.5891560e-02  -2.0724337e-01   4.8851649e-01   1.7646963e-01  -6.5478814e-02   3.9768939e-01   1.1725194e-01  -2.2061819e-01   3.4870149e-01  -1.2237214e-01   3.2937941e-01  -1.1223689e-01   1.4994292e-01   1.7732157e-01  -3.4218060e-02  -2.0917862e-01  -3.0335488e-01  -6.2258464e-03   2.1446177e-01  -1.2543074e-01   2.2995116e-02   2.3088632e-01  -1.3027686e-01  -3.7045777e-01   1.6778848e-01   2.6962754e-01  -1.6539893e-02   2.2830847e-01  -2.1383102e-01   1.1645098e-01  -1.1749487e-02   1.5862158e-01   2.9725362e-01  -1.2225009e-01   1.0611056e-01  -1.1225756e-01   4.3161366e-01  -2.8601235e-01  -1.0566368e-01   3.6422343e-01  -1.5329228e-01   1.3833894e-01  -2.8014451e-01   3.9074076e-01   1.1915754e-02   7.5807963e-02   1.7305892e-01  -3.2202452e-01   2.5938559e-01   3.6991809e-01   1.5556721e-01  -1.7839879e-01  -3.2309538e-02   7.7926467e-02   3.4532796e-01  -1.8262008e-01  -5.9114178e-02   1.1038613e-01   2.0772609e-01   2.4701207e-01   1.9323260e-01  -1.6066812e-01   5.1667645e-01   6.6773401e-02   3.3750063e-01   2.0899262e-01  -1.3650103e-01   2.2559593e-01  -1.2823365e-01   1.4751236e-01  -2.3619851e-01  -3.0338370e-01  -1.2198952e-01   2.6696870e-01   4.6372785e-02  -1.1072304e-01   2.1187649e-01   1.8698078e-01
   1.3240132e-01   3.3792382e-01   2.2240992e-01  -1.2597705e-01   2.2409762e-01   1.1126213e-02   4.4007320e-01  -1.4100511e-01   1.7628928e-01   1.8940768e-01  -7.3218112e-02   0.0000000e+00  -8.6410778e-02  -8.2709511e-02   1.0137413e-01   1.9404652e-02   1.8948759e-01  -1.3001997e-01  -3.2814554e-02   2.4287158e-01  -2.0451496e-01  -1.9938989e-01  -7.3182260e-02   1.0564391e-01  -1.7924258e-01  -8.1274603e-02   3.4963190e-01   1.9765235e-02   8.3274556e-02   1.9095455e-01  -4.4740357e-02  -2.2119520e-01  -3.8360863e-02   1.4968747e-01   7.2093511e-02   1.4571044e-01  -5.1190368e-02  -8.3868618e-03  -1.4683436e-01   2.5604457e-01  -3.0480212e-01   2.8142461e-02   4.0628489e-01  -9.0878038e-02  -4.1656985e-02   8.8131572e-02   3.5048567e-02   6.5226444e-02  -1.5684482e-01   2.1065500e-01  -6.3135136e-02  -3.3845063e-01   3.5697367e-02  -5.8807499e-03  -4.8478755e-02  -9.2619276e-02  -3.8462262e-03  -2.3795277e-01  -2.4880176e-01   2.6301417e-01  -1.4591241e-01   1.1191475e-01   5.8604634e-02  -8.9729597e-02  -1.1317967e-01   3.0073719e-01  -9.3863544e-02  -4.0329353e-02  -2.1505787e-01   8.3985017e-02   1.7250559e-01  -6.7995159e-02  -1.1214057e-01   2.6624235e-01  -5.2525546e-02  -2.8438192e-01  -1.0912555e-01  -1.1055326e-01   1.6262700e-01  -4.1736504e-01   4.8400931e-02  -1.1043136e-01  -1.5341700e-01  -1.3001791e-01   8.5485103e-02  -3.5495015e-01  -1.0550964e-01  -1.6481339e-02  -1.9248184e-02   1.9403713e-01   1.1541450e-01  -1.4541567e-01   4.2253229e-01   5.9155915e-01  -3.1061957e-03   1.0656677e-01  -1.9091777e-01  -5.4464022e-02  -1.6696533e-01  -1.0457571e-02  -1.5441553e-01   1.0615653e-01  -2.1629170e-01   8.9633358e-02  -7.0906926e-03  -3.0306818e-01   2.6634803e-02  -2.3289824e-01   5.0233251e-03   2.5585585e-01   3.7830662e-02  -7.2751231e-02  -1.0415354e-01   9.3593239e-02   1.0220715e-01  -1.8146854e-02  -8.8556632e-02   8.7502618e-02  -1.0836293e-01   9.3021957e-02  -3.3369952e-02   3.7841513e-01   2.5903719e-01  -8.6577079e-03   1.7406367e-02  -1.1484930e-01   2.9182062e-01  -1.4923710e-01  -2.1418063e-01   1.4754694e-01  -1.2863066e-02   1.1934611e-01   2.0071669e-01  -9.9694470e-02   2.6881583e-01  -2.8837846e-01  -1.5317244e-01  -1.5808939e-01  -4.4327972e-01  -6.3297570e-02   2.0185111e-01  -2.3948912e-01  -2.8286743e-02  -7.2002686e-02   1.9023943e-02  -3.0705908e-01   4.5433799e-01   9.5112561e-02   3.4679387e-01  -2.4660112e-01   1.9571107e-01  -1.8205513e-01  -6.5096760e-02   5.2816156e-02   1.6412038e-01   1.5690360e-01  -1.7400815e-01  -4.5093991e-02  -1.6117380e-01  -2.1019045e-01  -1.4193356e-01  -3.1264144e-01  -2.4244018e-02  -6.8223987e-02  -2.4222372e-01   5.1562290e-01   2.5726966e-01  -1.1286773e-01   1.4751852e-01   1.0244847e-01   3.5927549e-01   7.3731783e-02   2.8174874e-03  -4.6098243e-02   2.9485025e-02  -9.1975023e-02  -1.0683802e-01
   1.0202954e-01  -1.4453122e-01   8.5566884e-02  -1.3857942e-01   6.7844879e-02   1.3510882e-01  -4.3089996e-02  -1.2205654e-01   6.5091754e-02   1.1004435e-01   7.1167694e-02  -8.6410778e-02   0.0000000e+00  -3.0464973e-01  -7.1087644e-02   1.0423511e-01  -4.1119332e-02   1.3147284e-01  -2.8877035e-02   2.0007918e-01   7.2439273e-03   3.7580536e-02  -5.3738476e-02   6.3952439e-02   6.3800755e-02  -1.0370215e-01  -1.0582446e-01  -4.9132896e-02  -1.7359475e-02  -3.2525168e-02  -3.3224069e-01  -1.4019555e-01   7.8655566e-02  -1.6233099e-02  -1.1555177e-01   5.1932601e-03   8.6462199e-02  -7.3933474e-02   6.9141129e-02   6.8816302e-03   4.4644960e-01   2.4828682e-01  -4.0420483e-02  -1.8761394e-01   6.8962200e-02   2.6211986e-02   7.7070603e-02  -5.9347963e-02  -1.4893259e-01   7.0717662e-02   3.0595920e-01   5.2627166e-03  -9.5080502e-02   6.2163476e-02  -6.3964221e-02  -6.9277320e-02   8.1765453e-02  -1.1483918e-02  -4.1431384e-02   4.8733068e-02  -1.9549512e-01   9.3538141e-02  -6.6828584e-02   4.0963660e-03  -1.3147516e-01   6.7618516e-02  -9.3987424e-02  -2.9501814e-02   1.3603425e-01   4.7353657e-02  -1.8699738e-01   2.6140198e-01   2.2969768e-01   2.7280504e-02  -1.0273156e-01  -1.1290674e-01  -1.1479889e-01   1.7438509e-02  -3.0556413e-02   2.8911255e-01  -1.6889774e-01   3.5416230e-01  -1.5746116e-01  -4.5673976e-02  -1.5434622e-01   3.5311956e-02  -1.5728969e-01   3.6414539e-02  -3.1742530e-02   1.2498798e-01   3.9688935e-02  -1.9332704e-01   4.7999952e-02   7.3490353e-02  -6.1021746e-02   1.8672861e-01   3.9798234e-02  -1.4143762e-01   3.6143166e-01   7.9054159e-02  -2.5194977e-01   1.7040504e-01  -1.1455132e-01  -2.3997475e-01   9.7945692e-02  -1.2305694e-01  -2.2437201e-02  -5.1418764e-02  -4.0746928e-02   1.0721347e-01  -7.0011105e-02  -7.0438124e-02   2.6628567e-01   4.6199482e-02  -1.6065345e-01  -5.9329897e-02  -2.1767470e-02   4.4669095e-01  -5.4425964e-02  -9.5740650e-02   4.7296374e-02   1.1828032e-01  -6.8011981e-02  -4.5510914e-02  -2.9340472e-02  -1.1021327e-01   3.1812252e-02  -8.5148018e-02   2.7043596e-02   7.5309086e-02   2.8295586e-01  -7.6091955e-02  -4.0428526e-02  -1.1562425e-01   1.2919432e-01   7.0180752e-02   1.9131605e-01  -2.5000241e-01   2.6342531e-02   1.3204878e-01   1.3005602e-01   3.0794656e-01   1.5347268e-01   2.9808008e-03  -1.4752308e-01  -1.4812590e-01  -9.1228615e-02   5.3197593e-02   1.8185312e-01  -4.8742713e-02  -4.1844492e-02  -1.8363856e-01   2.4690049e-02   1.4997180e-02  -3.4929404e-02   1.0426449e-01  -8.0636438e-02   2.3839689e-01  -1.8321427e-01   2.3806384e-02   8.3446236e-02  -1.3759818e-01  -1.3644941e-02  -6.6149918e-02  -5.2414132e-02  -1.3472637e-02   4.4263546e-03  -1.2361133e-01   1.5512782e-02  -1.8798192e-01  -4.1903371e-02  -1.5972088e-01   1.3733458e-01   3.3616259e-02   1.1823950e-01  -8.8151540e-02  -1.7610156e-01
   1.0137043e-01  -1.3340067e-01  -2.0586069e-01  -3.7626149e-02  -3.3260321e-01  -2.0444394e-01  -8.1776584e-02   1.3025498e-01   1.0857729e-02  -2.2937893e-01  -6.5183744e-02  -8.2709511e-02  -3.0464973e-01   0.0000000e+00   2.4264798e-01   7.2902781e-02  -1.2049659e-01  -5.7755753e-02  -3.3321210e-02  -2.9545890e-01   1.0162891e-01   2.0056473e-01   1.1606071e-01   2.0138389e-01   2.3522335e-01   3.1591417e-01  -1.9381402e-01   1.4003818e-01  -9.1840810e-02  -1.9649419e-01   4.0717642e-01   1.7140556e-01   5.0349312e-02  -1.7221530e-01   1.3766132e-01  -3.3135311e-01  -1.7127577e-01  -3.1637886e-02  -1.8189312e-01  -2.7673282e-01   2.2283251e-02   7.5910383e-02  -1.4933254e-01   4.2872195e-01  -5.5324359e-02  -9.9659989e-02  -1.6697334e-01  -5.7166796e-02   1.9114922e-01  -8.1904954e-02  -1.2020592e-01   8.9727065e-02   4.1761446e-02   2.5021748e-01   3.7631846e-01   3.0732852e-01   6.2620257e-02   1.4271446e-01   4.1509044e-02   1.2544509e-02  -1.3632928e-01  -5.7275083e-02  -1.1353218e-01  -7.6627200e-03   1.4735710e-01  -3.3312648e-01   1.8060444e-02   1.0639650e-01  -1.1022040e-01   2.3185839e-01  -7.4967476e-02  -2.6006129e-01  -1.9268099e-01   2.2688948e-01   1.7212982e-01  -9.4321657e-02  -7.5936689e-02   1.7040510e-01  -2.4593764e-01  -2.3043084e-02   3.3134502e-01  -2.6925110e-01   1.8822211e-01   1.7521885e-01   4.1515655e-01  -5.2713999e-02   4.3652107e-01   3.7301420e-01  -8.5638445e-02   4.9186858e-02  -1.5617042e-01   6.4987085e-02  -2.3501378e-01  -2.4021903e-01   3.9396458e-02  -4.1268132e-01  -4.0878041e-02   1.3666587e-01  -1.8485372e-01   5.5119722e-02   5.9497653e-01  -1.3312305e-01   2.9536078e-01   3.1385324e-01  -2.9915528e-02   9.0076234e-02   2.2689292e-01   6.7533433e-02   4.9932291e-02  -2.8880645e-01   6.4021375e-02   1.3151443e-01  -2.9535488e-02   1.1504807e-01   2.3431965e-01  -1.7749698e-01   2.7907445e-01  -9.9562050e-02   5.5116778e-02  -6.0071956e-02  -2.0606507e-02  -3.7240247e-01  -6.3714234e-02   2.3198751e-02  -6.6033418e-02   4.1041523e-01   1.9282561e-02   3.3205765e-01  -2.6714577e-02  -6.4203839e-02  -1.6288843e-01  -1.8881894e-01   2.4826180e-01   1.2724408e-01  -4.0633196e-02  -3.9268352e-02   8.6686900e-02   4.6378686e-01   4.0978952e-02  -6.6468890e-02   1.5502162e-01  -7.1513801e-02  -1.4329579e-01  -2.4304568e-02   2.5535379e-01   1.8558019e-01  -2.9162163e-01  -2.7571511e-01  -3.2930910e-01   1.6846512e-01   3.2548278e-01   5.5391719e-01   2.4236181e-01  -1.3980162e-01  -2.7393420e-01   9.6622293e-03   9.4609213e-02  -6.8115604e-02   7.6221683e-03   8.4619002e-02  -9.9321925e-02   8.7569003e-02  -2.4235918e-01  -2.0399209e-02   2.7071880e-02  -2.1778169e-01  -3.0136206e-01   3.8939033e-02   1.7668238e-01  -6.5939728e-02  -2.9248236e-01   6.1259905e-02  -1.8642169e-01  -1.5518333e-01   9.7635755e-02   1.2065686e-01   6.2295236e-02
