   0.0000000e+00   2.0966484e-02   4.4647990e-02  -9.8455259e-02  -3.8245090e-02  -1.0882330e-01  -3.0186463e-01   2.6487465e-01   2.6093314e-01  -3.1741793e-01   5.8575528e-02  -2.0608467e-01   9.3543442e-02   5.7390755e-01   2.1092547e-01  -6.2864153e-02   1.2321185e-01  -1.0165421e-01   3.4471182e-02  -2.7052952e-01  -5.9473262e-02   7.6274458e-02  -2.8483195e-01   4.3766361e-01   5.2300004e-02   1.7967463e-01  -4.1914151e-02   6.0265944e-01   1.1896903e-01   2.4509607e-03   2.0002400e-01   7.5916877e-02   1.4532523e-01  -3.6271813e-01   1.7382645e-02  -3.9312081e-01  -1.7090820e-02   1.9881493e-02   4.4328626e-03  -2.0319502e-02   2.1611379e-01   4.5349126e-02  -6.4943211e-02   1.2186730e-01  -2.0160130e-01   2.1843690e-01  -5.6589735e-02  -1.6471305e-01   3.0433297e-02  -1.9448750e-01  -1.3042027e-01   2.9067255e-01   7.6400088e-04   2.9816694e-01   3.9839259e-01   2.3265416e-01   1.4788951e-01   1.5675140e-01   1.2454045e-01   9.7014141e-02   3.5740337e-01  -7.5103390e-02   2.8080269e-01   2.8859134e-01   9.6979402e-02  -3.8759805e-01  -1.3975711e-01  -1.8320081e-01  -1.4681200e-02  -1.2831724e-01  -6.2081745e-02  -8.8830353e-02   1.1138877e-01   4.5476912e-01   2.8033252e-01   1.6058177e-01   1.4623650e-01   4.5519424e-03  -2.1379071e-01   2.9364497e-01   2.9263947e-01  -2.3211472e-01   3.8465709e-02   1.7657724e-01   5.6368086e-01   1.7149589e-01   1.5164595e-01   4.7543150e-01  -3.9188464e-02   5.7136530e-01   1.3269700e-02   1.3099297e-01  -3.2450630e-01   2.1192561e-01   3.2030095e-01   5.6729726e-02  -2.7166369e-01   2.5524685e-01  -1.3624422e-01  -1.9973145e-01   5.9926126e-01   2.4174358e-01   3.1130766e-01   6.6859802e-02  -2.4970123e-01   2.2210959e-01   2.4407163e-01  -4.2959676e-02   1.8266076e-02  -1.5540918e-01  -3.3926156e-01   9.8392407e-02  -2.1384277e-01   7.2231877e-01   5.8300168e-01  -1.0218336e-01   1.3628477e-01  -3.4578554e-02   4.0967256e-01   2.4886350e-03   2.7471500e-01  -8.3317159e-02  -1.9943292e-02   3.1341480e-01   3.4472673e-01   4.9575254e-01   3.0546565e-02   1.0794703e-01  -4.1125837e-02  -1.5431039e-01  -7.4152084e-02  -1.4755502e-01   2.2335611e-01   5.1464459e-02   2.1547268e-01   3.1836875e-01   2.1608043e-01   4.5745781e-01   2.2688932e-01   5.9527025e-01   6.0251920e-01   5.4529249e-02   8.2693016e-02  -2.2695515e-01   1.2280568e-01   2.4294079e-01  -1.5388774e-01  -2.0114862e-01  -2.7558903e-01  -1.6173612e-01   6.6850350e-01   3.3382447e-01   2.1495292e-01   7.5177432e-02  -1.9502809e-02   2.5613985e-01   2.9350196e-01  -7.8071247e-02   2.6644144e-01   3.4202214e-01  -2.0886222e-02  -4.1162711e-03  -1.0114903e-01  -1.8497896e-01   7.4129436e-02  -3.6154251e-01  -2.0463353e-01   2.9520960e-01   2.7364478e-01  -1.0758374e-01  -2.0383926e-01   6.0847671e-04  -2.3963782e-01   2.3079493e-02  -6.2833360e-02   9.4550230e-02   2.0359066e-01
   2.0966484e-02   0.0000000e+00   5.0527753e-01  -3.2850761e-01   6.2615310e-01  -3.2156735e-02  -2.0136708e-01  -1.4535165e-01   1.8636484e-01  -3.4787312e-01  -5.5746934e-01   5.3652590e-01  -1.5085372e-01  -4.9893606e-02  -5.7890380e-01  -1.7469406e-01   5.9980537e-01  -5.3461964e-01  -1.1989935e-02   1.7443444e-01  -3.7327652e-01  -5.5130150e-01  -3.7402699e-01  -3.9155574e-02  -1.7942175e-02  -1.7471297e-01   3.2679435e-01   3.4905498e-03   1.9029228e-01  -2.8012448e-01  -2.1982582e-01  -2.9900384e-01   4.1490714e-01  -2.0163761e-01   1.4398782e-01  -9.0009458e-02  -1.4271721e-01  -2.0714332e-01  -1.5906008e-02   3.5928880e-01   1.0638688e-01   4.0572395e-02   3.8729642e-01  -4.3659513e-01  -2.7292631e-01  -1.1051655e-02  -5.2469459e-01  -1.1459828e-01   5.5035128e-01   4.2745016e-01  -5.8635567e-01   6.0844560e-02   7.1529476e-01   1.9059401e-01   1.4393896e-01  -2.7107427e-01  -3.2376385e-01  -1.4827022e-01  -2.8905679e-01   1.8731128e-01   1.2058335e-01   1.5599820e-01   3.2225487e-01   1.8075382e-01   5.2833834e-02  -3.2567534e-01   2.4800938e-01  -1.2130788e-01  -5.2197330e-01  -1.7361427e-02   6.5672441e-01  -3.4372305e-01   1.2669759e-01   6.0917476e-02   3.3916187e-01  -3.2308454e-02  -3.3851290e-01  -1.6164998e-02   5.9723795e-01   1.6901011e-01  -3.1155266e-01  -2.2981345e-01  -2.2151744e-01  -2.3338317e-01   4.1487354e-01  -3.5118629e-01   2.9401250e-01   3.4702003e-02   1.4422002e-01   1.7717480e-01   6.1212377e-01  -5.0441865e-02   2.2400774e-01   2.1548980e-01  -2.1508722e-01   5.1836444e-01   1.6732939e-02  -4.8784024e-02   2.2916803e-01  -6.4800642e-01   1.2135187e-01  -4.1342052e-01  -2.6430996e-01  -1.5112922e-01  -6.3046766e-01  -2.3892818e-01   1.6807345e-01  -3.6299443e-01   6.4686647e-02   1.3089070e-01  -6.8079159e-02  -5.8970200e-01  -2.1241196e-01  -4.3115893e-02   1.7613397e-01   7.3092545e-01  -3.9520440e-01  -3.2033361e-02  -1.6472752e-01  -3.0487123e-01  -4.7373327e-01   5.3777899e-01   5.2770092e-01   2.2960565e-01  -3.0743302e-01   1.6667069e-01  -3.8575969e-01   1.7357822e-01  -5.6848008e-01   3.7580252e-01  -3.4771769e-02   6.4513254e-02   7.6549442e-01   3.2659712e-02   2.8483406e-01   1.3007815e-01   3.1169237e-01   4.3590480e-02   7.9434142e-02   1.0388418e-01   5.9639748e-02   1.9069145e-01  -3.9499755e-01   1.2669860e-01  -3.6297905e-01  -4.4082684e-01   3.1472367e-01   2.4752443e-01  -4.7726578e-01  -1.7179290e-01   4.3653586e-02  -1.6618596e-01  -2.7573611e-01   3.3647203e-01   7.5214308e-01   1.4471461e-01  -1.4683266e-01  -3.9441191e-01   2.4548599e-01  -2.0864966e-01   1.5179893e-01  -3.6538807e-01   4.2800976e-01  -6.8463689e-01  -8.1436413e-02   3.1684573e-01  -3.3224698e-03  -3.9425019e-01  -2.0433208e-02   2.5145142e-01   4.8386151e-01  -1.7952065e-01  -5.5714033e-01   3.6637859e-01   4.3630671e-02   3.8696374e-02  -2.4482414e-01
   4.4647990e-02   5.0527753e-01   0.0000000e+00  -2.7405021e-01   6.2109258e-01   4.5781715e-01  -1.6783478e-01  -9.6263128e-03   1.0759350e-01  -7.5153969e-02  -4.3585327e-01   5.2577089e-01   1.1594489e-01  -7.8820414e-02  -4.6688471e-01   1.7882138e-01   8.9081163e-01  -2.8515796e-01   1.0014567e-01   5.3666525e-01  -6.7683435e-01  -1.3321963e-01  -2.5449398e-01  -2.4035532e-01  -5.5290804e-02  -3.0430556e-02   6.2848344e-01  -6.4479852e-02   1.9373718e-01  -4.2086129e-01  -5.7010271e-01  -1.7594484e-01   4.6395919e-01  -1.7383721e-01   1.1551701e-01   6.0832149e-02   1.0730065e-02  -2.3887841e-01   1.8827096e-01   7.8885212e-01   2.8656649e-02   2.0635262e-01   2.2809278e-01  -4.2444202e-01  -2.1546766e-01   2.8593369e-01  -2.4499774e-01  -5.0165382e-01   2.3101880e-01   7.5616789e-01  -2.8123177e-01   2.5101205e-01   5.8272093e-02   3.6135579e-01   2.6927502e-02  -3.0722457e-01  -1.1596702e-01  -1.3997278e-01  -2.3150982e-01   3.1382562e-01   3.9014617e-01   3.7402824e-01   2.3080151e-01  -1.6305080e-01  -4.3725891e-01  -8.2556377e-02   4.5076425e-01   2.8633517e-02  -2.2183649e-01   4.8707369e-01   8.5659773e-02  -5.9642293e-02  -2.2463782e-01   2.5888444e-01   3.2389078e-01  -2.2573927e-03  -5.3582899e-03  -7.1949048e-02   4.3162111e-01   2.3627672e-01  -2.2793152e-01   5.0576443e-02  -5.5030419e-01  -3.8707079e-02   1.8364883e-01  -1.5588730e-01   1.9501325e-02  -1.5262914e-01  -3.5030357e-02   4.6471915e-02   4.1036716e-01   4.2672376e-01   3.7044703e-01   2.5385859e-01  -1.6525605e-01   6.7645694e-01   1.5985900e-01   1.1219396e-01   1.6737183e-01  -2.2853836e-01  -6.4730340e-02  -3.3989359e-01  -2.6090769e-01   3.0670328e-02  -3.8294008e-01   1.2878285e-02   3.5035502e-01   1.5761401e-02   1.5985108e-01  -3.4065586e-02  -5.4338803e-02  -2.6753787e-01  -9.4184269e-02  -7.0839681e-02   2.1526932e-02   4.8540800e-01  -1.7386435e-01  -6.2940822e-02  -1.6915885e-01  -9.1191647e-02  -2.9656880e-01   5.2330104e-01   3.5275632e-01  -3.5496862e-01  -1.5028160e-01   1.1526184e-01  -2.1556312e-01   2.4793128e-01  -1.9472601e-01   6.8253664e-01   2.1432847e-02  -2.8884971e-01   4.1309744e-01  -4.4846263e-01   2.2476002e-01   2.0237427e-01   3.6291011e-01  -1.0860926e-01   9.2726191e-02   1.0742067e-02   2.1832400e-02   2.8312389e-01  -2.7890856e-01   3.4769298e-01  -1.7494347e-01  -4.8365647e-01   2.4124317e-01   9.7277743e-02  -9.2543628e-02  -4.1648572e-01  -5.8896340e-03  -1.3515753e-01  -1.5729878e-03  -5.6104660e-02   8.6483729e-01  -6.2863423e-02  -4.9632379e-02  -9.8057207e-02   4.7081910e-01  -1.5459631e-01   1.3382832e-01  -1.1917495e-01  -4.8733508e-02  -3.5394812e-01   1.0951751e-01   3.4982817e-01  -1.7429404e-01  -2.1627794e-01   9.5099943e-03  -2.6564463e-01   5.6148921e-01  -8.5467237e-02  -4.6433523e-01   3.9498418e-01   1.7206212e-01   3.2909703e-01   5.1490892e-02
  -9.8455259e-02  -3.2850761e-01  -2.7405021e-01   0.0000000e+00  -3.6611914e-01   1.0173178e-01   9.2855020e-02   1.9409651e-01   3.8598498e-01   4.6606891e-02   3.3866126e-01  -2.9095957e-01  -1.4068510e-02   1.5847841e-01   4.8640554e-02   3.2084148e-01  -2.8555770e-01   2.2540628e-01   3.2097890e-01  -3.2920201e-01   3.4390697e-01   4.5128701e-01   1.2882957e-01  -7.8081630e-02   9.8510262e-02   2.1654120e-01  -1.9710043e-01  -8.3975270e-02  -1.9831202e-01   3.8541227e-01   9.5422653e-02   6.4754028e-01   2.1389388e-02  -1.1925632e-01   2.6334053e-01  -8.5217789e-03   1.0023120e-01  -1.6086517e-01   2.3425710e-01  -2.4004001e-01   4.7288814e-02   2.8078596e-01   1.2155793e-01   2.2087270e-01  -5.1127328e-03   1.3600121e-01   4.6106206e-01   8.2008843e-02  -1.4645762e-01  -4.5702420e-01   3.4373577e-01   1.8995886e-01  -1.5399497e-01   4.3655614e-02   3.5716725e-02   1.0114686e-01   3.0270725e-01   4.9299296e-01   4.8024659e-01  -6.2492701e-03   4.1646624e-02  -1.9645962e-01   1.3340948e-01   7.9609993e-02   6.3782037e-02   8.6297514e-02   1.0680020e-01   3.6583637e-02   4.1497543e-01  -1.5796180e-01  -2.8062255e-01   1.7884109e-01   1.2715622e-01  -2.3229639e-02   6.0797493e-02   3.7960819e-01   2.0814789e-01   4.1160276e-04  -2.4199274e-01   2.1212731e-02   3.3869931e-02   1.4115207e-01  -1.1866970e-02   4.0253709e-01  -2.6136571e-01   1.5607874e-01   1.2613471e-02  -7.2354948e-02   3.3138921e-01  -4.6192203e-02  -1.7749893e-01   2.1401080e-01  -3.5315058e-01   4.2433170e-01   2.0679251e-01  -5.2424909e-01  -1.4613609e-01   9.1638327e-02  -2.4480434e-01   2.3626830e-01  -2.0679358e-01   1.4956109e-01   9.9975133e-02   3.2549916e-01   5.2861514e-01   4.9942549e-01   8.2464313e-02   3.9337591e-01  -1.7164854e-01  -1.9265362e-01  -2.1043498e-01   4.3021090e-01   4.3535311e-01   6.2751701e-02  -9.9863115e-02  -2.9792346e-01   2.4340020e-01   2.6490929e-01  -4.2867604e-02   5.9563956e-01   3.8101082e-01  -3.2978111e-01  -1.1098893e-02   1.4233212e-01   2.3173513e-01   1.2884339e-02   1.1315889e-01   1.7578265e-01   5.9999604e-01  -3.6142130e-01  -1.0227628e-01  -2.3835490e-02  -1.6441873e-01   2.1449705e-02   2.6114187e-01   4.9269542e-02   1.9407554e-02  -3.2871498e-02   1.4505064e-01  -6.0075150e-02  -7.2175797e-02  -3.2848891e-01   4.4634101e-01  -3.0277592e-01   6.3941941e-02   4.2908906e-01  -2.8971035e-01  -1.2444827e-01   9.1363192e-02   8.8354605e-02   8.9332685e-03   1.1579706e-01   2.3659125e-01  -9.5748187e-02  -3.4455838e-01   1.6887889e-03   1.7327482e-01   4.0692819e-01   1.3331057e-01   1.0283432e-01   8.9537742e-02   2.5584999e-01  -2.3844635e-01   5.7845907e-01   3.2205569e-01  -2.9881420e-01  -4.2566339e-02   3.0466301e-01   2.5477926e-01  -6.0355311e-02  -2.2247708e-01  -1.6468766e-02   3.7081747e-01  -1.7704031e-01   1.9779611e-01   1.5571380e-01   4.9790965e-01
  -3.8245090e-02   6.2615310e-01   6.2109258e-01  -3.6611914e-01   0.0000000e+00   1.2353397e-01  -2.3236589e-01  -1.0675124e-02  -1.4836387e-02  -7.7793501e-02  -4.4658531e-01   4.5789987e-01   1.1094593e-01  -1.5784666e-01  -4.8718381e-01   8.9595943e-02   5.8036106e-01  -2.9007151e-01  -1.6375939e-01   6.5939861e-01  -5.3037093e-01  -3.5779523e-01  -2.1137395e-01  -1.3899138e-01  -7.6438903e-02  -1.3619445e-01   5.0105881e-01  -8.8873188e-02   2.4603777e-02  -5.6815053e-01  -4.7839516e-01  -2.5573231e-01   4.0653796e-01  -1.2688842e-01  -1.6451733e-02   2.8908382e-01   4.1269903e-02  -2.6996687e-01   1.8726460e-01   5.7907321e-01   2.8267382e-01   5.1273129e-02   2.8456819e-01  -3.3817593e-01   1.7135476e-02  -1.0829667e-01  -3.1754029e-01  -4.6469314e-01   5.2106559e-01   6.3520783e-01  -3.2643002e-01   1.6283125e-01   3.7463745e-01   5.5979470e-02   3.1885016e-02  -1.5049643e-01  -3.1435114e-01  -1.2785939e-01  -2.2593022e-01   4.4686356e-02   3.5665231e-02   4.9188871e-01   2.1588350e-01  -4.5438085e-03  -2.1269382e-01   4.8689567e-03   1.3615363e-01   3.0615106e-02  -3.8673360e-01   8.5912218e-02   2.2741978e-01  -1.9534649e-01   7.3955026e-02  -7.5429907e-02   1.5066060e-01  -1.2028311e-01  -2.5561018e-01  -1.1114854e-01   8.0030545e-01   1.1511581e-01  -2.5814403e-01   6.6218020e-02  -3.9183714e-01  -1.1638654e-01   1.8827793e-01  -2.6737020e-01  -3.0321626e-02  -9.9641380e-02   3.8877467e-02   1.0030134e-01   7.6096910e-01   5.8077117e-03   3.5955115e-01   1.3177814e-01  -3.8545182e-01   8.1293409e-01   1.7785128e-01   3.3253946e-02   3.1884909e-01  -3.4374904e-01  -3.1396227e-02  -3.4964830e-01  -2.9046526e-01  -1.9974051e-01  -4.4395465e-01  -1.7581213e-01   2.0512132e-01  -7.7169929e-02   2.6219588e-01   8.8240933e-02  -3.8431145e-02  -4.6685838e-01  -1.7710326e-01  -1.9957628e-01   8.3897340e-02   7.5992264e-01  -2.0583638e-01   1.1711671e-01  -2.2939451e-01  -3.6102495e-01  -5.1798890e-01   8.5715979e-01   4.9135420e-01  -6.5166996e-02  -4.1677409e-01  -1.7986109e-02  -2.0621374e-01   1.0343893e-01  -4.3610325e-01   4.1733384e-01   3.6680351e-01   3.4114801e-02   3.6990708e-01  -3.1738614e-01   4.6818241e-02   8.3739917e-03   2.9711339e-01  -1.8759194e-01  -1.7870854e-02   5.1902513e-02   3.3764603e-02   3.4959598e-01  -2.8571158e-01   4.5050050e-02  -1.9802586e-01  -5.3677580e-01   1.6200803e-01   4.2599227e-01  -1.9309927e-01  -2.7613006e-01  -8.2881251e-02  -1.3263567e-01  -2.3463146e-01   2.6641722e-01   7.6992209e-01  -4.1766175e-02  -3.3181552e-01  -1.1890751e-01   2.7284246e-01  -1.7940760e-01   2.3173817e-01  -2.7080907e-01   3.6640964e-01  -4.6141631e-01  -3.3298437e-02   5.0202143e-01   1.0593726e-01  -3.1768098e-01  -8.3206690e-02   5.9768231e-03   7.1046841e-01  -1.6898160e-01  -3.5167571e-01   1.2768526e-01   1.4441327e-01   5.2308771e-02  -2.0271191e-01
  -1.0882330e-01  -3.2156735e-02   4.5781715e-01   1.0173178e-01   1.2353397e-01   0.0000000e+00   3.5459694e-01   3.6161831e-02  -2.9032768e-02   3.6189000e-01  -4.9149949e-02   3.7777025e-01   1.4409803e-01  -1.4531424e-01  -1.5536656e-01   2.4973979e-01   3.0686296e-01   1.5563151e-01   2.0406234e-01   2.9566215e-01  -2.8330155e-01   1.7749650e-01   2.5735073e-01  -5.0588407e-01  -1.0196583e-01   5.7301649e-02   4.6878603e-01  -3.9765196e-01  -6.2781260e-03   5.9097444e-02  -4.6605264e-01   1.5102564e-01   2.8843869e-02   2.1437494e-01   2.2029986e-01   1.9764327e-01   1.9250721e-01  -2.4598400e-01  -1.3935075e-02   4.6524924e-01   6.6561371e-03   4.9160638e-02   3.0577003e-01  -1.6825970e-01   4.8661614e-03   3.8253241e-01   1.8811245e-01  -1.2515554e-01  -9.8629178e-02   2.9268403e-01   1.6252248e-01   7.6213312e-02  -3.6659523e-01   9.2380531e-02  -1.0494938e-01  -3.2822527e-01   1.9057250e-01   3.4487208e-02   7.4371661e-02   1.3421247e-01   2.1305829e-01   4.0311483e-01  -5.2855497e-03  -3.5311090e-01  -3.8861255e-01   3.4911822e-01   6.1403426e-01   5.2701879e-02   2.3259451e-01   5.0989145e-01  -2.0587853e-01   1.6945188e-01  -2.3287401e-01   2.2958753e-01   1.0214706e-01   6.5594095e-02   2.3275290e-01   1.1609493e-02   4.4747654e-02  -1.0492696e-01  -2.3439028e-01   1.6609140e-01  -3.2140479e-01   1.3887389e-01  -1.4038234e-01   5.7895632e-02  -5.9386021e-02  -4.2975981e-01   2.0016363e-02  -3.3775085e-01  -1.3584350e-02   4.6262034e-01   4.1945633e-01   1.9657049e-01   5.3571442e-02   1.2366702e-01   2.3108699e-02   3.4892554e-02  -3.7144213e-02   3.2713306e-01  -4.7840118e-01  -6.0765635e-02  -2.6616658e-01   1.5299277e-01   1.3068189e-01   1.9305855e-01   1.6812265e-01   2.9827939e-01   9.6031050e-02   4.0026577e-02   2.0390559e-01  -3.9237433e-03   4.5291732e-02  -1.2745584e-01  -4.1525706e-01   1.2147617e-02  -6.8799455e-02   1.1108274e-01  -2.6642322e-01   2.1629606e-01   2.4776907e-03   6.4199614e-02   1.3615485e-01  -2.9558837e-01   1.9289848e-01  -1.4401034e-01   2.9993100e-01   1.4279144e-02   2.0096507e-01   4.2151644e-01  -1.2212210e-01  -9.0872131e-02  -3.0580137e-02  -3.6590150e-01   1.0765003e-01   6.0049802e-02  -5.1110466e-02  -2.3764321e-01   3.2212004e-02  -2.5063471e-01  -3.2425942e-01   2.0162804e-02   6.6360858e-03   3.8128540e-01   3.5401305e-02  -1.0134295e-01   1.9896871e-01   2.6006234e-02   3.8486758e-01  -2.4748025e-01  -3.4616808e-01  -2.3067371e-01   7.2507668e-03  -2.7497710e-01   3.0526056e-01  -3.7334472e-01   4.9343372e-02   2.3696758e-01   2.4804998e-01  -2.3052123e-01   7.9772873e-03   9.6548515e-02  -2.8021210e-01   2.2016722e-01   1.3966394e-01   2.1629799e-01   9.8339416e-02   1.5196497e-01   5.4161738e-02  -2.5942094e-01   3.2000719e-01  -5.5022578e-02   1.9168685e-02   3.7155971e-01   2.3149370e-01   1.0182817e-01   1.7416537e-01
  -3.0186463e-01  -2.0136708e-01  -1.6783478e-01   9.2855020e-02  -2.3236589e-01   3.5459694e-01   0.0000000e+00  -2.8033862e-01  -2.4362381e-01   5.6946372e-01   5.5784624e-02   3.5252566e-01   1.0794231e-01  -1.2064234e-01   4.0591129e-01   1.7561722e-02  -3.1849145e-01   2.0600722e-01  -1.8252262e-01   5.9449656e-03   1.2230494e-01   2.1604617e-02   7.7140713e-01  -3.2106920e-01  -7.9462308e-02  -2.8401567e-01   7.9399254e-02  -2.6467135e-01  -1.6332966e-01   3.7346152e-01  -1.0698015e-02  -6.7596600e-02  -4.4354709e-01   7.7096255e-01  -5.9528912e-02   3.5396834e-01   1.8255030e-01  -2.5275918e-01  -1.9846719e-01  -4.6446015e-02  -1.3087097e-01  -2.5755631e-01   1.2180627e-01   3.4079336e-04   5.1645096e-01  -2.1549535e-01   1.9591127e-01   5.1245565e-01  -3.9490803e-01  -2.1115366e-01   2.0549167e-01  -4.4401488e-01  -3.5264394e-01  -2.4218472e-01  -1.6169998e-01  -1.7253880e-01   1.3499624e-01  -1.4651668e-01   2.1582448e-02  -7.5866936e-02  -3.7430362e-01   2.2770086e-01  -4.3446318e-01  -5.1967769e-01  -5.5200265e-02   6.1824138e-01   1.2781988e-01  -7.1812142e-02   7.5739255e-02   2.5121343e-01  -5.3456719e-02   1.8878685e-03  -2.0966510e-01   3.9298256e-03  -1.5423447e-01  -2.9430719e-01  -1.7836207e-01   7.3367555e-02  -1.4030166e-01  -4.0789673e-01   6.7350302e-02   2.1026818e-01   2.4898064e-01  -4.3209181e-02  -1.6042048e-01  -1.7982614e-01   1.4672968e-01  -1.7023126e-01   3.3645198e-02  -3.8539670e-01  -4.1170956e-01  -1.9702989e-01   4.7701895e-01  -2.5366383e-01  -2.0145024e-01  -2.7908177e-01  -1.6569784e-01  -2.5015999e-01  -1.5352298e-01   5.3945336e-01  -2.5381501e-01   1.8608590e-01   1.1375466e-02  -1.8179379e-01   1.5316150e-01  -1.7171291e-01  -1.6143173e-01  -1.2153189e-01   1.4036354e-01   3.0838112e-01   6.7811247e-01   1.1458403e-02   2.4007349e-02  -1.3699620e-01  -3.0706330e-01  -2.6194170e-01  -1.5187309e-01   1.8720534e-01   8.4985986e-02   2.5756422e-02  -1.5160247e-01  -2.4313334e-01  -2.7624080e-01  -1.1231415e-01  -4.7532914e-02  -1.4683771e-01   5.5939781e-01  -2.7325744e-01  -3.9476661e-02   7.7094149e-02  -6.4547476e-02   4.4765251e-01  -2.6237582e-01  -1.0845432e-02  -1.5908988e-01  -3.6955385e-01  -3.7510147e-01  -5.8063066e-02  -3.7474559e-01  -2.5425243e-01  -3.6105067e-01  -1.7452926e-01  -8.8936054e-04   4.0595852e-01   3.0438188e-01  -1.3269540e-01   5.1837336e-01   7.7273677e-03   6.0726979e-01   1.8088489e-01  -2.4530578e-01  -7.8575951e-02  -3.0001835e-01  -3.3246372e-01  -1.4863474e-01  -2.9031659e-01  -1.0537742e-01   1.2587851e-01  -4.2503838e-01  -3.5004956e-02  -2.8995205e-01   1.3954404e-02  -8.2436472e-02   2.3873644e-01  -2.7818273e-01   2.8403473e-01   4.0892506e-01   6.5972538e-02  -1.6187242e-01   1.6200570e-01   6.4405058e-02  -2.4960127e-01   3.1399463e-01  -6.5945051e-03  -6.8889613e-04  -2.4401396e-01  -1.7845872e-01
   2.6487465e-01  -1.4535165e-01  -9.6263128e-03   1.9409651e-01  -1.0675124e-02   3.6161831e-02  -2.8033862e-01   0.0000000e+00   3.0169433e-01  -1.7347942e-01   2.3218080e-01  -2.4222801e-01   1.0268697e-01   7.2468587e-02   5.4565285e-03   2.1650205e-01  -5.6490379e-02   5.2057094e-02   3.1268552e-01  -7.7233219e-02  -6.0220896e-02   3.3576615e-01  -2.0517402e-01   1.4952502e-02   3.6846937e-01   5.5766890e-01  -4.5563463e-02   3.4112991e-01   7.2027863e-02   1.7541646e-01  -4.9674288e-02   4.2236298e-01   1.8789847e-01  -3.7296126e-01   1.7704576e-01  -1.7379810e-01  -2.5124752e-02  -1.1628108e-01   9.9941590e-02   2.1885825e-02   1.5402198e-01   1.3956655e-01   1.2588780e-01   2.9269787e-01  -1.6707056e-01   1.2725080e-01   1.4775489e-01  -2.6055792e-01   1.0539244e-01  -2.2153284e-01   2.2874360e-01   5.3208872e-01  -9.9010928e-02   1.4498881e-01   5.1838982e-02   2.1704038e-01   2.2267104e-01   3.9687919e-01   3.7452901e-01   6.5851538e-02   3.1464479e-01   4.1327621e-03   2.3152070e-01   1.9273631e-01  -1.2288579e-02  -9.6459642e-02   6.8484445e-02   1.3754678e-01   2.6798714e-01  -1.9711165e-01  -2.4477522e-01   3.1445621e-02   6.7614418e-02   6.0969475e-02   5.7895969e-02   5.0782117e-01   1.5170806e-01   2.2905410e-02  -9.0523118e-02   1.3347783e-01   3.0864117e-01  -4.9464526e-02  -1.5934852e-01   5.1446625e-01  -8.5842063e-03   2.6102167e-01  -1.0669379e-01  -3.0192031e-02   2.3277901e-01   1.9825411e-01   3.5842697e-02   1.0632214e-01  -3.2904563e-01   3.5844441e-01   1.3710313e-01  -8.9407144e-02  -1.2279990e-01   4.8474932e-01  -4.3387224e-02  -4.7919733e-02   1.4428457e-01   1.4088972e-01   2.4138205e-01   2.9181146e-01   2.2074844e-01   3.6188529e-01   5.0222622e-02   4.9352397e-01  -8.2788294e-02  -2.8582034e-01  -3.2888901e-01   4.0819413e-01   1.8412729e-01   2.2082965e-01   2.0591893e-01  -1.2059053e-01   3.4051799e-01   6.3310516e-03   1.0869724e-01   2.2504682e-01   2.9904322e-01   1.2868412e-02   1.5010041e-01   5.1574859e-02   2.1358416e-01   1.8126731e-01  -8.8554307e-02   1.3165288e-01   2.7592258e-01  -1.9092775e-01  -5.6136691e-02  -1.3793745e-01  -1.0837900e-01  -2.1149617e-01   2.2707246e-01   5.5923947e-01   9.8686729e-02   1.4572493e-01   5.0749013e-01   5.5834912e-02   2.2836395e-01  -4.1103585e-02   1.9094405e-01  -4.6936734e-01  -1.0909560e-01   3.0850699e-01  -3.4652334e-01  -5.8475047e-02  -1.3407425e-01  -1.6929103e-01   2.5960559e-01   4.4231489e-01   3.8700223e-01   5.4143220e-03  -1.2909693e-01   3.5818643e-03   1.7445282e-01   2.3228877e-01   2.4039418e-01   2.7440470e-01   3.1824480e-01   3.7835430e-01  -1.0618975e-01   2.1156514e-01   2.9930717e-01  -3.1801790e-01  -8.2047304e-02   2.7332347e-01   2.1234753e-02  -1.7453230e-01  -1.3041863e-01  -1.1578838e-01   1.3656082e-02  -2.7081387e-01   1.5291969e-01   2.1613121e-01   3.8653132e-01
   2.6093314e-01   1.8636484e-01   1.0759350e-01   3.8598498e-01  -1.4836387e-02  -2.9032768e-02  -2.4362381e-01   3.0169433e-01   0.0000000e+00  -4.5846000e-01  -7.0358469e-02  -3.4237811e-02  -2.8717497e-02   2.7223270e-01  -1.6067696e-01   1.9386725e-01   1.9112205e-01  -1.4989362e-01   3.1057303e-01  -2.1658181e-01   7.4604788e-02   1.6368886e-01  -2.3471612e-01   1.4375612e-02   1.8882481e-01   1.6866088e-01   5.9340086e-02   1.7140026e-01   5.4404802e-02   8.2924491e-02   1.4248449e-01   3.0518956e-01   4.4531301e-01  -3.7968857e-01   3.4207493e-01  -3.1334653e-01   1.5623386e-03  -2.4031900e-01   1.6026412e-01  -1.0481444e-02   7.4651520e-02   4.1307472e-01   2.8727210e-01  -7.3695812e-02  -1.9570624e-01   1.6400882e-01  -7.0978036e-02  -1.5239823e-01   2.8454374e-01  -1.4207220e-01  -1.4235860e-01   3.8361082e-01   2.9301375e-01   4.2465261e-01   1.9567062e-01   5.6660556e-02   1.9095269e-01   4.6938384e-01   2.9880373e-01   3.3793982e-01   2.8454198e-01  -1.1551040e-01   5.5068051e-01   3.4382404e-01   2.2298643e-01  -3.6518932e-01   1.2595631e-01  -1.8398026e-03  -7.8735814e-03  -2.4188285e-01   8.5122748e-02   8.0602871e-03   2.7822297e-01   1.0627573e-01   3.7949504e-01   4.1721630e-01  -3.6168549e-02  -1.0413176e-01   3.7936347e-02   2.9081441e-01   2.0299049e-02  -1.0047254e-01  -2.2557820e-01   3.0898976e-01   1.3402713e-01  -4.8818773e-02   2.1636459e-01   1.2852530e-01   2.1073135e-01   3.2856108e-01   2.0169882e-01   1.8659075e-01  -3.3961896e-01   6.6567751e-01   1.7879548e-01  -1.0516644e-01  -8.3150900e-02   3.7633304e-01   4.5404630e-02  -2.9081887e-01   1.6325099e-01  -8.2999161e-02   2.9338734e-02   2.9727932e-01  -1.0743425e-01   4.2164211e-01   3.3882822e-01   2.0201236e-01   3.5911194e-02  -3.7804104e-01  -4.0059550e-01   1.0464446e-01   1.8130048e-01   3.1927852e-01   2.3047360e-01   1.0833441e-01   6.8227994e-02   9.0972150e-02  -8.2724107e-02   2.3328150e-01   2.6600695e-01  -1.2049711e-02   3.8380255e-01   2.6949929e-01   1.3943858e-01   3.5156416e-01  -8.6236214e-02   3.2653194e-01   2.5803754e-01  -1.8798575e-01  -1.4994386e-01  -1.5762827e-01   2.6189698e-01   1.2397336e-01   5.2745265e-01   3.9534245e-01   3.4474156e-01   1.0481422e-01   2.7100974e-01   2.8913510e-01   2.5252241e-01  -6.6946232e-02   2.3801018e-02  -4.2069143e-01  -3.1759741e-02   2.4195237e-01  -5.0682405e-02  -8.5778594e-02  -3.8540250e-01  -4.9027272e-02   3.5141055e-01   9.5200593e-02   2.6260048e-01   2.0588515e-01   1.0523667e-01   2.3205319e-01   2.9733310e-01   1.0522785e-02   4.9591552e-01   1.5120178e-01   2.6192804e-01  -4.4749602e-02  -1.2906070e-02   2.9842657e-02   3.4916761e-01  -2.2794063e-01  -2.0277213e-01   1.3978354e-01   2.1837366e-01  -2.9901911e-02   2.4721638e-02  -2.5024045e-01   8.1055121e-03  -2.3171268e-02   3.0303359e-02   1.8386820e-01   5.3398129e-01
  -3.1741793e-01  -3.4787312e-01  -7.5153969e-02   4.6606891e-02  -7.7793501e-02   3.6189000e-01   5.6946372e-01  -1.7347942e-01  -4.5846000e-01   0.0000000e+00   2.5434522e-01   6.5645765e-02   1.9920012e-01  -3.3459758e-01   2.8412555e-01   8.6667452e-02  -2.4993872e-01   4.0381614e-01  -1.8459235e-01   2.8338759e-01   1.5913229e-02   1.4629343e-01   6.5420568e-01  -4.0017992e-01  -2.8897252e-01  -9.1690535e-02   7.8792192e-03  -3.6010951e-01  -1.5658057e-01   7.3613226e-02  -2.2251655e-01   7.9426147e-02  -5.1585144e-01   6.2268883e-01  -2.5080164e-01   5.3898068e-01   2.4861002e-01  -4.6745244e-02  -1.0382197e-01   3.3807655e-02   3.9989871e-02  -4.3731725e-01  -1.1391538e-01   2.9506228e-02   4.6088367e-01   8.4476880e-03   4.0624610e-01   1.3576607e-01  -4.2366180e-01  -7.5561355e-03   4.9452536e-01  -3.3923029e-01  -3.8044962e-01  -4.3382105e-01  -3.1334982e-01  -1.0137256e-01   1.9238306e-01  -1.5837353e-01   4.8228639e-02  -2.0480196e-01  -1.8657049e-01   3.8313037e-01  -5.7617817e-01  -3.7838874e-01  -1.9098513e-01   8.4496473e-01   1.0515628e-01  -1.2658990e-01   2.3625146e-01   4.2608038e-01  -3.2283317e-01   1.6180388e-01  -3.2205040e-01  -1.4520459e-01  -2.7630623e-01  -2.0645793e-01   1.4659022e-01   7.7343469e-03  -8.4149583e-02  -4.6522236e-01  -4.6750969e-02   1.8447878e-01   1.1438123e-01   3.2994365e-02  -3.6932136e-01   1.4012032e-01  -2.0591097e-01  -3.8714061e-01  -1.6463270e-01  -5.2504089e-01  -3.5219330e-01   3.2241738e-02   4.8951838e-01  -4.4180504e-01  -3.1936511e-03  -1.5371027e-02  -1.1856830e-02  -3.0267187e-01  -5.8026931e-02   6.9871685e-01  -4.7192547e-01   2.2397025e-01  -1.2390097e-01  -8.2567487e-02   3.6255564e-01  -6.8859825e-02  -3.8365005e-01   8.0947993e-02   1.4175135e-01   3.1033645e-01   5.5870313e-01   1.3214157e-01  -7.0225816e-02  -2.4130150e-01  -4.7323542e-01  -2.8887439e-01  -5.2373268e-02   2.2841012e-01   9.5506586e-03   1.1986420e-02  -1.4829097e-01  -9.2641668e-02  -4.0126987e-01  -2.3861832e-01   3.9995152e-02  -3.7584755e-01   4.7266534e-01  -3.6169689e-01   1.4219859e-01   1.7511826e-01   1.0571889e-01   2.5162455e-01  -4.6364396e-01  -2.4793987e-01  -3.5246567e-01  -2.5361058e-01  -4.1982267e-01  -2.9334650e-01  -1.9929693e-01  -4.2981202e-01  -4.0255532e-01  -4.3252661e-03   1.0080037e-01   4.0630830e-01   2.6399955e-01  -1.4253546e-01   1.2538200e-01   1.9664301e-01   7.9414207e-01   1.6803580e-02  -4.3651249e-01  -1.8995772e-01  -3.3038926e-01  -2.8783854e-01  -1.5638830e-01  -4.1149867e-01  -2.2286557e-01   2.4122663e-01  -3.1629554e-01  -2.2181028e-01  -3.9231840e-01   1.5033940e-01  -4.1042652e-02   3.6172862e-01  -1.3440663e-01   2.4895786e-01   4.5471320e-01   4.6381615e-02  -1.7809253e-01  -7.5486817e-03   6.5248814e-02   7.3129396e-02   3.4035590e-01   1.0202500e-02   7.2745262e-02  -2.2395022e-01  -1.2791748e-01
   5.8575528e-02  -5.5746934e-01  -4.3585327e-01   3.3866126e-01  -4.4658531e-01  -4.9149949e-02   5.5784624e-02   2.3218080e-01  -7.0358469e-02   2.5434522e-01   0.0000000e+00  -5.5977793e-01  -6.2679713e-02  -8.3993541e-02   4.2673655e-01   3.9985990e-01  -4.8113101e-01   6.0662127e-01   6.3621242e-02  -2.1201064e-01   2.9832239e-01   4.5445470e-01   2.8425021e-01  -4.1073220e-02  -5.9985243e-02   4.5355458e-01  -2.8092982e-01   4.2968787e-02  -2.1635367e-01   2.8705211e-01   1.6870334e-01   4.4882622e-01  -1.9085607e-01   1.0265063e-01  -6.2778568e-02   2.7066390e-01  -1.7961018e-01   7.6403365e-02   2.0253337e-01  -3.1667318e-01   9.5213375e-02  -1.8982966e-02  -3.7680766e-01   5.3302256e-01   1.5845836e-01   8.2285930e-02   6.6708344e-01   9.2369729e-02  -4.9067747e-01  -4.2762349e-01   6.7680869e-01  -3.6649378e-02  -2.7305370e-01  -2.5796450e-01  -1.9799709e-01   4.5761408e-01   2.7964859e-01   2.0821951e-01   5.2968622e-01  -1.4764062e-01  -2.3996805e-02  -2.4525911e-01  -1.6580447e-01   1.4835597e-01   2.3036614e-02   3.6657501e-01  -2.0465281e-01   1.0178826e-01   7.1780312e-01   1.4965227e-03  -4.2550660e-01   4.1315011e-01   1.0710766e-02  -2.1210469e-01  -3.9024857e-01   2.2223741e-01   3.7461023e-01   3.3707284e-02  -4.3214092e-01  -2.9727309e-01   4.0808472e-01   1.5216998e-01   3.0152620e-01   3.9985466e-01  -3.8571314e-01   4.4892013e-01  -3.4508187e-01  -1.1205036e-01  -1.7458696e-01  -1.5399809e-01  -4.4999429e-01   4.1730216e-02  -2.9921388e-01  -3.1460722e-02   3.4249678e-01  -4.8261470e-01  -4.8268155e-02  -3.9105989e-02  -1.7174215e-01   4.0774822e-01  -1.8440189e-01   4.6732296e-01   2.5381470e-01   2.1062264e-01   6.3683006e-01   3.0788251e-01  -2.4452536e-01   4.2838226e-01  -3.8069650e-01  -4.2892588e-02   7.5137122e-02   6.4282699e-01   1.6638410e-01   8.3069143e-02  -2.1003833e-01  -5.7225664e-01   4.2685486e-01   6.4533794e-02   1.0120093e-01   4.1042694e-01   3.7068256e-01  -4.4461422e-01  -4.3298565e-01   1.5853567e-01   2.7573407e-01  -2.6805068e-01   2.7173230e-01  -2.9429058e-01   5.1780895e-01  -2.5784264e-01  -8.8410360e-02   1.6297513e-01  -5.8273892e-01   1.4124477e-01  -2.6748083e-01   1.4919000e-02  -3.8358210e-01  -4.6433465e-03   3.1310204e-01  -6.2693895e-02   2.1905072e-02  -1.6374444e-01   5.2586427e-01  -2.1124729e-01   2.9680451e-01   4.8583014e-01  -4.3858605e-01   1.0938393e-01   4.7841877e-01   5.8104474e-02  -7.5306184e-02   2.6669217e-01   1.7685883e-01   8.2673952e-02  -5.2573663e-01  -9.0627912e-02   1.5241513e-01   5.9800531e-01  -1.3024595e-01   2.6515512e-01  -4.3491355e-02   5.4368756e-01  -2.9986732e-02   6.4865104e-01   1.2432961e-01  -4.6163110e-01   3.1377090e-01   3.4506419e-01   2.1072078e-01  -1.1497862e-01  -5.6196489e-01   9.6354753e-02   4.5551483e-01  -3.5480322e-01  -1.0230453e-01  -4.3312890e-02   2.1137446e-01
  -2.0608467e-01   5.3652590e-01   5.2577089e-01  -2.9095957e-01   4.5789987e-01   3.7777025e-01   3.5252566e-01  -2.4222801e-01  -3.4237811e-02   6.5645765e-02  -5.5977793e-01   0.0000000e+00   1.3338141e-01  -2.5542062e-01  -3.1008483e-01  -7.1408383e-02   4.2445537e-01  -3.5460079e-01  -1.2299887e-01   3.6456475e-01  -3.3738297e-01  -4.4185517e-01   1.6019764e-01  -3.0107698e-01  -1.1978481e-01  -3.2517501e-01   3.2522538e-01  -2.9364352e-01   6.5457022e-02  -1.7400197e-01  -3.4492055e-01  -3.3817994e-01   1.2707457e-01   3.7211640e-01   1.3473082e-01   1.4662086e-01   1.7985130e-01  -2.5099780e-01  -2.1809263e-02   3.4384382e-01  -3.8443380e-03  -6.0034305e-02   3.8382375e-01  -4.5770137e-01   7.5991878e-02  -3.7379934e-02  -3.3268457e-01   7.7865327e-02   2.2445520e-01   3.9699611e-01  -4.1502316e-01  -1.7175782e-01   1.9824695e-01   7.7684551e-02   5.6094039e-02  -4.2559129e-01  -1.8383981e-01  -3.7111101e-01  -2.8628546e-01   2.6898023e-01   6.6466821e-02   4.2328615e-01   3.3988155e-02  -3.9167488e-01  -2.1427758e-01   1.4043823e-01   4.1621567e-01   9.5363585e-03  -4.7239204e-01   1.6236493e-01   4.2834788e-01  -2.4781169e-01  -3.1465172e-02   2.0717650e-01   2.0264639e-01  -3.0191536e-01  -2.6316794e-01  -9.7614089e-02   5.2583658e-01  -6.0936111e-02  -3.6354766e-01   1.1381416e-01  -1.6182905e-01  -2.3719279e-01   2.6344886e-01  -5.1401627e-01   2.2890260e-01  -2.5518730e-01   5.6755362e-02  -1.1022182e-01   2.7593505e-01   2.7226126e-02   7.4099157e-01   9.1699753e-02  -2.2881331e-01   4.6140150e-01   6.8261140e-02  -5.7398604e-02   1.3007701e-01  -1.9719428e-01  -1.3617504e-01  -3.7985425e-01  -3.7286722e-01  -1.2830579e-01  -4.4298507e-01  -3.5982139e-01   7.5694202e-02  -3.5856359e-01   2.0834466e-01   3.6028236e-01   4.8293947e-01  -5.1693342e-01  -9.9488699e-02  -1.7026831e-01  -1.3233270e-01   5.7501629e-01  -4.1462062e-01   1.4524722e-01  -1.9782016e-01  -2.8181074e-01  -4.4907356e-01   4.5235639e-01   3.8493613e-01  -2.0335685e-01  -2.1155178e-01   1.1398214e-01  -7.2927443e-02   6.0259754e-03  -5.1817831e-01   4.1666528e-01  -7.4845889e-03   2.1607486e-01   4.5139761e-01  -1.3657053e-01   1.8493824e-01  -2.3631932e-01   8.2211703e-02  -1.7758539e-01  -2.3969697e-01  -8.6580631e-02  -2.2280619e-01   1.9930450e-01  -4.5265245e-01   4.8649223e-01  -1.0206117e-01  -5.8846671e-01   6.0251375e-01   1.9084222e-01  -3.0753289e-02   1.2517374e-02  -1.8108318e-01  -3.2302354e-01  -2.8116481e-01  -1.0949488e-01   6.2906871e-01  -1.0336110e-01  -1.2733549e-01  -2.7184267e-01   3.2875292e-02  -3.3369870e-01   1.0358162e-02  -3.8031523e-01   1.7066818e-01  -4.1771504e-01  -1.7711625e-01   7.3377160e-01   2.6991836e-01  -3.1059089e-01  -7.2060772e-02   2.7730148e-01   6.7885950e-01  -2.8561696e-01  -3.1964196e-01   3.8191879e-01   2.7779157e-02  -9.8942978e-02  -3.1732672e-01
   9.3543442e-02  -1.5085372e-01   1.1594489e-01  -1.4068510e-02   1.1094593e-01   1.4409803e-01   1.0794231e-01   1.0268697e-01  -2.8717497e-02   1.9920012e-01  -6.2679713e-02   1.3338141e-01   0.0000000e+00   3.1360506e-02  -1.2258680e-04   1.0060461e-01   1.0431059e-01  -1.3271709e-01  -2.0453055e-01   1.2058704e-01  -1.5210818e-01   5.0691329e-02   6.9306380e-02  -7.4128491e-04  -3.4157254e-02   5.1739181e-03  -4.7027993e-03   2.7303657e-02   7.5714241e-02  -1.0723712e-01   3.3971594e-02  -2.5163905e-02  -4.5553090e-02   9.6225175e-02  -5.3012625e-02   6.0186799e-02   2.4125168e-01   7.8528850e-03   1.0270403e-01   5.7374147e-02   2.8073393e-01  -1.6148440e-01  -1.2096803e-01   1.4277093e-02   1.6553589e-01  -2.1924553e-02   1.7373842e-02  -1.3893471e-01   1.1767599e-02   2.0480963e-01   4.3214482e-03   1.5477415e-01  -1.2289768e-01   1.0331881e-01   1.3756547e-01   6.2013056e-02  -3.9781480e-02  -4.3432551e-02  -9.5264366e-03   3.5462517e-02  -2.9213363e-03   1.5316959e-01  -8.1953088e-03  -1.0313507e-01  -6.4894793e-02   8.5454936e-02   6.5694509e-02  -1.1032105e-01  -5.3562374e-02   3.3691407e-02  -1.1173956e-01  -1.0585723e-01   1.1669929e-01   1.0597992e-01   1.3769577e-01  -4.5881810e-03   1.5425422e-02   3.0640612e-03  -5.0826830e-02   1.3472474e-01   3.0164048e-02   1.6286151e-01  -9.8447279e-02  -2.6413017e-02   2.4269385e-02  -3.8509210e-02  -1.2373991e-02   2.7670272e-03   1.8779828e-01   1.7960355e-02  -2.7035229e-02  -1.9256146e-02   1.4589836e-01  -9.7405227e-02  -1.4256838e-01   2.7409316e-01  -5.8856632e-02   1.4190594e-01   9.0631093e-03   1.9289301e-01  -8.1636129e-02   2.8234159e-02  -4.4981233e-02  -4.4543346e-02  -2.0693395e-02   4.1817086e-02  -4.1447002e-02   6.2072008e-02   2.8759639e-01  -1.0331664e-03   1.1590684e-01   1.0844495e-01   7.7970201e-02  -5.6076119e-02   3.7372606e-02   7.9439260e-03  -5.0022481e-03   4.0477607e-01  -1.3571680e-01   3.4774212e-02  -1.3883050e-02   1.1960656e-01  -7.0470490e-02  -2.9434078e-01  -5.8494710e-02   8.3957859e-02   3.4842021e-02   1.3549351e-01  -6.9041608e-02  -3.2743262e-02   4.1852253e-01   2.4351708e-03  -3.7100882e-02  -2.1076796e-01   3.2597215e-02   3.9842714e-02   2.2378133e-01  -1.1486428e-01  -1.1066251e-01  -5.2923091e-02   8.6033526e-02   3.1116579e-01   3.2176694e-02  -3.9262214e-02   4.1906651e-02  -1.3309729e-01   1.5390762e-01  -6.3990277e-02   7.0781136e-02   7.0562954e-02   1.5635566e-04   2.0283687e-03  -1.4783900e-01  -1.7486624e-01   5.1634973e-02   7.7564785e-03  -1.4554678e-01   4.9103378e-02   1.9878778e-02   3.0586887e-02  -2.2050990e-01  -5.1897224e-02  -6.5454318e-02  -4.9525175e-02   3.8200206e-02   1.5280253e-01  -4.3788370e-02  -1.4251281e-01  -1.0439659e-01  -1.0471904e-01   1.7421277e-01   1.1871500e-01  -9.0867313e-02  -8.3138103e-02   5.5146028e-02   1.6833922e-01   3.8424729e-02
   5.7390755e-01  -4.9893606e-02  -7.8820414e-02   1.5847841e-01  -1.5784666e-01  -1.4531424e-01  -1.2064234e-01   7.2468587e-02   2.7223270e-01  -3.3459758e-01  -8.3993541e-02  -2.5542062e-01   3.1360506e-02   0.0000000e+00   2.3730729e-01   3.9558662e-02  -2.1730258e-02  -1.0356051e-02   9.1478024e-02  -3.1559911e-01   9.4176202e-02   1.5231728e-01  -2.0447037e-01   3.2684917e-01   2.1205744e-01  -6.4738474e-02  -1.1735607e-01   5.1060888e-01   1.5885902e-01   1.7245996e-01   3.6822632e-01   4.2475880e-03   1.6154434e-01  -3.2640405e-01   2.8478646e-02  -2.7560949e-01  -3.8856791e-03  -1.3461880e-01   6.3483601e-02  -1.4734495e-01   1.5554388e-01   1.5885674e-01   1.1553466e-02   1.6087158e-01  -1.5558693e-01  -9.1464970e-02  -6.0724623e-02   3.5531387e-02  -5.7424595e-02  -3.0326236e-01  -1.4201614e-01   2.3393006e-01  -1.7441429e-02   2.6080610e-01   4.4815098e-01   2.5234967e-01   1.9065027e-01   1.8543747e-01   1.1471531e-01   1.2742937e-01   4.1554905e-02  -1.6961331e-01   2.5528028e-01   2.0308578e-01   1.2471228e-01  -3.8643685e-01  -1.0360458e-01  -4.2906142e-02  -1.3527795e-01  -2.3846926e-01  -4.3440225e-02  -3.2666258e-03   1.7778227e-01   3.5114707e-01   2.8643487e-01   1.9643845e-01  -9.7938602e-02   1.4290385e-01  -2.1211617e-01   3.3965341e-01   2.7690638e-01  -1.0889865e-01   2.2492964e-01   3.3047259e-02   5.1550992e-01   6.9916269e-02   4.1254544e-01   5.1475923e-01   1.0234154e-01   4.4743306e-01  -2.5245345e-02   1.1736378e-02  -3.7461594e-01   1.7759124e-01   5.6030686e-02  -1.2670057e-01  -1.2645674e-01   1.9481580e-01  -1.1355482e-01  -1.5661867e-01   5.7953889e-01   1.6630369e-01   4.9344960e-01   9.8413018e-02  -1.2253090e-01   2.6959991e-01   3.1383288e-01  -1.8605527e-01   7.6807802e-02  -6.6734053e-02  -2.9597783e-01   2.5487713e-02   8.9291318e-02   4.6743862e-01   5.4630444e-01  -1.5099626e-01   6.8645644e-02  -4.8321140e-02   3.6231460e-01   6.3366065e-02   1.3558746e-01  -2.1509348e-01  -1.2999287e-02   2.9392640e-01   3.6510038e-02   4.4363655e-01   6.7607293e-02   2.2293844e-01   8.7628848e-02  -2.7788319e-01  -8.7545275e-02  -1.1261473e-01   1.8651421e-01   1.9716167e-01   1.2691755e-01   2.9104867e-01   2.8934934e-01   4.8042638e-01   5.9791782e-02   3.7353462e-01   4.1321684e-01  -5.6017517e-03   5.1629209e-03  -2.6103687e-01   1.2383909e-01   3.6078893e-01  -8.2967145e-02  -2.0787575e-01  -1.9639920e-01  -6.8312779e-02   6.0812945e-01   4.0395280e-01   1.5807803e-01   4.0091450e-02  -1.4305486e-01   1.8744987e-01   7.8278494e-02  -8.5884303e-02   1.0477496e-01   3.7413217e-01   1.0783960e-01  -1.3111779e-01  -1.0271087e-01  -2.7306689e-02   6.9102608e-02  -3.7979793e-01  -3.3878217e-01   2.2585454e-01   2.4702945e-01  -4.0265383e-02  -1.7815393e-01  -1.5660047e-01  -3.4012830e-02   4.0954313e-02  -7.5087685e-04   1.0417776e-02   2.2764373e-01
