   0.0000000e+00  -1.1350944e-03  -2.7685414e-01   2.2935025e-01  -3.3299206e-01  -1.2454635e-01  -1.4352086e-01   2.1595992e-01   1.9346252e-01  -2.4013840e-01   6.2886168e-02  -1.5598302e-01  -1.9187571e-01   6.2207880e-01   6.3351486e-02  -4.0675089e-02  -2.4913539e-01   8.8671179e-02   2.3838982e-01  -3.5720058e-01   6.0616230e-02   2.0478167e-01   5.9436738e-02   6.3522974e-01   1.8952702e-01   3.1104831e-01  -4.0040825e-01   3.2630442e-01  -3.3674756e-01  -7.7638841e-02   1.2257944e-01   2.2559123e-01   1.5914577e-01  -1.3980758e-01   3.3806659e-01  -6.1630533e-02  -1.4649799e-01   5.9420232e-02  -3.2701776e-01  -4.3109227e-01   6.3573712e-02  -2.4661936e-01  -1.4545537e-01   1.4203059e-01  -1.9173642e-01   2.3494555e-01   3.3410214e-02   1.1111237e-01  -3.2927043e-01  -4.6849711e-01  -2.2093249e-03   3.5839455e-01  -8.8011266e-02  -5.1841865e-03   4.2583399e-01   1.2917610e-01   5.1874987e-01   1.3864220e-01   1.6169919e-01   3.7672529e-01   1.5179716e-01  -2.8155528e-01  -9.0621663e-02   1.2083944e-01  -1.8463533e-01  -8.0328119e-03  -3.1769151e-01  -1.3405409e-01  -6.8744232e-02  -2.8897742e-01  -2.7090158e-01  -1.3681465e-01  -1.0101229e-01   5.4857735e-01   3.8800670e-02   2.2006186e-01   1.3314731e-01   4.4727744e-02  -2.9673349e-01   9.5003416e-02   3.1961930e-01  -1.2773986e-01  -5.3855681e-02   5.9799464e-03   3.3656583e-01   2.6078370e-01   2.4549354e-01   6.3304668e-01   3.5131960e-01   8.4624964e-01  -2.4466145e-01   1.4768505e-01  -2.3197954e-01   2.3201397e-01   1.2530712e-02  -2.9770190e-01  -1.2302391e-01   3.9257708e-01   2.4510998e-01  -1.5332982e-01   2.4487005e-01   1.2203844e-01   1.2751920e-02   3.9334254e-01  -3.3076957e-02   2.6085395e-01   1.4673400e-01   1.8812795e-01  -3.1605613e-01  -1.0257179e-01  -3.3082890e-01  -1.2895094e-02   2.0011488e-01   7.7339641e-01   4.4939255e-02  -1.4811009e-01   8.6743631e-02   7.3487690e-02   3.8060488e-02   3.4564732e-01   4.3201756e-01  -2.4109503e-01  -1.2515699e-01  -7.8333554e-02   4.3654148e-01   5.7768771e-01  -1.0627088e-01   1.5859625e-01   5.2051102e-02  -3.5925121e-01  -3.0538815e-01  -2.6185263e-01   5.3408871e-01   2.2200813e-02   1.9676486e-01   3.0073904e-01   2.2726292e-01   2.2727193e-01   2.9142415e-01   4.2725765e-01   4.5285751e-01  -2.4282273e-01   1.5952328e-01   4.4088497e-03   1.5885458e-02   2.4944496e-01  -2.5533350e-01  -7.2021799e-02  -9.5887482e-02   4.0507367e-02   5.7317718e-01  -1.5328124e-02   3.3951491e-01  -1.0251042e-01  -4.0709872e-01   5.0952429e-01   3.8854698e-01   9.5394007e-02   8.4215972e-02  -3.4536711e-02  -2.9302209e-01   3.1551573e-02  -1.1730781e-01   1.4750451e-01   1.7959492e-01  -1.7408954e-01   2.4196614e-02   1.8685563e-01   4.1449676e-01  -2.3602517e-01  -2.5778589e-01   1.1819849e-01  -8.2694056e-02   3.9750724e-03   6.4925899e-02   1.9003703e-01   2.7807256e-01
  -1.1350944e-03   0.0000000e+00   4.7319117e-01   4.8647821e-02  -2.2457654e-02  -3.2070336e-01  -3.0574482e-01   9.6818154e-02   3.8408246e-01  -4.9542087e-03  -4.9486527e-01   2.8477078e-01  -1.6423119e-01  -1.8762480e-01   1.1345159e-02  -2.7983050e-01   5.0966791e-01  -4.5674657e-01   3.4372046e-02  -4.6816947e-02  -3.2062444e-01  -3.4678386e-01  -5.4920787e-01   8.4641777e-02   2.1158447e-02   8.8002719e-02   9.3586861e-02  -1.4138904e-01   1.5941422e-01  -1.2282204e-01   5.3770522e-01  -1.8894225e-01   2.9588347e-01  -2.2084393e-01  -3.0517777e-01  -3.5934482e-01  -2.9236320e-01   4.7258017e-02  -9.8077374e-02   3.3026197e-01  -1.2543968e-01   2.0085385e-01   2.4666045e-01  -3.6901530e-01  -2.2181808e-01   1.1478517e-01  -4.0540027e-01   3.8876179e-01   3.4380526e-01   3.5419096e-01  -5.5068806e-01   5.7731020e-03   4.8676866e-01   2.1582056e-01   4.0077537e-02  -3.0085322e-01   6.4468410e-02  -3.0996424e-01  -3.1596623e-01  -9.7779112e-02   1.1116202e-01  -2.0603161e-01   4.9260622e-01   4.6870375e-01   4.4229917e-01  -4.8789984e-01   7.1082190e-03   8.3260733e-02  -2.0727782e-01   7.0891693e-02   6.1601507e-01  -2.8989083e-01   1.9061309e-02   1.2645189e-01   1.8509121e-01  -1.8038607e-01   9.3532853e-02  -1.3058213e-01   3.5089292e-01   1.5203128e-01  -2.9051660e-01  -1.8160056e-01  -2.0823481e-02   6.5512332e-02   3.1531147e-01  -1.1831760e-01  -1.3993828e-01   1.7143676e-01   3.5996420e-01   1.4411195e-01   4.7432955e-01   1.9401626e-01   1.1490983e-01  -7.7114795e-02  -4.0736353e-02   2.9528081e-01  -1.2393085e-01   1.0847271e-01   7.2491936e-02  -1.1557413e-01   1.5197693e-01  -4.6875965e-01  -5.1323310e-01  -1.0816723e-01  -6.0657961e-01  -5.4409087e-02   3.0278602e-01  -2.9259982e-03   1.2223839e-01  -2.0816027e-01   6.4882219e-02  -5.8947574e-01   2.7067364e-02   5.4177117e-02  -7.5642680e-02   6.6169620e-01  -1.7446114e-01  -9.9207771e-02  -2.2408362e-01  -1.2890972e-01   5.7681901e-02   1.8795129e-01   1.4181055e-01   1.9668095e-01   8.7405635e-02  -5.2649764e-02  -2.7132864e-01   3.2185876e-01  -1.6182544e-01   3.1412255e-01  -8.3510893e-02  -3.1238299e-01   2.4181352e-01  -1.2246662e-02  -2.4416700e-02   1.3798045e-02   2.1268239e-01  -3.7004812e-01   1.4768332e-03   5.7779409e-02  -7.5200729e-02  -8.6213430e-02  -4.4141966e-01  -1.6038136e-01  -2.4279510e-01  -4.1802374e-01   1.9501413e-01   1.4428742e-01  -4.6495623e-01   5.0678376e-01   1.6509923e-01  -2.0841646e-01   2.4179594e-01  -7.2840538e-02   5.4928471e-01   5.1330990e-03  -3.7201744e-03  -4.4307973e-01   2.5048199e-01  -4.1300092e-01  -2.8816338e-02  -4.3722942e-01   4.3920875e-04  -4.0617926e-01  -1.9898415e-01   1.2291763e-01  -3.7348665e-01  -1.8283172e-01   5.5159870e-04   6.1603253e-01   1.7333390e-01   1.2351035e-01  -2.6131009e-01  -2.8533503e-01  -6.6426873e-03   1.9155530e-01  -5.0881357e-02
  -2.7685414e-01   4.7319117e-01   0.0000000e+00   3.0506662e-02   1.5505926e-01   1.1150494e-02  -2.7955833e-01   1.6352559e-01   1.0410665e-01  -2.2174201e-02  -2.5698169e-01   1.5729703e-01   1.1590132e-01  -3.2259686e-01  -2.1550722e-01   7.4808190e-02   9.0070171e-01  -2.9024239e-01   8.9764246e-02   2.5448759e-01  -4.6609335e-01  -1.5620599e-01  -5.4218051e-01  -9.7991303e-02  -1.3451021e-02   1.0779192e-01   3.1912674e-01  -1.3473772e-02   2.3985867e-01  -3.6076102e-01   1.4528112e-01  -3.9101904e-02   2.1731169e-01  -2.9320959e-01  -4.3188119e-01  -1.4985243e-01  -2.7629254e-01   2.4511116e-01   1.0913942e-01   6.3190032e-01  -2.8844216e-02   4.2838299e-01   3.1870355e-01  -2.9875003e-01  -1.3424148e-01   2.9191934e-01  -1.3449072e-01  -1.5014687e-01   3.2103305e-01   6.6808509e-01  -2.5609459e-01   8.1567653e-02   2.4756556e-02   4.5236913e-01  -1.4463789e-01  -2.0464587e-01   1.7379712e-02  -9.9518880e-02  -1.5425956e-01  -1.9038936e-01   4.2775536e-01  -1.5764351e-01   4.8739033e-01  -5.6147512e-03   1.9315638e-01  -4.8281316e-01   2.5755256e-01   2.3756597e-01   2.2616351e-02   4.2494787e-01   3.6751982e-01  -2.2611514e-02  -3.4444298e-02  -1.9467657e-02   1.3501359e-01  -8.9222401e-02   4.0998723e-01  -1.3070489e-02   1.7232929e-01   2.2199166e-01  -2.8817455e-01  -7.3896237e-02  -1.5456739e-01   1.6467203e-01   1.9702379e-01  -5.5703573e-02  -3.7733781e-01  -2.6237510e-02   1.3629311e-01  -1.2794559e-01   3.5088793e-01   5.7258393e-01   3.7398897e-01  -6.4141052e-02   1.5189070e-01   5.0946576e-01   1.7749775e-01   8.2898518e-02   5.3844076e-02  -2.4669439e-01   5.4963201e-02  -4.6090230e-01  -3.6398076e-01  -1.9062457e-01  -3.9787829e-01  -4.4685127e-02   4.2446804e-01   8.9721590e-02   1.3304179e-01  -2.8374112e-01   2.5548673e-01  -3.9561794e-01   1.0745324e-01  -1.3326933e-01  -5.8423230e-03   2.9063708e-01  -5.7868273e-03  -7.9752061e-02  -1.9524503e-01  -9.2204946e-02   1.3896823e-03   2.0852425e-01   1.2867181e-01  -1.3031100e-01   1.6662739e-02  -2.2823510e-01  -4.0311674e-01   4.6554372e-01   1.5399248e-02   5.4025251e-01   9.0178203e-02  -3.4475905e-01   2.5040728e-02  -3.3679407e-01   1.6219716e-02   4.3981144e-02   3.0451640e-01  -4.5281172e-01   9.0877336e-02   3.4426828e-02  -8.1293155e-02   2.3911717e-01  -1.8970141e-01  -1.4229123e-01  -2.4446365e-01  -4.9811343e-01   3.8883374e-01  -5.6160121e-02  -3.7967286e-01   8.2637982e-02   8.8714144e-02  -4.1166217e-03   3.7342884e-01  -1.4558288e-01   6.7389231e-01  -6.4906637e-02   1.3121850e-02  -2.6750759e-01   5.7986218e-01  -2.0614741e-01   1.6687435e-01  -1.6888620e-01  -1.2791243e-01  -3.0683818e-01   2.7791859e-03  -2.9477077e-02  -4.6747787e-01  -7.5629877e-02   1.2872935e-01   4.5367945e-01   8.9386296e-02   2.7003977e-01  -7.1965024e-02  -1.6204498e-01   9.2326418e-02   1.7852556e-01   8.0339957e-02
   2.2935025e-01   4.8647821e-02   3.0506662e-02   0.0000000e+00  -2.1505458e-01   1.3632570e-01  -1.3868827e-01   3.7122385e-01   4.6108537e-01  -1.7257291e-01   1.6157325e-01  -2.1801898e-01   1.1418632e-01   2.6788640e-01  -1.0601371e-01   1.4344300e-02   3.9331597e-02   3.6746160e-01   8.4163083e-02  -3.0427791e-01   1.2068194e-01   5.3207326e-01   1.1194158e-02   4.4582752e-01   1.6180425e-01   3.5621858e-01  -1.4557537e-01   3.2697188e-01  -5.6628927e-02   2.5321532e-01  -1.9596286e-03   6.9788369e-01   4.2200905e-01  -2.8942380e-01   2.1017855e-01   2.2105202e-01  -2.5787411e-01  -2.0061060e-01  -2.2575225e-01  -9.6490999e-02   4.0543127e-01   7.8637431e-02  -2.4295142e-01   1.6506890e-01  -2.2343044e-01   2.7330218e-01   4.2176069e-01  -2.1092935e-02  -1.7909636e-01  -1.9704985e-01   3.3769708e-01   3.9489540e-01  -1.7356441e-01   3.7102827e-02   3.1561106e-01   2.2686528e-01   4.5669488e-01   5.0104824e-01   4.6589330e-01   3.7225855e-01   1.6017851e-01  -1.4998905e-01   8.6716540e-02   6.5900188e-02  -2.4611367e-01  -8.2315566e-02   1.0331479e-01  -4.1826399e-01   3.0904588e-01   2.9726111e-02  -1.8065734e-01  -1.3138453e-01   1.3290825e-01   3.9420635e-01   1.7598391e-01   3.6686725e-01   7.4255391e-02   1.3423785e-01  -3.1165057e-01   2.1877907e-01   2.5504083e-01  -2.0663562e-01  -1.6072242e-02   2.9705460e-01   7.3400988e-02   3.4524606e-01   3.3338632e-01   2.6842280e-01   3.9326885e-01   2.3843708e-01  -1.7340360e-01   2.5550035e-01  -3.2606939e-01   3.1788529e-01  -4.7871368e-02  -2.3547025e-01  -1.5145339e-01   3.7728659e-01   1.9277383e-01  -1.6045797e-01   1.9303995e-01   8.9721288e-02   3.3645340e-01   4.4137842e-01   2.6648998e-01   7.3414096e-01   1.2589559e-01   3.9642319e-01  -2.1985119e-01  -1.8888726e-01  -3.0695873e-01   1.8912129e-01   5.7496535e-01   3.4948837e-01   9.7540201e-02  -2.3838093e-01  -2.8450986e-02   4.0828824e-01   5.5404888e-02   5.9066123e-01   2.5458415e-01  -2.7695868e-01   6.6761700e-02  -1.6150669e-02   2.7274837e-01   4.9109465e-01  -1.0543934e-01   2.2237772e-01   4.6678758e-01  -9.3130056e-02  -4.3045193e-02  -2.1189148e-01   3.1794050e-01  -2.5223611e-02   4.3334895e-01   3.9297518e-01   2.7010731e-01   2.4035832e-01   5.0245036e-01   3.7509378e-01   3.3931767e-01  -1.0749056e-01   8.5480320e-02   1.4277714e-01  -5.9631338e-02   4.3952241e-01  -6.9046584e-02  -7.8778119e-02  -2.4354696e-01  -6.3411127e-02   3.6036986e-01   3.7531089e-01   2.5967933e-01   5.2101318e-02  -1.3516770e-01   9.5416902e-02   2.8719565e-01   3.3284316e-01   1.6776590e-01   2.8956070e-01  -3.9340008e-01   2.0831341e-01  -1.7916694e-01   5.6881995e-01   5.1516671e-01  -4.7455131e-01  -1.9693041e-01   1.8624749e-01   3.2873615e-01  -2.2859270e-01  -4.4583207e-01   1.0691901e-02  -1.2908872e-01   2.3865370e-01   9.1433753e-02   5.4879395e-01   4.9191279e-01
  -3.3299206e-01  -2.2457654e-02   1.5505926e-01  -2.1505458e-01   0.0000000e+00   3.8142494e-01   3.7925015e-02  -4.4869876e-01  -3.6175584e-01   2.5995860e-01  -1.0607733e-01   3.0314664e-01   4.5588038e-01  -4.5801085e-01   1.1148793e-01   1.6793776e-01   9.5912643e-02   9.7917715e-02  -2.4549022e-01   8.1459129e-01   1.9188937e-01  -2.6633211e-01   1.9583903e-01  -5.3126072e-01  -3.5732701e-01  -2.3893152e-01   6.2949313e-01  -4.2733903e-01   2.0387826e-01   2.0952947e-01  -1.5534897e-01  -3.1924625e-01  -7.9770741e-02   2.3607969e-01  -3.1549527e-01   5.0788393e-01   4.8443338e-02  -1.2631625e-01   4.6394358e-01   4.6885893e-01   2.3426862e-01   8.2895180e-02   2.0731611e-01  -2.1983081e-01   6.4313387e-01  -3.2161722e-01  -7.5232055e-03  -1.3566035e-01   4.6113229e-01   4.0924422e-01   7.1532313e-02  -4.6387201e-01   1.5559260e-01   9.7225815e-02  -2.7035658e-01  -4.2250879e-01  -3.0181964e-01  -1.7770272e-01  -7.7692467e-02  -3.2915011e-01  -1.3016679e-01   4.8724276e-01   1.6060422e-02   4.9784978e-02   3.1113321e-01   3.5548039e-01   4.1487554e-01   7.7819858e-02  -1.9067312e-01   2.8703051e-01   8.2258162e-02   2.6551988e-01   2.9481523e-01  -2.9715683e-01  -1.0243152e-01  -2.1781233e-01  -1.9574831e-01  -1.1199781e-01   7.3894483e-01   2.2041550e-01  -4.1408651e-01   3.9463492e-01  -5.9188713e-02  -3.2996529e-01  -3.7925474e-01  -1.0876572e-01  -3.3485920e-01  -5.0346539e-01  -1.1736478e-01  -3.9582196e-01   5.2713640e-01  -2.9592799e-01   3.3705428e-01  -2.2431582e-01  -1.7426236e-01   5.3561506e-01   9.8512357e-02  -2.5439559e-01   5.8962372e-02   1.2408332e-01  -2.9103362e-01  -9.7033098e-02  -2.8542657e-01  -3.7249293e-01  -8.1166479e-02  -2.8187001e-01  -1.4146224e-01  -1.4969632e-01   4.2029437e-01   2.6088144e-01   2.2898380e-01  -3.7089340e-02  -2.6336990e-01  -4.7153945e-01  -1.3738404e-01   2.8639781e-01  -1.9964129e-01   9.0112143e-02  -1.5110046e-01  -3.6732549e-01  -5.1290736e-01   7.0661461e-01   2.4411275e-01   1.1607466e-01  -5.0508423e-01  -4.7910091e-01   4.0334792e-01  -9.0120087e-02  -1.9271765e-01   3.1058384e-01   3.0384154e-01   4.3657917e-01  -5.3368308e-01  -5.2937822e-02  -2.1291431e-01  -1.6074936e-01  -4.6008345e-02  -3.1614371e-01  -2.5250064e-01  -5.2167745e-01  -4.3302504e-01   4.0030383e-01  -5.0961846e-02  -1.3038942e-01   1.2342346e-02  -2.4946363e-01   1.8278583e-01   5.4423223e-01   2.8497187e-01   7.9149886e-03  -4.0683182e-01  -3.8438402e-01  -4.8237381e-01   3.1786461e-01   3.9478605e-01  -3.4894224e-01  -4.7136322e-01   2.6318288e-02  -2.3253840e-01  -1.2328988e-01   1.6507111e-01  -3.1940979e-02   3.4245465e-01  -1.6822537e-01  -9.1824911e-02   4.3734610e-01   3.1573046e-01  -3.0517674e-01  -4.5522944e-01   1.7542423e-01   5.7652747e-01  -3.3912628e-01   3.1881658e-01  -1.0605365e-01  -2.2418696e-01  -7.3902009e-02  -5.3259255e-02
  -1.2454635e-01  -3.2070336e-01   1.1150494e-02   1.3632570e-01   3.8142494e-01   0.0000000e+00   1.9688505e-02  -2.3418404e-01  -3.1285457e-01   7.4936136e-02   2.5621209e-01   1.9026161e-01   3.7508087e-01  -2.4090879e-01  -1.1384294e-01   5.0922926e-01  -9.3481466e-02   4.6246406e-01  -1.3104749e-01   2.7686508e-01   3.5784549e-01   2.9189987e-01   3.8234379e-01  -3.5415503e-01  -3.5677720e-01  -7.2456249e-02   5.0792742e-01  -7.1007036e-02  -1.1272276e-01   3.8709850e-01  -4.6367327e-01   8.2362238e-02  -1.2570366e-01   1.6928414e-01   1.2439276e-02   7.1622668e-01  -4.9528091e-02  -2.1727239e-01   5.1686895e-01   3.4901042e-01   3.3720536e-01   7.7706798e-02  -4.7070566e-02   5.3239187e-02   4.7352507e-01  -8.9019383e-02   4.6477247e-01  -3.7443969e-01   1.5076426e-02   2.0560485e-01   4.8394457e-01  -1.9573750e-01  -2.9718556e-01  -2.6186895e-01  -2.0829089e-01  -1.6749444e-01  -1.5201147e-03   2.0151081e-01   2.3422843e-01   6.2763596e-02  -4.4880728e-03   4.0246630e-01  -3.2995521e-01  -3.2174437e-01  -2.2044828e-01   5.3255949e-01   6.7489106e-01  -1.8886414e-01   1.9866268e-01   5.2516743e-01  -2.1143968e-01   8.9147499e-02   2.0937280e-01  -1.1356681e-02  -3.5523323e-01   1.4637107e-01  -8.5971125e-02  -5.9676476e-02   6.6633185e-02   8.5240215e-02  -3.1277673e-02   3.7543403e-01  -2.6886444e-01  -5.6778283e-02  -4.0058158e-01   1.0906618e-01  -2.9184063e-02  -3.6951767e-01  -2.3318406e-02  -2.6700533e-01  -5.1053185e-02  -7.0404660e-02   2.0498320e-01  -3.6461693e-02   6.5804732e-02   6.6562615e-03   5.0334833e-02  -1.0061013e-01  -3.9185455e-02  -1.4979763e-01  -4.4656553e-02   2.8473245e-01   1.1783488e-01   1.2515278e-01   2.9146726e-01   1.2834677e-01  -2.6096560e-01   2.8802478e-01  -1.3145696e-02   3.2907458e-01  -7.5879500e-02   4.2493037e-01  -1.3256048e-02  -2.2472070e-01   5.9189401e-02  -3.7254468e-01   2.1083627e-02   2.1531142e-01   9.4737297e-02   1.4992854e-01  -1.8071989e-01   2.3831937e-01   3.9179152e-02  -7.3163205e-02  -1.9810888e-01  -7.3261414e-02   3.0768025e-01  -2.7774900e-01   8.8375451e-02   3.3670601e-01   4.2454836e-01   2.2898029e-01  -1.8116748e-01  -1.4211220e-01  -2.9730568e-02   2.2444634e-02  -1.8476125e-01   1.1739688e-01   7.9428150e-02  -1.9706091e-01  -2.2883954e-01   6.9577852e-02   2.6007600e-01   2.1463926e-01  -6.5814402e-02   1.0938838e-01   1.0901524e-01   2.1000124e-01   5.5421041e-01  -5.0350072e-01  -1.5778593e-01   5.5364608e-03  -2.7434450e-01   1.2735024e-01   1.3604781e-01  -2.8893258e-01  -4.7299416e-02   4.0040895e-01  -1.4519568e-01   2.1293732e-01  -1.8485396e-01   3.6702096e-01  -4.7787945e-02   3.1757312e-01   3.5656318e-01  -2.0418732e-01   4.2976169e-01  -3.9508333e-02  -8.8516840e-02  -3.4189607e-01   8.7068561e-02  -2.1988875e-01   2.3575671e-01   3.9759177e-01  -2.2465422e-01  -1.2043257e-01   2.7381204e-01
  -1.4352086e-01  -3.0574482e-01  -2.7955833e-01  -1.3868827e-01   3.7925015e-02   1.9688505e-02   0.0000000e+00  -3.7140268e-01  -9.5193303e-02   3.6968796e-01  -1.1818363e-01   2.5569948e-01  -5.7752890e-02   9.5039087e-02   5.9316543e-01   1.4098645e-01  -3.9568266e-01   1.5915184e-01  -2.0915537e-01   9.7131767e-02   1.0943630e-01   3.7770499e-02   5.3637695e-01  -1.6883949e-01   3.6665219e-02  -2.2854767e-01  -7.1163639e-02   3.0706012e-02   9.3454733e-02   1.2049650e-01  -1.4706856e-01  -3.6225459e-02   3.3925661e-02   6.7353210e-01   3.6959629e-01   4.8571544e-02   2.7095753e-01  -2.7167229e-01  -6.7358703e-02  -1.0869740e-01  -1.3396791e-01  -9.9633821e-02   2.3481197e-01   1.2383815e-01   2.1737855e-01  -3.6891828e-01  -1.5156552e-01   4.0603445e-01  -3.1440204e-01  -1.9362652e-01   3.2526479e-01  -2.6070954e-01  -1.1053153e-01  -1.0789888e-01   8.6691752e-02   7.0101603e-02  -3.0877942e-01  -5.3187230e-02   8.9524445e-02   1.0215368e-01  -3.4262080e-01   2.4931536e-01  -1.7299964e-01  -3.4180113e-01  -3.3517452e-01   3.3524088e-01  -8.5427881e-02   1.0006183e-01  -1.5407747e-01   5.7706659e-02   1.1499361e-02   1.9212388e-01   3.2761808e-02   1.4517352e-02  -3.8738526e-02  -2.0590191e-01  -3.1590319e-01  -1.9338059e-01  -1.0964927e-01  -7.8925710e-02   5.0174379e-01   2.3039936e-01   2.9620740e-01  -2.6171949e-01  -8.3004820e-02  -2.8150173e-02   3.2726465e-01  -1.3053365e-01  -2.3306966e-01  -1.7177445e-01  -4.5351856e-01  -2.9259288e-01   1.3928893e-01   1.5656377e-01  -3.8388223e-01  -2.5754894e-01   6.3881778e-02  -1.9271952e-01   1.3533243e-02   6.5558979e-01   1.4536234e-01   4.2368288e-01   1.9042717e-01   1.1879136e-01   3.5073802e-01  -1.6094939e-01  -2.7724042e-03  -3.7161215e-01   7.2723601e-02   1.5365014e-01   4.3424609e-01   2.9181090e-01  -8.5476973e-02  -1.9688623e-01   4.7894454e-01  -2.8171692e-01  -9.1538835e-02   4.8897264e-02   1.9955318e-01   9.4146117e-02  -9.2663203e-02  -1.1410556e-01  -1.9747997e-01   9.4823860e-03  -1.9637582e-01   1.6279123e-01   3.7040920e-01  -2.6007351e-01  -8.0101030e-03  -1.2022382e-01   8.0212188e-03   4.3351343e-01  -9.0884455e-02   2.5523948e-01  -3.9641162e-02  -3.7277308e-01  -2.2367905e-01   3.9898407e-01  -1.9126528e-01  -3.7101435e-01  -2.1236653e-01  -3.0918929e-02  -6.8026261e-02   2.2236448e-01   7.9487009e-01   2.0767905e-01   4.9319772e-01  -3.1672514e-01   3.6930852e-01  -8.4188095e-02  -3.2343898e-02   1.5172280e-01  -1.5377466e-01  -2.4933237e-01  -9.3114193e-02  -2.2962059e-01  -1.8089402e-01   2.7855569e-01  -2.9484305e-01   4.5993329e-01   1.2461449e-01  -4.0654347e-02   6.4334504e-02   1.4277100e-01  -8.6234699e-02   2.9329880e-01   1.1423731e-01   8.3958928e-02  -4.1604505e-02  -3.0352914e-01   8.1005186e-02  -3.2511232e-01   9.4824552e-02   5.9209903e-02   3.9475235e-03  -1.0477602e-01  -9.5163685e-02
   2.1595992e-01   9.6818154e-02   1.6352559e-01   3.7122385e-01  -4.4869876e-01  -2.3418404e-01  -3.7140268e-01   0.0000000e+00   4.3039713e-01  -2.2862608e-01   3.9568600e-01  -3.9206154e-01  -2.4868743e-01   4.0354355e-01  -4.0262542e-01  -1.5951413e-01   1.9913851e-01  -1.0474124e-01   3.0295020e-01  -4.1758877e-01  -2.4005165e-01   4.0859761e-01  -3.8114971e-01   4.6300770e-01   3.9229247e-01   6.2678508e-01  -3.5290790e-01   5.6559477e-01  -2.1335313e-01  -2.2594072e-01  -6.3303615e-02   4.8832015e-01   2.1200485e-01  -4.5053686e-01   1.3248533e-01  -2.4604550e-01  -1.0316903e-01   1.7250236e-01  -3.5511661e-01  -2.8115339e-01  -6.6903781e-02  -6.4961026e-02  -1.7792149e-01   4.0915797e-01  -5.4631577e-01   5.7022393e-01   1.6619978e-01  -2.5750945e-01  -3.2826649e-01  -2.4826471e-01   2.5035910e-02   8.0665727e-01  -1.3339846e-01   7.8052052e-02   8.8083068e-02   5.4190997e-01   4.6806396e-01   4.2877861e-01   1.3985059e-01   2.6481596e-01   4.5524360e-01  -6.0101904e-01   1.7298631e-01   1.3641803e-01  -1.3502068e-01  -3.3730320e-01  -1.5285153e-01  -8.2750235e-02   4.8962911e-01  -3.1069185e-01  -2.6761342e-01  -2.4298751e-01  -2.9554579e-01   5.8269058e-02   6.8302597e-02   5.5900870e-01   4.1250526e-01   2.4616567e-01  -4.4960365e-01   9.9779194e-03   2.0599920e-01  -4.7198265e-01  -3.6819418e-02   7.5205777e-01   1.3384964e-01   3.8101230e-01  -1.0302830e-01   3.3602336e-01   1.2126080e-01   2.7112882e-01  -9.2174536e-02   4.5953174e-01  -1.1756029e-01   3.1142516e-01   2.8800242e-01  -9.6177797e-02  -9.8854164e-02   5.0420777e-01  -5.3002277e-02  -2.6259040e-01  -1.3077820e-01   2.8053095e-02   3.3909363e-01   2.5716941e-01   6.3460089e-02   5.3307167e-01   1.6694602e-01   5.4094799e-01  -3.6576759e-01  -3.2658045e-01  -1.7222753e-01   2.0762685e-03   1.3833884e-01   5.1526793e-01  -3.3353326e-01  -1.3427124e-01   4.1638003e-01   2.7270304e-04   7.7415137e-02   3.9135623e-01   4.4316785e-01  -3.0845319e-01  -2.5208324e-01  -1.9577712e-01   5.8502899e-01   3.6709561e-01  -4.8161680e-01   3.3213881e-01   5.2620202e-01  -3.2455054e-01  -3.0277161e-01  -4.3787932e-01   3.5865843e-01  -3.6835802e-01   2.5346314e-01   6.8429742e-01   1.6609742e-01  -4.2002250e-02   6.5730980e-01   6.0479050e-01   5.7280822e-01  -1.4904004e-01   1.6349472e-01  -7.4125337e-02  -3.5776102e-01   3.5186326e-02  -3.3007219e-01  -2.5488941e-01  -3.4848361e-01  -1.0795415e-01   2.3613992e-01   5.6307999e-01   3.4761884e-01  -2.1346198e-03  -2.8508429e-01   2.6424717e-01   5.5516611e-01  -9.8446938e-02   4.5393121e-01   1.5525704e-01  -1.0516968e-01   2.5236999e-01  -2.7013562e-01   2.4689723e-01   2.7121672e-01  -3.6946342e-01  -1.8172581e-01   3.7725568e-01   3.8439274e-01   3.1891416e-02  -3.7879254e-01   5.0063915e-01  -2.5139189e-01   8.4599609e-02   3.5583910e-01   1.4033377e-01   3.3282845e-01
   1.9346252e-01   3.8408246e-01   1.0410665e-01   4.6108537e-01  -3.6175584e-01  -3.1285457e-01  -9.5193303e-02   4.3039713e-01   0.0000000e+00  -3.7450705e-02  -4.6907543e-02  -1.1618041e-01  -3.9117754e-01   3.5359615e-01   5.8921826e-02  -3.2550080e-01   9.9223257e-02  -4.7767845e-02   8.7873776e-02  -2.8515369e-01  -2.1365484e-01   3.4532974e-01  -2.7470652e-01   5.9281509e-01   3.8520826e-01   4.7691001e-01  -3.5913582e-01   3.0169334e-01  -1.0264079e-01   9.8627622e-02   1.8055073e-01   3.8855674e-01   3.4029457e-01  -2.4997976e-01   3.8582675e-01  -3.4409167e-01  -3.6133817e-02  -6.9356757e-02  -5.6652450e-01  -1.7381367e-01  -1.5045149e-01  -8.5272068e-02   1.4485619e-01  -1.1586368e-02  -4.3617822e-01   3.2716746e-01  -9.9666612e-02   2.1465347e-01  -2.9213361e-01  -2.9697162e-01  -2.7390710e-02   4.3190498e-01  -5.3830598e-02   8.5424846e-04   2.6014482e-01   2.2955578e-01   2.5718622e-01   3.2716991e-01   8.3491805e-02   5.3763331e-01   3.2401066e-01  -3.7190676e-01   4.9871118e-01   3.2727080e-01  -1.4402863e-02  -2.9429438e-01  -2.0168959e-01  -8.0761022e-03   8.9746504e-02  -1.7790835e-01   8.6178508e-02  -2.2015640e-01  -2.9239084e-01   2.2579148e-01   2.2500789e-01   2.5407469e-01   1.6508230e-01   2.0008882e-02  -2.6274982e-01   5.0067609e-02   2.0372987e-01  -5.5688769e-01   6.7095800e-02   3.0117350e-01   2.3222509e-01   2.4020151e-01   1.5545283e-01   4.5715441e-01   3.5677738e-01   3.6691762e-01  -1.0385881e-01   2.3500591e-01  -2.0341932e-01   6.4241479e-01  -1.5825685e-01  -1.2534904e-01  -1.7067061e-01   2.7818804e-01   2.0176029e-01   7.6545301e-02   1.2193517e-01  -3.1976367e-02   8.9639434e-02   4.8077217e-01   1.8468397e-02   4.6426350e-01   3.0558010e-01   3.1345369e-01  -2.7787088e-01  -4.2894599e-01  -1.7696979e-01  -9.5976429e-02   2.3188861e-01   4.6034043e-01  -8.5004049e-02   1.8919682e-02   1.3348589e-04  -9.6589175e-02  -5.3662146e-02   4.6326703e-01   5.4354858e-01  -1.8919176e-01  -1.6140620e-01   1.7394737e-01   4.8921688e-01   4.4980898e-01  -2.0977922e-01   2.9304999e-01   5.0717066e-01  -2.3052172e-01  -4.5209902e-01  -3.9217356e-01   4.2678655e-01  -7.4048843e-02   5.2825894e-01   3.1822001e-01   1.9536630e-01   4.1207070e-02   3.4730050e-01   2.7863025e-01   4.1549282e-01  -2.4541743e-01  -7.9516097e-02  -9.5735655e-02  -3.5187640e-03   1.0360226e-01  -5.6061579e-02  -3.1021234e-01  -4.3304199e-01   1.5879570e-01   3.0946695e-01   2.5453516e-01   3.7204292e-01  -1.8499408e-01  -1.1452898e-01   1.5506967e-01   4.4532098e-01  -1.6746003e-01   2.2520414e-01   7.1168575e-02  -9.7206720e-02  -7.9740370e-02  -1.9777016e-01   2.2943544e-01   1.7983033e-01  -1.4924835e-01  -3.2763708e-01   1.0924778e-01   4.3443616e-01  -7.9956260e-02  -2.9088870e-01   3.1033619e-01  -1.8349646e-01  -6.1255959e-02   3.1943397e-01   3.4640556e-01   3.4147625e-01
  -2.4013840e-01  -4.9542087e-03  -2.2174201e-02  -1.7257291e-01   2.5995860e-01   7.4936136e-02   3.6968796e-01  -2.2862608e-01  -3.7450705e-02   0.0000000e+00  -3.2782971e-01   1.1843170e-01   6.6486276e-02  -1.1738375e-01   2.5778774e-01  -1.1599084e-01  -2.5089287e-02  -2.3005142e-01  -1.2163085e-01   3.6956835e-01  -1.0115136e-01  -2.6373887e-01   1.1826907e-01  -2.2850954e-01  -3.7495010e-04  -1.6939634e-01   1.4928559e-01  -2.8331414e-01   1.1741769e-01  -5.4106786e-02  -7.3181879e-02  -2.5991006e-01  -7.9280875e-02   4.2997380e-01  -1.4462856e-01  -9.1096966e-02   1.0199674e-01  -2.6535319e-01  -8.8019045e-02   2.6292245e-01  -1.1758209e-01  -1.0769237e-01   1.4846827e-01  -2.1004167e-01  -8.7315731e-02  -2.0718323e-01  -3.5003271e-01   1.3862705e-01   6.0471099e-02   1.4040007e-01  -1.0846697e-01  -1.7526476e-01   8.1838139e-02  -7.9947947e-02  -2.1371187e-01  -2.4334919e-01  -2.9336087e-01  -2.7827605e-01  -2.6725815e-01  -2.2222938e-01  -1.9351824e-01   9.4470812e-02   2.6912206e-03   6.6088129e-02  -1.7310809e-01   2.1795816e-01   3.7464313e-02   1.3444067e-01  -1.9988577e-01   2.3917954e-01   2.8057605e-01  -1.0009484e-01  -6.4975708e-02  -2.5310845e-01   1.0405686e-01  -1.1340463e-01  -2.6906839e-01  -1.3041037e-01   1.9792605e-01  -5.1795178e-02  -1.1529506e-01   1.8751803e-01   1.9937688e-01  -2.4574973e-01  -1.2352855e-01  -1.5960997e-01  -4.5339621e-02  -2.3563799e-01  -4.0921115e-03  -2.0169208e-01  -4.1693358e-03  -2.5701422e-01   4.6410777e-01  -1.2293250e-01  -3.4019114e-01   4.2631502e-01  -7.8683962e-02  -9.0882609e-02  -2.2924762e-02   6.1842818e-01  -1.7233875e-02   4.9960142e-02  -5.5960246e-02  -1.8992801e-01  -2.4908415e-01  -2.4640927e-01  -1.2424362e-01  -2.9624815e-01   4.2883595e-01   8.5872804e-02   4.5410534e-01  -1.1526535e-01  -1.6268835e-01  -1.7216237e-01   1.3889454e-01   2.0909512e-01  -2.0389799e-01   5.1314437e-04  -9.9368292e-02  -1.6364461e-01  -1.4815912e-01   2.3950807e-01  -3.7678962e-02  -1.4051360e-01  -1.9840872e-01  -2.0132961e-01  -7.2779286e-02  -8.0322991e-02  -1.9653256e-01   1.9086525e-01  -3.5085051e-02   9.5878173e-02  -1.8611803e-01   8.1386395e-02  -1.4754128e-01  -7.2076711e-02  -1.3534047e-01  -4.4310575e-02  -1.2283027e-01  -2.6491065e-01  -1.8278115e-01   3.0051699e-02  -1.3413753e-01  -1.0653697e-02   2.4113807e-01  -2.6224037e-01   4.7791207e-01  -1.5097516e-01   2.5897083e-01   2.0030406e-01  -2.3414772e-01  -1.1530059e-01  -1.8623049e-01  -1.4166608e-01   2.6531740e-01  -2.5504921e-01  -2.1362921e-01  -8.2998477e-02  -2.7053493e-01   4.6618329e-02   5.1115142e-02  -2.1686215e-01   3.6796598e-01  -3.0256960e-01  -3.2723732e-01   4.3817187e-01  -6.2748203e-03  -1.8617221e-01  -2.4149932e-01   1.7732544e-01   3.4344710e-01  -2.0115821e-01  -3.0216995e-01  -1.6781228e-01   7.6001304e-02  -8.1674735e-02  -2.0240736e-01
   6.2886168e-02  -4.9486527e-01  -2.5698169e-01   1.6157325e-01  -1.0607733e-01   2.5621209e-01  -1.1818363e-01   3.9568600e-01  -4.6907543e-02  -3.2782971e-01   0.0000000e+00  -3.6470408e-01   4.1553466e-02   2.2758830e-01  -2.5814795e-01   2.8771787e-01  -2.5986767e-01   5.6207412e-01  -2.6413884e-02  -1.7276289e-01   2.0769888e-01   5.8634569e-01   2.0992037e-01   1.2318493e-01   9.0841642e-02   3.6788226e-01  -1.1038598e-01   5.0287102e-01  -3.5030244e-01   2.8307592e-01  -4.0634488e-01   4.9238868e-01   6.4042703e-03  -2.3606337e-01   3.9018360e-01   2.8304428e-01   2.1120809e-01  -4.3638410e-02   1.3002435e-01  -3.3297256e-01   1.3263305e-01  -6.0879716e-03  -2.7336943e-01   6.1006797e-01   1.0195855e-01   2.8511709e-01   6.0380400e-01  -4.5108873e-01  -4.2811719e-01  -3.7121629e-01   5.8290050e-01   3.8155108e-01  -4.1952328e-01  -2.5576080e-01  -4.0000637e-02   5.3254198e-01   2.0276507e-01   6.7454512e-01   4.7173304e-01   3.6672040e-01   3.0566462e-01  -1.3528614e-01  -2.5917550e-01  -1.6648333e-01  -2.6670944e-01   2.5805211e-01   4.8380683e-02  -9.3926235e-02   6.5070969e-01  -2.0031835e-01  -5.8631801e-01   2.0654812e-01  -1.1101819e-01  -5.7231112e-02  -2.1432032e-01   5.3025478e-01   2.4216492e-01   2.5999586e-01  -3.8282205e-01   5.3411650e-02   3.2597270e-01  -1.0783287e-01  -2.0339546e-01   4.7887730e-01  -2.5673132e-01   4.6384880e-01  -4.2211284e-02  -2.3569925e-02  -2.2818911e-01  -3.4359929e-02  -3.2766764e-01   1.5047508e-01  -3.7237653e-01   3.2205876e-01   2.1026683e-01  -3.3272232e-01   1.3427148e-01   1.8243707e-01  -1.1268290e-01  -2.3130410e-01  -2.4345992e-01   5.5311484e-01   5.1872675e-01   3.6947351e-01   6.5973301e-01   4.0660485e-01  -1.4820444e-01   4.9311506e-01  -4.0033741e-01   5.5680185e-03  -3.2889836e-01   6.7155318e-01  -5.8213622e-02   1.4074097e-01  -1.6677157e-01  -5.7169866e-01   5.6056992e-01   9.9642017e-02   1.8386212e-01   3.7509202e-01   2.2273041e-01  -2.4833276e-01  -3.2779890e-01  -5.0198671e-02   2.7291247e-01   3.1640629e-01   1.4445574e-01  -3.3346083e-02   5.4651038e-01  -3.8664789e-01  -2.5673033e-02   2.0447687e-01   4.0029171e-02  -2.2556145e-01   1.7895566e-01   3.7868770e-01   2.5296188e-02   2.6020584e-01   4.5907901e-01   1.8518915e-01   2.7234521e-01  -4.2252524e-02   6.4947674e-01   8.9289409e-02  -9.1428865e-02   4.1237850e-01  -4.3133186e-01  -6.4877437e-02   1.7564768e-01  -4.6537495e-01   8.9288242e-02   3.2472544e-01  -2.9417025e-02   2.5560016e-01  -5.5483122e-01   1.2948310e-01   3.7661002e-01   4.2764806e-01   1.1939556e-01   3.9174929e-01  -1.5077412e-02   6.4540060e-01  -2.2600207e-01   6.4368925e-01   4.6507872e-01  -4.4971087e-01   2.9390312e-01   3.5507568e-01   2.1424593e-01  -4.7882034e-01  -3.8429056e-01   1.1762371e-01   2.5511795e-01   3.3873865e-01   1.4077002e-01  -2.0324968e-01   3.5036783e-01
  -1.5598302e-01   2.8477078e-01   1.5729703e-01  -2.1801898e-01   3.0314664e-01   1.9026161e-01   2.5569948e-01  -3.9206154e-01  -1.1618041e-01   1.1843170e-01  -3.6470408e-01   0.0000000e+00  -2.8031433e-02  -2.4891154e-01   3.8832133e-01   1.8319281e-01   1.2383044e-01  -1.6006806e-01  -1.3871594e-01   2.7398706e-01  -1.0097003e-01  -2.5432906e-01   7.1853077e-02  -3.1123419e-01  -1.1111668e-01  -2.8271449e-01   4.1059243e-01  -2.6171905e-01   2.2592104e-01   4.9933888e-02   6.5138106e-02  -3.5514503e-01   1.1912402e-01   4.3895878e-01   2.0553075e-02   1.2207258e-01  -1.3443176e-01  -2.6615090e-01   1.8585515e-01   4.3136246e-01  -3.9971041e-02   1.9721782e-01   6.1965257e-01  -2.8303832e-01   4.1075085e-01  -3.2651724e-01  -2.3022326e-01   1.1798407e-01   1.5607741e-01   3.6446156e-01  -1.3189254e-01  -4.3097874e-01   1.9435917e-01   2.6544498e-02  -5.4303467e-03  -3.7400858e-01  -2.4437775e-01  -2.5901846e-01  -1.2423349e-01   1.6404161e-02  -2.0591194e-01   3.3795908e-01   7.8771620e-02  -1.5536026e-01   1.6327372e-01   1.5767932e-01   2.8745582e-01   1.5853685e-01  -1.7377648e-01   2.0757271e-01   2.3756040e-01   6.8908425e-02   1.6389444e-01   8.8992975e-02  -1.9599170e-01  -3.9361969e-01  -2.4824026e-01  -2.2287123e-01   4.3108006e-01   2.0700405e-02  -1.6464839e-01   4.0113758e-01  -7.2666768e-02  -2.6413038e-01   3.3654392e-02  -1.5504040e-01   3.4088587e-02  -1.4811449e-01  -3.5909609e-02  -1.7574880e-01   2.3430186e-01  -1.3233658e-01   4.4993605e-01  -3.2510425e-04  -3.2931939e-01   1.6073509e-01   1.0118567e-01  -2.6639643e-01  -3.0753688e-02   2.3017821e-01   1.7699387e-02   6.3183592e-02  -3.3252735e-01  -1.0811636e-01  -8.4078074e-02  -2.2498623e-01   1.6185816e-01  -1.8576701e-01   9.2272338e-02   1.9891657e-01   3.9820364e-01  -1.2435176e-01  -1.5304100e-01  -3.2824868e-01   1.1794090e-01   2.9253378e-01  -3.3510809e-01   9.6082587e-02  -4.0940261e-02  -1.1250621e-01  -1.7667681e-01   4.1896055e-01   1.9496849e-01   3.2875750e-02  -3.2211818e-01  -1.1261935e-01   3.3739180e-01  -1.5893180e-02  -2.6513440e-01   3.1219179e-01   2.2402603e-01   1.6253293e-01   3.2427328e-02  -1.6142687e-02   2.8681670e-02  -3.3561195e-01  -1.0981886e-01  -1.9258119e-01  -2.3120142e-01  -3.5226658e-01  -4.0252308e-01   8.1443221e-02  -3.3356280e-01   1.1413876e-01   2.0415642e-01  -3.4469260e-01   4.3233170e-01   1.1181192e-01   2.4932971e-01   5.3180327e-02  -2.1325712e-01  -2.4615711e-01  -1.0096394e-01  -1.5777760e-01   5.2938119e-01  -3.7573612e-01  -2.6471617e-01   6.4383333e-02  -1.3230362e-01  -1.6874359e-01   2.3583332e-01  -2.9044105e-01   1.6890677e-02  -2.4611559e-01  -9.3504888e-02   4.2966137e-01   1.8224263e-01  -6.8780114e-02  -1.4548224e-01   2.5253304e-01   6.0008722e-01  -3.1572847e-01   1.3616817e-01   4.5160943e-02  -1.4216960e-01  -2.2298652e-01  -3.9882957e-02
  -1.9187571e-01  -1.6423119e-01   1.1590132e-01   1.1418632e-01   4.5588038e-01   3.7508087e-01  -5.7752890e-02  -2.4868743e-01  -3.9117754e-01   6.6486276e-02   4.1553466e-02  -2.8031433e-02   0.0000000e+00  -4.1647340e-01  -7.2231754e-02   3.8675840e-01   1.2700336e-01   2.5432787e-01  -1.1744122e-01   4.8880508e-01   7.7490655e-02  -1.5633964e-01   1.2184143e-01  -3.3548255e-01  -2.5938034e-01  -2.0180614e-01   4.6555790e-01  -2.4585939e-01   1.3072758e-01   3.5283672e-02  -2.3322061e-01  -4.3926500e-02   8.0895225e-02   2.5846404e-02  -3.4243231e-01   4.7466293e-01  -3.6539411e-02  -5.1693859e-03   5.1530214e-01   3.5813907e-01   6.9101296e-01   2.3503575e-01  -1.1700502e-01  -1.5203042e-01   4.0209940e-01  -6.1799696e-02   1.8330887e-01  -2.7984000e-01   4.6592545e-01   3.7461562e-01   1.8911086e-01  -2.2241138e-01  -7.1878908e-02   1.6607491e-01  -2.8934539e-02  -3.3054191e-01   3.6170509e-02   1.4094951e-02   2.4768448e-01  -2.7860065e-01  -2.9127675e-02   4.6425014e-01  -1.1497662e-01  -5.5249504e-02   4.6264957e-02   1.7005678e-01   3.5271528e-01  -1.4117499e-01   6.8981263e-02   3.2018716e-01   2.5546128e-02   2.5284234e-01   5.0293917e-01  -9.2253821e-02   5.8348675e-02  -1.3097958e-01   6.5776543e-03  -8.2151224e-02   3.0222729e-01   3.3803982e-01  -3.3423157e-01   4.0877586e-01  -2.2605581e-01  -1.0229970e-01  -2.5464274e-01  -3.9286226e-02  -2.8304205e-01  -2.8645560e-01  -1.3640301e-02  -2.1642385e-01   2.1914720e-01  -3.4274803e-02   4.9176243e-02  -2.9248487e-01  -9.8086247e-03   3.0672961e-01   1.7525542e-01  -4.2947392e-02   7.1647353e-02  -8.5532114e-02  -2.0597044e-02  -4.8338546e-02  -1.6784233e-01  -2.0521702e-01   2.8723922e-02  -5.2594432e-02  -1.7737597e-01   8.9034186e-02   4.4938684e-01   2.4716375e-02   6.4686458e-02   2.3968132e-02   4.7627314e-02  -2.8746860e-01   5.6372988e-02   3.9133553e-02  -7.3182438e-02   5.2772704e-01  -2.7652112e-01  -2.4018244e-01  -3.7670291e-01   1.8851680e-01   3.2502111e-01  -1.0405425e-01  -3.3029307e-01  -2.9679543e-01   1.5490617e-01  -1.0974329e-01  -1.8561227e-01   2.6476549e-01   4.7839512e-01   2.7183315e-01  -3.6660726e-01  -5.6318031e-02  -1.5316542e-01  -6.4957108e-02   1.5766288e-01  -1.9413790e-01  -8.8745288e-02  -2.0530961e-01  -2.5996838e-01   5.5986242e-01   3.0820520e-02  -7.1667331e-02  -5.4325010e-03  -6.6839959e-02   1.3976121e-01   2.6993290e-01   1.1998296e-01  -1.2463620e-01  -1.5571185e-01  -2.6307635e-01  -2.9492794e-01   1.7517499e-01   2.2272203e-01  -9.1331365e-02  -2.4945889e-01   3.7280070e-01  -1.3087162e-01  -3.6875088e-02  -3.8685141e-02   2.3437157e-01   6.2015978e-02  -2.5102489e-02   1.3812998e-01   7.2155702e-02   1.0945694e-01  -2.1094768e-01  -3.0390434e-01   1.6125081e-02   1.1297026e-01  -1.8833837e-01   1.0261540e-01  -1.2165443e-02  -2.3511534e-01   2.8930750e-02   5.0199051e-02
   6.2207880e-01  -1.8762480e-01  -3.2259686e-01   2.6788640e-01  -4.5801085e-01  -2.4090879e-01   9.5039087e-02   4.0354355e-01   3.5359615e-01  -1.1738375e-01   2.2758830e-01  -2.4891154e-01  -4.1647340e-01   0.0000000e+00   1.4346957e-01  -1.2589995e-01  -3.3614621e-01   1.5396561e-01   2.7522272e-01  -4.4685628e-01  -1.3214215e-02   4.3408715e-01   1.3394910e-01   6.4340878e-01   3.0646406e-01   3.9549987e-01  -5.2099037e-01   6.2549021e-01  -2.8690073e-01  -1.0674568e-02   6.3397469e-02   3.2925649e-01   1.5268068e-01  -1.3490149e-01   5.6047481e-01  -2.4706823e-01  -5.7517479e-02  -3.0770880e-02  -5.0665846e-01  -5.4408094e-01  -1.2709653e-01  -3.1124931e-01  -7.9856932e-02   4.0666699e-01  -3.6408802e-01   2.7132174e-01   5.0386733e-02  -4.0331611e-03  -6.4553706e-01  -6.2919959e-01   1.3529952e-01   4.9246371e-01  -2.4847808e-01  -1.4452555e-01   4.3712459e-01   5.6100667e-01   3.0416852e-01   2.7040341e-01   1.3898298e-01   5.1594840e-01   9.9039080e-02  -4.5165446e-01  -1.1608295e-02   2.9500094e-03  -3.5688984e-01  -1.3573295e-02  -3.9041214e-01  -9.1966849e-02   1.6997790e-01  -2.6151776e-01  -3.9982614e-01  -1.5027346e-01  -1.8753270e-01   3.3932614e-01   1.5040648e-01   2.0103213e-01   1.4986145e-01   1.5621879e-01  -5.0620415e-01  -1.1634621e-01   6.0698192e-01  -2.8443167e-01   9.6458307e-02   2.3744072e-01   2.8905662e-01   1.8040840e-01   4.1625945e-01   6.0278749e-01   1.3274132e-01   5.9291514e-01  -4.8272128e-01   1.0645634e-01  -3.3015417e-01   4.2748516e-01  -3.8716053e-02  -4.2857778e-01  -1.8420293e-01   3.8031294e-01   2.1264067e-01   1.5955055e-02   2.0054081e-01   2.7659052e-01   4.4896984e-01   5.0523233e-01   2.4070994e-01   3.4301995e-01   3.9533767e-02   1.3993499e-01  -4.6541255e-01  -1.7167458e-01  -3.2488502e-01   2.8595860e-01   2.0710064e-01   6.4573455e-01   1.1657221e-01  -3.8095233e-01   2.2416327e-01   2.5084144e-02   2.6413297e-01   4.9509373e-01   5.6094344e-01  -3.9916561e-01  -3.9047927e-01  -6.3947685e-02   5.3300209e-01   6.7188161e-01  -7.3742218e-02   5.2567938e-02   3.5180465e-01  -4.6235398e-01  -4.1443179e-01  -2.8957811e-01   5.5044091e-01   1.0779892e-03   2.7458920e-01   2.6372756e-01   2.7944391e-03   4.8844360e-01   2.8938865e-01   4.1623540e-01   6.0994364e-01  -2.9049163e-01   9.7712416e-02   1.1343676e-01   1.3956080e-01   2.9142503e-01  -2.5785164e-01  -3.5620463e-01  -8.4134857e-02  -1.8793147e-01   4.3863697e-01   4.2020637e-01   2.8520112e-01  -2.0830737e-01  -5.3835912e-01   3.7790280e-01   4.6653532e-01   1.5614723e-02  -3.9958592e-03   3.1923338e-01  -2.0305584e-01   1.1864956e-01  -1.6218693e-01   3.5822042e-01   1.5271920e-01  -2.6473223e-01   1.4379971e-02   5.2258728e-01   4.8521480e-01  -3.7535506e-01  -3.7352004e-01   2.0660806e-01  -9.6103476e-02   2.1652841e-01   2.4341605e-01   1.4095769e-01   2.2142341e-01
