   0.0000000e+00   2.3910831e-02   1.0714805e-01  -2.4176607e-01  -1.6196386e-01  -3.0888339e-02  -2.2038298e-01  -1.3754040e-01  -9.8153118e-02  -6.4761344e-02  -3.3610843e-01  -5.8891879e-02  -1.1017657e-01   2.7614030e-01   2.7184804e-01  -1.2941404e-01   1.0819281e-01  -2.0144077e-01  -8.5164203e-02  -2.9028686e-01  -3.7942147e-01  -4.8731643e-02  -3.2228658e-01   5.5344689e-01   1.9293359e-01  -2.5751467e-01  -2.1032942e-01   3.6948711e-01  -5.5645245e-02  -1.3877206e-01  -1.6043629e-01  -3.7839871e-01   1.0885591e-01  -2.2913924e-01   4.1664932e-02  -4.5757590e-01  -2.7053052e-01   4.1810346e-01  -1.3219392e-01  -3.0638886e-02  -2.6016870e-01   2.6428531e-01  -1.4162855e-01  -1.1744856e-01  -3.4999058e-02   5.1402126e-01  -3.2771460e-01  -3.2661078e-01  -8.0089147e-02   3.4181489e-02  -1.2613659e-01   3.2645624e-02  -2.5046560e-01   8.1877491e-02   3.8746376e-01   3.0970321e-02   2.6671703e-02   3.9617707e-02  -1.3619027e-01   1.5939475e-01   2.2085055e-01   6.8979246e-02  -8.6212840e-02  -1.4346555e-01  -1.7969369e-01  -1.7797246e-01   1.1208757e-01   6.1313722e-02  -2.7976173e-01   3.2543058e-01  -1.0103717e-01  -1.6377474e-01  -2.4062280e-01   6.6026751e-01   2.5364036e-02   9.5149196e-02   3.3503652e-01   6.1950574e-02  -1.7136063e-01  -4.1099370e-02   2.7050556e-02  -1.2437833e-01  -3.5498565e-01  -9.0135403e-02   3.9078800e-01  -5.1282561e-03   4.3402615e-02   3.7332524e-01  -1.0045026e-01   7.2671123e-01  -1.2179494e-01   1.9085320e-01  -2.2731073e-01  -1.4494489e-01   5.6693648e-01  -3.3602360e-01  -2.9909943e-02  -2.6082828e-01   6.6864328e-02  -5.2766375e-03  -5.7732060e-02  -5.0455551e-02  -5.8419906e-02   2.1278461e-02  -1.0600741e-01  -8.1856107e-02   2.0065081e-01  -1.0859653e-01   1.2246193e-01  -2.5398984e-01  -8.8687431e-02  -6.6283221e-03  -9.3918814e-02   8.0713079e-01   2.3983642e-01  -1.9123442e-01   1.1832988e-01  -2.4553217e-01   1.3125479e-01  -2.1073507e-01   5.1380890e-01  -9.7793569e-02  -2.8921910e-01  -5.4964119e-02   5.7350088e-01   6.3698268e-01   1.8737431e-01  -2.0174461e-02  -3.1872463e-02   1.7939933e-01  -1.7578657e-01  -2.3798042e-01   5.5234736e-01  -2.1281179e-01   1.3365625e-01   1.0053319e-01  -1.1502633e-01  -4.9771005e-02  -5.7233265e-03   4.8519661e-01   5.1107021e-01  -1.1440547e-01  -1.2015941e-01   1.5950860e-01   3.8423316e-02  -8.9523518e-02  -9.7919368e-02  -2.3330670e-01  -1.8165786e-01  -1.1354542e-01   7.0752922e-01  -8.7219575e-02   6.5537238e-01  -1.8970929e-01   3.5474277e-02   4.7405213e-01   6.1929829e-01  -2.6230869e-01   1.6744567e-01   2.4011105e-03  -1.4654331e-01  -1.4727008e-01  -3.1177997e-01  -2.6108585e-01  -1.4007283e-01  -1.3014779e-01  -1.2124646e-01  -1.2924931e-01   6.2262527e-01  -4.3866106e-01   5.6098473e-02   3.3566281e-01   4.6781677e-02   9.9449778e-02  -4.9682839e-02  -2.9870055e-02  -4.0435754e-02
   2.3910831e-02   0.0000000e+00   5.6554984e-01   1.8520217e-02   3.9082272e-01  -2.9351987e-01   9.0376949e-02  -1.3086357e-01   5.1755548e-01   3.2410221e-01  -2.5002672e-01   5.4640309e-01   3.1844815e-02   2.9718485e-02   6.2459281e-02   6.9691888e-02   5.4987911e-01  -2.8455939e-01   2.2136636e-01   3.8235611e-01   2.5914410e-01  -1.9240074e-01  -1.0974664e-01  -6.4238569e-02  -4.0714810e-02  -1.2257719e-01   1.0845185e-01   8.6069788e-02  -2.3747635e-01  -2.1373722e-01   9.0508616e-02  -2.6639177e-01   2.6942535e-01   1.1260793e-01   4.9222728e-01  -4.4426956e-02   4.0624352e-03  -2.2016795e-01   2.9528653e-01   5.5112454e-01   1.1100710e-01   3.8414240e-01   1.3716610e-01  -3.6824096e-01  -9.0440479e-02  -1.2869034e-01  -2.0996759e-01  -1.3373876e-02   1.7294571e-01   4.8806753e-01  -4.7198117e-01  -2.9396797e-01   5.5834549e-03   1.1853198e-01   1.7435785e-01  -1.0443645e-01  -2.3655925e-01  -5.6046025e-02   5.8677479e-02   2.6528176e-01  -1.3764390e-01  -2.3717045e-01   4.9144535e-01   4.0181225e-01   3.4894463e-01   3.0082853e-01  -8.8348483e-02  -1.2427878e-01  -3.8207407e-01   2.8708095e-01   7.5515529e-01  -1.9280974e-01   3.1811808e-01   4.1842895e-02   1.2686063e-01  -1.5691378e-01  -3.2695057e-01  -2.8197755e-02   5.9485944e-01   1.2775268e-02  -1.6277035e-01  -1.1541783e-01   2.5008720e-01  -9.6236894e-02   3.6923831e-01  -4.1608824e-01   3.6148447e-01   5.5194405e-02   4.2442490e-01   5.1311661e-02   4.2887517e-01   4.2501647e-02   2.8197172e-01   3.3478171e-01  -2.7060340e-01   1.0814407e-01  -2.1060161e-01  -2.1410996e-01  -1.7456827e-01   2.4108252e-01   4.4258724e-01  -1.8945418e-01  -2.6517338e-01   3.8720086e-01  -4.5893118e-01  -3.6029428e-01   3.7436634e-01  -3.9590649e-01  -2.5375230e-01  -4.7178536e-01   4.7498100e-01  -4.2983876e-01  -1.5749596e-01   6.3740117e-03   1.2257309e-01   5.9310753e-01  -2.9711538e-01   1.1945878e-01   2.5962048e-01  -6.2413516e-02  -1.1128606e-01   2.6518151e-01   2.0034086e-01   2.3801736e-01  -7.6462452e-02  -1.7221403e-01   1.0366473e-01   7.4594851e-02  -3.4267443e-01   3.5139110e-01   2.4433348e-01   3.5534124e-01  -1.2037555e-01  -3.8308378e-01   2.1564567e-01  -7.8467279e-03  -4.9468242e-02   2.7281983e-01  -4.3575027e-01  -2.2770811e-01  -1.7627225e-01   1.1909610e-02  -3.2830291e-01   1.4839626e-02  -3.1715446e-01  -2.7792754e-01   4.1591664e-01   3.2024232e-01  -4.0059631e-01   1.5313164e-01   1.8698377e-01  -1.0513893e-01   1.6673869e-02   4.2858881e-01   6.1705006e-01  -2.7927791e-02  -1.3074660e-01   3.8701485e-02   1.3308576e-01  -4.6455664e-01   1.0114794e-02  -2.3794450e-01   1.1830884e-01  -2.5738224e-01  -2.0775740e-01   5.8898049e-01   5.2374071e-02   6.6736528e-02   1.6885362e-02   3.5176882e-01   3.6894797e-01  -3.3694433e-01  -2.7971442e-01  -1.3522221e-01  -1.5271480e-02   2.3925757e-01  -1.3095506e-02
   1.0714805e-01   5.6554984e-01   0.0000000e+00  -2.5673805e-01   3.7795272e-01  -1.6143887e-01  -5.2432739e-02  -2.4355833e-01   2.1254036e-01   3.5715342e-01  -4.2259874e-01   7.0013988e-01  -4.1222584e-03  -1.9221165e-01   6.2817065e-02   1.1911119e-01   8.1835552e-01  -4.4825686e-01   4.9909934e-02   3.2832743e-01  -1.2608225e-01  -3.5117021e-01  -2.4781350e-01  -1.4465144e-01  -1.3507688e-01  -4.1977300e-02  -4.0246284e-02   2.4033468e-01   4.6534048e-02  -3.6047509e-01  -2.9929234e-01  -5.0303066e-01   1.9618948e-01   5.7616737e-03   2.8209149e-01  -2.3520767e-01  -1.7424375e-01  -1.4182646e-01   1.2788098e-01   5.8120675e-01  -1.4284949e-02   2.8596509e-01   2.1758739e-01  -3.3519152e-01  -1.3114390e-01  -6.8992965e-02  -3.0614237e-01  -2.5951483e-01   1.0262180e-01   6.7218861e-01  -3.9971701e-01  -1.2237013e-01  -8.4326132e-02   2.5961659e-01   1.0006414e-01  -1.1722087e-02  -9.8355183e-02  -1.7487031e-01  -7.2635213e-02   1.2620324e-01   1.0698636e-01  -3.3182228e-02   3.8884712e-01  -2.5899885e-02  -1.2096350e-01   2.8008090e-01   5.5286859e-02   4.4054955e-02  -4.3296130e-01   5.8331375e-01   5.2748342e-01  -3.9208427e-01  -2.0879720e-02   2.8255890e-01   1.4194991e-01  -2.9962705e-01  -2.3809294e-01   1.7230453e-02   3.7489978e-01  -1.2719575e-01  -1.4738246e-01  -1.0129388e-01   2.6178461e-02  -2.3336680e-01   4.0914960e-01  -4.1666788e-01   1.0817266e-01  -1.8559530e-02   3.7049590e-01   2.1949020e-02   3.6690634e-01   3.7087351e-01   2.7259094e-01   3.6783002e-02  -1.9919615e-01   1.4123408e-01  -2.0965183e-01  -3.0372883e-01  -5.0747776e-02   5.7881905e-02   2.1481463e-01  -2.1282053e-01  -2.3809314e-01  -2.6030762e-02  -5.9273065e-01  -4.4192041e-01   2.7378521e-01  -3.1468595e-01  -2.1362674e-01  -5.4386772e-01   5.0664606e-01  -4.7706667e-01  -2.5211221e-01   4.5356685e-02   1.9214625e-01   2.6434065e-01  -1.0966255e-01   5.4239266e-03   2.5307326e-01  -2.1832115e-01   8.3478796e-02   3.0256233e-01   7.9056400e-02  -4.1296945e-02  -2.2817818e-02   9.0273325e-03   4.7315910e-02  -5.1525077e-02  -4.3704981e-01   5.2035460e-01   1.4187543e-01  -1.0203174e-03   6.1677112e-02  -4.0193645e-01   1.2938189e-01   1.5621295e-02  -2.4647041e-01   1.0454141e-01  -3.6948332e-01  -1.9980475e-01  -2.1565273e-01   1.0358609e-01  -4.4638577e-01   2.5363030e-01  -3.1274929e-01  -4.2091951e-01   5.9168138e-01   3.1430814e-02  -3.7237043e-01  -2.4893108e-01   3.3034577e-01  -2.0258909e-02   2.7051899e-01   8.3233928e-02   6.6304463e-01  -2.1812163e-01  -3.9181418e-02  -1.5819140e-01   2.8078023e-01  -2.6186262e-01   5.0008981e-02  -4.3669665e-01   8.2336425e-02  -3.4996399e-01  -3.0134100e-01   3.6093931e-01  -4.9129539e-02   3.5778994e-02   6.9616759e-02   1.3488864e-01   2.5139623e-01  -3.0400178e-01  -2.2694161e-01   1.5898663e-01  -3.4868175e-02   1.8982447e-01  -1.7392262e-01
  -2.4176607e-01   1.8520217e-02  -2.5673805e-01   0.0000000e+00  -7.0871222e-02  -2.0962337e-02   1.3234521e-01   1.2378552e-01   2.1357525e-01  -1.0492571e-01   3.0106199e-01  -8.9519912e-02   1.3486735e-01   9.1768119e-02  -1.9274173e-01   2.0100915e-01  -1.8502952e-01   2.3208424e-01   1.2061810e-02   6.3220452e-02   2.2962932e-01   2.2371114e-01   2.8890401e-01   5.3649638e-02  -1.4507554e-01   4.9082673e-02   2.9786588e-01  -1.3633111e-01  -4.7766793e-02   2.8800608e-01   2.0483444e-01   4.4062573e-01   7.1322617e-02  -1.0229355e-02   4.4529584e-02   2.3610358e-01   1.1291934e-02  -1.0064729e-01   2.8002684e-01  -1.1600911e-01   1.6749174e-01   2.0508807e-01  -1.8118879e-01   1.8280001e-01  -5.0719753e-02  -6.7821583e-02   2.0678456e-01   2.3745136e-01   9.4005616e-02  -2.2881786e-01   1.2219228e-01  -1.7350666e-01   6.9759386e-02  -9.1261404e-02   2.0720967e-01  -4.1170908e-02   6.2832195e-03   3.7774307e-01   4.0633255e-01   5.4904411e-02  -1.9959171e-01  -1.3304035e-01   2.8420931e-02   1.5281460e-01   1.2378267e-01   4.4976484e-02  -1.7040248e-01  -3.6609425e-01   2.3648593e-01  -2.3703160e-01  -5.2572588e-02   2.6281422e-03   2.1662371e-01  -2.7577916e-01  -2.0071349e-01  -1.1744494e-02  -1.4508878e-01   4.7233002e-02   6.5879688e-02  -3.0987795e-02   1.0305128e-01   6.0552253e-02   1.9621767e-01   8.4402820e-02  -1.1689389e-01   8.4160966e-02   8.1921483e-02  -7.5881583e-02  -6.5543478e-02  -1.7590864e-01   4.7619318e-02  -1.3937345e-01   2.3390670e-02   4.1124335e-01  -8.6238238e-02  -2.1065436e-01   5.6931413e-02   3.3069765e-01  -1.2571045e-01   4.2245387e-02   1.2611155e-01   6.8046574e-02   5.2004074e-02   2.7190518e-01   4.3475933e-01   3.1407109e-01   1.7786059e-01   8.0012553e-02   6.0693473e-02   6.6736525e-02  -4.5102499e-02   3.1404661e-01  -5.7959890e-02  -2.2921405e-01  -2.4942947e-02   6.8025046e-03  -9.7366194e-02   4.1753182e-01  -5.3877165e-02   3.4276798e-01  -1.4044702e-01  -1.5732961e-01   2.9696351e-01   1.6755611e-01  -2.4310320e-01  -1.8509222e-01  -1.6072185e-01   1.5971070e-01   3.2499630e-01  -1.4217373e-01   1.6026447e-01   3.1964172e-01  -9.3384010e-02   5.3263637e-02  -1.3736243e-01   1.8033137e-01  -3.7705740e-03   1.6844292e-01   6.0215541e-02   7.6136669e-03   1.6564325e-01  -1.1762830e-01   3.1246010e-01  -9.4239192e-02   1.2830864e-01   2.0825117e-01  -1.8088925e-01   1.3610306e-01   1.4789485e-01   1.6174778e-01  -2.9385575e-01   2.5207745e-02  -2.3315832e-01   2.7772206e-01  -1.0882998e-01   1.5525876e-01  -5.4074639e-03   4.2616361e-01  -1.2091896e-01   3.1705849e-03   1.7111324e-02   2.0391319e-01  -1.8798971e-02   5.2128288e-01   2.6463573e-01   9.3407573e-02   2.1015528e-01   5.3128964e-02   1.1950687e-01   2.2035060e-01  -9.3006262e-02  -8.7808027e-02  -2.9885615e-01  -2.1674503e-01   1.4082657e-02  -4.6203994e-03   4.9882149e-02
  -1.6196386e-01   3.9082272e-01   3.7795272e-01  -7.0871222e-02   0.0000000e+00  -2.8214011e-01  -1.7359745e-01  -6.2321274e-02   3.2817512e-01   1.8759130e-01  -3.1128268e-02   2.5928682e-01   2.2685229e-01  -1.7373719e-01  -1.0647818e-01   5.2057993e-02   3.2794472e-01  -2.1623289e-02   6.2905343e-02   6.4057611e-01   1.5858671e-01  -2.8186703e-01  -1.2337785e-01  -1.7923863e-01  -6.2819943e-02   1.1361048e-01   1.0897301e-01  -1.2230879e-01  -1.0837402e-01  -3.3886134e-01  -2.2964296e-01  -1.3480183e-01   8.9614172e-02  -4.1766063e-02   1.8915247e-01   2.5954730e-01   1.3013583e-01  -3.0545788e-01   1.7186459e-01   3.9802841e-01   2.7681185e-01   1.7144841e-01   3.3445578e-01  -2.6558979e-01   1.8992142e-01  -2.3288242e-01  -4.8256954e-02  -2.1224272e-01   3.2873220e-01   4.0011388e-01  -1.0663779e-01  -2.4802917e-01   1.3535944e-01  -8.0874455e-02  -2.1058566e-02  -3.4355246e-01  -9.4227839e-03  -2.1525618e-01   3.5840553e-03  -2.4943613e-02  -1.3362798e-01   9.2330902e-02   5.8010643e-01   1.8887042e-01   2.7171626e-01   2.4005233e-01  -1.2052936e-01   9.8567789e-02  -1.9783256e-01  -1.0477469e-01   5.4361670e-01  -1.5758043e-01   2.3273249e-01  -2.6417674e-01   3.1879275e-01  -2.1021907e-01  -2.6834259e-01   5.2408398e-02   6.8894871e-01   1.4262487e-01  -3.2383308e-01  -1.6236645e-01  -1.7033021e-02  -1.2626362e-01  -1.3813048e-01  -1.4563700e-01   1.0733995e-01  -5.2772936e-02   4.1482556e-01  -1.1100351e-01   7.0444489e-01   1.1984038e-01   3.0368685e-01   1.0918506e-01  -3.3785278e-01   4.8739117e-01  -1.0989253e-01  -8.7016192e-02   1.4924504e-01   2.4566704e-02  -5.5831481e-02  -1.0071903e-01  -2.5997754e-01  -1.4806998e-01  -2.1780027e-01  -2.3376224e-01   8.5977410e-02  -3.1731893e-01  -8.6213843e-02  -1.7834463e-01   1.1217438e-01  -4.0460587e-01  -2.8723560e-02  -1.2829531e-01  -2.7030520e-01   5.9469032e-01  -1.3978817e-01   1.2921659e-01  -2.4400986e-01  -4.2345880e-02  -1.9878999e-01   7.5910236e-01   2.9525334e-01  -2.0694893e-02  -2.3603252e-01  -1.6161186e-01   5.7187075e-02   3.2715248e-01  -2.2160935e-01  -8.8782747e-02   2.8506822e-01   1.2681675e-01  -4.2049426e-01  -2.7290117e-01   1.5491973e-01  -1.6611419e-01   2.0601843e-02  -1.6253565e-01  -1.5312362e-01  -8.5115780e-02  -5.8519661e-02   2.4678141e-01  -1.9630320e-01  -2.2638340e-01  -3.6668303e-01  -3.1446518e-01   1.4183323e-01   3.2822861e-01  -2.8055135e-02  -4.2200540e-02  -9.1139204e-02  -1.8001605e-01  -1.1159001e-01   1.5117798e-01   3.0798432e-01  -1.8313915e-01  -3.2348311e-01  -4.9570515e-02   2.0217196e-01  -3.0272898e-01   1.9628963e-01  -1.2721101e-01   3.9501162e-01  -4.1073313e-02  -2.8491502e-01   4.6028678e-01  -3.1927466e-02   5.8146792e-02  -2.7352863e-01   4.4472223e-01   5.0260138e-01  -3.8589243e-01   1.1214982e-02  -1.9663027e-01  -8.7688831e-02   1.4876220e-01  -1.3671690e-01
  -3.0888339e-02  -2.9351987e-01  -1.6143887e-01  -2.0962337e-02  -2.8214011e-01   0.0000000e+00   1.7973013e-01   1.8251775e-01  -2.1850391e-01  -2.5206032e-01   1.7939714e-01  -2.6129525e-01  -2.6293601e-01  -2.3986199e-01  -1.5737156e-01   8.0327385e-02  -1.1020673e-01   9.2384320e-02  -8.9864765e-02  -2.2876178e-01  -2.7011695e-01   1.3848071e-01   1.6969006e-01  -1.0554716e-01   6.1681534e-02   5.0531081e-02   1.9531451e-01  -8.4534108e-02   1.3119292e-02   3.8132021e-01  -5.4466058e-02   1.0300718e-01  -9.3897297e-02  -4.9474122e-02  -4.6367018e-01   4.3403038e-02  -7.3811032e-02   1.2033637e-01  -1.4499529e-01  -1.7214542e-01  -1.8123335e-01  -2.9580830e-01   8.6260156e-02   2.6121421e-01   5.0763106e-02   3.5554397e-01   1.4459327e-01   2.0009188e-01  -3.1650248e-01  -1.4617443e-01   1.0755567e-01   2.8641798e-01   2.1325112e-01  -1.6242498e-01  -2.3162957e-01   3.0974762e-01   3.7384538e-01   1.7331770e-01  -1.9022827e-01  -1.4254361e-01   3.6036129e-01   4.3217208e-02  -3.5682233e-01  -5.1202747e-02  -2.5648003e-01  -1.7158123e-01   5.0246164e-01   1.1337444e-01   2.0195194e-01   1.7313048e-01  -4.1935014e-01   2.1175905e-01  -3.6435691e-01   3.5801963e-02  -2.3191746e-01  -7.9842127e-02   4.6284153e-01  -1.8505706e-02  -3.7121278e-01  -1.3722417e-01   1.6427797e-01  -1.4412861e-02  -1.0732459e-01   3.0816705e-01  -1.6859500e-01   8.8623870e-02  -4.0524000e-01  -1.9452514e-01  -1.8838177e-01  -5.0171066e-02  -3.3196442e-01   1.2483784e-01   3.8286311e-03  -1.2497431e-01   2.6320900e-01  -6.6948605e-02   1.5510043e-01   2.9260415e-01  -1.8877525e-02  -2.3216016e-01  -3.1502286e-01   2.7225339e-01   2.3412781e-01  -1.6238180e-01   1.9116394e-01   1.5944797e-01  -2.9280239e-01   5.3773952e-01  -3.9129380e-02   4.0536448e-01  -1.6840060e-01   3.9331797e-01   1.4291501e-01  -4.1014292e-02   5.2366160e-02  -4.0045840e-01   1.7991442e-01  -2.1674854e-01  -2.1262117e-02   2.3567117e-02   1.4457791e-01  -1.4016671e-01   4.9449612e-02  -3.4875564e-01   1.5833915e-01  -7.7837944e-02  -3.1141636e-01  -2.7094785e-01   3.1080227e-01   3.7960535e-02  -1.7030950e-01  -1.6504154e-01   1.7302097e-01   1.8916623e-01  -1.1873026e-01   8.7046774e-02  -2.7292161e-01  -2.2650579e-01   2.9119816e-01  -9.6225080e-03  -1.1136679e-01  -1.7863158e-01   1.7622401e-01   4.5955331e-01   1.7977298e-01   6.7412440e-02  -1.7605291e-01  -2.2512175e-01   3.1222741e-01  -3.6411896e-01  -7.7201399e-02   8.8759956e-02   7.0468224e-02  -1.0738969e-01  -2.5636898e-02   1.3478068e-02   2.3618487e-01  -8.5505935e-02   6.5269058e-02   4.3458515e-01  -1.0752194e-02   4.1253516e-01  -1.7163385e-01   1.2013431e-01   1.9231520e-01  -3.1409038e-01   2.4739790e-01   4.1916396e-02   8.7709246e-02  -1.2456320e-01  -2.5013365e-01   1.7971835e-01   2.5487303e-01   5.2156500e-01  -1.3313956e-01  -3.7965230e-01   2.5965532e-01
  -2.2038298e-01   9.0376949e-02  -5.2432739e-02   1.3234521e-01  -1.7359745e-01   1.7973013e-01   0.0000000e+00   3.5672201e-02   8.3907131e-02   2.7473448e-01   3.1474614e-01   1.9415384e-01  -3.3429923e-02   5.3257323e-03   8.2704731e-02   1.0348631e-01  -2.7981759e-01  -1.3252485e-02   5.4104910e-02   1.4528588e-01   5.0816456e-02   2.6805224e-02   7.3395387e-01  -2.4272999e-01  -4.2326606e-02  -3.7076948e-02   1.8822879e-01   2.8805882e-02   7.4084429e-02   1.5694464e-01   1.7759700e-01   1.2349017e-01  -1.6955346e-01   5.7232727e-01   1.8554232e-01   2.3507765e-01   1.1098213e-01  -2.0200384e-01   7.8634290e-02   1.6368762e-01  -5.5738302e-02  -6.0054405e-02   2.7951143e-02   1.0504069e-01  -6.7454867e-02  -1.6745290e-01   3.3371955e-01   4.9750613e-01  -1.9723591e-01  -2.3464928e-01  -1.1089434e-01   3.1394503e-02   2.6285642e-01  -2.5496431e-01  -6.3341386e-02   1.6266582e-01  -5.8467283e-03   1.6816271e-02  -4.3066673e-02   2.2284658e-02  -2.3388456e-01  -7.7744866e-02  -1.8719539e-01   2.4771462e-01  -7.8588902e-02   4.1974269e-01   5.4635530e-02  -1.8652875e-01   5.4534994e-02   1.0851216e-01   6.0516510e-02   1.9400352e-01   1.2529129e-01  -2.1207069e-01  -7.6408420e-02  -4.8750358e-03  -1.6929048e-01  -1.0959158e-01  -6.0527344e-02  -8.0199317e-02   2.8747352e-01   1.8515052e-02   1.6273095e-01  -5.3538822e-02  -1.4921186e-02  -1.7253951e-01  -7.2486634e-02  -1.7375247e-01   5.4594078e-02  -2.9371457e-01  -2.7375366e-01  -2.3617165e-01   2.5697683e-01   9.3942869e-02  -3.2417455e-02   1.3656367e-01  -2.0044394e-01   2.6910682e-02  -2.2288227e-01   5.1414144e-01   1.5541126e-01   4.7287362e-01   6.4963539e-02   2.0851252e-01  -9.7709534e-02  -9.4327426e-02  -1.6459813e-01   1.8887440e-03  -5.0141263e-02   9.1455877e-02   3.9316625e-01   6.4652014e-02  -2.5060498e-02  -2.7159441e-01   2.8282185e-01   3.7926135e-02  -2.4271873e-01  -2.8083912e-02   1.3612657e-01  -8.9824494e-02  -2.6521928e-01  -2.0492167e-01   1.1112481e-01  -2.3155885e-01  -8.4920503e-02  -3.8312201e-01  -8.6692430e-02  -1.5853467e-01   1.1338193e-02   9.9592666e-02  -2.0449648e-01   4.1700628e-01  -1.4702834e-01   2.6192409e-01  -1.9977597e-01  -1.1613615e-02  -1.7913677e-01   1.7548770e-01  -9.5257429e-02  -2.4787596e-01  -8.6314342e-03  -2.9719057e-01  -5.5472976e-02   1.9604800e-01   1.5727843e-01  -1.3815327e-01   4.9900570e-01   4.9911148e-02   1.4245018e-01  -6.8224092e-04  -2.1727839e-01   1.1581629e-01  -3.1632317e-01   3.0741229e-01  -7.3263071e-02  -7.4206024e-02  -5.5978089e-02   1.7425105e-02  -4.0269310e-01   3.4648765e-02  -1.8944278e-01   1.3602566e-01  -1.9855329e-02   1.0976662e-01   8.7291674e-02   1.2130050e-01   2.9458492e-01  -3.9852558e-02  -2.9458164e-01   2.6991649e-01  -1.0985272e-02  -2.1068291e-01  -2.7676061e-02   2.3233043e-02  -4.8295858e-02  -3.5164259e-02   1.1075055e-01
  -1.3754040e-01  -1.3086357e-01  -2.4355833e-01   1.2378552e-01  -6.2321274e-02   1.8251775e-01   3.5672201e-02   0.0000000e+00  -1.7690855e-01  -3.4165257e-01   2.8844091e-01  -2.6218368e-01  -1.8706596e-01  -9.5058420e-02  -1.5316914e-01   1.6448770e-01  -2.0186926e-01   2.5538403e-01  -7.1737515e-02  -2.1398722e-01   2.1177811e-02   4.1660183e-01   1.2723846e-01  -7.2274759e-02   1.6446849e-01   3.1334010e-01   1.5785679e-01   2.1798314e-01   8.6571126e-02   3.6503535e-01   1.5297783e-01   3.4758139e-01   1.3467627e-01   7.2234302e-03  -2.7213386e-01   1.4703483e-01   1.9298097e-01  -3.5201537e-02   1.0293213e-01  -2.1296075e-01  -4.8380327e-02  -9.5622809e-02   2.9554236e-02   4.9325968e-01  -2.5994292e-02   1.7393748e-01   2.8920789e-01   3.9476610e-01  -9.9258824e-02  -1.9883815e-01   2.1544777e-01   4.4890980e-01   1.1161426e-01  -8.2680117e-02  -3.9870944e-02   2.9247902e-01   9.2032775e-02   3.5446371e-01   2.6712303e-01  -3.1521639e-01   1.3328352e-01  -3.8690263e-02  -2.2548850e-01   1.0755563e-01  -7.1395931e-02  -2.7372416e-01   1.9052214e-01  -1.3117914e-01   3.9923182e-01  -1.7405827e-01  -1.2334805e-01   2.6438979e-01   8.1526721e-02  -6.8888085e-02  -1.5599333e-01   1.0724330e-01   1.3198366e-01   2.6627572e-01  -9.1116049e-02   9.5396326e-03   2.6930533e-01  -1.3722833e-01   8.4734000e-03   3.4330037e-01  -2.0197663e-01   1.7045773e-01  -2.4000156e-01  -8.5209601e-02  -2.3438649e-01  -4.4295506e-02  -1.0442714e-01  -6.1603906e-02  -7.5758724e-02  -6.6737001e-02   2.4973135e-02  -1.8528378e-02   3.1466657e-02   2.9510066e-01  -9.8044159e-02  -2.1952588e-01   1.2454659e-02   3.3710084e-01   5.7063938e-01   4.6730391e-03   1.1314488e-01   4.4706599e-02  -3.1670546e-01   4.7214098e-01  -2.5991425e-01   3.1755231e-01  -1.7339053e-01   3.8604652e-01   2.9411250e-02  -7.3780171e-02   6.2046095e-02  -1.4212893e-01   1.3775486e-01   6.0883278e-02   1.6131103e-01   6.2863823e-02   3.6415369e-02  -2.6379845e-02   1.0237067e-01  -8.8900349e-02   8.7968628e-02  -8.3328314e-02  -1.7708596e-01  -6.5782813e-02   2.4299450e-01  -7.2393460e-02   1.2279107e-01  -6.8709445e-02  -6.0119325e-02   1.8882101e-01  -1.4202570e-01   1.3169413e-01   1.1068123e-01   1.3546287e-01   3.6926994e-01  -7.0058122e-02  -2.4092275e-02  -1.8996550e-01   2.3505671e-01  -2.2278532e-02   2.2485632e-02   2.1536085e-01  -2.5389072e-01   8.0409565e-03   1.3392585e-01  -1.7462114e-01  -9.3844834e-02   4.9577681e-01   5.3174094e-02   2.7820675e-02  -1.6691995e-01  -3.9921727e-02   1.0877159e-01   3.3841001e-01   1.3025855e-02   4.0576982e-01   8.6995410e-02   2.9546862e-01  -1.3852868e-01   2.5645748e-01   1.7209936e-01  -1.6728798e-01   3.3783934e-01   1.4922891e-01  -2.7178809e-02  -2.8917888e-02  -1.4396466e-01  -5.8329202e-02  -9.2337989e-02   1.4960972e-02  -1.2271768e-01  -7.8274955e-02   3.6393635e-01
  -9.8153118e-02   5.1755548e-01   2.1254036e-01   2.1357525e-01   3.2817512e-01  -2.1850391e-01   8.3907131e-02  -1.7690855e-01   0.0000000e+00   2.7305945e-01   8.4347657e-02   3.3514042e-01   2.2701312e-01   3.9371975e-02  -2.1393005e-01  -1.1765326e-02   9.6807559e-02  -2.1226787e-01  -3.7478959e-02   3.1094842e-01   1.6519385e-01  -1.7272655e-01   1.0095237e-01   1.3294780e-01  -1.7725701e-01  -1.3540029e-01   2.7417859e-01  -1.4749015e-01  -2.2448569e-01  -1.4923849e-01  -1.1697336e-01   1.5327983e-02  -9.9010584e-02   1.0425342e-01   4.2557443e-01   2.7824058e-01  -1.7651128e-01  -1.5081490e-01   1.2611341e-01   3.5715071e-01   2.0169112e-01   1.6443019e-01   1.4193494e-01  -3.1081915e-01   2.1800842e-01  -2.1860296e-01  -3.0331272e-01  -7.5688768e-02   1.3899613e-01   2.1245879e-01  -3.8943379e-01  -3.7570185e-01  -6.3173514e-03  -2.0634975e-01   7.2688647e-02  -2.7193165e-01  -2.4387550e-01   4.1942025e-02   9.6184225e-02   3.1864927e-01  -3.1197698e-01  -1.3291251e-02   4.7251888e-01   2.8986993e-01   4.0225670e-01   3.6011788e-01  -1.6148833e-01  -2.0693379e-02  -2.5057988e-01  -4.1389183e-03   4.2058560e-01  -1.3680368e-01   2.4246167e-01  -1.6101873e-01   2.8496078e-02  -2.6578603e-01  -2.7879370e-01  -3.7509469e-02   4.9422935e-01   3.7163069e-02  -3.0193345e-01   8.8032977e-02   1.7915045e-02  -1.1299681e-01  -9.0547969e-02  -3.3409692e-01   2.5256523e-01   6.5640052e-02   4.7381610e-01   3.6887247e-02   3.2000618e-01  -5.6551910e-02   2.5864157e-01   6.7951214e-01  -2.1196865e-01   1.1176346e-01  -3.8464010e-02  -4.7324811e-02   1.0367437e-01   2.9971077e-01   7.9090054e-02  -1.7933663e-01  -3.1371305e-01   3.5564210e-01  -1.4201726e-01   5.7884108e-02   1.3703577e-01  -3.5846440e-01  -9.0606192e-03  -2.4780208e-01   2.9193462e-01  -3.2446471e-01  -5.3956015e-02  -2.0761322e-02  -3.9296716e-02   3.6914634e-01  -3.0749948e-01   2.4303980e-01  -1.2669424e-01  -1.3571998e-02  -8.7336425e-02   1.9350301e-01   3.3131828e-01   1.8937577e-02  -1.2623030e-01  -1.7932761e-01  -6.7883826e-02   1.4498586e-01   3.3291058e-03   4.4387862e-02   2.3422654e-01   3.4355614e-01  -3.7048308e-01  -2.8888764e-01   1.3419074e-01  -9.3352831e-02   3.4830524e-02   1.7090148e-02  -3.3947282e-01  -8.6669834e-03   4.3060371e-02  -3.5873714e-02  -1.7541308e-01  -1.6412959e-01  -2.6373199e-01  -1.4533971e-01   1.8996184e-01   2.5649493e-01  -7.4532650e-02   5.8212209e-02  -7.2624206e-02  -2.5141209e-01  -1.1258384e-01   3.5581775e-01   3.4012723e-01   1.7508136e-01  -2.5497199e-02   5.1308994e-02  -9.8426683e-02  -3.8670506e-01   2.9667176e-01  -1.1505599e-01   1.6943791e-01   2.2342353e-03  -1.0068799e-01   4.0906874e-01   1.2017030e-01  -1.1856343e-01   1.9969096e-02   2.5914309e-01   3.2701810e-01  -1.2338757e-01  -9.7393144e-02  -3.0047749e-01   5.1005083e-02   5.8134170e-02  -2.5577184e-01
  -6.4761344e-02   3.2410221e-01   3.5715342e-01  -1.0492571e-01   1.8759130e-01  -2.5206032e-01   2.7473448e-01  -3.4165257e-01   2.7305945e-01   0.0000000e+00  -2.0749260e-01   3.8585475e-01   2.0158536e-01  -2.0464271e-02   9.3913871e-03  -1.8902258e-01   1.4304077e-01  -2.9673539e-01  -1.1843133e-02   3.4118304e-01   2.4596297e-01  -4.3838353e-01   1.4206534e-01  -2.1990376e-01  -8.2614826e-03  -1.3332621e-01  -2.1383109e-01  -1.9322632e-01  -1.0050412e-01  -5.1390408e-01  -3.2567666e-02  -1.4903921e-01  -1.7098792e-01   1.3520625e-01   4.6169701e-01   2.2605183e-02  -4.0320710e-03  -2.8322384e-01  -8.3226126e-02   4.6600315e-01  -1.0685770e-01   5.1216775e-03   1.9056511e-01  -3.4335685e-01   8.1407968e-03  -3.3093856e-01  -1.7251683e-01  -5.5611980e-02   1.5423204e-01   2.4520667e-01  -3.8927779e-01  -3.5634945e-01   9.7906070e-02   2.7217249e-04   1.0538810e-03  -3.3543592e-01  -1.7665248e-01  -3.7610303e-01  -1.7434187e-01   1.4972383e-01  -3.1373493e-01   9.7295385e-02   3.4286584e-01   1.5828409e-01   1.8279699e-01   4.8386268e-01  -2.3405502e-01   8.6500244e-02  -4.5972945e-01   1.7351215e-01   4.0598032e-01  -1.5173151e-01   8.8579653e-02  -2.4430073e-01   2.8709530e-01  -1.6728094e-01  -3.7421586e-01  -1.4628833e-01   3.9053927e-01   1.8998047e-01  -3.2324567e-01  -1.6906743e-02   2.3160483e-01  -1.8264372e-01   8.2707356e-02  -3.6905151e-01   2.2761777e-01  -4.6757961e-02   4.2858135e-01  -9.1374136e-02   2.4115658e-01  -1.3321809e-01   3.7640558e-01   2.0777488e-01  -2.7971453e-01   2.1016403e-01  -1.6193447e-02  -2.6797852e-01   8.4898679e-02   5.4299977e-01   1.8625411e-01  -1.1358951e-01  -4.8630927e-01   9.4033878e-03  -3.3471271e-01  -2.2014146e-01   1.3758782e-01  -4.2586449e-01   5.3725076e-02  -3.1341177e-01   5.8090291e-01  -5.3952167e-01   6.3250473e-03  -1.1262223e-01  -5.3840632e-02   3.0871827e-01  -3.0535903e-01   3.0052513e-04  -1.2643590e-02  -1.0291001e-01  -3.8619165e-01   1.5045260e-01   4.6675199e-02   6.0594452e-02  -2.2134245e-01  -2.9470845e-01   2.5184760e-01   2.6478004e-01  -3.3395017e-01   2.8073182e-01   2.5560288e-02   4.0208746e-01  -3.2580769e-01  -1.4553889e-01   1.6359682e-01  -2.1650441e-01   1.2991252e-01   1.4165430e-02  -4.7382433e-01  -1.2319231e-01  -1.9354439e-01  -5.6732323e-02  -3.3966210e-01  -5.6476628e-02  -2.5103731e-01  -2.8298710e-01   4.7840035e-01   2.2779857e-01  -8.5843669e-02   2.8437247e-01  -9.5983766e-02  -2.9681253e-01  -1.6707764e-01   2.2190585e-01   3.8576175e-01  -1.9977131e-01  -2.3633797e-01  -1.5277703e-01  -1.8611032e-01  -4.8189038e-01   9.9309166e-02  -3.1937488e-01   3.3703146e-01  -2.9327380e-01  -2.3926032e-01   4.1014566e-01   2.0855040e-02  -2.0845344e-01  -2.8237278e-01   3.8556785e-01   3.2439188e-01  -2.3951316e-01   2.0635739e-02  -1.7682504e-01   2.8465952e-01   4.6440728e-02  -3.9324965e-01
  -3.3610843e-01  -2.5002672e-01  -4.2259874e-01   3.0106199e-01  -3.1128268e-02   1.7939714e-01   3.1474614e-01   2.8844091e-01   8.4347657e-02  -2.0749260e-01   0.0000000e+00  -3.0989021e-01   8.3157586e-02  -9.3227325e-02  -1.7306544e-01   5.9035533e-02  -3.3897894e-01   4.2945865e-01  -8.9654474e-02  -1.6262570e-02   2.8424215e-01   1.3547157e-01   5.3798704e-01  -1.4329600e-01  -7.3058801e-02   1.8215101e-03   3.5608663e-01  -1.9216293e-01  -1.1903066e-02   3.2096177e-01   3.2625892e-01   3.8978074e-01   8.7133758e-02   2.3816365e-01  -1.6775964e-01   6.5948532e-01   3.4525925e-01  -4.0111563e-02   8.3440896e-02  -1.3439698e-01   2.6804305e-01  -1.3655268e-01  -1.8000818e-01   2.5223309e-01   2.1920324e-01   7.0385319e-02   6.2098083e-01   3.7056974e-01   7.9078710e-02  -3.4807481e-01   1.8302911e-01   1.5804459e-01   3.1557328e-01  -4.0530464e-01  -2.0756963e-01  -7.5916940e-02  -2.3505215e-03   2.5922892e-01   2.4753742e-01  -2.0231358e-01  -9.6884391e-02   6.7662121e-03  -3.3110064e-01   3.0103673e-01   1.1855154e-01   1.9353988e-02   9.4204009e-02  -1.2288888e-01   5.4073712e-01  -3.3715939e-01  -3.1022952e-01   2.1155362e-01   2.3178287e-01  -3.0568216e-01  -2.1482060e-01   5.2017287e-02   5.3510857e-02  -2.3457553e-01   9.2744541e-02  -2.5679419e-01   6.0239929e-02  -2.5162433e-02   1.1102394e-01   1.0486345e-01  -3.5669832e-01   8.7833363e-02  -2.0816813e-01  -4.3130173e-01  -2.6420344e-03  -3.0755458e-01   8.8764730e-03  -1.1105485e-01   2.1482810e-02   4.7292268e-02  -7.9284005e-02   9.0637566e-02  -1.6703975e-01   1.6549927e-01  -4.2914798e-02  -8.0492495e-02  -1.9766887e-01   4.7947046e-01   2.6452477e-01  -1.6367127e-01   3.6689465e-01   1.2561037e-01  -2.8413503e-01   1.4743384e-01  -2.9532569e-02   4.5518611e-01  -2.2623895e-01   4.4543249e-01  -1.6340560e-01  -2.5284651e-01  -2.3675076e-01   2.0442664e-02  -1.7646791e-01   2.2352494e-01  -8.4234493e-02  -1.0994816e-01  -1.4376866e-01  -2.8391681e-02   3.3595271e-01  -2.3028625e-03  -1.4293291e-01  -2.4485613e-01  -2.1068105e-01  -2.0093196e-01   1.9154323e-01  -2.5721039e-01   8.5097766e-02   3.4498412e-01  -2.1671614e-01   3.7327694e-01  -4.1270175e-01   2.2689778e-01  -1.6376987e-01  -3.0904773e-02   3.9784686e-01  -6.5381052e-02   1.1453980e-01  -4.5357820e-02   1.9814324e-01  -1.3692730e-01   2.9596616e-01   2.3310346e-01  -2.2409485e-01   2.6052039e-01   4.7897334e-01  -2.7556122e-02  -3.4842657e-01   3.6980839e-02  -3.6796882e-01   3.2012395e-01  -3.8491857e-01  -1.5414809e-02  -1.4009323e-01   1.1568827e-01  -7.3524045e-02   2.2681177e-01   1.1522357e-01   4.8056544e-01   1.7912342e-01   5.9779934e-01   5.9163916e-02  -8.1536227e-02   3.3518249e-01   1.3799492e-02  -2.1817976e-01   1.7138683e-01   3.8710791e-02  -1.0651930e-01  -6.0322712e-02  -1.0762819e-01  -1.2656932e-01  -1.8682786e-01   8.4468017e-02
  -5.8891879e-02   5.4640309e-01   7.0013988e-01  -8.9519912e-02   2.5928682e-01  -2.6129525e-01   1.9415384e-01  -2.6218368e-01   3.3514042e-01   3.8585475e-01  -3.0989021e-01   0.0000000e+00   6.9549597e-02  -3.7900231e-02   2.8284732e-01   1.6369417e-01   5.5451907e-01  -3.8820266e-01   1.2177112e-01   3.4782746e-01  -6.9288745e-02  -2.7717016e-01  -1.2229146e-01  -1.9328448e-01  -1.4290733e-01  -7.9332952e-02  -4.3339720e-02   1.6112479e-01  -1.0029290e-02  -3.2917323e-01  -1.7749657e-01  -2.6977953e-01   1.7621974e-01   1.8113972e-01   5.3007337e-01  -1.4121608e-01  -1.3872784e-01  -1.6830939e-01   1.9621069e-01   4.5312406e-01   1.0294400e-01   3.3220236e-01   2.9972846e-01  -3.4938614e-01  -9.0522904e-02  -3.9888780e-01  -3.0071198e-01  -3.9614648e-02   1.6599783e-01   5.4821803e-01  -4.2251558e-01  -2.0475606e-01  -7.0648298e-02   2.7485808e-01   1.0961036e-01  -1.1084963e-01  -2.1405040e-01  -1.9637793e-01  -2.4057599e-03   4.2626936e-01  -1.0818670e-01  -1.0130437e-01   3.8739647e-01   1.9542186e-02  -1.6908336e-02   4.1489100e-01  -1.1195521e-01  -8.2757333e-02  -4.2410762e-01   2.5974304e-01   5.9576533e-01  -3.2654692e-01   1.3811385e-01   1.1338358e-01   2.3877838e-01  -1.7334220e-01  -4.4934281e-01  -1.0650865e-02   2.8914996e-01   2.9540789e-02  -9.5963910e-02   8.3929280e-02   2.2405821e-01  -2.9481304e-01   3.7482629e-01  -4.1606205e-01   3.1423201e-01  -3.4544936e-02   2.9017189e-01  -7.7155031e-02   2.6124941e-01   2.1040736e-01   2.5642161e-01   2.6890343e-01  -2.3671525e-01   1.0826094e-01  -1.6322695e-01  -2.9159619e-01  -1.6733585e-01   2.3481045e-01   3.5448735e-01  -1.6928089e-01  -2.5976158e-01   2.4388487e-01  -4.9640699e-01  -2.4801780e-01   3.8397501e-01  -3.3112806e-01  -1.6254471e-01  -5.0044210e-01   5.7945531e-01  -4.4581595e-01  -2.0462824e-01  -1.2518653e-01   1.8265657e-01   2.4346154e-01  -2.6221171e-01   1.3274305e-01   1.8444521e-01  -1.4157777e-01  -7.7602723e-02   1.3786672e-01  -1.6964933e-02   4.9431965e-02  -1.8865639e-01  -7.6985087e-02   1.8345219e-01   1.0676016e-01  -3.9612452e-01   3.1425538e-01   1.0781781e-01   5.8295385e-02  -1.0944973e-01  -2.5128232e-01   2.5775041e-01  -3.6793597e-02  -2.7061559e-02   9.9226669e-02  -4.8222819e-01  -1.8044352e-01  -1.3477098e-01   3.3231319e-02  -3.5482931e-01   7.9303214e-02  -1.7862190e-01  -3.0896440e-01   7.0965925e-01   1.4001382e-01  -3.0847361e-01  -1.2707466e-01   1.1196105e-01   1.5590751e-02   7.9722926e-02   1.1589299e-01   4.7276552e-01  -1.8630357e-01  -1.0623847e-01  -7.6331287e-02   7.5279798e-02  -3.5898781e-01  -3.0601006e-02  -4.9443909e-01  -1.3753848e-02  -3.7310719e-01  -1.6475194e-01   4.0625664e-01  -4.6275183e-02  -5.2573319e-02  -6.7829684e-02   2.8849458e-01   2.5592748e-01  -2.1530082e-01  -2.7041731e-01  -4.0516558e-02   5.0984350e-02   2.9054451e-01  -2.1382591e-01
  -1.1017657e-01   3.1844815e-02  -4.1222584e-03   1.3486735e-01   2.2685229e-01  -2.6293601e-01  -3.3429923e-02  -1.8706596e-01   2.2701312e-01   2.0158536e-01   8.3157586e-02   6.9549597e-02   0.0000000e+00  -4.2444849e-02  -1.1184016e-01   8.1857508e-02  -1.5252537e-02   1.7903074e-01   3.8477074e-02   3.4043266e-01   1.3740811e-01   1.5106190e-01   8.1009146e-02  -7.8441285e-03  -1.2171567e-01   1.2272402e-01  -3.0243151e-02  -1.7366125e-01  -3.1336758e-02  -1.8721789e-01  -6.4729860e-02   2.0330946e-01   1.0450276e-01   1.8017581e-01   9.2882472e-02   1.6598413e-01   3.3855951e-03  -7.9462782e-02   1.9404366e-01  -3.4305440e-03   4.5066742e-01   2.4865918e-01   3.0573978e-02  -1.8673051e-01  -4.2326122e-02  -2.2849220e-01   1.4982421e-01  -1.3847481e-01   2.1812496e-01   4.3247395e-02   1.6346852e-01  -4.4512265e-02  -1.5299552e-01   4.3751007e-02   8.6022659e-02  -2.0386635e-01  -9.5587402e-02   1.1576643e-01   1.8750475e-01   1.5580784e-02  -3.4088313e-02  -4.7986809e-03   3.0487648e-01  -2.4436423e-02   1.9490486e-01   8.9536317e-02  -3.1945280e-01  -1.3186678e-01   1.0226939e-02  -2.6529323e-01   1.1450079e-01   7.0436284e-02   2.7736901e-01  -2.5564848e-01   1.3816330e-01   9.9862729e-02  -6.0030086e-02   9.7076771e-03   1.4763557e-01   2.1725508e-01  -1.9840966e-01   3.0169228e-01  -1.7078259e-01  -1.1282159e-01  -1.1848165e-01  -7.1861601e-02  -1.6809890e-02  -9.0371992e-02   1.3472372e-01  -1.1251507e-01   1.2880160e-01   1.0465909e-01  -2.5348514e-02   1.7512981e-01  -1.1783326e-01   7.1197471e-02   7.4227873e-02  -5.0043965e-03   1.1296940e-01   2.7712777e-01  -6.1033319e-02  -1.5160771e-01  -2.6901265e-01   8.0418671e-02   7.5924791e-02   1.6380076e-01   1.5988472e-01  -1.2204998e-01   7.2337012e-02  -1.2507211e-02   2.0810084e-03  -2.5422587e-02   1.3609248e-01  -1.5314304e-01  -2.3035104e-01   1.4067211e-01  -5.9839177e-02   4.4524527e-01  -3.2344113e-01   2.1703202e-01   2.5937367e-02   1.0772946e-01   8.3743703e-02   1.7237515e-01  -2.2893071e-01  -5.4301748e-02  -3.8479825e-02   3.5146297e-01   2.7635110e-02  -2.1633486e-01   2.6880851e-01   1.3929158e-01  -2.1431608e-01   6.0665771e-02   8.8580128e-02  -9.0217863e-02   2.3185906e-01  -2.3879881e-01  -2.0564039e-01  -5.7274682e-02   3.0453580e-02   3.7343959e-01   1.1517845e-01  -2.4220705e-01  -1.0517224e-01  -9.4027011e-03   2.8541525e-02   7.9548466e-02  -4.4843780e-02   1.4230272e-01  -1.9600727e-01  -1.9104082e-01  -1.0692046e-01   3.8779206e-02  -9.9882302e-02  -1.3751526e-02  -1.5543384e-01   3.0233547e-01   5.6560623e-02  -1.4937993e-01  -7.7369724e-02  -6.6497275e-02   8.4063942e-02   8.5321832e-02   1.8983291e-01   1.7514878e-01  -5.9827872e-02  -1.7195780e-01  -1.8565455e-02  -1.4970200e-02   1.3616606e-01  -2.3818654e-01   5.9322778e-02  -2.3431032e-01  -7.0372091e-02   3.1559898e-01  -5.5587170e-02
   2.7614030e-01   2.9718485e-02  -1.9221165e-01   9.1768119e-02  -1.7373719e-01  -2.3986199e-01   5.3257323e-03  -9.5058420e-02   3.9371975e-02  -2.0464271e-02  -9.3227325e-02  -3.7900231e-02  -4.2444849e-02   0.0000000e+00   1.4005156e-01  -7.3320179e-02  -1.1866218e-01   7.7116828e-02   2.2381453e-03  -3.0117895e-01   1.6708666e-01  -1.1601974e-02   4.8978372e-02   2.5908262e-01   7.9791323e-02  -2.0467373e-01  -1.3164513e-01   8.1408527e-02  -7.5940475e-02   7.7068250e-02   3.4964231e-01   6.4120093e-02   3.9499668e-02  -8.2697720e-02   3.5465958e-01   3.8572104e-02   1.2678327e-02   9.1650579e-02  -3.5622582e-02   1.3447035e-02  -8.0395234e-02   2.0622859e-01  -3.8219192e-01   9.1724020e-02  -2.0248395e-01   3.8002824e-02  -5.3528464e-02   1.4328103e-01   6.2634193e-02  -1.2318836e-01   1.3254216e-02  -1.3032782e-01  -7.0283385e-02   2.1709108e-01   3.6800152e-01   1.0049903e-01  -1.2755713e-01  -4.8948609e-02   4.8989804e-02   2.4173094e-01  -4.0279084e-02  -6.5061841e-02  -7.0096780e-02   8.3387406e-02   2.6049416e-02  -6.9430944e-02  -1.8725899e-01   8.7443237e-03   3.4605407e-02  -1.7863449e-02   9.0250430e-02  -1.5958399e-01   9.0398778e-02   2.7586783e-01   2.2999552e-01   7.5885141e-02   1.7686169e-01  -1.2621991e-04  -2.1958428e-01  -3.0702901e-02   2.6611031e-01  -7.5885670e-02   1.9329952e-01  -2.9645686e-02   3.7990254e-01  -1.5869508e-02   5.6571653e-01   2.5174870e-01  -1.8953350e-01   2.6277405e-01  -2.0741223e-01   3.0056102e-02  -2.7076374e-01  -4.2057734e-02   1.5330953e-01  -4.0028807e-01   1.4548629e-01  -2.2550793e-01  -2.0751624e-01   6.2118715e-02   5.0318337e-01   3.3724846e-02   1.0710114e-01   2.1226493e-01   1.0387248e-01   2.1012767e-01   2.4178380e-01  -1.4090657e-01   1.0303912e-01  -6.3289673e-02  -4.7038427e-02   9.9287969e-02   3.7069209e-02   1.6460787e-01   3.6454010e-01  -1.5546535e-01   5.2115769e-02   1.2360693e-01   8.8141132e-02  -9.2872652e-02   1.4308763e-01  -3.8514134e-01  -4.5064478e-01   2.7272594e-01   1.4308003e-01   3.6307880e-01   1.1627072e-01   1.9671798e-03   1.1466636e-01   1.4229723e-01  -2.0907565e-01  -1.5135981e-01   3.0374721e-01   2.1719757e-01  -6.3111788e-02  -1.1319887e-02   6.6588228e-02   2.8418533e-01  -1.1584955e-02   1.5687182e-01   2.1873206e-01  -4.2611424e-02  -8.9164087e-02  -1.6971885e-01   3.8326408e-01   2.6542185e-01   6.8909100e-02   2.4849479e-01  -1.0535846e-01   2.6312737e-01   2.8474024e-01   9.5137436e-02   2.1458699e-01  -6.8678938e-02  -1.8848711e-01   2.1320749e-01   1.5904424e-01  -5.5854283e-02   4.1676426e-02   7.5683406e-02  -5.9439246e-02  -1.4423534e-01   2.2874301e-02  -3.4012446e-02  -1.9805172e-02  -1.3319087e-01  -2.2168966e-01  -1.9913184e-01   1.6881664e-01  -7.0123769e-03   6.5872096e-02   2.5156609e-01  -1.3767182e-01  -2.6350797e-01   3.9303881e-02  -2.1880433e-01  -1.2250339e-01
