   0.0000000e+00  -2.1213608e-01   7.6129777e-02   4.1399550e-01  -2.3202624e-01   2.8973167e-01  -1.8215658e-01   2.1221976e-01   2.7646749e-03  -3.4445660e-01   3.8990307e-02   8.3233542e-02   5.4563898e-03   3.8516820e-01   1.3091222e-01  -8.3641369e-02  -4.3371215e-02   5.8806379e-02  -5.0431738e-02  -2.3101814e-01  -8.9261326e-02   1.2871085e-01  -3.6216072e-02   2.6153893e-01   1.9027105e-01   8.3207038e-02   9.6843890e-02   3.3716022e-01   3.4897597e-02   1.5032283e-01  -3.8732976e-01   3.6959767e-01   1.3059739e-01  -5.1899305e-02  -2.3496280e-01   3.9195549e-02   8.1950720e-02   3.7713212e-01  -1.0986398e-01  -1.3293283e-01   3.0612535e-01   2.0919942e-01  -2.2149058e-01   3.2038655e-01  -2.4830852e-01   5.4504760e-01   3.1627481e-01  -2.0371382e-01  -1.1775917e-01  -2.6153959e-01   2.6391554e-01   1.4079788e-01  -2.6736365e-01   8.3866786e-02   2.2737776e-01   2.8941163e-01   4.1250004e-01   1.7704811e-01   3.8746067e-01   1.8670882e-01   2.4330269e-01  -4.3064026e-02  -1.4962537e-02   1.3495603e-01  -7.1660435e-02  -1.6940716e-02   1.0296666e-01  -2.7758165e-01   1.3427443e-01   4.2308396e-01  -2.6415035e-01   6.0266540e-02  -6.8209056e-02   4.5472902e-01   2.5687596e-02   6.8051936e-02   4.5665633e-01   9.8073719e-02  -2.9430557e-01   1.0522253e-01   1.1106002e-01  -2.4302814e-01  -3.7423048e-01   1.9759934e-01   4.0760210e-01   2.6283738e-01  -1.6019120e-01   2.1347743e-01  -6.1039367e-02   6.6335764e-01  -1.4184646e-01   1.6354609e-01  -9.4188516e-02   1.1613277e-01   5.2211354e-01  -5.4994588e-02  -2.2029365e-01   1.4218099e-01  -4.7802047e-02  -2.5019869e-01  -1.8352887e-01   2.4533187e-01   1.9063812e-01  -6.8722818e-02   2.9266300e-01   1.2588405e-01   6.8050980e-02   2.3707372e-01  -2.1307048e-01   3.5760449e-01  -2.5427729e-01   3.7634267e-01  -1.5097417e-01   6.6824291e-01   6.9540612e-02  -2.5817492e-01   1.8314558e-01   8.7018631e-02  -1.0181224e-01   3.8596512e-01   5.1065665e-01  -2.2001750e-01  -3.2693144e-01  -8.8198280e-02   6.2075624e-01   1.8285806e-01   1.1541541e-01  -1.5657131e-01   2.6309886e-01   2.9998503e-01  -1.9453917e-01  -5.1052829e-01   4.6960767e-01  -2.5557624e-01   6.0035350e-02   2.7463614e-01   2.4736387e-01  -6.0812114e-02   2.9869633e-01   6.5859169e-01   6.9024874e-01  -8.8820498e-02   3.5801428e-01   8.5225808e-02  -2.0365292e-01  -5.2442245e-02  -2.5297779e-01   2.4011778e-01   2.6173542e-01  -2.7889578e-01   4.5939223e-01  -7.4650487e-02   2.7719481e-01  -1.4621929e-01  -1.8618225e-01   1.7529891e-01   5.0685702e-01   4.2745801e-01   1.3224660e-02  -1.6228629e-02  -3.9397922e-01   3.1994805e-01  -1.8421416e-01   2.0452257e-01   1.6513206e-01  -2.1695801e-01  -3.2489059e-01   3.0715509e-01   2.9036522e-01  -4.3987775e-01  -1.2257294e-01   1.8154593e-02  -1.2046868e-02   1.2232178e-01  -1.4111036e-01   2.6379428e-01   2.0466870e-01
  -2.1213608e-01   0.0000000e+00   1.4187454e-01  -1.4232086e-01   3.0700836e-01  -2.1743479e-01   2.7455689e-01  -9.8227317e-02   4.0905086e-01   1.9763506e-01  -3.9994430e-01   4.7872420e-01  -2.0110068e-01   6.8930937e-02   6.6028278e-02  -1.2898518e-01   2.3012430e-01  -4.1173837e-01  -1.7539492e-01   1.2744391e-01  -1.5614812e-01  -1.5188320e-01  -2.1870735e-01  -3.1966064e-01   2.5154675e-01  -1.8419913e-01   1.0512891e-01  -1.7311690e-01   1.4138348e-01  -7.6352316e-04   4.3512824e-01  -3.0379921e-01  -1.3128515e-01  -1.5385356e-01   4.9241416e-01  -1.1397234e-01  -2.2618887e-01  -3.3822001e-01  -9.8602272e-02   5.3766658e-01  -5.0183599e-02   6.1197046e-02   5.4333474e-01  -3.7272966e-01  -3.5505360e-02  -3.7171879e-01  -4.8764246e-01   4.3642097e-01   2.6632013e-01   3.9956681e-01  -4.3585669e-01  -1.5114037e-01   4.8687292e-01   1.6637169e-01   3.1832998e-01  -4.6190638e-01  -1.4326931e-01  -1.0117374e-01  -2.9212148e-01   1.0027165e-01  -3.0740136e-01  -2.2413464e-02   4.2433533e-01  -2.8040818e-01   1.7250782e-01  -2.4613424e-01   1.3231188e-01  -8.0065822e-03  -4.4420478e-01  -2.3334442e-01   7.1300576e-01  -1.1854667e-01  -4.8423491e-02  -2.1527594e-01   1.0424548e-01  -9.8445606e-02  -2.7585815e-01  -3.0280563e-01   4.9576514e-01   1.3328415e-01  -3.0303825e-01  -1.5285086e-01   5.5169268e-01  -2.0752270e-01  -7.5604551e-02  -1.7691299e-01   5.2677382e-01   2.4739405e-02   4.9825122e-01  -2.6799639e-01   4.3095171e-01  -1.2346329e-01   1.8791728e-01   3.0201118e-01  -2.8607099e-01   3.2090798e-01   9.9980691e-02  -1.5422184e-01   1.5986570e-01   2.5044399e-02   4.0828025e-01  -4.0243427e-01  -9.1753605e-02   4.6812879e-01  -4.6157641e-01   1.2063430e-01   2.6650993e-01  -2.7566823e-01   2.0985877e-01  -3.7533250e-01   1.7363913e-01  -1.9893270e-01  -7.2571919e-02  -3.4060112e-01   4.9703639e-02   4.2979331e-01  -2.0481235e-01  -2.2060823e-01   1.9101569e-01  -2.7598431e-01  -3.7888292e-01   4.5900869e-01   2.1310124e-01   2.4389969e-01  -2.9924682e-01  -2.1850066e-01  -1.3797974e-01   1.5705535e-01  -1.6936775e-01  -2.6191506e-01  -1.1826553e-01   3.1516415e-01  -7.1850754e-02   5.2826074e-02  -1.5443765e-02  -2.4827239e-01   1.4005754e-02   1.9274399e-01  -2.4995583e-01  -2.6491020e-01  -2.6323752e-02   1.1461956e-01  -5.4621112e-01  -1.4894495e-01   2.4946777e-01  -2.0414822e-02   4.2360378e-01  -2.7311258e-01  -4.9273576e-01   2.2012377e-01  -1.8452768e-01   2.6490967e-02  -6.9807132e-02   1.5646921e-01   5.6528383e-01  -2.8048239e-01  -3.4249118e-01  -3.1266916e-01  -1.3547981e-01  -6.0738396e-02   9.0765640e-03  -4.8456086e-01   3.9900094e-02  -4.1614179e-01  -1.0206671e-01   4.2475540e-01   1.7625288e-01  -2.6880141e-01  -1.5381914e-01   5.1934537e-01   2.0963644e-01  -2.2558705e-01  -1.3349375e-01  -8.1040247e-02   3.5473757e-02   1.0438701e-01   6.2419471e-02
   7.6129777e-02   1.4187454e-01   0.0000000e+00  -1.3513421e-01  -4.5738845e-02   4.2692507e-01   6.5427131e-02   1.9291997e-02  -2.0020786e-01   4.0470983e-02  -2.3477372e-01   3.4588402e-01  -3.0503497e-02   4.9690321e-02   1.8283051e-03   1.9310392e-02   8.6106025e-01  -1.5754593e-01  -1.5877653e-01   2.2651093e-01  -2.2501247e-01  -2.0813455e-01  -8.4659120e-02  -2.3957417e-01   3.7270280e-02   3.0179792e-02   8.0161990e-02   2.3172893e-01   2.1798847e-01  -2.5089488e-01  -1.6591828e-01   2.3971577e-02   1.5755068e-01   4.0927625e-02   1.0169181e-01  -8.5354866e-02  -4.2788261e-01   7.5815517e-02  -3.2278737e-02   4.1458258e-01   5.0826393e-02   5.2400802e-01   1.9342022e-01   7.2230954e-03  -3.9484368e-01   9.3237373e-02  -1.3221630e-01  -3.2965272e-01  -1.7194002e-01   6.4434382e-01  -9.9467244e-02   8.2882718e-02  -1.4025227e-01   4.6097188e-01   2.2443176e-01   2.6861813e-01   8.6164454e-02  -1.1636543e-01  -1.2906369e-01   1.0843434e-01   4.4990694e-01   5.0624525e-02  -1.6213823e-01   2.5213557e-02  -4.7072829e-01  -7.6948113e-02   4.5847632e-01   2.3683377e-02  -2.5642166e-01   4.5857659e-01   1.2206554e-01  -9.4245896e-02  -2.8414717e-01   2.1600586e-01  -9.5309054e-02  -1.2721042e-01   3.2136199e-01  -1.1810932e-01  -1.2818849e-01  -1.7131799e-02   9.9535106e-02  -7.8273842e-02   1.0113751e-02  -8.4815429e-03   4.3378328e-01  -9.0408098e-02  -2.0154148e-01   2.6043092e-03   3.4093545e-01   8.8629162e-02  -1.9416256e-01   6.7223306e-01   5.8315282e-01  -2.4128184e-01   1.8701675e-01   1.9265497e-01  -3.5268190e-02  -2.4118343e-01  -1.0340776e-01  -2.9774818e-01   5.7729469e-01   3.1094304e-02   4.6384102e-02  -2.5105555e-01  -2.2632341e-01  -4.0264355e-02   5.9651202e-01  -1.5894195e-01   8.6827135e-02   9.7819824e-02   4.2801077e-01  -1.0077278e-01  -4.0170125e-02   7.4560480e-02   5.0757139e-01  -3.6123512e-01   3.2352549e-02  -5.2508791e-02   4.6205526e-01  -2.3823592e-02   7.6752753e-02   1.5948870e-02  -3.6748220e-02  -3.5329877e-01   5.9498328e-03  -5.3319413e-02  -2.8496709e-01   1.4072747e-01  -7.8094395e-02   3.9582688e-01  -4.0469457e-02  -2.6970887e-01  -1.6706135e-03  -1.5547970e-01  -2.2410021e-02  -5.6098638e-02   5.1786064e-02   1.3186312e-01  -1.4969787e-01  -9.6636369e-03  -6.8130044e-02  -4.4515813e-03  -2.2587267e-01   5.8379546e-01   3.0340334e-02  -3.6130133e-01   5.2709295e-01  -4.3569230e-01  -1.2768591e-01  -3.9016288e-01   3.9402816e-01  -5.5255310e-02   5.1710216e-01  -3.9163133e-01   5.9117426e-01  -1.7302163e-01   1.5841679e-01  -2.5272675e-02   5.9956399e-01  -2.9897173e-02  -1.0812137e-01  -2.9402506e-01  -1.3424448e-01  -3.4163712e-01  -4.0573914e-02  -1.8129106e-01   1.0400352e-01   3.6329882e-02   3.1778944e-01   2.0414346e-01  -2.6325856e-01   2.6308335e-02  -2.4032853e-01   4.3868834e-01  -1.2050482e-01   4.0320811e-01  -7.2737414e-02
   4.1399550e-01  -1.4232086e-01  -1.3513421e-01   0.0000000e+00  -4.1927700e-01   2.3234218e-01  -5.5031879e-02   2.7978523e-01   3.7219091e-01  -3.2708195e-01   1.9029795e-01  -2.3586688e-02  -5.3708956e-02   3.3286490e-01   6.4717892e-02  -5.5932646e-02  -1.8606300e-01  -6.7360140e-02   1.0432260e-01  -6.0010935e-01   2.6781453e-01   5.5338553e-01   4.6663570e-02   2.9041336e-01   3.4023078e-01   1.4794508e-01   2.0413023e-01   1.5444271e-01  -2.3331374e-01   3.7966990e-01  -1.0830524e-01   5.8844262e-01   4.8528390e-01   5.2626590e-02  -6.3154581e-02   1.6928020e-01   1.5317389e-01   8.4291847e-02  -1.3599199e-01  -1.7391038e-01   2.9362233e-01   2.3575998e-01  -1.3711831e-01   1.9901622e-01  -3.7244920e-01   3.0532576e-01   3.7138262e-01  -2.7617968e-03   3.3504641e-02  -3.5963075e-01   2.1308978e-01   2.0530287e-01  -1.4616158e-01  -1.9962781e-01   1.0124275e-01   1.3663448e-01   2.4537203e-01   5.2734202e-01   5.7794835e-01   1.6363235e-01  -4.9109429e-02  -3.1882513e-01   1.1297701e-01   2.0448916e-01  -2.4041119e-02   5.0814409e-02   3.1818652e-02  -6.2143453e-01   3.4517093e-01   2.8284159e-01  -2.1931958e-01  -3.7086723e-01   6.3053956e-02   3.4399294e-01  -6.1362490e-02   1.8266855e-01   1.4761438e-01   7.1978586e-02  -2.0345324e-01  -1.4504150e-01   1.4555296e-01  -2.2795734e-01  -3.2582275e-01   2.2549186e-01   1.0338410e-01   1.1637146e-01   1.2815176e-01   8.0259267e-02  -1.5778555e-01   3.5029798e-01  -1.3067986e-01   1.0773661e-02  -3.2587688e-01   2.4209313e-01   1.5137692e-01  -2.0762424e-01  -3.6261713e-01   2.7026459e-01  -5.3208463e-01  -2.5290474e-01  -2.1193764e-01   2.9094259e-01   2.7953894e-01   1.5900285e-01   2.9139820e-01   4.5671838e-01  -2.6443963e-01   2.8917619e-01  -2.5665903e-01   2.6391711e-01  -2.6225699e-01   3.4467168e-01  -4.8572251e-01   2.0648185e-01  -6.1371752e-02  -1.6916247e-01   1.3193475e-01   1.7413629e-01  -2.9728802e-02   6.6153353e-01   2.4200574e-01  -3.7223588e-01  -5.2549365e-01   1.8734427e-01   3.3398471e-01   3.0189455e-01   4.3625003e-02  -3.7445390e-01   5.4306438e-01   2.1000710e-01  -1.6358004e-01  -2.3524590e-01   3.4737422e-01   6.7666378e-02   1.0827960e-01   3.8038706e-01  -7.3589226e-02   1.6589232e-01   2.1746007e-01   3.7452025e-01   5.0520131e-01  -1.3501403e-01   4.0055204e-01   4.3754148e-02  -3.8535513e-02   2.8499184e-01  -1.8555766e-01   2.9199173e-01   2.5961795e-01  -1.1664859e-01   1.7149165e-01   9.8208242e-02   2.5331698e-02  -3.4724393e-02  -1.7995863e-01   1.4424321e-01   1.3430198e-01   4.9355842e-01  -2.4745918e-02   1.4664718e-01  -2.7281425e-01   4.4344738e-01  -4.9736411e-02   5.3755667e-01   5.5856566e-01  -2.1450780e-01  -1.8350447e-01   1.9631890e-01   1.9318701e-01  -3.6917264e-01  -1.0776665e-01  -1.2926302e-01  -4.1732842e-01  -1.7193239e-02  -4.4813487e-02  -1.7758092e-02   3.4397282e-01
  -2.3202624e-01   3.0700836e-01  -4.5738845e-02  -4.1927700e-01   0.0000000e+00  -3.4095433e-01  -7.8873057e-02   5.4920830e-04   2.3135604e-01   2.0422450e-01  -1.3532932e-01   1.0681831e-01   2.7650109e-01  -4.3168267e-01  -2.2568697e-01  -6.2296768e-02   4.3206721e-02   4.2269978e-02  -8.0329720e-02   5.5185014e-01  -2.0236352e-01  -4.3028133e-01  -3.4804007e-01  -3.2836629e-01  -1.2305201e-01   3.8279141e-02   8.6006322e-02  -5.2860291e-01   1.5203375e-01  -2.6667917e-01   1.9434183e-01  -2.4950479e-01  -3.3773719e-01  -3.8913061e-01   5.5068558e-02   2.6391627e-01  -3.5720093e-03  -1.0905913e-01  -1.2200401e-02   2.8843048e-01   1.5170720e-01  -2.6561501e-01   4.5023765e-01  -2.4894035e-01   1.8269164e-01  -3.3267646e-01  -3.8686256e-01   6.9777617e-02   1.7601952e-01   3.4110701e-01  -1.5242394e-01  -7.8200092e-03   3.9732585e-01   1.3877488e-01  -3.6968718e-03  -4.4458456e-01  -1.5548591e-01  -3.1282512e-01  -2.1692253e-01  -5.4567312e-02  -1.3063967e-01   1.0489241e-01   3.5539745e-01  -2.1625276e-01   3.3745090e-01  -1.7699617e-01  -3.5905004e-02   1.9710134e-01  -1.8755641e-01  -5.0898068e-01   4.9389983e-01   2.2113289e-01   4.4532862e-02  -2.9983766e-01   1.2314511e-01  -1.0827664e-01  -1.2014689e-01   4.3636811e-02   6.8732839e-01   2.2475730e-01  -6.3019374e-01   1.7250555e-02   3.7314609e-01  -2.0339289e-01  -3.7521982e-01  -1.2381018e-01  -5.5379478e-02  -1.3354620e-01   3.7325368e-01  -3.9205553e-01   7.4575437e-01  -1.2784118e-01   6.0184712e-02   2.2227320e-01  -7.5723303e-02   6.5996155e-01   1.2165360e-01   1.1848673e-03   4.9892486e-01  -6.6469992e-02  -3.0740652e-02  -3.9727813e-01  -3.4051998e-01   2.2123355e-01  -2.8238380e-01  -1.4795748e-01   1.3638239e-01  -5.2554588e-02  -7.1434153e-02  -1.5856662e-01   3.5373304e-02  -3.2198968e-01   1.9607205e-01  -2.1402018e-01  -4.4442354e-01   6.6314623e-01   3.2001122e-02   2.2579075e-02  -2.7154584e-01  -4.0491454e-01  -1.8692961e-01   6.9224884e-01   3.5358735e-01   2.9710091e-01  -1.9657837e-01  -4.5645829e-01   3.8761223e-02   2.7486912e-01  -1.6055133e-01  -4.9446278e-01   1.5338834e-01   3.2170857e-01  -2.1017935e-01  -2.9166793e-01   4.3663366e-02  -1.6543158e-01   1.2595880e-01  -2.8184448e-01  -4.0083921e-02  -2.7770975e-01  -3.0378399e-01   3.0275142e-01  -3.1662770e-01  -4.4031190e-01  -2.0047042e-01  -3.9414001e-01   4.4927438e-02   6.6012929e-02  -4.3844221e-01   1.7841521e-01  -4.3904768e-01  -3.5510830e-01  -2.2985737e-01   4.1591282e-01   2.0796252e-01  -1.7527017e-01  -3.0139612e-01  -2.4790572e-01  -1.4330041e-01  -2.6697231e-01   5.3730693e-02  -1.1344917e-01   3.4943414e-01  -2.5889471e-01  -3.5991564e-01   5.3229963e-01   6.1436441e-02  -2.5797868e-01  -3.8789096e-01   4.8807104e-01   3.7378522e-01  -4.1549929e-02   3.8913017e-01  -2.8570602e-01   1.8361280e-02   1.5232412e-01  -7.3857065e-02
   2.8973167e-01  -2.1743479e-01   4.2692507e-01   2.3234218e-01  -3.4095433e-01   0.0000000e+00  -1.1331541e-01   7.2316600e-02  -2.3036173e-01  -1.9932786e-01   1.6366406e-02   6.4375546e-02  -5.9069045e-02   3.4499101e-01   7.0751947e-02   5.9866045e-02   2.5672932e-01   4.0736687e-02   8.0398029e-02  -1.0262781e-01  -6.4012528e-02   2.2905437e-01   7.2275022e-02  -4.9895607e-03  -7.0979433e-02   2.3002663e-01   1.8301744e-01   2.7825311e-01   1.0114112e-01   4.0370730e-01  -4.5350617e-01   3.5377335e-01   2.6000524e-01   5.9570691e-02  -1.8451505e-01  -6.5943512e-02  -2.8937088e-02   1.4791102e-01  -1.9028367e-01  -5.3467759e-02   2.0945980e-01   3.4292937e-01  -1.6616758e-01   1.3784650e-01  -2.8007819e-01   1.9885661e-01   4.1606386e-01  -3.5192511e-01  -1.8845903e-02  -3.7042987e-02   2.7344024e-01   1.0773890e-01  -3.3677709e-01   1.6588430e-01   5.5633385e-02   3.4206635e-01   4.8042248e-01   2.5447291e-01   2.0325106e-01   2.4087079e-01   2.5665895e-01   5.3869991e-02  -3.8969029e-01   1.3568651e-01  -2.8577510e-01   6.5606675e-02   6.4503194e-01  -1.3952307e-01   2.5995139e-01   5.1330805e-01  -3.5044040e-01   7.5883880e-02  -1.8956155e-01   2.9541778e-01  -2.4863993e-02   1.1538391e-01   2.7247667e-01   1.3196286e-02  -4.2436531e-01   7.1320711e-02   3.9476910e-01  -1.5270908e-01  -4.6147999e-01   4.2866442e-01   3.9082553e-01   7.1674280e-02  -3.1395584e-01   2.0832642e-01  -4.7751373e-02   2.6965944e-01  -4.4884943e-01   3.8937135e-01   8.4782414e-02  -2.1921176e-01   1.8073508e-01  -1.5527617e-01  -1.4453679e-01   1.0952501e-01  -1.4115695e-01  -2.1721174e-01   9.0858021e-02   2.9768453e-01   4.0230288e-01  -3.2853174e-01   4.0953576e-01   9.9302376e-02   1.8828790e-01   3.2513900e-01   9.5235424e-02   3.1170820e-01  -1.0974703e-01   5.4047071e-01  -4.7717493e-02   1.2761970e-01   2.5300776e-01  -5.7127496e-01   2.7344088e-01  -3.3764468e-02   1.3095584e-01   3.8808502e-01   2.0425091e-01  -3.6485863e-01  -2.9530508e-01  -2.2773046e-01   1.4248852e-01   3.1372301e-01   7.9965121e-02  -9.1047732e-02   2.5350010e-01   4.0251456e-01  -1.4301320e-01  -4.6559527e-01   8.3700345e-02  -2.0580040e-01   2.1280062e-01   1.2472179e-01   7.8188362e-02   4.9089141e-02   7.4982592e-02   2.7385111e-01   1.7898257e-01  -2.0337103e-01   4.1415898e-01   5.2822302e-01  -8.2241910e-02   1.6152742e-01  -2.3944312e-02  -5.1894632e-02   2.9228601e-01  -4.9203511e-01   4.5010286e-01   6.6142625e-02   3.5981149e-01  -4.8307780e-01  -4.8353424e-04  -6.8466895e-02   1.7782629e-01   2.8666105e-01   1.8967527e-01   6.4920610e-02  -2.4401057e-01   2.0850817e-01  -4.0772329e-01   2.3025046e-01   3.5142007e-01  -4.9963606e-01  -1.4502803e-01   1.0899048e-01   1.9488929e-01  -3.3583829e-01  -3.5582166e-01  -1.2141380e-01  -1.6857598e-01   5.2937856e-01   4.4009187e-02   1.9923572e-01   1.6048174e-01
  -1.8215658e-01   2.7455689e-01   6.5427131e-02  -5.5031879e-02  -7.8873057e-02  -1.1331541e-01   0.0000000e+00  -4.6830890e-01   8.5145834e-02   6.8693818e-01   3.1369316e-02   5.6020705e-01  -2.0710256e-01  -4.4833078e-03   3.3852122e-01  -1.8209873e-01   3.5545004e-02  -1.8232811e-01  -2.1157562e-01   1.1700714e-01   3.2210601e-02  -1.8636373e-01   4.9616459e-01  -2.9700908e-01   2.9372844e-01  -4.4151270e-01   6.5718074e-02  -1.5386478e-01   4.0210192e-02  -4.3598248e-02   2.1569589e-01  -1.7159510e-02  -3.2862723e-01   5.8928275e-01   6.3349535e-01   2.7809835e-01  -1.5230824e-01  -3.7271164e-01  -3.0473484e-01   4.3587287e-01  -1.8965154e-01   2.3081305e-01   4.3785557e-01  -3.3374071e-01   1.4022119e-02  -3.3456330e-01  -2.8048425e-01   5.6655747e-01   6.6497835e-03   4.9141887e-02  -8.8498367e-04  -4.1558711e-01   1.6327045e-01   1.0906671e-01   9.5619090e-02  -6.0585576e-02  -3.1525233e-01   1.6721001e-02  -1.9877497e-01   2.9312091e-01  -2.2797906e-01   1.4299948e-01  -1.1882077e-01  -2.3045644e-01  -2.0033680e-01   5.1679200e-01  -1.0621219e-01  -3.1799697e-01  -4.8658117e-01  -6.6145824e-02   4.6932794e-01  -1.7825793e-01  -1.1627584e-01  -2.1691246e-01  -1.1234780e-01  -1.7799863e-01  -1.5188615e-01  -2.0819280e-01   2.4524116e-01  -2.1028475e-01   1.6388472e-01  -1.1920496e-01   2.8980814e-01  -4.3691044e-01  -2.1746673e-01  -1.5269966e-01   1.7755190e-01  -2.9231872e-02   5.0003284e-02  -2.5517653e-01   1.2868554e-02  -1.7365086e-01   5.6463509e-01   1.8025949e-01  -2.3373463e-01   2.4166342e-01  -2.8521016e-01  -2.7437276e-01  -5.0645273e-02   4.7412474e-01   1.2914177e-01  -1.3548513e-01  -1.2702304e-01  -2.4422998e-02  -2.1748954e-01  -6.9250373e-02  -1.4053035e-01  -4.0918939e-01   5.2574944e-01  -7.1552550e-03   6.0654075e-01  -7.6289840e-02  -2.9228868e-01  -3.0676444e-01   1.5464314e-01   7.1361078e-02  -3.1958830e-01  -3.2683764e-02   1.0363776e-01  -5.5482338e-02  -3.7098047e-01   3.7139931e-01  -2.1313357e-01  -1.7844391e-01  -3.8861225e-01  -1.7851590e-01  -1.0308049e-01  -6.8275394e-02  -1.5095788e-01  -1.5698833e-01  -2.8652908e-01   3.3512626e-01  -2.3409174e-01   9.6877110e-02  -1.0698230e-01  -2.2959284e-01  -1.4866213e-01   1.0651003e-01  -2.4993627e-01  -3.2835377e-01  -1.7012392e-01  -9.5863107e-02  -3.8920908e-01   1.1748585e-01   5.2606091e-01  -1.0140190e-01   6.1263417e-01  -2.1740677e-01   1.2287565e-01   7.5712523e-02  -1.6389717e-01   6.9471531e-02  -2.0963795e-01   1.0868195e-01   3.5964507e-01  -4.5217537e-01  -3.0617090e-01  -2.6133621e-01  -3.0500305e-01   4.5664894e-01  -3.9992025e-01  -4.9331603e-01   2.0566083e-01  -3.1040173e-01  -7.1184293e-02   3.2935119e-01   5.3995859e-01  -2.7484790e-01  -2.7837029e-01   3.2176335e-01   3.3946100e-01  -2.9511235e-01  -3.1593018e-01  -1.7919000e-01  -1.0595150e-01   2.1164985e-01  -9.6474454e-02
   2.1221976e-01  -9.8227317e-02   1.9291997e-02   2.7978523e-01   5.4920830e-04   7.2316600e-02  -4.6830890e-01   0.0000000e+00   4.1997123e-02  -4.5496825e-01  -2.4541817e-01  -1.9820652e-01   2.6054299e-01   2.6835003e-02  -3.1938565e-01   1.4112673e-01   2.9896522e-02  -1.2137040e-01   2.0851909e-01  -1.1029569e-01  -1.1523628e-01   2.1974063e-01  -4.0341498e-01   5.3158664e-02  -8.6434333e-02   7.0029404e-01   6.0576152e-02   1.1762835e-01  -1.3185057e-01   1.8030039e-02  -2.7748092e-01   1.5426055e-01   3.2460005e-01  -5.1388406e-01  -2.8442441e-01  -3.4387240e-01   8.6483615e-02   2.6416950e-01   1.9586359e-01   5.9288919e-02   3.9673393e-01   4.1834913e-02  -9.1325083e-02   2.0702366e-01  -4.1710290e-01   9.5074851e-02  -1.1762920e-02  -2.2129481e-01  -5.8399133e-03   1.3910112e-01  -1.5568075e-01   8.2592935e-01  -2.6069504e-01   4.9380837e-02   1.5126971e-01  -3.1522025e-02   3.8226141e-01   2.4023881e-01   3.3076382e-01  -1.0341975e-01   7.0970024e-02  -2.9615158e-01   2.8477454e-01  -8.5907795e-02  -3.6833052e-02  -4.8177718e-01   1.1198647e-01  -4.5052524e-02   3.5846684e-01  -1.4390413e-02  -7.7438320e-02  -5.4762850e-02   7.3588734e-02   2.7651916e-01  -2.7027209e-03   2.5945375e-01   8.0041889e-02   2.9393404e-01  -2.2570319e-01   1.2858019e-01  -1.3907307e-01   1.7113223e-03  -1.6246886e-01   6.0875269e-01   1.2546486e-03   2.7847178e-01   3.0115129e-02   6.1478482e-02   1.2549315e-01   2.1887879e-01   1.2551323e-01   7.3076098e-02  -2.3685610e-01  -3.2547859e-02   1.0279136e-01   1.0439633e-01   1.0031417e-02   3.4937365e-01  -6.8525901e-02  -3.7131402e-01  -1.6263502e-02  -8.2223533e-02   1.4160612e-01   1.5310218e-01  -2.9343646e-03   2.8999593e-01   1.0472637e-01   5.7482778e-01  -2.9876839e-01   1.5889243e-02  -2.9498014e-01  -3.7898943e-02   8.7847439e-02   3.3496513e-01  -9.7707062e-02  -1.3801226e-04   4.8451213e-01   1.4671102e-01  -1.1729511e-01   2.4190259e-01   2.2308326e-01  -1.4988203e-01  -7.2233591e-03   2.6988481e-02   2.0456779e-01   7.2873192e-02  -9.9346864e-02   1.1810640e-01   2.9256906e-01   1.3142115e-02   1.3795684e-01  -4.3057865e-01   4.1514607e-01  -1.6673266e-01   3.2450777e-01   5.6603253e-01   1.2867927e-01  -1.4068755e-01   4.3294393e-01   1.8957637e-01   1.9733083e-01   8.2367153e-02   2.0109176e-01  -1.6828542e-01  -4.5451796e-01  -1.6314450e-01  -1.6118179e-01   7.8845962e-03  -2.4422555e-01  -1.7681931e-01   8.8872934e-02   4.5898479e-02   8.9203794e-02  -1.6318437e-01  -7.0571410e-03   1.5009207e-01   1.0694690e-01   3.7330933e-01   1.1268857e-01  -1.3310664e-02   2.2260727e-02   3.6888458e-01  -1.3138573e-01   4.5784218e-02   2.9642938e-01  -1.8853111e-01  -4.9955030e-01   3.5344984e-02   4.8632037e-02  -5.4791358e-02  -2.9646064e-01  -3.4414289e-02  -4.4292449e-02   1.6707590e-02  -5.1182291e-03  -8.0820086e-02   3.5534920e-01
   2.7646749e-03   4.0905086e-01  -2.0020786e-01   3.7219091e-01   2.3135604e-01  -2.3036173e-01   8.5145834e-02   4.1997123e-02   0.0000000e+00  -5.5185442e-02  -7.8705814e-02   2.2947544e-01  -1.0982543e-01  -1.4919993e-02   3.5066713e-02  -2.5040257e-01  -1.6827945e-01  -2.8301255e-01  -9.8195898e-02  -2.9815138e-01   2.1933110e-02   1.1689043e-01  -3.0369630e-01   4.4651788e-02   3.8561082e-01  -7.6496581e-02   3.0080671e-01  -2.3981040e-01  -1.6314511e-01   8.6097554e-02   2.9730914e-01   1.5354142e-01  -4.4431341e-02  -2.3458106e-01   2.6417844e-01   1.6844867e-01   1.3080912e-01  -1.9862739e-01  -2.1147476e-01   1.5387015e-01   1.4215407e-01  -7.1132021e-02   4.4015422e-01  -1.4689885e-01  -1.0766976e-01  -1.4942001e-01  -1.5475675e-01   2.9278127e-01   2.5823071e-01  -1.3544393e-01  -2.8781948e-01  -1.8454645e-02   3.8838150e-01  -2.8068162e-01   9.0757778e-02  -4.3896589e-01  -7.1029912e-02   5.0101817e-02   7.6440916e-02   1.3134561e-01  -3.5092537e-01  -2.2819779e-01   5.7175302e-01  -9.9320173e-02   4.7711312e-01  -8.6194513e-02  -1.5869175e-01  -4.2504151e-01  -1.3287598e-01  -1.7298936e-01   4.0557870e-01  -2.9698863e-01   2.0780657e-02  -5.5178716e-02   7.8947949e-02   4.2148124e-02  -1.0088795e-01  -9.3003846e-02   4.2830037e-01  -5.5657721e-02  -4.8371954e-01  -2.8221528e-01   1.4294133e-01  -1.5930169e-01  -2.1352800e-01   6.4322407e-03   4.8853801e-01  -1.6866751e-01   3.0140939e-01  -5.8987182e-03   5.2859811e-01  -2.8077972e-01  -2.6740569e-01   6.0808371e-01  -1.3413802e-01   2.3724227e-01  -2.8367911e-01   1.5077692e-01  -1.3283798e-01  -1.2456988e-01  -1.6764113e-01  -2.2004273e-01  -2.6927246e-01   6.6800343e-01  -2.1369127e-01   2.1633011e-01  -2.2913651e-01  -4.2969071e-02  -2.2797122e-01  -7.8758402e-02  -2.0887761e-01  -9.3222474e-02  -4.0922856e-01  -2.2428286e-01  -3.2030009e-01   5.6663083e-01  -1.7920423e-01  -8.6004396e-02  -2.4444390e-01   7.4931395e-02  -1.9846749e-02   2.2074438e-01  -1.0141065e-01   5.5184792e-01   6.1969357e-03  -2.9838539e-01   5.9851781e-02  -6.4348567e-02   1.4089764e-01  -2.6408145e-01  -1.5225155e-01   1.3795992e-01  -1.7449853e-02  -4.2058931e-02   6.0854415e-02   4.1729302e-02  -2.0514236e-01   5.3473724e-02  -3.3580707e-02  -4.7040153e-02   2.5882895e-01   1.6477793e-03  -1.9688375e-01  -4.2428763e-01  -4.1598957e-02  -1.0617023e-02  -4.4397746e-03   3.3819389e-01  -2.6573795e-01   1.7107369e-01  -1.8584982e-01  -2.9790949e-01  -2.1236561e-01   5.1403590e-01   1.0431948e-01  -4.9639511e-03  -1.5700217e-01  -7.2422632e-02  -2.8121409e-01  -3.0655620e-01  -1.9057029e-01   4.7116983e-02   2.6351534e-01   2.7962618e-02   1.4754858e-01   4.7662697e-01  -1.6529516e-02  -6.5761075e-02  -1.5107484e-01   8.6003444e-02   3.6794657e-01  -9.7385763e-02  -7.5695398e-02  -3.2761522e-01   2.3959286e-02   5.8792798e-02   1.7156552e-01
  -3.4445660e-01   1.9763506e-01   4.0470983e-02  -3.2708195e-01   2.0422450e-01  -1.9932786e-01   6.8693818e-01  -4.5496825e-01  -5.5185442e-02   0.0000000e+00  -2.1019805e-02   3.2715721e-01  -2.0411417e-01  -2.5946380e-01   2.5707913e-01  -1.6745370e-01  -3.2240705e-02  -6.3183848e-02  -1.6182567e-01   3.6312584e-01   3.3489279e-02  -3.2789446e-01   3.5259923e-01  -2.5211291e-01   2.7488071e-02  -4.3604288e-01  -1.6755434e-01  -1.9960521e-01   5.2558648e-02  -2.4586211e-01   1.7583538e-01  -2.5357894e-01  -4.0909399e-01   5.2034131e-01   4.3166629e-01   2.5723759e-01  -5.8995735e-03  -2.3549244e-01  -2.9446469e-01   2.6355920e-01  -3.0859737e-01  -3.5843873e-02   4.3042440e-01  -4.2023796e-01   3.1963664e-01  -3.6597080e-01  -3.7015591e-01   3.2949613e-01   2.4495051e-02   9.3424446e-02  -7.0542815e-02  -4.7046589e-01   2.7990676e-01   4.0549306e-02  -1.3617043e-01  -6.0516171e-02  -3.8373848e-01  -2.4878830e-01  -4.0248638e-01   1.2122157e-02  -2.7655707e-01   1.5568875e-01  -1.2036848e-01  -2.7798264e-01  -8.5380216e-02   6.1063800e-01  -1.0266687e-01  -6.1554079e-02  -4.5116251e-01  -2.0403108e-01   3.5884942e-01  -2.0716831e-02  -1.8738815e-01  -3.2005988e-01  -1.8921100e-01  -3.2681166e-01  -3.0592040e-01  -2.3106168e-01   4.2438067e-01  -1.0454833e-02   1.9534652e-02   8.5790200e-03   2.7568145e-01  -4.9988259e-01  -1.3762016e-01  -2.6176330e-01  -4.0040905e-02  -1.5136455e-01   1.1516938e-02  -2.8817075e-01   1.3511103e-01  -1.7790154e-01   5.5049391e-01   1.6173755e-02  -2.8878071e-01   3.2612745e-01  -8.9248225e-02  -2.7356524e-01   1.6419900e-01   6.5178605e-01   1.0618565e-01  -1.7605616e-01  -2.7093784e-01  -1.6136878e-01  -3.2930962e-01  -3.5895812e-01  -3.5221624e-02  -4.9688713e-01   5.0181310e-01  -6.4620209e-02   5.4184609e-01  -2.8227354e-01  -4.7706566e-02  -3.0848613e-01   1.3280088e-01   2.2576110e-01  -3.0407991e-01  -1.2836888e-01   1.9315231e-02  -2.7684050e-01  -3.8362160e-01   5.0594263e-01  -6.3744101e-02  -1.9100887e-01  -4.1341299e-01  -2.3460144e-01  -6.1579682e-02   1.9734559e-02  -3.8481970e-01  -2.6243852e-01  -3.0534858e-01   4.5910763e-01  -3.5254183e-01  -1.9110511e-02  -1.6804391e-01  -3.8905011e-01  -1.1923906e-01  -6.4114563e-02  -3.8532686e-01  -4.4523096e-01  -3.0060644e-01  -2.0505996e-01  -4.3921752e-01   3.8908204e-02   3.7964895e-01  -2.1501543e-01   5.2489960e-01  -1.5944289e-01   7.2852593e-02   2.4216018e-01  -1.6740750e-01  -5.9615872e-02  -1.6817301e-01   1.3463861e-01   3.0003484e-01  -3.4060150e-01  -3.2119082e-01  -4.3528765e-01  -2.0789465e-01   1.4990703e-01  -1.3842908e-01  -4.7399053e-01   4.2230046e-01  -3.8760046e-01  -2.5980429e-01   4.0494856e-01   5.4735640e-01  -1.4560096e-01  -2.2958058e-01   3.5136449e-01   4.4997316e-01  -1.1092032e-01  -1.0312428e-01  -1.7427117e-01  -1.1706419e-01   1.6986624e-02  -2.6773504e-01
   3.8990307e-02  -3.9994430e-01  -2.3477372e-01   1.9029795e-01  -1.3532932e-01   1.6366406e-02   3.1369316e-02  -2.4541817e-01  -7.8705814e-02  -2.1019805e-02   0.0000000e+00  -2.6405239e-01  -1.6106131e-01  -2.4509875e-03   3.1343046e-01   7.6991228e-03  -2.2370878e-01   4.9295425e-01  -2.6643031e-01  -2.2528593e-01   4.2772031e-01   1.9465924e-01   4.2906621e-01   1.3684242e-01  -7.7455236e-03  -2.8030957e-01   1.4659579e-01   6.8046380e-02   2.9776260e-02   2.0198166e-01   1.3478620e-01   1.8584706e-01   1.7083620e-02   4.6302925e-01  -1.8427581e-01   4.8607591e-01   3.1517799e-01  -1.7625142e-02  -5.8304065e-02  -3.9737264e-01  -8.5048122e-02  -5.4807083e-02  -3.5109502e-01   3.4905047e-01   3.4051041e-01   2.3173408e-01   5.9942079e-01   2.5894971e-02  -4.1537985e-02  -5.0707905e-01   5.1193546e-01  -2.2942764e-01   1.0628773e-01  -3.0592615e-01  -2.4075253e-01   3.8993860e-01  -1.6183943e-01   1.4618671e-02   1.8766531e-01  -1.4971952e-01   7.4196428e-02   1.1918404e-01  -2.4756189e-01   6.2721740e-01   1.8578122e-01   4.5284925e-01  -3.8038100e-01  -2.7524294e-01   4.2586898e-01   1.6773305e-01  -3.9123488e-01  -4.4981702e-02   2.5463081e-01  -5.6260990e-02  -2.0534430e-01  -2.2036650e-01   8.2353511e-02  -1.2456903e-02  -1.2223137e-01  -3.1896950e-01   2.4487616e-01   1.3392909e-01  -1.6485993e-01  -1.1320547e-01   1.0556844e-01  -1.6111379e-01  -2.7175355e-01  -1.8369250e-01  -4.3422211e-01   7.0265260e-02  -2.1334271e-01   4.7288531e-03  -1.5409042e-01  -5.4207556e-02  -6.2885686e-03  -2.8650071e-01  -2.2332090e-01  -1.6772790e-01  -1.1303527e-01   1.7284486e-01  -3.3459934e-01   5.5894147e-01   3.5682219e-02  -1.8869363e-01   4.3895307e-01  -9.8965270e-02  -4.0196999e-01   5.4036037e-02  -1.1901144e-01   4.6101816e-01  -2.7081728e-02   1.6071104e-01  -2.1136510e-01   8.5790408e-03  -6.3287447e-02   1.9608135e-02   5.7957164e-03   3.0223316e-01  -5.6636216e-02   7.9581886e-02   5.0868115e-02  -2.8905391e-01  -3.9700739e-01   2.2670241e-01   9.0311297e-02   1.7617751e-02   3.7614563e-01  -3.6856816e-01  -6.0615769e-02   2.2043772e-01   5.2331601e-02   3.6444291e-01  -1.0415535e-02   2.2159624e-01  -1.8782291e-01   3.8237918e-02  -2.7184098e-01   2.0625362e-01  -7.1632467e-03   2.8941122e-02   7.5258848e-02  -2.2450332e-01   3.7148279e-01  -8.9982071e-03   3.1501894e-01   2.9328683e-01  -3.1222749e-01   4.6515255e-01   6.0914433e-01   2.1296224e-01   5.5971638e-02   6.1059283e-02  -5.5880507e-03   3.8050028e-01  -4.4381475e-01   2.1385143e-03   2.5858125e-02   1.5148368e-01   1.3697525e-02   7.3018408e-02  -1.2142905e-01   3.6253947e-01   1.8441143e-01   5.1214695e-01   2.2636515e-02  -7.0318434e-02   3.6514177e-01   2.7911247e-01   2.7430053e-01  -2.2649104e-01   1.7800455e-01  -1.3812860e-01   6.3579032e-02  -1.5826230e-01  -2.3992350e-02  -1.2525109e-01  -2.3844068e-01
   8.3233542e-02   4.7872420e-01   3.4588402e-01  -2.3586688e-02   1.0681831e-01   6.4375546e-02   5.6020705e-01  -1.9820652e-01   2.2947544e-01   3.2715721e-01  -2.6405239e-01   0.0000000e+00  -9.0008489e-02   3.0603073e-01   3.7708750e-01  -3.0180372e-01   2.6952023e-01  -3.2016486e-01  -2.4880164e-01   9.4282553e-02  -1.7885263e-01  -2.5090765e-01   2.6098811e-02  -3.4127595e-01   4.2035221e-01  -2.4345035e-01   2.2750416e-01  -1.6713318e-01   2.0313189e-01  -1.6588747e-02   1.1280758e-01   1.6814111e-01  -2.2060183e-01   1.4613419e-01   6.5202981e-01   1.3031183e-01  -2.7349988e-01  -3.3341414e-01  -3.6821606e-01   5.2124552e-01   4.1627542e-02   4.3778883e-01   6.4702822e-01  -2.4602293e-01  -2.4570672e-01  -2.1394957e-01  -3.0142985e-01   2.8064380e-01   2.0012189e-02   2.7157728e-01  -1.9084060e-01  -1.4805599e-01   8.7788415e-02   4.3542803e-01   4.7751366e-01  -2.3276945e-01  -6.0334311e-02   9.5905495e-02  -1.1661799e-01   7.2322074e-01  -2.7849417e-02   1.4180463e-01  -2.3714724e-02  -2.5440429e-01  -1.9209479e-01   1.1367392e-01   1.5968777e-01  -1.9472984e-01  -6.0728958e-01   2.7203688e-03   5.1556766e-01  -1.1341683e-01  -1.1069657e-01  -1.7871354e-02   1.1670780e-01   9.2200222e-02   1.3774806e-01  -1.8151837e-01   3.4736113e-01   1.1490528e-01  -1.4641683e-01  -3.5916041e-01   2.3275677e-01  -2.7163050e-01  -1.0898283e-01   1.0681056e-01   2.6044729e-01   3.4893448e-02   3.1636879e-01  -1.5033502e-01   2.3186629e-01   2.0474784e-02   4.9008206e-01   3.9408525e-01   6.5935890e-02   4.4237577e-01  -2.8908748e-01  -2.5959095e-01   3.8824947e-02   4.0235846e-02   2.0269261e-01  -2.8440498e-01   6.8114209e-02   2.8681248e-01  -2.5384019e-01   2.5788830e-01   2.0206840e-01  -3.2483773e-01   2.7631397e-01  -1.2419452e-01   3.2892277e-01   1.2096510e-01  -3.1139759e-01  -1.6171258e-01   3.2988692e-03   6.3353640e-02  -2.5293083e-01  -3.4610361e-02   6.2933861e-02  -1.3448507e-01  -1.5239654e-01   5.0753731e-01  -1.4712037e-02  -6.1719288e-02  -2.6948201e-01  -2.0919987e-01   2.1934498e-02   2.4388198e-01   2.4435497e-02  -1.2455530e-01  -2.7541616e-01  -9.2169373e-02  -4.1793277e-02  -1.0054213e-01   8.6113750e-02   2.2392759e-02   3.5225973e-02   4.9439548e-02  -4.1067666e-02  -1.4441673e-01   5.5264235e-02  -3.3505455e-03  -3.8726292e-01   7.0995501e-02   4.1283852e-01  -1.2798472e-01   4.3779570e-01  -2.1182082e-01  -2.0618107e-01  -1.8899366e-01  -1.2723462e-01  -2.8074726e-02  -6.4738687e-02   1.3433282e-02   4.9221179e-01  -4.3906663e-01  -9.9799799e-02  -1.7246032e-01  -1.5855229e-01   2.6023419e-01  -4.7617182e-01  -4.8138483e-01  -2.1868773e-02  -4.0786440e-01  -3.1238114e-03   3.7296278e-01   2.6518458e-01  -1.6776864e-01  -2.7538268e-01   3.0360585e-01   2.9805167e-01  -2.1949019e-01  -2.5583992e-01  -1.7170159e-03   1.2619672e-02   5.8411724e-01   1.8225095e-01
   5.4563898e-03  -2.0110068e-01  -3.0503497e-02  -5.3708956e-02   2.7650109e-01  -5.9069045e-02  -2.0710256e-01   2.6054299e-01  -1.0982543e-01  -2.0411417e-01  -1.6106131e-01  -9.0008489e-02   0.0000000e+00  -2.7154459e-01  -3.5175586e-01   2.8674106e-01  -1.0644555e-02   4.3260061e-02   5.7637863e-02   2.6469958e-01  -3.1053598e-01   5.4786081e-02  -2.6757422e-01  -1.3945912e-01  -1.3022994e-01   2.1663046e-01   8.4000710e-02  -3.0750304e-01   1.1638433e-01  -7.9865104e-02  -2.7570601e-01   8.7838629e-02   8.6001835e-02  -3.3281898e-01  -1.8607305e-01   2.4252960e-02  -9.1107861e-02   8.8462332e-02   2.6883478e-01   8.3241111e-02   4.9925354e-01  -7.5026324e-02   3.3410916e-02  -4.5717374e-02  -5.9578206e-02  -4.9630747e-02  -4.7523645e-02  -3.1135012e-01   4.4816620e-02   1.9537559e-01   1.1352179e-01   3.6065632e-01  -2.7274450e-01   1.6016222e-01  -6.7012263e-02  -2.1859741e-01   1.2746091e-01   1.4663300e-01   7.7007788e-02   1.6047923e-02   6.9201928e-02   9.2958385e-02   5.8490416e-02  -1.2436064e-01  -6.4258035e-02  -1.6960869e-01   6.6940419e-02   2.6597247e-01   8.1369804e-02  -2.3495900e-01  -6.6279710e-02   2.4339897e-01   2.6606741e-01   1.7135038e-02   2.4470175e-01   3.2277492e-01   6.4542558e-02   2.3597406e-01  -9.7098609e-03   2.1437530e-01  -2.5469633e-01   3.0249351e-01  -1.4003517e-01   1.4586283e-01  -3.8080455e-01   3.4872854e-01  -1.0214016e-01  -4.0462180e-02   3.0631256e-02  -1.7630859e-01   1.3072645e-01   3.8049423e-02  -1.6488578e-02   7.9979699e-02   2.8403716e-02   2.9949378e-01   3.4892798e-01   1.4979797e-01   2.4045463e-01  -1.8153412e-01  -1.6179460e-01  -1.7972259e-01  -1.4128346e-01   9.5607968e-02   5.5832852e-02   1.8958250e-01   2.6718234e-02   1.8348644e-01  -1.2023821e-01  -9.1566117e-02  -1.3361658e-01   3.3625703e-02   2.1690105e-01   1.5067293e-02  -3.4130617e-01   7.0126849e-03   2.3421968e-01   4.5513016e-01  -2.6592967e-01   4.5742913e-02  -6.3013811e-02   1.3380902e-01   2.8263616e-01  -3.1805356e-02   7.4736902e-02   3.0358172e-02  -6.3091212e-02   2.7825600e-01   1.9283453e-01  -2.9154215e-01   4.3960851e-01  -1.9182102e-01   1.0683649e-01  -3.6287399e-01   2.7072304e-01   1.8682711e-01   2.0180077e-01  -3.9680866e-01   3.0794601e-01   7.8778006e-03  -1.0670208e-01   4.5391936e-01   5.5544631e-02  -2.5031946e-01  -2.7039317e-01  -1.8639894e-01  -8.4772861e-02  -4.6151996e-02  -1.0456758e-01  -2.7129405e-01  -2.8233640e-01  -2.5529653e-01  -2.4352794e-01  -7.9782559e-02  -2.8370789e-02   2.8187334e-03  -1.3353398e-02   1.3786629e-01   1.4941757e-02   2.4046124e-03   2.1704476e-01   1.7807250e-01  -1.7107947e-01   8.8576575e-02   5.7406590e-02   1.7625039e-03  -2.8264895e-01  -1.9548761e-01  -2.2410488e-01  -6.2704651e-03  -8.1351646e-02  -9.2102353e-02   2.3199002e-01  -1.3583166e-01   1.4636196e-01  -7.1985345e-02   2.7723846e-01
   3.8516820e-01   6.8930937e-02   4.9690321e-02   3.3286490e-01  -4.3168267e-01   3.4499101e-01  -4.4833078e-03   2.6835003e-02  -1.4919993e-02  -2.5946380e-01  -2.4509875e-03   3.0603073e-01  -2.7154459e-01   0.0000000e+00   3.0355524e-01  -3.0333300e-01  -1.0933968e-01  -9.2810960e-02  -2.9715383e-02  -3.4839126e-01   8.0186137e-02   1.2383345e-01   9.0981951e-02   2.0858758e-01   3.1954979e-01  -6.4031138e-02   5.5916326e-02   4.8166293e-01   8.3226936e-03   2.8430391e-01   3.3116133e-02   3.3316998e-01   2.5197038e-01   1.9359131e-02   1.6799057e-01  -7.2014342e-02   7.7021098e-02  -9.4007002e-02  -2.5159406e-01  -9.9174670e-02   8.5536994e-02   3.2057535e-01  -1.9955046e-01   1.3664072e-01  -2.0349142e-01   2.5354432e-01   1.4263882e-01   1.3209919e-01   2.3356364e-02  -2.5371993e-01   4.4904605e-02  -3.3919528e-02  -1.8040222e-01   1.6158005e-01   5.3210263e-01   2.5793163e-01   1.6925642e-01   3.3066505e-01   1.8761244e-01   4.0998306e-01   2.1470228e-03   7.7273920e-03  -2.5013118e-01   1.8874449e-01  -9.3543158e-02  -1.5366006e-01   1.3816195e-01  -2.8877440e-01  -1.2624655e-01   3.9841492e-01  -1.4603156e-01  -9.7249142e-02  -6.9773256e-02   3.9518899e-01   8.6851404e-04   1.4039735e-01   1.4184729e-01  -9.3463401e-02  -1.9757688e-01   1.7469459e-02   3.6714867e-01  -3.3168676e-01   1.2770005e-02   1.3753089e-01   4.2762399e-01   1.1190478e-01   2.4349505e-01   4.0488351e-01  -1.4886290e-01   3.0527707e-01  -2.1514050e-01   2.7641018e-02  -7.7240262e-02   6.3398858e-02   2.1491360e-01  -2.5132369e-01  -2.5921851e-01  -7.1030679e-02  -2.6925636e-01  -1.1322519e-01   1.8042567e-01   1.7095276e-01   6.2058786e-01  -2.4545312e-02   1.7487419e-01   2.9176158e-01   1.0666162e-01   3.0528759e-03   7.7170316e-02  -2.1372612e-02  -1.7171413e-01   3.2573506e-01  -2.4251265e-01   1.7515600e-01   2.9431902e-01  -3.4414021e-01  -4.9594195e-02  -1.0493674e-01   2.9638390e-01   2.6164435e-01   2.6915898e-01  -2.2782810e-01  -2.8478366e-01  -3.4608075e-02   1.6547757e-01   3.4686815e-01   1.2252617e-01  -9.9849049e-02   2.7506625e-01   2.8508716e-01  -1.8380581e-01  -2.9180988e-01   2.4763396e-01   2.2424313e-01   2.6134844e-02   2.1802354e-01   5.0690576e-02   3.7239894e-01   3.1520485e-02   2.5346858e-01   4.7855264e-01  -1.3883187e-01   9.6205708e-02   2.2440226e-01   3.6378663e-01   4.6654591e-01  -1.0269553e-01  -1.3389038e-03   2.2199080e-02  -8.3758305e-02   3.8492949e-01   4.8332769e-01   2.4068558e-01  -2.1369517e-01  -7.0606438e-02  -1.5139340e-01   2.7113651e-01   1.5026300e-01  -5.0583153e-02   2.5113523e-01  -3.3966934e-01  -4.8595201e-02  -3.4585992e-01   1.4724400e-01   1.9290681e-01  -1.8694684e-01   1.0128186e-02   3.7604029e-01   2.5273350e-01  -2.6712622e-01  -1.8128445e-01  -1.1434462e-01  -2.6111188e-01   2.3251084e-01   3.9459572e-02   2.2560551e-01   1.1248949e-01
