   0.0000000e+00  -3.8242619e-01  -1.7676592e-01  -1.5523118e-01  -3.6486937e-01  -2.0390955e-02  -1.8964678e-01   1.1930572e-01  -2.7888699e-01  -3.0211696e-01   9.4127558e-02  -3.0971145e-01  -3.7115774e-02   5.6659599e-01  -4.6672367e-02  -7.3405406e-02  -1.7007043e-01   1.4229755e-02   3.0479694e-02  -2.1422721e-01  -1.8028445e-01  -2.0649769e-01  -3.6643223e-02   6.8985106e-01   7.3665750e-02   3.9025426e-01  -2.7241087e-01   4.5080391e-01   4.4161862e-02  -2.9717297e-01  -1.2949485e-01  -5.1217870e-02   4.6232703e-04  -1.6375242e-01  -1.4999036e-01  -1.2625525e-01  -2.0340445e-01   4.4251997e-01   8.8327774e-02  -3.1262779e-01  -1.5351909e-01   1.0252440e-01  -1.9869305e-01   3.8101118e-02  -1.5664992e-01   1.5662988e-01  -6.0475981e-02  -1.4915196e-01  -1.9566877e-01  -1.3161392e-01  -2.5234635e-02   9.3815502e-02  -2.8537720e-01   1.7304614e-01   3.1267165e-01   2.9082554e-01  -6.8473185e-03   5.2100005e-03  -1.0121968e-01   2.8078763e-02   3.3478573e-01  -1.2252243e-01  -1.2536302e-01   1.0354142e-01  -1.6301647e-01  -3.9617366e-01  -8.0072183e-02   9.6273798e-02  -8.8576829e-02   2.3588137e-01  -1.9727536e-01   1.5416569e-01  -2.1491864e-01   3.3976920e-01   3.9884067e-02   2.1022940e-02   3.4143826e-01  -1.2682996e-01  -2.4904802e-01   3.9695574e-03   3.4651263e-01  -7.4979996e-02  -2.7651349e-01   3.6287669e-01   2.6361528e-01  -9.1870060e-03  -1.9906427e-01   6.1777850e-01  -9.6204467e-02   7.0403758e-01  -1.5793028e-01   3.0951871e-01  -2.6934539e-01  -2.4933319e-01   4.1781019e-01  -2.3057743e-01  -3.3626106e-02   1.8088214e-01  -2.4222825e-01  -4.0938379e-02  -1.8231103e-02   2.2546633e-01   2.1068263e-02  -6.0483659e-02   2.8460492e-02  -7.5049407e-02  -1.8103729e-02   1.4895696e-01  -3.5128164e-01  -1.0522304e-01  -2.1465130e-01  -2.2160794e-02   1.2743551e-01   7.0796918e-01   2.5778567e-01  -1.6763311e-01   1.0805983e-01  -2.1244601e-01   3.2290820e-01  -1.5540998e-01   4.7163067e-01  -2.2087793e-01  -2.1120540e-01  -3.5431989e-01   5.4733402e-01   4.4727674e-01  -2.7397275e-01   9.7516262e-02  -9.7466500e-02  -1.6002012e-02  -3.7299195e-01  -2.8869116e-01   5.1783956e-01  -1.6057622e-01  -1.8078445e-01   1.7363337e-01   1.9209700e-01  -8.8821386e-02   1.8173096e-01   5.2119957e-01   5.8318373e-01   2.5085478e-02   2.6216337e-01  -1.2299494e-01  -7.7203204e-02  -1.3856326e-01  -3.2433088e-01   1.0799503e-02   1.9739091e-02  -2.5535469e-01   2.6328513e-01   1.4128636e-01   3.9887198e-01  -3.7431475e-02  -3.3357740e-01   6.6630052e-01   5.5176143e-01  -8.0816704e-02   3.1028097e-01   2.3397467e-01   5.6830630e-02   1.0637080e-01  -1.8224046e-01   1.4702267e-02  -1.7507166e-01  -2.0811202e-01  -1.4214898e-01   4.3112736e-01   2.8814691e-01  -3.0602868e-01  -2.8117967e-01   3.2072629e-01  -4.2348991e-03  -3.6574622e-01  -1.7044793e-01   3.9148665e-02   7.4902712e-02
  -3.8242619e-01   0.0000000e+00   3.0927245e-01  -2.6592760e-02   3.0747749e-01  -4.6420822e-02  -5.7520023e-02  -2.1277354e-01   4.2985669e-01   4.5345550e-02  -4.4170765e-01   1.9655594e-01  -2.0364045e-01  -1.4765922e-01  -1.8892807e-01  -1.3012169e-01   4.7700875e-01  -2.3162525e-01   1.4783669e-01   1.7660823e-01  -1.1317072e-01  -2.6825200e-02  -2.8840802e-01  -4.2158200e-01   4.4069646e-02  -1.7998944e-01   2.3452457e-01  -2.1975973e-01   4.2443500e-02   5.7184049e-01  -1.0578133e-01  -1.8338136e-02   2.1926748e-01  -8.4701416e-02   1.1300800e-01  -1.6007162e-01   2.7198099e-02  -2.5315997e-01  -5.4643550e-02   4.4434762e-01  -2.8492531e-01   5.4611092e-03   3.7332829e-01  -1.9695947e-01  -3.4523056e-01   1.0608816e-01  -2.3402630e-01   2.1160758e-01   2.8201189e-01   4.3858926e-01  -3.8145314e-01  -2.0307350e-01   2.8129318e-01   4.7328169e-02   4.8654959e-02  -1.6623270e-01   5.2821424e-02  -1.4784010e-01  -1.1308224e-01  -3.3308910e-02   1.7270189e-02   3.9844183e-02   4.0226826e-01  -1.1736721e-01   2.9386762e-02   4.3891724e-02   2.7732288e-01  -6.3059554e-02  -2.0272147e-01  -4.7822123e-02   5.3274672e-01  -1.0080534e-01  -1.8594755e-01  -5.1265564e-02   9.4246133e-02  -1.5310148e-01  -1.1122699e-01  -9.1095965e-02   3.4964353e-01   8.3049191e-02  -3.8052567e-01  -1.5573649e-01   4.1289920e-01  -1.7188705e-01   2.3365132e-02  -2.0322311e-01   3.2173087e-01  -3.7297567e-01   2.4258627e-01  -3.1712418e-01   2.9512145e-01  -7.0352781e-02   1.4709664e-01   1.0614911e-01  -2.0333916e-01   2.5092905e-01   1.0706381e-01   1.2273818e-01   1.2295749e-01  -2.6658973e-01   4.0208801e-01  -3.6718907e-01  -1.6415321e-01   2.6826791e-01  -2.1260988e-01  -6.3916387e-02   2.8884130e-01  -1.5222791e-01   2.3202787e-01   1.8977691e-01   2.3276568e-01  -2.4747188e-01   2.6506564e-02  -3.6112203e-01  -1.9100419e-01   3.5692576e-01  -2.5340016e-03  -1.9259190e-01  -1.8988782e-01  -2.2920518e-01  -1.3525780e-01   2.6891076e-01   3.6768940e-01   7.9572489e-02  -1.8109087e-01  -2.9304822e-01   5.8769653e-02   1.9557735e-01  -5.2636488e-02   2.2611220e-01  -1.4711377e-02  -7.9430438e-02  -1.4726233e-01   5.2335979e-02   2.2299510e-01  -2.1387989e-01  -1.1978601e-01   2.0102145e-01  -3.0772774e-01  -3.6627844e-01  -2.1993617e-01   4.8017845e-03  -2.9741370e-01   2.1430128e-01  -2.6901730e-01  -1.0671704e-01   2.5929673e-01  -2.5837708e-01  -3.9907352e-01   4.2045911e-02  -1.1786346e-02  -2.2421439e-01  -1.0805090e-01  -1.2184853e-01   5.1104877e-01  -4.1183214e-01  -2.0021514e-01  -1.4955131e-01   9.6671375e-02  -4.1527627e-01   3.6542933e-02  -2.0096718e-01   4.6105889e-02  -3.8466558e-01   1.1739783e-01   3.4061742e-01  -1.1329256e-01  -2.9343502e-01   2.7787987e-02   5.7402776e-01   2.8558857e-01  -2.8418734e-01  -1.4056905e-01   4.3198450e-01   2.4980956e-01   3.1991212e-01  -6.6765339e-02
  -1.7676592e-01   3.0927245e-01   0.0000000e+00  -1.4551213e-01   2.0180891e-01   1.8994134e-02  -1.1778044e-01  -2.9747914e-02   2.0535543e-01   2.0732846e-01  -3.8783205e-01   3.1046393e-01   4.2862443e-02  -2.6019447e-01  -1.1212132e-01   4.8322879e-02   8.2134556e-01  -3.5760604e-01  -1.9445900e-01   3.6300040e-01  -5.2283634e-01  -2.6383870e-01  -4.5524400e-01  -1.3305177e-01  -1.6848904e-01  -1.1926210e-01   3.0280107e-01  -8.9746722e-02   9.7652682e-02  -8.7336981e-03  -2.2527157e-01  -1.7292286e-01   1.9454256e-01   1.7022003e-01   4.0679684e-01  -1.3168454e-01  -1.9317216e-01  -2.0314519e-01   1.0329398e-01   6.6480654e-01  -9.7111165e-02   2.7277860e-01   4.3273221e-01  -2.0955614e-01  -3.4610289e-01   5.0952283e-01  -3.5281386e-01  -2.0332756e-01   4.4309044e-02   7.1132897e-01  -3.2902363e-01  -1.5760737e-01  -1.9667708e-01   2.1992521e-01  -1.0779748e-01  -3.3504762e-01   9.9118791e-03  -2.8559183e-01  -8.5896279e-02  -8.5660031e-02   1.7039019e-01   1.4576427e-01   3.7519791e-01  -9.5770060e-02  -3.1206177e-01   8.8329915e-02   1.2299494e-01   4.5027431e-02  -2.1385628e-01   5.0896332e-01   1.7901264e-01  -1.8650005e-01  -1.9598645e-01  -9.7431692e-02  -1.3561453e-01  -2.7031182e-01   2.8021269e-01  -1.0305408e-01   2.2309263e-01  -6.4502228e-02  -3.4526965e-01  -1.6337292e-01  -1.0493777e-02  -1.7204990e-01  -6.4201595e-02  -1.7269515e-01  -2.3135049e-01  -1.7478239e-01   1.7922361e-01  -1.4961610e-01   1.0900726e-01   1.8825647e-01   3.6668478e-01   1.7578474e-01  -1.5638358e-01   3.9908711e-01   6.9876507e-02   3.4963865e-02   8.8532024e-02  -2.4481854e-01   1.7192610e-01  -3.7316201e-01  -3.9622486e-01   1.2333155e-01  -4.4250530e-01  -1.4861758e-01   2.9137910e-01  -5.6018863e-02   1.9508224e-01  -2.7324349e-02   3.3266452e-01  -2.4888560e-01  -7.2998727e-02  -1.5123180e-01   2.6565525e-01   7.2605591e-02   3.7502136e-02  -1.7502724e-01  -2.2467809e-01  -1.4879893e-01   1.7028545e-03   2.6984383e-01   4.2484887e-01  -8.4469366e-02  -1.3470150e-02  -2.0632094e-01  -1.5028417e-01  -6.9515808e-02  -1.2842835e-01   5.0711599e-01   1.0675213e-02  -2.3729684e-01  -1.8837854e-01  -2.0151679e-01   3.3306898e-01  -1.9086106e-01  -1.5201211e-02  -2.1927982e-02  -2.4548173e-01  -2.4205794e-01  -7.0004305e-02  -1.0928464e-01  -2.0012026e-01   2.2415770e-01  -2.6203263e-01  -3.9399939e-01   6.4149954e-01  -2.9219579e-01  -3.8061758e-01  -3.3715647e-01   2.5571435e-01  -4.9752703e-01   1.1875810e-01  -2.6830919e-01   7.0462378e-01  -2.0922651e-01  -1.0313237e-01   5.3822980e-02   2.4063995e-01  -3.6719904e-01  -1.3562608e-02  -2.4180001e-01  -8.8924088e-02  -3.2905067e-01   2.8200751e-02   2.7663526e-01  -5.9691334e-02  -2.6473611e-01   2.4607115e-01   1.0761884e-01   2.6196789e-01   1.6980088e-03  -3.2744879e-01   1.2827626e-01  -7.2851937e-02   1.5113554e-01  -2.3202260e-01
  -1.5523118e-01  -2.6592760e-02  -1.4551213e-01   0.0000000e+00  -2.7172083e-01   4.6013565e-01   1.6346322e-01  -3.3892546e-02  -2.4004868e-01   1.5090231e-01   2.1564715e-01   8.2234166e-02  -1.9742260e-03   1.2734681e-01   7.1885783e-02  -1.1112425e-01  -1.3613150e-01   6.1835309e-02   1.6168846e-01  -3.3660973e-01   3.6006755e-01   4.5076709e-01   3.6809671e-01  -2.4056318e-01  -1.1715658e-01   9.5098629e-03   2.5425009e-03   4.6654255e-02   2.2348705e-01   8.2059542e-02   1.0024974e-01   4.0042635e-01  -4.3197737e-01  -2.6179784e-02  -4.7682002e-01   1.8399791e-01   5.0578079e-02  -1.3636638e-01  -3.5238230e-01  -1.7984478e-01   1.6486018e-01  -2.1865913e-01  -2.5293441e-01   1.0068484e-01   2.1624419e-01   3.8747518e-02   4.1674842e-01   1.0690202e-01   7.8272083e-04  -3.4436255e-01   5.1531480e-01   1.8131776e-01   3.2810609e-02  -1.9908825e-01  -2.6962387e-02   2.4818762e-01   3.1310100e-01   2.1510476e-01   3.3439438e-01   7.2816975e-02  -9.0774612e-02  -1.4957959e-01  -1.8176694e-01  -7.5959295e-02  -4.7801121e-02   1.4406692e-01   2.8014863e-01  -6.0807625e-01   5.2853773e-01  -4.0158337e-02  -9.3425949e-02  -2.6025606e-01   2.8349252e-03   8.4615165e-02   1.1122295e-01   1.7748620e-01  -1.6638857e-01   1.3467803e-01  -2.5885647e-01  -1.5278171e-01   2.8749786e-01  -1.4307970e-01  -2.9163834e-02   1.8399795e-01   1.5562286e-01  -1.2980546e-02   1.5874079e-01  -2.2375618e-02   2.9415871e-01  -2.1383184e-01  -1.6409085e-01  -1.8723744e-01  -1.2702376e-01  -1.7240522e-01  -2.9857850e-02  -1.2223943e-01  -4.6785194e-02   6.2194448e-02  -3.5261564e-01   2.1363118e-01   8.3780206e-02   2.4624658e-01   3.7103672e-01  -2.7220559e-01   3.9606398e-01   4.2857295e-01  -5.2136600e-02   2.4759309e-01   7.4091880e-03  -7.4136255e-02  -1.6142219e-01   3.6838352e-01   3.8708186e-01  -2.8769403e-01  -1.7782090e-01  -2.1429824e-01   2.5703952e-01   3.9608437e-02   1.9527224e-01   7.5304388e-01  -2.9281082e-01  -1.6249915e-01  -3.3923303e-01  -2.1520170e-01  -1.4059937e-01   1.9694639e-01  -1.0449271e-01  -6.4042669e-03   3.1778531e-01   3.8941076e-02  -2.3034183e-01   4.2841986e-02   1.8180272e-01  -1.1417425e-01   9.6729069e-02   2.4879206e-01  -5.7376613e-02   2.2731140e-01   2.1392444e-01  -1.2860160e-01   2.7665585e-04  -4.7971992e-01   1.9186906e-01   2.1357167e-01   4.0912148e-02   2.9950748e-01  -2.4794509e-01   3.2037586e-03   2.7548831e-01  -1.2703577e-02  -5.4917175e-02   4.4614022e-01  -3.8709404e-01   7.8960289e-02  -2.1628443e-01  -5.0861227e-02  -7.0886262e-02   1.5606227e-02  -1.6044368e-01   4.0687497e-01  -5.6152839e-01   2.8030732e-01   1.0459838e-01   2.9822420e-01   2.3567109e-01  -2.8662035e-01  -4.3566414e-03   1.1826449e-01  -2.8880132e-01  -1.2013003e-01  -2.4106319e-01  -3.2360202e-03   6.9906816e-02   1.8450532e-01   1.6957720e-01  -9.7507453e-02   3.5180445e-01
  -3.6486937e-01   3.0747749e-01   2.0180891e-01  -2.7172083e-01   0.0000000e+00  -4.6439783e-01  -6.8570061e-02  -1.3014228e-01   5.4667904e-01   4.0742100e-01  -2.2880318e-01   2.2774531e-01   3.3036508e-01  -4.9517112e-01  -3.5692261e-01  -5.3195330e-02   2.6061148e-01  -6.0362677e-02  -1.7847038e-03   7.4569387e-01  -2.9274496e-01  -3.3004017e-01  -8.2247700e-02  -2.4869579e-01  -2.1283223e-01  -2.9124022e-01   4.4939708e-01  -4.0802845e-01   9.0190016e-02   2.9938837e-01  -2.4685171e-01  -1.1122069e-01   6.6494943e-03  -3.8042650e-04   1.0662540e-01   3.4845220e-01   4.4283666e-01  -4.6571961e-01  -1.4261246e-02   5.5841461e-01   2.1397433e-01   3.8991652e-02   3.9644887e-01  -2.9481582e-01  -4.3008617e-03  -2.0564182e-01  -2.1778303e-01   1.0768339e-01   4.4896175e-01   3.9451082e-01  -1.5291105e-01  -2.5648775e-01   1.9358826e-01  -2.2241542e-02  -3.2915549e-01  -5.3182221e-01  -3.1818316e-01  -2.6251662e-01   5.9689350e-02  -1.0229682e-01  -2.4454059e-01   4.7055807e-01   4.4744029e-01  -6.8735938e-02  -9.7241721e-03   3.5344177e-01  -5.7280978e-02   1.9706752e-01  -2.6435321e-01  -3.1374028e-01   4.7067866e-01   3.1982618e-03   1.1680217e-01  -4.9880515e-01   3.4443313e-02  -3.4811967e-01  -3.3307969e-01   5.7311474e-02   7.4301993e-01   1.9296294e-01  -5.8789912e-01   1.6114995e-01   1.4127519e-01  -3.3012527e-01  -4.2990895e-01  -1.9639922e-01  -7.0898875e-03  -6.3144425e-01   3.0432769e-02  -3.3251072e-01   7.0603731e-01  -1.4276951e-01   4.8183290e-01   3.2916807e-01  -4.8297457e-01   8.0875358e-01   3.9732227e-03   4.0000513e-03   5.7749932e-01  -2.2852508e-03  -3.8518780e-02  -3.8238170e-01  -4.6764990e-01   1.6500434e-01  -3.2675110e-01   8.8458162e-02   9.6013916e-02  -2.9521476e-01   5.1723504e-01   4.0120781e-01   1.8124181e-01  -4.8488748e-01  -9.2842799e-02  -2.8564607e-01  -2.7790494e-01   5.5767845e-01  -4.7313519e-02   3.0269243e-01  -6.0225978e-01  -2.8250405e-01  -2.2467847e-01   7.9441277e-01   4.2600117e-01   5.1511630e-01  -3.5628055e-01  -6.4846436e-01   3.3384074e-01  -3.0124190e-02  -3.0326224e-02  -1.6943168e-01   3.0708057e-01   2.9847526e-01  -5.9319427e-01  -8.9102531e-02   1.2130735e-01  -1.7467660e-01  -3.9524317e-03  -2.5333987e-01  -2.2451754e-01  -3.5847812e-01  -1.7029395e-01   2.9926737e-01  -2.5063825e-01  -3.1937530e-01  -2.8766204e-01  -1.9321032e-01   3.7227494e-01   1.9168112e-01  -1.6105910e-01   9.3759311e-02  -4.1779506e-01  -5.1743779e-01  -1.6125638e-01   2.1704647e-03   3.6766534e-01  -3.4919946e-01  -2.8437351e-01   1.6296136e-01  -1.1523186e-01  -5.5700356e-01   2.4086771e-01  -1.5418735e-01   4.5201587e-01  -2.0400787e-01  -2.2441347e-01   5.0033153e-01   9.4233325e-02  -4.0754481e-01  -9.6235013e-03   4.9290821e-01   7.2933250e-01  -3.2195086e-01  -6.2287668e-02  -2.1001953e-01   4.6617719e-02   2.1516505e-01  -3.4371364e-01
  -2.0390955e-02  -4.6420822e-02   1.8994134e-02   4.6013565e-01  -4.6439783e-01   0.0000000e+00   1.5699141e-01  -8.7889875e-02  -3.1409097e-01   2.2031204e-02   2.5462238e-01   8.8011144e-02  -1.6892889e-01   8.4572896e-02   4.1862926e-01   1.4262959e-01  -1.1213830e-01   2.4657614e-01   1.5149323e-01  -4.3835438e-01   2.8069507e-01   5.7232549e-01   2.0244394e-01  -3.3151361e-02   1.5843514e-01   1.3814278e-01  -1.7067775e-01   1.6652530e-01  -3.0769033e-02  -1.7601360e-01   1.5257207e-02   2.5742018e-01  -1.2916605e-01   1.4464431e-01  -5.7614176e-02   1.1752614e-01  -9.2926880e-02   2.1804428e-01  -1.3255043e-01  -2.3984155e-01  -1.1066135e-01  -2.3162157e-02  -2.4155024e-01   2.7195757e-01   3.9991349e-02   3.5433874e-01   4.0262991e-01  -5.7365076e-02  -2.5287212e-01  -3.4420770e-01   3.6029669e-01   6.2763882e-02  -2.3745202e-01  -1.0898177e-01   1.3672376e-01   3.5081735e-01   5.4854852e-01   3.0741427e-01   1.1003983e-01   4.4534430e-01   1.4281495e-01  -3.0159990e-01  -4.8383175e-01  -4.4215937e-02  -1.3588471e-01   5.1833613e-02   3.3138135e-01  -3.9231751e-01   4.1630718e-01   4.9219853e-01  -4.6660910e-01  -9.0121051e-02  -2.4290583e-01   4.9067981e-01   5.8896884e-03   1.6980566e-01   2.4772497e-01   1.8034687e-01  -5.2365387e-01  -2.4116701e-01   4.3989585e-01  -5.0345988e-02  -1.8330013e-01   1.8533747e-01   2.7148998e-01   8.4340609e-02  -1.2059219e-01   3.2615282e-01   2.7736955e-01   4.4393543e-02  -4.6856886e-01   5.1823090e-02  -2.1205087e-01   4.9827141e-03   3.5025760e-01  -3.8464159e-01  -1.2781789e-01  -1.8284979e-02  -3.4446461e-01   8.3146360e-02  -8.1050084e-02   3.6564027e-01   4.1381934e-01   5.8656385e-02   4.1719952e-01   2.0252767e-01  -1.4092545e-01   1.7168956e-01  -1.1761406e-01  -2.0566572e-01  -1.2630862e-01   5.1173082e-01   2.7816282e-01  -3.1179730e-02   2.9619479e-01  -5.1228047e-01   4.4293688e-02  -7.1892351e-02   4.4353331e-01   4.6732415e-01   1.7515923e-01  -4.0850552e-01  -1.5675543e-01  -3.9277357e-01   2.5501603e-01   4.7657566e-01  -1.5219395e-01  -1.0609145e-01   3.1780457e-01   3.8169927e-01  -2.0510810e-01  -7.6740101e-02   3.2341508e-01  -5.1716858e-02   1.2008670e-01   7.6463287e-02   7.0644764e-02   2.0680060e-01   7.4639444e-02  -8.8477700e-03   5.1075887e-02  -3.6046475e-01   2.3182277e-01   5.4505755e-01   2.7517804e-01   1.7298571e-01  -2.5274748e-01  -1.8175681e-02   3.6213843e-01  -1.8361110e-01   3.8753637e-01   4.8246431e-01  -9.6092207e-02  -2.1405574e-01  -1.8178460e-01   1.2411686e-01   2.1150562e-01  -5.9093185e-02   5.4130815e-02   4.2693056e-01  -3.8256042e-01   1.2265188e-01   7.2749263e-03   2.9497944e-01   2.9236527e-01  -4.5311797e-01  -1.6565039e-01   2.3153924e-01   1.6474936e-02  -4.3838071e-01  -4.7555306e-01   2.7703646e-01   4.6106733e-02   4.7445434e-01   7.5183689e-02  -2.3351560e-01   4.4373868e-01
  -1.8964678e-01  -5.7520023e-02  -1.1778044e-01   1.6346322e-01  -6.8570061e-02   1.5699141e-01   0.0000000e+00  -8.0030914e-02   1.0252933e-02   2.5689593e-01  -2.2956598e-01   2.9650942e-01  -9.0950695e-04  -1.6716367e-02   3.4977466e-01   1.0542059e-01  -2.3253888e-01  -2.1339411e-01  -6.9836382e-02   8.7305040e-02   2.7921742e-01   3.6161934e-02   5.9304761e-01  -2.1973526e-01  -2.9498130e-02  -3.4215719e-01   1.4419823e-01  -6.8681038e-02   7.0866852e-04  -1.0938821e-01   2.9317187e-01  -8.5561136e-02  -4.0772680e-02   3.2251388e-01   3.4983673e-01  -7.8388578e-03  -1.5183550e-01  -1.5399320e-01  -8.4139074e-02   9.4128698e-02  -1.5053268e-01  -9.2186443e-02   2.2291150e-01  -1.5859229e-01   4.2205817e-01  -2.0872478e-01  -2.2536610e-02   4.5969709e-01  -2.1146771e-03  -1.9838469e-01   1.1869640e-01  -2.7330073e-01   2.6293416e-01  -8.3582585e-02  -3.5718532e-02  -2.0217800e-01  -6.5838411e-02  -1.4763508e-01  -2.3743995e-01   1.3142507e-01  -3.3755454e-01   2.2716725e-01  -2.1812171e-01  -2.3448787e-02   1.7329305e-01   2.7131230e-01   7.8813594e-03  -1.5340151e-01  -4.9423229e-02  -5.5268036e-02   5.4962089e-02  -1.9292066e-01   3.7760325e-02   4.9299969e-02  -1.3076214e-03  -1.1541790e-01  -2.5540206e-01  -1.3775739e-01  -2.1126392e-02  -1.5023785e-01   3.7408984e-02   1.0396275e-01   2.5332689e-01  -1.3148160e-01   2.4583865e-01  -2.6395586e-02   4.1728598e-01  -1.1859284e-01  -6.7953098e-02  -1.7399437e-01  -1.3378323e-01  -3.0884216e-01   5.3625545e-02   1.6711158e-01  -1.0280506e-01  -4.3750366e-02   3.3715765e-02  -1.3790832e-01   3.0653081e-02   5.1842006e-01   2.5964846e-01   1.2474907e-01   8.2559834e-02  -8.7593887e-02   3.6903043e-03  -1.5186854e-01  -1.8251047e-01  -2.5204889e-01   8.7157112e-02  -2.7465516e-01   4.1697876e-01  -3.3128500e-02  -1.0812068e-01  -2.2432616e-01   1.9763729e-01  -1.7927168e-01  -2.0048086e-01   1.6745930e-01   2.4295837e-01   1.5614824e-01  -2.1226809e-01  -6.2206778e-02  -2.6500282e-01   6.5461448e-02  -2.5654166e-01  -4.5113854e-02   4.4093672e-01  -1.1955110e-01  -2.5627319e-01   6.9074080e-02   4.9705917e-02   5.3102969e-01  -1.4998226e-02   1.3237976e-01   9.3412326e-02   1.3720584e-02  -7.1036523e-02   4.0027169e-01   2.9768647e-02  -2.4312712e-01  -1.4731314e-01  -8.4067667e-02  -2.0188127e-01   1.9627724e-01   2.2661927e-01   1.4023355e-01   3.6694049e-01  -3.6717072e-01  -3.0875489e-02   2.9665137e-01   3.0641542e-03   2.3948840e-01  -2.1101209e-01  -8.0302840e-02  -4.2642216e-02  -2.5545339e-01  -1.2445036e-01  -7.5874650e-02  -3.0428058e-01  -8.5791591e-02   1.3243806e-02  -2.0583923e-01  -2.1101822e-01  -1.6238539e-01  -4.5011261e-02   1.6890349e-01   5.9167459e-02   7.3818609e-02  -2.2904244e-01  -2.5413294e-02   3.4365298e-03   1.0078343e-01  -1.9306913e-01   1.3176957e-01  -7.1534251e-02  -1.1136187e-01   8.3716254e-02
   1.1930572e-01  -2.1277354e-01  -2.9747914e-02  -3.3892546e-02  -1.3014228e-01  -8.7889875e-02  -8.0030914e-02   0.0000000e+00  -2.3058565e-01   3.1549859e-02   2.7072704e-01  -2.2537114e-01   6.2580929e-02  -1.2082337e-02   1.2647612e-01   3.2133782e-02   1.9941364e-02   1.5938295e-01  -8.5443010e-02  -2.7085287e-03  -1.3053575e-01   1.3510965e-01  -8.1872862e-02   1.3216739e-01  -4.7822292e-02   3.2695102e-01  -5.8310866e-02  -4.4563875e-02   2.9363862e-02  -1.8921346e-01  -8.2978245e-03   2.4659648e-01   1.2173897e-01   4.8660998e-02  -1.1717133e-02  -1.4216561e-01  -1.4922778e-01   2.6353695e-01   2.7318218e-01  -1.3891722e-01   2.0326639e-01   1.1294152e-01   3.1331095e-03   4.1528378e-01  -9.9782856e-03   1.2541869e-01   8.9850473e-02  -2.2980183e-01  -1.5913985e-01   5.4523286e-02   1.6296743e-01   7.7785016e-02  -3.3597731e-01   4.9981548e-03  -2.5529949e-02   1.0797059e-01  -6.5333644e-02   2.7453297e-01   5.7057667e-02  -4.7718346e-02   2.3906164e-01  -9.9191267e-03  -9.1786398e-02   1.9910716e-01  -1.9640301e-01  -1.7392108e-01   1.0542096e-02  -1.5177999e-02   1.9471737e-01   1.4024023e-01  -2.0687001e-01   1.2905332e-01   1.0992909e-01  -7.8514411e-04  -6.3957050e-02   2.9622677e-01   2.6861851e-01   1.4370403e-01  -1.4317398e-01  -2.0915955e-03   1.4996599e-01   2.7101603e-01  -2.8642136e-02   3.0408696e-01  -2.4755862e-02   4.2427122e-01  -2.4763382e-01   5.3946634e-02  -1.6520571e-01   1.6679154e-01  -1.6005786e-01   2.6026247e-01   8.4020776e-02   1.6991766e-02   8.0865447e-02  -7.6219176e-02  -8.9689224e-02   9.8980156e-02  -9.1347756e-02   4.3049641e-02  -1.7524352e-01   4.2121689e-02   2.2273840e-02  -1.5273662e-01   1.9640103e-01   6.7388471e-03   1.7267672e-01   3.7098173e-01  -1.9504230e-01  -1.4373988e-01   5.9261815e-02   1.9712472e-01   9.0209947e-02   1.3222311e-01   1.5652548e-01  -2.0570951e-01  -1.0166022e-01   7.0185322e-02   7.7287783e-02   1.0780196e-01   2.2522817e-01  -1.3097404e-01  -1.1097965e-01  -5.9374065e-02   1.7273611e-01   8.0822308e-03  -1.6490329e-01   2.1271147e-01   2.4690418e-01  -6.2879723e-02   3.2859712e-02  -1.5261729e-01   1.4241915e-01  -1.8091718e-01   8.4078796e-02   4.3474001e-01   2.7292359e-01  -2.3338739e-01   2.2162297e-01   2.0143229e-01   5.0114167e-02  -7.0788894e-03   4.7110382e-01  -6.8561026e-02   7.1147484e-02   7.4339694e-02   9.6502915e-02  -4.1955572e-02   1.5202510e-01  -8.3484164e-02   9.8930465e-02  -1.0960984e-02   1.6972402e-01   1.9698409e-01  -1.9167375e-01   2.1293476e-01   1.2930129e-01   2.2465529e-01   2.8780670e-01   7.4468311e-02   1.1035396e-01   3.8922057e-01  -1.7313119e-01   2.6433524e-01   8.9095838e-02  -1.2245361e-01   2.7601841e-01   1.3478487e-01   1.4961644e-01  -1.9285540e-01  -1.2086249e-01   1.1467020e-01   6.8589734e-02  -2.3134134e-01   2.5257374e-02   7.9939807e-02   2.8077926e-01
  -2.7888699e-01   4.2985669e-01   2.0535543e-01  -2.4004868e-01   5.4667904e-01  -3.1409097e-01   1.0252933e-02  -2.3058565e-01   0.0000000e+00   8.5316949e-02  -5.0554559e-01   4.7078704e-01   1.3422773e-01  -2.2779976e-01  -4.2981278e-01  -1.8009339e-01   2.7916528e-01  -4.1260664e-01   1.0064509e-01   3.2981947e-01  -3.6032779e-01  -2.3976530e-01  -2.2881026e-01  -1.1342827e-01  -1.7589606e-01  -2.0987864e-01   4.3451460e-01  -3.3730073e-01  -2.0800033e-02   5.4052243e-01  -1.1131130e-01  -2.1395444e-01   1.0915676e-01  -9.4295017e-02   2.5524944e-01  -9.1392890e-02   1.3827916e-01  -2.9866820e-01  -1.5966303e-01   5.4206482e-01  -2.4244349e-02  -2.1729718e-02   6.1276253e-01  -3.9628724e-01  -3.2240619e-02  -3.6558056e-02  -4.3233706e-01   2.3336746e-01   2.0216251e-01   3.6721304e-01  -4.4785700e-01  -9.4512046e-02   3.0820936e-01  -1.6862692e-02  -1.4102890e-01  -4.9121227e-01  -2.1687620e-01  -3.2707271e-01  -1.0409949e-01  -7.3674221e-02  -1.9877532e-01   2.7237339e-01   6.3744243e-01  -1.1790778e-01   1.1947672e-01   1.6262185e-01  -1.5012141e-01   6.2740686e-02  -2.7494018e-01  -2.2754612e-01   6.0039309e-01  -2.2667038e-01   2.7367564e-02  -4.5520399e-01   1.3580819e-01  -3.9985479e-01  -2.2053878e-01  -1.6081195e-01   6.6549955e-01   7.0403336e-02  -5.7214375e-01  -1.4348134e-01   2.1083062e-01  -2.8308024e-01  -3.0349027e-01  -3.1117237e-01   2.1810211e-01  -4.1558282e-01   2.4780537e-01  -1.8809647e-01   6.3224449e-01  -4.8067901e-02   2.2670893e-01   5.0792283e-01  -2.4674964e-01   4.7028208e-01  -8.8445791e-02   2.0861775e-01   2.9567150e-01  -2.8853962e-01   1.4201570e-01  -3.5697863e-01  -5.2421040e-01   3.7124490e-01  -4.4958954e-01  -1.4588185e-01   9.0867052e-02  -1.3332889e-01   2.3354022e-01   1.7063536e-01   1.0397335e-01  -4.8609264e-01  -2.3271860e-01  -1.0520031e-01  -3.3338197e-01   7.0208339e-01   1.3838520e-03   8.3767931e-02  -5.2265244e-01  -2.8104675e-01  -1.1373613e-01   6.5728978e-01   5.0202036e-01   4.5073895e-01  -1.9787009e-01  -4.7157414e-01   3.4018155e-01  -5.3575041e-02  -2.2043137e-01  -7.3554098e-02   1.2532512e-01   5.2093145e-02  -4.9869742e-01   1.3306613e-02   4.2003500e-01  -3.0246759e-01  -9.5026981e-02  -2.7754978e-02  -2.4088901e-01  -2.6436929e-01  -1.0499868e-01   1.5039927e-01  -4.6831134e-01  -2.3794246e-01  -2.3621438e-01  -4.4285242e-01   2.8318233e-01  -8.3836255e-03  -4.2970169e-01  -2.3034709e-02  -3.5650962e-01  -4.9562278e-01  -5.6148637e-02  -9.5851463e-02   5.0568755e-01  -2.9516925e-01  -1.7259839e-02  -3.6316420e-02  -8.3611434e-02  -5.2277867e-01   2.0580540e-01  -3.3440331e-01   1.0890421e-01  -5.7743623e-01  -1.2586719e-01   6.5237949e-01   8.6098788e-03  -3.8941944e-01  -5.1062721e-02   4.0081913e-01   6.9249700e-01  -1.8031349e-01  -1.0613251e-01  -7.5191998e-02   1.0935596e-01   2.0727086e-01  -2.0514827e-01
  -3.0211696e-01   4.5345550e-02   2.0732846e-01   1.5090231e-01   4.0742100e-01   2.2031204e-02   2.5689593e-01   3.1549859e-02   8.5316949e-02   0.0000000e+00  -6.0127010e-02   2.2272839e-01   3.0705394e-01  -3.3625014e-01   1.6051292e-01   1.3544424e-01   4.3431511e-02   1.0798081e-01  -6.1514946e-02   5.3589514e-01  -1.7790550e-03   5.6308037e-03   3.9482260e-01  -1.9306800e-01  -1.1869027e-01  -2.2018936e-01   3.8949973e-01  -1.7942026e-01   3.0654367e-01  -1.1640315e-01  -2.0852224e-01  -9.2700420e-02  -2.3723584e-01   2.4924519e-01   1.7339403e-01   3.8095891e-01   3.2276225e-01  -2.4325397e-01  -6.7118031e-02   3.3816193e-01   2.3969016e-01  -8.4175254e-02   2.4250961e-01  -1.6349645e-01   2.0753022e-01  -2.9376773e-02   6.7146015e-02   2.9620206e-02   2.1829682e-01   9.7163217e-02   2.0139025e-01  -1.9992273e-01  -3.8121434e-02  -7.1477094e-02  -1.6887935e-01  -3.3959087e-01  -3.6232007e-02  -1.6998836e-01   1.1661636e-01   9.3964346e-02  -3.0089610e-01   2.6480322e-01  -1.0345946e-02  -2.0916363e-01  -7.7550127e-02   6.6228983e-01   1.5332094e-02  -1.2607184e-02  -6.6347127e-02   1.2307273e-01  -6.7993193e-03  -6.8360044e-02   6.0825634e-03  -9.8113116e-02  -1.4377680e-01  -2.2041428e-01  -2.1588613e-01   5.8563611e-02   8.7177934e-02   1.6643192e-01  -1.3820124e-01   1.7039046e-01  -4.2873185e-02  -1.3991510e-01  -4.8627386e-02   3.6079386e-02  -3.6998138e-02  -4.0502586e-01  -8.0758861e-02  -1.8011112e-01   1.0397282e-01  -3.2029959e-01   3.6054939e-01   2.0573597e-01  -2.1248309e-01   4.5472928e-01  -1.8064069e-02  -7.2343687e-02   3.5192367e-01   4.8856113e-01  -1.1336317e-01   3.1523591e-02  -1.5208083e-01  -5.2557578e-02  -6.8691944e-02   1.0709058e-01  -7.7982104e-02  -1.7147760e-01   5.2415583e-01   6.9407346e-02   2.1528940e-01  -1.5829830e-01   1.4737571e-01  -1.8622832e-01   1.4515079e-01  -1.0574580e-01  -5.3539615e-03   1.9451648e-01  -1.3197362e-01   2.3717954e-01  -2.1108451e-01   2.8817819e-01  -4.9903271e-02   7.1817211e-02  -1.9458404e-01  -2.8531659e-01   2.8813325e-01  -1.1165418e-01   2.1618125e-02   1.6436188e-01   2.4492124e-01   2.4510472e-01  -2.3066918e-01  -9.0758270e-02   2.3013799e-01  -7.0706435e-02   1.3683319e-01  -7.3571052e-02  -1.2050630e-01  -1.1437433e-01  -3.2175606e-02   2.5719238e-02  -7.7977343e-02   1.0059110e-01   8.2057158e-02  -4.3902304e-02   4.2387084e-01   1.8222436e-02   1.9422923e-01   1.3678409e-01  -1.8492150e-01  -8.8484091e-02  -2.4308818e-01  -7.6633598e-02   1.5802699e-01  -2.5531058e-01  -1.9626780e-01   2.8343986e-01  -2.6962371e-01  -2.0621207e-01   8.5985361e-03  -4.8347193e-02   3.8105515e-01   2.6189157e-02   2.2114553e-02   1.5315901e-01   2.3483300e-02  -1.2241484e-01   2.7333197e-02   2.5778243e-02   2.9781682e-01  -6.9309522e-03  -1.1439541e-01   3.6578564e-02   5.8774723e-02  -2.3624980e-02   1.2814054e-02
   9.4127558e-02  -4.4170765e-01  -3.8783205e-01   2.1564715e-01  -2.2880318e-01   2.5462238e-01  -2.2956598e-01   2.7072704e-01  -5.0554559e-01  -6.0127010e-02   0.0000000e+00  -3.1760111e-01  -2.3609782e-02   2.2264446e-02   2.1813790e-01   3.4281138e-01  -4.5253488e-01   7.3339497e-01   9.6052798e-02  -2.5005048e-01   4.0648324e-01   4.0403570e-01   3.2704721e-01   1.4122066e-01   1.4227739e-01   2.5648627e-01  -2.1763642e-01   2.4536966e-01  -8.4022129e-02  -1.3245724e-01   4.8412029e-02   3.0596483e-01  -1.8147915e-01   1.0437345e-01  -4.0979902e-01   5.1367430e-01   2.2449077e-01   2.8628519e-01   2.0550768e-01  -5.6360706e-01   4.2878713e-01  -4.2394118e-02  -5.5188308e-01   5.6818376e-01   1.2135639e-01  -9.9271897e-02   7.5052930e-01  -1.2425583e-01  -2.3334344e-01  -4.7246797e-01   7.2639774e-01   3.4855759e-01  -1.5221063e-01  -2.4422895e-01  -7.3074760e-02   4.8792288e-01   1.9008160e-01   4.3427370e-01   3.4621282e-01   2.0064846e-01   2.6869188e-02  -1.7575332e-01  -5.5990954e-01   2.4115471e-01  -1.0624648e-01   5.3508889e-02   7.2490159e-02   2.8245287e-02   5.6568061e-01   5.8451906e-02  -5.8331116e-01   3.7136981e-01   2.7229129e-01   2.4187631e-01  -1.7673693e-01   4.6281591e-01   5.5233708e-02   2.4501867e-01  -4.4762266e-01  -1.0459460e-01   4.9799469e-01   3.4370061e-01  -2.6510003e-01   1.7778695e-01  -1.5004346e-01   3.6142914e-01  -3.1407709e-01   1.3227240e-01  -1.7496150e-01   1.0996324e-01  -3.4468262e-01  -9.8320284e-02  -9.6054868e-02  -2.1636597e-01   2.1461337e-01  -3.7873783e-01  -1.6769114e-01  -1.4102085e-01  -1.2098177e-01   5.7881567e-02  -4.7266915e-01   4.6793852e-01   4.2985416e-01  -1.3141564e-01   6.3910142e-01   2.5232061e-01  -3.2515557e-01   2.5761678e-01  -1.4284815e-01   2.5968573e-01  -3.7778603e-01   6.4708758e-01   1.6528061e-01   1.6486927e-01   5.9615250e-02  -4.9301841e-01   1.5149366e-01   2.2232697e-01   9.8034890e-02   3.7424455e-01   1.5205728e-01  -3.9693486e-01  -3.8399524e-01  -2.1125767e-01   1.2672605e-01   2.9497936e-01  -1.8142500e-01  -2.2903541e-01   4.2589840e-01  -1.3005342e-02   1.5433576e-01   1.5684686e-01   1.3008926e-01   6.3684652e-02  -3.8588283e-01   2.0902953e-01   5.0227073e-02  -1.3961292e-01   2.9651405e-01   3.0340752e-01   1.5809826e-01  -6.8949211e-02   6.1425632e-01   8.5685643e-03   2.3295449e-01   3.4375558e-01  -4.5403328e-01   5.7143443e-01   7.9719314e-01   4.5604779e-02  -2.2432799e-02   3.7539621e-01  -8.8950071e-02   3.3930577e-01  -4.3152926e-01   2.8865195e-01   1.3776192e-01   2.1133577e-01  -5.4948663e-02   5.0047355e-01  -1.3590211e-01   5.9766066e-01   3.9527818e-01   7.4992935e-01   2.1629359e-01  -6.7164668e-01   2.5123585e-01   1.1238874e-01  -8.8208571e-02  -3.7923493e-01  -4.1737512e-01   8.2496851e-02   4.7644517e-01   1.2912415e-02   1.5731739e-02  -2.8818471e-01   1.7407964e-01
  -3.0971145e-01   1.9655594e-01   3.1046393e-01   8.2234166e-02   2.2774531e-01   8.8011144e-02   2.9650942e-01  -2.2537114e-01   4.7078704e-01   2.2272839e-01  -3.1760111e-01   0.0000000e+00   8.9631876e-02  -3.5837789e-01   5.4702406e-02  -4.0933354e-02   1.3838221e-01  -2.3780107e-01   1.3273705e-02   1.1696723e-01  -1.6178024e-01  -8.7560639e-02   8.7446827e-02  -1.6567003e-01  -2.3842869e-01  -3.3219509e-01   2.1686442e-01  -2.2644479e-01  -2.1869028e-02   2.9972511e-01   2.7400190e-03  -1.5625140e-01  -8.0739039e-02   1.6558644e-01   3.0434121e-01  -6.8679444e-02  -1.1576354e-01  -2.1055106e-01  -1.5057471e-01   3.7235024e-01   2.8886859e-02  -2.0676798e-01   4.6919815e-01  -1.7563040e-01   3.2713229e-01   1.6926211e-01  -2.5491558e-01   1.4903146e-01  -1.6197216e-01   1.1461594e-01  -5.0946665e-02  -3.6544356e-01   1.3486225e-01  -1.5867060e-01  -1.4095807e-01  -3.7268732e-01   3.6696853e-02  -2.1657872e-01   4.8558282e-02   1.7766766e-01  -1.3393818e-01   1.5326385e-01   2.1223090e-01   8.0938797e-02   2.5127266e-02   2.8108210e-01   6.3992515e-02  -1.1568460e-01  -1.5284420e-01   8.5411334e-02   1.6717679e-01  -2.2560276e-01   1.6134975e-01  -1.5556072e-01  -6.1935391e-02  -3.9319452e-01  -7.6290040e-02  -1.4323654e-01   2.6269225e-01  -9.9393875e-02  -2.9938783e-01  -3.7677274e-02   7.7810482e-02  -2.3281386e-01  -1.2970855e-01  -1.4990873e-01   6.4207720e-02  -2.5465006e-01   2.4950935e-01  -2.6172787e-01   1.6284388e-01  -1.3329740e-01   2.4414163e-01   4.1106409e-01  -1.0329971e-01   2.1570410e-01  -1.3620232e-01   2.8840791e-02   5.7075563e-02  -4.8141099e-02   6.9486443e-02  -8.3336985e-02  -4.2496137e-01   2.2219840e-01  -1.6041730e-01  -1.2370383e-01   9.7541966e-03  -1.3746548e-01   3.9117476e-02   1.3982180e-02   2.4873597e-01  -1.9522977e-01  -8.9298678e-02  -1.5720216e-01   5.3858261e-02   2.1447324e-01   3.2451759e-03   2.1421174e-01  -2.4325128e-01   1.4254755e-01  -2.0036489e-01   3.2105207e-01   1.6824631e-01   2.3912794e-01  -2.0286357e-01  -2.0228020e-01   4.9195504e-01  -3.3896622e-01  -1.2642953e-01   1.9479985e-01   7.0669052e-02   1.3159481e-01  -4.3512646e-01   1.4577145e-01   4.9926227e-01  -1.2127563e-01  -2.2193571e-01   9.1835877e-02  -9.1209553e-02  -1.8984989e-01  -7.3595458e-02  -1.3161829e-01  -2.9887485e-01   3.6825021e-02   2.1216563e-01  -2.0104180e-01   4.2743858e-01  -8.5701026e-02  -7.7183955e-02  -7.6751681e-02  -9.5391854e-02  -3.0858558e-01  -2.0976745e-01  -1.9629793e-01   3.2828813e-01  -2.1768811e-01  -7.3581730e-02   1.0370803e-01  -6.0269246e-02  -3.8092489e-01   9.1511740e-03  -2.7221018e-01   3.0929362e-02  -3.3220482e-01  -6.7161620e-02   5.2373419e-01   5.2405771e-02  -3.0806764e-01   8.1133281e-02   4.0360884e-02   4.1193042e-01  -1.7664939e-01  -3.5663147e-02   1.1596831e-01   3.3470638e-02  -1.1069186e-01  -4.1301184e-02
  -3.7115774e-02  -2.0364045e-01   4.2862443e-02  -1.9742260e-03   3.3036508e-01  -1.6892889e-01  -9.0950695e-04   6.2580929e-02   1.3422773e-01   3.0705394e-01  -2.3609782e-02   8.9631876e-02   0.0000000e+00  -4.3384547e-02  -8.3504989e-02   1.2613075e-01   7.8044893e-02   5.1476269e-02   1.0620548e-01   3.4307662e-01  -5.9601725e-02  -4.0426854e-02   4.9996433e-02   3.0671891e-02  -1.0750818e-01   3.9651865e-02   2.1337195e-01  -8.6998556e-02   7.7446942e-02  -1.7643209e-01  -8.7776037e-03   1.2865576e-01   2.4534970e-03  -4.7323495e-02   7.2978171e-02   1.7771378e-01   8.4720775e-02  -4.2222004e-02   8.7112487e-02   1.5248168e-01   4.0046151e-01   1.4348733e-01   3.7531345e-02  -6.9693382e-02   6.6613620e-04  -5.8134112e-02  -9.5770137e-02  -1.0063161e-01   1.3127627e-01   1.3323464e-01   8.4961599e-02  -3.7278949e-03  -1.1563172e-01  -3.1350197e-02   4.8022810e-02  -2.3976853e-01  -1.5929008e-01  -1.0815815e-02   2.9334029e-01  -8.8692094e-02  -1.8599822e-02   1.5374637e-01   5.0722306e-02   6.0262840e-02  -5.7462548e-02   6.8551722e-02   8.2810827e-03   4.5700257e-02  -1.1593098e-01  -8.2009170e-02  -2.1952685e-02  -5.8919720e-02   1.3668235e-01  -2.4332317e-01  -9.4885692e-02  -1.6100916e-01  -2.7209506e-02   6.1357616e-02   7.3924649e-02   3.6086769e-01  -3.2861818e-02   2.2434335e-01  -4.6434992e-02   1.6876403e-01  -9.1183160e-02  -5.1838235e-02   4.1106192e-02  -8.8489212e-02  -8.0118044e-02  -3.4667855e-02   1.7202913e-01   4.7209306e-02   5.6442345e-02   1.8508308e-01  -9.0896275e-02   2.7790528e-01  -1.9524167e-02   3.3863532e-02   1.3769165e-01   2.3578048e-01  -8.8791288e-02  -3.0323659e-02  -8.0949207e-02   6.8460749e-02  -6.3624337e-02   1.4055703e-01   7.1016828e-02  -4.5776867e-02   1.3386951e-01  -5.8287069e-03  -2.0003580e-03  -6.5932267e-02   4.6616851e-02  -7.6717948e-02   4.0595535e-02   4.3691331e-02   1.0679185e-02   5.0725859e-01  -9.0170272e-02   4.9611338e-02   3.4846744e-02   1.9881076e-01   5.5079070e-02   1.6670931e-01   8.2366969e-03  -1.8722364e-01   1.7533643e-01   1.3096208e-01   5.9784865e-02  -1.6493857e-01   3.5214353e-01   3.2602092e-02  -9.5214963e-02  -2.9254811e-02   2.0120603e-01   1.0883606e-01   2.8460030e-01  -1.0554747e-01   1.0858836e-01  -5.1791374e-02   1.7781663e-01   3.4415278e-01  -3.8695758e-02  -2.0728490e-01   5.6390386e-02   1.3061019e-01   1.3612710e-01  -3.7975816e-02  -3.6825476e-02  -2.0067004e-02  -2.0181029e-01  -6.6406427e-02   8.0244685e-02  -1.4225748e-01  -3.4113657e-02  -7.2036498e-02   8.8124400e-02   3.3405404e-01  -1.3903035e-02  -6.6809803e-02  -6.3400699e-02  -6.8807207e-02   2.0962103e-01   2.3939283e-02  -9.3178559e-02   1.3376888e-01   6.2364495e-02   1.3494784e-01   7.2125331e-02  -7.1901883e-02   1.9650895e-01   4.9700687e-02  -2.0857083e-01  -2.5805511e-01  -9.0507637e-02  -4.3394104e-02  -5.9722401e-02
   5.6659599e-01  -1.4765922e-01  -2.6019447e-01   1.2734681e-01  -4.9517112e-01   8.4572896e-02  -1.6716367e-02  -1.2082337e-02  -2.2779976e-01  -3.3625014e-01   2.2264446e-02  -3.5837789e-01  -4.3384547e-02   0.0000000e+00   4.9712595e-03  -1.3875146e-01  -1.6602439e-01  -3.9314332e-02   1.8586424e-01  -4.2907129e-01   8.3139264e-02  -8.5887811e-02   2.2999062e-03   3.1531261e-01   6.5253321e-02   3.5917272e-01  -2.3727114e-01   5.3260230e-01  -9.5505592e-02  -2.0901787e-01   2.6282587e-02   1.3904079e-03   8.6051980e-02  -2.4301954e-01  -1.9858576e-01  -2.2543871e-01  -2.1716680e-01   2.9353235e-01  -2.4208123e-02  -2.5153445e-01  -2.3365150e-01   3.1898091e-02  -2.3999361e-01   8.4091734e-02  -3.0647713e-01   3.6870312e-02   4.7186363e-02   7.2657468e-02  -5.1146070e-02  -2.1914546e-01  -8.9719436e-03   2.2284295e-01   3.1945945e-02   5.9414653e-02   4.8032469e-01   3.5238586e-01   7.6156296e-02   3.0246602e-02  -6.3082718e-02  -3.5721284e-02   1.6506009e-01  -3.9606217e-01  -1.3986046e-01   5.4895086e-02  -9.8004429e-02  -3.8318622e-01   1.2457500e-01  -1.5601026e-01   8.1211322e-02   1.8975100e-01  -7.1287101e-02   3.0590264e-02  -1.4653569e-01   4.6395188e-01  -7.5061304e-02   7.7985343e-02   1.9319570e-01  -1.7095103e-01  -4.2883477e-01  -8.0689478e-02   4.6243409e-01  -2.3811893e-01   8.2641733e-03   3.4872414e-01   5.8031351e-01  -3.8145468e-02   3.6061216e-01   5.5642277e-01  -3.6021921e-02   4.9446613e-01  -3.2829965e-01   7.9066160e-02  -3.7374006e-01  -3.6860399e-01   3.2440631e-01  -4.2740912e-01   8.3229293e-03   1.0686620e-01  -3.4902234e-01  -1.0292774e-03   2.8493622e-01   1.9235557e-01   3.4538812e-01  -1.5500094e-01   4.8156947e-02  -4.0205448e-02   2.4964770e-02   3.4669046e-02  -3.0288925e-01  -2.1111920e-01  -1.7682920e-01   1.8198068e-01   1.1891441e-01   3.9185524e-01   2.5156654e-01  -2.1727346e-01   1.6136574e-01  -2.6708984e-01   5.4747674e-01   3.3919544e-02   3.0510106e-01  -4.8086831e-01  -3.9637346e-01  -4.5962982e-01   4.4412620e-01   5.8505456e-01  -2.8209383e-01   5.5263634e-02  -1.9293519e-01   9.0118261e-02  -2.9261588e-01  -2.8856639e-01   6.1174141e-01  -1.1449654e-01  -1.3434294e-01   7.7859861e-02  -5.2255376e-02   2.2603595e-01   8.6736244e-02   3.0838151e-01   4.6507877e-01  -1.0283816e-01   1.2823883e-01   1.6115495e-01  -1.9381675e-01  -6.2744803e-02  -3.5727547e-01  -2.5178089e-01  -9.9325328e-02  -2.2577287e-02   3.3058187e-01   4.5285083e-01   2.5172723e-01  -7.3341896e-02  -2.4612206e-01   3.5554093e-01   3.8962567e-01  -2.5129217e-01   1.5291113e-01   3.7870934e-01  -2.4495466e-01   5.6082972e-02  -2.4706453e-01  -6.2590261e-02  -3.7887620e-02  -3.0762298e-01  -3.0278344e-01   4.9007173e-01   1.3170775e-01  -3.5629233e-02  -4.8832325e-01   2.3283136e-01  -1.6691610e-01  -1.9957741e-03   1.7884518e-02   5.8110556e-03  -4.2914397e-03
