   0.0000000e+00  -1.3713429e-01  -2.7715423e-01   9.5627257e-02  -9.1537147e-02  -8.0392816e-02  -1.3853392e-02   2.3183638e-01  -2.2602685e-01  -1.1892595e-01   1.6872774e-01  -1.8960058e-01   3.7417319e-02   2.7571641e-01   2.2504156e-01  -1.3029153e-01  -2.0135523e-01  -1.7125438e-01   1.5951449e-01  -1.0409891e-01  -2.4044322e-01  -8.2653482e-02  -1.3495735e-01   6.6817393e-01  -1.3977919e-01   9.8337674e-02  -1.4198408e-01  -2.4337581e-01  -1.3104656e-01  -8.0183783e-02   6.0281202e-02   2.5720252e-01  -1.5580909e-01   2.7995196e-02   6.3751830e-02   8.3403223e-02   1.5459972e-01   2.1604615e-01   2.1251284e-02  -2.3509265e-01   6.8332934e-02  -4.8861359e-04  -2.7237030e-01   6.7443566e-02  -5.7004720e-02  -1.1924835e-01   5.8790426e-02  -2.2782134e-02   5.2662592e-02  -8.4731131e-02   3.2324599e-02   3.9775749e-01  -1.9034933e-01   2.9272184e-02   6.7804419e-02   1.0013951e-01   8.1123706e-02   1.6193052e-01   1.8183480e-01   9.1092058e-02  -3.3788849e-04  -2.6205854e-01  -2.2255012e-01  -5.0255253e-02  -7.8735926e-03  -1.8043233e-01  -9.3203291e-02   7.4680802e-04   2.9839924e-02  -2.0232261e-01  -1.5438711e-02   2.4786657e-02   1.6352251e-02  -2.7271535e-02  -1.2245273e-01   3.7160231e-01   6.0113786e-02   1.5017324e-01  -4.8214494e-02  -1.4411938e-01   3.3533008e-01  -1.1466864e-02  -2.2339327e-01   9.1401981e-02  -1.6731004e-01   3.0864239e-01   6.3077525e-02   5.9787783e-01   1.2527907e-01   7.0018315e-01  -3.1138447e-02  -6.8607715e-02  -1.9894831e-01   8.3875564e-02   9.2268452e-03  -9.7367648e-02  -1.3119280e-01   1.8450355e-01  -7.9717686e-02  -8.5551095e-03   1.1366006e-01   1.9666656e-01  -4.3264806e-02   1.5966458e-01  -4.8064657e-02   3.2688819e-01  -1.6143280e-02   2.2064868e-01   4.2893964e-02  -2.6150263e-01  -1.3275504e-01  -7.4176845e-02   4.1202349e-02   4.0490269e-01   5.3477520e-01   1.3466295e-01  -8.5816014e-02   1.2224864e-01  -1.1348337e-01   1.5762886e-01   2.3492067e-01  -7.7705943e-02  -8.4232636e-02  -1.1656850e-02   1.8337789e-01   2.7570297e-01  -6.5138573e-02   1.1775698e-01  -4.3941797e-02  -2.1960427e-01  -2.2050728e-02  -1.4245203e-01   2.7186052e-02  -2.7933461e-01  -4.9052848e-02   3.6228449e-01  -5.7525281e-02   1.1016240e-01   3.8268374e-01   3.8632444e-01   4.8077587e-01   3.5753159e-02  -2.2351155e-01  -2.6351147e-01   5.9927816e-02  -5.3330911e-02  -9.2844746e-02   1.5652678e-01  -1.6971601e-01  -1.4012377e-01   3.8868911e-03   3.5864049e-01  -1.1917223e-01   1.5198827e-01  -4.5231351e-01   3.3786069e-01   9.2623712e-02   5.6631781e-02  -1.7259843e-02   2.2676442e-01  -7.7336517e-02  -4.6045161e-02  -6.3516980e-02  -2.4230234e-02   1.8442486e-01   1.3380237e-01  -3.2373852e-02  -2.2386973e-02   1.6607007e-01   4.1229686e-02   1.0964542e-01   2.2409636e-01   5.3971870e-02  -2.7979189e-01  -2.1241206e-01   1.1030840e-01   1.7529844e-01
  -1.3713429e-01   0.0000000e+00   2.0112101e-01   1.5975742e-01  -4.7753296e-02   1.2933661e-01   1.1515264e-01   1.8960496e-02   2.1515421e-01   1.8558818e-01  -3.6149162e-01   4.4763913e-01  -4.9960332e-02  -6.4443273e-03  -7.7882366e-02  -3.5306493e-01   9.4362655e-02  -4.2533659e-01   5.6874685e-02  -8.7442231e-02  -5.0080235e-02  -6.1499144e-02  -1.6368123e-01  -1.0519808e-01  -1.3567736e-01  -1.4363444e-01  -1.0754327e-01  -1.4543992e-01  -1.2230313e-01   2.6051487e-01   4.6660721e-01  -5.4245569e-02  -8.4979644e-02   1.9864537e-01   1.6628456e-01   1.2523719e-01   4.6107519e-02   3.5101534e-02  -2.2241246e-01   5.3705050e-02  -2.0554395e-01  -2.0929047e-01   2.4303114e-01  -2.0955996e-01  -1.1916454e-01  -4.4950239e-02  -2.0092538e-01   2.7582853e-01  -1.8633620e-01   3.8578589e-02  -1.8114180e-01  -1.3534590e-01   3.1926646e-01  -9.8589128e-02  -1.4387673e-01  -1.7580969e-01  -1.7753799e-01  -2.7795722e-01  -4.0447338e-01  -4.9511292e-04  -7.6695594e-02  -6.9230194e-02   2.7027868e-01  -5.9534392e-02   1.1068329e-02   1.1109267e-01   8.8123971e-02  -3.4834189e-01  -6.3317515e-02  -1.2335420e-01   3.0673542e-01   1.3316016e-01  -9.3994828e-02   9.4812141e-02   6.0056741e-02   2.0892598e-01  -6.8593103e-02  -2.6686496e-01   2.0266417e-01  -3.5526830e-01  -1.0011172e-01  -2.5766701e-01  -1.4748574e-03  -1.7111767e-01  -1.3498282e-02   2.0966868e-03   4.8659313e-01  -2.2363414e-01  -4.3923921e-02  -3.2772957e-01   6.9928513e-02  -1.9205339e-01  -6.7547206e-02   2.2569199e-02  -8.9067636e-02  -1.6033211e-01  -5.9556362e-02   8.2767320e-04  -1.6072725e-01   1.7486501e-01  -2.1588687e-01  -3.7273016e-01   2.0229780e-01   1.5493788e-01  -1.7218156e-01   2.2930156e-02  -1.9604730e-01   1.7920220e-02   3.8374776e-02   1.0576098e-01   3.0264568e-02   9.0055368e-02   2.2278418e-01  -2.8767532e-01  -3.4745827e-01   4.4040752e-01   8.4946561e-02  -1.1500732e-01  -2.4073993e-01  -1.7254432e-02  -1.8304376e-01   3.2873799e-02   4.9178733e-01   1.3985281e-01  -2.0410463e-01  -9.3913842e-02  -1.1912832e-01  -3.1286439e-01  -2.2227182e-01   4.6180844e-02  -3.5424277e-01   3.6047255e-01   5.8275196e-01   1.6311554e-01   1.3767163e-01   1.6348648e-01  -5.5496621e-03  -1.5447275e-01  -4.7010327e-03  -2.1750420e-01  -9.8330730e-02  -9.6526360e-02  -2.9437859e-01  -1.4738178e-01  -4.3220169e-02  -1.2372450e-01   2.8199047e-01   9.1762167e-03  -1.5357812e-01   2.0681721e-01  -1.6049505e-01  -1.3056316e-01  -8.5665503e-03  -4.8737735e-03   1.9284974e-01  -7.5945359e-03  -2.1654102e-01  -4.3143766e-01  -2.2666956e-01  -1.1141823e-01  -1.8748432e-01   2.4884788e-02   9.2746522e-02  -1.2533506e-02  -2.2971676e-02   1.8478858e-01   9.3702108e-02  -9.8215945e-02  -2.8570556e-01   4.0732809e-02   1.0412276e-01  -1.5572616e-01  -1.4374670e-01   7.9013864e-02  -1.2333753e-01   7.4620171e-02  -1.6233339e-01
  -2.7715423e-01   2.0112101e-01   0.0000000e+00  -2.6508991e-01   2.2527689e-01  -2.3536119e-01  -2.1837536e-01  -5.4352236e-02  -5.5147933e-02   4.9287469e-01  -3.7308130e-01   4.8166899e-01   3.0985294e-01  -4.9240113e-01  -2.2342286e-01   2.0264107e-01   8.6304209e-01  -1.3634891e-01  -1.6400645e-01   3.8358935e-01  -3.9099300e-01  -1.3177590e-01  -2.5780984e-01  -2.9959804e-01  -2.2577944e-02  -2.1764829e-01   1.4248297e-01  -2.3471826e-01   1.1762922e-01  -2.5295176e-01  -3.1934060e-01  -1.6901361e-01   1.5351144e-01   2.3132361e-01   1.2750948e-01   2.4311459e-02   1.1722469e-01  -1.3911613e-01   7.3542483e-02   5.4954674e-01   4.7293305e-02   2.2006906e-01   4.5729571e-01  -1.6958954e-01  -2.9813802e-01   6.3923463e-01  -2.4872725e-01  -4.2346729e-01  -2.0379134e-01   7.0590032e-01  -2.0908722e-01  -3.5925173e-01   7.2024841e-02   1.9736222e-01  -1.1430948e-01  -3.8455518e-01  -1.5144252e-01  -2.3855495e-01  -3.5471724e-01  -9.7403164e-02   4.5403851e-01   5.8204567e-02   2.9291547e-01  -1.6300185e-01  -4.6527742e-01   1.1389157e-01  -1.6071335e-01   2.5251356e-02  -2.6507122e-01   5.7284436e-01   1.4916428e-01  -2.5874082e-01  -1.1084347e-01   5.5655987e-01  -2.5684378e-02  -2.5476346e-01   2.0122739e-01  -5.8921520e-02   7.4594610e-02   8.8266620e-03  -4.2256696e-01   1.0530804e-01   1.4193344e-01  -2.1191866e-01   4.1902520e-01  -4.0882186e-01  -3.1734313e-01  -4.1880696e-01  -5.8517247e-03  -4.3310452e-01   1.5398932e-01   5.3504285e-01   5.7482551e-01  -7.6501235e-02  -3.5806582e-02   5.2651481e-01   1.9322051e-02  -1.3276563e-01  -1.5417248e-02   7.8015261e-02  -1.3932205e-01  -3.4164105e-01  -1.1062561e-01  -7.2359841e-02  -4.3386545e-01  -3.7120484e-01   3.3307965e-01  -3.6792661e-01  -1.1926445e-01   1.0894993e-01   5.9606615e-01  -3.0674791e-01   4.4551069e-02  -1.6236539e-01  -2.0333625e-01  -4.8017470e-02  -2.5164409e-01   4.8334048e-02  -1.2023324e-01  -2.9837160e-01  -2.2951227e-01   4.2783522e-01   2.3210547e-01  -3.1705930e-01  -9.3415406e-03  -9.3172256e-02  -3.1987229e-01  -7.6501519e-02  -8.1375259e-02   6.4386332e-01   2.3594014e-01  -2.8007382e-01   2.0830109e-01   3.4898805e-02   3.0866926e-01  -2.3199852e-01   1.8801544e-02  -3.5692808e-01  -3.4915620e-01  -1.1015694e-01  -2.7788751e-01   2.6705409e-01  -1.7872675e-01  -1.5846312e-01  -2.0660951e-01  -4.4657885e-01   5.3417704e-01  -3.6626814e-02  -2.5217633e-01   1.8570979e-02   3.0189059e-01  -3.2046526e-01  -7.3505959e-02  -1.6892122e-01   6.4323337e-01  -2.0910781e-01  -7.1821775e-02  -8.0871973e-02   4.0511214e-01  -3.8676747e-01  -5.9778542e-02  -2.2238193e-01   1.4857141e-01  -2.5778741e-01  -2.1392149e-01   2.6893823e-01   8.0900009e-02  -8.8820279e-02  -1.6432070e-01   3.5265753e-01   2.2630862e-01   1.4239116e-01  -1.7811725e-01  -3.6053108e-02  -9.0186830e-02   1.1015290e-01  -1.4482155e-01
   9.5627257e-02   1.5975742e-01  -2.6508991e-01   0.0000000e+00  -3.7933785e-01   5.8403108e-01   3.7079820e-01   1.4236227e-01   1.6916561e-01  -1.1666834e-01   1.1979964e-01   3.4568329e-01  -2.0292963e-01   2.9339457e-01   4.3516615e-01  -4.2856514e-01  -3.8045930e-01   2.2722941e-01   2.0818121e-01  -4.7175026e-01   4.4004952e-01   2.8274447e-01   3.0638638e-01  -3.6145947e-02  -3.2666288e-01   7.1754838e-03  -3.0773517e-02   3.4390390e-01  -3.3672100e-01   7.0882617e-01   9.8595461e-03   5.7463106e-01  -1.2684572e-01   1.4563344e-01   2.4641496e-01   2.9790875e-01  -2.3603199e-01   1.9820128e-01  -3.6560165e-01  -3.7788400e-01   1.2746586e-01  -4.3653143e-01   1.5954159e-02   9.3052504e-02   1.2121121e-01  -2.9005622e-01   4.3862758e-01   4.6077621e-01  -6.9747442e-02  -5.4186076e-01   5.0516019e-01   1.4248184e-01  -2.1733715e-01  -8.4657863e-02  -1.4397272e-02   2.6732241e-01   1.0499002e-01   2.3250083e-01   3.4717861e-01   3.5800974e-01  -5.2450635e-02  -2.4404261e-01  -5.4254414e-02   7.0257217e-02  -6.7658169e-02   2.1363440e-01   4.4085731e-01  -7.1966854e-01   4.8450353e-01  -1.2974333e-01  -2.2185652e-01   5.4968594e-01  -2.4410312e-01   1.4606531e-01   1.4521381e-01   3.1541519e-01  -7.0420328e-02   1.0745286e-01  -1.1796876e-01  -2.6338508e-01   3.7396208e-01  -4.8722614e-01  -1.1219032e-01   1.5237675e-02  -1.3010371e-02   3.9140168e-01   1.6651115e-01   9.6970528e-02  -3.5662351e-01   8.3343132e-02  -3.8447292e-01  -1.3570523e-01  -4.3155297e-02   4.1119163e-01  -1.3113641e-02  -5.5644114e-01  -2.9856747e-01   2.8855583e-01  -1.3741377e-01  -5.1435283e-02  -1.0076789e-01   2.9861581e-01   6.4947980e-01   3.4309021e-01   5.0862619e-01   6.7077792e-01  -1.8254553e-01   4.6459641e-01   1.6691951e-01   2.2678453e-01  -3.0045169e-01   6.5353969e-01   2.9133955e-01   2.3324953e-01  -1.1795138e-01  -1.0423343e-01   1.5695442e-01   4.7401596e-02   1.1914158e-01   7.8539945e-01   4.1466503e-02  -4.8072763e-01   4.1194685e-01   2.0828520e-01   1.6647149e-01   3.6356220e-01   3.6087806e-01  -8.7713397e-02   2.6888119e-01  -3.2002251e-01  -6.1069591e-01   6.2776790e-02   2.6685188e-01  -1.4250446e-01   2.5005377e-01   3.7820244e-01  -1.5936674e-02   2.1792425e-01   4.9266623e-01  -1.0215789e-01   1.6670714e-01  -3.9123065e-01   3.5606091e-01   3.3258738e-01   3.2298608e-01   2.1757096e-01  -2.3930056e-01  -2.5152740e-02   3.6640591e-01  -4.0854593e-02  -1.1232480e-02   1.3744857e-01  -6.2092748e-02  -1.2937933e-01  -1.5094432e-02   6.2289218e-02   1.8793266e-01   2.0124255e-02  -3.3552512e-01   4.9687757e-01  -5.5401787e-01   3.2698110e-01   3.0540055e-03   5.6198274e-01   5.8914062e-01  -1.3808093e-01   1.9195080e-01   2.8616173e-01  -1.8369843e-02  -2.0328342e-01  -2.0640889e-01  -9.4092075e-02  -1.5100989e-02   2.7507000e-01   1.2971012e-01   2.2390054e-01   4.2834351e-01
  -9.1537147e-02  -4.7753296e-02   2.2527689e-01  -3.7933785e-01   0.0000000e+00  -4.5269660e-01  -6.2442816e-01  -3.0393106e-01  -6.7039751e-03   4.2804182e-02  -4.1398336e-03  -3.7234592e-01   3.8515446e-01  -3.3407540e-01  -4.1224801e-01   1.3515943e-01   4.2210911e-01  -2.3785883e-01   7.4400665e-03   6.9402942e-01  -4.3533076e-01  -3.0672271e-01  -4.1970958e-01   6.8790957e-02   5.4674602e-02   1.6566961e-01   1.2567296e-01  -3.9531635e-01   3.7681771e-01  -4.9905443e-01  -1.9716090e-02  -1.1171614e-01  -1.2451083e-01  -1.8719474e-01  -2.1147031e-01   4.0912902e-01   3.0167682e-01  -3.8037382e-02   2.8753921e-01   9.8057990e-02   3.8123086e-01   1.4758078e-02  -1.4683380e-01  -3.4779623e-01  -2.3240250e-01   1.8908622e-01  -2.2973607e-01  -3.8288093e-01   2.0945544e-01   5.0358918e-01  -3.0665169e-01  -1.4383547e-02   2.4129488e-01  -7.6536355e-02  -4.7933713e-03  -3.7676045e-01  -4.3293852e-02  -1.4434597e-01  -2.0729819e-01  -2.4107826e-01   6.9235578e-03   5.6088742e-02   2.1003248e-01  -1.9147843e-01  -1.7826587e-02  -8.7758613e-02  -3.8644288e-01   2.1254682e-01  -3.6826983e-01  -2.7587653e-01   1.3482826e-01  -2.1507505e-01   2.7668308e-01  -2.6168092e-01  -4.6591465e-02  -3.3072072e-01   1.3521960e-02   6.2874057e-02   6.5588020e-01   2.2537134e-01  -3.1428510e-01   2.5587697e-01   1.5268189e-01   9.2482791e-02   5.2564497e-03  -2.2156025e-01  -9.5066648e-02  -1.8563961e-01   3.2250413e-01  -2.2724668e-01   7.7248940e-01  -6.7880035e-02   1.2990106e-01  -3.4519787e-01   7.3499756e-02   7.3299419e-01   4.3975765e-02   3.8350826e-03   4.2135804e-01  -2.7438085e-01   6.8239272e-03  -4.2231992e-01  -2.9591978e-01  -2.7234376e-01  -4.4802335e-01  -2.7305323e-01   1.5405155e-01  -2.2245257e-01  -6.6788099e-02  -1.4822895e-01   8.0708118e-02  -5.9188536e-01  -2.5283277e-01  -4.3545031e-01  -2.0134478e-01   4.1233606e-01  -1.5079159e-01   1.5990432e-01  -2.7766657e-01  -4.1651565e-01  -1.3384799e-01   7.2933058e-01  -1.1490173e-01  -1.2667568e-01  -3.1650911e-01  -2.7756164e-01  -3.4173352e-01  -6.8698453e-02  -1.5564550e-01   1.8162870e-01   3.8710541e-01   1.6514252e-01  -4.9032650e-03   9.3139460e-02  -8.9473792e-02  -2.1701242e-01  -4.2781532e-02  -3.5483445e-01  -1.6968834e-01   6.5477366e-02  -1.8996048e-01   3.4820886e-01  -4.0286101e-01  -4.6992299e-01  -4.5776734e-01  -2.6454601e-01  -1.5047517e-01   4.4735319e-01  -4.4278533e-01  -1.1587369e-03  -4.0261387e-01  -2.2091861e-01  -1.6821078e-01   3.3781481e-01  -7.6574447e-02   2.7798916e-02  -1.8416257e-01  -5.6142782e-02   1.4846099e-01  -3.3808879e-01   2.4883141e-01  -2.2012050e-01   3.3953673e-01  -4.5441552e-01  -4.2424505e-01   4.4353154e-01   7.0038044e-02  -3.6239395e-01  -2.4236617e-01   6.3105786e-01   4.9607355e-01   1.2976399e-01   4.5576296e-02  -3.2288880e-01  -1.0216512e-01   4.0303231e-02  -9.8089784e-02
  -8.0392816e-02   1.2933661e-01  -2.3536119e-01   5.8403108e-01  -4.5269660e-01   0.0000000e+00   4.4558345e-01   1.7670518e-01   6.3813737e-02  -1.2447711e-01   4.1115628e-04   3.2334363e-01  -1.6686629e-01   3.1914382e-01   3.6324375e-01  -1.7679302e-01  -4.1133033e-01   3.5741081e-01   2.8721087e-02  -4.1592177e-01   5.4554593e-01   3.0012649e-01   4.3310747e-01  -2.2509585e-01  -8.3416989e-02   6.8452146e-02   2.5918276e-01   3.8583428e-01  -1.9493275e-01   6.5774360e-01  -1.0195045e-01   4.6424024e-01  -6.4394211e-02   1.1186667e-01   2.3187242e-01   4.5089915e-02  -2.3380368e-01   1.3314163e-01  -2.3679537e-01  -9.5290307e-02  -3.3239996e-02  -1.7311360e-01   1.8401524e-01   2.2158069e-01   2.4539304e-01  -1.8143198e-01   3.7263761e-01   4.5742396e-01  -1.2505274e-02  -3.9724591e-01   4.8551011e-01   4.0743817e-02  -2.2086408e-01  -1.4765206e-02  -1.0585884e-02   3.3055212e-01   3.3186338e-01   1.3377517e-01   3.0365525e-01   3.5643152e-01  -1.3514880e-01   4.9458531e-03  -5.2079322e-02   1.6494174e-02   1.7034734e-02   1.2561723e-01   7.1787335e-01  -3.2240603e-01   5.8880528e-01  -1.3747585e-02  -1.6195660e-01   4.6735605e-01  -2.8257821e-01   1.1883158e-01   1.1445935e-01   2.8161865e-01  -2.3260911e-02   1.7488230e-01  -2.6955484e-01  -1.7014063e-01   1.7583224e-01  -2.8309679e-01  -9.4581438e-02   4.3227098e-02   1.3127724e-02   3.2854091e-01   1.0910929e-01  -1.9002547e-02  -2.4156412e-01  -8.5025740e-02  -5.1413998e-01  -1.2735553e-01   3.6163372e-02   3.5412353e-01  -2.2539906e-02  -5.3458539e-01  -1.1898461e-01   3.9893248e-01  -4.4708174e-02  -9.7432835e-03  -1.1466221e-01   3.7103635e-01   4.8563470e-01   2.0481559e-01   5.6456256e-01   4.6522141e-01  -1.6074300e-01   4.8796352e-01   2.5150370e-01   3.1733531e-01  -3.3682586e-01   5.9441153e-01   3.4285422e-01   1.8547503e-01  -1.7910998e-01  -3.3283918e-01   1.6627143e-01  -1.2235276e-01   1.4635351e-01   5.0437301e-01   1.4304204e-01  -4.7289040e-01   2.9582012e-01   2.5789087e-01   1.3823965e-01   2.2182453e-01   4.9526951e-01  -2.5185826e-01   3.2650073e-01  -1.8036454e-01  -5.6365530e-01  -1.0365960e-02   1.0956711e-01  -1.8471218e-02   2.5958898e-01   1.6305931e-01   5.3216977e-02   2.0596567e-01   3.2792728e-01  -1.2196146e-02   2.0082580e-01  -3.0233008e-01   5.0550845e-01   5.6164101e-01   3.8003293e-01   3.2641742e-01  -1.9199877e-01  -2.6235741e-01   4.6566469e-01   4.1825790e-02   2.5448936e-02   1.1090216e-01   1.1967474e-01  -4.0532454e-01   1.1912733e-01  -9.6491314e-02   2.6240232e-01   8.4841157e-02  -2.3223578e-01   3.8833606e-01  -2.1134946e-01   2.0113328e-01  -1.5271826e-01   5.5567586e-01   4.8628002e-01  -3.6440951e-01   1.0595057e-01   3.7029358e-01   1.7118146e-01  -3.1936977e-01  -3.9979651e-01  -1.4064500e-01   1.7037138e-01   4.2167101e-01   1.6160805e-01   1.2311521e-02   2.8613496e-01
  -1.3853392e-02   1.1515264e-01  -2.1837536e-01   3.7079820e-01  -6.2442816e-01   4.4558345e-01   0.0000000e+00   5.4613970e-02   8.6326374e-02   1.3413214e-01   1.3043134e-01   3.7265594e-01  -3.0970371e-01   2.9638034e-01   4.0517427e-01  -1.1895049e-01  -4.9159271e-01   2.1721707e-01  -1.0513584e-01  -5.0112537e-01   3.9352991e-01   8.2120169e-02   5.5758739e-01  -1.8513141e-01  -4.0171331e-02  -1.7403812e-01   9.1565880e-02   3.9245274e-01  -3.8645275e-01   4.1871238e-01   6.4549975e-03   1.5047101e-01   1.6456645e-01   4.0597867e-01   2.4061438e-01  -4.9845743e-02  -2.7861061e-01  -1.2764686e-01  -3.3440893e-01   8.7634791e-02  -2.5330263e-01  -1.5530084e-02   7.3866735e-02   1.5591675e-01   3.1673921e-01  -2.0578697e-01   3.2800449e-01   5.7351755e-01  -1.7768125e-01  -4.4459480e-01   3.4223174e-01  -9.5624370e-02  -5.9953528e-02  -9.0227802e-02  -8.5490790e-02   4.4166222e-01   5.5554549e-02  -1.1003035e-01   1.8528546e-01   8.5220193e-02  -2.0827800e-01   1.1015836e-01  -2.9165152e-01  -4.2170226e-02   9.2287436e-02   3.1476528e-01   4.9695747e-01  -2.4540548e-01   3.7276141e-01   2.5199545e-01   1.2192596e-01   2.5421253e-01  -2.6048078e-01   7.1134579e-02   6.4899738e-02   2.4545987e-01  -1.6947694e-02   8.3872824e-03  -3.1600797e-01  -3.3842608e-01   2.8700570e-01  -2.7477226e-01  -1.6488020e-01  -9.4938281e-02  -5.4516329e-02   2.0814705e-01   1.9065738e-01   8.8367115e-02  -3.1770710e-01   7.5735565e-02  -7.2170840e-01  -1.0624080e-01  -1.3604738e-01   3.2471191e-01  -1.3042022e-01  -6.1539769e-01   3.1075079e-02   1.5430128e-01  -1.6916944e-01   5.3129956e-01   1.9987404e-01   4.7744360e-01   6.9286177e-02  -7.2276288e-03   5.5370628e-01   1.9665337e-01  -2.3575046e-01   2.8323356e-01   1.1838197e-01   1.4049796e-01   3.9257035e-02   4.3147266e-01   1.7649569e-01   2.4722357e-01   2.4383717e-01  -3.4605276e-01   1.2664924e-01   6.7780558e-02   1.9849445e-01   4.1096476e-01   6.4233113e-03  -6.2969267e-01   7.0260386e-02   2.1433892e-01   1.7598075e-01   1.6988335e-01   4.9311710e-01  -1.8415921e-01   1.4488998e-01  -1.7017055e-01  -4.9353936e-01   2.0800847e-01  -1.2481931e-01  -5.2231261e-02  -3.3781394e-02   6.8439863e-02  -2.9852135e-03   3.8947061e-01   9.6567199e-02  -1.1862552e-01   5.8335627e-02  -4.4171191e-01   3.5095120e-01   3.2023390e-01   5.9540870e-01   1.9264303e-01   3.0638122e-01  -3.3274008e-01   4.6770142e-01   2.2567760e-01   3.5044057e-01  -1.7104947e-02   5.0504235e-02  -2.3439480e-01  -4.6688592e-02  -1.4685193e-01   5.4442052e-02   8.0808740e-02  -2.4681904e-01   2.9277628e-01  -1.5181224e-01   1.9647226e-02  -1.2241721e-01   3.9177145e-01   4.0908334e-01  -3.6691640e-01   2.1595105e-01   2.4977515e-01   1.6035912e-01  -5.9564267e-01  -2.9938943e-01  -2.8616642e-01   1.1107338e-01   2.0664951e-01   1.2391939e-01  -1.8642152e-01   2.6240143e-02
   2.3183638e-01   1.8960496e-02  -5.4352236e-02   1.4236227e-01  -3.0393106e-01   1.7670518e-01   5.4613970e-02   0.0000000e+00  -3.4620523e-02  -3.9263642e-02  -1.8965382e-01   9.0990445e-02  -7.8716289e-02   4.8288520e-02  -4.7388968e-02  -1.2409624e-01  -5.5819981e-02  -2.1661278e-02   1.0487987e-01  -1.1378961e-01   1.5960096e-02   2.1504959e-01  -8.5860209e-02   1.9725982e-01  -3.5448125e-02   1.5752788e-01  -1.3355998e-01  -1.2369504e-01   4.6563328e-02   1.0025608e-01   8.7104686e-02   1.8683529e-01   2.1274386e-02  -1.0000928e-01   1.5183901e-01  -2.0676630e-01   8.0657096e-02   3.1196412e-01  -2.0768604e-01  -1.4440395e-01  -1.0692946e-01   1.6435009e-02   1.5408495e-03   3.5018833e-01  -5.1274118e-02  -2.4437172e-02  -1.2494811e-01  -6.8706320e-02  -2.4765018e-02  -7.3311023e-02  -1.5371702e-02   2.5984168e-01  -2.3032783e-01   6.4518031e-02   1.0462002e-01  -1.9895557e-01   3.6740358e-02   1.3568060e-01   1.1333017e-01   8.4503535e-02   1.2997900e-01  -2.5851074e-01   2.5118149e-03   1.2181990e-01   2.5972199e-03  -1.9084732e-01  -4.9177372e-02  -2.3715117e-02  -2.8777116e-02  -5.3751623e-02  -7.7143578e-02   7.2982124e-02  -9.2508183e-02   1.0492839e-01  -5.7221243e-03   2.9169217e-01   7.4498509e-02   2.8381042e-02  -1.6893266e-01  -1.9957708e-01  -5.6127700e-02  -6.3582697e-02  -2.3568982e-01   1.4511023e-01  -2.3491333e-01   1.2914024e-01   1.1692260e-01   4.7598836e-02   3.9444144e-03   3.3886142e-02  -3.9290902e-02   2.5277538e-03  -1.0251255e-01   1.4383787e-01   1.7943129e-01  -1.3306538e-01  -5.3253604e-02   2.2108459e-01  -1.9920493e-01   4.4572808e-02  -2.8225621e-01  -1.1357368e-01   1.3425547e-01   2.9707694e-01  -5.4907105e-02   2.5470043e-01   1.4955693e-01   2.5921573e-01   1.0286985e-01  -5.1348227e-02  -8.5488055e-02   1.4524305e-01   1.1911478e-01   3.2938090e-01   3.9358170e-03   5.5192710e-02   1.2331032e-01  -1.4007479e-01  -7.0798419e-02   9.5722919e-02   2.5950814e-01  -6.7452858e-02   1.1855690e-01  -4.7934637e-02   1.1267335e-01   2.3697795e-01  -7.1083096e-02  -1.0209510e-02   2.0356429e-01  -2.0416534e-01  -1.5925289e-01  -3.2571326e-01   2.7693375e-01  -2.0127169e-01   1.1225450e-01   4.3547676e-01  -5.9226513e-02  -5.9860247e-02   2.3791165e-01   7.2794308e-02   1.3963561e-01  -4.2693023e-02  -6.6401589e-02  -5.5804104e-02  -5.6113160e-02  -4.6299913e-02   1.1439683e-01  -2.7240662e-02  -8.4628712e-02  -4.1994522e-02  -2.0560415e-02   2.5739862e-01   1.6729263e-03  -1.6940336e-01  -1.1044110e-01   1.6490238e-02   1.4163242e-01   2.3517737e-03   3.5597178e-02  -1.0748275e-02  -1.9808894e-03   5.7700484e-02  -9.9072930e-02   9.5625597e-02   2.9566789e-01  -4.5433800e-02  -2.4499319e-01  -4.7204643e-02   1.8148234e-01  -2.0305639e-01  -7.7897669e-02   2.0114968e-01  -1.3557902e-02   1.4378827e-01  -9.7923595e-02   1.7730873e-01   9.8909751e-02
  -2.2602685e-01   2.1515421e-01  -5.5147933e-02   1.6916561e-01  -6.7039751e-03   6.3813737e-02   8.6326374e-02  -3.4620523e-02   0.0000000e+00  -2.2747760e-02  -7.7543266e-03   1.9410940e-01  -9.5392680e-02  -3.3668384e-02  -1.4809033e-01   1.6920463e-02  -1.2958225e-01  -3.3779706e-02   1.0639858e-02  -6.3726120e-02   2.2414477e-01   2.4207973e-01  -7.7418549e-02  -3.7393993e-02  -4.9435151e-02  -3.7843592e-03   8.7245149e-02   8.9703594e-03   3.2334051e-02   3.7523641e-01   1.1855956e-01   8.3224310e-02   5.9724690e-02   5.9627235e-02   2.5209072e-01   1.2445250e-02  -1.4279727e-01   1.0155171e-01   1.1920958e-02   6.9737991e-02   4.1190904e-02   7.5800180e-03   1.1340204e-01   1.0262263e-01   9.7384408e-02  -1.0971060e-01   1.2699344e-02   1.3546636e-01  -1.0338525e-01  -1.3602618e-01   4.2622282e-02   8.6067890e-02  -4.8754834e-02  -1.2932580e-01  -1.4929978e-01  -2.0556643e-01  -1.3708292e-01   1.7711619e-01   1.3926972e-01   1.2491202e-01  -1.7376327e-01  -1.7494994e-02   1.0194786e-01   6.7155702e-02   1.6368873e-01   2.3456484e-01   1.6374031e-01  -4.3236418e-02   3.0014423e-02  -2.5755818e-01  -1.0710718e-01   1.4635125e-01   1.3041978e-01  -1.5158895e-01   2.4304469e-01  -5.9299292e-02  -3.4143840e-02   1.0485290e-01   2.7786907e-01  -1.1499686e-01  -1.9459828e-01  -5.9366253e-02   2.9347588e-02   1.8395108e-01  -8.2875545e-02  -1.5315296e-01   4.3747402e-01  -3.5855710e-01  -3.6429200e-02  -2.2002009e-01   8.9111662e-02  -1.5360603e-01  -1.2641569e-01   2.7432547e-01   1.0730076e-01  -8.5581811e-02   9.1671505e-02   3.8300219e-02   2.2484244e-02   2.6602382e-02  -3.3957391e-01  -1.9082670e-01   1.7627663e-01   2.8258599e-01   2.0308741e-01   1.3134968e-01  -5.0535503e-02   1.3876821e-01   7.4464474e-02   1.0109457e-01  -1.3216361e-01   2.1819872e-01  -3.6717302e-02  -2.0474056e-01  -3.3207531e-01   1.5695492e-01  -5.6341187e-02   3.0604166e-02  -2.0699098e-01   1.4567604e-01   6.4166233e-02  -1.6961399e-03   1.6074616e-01   1.4016917e-01  -5.9271737e-02   1.1233342e-01   1.8607236e-01  -2.0291084e-01   3.3729593e-01  -2.0736923e-01  -9.6573803e-02   1.8796926e-01   5.0999920e-02  -2.2538909e-01   1.5372481e-01   4.6872618e-02   2.9095847e-02  -1.3372722e-01   2.1936874e-02   5.0109706e-02  -1.7957367e-01  -1.4253226e-01   7.6870621e-02  -4.6084472e-02  -9.8860283e-02   6.5758361e-02  -2.3808544e-02   1.2221602e-01   6.9038295e-02  -1.1087274e-02  -2.4855513e-01  -4.7056366e-03   9.2089088e-02   1.5272556e-01   8.5024135e-02  -4.2847910e-02   1.2070934e-01  -1.9356182e-02  -1.1157173e-01  -9.6705309e-02   7.7185688e-02   1.8802349e-01   1.4332621e-01   3.6754340e-02   8.7352136e-02  -1.0296324e-02   1.4050875e-01   3.6284724e-02  -8.4906820e-02  -5.1317837e-02  -2.2033259e-02  -8.7025726e-02  -5.1801441e-03   3.2022478e-02   5.8362848e-02  -1.0079066e-01   1.4767188e-01
  -1.1892595e-01   1.8558818e-01   4.9287469e-01  -1.1666834e-01   4.2804182e-02  -1.2447711e-01   1.3413214e-01  -3.9263642e-02  -2.2747760e-02   0.0000000e+00  -3.2051148e-01   3.0716187e-01   3.5095814e-01  -1.9976987e-01  -4.9081360e-02   1.6321550e-01   3.4452264e-01  -2.1417546e-01  -1.9281269e-01   2.6986169e-01  -2.0758624e-01  -5.7045497e-02   9.8406894e-02  -3.3433861e-01  -2.9856937e-02  -1.9620890e-01   5.5040545e-02  -7.0454149e-02   1.0396785e-01  -9.4613580e-02  -1.1870065e-01  -1.5488704e-01   4.8708234e-02   2.8142478e-01   7.3306813e-02   3.2311201e-02   1.9313293e-01  -1.9596082e-01  -1.3751285e-02   4.3677684e-01  -1.5225337e-02   1.4524575e-01   2.5608938e-01  -1.2695138e-01  -3.2397113e-01   1.7121561e-01  -2.1688360e-01  -6.0747403e-02  -2.6001559e-01   3.3949309e-01  -2.7744854e-01  -2.0106547e-01   1.3970030e-01  -1.1097395e-03  -1.5751383e-01  -1.3415986e-01  -1.0862741e-01  -2.3773339e-01  -2.7462401e-01  -1.1886221e-01   2.5325519e-02   9.0845452e-02   1.1800611e-01  -1.8683269e-01  -4.8248071e-01   2.9222617e-01  -1.0364646e-01  -8.8878745e-02  -1.5918556e-01   2.6652323e-01   1.9454677e-01  -2.2329254e-01  -1.2931106e-01   3.0701528e-01  -1.4122432e-02   5.4656377e-02  -1.3275837e-01  -9.8555315e-02   6.4354708e-03   8.8892111e-03  -1.5132088e-01  -1.4676664e-02   9.3962468e-02  -2.2803764e-01   1.2091779e-01  -1.3384705e-01  -3.0125121e-02  -2.2079320e-01  -1.4917521e-01  -3.4766597e-01  -3.2037990e-02   7.1836752e-02   3.5235710e-01   1.0030665e-01  -2.5501869e-01   2.2328575e-01  -9.6439989e-02   5.0431840e-03  -1.6035275e-01   5.3082199e-01   4.6840560e-03  -2.2267563e-01  -5.9559341e-02  -4.9883250e-02  -3.5933984e-01  -1.7724790e-01   9.7865084e-02  -1.7360358e-01  -8.3893465e-02   2.1429179e-02   4.0032559e-01  -1.8365304e-01  -1.2499506e-01  -1.1501887e-01  -4.2169164e-02  -2.4588128e-02  -1.4656933e-01  -2.7089851e-02  -1.6212450e-01  -1.0204138e-01  -3.4648485e-01   1.3984414e-01   1.4501928e-01  -1.1914838e-02  -1.8524427e-01  -1.4505861e-01  -1.2422345e-01   9.3882453e-02  -7.1594140e-02   2.5833249e-01   2.2641269e-01   1.1399605e-01   8.2563775e-02   1.5572924e-01   2.2529687e-01  -6.9479731e-02  -9.3064239e-02  -8.3390799e-02  -2.2651080e-01  -2.0497867e-01  -1.2400584e-01   1.7265350e-01  -2.0592693e-01  -2.4119808e-01   2.8904068e-02  -3.2631331e-01   5.0023873e-01  -1.0234569e-01  -5.6092976e-02   4.7186931e-01   2.0202931e-01  -1.8214181e-01  -1.8840066e-01  -1.4912067e-01   2.2411613e-01  -2.0790434e-01  -2.6480934e-01  -1.8605477e-01   1.0568662e-01  -2.3541988e-01  -6.1338575e-02  -3.0873684e-01   3.3667407e-01  -2.2045950e-01   1.1237205e-02   2.2103197e-01   1.0014716e-02  -3.2509093e-02  -2.2721050e-01   1.1361185e-01   1.3690545e-01  -6.1305836e-02  -3.5171717e-01  -1.6401300e-01  -1.3794538e-01  -1.4113833e-01  -1.7581860e-01
   1.6872774e-01  -3.6149162e-01  -3.7308130e-01   1.1979964e-01  -4.1398336e-03   4.1115628e-04   1.3043134e-01  -1.8965382e-01  -7.7543266e-03  -3.2051148e-01   0.0000000e+00  -2.5607611e-01  -1.6013777e-01   1.0951279e-01   1.7021890e-01   8.1110330e-02  -3.1202214e-01   3.0839034e-01  -1.1894920e-02  -3.2541822e-02   2.8156260e-01  -4.9550578e-02   4.4127940e-02   1.2759795e-01  -6.0595398e-02   2.3843701e-02   2.1499693e-01   1.1273532e-01  -5.6903762e-02   3.2868188e-02   4.1211060e-02   5.3794868e-03   1.6066563e-01   2.7592394e-01   1.3666019e-01   3.1322286e-01  -1.6711413e-01   9.3856022e-02   2.1951154e-01  -1.9920748e-01   2.1950325e-01  -1.5220673e-01  -3.8514084e-01  -2.7205620e-03   1.5833219e-01  -1.4586512e-01   6.7209308e-01   1.5439238e-01   8.8878332e-02  -3.4811045e-01   1.9602498e-01   1.3830938e-01  -6.1952316e-02  -2.3990715e-01  -1.5485296e-02   3.5350252e-01   1.2330138e-01   2.1301359e-02   5.3166428e-01   9.2863363e-02  -1.3178440e-01  -8.8583840e-02  -3.5309459e-01   4.9910745e-02   1.2202212e-01   1.3221059e-01   2.2988552e-01  -2.3265649e-02   3.8315370e-01  -9.0214141e-02  -7.8368961e-02   1.7413273e-01   1.4351580e-01  -2.7620856e-01  -1.1805333e-01  -1.2341201e-01   6.8004057e-02   2.7434027e-01   7.2536135e-03   1.8822790e-02   1.0266319e-01  -3.4843187e-02   1.2557142e-01   5.2791144e-02  -7.0078190e-02   1.0403735e-01   8.2198813e-02   7.2567706e-02  -1.0725021e-01   3.4081733e-01  -1.3754164e-01  -8.9667808e-02  -1.6885377e-01   9.1803520e-02   9.5334766e-02  -1.8890267e-01  -1.4184657e-01   7.1794843e-02   1.2423452e-01  -2.4068979e-01   1.9285067e-01   4.9471355e-01  -6.7434644e-02  -7.9653679e-02   2.4169975e-01   6.2210033e-02  -1.6872509e-02   1.9823419e-01  -2.2641819e-01   3.4165388e-01  -1.5459572e-01  -4.3069536e-02  -1.8116151e-01   2.0339902e-01   1.8071901e-01  -7.0995861e-02  -4.7267996e-02   3.4170740e-01   8.9133625e-02   2.0373977e-01   1.2315110e-01  -1.9335992e-01  -1.6203623e-01  -1.4889322e-01   2.7981201e-01   2.2876376e-01   2.8531778e-01   9.1681348e-02  -4.5046420e-02  -2.3081382e-01  -2.8560452e-02   1.6518018e-01  -3.0458024e-01  -4.5148850e-02  -2.3237451e-01  -5.7608599e-02  -2.5905962e-01   2.4161766e-01   1.7920258e-02   1.0992949e-01   3.9323268e-02  -2.2938575e-01   2.1680850e-01   7.0770151e-02   1.7934293e-01   8.0634569e-02  -2.8309678e-01   3.6877426e-01   3.5983908e-01  -2.0060056e-01  -3.6766586e-02   4.8924584e-02   1.5443481e-02   4.3435229e-01  -3.0674977e-01  -5.0054496e-02   1.3067412e-01   2.5749787e-01  -5.6789570e-02   2.1047766e-01  -7.1399978e-02   3.5939269e-01   2.3258061e-01   1.6850870e-01   1.4336347e-01  -1.4315951e-01   3.8058906e-01   9.0607188e-02   2.5080038e-01  -8.3645000e-02   1.0320624e-01  -8.0029602e-02   4.1784864e-01  -7.5347395e-02   1.2583947e-03  -6.9956209e-02   3.3995325e-01
  -1.8960058e-01   4.4763913e-01   4.8166899e-01   3.4568329e-01  -3.7234592e-01   3.2334363e-01   3.7265594e-01   9.0990445e-02   1.9410940e-01   3.0716187e-01  -2.5607611e-01   0.0000000e+00  -5.7784402e-02  -1.4645949e-01   1.7765797e-01  -8.6960732e-02   1.6176472e-01   6.5656018e-03  -6.1973383e-04  -2.1232354e-01   1.1728222e-01   1.1256508e-01   1.1837615e-01  -2.7527318e-01  -1.9480950e-01  -2.3919763e-01   1.5215597e-01  -2.6762068e-02  -1.9754827e-01   4.6756598e-01  -1.9253733e-01   9.1504343e-02   1.1334193e-01   3.3391136e-01   5.1189968e-01  -1.7811037e-02  -2.4020107e-01   2.8076551e-02  -3.0774846e-01   2.5485821e-01  -9.3161868e-02   7.0678175e-02   5.8297634e-01  -9.6446087e-02   3.3577947e-02   1.8452647e-01   4.0674017e-02   1.1771057e-01  -3.7751211e-01   6.3260440e-02   1.7321936e-01  -1.8109995e-01  -2.0264301e-01   6.8754173e-02  -2.0619788e-01  -1.3944678e-01  -1.1131897e-02  -9.4693595e-02  -9.5149007e-02   3.7390010e-01   1.6743713e-01  -1.2237383e-01   6.3587373e-02  -1.4363682e-01  -2.9763969e-01   2.4870989e-01   2.8478915e-01  -3.3184011e-01   2.4225753e-01   2.9776771e-01  -7.4835006e-02   2.1235377e-01  -2.7064618e-01   5.2003020e-01   1.0230625e-01   1.0897672e-01   1.0464133e-01  -9.6109873e-02  -1.0465502e-01  -3.7233726e-01  -2.2047722e-01  -2.1956136e-01  -1.4728284e-01  -1.7898709e-01   1.9584347e-01  -8.4050865e-02   2.7843777e-02  -3.2774411e-01  -2.8324219e-01  -2.7027188e-01  -3.8833507e-01   2.6243847e-01   2.6746677e-01   3.9897178e-01  -4.8603892e-02  -1.9917941e-01  -5.0124922e-02   4.4229970e-02  -2.9599821e-01   1.4671623e-01  -3.5349256e-01   2.2890479e-02   2.1836022e-01   2.2849873e-01   1.1635681e-01   7.7325313e-02  -3.8916840e-02   8.8118357e-02   5.5652129e-02   2.1593493e-01   1.5235663e-01   3.3580318e-01   2.9565730e-01   6.8529995e-02  -2.8035676e-01  -2.1274063e-01  -1.9551921e-02  -8.9661697e-02  -8.0607051e-02   2.5280400e-01  -7.5903191e-02  -1.2155662e-01   4.1459248e-01  -3.3379659e-02   1.5467614e-01   2.0071775e-01   1.3641525e-01  -2.7641191e-01   6.2666642e-02   1.5758803e-01  -3.8377850e-01  -1.3608518e-01   3.1149156e-01  -1.9635317e-01   4.5516735e-01   1.5013115e-01   7.1375462e-02  -2.0044981e-01   9.9648079e-02  -1.2191346e-01  -1.3506574e-01  -6.3151133e-02   1.7588222e-01   1.7738260e-01   2.9655947e-01  -1.3839621e-01   3.7290990e-01  -3.4408685e-01   1.3650574e-01  -1.6730561e-02   2.4483647e-01  -2.2738664e-01   6.7661370e-02  -3.8051420e-01   5.0866728e-01  -1.2578765e-01   8.9054757e-02  -1.4171634e-01  -6.3170945e-02  -1.3863493e-02  -2.7844702e-01   7.7145639e-02  -7.2478852e-02   2.6068511e-01   2.7719732e-01   4.9530985e-02   1.4975721e-01   6.5291734e-02  -1.1448895e-01  -1.7809285e-01  -1.4285425e-01  -4.0584898e-02  -1.1314000e-01   2.3247048e-01  -5.8281517e-02   7.1948409e-02   2.0012560e-02
   3.7417319e-02  -4.9960332e-02   3.0985294e-01  -2.0292963e-01   3.8515446e-01  -1.6686629e-01  -3.0970371e-01  -7.8716289e-02  -9.5392680e-02   3.5095814e-01  -1.6013777e-01  -5.7784402e-02   0.0000000e+00  -1.1748742e-01  -1.9791234e-01   2.3505128e-01   4.3492554e-01  -2.2685979e-01  -2.0368439e-02   3.7614032e-01  -4.0586516e-01  -8.3688586e-03  -2.4078442e-01   6.9587545e-02   1.4161722e-01   7.9340075e-02   1.3491937e-01  -3.2406245e-01   2.5991095e-01  -2.8488010e-01  -1.6143436e-01  -7.5117360e-02  -2.9796585e-02  -9.1303228e-03   8.3154943e-02   1.1205417e-01   9.5398768e-02  -9.4041120e-02   2.2081207e-01   1.0061609e-01   3.6742325e-01   1.3088659e-01  -6.7026684e-02  -9.2097831e-02  -3.5216749e-01   1.8229087e-01  -2.2669619e-01  -3.1475050e-01   1.3399389e-02   4.4020918e-01  -1.9901168e-01   2.7189859e-04   1.0356092e-01  -2.2385264e-03   1.1415257e-02  -2.8396812e-01   2.3405330e-02   1.4713327e-01  -1.3082441e-01   1.0301836e-01   1.6905470e-01  -8.3330209e-02   1.9603362e-01  -7.3026358e-03  -3.4482274e-01  -6.3362710e-02  -2.1241048e-01   1.6904726e-01  -2.4852029e-01  -2.3926226e-02   4.6862781e-02  -2.5827428e-01   2.4243288e-01   1.2113701e-01  -1.7957556e-01  -1.2502193e-01  -3.1355248e-02   4.1654905e-02   2.5146913e-01   1.7148969e-01  -1.0514298e-01   3.7707282e-01   5.6981524e-02   2.0569116e-01   1.6839648e-01  -5.8451739e-02  -1.4387751e-01  -6.5964915e-02   2.6765114e-01  -9.0956845e-02   3.3247150e-01   1.3377378e-01   2.1396431e-01   1.4522524e-01  -1.3782072e-01   4.6041144e-01  -1.1944095e-01   1.4334523e-01   1.4549192e-01  -9.2492222e-02   5.6637680e-02  -1.5168757e-01  -1.1712327e-01  -8.2562678e-02  -3.4475300e-01  -4.7983132e-02   2.2023607e-01  -1.0644492e-01  -2.2728294e-01  -1.0816076e-01   1.5747708e-01  -2.9649553e-01  -1.2801377e-01  -1.5701739e-02  -2.1478916e-02   1.3756959e-01  -8.3486826e-02   2.2600420e-01  -1.5068469e-01  -1.5735586e-01  -8.5693792e-02   3.2183005e-01   4.2441436e-02  -1.0406198e-01  -4.5484863e-02  -9.9631897e-04  -3.1863456e-01  -6.0218172e-02   1.4053464e-02   3.0753789e-01   4.9713758e-01  -3.5419519e-02   1.6056219e-01   7.5731765e-02   1.5383437e-01  -1.5128558e-01  -1.6585562e-01  -2.3972404e-01  -9.3271458e-02   8.2762897e-02  -8.2780875e-02   3.4585778e-01  -2.1284147e-01  -3.1808300e-01  -1.5874297e-01  -3.1038511e-01   1.1330838e-01   1.8993319e-01  -3.1394813e-01   8.7797641e-02  -4.3137593e-02  -6.1667023e-02  -1.4652906e-01   6.5395922e-02   1.2970286e-01   2.1833300e-01  -2.8305154e-02   1.1814513e-01   1.8173297e-01  -1.9977288e-01   1.0484248e-01  -1.8664947e-01   2.4305402e-01  -3.8731293e-01  -8.0159462e-02   1.7842746e-01  -2.0300682e-01  -1.6417567e-01  -1.5236762e-01   4.1359226e-01   1.3993939e-01   7.4691413e-02  -8.4175988e-02  -2.7718362e-01  -1.9426532e-01  -1.1343234e-01   1.5533799e-01
   2.7571641e-01  -6.4443273e-03  -4.9240113e-01   2.9339457e-01  -3.3407540e-01   3.1914382e-01   2.9638034e-01   4.8288520e-02  -3.3668384e-02  -1.9976987e-01   1.0951279e-01  -1.4645949e-01  -1.1748742e-01   0.0000000e+00   4.7494654e-01  -1.1870908e-01  -4.6373534e-01   9.4541225e-02   1.5263829e-01  -4.3777666e-01   4.1174517e-01   2.2548599e-01   2.7469889e-01   1.9949730e-01   8.3489879e-02   1.1248504e-01  -1.7606739e-01   3.1915533e-01  -2.8020887e-01   4.4139077e-01   1.3965254e-01   1.3390360e-01   1.5304168e-01   2.7857037e-02   6.3256710e-02  -9.8723410e-02  -3.0137137e-01  -5.3795590e-02   5.2080842e-02  -3.6311874e-01  -1.4537808e-01  -2.1271401e-02  -5.5942804e-02   2.8673112e-01   2.0783508e-01  -4.2994814e-01   2.1254420e-01   5.0924147e-01   1.2257354e-01  -4.9988546e-01   1.7381391e-01   2.2267231e-01  -2.4734112e-02   1.4008266e-01   2.2648628e-01   4.8146167e-01   5.0270292e-02   2.7131418e-01   1.7639105e-01   1.8771040e-01  -1.4197319e-01  -2.2384409e-02   3.9000777e-03   3.6480793e-01   1.2885993e-01  -1.1841737e-01   3.0097520e-01  -4.7991940e-02   1.6764533e-01  -8.9121430e-02  -1.5383766e-01   1.1049814e-01  -1.0359856e-01   4.5197710e-02  -1.1698373e-02   3.2646947e-01  -1.1842183e-01   1.5808429e-01  -1.5512726e-01  -7.3914665e-02   4.9484600e-01  -1.2028313e-01   2.6673821e-02   2.2447526e-01   9.9134011e-02   2.9495841e-01   2.0226818e-01   4.8650376e-01   4.2860492e-02   3.5490716e-01  -3.7526008e-01  -1.8312317e-01  -2.3932707e-01   2.7786826e-01  -2.1595100e-01  -4.8024143e-01  -1.5181223e-01   2.7043329e-01  -4.5528828e-02  -9.8291478e-02   3.0807910e-01   4.4454903e-01   3.1132276e-01   3.2092008e-01   3.1428303e-01   4.0695973e-01  -1.0078575e-01   1.2421792e-01  -5.4897745e-02   1.7666373e-02  -3.1397067e-01   3.1046527e-01   3.0728379e-02   4.4063603e-01   3.8577412e-01  -2.4819912e-01   5.2393596e-02   6.0314264e-02   2.7624332e-01   2.6123584e-01   5.0588791e-02  -4.8887580e-01  -9.9854192e-02   3.2507714e-01   7.5158694e-02   3.1463690e-01   3.2546874e-01  -8.3847223e-03   1.9396152e-01  -2.4001968e-01  -2.2193420e-01   1.3769135e-01  -3.9202270e-03   1.3515136e-01  -4.3203885e-02   2.0333256e-01  -9.3429710e-02   4.9605295e-01   1.8513709e-01   3.4944684e-02   4.8408129e-01  -2.2754901e-01   1.2329359e-01   2.8975290e-01   3.3796570e-01   4.2480945e-01  -3.0620112e-01  -1.6536022e-01   1.6233318e-01   6.7921414e-02   1.6716868e-01   3.1581786e-01  -5.8366237e-03  -1.4394243e-01  -1.1766571e-01   4.0145549e-02   3.5740673e-02   1.3529392e-02  -1.4756071e-01   3.6432571e-01  -3.3249977e-02  -2.8478530e-03  -1.5762662e-01   2.7691278e-01   2.0359760e-01  -3.1404377e-01  -6.9012395e-02   3.8674240e-01   1.8268057e-01  -2.4950446e-01  -3.8238764e-01  -2.7095919e-01   1.2930481e-01   2.8623115e-01  -3.6191182e-02   9.4043281e-02   2.2794687e-01
