   0.0000000e+00   1.0244882e-01  -3.3525988e-01   1.1365374e-01  -2.1379442e-01  -1.8177843e-01  -8.0184528e-02   2.1127068e-01   3.1752052e-01  -2.3491073e-01   2.6565057e-01  -6.3952021e-02   2.3153580e-01   2.4042381e-01  -3.8651620e-02   1.0759677e-01  -3.6921373e-01   4.2533360e-02   1.6962920e-01  -7.3618110e-02  -1.4258736e-01  -2.6042471e-01  -1.7479568e-01   6.9704265e-01   9.6107099e-03   2.3350001e-01   8.9686221e-02   5.8162876e-01  -1.0739125e-01   1.9492721e-01  -1.7385395e-01  -7.2504010e-02  -7.2565988e-02   7.4572017e-02   4.0933073e-01  -1.2148232e-01  -2.3366726e-01   5.2527907e-02   1.3399201e-01  -1.9161851e-01   2.5282378e-01  -1.1909483e-02   8.1901365e-02   4.8618496e-02   8.8697894e-02  -6.0457726e-03   1.5419684e-01   6.1044115e-02  -3.1329772e-01  -3.9894050e-01   2.5274321e-03   1.3463504e-01   1.7544818e-01  -1.1698428e-01  -2.3772559e-02   2.1951637e-02  -1.8437418e-01  -1.1720791e-01   3.3669145e-01   1.7953678e-01  -2.8353175e-01  -2.0287599e-01   1.2776555e-01   5.1503451e-01   2.9925381e-01   4.3610424e-02  -6.4053148e-02   9.9951889e-02  -8.8147397e-02  -1.2825762e-01  -1.0828390e-01   3.8302129e-02   3.8791335e-01   1.9044249e-01  -6.5143476e-02  -8.9171290e-02  -3.2735083e-01  -4.8453877e-02  -1.6378115e-02   2.9498465e-01   2.7058534e-02   1.5188032e-01  -1.0342191e-01  -2.9458365e-02   2.2105370e-01  -2.3010040e-01   2.0683881e-01   3.0785322e-01   2.7033086e-01   8.4327511e-01   1.3168225e-01  -2.8046562e-01  -5.4044779e-02   5.1704338e-01  -7.2168565e-02  -1.9146237e-01   4.1400775e-02   2.1032233e-02   7.2535466e-02  -2.5173160e-02   2.1315132e-01   4.2283474e-01  -2.7638732e-01   1.4707554e-01  -1.5392081e-01  -2.3624394e-01  -7.4180691e-02  -2.5479660e-02  -2.2932930e-01  -3.7725644e-02  -7.2901868e-02  -8.2499692e-02  -8.1255408e-03   7.8856500e-01  -2.6782836e-02   7.3183833e-02   1.2219984e-01   2.8597491e-01   4.3436272e-02   1.0086945e-02   3.4795612e-01  -6.7495854e-02   2.2942527e-01   1.1271148e-01   5.7219975e-01   1.9625119e-01  -6.9728010e-02  -3.2859352e-01  -7.8058594e-02  -1.6240413e-01   6.5424808e-02   7.8553954e-02   8.3427765e-02  -4.1790682e-02   1.8311701e-01   9.8872530e-02   1.3108307e-01   3.1536170e-01  -1.0804760e-01   4.7039852e-01   5.8136836e-01  -2.7163102e-02   2.1675930e-01  -1.3703746e-01   2.0809464e-01  -1.3918990e-01  -1.4945413e-01   1.4900088e-02  -7.2478102e-02   2.3087336e-01   6.1793535e-01  -1.1526360e-01   2.7572849e-01   2.0011547e-01  -1.0194328e-01   7.1159865e-01   2.0355948e-01   4.5115373e-01  -2.2219497e-01  -3.2834639e-02  -3.0799968e-02   1.5053034e-01   1.6334610e-01   1.8721352e-02  -1.2976478e-01  -1.3948385e-03   2.2003143e-01   5.0438388e-01   3.9710384e-01  -7.4759988e-02  -7.0414430e-02  -3.3214610e-01   8.9542685e-02  -1.2198975e-01  -1.9290531e-01  -2.7553915e-01   6.2602824e-03
   1.0244882e-01   0.0000000e+00   3.6477431e-01  -3.5116229e-01   3.4649612e-01  -3.2859311e-01  -3.0052393e-01   1.7547726e-01   4.2369560e-01  -2.9508861e-01   3.0142307e-01   4.6266531e-01  -1.1806073e-01  -3.9052054e-01  -3.6115411e-01  -9.5567151e-02   2.6942842e-01  -4.6683164e-01  -1.2455280e-01   1.3121354e-01  -5.3351850e-01  -3.6458413e-01  -4.6705802e-01   2.1183603e-02   2.5444403e-01  -5.1356257e-02   3.7688823e-01  -4.7153536e-02   1.5723413e-01   1.1857232e-01  -2.1597928e-01  -2.4443121e-01   3.0510840e-02   4.9447229e-01   2.8020889e-01   9.4751776e-02  -4.2718881e-01  -3.3461243e-01   1.9714639e-02   5.1044191e-01   9.8169002e-02  -1.4961787e-01   3.5120799e-01  -2.0885675e-01   1.0261745e-01  -2.8187028e-01  -5.0381381e-01   5.6050279e-02  -1.5611356e-02   3.3744931e-01  -5.0668599e-01  -1.4846916e-01   6.6866131e-01   7.9846485e-02  -6.7950913e-02  -3.7122582e-01  -2.1510986e-01  -3.0230403e-01  -6.3899193e-02  -6.7138925e-02  -2.1770975e-01   2.2042064e-01   6.8053995e-01   3.6467694e-01   5.5666643e-01  -3.9687541e-01  -1.2655375e-01   4.5931798e-02  -2.6310039e-01  -1.5584632e-01   6.3865621e-01  -1.6402458e-01   2.4405044e-01  -8.8196308e-02   9.1292285e-02  -3.8211450e-01  -2.2196556e-01  -4.5873540e-02   6.9254819e-01   1.7780558e-02  -4.4903932e-01   8.4764763e-03   1.5404150e-01  -3.2799378e-01   3.3062093e-01  -3.6537897e-01   2.1228885e-01  -4.1782084e-01   4.6994561e-02   2.0100484e-01   7.3401315e-01  -1.2582564e-01   3.2728675e-01  -1.2521030e-01  -1.6932678e-01   6.4117700e-02   1.1161674e-01  -5.9535691e-03   1.7725263e-01  -4.6608406e-01  -2.4761169e-01  -5.0102799e-02  -4.2036282e-01   3.4072955e-01  -5.2887659e-01  -3.6550550e-02   6.7316086e-02  -2.3994251e-01  -2.2415633e-01  -1.3787125e-01   1.3315149e-01  -4.3125906e-01  -1.0806228e-01   1.9052972e-01  -4.2124652e-01   7.6706237e-01  -2.9542536e-01   3.8541258e-02   2.1394527e-01  -3.5412333e-01  -1.7022734e-01   4.3543540e-01   1.2506372e-01   1.8721589e-01  -5.2305494e-02  -4.8646586e-01  -6.5362171e-01   1.3446546e-01  -2.5410786e-01   3.4390179e-01  -2.0794632e-01   3.5658575e-01   2.9277918e-01   1.9366061e-01  -1.9578212e-01  -2.7822864e-01   1.1139126e-01  -2.2988559e-01  -3.0396218e-01   1.7984987e-01  -8.3314893e-02  -1.0108321e-02  -3.0369451e-01   4.3387556e-02  -2.7082874e-01  -4.8132181e-01   3.6656135e-01   1.6621128e-01  -2.7327596e-01   2.5793272e-01  -6.7351252e-02  -2.7072881e-01  -1.0442798e-01   6.2127634e-01   6.9168673e-01   1.5671238e-01  -3.8102583e-01   1.5287571e-02  -1.5988470e-01  -3.7055909e-01   3.0604948e-01  -9.4031969e-02   3.7487882e-01  -3.0491116e-01  -1.5326165e-01   4.5473030e-01   3.6234814e-01  -6.9843438e-02  -1.4191419e-01   3.6218537e-01   2.9766698e-01  -1.3244779e-01  -4.1609818e-02   2.5636362e-02  -2.4355318e-02  -1.3318152e-02  -3.5120949e-01
  -3.3525988e-01   3.6477431e-01   0.0000000e+00  -4.1780437e-01   5.3292081e-01   3.1246045e-01  -1.6360921e-02   1.6206408e-01  -1.8985179e-01  -5.4587039e-03  -1.6810953e-01   6.3047151e-01  -5.6732417e-02  -5.2928279e-01  -1.8207102e-02  -8.9127480e-02   8.6667631e-01  -4.0884607e-01   3.8683809e-02   4.9317529e-01  -2.4834823e-01  -5.6076777e-02  -1.8266017e-01  -4.0886152e-01   1.2158070e-01  -8.0685615e-02   2.9485526e-01  -4.2347923e-01   2.3063768e-01  -1.2699220e-01  -9.4853347e-02   2.7570297e-02  -2.8193649e-02   2.2539495e-01  -4.3487438e-02   2.9987006e-01  -1.1375190e-01   6.6587543e-04  -2.5402872e-01   6.8617278e-01  -1.6072440e-01   2.5438614e-01   3.7395615e-01   9.6830584e-02  -9.2275771e-02   7.8332146e-02  -3.2956341e-01  -1.5821956e-01   1.7730519e-01   8.2643866e-01  -3.7068856e-01  -1.8714289e-01   2.3773840e-03   5.2012430e-01  -2.4736429e-01  -6.5019639e-02   1.8501973e-01  -1.8628335e-01  -1.8855835e-01   7.8547485e-02   4.3103308e-01   2.3049556e-01   3.1755296e-01  -2.3770610e-01  -1.7682633e-01  -1.1032355e-01   3.1584639e-01  -8.3697113e-02  -2.1809026e-01   4.8625303e-01   3.5393972e-01  -1.7774617e-01  -1.8633269e-01   1.2362856e-01   2.3997473e-01  -3.1904527e-01   3.9304798e-01   9.0599280e-02   4.6482815e-01  -7.8514321e-02  -2.4966080e-01  -2.9390568e-01   1.5799505e-03   2.8182979e-02   4.6062873e-01  -1.0387180e-01  -3.8708844e-01  -3.1988212e-01  -3.6169969e-01  -3.1261568e-01   3.5794467e-01   5.7890196e-01   5.9610468e-01  -4.0168065e-01   2.1864264e-01   4.9251019e-01   1.4007883e-01   1.0428432e-01   7.7040223e-02  -2.3920511e-01  -1.8897189e-01  -1.0409759e-01  -6.3445171e-02   2.8024696e-02  -2.0439504e-01   2.0455551e-01   3.5736266e-01   2.2888309e-02   8.4555178e-02   1.5187706e-01   2.6645305e-01  -1.7878718e-01  -1.4231963e-01  -3.1150144e-01  -7.4562825e-02   1.9568950e-01  -7.3343904e-02  -1.1007185e-01   2.5457314e-01  -3.6058737e-01  -4.7334701e-01   4.7618430e-01   1.4054256e-01  -4.2380236e-01  -2.8368144e-01  -3.3197519e-01  -3.3888199e-01   3.1670287e-01  -9.3643117e-02   6.3164858e-01  -4.4515278e-01  -1.7582519e-01   2.7630077e-01   1.9586932e-02  -2.2387219e-01  -3.9700515e-01   2.0825969e-02  -4.5207475e-01  -2.6633687e-01  -1.9372099e-01  -4.1379512e-01  -1.0977621e-01  -2.9574340e-01   5.3237637e-01  -1.6036115e-01  -2.9622699e-01   4.1760998e-01   2.3137106e-01   8.2440620e-02  -4.2459349e-01  -1.8449794e-02  -4.9887695e-02  -1.9343020e-01   2.5273342e-02   7.3408494e-01  -3.8228290e-01  -2.8893801e-01  -2.4907692e-01   2.1030286e-01  -1.6300342e-01   2.6468433e-01  -1.2897364e-01  -1.9042553e-01  -2.9796125e-01  -9.9227823e-03   2.0770409e-01   7.3045875e-02  -3.9414148e-01  -3.1655372e-01   3.0188720e-01   3.7689934e-01   3.8883378e-01  -1.4262735e-01   3.9566550e-01   1.5427755e-01   1.7502338e-01  -2.3707226e-01
   1.1365374e-01  -3.5116229e-01  -4.1780437e-01   0.0000000e+00  -2.0074666e-01   1.0248437e-01  -1.2889785e-01  -1.8346026e-01   1.8816324e-01  -1.4699108e-02   1.3842479e-01  -3.9520133e-01   8.2835225e-02   2.4989962e-01   2.2038366e-02   1.1054401e-01  -3.7981572e-01   5.1654872e-01   3.4543473e-02  -2.9084521e-01   9.3481302e-02   2.4226138e-01  -4.9295047e-02   1.7262087e-01  -1.9191979e-02   4.4233449e-01  -1.7540003e-01   1.2034306e-01  -4.3190759e-02   1.5083639e-01  -3.6334688e-02   1.7644460e-01   1.2757684e-01  -3.5021009e-01  -1.7314112e-01  -1.3283217e-01   7.9047053e-04   1.8435282e-01   3.0345653e-01  -4.5473427e-01   1.0011739e-01   5.3947931e-02  -6.8679476e-02  -7.0198127e-02  -3.2329049e-02   2.3639124e-01   6.1512530e-01  -2.3133091e-01  -8.1489634e-02  -3.2632728e-01   6.6265665e-01   2.3977985e-01  -2.6267350e-01  -2.1764304e-01   5.2125241e-02   1.0437914e-01   5.8531171e-02   2.1820503e-01   2.1584076e-01   7.3132538e-02  -8.9794371e-02  -2.2919110e-01  -6.3333783e-02   8.1944811e-02  -1.8974739e-02   1.1181118e-01   9.8291321e-02  -1.2697113e-01   3.2991162e-01  -6.7729214e-03  -4.1286057e-01   2.1860902e-01   3.9480518e-02   5.6544646e-02  -8.3222494e-03   4.4285478e-01  -2.7636791e-02   4.3601543e-02  -3.0312508e-01   2.1151648e-01   8.8302443e-02   1.7448713e-01  -2.7099725e-01   1.8474255e-01  -3.0192683e-01   1.4344097e-01   1.2164822e-01   7.2404514e-02   3.0373467e-01   7.1270018e-02  -1.9567758e-01  -1.5133270e-02  -4.1651562e-01   2.7671962e-01   2.9347896e-02  -1.2210729e-01  -4.5064128e-02  -2.9300659e-03  -1.3290861e-01   4.3562400e-02   7.3306139e-02  -1.1951905e-02   2.5090253e-02  -3.7003753e-02   3.6278791e-01   5.0746834e-02  -9.6048653e-02   1.7293818e-01  -2.6771029e-01   4.8176622e-02  -3.5392948e-01   4.5371404e-01   1.5684931e-01   7.6091847e-02  -1.9620973e-02  -2.8554077e-01   2.7595110e-01  -3.1698088e-02  -3.7941842e-01   6.5945820e-01   4.1180557e-01  -2.9934498e-01   6.6053593e-02   6.7582098e-02   2.6909399e-01   1.5775807e-01   2.8298416e-01  -1.1572027e-01   4.9156960e-01  -4.2638241e-01   1.5801932e-01   4.0889499e-02  -7.0398804e-02  -1.6651957e-01   5.6642884e-01   4.1810562e-01   4.6339341e-02   1.1276704e-01   4.2968715e-01  -1.7162565e-02   2.5278704e-01   1.9572327e-01   4.5678850e-01  -2.7052506e-01   3.6276403e-02   3.6404200e-01  -3.9220771e-01  -7.3124128e-02   4.3121480e-03   1.3504688e-01   1.1318144e-01  -4.4004151e-02   1.9954092e-01  -8.8518502e-02  -4.3050947e-01   1.4540366e-01   3.2413539e-01   1.6792311e-01   3.2582870e-02   1.0188145e-03  -3.2493791e-01   1.3949192e-01  -7.0855677e-02   3.3906694e-01   2.4213741e-01  -3.4615213e-01  -1.7656388e-01   2.5906387e-01   1.9943458e-01  -3.4307023e-01  -3.3030001e-01  -1.2926520e-02   1.7730632e-01  -7.1806247e-02   2.1786261e-01   7.4280261e-02   4.3929597e-01
  -2.1379442e-01   3.4649612e-01   5.3292081e-01  -2.0074666e-01   0.0000000e+00   8.9564162e-02  -3.6193405e-02   6.3139410e-02  -3.8756363e-03   6.5020417e-02  -1.0463264e-01   4.0473218e-01   1.7913600e-01  -4.1165596e-01  -3.9897632e-02  -1.4205388e-01   5.3053203e-01  -1.5095718e-01  -1.0882326e-03   5.8772827e-01  -9.1910485e-02   1.6888472e-02  -7.8666989e-02  -3.0900148e-01   4.6923516e-02  -4.2055164e-02   3.9545068e-01  -2.7510613e-01   2.8837194e-01   1.2687808e-01  -5.1431985e-02  -3.4462034e-02   1.4148136e-01   2.8591110e-01   4.5114970e-02   5.8359586e-01  -6.4526353e-03  -9.6631767e-02  -3.3557692e-02   4.9838181e-01   1.0367585e-01   8.9598454e-02   2.9295135e-01   1.3277944e-01   1.5764128e-01  -8.2790740e-02  -2.3631088e-01  -5.2724276e-02   1.9894324e-01   4.5988398e-01  -1.5425887e-01  -1.1799192e-01   1.2834215e-01   2.4790228e-01  -2.6727750e-01  -7.8903157e-02   1.0468702e-01  -1.1076421e-01  -5.9621270e-02   6.5702414e-02   1.2289560e-01   4.6765570e-01   1.7995746e-01  -1.1413737e-01   1.2113865e-01  -1.6756232e-01   2.4267213e-01   1.1198736e-01  -2.3595023e-01   2.3003398e-01   2.6964440e-01  -2.5577143e-02   3.9552286e-02  -1.1239836e-02   3.6731040e-02  -3.1794983e-01   5.9877558e-02   7.9600829e-02   6.7864438e-01  -2.2538397e-02  -2.1800020e-01  -1.0908613e-01   1.0788339e-02  -1.6793619e-02   1.2056688e-01  -5.3350557e-02  -2.8381469e-01  -3.3546581e-01  -1.2885733e-01  -1.3370537e-01   5.6424662e-01   2.8519382e-01   3.6813366e-01  -1.1383547e-01   1.6234129e-01   6.5030744e-01   2.8006799e-01   6.8988364e-02   2.9103525e-01  -1.9200925e-01  -2.1817324e-01  -1.3142754e-01   3.7903644e-02   1.5708968e-01  -9.7251595e-02   1.3931854e-01   2.0791207e-01  -2.4485694e-01   1.0438251e-02   2.8574760e-01   8.4045649e-02  -1.0297983e-01   5.1636858e-02  -1.6833073e-01  -1.0574508e-01   3.5710179e-01  -8.4701381e-02   2.0205169e-01   2.1111783e-01  -2.0961847e-01  -4.1761015e-01   7.0538955e-01   1.0331212e-01  -1.0100307e-01  -3.4414091e-01  -2.1153213e-01  -9.8947067e-02   8.1895840e-02  -6.8018710e-02   2.9730452e-01  -3.1193605e-01   8.1003037e-02   1.5274909e-01  -2.6842797e-02  -9.7777891e-02  -4.0979555e-01   9.2013205e-02  -3.4101819e-01  -3.2171050e-01  -2.5541310e-01  -3.2900990e-01   2.4032360e-02  -4.5186350e-01   2.8602416e-01  -1.7258863e-01  -1.5620880e-01   1.9238090e-01   3.0001440e-01  -8.4817957e-02  -1.6389699e-01  -1.2858761e-01  -5.3029520e-03  -8.4381759e-02   1.3420048e-01   5.2881274e-01  -2.6804633e-01  -2.9913871e-01  -4.8344705e-02   4.9317702e-02  -6.1079299e-02   1.9442951e-01  -1.9150083e-01  -1.4966117e-03  -1.5647890e-01  -1.0266820e-01   1.0018209e-01   1.4899002e-01  -3.3895731e-01  -1.9184421e-01   2.8803564e-01   4.6914640e-01   1.2999976e-01   4.1006744e-02   3.0100639e-01   1.6057422e-01  -6.5948779e-02  -1.0275240e-01
  -1.8177843e-01  -3.2859311e-01   3.1246045e-01   1.0248437e-01   8.9564162e-02   0.0000000e+00   3.5029091e-01  -6.0098295e-02  -4.5257069e-01   1.6696972e-01  -2.1595437e-01   3.2278413e-01   2.6832710e-01  -3.0840317e-02   2.1332543e-01   1.3826176e-01   3.3039573e-01   9.8461482e-02  -1.1023940e-01   9.5088840e-02   2.3471708e-01   1.5742386e-01   1.9426309e-01  -2.5650704e-01  -5.8421619e-02   1.1580175e-01  -3.5501786e-02  -2.8686927e-01   5.4606820e-02   1.9583551e-01  -1.3123899e-01   3.7859030e-02  -4.5378375e-02  -9.6207756e-04  -1.6339614e-01   2.5098858e-01   1.8886241e-02   3.7889764e-01  -1.9143063e-01   7.9122461e-02  -3.8715275e-02   3.1781995e-01   3.1599016e-01   1.9070235e-01  -1.7747485e-01   3.5319061e-01   3.2831681e-01   1.0665672e-02   1.0282570e-02   1.6544518e-01   2.8163030e-01   1.0278279e-01  -3.9011582e-01   2.8249166e-01  -2.5035174e-01   1.6634915e-01   4.8339975e-01   3.5556454e-02   3.1272422e-02   5.0846808e-01   3.1049413e-01  -9.9137246e-03  -1.1253655e-01  -3.9516745e-01  -4.2993223e-01   2.8107879e-01   6.0186721e-01  -2.0183640e-01   1.4630805e-01   6.2708260e-01  -2.8248152e-01  -1.3362954e-01  -1.7811554e-01   5.3028024e-01   5.4592172e-03   2.9034559e-02   3.7275719e-01  -9.5165464e-02  -1.0741353e-01   1.3203048e-01   7.1565681e-02  -5.6011905e-02  -2.2812366e-01   3.4382447e-01   2.0399320e-01  -4.3012385e-02  -2.9294826e-01  -1.0043528e-02  -1.3685411e-02  -2.5186504e-01  -1.9286743e-01   3.1801882e-01   2.3810335e-01   1.4829053e-01   3.2702306e-01   2.9669572e-01  -1.2430731e-02   7.9882081e-02  -1.5811790e-01   1.0373736e-01   1.0000799e-01   2.4739879e-01   3.1555966e-01  -9.3266849e-03   1.1284862e-01   1.6305414e-02   8.9899281e-02   3.5122601e-01   4.2546077e-02   4.4075689e-01   1.7056541e-01   5.4419425e-01  -4.6747726e-02  -2.5810893e-01   1.4724503e-01  -3.8980245e-01   1.5967023e-01   9.8075619e-02   5.2128326e-02   2.6745164e-01  -3.3341241e-01   7.1469779e-02   2.3673469e-01  -4.1175925e-01  -3.0035835e-02   1.6511167e-01   3.3550002e-01  -1.1811425e-01   2.5292367e-01   2.7034549e-01  -2.3955048e-01  -2.8371532e-01   3.9797857e-01  -1.7632265e-01   1.5470044e-01   4.8920394e-02  -7.9087827e-02  -6.0180772e-02   1.1493951e-01  -3.3749221e-01  -2.7946208e-01  -2.2595907e-01   1.1825282e-01   4.7202244e-01   2.4445698e-01   1.4309867e-01   3.9103147e-02   1.4745791e-01   5.1418096e-01  -3.1812791e-01   8.4298676e-02   1.5465103e-01  -5.4620904e-02  -3.8842117e-01   4.6765633e-02  -2.8415335e-01   1.0646544e-01  -5.2518862e-02   3.0528237e-02   1.0258305e-01  -1.8448129e-01  -8.2942980e-02  -4.5100155e-01  -6.0918730e-02   2.6067293e-01  -3.1523352e-01  -1.2291991e-01  -1.6843466e-01  -1.4458454e-01  -8.9748600e-02   1.2350288e-01   1.3475270e-01  -1.1402072e-01   4.8666351e-01   1.6761652e-01   1.4170225e-01   6.2301637e-02
  -8.0184528e-02  -3.0052393e-01  -1.6360921e-02  -1.2889785e-01  -3.6193405e-02   3.5029091e-01   0.0000000e+00  -6.3956736e-02  -3.9064455e-01   5.9614812e-01  -3.2536580e-01   3.6901041e-02   1.2723573e-01  -6.3692779e-02   4.6071304e-01   7.5947628e-02   1.5178110e-02   5.4419516e-02  -5.1861780e-02   9.3931419e-02   2.6696276e-01   1.6961802e-01   5.7669029e-01  -1.7127358e-01   1.7818683e-01  -1.7736368e-01   1.3014934e-01  -3.2298219e-01  -1.0480488e-01  -7.1425759e-03   1.6114989e-01   3.7432957e-03  -4.4604993e-02   1.4071776e-01  -2.6345355e-02   2.0591550e-01   2.4540242e-01   1.3257323e-01  -3.9092125e-02   2.3557039e-02  -6.4574698e-02   8.8321107e-02   2.0374252e-02  -2.2113625e-01   2.2129987e-02   4.2312990e-01  -1.7176022e-02   4.1716862e-01   5.6785767e-02  -8.1076460e-02   1.7667585e-01  -1.2751318e-01  -2.6738460e-01   1.3484432e-01  -7.4420437e-02  -3.6981509e-02  -8.4807348e-02   1.1475584e-01  -1.9311301e-01   2.0180358e-01   1.8001843e-01   2.7339426e-01  -3.1898674e-01  -4.3277189e-01  -3.3087485e-01   1.1437786e-01   4.7058791e-02  -9.4093390e-02  -1.2053632e-01   3.6365856e-01  -1.1439612e-01  -8.9001899e-02  -1.0235645e-01   6.1063043e-02  -2.3539726e-02   5.8175181e-02   1.5271996e-01  -6.5918367e-02  -2.6562302e-01   4.0371200e-04   8.5760957e-02  -6.5185827e-02  -7.4775559e-02  -1.7470107e-02   4.3057839e-02   1.3904887e-01  -1.4786124e-01   1.3899077e-01  -7.6271084e-02  -2.1738405e-01  -3.5878543e-01  -6.8341366e-02  -2.7633958e-02   1.1731876e-01   1.9646365e-01   2.0717267e-01   1.3806055e-02  -7.1399745e-02  -8.8971349e-02   2.2683695e-01   3.2913721e-01   2.3941586e-01   2.7436447e-01  -2.9235148e-02   3.9868065e-02  -5.7968046e-02   1.0113083e-02   1.7611446e-01   1.3778059e-01   1.4602741e-01   2.6377355e-01   1.3947202e-01  -6.7655146e-02  -7.3182161e-02   3.9116055e-01  -3.5245405e-01  -2.2373721e-01   1.7993179e-02  -6.9795827e-02   1.0464938e-01  -2.2579241e-01  -6.4223399e-02  -5.2102249e-02  -2.1528578e-01  -4.0511346e-02   1.5654941e-01   2.1730848e-01   2.2910521e-02   1.5604327e-01   2.1821411e-01  -3.5350606e-04  -1.6063076e-01   2.3318031e-03  -3.4499273e-02  -1.2358193e-01   1.1189023e-02   5.4129625e-02   1.8267255e-01   8.8998540e-02  -5.3980243e-02  -1.2059421e-01  -7.7015826e-02  -9.3735300e-02   6.2610325e-02   3.0682568e-01  -1.7284965e-02   4.0680096e-01  -1.4476184e-01   1.8374819e-01  -1.2199247e-01   1.7388169e-01   1.0749992e-02  -1.5134797e-01  -3.5140770e-01  -2.6012298e-01  -1.7619252e-01   2.0167180e-02  -6.3971780e-02  -1.8742845e-01   9.2961212e-02  -2.8752525e-02  -2.9063201e-01  -2.3438533e-01  -1.1648506e-01   1.3539604e-01  -1.9215916e-03  -6.2087758e-02  -1.9437557e-01  -3.6916297e-02  -2.2094663e-01   1.6719734e-01   1.9420920e-01  -1.4160671e-01  -7.0750017e-02   5.2201385e-02   6.4618681e-02   4.6302644e-02
   2.1127068e-01   1.7547726e-01   1.6206408e-01  -1.8346026e-01   6.3139410e-02  -6.0098295e-02  -6.3956736e-02   0.0000000e+00  -5.3181697e-03  -7.2820284e-02  -1.7209526e-01   1.2085728e-01   1.9730601e-01   1.0122775e-01   2.2994822e-01  -2.9704882e-02   2.3774421e-01  -2.8455376e-01   2.3779732e-01  -5.0685867e-02   1.4780800e-01  -4.9461379e-01   8.0758092e-02   6.8295061e-02  -1.1519919e-01   2.1598356e-01  -1.8457945e-01   2.1368555e-01  -8.5567882e-02  -4.5251723e-01   3.1053393e-01  -2.1085927e-01   1.0594226e-01   3.1527541e-01   1.5014914e-01  -5.2462571e-02   7.0464263e-02   1.4795664e-01  -2.3910603e-02   2.4194007e-01   1.9213708e-01   1.2969630e-01  -5.6343486e-02   2.0978788e-01  -2.4522686e-01  -1.9523598e-01  -3.5251889e-01   1.6696787e-01   3.2623772e-01   1.9958570e-01  -3.8381267e-01   2.5997497e-01   2.5176064e-01   2.9826049e-01   1.6589883e-01  -6.1898281e-02   1.4992980e-01  -2.9781430e-01   3.3935425e-01  -1.1428982e-01  -5.3660342e-02   1.3659049e-01   4.6646524e-02   1.5252418e-01   5.0333795e-03  -1.2309409e-01   6.3266472e-02  -8.6124538e-02  -3.3725576e-01   9.1112071e-05   3.9384064e-01  -2.8030923e-01   2.9743328e-01   6.7210780e-02   9.3679766e-02  -1.9659310e-01  -1.2149968e-01   1.7037596e-01   1.3654056e-01  -7.1439108e-02   1.1137688e-01   5.5991750e-02   3.7167372e-01   2.5423334e-01   4.2815605e-01  -5.5102933e-02   3.6583889e-02   1.6440952e-01  -5.2331275e-02   1.9966552e-01   2.2480338e-01  -9.4055533e-02   3.2587232e-01  -2.6348913e-02   2.2800648e-01  -7.6101413e-02  -8.0559291e-02   3.0889540e-01  -4.0768553e-02  -9.3938556e-03   2.6280925e-01   3.3077740e-01   2.7998274e-02  -2.1713242e-01  -5.1947500e-01  -1.2003640e-01   8.8298312e-02  -1.3523681e-01   3.2000767e-01  -8.0661322e-02   2.8154636e-01  -4.4307694e-01  -2.2444138e-01   3.2925250e-01   2.9908422e-01   2.7426022e-01  -2.8333492e-02   2.1739174e-01   3.4093633e-01  -6.6185595e-02  -8.9824100e-02   8.0249068e-03   1.8701731e-01  -3.8821187e-02   1.0333072e-01   1.5903990e-01  -2.2523687e-01   2.2188690e-02  -3.3180466e-01   2.6639811e-01  -1.7608121e-01   1.0207186e-01   8.3977589e-02   3.6105395e-01  -1.9804483e-01   5.4783557e-02  -1.0742337e-02   3.2854086e-01  -1.6932667e-01   2.8676010e-01   1.2550941e-01  -1.2796665e-01  -1.9008452e-01   1.0333838e-01   2.1419410e-01  -1.3556391e-01   3.8569755e-01   6.0604049e-02  -8.8310679e-02   8.9150819e-02   2.3613945e-01   2.6788988e-01   1.9709513e-02   8.1551197e-02   3.1871235e-01   2.2804187e-01  -1.4207705e-01   2.3975089e-01  -4.1557877e-02   1.1595819e-01  -3.9890992e-05  -6.1593965e-02   5.9673602e-02  -4.0320841e-01  -3.0035878e-01   2.7078006e-01   5.2718141e-02   9.1305098e-02  -3.1739071e-02   3.2458465e-01   7.0093597e-02  -3.6987195e-02  -3.0888015e-01  -1.1528139e-01  -5.7878074e-02  -1.3235257e-01  -2.8863919e-01
   3.1752052e-01   4.2369560e-01  -1.8985179e-01   1.8816324e-01  -3.8756363e-03  -4.5257069e-01  -3.9064455e-01  -5.3181697e-03   0.0000000e+00  -4.3005510e-01   4.8784418e-01  -1.2990636e-01  -2.3347841e-01  -3.5858882e-02  -3.9278514e-01  -5.8316873e-02  -2.6901210e-01  -1.1202656e-01   3.8846344e-02  -3.3873613e-02  -4.5369791e-01  -4.3263678e-02  -4.5110709e-01   3.3996469e-01   4.3049008e-02   4.8452222e-02   1.6564898e-01   1.3881044e-01   1.6251416e-02   1.5684736e-01  -2.2450320e-01   7.5169438e-02   2.1990722e-01   3.4066112e-02   2.5763587e-01  -1.3408731e-01  -3.7293390e-01  -3.1648346e-01   2.5475977e-01  -3.6086563e-03   1.4793360e-01  -6.9068786e-02   6.9745381e-02  -2.1928657e-01   4.2623079e-02  -2.8313943e-01  -7.7044272e-02  -1.7470000e-01  -1.5308775e-01  -1.7552057e-01  -1.0923802e-01   3.4469329e-02   3.4789265e-01  -1.6662033e-01   4.5328726e-02  -2.1567153e-01  -3.1975414e-01   9.4633497e-02   1.4174520e-01  -2.1263977e-01  -3.0493117e-01  -3.5266792e-01   3.1734735e-01   4.5549597e-01   4.8290466e-01  -3.5700538e-01  -1.9945133e-01   1.0737878e-01   1.1628809e-01  -3.7730888e-01   1.3254018e-01   1.3159441e-01   1.5527192e-01  -2.4699109e-01   1.5312743e-02  -5.4020563e-02  -3.5095706e-01  -9.6029792e-03   8.7487383e-02   3.5670439e-02  -2.4884700e-01   9.1013781e-04  -9.3689133e-03  -1.6904502e-01  -5.1917045e-02  -5.9204636e-02   5.6955762e-01  -1.7247358e-01   1.2467822e-01   4.6099382e-01   2.6511957e-01  -9.0516719e-02  -5.6296649e-02   8.7787288e-02  -3.3902825e-01  -2.1124313e-01   9.4114514e-02   4.6106922e-02   2.7883947e-02  -3.5064722e-01  -3.4897967e-01  -1.0470059e-01  -4.0549973e-01   3.8542744e-01   7.8239979e-02   1.8462192e-01  -6.6926286e-02   2.5813597e-02  -3.5904519e-01  -2.5621570e-01  -5.4473956e-02  -2.5439126e-01   8.5281589e-02   3.6677689e-01  -4.0682719e-01   4.5758822e-01  -1.4136734e-01  -1.1393506e-02  -1.9923510e-01  -9.5296274e-02   2.4633430e-01  -1.2470934e-01   2.9326635e-02   2.7510059e-01   1.7326781e-01  -2.9109330e-01  -3.5935249e-01  -2.7453977e-02   1.0176047e-01  -2.4809537e-01   9.2023878e-02   3.5759473e-01  -7.5305371e-03  -3.0723019e-02   3.1577955e-01   1.3058016e-01   2.7405007e-01  -1.5009933e-01  -2.1743912e-02   3.6709652e-01   2.1790406e-01   2.9747608e-01   4.3896088e-02  -2.6483450e-01  -3.1263162e-01  -1.8735392e-01  -1.0320579e-01  -2.1865795e-01  -4.0733652e-01   3.1390287e-01   2.3771983e-02  -3.5059524e-01   1.6010862e-01   5.8130217e-01   1.5790169e-02   3.3024919e-01  -9.6949969e-02   9.0945419e-02  -1.1902797e-01  -2.7007872e-01   1.0543874e-01   2.0646776e-01   3.7321582e-01   1.7850867e-01  -8.5030067e-03   1.2908648e-01   1.9135552e-01   3.1275686e-01   7.5863687e-02   7.1378301e-02  -1.1192954e-01  -2.2129157e-01   1.5397304e-01  -2.5967008e-01   7.6022878e-04  -2.0698554e-01   9.1619352e-02
  -2.3491073e-01  -2.9508861e-01  -5.4587039e-03  -1.4699108e-02   6.5020417e-02   1.6696972e-01   5.9614812e-01  -7.2820284e-02  -4.3005510e-01   0.0000000e+00  -4.0545815e-01   2.8871302e-02   1.4266681e-01  -1.4811436e-01   4.2574637e-01  -6.6786627e-02   2.0933916e-02   2.1178692e-01  -1.3927033e-02   1.0015231e-01   3.0792842e-01   8.7461047e-02   5.1198851e-01  -3.3916732e-01   9.3188551e-03  -1.7287106e-01  -9.3891154e-03  -2.1658693e-01  -6.7791798e-02  -1.4272704e-01   3.6096397e-01  -1.4145917e-01  -5.1043449e-02   1.3044069e-01  -7.7340184e-02   2.3019045e-01   4.2903947e-01   8.0799724e-02  -7.9453444e-02  -6.7391153e-02   9.6461267e-03  -5.8087419e-02  -1.0845132e-02  -1.8879034e-01   2.2988658e-01   3.5925179e-01  -5.2959140e-02   2.2984375e-01   1.9684281e-01   2.9451735e-03   1.7464576e-01  -2.1167863e-01  -1.1680277e-01   1.7571034e-01   1.5633902e-01   3.3456465e-02  -1.5739441e-02   6.1244892e-02  -1.3316777e-01   5.0527321e-02   1.1647890e-01   4.3797194e-01  -2.6290100e-01  -3.6023970e-01  -3.2239894e-01   1.6744910e-01  -7.1129463e-02  -1.4129503e-01  -1.8915826e-01   3.0766158e-01  -7.2587789e-02  -4.0828088e-02  -1.4299850e-01  -6.7642023e-02  -6.6137247e-02   8.3528772e-02   1.8820166e-01   1.5840138e-01  -2.2024856e-01  -9.1074772e-02   1.4899152e-02  -7.8926815e-02   1.0740904e-01  -4.2310049e-03   1.7109111e-02   1.4179010e-01  -2.0617122e-01   5.7161769e-02  -1.8269527e-01  -3.9808214e-01  -3.1622066e-01  -7.0704971e-02  -4.3927396e-02   6.0867003e-02   2.4991619e-01   3.3989129e-01  -1.1485007e-01  -6.4561261e-02  -7.1726420e-02   1.8064145e-01   4.0189191e-01   1.1349838e-01   1.4002021e-01  -1.7744178e-01  -1.9198674e-03  -3.6301429e-02   8.2619501e-02  -9.4100534e-02   1.9546190e-01   2.2989343e-01   3.3935112e-01  -2.3073978e-03  -3.3097431e-02  -2.4488310e-01   4.0731713e-01  -3.3532712e-01  -3.5160078e-03   3.6035714e-02   4.5212041e-02   1.1589111e-01  -7.9379651e-02   5.3403380e-02  -1.5877849e-02  -9.0591741e-02  -1.4681421e-01   4.4517841e-02   1.6715054e-01   7.7299056e-02   3.7195513e-02   2.4750536e-01   1.4534662e-02  -3.1138929e-02  -2.2480454e-01   1.7250526e-01  -2.6175541e-02  -1.5559996e-01  -2.4705324e-01   9.7702966e-02  -3.8477685e-02  -1.9391188e-01  -9.7744903e-02  -1.0844250e-01  -1.0651603e-01   6.1226316e-02   1.6009815e-01  -1.6653816e-03   2.5826656e-01   6.4896061e-02   1.7582494e-01  -8.7548400e-02   2.4722333e-02   3.1499719e-02  -1.5273781e-01  -3.6726099e-01  -1.7267016e-01  -3.0452215e-01   1.7972749e-02  -9.0249839e-02  -9.1689645e-02   3.2770633e-02  -1.0948590e-01  -3.1517414e-01  -4.4741190e-02  -2.1167037e-02   9.7491256e-03  -6.7742389e-02  -3.0424846e-02  -2.2406320e-01  -4.2701462e-02  -6.0283418e-02   6.9936470e-02   2.9084953e-01  -1.4808198e-01  -6.6746856e-02   7.2211871e-02   8.3324509e-02  -3.3751476e-02
   2.6565057e-01   3.0142307e-01  -1.6810953e-01   1.3842479e-01  -1.0463264e-01  -2.1595437e-01  -3.2536580e-01  -1.7209526e-01   4.8784418e-01  -4.0545815e-01   0.0000000e+00   5.3201406e-03  -1.2844059e-01  -2.1570242e-01  -4.0013065e-01  -1.0691123e-01  -1.4524068e-01   1.5434461e-01  -1.2846177e-01  -1.5575169e-01  -3.1862798e-01  -9.7478875e-02  -3.2057121e-01   1.9186280e-01   2.5741036e-01   1.1538472e-01   3.3462135e-01   2.1318005e-01   1.0153541e-01   3.8668532e-01  -3.4669379e-01  -3.4581399e-02  -8.8961903e-02  -1.4781664e-01   1.5252751e-01   6.8784948e-02  -3.9343606e-01  -1.2555577e-01   1.1675174e-01  -1.2321045e-01   1.4359570e-01  -8.5841974e-02   1.4649022e-01  -1.1642064e-01  -8.0499982e-02  -8.7599920e-02   2.3675470e-01  -1.6260952e-01  -3.1042547e-01  -1.4850087e-01  -3.5332404e-03  -1.9290347e-02   2.1429375e-01  -4.1020049e-01  -1.3377422e-01   4.8148352e-02  -1.0902392e-01  -1.0619243e-01   1.0434279e-01   3.3335013e-02  -1.9957363e-01  -2.6389961e-01   2.4822198e-01   6.3064572e-01   4.7280612e-01  -1.5258648e-01  -1.2317598e-02  -4.0056533e-02   2.9648590e-01  -2.2317310e-01  -5.8581021e-02   1.0082169e-01   3.7491935e-01   9.9143856e-02  -1.3614764e-01   9.2879112e-03  -2.0069365e-01  -6.1632009e-02   1.9490393e-01   2.0359299e-02  -2.3236610e-01   2.2198147e-02  -9.1008536e-02  -1.6823792e-01  -9.4595810e-02  -1.7530645e-01   3.5356375e-01  -1.8419644e-01   1.8587210e-01   3.4258288e-01   3.6297902e-01  -1.4911233e-01  -2.2441622e-01   1.6424853e-01  -2.8836124e-01  -1.4536995e-01   2.7004058e-02  -1.2553241e-01  -4.7953541e-02  -3.2058583e-01  -2.6208203e-01   8.0383183e-02  -4.0952957e-01   2.8564704e-01  -1.8092400e-02   7.6230535e-03  -1.6296701e-01   5.6838198e-03  -3.2394120e-01  -3.2778115e-02  -2.4918696e-01  -4.9941389e-02  -5.7257183e-02   2.5834869e-01  -4.0758059e-01   1.5835196e-01  -3.1798256e-03   1.0260821e-01  -1.7845625e-01  -3.7720481e-02   1.9296976e-01   1.2343717e-01   9.2541368e-02   2.6804425e-01   3.1530127e-01  -2.7067293e-01  -1.3033373e-01  -1.2675420e-01  -1.3726955e-01  -1.6995765e-01   6.3298980e-02   3.2140177e-01   1.3904504e-01  -1.4911508e-01   2.2579914e-02   8.7123556e-02   9.7269888e-02  -7.7136445e-02   1.1386210e-02   1.4611286e-01  -5.1990330e-02   1.1753565e-01   2.7933289e-01  -2.4629982e-02  -2.0088320e-01  -9.8217884e-02  -2.7460934e-01   1.0084267e-01  -4.9453886e-02   1.5938357e-01   9.8559358e-02  -2.8616088e-01   4.3510789e-02   6.2492046e-01   3.3314837e-02   2.5000193e-01  -8.5187311e-02   1.6905460e-01  -1.1273862e-01  -2.5575570e-01   1.1080310e-01   4.8037783e-01   3.0863369e-01   1.1766787e-01   1.4778811e-02  -1.1463156e-01   3.0787186e-01   2.6952626e-01  -2.0153449e-02  -1.1046837e-01  -6.7757418e-02  -1.6620236e-01   2.0477344e-01  -4.1984492e-02   9.8734002e-03   8.6196338e-02   8.7140075e-02
  -6.3952021e-02   4.6266531e-01   6.3047151e-01  -3.9520133e-01   4.0473218e-01   3.2278413e-01   3.6901041e-02   1.2085728e-01  -1.2990636e-01   2.8871302e-02   5.3201406e-03   0.0000000e+00   1.8784734e-01  -4.4991660e-01  -9.1898654e-02   2.4361930e-02   4.7324732e-01  -2.4107843e-01  -1.0046481e-01   3.6304710e-01  -3.2991808e-01  -1.6257519e-01  -3.2953078e-01  -2.4281514e-01   2.1877721e-01  -2.1017539e-02   4.6973903e-01  -2.7910315e-01   3.1836074e-01   2.9571159e-01  -3.1938118e-01  -3.0604045e-01  -1.2197325e-01   3.8953528e-01   3.0842793e-01   2.0230407e-01  -3.5832740e-01  -6.0550195e-02  -2.3921153e-01   4.7442142e-01   1.1370390e-01   3.4861140e-01   7.4799437e-01  -4.5005356e-03   1.3483780e-01  -8.4366861e-02  -1.9201410e-01  -1.0589516e-01  -4.2443192e-02   4.2670132e-01  -2.5300773e-01  -2.4884970e-01   7.7726069e-02   2.3063851e-01  -2.9603722e-01  -1.1101699e-01   4.0242874e-02  -3.1404458e-01  -1.0278309e-01   5.1858211e-01   6.1980208e-02   3.3710210e-01   3.4426179e-01  -5.5139870e-02  -1.3022314e-02   3.9964562e-03   2.9236536e-01   1.9801927e-02  -2.2037855e-01   4.0927710e-01   1.2676196e-01  -5.5448911e-02   3.2914967e-02   4.0992509e-01   3.7565320e-02  -3.4041798e-01   3.1479370e-02  -2.4851717e-03   5.4088561e-01   2.3903990e-01  -4.6425153e-01  -1.7284741e-01  -1.9549679e-01  -1.2958843e-01   3.9659975e-01  -2.9667459e-01  -1.6403775e-01  -3.2128741e-01  -3.8999306e-02  -7.7183685e-02   3.8980175e-01   1.9491701e-01   4.4312162e-01   9.2345480e-03   9.3443790e-02   5.3850201e-01   3.1455876e-01  -5.1345468e-02   1.8700339e-01  -1.9777790e-01  -2.0311186e-01   2.3617301e-01  -2.8500037e-01   4.2078820e-01  -3.4876703e-01  -2.9279199e-02   7.2000838e-02  -7.7880839e-02  -3.0988505e-02   1.5035506e-01   1.6374074e-01  -9.4215712e-02   3.7526252e-03  -6.2419443e-02  -2.9133864e-01   1.2248390e-01  -2.0015865e-01   8.4982555e-02   2.2898998e-01  -3.1651879e-01  -4.1699099e-01   6.3317623e-01   3.5141729e-01  -2.7200271e-01  -1.3725789e-01  -3.5168996e-01  -1.7286197e-01   2.7103219e-02  -1.5228143e-01   5.2954413e-01  -2.9713106e-01  -1.1583780e-01   4.5267848e-01  -9.2513201e-02  -1.2118673e-01  -3.8753063e-01   1.7155188e-01  -4.0160948e-01  -2.7684140e-01  -6.9247578e-02  -2.6585354e-01  -1.0759012e-01  -1.3994981e-01   6.6271491e-01   1.2789180e-02  -3.7906860e-01   3.1723852e-01   2.1839968e-01   2.7116786e-01  -2.8433625e-01   6.2847039e-02  -2.7012093e-01  -1.4773056e-01   3.2366636e-02   6.6547807e-01  -1.2401747e-01  -3.0446769e-01   8.3630692e-02  -6.7264078e-02  -3.9240185e-01   3.2442630e-01  -1.0872408e-01  -2.1856924e-01  -2.6006857e-01  -4.8527758e-02   1.5825868e-01   2.7570895e-01  -2.9081679e-01  -2.4382111e-01   9.6599400e-02   6.2175807e-01   4.7078194e-03   7.6831893e-03   4.8928589e-01   1.1772380e-01   1.2291886e-01  -3.2918095e-01
   2.3153580e-01  -1.1806073e-01  -5.6732417e-02   8.2835225e-02   1.7913600e-01   2.6832710e-01   1.2723573e-01   1.9730601e-01  -2.3347841e-01   1.4266681e-01  -1.2844059e-01   1.8784734e-01   0.0000000e+00   5.8638724e-02   1.7840327e-01   1.0926066e-01   5.3861719e-02   1.9988236e-01   1.2891625e-01   4.6382249e-02   1.7567592e-01  -1.4596687e-01   1.7026390e-01   3.8698145e-02  -7.5252813e-02   2.5149278e-01  -1.1578225e-01   1.9835409e-01  -3.3625916e-02   9.0531854e-02   5.1452502e-02  -1.0635135e-01   1.1201792e-01   1.5720572e-01   1.8580599e-01   1.1744938e-01   1.0959333e-01   4.5011476e-01   1.2572648e-01  -8.6067221e-02   5.4155163e-01  -4.3994982e-04   2.0943418e-01   1.4042391e-01   4.5502356e-02   1.6363201e-01   1.6258365e-01   5.9634157e-02   1.0967142e-01  -5.8641183e-02   2.0069932e-01   1.2097534e-01   2.4670993e-02   7.6989372e-02  -2.7596896e-02   3.6194038e-02   2.6780161e-01  -1.3255701e-01   3.7863345e-01   2.9413075e-01   7.2211380e-02   1.8814290e-01  -3.5795485e-02  -8.6543965e-04  -1.4758156e-01   1.4690937e-01   1.9552443e-01  -1.2204432e-01  -8.1875787e-02   1.2133294e-01  -1.1574919e-01  -1.1056276e-01   3.5023066e-01   2.9646483e-01  -1.6297584e-01  -8.5567922e-02   7.1028089e-02   5.2879011e-02   6.1382271e-02   1.6190548e-01   6.1722613e-02   2.1160415e-01  -3.5557327e-02   1.2850469e-01   1.5395369e-01  -1.3044907e-03  -9.7047265e-02   5.5027516e-02   2.0406497e-01   1.3899218e-01   3.4041524e-02  -1.2033888e-01   1.5549714e-01   3.3908287e-01   4.9825525e-01   2.4587159e-01   2.3553603e-02   2.0718009e-02  -4.8461717e-02  -1.0535420e-02   1.6268540e-01   3.8291621e-01   6.5923264e-02  -1.4042172e-02  -1.4951119e-01  -1.9207214e-01  -2.7546700e-02  -1.2414082e-01   3.3179029e-02   1.5972496e-01   1.2427777e-01   6.1508040e-02  -5.7017869e-02   1.6863798e-01   1.4850887e-01  -1.4237063e-01   1.3550509e-01   5.0976697e-01   2.2209585e-02   2.1219139e-01   2.0314203e-02   1.8054629e-01   1.6634082e-01  -9.8750606e-02   1.5651987e-01   2.5247816e-01   1.5788253e-01  -2.5269426e-01  -2.8933127e-02   2.2039267e-02   5.7844605e-02   7.8668198e-02   1.1453424e-01   2.8839295e-02   9.9550035e-02   1.0844546e-01   1.5644116e-01   1.0803012e-01  -2.0743334e-02   2.2519880e-02   4.4633075e-03   1.1291440e-01   5.3779134e-02   2.3353008e-01   2.7748274e-01  -1.1710040e-02   9.4846174e-02   1.8192214e-01   2.2895196e-01  -2.4517847e-02   2.8059072e-01   1.4877496e-01   2.7278526e-02  -1.1838073e-01   5.5345629e-02   1.4800121e-01   2.6497902e-01   4.4656451e-01   8.6873176e-03   1.0788458e-01  -2.3715925e-01  -7.0999787e-02  -1.0443148e-01  -1.8729754e-01  -6.8712311e-02  -1.3043243e-01   2.7915481e-02   4.3393329e-02   7.2174280e-02   7.0015059e-02   1.0381693e-01  -3.7578403e-02  -1.0950305e-01   2.3398328e-01  -1.9718335e-01  -1.1342746e-01  -1.1775380e-01
   2.4042381e-01  -3.9052054e-01  -5.2928279e-01   2.4989962e-01  -4.1165596e-01  -3.0840317e-02  -6.3692779e-02   1.0122775e-01  -3.5858882e-02  -1.4811436e-01  -2.1570242e-01  -4.4991660e-01   5.8638724e-02   0.0000000e+00   9.6263814e-02   2.0388222e-01  -4.5029990e-01   2.3873561e-01   6.3426002e-02  -3.9644115e-01   3.5609599e-01  -3.1382744e-02   1.1973730e-01   4.3387105e-01  -2.6702259e-01   1.1597454e-01  -4.5844507e-01   4.3521940e-01  -3.0486689e-01  -5.3628227e-02   1.8033436e-01   5.6418482e-02   1.1946956e-01  -2.8397562e-01  -1.1636677e-02  -4.0264729e-01   1.8194529e-01   6.2408558e-02   8.8448052e-02  -4.6508079e-01   7.5438728e-02  -1.3408065e-02  -4.2138394e-01   2.5960116e-01  -1.1931207e-01  -8.2415985e-02   1.7856448e-01   1.7664223e-01   5.1133370e-03  -5.1136122e-01   2.3756034e-01   3.3822215e-01  -2.0315132e-01  -8.4195428e-02   3.0750091e-01   1.5544953e-01   5.1329409e-02   1.4134946e-01   1.2826945e-01  -6.6643472e-02  -1.4939197e-01  -2.7512530e-01  -3.0125972e-01   4.5169263e-03  -2.1623857e-02   9.9013880e-02  -7.0250458e-02   3.8968752e-02   5.9085439e-03  -1.5197402e-01  -2.5277812e-01   3.1832230e-02   4.4697291e-02   8.3041365e-02  -1.0303494e-01   1.7592654e-01  -1.9305186e-01  -6.0391142e-02  -4.6828424e-01  -1.9142630e-03   5.2673006e-01   2.3630064e-01   3.9318656e-02   2.3315373e-01  -1.6439839e-02  -1.1131252e-02   3.3918853e-01   6.5048494e-01   1.8258861e-01   3.0002040e-01  -3.3713089e-01  -2.4415279e-01  -3.1656911e-01   1.8515971e-01  -7.0573659e-02  -4.6043406e-01  -2.3362516e-01   1.0349821e-01  -9.4366396e-02   2.6851561e-01   3.6288051e-01  -5.5132192e-02   4.1011086e-01  -1.6415566e-01   1.6372698e-01  -2.5713898e-01  -8.4345588e-02   9.1189657e-02   2.0309160e-02  -1.4626373e-01  -1.8620758e-01   2.5381581e-01   2.0259572e-02   1.3687994e-01   3.0006347e-01  -2.1916525e-01   2.8227618e-01   1.4728145e-01   2.0389266e-02   2.3817422e-01   3.1165327e-01  -5.4369864e-01  -1.1910114e-01   1.8536554e-01   2.0399272e-01   6.4953595e-01   3.6105259e-01  -1.4016900e-01  -1.1744485e-02  -3.4613922e-01   2.8811812e-01  -1.6057876e-01   8.7464455e-02  -4.1350472e-02   2.2243704e-01   2.4929713e-01  -3.0413196e-01   5.0535014e-01   1.5871312e-01   1.2137966e-01   5.3336442e-01  -4.5669415e-02   1.2846179e-01  -3.0809576e-01   2.5839683e-01   4.3067705e-01  -2.7764164e-01  -2.3735033e-01  -1.0545037e-01   2.1554956e-01   1.5737779e-01   5.1332632e-01   2.9150671e-01  -2.7166084e-01  -5.1387754e-01   2.8616309e-01   3.4752670e-01   6.2892196e-02  -5.3151411e-03   5.1227736e-01  -3.2382100e-01   6.8646821e-02  -1.8500498e-02   1.0334363e-01  -6.7149550e-02  -2.5880316e-01  -2.0993754e-01   4.1668873e-01   3.0959436e-01  -1.1813121e-01  -4.0682116e-01  -3.2511337e-01  -2.2152473e-02  -2.0083995e-01  -1.5152677e-01  -1.9669085e-01   1.8143917e-01
