   0.0000000e+00  -1.0965418e-01  -5.4621441e-03   5.1089042e-02  -1.7175396e-01  -6.4087103e-02  -5.6867918e-02   1.0275060e-01   2.0599974e-01   6.3854848e-02   4.6919978e-03  -7.8384671e-02  -8.1437497e-02   3.2686918e-01   5.8558876e-03  -1.0928000e-01   1.3413567e-01   6.6330966e-02   1.1051595e-01  -7.6061024e-02  -4.3011505e-02  -9.9928512e-02   3.7432700e-02   5.7837514e-01  -7.4916341e-02   2.7862925e-02  -2.3633268e-01   5.3077169e-02   1.9796871e-01  -1.5100753e-01   1.0113229e-01  -2.8354989e-02   6.9631184e-03  -2.4335064e-02  -1.7298093e-01  -1.1768095e-01  -1.7937267e-01  -4.6535051e-02  -1.1804333e-01   3.6132730e-02  -1.3790015e-01   3.8120073e-02  -7.8969089e-02   2.4429660e-01   7.0203958e-02   2.3800100e-01  -3.4624624e-02  -1.7233002e-01   1.2000156e-01   3.7709291e-02   1.6539615e-02   7.0870688e-02  -1.6534728e-01   2.0385061e-01   2.0453014e-01   3.1003859e-01   1.0376610e-01  -6.8896625e-02  -4.1072061e-03   3.8828553e-02   2.8171225e-01   1.9947335e-01   9.1414132e-02   7.0868218e-02  -1.5227577e-01   1.1833822e-01   8.6529648e-02  -1.0636755e-01   8.5277548e-03   1.8342637e-01   5.1172582e-02  -7.8448104e-02  -1.9517169e-01   2.2930661e-01  -2.0112364e-01  -1.2526680e-01   1.9455232e-01   9.7998412e-02  -1.3679514e-01  -3.5386484e-03   2.0589503e-01  -1.0280021e-01   1.3998129e-01  -3.7254572e-02   4.9830881e-01  -1.0630230e-01   9.3430919e-02   1.4765869e-01   4.6871836e-02   7.4874833e-01  -3.0482190e-01   1.8009413e-01  -3.9735091e-02   1.7214531e-01   2.3025722e-01   1.6733707e-02  -1.1562368e-01   2.4779312e-02  -1.3263979e-01  -4.9351905e-02   4.3821522e-01   1.9464152e-02  -8.3977826e-03   3.3727358e-02  -9.5769826e-02  -8.2335546e-02   1.0016292e-01  -6.5396085e-02   4.7317549e-02  -4.9193929e-02   3.8000239e-02  -9.0829695e-02  -2.1717946e-01   7.5546079e-01   6.1280331e-01  -1.4917762e-01   1.9376740e-01  -2.5046229e-01   1.0485574e-01  -1.8259992e-03   2.7329006e-01  -6.4798148e-02  -6.8967345e-02   1.2549125e-01   2.1519557e-01   7.7787772e-02   1.1293880e-01  -1.7590000e-02   6.2781239e-02   2.5398164e-01  -1.5687650e-01  -9.8341697e-02   2.6706229e-01  -5.3236468e-02  -1.9251069e-02  -1.1128278e-01  -7.3849392e-02   2.6801596e-01  -1.9539084e-02   5.5790649e-01   5.8457951e-01   9.3751759e-02  -1.5614975e-01  -4.6247557e-03   1.7199167e-01   1.8072283e-01   7.9502930e-02  -1.1748373e-01  -6.6802629e-02  -8.9799982e-02   4.9678462e-01  -5.2912996e-02   3.5167347e-01  -9.7202682e-02  -3.1905570e-02   5.2088106e-01   2.6271266e-01  -5.7949262e-02   1.0721925e-01   1.9175426e-02  -1.7246238e-01   9.3872057e-03  -7.0365750e-02  -1.3088373e-01   1.3632209e-01  -1.1122096e-01  -2.1584948e-01  -7.7467690e-03   5.8001366e-01  -1.0366288e-02   8.8158133e-02  -1.8014217e-01  -1.5417715e-01   6.4723656e-04  -1.3017117e-01  -7.0763382e-02   1.3065157e-01
  -1.0965418e-01   0.0000000e+00   7.1030668e-01  -3.3548385e-01   4.4965270e-01  -3.2942885e-01  -5.0681901e-01  -3.1923722e-01  -2.8865803e-01   2.9791999e-01  -6.0889482e-01   6.8051367e-01   4.5326153e-03  -4.8895464e-01  -7.3484803e-02  -3.0537609e-01   7.6185171e-01  -6.2498300e-01   1.4353644e-01   4.0209441e-01  -6.2863384e-01  -5.9916020e-01  -6.8653348e-01  -4.4471188e-02  -9.7977686e-02  -2.3763520e-01  -1.8112894e-01  -4.3465835e-01   2.0623441e-01  -4.8049350e-01   3.2197094e-01  -4.1909416e-01  -2.0703482e-01   3.7993031e-01   1.1268702e-01  -2.0689895e-01   1.0016565e-01   1.3278559e-01  -3.3608211e-01   7.5693294e-01  -3.0552421e-01  -5.8205196e-02   2.7831934e-01  -5.6905827e-01  -3.4055817e-01   6.6788199e-01  -5.5069629e-01  -2.8582641e-01  -3.1847619e-03   7.5964441e-01  -6.7005652e-01  -3.1204809e-01   6.0436543e-01   1.9308295e-01   1.9962474e-02  -1.2811257e-01  -5.0420872e-01  -4.6233897e-01  -4.6388611e-01   7.3081427e-03   4.6105241e-01  -2.4519383e-01  -8.3805679e-02   3.8758804e-01   2.8728833e-01  -5.9398930e-01  -2.8650035e-01  -1.7856941e-01  -5.8372521e-01   5.2746629e-01   7.4592014e-01  -4.2260268e-01   4.2660180e-02   4.5850915e-01  -9.6657964e-02  -3.0730211e-01   5.2251680e-01  -5.5981124e-01   2.7898116e-01  -3.1412576e-01  -5.5200597e-01  -1.3128015e-01   2.4185049e-02  -2.7159778e-01   2.4004893e-01  -4.3112046e-01  -2.7330737e-01  -6.8044417e-02   2.5740163e-01  -1.3877329e-01   6.2749974e-01   3.4162670e-01   5.8266473e-01  -3.6822069e-01   2.0597596e-01   4.4289885e-01  -2.3885417e-01  -4.0290519e-01  -2.0292245e-01   3.7813281e-01   2.6251633e-01  -7.6645989e-01  -6.2122729e-01   3.3667008e-01  -5.5382361e-01  -2.8222993e-01   3.2435559e-02  -4.9898114e-01  -4.2388046e-01   1.5547132e-01   3.0591048e-01  -6.2332335e-01  -3.3933210e-01  -1.5312304e-01  -2.8248999e-02   7.0755870e-01  -4.0263057e-01  -1.2769145e-01  -5.1881649e-01  -4.5921815e-01  -2.7677578e-02   5.9549607e-01   1.4636217e-01  -1.2396593e-01   5.1831914e-01   2.8248579e-01  -4.0461064e-01  -1.1271561e-01  -4.4171993e-01   5.4900113e-01  -1.0868669e-01   3.4580156e-02   5.9201991e-01  -5.7461129e-02  -2.4655987e-01  -2.8059569e-01  -1.6807025e-01  -2.8548303e-01  -3.2470900e-01  -1.2340601e-01  -1.4610193e-01   1.2262322e-01  -4.8547455e-01  -8.7216964e-02   1.3568489e-01  -3.6297405e-01   6.2572840e-01   1.5459161e-01   1.1275929e-02   4.9154470e-01   1.6665755e-02  -2.6024254e-01   8.4830006e-02  -2.7743074e-01   7.4227764e-01  -1.7859786e-04   1.9217636e-01  -2.8747960e-01   4.6087393e-01  -2.4123270e-01  -4.2641060e-02  -4.4422800e-01   1.6245464e-01  -5.6721875e-01  -3.1082682e-01   3.4272789e-01  -7.0768747e-02  -3.7438040e-01  -6.2418473e-02   7.6000599e-01   1.5358585e-01   9.3026133e-02  -4.1581159e-01  -2.4198469e-01  -9.8334032e-02   1.2313684e-01  -3.7599676e-01
  -5.4621441e-03   7.1030668e-01   0.0000000e+00  -2.5802904e-01   4.8892986e-01   3.0133723e-02  -4.6674323e-01  -2.9380603e-01  -1.2038723e-01   4.5028668e-01  -5.7458473e-01   6.6022416e-01  -1.6773117e-02  -4.1596306e-01   6.4847499e-02  -2.3599149e-01   8.6531162e-01  -5.7234896e-01  -7.9148692e-02   4.8539341e-01  -6.5667102e-01  -3.9540154e-01  -5.8126946e-01  -1.2273687e-01  -1.6960029e-01  -2.4100333e-01   6.4153926e-02  -3.1613588e-01   3.1926276e-01  -4.7294593e-01   1.9443372e-01  -2.7180849e-01  -2.4598673e-01   3.6413581e-01   8.3506743e-02  -1.9180168e-02  -1.2829124e-01   7.4785708e-02  -4.3861792e-01   8.8122368e-01  -3.0371318e-01  -1.8240282e-01   3.1400302e-01  -5.5094234e-01  -2.5114833e-01   7.7761510e-01  -3.7118759e-01  -4.5432482e-01  -2.6040847e-02   9.1432449e-01  -4.5797286e-01  -2.9029551e-01   2.3858970e-01   2.1974599e-01  -1.1739592e-02  -1.8526966e-01  -3.9784255e-01  -3.1923740e-01  -4.2887940e-01   2.4093986e-01   6.8426416e-01  -1.7852907e-01   8.6336063e-02   1.0168198e-01  -1.6134855e-02  -3.6665812e-01  -9.1421820e-02  -3.3907823e-01  -5.2921353e-01   7.9410754e-01   5.4623030e-01  -2.7341705e-01  -2.8317833e-01   5.7408815e-01  -7.5275231e-02  -1.5432987e-01   6.8483301e-01  -4.6050603e-01   3.6639488e-01  -3.6377259e-01  -3.8912123e-01  -3.2710804e-01  -1.8757452e-01  -3.4170180e-01   2.2597692e-01  -2.3897266e-01  -3.2536981e-01  -7.4005064e-02   1.3080031e-01  -5.7104326e-02   4.6035879e-01   6.3698826e-01   5.7412634e-01  -2.4480848e-01   8.4754401e-02   5.7518011e-01  -2.8771356e-01  -3.5781744e-01  -2.5895306e-01   2.3390761e-01   1.1009549e-01  -6.4031016e-01  -5.2727364e-01   3.4279616e-01  -5.2721995e-01  -1.2495868e-01  -4.0601686e-02  -4.3029003e-01  -1.6472912e-01   7.8250047e-02   1.8207609e-01  -4.9840293e-01  -2.3779252e-01  -7.7664059e-02  -1.9547021e-02   4.5446989e-01  -2.9517669e-01  -2.3757012e-01  -4.1723571e-01  -3.0688201e-01  -1.7445025e-01   6.1890203e-01   1.3253666e-01  -3.7839886e-01   5.6368963e-01   3.8983424e-01  -3.3684141e-01  -1.2611190e-01  -2.5834338e-01   6.7843726e-01  -2.3690621e-01  -7.9438004e-02   4.9011991e-01  -2.4858795e-01  -1.4998354e-01  -1.8177899e-01  -3.1732030e-01  -1.8897243e-01  -3.7293997e-01  -9.2090521e-02  -1.1853695e-01   6.3400800e-02  -4.7105500e-01   6.8823369e-02   1.6173455e-01  -5.7243957e-01   5.4126032e-01  -1.8705235e-01   2.1038754e-01   1.6695120e-01   1.0258447e-01  -3.2251484e-01   1.1090294e-01  -3.2920779e-01   8.3189289e-01  -4.1225530e-02   1.4964292e-01  -2.5892959e-01   5.9986053e-01  -3.1868580e-01  -1.8641107e-01  -5.0541334e-01   7.7527094e-02  -6.2386846e-01  -1.9366738e-01   3.8797229e-01  -8.1110166e-02  -2.8637402e-01   1.9744447e-02   4.3259462e-01   1.3539754e-01   1.1097080e-02  -5.3029491e-01   8.3660389e-02  -1.8287816e-01   1.9029439e-01  -2.3505344e-01
   5.1089042e-02  -3.3548385e-01  -2.5802904e-01   0.0000000e+00  -2.7159180e-01   1.9653300e-01   7.7876862e-02   5.1844397e-01   3.2403146e-01  -2.3969655e-01   4.6499166e-01  -3.1590746e-01   7.5183886e-02   3.1919674e-01   1.1871537e-01   3.7867819e-01  -2.3698500e-01   3.1403632e-01   1.5271719e-01  -3.7309088e-01   2.5845075e-01   5.1539277e-01   2.3610125e-01  -7.5137889e-02  -8.0172260e-03   2.7408042e-01   1.5143281e-01   2.4095190e-01   1.9081133e-01   3.1509582e-01   2.5042577e-02   4.8273538e-01   4.0880377e-01  -2.2305200e-01  -1.3768914e-01   1.3974094e-01  -1.8471897e-03   7.7074161e-02   2.8757115e-01  -2.4739228e-01   5.4436677e-01   2.9052572e-02  -1.1000466e-01   2.9616480e-01   1.3085219e-01  -2.1430024e-01   3.0342019e-01   4.3201030e-02   1.3857312e-01  -2.9675687e-01   4.8785595e-01   2.8471936e-01  -2.6325042e-01  -1.5741955e-01   1.3194967e-02   6.3327563e-02   3.0399739e-01   4.2301726e-01   6.1225306e-01   8.3927399e-02  -9.5170012e-02   2.2190803e-01   3.5062251e-01  -6.9558300e-02  -2.0880078e-02   1.9731707e-01   2.7572840e-01   1.1087704e-01   5.6483518e-01  -3.1141050e-01  -3.0129638e-01   3.7235720e-01   2.3296134e-01  -1.3786511e-01   1.4293082e-01   3.6760247e-01  -9.2008992e-02   2.8281056e-01  -1.1888475e-01   3.2482245e-01   2.5234775e-01  -4.0581337e-03  -3.3555578e-02   4.8397636e-01  -1.4287404e-01   3.3314813e-01  -1.9569743e-02   2.9578722e-02  -1.0568685e-01  -1.0837765e-03  -2.2299485e-01  -1.0463964e-01  -2.7128948e-01   5.0152341e-01   1.2761305e-01  -3.9158434e-01   1.3678839e-01   2.9745851e-01   1.8384503e-01  -1.3584033e-01  -1.8712695e-01   3.5710971e-01   3.3886150e-01  -9.1578588e-02   4.7923097e-01   4.5890015e-01   8.0757023e-02   4.8320272e-01   1.9366164e-01  -2.4010489e-01  -1.2692061e-01   4.3849316e-01   1.6131566e-01   8.8414148e-02  -3.3390575e-02  -3.0571918e-01   1.9801247e-01   1.8577587e-01   1.5232163e-01   7.4300993e-01   5.0659127e-02  -2.6125996e-01   5.9800435e-02   2.1155374e-01  -9.6258041e-02  -9.9200845e-02   2.3722761e-01   5.3745463e-02   4.8076238e-01  -3.1447851e-01   1.5646411e-01   1.4664049e-01  -1.4147934e-01   2.2013030e-02   3.9779765e-01   4.3042970e-01   1.3478783e-01   1.9836634e-01   3.3958394e-01   7.2232144e-02   7.3398492e-02  -1.2232857e-02   3.3675681e-01  -1.4571463e-01   1.0624200e-01   1.8252441e-01  -2.6033531e-01  -7.2403320e-02  -1.2390980e-01  -1.5150596e-01  -1.4353391e-01   2.8666421e-01  -1.6142497e-02   7.0255921e-02  -3.9473013e-01  -4.4088022e-02   1.1036353e-01   3.8152689e-01  -1.2818157e-01   1.4100096e-01   2.2617199e-01   2.5863587e-01  -1.2661604e-01   4.8958595e-01   5.0665341e-01  -1.3616273e-01   6.7206574e-02   2.2303997e-01   5.1150858e-02  -1.9153542e-01  -1.1252400e-01  -2.5036112e-01   1.8308682e-02   1.0532623e-01   1.5525029e-01   6.7820704e-02   4.8885692e-01
  -1.7175396e-01   4.4965270e-01   4.8892986e-01  -2.7159180e-01   0.0000000e+00   1.9525927e-01  -5.4233982e-01  -1.4856818e-01   6.4293639e-02   3.0005519e-01  -2.0992433e-01   3.5386785e-01   3.1347627e-01  -4.7671805e-01   3.5200864e-03   3.2925056e-02   4.6140010e-01  -1.0715142e-01  -3.6808086e-02   7.8276033e-01  -3.9732402e-01  -3.2203092e-01  -4.1627769e-01  -1.4677935e-01  -7.7561809e-02  -1.5035539e-01   2.8064602e-01  -3.7998048e-01   3.3585223e-01  -3.5015800e-01   1.4601242e-01  -3.2729642e-01  -1.4056161e-01   1.8306273e-01   5.7850801e-02   4.9211949e-01  -3.9785641e-02  -1.2528184e-02  -8.5348611e-02   5.7908186e-01   7.6661137e-03  -4.3582610e-03   2.6312426e-01  -4.3230509e-01   2.1350865e-02   4.5529023e-01   2.1158437e-01  -4.4635932e-01  -6.7881392e-03   5.1733499e-01  -2.0951882e-01  -3.5435393e-01   2.7738195e-01   2.7092821e-01   1.0389471e-01  -2.5136094e-01  -1.7891084e-01  -2.3737060e-01  -2.6030186e-01   1.4122390e-01   3.5304853e-01  -4.7911148e-02   5.3201622e-02   1.8046232e-01   3.7523328e-01  -2.9140342e-02  -2.1524123e-02  -2.4580957e-01  -2.3015584e-01   2.4275258e-01   2.3082723e-01   1.3843188e-02   1.4673574e-02   2.5810265e-01  -1.3878438e-01  -1.5324267e-01   4.4521092e-01  -3.8393952e-01   5.4175605e-01  -7.5341296e-02  -5.1006395e-01  -1.7441882e-01  -2.9854127e-02  -2.5160626e-01   5.8554481e-02  -8.3828228e-02  -1.3978049e-01  -2.4897482e-01   1.7795624e-01  -1.9655480e-01   5.1945456e-01   4.0982598e-01   2.8028240e-01  -1.5327214e-01   3.9569710e-02   5.9442275e-01   3.9393252e-02  -3.5101465e-01   1.9957403e-01  -1.1168241e-01  -8.7013922e-02  -5.0178056e-01  -5.0988883e-01   3.6873071e-01  -2.9714118e-01  -1.9788747e-02   1.3506612e-01  -2.5564358e-01  -1.6152282e-01   3.1117708e-01  -1.2935714e-01  -4.0299841e-01  -3.7394769e-02  -2.9021610e-01  -3.0270531e-01   5.0557435e-01  -2.8156511e-01   6.3317855e-02  -4.4244631e-01  -1.7728081e-01  -1.5538193e-01   5.8117781e-01  -7.8006244e-03  -8.3467776e-02   2.8896692e-01   1.2141516e-01  -3.0527739e-01   6.7011353e-02  -8.2162571e-02   1.9250145e-01  -2.3861356e-02   2.9499839e-01   3.1596643e-01  -1.4815953e-01   7.3710574e-02   8.6635253e-03  -6.5005377e-02  -3.8191169e-01  -1.1774902e-01  -2.3470752e-01  -1.6290255e-01   1.5289013e-01  -2.5529225e-01  -9.1035994e-02  -9.5425294e-02  -4.8139215e-01   8.6620414e-02   1.5648516e-01   1.8853405e-01   1.5729896e-01  -2.1930859e-01  -2.6623737e-01   1.5671462e-01   7.1664173e-02   4.8820905e-01  -2.2473531e-02   1.2939135e-01  -1.1198106e-01   4.6424096e-01  -3.5464246e-01  -2.2185029e-03  -2.5105376e-01   3.3233478e-01  -3.2720066e-01  -2.0557244e-01   4.1572644e-01   2.0991997e-01  -2.4181146e-01   1.3999220e-01   3.5028106e-01   2.9397650e-01  -8.0305911e-02   9.5252215e-03   1.6897498e-01  -8.5544778e-02   1.8750426e-01  -2.5467448e-01
  -6.4087103e-02  -3.2942885e-01   3.0133723e-02   1.9653300e-01   1.9525927e-01   0.0000000e+00   1.2503530e-01   2.1234218e-01   2.8674796e-01  -8.3439304e-02   3.9066371e-01  -2.2760001e-01   1.1901923e-01   1.4458538e-01   8.7314745e-02   4.0182835e-01  -3.0565413e-02   3.4543406e-01  -1.0229239e-01   1.1840989e-01   2.5501063e-01   3.0923258e-01   3.2920712e-01  -1.9408004e-01   4.3096043e-02   1.5878064e-01   4.7034531e-01   1.1536066e-01  -5.2492026e-02   2.9587400e-01  -1.5040211e-01   1.2237818e-01   1.0674157e-01  -8.9864949e-02  -7.4959411e-02   5.1003192e-01  -2.0283913e-01  -2.9654824e-01   1.5147677e-01   4.9663079e-02   1.6484614e-01   2.4273639e-02   3.8470801e-02   1.2460947e-01   1.0291647e-01   2.0621321e-02   5.3210218e-01  -1.4834163e-02   6.5128899e-02  -1.5051279e-03   4.6212253e-01   1.5452854e-01  -2.3253674e-01   5.3776747e-02   9.4135325e-02  -1.5981371e-01   4.5085880e-01   2.3736158e-01   2.4629887e-01   2.6721301e-01   3.9774682e-02   5.6675280e-02   1.3398841e-01  -2.3448042e-01  -2.2652448e-01   5.3186126e-01   5.9411492e-01  -4.6039638e-02   3.8853231e-01   4.9206618e-02  -2.6677889e-01   3.8259262e-01  -8.8875188e-02   1.7438121e-03  -7.5370282e-02   5.8271730e-02  -6.9400419e-03   2.3250583e-01   1.2254368e-01   7.1074197e-02   2.4872434e-01  -1.1927215e-01  -3.1084965e-02   2.0422269e-01  -1.7437912e-02   2.2202126e-01   1.8293749e-01  -1.9446802e-01  -6.5141254e-02  -4.1575881e-02  -9.2444578e-02   1.9457000e-01  -2.3935259e-01   2.1754345e-01  -1.9754713e-01   7.1254407e-02   1.2943274e-01   2.0919275e-01   2.2921695e-01  -4.1216093e-01  -3.4720640e-01   3.2672236e-01   1.3536894e-01   1.7624526e-01   2.2258741e-01   1.3072667e-01  -3.0143170e-02   3.8481217e-01   2.2534736e-01   2.1360845e-01  -3.5385822e-01   2.5621897e-01   2.5967570e-01  -5.3289667e-02  -3.0239291e-01  -2.9956582e-01   3.0369873e-01  -7.0384258e-03   2.3803584e-01   3.3948056e-01  -2.0963978e-01  -1.3052368e-01  -1.6597442e-02  -6.1392956e-02  -1.4639441e-01   3.1223649e-02   2.2781941e-02   7.4618098e-02   2.4474666e-01  -5.9043790e-02   6.1902954e-02   1.5909544e-01  -3.1538468e-02  -2.2239995e-02   3.0095542e-01   1.8846910e-01   5.6885139e-02   5.6373365e-02   2.1201143e-01   6.6069670e-03   9.0112079e-02  -6.9061458e-02   2.2019127e-01   2.2734075e-01  -1.8556884e-01  -1.5067922e-01  -4.4284097e-01  -4.6863686e-02   2.4186304e-01  -3.0675256e-01  -1.7040811e-01   8.1309899e-02   2.0285495e-02   1.2504376e-01   2.0957234e-02  -8.9322877e-02  -8.4570027e-02   2.3040302e-01   6.0643494e-02   6.5765666e-02  -4.2251995e-02   1.3642061e-01   1.0553853e-01   2.0345610e-01   3.2230163e-01  -5.5322624e-02   1.8040038e-01   2.3697428e-01  -2.8960738e-02  -2.8667720e-01  -5.5710103e-02  -3.0734253e-01   1.0599791e-01   6.0148382e-01   1.0837298e-01   1.1723477e-01   2.4179356e-01
  -5.6867918e-02  -5.0681901e-01  -4.6674323e-01   7.7876862e-02  -5.4233982e-01   1.2503530e-01   0.0000000e+00   1.7934837e-01   2.6939124e-02  -2.6609435e-01   2.7497783e-01  -3.5674674e-01  -1.7127412e-01   5.6061777e-01   1.9651693e-01   1.5061707e-01  -5.1138706e-01   2.7750329e-01  -5.5547757e-02  -5.5924250e-01   5.3510310e-01   4.6789590e-01   6.3954777e-01  -6.8498018e-02   1.9785761e-01   5.4238892e-02  -7.4429584e-02   3.5673275e-01  -3.5441684e-01   5.4846008e-01  -1.7663065e-01   2.9923850e-01   1.4743530e-01  -6.6176808e-02   1.9898631e-01  -7.9400761e-02  -3.4302460e-02  -2.2366338e-01   1.4866197e-01  -4.8261496e-01   3.1204015e-02   1.2353564e-01  -3.7756203e-01   5.5328727e-01   1.6375338e-01  -5.6284439e-01   3.5447916e-02   6.4050851e-01   1.6063592e-01  -4.9283811e-01   2.8597361e-01   1.9964168e-01  -3.5430150e-01  -2.3642490e-01  -7.5390462e-03   3.5596370e-01   2.3022348e-01   1.9996892e-01   1.8090608e-01   3.9392475e-02  -3.8982167e-01  -5.4758900e-03  -5.7352992e-02  -2.3191701e-01  -3.6218051e-01   2.1491969e-01   1.5788588e-01  -3.2014862e-02   2.1386760e-01  -1.8969648e-01  -2.3887942e-01   1.8694133e-01  -1.2723375e-03  -2.1341567e-01   1.8819719e-01   2.0996286e-01  -4.9296170e-01   4.4149052e-01  -4.9975311e-01   1.1506702e-01   6.6252842e-01   1.0196916e-01   1.9372901e-01   1.3414358e-01  -7.9272328e-02   2.2489656e-01   4.5453135e-01   2.3437769e-01  -2.6816963e-01  -2.9575650e-02  -4.8182193e-01  -3.4228185e-01  -2.6709406e-01   2.3178657e-02  -3.0891079e-01  -5.6658476e-01   2.4030982e-02   2.6991461e-01  -3.8296332e-02   5.4822974e-02  -1.3103898e-01   7.1506778e-01   6.0213518e-01  -1.4742674e-01   5.4475728e-01   9.4619508e-02  -8.2693795e-02   3.0891037e-01   2.4569193e-01  -1.6610470e-01   1.6454710e-01   5.8265664e-01   1.7005929e-01   6.3134745e-02   2.6176355e-01  -5.8239482e-01   3.0041468e-01   1.0821414e-01   5.4259494e-01   1.9438077e-01   1.2428779e-02  -5.2956206e-01  -1.6741067e-01   1.8763276e-01  -4.3119784e-01  -1.1004029e-01   6.3033056e-01   4.9048411e-02   2.1690024e-01  -2.7268878e-01   1.1959792e-01  -1.7332420e-02  -3.6054636e-01   2.1831917e-01   1.3997948e-03   1.0188797e-01  -1.8653802e-02   4.3185929e-01   1.4354319e-01   9.7856925e-02   1.1722047e-01  -1.3845927e-01   2.8410995e-01   1.8031153e-01   2.7666635e-01   4.5897053e-01  -2.0527450e-02  -1.2999900e-01  -1.1477403e-01  -2.6423051e-01   2.2871614e-01   4.1442243e-01  -2.2995292e-01  -1.2229928e-01  -4.2386600e-01  -1.7059041e-02  -2.4090934e-01   2.1052089e-01  -4.1967108e-01   5.0858678e-01  -1.1667901e-01   1.0385738e-01  -1.2707158e-01   3.9556688e-01   8.4873807e-02  -5.1655351e-01  -1.1915795e-01   2.2401112e-01  -1.2261134e-01  -4.3735983e-01  -5.1247546e-01  -1.0842025e-01   2.0037173e-02   6.4282521e-02   9.1746394e-02  -5.9821607e-02   2.5886303e-01
   1.0275060e-01  -3.1923722e-01  -2.9380603e-01   5.1844397e-01  -1.4856818e-01   2.1234218e-01   1.7934837e-01   0.0000000e+00   3.4960348e-01  -1.4778965e-01   4.0374879e-01  -2.4858760e-01   6.9082500e-02   1.9728281e-01  -2.7248686e-02   3.2099262e-01  -2.4627204e-01   2.9902120e-01   1.2093909e-01  -2.2822836e-01   2.0257210e-01   4.6318849e-01   2.8102123e-01   1.9475403e-01   1.0166569e-01   3.7050883e-01   1.6358572e-01   1.6936188e-01   1.8020794e-01   1.8911159e-01  -1.4488122e-01   4.2676441e-01   3.1980042e-01  -2.5265185e-01  -1.4977488e-01   1.1873775e-01  -4.5354511e-02   8.4206967e-02   2.1382363e-01  -1.9160395e-01   3.6898699e-01   2.0532076e-01  -1.4511071e-01   3.1357417e-01   2.3409767e-01  -2.1431348e-01   3.0650088e-01   8.1414036e-02   3.1367282e-02  -2.7284007e-01   3.7437041e-01   5.8314887e-01  -3.2048259e-01   7.4560087e-02   7.1986756e-02   1.2863434e-01   1.3152478e-01   5.4637695e-01   5.7946954e-01   1.8511282e-02  -1.5058956e-01   3.3124594e-01   2.6937001e-01  -1.6170231e-02  -1.7123174e-01   2.2930940e-01   3.9637158e-01   3.2475497e-02   5.4643135e-01  -2.7011649e-01  -3.0675694e-01   3.6037784e-01   1.7346952e-01  -2.3093432e-01   9.5660809e-02   2.5606030e-01  -1.3435754e-01   1.9799768e-01  -2.5561022e-01   3.7693655e-01   4.6025083e-01   9.5016957e-03  -1.6546077e-01   4.2934509e-01  -2.1798591e-01   4.1321231e-01  -8.9482771e-02   1.0281473e-01  -1.1634956e-01   9.1087444e-02  -1.8490286e-01  -9.5632383e-02  -2.1919043e-01   5.1015637e-01   1.2255034e-01  -3.2521489e-01   1.8137103e-01   3.5845776e-01   4.2696674e-02  -4.2373358e-02  -1.9903721e-01   3.9842721e-01   3.8245322e-01  -1.4123856e-01   5.5134325e-01   4.2414037e-01   7.1267272e-02   5.6722459e-01   1.8144041e-01  -3.0188401e-01  -1.4554978e-01   3.5017339e-01   2.0809241e-01   1.5092268e-01   6.5951155e-02  -3.6045475e-01   3.1918941e-01   2.0006549e-01   3.2719606e-02   5.4715081e-01   1.9919624e-01  -2.2686136e-01  -6.1501473e-02   9.5475596e-03  -3.2505239e-02  -2.3539869e-01   1.2442459e-01   1.7980945e-01   5.3206657e-01  -3.3041801e-01  -2.1637956e-02   1.8548181e-02  -1.9597908e-01  -1.3746699e-01   4.6401919e-01   3.8715515e-01   2.4205715e-01   1.8458391e-01   4.8054039e-01   2.6581986e-01   2.5591501e-01  -1.5674023e-01   4.3785611e-01  -2.1452555e-01  -4.3774479e-03   1.1117852e-01  -1.9488466e-01  -2.4458180e-01  -1.1408986e-01  -2.0660863e-01  -1.0298681e-01   5.4500364e-01   1.5230249e-01  -1.8970132e-03  -4.0832017e-01   2.0117575e-01   1.1748586e-01   4.3437318e-01  -1.9070807e-01   3.6420753e-01   1.2727353e-01   2.1233415e-01  -2.1298165e-01   4.2881809e-01   4.3131259e-01  -2.0940369e-01  -1.0747006e-02   4.4247498e-02   1.5794155e-01  -2.9575980e-01  -1.3147292e-01  -9.9609422e-02   4.4917570e-02   1.4780574e-02   1.0632016e-01   5.8326861e-02   5.2697253e-01
   2.0599974e-01  -2.8865803e-01  -1.2038723e-01   3.2403146e-01   6.4293639e-02   2.8674796e-01   2.6939124e-02   3.4960348e-01   0.0000000e+00  -1.2696106e-01   2.1344090e-01  -1.8803786e-01  -6.7082169e-02   2.2834181e-01   2.0959712e-01   3.1817922e-01  -8.3143684e-02   2.9348048e-01  -1.0973169e-01  -4.7785730e-02   1.0552420e-01   3.2245842e-01   1.5731807e-01  -3.5236287e-02  -1.1398008e-01   6.6575340e-02   3.0111558e-01  -4.7617910e-02   9.1717253e-02   1.5317581e-01   3.7641827e-02   1.5801235e-01   1.9912272e-01  -2.0637675e-01   6.0477871e-03   2.3037623e-01  -3.2366283e-02  -1.0863177e-01   1.5330334e-01   1.8493811e-02   7.5660028e-02  -8.5604734e-03   1.1363031e-01   1.7611748e-01   3.9929957e-01  -1.6754067e-02   3.0036427e-01  -5.4817822e-02   1.5044257e-01  -1.1927926e-01   2.7987341e-01   1.5068137e-01  -3.7949508e-01   2.6715729e-02   5.2605693e-02  -3.9773067e-02   1.5664643e-01   2.9704483e-01   2.1304264e-01   3.4708905e-01   3.4740714e-02   2.6407745e-01   3.0103446e-01   2.6475559e-02   2.6093613e-02   2.6689671e-01   3.5630947e-01  -4.9706456e-03   2.0619060e-01  -6.1221484e-02  -2.3755586e-01   1.6680212e-01   8.0903294e-02   1.2256418e-02   1.1475846e-04   4.7081378e-02  -1.4248123e-02   3.8486471e-02   6.5217302e-02   1.3128595e-01   1.8316940e-01  -7.4211350e-02  -7.1394703e-02   2.3466891e-01   9.5237546e-02   7.3585984e-02   2.3563878e-01  -3.1955407e-01   2.3870039e-02   1.9593634e-02  -2.2646428e-01   1.2796576e-01  -2.4147136e-01   5.5216455e-01   7.3439755e-02  -4.6296317e-02  -1.1219565e-02   6.7574793e-02  -2.2473661e-03  -1.3513592e-01  -1.1133223e-01   2.2236203e-01   8.6547032e-02   1.5517048e-01   2.7974158e-01   3.3404090e-01  -1.2649502e-01   1.7316922e-01   1.2298926e-01  -3.3472889e-02  -2.3134507e-01   1.8547096e-01   6.7875233e-02   1.8797931e-01  -2.0609912e-02  -1.4453247e-01   9.7823307e-02  -7.4936216e-02   2.3331303e-02   3.7651702e-01  -1.3089753e-01  -1.0631376e-01  -5.0762363e-02   1.0902959e-01  -1.4336615e-01  -3.1520445e-02   2.4094407e-01  -3.4827566e-02   4.4342953e-01  -8.9381489e-02  -2.4568510e-02   4.7094604e-02  -1.8983877e-02  -1.8647905e-01   3.8047838e-01   1.2577875e-01  -9.6597236e-02   5.8188049e-02   1.0310475e-01   3.0560919e-01   1.2965573e-01   4.7585463e-02   1.5350017e-01  -5.0567957e-02   7.1166370e-02  -2.9305476e-03  -2.1991714e-01  -3.5180789e-02  -1.1743662e-01  -8.4283883e-02   3.2828062e-02   1.5031662e-01  -1.8377425e-03   7.4704998e-02  -1.3317578e-01   1.1450670e-01  -5.8378890e-02   1.7659902e-02  -6.0960877e-02  -6.3228726e-02  -1.6274269e-02   6.8462856e-02  -5.4038431e-02   1.4180005e-01   1.8512917e-01   1.5353429e-02   4.3697352e-02  -2.6448766e-02   8.1009015e-02  -1.6025464e-01  -5.8226309e-02  -2.3348395e-01   1.4230824e-01   1.6326449e-01   4.4730952e-02  -1.4370975e-01   2.9942298e-01
   6.3854848e-02   2.9791999e-01   4.5028668e-01  -2.3969655e-01   3.0005519e-01  -8.3439304e-02  -2.6609435e-01  -1.4778965e-01  -1.2696106e-01   0.0000000e+00  -3.5956072e-01   4.8288051e-01  -6.0149682e-02  -3.6256914e-01   2.0375103e-03  -2.2684136e-01   3.1991550e-01  -3.0721022e-01  -5.8991259e-02   5.0327135e-01  -3.2377675e-01  -1.8214154e-01  -2.8113922e-01   1.8432744e-01  -1.5153489e-01  -1.4827851e-01  -6.6453308e-03  -3.5228948e-01   4.3864282e-01  -3.4212228e-01   4.2999627e-02  -1.6666014e-01  -2.8117109e-01   3.8245248e-01   2.9248975e-02   1.0091117e-01   7.4699673e-03   1.6150561e-01  -4.4370475e-01   3.9920305e-01  -2.6098223e-01  -2.1491586e-01   2.1237833e-01  -3.2274524e-01   1.1576290e-01   3.0704148e-01  -1.3844256e-01  -2.8091353e-01   9.7847929e-02   4.2803665e-01  -2.2690770e-01  -1.7609806e-01   1.2045346e-01   1.8224650e-01  -2.0596531e-01  -5.9900061e-02  -1.9105011e-01  -2.3325266e-01  -2.7697487e-01   9.9731023e-02   3.5109861e-01   1.7859580e-01  -5.9313120e-03   2.3726328e-02  -1.1246400e-01  -6.2638359e-02  -1.3386880e-01  -3.1290263e-01  -3.4678755e-01   1.9577133e-01   2.1580638e-01  -4.9513796e-02  -3.6120452e-01   1.9119491e-01   2.4725340e-02  -1.4226358e-01   3.2782530e-01  -2.4534831e-01   3.1892757e-01  -2.8821174e-01  -3.3375428e-01  -1.8505298e-01  -1.5165452e-01  -3.6023837e-01  -6.9197851e-02  -1.7223752e-01  -3.4075080e-01  -1.8835512e-01  -1.9924475e-02  -1.6276560e-02   2.5337684e-01   3.7083967e-01   4.5209419e-01  -6.6355938e-02   1.0292055e-01   5.0743354e-01  -1.5349405e-01  -1.0185993e-01  -6.1540895e-02   4.1536316e-01   9.2398406e-03  -3.9686191e-01  -2.8965139e-01  -4.2629261e-02  -2.4445339e-01  -3.8857418e-03  -4.7965472e-02  -1.9715842e-01   1.1668683e-02   8.0618287e-02   1.7775147e-01  -4.0249144e-01  -1.6583201e-01  -6.3053366e-02   2.3879280e-03   2.3175896e-01  -2.5908594e-01  -1.6539323e-01  -4.1058124e-01  -1.4830682e-01   6.6737069e-02   4.6209924e-01   1.1697760e-01  -2.5840597e-01   3.4667021e-01   1.6984236e-01  -1.2421121e-01   3.3878704e-02   6.3568440e-03   1.7651173e-01  -3.1505366e-01  -2.8346342e-02   8.8853705e-02  -4.1872964e-02  -6.4836021e-02  -6.1867355e-02  -1.5659884e-01  -1.8350473e-01  -1.9046922e-01  -1.8801376e-01  -9.1733961e-03   9.8264233e-02  -1.2290530e-01  -2.4577479e-01   1.0575976e-01  -2.0434550e-01   3.2926024e-01  -5.7668343e-02   3.0050746e-01   9.3715929e-02  -1.0815347e-02  -2.8206240e-01   2.0450151e-01  -1.4827898e-01   2.4910614e-01  -2.7821826e-02   1.5052295e-01  -1.5479674e-03   2.4250702e-01  -2.7719402e-01   1.1779537e-01  -1.5385775e-01   1.2147945e-01  -2.4955793e-01  -2.5397812e-01   3.9099728e-01   1.0172766e-01  -3.3815984e-01   7.3654235e-02   2.1184450e-01   3.8169636e-01   6.7937818e-02  -2.5846227e-01  -1.6072325e-01  -1.9002584e-01  -2.4953813e-02  -3.6367706e-02
   4.6919978e-03  -6.0889482e-01  -5.7458473e-01   4.6499166e-01  -2.0992433e-01   3.9066371e-01   2.7497783e-01   4.0374879e-01   2.1344090e-01  -3.5956072e-01   0.0000000e+00  -5.7878341e-01   2.2825982e-01   3.2229045e-01   9.4367253e-04   4.0874867e-01  -4.8530960e-01   6.5476283e-01   3.4311186e-02  -3.5214506e-01   6.2254790e-01   4.6678772e-01   6.7086453e-01   2.0808017e-02  -3.0537819e-02   2.1661780e-01   2.7560106e-01   2.0417346e-01  -2.4084037e-01   5.4276384e-01   7.0001920e-02   4.3640418e-01   3.5271853e-01  -3.7470470e-01  -1.6247494e-01   4.9047585e-01   1.7636460e-01  -1.4484916e-01   5.1546003e-01  -5.4146881e-01   5.6400865e-01   5.0076253e-02  -2.0290535e-01   5.3519547e-01   2.9084526e-01  -4.1948106e-01   6.6119356e-01   3.0273439e-01   1.3605734e-02  -6.0704682e-01   6.9744304e-01   2.6904673e-01  -9.9924012e-02  -2.9241983e-01   1.2912111e-01   1.8716268e-01   4.3925883e-01   3.8893120e-01   5.7214353e-01  -5.4535991e-02  -3.6896192e-01   1.6239402e-01   8.1452292e-02   1.2105885e-01   9.5453619e-02   5.9347615e-01   4.2111519e-01   1.2758319e-01   7.5811259e-01  -4.5890817e-01  -3.1575380e-01   4.8156101e-01   2.3202613e-01  -4.0055079e-01   4.0734222e-02   2.2371956e-01  -4.1792266e-01   5.0915650e-01  -1.2048514e-01   2.3618788e-01   2.9724384e-01   2.1593294e-01   2.5454209e-01   3.6027988e-01  -8.3831112e-02   3.5757009e-01   3.7312694e-01  -1.0934720e-01  -1.8972093e-01  -1.7100729e-03  -3.7427930e-01  -3.9930370e-01  -5.9405439e-01   4.2078131e-01  -3.7665725e-02  -4.6810124e-01   2.0614540e-01   3.5709267e-01   3.1092042e-01  -3.0209559e-01  -1.0853157e-01   5.6625004e-01   3.8079170e-01  -8.9865864e-04   5.5580114e-01   1.8330571e-01  -8.7101055e-03   5.6791544e-01   2.7610240e-01   1.1221024e-01  -3.2025521e-01   4.1319499e-01   1.5651901e-01   3.5935790e-02  -1.3522972e-01  -4.0141785e-01   3.5117785e-01   3.2678321e-01   3.2429246e-01   5.6546069e-01   6.1797131e-02  -5.9138600e-01  -1.8973081e-01   3.5632662e-01  -3.6893999e-01  -3.5839343e-01   1.7030639e-01   8.7527191e-02   3.5981311e-01  -3.3095342e-01   3.2142827e-01   4.4637846e-01  -3.3085532e-01   3.6062565e-01   2.6219109e-01   3.6343228e-01   2.2725040e-01   2.9013740e-01   4.8707321e-01   1.0087005e-01   2.2825523e-01  -2.2000555e-01   4.9802500e-01  -7.8870363e-02  -1.7985718e-01   3.8463856e-01  -6.0295788e-01   2.2585762e-01   9.6565133e-03  -4.8274744e-02  -2.4963722e-01   1.8537807e-01  -1.6777003e-01   4.3444181e-01  -5.2369678e-01   8.5764425e-02   1.1111296e-02   4.7578597e-01  -4.3654153e-01   2.1230941e-01  -2.2578610e-02   5.1351545e-01   1.6485747e-01   6.0325724e-01   4.6375533e-01  -3.0669031e-01   3.2521240e-01   2.8581924e-01   4.0797862e-02  -3.3443549e-01  -1.8270812e-01  -2.3863288e-01   4.8331547e-01   3.4725196e-01  -1.5040254e-02  -5.2403447e-02   3.4771304e-01
  -7.8384671e-02   6.8051367e-01   6.6022416e-01  -3.1590746e-01   3.5386785e-01  -2.2760001e-01  -3.5674674e-01  -2.4858760e-01  -1.8803786e-01   4.8288051e-01  -5.7878341e-01   0.0000000e+00  -1.8156605e-02  -4.2329781e-01   1.1241755e-01  -2.3742256e-01   4.7137493e-01  -5.6479958e-01   3.7987754e-02   4.3925773e-01  -6.4308148e-01  -3.3573334e-01  -5.4088209e-01  -4.8464446e-02  -2.5480753e-01  -2.2373219e-01  -4.7697406e-02  -2.7710734e-01   3.2228491e-01  -5.1049577e-01  -4.1498926e-02  -2.3548947e-01  -3.4202715e-01   5.3641869e-01   2.1420029e-01  -8.2331662e-02   3.1688656e-02   2.5445811e-01  -4.7123080e-01   6.0618026e-01  -4.3001311e-01  -1.1729400e-01   4.5452646e-01  -5.2694005e-01  -5.9491317e-02   4.0777042e-01  -4.0980985e-01  -3.5107441e-01  -1.7384557e-01   5.8652568e-01  -4.8723591e-01  -2.1194732e-01   4.1907683e-01   1.4902759e-01  -2.7879487e-02  -1.6184389e-01  -5.0616312e-01  -3.2263630e-01  -3.2583331e-01   1.8275685e-01   3.1580351e-01  -1.3055291e-01  -1.4414640e-01   1.0373842e-01   3.7930993e-03  -2.0918732e-01  -2.7386639e-01  -2.5114527e-01  -5.3634383e-01   4.1611794e-01   3.4797751e-01  -3.2297752e-01  -1.6902752e-01   3.8921074e-01   8.7832744e-02  -2.4146997e-01   3.9125850e-01  -3.9529978e-01   3.9401847e-01  -3.6754342e-01  -4.5352422e-01  -5.3540589e-02  -1.9516252e-01  -2.9359859e-01  -4.9940126e-02  -3.1684368e-01  -4.1050472e-01  -5.4031265e-02   9.5866661e-02  -1.4826161e-01   4.0731201e-01   3.0791806e-01   7.0003599e-01  -2.8611540e-01   2.0941443e-01   4.0819528e-01  -3.4638432e-01  -3.7368621e-01  -3.9220959e-01   4.5848845e-01  -4.1382141e-02  -5.4050332e-01  -4.3715350e-01   6.8270063e-02  -4.5378805e-01  -1.4909704e-01  -7.5564470e-02  -4.2366204e-01  -4.0407841e-02   5.5794887e-02   3.7005158e-01  -4.3573225e-01  -2.5538110e-01  -1.3181980e-01  -6.2527274e-02   4.9273855e-01  -4.5164859e-01  -1.3033849e-02  -4.1486614e-01  -3.0615040e-01  -1.0840306e-01   6.6152555e-01   1.9882005e-01  -3.9286695e-01   3.8879636e-01   4.1956254e-01  -3.1174045e-01  -4.3994079e-02  -7.7695129e-02   2.6343689e-01   1.2381168e-02  -5.5618474e-02   2.2374628e-01  -2.2193916e-01  -8.9673874e-02  -1.9737614e-01  -2.1017862e-01  -2.9911530e-01  -3.9896649e-01  -1.6418598e-01  -1.4645875e-01   2.9705832e-02  -4.1953867e-01  -1.2817178e-01   2.2801264e-01  -4.5751948e-01   5.8556468e-01   2.7320730e-02   2.7404844e-01   1.0639459e-01   3.0143439e-02  -2.0344608e-01   1.1381868e-01  -2.3652788e-01   5.3975673e-01  -6.5374518e-02   1.8213599e-01  -2.3336318e-01   2.6423381e-01  -1.9772346e-01  -6.7653682e-02  -4.9400989e-01  -1.7852787e-01  -4.7845039e-01  -2.1503152e-01   6.1144776e-01   1.4885783e-01  -3.1473322e-01  -1.4155797e-01   3.5939444e-01   3.9541246e-01   2.0344779e-01  -4.2078269e-01  -2.1429650e-01  -1.2000573e-01  -8.4244490e-03  -2.3377456e-01
  -8.1437497e-02   4.5326153e-03  -1.6773117e-02   7.5183886e-02   3.1347627e-01   1.1901923e-01  -1.7127412e-01   6.9082500e-02  -6.7082169e-02  -6.0149682e-02   2.2825982e-01  -1.8156605e-02   0.0000000e+00  -1.1699888e-01   3.3140541e-02   1.5666034e-01  -1.8808582e-02   2.6340485e-01   1.8724312e-01   2.1321759e-01   3.8402615e-02   7.0160333e-02   2.2879613e-02  -4.7697348e-02  -8.1939202e-03  -1.1466153e-01   2.4246326e-01   1.8882250e-02   6.0992580e-02   1.5330215e-02   1.9529222e-01   1.8912230e-01   1.3773855e-01  -1.8421745e-01   3.3466099e-02   3.3111176e-01  -1.4597175e-02   9.7760715e-02   2.3717400e-01   6.6110492e-03   5.1313962e-01   1.4889666e-01   1.1837554e-01  -2.0786618e-02   8.8084323e-02   4.1153883e-02   3.2900059e-01  -3.5213483e-02   9.7840861e-03  -2.2494708e-02   2.5061696e-01  -9.0891520e-02   1.6672352e-01   9.8467658e-02   1.6152426e-01   3.1703952e-02   1.9223412e-01   1.9999876e-01   8.8509667e-02   4.7162544e-02  -2.9535715e-03  -1.0089409e-01  -9.2358457e-02   2.2188318e-01   1.8361227e-01   2.1159629e-01   3.3745068e-02  -2.0114965e-01   1.0653374e-01  -9.7041462e-02   1.0036072e-01   3.2653050e-01   2.6918866e-01  -1.1423292e-01  -1.5588173e-01   1.9409959e-01  -3.0789288e-02   8.2192870e-02   4.2180725e-02   1.8353375e-01  -4.3962629e-02   1.5323978e-01   9.3960270e-02   7.7649353e-02   6.6647033e-02   1.9286766e-01  -2.9419136e-02  -1.1086484e-01  -1.5369155e-01  -4.3211249e-02   6.5557027e-02   6.5047929e-03  -1.8667884e-01   1.4192505e-01   9.0012930e-02  -2.0620051e-02   2.4565678e-01  -5.8720247e-02   2.0244477e-01  -3.2969371e-01   2.9475397e-02  -3.8945206e-02   1.0917408e-02   1.5992384e-01   3.1431475e-02   6.4669650e-02  -9.4570426e-03  -1.5052161e-03   2.3388016e-02  -4.3633021e-02  -2.3154264e-01   1.0820269e-01   8.3782960e-02  -1.1217527e-01  -1.9866131e-01  -3.7724043e-02  -2.4232619e-02   3.9287816e-01   1.4985201e-02   6.8788808e-02   4.0362011e-02   7.0388203e-02  -1.6640418e-02   1.2508454e-01   2.4729607e-02  -1.1861846e-01   5.5788547e-03  -6.4577216e-02   8.2585869e-03   2.9987096e-03   2.5315931e-01   3.3656705e-01   2.8675635e-02  -3.7798512e-02   4.6479946e-02   3.9055923e-01   1.3274347e-02   6.3716019e-02   2.0924694e-01  -1.9801514e-02  -1.3710042e-02   1.8031956e-01   9.9161276e-02  -8.3005794e-02  -1.3532168e-01   1.0739447e-01  -1.6561876e-01   1.1674126e-01  -4.4432806e-02   2.9262105e-02  -1.6631032e-01  -5.6227592e-03   9.7453646e-02   1.7497508e-01  -2.8754499e-02  -2.7198291e-02   9.1283375e-02   1.6345445e-01   1.2203696e-01  -6.3906137e-02   9.3394526e-02   6.0398538e-02   8.9137069e-02   4.9330474e-02   2.8362321e-01   7.4572124e-02   1.5818724e-01   1.0145458e-02   1.2769836e-01   6.4746781e-02   1.2255838e-01  -7.1031964e-02   6.3169294e-02   2.0056402e-01  -1.0944613e-01  -8.3666925e-02   1.4350530e-01
   3.2686918e-01  -4.8895464e-01  -4.1596306e-01   3.1919674e-01  -4.7671805e-01   1.4458538e-01   5.6061777e-01   1.9728281e-01   2.2834181e-01  -3.6256914e-01   3.2229045e-01  -4.2329781e-01  -1.1699888e-01   0.0000000e+00   1.3527038e-01   3.0289919e-01  -3.5438604e-01   3.8610277e-01   3.5702919e-02  -4.2625899e-01   3.7623951e-01   4.4177773e-01   4.3066842e-01   1.4726766e-01   3.1009244e-01   2.5920826e-01  -1.9724111e-01   4.8756322e-01  -1.9732491e-01   5.0291971e-01  -2.3867707e-01   4.1422786e-01   2.5168230e-01  -2.1677327e-01   4.7148526e-02  -6.3679100e-02  -1.7330347e-01  -1.7847307e-01   3.6831392e-01  -4.4596586e-01   1.5486377e-01   1.8178159e-01  -2.3904687e-01   7.2103421e-01   1.4008522e-01  -3.3538174e-01   1.0319033e-01   3.2987821e-01   1.1489377e-01  -4.0622311e-01   4.4376725e-01   2.9504914e-01  -3.8138157e-01  -6.9819027e-02   1.3096742e-01   3.5831430e-01   2.9907701e-01   2.7955068e-01   3.3028977e-01   3.3179717e-02  -1.3707919e-01   1.7526079e-01  -2.9863606e-02  -1.6194702e-01  -2.8312564e-01   1.9115771e-01   2.4348352e-01   7.9176162e-02   3.5290502e-01  -2.2906081e-01  -3.2947673e-01   1.8148489e-01   5.2585169e-02  -7.4089605e-02   1.6401513e-02   1.6454437e-01  -2.3607131e-01   4.4280478e-01  -3.2329410e-01   2.4307882e-01   6.1594741e-01   7.5282836e-02   3.1717811e-01   3.0537644e-01   2.5852880e-01   2.4118818e-01   4.1825757e-01   1.6604245e-01   1.9977294e-02   3.0002757e-01  -5.0964625e-01  -1.1055666e-01  -3.8296296e-01   2.8781941e-01  -8.6972769e-02  -3.9282736e-01   2.3711554e-01   2.2671270e-01   1.2736314e-01  -2.4762170e-01   9.3383639e-02   5.8607748e-01   5.4539521e-01  -1.0135551e-01   4.9694503e-01   1.0043685e-01   8.4683909e-02   3.0766376e-01   1.9899805e-01  -1.9110146e-01   1.0624411e-02   6.0098935e-01   1.8964228e-01   3.7789688e-01   4.2123095e-01  -5.2104474e-01   4.2340374e-01  -2.3871504e-02   7.0962849e-01   2.7221528e-01   1.8090158e-01  -4.6314599e-01  -8.8968745e-02   2.0631461e-01  -2.9774724e-01  -3.6109145e-02   5.0673469e-01   7.5801425e-03   3.1661673e-01  -2.0715057e-01  -4.5463922e-03  -6.0134145e-02  -9.0287194e-02   1.8210638e-02   1.6362890e-01   1.2679322e-01   1.0393394e-01   4.5935761e-01   1.1177703e-01   2.5077301e-01   3.8378627e-01  -1.7982254e-02   1.1246205e-01   2.2776981e-01   2.1962290e-01   4.6097634e-01  -2.2406832e-01  -1.4147536e-01  -2.2970784e-01  -3.2851285e-01   3.9080436e-01   3.8492832e-01  -6.5892914e-02  -1.1194818e-01  -4.3610570e-01   1.1680416e-01   5.1915901e-02   2.5141711e-01  -2.2398114e-01   3.7421631e-01  -2.2738063e-01   6.4990229e-02  -1.8594837e-01   3.2289702e-01   3.6466845e-01  -4.3894079e-01  -1.3814364e-01   3.9345066e-01   2.5785622e-01  -3.9291633e-01  -3.3906413e-01  -2.4431134e-01   6.9850055e-02   1.8768216e-01   1.2062679e-01   1.6288944e-02   3.8609799e-01
