   0.0000000e+00  -1.0621047e-01  -2.0175153e-01   1.0072050e-01  -6.6684466e-02  -2.3766920e-01  -1.9096655e-01   4.9660726e-01  -1.5307625e-02  -4.2464818e-01   2.0921969e-01  -3.6357940e-01   6.6465451e-02   2.8638158e-01  -1.2302735e-02   1.8359514e-01  -7.8339978e-02  -6.2666982e-02   1.9962018e-01  -1.3631288e-01  -2.0856650e-01   1.4715107e-01  -5.9912207e-02   7.0579135e-01   1.0941726e-01   2.2204756e-01  -1.9384390e-01   6.2130603e-01   1.0079032e-01   2.5195825e-02   2.3684675e-02   1.6560729e-01   2.4967867e-01  -3.7565685e-01  -3.4695273e-02   1.9670986e-02  -1.8826410e-01   4.4526224e-01   1.9743472e-01  -3.0752975e-01  -1.0270528e-01   1.2324840e-01  -1.0626805e-01   6.7237815e-02  -2.9725153e-01   1.8748146e-03   2.7450504e-01  -2.4470043e-01  -1.1648765e-01  -1.8049776e-01   4.3841364e-02   3.9323027e-01  -4.2664602e-01   1.0176810e-01   3.0069558e-01   1.8701522e-01   3.0406594e-01   2.6744359e-01  -2.5314554e-02   2.1199181e-02  -4.3938290e-02  -1.3775516e-01  -6.9937691e-02   1.1955880e-01  -2.3203648e-01  -4.7329003e-01  -1.3494011e-01   6.2220950e-02   4.0126564e-02  -1.2376474e-01  -3.8032771e-01  -3.6010694e-02   9.0064031e-02   5.9295435e-01   1.1473518e-01   2.9684978e-01  -8.5492135e-02  -7.2740464e-02   9.6253231e-03   3.7379994e-02   3.9354078e-01   6.1072868e-02  -2.8851855e-01   2.6380975e-01   1.5279010e-01   4.3024703e-01  -1.7155615e-01   7.3434061e-01   1.3571994e-03   7.6088152e-01   8.5726051e-02  -1.0080720e-01  -4.5543325e-01   1.4324432e-01   6.1562447e-02  -1.7892254e-01  -5.8259605e-02   2.2972567e-01   5.2907024e-02  -2.8306525e-01   1.4385397e-01  -1.1073519e-01  -6.8222250e-02   1.7609300e-01   1.0284356e-01   1.5961088e-01   8.1752228e-02   8.0857385e-02  -6.4110663e-02  -3.9210265e-02  -3.6359391e-01   1.9666256e-01   7.9492864e-02   7.7582864e-01   6.0177823e-01  -1.5292851e-01   1.7385291e-02  -6.6676348e-02  -3.7257034e-02   2.7983583e-02   5.3589650e-01  -1.0972946e-01  -1.7793898e-01   1.1236484e-02   2.9759972e-01   6.8284114e-01   9.2888453e-02   1.8143115e-01   1.5352383e-01  -2.1346402e-01   1.8767244e-01  -3.9679577e-01   1.9086030e-01  -2.8082784e-01   5.6283840e-02   1.4665943e-01   1.7963791e-01   1.5570562e-01   1.7426209e-01   5.0496350e-01   6.6763441e-01  -2.6474893e-01   3.6474677e-01  -9.2443397e-02  -3.7277837e-02  -1.5489549e-01  -3.7113173e-01  -1.7541592e-02  -4.7042388e-02  -1.7832022e-01   5.2592596e-01   6.3741256e-02   4.1960539e-01  -6.2279586e-02  -3.0940945e-01   6.6457761e-01   1.9550360e-01   2.6365348e-02  -9.5861234e-02   2.9889148e-01   1.4542546e-01   2.0468468e-01  -3.1422911e-01   2.4182064e-01   2.0776492e-01  -3.1740938e-01   2.5782825e-02   2.1999136e-01   2.3470602e-01  -1.0793974e-01  -1.3697093e-01   9.7327351e-02   2.9374025e-02  -8.7039660e-02   4.8868000e-03  -1.2198579e-01   2.6405369e-01
  -1.0621047e-01   0.0000000e+00   2.1586237e-01  -2.2024229e-01   3.4211086e-01  -2.5550837e-01  -1.8317369e-01  -2.1762618e-01   7.1310888e-01  -2.3190810e-01  -1.9234345e-01   4.2083292e-01  -3.2067911e-01  -1.2208006e-03  -2.8303507e-01  -1.0745402e-01   4.4114103e-01  -1.8266493e-01   1.0443504e-01   2.5935169e-02  -1.7791131e-01  -4.1800676e-01  -4.0832181e-01  -1.1637847e-01   2.0545892e-01  -7.3003712e-02   2.3065855e-01  -1.3754230e-01   2.1659660e-01  -2.2455791e-01   2.7596095e-01  -2.5092846e-01   3.5483398e-02  -3.6601727e-01  -3.5610221e-01   1.8736668e-01  -3.9781280e-01  -1.8871933e-01   1.1330445e-02   3.1906809e-01  -1.8144164e-01  -2.9185282e-04   4.4443112e-01   6.3339964e-02  -1.9268763e-01  -6.1218814e-02  -2.1245284e-01  -6.9041799e-03   1.7373312e-01   3.7041835e-01  -3.9928938e-01  -1.8710995e-01   4.5940120e-01   1.7334859e-03  -5.3342259e-02  -2.4203914e-01  -2.2192227e-01  -1.8082260e-01  -1.4635039e-01  -4.1568718e-01  -1.8526334e-02   1.1700102e-01   6.1242959e-01   6.0297195e-01   3.4646721e-01  -1.4519783e-01  -2.8338190e-01   6.6521946e-02  -2.9601602e-01  -6.0543575e-02   5.4665537e-01  -2.3512417e-01   2.2328065e-01  -3.8254450e-01  -8.6178556e-02  -1.6866945e-01  -8.0113400e-02  -1.2743024e-01   5.5966318e-01   4.1357624e-02   4.3239157e-02  -1.7713247e-01   1.7849688e-01  -7.4854549e-02   3.5656527e-01  -3.2564229e-01   8.1048236e-02  -9.9308454e-02   5.7472945e-01  -1.1330215e-01   4.6974005e-01   4.6107231e-02   3.3140728e-02  -1.8800212e-01  -1.2756481e-01   2.8109987e-01   6.2900391e-02   1.1901333e-03   2.4227934e-01  -3.9823819e-01   2.1331364e-01  -1.4372816e-01  -4.3921311e-02  -2.4317277e-01  -5.7573843e-01  -2.0211188e-01   1.5478243e-01  -1.2461198e-01  -4.3196678e-01  -1.5750733e-01   9.5245028e-02  -5.7400122e-01   5.1764347e-02  -1.6528302e-01  -1.9253849e-01   4.5269561e-01  -1.9894353e-01  -1.5611805e-01  -6.8451140e-02  -3.4414053e-01  -2.8994314e-01   2.8063085e-01   2.9888281e-01   2.0376959e-01  -1.7350481e-01  -2.4670696e-01  -4.6649731e-01   1.4419381e-01  -2.1540852e-01   3.6079705e-01  -2.4637728e-02   2.0706028e-01   7.0738948e-02  -1.4767018e-01   2.1880261e-01   1.0198378e-01  -4.6091187e-02  -1.4859839e-01  -1.6441653e-01  -2.3334241e-01  -4.8188292e-02   1.1769507e-01  -3.8496604e-01  -2.5064411e-01  -3.7048957e-01  -2.0180221e-01   6.3437412e-02   5.0807755e-01  -3.2319898e-01   1.0659375e-01  -1.5265811e-01   1.4641225e-02  -9.7993120e-02   5.0817588e-01   6.4983727e-01  -1.8486170e-01  -2.6626263e-01  -2.1269552e-01   1.8633306e-01  -1.9878778e-02   2.4643507e-01  -3.7109715e-01   4.6840712e-01  -1.8380947e-01  -1.7640202e-01   1.5657592e-01   6.4943698e-02  -1.7070176e-01  -1.0520455e-01   4.9205536e-01   2.6630514e-01  -9.5612545e-02   2.3633929e-01  -1.0705577e-01  -7.0304566e-02   2.4819652e-01  -2.2371091e-01
  -2.0175153e-01   2.1586237e-01   0.0000000e+00  -3.1651312e-01   5.0460450e-01   3.0399505e-01  -7.1314548e-02  -3.0948116e-01   6.4985375e-02  -2.3648652e-02  -1.3778037e-01   4.5572938e-01   1.0849572e-01  -1.2656206e-02  -3.4975590e-01   5.9932700e-02   7.8531068e-01   4.0112710e-02  -5.4816497e-02   7.0297034e-01  -3.0202265e-01  -3.0663190e-01  -2.2613950e-01  -2.7671514e-01  -3.3800513e-02  -9.9549997e-02   4.8571361e-01  -1.3622427e-01   1.8836210e-01  -2.1551397e-01  -3.6236123e-01  -2.2548304e-01   6.5824209e-02   8.3925621e-02  -4.1199858e-01   2.5973552e-01   1.1278272e-01  -3.2390070e-01   5.8374592e-02   6.6136684e-01  -6.3897301e-02   3.5078015e-01   1.7343883e-01  -2.3693443e-01  -3.6391310e-01   5.7036498e-01   1.3223602e-01  -7.9077600e-02  -1.9995194e-01   5.9689935e-01  -1.2901240e-02  -3.0985023e-01   1.2421052e-01  -5.4808865e-02  -1.3463813e-01  -2.0591453e-01  -1.3767303e-01  -3.5621266e-01   6.5600307e-02  -2.7823899e-01   5.3941938e-01   4.6760893e-02   1.8058775e-01  -2.9016436e-01  -4.5447413e-01  -3.2478028e-02   9.0794487e-02   1.2813657e-01   2.3772328e-02   6.3790162e-01   1.3419904e-01   1.9459838e-02  -1.8377442e-01  -2.1710460e-01   1.4971792e-01  -2.5507995e-01   4.4767585e-01  -1.5579090e-01   1.6154032e-01   7.0075083e-02  -1.0271965e-01  -1.7884863e-01   1.7243976e-01  -6.9179275e-02   9.1110226e-02  -5.2589612e-01  -3.7569070e-01  -2.4822940e-01   1.5067657e-01  -2.8266442e-01   1.7876167e-01   5.8430473e-01   3.2433658e-01  -1.6854405e-01   1.1982989e-01   4.3084099e-01   2.5966375e-01  -2.9013216e-01   1.7341335e-01  -3.7385296e-01   2.3757618e-01  -2.4360690e-01   2.7802712e-01  -4.3904022e-01  -1.3175096e-01  -5.2661804e-02   2.2466696e-01  -1.1398192e-01  -2.5175428e-01   2.2357390e-01   3.7618853e-01  -2.4889359e-01   8.2981028e-02  -2.3550833e-01  -1.8338815e-01  -1.0457365e-01  -1.3982963e-02  -3.7151897e-02   4.6469575e-01   3.1988789e-04   3.1766173e-02   4.8375648e-01   6.6876396e-02  -4.0376145e-01   1.8820321e-01  -3.1805738e-01  -4.0433810e-01   4.8002642e-02  -8.5025493e-02   8.1936319e-01   2.4574077e-02  -4.6457481e-03   8.8406689e-02  -2.0394527e-01  -9.4737240e-02  -1.8697399e-01  -9.8136037e-02  -1.8604644e-01  -2.8431006e-01  -2.5501857e-01  -7.5537626e-02   4.9859261e-02  -1.3420803e-01   4.6143520e-01  -3.2161445e-01  -4.0912050e-01   3.0940457e-01   1.6143337e-01   6.7172542e-02  -4.7338417e-01   5.5304963e-02   1.0386179e-01   1.5196048e-01  -5.5923993e-02   5.8963302e-01  -2.7981941e-01   2.5726706e-01   1.1868142e-01   5.0747937e-01  -9.4109373e-02   2.3720810e-01   8.6438807e-02   1.8939461e-01   9.9753295e-02  -2.3969316e-01  -6.9996549e-02  -1.3838072e-01  -5.5049824e-02   4.0676594e-01   1.4328669e-01   3.7859630e-02   5.6944702e-02   1.6375487e-01   3.9019811e-01   1.2919276e-01  -8.2768158e-02  -3.9558626e-01
   1.0072050e-01  -2.2024229e-01  -3.1651312e-01   0.0000000e+00  -6.0178036e-02   1.0131934e-01   9.5811731e-02   4.1464526e-01  -5.1389954e-02   4.8428029e-02   1.2052600e-01  -1.0581735e-01   1.9661096e-01   3.4849493e-02   6.8516653e-02   4.1816195e-02  -2.6147630e-01   9.6259686e-02   3.0611354e-02  -2.5197067e-01   1.6265810e-01   4.1813057e-01   2.0613339e-01   3.1417871e-02   3.0378170e-02   1.1738602e-01  -1.5295384e-01   4.5475331e-02  -2.9548995e-02   2.2624313e-01  -5.2493128e-02   6.5074497e-01   3.2593496e-03   2.4831909e-02   1.5186271e-01  -1.5089479e-02   9.7133146e-02  -8.0091384e-02  -8.9979149e-02  -2.7992699e-01   2.1715443e-01   2.6130480e-02  -1.6532073e-01   5.6861435e-02   5.0365610e-02  -2.1464903e-01  -2.7670337e-02   4.9908668e-02   1.0784220e-01  -3.5136038e-01   9.2277079e-02   2.2468950e-01  -8.4074302e-02   6.1223006e-02  -9.5825098e-02   2.4940648e-01   1.0902302e-01   3.9789557e-01   3.3535803e-01   2.9464950e-01  -1.5594779e-01   9.5170564e-03   1.7093732e-02  -4.9350833e-02   4.7524434e-02   5.5934292e-02   3.3574712e-01  -1.9989440e-01   2.6487867e-01  -2.4489292e-01  -1.9206833e-01   1.7179324e-01   7.9437410e-02   8.2324078e-02   1.3744941e-02   1.9256862e-01  -2.2244456e-01   1.1258052e-01  -1.8451104e-01   1.3466566e-01   2.0102302e-01   1.5359223e-01  -1.4168167e-01   2.5597107e-01  -2.2925827e-01   1.9681666e-01  -3.6908401e-03   4.8115003e-02  -1.5009075e-01   1.9268642e-02  -5.8421377e-02  -8.4705097e-02  -5.1469484e-02   3.1238015e-01  -1.4046403e-01  -8.2561248e-02  -2.5141447e-01   2.1652169e-01  -1.5274604e-01   1.2546296e-01  -2.9450080e-01   1.4467793e-01   1.7803697e-01   3.6135223e-01   2.7929423e-01   4.6276376e-01   3.2481497e-02   4.1025539e-01   9.0259102e-02  -5.2536383e-02  -1.3237610e-01   4.1318769e-01   3.2001089e-01  -1.8649232e-02   7.8652747e-02  -6.9658523e-02   1.5132398e-01   1.8717294e-01  -3.0673607e-01   4.6877950e-01  -6.4779142e-02  -1.1607774e-01   1.7769556e-01   2.0106313e-01  -1.8232972e-01   2.4669868e-01   2.7502685e-01   4.5811311e-03   5.9154429e-01  -3.6572467e-01   1.8202369e-02  -1.6399324e-01   4.7203185e-03  -1.0083877e-02   3.6672839e-01   1.2067691e-01   2.0330238e-01   6.8374554e-02   7.8192258e-02   1.5583362e-01  -3.4715435e-02   4.0087837e-02   2.1696768e-01  -5.7431796e-02   6.7608571e-02   1.8292742e-01  -1.8527735e-01  -2.1780617e-01   4.6297953e-02   1.2011443e-01  -1.4032837e-01   1.5863051e-01   3.1733684e-03  -5.6531498e-02  -1.9649586e-01  -3.4695751e-03  -1.3992044e-01   2.1165428e-01  -1.1071450e-01   2.8459458e-01  -9.4540570e-02   1.4083198e-01  -1.6942527e-01   1.8579141e-01   4.0401392e-01   1.1021742e-02   1.1778735e-01   4.3536236e-02  -2.3398312e-01  -1.1671808e-01  -5.2600514e-02  -3.0369331e-01  -1.5005029e-01  -1.4016588e-01   1.1834212e-01   2.8753262e-01   2.8153317e-01
  -6.6684466e-02   3.4211086e-01   5.0460450e-01  -6.0178036e-02   0.0000000e+00   3.9325081e-03  -4.4042598e-01  -4.0098799e-02   4.0852047e-01  -2.0934687e-01  -1.1594463e-01   3.8956478e-01   1.5939326e-01  -3.9430882e-02  -4.3009326e-01  -2.6950587e-02   7.2598263e-01  -6.7816228e-02  -1.8051052e-02   6.0169045e-01  -4.4084875e-01  -2.7769709e-01  -3.7383194e-01  -1.1393240e-01  -8.5777065e-03   8.5183247e-02   5.9029364e-01  -1.0590011e-01   3.4756313e-01  -4.1196513e-01  -2.3252709e-01  -5.9854636e-02   2.2835681e-01  -2.3783856e-01  -6.5758918e-01   4.9106783e-01  -1.0121236e-04  -2.2561079e-01   3.3793531e-02   5.2931943e-01   1.2547571e-01   2.2439409e-01   4.5374781e-01  -2.5090869e-01  -2.1516462e-01   1.3539867e-01   1.4353613e-02  -3.3651119e-01   2.7759125e-01   5.8517938e-01  -1.4350103e-01  -5.4672054e-02   2.2665703e-01  -1.0868189e-01  -2.6765055e-01  -2.5682350e-01  -1.3450345e-01  -2.5656989e-02  -1.9438454e-02  -2.7461468e-01   2.7670753e-01   2.6334920e-01   3.9883931e-01   2.2789066e-02   1.2300088e-02  -1.1195497e-01   1.6300766e-01   1.2904726e-01  -1.2726514e-01   2.3771978e-03   8.7237663e-02  -9.8811234e-02   9.7748620e-02  -3.1141262e-01   5.9044539e-02  -2.7196973e-02   7.8930482e-02  -2.5376450e-01   7.0049765e-01   1.2900350e-01  -1.4301413e-02  -1.1403999e-01   3.6883278e-02   1.5348097e-01   6.7956190e-02  -4.7741839e-01  -3.6833317e-01  -1.7423299e-01   3.0202249e-01  -3.5392593e-02   7.2330064e-01   2.7615478e-01   1.6487700e-01  -6.0845752e-02  -9.3650036e-02   7.4357898e-01   2.8091548e-01   1.0448812e-01   4.5255684e-01  -4.8475915e-01  -7.0872150e-02  -4.2524351e-01   2.0794901e-01  -3.4631338e-01  -3.2651650e-01   1.6120556e-01   2.9465918e-01   1.1139848e-01  -3.8884273e-01   1.1018279e-01   3.7581404e-02  -3.4490046e-01   1.0156113e-01  -7.1933153e-02  -3.2465255e-01   4.2760803e-01  -6.7500079e-02   7.8536687e-02   4.3270570e-03  -1.1117545e-01  -2.5209275e-01   7.2936334e-01   1.9556799e-01   4.3053680e-02  -1.0952008e-01  -2.9019655e-01  -4.6532872e-01   2.8408664e-01   1.8895588e-02   4.5617892e-01   1.5334608e-01   2.2801199e-02  -1.0364951e-01  -4.0860409e-01   1.9468418e-01   7.1382297e-02   5.2310948e-02  -4.1108439e-01  -8.4333300e-02  -2.7008408e-01  -1.7199510e-01   2.1628982e-01  -2.1819294e-01  -1.2363937e-01  -5.6960603e-01  -4.1336098e-01  -1.9560970e-01   5.3768213e-01  -2.3379815e-02  -1.6438875e-01  -2.1050692e-01   2.1573290e-01  -5.0560723e-02   3.2333905e-01   6.4707495e-01  -2.1653525e-01  -9.3063743e-02   9.6214351e-02   4.3207140e-01   8.3680283e-02   3.6938457e-01  -2.0123523e-01   3.9124683e-01  -3.8132861e-04   2.8519041e-03   2.0769511e-01   1.1213102e-01   7.6847008e-02   1.1166712e-01   5.0188196e-01   4.3822334e-01  -1.7912653e-01   1.8127341e-01   5.0587542e-02   7.6140975e-02   1.9402747e-01  -1.9004987e-01
  -2.3766920e-01  -2.5550837e-01   3.0399505e-01   1.0131934e-01   3.9325081e-03   0.0000000e+00   1.5769876e-01  -9.3110641e-03  -3.9266079e-01   2.3113630e-01   1.1106619e-01   1.5638419e-01   3.2656647e-01  -1.7297010e-01   1.7960354e-01  -4.2900597e-02   4.4095986e-02   2.4989768e-01  -8.5864521e-02   1.7825737e-01   1.9096118e-01   9.8431785e-02   2.3338926e-01  -4.7673449e-01   5.1697168e-02  -9.4844085e-03   1.4496187e-01  -2.9929059e-01  -1.6552075e-01   3.0745094e-01  -4.0069209e-01   9.6932632e-02  -1.6505949e-01   4.3456958e-01   1.2560546e-01  -9.5021836e-03   5.6216020e-01  -4.3971706e-01  -1.1246938e-01   7.2047567e-02   2.4628506e-01   4.3281821e-02  -7.7861273e-02  -2.7180338e-01   1.1993811e-01   3.2586258e-01   2.1152698e-01   2.9802587e-01  -1.4439027e-01  -1.2418750e-01   2.8396095e-01   9.9334936e-02   1.4920320e-01   3.9639200e-02  -1.6868115e-01   2.4184653e-02   2.0038760e-02  -1.4001678e-01   3.0975989e-01   3.6600573e-01   2.3146986e-01  -7.9924460e-02  -2.5904709e-01  -4.9201468e-01  -2.1531336e-01   2.9256997e-01   5.8183312e-01  -8.2535978e-03   2.8661118e-01   4.2992115e-01  -6.1429002e-02   3.6785386e-01  -4.8231455e-02   1.6600743e-01   1.9467181e-01  -5.6592185e-02   2.1261144e-01  -3.8245252e-02  -3.4944061e-01   1.0257991e-01  -2.6874845e-01   6.5477607e-02   4.6155594e-02  -4.4760610e-02  -6.8022333e-03  -1.0668136e-01  -5.6454106e-02  -2.2490821e-01  -3.1915965e-01  -2.6405001e-01  -3.2157695e-01   1.9825774e-01   2.8565056e-01  -8.9928949e-02  -1.9330970e-02  -5.9754164e-02   1.4338116e-01  -1.1291071e-01  -3.9160244e-02   2.8462951e-01  -8.7471356e-02   5.8456873e-02   8.8451772e-02   1.3387007e-01   3.9340026e-01   1.2584024e-01   2.5118999e-02   2.5071260e-01   8.0730953e-02   3.9882063e-01   2.0984618e-01   2.8963025e-01   4.4243570e-02  -1.5531709e-01  -1.2986354e-01  -2.9319485e-01  -1.1386688e-01  -3.4224084e-02   3.5976211e-01   3.1455386e-01  -9.9971033e-02  -3.8929373e-02  -1.8032637e-02  -2.3130982e-01   5.2125205e-02  -2.8571928e-02   2.7357684e-01  -1.4006142e-01   1.3920678e-01   1.9712322e-01  -2.8298729e-02   1.8715270e-02   1.5198663e-01   2.3518309e-01  -1.1626596e-01  -2.5852684e-02  -6.7517644e-02   7.1173807e-02   6.0510003e-02  -9.5377462e-02  -2.4411591e-01  -3.2881504e-02   2.1494223e-01   4.7532949e-01   1.4852068e-01   2.2494685e-01   1.5016149e-01  -1.8855155e-01   2.9020153e-01  -5.4924695e-02   7.5091646e-02  -2.0456769e-02   3.7705449e-02  -2.3881423e-01  -1.8670131e-02  -3.6563827e-01   1.9856942e-01   2.2839076e-01   5.1698335e-02  -8.1070549e-02  -1.6730475e-02   2.7228780e-01  -2.2506076e-03   2.0262646e-01   3.8025451e-02  -1.2151449e-01   1.4932348e-01   1.4781102e-01   2.0297862e-01  -2.3970113e-01  -1.6863143e-01  -3.3681229e-01  -5.8428932e-03   4.8265939e-01   1.2761031e-01  -2.5337560e-01  -1.7933871e-02
  -1.9096655e-01  -1.8317369e-01  -7.1314548e-02   9.5811731e-02  -4.4042598e-01   1.5769876e-01   0.0000000e+00  -2.6355152e-01  -2.5317436e-01   5.3955469e-01   2.2761870e-01  -4.9528875e-02  -5.5220985e-02  -3.1181798e-01   3.5616508e-01  -3.5388089e-02  -3.3199615e-01   3.4303415e-01  -1.3176309e-01  -2.6661810e-01   4.3641442e-01   3.4930114e-02   5.9656360e-01  -2.4980991e-01  -1.5095092e-01  -2.3028704e-01  -1.6240329e-01  -4.4683878e-02  -3.7653996e-01   2.9159346e-01   3.4902001e-02   1.5181894e-01  -2.1956407e-01   6.1055387e-01   5.4183374e-01  -5.6893662e-03   1.4939602e-01  -7.4317965e-02  -1.7472347e-01  -9.3738844e-02  -1.3979412e-02  -7.3909183e-03  -2.9900425e-01  -1.0486868e-01   2.7687863e-01   4.5123414e-02   4.1781251e-02   3.6365581e-01  -3.8581754e-01  -3.7213259e-01   3.1850014e-01  -1.6728917e-01   1.3581807e-01  -2.2310984e-02  -5.7438350e-02   2.7330713e-01  -8.4063007e-02   4.9516178e-02   4.6216535e-02   1.6825235e-01  -9.2863029e-02  -1.0868154e-01  -2.6767595e-01  -9.5821993e-02  -4.7622405e-02   3.3683801e-01  -4.3896422e-02  -1.8650778e-01   1.5601993e-01   3.4305153e-01   1.7931141e-01   1.0082420e-01  -1.9112292e-01  -8.6435390e-03  -1.3125290e-01  -1.9996531e-01   1.3427968e-02   8.4061198e-02  -4.8096657e-01  -3.3367101e-01  -1.4293373e-02   1.8911801e-01   3.9522272e-03  -2.7434350e-01  -1.4307666e-01   1.8948208e-01   2.4882138e-01  -1.9149549e-01  -2.0144896e-01  -1.6614686e-01  -4.2294659e-01  -4.4839955e-02  -2.8722506e-02   1.1292886e-01   1.0237182e-01  -4.7031219e-01  -3.3952113e-01  -1.9849624e-01  -4.3199300e-01   5.2586344e-01   8.5046129e-02   6.0006694e-01  -3.0600642e-01   2.7646050e-02   3.7757973e-01  -1.0831534e-01  -1.7815168e-01  -1.1588351e-01   4.0630109e-01   5.5047605e-02   3.6642151e-01   1.5236619e-01  -1.0756517e-01  -1.2871769e-01   2.3198057e-01  -3.7254885e-01   8.8030264e-03   1.4414655e-01  -1.0239383e-02   1.3462206e-01  -3.4981482e-02  -3.2555939e-01  -3.8855576e-02  -5.1347680e-02   2.2089970e-01  -5.7633205e-02   3.3760934e-01  -3.1993599e-01  -6.2310899e-02  -6.3699185e-02  -2.1405664e-01   3.9373637e-01  -2.9875005e-01   3.6793331e-01  -2.3655708e-01  -2.7568203e-01  -2.8974249e-01   7.8492379e-02  -1.3868397e-01   1.3946011e-01  -1.1353686e-01  -2.0023502e-01   1.1318503e-01   1.6203195e-01   6.4277244e-01   3.3363046e-01   6.7632133e-01  -1.8964116e-01   2.7411463e-01   1.1022350e-01   2.2560537e-01  -5.2532465e-01  -2.2104226e-02  -1.3676262e-01  -3.4667052e-01  -6.6036680e-02  -7.1159190e-03   4.5612038e-02  -1.6830896e-01  -2.4218441e-01  -2.8828033e-01   1.6587789e-01  -9.6463740e-02   1.6734291e-01  -7.3670149e-02  -6.4458925e-02   1.4290201e-01  -1.0381686e-01  -1.3691568e-01  -3.3225067e-01  -2.1559312e-01  -1.2586218e-01  -7.3975661e-02  -9.6190059e-02  -7.0115192e-02  -2.2246263e-02   3.8108584e-02
   4.9660726e-01  -2.1762618e-01  -3.0948116e-01   4.1464526e-01  -4.0098799e-02  -9.3110641e-03  -2.6355152e-01   0.0000000e+00  -3.5789089e-02  -2.7517763e-01   3.1905237e-01  -2.2083618e-01   1.6222750e-01   7.1256370e-02   5.8103936e-02   1.9659400e-01  -1.8128453e-01  -9.8325569e-02   3.1434315e-01  -2.1692266e-01  -6.3830196e-02   3.0727758e-01   5.2319527e-02   4.5166569e-01   7.6441682e-02   5.5259164e-01  -1.0743581e-01   4.6099702e-01  -1.3003459e-02   1.1569551e-01  -1.2559857e-01   4.4997926e-01   2.0698552e-01  -2.4966614e-01   2.8730100e-02  -6.8979246e-02  -9.1525891e-02   1.4464495e-01   1.0320405e-01  -3.3352718e-01   1.2098543e-02   3.2606677e-02  -1.9326820e-01   1.6380907e-01  -1.4477051e-01  -1.5655129e-01   1.7618952e-01  -1.6214884e-01  -1.3345366e-02  -2.7932518e-01   1.0886443e-01   6.9367691e-01  -3.7923275e-01   6.6054266e-02   1.3259878e-01   3.5047976e-01   2.8701603e-01   4.2065485e-01   8.8810974e-02   1.8632808e-01  -2.5645199e-01  -1.8579465e-01  -1.2021408e-01  -3.3880517e-02  -1.0218708e-01  -2.5472314e-01   2.6606293e-01   1.9151604e-02   2.8222996e-01  -2.4631733e-01  -3.9780693e-01   2.0059893e-01   1.9587255e-02   3.6153000e-01   1.4279186e-01   3.9069117e-01  -3.3538679e-01   2.1355767e-01  -5.9103227e-02   1.1710585e-01   3.4955302e-01  -1.3025446e-01  -3.7195552e-01   6.0410013e-01  -1.9005777e-01   3.7164943e-01  -1.0615675e-01   4.5016382e-01  -1.2042286e-01   4.8244233e-01   3.3442684e-02  -3.0780844e-01  -2.3708161e-01   1.8230021e-01  -2.9578548e-01  -6.2304045e-02  -1.7945686e-01   3.9150683e-01  -3.2787301e-02  -1.6929498e-01  -7.7621071e-02  -9.3690687e-03   2.6729368e-02   2.4880546e-01   2.3130240e-01   3.7289698e-01   4.0349804e-02   4.3009324e-01  -6.7971314e-02  -1.4152588e-02  -4.4396120e-01   3.4186190e-01   2.7614593e-01   4.6748297e-01   3.6496333e-01  -1.4727596e-01   2.1143093e-01  -8.8953282e-02  -1.1848890e-01   2.3268037e-01   1.5624289e-01  -1.3239175e-01   2.8263777e-02  -1.0907263e-02  -1.0862992e-01   4.9837587e-01   1.6247860e-01   1.5259930e-01   4.2552583e-01  -3.0143442e-01   8.4038739e-02  -4.3083766e-01   6.4484150e-02  -2.0745753e-01   3.2599652e-01   4.5318518e-01   2.1104548e-01   1.1497010e-01   4.5065722e-01   2.7332244e-01   1.9824943e-01  -1.5853295e-01   5.5508778e-01  -1.0530033e-01  -1.1953468e-01  -6.3732547e-03  -4.2890526e-01  -1.8489190e-01   9.2203831e-02  -3.5558166e-02   1.8524692e-01   2.5906399e-01   1.2222424e-01  -4.7530625e-02  -3.0736340e-01   4.1314073e-01  -4.5453925e-02   5.2267113e-02  -2.1763806e-01   4.0373360e-01  -6.6546767e-02   3.3816625e-01  -3.2681839e-01   2.5541741e-01   3.3729289e-01  -2.1608895e-01   1.7714950e-01   2.2850128e-01  -3.8666308e-02  -2.4258899e-01  -7.6768588e-02  -1.6253020e-01  -9.1381765e-02  -3.4387787e-02   5.4328214e-02   3.3483612e-02   4.0022237e-01
  -1.5307625e-02   7.1310888e-01   6.4985375e-02  -5.1389954e-02   4.0852047e-01  -3.9266079e-01  -2.5317436e-01  -3.5789089e-02   0.0000000e+00  -1.6613270e-01  -6.8880443e-02   3.4873088e-01  -2.8274337e-01   1.4529452e-02  -2.5098767e-01  -9.4069434e-02   2.8946554e-01  -6.5793676e-02   1.1853465e-01   8.6542113e-03  -1.9591024e-01  -4.1339420e-01  -2.7139299e-01   2.7949510e-02   1.0788972e-01   7.9696017e-02   2.3787721e-01   5.6274228e-03   2.9775507e-01  -2.7316001e-01   2.0507683e-01  -6.1733374e-02   9.7304777e-02  -3.0965817e-01  -2.9789146e-01   3.3491497e-01  -4.1511237e-01  -1.6610029e-01   6.2889163e-02   1.8752178e-01  -1.7463716e-01   1.2101399e-02   5.0792633e-01   9.7074388e-02  -2.1721673e-01  -9.1653370e-02  -7.2807348e-02  -2.0446211e-01  -2.0331793e-02   2.3833495e-01  -2.8420779e-01  -8.9599068e-02   4.2327792e-01  -2.6256212e-01  -8.1021774e-02  -1.4446571e-01  -1.7573686e-01  -1.4663228e-01  -1.1614183e-02  -4.2572332e-01  -4.6522064e-02   6.4012656e-02   5.7310461e-01   5.0708434e-01   2.6152939e-01  -1.7382118e-01  -2.1429650e-01   1.5526683e-01  -2.2794114e-01  -1.0280352e-01   3.2687870e-01  -1.4475694e-01   2.0851252e-01  -3.8080716e-01  -2.8826629e-01  -1.1336654e-01  -1.2181874e-01  -1.0002638e-01   6.5228359e-01  -1.9953465e-02   9.1841207e-02  -1.2622573e-01   5.0073950e-02   8.5267497e-02   1.1133590e-01  -2.3156841e-01  -6.2321459e-02  -9.7587269e-02   5.3870540e-01  -5.8224937e-02   6.1115028e-01  -8.7500264e-02  -1.3551386e-01   2.7193822e-02  -1.3293977e-01   2.0535947e-01  -1.7174681e-01   2.2511649e-02   2.1669553e-01  -4.5105562e-01   4.5951703e-02  -2.0499637e-01  -2.2511544e-02  -2.2685647e-01  -4.2317576e-01  -6.3314080e-02   1.1224775e-01  -1.2198098e-01  -5.2039313e-01  -9.8610345e-02  -3.0936746e-02  -5.4754151e-01  -5.3905423e-02  -8.5193235e-02  -1.1803620e-01   4.4517195e-01  -5.1278486e-02  -2.7767926e-02  -1.4722796e-01  -2.8423248e-01  -1.8667939e-01   4.5776396e-01   2.9731820e-01   2.7033560e-01  -2.3499236e-01  -2.5876867e-01  -4.5075259e-01   1.4491801e-01  -4.1826651e-02   2.4132573e-01  -8.4777281e-02   1.7556615e-01  -1.0824614e-01  -3.5590609e-01   3.1086024e-01   5.2685610e-02  -6.3137860e-02  -3.0326437e-01  -1.9031872e-01  -2.1785539e-01  -6.5109873e-02   5.7006221e-02  -3.6482444e-01  -2.7245446e-01  -4.0299378e-01  -3.0044345e-01  -8.8282479e-02   6.4033246e-01  -2.2861822e-01   3.3113302e-02  -2.0016057e-01   4.5479728e-02  -1.0809819e-01   4.8824040e-01   4.5188921e-01  -1.9153700e-01  -2.5282693e-01  -1.2265769e-01   5.3296826e-02   4.5846194e-02   1.0887938e-01  -2.1554379e-01   4.2261311e-01   2.5811238e-02  -2.3420898e-01   1.4209147e-01   2.1992057e-01  -1.4451976e-01  -1.6687555e-01   3.8098000e-01   3.7849238e-01  -9.6713693e-02   3.0630320e-01  -1.5811720e-01  -1.1239226e-02   3.8969833e-01  -2.3422585e-01
  -4.2464818e-01  -2.3190810e-01  -2.3648652e-02   4.8428029e-02  -2.0934687e-01   2.3113630e-01   5.3955469e-01  -2.7517763e-01  -1.6613270e-01   0.0000000e+00   1.8795783e-01   3.2851767e-02   9.0397977e-02  -4.6275287e-01   3.2848354e-01  -1.5035281e-01  -2.2931919e-01   3.8639216e-01  -1.5668307e-01   2.9263924e-02   5.4947032e-01   5.4204341e-02   5.1869229e-01  -3.8867574e-01  -3.2593185e-01  -2.2180399e-01   2.8605913e-02  -3.2954286e-01  -3.5531596e-01   2.9260396e-01   6.3864563e-02   1.5162575e-02  -2.2819283e-01   7.4515590e-01   2.0238239e-01   2.0039400e-02   3.0250573e-01  -3.1319173e-01  -2.4341247e-01   9.1078037e-02   8.3913104e-02  -2.6441947e-01  -6.2544339e-02  -1.7521320e-01   4.7233227e-01  -2.1716393e-02  -1.1703652e-02   1.3320455e-01  -2.2055288e-01  -2.4201046e-01   3.7140941e-01  -1.4879759e-01   3.4401426e-01  -1.0472598e-01  -3.7594020e-01   3.8951421e-02  -1.3708917e-01  -1.0545745e-01   1.8092209e-01   2.0466037e-01  -1.8038626e-01  -1.2134412e-01  -9.2134266e-02  -2.1581682e-01   1.1094974e-01   7.3757180e-01   1.2222546e-01  -1.3160321e-01   1.3813562e-01   1.8203828e-01   2.3807728e-01   3.0063867e-01  -1.4953213e-01  -2.9265887e-01  -7.1725664e-02  -2.3686992e-01  -1.0563837e-01   1.8087404e-01  -3.7279427e-01  -2.2796839e-01  -3.5059203e-01   1.3625994e-01   1.0864148e-02  -3.2541833e-01  -3.1708908e-01  -1.1703836e-01   1.2539880e-01  -3.4805423e-01  -1.6855766e-01  -3.8227500e-01  -3.8669375e-01  -1.5837966e-01   2.9522640e-01   4.1314018e-02  -4.3360912e-02  -1.1590280e-01  -2.3590432e-01  -1.7229755e-01  -1.7012445e-01   6.3245969e-01  -1.6123476e-01   5.1295098e-01  -1.8910633e-01   1.2486980e-01   2.5205683e-01  -6.8240584e-02  -3.5413090e-01  -5.1492819e-02   2.2255161e-01   2.1244815e-01   3.3121538e-01   7.1417605e-02   2.8872398e-02  -2.7918393e-01  -2.6166940e-01  -1.5356007e-01   7.5153494e-03   1.8472837e-01  -1.1924655e-01   1.8746432e-01  -2.1335723e-01  -1.3109172e-01  -2.4814925e-02  -5.6420637e-02  -1.3198155e-01  -3.7020327e-01   1.6786668e-01  -4.0170118e-01   4.6098263e-02   1.2154259e-03  -3.3802551e-01   5.5714059e-01  -3.4503590e-01   4.1142890e-01  -1.4087549e-01  -1.3381696e-01  -1.6110348e-01  -1.1911519e-01  -1.4199519e-01  -3.0536775e-02  -3.8463532e-01  -5.2637963e-02  -6.6745097e-02  -3.9257177e-02   4.6416354e-01   4.5038549e-01   5.2651581e-01  -9.7275032e-02   3.7307967e-01   3.6130552e-01  -1.8958485e-01  -4.0428094e-01  -1.7746953e-01  -1.4351606e-01  -2.0049572e-01  -3.4661437e-01  -1.4965105e-01   8.3303479e-02  -2.5255647e-01  -3.1942484e-01  -4.3161029e-01   4.6212008e-02   2.8514988e-01   4.6329344e-02  -8.6155486e-02   1.6384131e-01   8.5061076e-02  -5.2660775e-02  -2.0603615e-01  -2.2126209e-01  -1.2322367e-01  -2.9125552e-01   1.4426594e-01  -6.9514105e-02   6.9966248e-02   7.2868180e-02  -3.1971519e-02
   2.0921969e-01  -1.9234345e-01  -1.3778037e-01   1.2052600e-01  -1.1594463e-01   1.1106619e-01   2.2761870e-01   3.1905237e-01  -6.8880443e-02   1.8795783e-01   0.0000000e+00  -3.0020533e-01  -4.5683302e-02  -1.9043557e-01   2.6770579e-01   7.6800624e-02  -2.6576401e-01   6.8651286e-01   3.3788228e-02  -1.6809403e-01   4.7355573e-01   9.5465067e-02   5.7337195e-01   7.7970330e-02   3.2563660e-02   1.0511243e-01  -1.2652748e-01   2.7391927e-01  -3.6546536e-01   4.1977923e-01   1.7104981e-01   3.6845071e-01  -2.1609347e-01   2.7498670e-01   2.3398299e-01   4.0364793e-01   2.0772750e-01   5.4871278e-02  -4.3721978e-02  -3.6482652e-01   1.0027237e-02  -2.2639614e-01  -2.1831555e-01   1.9042069e-01   1.9426581e-01   8.5183861e-02   7.2232849e-01   2.7486138e-02  -2.3928748e-01  -4.7256592e-01   6.4073736e-01   1.0378433e-01  -1.4007048e-01  -1.2370362e-01   7.6455755e-02   4.7169233e-01   1.7672690e-02   1.2584993e-01   1.6726466e-01   1.0477786e-01  -2.4612204e-01  -6.5974032e-02  -3.1074154e-01   4.8432175e-03   3.5912502e-03  -1.8624785e-01   2.0109663e-01  -7.0345014e-02   4.0969477e-01   2.0007072e-01  -3.9505411e-01   3.6171907e-01  -2.4500116e-02   2.6066256e-01  -9.8462627e-02   2.2524215e-01  -1.6730787e-01   1.6300843e-02  -1.4001093e-01  -3.2793370e-01   1.1595333e-01   4.0349597e-02  -4.4640563e-01   1.5758060e-01  -3.3652332e-01   4.5930381e-01  -3.1728069e-02   8.4421068e-02  -1.8238976e-01   2.0683654e-01  -4.9722340e-02  -2.7566506e-01  -3.0234616e-01  -5.4933788e-03  -1.0323947e-01  -3.9673723e-01  -2.7776368e-01  -5.1322310e-02  -1.8162627e-01   3.9129333e-02   1.3086054e-02   2.7831424e-01  -1.9149647e-01   1.8849868e-01   5.7268033e-01  -6.6085702e-03  -3.9793809e-01   9.0445868e-02   1.2067170e-01   4.8612850e-01  -1.4718946e-01   2.6815298e-01   4.3563337e-02   3.5022384e-01   4.5984825e-01  -4.1985555e-01   6.5293480e-02   1.1123538e-01  -1.8271816e-02   3.1031047e-01   1.4114328e-01  -1.2014076e-01  -1.4255000e-01   3.8068554e-01   2.4790495e-01   1.6032130e-01   4.9138992e-01  -3.3448060e-01   8.6767631e-02  -1.6498835e-01  -1.5023966e-01   2.5029998e-01  -2.8119165e-01   1.7229941e-01  -9.8672255e-02   2.3799837e-01  -2.7847520e-01   1.5529102e-01   1.8422148e-01   2.0231933e-01   6.6080769e-02  -4.5932869e-01   4.7078107e-01   1.4017755e-01   4.2306214e-01   3.5284981e-01  -1.0226069e-01   1.4383897e-01   3.9052609e-01  -8.8807910e-02   3.8433986e-01  -1.8508362e-01   7.3641744e-02   1.2879976e-01  -4.0136466e-01   9.9116965e-02   3.5069186e-02   1.0053455e-01  -3.6326892e-01   1.4908101e-01  -2.5730770e-01   5.4046041e-01  -1.5877489e-01   6.1491188e-01   6.5832667e-02  -3.7552443e-01   4.4589706e-01   9.7628615e-02  -1.0983642e-01  -5.4983896e-01  -1.5592378e-01  -2.1772333e-01   2.9947874e-01   1.3507752e-03  -5.1407869e-02  -1.9848628e-01   1.7103046e-01
  -3.6357940e-01   4.2083292e-01   4.5572938e-01  -1.0581735e-01   3.8956478e-01   1.5638419e-01  -4.9528875e-02  -2.2083618e-01   3.4873088e-01   3.2851767e-02  -3.0020533e-01   0.0000000e+00  -1.2335289e-01  -2.6306012e-01   1.3887181e-01   1.3334660e-02   3.7491271e-01  -1.2528002e-01  -7.4615417e-03   1.5626324e-01  -2.1247824e-01  -2.7338738e-01  -1.8174050e-01  -4.3143711e-01  -1.1199041e-01   2.0949924e-03   4.5494871e-01  -3.5149265e-01   2.4086638e-01  -1.2865203e-01  -1.0615710e-01  -1.5189063e-01   3.1819336e-02   7.6583707e-02  -1.6068028e-01   1.7751358e-01  -2.1652864e-02  -4.9439704e-01  -1.0087583e-01   4.5686772e-01  -3.5277133e-02  -2.1280147e-02   4.1339468e-01  -1.6777966e-01   1.3116701e-01   1.9712156e-02  -2.1821913e-01   1.7148807e-02   4.5140683e-02   2.8542866e-01  -2.2343340e-01  -1.5460226e-01   4.4930904e-01  -1.6688572e-01  -2.3657301e-01  -2.7725075e-01  -2.1187323e-01  -1.6551373e-01   6.0423246e-02   1.4025158e-02   5.1098632e-02   2.4475145e-01   3.1762155e-01   5.9482627e-02   1.5144344e-01   2.6667986e-01   1.3035992e-01   5.6858794e-02  -9.5502072e-02   1.7483144e-01   3.3416062e-01  -1.5312233e-02   1.4203356e-01  -2.8804248e-01   5.1488637e-02  -2.7872767e-01  -2.9561160e-02  -6.5568638e-02   3.3908073e-01   4.4710017e-02  -3.5265366e-01   5.1625031e-02   2.1904715e-01  -1.2988975e-01   1.8650390e-01  -3.9025506e-01   3.6801354e-02  -3.4662082e-01   2.6193131e-01  -3.7312541e-01   2.4314626e-01   8.3366476e-02   6.0162113e-01   1.5668221e-02  -1.1924472e-01   3.9822962e-01   9.4976083e-02  -1.2044004e-01   1.7413018e-01  -7.0648482e-02  -5.9283858e-02   1.7939252e-01   6.3741244e-02  -2.4512642e-01  -2.6307620e-01   5.6936968e-03   1.3256420e-01  -6.9289740e-02  -3.5333529e-01   6.0521836e-02   4.1697064e-01  -3.0287257e-01   1.0003147e-02  -3.6764667e-01  -4.0436374e-01   2.2747714e-01  -5.0152416e-02  -6.5763061e-02   2.1097096e-01  -1.3753084e-01  -3.7614828e-01   4.0085565e-01   3.6094161e-01  -8.9587637e-02  -1.5639382e-01  -3.1688792e-01  -2.7656854e-01   4.2111689e-02  -8.9373190e-02   4.2561298e-01  -7.1752231e-02   2.2416866e-01   1.0211559e-01  -1.1895956e-01   2.5639847e-01  -1.1715281e-02  -3.5843233e-04  -2.6066149e-01  -1.0562499e-01  -3.4137113e-01  -3.1371060e-01   1.6188224e-01  -3.1957909e-01   1.0034092e-01  -2.0966146e-01  -2.0883879e-02   2.9063453e-01   2.7236408e-01   1.1287641e-01   2.7442106e-02  -2.0089059e-01   4.1336598e-02  -1.2333230e-01   2.0304416e-01   5.6856435e-01  -4.4463630e-01  -2.1260221e-01  -6.0037211e-03   5.6572950e-02  -1.5195872e-01   4.2013671e-02  -2.7479094e-01   2.9575768e-01  -1.6438766e-01  -2.5266296e-02   4.7535669e-01   1.6436433e-01  -8.5754810e-02  -8.5454524e-02   3.2814579e-01   4.9502939e-01  -2.7343337e-01   5.3305419e-02   1.0802088e-01   2.3180797e-01   1.7320985e-01  -8.6327488e-02
   6.6465451e-02  -3.2067911e-01   1.0849572e-01   1.9661096e-01   1.5939326e-01   3.2656647e-01  -5.5220985e-02   1.6222750e-01  -2.8274337e-01   9.0397977e-02  -4.5683302e-02  -1.2335289e-01   0.0000000e+00   1.3867496e-01  -1.2586181e-01   4.6170067e-02   1.1916394e-01  -8.6864026e-03  -4.9696750e-02   3.1618671e-01  -2.4245211e-01   1.2669055e-01   2.7812702e-02   4.2016958e-02  -5.0814804e-02  -1.9289141e-02   1.4015161e-01   8.8655927e-02   1.9243023e-01  -1.2490571e-01  -3.4067601e-01   7.6159536e-02   1.5530464e-01   7.6031180e-02  -6.7218032e-02  -1.1309879e-01   9.6583146e-02  -1.8215987e-02   7.8264393e-02   2.2858815e-02   5.2598043e-01   2.4088611e-01  -3.4156136e-02  -2.4606679e-01  -1.4679099e-01  -2.9437409e-02   1.8903174e-02  -2.2172983e-01  -7.3575110e-02   1.0259047e-01   2.1078827e-01   3.1587940e-01  -2.8559760e-01   2.5380123e-03   1.2745571e-02   1.6418394e-01   1.8077765e-01   9.0907928e-02   8.6846885e-02   1.0174204e-01   4.0971617e-02  -4.2387356e-02  -1.5709504e-01  -3.4967888e-01  -3.4871687e-01   1.1506182e-01   8.7051862e-02   6.5610033e-02   1.8448274e-01   3.4486989e-02  -1.9738240e-01   2.6221851e-01  -7.2817247e-02   1.2616448e-02   1.6196817e-01  -4.2555384e-02  -9.7723824e-02  -4.1661767e-02  -1.4573225e-01   4.3654230e-01   2.0201698e-01   6.6826323e-02  -2.6944818e-01   1.3277485e-01  -9.2506517e-02  -2.5010796e-02  -3.6513688e-01   7.0340254e-02  -1.4524884e-01   1.1847745e-01  -5.0002069e-02   1.2491488e-01   1.6531050e-01  -2.1077491e-02  -3.1661517e-02   1.6039925e-01   2.2177359e-01   1.3569044e-01   1.7830779e-01  -9.4303187e-03  -9.2006966e-02  -1.1155306e-01   2.2300985e-01  -4.9675846e-02   1.8998796e-01   1.4396316e-01   1.9395854e-01   3.1923099e-01   1.3820586e-01  -1.3717633e-01   1.5483879e-01   1.4445391e-01   1.6111264e-01   2.0701849e-01   2.1619138e-02  -1.9542578e-01   1.3809404e-01   3.3576083e-01  -4.8412884e-02   2.3499288e-01  -8.0247648e-02   1.0192577e-01  -1.1659785e-01  -3.4574489e-01  -1.2653753e-01   1.9801648e-01  -4.0637715e-02   2.1124754e-01   1.7439436e-01   2.5944952e-02   1.9833630e-01  -3.0744611e-01   3.2561583e-02  -2.1126827e-01   1.8474663e-01  -1.3222696e-02   3.2929200e-01  -1.2848669e-02   7.9861032e-03   2.2468068e-01   6.8809161e-03   1.6878507e-01   1.7944467e-01   3.2197318e-02  -4.6687059e-02  -3.1514722e-01  -2.0002411e-03  -3.3815637e-01   1.0064429e-01  -2.1377188e-01   7.3335792e-02   2.1767419e-01   2.7832619e-02  -2.9157134e-01  -3.8033084e-02   7.4914137e-03   1.4279845e-02   3.1423574e-01   1.4084382e-01   2.2543317e-01   1.7990254e-01  -2.6600467e-02  -2.1518883e-01   1.6884472e-01   1.0989661e-01  -1.8230622e-01  -1.1939251e-01   1.3728532e-01   2.0052132e-01  -8.7309117e-02  -1.6114751e-01  -1.7470591e-01   3.4007231e-02  -4.5676213e-02   1.6523205e-01  -5.5180089e-02   1.6197429e-02
   2.8638158e-01  -1.2208006e-03  -1.2656206e-02   3.4849493e-02  -3.9430882e-02  -1.7297010e-01  -3.1181798e-01   7.1256370e-02   1.4529452e-02  -4.6275287e-01  -1.9043557e-01  -2.6306012e-01   1.3867496e-01   0.0000000e+00  -4.3836987e-01  -1.8779088e-01   9.0094414e-02  -2.5141567e-01  -1.2754734e-02   7.1969224e-02  -2.1745682e-01  -8.0646042e-02  -3.8143010e-01   2.9720754e-01   2.0828870e-01  -1.0230154e-01  -5.7417641e-02   3.7686637e-01   2.8431509e-01  -1.7809929e-01  -1.0517830e-01   4.7775320e-05   1.6127672e-01  -4.3661730e-01  -3.0116075e-02  -2.1824076e-01  -7.5158552e-02   2.3191648e-01   7.9506236e-02   2.1380629e-02  -1.1120085e-01   1.8863165e-01  -1.3059632e-01   2.3832938e-01  -3.7028559e-01   9.8249858e-03  -9.4150978e-02   2.1136605e-01   3.6855118e-02   1.4912618e-01  -1.6693663e-01   2.2376449e-02  -1.8897346e-01   1.8536438e-01   4.9083280e-01   5.2884716e-02   8.4127835e-02  -2.3310604e-01  -1.0245614e-01  -3.2850186e-01   1.7660624e-01  -1.2472699e-01  -1.1185877e-02  -5.2541760e-02  -2.6950170e-01  -4.2325937e-01  -3.9184505e-02  -1.4043541e-02   3.4415917e-02  -4.4633500e-02   2.7069541e-02  -1.1299762e-01  -1.5449762e-01   2.5365751e-01  -1.4868909e-01   9.9082895e-02   1.3959624e-01  -1.6732834e-03  -1.6968256e-02   2.2042156e-01   4.7762400e-01  -2.2201541e-01   1.5716221e-01   1.1561206e-01   4.5345603e-01   8.7880524e-02   7.2572468e-02   3.7916074e-01   9.8011047e-02   1.8167614e-01  -5.6686100e-02   1.6499575e-01  -3.0068295e-01  -2.6204047e-01   1.5084607e-01  -5.8034337e-02   1.2107271e-02  -1.2020642e-01  -5.9949082e-02  -3.9267572e-01   4.6911265e-01  -4.9646392e-01   3.5465601e-01  -1.4720776e-01  -1.8635332e-01  -9.2460891e-02   3.2877765e-01  -1.0079817e-01  -9.1808261e-02  -1.4928129e-01  -2.4263645e-01  -6.4049078e-02   8.1768586e-03   6.1408438e-02   2.8510260e-01   3.3135373e-02   1.0472593e-01  -1.3800559e-01   1.5885553e-01   3.9411943e-02   2.7013212e-01  -5.7522327e-02  -1.2263886e-02  -1.1307142e-01   1.7379701e-02   3.7396171e-01  -1.1751882e-01   2.1926106e-01  -8.7234478e-02   2.1912832e-02   5.5338676e-02  -4.7808548e-01   5.1481355e-01  -3.4436450e-02  -5.9517391e-02  -1.5407549e-01   1.6180437e-01   5.2843573e-01  -2.2646916e-01   1.7397412e-01   4.2250894e-01   6.3228187e-02  -5.8879070e-02   3.2016809e-02  -2.7211266e-01  -3.4215376e-01  -2.6080094e-01  -1.3719651e-01  -3.4891193e-01  -2.4156320e-01   2.3852138e-01   4.5325401e-01   2.8689012e-01  -2.0483622e-01   1.7756355e-02   2.7261661e-01   2.2292696e-01  -2.3693294e-03   1.7555868e-01   4.5703920e-01   2.2196175e-01  -2.4330811e-02  -1.7503936e-01  -6.9827777e-02  -2.5585638e-01  -2.9800934e-01  -3.5679491e-01  -5.5149243e-02   3.5242729e-01   4.2353058e-02  -2.8633989e-01   3.3646426e-01  -1.5413085e-01   3.4084485e-02  -1.6132776e-01   5.6888287e-03  -3.4489109e-01
