   0.0000000e+00  -2.6797691e-01  -1.6114027e-01   1.4458363e-01  -2.5168791e-01   1.1274450e-01  -7.9628384e-02   2.9268571e-01   2.9591638e-04  -1.2954170e-01   2.7912931e-01  -2.9383786e-01  -1.4547289e-01   4.0473270e-01   3.1709070e-01   2.0130441e-01  -2.2878884e-01   7.4618374e-02   1.7448506e-01  -9.0658791e-02   1.0207300e-02   1.1820346e-01   7.1642073e-03   3.3626366e-01   8.9753352e-03   1.3319684e-01  -3.7757059e-01   1.9511133e-01   5.5492833e-02   1.5342652e-01  -7.1966948e-03   1.1237605e-01   1.2515982e-01  -5.0744624e-02  -4.0125948e-02  -1.8765789e-01  -1.3262531e-01   2.1249137e-01   2.2564228e-01  -2.7155045e-01   7.5344338e-02   1.2863815e-01  -6.7822503e-02   3.9237032e-02  -1.4261791e-01   3.0200333e-01   2.5981888e-02  -5.6332701e-02  -7.1068285e-02  -2.9692692e-01   1.5902082e-01   1.0956746e-01  -2.3062664e-01   1.5563872e-01   2.6786055e-01   5.9061263e-02   2.0583163e-01   2.2352597e-01   1.6748437e-01  -6.1020366e-02   4.1363176e-02  -2.1759333e-01  -2.0246340e-01  -2.8271764e-02  -1.9868404e-01   1.6106177e-01   1.1084827e-01   7.3282598e-02   1.3109104e-01   7.8298634e-02  -2.3487282e-01   9.2249031e-02   6.5932406e-02   2.8959831e-01  -1.2286748e-01  -2.7670582e-02  -2.9773068e-02  -1.2611391e-01  -2.2019385e-01  -3.2600417e-02   2.1060368e-01  -4.2551117e-02  -1.2925013e-01   3.2186675e-02   1.9299915e-01   1.4259150e-02  -1.5952372e-01   4.8312607e-01  -9.0748320e-02   5.9222955e-01  -2.3669403e-01  -3.1600489e-02  -8.9353841e-02   2.9692384e-01   3.2571610e-01  -3.3675025e-01  -1.0815315e-01   2.6078448e-01   1.5001307e-01  -1.7228601e-01   1.9824951e-01   3.0049076e-01   2.1094497e-01   1.1785073e-01   2.0540565e-01   3.1510823e-01   5.9224834e-02   7.7575550e-02  -1.4489350e-01   3.9590262e-02  -1.3669559e-01   1.2056054e-01  -3.7163133e-03   6.5028967e-01   3.7796993e-01  -3.0386053e-01   4.9194727e-02  -1.2111381e-01   2.3800545e-02   1.3705171e-01   3.1551396e-01  -3.0208376e-01  -7.9203356e-02  -5.2203188e-02   3.6717579e-01   1.2549404e-01   1.8380898e-01  -2.1545522e-01   2.0842679e-01  -1.2564755e-01   3.5683931e-02  -1.6032350e-01   3.0560930e-01  -4.5790068e-03   7.8532033e-02   6.7407742e-02  -7.3365499e-02   3.4750308e-01  -8.2237720e-03   3.1559574e-01   4.7087445e-01  -9.6881301e-03   1.6484837e-01   1.2502192e-02   1.8733324e-01   1.6011738e-01  -2.3509271e-01   5.2131806e-02   1.5318742e-01  -2.8255801e-01   4.1329681e-01   5.1562457e-02   3.2373246e-01  -1.2004605e-01  -1.1023316e-01   3.8286977e-01   3.1632563e-01   3.3097782e-01   6.6620239e-02   9.0560821e-02  -5.3934673e-02   7.7336929e-02  -1.2600674e-01   1.0147560e-01   1.4658778e-01  -2.3001170e-01   4.9784678e-02  -1.7040318e-01   3.2266623e-01  -1.7465377e-01  -1.9722933e-01   9.3979290e-02  -3.1939672e-02   1.5637604e-01  -3.6032774e-01  -6.9117323e-02   1.9052184e-01
  -2.6797691e-01   0.0000000e+00   4.7336899e-01  -3.6431664e-01   4.2912620e-01  -2.0464747e-01   8.0051424e-02  -4.7260161e-01   7.2070059e-02  -9.9544160e-02  -5.5173520e-01   3.1736251e-01   1.5151925e-01  -3.7635570e-02  -9.9502480e-03  -3.1056960e-01   5.5282644e-01  -2.5528585e-01  -2.2245971e-01   3.2976950e-01   1.3709021e-01  -2.8596974e-01  -1.5211938e-01  -3.3200940e-01   3.2059825e-02  -4.9444752e-02   1.8962542e-01  -4.9352244e-02   1.1281201e-01  -6.5977197e-02   1.9277071e-02  -3.6878961e-01  -2.9844719e-01   3.6241343e-01   1.7502086e-01   1.4594796e-01  -2.1615005e-02  -4.1331311e-01  -2.4679496e-01   4.9486235e-01   4.0384207e-02  -1.4151645e-01   5.9693720e-02   1.2070531e-04   6.7153750e-02  -3.1311562e-01  -3.8666226e-01   1.6504594e-01   2.9422085e-01   3.0755974e-01  -4.9441914e-01   1.2418890e-02   4.6648647e-01   1.5279840e-03   6.2332450e-02  -4.2875335e-02  -3.7756354e-01  -4.4707142e-01  -3.6988289e-01   3.6729630e-01   1.3647937e-01   1.1612986e-01   2.4232636e-01   5.0387286e-02   6.9629435e-02  -1.9381627e-01  -2.3466046e-01   6.7928184e-02  -5.4303745e-01   2.5903467e-02   5.9013164e-01  -3.6133421e-01  -2.1177777e-01  -1.5864059e-01  -2.3691378e-01  -3.9460899e-01  -1.0880664e-01   3.8519114e-02   5.4591896e-01  -2.6471816e-01   3.2323838e-02  -1.5842420e-01   2.5807427e-01  -1.2012579e-01   2.5721466e-01  -4.2850774e-01   4.8784215e-01  -2.7489918e-01   7.1314506e-02  -3.5447649e-01   4.3363485e-01   1.1921563e-01   1.4884745e-01  -2.5579271e-01  -3.5399056e-01   4.5074817e-01  -1.0675183e-01  -2.6967637e-01   1.7102326e-01   2.5711307e-01   1.4295367e-01  -2.3289231e-01  -5.3678791e-01   2.5530638e-01  -5.1519704e-01  -4.0100891e-01   4.3937529e-02  -2.3489260e-01   6.9376870e-02  -3.6044124e-01   2.0764100e-01  -3.8008326e-01  -2.4861644e-01  -3.5460797e-01  -1.5399461e-01   4.7001899e-01  -3.5146279e-02  -1.2532663e-01  -1.7487790e-01  -3.6080311e-01  -3.0018225e-01   5.4277795e-01   1.7484214e-01   2.8400723e-01  -1.4187140e-01   1.1676617e-02  -2.2360260e-02  -1.6944496e-01  -5.9687143e-01   3.9656136e-01   8.9471866e-02   1.2357328e-01   8.7301087e-02  -3.9831013e-02  -2.6793483e-01  -5.6465031e-01  -2.9191027e-01  -1.9624426e-01  -4.0221941e-01  -3.2624515e-01   1.1875300e-03  -8.1712496e-02  -4.4081813e-01   5.0987895e-03  -1.2438294e-02  -4.9768899e-01   1.9480758e-01  -2.7552462e-01  -2.5467931e-01   1.2497065e-01  -2.3527996e-01   7.5498875e-02  -1.2319377e-01   7.8200986e-02   3.7541956e-01  -2.3221558e-01  -2.4575223e-01  -9.2933134e-02  -3.1620828e-03  -3.2335645e-02   1.8639368e-01  -4.7424134e-01  -4.0277718e-02  -5.1746049e-01  -3.0446696e-01   4.0159975e-01  -3.2570429e-02  -2.4096333e-01  -2.0739915e-01   3.5219621e-01   5.0255480e-01  -2.6609212e-01  -1.8981322e-01  -2.9041412e-01  -1.0650947e-04   3.6174829e-02  -2.4024936e-01
  -1.6114027e-01   4.7336899e-01   0.0000000e+00  -3.5082476e-01   1.1832217e-01  -2.7037100e-02  -2.5269069e-01  -1.8250480e-01   1.2598842e-01  -2.2814197e-01  -5.4711150e-01   6.1564824e-01  -1.6644755e-01  -1.1774432e-01  -4.9969507e-02  -1.3218113e-01   8.5674165e-01  -5.5468365e-01  -9.1302493e-02   2.6848645e-01  -1.0736362e-01  -1.7625730e-01  -4.3660462e-01  -2.1381078e-01   3.8431303e-04  -8.0871475e-02   7.6678104e-02  -1.3500827e-01   1.9848310e-01  -4.4421398e-01  -9.3396568e-03  -2.9190639e-01  -1.3396186e-01   2.1458691e-01   4.2813992e-01  -1.9911292e-01  -2.0693197e-01  -2.5970672e-01  -2.2160928e-01   8.0083057e-01  -2.8979011e-01   9.2290004e-02  -5.4629765e-02  -2.1940877e-01  -9.1245853e-02   6.8008432e-02  -4.0239966e-01  -3.5637650e-01   1.7944362e-02   7.2437984e-01  -5.8741656e-01  -9.6966447e-02   1.4381825e-01   3.5353220e-01   2.0756399e-01  -8.6681588e-02  -3.8126674e-02  -2.9394366e-01  -3.9542700e-01   5.5312408e-01   6.4941880e-01  -6.5170904e-02   2.3576214e-01  -1.7867607e-01  -2.4024135e-02  -4.3662388e-01  -2.2370757e-01   7.4950879e-02  -4.9879918e-01   4.4820560e-01   2.8358168e-01  -4.7213932e-01  -3.2740201e-01   2.3227724e-01   5.9243554e-02  -2.0059144e-01   2.5504100e-01  -3.3064160e-02   3.0131569e-01  -2.3658916e-01  -8.8252301e-02  -1.4149773e-01   3.4327463e-01   2.4643835e-03   6.8325573e-01  -2.7981649e-01   2.5813120e-01  -4.2749601e-02   1.6998235e-01  -1.6817098e-01   2.6562160e-01   5.6498822e-01   1.2091710e-01  -2.6977243e-01  -2.3368841e-01   6.0389832e-01  -7.1067984e-02  -1.6139799e-01  -5.9755959e-02   1.1083752e-01   1.4283697e-01  -2.8729200e-01  -4.6403400e-01   2.6389651e-01  -5.3878843e-01  -2.8673370e-01   2.7103513e-01  -3.0708006e-01   1.0865174e-02  -4.5852949e-01   3.3087357e-01  -3.7708538e-01  -2.7286033e-01  -1.3314074e-01  -2.3779922e-02   2.5568676e-01  -1.3907722e-01  -3.1617476e-01   2.2720963e-02  -2.7018376e-01  -1.3163805e-01   3.9991669e-01   3.2807323e-01  -2.3704742e-02  -1.0399924e-01   4.1412818e-01  -1.2611901e-01   8.1188481e-03  -3.8172396e-01   6.4690201e-01  -8.8104154e-02  -2.8285099e-01   4.0185860e-01  -1.9428197e-01  -5.7518703e-02  -3.5762722e-01  -1.8606865e-01  -2.8467125e-01  -2.3370579e-01  -1.7256198e-01  -5.2478804e-02  -1.8616594e-01  -2.7205601e-01   3.1605168e-01  -1.3942174e-01  -4.6425604e-01   2.9595114e-01  -5.4422168e-01  -3.7605953e-01  -8.5503114e-02   2.0193882e-01  -1.1534728e-01  -3.2595548e-02  -2.5224270e-01   7.7355511e-01  -2.2841821e-01  -2.0616124e-01  -1.9511130e-01   3.3742962e-01  -3.0324098e-01   1.9671696e-01  -3.7483475e-01  -3.5830150e-01  -5.1905889e-01  -7.5236931e-02   5.4999195e-01  -1.5704566e-01  -1.0490137e-02  -2.1881726e-01   2.2775632e-01   4.1809731e-01  -7.2671677e-02  -3.6362965e-01  -2.7899364e-02   1.2302490e-01   1.5970499e-01  -1.7449750e-01
   1.4458363e-01  -3.6431664e-01  -3.5082476e-01   0.0000000e+00  -1.8539296e-01   1.8772700e-01  -3.4574537e-02   3.2473109e-01   3.6478136e-01   4.2138293e-02   4.9288706e-01  -2.9856399e-01   5.5308515e-02   9.2547234e-02  -1.8017712e-02   1.3940149e-01  -3.1915513e-01   4.8971494e-01   1.2129271e-01  -1.1235237e-01  -7.0005634e-02   2.0259545e-01   7.4436474e-02   2.6446304e-01   9.5778730e-02   2.8440013e-01   1.7343044e-01   1.1939688e-01  -1.1203180e-01   2.8958525e-01  -1.2488508e-01   4.5398009e-01   4.4708483e-01  -1.5887894e-01  -1.9534089e-01   5.2051977e-02   1.9722435e-01   7.9447626e-02   3.1271662e-01  -4.0003266e-01   1.8638794e-01   2.7847816e-01   7.0802173e-02   6.8205692e-03   8.5892135e-02   2.9568629e-01   4.1088319e-01   7.2943221e-02  -9.0885761e-02  -3.0517887e-01   5.6066622e-01   2.5653023e-01  -2.3099036e-01   2.1325313e-02   4.7892880e-02   9.4655865e-02   3.8147791e-01   4.1486823e-01   5.0211986e-01  -3.3815774e-01  -8.0978917e-02  -1.4928918e-01   7.6749631e-02  -8.9147282e-03   2.0280668e-01   1.3029849e-01   1.7123149e-01  -3.8824859e-01   4.1793764e-01  -7.2371307e-02  -2.5630180e-01   5.3365954e-01   2.4002911e-01  -6.8388055e-02   3.9999655e-02   2.8469394e-01   8.2688763e-02   4.4243933e-02  -2.6576467e-01   3.4102150e-01  -6.3915373e-02   2.5902307e-02  -1.7518069e-01   2.2780363e-01  -2.0982761e-01   2.5878287e-01  -1.8485917e-01   2.4688646e-02  -1.3474038e-01   1.8538148e-01  -1.4331042e-01  -4.9988775e-02  -4.6516791e-02   2.5233875e-01   4.0500344e-01  -3.3391164e-01  -1.3496098e-01   2.7584437e-01  -2.4907811e-01  -1.4867906e-01  -1.6399532e-02   2.4825442e-01   3.5056898e-01  -1.0587818e-01   4.8500135e-01   3.9724305e-01  -1.7022115e-01   2.1318417e-01   2.5183097e-05   2.3457291e-01  -2.0198320e-01   3.5416070e-01   3.2921443e-01   2.2439085e-01   2.1012252e-03  -1.1899889e-01   2.5251215e-01   9.6249020e-02   1.7594791e-01   6.9841654e-01   2.5010648e-01  -3.1879083e-01  -4.0797934e-01  -1.1237587e-01   2.1330100e-01  -9.5824135e-02   1.2873328e-01   2.5320402e-01   4.8373675e-01  -1.9717264e-01  -1.8897347e-01   9.1932080e-02  -1.1221025e-01   5.4490554e-02   3.3330231e-01   3.2123394e-01   2.0057088e-01   1.7667070e-01   4.2550689e-01   3.3241218e-01   1.6463501e-01   3.0732213e-02   3.8613599e-01  -5.5045924e-02  -2.8318582e-02   3.6814486e-01  -2.4416591e-01   3.2605769e-01   2.8835072e-01  -1.8094497e-02   9.8218970e-03   4.5448990e-02   1.5784982e-01   3.1550232e-02  -2.4012904e-01   2.0463021e-01   2.9318764e-01   3.0186959e-01   4.4673210e-02   1.2311383e-01  -4.2215054e-01   2.5652282e-01   6.3623090e-02   6.2078179e-01   2.8846413e-01  -1.6500893e-01   1.8381397e-01   2.0309428e-01   1.9617090e-01  -1.2072456e-01  -2.0657861e-01  -1.0339764e-01   1.6573334e-01   2.2330032e-01  -5.9875975e-02  -2.2158934e-01   2.3153988e-01
  -2.5168791e-01   4.2912620e-01   1.1832217e-01  -1.8539296e-01   0.0000000e+00  -1.3107902e-01   5.6501950e-02  -4.3801536e-01   1.5229305e-01   9.0078482e-03  -3.7721219e-01   2.4087096e-01   3.4458627e-01  -1.8332739e-01  -2.2713570e-01  -8.3106647e-02   1.5396642e-01   9.1434010e-02  -6.9715284e-02   6.2272531e-01   2.4967976e-01  -2.6730959e-01  -5.8442113e-02  -1.6191572e-01  -1.0288623e-01  -1.2004645e-01   2.8251347e-01  -2.3887137e-01  -5.4396123e-02  -1.4413655e-01   1.4644174e-01  -1.5225585e-01  -3.0661185e-01   1.7662373e-02   1.8247353e-02   5.1138428e-01   1.3098772e-02  -2.7390848e-01   8.0414821e-02   3.1775383e-01   3.0532074e-01  -2.1192802e-01  -3.3263719e-02  -1.0494118e-01   1.0567982e-01  -3.6591952e-01  -1.1044516e-01   1.5280199e-01   4.5430200e-01   1.0431857e-01  -2.6652879e-01   6.0261085e-02   4.7879389e-01  -6.3873873e-02  -2.0808084e-01  -2.8450600e-01  -4.9866468e-01  -3.8388373e-01  -1.0628334e-01   4.1503998e-02  -2.0719256e-02   4.0118781e-01   4.1410818e-02   1.2530055e-01   2.3519740e-01  -8.0714105e-02  -9.7285907e-02   1.4088844e-01  -3.8370704e-01  -3.0434303e-01   3.6875778e-01  -1.8527263e-01   2.4273868e-01  -2.8073539e-01  -1.8615523e-02  -3.7353110e-01  -1.6940032e-01  -1.3668080e-01   6.3904724e-01   9.3802753e-02   6.8276444e-02   1.0315969e-01   1.9336389e-01  -1.1781984e-01   2.9920271e-02  -3.6305252e-01   2.6860791e-01  -2.5868531e-01  -1.3033232e-01  -2.6278837e-01   6.6839876e-01  -1.4136266e-02   1.6379092e-01  -1.8730992e-01  -2.4384607e-01   5.0332755e-01   1.5112495e-01  -1.1393436e-01   3.9795737e-01   4.0730918e-02  -1.3282427e-01  -2.7181960e-01  -2.9380244e-01   1.2985902e-02  -3.2421907e-01  -3.1066450e-01  -1.4332381e-02  -1.6670507e-01  -2.1624564e-02  -1.1943546e-01   1.5800373e-02  -3.5919034e-01  -1.7052117e-01  -3.6367168e-01  -3.1495920e-01   6.6027893e-01  -9.8687216e-02   2.2180027e-01  -3.6641646e-01  -2.5176512e-01  -3.0624654e-01   6.3031485e-01   1.1679504e-01   4.6827642e-01  -1.0896336e-01  -1.5265874e-01  -7.2544576e-02  -7.7199666e-02  -3.6219795e-01  -1.5787016e-02   3.9226179e-01   3.3387368e-01  -8.7511431e-02   1.4629151e-01  -1.6069991e-01  -4.1756079e-01   5.0699242e-02  -2.6936991e-01  -3.3514381e-01  -1.8460734e-01   3.6474489e-02   2.5946993e-01  -3.1422813e-01  -2.5991405e-01  -5.1539735e-02  -9.4794154e-02   8.9060403e-02   7.8620925e-02  -2.3544982e-01   1.1865605e-01  -1.6044515e-01   6.3303211e-02  -1.8359810e-01   3.0783400e-01   1.0324313e-01  -1.9382446e-01  -2.8561834e-01   4.7374092e-02  -3.6427801e-02  -2.1128368e-02   3.3661994e-01  -3.0825104e-01   1.8931884e-01  -1.8677216e-01  -2.2596973e-01   2.3734676e-01   3.8132015e-03  -2.6084020e-01  -2.3422986e-01   4.2273969e-01   4.8058915e-01  -2.7454574e-01   1.7229180e-01  -3.7799580e-01   6.4748034e-02   1.8197529e-01  -3.5653685e-01
   1.1274450e-01  -2.0464747e-01  -2.7037100e-02   1.8772700e-01  -1.3107902e-01   0.0000000e+00  -1.0456971e-01   1.7079320e-01  -1.9716137e-01   1.3006427e-01   1.8991127e-01  -1.8781367e-01  -1.2990699e-01  -6.9184711e-02   5.9258878e-04   2.0151689e-01  -1.1084621e-01   1.6750626e-01   2.0178055e-01  -3.3829346e-02   6.2466876e-04   3.2221291e-01   2.4250253e-02  -9.7697052e-04  -4.1044350e-02   3.6669775e-01   1.5728160e-01   4.1518713e-01  -8.1677674e-02   2.6811187e-01  -1.0751938e-01   9.5159998e-02   2.9454505e-01  -2.7838015e-01  -2.3277426e-01   8.2220405e-02   1.1523069e-02  -4.7776806e-02   1.0545560e-01  -7.8837538e-02   2.8793830e-02   2.4879869e-01   9.4876887e-02   3.2423623e-01  -4.2788173e-02   3.2455018e-01   4.3704199e-01  -8.1390135e-02  -3.8886905e-02  -5.3264723e-02   1.9178455e-01   2.7268557e-01  -9.9093930e-02   2.5150321e-01   3.4070320e-02   1.5911631e-01   3.7715451e-01   2.8308711e-01   3.9122092e-02  -1.1337581e-01   3.1815390e-02  -1.1279836e-01   8.4086308e-02  -3.0852777e-01  -1.5067976e-01   1.9200046e-01   4.2750546e-01  -1.0937087e-01   2.9221731e-01   4.0615735e-01  -2.8587735e-01   1.6182771e-01  -6.2361274e-02   3.4743054e-01   1.1837681e-02  -9.4850380e-03   2.0091922e-01   2.9770965e-01  -3.2845083e-01  -7.2734784e-02   3.8373858e-01  -1.1208589e-01   3.0562535e-02   1.5413151e-01  -4.5749931e-02  -9.2513522e-02  -3.8379528e-01   2.4458224e-01   2.1558175e-01   1.0242761e-01  -4.7010432e-02   1.5646902e-01   4.0548889e-02   1.4492243e-01   1.6757797e-01  -1.0909274e-01   1.5330872e-01   3.0474220e-01   4.7267210e-02  -2.6528306e-01  -1.2834398e-01  -2.0844689e-01   3.0724430e-01   8.2315415e-02   2.1143062e-01   1.5691348e-01   1.0199429e-01   4.4865782e-01   1.0882989e-02   3.1160114e-01  -2.4525445e-01   3.8369870e-01   2.5309253e-01   2.7433414e-02   3.8717411e-01  -2.4351207e-01   2.2844902e-01  -6.9506422e-02   2.2505533e-01   2.5430227e-01   2.8583277e-02  -1.5891233e-01  -3.2370439e-02  -1.3150467e-01   2.2300992e-01   2.5593176e-01   1.1164454e-02  -1.0177729e-01   1.9603134e-01   7.9110612e-02   3.6500307e-02  -1.7482271e-01   1.4184604e-01   3.1604238e-02   2.4508979e-01   1.4986436e-02  -4.0822016e-02   2.4246263e-01   4.2399593e-02   1.1907589e-01   3.9486620e-02  -1.7710058e-01   4.6615365e-02   4.8084551e-01  -8.9885220e-02   4.4932958e-02  -1.5766484e-01   2.9735396e-01   2.1472737e-01  -1.8275202e-01   2.9651940e-01   3.1251880e-01   1.0036012e-02  -7.6345115e-02   1.1808544e-01  -2.4242721e-02  -8.0135703e-03   3.3078014e-02   1.1308830e-01   3.0079725e-01  -1.0793128e-01   1.1107576e-01  -6.0186816e-03   2.6916694e-01   2.8562832e-01  -3.1766739e-01  -1.8631447e-01   2.2992617e-01   6.0348828e-02  -2.2860629e-02  -3.9862145e-02  -1.1867645e-01   1.6213590e-01   4.5928137e-01  -9.9101116e-02   9.8481758e-03   3.5495177e-01
  -7.9628384e-02   8.0051424e-02  -2.5269069e-01  -3.4574537e-02   5.6501950e-02  -1.0456971e-01   0.0000000e+00  -1.0900438e-01  -1.0742325e-01   3.5777662e-01   4.1625609e-02   2.5955710e-01   1.6783560e-01   4.4532422e-02   3.2961508e-01   6.5966124e-02  -3.8577636e-01   1.7990412e-01  -1.8647006e-01   1.8679102e-01   1.5389005e-02  -1.9007462e-02   6.9171459e-01  -2.4458119e-01   1.9889730e-01  -2.0790159e-01  -2.0216589e-02   1.3287527e-02  -8.2860667e-02   1.8059015e-01   1.3644669e-01  -4.3805235e-02  -1.6006919e-01   5.2007005e-01   2.9264968e-01   3.1601709e-01   6.8929983e-02  -1.6137424e-01  -1.7823719e-01  -6.0938824e-02   5.1862250e-02  -1.9415919e-01   4.2077184e-01   7.6573314e-02   9.8707085e-02  -4.7480594e-01  -8.3340612e-03   4.2343212e-01  -8.3322349e-02  -5.0400744e-01   1.0217886e-01  -1.9154471e-01   2.5893140e-01  -3.1345775e-01   1.9628860e-02  -3.0232471e-02  -3.1987320e-01  -1.1657664e-01  -1.1176876e-01   1.9336399e-01  -3.4591560e-01   2.2180078e-01   8.3762177e-02   1.1493998e-01  -2.2763182e-01   4.6277356e-01  -2.6216434e-01  -8.0205058e-02  -6.0313603e-03  -1.4727257e-01   2.2295763e-01   1.4718085e-01  -1.7804330e-01  -1.6294825e-01  -1.1586884e-01  -1.4886829e-01  -5.5029396e-01  -4.6157826e-02   1.7999909e-01  -5.4033817e-02   3.6345969e-01  -1.8652845e-02  -7.7203144e-02  -1.3952310e-01  -2.9169696e-01  -1.1379963e-01   1.5555919e-01  -7.2364251e-02   2.4691078e-02  -2.5497195e-01  -2.9347619e-01  -3.1613264e-01   3.4136006e-01   9.7182383e-02  -2.0644736e-01  -1.7828186e-01  -7.5314586e-02  -9.6471980e-02   3.2278613e-02   4.6749201e-01  -1.4304765e-01   2.1514175e-01   9.9371575e-02   1.1464658e-01   9.4977588e-02   4.9991920e-02  -5.2473767e-02  -7.1207454e-02   8.3174999e-02   2.7111856e-02   3.8272381e-01   2.5320948e-02  -4.1546501e-02  -5.2051526e-02   3.9497805e-02  -5.9131084e-03  -2.3507049e-01   6.6470934e-02  -2.5282527e-01  -6.1930444e-03  -2.1464804e-01   6.7914371e-02  -2.6715872e-01  -3.6264318e-02  -2.2137785e-01  -2.1132959e-01   2.7256355e-01  -2.0747567e-01  -1.1238084e-01  -2.0776173e-01  -2.8657909e-02   4.4829734e-01  -2.5358124e-01   8.8940475e-02  -4.0797649e-02  -1.0420715e-01   8.9041682e-02   8.6296221e-03  -2.3121702e-01   1.3062156e-01  -2.2330519e-01   1.1692950e-01  -7.1764101e-02  -3.2704734e-01   4.2911037e-01  -2.2228281e-02   6.8490141e-01   8.3470984e-02   1.2177589e-01   7.6006458e-02  -7.0577863e-02   1.6606401e-01  -2.0310674e-01   1.4485708e-01  -3.2970467e-01  -1.1996726e-01  -1.9680881e-02  -7.1935609e-02  -3.1052807e-01   5.4464215e-01  -8.4166935e-02  -2.2144862e-01   1.5052219e-01   4.0260156e-02  -3.1423226e-01   1.1000446e-01   2.0159527e-01  -1.7554233e-01  -1.8955494e-01  -6.0431495e-03  -7.7309348e-02  -2.7734359e-01   3.0334961e-02  -2.9788246e-01  -1.5416719e-01  -2.1040084e-01  -3.3627109e-02
   2.9268571e-01  -4.7260161e-01  -1.8250480e-01   3.2473109e-01  -4.3801536e-01   1.7079320e-01  -1.0900438e-01   0.0000000e+00   8.7472790e-02   6.0045756e-02   4.0041352e-01  -2.5670558e-01  -1.8985705e-01   1.5181101e-01   7.1262083e-02   1.9523414e-01  -2.6050497e-01   1.2411755e-01   6.6132571e-02  -2.4019267e-01  -4.1655983e-01   3.6592731e-01   2.8637174e-02   2.2072880e-01  -1.2643931e-01   2.9475402e-01  -1.5811784e-01   1.4653520e-01  -5.0170165e-02   9.2075090e-02  -2.9369546e-01   3.6248671e-01   4.3269667e-01  -1.4797110e-01  -9.8972604e-02  -2.6184924e-01  -1.3812938e-01   2.9732120e-01   1.8457132e-01  -2.9975437e-01  -1.4265744e-01   2.9596030e-01  -4.8036375e-02   5.0699312e-02  -8.6131982e-02   3.9369519e-01   3.0624482e-01  -1.8264538e-01  -4.1033600e-01  -1.5810687e-01   3.5942456e-01   2.0540000e-01  -4.7399843e-01   3.7706590e-02   1.8635353e-03   3.1080147e-02   4.7251863e-01   5.8741245e-01   2.6419652e-01  -2.3750720e-01   1.0996498e-01  -2.5520781e-01  -5.0635107e-02  -1.9569734e-01  -8.9627903e-02   1.3463803e-01   1.7583947e-01  -7.2576351e-02   4.7734050e-01   1.7682891e-01  -4.4600389e-01   2.9479368e-01  -6.8504018e-02   1.1456403e-01   1.5293610e-01   5.3770302e-01   2.6952221e-01   1.7248821e-01  -3.1837509e-01   7.7973702e-02   5.1149570e-02  -1.1782877e-01  -1.7568719e-01   3.7065826e-01  -1.4149173e-01   4.6795182e-01  -4.3120526e-01   2.0391567e-01   1.0357809e-01   2.6715444e-01  -3.5889342e-01   1.2793674e-03  -2.1485469e-01   3.4023604e-01   6.0028509e-01  -2.9665156e-01   7.4297851e-02   3.7539743e-01  -8.1850519e-02  -2.5075822e-01  -1.0074316e-01   1.3827022e-01   4.5081063e-01  -9.8340456e-02   4.8663714e-01   4.2975869e-01   3.1638287e-03   4.1573176e-01  -1.8177920e-01   1.1570364e-01  -1.9221029e-01   3.4039091e-01   3.3972904e-01   4.0467542e-01   2.5164040e-01  -4.0493026e-01   1.9911699e-01  -2.7609842e-01   1.5499240e-01   4.0201662e-01   4.2082537e-01  -3.5774846e-01  -9.7969419e-02  -4.0556572e-01   3.7529572e-01   9.4179042e-03   2.7320645e-02   4.8681934e-02   6.2028071e-01  -3.3092636e-01  -2.2153762e-01  -2.4774360e-01  -5.6189862e-02  -1.7531383e-01   3.3000374e-01   5.1821142e-01   5.8925781e-03   6.8378659e-02   4.1284644e-01   3.4780299e-01   1.2157930e-01  -1.8102918e-01   4.3180223e-01   7.7757508e-02   3.7604658e-02   3.3523558e-01  -1.1872450e-01   9.8681103e-02   2.3878854e-01  -2.2281052e-01   2.3442856e-01   1.5748643e-01   8.7160621e-02  -2.6596370e-01  -1.5211455e-01   3.2247421e-01   4.5572842e-01   1.7883541e-01   1.5320435e-01   9.3307793e-02  -2.0864855e-01   3.6175743e-01  -2.4909424e-01   3.8779765e-01   4.6051676e-01  -2.8239971e-01   8.5944400e-02   1.6594212e-01   3.2798577e-01  -4.4368768e-01  -2.2404028e-01   2.0425028e-01   4.2582298e-02   2.9347250e-01  -1.5608701e-01  -4.3826091e-02   3.5792204e-01
   2.9591638e-04   7.2070059e-02   1.2598842e-01   3.6478136e-01   1.5229305e-01  -1.9716137e-01  -1.0742325e-01   8.7472790e-02   0.0000000e+00  -1.9819789e-01  -4.1764071e-02  -4.0920964e-02   1.6991064e-01   1.9950638e-01   9.8117698e-02  -1.4043727e-01   1.5994905e-01   1.4126408e-01  -3.9282179e-02   1.9951219e-01  -3.8756415e-02   1.4184689e-01  -1.8663308e-01   4.4923643e-02   6.2020547e-02   1.6360420e-02  -6.6522291e-02  -3.1920814e-01  -3.0608944e-03  -2.1715751e-02   9.3337847e-02   9.5896700e-02   1.0371870e-01   7.9356105e-02   1.1021670e-01  -2.3655708e-01  -2.0510312e-01   3.6109339e-02  -1.0920406e-01  -2.7607515e-03  -2.2177367e-02   1.7817872e-01   7.6804247e-02  -3.0769881e-01   3.5714122e-02   9.0682222e-02  -2.3433511e-01  -1.0530327e-01  -9.2086835e-02   1.8770800e-02   1.5587789e-01  -5.0796530e-02  -3.5791221e-02   6.9833507e-02   1.1104526e-01  -1.0786153e-01   3.2793034e-02   1.4317517e-01   7.5773646e-02   1.4369766e-02   5.3327032e-02  -1.1186170e-01   1.4233903e-01   9.5126255e-02   1.0838089e-01  -5.3984953e-02  -1.2907491e-01  -1.3035143e-01  -1.9862210e-02  -8.7631885e-02   1.1683710e-01   1.3123305e-02   4.6987377e-02  -1.6666668e-01  -2.1095695e-01   1.0170483e-01   3.6825720e-03  -8.3002958e-02   2.6668223e-01   2.0262745e-02  -1.7110691e-01  -1.1471615e-01  -2.0247988e-01   3.6319498e-02   8.0480267e-02   6.3102508e-02   2.8803236e-01   1.3650245e-02  -1.9621051e-01  -3.6162172e-02  -2.3222071e-02   4.4113567e-02  -2.6557758e-01   1.8059339e-01   3.8732305e-02  -2.8400192e-02  -3.8920207e-01   1.6548265e-02  -4.5828779e-02   9.4581224e-02   1.1887763e-01   4.1310730e-02  -1.1576874e-01   2.9611680e-01   8.5374628e-02   1.9600630e-02  -1.0919693e-01  -7.1902359e-02  -1.7167439e-01  -3.4962402e-01  -1.7324722e-01  -2.1611762e-02  -1.5044389e-01   7.6080348e-02  -1.8623092e-01   1.4241777e-01  -5.4076108e-02  -1.3724209e-01  -2.6829056e-02   1.5743653e-01  -6.6476437e-02   1.3986583e-01  -1.1299669e-01   7.1394387e-02   1.6062763e-01  -1.6012348e-01   1.1454232e-01   8.3524528e-02   2.3868280e-01  -4.4179432e-02  -1.8081937e-01   2.4879341e-02   3.5756901e-02  -8.0645531e-02   1.6913685e-01   5.7590348e-02   3.7595583e-02  -6.5395974e-02   5.3484695e-02   3.9276684e-02   6.7303631e-02   9.2112107e-02  -3.0248369e-02  -2.1887308e-01   1.5900669e-01   1.0850509e-01  -6.3766650e-02  -2.1764303e-01  -1.0887390e-01  -5.5171558e-02  -1.3247795e-01  -1.9088929e-01   2.0326338e-01  -2.2616869e-01   1.6331227e-02   1.2022418e-01   6.4724129e-02   1.7525341e-01  -5.7939479e-03  -2.1227323e-01  -8.1798469e-02  -1.1689502e-01  -1.1853502e-01   8.9914762e-02   9.7975622e-02   1.8629072e-01   1.3124436e-01   8.6331108e-02   3.2001626e-03  -1.7226851e-01  -2.2604475e-02   3.6406404e-02  -1.3649189e-01   7.6572092e-02  -9.6470480e-03  -2.1779080e-01   7.3746657e-02
  -1.2954170e-01  -9.9544160e-02  -2.2814197e-01   4.2138293e-02   9.0078482e-03   1.3006427e-01   3.5777662e-01   6.0045756e-02  -1.9819789e-01   0.0000000e+00   2.7129181e-01   2.5374731e-02   2.6805216e-01  -2.4820805e-01  -1.5886513e-01   2.5286685e-01  -2.4532355e-01   2.8338569e-01  -1.7416523e-01   3.4703654e-02  -1.2181201e-01  -7.6827967e-02   4.5188546e-01   9.9637147e-03  -6.7302828e-02   4.1413326e-02   2.0527464e-01   2.4095178e-02  -8.2185702e-02   2.8412536e-03  -3.4053079e-01   2.4462289e-01  -4.7216290e-02   2.2965567e-03  -2.9551003e-01   4.9084441e-01   3.7528495e-01  -7.6675244e-02   1.4778693e-01  -6.6735245e-02   1.0319020e-01   3.4437781e-02   3.2299638e-01  -3.5904766e-02   2.5343448e-01  -4.1993231e-02   3.4375634e-01  -6.8616984e-02  -1.8952367e-02  -2.0567102e-01   2.8869601e-01  -1.3590213e-02   4.2611461e-02  -3.9068745e-01  -2.3431475e-01  -9.4525925e-02  -7.7072639e-02   1.3911220e-01   1.4101022e-01  -2.2165154e-01  -2.2028125e-01   3.0954531e-01  -6.1514789e-02  -2.6219778e-01   7.2412249e-02   6.0527645e-01  -2.2225672e-01  -1.0528629e-01   2.1223964e-01   7.8122599e-02  -1.4421873e-01   3.4182405e-01   4.1682870e-02  -1.7390487e-01   1.0088845e-02   1.6996456e-01   6.5772377e-03   4.3849926e-02  -1.0284164e-01   2.7675078e-02  -1.5145167e-02   1.0564089e-01  -2.8824763e-01   1.3770320e-01  -3.8512177e-01   2.0509786e-01  -3.6184030e-01  -1.7295862e-01   1.3091584e-02  -9.0028685e-02   4.8826620e-02  -7.5576057e-02   5.7259950e-01   1.1447718e-01   1.2409721e-01  -8.9384163e-02   2.5774840e-01  -1.0606649e-02  -1.2838206e-02   1.5100039e-01  -5.2250102e-01   7.5110968e-02  -6.0848001e-04  -1.9024608e-01   3.3414833e-01  -7.0411493e-03  -2.4124877e-01   6.9550292e-02   2.6532510e-01   3.2221376e-01   7.6028311e-02   1.1888218e-02   6.6833854e-02   3.4396238e-03  -1.2237945e-01  -1.0254119e-01   4.7556252e-02   2.2946670e-01  -1.8420436e-01   1.4934679e-01   8.8976944e-02   1.3481573e-01  -1.1160150e-01  -1.0240354e-01   2.8972291e-02  -3.8679655e-01   1.9784406e-01  -1.1680050e-01   1.3394250e-01  -2.0084162e-01  -4.9404919e-02   4.2717156e-02  -4.3644528e-01  -1.2778218e-01   2.5892251e-01   1.4436746e-01   5.3297443e-02  -3.0644489e-01   1.4814050e-01   2.4018525e-01  -1.9015513e-01  -8.9052256e-02   1.0642815e-01  -3.6150148e-02  -4.8454628e-02   2.4578449e-02   1.1029223e-01   3.8958793e-01   4.4130251e-01   2.6700671e-01  -7.1253254e-02   4.0648328e-02  -1.1724732e-01   3.4489410e-01  -2.0416278e-01  -7.3137455e-02   1.5081712e-01  -7.2685859e-02  -4.3639711e-02   1.6644443e-01  -1.0824230e-01   1.0009791e-01   4.3059060e-01   1.6477822e-01   4.3063738e-03  -1.3579470e-01   4.2547680e-01   1.2761625e-01  -8.6012825e-02  -1.2718040e-02   1.3028401e-01  -2.5175179e-01   1.0602281e-01  -2.4815328e-01  -1.2362815e-01  -1.1616763e-02  -5.5163889e-02
   2.7912931e-01  -5.5173520e-01  -5.4711150e-01   4.9288706e-01  -3.7721219e-01   1.8991127e-01   4.1625609e-02   4.0041352e-01  -4.1764071e-02   2.7129181e-01   0.0000000e+00  -3.6799649e-01  -1.2643026e-02   4.6985982e-02   9.1187737e-03   3.3480033e-01  -5.5806465e-01   6.0311418e-01   1.8593285e-02  -2.5523115e-01  -1.5690553e-01   1.9858805e-01   2.6503798e-01   2.9252333e-01   5.8457865e-02   1.4843924e-01   4.2443108e-02   2.0645907e-01  -4.7195944e-02   3.3497389e-01  -2.2173948e-01   3.8876413e-01   3.4643966e-01  -2.6648323e-01  -3.7546000e-01   7.9516696e-02   1.1247127e-01   2.2623092e-01   3.0213972e-01  -5.3913930e-01   1.3740420e-01   1.1201642e-01   1.2107036e-01   1.1983121e-01   8.9990020e-02   2.8331786e-01   5.7690296e-01   1.5913561e-04  -2.6188657e-01  -4.3082075e-01   6.2809630e-01   1.8629847e-01  -3.3914105e-01  -1.3159275e-01  -1.2801200e-01   7.7068500e-02   2.7900759e-01   4.7191553e-01   5.3318967e-01  -3.4065730e-01  -3.4374649e-01  -4.4612297e-02  -1.0551988e-01  -4.7700245e-02  -8.4891489e-03   4.3494589e-01   8.4204529e-02  -1.5619943e-01   6.4556022e-01   3.9715177e-02  -4.3468800e-01   5.7195368e-01   1.9285590e-01   4.9833167e-02   1.0323266e-01   4.3116229e-01   1.0280000e-01   2.3877770e-02  -4.6987136e-01   2.1488924e-01   3.1460981e-02   1.4685555e-02  -4.1321357e-01   1.1937910e-01  -4.3426642e-01   4.2421388e-01  -4.6658792e-01   1.0492496e-01  -7.1349360e-02   3.8647937e-01  -3.1523996e-01  -2.7221625e-01  -4.0529160e-02   3.9048256e-01   4.7662618e-01  -4.9746290e-01   8.2066684e-02   2.6874131e-01   1.2313756e-02  -2.9438222e-01  -1.7743618e-01   3.7960150e-01   4.2365132e-01  -2.1293245e-01   6.2140658e-01   3.1255425e-01  -1.1544819e-01   3.3536100e-01  -7.2430950e-02   5.1254907e-01  -2.6085188e-01   4.6136223e-01   4.0008811e-01   3.6105139e-01   2.1685869e-01  -4.3548799e-01   2.3022422e-01   1.8744086e-01   1.0650318e-01   5.0508135e-01   2.9943006e-01  -4.3976991e-01  -3.7134963e-01  -1.6586879e-01   3.8259201e-01  -2.2795022e-01   1.6767921e-01   7.5587231e-02   4.9862306e-01  -3.5138362e-01  -1.9410330e-01  -4.5285915e-03  -1.7300614e-01   5.7856790e-02   3.2219910e-01   5.6819793e-01   2.4097797e-01   1.4578902e-01   4.3014310e-01   4.7237285e-01   1.3091290e-01  -4.2005956e-02   5.4184200e-01  -8.5002336e-04   3.9528914e-02   3.9447148e-01  -2.7584912e-01   5.4066414e-01   4.8892586e-01  -1.9908890e-02   1.0643927e-01  -6.5183237e-02   1.9976955e-01   1.6793110e-01  -4.4098081e-01   2.8741183e-01   3.8092203e-01   1.9173254e-01  -8.5474717e-02   1.7379578e-01  -2.8604456e-01   5.7397342e-01   2.5474721e-01   5.7943086e-01   2.9154678e-01  -4.5187313e-01   2.4899114e-01   2.1179190e-01   3.3878490e-01  -2.7904811e-01  -3.1851413e-01   1.8029225e-02   3.3271962e-01   2.7296597e-01  -1.2572109e-01  -1.7968717e-01   2.9871904e-01
  -2.9383786e-01   3.1736251e-01   6.1564824e-01  -2.9856399e-01   2.4087096e-01  -1.8781367e-01   2.5955710e-01  -2.5670558e-01  -4.0920964e-02   2.5374731e-02  -3.6799649e-01   0.0000000e+00   1.1803830e-02  -2.0546713e-01  -4.4021837e-02  -1.3938031e-01   4.5185865e-01  -3.8117235e-01  -2.3182289e-01   3.4798097e-01   1.0374766e-01  -3.6788132e-01  -6.1920710e-02  -3.5199874e-01  -1.6488351e-02  -1.8178820e-01   1.2809928e-01  -2.6699473e-01   4.1921720e-02  -4.9185462e-01   2.8911730e-01  -2.2648653e-01  -2.3097619e-01   3.8810736e-01   5.0799765e-01   1.5677754e-01   4.2787080e-02  -3.6475603e-01  -2.8975162e-01   6.8961678e-01  -8.6096242e-02  -8.2885988e-02   7.6068080e-02  -1.7735126e-01   1.2092551e-01  -2.9116040e-01  -2.3560698e-01   4.8738308e-02   1.8807455e-01   2.9742009e-01  -4.5624118e-01  -1.5278144e-01   3.7840182e-01   7.0890231e-02   9.2030152e-02  -1.3368791e-01  -3.1619803e-01  -4.8685176e-01  -2.8111648e-01   5.4228988e-01   3.0596263e-01   2.1203141e-01   1.2228409e-01   9.9938891e-02   1.1651613e-01  -2.2485944e-01  -4.0952253e-01  -3.0160037e-02  -5.0463796e-01   1.2667466e-01   5.1850921e-01  -3.3495696e-01  -2.2010594e-01   3.5934900e-02   8.8828516e-02  -2.7314604e-01  -1.5415302e-01  -1.3359569e-01   4.5214341e-01  -9.5022206e-02  -6.7607380e-03   5.1509493e-02   3.5169396e-01  -6.5601971e-02   4.2083447e-01  -2.8135927e-01   3.8348489e-01  -1.5402934e-01   3.4493462e-02  -3.0779346e-01   1.6145185e-01   2.0083928e-01   4.0590472e-01  -2.7981250e-01  -3.1027191e-01   4.6276812e-01  -8.1982716e-02  -2.3151007e-01  -1.3929229e-02   4.4805916e-01  -1.5453827e-02  -1.4875107e-01  -2.8695809e-01   6.6764924e-02  -5.1386786e-01  -3.2497423e-01   2.4831571e-01  -4.4559918e-01   2.0111132e-01  -2.4561147e-01   6.0152224e-01  -4.4281607e-01  -2.3130973e-01  -1.7762679e-01  -1.4620681e-01   4.0468353e-01  -2.3029757e-01   5.7653619e-02  -1.5495399e-01  -2.6468134e-01  -3.7050764e-01   3.1220245e-01   1.1103949e-01   1.4188758e-01  -3.3847561e-01   2.1221477e-01   5.2589721e-02  -7.9507781e-02  -4.8679036e-01   4.6543564e-01  -8.2105223e-02   2.2509926e-01   1.2506894e-01   1.7406537e-01  -8.5968167e-02  -3.6352790e-01  -1.5617730e-01  -2.7704341e-01  -3.0260276e-01  -7.8701493e-02  -2.6701948e-01  -2.0947091e-02  -2.2441842e-01   2.7180786e-02   2.1622004e-03  -2.6153891e-01   6.1406782e-01  -3.5139128e-01  -3.7760876e-01   2.2688963e-01   6.7860593e-02   7.3458944e-02  -2.1206275e-01   9.8818988e-02   4.2877689e-01  -3.0472034e-01  -2.8488765e-01  -1.9478263e-01   7.5226475e-02  -1.6760094e-01   1.0077364e-01  -4.3745192e-01  -3.1407857e-02  -3.9331437e-01  -3.2920491e-01   6.5770901e-01  -1.9564828e-02  -1.5762838e-01  -3.7587260e-01   3.9062056e-01   3.0510395e-01  -3.1031246e-01  -1.6308075e-01  -3.3398474e-01   5.4810869e-02   6.3801595e-02  -4.3219510e-01
  -1.4547289e-01   1.5151925e-01  -1.6644755e-01   5.5308515e-02   3.4458627e-01  -1.2990699e-01   1.6783560e-01  -1.8985705e-01   1.6991064e-01   2.6805216e-01  -1.2643026e-02   1.1803830e-02   0.0000000e+00  -1.1965323e-01  -2.1739426e-01  -8.9129284e-02  -8.4974927e-02   1.4626714e-01  -1.0159786e-01   3.1897121e-01   8.1791007e-02  -2.0086173e-01   8.0796612e-02  -7.9874743e-02  -9.7089983e-02  -1.0342857e-01   9.6989305e-02  -1.9256804e-01  -1.6372042e-01  -8.0416622e-02  -7.3865666e-02  -9.3129821e-03  -1.9325948e-01   5.7327839e-03  -1.0692095e-01   2.9759012e-01   1.1936445e-01  -5.7166491e-02   4.6283879e-02  -3.4816804e-02   5.5778077e-01  -5.3981500e-02  -3.4703759e-02  -1.7722327e-01   5.6774266e-02  -1.2332127e-01  -3.4726472e-02   1.3079271e-01   1.9741912e-01  -2.0520965e-01   3.4513637e-02  -1.4684345e-02   2.0958903e-01  -2.2516362e-01  -3.4541117e-01  -2.9176140e-01  -2.7831051e-01  -1.4856424e-01   1.4034516e-02  -1.3471891e-01  -3.6026331e-01   3.3673410e-01  -1.0255037e-01   1.1957374e-01   1.5663861e-01   6.2148405e-02  -2.0023065e-01  -2.6286036e-01  -1.6632623e-02  -2.0983219e-01   2.8276808e-01   4.7566056e-02   1.4928192e-01  -4.0151409e-01  -1.3304086e-01  -3.6323713e-02  -2.9771727e-01   2.0185493e-03   2.7200316e-01   2.3328973e-01  -6.4140917e-02   3.8232383e-02  -2.4856585e-01  -1.3713942e-01  -2.5259708e-01   7.7727109e-03   8.0135593e-02  -1.3129416e-01  -4.4739607e-01  -1.3216683e-01   2.4054257e-01  -2.8617624e-01   7.2131263e-02   5.0787856e-02  -9.8105117e-02   1.6143721e-01  -6.1555210e-02  -4.7257909e-02   1.9010585e-01   1.4779260e-01  -2.9665448e-01  -2.8043234e-02  -1.7309616e-01  -7.5405779e-02  -2.4602324e-02  -2.0758165e-01  -4.2158423e-01  -2.6559484e-02  -2.7646425e-02  -3.6216430e-02  -1.3318710e-01  -1.9348445e-01  -1.1783357e-01  -1.0338304e-01  -3.1272436e-01   2.9635496e-01   1.4480464e-02   4.1464249e-01  -2.8804159e-01  -4.2394592e-02  -8.2904386e-02   2.3914972e-01  -2.5536034e-01   1.7880224e-01   6.2090117e-02  -4.4287467e-01  -1.2651645e-01  -2.0969196e-01  -1.0836753e-01  -1.5933832e-01   3.2189064e-01   1.6295623e-01  -3.1083837e-01   1.8727448e-02   1.4124780e-01  -3.3984989e-02   1.1391165e-01  -2.0890409e-01   2.3752202e-02  -2.6875755e-02  -1.5870606e-02   4.6457763e-01   6.7560505e-02  -3.3920723e-01  -5.9056588e-02  -1.2419759e-01  -1.1874816e-02   1.3920461e-01  -2.2432712e-02   2.2403614e-01  -2.6202368e-01  -3.2739300e-02  -1.6689115e-01   2.1967986e-01  -2.7681948e-01  -1.4053578e-01  -2.0337303e-01   1.2958126e-01  -2.2194035e-01   1.2907313e-03  -1.5645147e-01  -1.5966614e-02   2.3731705e-01   8.4557870e-02  -2.1989370e-01  -1.9545838e-02   9.2202871e-02  -6.9889416e-02  -1.6309787e-01   4.1141652e-02  -4.8399824e-02  -2.4359338e-01   2.2495266e-01  -4.3300160e-01   2.4049934e-02   7.4115344e-02  -2.2734225e-01
   4.0473270e-01  -3.7635570e-02  -1.1774432e-01   9.2547234e-02  -1.8332739e-01  -6.9184711e-02   4.4532422e-02   1.5181101e-01   1.9950638e-01  -2.4820805e-01   4.6985982e-02  -2.0546713e-01  -1.1965323e-01   0.0000000e+00   3.2240726e-01   4.5849066e-02  -3.3443015e-02  -3.5614715e-02   5.1279903e-02  -1.2017881e-01   1.1348769e-01   1.6889234e-01   1.2902387e-01   2.2288071e-01  -4.6209795e-02  -5.7080255e-03  -2.9373583e-01   1.0569281e-01   8.2986013e-02   2.2957950e-01   2.3820034e-01  -2.7229404e-01  -5.5078539e-02   9.7345298e-02   2.2883918e-01  -3.0246966e-01  -2.1016536e-01   1.3130685e-01  -7.1766526e-02  -1.7952508e-01  -1.0825604e-01  -8.3530753e-02  -4.0587916e-02   8.1741198e-02  -9.9859852e-02   4.1510905e-02  -2.5330677e-01   1.9658730e-01  -9.8167564e-02  -1.8044741e-01   6.8203351e-02   5.4671349e-03  -7.9332302e-02  -9.5523272e-03   3.6040578e-01   1.2085539e-01   9.6698615e-02   3.5705910e-02  -4.4913534e-03   4.8802819e-02  -1.1834854e-01  -3.2278552e-01  -8.2050052e-02   1.7811326e-01  -6.7682253e-02  -3.0523346e-02   3.1769160e-02   3.7665060e-02   9.5745765e-02  -1.0528317e-01   4.9751532e-02  -3.8111267e-02   2.4235128e-02   7.0281917e-02  -8.7519578e-02  -1.2523652e-01  -7.9105196e-02   1.6481290e-01  -3.7458059e-02  -1.7837744e-01   1.8178079e-01  -2.9690685e-02  -7.8156611e-02  -1.7204253e-01   1.3433678e-01  -2.0002876e-01   2.7596710e-01   3.8897039e-01  -4.6633691e-02   3.4691855e-01  -3.2272381e-01  -2.3490193e-01  -2.2711100e-01   1.5817724e-01  -7.2232410e-02  -2.0366993e-01  -2.7202239e-01   7.7782041e-02  -2.5258342e-02   1.0347261e-02   3.0167466e-01   2.3541519e-01   1.7215777e-01   1.0458469e-01  -1.6570974e-02   1.5774923e-01  -1.2783195e-01   1.2210435e-01  -2.2891780e-01  -1.2401152e-01  -7.2066693e-02   5.4661809e-02  -8.6257445e-02   3.8428983e-01   2.4969059e-01  -1.5184940e-01   9.7783498e-02  -1.8025093e-01   4.2899436e-02  -2.8436630e-03  -8.0813600e-03  -2.7560133e-01  -2.3210442e-02   2.8292588e-02   1.3210833e-01   1.3173607e-01   9.9777076e-02  -1.7715996e-01   1.5493329e-02  -5.3255530e-02  -6.2322145e-02   6.4533656e-02   1.5099259e-01   8.0804909e-02  -1.2771057e-01  -4.6914761e-02  -1.3537333e-01   4.6807985e-01  -1.0159551e-01   1.8210923e-01   3.8287829e-01  -1.3662272e-01   8.3533331e-02  -1.1110509e-01   3.4057103e-01   6.6789988e-02  -5.4448160e-02  -1.1892759e-01  -1.2001606e-01  -4.6789659e-02   2.4677042e-01   1.9267288e-01   1.3721849e-01  -2.5117034e-01  -1.6280908e-01   2.5240966e-01   1.0839131e-01   2.2563133e-01  -2.2572949e-01   1.6469131e-01  -6.4510014e-02  -6.7860469e-03  -8.9414812e-02   4.5181090e-02   6.4245167e-02   2.2139514e-03  -1.5493033e-01  -1.2278769e-01   1.5454902e-01  -1.4443078e-01  -1.7515846e-01   1.6961075e-01  -1.5050447e-01   3.6476008e-02  -1.3326923e-01  -2.4310095e-01   2.2263241e-01
