   0.0000000e+00  -2.5739682e-01  -3.0744479e-01   2.0906567e-01  -1.7882714e-01   2.9846796e-02   1.4595440e-01   2.9086228e-02   2.7038307e-01  -8.8695397e-02   1.9742927e-01  -1.0459889e-02   1.8508463e-01   1.0872273e-01   1.2857257e-01   6.9999922e-02  -2.7599092e-01   2.9783830e-01   3.1079871e-02  -4.8778181e-02   2.1282801e-01   3.4652532e-01   1.4366218e-01   6.7846241e-01  -3.7194503e-02   1.5437489e-01   2.9621729e-02   3.1951374e-02   1.0347071e-01   1.8690597e-01   8.6003300e-02   3.0916094e-01  -7.2365770e-02  -1.6844828e-01  -1.4809757e-01   1.3458108e-01   7.0242051e-03   6.7825574e-01  -2.1698230e-01  -1.9084280e-01   1.3265186e-01  -3.3004836e-02  -2.0483384e-01   4.7999096e-02   6.3800092e-02   6.8053951e-01   2.2416978e-01   6.9786476e-02   2.2701848e-02  -2.5094221e-01   3.0869525e-01   1.2378118e-01  -2.3405231e-01  -2.9971613e-01  -1.1102218e-01   1.0085564e-01  -7.8646269e-02   3.5833069e-01   2.5246344e-01   4.5875317e-01   4.7308369e-01   6.7444314e-02  -5.4736199e-02   3.4560035e-01   1.8308955e-02  -5.0243801e-02  -2.2911299e-02   1.2630690e-02   1.7892864e-01  -3.0402479e-02  -3.1316856e-01   3.1036528e-01   6.8987848e-02   3.3625387e-01  -2.6077432e-01   5.5513600e-02   5.5922619e-01   1.9641647e-01  -2.2846484e-01  -2.2147080e-01   5.0021485e-02   1.2881346e-01  -1.4753717e-01   1.6790586e-01   7.4965912e-02   6.2570653e-02  -1.8860688e-01   3.2386598e-03  -1.9474110e-01   7.4649487e-01  -3.2841724e-01   1.7303693e-01  -3.1000058e-01   2.7749757e-01   6.2517200e-01  -2.2883277e-01   3.8841551e-02   1.0492236e-01   1.7378094e-01   2.2174024e-01   1.3986902e-01   3.8315965e-01   8.9130189e-02   4.7702517e-01   4.0467430e-01   3.4508858e-01  -2.0326630e-01   2.1585676e-01  -1.1475037e-01  -2.4646520e-01  -1.8757450e-01   2.6351185e-01   1.7301623e-01   7.5663260e-01  -1.4744511e-02  -2.0766138e-01   1.3121898e-01   2.4620334e-01   4.2358121e-02   1.1374975e-01   5.3997201e-01  -3.2753150e-01  -2.4159133e-01   2.8625111e-01   6.8725354e-01   4.1949524e-01   1.9677562e-01  -3.3092904e-01   3.8358086e-01  -1.4290946e-01   7.7568973e-02   1.4679181e-01   2.4561330e-01   8.2452987e-02  -2.8703166e-02   1.4352488e-01  -1.4166983e-01   1.1092335e-01   2.7900525e-01   6.8677231e-01   6.1874477e-01  -1.6075077e-02   3.3351688e-01  -3.5045290e-01   1.8241216e-01   1.8425644e-01  -3.0814005e-01   3.0489987e-03   1.2568951e-02   2.3645604e-01   1.8312976e-01  -9.6577302e-03   4.5281208e-01  -3.1957903e-02  -3.7437678e-01   6.5693402e-01   4.8736637e-01   2.2430529e-01   1.3655630e-01  -7.5079677e-03  -3.1818588e-01   7.2145355e-02  -2.2754275e-02   2.4916697e-01   3.0798098e-01  -1.9024382e-01   1.9690067e-01   1.1769136e-01   1.0129029e-01  -2.0189051e-01  -1.0212936e-01   4.1592287e-01   2.7722613e-01  -2.6493659e-01  -1.4456211e-01  -1.7359091e-01   3.4568648e-01
  -2.5739682e-01   0.0000000e+00   6.0819234e-01   6.2613719e-02   3.5860996e-01   3.5994488e-02  -3.5303314e-01   1.3195717e-01   3.3873607e-01  -2.1245625e-01  -3.8550333e-01   5.1033679e-01  -3.0401980e-01   2.2643751e-02  -1.9960421e-01  -1.5307727e-01   4.8667432e-01  -5.1738552e-01   6.7099634e-02   1.0492216e-01  -5.5092276e-01  -3.5059897e-01  -4.1766784e-01  -2.5081137e-01   9.7770064e-02  -1.7702482e-01   4.1008629e-01   1.2539599e-01   3.1396965e-01   2.7110669e-01  -1.7551764e-01  -1.4832375e-01   3.4700160e-01   1.6800678e-01   5.0290224e-01  -3.2802062e-01  -3.1069458e-01  -4.6671125e-01   1.2362404e-01   4.9753870e-01  -1.8651756e-01   6.4781130e-02   4.6388184e-01  -1.1084672e-01  -3.7356236e-03  -5.0056352e-01  -3.2663047e-01  -1.5572082e-01  -3.0934121e-01   3.6250829e-01  -5.7864938e-01   1.0984883e-01   5.1793555e-01   2.3239807e-01   4.8881954e-01  -1.7291575e-01  -1.7883888e-02  -1.9755800e-01  -1.8643489e-01  -1.1737741e-02  -5.0350948e-01  -9.8014649e-02   5.5521118e-01  -1.7861463e-02   1.2468541e-01   1.6859589e-03   1.5254191e-01   5.1044544e-02  -3.6430520e-01   2.3507503e-01   5.6599403e-01  -5.5143150e-01  -1.6838674e-01   5.1151878e-01   4.4081676e-02   4.3597503e-02  -5.0660482e-01  -5.5982495e-02   4.9907473e-01   2.1600639e-01  -4.3933249e-02  -3.9114850e-01   9.2792222e-02  -1.8371151e-02   4.6397034e-01   1.1257379e-01   4.8011013e-01   2.6908715e-01   5.8377744e-01  -2.6340644e-01   6.5578865e-01  -2.1100566e-01   2.3549837e-01   3.1000453e-01  -4.9210709e-01   3.0668252e-01  -6.0594336e-02  -6.8666018e-02  -8.2529046e-02  -5.2527612e-01   2.8521684e-01  -1.4457806e-01  -1.5615960e-01   1.1886083e-01  -4.4081007e-01  -9.0879314e-02   4.2959641e-01  -2.9115719e-01  -3.5413748e-01   5.1727512e-02   2.5082670e-02  -2.9054453e-01   4.4288466e-02  -1.5848666e-01   1.9685264e-01   4.5141689e-01  -3.7929699e-02  -1.6545830e-01   5.3890436e-02  -9.9258867e-02  -2.9133808e-01   5.5652733e-01   2.1609420e-01  -1.4498126e-01  -3.6658854e-01  -1.6310453e-01   2.4428950e-02   2.7288938e-01  -2.0758890e-01   3.7296209e-01  -9.2981857e-02  -3.3067497e-01   1.1850160e-01  -2.8615762e-01   2.5568196e-01   1.3525239e-01   2.0124001e-01  -1.0274031e-01  -9.6908283e-03  -4.8688152e-01  -1.2004275e-01  -1.1868753e-01  -3.5329897e-01   3.8986732e-01  -3.3272164e-01  -2.1611850e-01   5.1820051e-01   6.7874259e-02  -3.1278064e-01  -6.5488641e-01   1.8310321e-01  -1.2248502e-01   1.2937600e-01  -1.2626666e-01   7.4311337e-01  -3.9904511e-01  -2.8945154e-01  -2.3877305e-01  -4.7992236e-02  -1.6823899e-01   7.4340339e-02  -1.6305483e-01  -2.0257827e-01  -3.9829127e-01  -6.2624277e-02   3.2855238e-01  -1.0774545e-01  -5.9385759e-02   3.2840693e-01   2.1647790e-01   4.9392433e-01  -3.5066456e-01  -4.3618390e-01   4.0162360e-01   1.7619621e-01   3.0531716e-01  -7.0449041e-02
  -3.0744479e-01   6.0819234e-01   0.0000000e+00  -4.2471683e-02   3.9778395e-01   1.3545967e-01  -2.0965125e-01   4.9486532e-02   7.4059450e-02  -7.7329112e-02  -2.2880233e-01   4.2217453e-01  -1.0234740e-01  -3.4144187e-01  -1.5390065e-01   5.9094787e-02   9.0893507e-01  -3.4164078e-01   1.3295335e-01   3.9906469e-01  -5.8445276e-01  -3.1251206e-01  -1.8265703e-01  -4.5176187e-01   4.4698694e-02  -2.7134591e-01   3.3678046e-01  -1.4612001e-01   1.5123937e-01  -9.6170258e-02  -3.1696262e-01  -3.6494498e-01   3.0048552e-01   3.8028659e-01   4.6851671e-01  -1.1683684e-01  -8.8945034e-02  -4.1454650e-01   1.9877678e-01   8.7644874e-01   2.1468973e-02   1.5590780e-01   7.0440027e-01  -2.5823303e-01  -1.6060854e-01  -4.6869623e-01  -2.2607342e-01  -2.3525408e-01  -3.5162561e-01   8.5597954e-01  -3.4652809e-01  -9.4127035e-02   3.2113257e-01   6.1314939e-01   2.5836151e-01  -2.1664021e-01  -1.4408914e-02  -3.4293057e-01  -1.8524618e-01  -3.9674459e-01  -1.9896320e-01  -3.3063292e-01   4.1093655e-01  -3.8971036e-01  -3.3421042e-01   1.9748848e-01   2.4329298e-01  -1.1741981e-01  -3.4601041e-01   4.6338975e-01   6.8034441e-01  -5.0086028e-01  -2.8651722e-02   2.5808349e-01   1.7466388e-01   2.9150926e-02  -4.4457024e-01   2.6276747e-02   3.1833728e-01   2.6643280e-01  -3.4054630e-01  -2.6643552e-01   2.2533743e-01  -3.6221711e-02   4.2545909e-01  -5.7452736e-02   3.2494712e-01   1.9283370e-03   4.0538164e-01  -4.3359799e-01   4.6918705e-01   3.6063525e-01   6.9237177e-01   1.1376823e-01  -2.9041733e-01   6.2193626e-01   1.5606794e-02  -1.9838549e-01  -2.3485906e-01  -5.7475755e-01   2.7485379e-01  -3.3196728e-01  -4.3609669e-01  -3.5596312e-01  -5.6080879e-01  -2.6795463e-01   6.1096934e-01  -3.4398584e-01  -2.1232786e-01   1.0095538e-01   4.1334022e-01  -3.8999691e-01  -1.2595581e-02  -2.5011340e-01   2.3642679e-02   7.6757038e-02  -1.2915212e-01   1.0485896e-02  -1.7129775e-01  -2.4992841e-02  -4.8948211e-01   6.3991574e-01   1.4948834e-01  -4.5934567e-01  -4.9543280e-01  -4.2208850e-01  -1.6020902e-01   3.1969717e-01  -1.5975957e-01   5.4836065e-01   4.0165026e-02  -1.7662178e-01  -1.1981215e-01  -2.3447874e-01   2.9865052e-01   1.5827184e-02   4.7909907e-01  -3.3817773e-01  -5.6884373e-02  -5.1474491e-01  -2.8396805e-01  -3.8223586e-02  -4.1557269e-01   5.8309666e-01  -2.7230186e-01  -5.2594285e-01   7.9854954e-01   4.5218055e-02   7.6478035e-02  -5.6471159e-01   2.0426804e-01  -3.5987199e-01   2.9925793e-01  -1.1154058e-01   9.1827080e-01  -5.6242651e-01  -3.0719812e-01  -1.9908506e-01   4.1729027e-01  -3.8451015e-01   4.1059201e-02  -3.7085803e-01  -9.8389976e-02  -4.5284779e-01  -2.4190054e-01   2.5241619e-01  -1.0035599e-01  -2.5815283e-01   3.5862845e-01   2.4507585e-01   1.7057334e-01  -2.9338099e-01  -4.4934938e-01   4.2028633e-01   1.8577779e-01   5.4885685e-01  -6.3647015e-02
   2.0906567e-01   6.2613719e-02  -4.2471683e-02   0.0000000e+00  -5.4103839e-02   2.3620810e-01  -1.5076893e-02   3.7029273e-01   2.7435205e-01  -3.3985556e-01  -2.9223360e-02  -6.2710968e-02   1.9526279e-01   3.6489142e-01  -1.6809722e-01   6.5007980e-02  -1.8049908e-02   1.3267041e-01   3.9995234e-02  -9.7471084e-03   1.4394545e-01   3.7435390e-01   1.7797979e-02   1.9575601e-01   1.3195576e-01   2.5731791e-01   1.0332009e-01   2.6071192e-01   1.3984582e-01   1.7086819e-01  -4.4704258e-02   3.8319561e-01   1.7374159e-01  -3.0274732e-01  -8.4556541e-02   7.3866150e-02  -3.9288806e-01   1.4031552e-01  -1.5030754e-03  -4.5625662e-02   3.6652971e-01   1.3336303e-01   4.8570314e-02   2.7057826e-01  -6.5233683e-02   1.6017926e-01   2.0203123e-01  -4.5725092e-02  -2.3117892e-02  -1.0121201e-01   2.6170421e-01   3.3581463e-01  -2.9068864e-01  -1.0641653e-01   3.8701537e-01   1.8927183e-01   1.5367308e-01   4.9112569e-01   5.0198191e-01   1.1429114e-01   1.5498570e-01   1.1777491e-02   7.2534557e-02  -3.3800630e-02  -2.5897954e-02  -4.8485617e-02   1.2899397e-01   8.6620178e-02   1.9718019e-01  -6.3256799e-02  -1.4197367e-01   3.6792486e-01   6.4945762e-02   2.6945031e-01  -7.6828006e-02   8.2961844e-02   1.3984179e-01   3.2813953e-01  -8.6259687e-02   3.5628025e-01   2.8403426e-01  -1.5154516e-01  -4.9168249e-02   2.9344101e-01   7.2362497e-02   2.2699602e-01  -7.4872522e-02   2.8639643e-01  -2.0975615e-02   9.2136935e-02  -7.4293801e-02   1.7595873e-01  -2.8255686e-01   4.3389058e-01   1.9648631e-01  -6.3167347e-02   3.3071006e-01   2.0497684e-01   2.8717194e-01   2.4651516e-01  -1.8600655e-01   2.1947531e-01   4.0759769e-01   2.0885699e-01   3.9763236e-01   3.7853123e-01  -5.9428376e-02   2.9938422e-01  -2.7765756e-01  -3.3431301e-01  -2.2073827e-01   4.6900686e-01   2.4688952e-01   8.8765583e-02  -1.0271865e-01  -1.8955318e-01   2.1953069e-01   2.9277717e-01   1.2941393e-01   6.1024286e-01   1.3260381e-01  -2.9262078e-02  -2.8266046e-01   2.1034722e-02   1.5434038e-01   3.1431727e-01   1.2810981e-01   4.6922137e-02   5.2242816e-01  -1.3896597e-01   2.4734975e-01  -1.7175010e-01   4.9161807e-01  -2.4565982e-01   2.4941580e-01   2.3850026e-01   1.3526182e-01   1.0993391e-01   3.9452844e-01   2.0687657e-01   8.9843455e-02  -3.9469013e-02   1.5218596e-01  -7.3479617e-02  -3.5223116e-02   2.2930373e-01  -1.4683589e-01  -2.5566153e-02  -5.3351893e-02  -1.1187749e-04  -1.3587306e-01   3.1173081e-01   2.3077974e-01  -1.1488573e-01  -9.6210415e-02   1.8300702e-01   5.7305471e-02   3.4721011e-01   9.6927943e-02   3.0543294e-01  -1.1083727e-01  -2.4492580e-02  -2.3528026e-01   4.8639008e-01   3.8097344e-01  -3.0099163e-01  -8.7493556e-02   2.4961996e-01   1.0455273e-01  -2.1759130e-01  -3.9816897e-02   4.3528465e-02   2.7866200e-01   5.9284412e-02  -9.0505902e-02   1.1846453e-01   4.4362852e-01
  -1.7882714e-01   3.5860996e-01   3.9778395e-01  -5.4103839e-02   0.0000000e+00   1.6769694e-01  -2.4615040e-01   9.3138277e-02  -8.2132060e-02  -1.7766806e-01   1.7905344e-01   1.5742924e-01   1.7338665e-01  -2.3619114e-01  -7.5366074e-02   4.4522420e-02   4.0311810e-01   1.2869552e-01   9.7653393e-02   7.3276013e-01  -4.9664782e-01  -3.0479597e-01  -1.8590502e-01  -2.2132001e-01  -2.3927078e-05  -8.4591843e-02   5.7821045e-01   5.5202380e-02   1.1799598e-01   1.0285288e-01  -1.4687774e-01  -2.2892591e-01   1.7460531e-01   1.5923794e-01   3.4991484e-02   3.4021821e-01  -2.0865079e-01  -1.4874935e-01   2.0001698e-01   4.0949094e-01   2.4617701e-01  -1.6594579e-02   1.9813603e-01  -5.5437015e-02   2.8154281e-01  -1.8522934e-01   1.4293096e-01  -1.0369083e-01  -2.6566133e-01   3.5895071e-01   6.2762365e-02  -5.3100725e-02   1.3214677e-01   2.6783983e-01  -1.1268663e-02  -4.6414511e-02   4.0622123e-03  -1.6103409e-01   3.8439919e-02  -1.4645030e-01  -3.7106803e-02   3.2856810e-01   3.7369049e-01  -6.3469600e-02   1.4819857e-01   3.1087092e-01   2.4899787e-01   8.5024361e-02  -9.4570306e-02   1.7867348e-01   1.4650385e-01  -8.0543831e-02  -7.4403182e-02   1.4049031e-01  -5.5276919e-03   3.5852720e-02  -1.2138576e-01   6.6326823e-02   6.1933702e-01   1.9111794e-01  -1.0627427e-03  -2.0340589e-01   4.9800143e-02  -5.0119747e-04   2.3868698e-01   8.7100385e-02  -6.5503062e-02   6.7497635e-02   3.7577001e-01  -2.0296612e-01   6.1100081e-01   1.6678122e-01   1.0210681e-01   9.6425947e-02  -1.5633558e-01   6.7287397e-01   1.7500254e-01   1.4932939e-03   3.2866988e-01  -2.8206194e-01   7.8002764e-02  -5.0581761e-02  -2.2705010e-01  -1.5161909e-01  -2.4321402e-01  -7.8933162e-02   2.2760476e-01  -6.0033091e-02  -3.0501851e-01   2.5932945e-01   3.7715242e-03  -1.2101855e-01   3.1246570e-02  -3.0225723e-02   2.5346045e-02   3.1171427e-01   1.3324247e-01   1.8795985e-01  -4.2172874e-02   4.2872814e-02  -2.4690635e-01   6.6410317e-01  -2.5650510e-02  -1.0393901e-01  -1.8495913e-01  -1.6420533e-01   3.4865456e-02   2.6765571e-01  -2.6710148e-01   2.9198807e-01  -7.5431197e-02   2.8093431e-02  -7.0672885e-02  -2.6793790e-01   2.0006614e-01   1.9803446e-01   2.4538553e-01  -1.7653189e-01   8.1377051e-02  -2.5775148e-01  -2.3160884e-01   1.3819970e-01  -1.0053623e-02   1.6216934e-01  -3.1329811e-01  -1.6485683e-01   1.7287126e-01   4.9440324e-01   4.7598299e-02  -3.3851160e-01   1.0628070e-01  -2.2732343e-01  -7.4544844e-02   2.1335923e-01   3.9975008e-01  -2.6717801e-01  -2.1327341e-01  -4.8194025e-02   1.8927154e-01  -9.7083329e-02   5.4405214e-03   4.7263824e-02   1.6840913e-01  -8.1891786e-02  -1.1574048e-01   2.6257658e-01   1.4640651e-01  -8.1965945e-03   8.7805480e-02  -2.6435197e-02   4.6976628e-01  -1.6291798e-01   1.4570295e-01   2.5795665e-01   1.0965075e-01   4.1420633e-01  -1.0398096e-01
   2.9846796e-02   3.5994488e-02   1.3545967e-01   2.3620810e-01   1.6769694e-01   0.0000000e+00   1.1247438e-01  -8.9771819e-03  -3.7088412e-02  -1.7208930e-01   2.4575581e-01   2.5321388e-01   8.4129692e-02   4.1322677e-04  -2.2594269e-01   1.8053700e-01   2.6274520e-02   1.0010505e-01   2.1049660e-02   1.4574135e-01  -9.4530320e-02   1.8337069e-01   5.7841677e-02  -2.5289689e-02   1.8881022e-01  -8.9664201e-03   3.4323212e-01   2.1996236e-01   1.5937203e-02   8.7715432e-02  -4.0261859e-01   4.5347734e-02  -4.0453608e-02  -9.4610665e-02  -2.7179875e-01   3.3643022e-01  -3.0661145e-01   2.0446929e-01   9.5816868e-03   1.0904961e-02   1.9667565e-01   1.8338427e-01  -1.0076134e-04   3.8093964e-01  -5.9618890e-03   2.5393037e-01   4.4109968e-01   8.5020453e-02  -3.5525805e-01   5.9069994e-02   2.3910600e-01  -1.2352967e-02  -5.1107260e-01   2.2062861e-02   8.9974605e-02   4.7504454e-01   1.9988018e-01   1.7529025e-01   1.6458549e-01   1.0101355e-01   4.8952721e-01  -6.9940051e-02  -1.4336722e-01  -1.3167130e-01  -3.0609578e-01   3.1800489e-01   6.6481505e-01   8.8367848e-02   3.2514439e-01   4.4052499e-01  -3.1678101e-01   1.9962514e-01  -1.3667536e-01   8.2271984e-02  -8.3793669e-03  -6.9530711e-02   3.8720708e-01   8.4104781e-02  -1.2856340e-01   4.5674712e-02   1.5348002e-01  -9.6436378e-02   4.3145662e-02   9.9475260e-02   3.5011057e-01   5.6673101e-02  -3.1177337e-01   9.4490074e-02   3.7140978e-03   1.6728248e-01  -2.2777208e-01   4.9917206e-01  -1.4103825e-01   1.1690329e-01   2.7084286e-01   1.1213671e-01   1.1095715e-01  -5.7978015e-02   1.3555812e-01   2.5027177e-01  -2.1691437e-01   4.6841047e-01   1.9250291e-01   4.5779664e-02   2.8655268e-01  -1.9709954e-02  -3.6314410e-02   1.9569155e-01  -4.4305653e-01   1.2663010e-01  -3.5491541e-02   3.6650885e-01   1.0919604e-01   8.7448520e-02  -8.4441934e-03  -4.3060318e-01   1.5736215e-01   1.2609065e-01   2.6195202e-01   2.2325014e-01   2.2621522e-01   5.3843350e-02  -1.1672645e-01  -2.7297882e-01   1.7828156e-01   1.0114164e-01   1.2735230e-01  -4.5428790e-02   1.0626501e-02   3.6945274e-01  -6.9555872e-03  -2.3867061e-01   2.9851901e-01  -2.0193149e-01  -1.2331931e-01  -8.3385577e-02  -8.7448374e-02  -2.1263383e-01   1.8901180e-01  -3.0885947e-02  -7.0783287e-02  -1.9033086e-01   3.5767745e-01   4.9601654e-01  -9.6411322e-02   7.7827002e-02  -1.9057543e-01   2.4205780e-01   4.3494366e-01   2.9134758e-02   1.8755133e-01   8.0502936e-02   1.5875400e-01   5.2579333e-02   6.3418543e-02   9.8831845e-02   1.4168029e-01   2.2809175e-01   3.3390002e-01   1.1647138e-01  -1.2188523e-01   1.4674555e-01   9.5497052e-03   3.0704614e-01   1.4179054e-01  -1.7563084e-01   2.5865672e-01   3.2310960e-01   3.3810193e-01  -6.0026358e-01   4.9410621e-02   6.8407341e-02   4.2679334e-02   6.0624398e-01   4.4105779e-02   1.1182860e-02   6.7728442e-02
   1.4595440e-01  -3.5303314e-01  -2.0965125e-01  -1.5076893e-02  -2.4615040e-01   1.1247438e-01   0.0000000e+00  -2.6766599e-01  -2.2214673e-02   4.2772567e-01   3.4056323e-01   1.1112169e-01   7.6603989e-02  -1.0454613e-01   6.7156315e-01   2.2427832e-01  -3.8214729e-01   3.0203976e-01  -3.4486227e-02  -1.2182582e-01   3.1542532e-01   1.3678965e-01   7.9027146e-01  -1.9824426e-02  -1.6990575e-01  -2.3572479e-01  -8.7740700e-02  -1.8518406e-02  -9.0968635e-02   1.3758942e-02   7.3117686e-02  -1.7340719e-01  -1.2613294e-01   4.1580369e-01  -1.8697095e-01   4.2172772e-01   2.2420066e-01   1.5695934e-01  -1.2767043e-01  -2.4121423e-01   1.9212116e-01   2.8014267e-01  -2.1470280e-01  -2.4021079e-02   4.5309984e-02   2.3721699e-01   2.3062385e-01   5.5861756e-01  -1.5961384e-01  -2.9836967e-01   3.9016154e-01  -2.7116321e-01  -2.2367686e-01  -1.4710901e-01  -1.8785872e-01   1.3799319e-01  -9.5686400e-02  -1.3582913e-01  -8.3710598e-02   2.4160330e-01   1.3784687e-01   1.3861881e-01  -2.8851687e-01   2.1794584e-02  -3.2905448e-01   2.7546074e-01  -1.8873707e-02   2.1025713e-02  -1.7538326e-02   3.1795514e-01  -3.4292429e-01   2.1151938e-01   1.0211601e-02  -2.1863545e-01  -6.1786848e-02  -3.4773369e-01   2.2795150e-01  -1.3752785e-01  -4.8693175e-01  -2.7641878e-01   2.5897610e-01   2.2015864e-01   7.9067937e-02  -5.3045497e-02  -3.4843218e-02  -1.8008208e-01  -3.3504316e-01  -1.5599276e-01  -4.3259722e-01   2.5609094e-01  -6.4050304e-01   1.2494983e-02   7.3181814e-02  -5.3894968e-02   1.2582136e-01  -4.3502111e-01  -5.9732159e-02  -3.2187841e-01   5.4631212e-03   4.7338395e-01   2.7781790e-02   2.4935179e-01  -8.3828660e-02   1.2148773e-01   1.7607255e-01  -1.4495201e-01  -3.1141091e-01  -2.7623565e-01   3.0755793e-01   1.5047860e-01   5.3546998e-01  -8.2532364e-02  -8.4498721e-02   5.5595054e-02   2.9212728e-01  -5.2934424e-01  -1.4847319e-01   2.4026079e-01   2.5584925e-01   5.1893862e-02   1.2638182e-01  -5.9613603e-01  -1.6911782e-01   1.0817853e-01   1.4264879e-01  -9.7247201e-02   3.1070443e-01  -2.7770201e-01  -2.6017692e-02   2.0979239e-01   5.1141834e-02   4.8309545e-01  -1.4690638e-01   4.3468693e-01  -2.8180234e-01  -3.4108667e-01  -1.9790535e-01   3.2022539e-01  -2.3503463e-01   3.8837378e-02  -5.6677710e-02  -2.6739150e-01  -2.8533420e-02   1.4739704e-01   6.1774775e-01   3.4027810e-02  -2.5126163e-02  -1.5110713e-02   4.4898509e-01   4.6130460e-01   3.2477362e-01   1.5659172e-01   6.6077532e-02   1.4803422e-01  -3.1724720e-01   2.2059027e-01   9.9240439e-02   1.0060533e-01  -2.0440454e-01   8.3027174e-02  -4.0410961e-01  -6.0818869e-02   3.6476863e-01   4.7722478e-02  -5.0336401e-02   3.3087273e-02   5.3050034e-01   8.4201960e-02  -4.0005183e-02  -2.6585665e-01  -4.1502049e-01   5.7861716e-02  -4.7190749e-02   1.6077496e-02   6.6840832e-02  -2.4381706e-02   6.2000453e-02
   2.9086228e-02   1.3195717e-01   4.9486532e-02   3.7029273e-01   9.3138277e-02  -8.9771819e-03  -2.6766599e-01   0.0000000e+00   2.5529297e-01  -2.9027308e-01  -7.4400135e-02  -1.4409108e-01   1.0610382e-01   3.0740184e-01  -2.7374406e-01   1.1885235e-02   1.4620470e-01   7.9079161e-02   3.2724667e-01   5.3417643e-04  -3.1011833e-02   2.7857201e-01  -2.1352311e-01  -1.9459579e-02   2.5367084e-01   4.7663031e-01   1.0803198e-01   3.8141113e-01   2.6731337e-01   9.6711296e-02   1.7403638e-01   4.3990170e-01   4.0200206e-01  -3.5275104e-01   5.8895899e-02  -1.8462273e-01  -3.6741863e-01  -3.4151107e-03   2.4549914e-01   3.8542368e-02   1.1575264e-01   8.3185181e-03   1.9149968e-01   4.4663514e-01  -2.5195506e-02  -8.4729452e-02   9.9034133e-02  -1.0159085e-01   5.5864122e-02   5.8917203e-02   3.0543070e-02   6.4602259e-01  -8.4053430e-02   1.3799854e-01   2.0453633e-01   1.8329465e-01   6.7659659e-02   5.4886374e-01   4.4842073e-01  -3.4151295e-02   4.3975947e-02   6.5243409e-02   2.9809563e-01   1.9080118e-01   4.5210860e-02  -1.1599472e-01   1.2901344e-01  -1.6196759e-01   2.8858796e-01  -1.9420939e-01   1.2385862e-01   2.0324006e-01   8.4937451e-03   3.0790251e-01   1.9954122e-01   4.7376162e-01  -3.1703875e-02   2.8296834e-01   9.3517378e-02   4.6544346e-01   2.6319522e-01  -1.4789200e-01   7.1529405e-02   6.4008616e-01  -3.8232067e-02   4.1955987e-01  -3.0571448e-02   2.6962619e-01   2.7374458e-01  -1.6897298e-01   2.4435002e-01   4.6555540e-02  -2.8699055e-01   3.6361781e-01   3.6823621e-02   1.3085321e-02   3.6828317e-01   2.7864757e-01   2.9509349e-01   2.1082003e-02  -1.0625414e-01  -4.5675552e-03   3.8459257e-01   1.5541179e-01   2.1896631e-01   4.3449759e-01   9.8186910e-02   3.9634418e-01  -2.2326719e-01  -2.4795233e-01  -3.6339802e-01   3.3077966e-01   3.5760895e-01  -2.4122549e-04  -2.0671033e-01  -1.6554274e-02   4.5560417e-01  -1.6231054e-03   2.6185638e-02   3.8443094e-01   6.2792463e-02   1.6761332e-01  -2.7813764e-02  -3.3088547e-02  -2.6877352e-03   1.8371675e-01  -1.7335739e-02   2.9863399e-01   4.3789951e-01  -9.3136820e-02   1.7480848e-02  -2.8817741e-01   4.9327661e-01  -2.5441285e-01   4.0070821e-01   6.4068035e-01   3.0307484e-01   1.3169360e-01   4.1205250e-01   9.2697372e-03   2.8704097e-02  -4.9001399e-02   2.6297945e-01  -1.8532957e-01  -2.5296544e-01   2.8692929e-01  -6.4087695e-02  -6.7607624e-02  -2.5528330e-01  -1.7265970e-01  -2.6425772e-01   4.2931763e-01  -1.0764032e-02  -2.2940417e-01   8.3226163e-02  -1.1371551e-01  -2.5578490e-02   3.3199737e-01   1.3913153e-01   3.4177483e-01   9.0120004e-02   8.0580768e-02  -3.3751494e-01   3.4398352e-01   3.5421372e-01  -3.2644683e-01  -2.5083173e-01   2.5049329e-01  -1.3850717e-02  -7.2208189e-02   3.1272290e-02  -9.7207103e-03   1.8922677e-01  -8.8393887e-02   2.8279877e-01   2.1336191e-01   2.5776752e-01
   2.7038307e-01   3.3873607e-01   7.4059450e-02   2.7435205e-01  -8.2132060e-02  -3.7088412e-02  -2.2214673e-02   2.5529297e-01   0.0000000e+00  -1.6331247e-01  -3.6244515e-01   3.0797660e-01  -1.0524595e-01   1.1210012e-01  -3.1085996e-02  -2.0245469e-01   4.6561077e-02  -2.6144041e-01  -7.4670480e-02  -1.6963964e-01  -7.7948461e-02   2.4072561e-01  -1.7179928e-01   2.3158468e-01  -1.7347905e-02   7.9347998e-02   3.4139712e-01   1.4707863e-02   1.8701426e-01   4.0608663e-01  -4.4441529e-02   1.9310738e-01   2.4195388e-01  -5.5491534e-02   3.7808189e-01  -3.1631685e-01  -1.4818422e-01   1.5536467e-02  -1.2972243e-01   1.9454835e-01  -1.3197304e-01   1.0090574e-01   1.1758718e-01  -3.2414162e-02   1.0265801e-01   1.2269151e-02  -2.5458334e-01  -4.6346852e-02  -7.2707531e-02  -7.1734302e-03  -2.8269418e-01   1.3784216e-01   2.4701403e-01  -3.3190129e-02   2.4015136e-01  -1.6876314e-01  -1.5586120e-01   1.9779954e-01   7.5102685e-02   4.5405602e-01  -9.9142557e-02  -1.6493806e-03   5.0258039e-01   2.1577570e-01   1.9053972e-01  -3.4210492e-01   2.8178972e-02   2.7084608e-01  -8.6472632e-02   1.4016655e-02   2.0620754e-01  -1.1015663e-01  -2.2669248e-01   5.1465570e-01   4.7109577e-02  -9.8739124e-03  -1.1315604e-01   1.5401796e-01   1.2890116e-01  -3.8544709e-02  -1.2102664e-02  -2.5467025e-01  -1.2827344e-01   1.6547959e-01   2.5743145e-01  -3.2466269e-02   3.1047077e-01   1.9786807e-01   2.6634599e-01   2.5107690e-01   1.4911451e-01  -1.9164970e-01  -8.2293164e-02   5.7103698e-01  -7.4931197e-02  -1.4997877e-01   1.1540262e-01   3.6366985e-02  -1.1240469e-01  -4.0823320e-02   2.1697426e-01   6.6860407e-03   3.4171702e-03   5.5907415e-01  -2.8075006e-02   2.6559690e-01   2.2770720e-01   7.8575003e-02  -1.2306721e-02  -3.6177220e-01  -2.3739482e-01   9.6784683e-02   2.2283370e-01   3.8408095e-01   1.0084189e-01   2.0139537e-01   2.6086317e-02   1.4151667e-01  -1.3147157e-02   2.3268291e-01   1.9438184e-01  -6.1161698e-03   1.9466768e-01   2.1297614e-01   1.6616885e-01   7.9137022e-02   2.4203391e-01  -3.4638199e-02   3.2251173e-01   4.6546236e-02   6.0089013e-02  -1.9957359e-01   2.0467431e-01  -2.1002785e-02   3.4478140e-01   1.1951701e-01  -9.2451138e-03   1.4660132e-01   1.0914180e-01   3.6636751e-02   1.8660675e-01   4.6597374e-03  -1.1671152e-01  -1.8594146e-01  -3.5747014e-02   4.6654529e-02   1.7453042e-01  -2.8426048e-01  -4.0763425e-01  -2.1006691e-01   8.7963226e-02   2.1079202e-02   3.7604217e-01  -1.7379106e-01   1.0803539e-01   1.5632086e-01   2.4759947e-01  -1.1927328e-01  -9.4912907e-03  -1.1639795e-01  -8.2856531e-02  -2.6041958e-02  -3.4596681e-01  -1.6024807e-01   3.4053078e-01   1.5125585e-01  -5.9808404e-02  -2.6186733e-02   3.5674768e-01   5.2764256e-02   2.7814534e-01  -8.5217495e-02  -1.5694255e-01  -1.4254525e-01   2.0663909e-02   1.7161961e-01   3.9967977e-01
  -8.8695397e-02  -2.1245625e-01  -7.7329112e-02  -3.3985556e-01  -1.7766806e-01  -1.7208930e-01   4.2772567e-01  -2.9027308e-01  -1.6331247e-01   0.0000000e+00   1.9079905e-01   5.9744688e-02   1.7446735e-01  -3.9230939e-01   4.7177003e-01  -4.3850685e-02  -1.4834387e-01   1.5119504e-01  -8.1059886e-02  -9.7555723e-02   1.2887823e-02  -5.9923649e-02   4.9916622e-01  -1.6497063e-01  -1.7175527e-01  -1.8284143e-01  -2.9701165e-01  -4.0429938e-01  -2.4379979e-01  -2.6603455e-02  -4.0021823e-03  -2.0238788e-01  -2.4760319e-01   5.2869288e-01   2.0279880e-03   2.1120830e-01   4.6817999e-01  -9.7081439e-02  -8.7618206e-02  -1.5560973e-01  -1.8736095e-02  -9.2836958e-02  -1.0196427e-02  -2.5984470e-01   2.9723349e-01  -5.0753894e-02   6.7467193e-03   2.6758611e-01  -1.0758922e-01  -1.9591788e-01   1.3099594e-01  -3.3691657e-01   1.4269479e-01  -2.8962643e-03  -2.6628233e-01  -1.8809233e-01  -1.7144685e-02  -3.2529500e-01  -1.1497784e-01   6.0760717e-03  -1.1844887e-01   2.1056752e-01  -1.7965602e-01   4.8691876e-02  -1.3104056e-01   3.8676917e-01  -1.4704308e-01  -9.2723615e-02  -8.0895421e-02  -1.5830981e-01  -1.4153193e-01   1.3057711e-02   8.0136330e-02  -2.9454632e-01  -5.1317387e-02  -2.1516309e-01  -6.1093991e-02  -1.2396730e-01  -7.6185076e-02  -3.3756243e-01  -2.2767063e-01   3.5726451e-01   3.0603192e-02  -3.0149130e-01  -2.8478452e-01  -2.4033378e-01  -1.4202037e-01  -3.0996065e-01  -2.8142037e-01  -6.9607334e-02  -2.5696240e-01  -1.2784319e-01   3.3090920e-01  -1.8712827e-01  -8.9672852e-02  -1.3698726e-01  -1.5155693e-01  -1.4355307e-01  -8.2961694e-02   1.8520237e-01  -1.2813285e-01  -4.8478099e-02  -3.2993642e-01  -2.5566148e-02  -7.2241348e-02  -2.2154616e-01  -2.9436463e-02  -1.9633655e-01   3.7684529e-01   3.1258047e-01   4.6496194e-01  -3.3076112e-01  -1.3164170e-01  -1.0317111e-01  -1.4470712e-01  -2.0163856e-01  -2.4947304e-01   1.3820249e-01  -2.8959714e-01  -1.4431262e-01  -6.5169077e-02  -2.5070362e-01   1.6340198e-01   8.8540869e-02  -1.2355690e-01  -3.2732681e-01   4.4209257e-02  -1.8227010e-01  -1.2399674e-01  -1.4314833e-01  -9.3405114e-03   5.1123793e-01  -4.3387562e-01   3.7538540e-01  -2.3762373e-01  -2.4161730e-01  -1.1751533e-01  -1.3124382e-01  -3.6967711e-01  -6.6779734e-02  -9.1239450e-02  -1.8170306e-01  -8.5179192e-02  -3.6647563e-02   5.0331354e-01  -1.4270752e-01   5.5618947e-02   1.2165279e-02   4.0579531e-01   2.8131075e-01  -1.6573257e-02  -1.8611148e-01  -8.6553951e-02   2.4412332e-01  -1.0133862e-01  -7.1312183e-02  -8.2754319e-03   8.8571971e-02  -1.4534783e-01  -1.7638401e-01  -5.0272897e-02  -1.3784946e-02   4.5433071e-01  -1.3381802e-01  -2.2621688e-01   2.3059655e-01   2.3495133e-01  -3.4997845e-01  -8.6251303e-02   8.5253235e-02  -2.0566187e-01  -6.9798611e-02  -1.8975277e-01  -9.9993466e-02   1.0285732e-01  -7.3465580e-02  -1.1767044e-01
   1.9742927e-01  -3.8550333e-01  -2.2880233e-01  -2.9223360e-02   1.7905344e-01   2.4575581e-01   3.4056323e-01  -7.4400135e-02  -3.6244515e-01   1.9079905e-01   0.0000000e+00  -1.0908320e-01   2.2771518e-01  -1.8061828e-01   2.7485035e-01   3.6179395e-01  -2.6231459e-01   7.6747410e-01   1.5203136e-01   1.0067465e-01   4.3350112e-02   1.9492371e-01   4.9606408e-01   1.8587749e-01  -2.9465324e-03   1.7658895e-01   5.2056370e-02   2.7947666e-02  -3.2221440e-02   6.1873307e-02   1.1805318e-01   9.8929982e-02  -9.7263844e-02   3.1595035e-02  -3.8359208e-01   7.6966100e-01   6.6350585e-02   3.5342307e-01   1.7610113e-01  -2.6296921e-01   3.7505122e-01   1.5215271e-01  -1.6945245e-01   2.4895613e-01   1.4656708e-01   3.1235809e-01   8.2056150e-01   6.4537973e-02  -1.3207415e-01  -2.2337114e-01   6.5966226e-01  -2.8593195e-03  -4.7513066e-01  -6.4181703e-02  -4.3167545e-01   3.8430454e-01   1.1405473e-01   1.3659674e-01   3.6467376e-01  -6.4279965e-03   4.6193181e-01   4.0956414e-01  -3.1114583e-01   2.2221681e-01  -2.0242169e-01   4.8811775e-01   2.4281515e-01  -8.2406270e-02   5.7731073e-01   5.9129604e-03  -5.5823069e-01   4.4518224e-01   2.9599688e-01  -1.1467658e-01  -6.3348149e-02  -1.0678084e-01   4.7379659e-01   2.3069912e-01  -2.5072110e-01  -6.8736066e-02   1.1307105e-01   2.2826073e-01   2.1753571e-01   1.4045505e-01  -1.6089038e-01   2.1993943e-02  -5.9980088e-01  -1.1823819e-01  -1.7271003e-01   2.5773207e-01  -3.7466670e-01   1.7853617e-01  -2.3687136e-01  -8.0003649e-02   3.5399876e-01   2.3487217e-02   7.6038013e-02  -9.1506883e-03   4.3545515e-01   2.0969568e-01  -1.2195614e-01   4.2424684e-01   5.6198326e-02  -8.8229891e-02   4.7292412e-01   1.2403754e-02  -3.3369824e-01   3.2203352e-01  -8.5807927e-02   2.3569727e-01   2.2040687e-01   2.5031792e-01  -3.7302211e-02   2.6335055e-01  -1.2630814e-01  -4.6432509e-01   2.6156928e-01   2.4548739e-01   1.7752722e-01   9.5754374e-02   3.3358063e-01  -2.2257112e-01  -1.2100961e-01  -8.0525891e-02   2.9275908e-01  -5.1526283e-03  -2.6870773e-02  -2.7252218e-01   1.4386632e-02   2.4133004e-02   1.3826448e-01   3.6981443e-01   7.6515901e-03   9.6448340e-02  -2.7362940e-01   3.9666238e-02  -1.2030519e-02  -4.2670677e-02   1.9130919e-01   2.1554355e-01   2.0220825e-01  -1.0747193e-01   6.1146477e-01   6.2235241e-03   2.7148884e-01   1.8088499e-01  -4.2641425e-01   4.8233342e-01   5.2070473e-01   1.6554300e-01   4.7219371e-02   1.8202595e-02  -1.6261683e-01   3.6998693e-01  -2.8546603e-01   2.6329778e-01   2.4511367e-01   4.0152485e-01   1.0199837e-01   1.8072899e-01  -3.6536554e-02   4.0487020e-01   5.0780221e-01   4.6249662e-01   2.5156450e-02  -2.6161681e-01   5.5962272e-01   2.6094696e-01  -3.7461720e-02  -4.4933545e-01  -2.4363290e-01   2.3764164e-01   4.0540324e-01   1.0158091e-01   1.6088055e-01  -1.8039455e-01  -3.1480150e-02
  -1.0459889e-02   5.1033679e-01   4.2217453e-01  -6.2710968e-02   1.5742924e-01   2.5321388e-01   1.1112169e-01  -1.4409108e-01   3.0797660e-01   5.9744688e-02  -1.0908320e-01   0.0000000e+00  -1.6205480e-01  -1.4422191e-01   5.1464389e-02   1.0589905e-01   1.9369151e-01  -2.9083088e-01   1.6636463e-02   1.2943312e-01  -3.1059751e-01  -2.2489731e-01  -5.5954529e-02  -1.4854026e-01  -8.8267115e-02  -2.5570348e-01   5.0521550e-01  -4.7529302e-02   1.5729697e-01   3.5854689e-01  -3.3796868e-01  -2.1661917e-01   1.5410864e-01   4.8714598e-01   5.1253631e-01  -4.6138061e-02  -1.4387785e-01  -1.8304309e-01  -1.4473488e-02   3.5327295e-01  -1.3357074e-01   2.2452754e-01   3.6681256e-01  -1.6662110e-01   1.4601686e-01  -1.5580042e-01  -1.5035003e-01   1.2822825e-01  -4.5897925e-01   1.5127787e-01  -3.3323961e-01  -8.3037772e-02   2.4976398e-01   6.2127025e-02   2.7615078e-01  -1.1382964e-02  -4.5423136e-02  -3.3704656e-01  -1.4662051e-01   3.4232458e-01  -1.4131486e-01  -4.8727853e-02   2.1973552e-01  -1.0830480e-01  -7.7473485e-02   1.8366159e-01   2.0941935e-01   3.3494139e-02  -2.1575089e-01   3.2407385e-01   2.1611562e-01  -3.9683171e-01  -1.9887602e-01   4.1602216e-01  -3.7609820e-02  -1.3434413e-01  -1.8315626e-01  -3.8266075e-02   2.6928350e-01  -1.2871661e-01  -1.8551965e-01  -1.5865048e-01   4.5848376e-02  -1.7152573e-01   3.4867202e-01  -1.5224125e-01   1.7729585e-01  -1.3813000e-02   2.2468325e-01   5.1835404e-02   1.7509966e-01   1.3695399e-02   3.8859065e-01   2.8340515e-01  -1.7658593e-01   1.5721686e-01  -7.3054644e-02  -3.0862226e-01  -1.4616524e-01  -1.6090159e-01   9.5650846e-02   2.7677232e-01  -2.3482243e-01   1.6831061e-01  -2.7236057e-01  -1.5691410e-01   2.4882939e-01  -2.9863009e-01  -1.9822366e-01   2.8087941e-01   3.3549681e-01  -2.1632516e-01  -1.1314387e-01   4.9846441e-02   1.2693551e-01   4.9428192e-02  -1.5314314e-01   3.5069116e-02   3.4230608e-02  -8.0541969e-02  -6.8150806e-02   2.3803485e-01   2.9163905e-01   3.6389504e-02  -1.5327612e-01  -1.4486903e-01   3.4651590e-01  -9.4091815e-02  -3.4340206e-01   3.5779536e-01   6.2981151e-02  -3.4114059e-03  -7.4497546e-02  -9.1290394e-04  -8.9994038e-02  -6.4076185e-02   1.0572487e-01  -2.6797627e-01  -7.0337999e-02  -2.6528090e-01  -1.0401867e-01  -2.0320526e-01  -2.4521996e-01   4.2781301e-01   4.4998762e-02  -2.2638278e-01   4.4981151e-01   1.4380910e-01   1.3430948e-01  -1.7753541e-01   2.3099512e-01  -2.3460169e-01   2.6334159e-01   8.0887795e-03   4.2713507e-01  -1.1854246e-01  -7.0231088e-02  -1.0205792e-01  -3.4098470e-02  -2.5619444e-01  -5.0200632e-02  -9.0190167e-02  -2.2373557e-02  -3.6219252e-01  -1.7108470e-01   4.5056624e-01   2.8509663e-01  -9.6260643e-02   3.2291460e-01   1.0172033e-01   4.4103902e-01  -3.0467884e-01  -4.4365915e-01   4.1301471e-01   4.7893360e-02   1.7323160e-01  -6.6561639e-02
   1.8508463e-01  -3.0401980e-01  -1.0234740e-01   1.9526279e-01   1.7338665e-01   8.4129692e-02   7.6603989e-02   1.0610382e-01  -1.0524595e-01   1.7446735e-01   2.2771518e-01  -1.6205480e-01   0.0000000e+00  -9.2698465e-02   1.0406115e-01   2.0619085e-01  -3.3635786e-02   4.3400379e-01   8.9424168e-02   2.7903965e-01   2.7254718e-02   2.4969515e-01   2.2167546e-01   2.4539476e-02  -2.6494436e-02   2.6540540e-01   2.1992493e-02  -9.4743961e-02  -7.6953477e-02   1.8995408e-02  -3.6901430e-02   1.0802151e-01  -1.8298978e-01  -5.7264296e-04  -1.5861118e-01   3.2811159e-01   1.9767666e-02   1.4604528e-01   1.0297245e-01  -9.1240579e-02   5.0991224e-01   6.4520309e-02  -1.0240785e-01  -5.1236523e-02   2.1387239e-01   2.0751724e-01   2.6925543e-01  -2.1124806e-02  -2.3591319e-02  -5.6990104e-02   4.2955452e-01   7.6083487e-03  -1.8027858e-01   9.2647422e-02  -1.9521476e-01   4.3687059e-02   1.6619560e-01   1.1966366e-01   3.7670732e-01  -9.9357415e-02   2.4654967e-01   2.8690763e-01  -3.1086154e-02  -4.1972205e-03  -9.1090535e-02   2.1568007e-01   9.0418015e-02  -4.9939294e-03   2.6827395e-01  -1.5741117e-01  -2.5807794e-01   4.1053204e-01   2.2285413e-02  -9.4861193e-02  -1.6592765e-02  -4.5131532e-02   1.8047674e-01   2.7996124e-01  -1.1566649e-01   1.6406737e-01  -8.0176774e-02   3.3576448e-02  -1.6626204e-01   1.3011639e-01  -1.9993717e-01  -1.0781842e-01  -2.8449913e-01  -7.5117437e-02  -1.4980962e-01   2.7530989e-02  -1.0899251e-01   1.9218149e-01  -1.0250321e-01  -7.2921720e-02   2.1603846e-01   7.9493352e-02   3.5637327e-01   2.2071873e-01   2.8220360e-01   2.0388064e-01  -1.7799374e-01   9.1189366e-02   1.2050015e-04   1.6319640e-02   2.1951365e-01   2.7249101e-02  -5.7674266e-02   3.2487058e-01  -1.1922398e-02  -1.4415645e-01   3.7592749e-02   2.0384764e-01   1.4165491e-01   1.6001812e-01  -3.1325976e-01  -1.9561673e-01   1.7856215e-01   4.9358887e-01  -1.8319719e-01   3.4315585e-01   3.0842133e-02  -6.4942558e-02  -1.2315494e-01   8.7778472e-03   8.4392492e-02  -5.2590764e-02  -6.7685362e-02   2.8926635e-02   1.6026673e-01  -1.7339252e-01   2.3778486e-01   2.8646461e-01   1.1377114e-01  -5.9068958e-02   5.2910577e-02   8.5704456e-02   1.4307024e-01  -9.5959310e-02   2.0342145e-01   2.2185766e-01  -1.8688704e-02   2.9220744e-01   2.0375783e-01  -1.9458463e-01   4.4753215e-02  -2.7957277e-02  -2.0430880e-01   1.9229932e-01   1.5238215e-01   1.2426034e-01  -2.1312727e-01  -8.7248123e-02   8.7412169e-02   6.3028178e-02  -2.1249909e-01   7.4335492e-02  -3.1825425e-02   4.3452006e-01   1.3700480e-01  -2.1752708e-02  -1.0299879e-01   9.5560248e-02   1.3770604e-01   2.5290124e-01   1.1222810e-01  -1.0952358e-01   9.7741561e-02  -1.4672139e-03  -1.2506396e-01  -1.8047168e-01  -1.3462795e-01  -5.0213563e-02   3.0935264e-01  -7.6686478e-02   1.5491961e-01   1.3373819e-01   3.1610253e-01
   1.0872273e-01   2.2643751e-02  -3.4144187e-01   3.6489142e-01  -2.3619114e-01   4.1322677e-04  -1.0454613e-01   3.0740184e-01   1.1210012e-01  -3.9230939e-01  -1.8061828e-01  -1.4422191e-01  -9.2698465e-02   0.0000000e+00  -1.5108536e-01  -2.6019752e-03  -3.5769273e-01  -3.1672387e-02  -1.1275879e-02  -3.9495229e-01   4.2901578e-01   3.2246799e-01  -1.5332244e-01   2.2739308e-01   2.2490504e-01   1.3311612e-01  -2.1074878e-01   5.3874863e-01   2.0462824e-01   8.7249105e-02   3.5014868e-01   4.4195417e-01   3.3948386e-01  -4.8882950e-01  -1.8137176e-01  -2.8662332e-01  -2.9880557e-01   6.0259507e-02   9.5091844e-02  -3.8631781e-01  -2.5547851e-02   6.0051111e-02  -2.2314392e-01   4.5964416e-01  -2.4381801e-01   4.2575047e-02   4.7037861e-02   1.4787049e-01   2.8768929e-01  -3.7778879e-01  -7.9770693e-02   5.1783508e-01  -1.3497318e-01  -2.3519934e-01   4.0646775e-01   4.4006760e-01   1.4092750e-02   4.8601311e-01   2.0211102e-01   2.1575833e-01  -2.7263623e-02   1.1979034e-02  -8.6997731e-02   2.8250689e-01   2.1825875e-01  -4.0718710e-01  -2.8401821e-02  -2.2051841e-01   1.6224993e-01  -2.0854385e-01  -1.8535380e-01   1.7432319e-01  -4.7299622e-02   2.4483729e-01  -1.4605543e-01   2.4464498e-01   7.4832089e-02  -8.2112492e-02  -2.1536101e-01   2.2769490e-01   5.9698861e-01  -9.4481765e-02   1.6965774e-01   3.9641863e-01   2.1969785e-01   4.9208460e-01   9.8873462e-02   5.6050513e-01  -1.0730731e-01   9.1734554e-02  -1.0867357e-01  -1.8705862e-01  -5.2309132e-01   6.7647782e-02   4.2076443e-02  -4.2428403e-01   1.9998163e-01   8.0597064e-02   1.1027236e-01   2.3720250e-01   7.0782098e-03   2.3494146e-01   7.0363711e-01   4.2144329e-01   3.3613198e-01   2.7689825e-01  -1.2309389e-01   8.0514465e-02  -1.9120707e-01  -1.4921284e-01  -3.9754431e-01   4.5694925e-01   7.1547083e-02  -1.1570357e-02   2.8960220e-01  -3.2586492e-02   2.0543460e-01  -1.4782895e-01   5.3909789e-01   1.0989432e-01   1.3881455e-01  -2.3557687e-01  -2.4697824e-01   1.9780820e-01   6.3661398e-02   5.6382705e-01   1.7976195e-01   2.6094743e-02   1.7706257e-01  -1.9457311e-01   4.0928527e-02  -2.8178199e-01   6.9340281e-01  -3.8996742e-02  -4.3543345e-02   2.7785689e-01  -1.0166064e-01   4.9528434e-01   2.8700493e-01   2.6736564e-01   2.2741288e-01   2.1059609e-01   9.0509623e-02  -1.1570043e-01   7.2209917e-02   5.4487966e-01  -3.2630438e-01  -2.0904045e-01  -2.7459145e-01   1.3963121e-01   6.3511240e-02   7.0699203e-01  -1.0628627e-01  -2.0882960e-01  -3.0611605e-01   1.8770811e-01  -1.0577291e-02   1.4456797e-01  -1.8709759e-01   6.5520466e-01  -1.5009620e-01  -3.3254337e-02  -3.0209022e-01   3.8410995e-01   2.5813977e-01  -3.6025548e-01  -3.1278010e-01   4.3645901e-01  -6.6300234e-02  -9.9564371e-02  -1.1475393e-01   1.0646255e-01   1.5657966e-01   2.8883393e-02  -1.2281903e-03  -2.2091174e-01   1.7020263e-01
