   0.0000000e+00  -1.1673089e-01  -4.0468851e-02   2.2652891e-01  -2.1238822e-01  -1.9475067e-01  -4.5499942e-01   4.4026516e-01   8.9523667e-02  -3.1482507e-01  -2.6137210e-01  -1.8120420e-01   1.4568473e-02   6.3509786e-01  -8.3452923e-03  -1.6358925e-01   8.7859397e-02  -2.1821334e-01   4.9898463e-01  -1.4200107e-01  -4.5077326e-01  -2.2587881e-01  -1.9349234e-01   5.3411979e-01  -1.0179323e-01   4.4060984e-01  -4.7889256e-01   3.7432318e-01   1.5361004e-01  -4.4729363e-01  -2.1640365e-01   1.1345167e-01   1.5247430e-02  -3.5679096e-01  -5.2507525e-02  -3.2443858e-01  -7.5546502e-02   8.8910404e-02  -1.1385094e-01   3.4963054e-03  -3.0395036e-02   1.5050821e-01   3.7667586e-02  -2.9082345e-02  -1.2665218e-01  -5.1352472e-02  -2.4349091e-01  -5.5524132e-01  -2.5440232e-01   1.2660522e-01  -2.4800085e-01   3.3910219e-01  -2.0813511e-01  -7.2907009e-03   3.0467592e-01   4.2524130e-02   4.2644032e-01   7.3084885e-02  -1.0912703e-01  -1.5472043e-01   9.4633315e-02  -2.4750920e-01   4.1320370e-01  -9.3759202e-03  -2.2900039e-01  -3.1916472e-01   1.7062142e-01  -2.5070589e-01  -5.1289179e-02  -1.6823339e-01   3.5652449e-02   5.5797465e-02  -3.0482430e-03  -1.1164406e-01   3.3796168e-01   9.5562721e-02   4.7374968e-03   1.8491438e-01  -3.5627024e-01   1.5027061e-01   2.2003657e-01   1.7702231e-02  -2.6174027e-01   2.9507455e-01   1.0809407e-01   3.0457087e-01  -1.8486311e-01   4.5434556e-01  -5.1246736e-02   6.2867255e-01  -1.4732576e-01   3.2740438e-01   2.7811566e-02  -2.1194505e-01   5.4185380e-02   1.3970974e-01  -2.8997196e-02   5.3218119e-01  -1.4109255e-01  -2.8470703e-01   3.1224566e-01   4.7005058e-02  -1.9452385e-01  -2.4453131e-01   9.3897346e-02   3.9641519e-02  -1.4751643e-01   2.1630858e-01  -4.4800662e-02  -1.3436151e-01  -3.6461145e-01  -2.1640008e-01  -1.3133343e-01   4.7816701e-01   2.4530380e-01  -1.6438599e-01   1.3560029e-01   5.4950642e-02   1.4744215e-01   2.8690977e-01   5.6501894e-02  -5.5580720e-02  -5.9639722e-02  -3.1207262e-01   1.9247934e-01   9.9716153e-02  -2.1335116e-01   1.0643788e-01   1.2272062e-01  -1.1866207e-01  -7.0258360e-02  -3.4184012e-01   3.5115009e-01  -4.4831768e-01   1.8224080e-01   4.2705278e-01   2.8312683e-01   2.6939664e-01   3.6789702e-01   5.7218187e-01   4.1414093e-01   3.7040716e-03   1.9266690e-01  -1.7155742e-01  -2.3230610e-01  -2.1060215e-01  -1.7916495e-01  -2.7383442e-01  -2.7220693e-01  -2.5849711e-01   5.4045124e-01   4.1726793e-02   4.3267484e-03  -3.3068765e-01   6.0925926e-02   5.3365483e-01   1.9681395e-01   3.7214441e-02   6.0338322e-02   1.1621732e-01  -1.4829586e-01   1.0508897e-01  -2.9538090e-01  -1.8576481e-01   5.6087208e-02  -1.1276152e-01  -3.0146788e-01   3.1283088e-01  -8.3910698e-02  -1.1319411e-01  -2.3696762e-01   2.0337022e-01  -3.4822891e-01  -1.9925447e-02  -8.4580202e-03   1.9417128e-01   9.3321250e-02
  -1.1673089e-01   0.0000000e+00   4.5977871e-01  -6.4645624e-02  -7.1621982e-02   4.0652691e-02  -1.4858828e-01  -2.0789378e-02   2.1230285e-01   2.7197251e-02  -3.5982836e-01   4.9970095e-01  -1.5721587e-01  -7.2995199e-02   4.1516561e-02  -1.0018923e-01   5.0049788e-01  -2.6314949e-01   4.3848503e-02  -1.1089402e-01  -2.3108655e-01  -9.4107279e-02  -3.8778504e-01  -1.1121622e-01   1.7211897e-01  -3.6206174e-02  -4.2774038e-03  -1.1100689e-01  -7.7945917e-02   1.6190198e-01   3.3871103e-01  -3.6968450e-02   1.7132453e-02   9.7123784e-02  -9.9248008e-02  -1.5236007e-01  -1.3144591e-01  -2.4115361e-01  -4.8434725e-02   3.9026843e-01   8.7011383e-02   7.2292784e-02   2.6171894e-01  -4.0607627e-01  -1.5166686e-01  -6.6295932e-02  -2.3801917e-01   3.2514632e-01  -2.3247503e-01   2.3914023e-01  -3.0550606e-01   5.2199402e-02   2.8907135e-01   1.6375641e-02   1.1665156e-01  -2.7688963e-01  -2.1403789e-01   1.0336203e-01   3.4953554e-02  -4.0897765e-03  -3.3437358e-02  -3.0541033e-01   1.3109410e-01  -2.3588071e-01   1.9601902e-01  -2.0083101e-01   2.8470625e-02  -5.0835276e-02  -2.8349887e-01   1.9460764e-02   6.7510918e-01  -2.8816221e-01   2.4357642e-01   6.5797273e-02   2.9283937e-02   3.8445656e-01  -2.1433394e-01  -1.9900060e-01   4.1999524e-01   1.2328251e-02  -1.3338691e-01  -6.3204762e-02   1.7773776e-01  -3.4599268e-02   2.5337327e-01   1.0520479e-01   1.2100755e-01  -2.0165394e-01   1.4263012e-01  -1.7728766e-01   4.3212107e-01   1.0957140e-01   3.8043457e-01  -1.3132285e-01  -1.5500777e-01   2.6628268e-01  -1.4125227e-01   2.2308561e-02  -2.0597202e-01  -1.3411937e-01   1.3464190e-01  -2.5082264e-01  -1.8367341e-02  -1.2436853e-02  -3.6096338e-01  -7.6157842e-03   1.8264058e-03   6.8399245e-02  -1.6050800e-02  -4.7124413e-02  -2.1595012e-01   1.9797447e-01  -1.6227414e-01  -3.2292315e-01  -2.3381536e-01   5.2374536e-01  -9.1476278e-02  -6.3923209e-02   3.5555844e-02  -2.0058933e-01  -3.2571826e-01   1.7133436e-01   1.4634903e-02   1.5258992e-01  -2.1678580e-01  -1.2096376e-01  -3.9038243e-01   5.7966134e-02  -1.3268382e-01   2.1619467e-01  -1.5461810e-01   1.3293970e-01   1.1689710e-01   1.4633894e-01  -2.6781626e-01   1.9031240e-01   1.1153719e-01  -1.6247256e-01   1.2865212e-01  -1.0698817e-01  -1.8660162e-01   4.0621579e-02  -3.2902524e-01   2.5992346e-01  -1.0044272e-01  -4.6590605e-02   2.4815232e-01  -2.6785766e-01  -2.8081870e-01   3.6207716e-01  -1.3192502e-01  -2.3336162e-01  -8.9409492e-02  -1.8131174e-01   6.2090981e-01  -6.6937815e-02  -4.6647064e-01  -4.2369940e-02  -4.0344863e-02  -1.9872195e-01  -1.2584539e-01  -2.8032766e-01  -1.0818531e-01  -2.7713598e-01   2.9016051e-02   2.2660722e-01  -2.5740255e-01  -1.5504664e-01  -2.9149955e-01   4.7003478e-01   9.1591877e-02  -3.8966234e-01  -1.4104835e-01  -1.6209251e-02   1.4506574e-01   1.0196757e-01   4.2650325e-02
  -4.0468851e-02   4.5977871e-01   0.0000000e+00  -5.4781528e-02   1.8426697e-01   1.8619544e-01  -3.1326202e-01   1.7502749e-01   8.1672811e-02   4.8151766e-02  -5.2938819e-01   5.3427194e-01  -1.2812831e-01  -7.0887133e-02  -2.1416784e-01   3.6257297e-02   8.2190995e-01  -6.6056993e-02   1.4994101e-01   1.6535915e-01  -4.2996155e-01  -1.8669667e-02  -5.1607290e-01  -1.7672266e-01   1.7377761e-01   4.6117894e-02   4.4931121e-02  -1.7206119e-01  -4.9331522e-02  -9.1351151e-02   2.3770869e-02  -8.5835119e-02   1.8667760e-01   2.1106562e-01  -2.3663591e-01  -1.3643217e-01  -1.0986844e-01  -3.8434761e-01  -1.9953102e-02   6.9505346e-01  -2.4219860e-01   2.4773424e-01   2.5630425e-01  -2.5737636e-01   2.3434603e-02   1.5739282e-01  -4.7185478e-01  -4.8743603e-02  -2.4350486e-01   7.1091496e-01  -3.3577231e-01   1.4089020e-01   2.8340896e-01   3.8665267e-01   1.6643578e-01  -2.9237838e-01  -9.8784166e-02   1.2628490e-01  -1.3377348e-01  -1.1017644e-02   2.0481823e-01  -1.4662294e-01   9.0833072e-02  -1.9504233e-01   1.0856431e-01  -3.9935011e-01   3.3615488e-01   1.2285739e-01  -1.8175458e-01   4.0041840e-01   5.2902260e-01  -1.5946370e-01  -7.3977178e-02   1.5562550e-01   9.1420561e-02   4.3029230e-01   1.4963676e-01   6.9989446e-03   1.5875693e-01   9.3430939e-02  -1.2769145e-01  -1.5122599e-01   1.7057279e-01   1.4709708e-01   4.3562493e-01  -1.1280654e-02  -3.8818056e-02  -1.8792560e-02   7.4714747e-02  -1.7760235e-01   2.1484619e-01   3.6909419e-01   5.6477368e-01   3.7842091e-02  -2.9361575e-01   4.1502502e-01   1.1613395e-01   1.6813338e-02   5.6840956e-02  -2.6019891e-01   2.4693440e-01  -1.9511326e-01  -1.8126854e-01   5.3621890e-02  -4.4420353e-01   7.4502034e-02   3.0094638e-01   8.0363913e-02  -5.0611207e-02  -1.8633270e-01  -8.7255016e-02  -1.5720934e-02   1.2101831e-01  -3.5891290e-01  -1.2905877e-01   9.6482615e-02  -1.2399342e-01  -1.9000324e-01   1.5889508e-01  -9.5553522e-02  -1.2582014e-01   4.5514414e-01   1.9426683e-01  -3.0582053e-02  -2.3703905e-01  -1.2330481e-01  -5.6601485e-01   8.8855440e-02   1.9902656e-01   5.9434469e-01  -9.9648703e-02  -2.6966644e-02   7.4188109e-03  -8.0093804e-02   9.7408207e-02   2.3570849e-01   2.6109973e-01  -1.9413142e-01   6.0157683e-02  -1.5346036e-03  -7.9803188e-02  -8.5420458e-02  -4.9215726e-01   4.6933510e-01  -2.0252422e-01  -8.9707958e-02   4.0305768e-01  -6.1990866e-01  -5.0661921e-01   1.0425729e-01   3.7899295e-02  -1.6636500e-01   1.3178769e-01  -3.9720666e-01   7.1272400e-01   8.1762651e-02  -3.3456643e-01  -2.3416007e-01   3.9136814e-01  -2.6188079e-01   2.7391080e-02  -4.4281619e-01  -1.9497649e-01  -1.2403934e-01   1.3978413e-01   7.3708402e-03  -2.5814299e-01  -1.7396765e-01  -4.1569970e-04   4.5373704e-01  -2.1101785e-01  -3.7220715e-01  -1.4930567e-01  -4.4840781e-02   2.4716544e-01   2.4595237e-01   7.6536973e-02
   2.2652891e-01  -6.4645624e-02  -5.4781528e-02   0.0000000e+00  -3.8207065e-01   1.2303888e-02  -3.6701790e-01   8.9423262e-02   1.3596942e-01  -2.3553219e-01  -2.8093990e-02  -8.1888529e-02   3.7760609e-01   1.4176058e-01  -2.6362587e-02  -2.8140701e-01  -3.8491702e-02  -2.2450015e-01   1.1904199e-01  -1.9584572e-01  -4.5318864e-02   6.2473082e-02   1.0947488e-01   2.8536352e-01   2.8015059e-01   1.1683552e-01  -2.2961700e-01   1.1846467e-01   2.4755545e-01  -3.6678007e-01  -1.0604671e-01   5.4948495e-01  -5.7196943e-03  -2.0797256e-01  -8.0730544e-02  -4.1238226e-02  -1.5470346e-01   4.7179465e-01  -2.8319486e-01   7.5798006e-03   3.6005127e-01  -1.7212318e-01   2.0060737e-01  -1.2014301e-02  -2.3679801e-01   8.9623553e-02   1.0091599e-01  -4.4188511e-01   8.7433362e-02  -2.1439984e-01   1.9583658e-01  -6.2253291e-02  -3.1319377e-03  -3.1911864e-01   1.0309786e-01   5.6102603e-02   1.5877260e-01  -2.0462689e-02   3.4883925e-01  -1.2688360e-01  -2.2131261e-01   3.5544529e-02   4.8350552e-01   5.3811067e-03  -1.9750507e-01  -7.0572649e-02  -2.9111620e-02  -6.5202641e-01  -2.9096726e-02  -8.6215745e-02   6.2426074e-02   1.0493074e-01   8.0358544e-02   1.9563598e-01   8.9380034e-02  -2.2607240e-01  -2.1994338e-01  -1.2903652e-01  -6.5018004e-02   1.8896845e-01  -2.2778580e-01   5.3440129e-02  -8.6929844e-02   9.9072177e-02   1.5619652e-01   7.0253820e-02  -3.0803286e-01  -2.0307445e-02  -5.4736217e-01   2.7865447e-01   7.7012487e-02   3.3051134e-01  -3.2609358e-02  -2.4299736e-01   5.3632421e-01   1.3014375e-01  -2.0797491e-01   2.5353708e-01  -5.5897594e-01  -1.2743287e-01   2.1663295e-01   9.9423068e-03   9.9572963e-02  -4.2639689e-01   4.9607215e-01   4.3837539e-02  -3.4716011e-01   8.3008326e-02  -2.5874093e-03   3.6886172e-02  -2.8286732e-01   1.3312873e-01  -4.7950578e-01   2.6562181e-01  -1.1705534e-01  -1.8327632e-02   1.4772023e-02   5.1008099e-01   6.2217578e-02   7.7196547e-01  -4.2790431e-01  -1.9169556e-01  -4.3468340e-01  -3.1697537e-02   5.5331101e-02   9.5859153e-02   1.1081876e-01   2.1072801e-01   2.5510742e-01  -5.2131611e-03   5.7322784e-02  -9.0133161e-02   2.8693034e-01  -1.9951142e-01   1.3394558e-01   1.4979408e-01   2.9084319e-01  -3.5018277e-02   1.8206145e-01   2.2831295e-01  -8.3338966e-02   1.8196027e-01   3.3582060e-01  -3.8073324e-02  -2.2258044e-01  -2.0452076e-01  -1.6594230e-01  -6.2324062e-02  -3.8856059e-02  -8.5177720e-02   1.8832493e-01  -8.0872210e-03  -4.2605663e-01  -1.5299450e-01  -1.3978166e-02   2.5468097e-03  -1.0554128e-01   1.8445740e-01  -2.6883632e-01   1.0284563e-01  -6.8731404e-01   2.8775887e-01   4.8486576e-02  -1.3480139e-01   2.1051585e-01   2.4173602e-02  -2.1228378e-01   2.0581723e-01  -3.8973977e-01  -8.6022054e-02  -1.3788304e-01   3.9747442e-01  -3.8686851e-01   1.2191631e-01   5.1952813e-02   6.3571437e-01   1.4907534e-02
  -2.1238822e-01  -7.1621982e-02   1.8426697e-01  -3.8207065e-01   0.0000000e+00  -7.7710582e-02   1.3815328e-01   1.3515951e-01   3.0348339e-01   2.1914384e-01   2.5636529e-02   1.7616655e-01  -3.1859634e-02  -2.6416768e-01  -4.1244816e-02   2.9469217e-01  -5.5490719e-02   7.6763926e-01  -1.9755728e-01   8.5376517e-01  -1.3281034e-01   1.3846775e-01  -3.1050604e-01  -4.7127106e-01  -2.3000392e-01  -3.1857009e-01   3.3532576e-01  -1.3094908e-01   1.4220181e-02   2.5395509e-01  -1.5057101e-02  -4.9030481e-01   5.1721983e-01   1.1783621e-01  -3.3174065e-01   3.6163629e-01   5.2399599e-02  -5.3023580e-01   6.8477556e-02   1.8024721e-01  -1.8014603e-01   4.5069310e-01  -2.1768636e-01   2.4945133e-01   4.6012138e-01  -3.8586813e-01  -2.0531641e-01   2.3676019e-01   3.3306703e-02   4.7272325e-01   2.3480021e-01   1.1589460e-01   1.5728221e-01   6.2298515e-01  -1.2622698e-01   4.3889689e-02  -2.3621359e-01   2.2868321e-01  -2.2013104e-01   1.3772565e-01   9.9563660e-02   1.9133161e-01  -5.0469719e-01   1.4898358e-01   4.2173029e-01   5.5441268e-02   8.4041005e-02   6.9227499e-01   2.8473188e-01  -1.1045025e-01   4.8428875e-02   1.6647929e-01  -1.5169422e-01  -3.4299707e-01  -1.5297194e-01  -4.6489168e-02   8.3176367e-02   3.0270223e-01   2.3822368e-01   1.8839355e-01  -1.1039209e-01  -5.3036746e-01   3.0481323e-01  -4.5399618e-02  -2.2306586e-01  -3.2434133e-01   1.5883389e-01   4.5727687e-02   4.5649316e-01  -4.4326328e-01   3.1670434e-01  -3.2122651e-01   2.3061863e-01   6.7609989e-01  -5.7843295e-01   2.9557693e-02   3.2877565e-01  -2.7036128e-01   5.9156870e-01  -1.5120885e-01  -1.0053179e-01  -5.4188903e-02  -5.3200096e-01   6.2056510e-01  -3.2155103e-01   3.3710370e-01   7.8742754e-01   5.9367502e-02  -1.9823692e-01  -6.5082595e-02   3.8335090e-01  -4.4820425e-01   7.0918917e-01  -4.0562054e-01  -1.0690969e-01   5.9105615e-02  -9.7383013e-02  -2.6218600e-01   1.7165684e-02  -4.4392549e-01   2.9451288e-01   7.6274386e-01   5.5385697e-01   1.8213911e-02  -3.7980748e-01  -1.2579952e-01   2.1056494e-02   1.4477693e-01   3.6676983e-01  -2.2715645e-02  -1.3924661e-02   2.2582006e-01  -4.8989694e-01  -7.5855743e-02   3.8118206e-01  -2.2856014e-01   9.6406223e-02  -1.6553182e-01  -1.4025390e-01  -1.2185605e-01   9.4730321e-02  -1.5558042e-01  -4.8762060e-01   1.6404913e-01   1.4223245e-01   3.7337979e-01   1.6360653e-01  -1.6833379e-01  -2.5810726e-01  -8.2389662e-03  -2.7160205e-01   4.7236676e-02   4.7697611e-01   2.6933875e-01   1.4685392e-01  -4.0676057e-02   2.0775675e-02   4.8711473e-02   7.3015512e-01  -2.3558197e-01   5.4726094e-01  -3.6297769e-01   5.3510209e-02   7.1512696e-01  -3.2541826e-01   1.1685161e-01   5.0320109e-01  -3.4930484e-02   5.8059929e-01   3.3614924e-01   1.3943924e-01  -4.1182826e-01   5.8940437e-01  -5.9472863e-02   1.4621428e-03  -2.1043695e-01   3.2758728e-01
  -1.9475067e-01   4.0652691e-02   1.8619544e-01   1.2303888e-02  -7.7710582e-02   0.0000000e+00   2.6405824e-01  -2.6404655e-01  -3.6792416e-01   3.2560491e-01   2.8407339e-01   4.2597561e-01   2.9507070e-02  -2.4977917e-01   3.9584856e-02   2.8485905e-01   9.6015266e-02  -1.0945550e-01  -2.0727717e-01   2.4322739e-02   5.9168636e-02  -1.5811123e-02   2.6649015e-01  -2.2300969e-01   3.0636990e-01  -1.2950146e-02   4.3832699e-01  -4.0000071e-01  -2.8257959e-01   5.1081110e-02   3.0807633e-02   3.4422458e-02  -1.5993988e-01   4.1367181e-01   1.5554180e-01   2.6276164e-01  -3.8788784e-02  -4.6151940e-02   2.3125861e-01   2.1508787e-01  -1.1267766e-01  -2.5913826e-03   2.9081280e-01  -2.1567547e-01   4.3708028e-03   1.3095323e-01   3.7034799e-01   2.5682046e-01  -1.5078338e-02  -9.2998634e-02   2.4745141e-01  -2.6401302e-01  -1.7445616e-02  -1.6318238e-01  -1.3790140e-01  -1.2389724e-01   9.7191026e-02  -1.3703042e-01  -1.0832648e-01  -1.1751898e-02  -6.0660700e-02   7.9480709e-02  -8.0084141e-02  -1.5256374e-01  -1.2984068e-01   3.0881072e-01   4.4811429e-01  -2.0718830e-01   5.5199013e-02   5.1277167e-01   2.4295329e-02   1.8915952e-01  -5.4296792e-02   2.7569918e-01  -2.1594317e-02  -8.0979598e-02  -1.5382483e-01  -2.8211213e-01   1.7602695e-01  -5.3799267e-02  -4.8764508e-02   3.2359411e-02   6.4514559e-02  -1.2509079e-01   1.0722499e-01  -2.0586715e-01  -8.9743318e-02  -2.5587367e-01  -4.5249517e-02  -2.2188902e-01  -1.2711348e-01  -7.6135521e-02   1.7653113e-01  -1.0737435e-01   8.3247898e-02   2.2602726e-02  -5.7778772e-02  -1.3341801e-01  -2.4947691e-02   1.5422027e-01  -6.0364892e-02   9.7802075e-02   3.1599943e-01  -1.7310729e-01   1.3425943e-02  -2.1919358e-01  -1.6127102e-01   5.0858938e-02   1.8486360e-02   3.3431398e-01   2.9102049e-01   2.4915638e-01  -1.3689781e-01  -2.4808535e-01  -9.6605165e-02  -5.2517716e-02  -5.9501676e-02   3.9641879e-03  -1.9637147e-01   1.7632535e-01  -1.9841191e-01  -8.5346040e-03  -2.1988125e-01  -1.4101281e-01  -1.5733789e-01   1.4525589e-02   7.1760987e-02   2.2941916e-02  -1.4887776e-01   3.6416664e-01   1.7849127e-01   1.9116472e-01   1.5551415e-01   5.7172781e-02  -3.2219027e-02  -2.7671923e-02  -1.4571866e-01  -1.2632987e-01  -1.6475106e-01   8.1904388e-03  -2.1328202e-01   3.3721123e-02   9.3509470e-02   2.1920723e-01  -1.5179445e-02  -2.6885901e-01   2.6083360e-01   1.2023791e-01   4.4346408e-01  -5.8162531e-02  -1.3797425e-01  -2.4078422e-01  -1.4141816e-01   1.1989658e-01   1.2309049e-01  -1.4772834e-01  -1.6541992e-01  -2.5222895e-01  -1.5195450e-01  -1.8282107e-02  -1.5460165e-01   1.8787687e-01   1.1483875e-01  -1.5997525e-01   7.6652329e-02   3.1318677e-01   1.9381853e-01  -1.8424791e-02  -4.1709236e-02  -9.0508851e-02   2.3869139e-01  -1.0659125e-01  -1.0283292e-01   1.5922559e-01   2.1435906e-01   8.3941933e-02  -2.8827790e-01
  -4.5499942e-01  -1.4858828e-01  -3.1326202e-01  -3.6701790e-01   1.3815328e-01   2.6405824e-01   0.0000000e+00  -4.1003029e-01  -3.2503075e-01   4.2178438e-01   5.4372616e-01   6.9478528e-02   3.4849688e-02  -3.8166122e-01   3.4937786e-01   3.9168251e-01  -4.0202203e-01   1.4288377e-01  -4.3209478e-01   1.4303527e-01   4.7626072e-01   6.8451332e-03   6.0594805e-01  -3.6284470e-01  -2.2216414e-01  -2.4674909e-01   4.6590749e-01  -1.4223147e-01  -3.0852753e-01   4.0213748e-01   7.2228476e-02  -2.0609083e-01  -1.5427957e-01   4.0908358e-01   3.8982803e-01   3.3907321e-01   9.7175027e-02  -3.9047090e-02   1.8780345e-01  -2.5747519e-01  -1.1520029e-01  -1.1089521e-01  -1.0397489e-01  -4.4443862e-02   2.1620615e-01  -1.7846171e-01   3.7327922e-01   5.0774582e-01   2.1881187e-01  -3.0903999e-01   3.8017392e-01  -2.4337611e-01  -6.4622867e-02   1.9824577e-02  -2.6202022e-01   1.5643504e-01  -1.9677367e-01  -9.6018918e-02  -4.6312638e-02   1.6188767e-01  -9.8828973e-02   2.9719718e-01  -3.9339662e-01  -8.7852377e-02   6.2191071e-02   5.5506615e-01  -8.4175196e-02   2.5178059e-01   3.6979952e-02   2.2714185e-01  -2.7093812e-01   2.0585131e-02  -2.1411944e-02   1.3272044e-01  -3.5383863e-01  -2.4643085e-01  -7.9708140e-02  -7.4320313e-02   1.2277063e-01  -2.6359378e-01   2.5922859e-01   6.1552194e-02  -6.5332243e-02  -2.6772392e-01  -2.7151992e-01  -2.6018765e-01   2.6864033e-01  -2.1930592e-01   2.0103245e-01  -3.3746356e-01  -2.1690979e-01  -4.3667673e-01  -2.0789783e-01   2.1294938e-01  -1.4064597e-01  -4.0056710e-01   1.0566725e-01  -4.5194212e-01   2.3467842e-01   5.4925671e-01  -3.1254278e-01   2.9925336e-01   2.1540212e-01   2.2349734e-01   1.9008079e-01  -4.2210974e-02   5.6281959e-02  -1.9630294e-01   2.8080886e-01   6.0955128e-02   5.6216304e-01   1.1952306e-02   1.4205616e-01  -2.0043319e-01   1.3451854e-01  -1.9152896e-01  -3.2389989e-02  -2.1438535e-02  -2.0349192e-01  -3.1405452e-01   1.8023409e-01  -1.5814027e-01   8.1087726e-02   1.8266819e-01  -1.0838155e-01   1.7024737e-01   6.0936897e-01  -3.0033360e-01  -2.6485460e-01  -1.0989544e-01   2.4247017e-01   3.4270867e-01  -2.3750328e-01   2.7948327e-01  -1.8748679e-01  -3.6580640e-01  -4.2991608e-01  -3.0761125e-02  -4.3615238e-01  -1.7581990e-01   3.5654486e-02  -8.1122621e-02   1.1174021e-01  -1.1857674e-02   5.6077484e-01   8.7283104e-02   3.0452440e-01   3.5625587e-01   5.7076519e-01  -2.7018099e-02  -2.1643765e-01   1.9298851e-02   8.8551367e-02   3.5480342e-01  -3.5324849e-01  -2.6932943e-01   4.7473013e-02   5.9658446e-02  -1.2082699e-01   3.0673440e-01   2.9199662e-01   1.6525357e-02   2.6654922e-02   1.9818655e-01  -1.1230790e-01   5.8239688e-02   5.1877514e-01  -1.1867919e-01   2.5721638e-01  -3.1197105e-01   3.7599947e-01  -1.3194748e-01   3.0002040e-01  -6.0291903e-02   1.0371027e-03  -4.7688205e-01  -1.2814407e-01
   4.4026516e-01  -2.0789378e-02   1.7502749e-01   8.9423262e-02   1.3515951e-01  -2.6404655e-01  -4.1003029e-01   0.0000000e+00   4.7540875e-01  -2.0839604e-01  -4.5505482e-01   1.3450465e-02  -5.8305383e-02   1.5507938e-01  -2.1879236e-01  -2.5217675e-01   2.2113510e-01   1.4742908e-01   6.1498509e-01   9.9090679e-02  -3.5850967e-01   1.5733268e-01  -4.3388040e-01   3.6758189e-02  -6.7131563e-03   5.3002725e-01  -3.4973720e-01   2.7470139e-01   2.1002741e-02  -1.5563795e-01  -4.5888916e-02   1.8984685e-02   3.2239736e-01  -2.3069503e-01  -2.8954856e-01  -1.9423225e-01  -1.3529558e-01  -1.1268420e-01  -3.8621558e-01   1.4980927e-01  -7.0115915e-02   3.0521643e-01   9.2004696e-02   2.6709249e-01   5.1046472e-02  -1.0990150e-01  -4.1728673e-01  -3.7759323e-01  -1.6456949e-01   2.8072918e-01  -2.3035137e-01   7.8619316e-01   5.3547877e-02   2.3088157e-01   1.7170779e-01   1.3737481e-01   4.2390867e-01   4.7967098e-01   3.9959052e-02   4.9645204e-02   1.2430034e-01  -1.5945012e-01   2.4594586e-01   1.4739314e-01   1.2035214e-01  -2.8641905e-01   1.6036303e-01   1.3835288e-01   1.2292468e-01  -3.6087439e-01   6.2886963e-02  -1.2477384e-01  -1.7013459e-01  -2.2082839e-01   2.4411849e-01   2.8516193e-01  -1.6798980e-02   4.9046512e-01  -3.1289725e-02   2.7355346e-01   1.0439922e-02  -3.0731881e-01   1.0858969e-01   5.7047171e-01   2.2095056e-02   2.8637463e-01  -8.0596778e-03   1.7899343e-01   1.3714568e-01   1.6623373e-01   1.8629439e-01   2.9595599e-01   1.4155881e-01   1.3483364e-01  -1.4728566e-01   1.4139872e-01   1.2353464e-01   5.3518684e-01   1.1787717e-01  -3.8565457e-01   2.3401142e-01  -1.8585349e-01  -2.7664721e-01   1.4834726e-01  -9.5815403e-02   3.1491773e-01   2.2982956e-01   5.1843358e-01  -2.7655635e-01  -9.3186506e-02  -2.4410909e-01  -2.5536727e-01   2.5698233e-01   2.4257691e-01  -1.4635881e-01   7.9402125e-02   2.8386252e-01  -2.0890455e-01   2.9795128e-01  -8.3182228e-03   4.8324942e-02   2.7150112e-01   2.9654721e-01   1.9741631e-02   3.1424845e-02  -1.0399943e-01  -3.1872666e-01   1.9200013e-01   4.6480020e-01  -8.8787523e-02  -4.3812448e-01  -1.2072144e-01   8.9750330e-02  -2.3543613e-01   4.5537123e-01   5.1592764e-01   2.1686938e-01   2.5726475e-01   4.6106201e-01   1.1674536e-01   1.0770484e-01  -1.5289673e-01  -1.8549076e-01   1.9388957e-01  -2.0311809e-01   1.2753123e-01  -9.2294353e-02  -3.3354655e-01  -4.0385356e-01  -2.5924967e-02   7.3040431e-02   4.6548012e-01   2.3311960e-01  -3.6548456e-02   2.5082893e-01   2.3484581e-02   5.7696826e-02   2.1093770e-02   3.5588130e-01   2.1272495e-02   1.2649591e-01  -1.4747462e-01  -1.6418735e-01   9.9187342e-02   1.0915944e-01  -6.1008260e-02  -1.0547554e-01   4.0145742e-01   1.3701157e-01   1.3235370e-01  -1.1519409e-01  -3.0464969e-02   2.6067504e-03   2.2361390e-01   1.1195904e-01   8.6244663e-02   4.0379255e-01
   8.9523667e-02   2.1230285e-01   8.1672811e-02   1.3596942e-01   3.0348339e-01  -3.6792416e-01  -3.2503075e-01   4.7540875e-01   0.0000000e+00  -1.7759921e-01  -3.3576534e-01  -1.2403055e-02   1.7596991e-01   9.5061949e-02  -5.4006872e-02  -1.5575833e-01   9.2954076e-05   3.2294197e-01   2.3837800e-01   1.9092662e-01  -1.2369172e-01   2.1289717e-01  -4.0487544e-01  -1.5773660e-02  -1.5726019e-01   1.8386689e-02  -2.8193199e-01   2.5657272e-01   1.9586737e-01   1.0593449e-01   2.2685483e-01  -1.0727419e-01   4.6477825e-01  -1.8305809e-01  -2.6972322e-01  -9.8920303e-02  -2.9530930e-02  -1.3825746e-01  -3.1962781e-01   9.8780341e-02   3.2615346e-01   3.5802361e-01   8.4435364e-02   3.2970906e-01   3.9652673e-02  -3.1329912e-01  -3.0049155e-01  -1.1066765e-01  -7.2735696e-02   1.5931589e-01  -2.6061773e-02   4.2334047e-01   2.2206120e-01   2.4157048e-01   6.8243699e-02   1.2442019e-01   3.1274159e-02   3.3815127e-01   1.2829953e-01   6.8271941e-02  -1.1491389e-01   2.8357447e-02   1.4154520e-01   2.8806789e-01   3.5832155e-01  -2.7081635e-01  -1.4378489e-01   2.8269423e-01   1.4970236e-01  -4.3718896e-01   2.3480452e-01  -3.1334305e-01   6.1134228e-02  -2.2263392e-01  -5.1779183e-02   1.5966789e-01  -2.0957253e-01   3.2484841e-01   2.5394874e-01   2.2278873e-01  -1.9391976e-01  -3.0686776e-01   2.3593126e-01   2.5158910e-01   1.2238876e-02   2.0920007e-01   2.4764322e-01   9.1595622e-02   2.5145016e-01  -1.6518697e-02   5.2677008e-01   2.7791431e-02   1.1233535e-01   2.6370248e-01  -1.7695658e-01   1.9632289e-01   2.6219915e-02   9.8836693e-02  -6.5010714e-02  -3.7876494e-01   2.2087054e-01  -1.4650943e-01  -3.2611588e-01   2.4859767e-01  -9.4308237e-02   2.5102447e-01   3.1586505e-01   1.3707127e-01  -1.8397058e-01  -1.4015304e-01  -1.5433525e-01  -1.7903436e-01   2.3854165e-01  -5.9465193e-03  -9.9455448e-02   3.8506454e-01   7.1351290e-02   1.8547653e-03   2.3268683e-01  -2.1508879e-01  -3.1004636e-02   3.1433158e-01   3.0036006e-01   2.5218026e-01  -1.5431353e-01  -1.4910891e-01  -1.0537751e-01   8.9845360e-02   3.9480719e-01  -1.5653526e-01  -3.2299061e-01   1.2453077e-01  -1.6831860e-02  -4.5289484e-02   1.8406959e-01   2.4563716e-01   1.7842977e-01   6.5140768e-02   2.8729239e-01  -5.7315889e-02   1.2473543e-01   1.3399800e-02  -3.3481798e-01   1.6762161e-01  -9.2097998e-02   3.0514653e-01  -9.0367310e-02  -1.7969994e-01  -4.1465969e-01   2.2059653e-01  -6.6952432e-02   3.1242417e-01   1.6637527e-01   1.1961156e-01   2.3113118e-01   2.6523081e-02  -1.8792522e-02   3.4771668e-01   2.3873994e-01   1.0120992e-03   6.4336172e-02  -2.5575789e-01  -8.9043292e-02   2.7520284e-01  -1.4000943e-01   8.2473878e-02   3.3900303e-03   1.4930046e-01   1.6293065e-01   3.6826485e-01  -5.2544988e-03  -2.2915113e-01   2.1944326e-01   1.4372558e-01   1.4511905e-03  -2.8076517e-02   3.0088010e-01
  -3.1482507e-01   2.7197251e-02   4.8151766e-02  -2.3553219e-01   2.1914384e-01   3.2560491e-01   4.2178438e-01  -2.0839604e-01  -1.7759921e-01   0.0000000e+00   1.3595454e-01   3.6092209e-01   8.5365164e-02  -3.6334192e-01  -3.0903945e-02   1.5864294e-01  -1.8488309e-01   9.5291894e-02  -4.0028844e-01   3.7530800e-01   1.7364639e-01  -2.7866184e-01   2.9305252e-01  -3.4856232e-01   5.9470989e-02  -1.2108162e-01   4.5984874e-01  -3.1138472e-01  -3.0703955e-01  -2.2124464e-02  -9.5299385e-03  -3.0030411e-01  -1.2467592e-01   6.0380758e-01  -1.3534614e-01   3.1233075e-01  -7.4811398e-02  -2.1589681e-01   5.3845757e-02   1.8398659e-01  -6.3281218e-02  -1.6604659e-01   8.4806630e-02  -2.1097133e-01   1.2587917e-01  -1.4614635e-01   6.7658194e-02   4.3401477e-01   1.2807015e-01  -1.1573135e-01   1.4856397e-01  -1.3069642e-01   2.5190720e-01  -5.6186429e-02  -1.7353831e-01  -2.3994860e-01  -1.6923679e-01  -2.3816443e-01  -9.9501275e-02  -1.5771323e-01  -3.4964171e-01   1.0469905e-01  -1.9191962e-01  -1.8030447e-01   1.6791237e-01   6.0263709e-01  -4.2844146e-02   9.9395093e-02  -2.4612451e-01   1.6587677e-01   1.7140872e-01   1.9447679e-01   6.7894283e-02  -3.5768839e-02  -1.7002365e-01  -1.4565523e-01  -2.4960177e-01  -1.0003890e-01   3.0376907e-01  -9.4841351e-02  -2.2654600e-01  -6.7598592e-02   1.2037614e-01  -1.5507275e-01  -4.6851229e-02  -3.7935478e-01   6.1410021e-02  -3.5169931e-01   4.1594551e-02  -2.9095872e-01  -8.6587747e-02  -4.0686479e-01   1.5894624e-01   7.6985060e-03  -1.1752148e-01  -6.6609080e-02   2.2804308e-01  -3.0391201e-01   2.6357406e-01   3.4899279e-01  -8.6446888e-02  -3.9889670e-02  -3.7269471e-02   5.4560431e-02  -2.4166739e-01  -2.1136937e-01   6.9751065e-02  -2.4484823e-01  -7.7316560e-02   7.0385592e-02   4.9423069e-01  -2.1957634e-01   1.6112847e-01  -3.1435826e-01  -1.9392738e-01   7.5376032e-02  -6.6981430e-02  -3.5743385e-02  -2.2727155e-01  -2.0617583e-01  -7.7927831e-02   9.6078925e-02  -3.7644631e-03  -5.6061638e-02  -2.3502767e-01  -1.6975374e-01   3.6188751e-02  -3.4230327e-02  -1.8224641e-01   1.5097954e-01   6.1919178e-02   4.5523108e-01  -1.1431365e-01   2.0367925e-01   9.6182207e-02  -1.3753438e-01  -2.2856425e-01  -3.3557440e-02  -2.2557611e-01  -2.1887635e-01  -2.1621210e-01   3.0481950e-03  -1.7185193e-01   2.1021763e-01   1.1760163e-01  -3.3179631e-01   5.0537836e-01   2.0858126e-01   3.5245425e-01   2.7547031e-01  -3.2945304e-01  -9.0411910e-02   2.6751038e-03   1.4856279e-01   1.0320262e-01  -3.4236122e-01  -8.6952931e-02  -2.1385243e-02  -1.3148770e-01  -1.0479273e-01   6.8301559e-02  -2.1227257e-01   3.6968389e-01  -4.6464961e-02  -2.8144560e-01   3.3071917e-01   2.7593306e-01  -1.3387994e-01   1.4243806e-02   9.7964363e-02   2.1200166e-01  -6.8521375e-02   2.0759867e-01  -1.5457440e-01   8.8507495e-02  -6.0393171e-02  -2.2422555e-01
  -2.6137210e-01  -3.5982836e-01  -5.2938819e-01  -2.8093990e-02   2.5636529e-02   2.8407339e-01   5.4372616e-01  -4.5505482e-01  -3.3576534e-01   1.3595454e-01   0.0000000e+00  -3.5246769e-01   2.9805381e-01  -2.2890473e-01   1.9602975e-01   2.5649681e-01  -4.3820231e-01   1.6505848e-01  -4.6301362e-01   2.1971420e-02   4.8681095e-01   5.4315764e-02   7.1368986e-01   1.7150188e-02  -1.5531006e-01  -3.2095093e-01   4.3211346e-01  -4.1927186e-02  -2.4704932e-01   3.8849660e-01  -8.5673310e-02   7.9354158e-02  -2.6171140e-01   3.6026078e-02   1.8748195e-01   5.5179344e-01   2.6088569e-01   3.3896614e-01   2.9047217e-01  -5.6820225e-01   1.5040525e-01  -2.2566933e-01  -1.3720481e-01   1.5370816e-01  -9.0479493e-02   1.0536578e-01   8.2307675e-01   2.7055669e-01   2.1644634e-01  -5.0487000e-01   6.4522263e-01  -4.1420620e-01  -2.8990092e-01  -2.4047686e-01  -2.7639336e-01   2.4931804e-01  -1.3411161e-01  -3.8332477e-02   9.5809020e-02   1.0646109e-01   1.0034658e-01   2.6003656e-01  -3.0242205e-01   1.0804176e-01  -2.7247550e-01   5.7004590e-01  -5.8296408e-02  -1.4832237e-01   4.7016639e-01   1.1577710e-01  -5.1749164e-01   2.3902353e-01   5.2042262e-02  -7.2571262e-02  -2.4473985e-01  -4.7047612e-01  -2.8213728e-02  -2.0430317e-01  -5.4885259e-02  -2.9218064e-01   1.1788801e-01  -4.7689110e-02  -1.6114015e-02  -3.9060962e-01  -4.3332096e-01  -2.0090855e-01  -1.5787652e-01  -1.1561204e-01  -4.3342300e-02  -1.4638723e-01  -2.9838702e-01  -2.5514935e-01  -4.1573364e-01   1.1666196e-01   2.4542476e-01  -3.9650353e-01  -2.0881108e-01  -2.8604038e-01  -1.5011528e-01   2.6218354e-01  -3.2570281e-01   4.3037025e-01   3.1268787e-01   1.2800098e-03   4.6821990e-01  -4.9990446e-02  -2.0509843e-01  -4.9363236e-02   1.1180684e-01   4.1428591e-01   2.8009276e-01   2.7440624e-01  -2.2102820e-01  -2.4391032e-03   8.0192605e-02  -3.5994070e-01  -1.1088390e-01   2.2892225e-01  -2.4704420e-01   8.4641903e-02   1.3375983e-01  -2.8993498e-01  -3.1941582e-01  -5.9683616e-02   1.3164161e-01   2.2678196e-01   6.2440697e-01  -2.1063195e-01  -2.1679514e-01  -2.6186946e-01   3.4974670e-01   1.4468287e-01  -1.7585801e-01   1.7950924e-01  -2.8549811e-01  -2.6902640e-01  -1.3592815e-01  -2.7463222e-02  -2.7648370e-01   1.4613574e-01   1.4206978e-02   2.1808271e-01   5.5166196e-01  -3.2042671e-01   1.9216527e-01   1.6070511e-01  -2.8111188e-01   6.1452120e-01   7.4219570e-01  -1.9897333e-01  -2.4309883e-01  -1.1872009e-01  -1.5522242e-01   4.4521967e-01  -6.7579333e-01  -1.0903996e-02   3.2925664e-01   2.1241241e-01  -1.7918366e-01   1.6817162e-01  -8.5078004e-02   5.5946398e-01   3.0005621e-01   2.3115646e-01  -1.2377649e-01  -8.5833462e-02   4.2581653e-01   2.7691107e-02   6.7903159e-02  -5.1603527e-01   1.7404964e-01   3.2082313e-01   6.4920784e-02  -6.5776918e-02  -2.0433286e-01  -2.4483813e-01  -4.5539617e-03
  -1.8120420e-01   4.9970095e-01   5.3427194e-01  -8.1888529e-02   1.7616655e-01   4.2597561e-01   6.9478528e-02   1.3450465e-02  -1.2403055e-02   3.6092209e-01  -3.5246769e-01   0.0000000e+00  -1.1869362e-01  -1.7491316e-01  -9.5140258e-03   1.5409312e-01   2.9786652e-01   1.5123712e-02  -1.0722222e-01   3.0297142e-01  -3.0592785e-01  -1.0110439e-01  -3.3504776e-01  -4.5236211e-01   3.5756995e-01  -3.2402384e-03   2.5933906e-01  -3.3633883e-01  -1.4468973e-01  -1.8273009e-02   1.2190168e-01  -2.0131096e-01   2.0410934e-01   4.6461087e-01  -6.9068895e-02   9.4179593e-02  -2.5942868e-01  -3.8950619e-01   6.8720275e-03   6.6664106e-01  -2.5540784e-01   1.7225086e-01   3.3652405e-01  -3.1393918e-01   1.6425200e-01  -1.3356672e-01  -1.9156590e-01   3.0787798e-01  -1.6079316e-01   3.0697816e-01  -1.7964867e-01  -4.4728711e-02   3.2576495e-01   1.6071907e-01  -8.6058709e-04  -3.7462646e-01  -1.4440127e-01  -1.0745861e-01  -1.6462520e-01   2.7115431e-02  -1.7980710e-01  -3.9610519e-02  -4.6341845e-02  -1.9974054e-01   2.9345713e-01   5.6128265e-02   1.7141742e-01   1.1225595e-01  -2.7426730e-01   2.8390452e-01   5.4757172e-01  -2.0546043e-02  -1.1175922e-01   1.7845599e-01  -2.2577478e-02   1.5602325e-01  -2.7023619e-01  -9.5574826e-02   4.2296635e-01  -9.7403596e-03  -2.9255266e-01  -9.0346908e-02   2.0506442e-01   4.8759287e-02   2.3409573e-01  -2.4850731e-01   1.3799439e-01  -2.2058044e-01   1.5861809e-01  -3.2892168e-01   2.7479051e-01   1.8061355e-02   6.4059488e-01   5.1757991e-02  -2.0109508e-01   1.5464194e-01   2.0496293e-01  -2.0800199e-01   1.6573553e-01  -2.9644326e-02   9.0926375e-02  -3.0752183e-01  -1.4372200e-01   7.4595489e-02  -3.6424298e-01  -4.3095999e-02   2.3886713e-01  -3.0680189e-02  -1.1387574e-01  -8.8738117e-02   2.4197167e-01  -1.7591450e-01   1.9560302e-01  -3.7994603e-01  -2.7559917e-01   3.8402566e-01  -1.5018964e-01  -1.5051334e-01  -7.4400355e-03  -9.9427852e-02  -1.7891846e-01   4.4144679e-01   2.6837117e-01   5.0716559e-02  -3.7949551e-01  -2.6211055e-01  -2.9894587e-01   9.2786788e-02  -2.9644685e-03   4.4143524e-01  -1.0397616e-01   2.5470152e-01   2.9343738e-02  -4.7433842e-02   1.6903461e-01   4.3659633e-02  -1.8149050e-02  -2.4355320e-01  -6.7818012e-02  -2.5507710e-01  -1.3010225e-01  -2.0334156e-01  -4.1490139e-01   5.0213359e-01  -5.9835112e-02  -1.6441735e-01   6.2078945e-01  -3.0285953e-01  -1.6696721e-01   1.0999949e-01  -9.9640562e-02  -1.4815989e-01   1.0793725e-01  -8.3232784e-02   6.8845454e-01  -3.5576005e-01  -3.9431846e-01  -2.6140854e-01   1.2946074e-01  -2.9290234e-01   4.6010655e-02  -3.3960641e-01  -4.7023830e-02  -5.6408165e-02   8.5768078e-02   5.5914696e-01   1.7900718e-01  -1.4446426e-01   6.5124038e-02   4.7188795e-01   2.7496247e-01  -4.9782342e-01   5.2872661e-02   1.5563711e-01   3.4694987e-01   2.3005836e-01  -8.6842757e-02
   1.4568473e-02  -1.5721587e-01  -1.2812831e-01   3.7760609e-01  -3.1859634e-02   2.9507070e-02   3.4849688e-02  -5.8305383e-02   1.7596991e-01   8.5365164e-02   2.9805381e-01  -1.1869362e-01   0.0000000e+00  -1.2651553e-01   3.2046084e-02  -7.6836108e-02  -1.8492838e-01   6.4084617e-02  -6.1953752e-02   4.1053816e-02  -8.9171458e-02   5.5706726e-02   1.8607653e-01   1.5848458e-01  -2.0193781e-01   2.2034910e-02  -5.6280964e-02   1.0756791e-01   3.8302022e-02   3.7640367e-02  -2.3589425e-01   2.7292716e-01  -9.5007927e-02  -5.4972949e-02  -4.4338945e-02   1.5676921e-01   5.0126870e-02   2.7964663e-01  -3.7276531e-02  -1.8880674e-01   4.8804509e-01  -1.3818427e-01   2.8210884e-02   4.8668270e-02  -2.9313890e-01  -1.9291551e-02   2.8883031e-01  -1.1613284e-01  -1.8409484e-02  -2.4057936e-01   3.4480945e-01  -7.0426964e-02  -8.9691310e-02  -7.5201282e-02  -6.3590227e-02   1.7543026e-01  -1.5737732e-02   3.7969257e-02   2.4938058e-01  -3.3416719e-02  -1.5419937e-01   5.7530073e-02   1.1674121e-01  -3.6282427e-02  -2.8232396e-01   2.4588898e-01  -6.8200991e-02  -2.3138873e-01   2.4086521e-01  -5.5639192e-02  -1.4030052e-01   2.2880271e-02   3.6775347e-02   2.0410688e-02  -1.0577167e-02  -3.5687711e-01  -3.2871741e-01  -1.1947373e-01  -1.0663395e-01  -9.1778667e-03  -1.0378214e-01  -2.0670029e-01  -2.6598555e-02  -1.2252794e-01  -1.5469774e-01  -7.7895262e-02  -2.3100768e-01  -9.0504571e-02  -1.8642831e-01   7.1335076e-02  -1.3103351e-01  -5.5038630e-02  -1.0130414e-01  -1.9569684e-02   2.5568125e-01   2.0651899e-02  -1.0888759e-01  -1.1355817e-01  -3.8726648e-01  -5.7662255e-02  -1.1180470e-01   1.6375725e-01   1.0737655e-01  -1.6738890e-01   3.5658453e-01   1.4077064e-02  -2.0129546e-01  -2.2883940e-03  -9.6105326e-02  -2.9642145e-02   6.3607560e-02   1.1722788e-01  -2.6288402e-01   1.3091557e-01  -1.2867113e-01  -2.1783756e-01  -3.4284732e-02   5.7211804e-01  -1.0168376e-01   2.4790510e-01  -2.7166262e-01  -6.3416231e-02  -2.9126005e-01  -1.9661222e-01  -1.2909646e-02   1.5918243e-01   2.4404293e-01   1.4349317e-02   1.3345290e-01  -1.8187835e-01   8.8900122e-02  -8.8331992e-03  -2.2490863e-02  -3.1183458e-01  -5.6586004e-03   6.6357786e-02   1.9393872e-01  -1.5526428e-01   7.8698634e-02   2.0693055e-01  -1.2987212e-02   5.8742038e-01   2.4785203e-01  -2.1583368e-02  -9.7030558e-02  -1.5863604e-02  -1.1861846e-01   5.0922364e-02   2.0309692e-01  -2.1450350e-01  -3.8270775e-02  -7.6455820e-02  -3.2082982e-01   5.5832471e-02  -2.0146584e-01   2.1428232e-02   3.3387319e-02   4.2310061e-01  -1.6620591e-01   1.8049696e-01  -3.3688855e-01   2.7445363e-01   5.3077271e-02   9.5405999e-02  -4.7030362e-02   3.9619259e-02   1.4243051e-01   4.3566812e-02  -1.5708389e-01  -1.2051468e-01  -1.1647864e-02   1.6430067e-01  -1.1030623e-01   2.9263305e-02  -2.1464991e-02   1.6022357e-01   1.0327668e-01
   6.3509786e-01  -7.2995199e-02  -7.0887133e-02   1.4176058e-01  -2.6416768e-01  -2.4977917e-01  -3.8166122e-01   1.5507938e-01   9.5061949e-02  -3.6334192e-01  -2.2890473e-01  -1.7491316e-01  -1.2651553e-01   0.0000000e+00  -1.2097259e-02  -1.7344819e-01   5.4067533e-02  -2.7279943e-01   2.7810616e-01  -1.8463020e-01  -2.8050495e-01  -1.3915747e-01  -9.6180959e-02   5.9482490e-01  -4.7412941e-02   2.0139878e-01  -4.9106770e-01   3.0227911e-01   2.7795713e-01  -3.5498262e-01  -2.0423756e-01   9.6733339e-02   1.4920556e-04  -2.2473261e-01  -1.2393509e-01  -2.8682144e-01  -2.0209256e-02   1.7772130e-01  -1.0307477e-01   2.1946069e-02  -8.9429286e-02   1.0633340e-01  -1.0340465e-01  -1.2818902e-01  -2.2130036e-01   9.1125396e-02  -1.9209717e-01  -3.6808534e-01  -2.5532279e-01   1.1218972e-01  -2.8939502e-01   5.2453982e-02  -1.5569566e-01   2.0068989e-02   3.4248255e-01  -7.6569595e-02   1.9831855e-01   1.9496032e-02  -1.0680362e-01  -2.2517896e-01   8.3962320e-02  -2.0575833e-01   2.9591274e-01  -9.0837155e-02  -3.0726252e-01  -3.4801896e-01  -9.0354361e-02  -2.0526396e-01  -2.0927852e-02  -6.7399350e-02   9.8067563e-02  -8.5580522e-02  -1.0750863e-01  -8.4490806e-02   2.3163453e-01   9.4920884e-02   8.7127451e-02   1.4185676e-02  -3.6624551e-01  -1.0037449e-01   2.4347489e-01   2.6901713e-02  -2.0017955e-01   1.6727350e-01   1.2519231e-01   4.0506793e-01   3.1423991e-02   5.9370219e-01  -9.6623409e-02   6.2045720e-01  -1.3921992e-01   3.0715924e-01   9.0632858e-02  -2.9466554e-01   1.1613267e-01   2.9217796e-01  -7.7486757e-02   3.9355326e-01  -2.1406107e-01  -1.9551605e-01   2.8096971e-01   1.7775001e-01   1.8183791e-02  -2.3712454e-01   7.3594667e-02   5.3473463e-02  -1.3679369e-01   1.0705605e-01  -2.3265334e-02  -1.2631232e-01  -2.7180105e-01  -6.8051297e-02  -1.9603612e-01   4.2046767e-01   3.8575149e-01  -1.0744772e-01  -1.0042644e-01  -1.9697366e-02   1.3549050e-01   1.3658526e-01   6.0514153e-02  -1.0049929e-01  -7.9587673e-02  -2.4716502e-01   2.2457735e-01   1.9076073e-01  -2.8576141e-01   8.7536965e-02  -3.8255618e-02  -1.1495514e-01  -1.2890970e-01  -3.7841216e-01   2.7951153e-01  -2.6595722e-01  -2.4379708e-02   3.0697485e-01   1.9856493e-01   2.4059056e-01   2.9444303e-01   3.9601614e-01   3.8818800e-01  -1.6333980e-01   1.3199725e-01  -2.4578693e-01  -2.0943689e-01  -1.3703609e-01  -1.5044269e-01  -2.0205538e-01  -2.7007814e-01  -2.6044983e-01   5.5379548e-01   1.2451176e-01   1.4333559e-02  -4.1175017e-01   4.5198301e-02   4.2371272e-01   2.1120801e-01   1.5004070e-03  -2.8445472e-02   1.4896986e-01  -1.2592770e-01   6.6060854e-02  -2.0503910e-01  -2.7552673e-01  -1.2343080e-02  -1.9884282e-01  -4.0340559e-01  -6.1355612e-02  -9.9329038e-02  -7.3255821e-02  -2.9523107e-01   2.3527189e-01  -3.6652082e-01  -1.7683301e-01  -2.7103462e-02   6.5022331e-02  -2.4543807e-02
