   0.0000000e+00  -3.0172571e-01  -4.8257623e-01   1.4478235e-01  -1.2658930e-01  -1.8334597e-01  -4.5919850e-01   1.6435875e-01  -2.6786649e-01  -2.3240878e-01   3.0578667e-01  -2.4313742e-01   7.8878414e-02   7.4803385e-01  -7.3130568e-02  -1.2451709e-01  -3.8777339e-01   2.1984016e-01   1.8151748e-01  -3.5379889e-01  -2.1953409e-01   3.6070870e-02  -3.9121237e-01   7.0283036e-01   1.3589739e-01   1.9551273e-01  -3.6883390e-01   6.0029108e-01   2.9432718e-01  -8.7517702e-02   3.6139760e-01  -2.2070401e-02  -3.7053164e-02  -3.2000572e-01   1.0152126e-03  -4.0593321e-04  -1.2130524e-01   3.7568740e-01  -9.7715790e-02  -4.8680813e-01   1.6758851e-01  -1.1712224e-01  -3.4442678e-01   1.3339432e-01  -1.2504538e-01   2.6011484e-01   3.5686394e-01  -3.1405362e-01  -4.4336366e-02  -4.1741188e-01   2.1146255e-01   2.8913829e-01  -1.2830885e-01   1.0156421e-01   3.7907867e-01   2.0810817e-01  -1.6782778e-01   4.0871290e-02   1.1329862e-01   2.5379641e-01  -6.3439750e-02   3.9786228e-02   1.3342605e-01   5.0915909e-02   5.5876401e-02  -4.1504766e-01  -4.1333628e-01  -4.6073212e-02   8.9652250e-02  -1.4232679e-01  -4.3185355e-01   1.4325615e-01   5.8244003e-02   5.8873770e-01   6.4495355e-02   7.4141266e-02   1.2459269e-01  -1.4221671e-01  -1.6157585e-01  -1.2279577e-01   1.0096569e-01   1.3272799e-02  -3.4808657e-01   1.6985390e-02   6.0256947e-01   2.7757117e-01  -4.2739114e-02   4.7184060e-01  -1.0281505e-01   7.9149972e-01  -2.1149150e-01  -1.9888592e-01  -3.3866411e-01  -1.4965586e-01   3.9724619e-01  -1.6679008e-01  -1.9215359e-02  -6.1128209e-02   6.0240130e-02  -2.0236266e-01   4.2680786e-02  -6.7928942e-02   9.6517400e-03   2.9022632e-01  -8.4679101e-02   7.4976869e-02   2.9167266e-02  -1.6979770e-01  -2.7544213e-01   2.2624163e-01  -4.4637580e-01   9.7470437e-02  -1.0560509e-04   8.1247010e-01   3.3973956e-01  -2.3823709e-01  -1.9273698e-02   2.9244969e-02   3.6975575e-01   1.3817158e-01   5.4588863e-01  -1.4363774e-01  -7.1206921e-02   1.5633204e-01   4.0976129e-01   4.4412525e-01  -4.7054867e-04  -1.0412502e-01   2.8669045e-02   2.7877498e-01  -1.0879423e-01  -3.8686133e-01   2.0588229e-01  -1.7662206e-01   1.0479376e-01   1.1852462e-01  -1.3952304e-02   5.5242358e-01   1.7170087e-01   5.3473490e-01   6.3193064e-01  -6.5747758e-02   6.0753023e-02  -4.2930177e-02   3.7694048e-01   1.4355187e-01  -4.9160699e-01  -2.7688356e-01   1.2847715e-01  -3.6387369e-01   7.1485435e-01   8.6151533e-02   6.6793837e-01   1.2965727e-01  -4.4147698e-01   5.4775813e-01   2.5527520e-01   3.1785706e-02  -1.6098956e-01   6.2168697e-02  -9.0928678e-02   6.6809245e-02  -4.3243954e-01   6.1043446e-02   3.0082695e-02  -1.6480941e-02  -2.4897780e-01  -2.6003153e-01   4.7179814e-01  -2.0655598e-01  -7.7416610e-02   2.8733339e-02   8.1274719e-02  -1.8366310e-01   9.5468388e-02  -2.0152354e-01   1.0028430e-01
  -3.0172571e-01   0.0000000e+00   4.9586641e-01  -2.4385014e-02   4.0059528e-01  -2.2230400e-02   2.7229133e-01  -2.4439891e-01   6.0808579e-01  -1.7047837e-01  -4.8302717e-01   4.2221723e-01  -2.9388229e-01  -2.1196826e-01   8.4508852e-02  -2.7692314e-02   5.3115810e-01  -3.3980828e-01  -8.4427931e-02   2.2082407e-01  -1.4417346e-01  -1.4950141e-01   6.1475985e-02  -2.6835700e-01  -3.8794153e-02  -2.2814637e-01   3.5915603e-01  -2.8235730e-01  -1.1766408e-01   1.1267781e-01   1.3809754e-01  -1.9021451e-01   2.0865183e-01   2.3919275e-01   1.6753091e-01   2.1396908e-01   9.0749114e-02  -2.8510102e-01   1.0931440e-01   4.7884785e-01  -2.8952462e-01   2.1592248e-03   3.3271369e-01  -3.2865219e-01  -3.9645046e-02  -2.3104245e-01  -3.0484937e-01   2.8477789e-01   3.6491194e-03   4.7531018e-01  -3.4078229e-01  -2.3343132e-01   4.3952683e-01   5.0781466e-02  -1.6965079e-01  -5.3978750e-01   3.8307368e-02  -1.6711899e-01  -1.7147978e-01  -2.9100114e-02  -1.0695618e-01   1.9244866e-01   3.0851815e-01   2.2352970e-01   1.2045896e-01   1.9901409e-01   1.4967888e-01  -1.3741883e-01  -3.5478910e-01  -2.9263279e-02   7.1342624e-01  -1.9011103e-01  -2.3737512e-02  -3.4250166e-01  -2.8340812e-02  -1.8603345e-01  -2.2231039e-01  -3.5107995e-01   5.3179565e-01   6.2440545e-02  -1.6890146e-01  -1.1300283e-01   2.5843688e-01  -9.9364224e-02  -3.0588383e-01  -3.5646550e-01   1.6646134e-01  -2.2969034e-01   2.4720458e-01  -3.3193309e-01   5.4599097e-01   1.3160997e-01   2.0816128e-01   1.5544331e-01  -4.0276759e-01   4.3683096e-02  -1.3104734e-01  -6.5730370e-02   5.5103982e-02  -1.8496335e-01   1.2107801e-01  -1.6208958e-01  -1.2269285e-01   2.3731813e-01  -3.3135339e-01   1.2116990e-01  -2.6709330e-02  -1.4437088e-01   2.2110102e-01  -4.0820685e-01   7.8323644e-02  -3.3655621e-01   5.7153520e-02  -3.7117772e-01  -3.0526845e-01   4.9899925e-01  -4.0833710e-01   1.2060607e-03  -2.6323986e-01  -7.8163909e-03  -4.7983329e-01   3.8852581e-01   1.8098585e-01   2.3652946e-01  -3.4604483e-01  -1.6678300e-01  -9.6383310e-02   7.5312553e-02  -8.4741969e-02  -1.9601536e-01  -6.2470321e-02   3.0086858e-01  -1.3580296e-01   6.5236968e-03   7.4898303e-02  -1.6213043e-01   9.6557668e-03  -5.2286838e-02  -1.9487418e-01  -3.8862875e-01  -3.3585292e-01  -6.7674097e-02  -3.4746141e-01  -1.0098335e-01  -3.8631623e-01  -1.0745640e-02   3.3841505e-01   6.2328287e-01  -2.6495160e-01   2.3970735e-01  -2.9243664e-01  -2.5670968e-01  -3.4101507e-01   2.4504837e-01   7.0458473e-01  -2.4653237e-01  -3.9823097e-01   2.2608280e-03   2.5722083e-02  -1.5430107e-01  -1.1900848e-01  -1.5483220e-01   3.5968560e-01  -2.8744561e-01   1.4364987e-02   3.0491512e-01   3.5921014e-02  -1.2776417e-01  -3.3293229e-01   6.2863637e-02   2.7076330e-01  -2.2483241e-01   1.7971983e-01   6.7606079e-02  -2.3087111e-01   2.9989572e-02  -9.3224565e-02
  -4.8257623e-01   4.9586641e-01   0.0000000e+00  -2.2206338e-01   2.1344804e-01   3.3549469e-01   2.3495156e-01  -1.8179412e-01   2.6374970e-01   1.4541246e-01  -5.0848814e-01   5.6817922e-01  -7.2326178e-02  -5.3217904e-01   1.0630510e-01   3.6673388e-02   8.6786869e-01  -2.9738656e-01  -1.3751983e-01   2.4107935e-01  -2.9877355e-01  -4.6681169e-02   2.2654930e-02  -4.0323425e-01  -8.0184024e-02  -1.9410990e-01   3.7498354e-01  -3.7100752e-01  -1.5004475e-01  -2.0041346e-01  -2.1501623e-01  -7.9842963e-02   6.5713651e-02   4.7966872e-01   5.8791233e-02   9.1861541e-02  -1.3770609e-01  -1.5113683e-01   1.7959860e-02   4.6254120e-01  -8.1570100e-02   1.3828594e-01   4.5122353e-01  -3.2224642e-01  -1.4225760e-01  -2.4163843e-02  -2.8465235e-01  -6.6120734e-03  -2.7692203e-01   6.8312561e-01  -2.5782920e-01  -1.1079710e-01   1.0081060e-02  -4.0308899e-02  -3.2340703e-01  -3.3851175e-01   1.8664563e-01  -5.2889964e-02  -2.7771310e-01   1.8193466e-02   2.4938266e-01  -6.9923510e-02   1.7521516e-01  -2.2195120e-01  -4.0196370e-01   2.7375180e-01   3.3883516e-01  -1.1842262e-01  -1.1909402e-01   4.8461400e-01   4.1612144e-01   6.9510495e-02  -1.9519320e-01  -2.6344743e-01   3.2865416e-02  -9.0498013e-02   3.7796336e-02  -6.5523558e-02   2.5302800e-01  -1.2852599e-01  -1.3341663e-01  -6.3252977e-02   1.6344614e-01  -1.9258039e-02  -3.8420409e-01  -3.7002260e-01  -2.1144461e-01  -4.4153283e-01   1.3678631e-01  -3.8401191e-01   2.9420432e-01   4.3798740e-01   2.3150019e-01   1.4568288e-01  -2.2362953e-01   1.0888462e-01  -9.4692932e-02  -1.5247798e-02  -6.8375624e-02  -9.4427128e-02  -1.4895748e-01   1.2836860e-01  -2.0861177e-01  -8.1958685e-02  -1.2320017e-01   7.8912173e-02  -9.8737251e-05   1.0957934e-01   7.9644230e-02  -3.4064891e-01   2.4786281e-01  -1.6354808e-01   1.6634042e-01  -4.2611573e-01  -1.9076954e-01   2.2130589e-01  -8.3087172e-02  -3.4009227e-02  -3.2364864e-01   1.0404183e-01  -3.7654311e-01   2.8081286e-01   1.3621376e-01  -2.6777815e-01  -2.3471929e-01  -1.7700159e-01  -2.0020608e-01   4.6505099e-02   1.1093344e-02  -9.5573612e-02   1.3783476e-01   2.3304601e-01  -1.2265620e-01  -2.0168423e-01   1.4891355e-01  -9.9680859e-02   1.5193225e-01  -4.2216527e-01  -1.2133840e-01  -5.0528112e-01  -4.0528326e-01   1.2265919e-01  -2.2454568e-01   2.2194724e-01  -4.0147465e-01  -4.6253226e-01   5.3027075e-01   2.5747735e-01  -2.5495781e-01   4.7269841e-02  -4.3011375e-01  -2.6155813e-01  -3.0409143e-01  -9.5276942e-02   8.1095250e-01  -3.0245407e-01  -1.9587725e-01  -4.0162485e-02   3.4559647e-01  -2.3573928e-01   1.8891677e-03  -1.6170399e-01   3.0549297e-01  -3.5273616e-01   1.0536459e-01   1.7629580e-01   1.1259252e-01   1.4008882e-01  -4.1421823e-01   2.1483955e-02   1.9210334e-01  -7.7001940e-02  -1.0747686e-01   3.8212565e-01  -2.5846815e-01   1.4900578e-01   7.2924642e-03
   1.4478235e-01  -2.4385014e-02  -2.2206338e-01   0.0000000e+00  -1.0634843e-01   1.8021121e-01  -2.4794316e-01   2.8990782e-01  -1.3246712e-01  -4.7417088e-01   8.9191388e-02   2.4471950e-02   4.7601922e-02   1.0168854e-01  -1.6704519e-01   1.2001732e-01  -1.6027870e-01   5.3430388e-01   1.3520202e-01  -2.4359699e-01  -5.9839757e-02   4.7417403e-01  -1.0678536e-01   4.2713628e-02   2.1448883e-01   4.9358046e-01   1.3421493e-01   1.5685562e-01   3.3233596e-01   3.6020032e-01  -3.0801273e-02   4.5468773e-01  -9.1620643e-02  -2.6084813e-01  -1.5651241e-01   2.0595136e-02  -2.7962904e-01   9.6888911e-02   1.6805201e-01  -1.3724662e-01   1.0712944e-01   1.2613079e-01  -2.5092521e-02   9.0478065e-02  -2.7170317e-01   1.5258396e-02   2.1256470e-01  -1.1727763e-01  -5.3919570e-03  -2.2288403e-01   5.2242519e-01   2.8162614e-01  -7.0325640e-03   5.1738036e-02   2.1684211e-01   7.9001439e-02   1.3476252e-01   5.1170872e-01   4.6892997e-01   2.8261950e-01  -8.5607373e-02   7.2669681e-02   4.8924156e-01  -6.2790768e-02  -6.2110639e-02  -2.2736446e-01   7.5451360e-02  -3.9667181e-01   5.0982900e-01  -1.8694263e-01  -2.1391790e-01   1.9022225e-01   1.9881065e-01   2.6249422e-01   9.1617596e-02   1.1881829e-01  -1.9817861e-01  -1.4559615e-02  -1.4262906e-01   1.8650509e-01   2.2674650e-01   4.1300866e-04  -1.5690082e-01   4.3220814e-01   9.1270563e-02   2.5983841e-01  -2.9564505e-01   1.9180024e-01   1.8524745e-01   2.5286054e-02  -2.4537374e-01  -2.7350814e-01  -1.6609171e-01   1.7603120e-02   8.7890116e-02  -3.3926584e-01  -9.0495700e-02   6.1540148e-02   1.0509595e-01  -6.0021473e-02  -8.1705623e-02  -2.7492894e-02   3.1100291e-01   4.2279821e-01   2.1879158e-01   3.8048000e-01   8.5558889e-02   2.5954171e-01  -2.7475747e-01  -1.5353059e-02  -1.8453210e-01   4.6830337e-01   4.7336754e-01   9.7642985e-02   1.8144407e-02  -4.3817309e-01  -1.9214815e-02   6.8885244e-02  -5.7868191e-02   5.1041698e-01   3.4004165e-02  -2.4348203e-01  -1.6622468e-01   1.3950343e-01   1.2137192e-01   3.6463604e-01  -8.0780550e-02   1.1557021e-01   5.2443852e-01  -4.5903315e-02   4.0269510e-02  -3.3898603e-01   4.4714123e-01  -9.8688362e-02   5.7971694e-01   3.7318767e-01  -1.4109688e-01   4.2266592e-02   4.3117739e-01  -2.3470570e-02  -5.5750466e-02  -4.4087712e-01   1.1665794e-01  -3.1780409e-02   1.9702212e-01   2.9968415e-02  -2.0591355e-01  -2.2444574e-01   1.7388959e-01  -2.1355417e-01   7.4341674e-02   2.5886512e-01   1.5429850e-01  -2.1778331e-01  -1.8361245e-01   3.0254093e-02  -1.5916739e-01   2.9489278e-01  -1.3988385e-01   2.9242455e-01  -3.0120638e-01   1.7236724e-01  -3.6896442e-01   4.5504193e-01   3.4709507e-01  -3.0300923e-01  -1.4223774e-01   1.8380299e-01  -1.4149353e-01  -1.1410164e-01  -2.9958006e-01  -3.6992601e-01  -1.9251845e-01   1.3918920e-01   3.0487503e-01  -2.3526286e-01   3.2290907e-01
  -1.2658930e-01   4.0059528e-01   2.1344804e-01  -1.0634843e-01   0.0000000e+00  -2.0545988e-02   1.1513549e-01  -2.5331057e-01   3.0431250e-01  -1.8261123e-02   3.4054144e-02   3.2487110e-01   1.7072946e-02  -2.3449929e-01   7.5843911e-02   2.5921294e-02   2.3631855e-01   4.7468056e-02   5.0914049e-02   7.2629650e-01  -7.8479437e-02  -1.7115695e-01  -5.2246597e-02  -1.8166386e-01  -4.0937683e-02  -2.3925529e-01   4.0668787e-01  -2.6406740e-01   1.0349856e-01   2.8367647e-02  -7.3076501e-02  -2.0363841e-01   1.3700097e-01   1.5012689e-01   2.9460219e-01   6.0920039e-01   2.2972429e-01   7.8230059e-04   4.8075326e-02   3.2490565e-01   1.1197201e-01   2.0586913e-01   5.0084184e-01  -3.6120720e-01   4.1140763e-01  -4.9470190e-02   3.2555869e-01  -1.4101658e-01   3.5008879e-02   4.2323812e-01  -3.9002857e-02  -2.6087633e-01   2.9197610e-01  -1.1563705e-02  -3.6735443e-01  -4.4540720e-01   1.8160812e-01  -2.1816220e-01  -1.3164828e-01   1.5519269e-01   1.7486889e-01   9.0167848e-02   1.6450333e-01  -8.1697637e-03   2.6892742e-01   2.4313315e-01   1.5842689e-01   3.4709902e-02  -2.1748763e-01  -1.2673494e-01   2.3498961e-01   1.8078544e-01  -7.9472337e-02  -3.1497212e-01   1.6523143e-01  -1.2610413e-01   9.0609262e-02  -2.3637133e-01   7.2346137e-01   1.9271870e-01  -3.4810033e-01  -1.1381411e-02  -1.0896949e-01  -1.0501446e-01  -3.3333966e-01  -2.6791890e-01  -2.2746419e-01  -3.2072564e-01   2.3577504e-01  -1.2931401e-01   6.5100593e-01   2.5398677e-01   4.0427235e-01   4.2018918e-01  -3.5756627e-02   4.6583958e-01   5.2547424e-02  -5.6207768e-02   3.4566432e-01   4.3721848e-02  -3.0507685e-01  -1.3584624e-01  -4.1879835e-01   1.5739232e-01  -1.8597707e-01   1.8979731e-01  -1.1580663e-01   6.1533404e-02   1.6405488e-01   1.0864633e-01  -4.0743631e-02  -3.6811973e-01   8.7643144e-02  -9.0057597e-02  -4.6892613e-01   4.0438717e-01  -2.8414875e-01   7.2488479e-02  -3.6467273e-01  -3.4074305e-02  -2.1385012e-01   8.0122343e-01   2.2816445e-01   3.2093029e-01  -6.1637066e-02  -1.5877621e-01   8.6290179e-02   5.7075179e-02  -3.0318079e-02  -4.4076077e-01   3.0322855e-02   1.8196439e-01  -3.5099990e-01  -2.7472143e-01   9.4242347e-02  -2.0562497e-01   6.4729797e-02  -3.5828813e-01  -1.0359584e-01  -2.4744855e-01  -1.7270136e-01   2.1336259e-01  -6.5236035e-02  -1.5863455e-01  -2.8791194e-01  -2.8348989e-01   3.5853732e-03   4.9864885e-01   1.3255118e-01   1.9604667e-02  -2.0895870e-01  -4.8357669e-01  -2.1193478e-01   2.3851524e-01   3.8552395e-01  -2.7326940e-01  -1.4486172e-01  -2.6421507e-02   2.1942664e-01  -4.2014286e-01  -3.1675844e-02   3.8859620e-02   3.3747770e-01  -1.4059377e-01  -1.7888470e-02   6.4098733e-01   2.7173693e-01  -1.9313793e-01  -2.2753263e-01   2.3633527e-01   6.3689319e-01  -2.0944144e-01   5.5856939e-01  -9.9241837e-03   3.8850607e-02   4.4603441e-02   1.0036946e-01
  -1.8334597e-01  -2.2230400e-02   3.3549469e-01   1.8021121e-01  -2.0545988e-02   0.0000000e+00  -3.3159813e-02   2.9361313e-01  -2.4295545e-01  -1.0743618e-01  -1.0839555e-01   3.3198503e-01   2.2869464e-01  -2.2786816e-01  -3.1041010e-01   3.2574708e-01   3.4211864e-01   2.4623576e-01   2.6558945e-02   5.5140058e-02  -1.8662735e-01   4.9731895e-01  -1.5278428e-01  -3.8865472e-01   1.1448521e-01   3.8675394e-01   2.9194743e-01  -2.9072258e-01   5.8726018e-02   1.1159366e-01  -4.4372000e-01   3.8864267e-01   5.3255982e-02  -2.3640833e-01  -2.5070654e-02  -1.2411696e-01  -2.9474874e-01   9.8807245e-02   8.0711845e-02   7.9218384e-02   1.4865956e-01   2.6110844e-01   1.6225238e-01  -1.1209309e-02  -1.3857140e-01   3.8324435e-01   1.9390639e-01  -2.8668982e-01   2.6510510e-02   6.0423576e-02   3.9710698e-01   1.6593820e-01  -4.2283428e-01   3.0738769e-01  -2.1812834e-02   7.4000263e-03   3.0270159e-01   5.0351012e-01   1.8211389e-01   2.7419328e-01   3.2326130e-01   7.9330871e-02  -9.5589432e-02  -4.3306295e-01  -5.6739864e-01  -9.2744449e-02   6.9047510e-01   3.0897246e-03   4.8670586e-01   4.5398580e-01  -3.2865798e-01   4.5525552e-01  -2.5228384e-01   2.5493041e-01   1.0729456e-01   4.8369762e-02   3.2791418e-01   2.2335850e-01  -1.6516930e-01   2.2329045e-01   1.9631090e-01  -1.4104994e-02  -2.7833796e-01   4.1613546e-01  -3.4260055e-02  -9.1568446e-03   5.4649608e-02  -1.1181141e-01  -4.0641883e-02  -2.5464352e-01  -2.4814172e-01   4.4786000e-01   1.2383771e-01   1.1413663e-01   1.3261554e-01   5.6701600e-02   2.5260769e-01   2.1181626e-01  -1.4501579e-01   1.3594724e-01  -3.8694071e-01   6.7320152e-02   1.0713090e-01   1.2034359e-01   4.8635741e-01   2.8835290e-01   3.2190537e-01   5.6810797e-01  -1.2820623e-01   9.4896746e-02  -1.2327557e-03   5.1061570e-01   1.1589269e-01  -2.5979309e-01  -7.9697041e-02  -1.7910310e-01   2.0914337e-01   2.7704671e-02  -3.6655413e-01   2.6102228e-01  -2.9330974e-02  -1.4299864e-01  -1.9837756e-02  -2.7123505e-01   2.8434129e-01   1.5718302e-01   1.4102342e-01  -6.3738681e-02   4.9891814e-01   1.8181901e-01   3.9854278e-02  -2.7041599e-01   5.0750359e-01  -3.6482035e-01   2.3505511e-01   1.8631232e-01   3.0482193e-01  -2.7608294e-01   3.1202205e-01  -2.3460605e-01  -1.6200333e-01   1.1606006e-01   3.3590754e-01   5.0894185e-01   1.5432300e-01  -4.5853071e-01  -1.0455236e-01  -4.8442213e-01   2.3957357e-01  -5.4404830e-01  -3.4401361e-01   1.1361985e-01   3.1995354e-02  -4.5326235e-01   5.4311988e-02  -3.5340137e-01   1.4187061e-01   2.1775887e-01   2.4398501e-01  -1.4793842e-01   1.7344315e-01   1.3430894e-01  -3.3484821e-01   2.4285188e-01   3.5696306e-01  -2.4555198e-01  -5.7186013e-02   3.9247995e-01   5.4220091e-03   1.7046286e-01  -1.2485962e-01   7.8481701e-02  -2.1258377e-01   5.7099297e-01   1.4698251e-01   2.6183948e-01   2.6711845e-01
  -4.5919850e-01   2.7229133e-01   2.3495156e-01  -2.4794316e-01   1.1513549e-01  -3.3159813e-02   0.0000000e+00  -1.0137955e-01   3.4915112e-01   1.8219534e-01  -1.9800937e-01   1.6116701e-01  -9.1193960e-02  -3.4419332e-01   5.2024719e-01   1.1528157e-01   2.2098634e-01  -2.6066639e-01  -2.3616523e-01   1.5096961e-01   2.9076541e-01  -1.3425970e-01   7.1410611e-01  -3.5162014e-01  -1.9574549e-01  -1.3390936e-01   2.8764095e-01  -3.0443537e-01  -2.1916376e-01   2.9819760e-02  -2.6453066e-01  -3.6463894e-02   9.5658716e-03   4.4921321e-01   3.5762965e-01   1.4804177e-01   1.7928962e-01  -2.3692987e-01  -7.8621775e-02   3.2822678e-01  -1.5103031e-01  -4.5659769e-02   3.3404358e-01  -1.3050319e-01   2.3139142e-01  -7.8463898e-02  -3.3928840e-01   5.5722166e-01   4.2135428e-02   1.5624951e-01  -1.7915834e-01  -1.3194715e-01   2.1675826e-01  -2.3760256e-01  -1.5761222e-01  -6.0044365e-02  -1.1287718e-02  -1.2632694e-01  -1.4232328e-02  -8.0214794e-02   8.5411384e-02   1.1148379e-01  -9.4823313e-02   2.4562415e-01   7.8184731e-02   5.4478297e-01   1.6541607e-01   5.3404451e-02  -2.7513047e-01   2.2933618e-01   4.3621292e-01  -3.2893185e-01  -1.5865922e-01  -3.7366273e-01  -1.6344814e-01  -2.5100492e-01  -6.3112847e-02  -3.0946373e-02   9.0285542e-02   3.6538058e-02   1.7693849e-01  -2.1374103e-03   3.6236228e-01   4.5814853e-02  -2.6188487e-01  -2.2099811e-01   1.7856796e-01  -2.9106821e-01  -2.7705740e-02  -2.7550808e-01   4.6752501e-02   1.1879340e-01   3.1296075e-01   3.4562295e-01  -1.5179753e-01  -1.2550939e-01  -4.4740003e-02  -1.6096709e-01   3.8532725e-02   4.3084009e-01   3.4586484e-03   4.4980146e-01  -1.7190942e-02  -2.8300106e-01   1.3232343e-01  -1.1558780e-01  -3.8273218e-04  -4.8601389e-02   3.0728675e-01  -3.4167754e-01   6.3054170e-01  -9.0553658e-02  -1.6424771e-01  -2.9396283e-01  -4.4420027e-02   1.2974592e-01   5.1032160e-02   1.1243880e-01  -2.1070000e-01  -2.1432356e-01  -1.7575001e-01   9.5002890e-02   9.3232739e-02  -1.6368595e-01  -1.2935754e-01  -2.5375804e-01   1.9081782e-01   1.5989142e-02  -1.0798816e-01  -1.9478678e-01  -6.7017148e-02   5.5345088e-01  -2.9015653e-01   1.7012368e-01  -1.0567529e-01  -1.4174340e-01   1.3854484e-02  -1.8342569e-01  -2.7419681e-01  -2.8379387e-01  -3.0877085e-01  -1.9440095e-03  -2.3658461e-02  -6.2412837e-02  -2.5117057e-01  -1.2360662e-01   6.9717064e-01   1.9667636e-01  -7.5523880e-02   5.3730561e-01  -2.4340143e-01  -6.6863880e-02  -2.6483700e-01  -3.1215556e-02   2.9543760e-01  -2.1833294e-01  -1.1606150e-02   4.8387836e-02   7.1104428e-02   1.6272060e-01  -1.4719772e-01  -2.3479141e-01   2.6461525e-01  -7.8659973e-02  -1.9020616e-01  -1.0408980e-01   5.2328568e-01  -7.1406642e-02  -7.1438397e-02  -2.3941126e-02   9.5654016e-02  -2.2249767e-01   1.8260488e-02  -1.1145329e-01  -1.1271086e-01   5.6746329e-04  -2.8098295e-02
   1.6435875e-01  -2.4439891e-01  -1.8179412e-01   2.8990782e-01  -2.5331057e-01   2.9361313e-01  -1.0137955e-01   0.0000000e+00  -2.0981079e-01  -2.7119127e-01   1.7988284e-01  -9.5164566e-02   1.9488706e-01   1.8971399e-01  -2.6991273e-01   3.4044283e-01  -1.5801886e-01   2.9408131e-01   2.5311489e-01  -3.5346239e-01  -1.4611593e-01   4.4081545e-01  -2.4780423e-01   9.9593726e-02   1.4848285e-01   5.2390057e-01  -1.1480281e-01   1.5682527e-01   1.0588213e-01   1.7253906e-02  -1.9318519e-01   5.4878489e-01  -4.5627852e-02  -3.1989942e-01  -2.5226286e-02  -2.1116707e-01  -1.8756641e-01   8.2123913e-02   8.5857462e-02  -3.3924938e-01   1.5139081e-01   4.2336810e-02  -4.8162130e-02   2.4198412e-01  -2.7644851e-01   2.8542309e-01   1.7675414e-01  -3.0189414e-01  -1.6801098e-01  -2.8081165e-01   2.5492388e-01   4.6142157e-01  -2.8839143e-01   8.5306013e-02   2.5655009e-01   2.2359124e-01   1.5648827e-01   4.7207336e-01   3.4500053e-01   2.7192741e-01   7.6619132e-02  -9.9085768e-02  -2.0720697e-02  -2.2583796e-01  -1.7580802e-01  -2.7236608e-01   8.0814794e-02  -5.4246201e-03   4.6023819e-01   5.1157023e-03  -4.0189555e-01   1.8113479e-01   8.4850823e-02   2.7747941e-01   6.6929743e-02   2.8246957e-01   2.8488949e-01   1.9220092e-01  -2.6513983e-01   1.5794192e-01   2.2957560e-01   3.8250245e-03  -1.6488390e-01   3.3639420e-01   1.5729755e-01   3.9028462e-01   1.0767788e-01   2.4413505e-01  -6.1349865e-02   2.2780057e-01  -3.3647317e-01   1.2418639e-01  -4.0749563e-01   1.5399675e-01   2.7378485e-01  -2.5711218e-01   5.2454380e-02   2.3016727e-01  -2.0898263e-01  -5.0986345e-02  -1.7760205e-01   1.8361260e-01   2.0903207e-01   1.1808317e-01   3.2287926e-01   3.4092937e-01   1.5794712e-01   4.0055980e-01  -3.2210127e-01   1.8831614e-01  -2.2229599e-01   4.5148799e-01  -4.3035406e-03   2.1023880e-01   1.2146913e-01  -3.0289890e-01   2.3331801e-01   4.3397351e-02  -4.5326072e-02   1.6964508e-01   4.1335021e-01  -2.5949356e-01   1.1539314e-01  -2.5486624e-01   3.1820136e-01   2.8294574e-01  -1.1248614e-02  -3.7677716e-02   5.1635703e-01   5.4827423e-02   1.2764466e-01  -3.8041060e-01   2.9719713e-01  -1.3800673e-01   2.4380383e-01   4.1013693e-01   7.5408018e-02   6.9341054e-02   4.0197882e-01   1.5797664e-01   2.1381712e-01  -8.9379471e-02   5.1800207e-01   7.1890703e-02   2.2654112e-01  -7.2711745e-02  -3.0072925e-01  -4.0666703e-01   2.3718809e-01  -3.5120986e-01   1.3715502e-01   3.9218838e-01   3.1037671e-01  -2.0070914e-01  -3.2562612e-01   1.7984372e-01   2.4912773e-01   1.5755962e-01  -4.1888266e-02   1.8228498e-01   1.0785178e-01   4.0224425e-01  -5.3189699e-01   3.6030082e-01   4.1562876e-01  -3.0138934e-01  -1.5918323e-01   1.4729514e-01   2.3438871e-01  -2.1828479e-01  -2.0996881e-01   6.4053502e-02  -1.9606095e-01   1.0823298e-01   1.2469853e-01  -1.1442550e-01   2.7313376e-01
  -2.6786649e-01   6.0808579e-01   2.6374970e-01  -1.3246712e-01   3.0431250e-01  -2.4295545e-01   3.4915112e-01  -2.0981079e-01   0.0000000e+00  -8.6264570e-02  -2.7397091e-01   3.5638074e-01  -3.1683052e-01  -2.0070061e-01   3.4836487e-01  -9.1515842e-02   1.8261382e-01  -2.4804543e-01  -1.8250124e-01   1.8131440e-01  -8.4268958e-02  -1.9400447e-01   8.7680183e-02  -2.1471642e-01  -1.3906147e-01  -3.4541442e-01   1.5692162e-01  -2.6890005e-01  -1.3498251e-01   2.7025054e-01   1.4417730e-01  -7.5169849e-02   2.7385778e-02   2.5150839e-01   4.1951757e-01   2.2057544e-01   1.8430992e-01  -2.9717184e-01  -1.1484865e-01   2.6388867e-01  -2.1574221e-01  -4.4923032e-02   3.1774499e-01  -3.1402820e-01   1.6979386e-01  -2.8913173e-01  -2.5653768e-01   1.7232834e-01  -1.8216068e-01   1.9490148e-01  -3.9687550e-01  -2.7396287e-01   4.7817209e-01  -3.5008634e-02  -1.8447190e-01  -4.4169869e-01  -1.2334534e-01  -1.7246138e-01  -2.0862365e-01  -6.1022338e-02  -1.1320219e-01   1.4306992e-01   1.1197683e-01   2.4215134e-01   1.7928894e-01   3.4382167e-01  -1.0054825e-01   1.1493407e-03  -3.7843417e-01  -1.0451931e-01   4.7548658e-01  -1.6767286e-01   9.9500160e-02  -4.3377447e-01  -1.7442156e-01  -8.0766771e-02  -2.1320559e-01  -2.0993194e-01   5.4000245e-01  -1.0614917e-01  -2.5110469e-01  -1.6244738e-01   9.4836526e-02  -2.8248174e-01  -4.2862660e-01  -2.0449299e-01   2.4873613e-01  -1.7010239e-01   3.3810332e-01  -2.8123636e-01   4.5065734e-01  -1.1841313e-01   1.6640445e-01   3.2630396e-01  -3.5063393e-01  -7.3320695e-02  -2.0664510e-01  -2.8722828e-01   6.3632049e-02   2.6002306e-02  -3.5373569e-02  -6.2317534e-02  -3.1550222e-01   1.1698681e-01  -2.2031598e-01   1.3462695e-02  -2.1273664e-01  -2.4663809e-01   3.0210643e-01  -2.4943262e-01  -1.2582991e-02  -3.7102941e-01  -2.0610358e-02  -3.0731422e-01  -3.2287633e-01   5.9050280e-01  -4.4176790e-01   9.4325792e-02  -2.9672568e-01  -2.4366863e-02  -3.4930902e-01   3.9177572e-01   3.0341139e-01   1.4726405e-01  -3.4414749e-01  -2.8484068e-01   8.4560668e-02  -5.0514874e-02  -5.4507907e-02  -3.7828707e-01  -1.9140847e-01   5.2124183e-01  -3.7931517e-01  -4.7229842e-02   8.7209349e-02  -2.2584732e-01  -2.9191694e-02  -1.8223795e-01  -1.6199016e-01  -3.1251695e-01  -1.3949539e-01  -6.9041343e-02  -2.7575966e-01  -2.6765306e-01  -1.8605311e-01  -1.8999251e-02   3.2643612e-01   5.6464776e-01  -1.0439693e-01   2.3146150e-01  -2.5876919e-01  -2.9507482e-01  -2.9511260e-01   3.8673957e-01   4.2043518e-01  -9.2970832e-02  -2.8200610e-01  -1.5155981e-02   1.4621309e-02  -7.0116389e-02  -4.7014435e-03  -1.3225725e-01   2.5441384e-01  -3.1240860e-01   1.9049051e-02   4.1225890e-01   1.1221221e-01  -1.9472834e-01  -1.5034019e-01  -8.3960680e-02   3.9101312e-01   1.7340717e-02   3.5007788e-01  -2.9709782e-01  -5.0624963e-02   8.2590362e-02  -1.9792089e-01
  -2.3240878e-01  -1.7047837e-01   1.4541246e-01  -4.7417088e-01  -1.8261123e-02  -1.0743618e-01   1.8219534e-01  -2.7119127e-01  -8.6264570e-02   0.0000000e+00   1.7211477e-02   5.6339584e-02  -1.1055510e-01  -3.2859982e-01   2.4263347e-01  -2.3637030e-01   5.0512944e-02  -2.3535920e-01  -1.1850838e-01   2.6863557e-01   1.0311326e-01  -3.4582877e-01   2.1745747e-01  -1.2500538e-01  -2.4435890e-01  -4.3498372e-01  -7.4998890e-02  -3.0348884e-01  -1.8792367e-01  -1.7165635e-01  -4.0582499e-03  -3.2545926e-01  -1.7512058e-01   4.0967049e-01   5.1564464e-02   5.8857313e-02   9.8899478e-02  -1.1794802e-01  -2.6633021e-01   3.8353307e-02  -6.8379978e-02  -9.1999365e-02   1.6452935e-01  -1.8042809e-02   2.0188772e-01   8.3210482e-02  -1.9030134e-01   1.1636147e-01  -1.2666922e-01   2.6662910e-02  -2.4247306e-01  -2.8762969e-01   9.8069389e-02  -2.4000353e-01  -4.7246984e-01   1.5971699e-01  -2.4163957e-01  -3.6199896e-01  -4.2224277e-01  -1.7976924e-01   2.4680031e-02  -2.2795629e-01  -2.5212684e-01  -2.3874823e-02  -9.1216658e-02   4.3733800e-01  -4.9158699e-02   6.5968394e-02  -3.5888995e-01   3.4566740e-01   3.0327390e-02  -8.5392912e-02  -2.0586571e-01  -2.5591294e-01  -1.1573651e-01  -2.9337806e-01   1.6332699e-01   1.4637804e-02  -2.0215283e-02  -1.7121179e-01  -2.4911377e-01  -1.6793345e-01   1.5716580e-01  -3.2926710e-01  -1.1525838e-01  -3.8242270e-01  -1.2770261e-01  -4.3368727e-01  -4.8193120e-03  -8.8671193e-02  -3.2705658e-02   1.3506882e-01   3.9072707e-01   2.3028118e-02   6.5100526e-02   2.4475819e-01  -1.4245045e-03  -2.7898149e-01  -1.1422829e-01   2.8094436e-01  -8.6924825e-02   2.5096540e-01  -2.8168652e-01  -3.5461609e-01  -1.9896163e-01  -4.5781754e-01  -2.1392066e-01  -2.2966680e-01   4.7624328e-01   1.0429548e-01   3.8037395e-01  -4.0065489e-01  -1.4713533e-01  -1.0825978e-01  -9.2311050e-02   7.7707515e-02  -6.2079252e-02  -4.6855345e-02  -8.9596639e-02  -2.4109606e-01   7.3075101e-03   8.8040643e-02   1.9199139e-01  -3.4082535e-01  -3.5892808e-02  -3.9010756e-01  -6.3830525e-02  -1.8863406e-01  -4.3489161e-01  -5.3938551e-02  -1.4711060e-01   3.4760121e-01  -3.5025298e-01   4.9149609e-02  -2.3863536e-01  -4.6990729e-01  -1.0769804e-01  -8.2764715e-02  -3.3919429e-01  -9.4648018e-03  -8.5210771e-02   1.4510772e-01  -1.3081162e-01   8.5985491e-02  -1.7235973e-01  -1.2717052e-01   2.6484288e-01   7.4052779e-02   5.3444214e-02   1.9077226e-01  -1.0463785e-01  -2.6550357e-01  -1.0523294e-01   7.2319979e-02   1.0784512e-01  -1.0198944e-01   7.7586819e-02  -2.0106737e-01   1.2843477e-01  -3.5840488e-01  -6.6039221e-02  -2.8893223e-01   3.9790615e-01  -3.9918662e-01  -4.1295598e-01   1.3062056e-01   3.1489479e-01  -1.2112351e-01   3.2192976e-02   1.0956159e-01   2.2903573e-01   1.3757826e-01   5.4236854e-02  -2.3305999e-02  -1.6664924e-01   4.6510909e-02  -3.0872281e-01
   3.0578667e-01  -4.8302717e-01  -5.0848814e-01   8.9191388e-02   3.4054144e-02  -1.0839555e-01  -1.9800937e-01   1.7988284e-01  -2.7397091e-01   1.7211477e-02   0.0000000e+00  -1.5601512e-01   1.8296525e-01   2.6689443e-01   7.6206925e-02   7.8727405e-02  -6.0475615e-01   4.2174527e-01   2.3848485e-01  -2.0378892e-02   1.1804507e-01   1.5322690e-01  -1.1582368e-01   2.1896131e-01   1.6096981e-02   2.3895096e-01  -1.9105225e-01   2.4531163e-01   3.3104452e-01   2.6639026e-01   2.2520890e-01   3.5272372e-02  -5.7751194e-02   2.7212829e-03   6.0498958e-02   2.0657369e-03   1.1859931e-01   3.5256877e-01   3.5102267e-02  -5.4837099e-01   2.4491439e-01   8.9294591e-03  -2.3199415e-01   3.7184744e-01   2.2399275e-01   1.6028944e-01   4.4557747e-01  -1.8821182e-01  -8.0668170e-02  -5.2758206e-01   3.8827724e-01   1.8478217e-01   3.4496458e-02   3.0964767e-02   1.5816035e-01   4.5792996e-01   6.8211418e-02   3.0215976e-02   2.0737870e-01   2.7531699e-01  -1.2887948e-02   1.0237253e-01  -5.8094863e-02   1.6763372e-01   1.7709817e-01  -1.6138758e-01  -2.0946478e-01   8.1586251e-02   3.6155631e-01  -2.0738435e-01  -5.3064534e-01   1.9476788e-01   1.0923807e-01   2.8447554e-01   6.3406382e-02  -1.8833097e-03   1.7164931e-01   1.1034435e-01  -2.5225817e-01   1.3680317e-02   2.4218294e-01   1.5213029e-01  -2.1578029e-01   3.8161408e-02   3.1569027e-01   2.5334069e-01  -1.2067228e-01   1.2523995e-01  -2.2411709e-01   3.1955782e-01  -2.7852547e-01  -1.6185440e-01  -2.3701232e-01   1.2679811e-01   3.6979335e-01  -1.2131216e-01   1.5750521e-01   6.1023160e-02   1.5849131e-01   9.1730335e-02  -1.4865597e-01   2.5836232e-01  -1.6815486e-02   8.6639147e-02   1.8849603e-01  -2.2232428e-02   7.2745416e-02   1.0585161e-01  -1.2325938e-01   4.9754102e-01  -1.3730981e-01   2.5154013e-01   1.2702945e-03   3.4311152e-01   1.2993112e-01  -4.6613777e-01   3.4240816e-01   8.3877986e-02   2.1036904e-01  -6.4567429e-02   4.0957844e-01  -1.4124082e-01   1.0441126e-02   2.6273128e-01   2.7971966e-01   2.5217229e-01   1.7623000e-01  -1.2516331e-01  -1.2603673e-02  -1.3576831e-02  -1.1420731e-01  -2.5897152e-01   1.2275347e-01   5.5347664e-02   1.6355814e-02   1.3776351e-01  -6.1173588e-02   2.3454453e-01   1.0213402e-01   3.3645462e-01   1.8562297e-01   2.0864031e-02   3.0554341e-01   1.0583093e-01   3.2055604e-01   1.5727697e-01  -3.9728402e-01  -3.1033561e-01   4.2589199e-01  -1.9279209e-01   3.1015117e-01   2.0829264e-01   3.1484095e-01   6.4573460e-02  -5.8201151e-01   1.7597709e-01   2.7128355e-01   8.1437824e-02  -2.0652270e-01   6.8908832e-02   4.2622840e-02   3.9252792e-01  -3.4432455e-01   4.6910543e-01  -6.6346714e-02  -1.1529864e-01   2.8052003e-01   7.7738367e-02   2.1740909e-01  -9.3254588e-02  -8.9443619e-02  -1.7808729e-01   3.1280913e-01   1.1775750e-02   1.3453989e-01  -1.7188963e-01   1.8658490e-01
  -2.4313742e-01   4.2221723e-01   5.6817922e-01   2.4471950e-02   3.2487110e-01   3.3198503e-01   1.6116701e-01  -9.5164566e-02   3.5638074e-01   5.6339584e-02  -1.5601512e-01   0.0000000e+00  -1.0932736e-01  -2.9116348e-01   3.1539667e-01   3.4063720e-02   4.1360416e-01  -1.1638230e-02  -2.9151897e-02   2.4079038e-01  -3.5273727e-01   9.5098231e-02  -2.0875678e-01  -4.8808593e-01   8.9699359e-02  -1.4386551e-01   1.6522590e-01  -4.1585974e-01   2.0689189e-01   2.3926354e-01   5.3487524e-02  -3.7773565e-02   5.7890654e-02   3.4967759e-01   3.5594834e-01   1.7025542e-01  -1.7642866e-01   3.1815969e-02  -1.0179930e-01   3.6235394e-02   9.6241175e-02   1.0075816e-01   4.3787093e-01  -2.0113918e-01   1.0149139e-01   7.8493115e-02  -2.0194618e-02  -1.1751938e-01  -3.1141137e-01   2.5969789e-01   5.2312355e-02  -1.3124450e-01   1.6850605e-01   5.5378362e-02  -2.2732620e-01  -3.3199561e-01   1.4215110e-01  -3.1323371e-02  -6.7792222e-02   4.6021101e-01   1.1870167e-01   2.3520140e-01   2.1468911e-01  -7.9024434e-02  -2.6603194e-01   1.8973081e-01   2.9171590e-01  -1.1363649e-01  -1.6165401e-04   2.4830770e-01   1.1694950e-01   1.0440804e-01  -7.5930488e-02   1.4411007e-02   8.8398304e-02  -1.8937627e-01   1.4100246e-01  -1.1987798e-01   2.9737823e-01   4.3661695e-02  -5.9656049e-02  -3.2522221e-02  -9.3054514e-02   6.6133066e-02  -2.5292565e-01  -3.1362457e-01  -1.1837411e-01  -4.2134741e-01   2.1179090e-01  -3.3399710e-01   6.7899382e-02   3.0907532e-01   2.9399370e-01   4.0943112e-01  -6.7050459e-03  -3.4105148e-02  -3.0474346e-03  -2.5045434e-01   1.3482456e-01  -3.5287384e-02  -3.2679011e-01   1.3947354e-01  -3.5054473e-01   3.8486130e-01  -1.6475909e-02   1.0598648e-01   1.3767942e-01   3.4568564e-02   1.8431873e-01  -9.5279789e-02   3.1410336e-02  -6.6438683e-02   2.1895266e-01  -3.0971501e-01  -2.8532877e-01   3.9836480e-02  -1.1216123e-01   1.1665990e-01  -4.4326295e-01   1.0629595e-01  -1.8730645e-01   2.1629926e-01   2.4378158e-01  -2.9097653e-02  -7.8460099e-03  -3.1016637e-02   9.8806878e-02  -2.4071655e-02   1.3145993e-01  -1.5670587e-01   1.1043696e-02   1.2983701e-01   1.5993645e-01  -2.4471506e-01   3.1242149e-01  -1.2772370e-01   1.4912502e-01  -2.1294440e-01   7.2152185e-02  -3.7528070e-01  -3.5552310e-01   5.1114812e-02  -1.3246325e-01   3.5864883e-01   7.3433044e-02  -3.8018883e-01   2.1732100e-01   1.1288748e-01   1.2825681e-01  -2.0023010e-01  -3.3054584e-01  -1.6933294e-01  -1.0542134e-01  -1.5169023e-01   4.6647281e-01  -3.6048624e-01  -1.4841170e-01   4.1272011e-03   1.8241667e-01  -3.7728984e-01  -8.3258421e-02  -3.5887605e-02   6.9043608e-02  -7.7217050e-02   1.4426786e-01   2.1281815e-01   2.0331502e-01   1.4760973e-01  -2.4316636e-01  -4.3589492e-02   3.4470863e-01  -1.1764866e-01   6.7047623e-02   4.9016073e-01  -2.9314584e-02   4.8941567e-02   6.5389253e-03
   7.8878414e-02  -2.9388229e-01  -7.2326178e-02   4.7601922e-02   1.7072946e-02   2.2869464e-01  -9.1193960e-02   1.9488706e-01  -3.1683052e-01  -1.1055510e-01   1.8296525e-01  -1.0932736e-01   0.0000000e+00   7.0041039e-02  -1.0983181e-01   2.4787998e-01  -7.7757539e-02   1.3026640e-01   1.0569075e-01  -5.1111327e-04  -3.1318660e-02   6.8898818e-02  -5.3470416e-02  -1.3078128e-02   1.3797665e-01   2.4580151e-01  -4.1575359e-02   1.2324945e-01   2.0739722e-01  -5.1598688e-02  -1.9165311e-01   1.8033344e-01  -1.1324683e-01  -2.0104896e-01  -1.2910214e-01  -1.6425435e-01  -1.2509850e-01   1.3045973e-01   9.4510618e-03  -1.3149331e-01   5.8535176e-01   5.2912630e-03   5.1327210e-02   1.8120919e-01   3.7111197e-02   1.5429382e-01   1.0714191e-01  -2.3687186e-01  -3.6980093e-02  -2.2575438e-02   2.5181395e-01   2.2070968e-01  -2.2309869e-01   1.7971587e-01   1.8642176e-02   1.8682158e-01   2.2838986e-01   7.8933907e-02   2.1005622e-01   7.5068611e-02   2.4551295e-01   6.2326568e-02   3.7901415e-02  -7.0548546e-02  -1.5093954e-02  -2.3871831e-01   8.2190645e-02   1.9629875e-01   1.9842580e-01  -2.1248395e-02  -3.2872554e-01   1.5791779e-01   1.7550593e-01   1.0965650e-01   2.7564269e-01  -1.9348064e-02   3.1287958e-01   1.3195745e-01  -2.2759917e-01   2.5413804e-01   1.7234948e-01   2.8946129e-01  -6.2263174e-02   9.7439081e-02   1.7101864e-01   1.5413951e-01  -1.6247102e-01   2.1221680e-01  -1.7796264e-01   1.0731037e-01  -9.4732653e-02   2.0774640e-01  -1.9231177e-01   8.7962032e-02   3.8231075e-01  -3.9392982e-02   3.6195138e-01   1.3186780e-01   1.2444057e-01  -2.1254872e-02  -1.2859405e-01   9.8073261e-02   1.5913595e-01  -1.9932247e-01   2.1309569e-01  -4.9429937e-02   1.1717513e-01   1.9118896e-01  -2.6369243e-01   5.1018069e-02  -6.7155536e-02   1.4659231e-01  -5.3157310e-02   2.5792375e-01   1.1369279e-01  -3.6013982e-01   3.2869835e-01   3.6029215e-01   3.8366209e-02   1.9203682e-02   1.7832667e-01  -1.5319438e-01   7.3912483e-02   1.0774136e-02   1.8115084e-01  -2.9540174e-02   1.8915298e-01   1.3578280e-01   6.9637070e-02   6.9536689e-02   3.5815780e-01  -3.1707952e-01   1.3505942e-01   1.9121269e-02   4.3554987e-02   3.5797493e-02   2.4557738e-01  -1.3423456e-01   7.5513523e-02  -1.0846767e-02  -8.3880982e-03   4.1162334e-01   7.1975704e-02   7.5250184e-02  -2.4788953e-02  -6.0767568e-02  -1.4120090e-01  -3.1865000e-01  -5.8899214e-02  -8.6695400e-02   3.8169355e-02   1.0568393e-01   1.9630825e-01  -2.6859576e-01  -2.4065032e-01  -7.8984852e-02   1.4550766e-01   3.5949930e-01  -8.1086284e-02   1.5193894e-01   2.2595066e-01   6.2679868e-02  -2.2478539e-01   2.0974211e-01   6.8615474e-02  -1.6364549e-01   4.9464818e-02   1.1762130e-01  -1.1818943e-01  -1.3538430e-01  -1.6576400e-01  -4.8848446e-02   8.8286157e-03   8.5888193e-02   1.7553252e-01   7.3663019e-02   1.4345540e-01
   7.4803385e-01  -2.1196826e-01  -5.3217904e-01   1.0168854e-01  -2.3449929e-01  -2.2786816e-01  -3.4419332e-01   1.8971399e-01  -2.0070061e-01  -3.2859982e-01   2.6689443e-01  -2.9116348e-01   7.0041039e-02   0.0000000e+00  -3.6307572e-02  -1.2693375e-03  -4.4190387e-01  -3.9643608e-02   2.3581215e-01  -3.8568956e-01  -1.6891308e-01   9.0731586e-02  -3.6838095e-01   7.2160139e-01   1.0036642e-01   2.6474529e-01  -3.7186220e-01   7.3154905e-01   1.4874052e-01   3.0272368e-02   3.8814719e-01   1.1800740e-04   1.5494002e-01  -3.9962628e-01   1.0266619e-02  -2.4065192e-01  -1.2143603e-01   3.3920138e-01   6.8454821e-02  -4.5313981e-01   8.4015199e-02  -9.2023978e-02  -3.4172405e-01   3.3191840e-01  -1.7035328e-01   4.5528094e-02   1.6552333e-01  -1.1157458e-01   5.5629088e-02  -3.3831063e-01   2.6773760e-02   2.5388454e-01  -1.3640647e-01   1.2653076e-01   6.7858747e-01   2.7433995e-01  -1.1447677e-01   1.0108839e-01   1.7078909e-01   3.1336365e-01  -1.8197961e-01   5.2858910e-02  -2.3271790e-02   2.6851429e-01   1.4816457e-01  -5.8666259e-01  -3.8946238e-01   2.1347047e-01   5.6101243e-02  -3.0091893e-01  -3.0331896e-01  -8.4156175e-02   1.1402930e-01   5.7383381e-01   9.5762361e-02   1.1730461e-01   3.3442913e-02  -3.9453550e-02  -2.8510221e-01   5.8662406e-02   2.8056917e-01   9.0343366e-02  -1.5876188e-01   1.5518644e-02   6.3876539e-01   3.9517781e-01   2.5333863e-01   6.9341238e-01  -1.5745051e-01   7.1886232e-01  -1.7936173e-01  -1.3695168e-01  -5.3955884e-01  -1.3157381e-01   2.7350102e-01  -1.6049047e-01   1.2227314e-01   1.9010919e-02   8.7460129e-02  -4.1872584e-01   3.3361533e-01  -8.7448286e-02   2.1540971e-01   3.2992566e-01  -1.7939910e-02  -8.3462806e-03   1.4311640e-01  -1.6155661e-01  -3.1335983e-01   1.6608150e-01  -3.9148213e-01   1.3622984e-01  -2.5254223e-01   6.4365928e-01   5.0906035e-01  -2.0481504e-01   7.0915733e-02  -8.6252059e-02   5.2570687e-01  -1.6412547e-01   4.6663947e-01  -2.8729514e-01  -7.6354633e-02   2.6574092e-01   1.9870148e-01   5.7016756e-01   1.3364313e-01   5.3796014e-02  -7.6024558e-02   3.1460139e-01  -7.9944266e-02  -3.9191650e-01   3.0724527e-01   1.2848703e-01  -1.1631993e-01   1.7692087e-01   4.5998289e-02   6.2714260e-01  -3.3179816e-03   5.5087765e-01   6.4975701e-01  -5.9383598e-02   6.0212274e-02  -6.0926099e-02   4.6227214e-01   3.5688535e-01  -3.3996294e-01  -3.0112643e-01  -4.0635975e-02  -2.0593356e-01   7.8425881e-01   2.6398879e-01   5.7942069e-01   1.7589401e-01  -4.9664377e-01   6.0974177e-01   1.2373535e-01   2.2190704e-02  -2.3288959e-01   2.7409347e-01   1.1841981e-01   6.9128206e-02  -4.6700518e-01   1.2354344e-01   1.1666072e-01  -2.0996083e-01  -2.2250319e-01  -1.1539517e-01   4.1542193e-01  -2.2723734e-01  -2.6016547e-01  -2.7884308e-02  -1.8118714e-02  -2.1316607e-01  -5.0712969e-02  -1.4298066e-01   1.9912239e-01
