   0.0000000e+00  -2.5473510e-01  -3.3137936e-01  -1.6656722e-01  -3.9848473e-01   8.8290023e-02  -1.4309740e-01  -1.4261599e-01  -2.9408865e-01  -1.2219567e-03   2.4819545e-01  -2.2004124e-01  -5.6933148e-02   2.8327163e-01   6.4407481e-02   1.0045771e-01  -4.2037679e-01   1.8054992e-02  -2.9026086e-01  -3.6117252e-01   1.7697683e-01  -4.9421420e-03  -1.0953704e-01   5.5063805e-01   1.3499483e-01  -2.4318235e-01  -7.0731329e-02   3.6525665e-01  -2.6511906e-01   8.2517404e-02  -1.8604672e-01   2.0653583e-01  -6.0738079e-02  -9.7153166e-02  -6.6837859e-02  -1.8198588e-01   2.0054470e-02   3.9984550e-01  -7.1728581e-03  -5.0517178e-01  -5.5791613e-02   6.9708758e-02  -3.8723350e-01   2.4124859e-01  -1.1016818e-01   3.9972824e-01   2.0166304e-02  -3.4685324e-01  -1.2047490e-01  -3.9584410e-01   2.3839000e-01  -1.5051828e-01  -2.8858842e-01  -1.3132975e-01   3.4328175e-01   3.3737877e-01   1.1649047e-01  -2.3864341e-03  -1.1012215e-01   2.1008989e-01   1.5229274e-01  -1.6091117e-01  -3.5042338e-01   1.0368064e-01   1.5441828e-02  -8.3394472e-02  -2.2160105e-02  -8.2864763e-02   2.0847007e-01  -2.0636667e-02  -4.4575952e-01   2.4708531e-01  -3.4871159e-01   4.6638533e-01  -5.3023521e-03  -5.7423063e-02   3.2811400e-01   3.0122508e-01  -4.6589379e-01  -2.9511163e-01  -1.4527766e-01  -1.2102535e-01  -4.1851393e-01  -9.7469609e-02   5.8425125e-02   1.7065604e-02   7.6404540e-03   4.3184769e-01  -1.8950985e-01   7.2225950e-01  -3.6189421e-01   3.2550253e-02  -2.8440549e-01   3.3461220e-02   5.0292293e-01  -2.1392713e-01  -5.7661604e-02  -2.7965711e-01  -1.5367767e-01  -4.4015352e-03   3.2319931e-01   3.3871757e-01  -2.2213960e-01   3.0197866e-02   3.6790125e-01   4.4736292e-03   8.9431718e-02  -6.4272926e-02  -7.6560789e-02  -2.9635952e-01  -2.0088501e-01   9.3913412e-02  -2.3244440e-02   8.6194193e-01   1.6808105e-01  -4.2877612e-01   1.4522386e-01  -6.0062468e-02   1.9986629e-02   1.1753064e-01   4.7360580e-01  -2.9478179e-01  -1.0476365e-01  -2.1342774e-01   5.4888333e-01   2.4320017e-02   3.8802034e-02  -3.5265168e-01   1.2764331e-01  -3.1098686e-01  -2.5527966e-01  -2.6531599e-01  -1.1678685e-01  -1.4357107e-01  -8.9231348e-02   1.9399970e-01  -2.0941318e-01   1.4265576e-01   1.6884328e-01   5.9222465e-01   5.8748393e-01  -1.2404833e-01   2.9379106e-01  -1.4943289e-01  -2.5477949e-02  -1.1450938e-01  -3.1224397e-01  -1.3795226e-01   1.1137955e-01   1.1918575e-01   5.1587569e-01  -2.0203065e-01   4.5925621e-01  -1.5584249e-01  -4.6892715e-01   3.7813178e-01   6.3962704e-01   1.1803669e-01  -5.8199540e-02  -2.4133436e-01  -1.2796451e-01   2.3525189e-01  -2.5261616e-01  -2.6076960e-02  -4.6939750e-02  -1.0649398e-01   8.4986813e-02   7.8079091e-02   6.1942634e-01  -4.5689326e-01  -3.2981114e-01   3.5952607e-01  -9.3096669e-03  -7.6352090e-02   9.8868558e-02  -2.0924998e-02  -9.5252486e-02
  -2.5473510e-01   0.0000000e+00  -5.6149703e-02  -1.7089015e-01   3.3273449e-01  -2.5939327e-01   4.3759412e-01   2.8189428e-02   2.9079089e-01   1.3976753e-02  -1.5611636e-01  -5.0205988e-02  -4.5041659e-02  -2.4185566e-01  -3.5155706e-01  -2.0460866e-01   1.5036396e-01  -1.5442776e-01   1.6734956e-01   1.6027546e-01  -1.1339737e-01  -2.5975776e-01  -1.2531681e-02  -9.7891451e-02  -1.3866879e-01   4.4166072e-02   5.5933945e-02  -3.5068441e-01   2.2126072e-01   2.7134956e-01   2.9315683e-02  -5.5094839e-02   1.4681094e-01   1.5486273e-01  -1.9991515e-02   2.4072979e-02  -6.2829792e-02  -9.0192869e-02  -1.0199368e-01   8.6765684e-02  -6.2456584e-02  -4.7932565e-02   4.1647432e-01  -3.3440097e-01   5.8576318e-02  -4.1154478e-02  -2.4378349e-01   5.8426503e-01  -1.9904460e-01   1.3253145e-01  -2.5785524e-01  -8.2259503e-03   3.3875505e-01  -5.5621498e-02  -2.0802944e-01  -2.4067881e-01  -9.9175857e-02  -1.7839497e-01  -2.1661690e-01  -2.7806829e-01  -1.2768945e-01   5.9528981e-04   4.7882733e-01   2.6568836e-01   2.0277155e-01   3.7538447e-01  -3.1110462e-01  -2.9904668e-03  -3.2592745e-01   3.0043191e-02   4.0905628e-01  -2.3035653e-01   7.9154517e-02  -3.5209127e-01   7.3059387e-02  -1.8927660e-01  -5.4767824e-02  -2.1149723e-01   3.2210758e-01  -2.0224996e-02  -1.9986042e-01  -1.5208627e-01   7.6287857e-02  -4.1446563e-02  -1.7039747e-01  -8.4808525e-02  -2.1151564e-02  -1.0775649e-01  -7.6124415e-02  -1.3703510e-01   4.4448320e-01  -1.3674059e-01  -6.2093633e-02  -2.0080544e-02  -1.1845687e-01   1.5405109e-01  -4.6798675e-02  -6.6272193e-02   1.1635759e-01  -5.6978311e-02  -3.4726096e-01  -4.8718248e-01  -1.3846294e-01  -1.7989924e-01  -3.3319248e-01   6.6606459e-02  -4.8950366e-02  -8.5498410e-02  -2.8423570e-01   9.0282719e-02  -4.9695700e-02  -2.6722012e-01  -3.3330844e-01  -2.4314867e-01  -3.1316171e-01   5.6693778e-01  -1.9301497e-01  -2.6003548e-02  -1.9918560e-01  -1.8677997e-02  -1.4269643e-01   9.6188988e-02  -7.9114382e-03   1.1493271e-01  -8.2448819e-02   1.4942572e-02  -2.9880220e-01  -1.5206037e-01  -1.0608315e-01   2.4295461e-01  -2.1362017e-01   1.9914455e-01   7.9955274e-02   8.9513864e-02  -1.2219959e-01  -2.0438774e-01  -7.8234886e-02  -2.3448628e-01  -1.8961271e-01  -3.1938976e-02  -2.5387205e-01  -6.8093502e-02  -2.1753011e-01  -5.0659314e-02  -2.6545558e-01  -2.1445057e-01  -3.8137308e-02   4.5841167e-01  -5.1145906e-02  -1.5806272e-01  -4.2002442e-01  -9.5912435e-02  -1.0376196e-01   2.3222760e-01   3.2359058e-01  -9.6458160e-02  -1.8244999e-01  -2.9434670e-01  -1.6809512e-01  -7.9489099e-02   1.7191164e-02  -1.7534604e-01   4.6605845e-01  -7.3378740e-02   1.7743487e-01   2.9342943e-02  -1.5796683e-01  -1.3706827e-01  -1.4526646e-01   4.4228745e-01   2.5214956e-01  -2.6983492e-02  -2.1317495e-02  -1.5969105e-01   7.6915185e-02  -9.4760846e-02  -4.3934196e-02
  -3.3137936e-01  -5.6149703e-02   0.0000000e+00   2.2500884e-02   2.7099994e-01   7.7948908e-02   1.9249133e-01  -5.8468976e-02  -3.3358769e-02   1.6107905e-01  -3.0459266e-01   6.8892676e-01   2.0267733e-01  -1.1213139e-01   1.1990335e-01  -1.1960214e-01   8.5436781e-01  -3.8427568e-01   1.0060746e-01   3.5876563e-01  -5.2529838e-01  -9.2507210e-02  -2.6639209e-01  -2.0981665e-01  -1.6252207e-01   1.0789880e-01   1.2738012e-01  -3.1254104e-01   2.1775485e-01  -4.5716804e-01   1.1675823e-01   2.6062948e-02   2.1151254e-01   7.9787409e-02   3.7646359e-03   1.3189090e-01  -4.1889339e-01  -9.6450826e-02  -8.4872548e-02   6.9135392e-01  -2.7685697e-03   3.1131043e-01   3.9227543e-01  -4.4986727e-01  -2.4723737e-01  -4.0803410e-02  -2.5129409e-01  -2.6705329e-02  -2.4770545e-01   7.0806079e-01  -3.7618044e-01  -8.9326660e-02  -1.9676685e-01   5.2556460e-01  -4.4950795e-02  -2.8153850e-01  -3.0656810e-02  -2.4035000e-03  -5.2032467e-02  -2.0278820e-01   2.4208506e-01   1.2893225e-02   1.7361540e-01  -3.5612000e-01  -4.9087477e-01  -1.7275418e-01   2.3920494e-01   1.0895496e-01  -3.0322381e-01   3.8802986e-01   3.3689813e-01  -2.6502628e-01   7.1030626e-02   1.7147920e-01   3.1943850e-01   6.7958291e-03  -9.7408686e-02  -3.2956479e-01   4.5432044e-01   2.0331847e-01   2.1897527e-02   7.9116833e-02   2.2566850e-01   2.1057796e-02   3.9206410e-01  -1.1002982e-02  -5.2488079e-02  -1.0820017e-01   3.1363309e-02  -2.6332725e-01   1.9458235e-01   6.4647632e-01   6.1628636e-01  -1.4589887e-02  -1.4445970e-01   2.1481001e-01   1.7480099e-01   2.3341899e-01   1.2118985e-01  -2.1343501e-01  -8.3212890e-02  -1.7086191e-01  -9.3670524e-02  -3.1513044e-01  -5.3092813e-01  -1.3346745e-02   3.4289422e-01  -1.0475079e-01  -1.0778723e-01   3.1142804e-01   6.8720294e-01  -2.7604381e-01  -1.1107453e-02  -3.2757957e-01   9.8394914e-03   6.4807855e-02  -1.6902735e-01  -1.4490557e-03   7.7380661e-02  -4.4092676e-02  -2.7027741e-01   4.4973036e-01   2.9472571e-01  -2.3254369e-01  -2.2010795e-01   1.7311269e-01  -9.0816624e-02   4.7477586e-01  -1.5231466e-01   3.0036329e-01   2.5060954e-02  -1.6904469e-01   5.8056193e-01  -1.8412369e-01   1.5437876e-01  -1.0829027e-01   4.8179115e-01  -3.1740605e-02  -1.2310059e-01  -2.5845196e-01  -1.9427494e-01   2.3304340e-01  -3.8092032e-01   3.4031784e-01  -1.7085445e-01  -2.4108712e-01   5.3965391e-01  -2.3607851e-01  -4.4530395e-02  -6.0572018e-01  -1.2640807e-01   2.8191687e-02  -1.8687133e-01  -2.6121598e-01   7.3435072e-01  -1.2840638e-01  -2.2435760e-01   2.7994617e-02   5.8102222e-01  -1.4065412e-01   7.4881766e-02  -4.7887750e-01  -1.8513738e-01  -1.3060051e-01   3.0037629e-02   2.3380546e-01  -4.8957332e-03  -5.2577032e-02  -2.2865213e-01   2.6533967e-01   4.1053357e-01  -2.0040432e-01  -2.1625847e-01   3.0794704e-01   8.4422761e-02   2.5533646e-01   7.3579604e-02
  -1.6656722e-01  -1.7089015e-01   2.2500884e-02   0.0000000e+00  -1.1929550e-01   7.9761284e-02  -1.2058197e-01   1.8020917e-01   1.0389651e-01  -2.6404085e-01   1.8231048e-01   8.4447746e-02   7.4580216e-02   1.8432081e-01   1.1297697e-01  -7.1192974e-02  -5.3574596e-02   2.3898180e-01  -1.8817068e-01   2.6704305e-02  -2.3949308e-02   3.6900197e-01   5.1884192e-02   1.0555205e-01   1.2656361e-01  -1.2106131e-01  -1.5729107e-01   1.2390033e-01   3.5853061e-02  -8.9136464e-02  -1.1233603e-02   3.3895300e-01   1.0229278e-01  -2.2847958e-01   1.8945539e-01  -3.2625795e-02  -9.2479785e-02  -2.1221905e-01   6.6767557e-02  -7.8935828e-02   4.4556815e-03   3.2176001e-01  -7.2042819e-02   3.2105625e-01   1.3759344e-01  -2.5828880e-01   1.4819553e-01  -1.0418800e-01   1.5161113e-01  -8.6217196e-02   2.0324911e-01   9.8276714e-02  -1.2140199e-01   1.8174176e-01  -4.8632276e-02   6.3853285e-02   1.4005609e-01   3.8993905e-01   4.4016768e-01   2.3444805e-01   2.7307295e-02   2.2265069e-01   2.0552699e-01   1.6004127e-01   1.8573569e-02  -2.5211228e-01   1.3925298e-01   2.3193793e-03   2.7378544e-01  -2.1939134e-01   6.1744096e-02   2.0750372e-01   2.3168948e-01  -1.2256417e-01   1.7259947e-01   1.5339757e-01  -1.3389780e-01   1.7435256e-01  -1.4049416e-01   3.3391539e-01   1.3145701e-01   1.8707889e-01   1.2344513e-01   3.8950960e-02  -5.2065980e-02   1.4428419e-01   2.5165003e-01   2.7490770e-02  -1.3917271e-02  -2.3760268e-01  -2.0282270e-01  -9.3975310e-02  -1.2481475e-01  -5.1067932e-02  -2.2679697e-01  -7.3503925e-02   4.3010903e-01   7.8084097e-02   3.3930331e-02   3.5347533e-02   2.1166782e-01   3.6625671e-02   3.1132593e-01   3.0706723e-01   2.2255418e-01   3.4489755e-01  -4.9655335e-02   2.9401504e-01   1.8988437e-02  -7.1219274e-02  -8.8519919e-02   2.0086975e-01   3.2940021e-01  -1.2206796e-01   1.7786011e-01  -2.9333883e-02   5.3312687e-02   1.2366076e-01  -2.0294506e-01   4.4861863e-02   7.3371432e-02  -1.1807323e-01   7.1893894e-02   1.7215589e-01  -2.1602425e-01   3.3024776e-01   2.7672425e-01   2.7549888e-01   2.4816399e-01  -1.9631008e-01   1.1567593e-01   7.9385746e-03  -7.6001963e-02  -7.9540644e-02   1.9435125e-01   2.0770044e-01   2.7649147e-01   1.0585744e-01   2.0634529e-01  -2.9616282e-01   1.0144087e-01  -1.3522415e-01   1.1171300e-01  -2.1323308e-01   1.6921671e-01   2.1078232e-01   1.1613235e-01  -2.1974211e-01  -1.1436756e-01   4.0812661e-02   1.0950694e-01   2.5024053e-01   6.1629788e-02  -4.8766119e-02  -1.5040186e-01  -4.9091207e-03  -3.4079848e-02   3.2347353e-01  -7.6372228e-02   8.8920344e-02  -4.3678936e-02   1.9216365e-01  -2.0826112e-01   3.7678954e-01   2.0780544e-01   1.2029547e-01   6.8136822e-02  -5.3151232e-02   6.5531170e-03  -2.7853073e-02  -1.7479068e-01  -2.2826967e-01   6.4311435e-02  -2.0672956e-01   1.3659532e-01   4.3752602e-02   2.0958539e-01
  -3.9848473e-01   3.3273449e-01   2.7099994e-01  -1.1929550e-01   0.0000000e+00   2.1824062e-02   1.9240799e-01   6.5187874e-02   2.4746712e-01   3.4654119e-02  -5.5078722e-02   1.5362219e-01   2.8504886e-01  -4.0990135e-01  -3.6479232e-01  -3.8237010e-02   3.7472332e-01   1.1992895e-01   2.9171248e-01   8.1314401e-01  -3.7373666e-02  -1.2070309e-01  -2.5639534e-01  -2.1402162e-01  -8.8330445e-02   2.1662942e-01   4.5954392e-01  -3.3330958e-01   2.0277131e-01   1.1992238e-01   1.0112166e-01  -1.0984665e-01   3.8530428e-02  -5.7248714e-02   1.2486577e-01   6.0282241e-01   7.2323267e-02  -3.2588591e-01   1.6029652e-01   4.5721681e-01   3.8004547e-01   8.2234337e-02   4.9549608e-01  -3.8606769e-01   2.8903806e-01  -1.2877007e-01   1.8306511e-01   2.4375282e-01   5.7707058e-02   4.1002382e-01  -1.2101395e-01   3.9471982e-02   1.8543180e-01   2.2915641e-01  -1.5055981e-01  -2.9369304e-01  -1.6892896e-01  -9.0153956e-02   6.3573178e-02  -6.1304221e-02   8.3151763e-02   4.5010372e-01   2.3868239e-01  -1.9085448e-01   2.4859405e-01   2.6014602e-01   1.3472738e-01   1.2705167e-01  -1.7600530e-01  -1.8411063e-02   5.8254586e-02  -1.2933344e-01   3.8094000e-01  -1.7218570e-01  -1.2052366e-03   1.1729478e-01  -7.3351388e-02  -1.7716529e-01   6.8023730e-01   3.3221822e-01  -3.0675940e-01   1.0062671e-01   2.3197361e-01   9.7152906e-02  -1.5420016e-01  -1.8029751e-02  -1.7847408e-01  -1.9201627e-01   1.8844136e-01  -2.1267199e-01   7.8448119e-01   2.2352924e-01   2.9222324e-01   1.9468967e-01  -2.7310710e-01   5.4656900e-01   7.3614383e-02   1.4204557e-01   5.0314020e-01  -1.4339554e-01  -3.6996867e-01  -3.0343032e-01  -1.3234838e-01  -1.1149859e-01  -3.0852082e-01   1.3112967e-01   1.1175834e-01   2.5148206e-02  -1.9939114e-01   6.1130666e-01   8.3505953e-02  -2.7551974e-01  -1.9474848e-01  -4.5545305e-01  -3.1340177e-01   6.3548830e-01  -7.6733892e-02   2.6885385e-01  -6.9666649e-02  -1.6224920e-01  -2.8178322e-01   6.4401153e-01  -6.2598111e-02   8.9828303e-02  -2.2920854e-01   5.5245601e-02  -1.7478151e-01   3.0141687e-01  -1.3006786e-02   1.5006716e-01   2.0163434e-01   1.9467103e-01   1.4982015e-01  -7.4050717e-02   9.0816828e-02  -1.4982207e-01   1.7883629e-01  -3.4910190e-01  -2.4721944e-02  -3.5839262e-01  -2.7732761e-01   2.6201840e-01  -4.7663462e-01  -1.9413499e-02  -3.7910192e-01  -5.9573174e-02  -1.0516228e-01   4.9474069e-01  -7.2246815e-02  -2.0129447e-01  -3.9940246e-01  -1.9781242e-01  -2.0703691e-01   2.4086413e-01   4.1376643e-01  -1.7559787e-01  -2.7101418e-01  -4.8441225e-02   2.0129358e-01  -5.4257018e-02   6.4960219e-02  -2.6662058e-01   4.2517880e-01   1.5690274e-02  -4.8488557e-02  -7.1462268e-02  -1.1878857e-01  -3.5547681e-02  -2.3280129e-01   5.8260862e-01   5.1157414e-01  -3.9319626e-01   1.8385077e-01   1.1963851e-01  -6.7939385e-02   1.8392614e-01   1.1968505e-01
   8.8290023e-02  -2.5939327e-01   7.7948908e-02   7.9761284e-02   2.1824062e-02   0.0000000e+00  -4.2208165e-02  -2.5776109e-02  -1.4047242e-01  -2.0290940e-01   4.2621533e-01   3.5862240e-01   1.5395247e-01   2.9774179e-02   6.8402748e-02   2.5503878e-01   3.5261978e-02   1.6114432e-01   7.3054365e-02   1.1547411e-01   2.0332391e-01   7.7891219e-02  -1.2607634e-02  -9.7007202e-02  -2.9526408e-03   1.6479202e-02   3.2970790e-01   2.8761499e-01  -4.8230460e-02   7.3168775e-02   2.8716170e-02   2.2810083e-01  -1.0838652e-02   2.6663214e-01   2.3962221e-01   3.1710004e-01  -1.0955317e-01  -2.0520360e-02  -4.6972594e-02   1.3177745e-01   7.1744731e-02   2.4897389e-01  -1.6274971e-01   2.2064974e-01   2.2293950e-02   8.1915817e-02   4.3110516e-01  -1.5173634e-01  -8.5759560e-02  -7.5976589e-02   2.7172156e-01  -9.8004940e-02  -9.4569913e-02   1.6673959e-01   4.2074241e-02   3.3552977e-01   2.5503433e-01   5.9025706e-02  -1.6198447e-02   2.4816427e-01   2.0162059e-01  -3.6766878e-02  -1.9305223e-01  -1.0149807e-01  -8.4264880e-02  -1.4789496e-02   6.4851526e-01  -9.0313671e-02   5.1246315e-01   3.5051392e-01  -3.2661815e-01   1.3732248e-01  -1.0620152e-01   1.4005513e-01   3.0470059e-02  -1.0034027e-01   6.3584581e-02   2.5813166e-01  -9.3912934e-02  -1.1818404e-01   2.9226935e-01   3.7899433e-02  -2.6802404e-02   3.5433921e-01   1.7105709e-01  -6.1447777e-02   1.6522878e-01  -4.8840465e-02  -1.3659551e-01  -1.1701678e-01  -1.6399580e-01   1.1315156e-01  -7.8688351e-02   6.7376327e-02   6.5678694e-03  -1.8854543e-01  -3.5842370e-02   9.6899070e-02  -4.1891113e-02   3.7242247e-02   1.5721154e-02   4.7276994e-01   8.1626177e-02   1.8701968e-02   1.3106636e-01  -5.8667112e-02   1.5862524e-01   3.1741583e-01  -6.8222043e-02   1.4127230e-03   4.0439229e-02   3.7186465e-01  -4.4297695e-02  -3.5914067e-02   1.3240279e-01  -1.6173317e-01   1.3506181e-01  -1.2774908e-01   3.5139435e-01   6.3787810e-02  -1.7458904e-02   6.0195291e-02  -2.2234353e-01  -1.6620996e-01  -1.8676280e-02  -1.8273618e-01   8.1821810e-02   5.4363069e-02  -3.5376903e-02   2.6548220e-01  -4.0836802e-02   1.8640486e-01   8.2837525e-02   1.8380598e-02  -2.4654093e-02   9.3858789e-02  -1.0809889e-01   2.1758126e-01   7.4061299e-02  -2.3214592e-01  -7.0036684e-02   1.5578470e-01   2.2487230e-01   3.4400579e-01   5.5393462e-02  -5.5533269e-02   6.4275350e-02  -1.8599104e-01   2.7997092e-01  -6.9641686e-02   1.4929843e-01   1.5019332e-01   1.1152047e-02   3.5446296e-02  -7.0185594e-02   8.1976373e-03   1.9296495e-02   1.4386180e-01   1.9786261e-01   9.1436890e-03  -2.4083160e-01   1.8233041e-01  -4.6101257e-01   1.1984207e-01   1.9139107e-01  -8.9655142e-02   2.3354516e-01   3.3429228e-01   1.2976985e-01  -1.9851278e-01  -5.6345095e-02  -1.4766996e-01   1.1766388e-01   4.8975137e-01   1.1533162e-02   1.5674292e-01   5.4839069e-02
  -1.4309740e-01   4.3759412e-01   1.9249133e-01  -1.2058197e-01   1.9240799e-01  -4.2208165e-02   0.0000000e+00  -5.4860085e-02   1.1199365e-01   2.2554810e-01  -2.1302391e-01   3.6957235e-01   1.3631140e-01  -5.5608123e-02  -7.1113695e-03  -1.4696365e-01   1.7186460e-01  -2.7281151e-01   9.6493915e-02   3.0830965e-01  -1.8589697e-01  -2.6956910e-01   1.6692573e-01  -2.0923379e-01  -1.1564975e-01  -3.1935247e-02   1.3341533e-01  -1.0370089e-01  -2.7916596e-02   2.6570918e-02  -3.2520913e-02  -1.3339123e-01   2.9787015e-01   5.1470244e-01  -1.3135244e-01   2.4181115e-01  -2.4221718e-01  -1.0037713e-01  -1.8773719e-01   2.7590567e-01  -1.1250612e-01   1.5748626e-01   4.9883727e-01  -3.5467838e-01   3.8962245e-02  -2.5543371e-01  -2.1724855e-01   5.0129226e-01  -4.7102016e-01   2.5296139e-01  -1.7237872e-01  -1.5094854e-01   3.6563440e-03  -2.9997466e-02  -1.5810566e-01  -1.5951109e-01  -3.7880622e-02  -2.7237637e-01  -2.3630636e-01  -2.4810499e-01  -3.3297597e-01   1.3304962e-01   1.6583751e-01   6.3104798e-02  -8.0872447e-02   2.9604827e-01  -1.9972303e-01  -4.2766849e-02  -2.2307769e-01   7.7704626e-02   2.9590532e-01  -3.4857232e-01   2.9057150e-02  -2.5067336e-01   2.1689682e-01  -2.4544180e-01  -2.2300371e-01  -3.6646712e-01   4.2579391e-01  -1.0834381e-02   1.4182618e-01   2.9223253e-02  -7.3678382e-02  -2.3096497e-02  -4.4308041e-02  -2.1982027e-01   4.7814781e-02  -2.0114951e-01  -7.0847535e-02  -1.0354059e-01   2.1833864e-01  -6.7915810e-02   3.6706036e-01  -4.9727110e-02  -1.8925029e-01   6.9452464e-02   1.6628816e-01   2.4851170e-02   1.5587769e-01  -9.9619596e-03  -3.2206123e-01  -2.4281261e-01  -1.2852061e-01  -1.7946831e-01  -3.4921675e-01  -5.3342897e-02   3.4733601e-02  -1.7624880e-01  -1.0660485e-01  -2.8032655e-02   3.2696915e-01  -2.1193005e-01  -2.2376516e-01  -1.3865147e-01  -1.5559455e-01   3.1828221e-01  -1.4913042e-01   6.6076791e-02  -1.2846913e-01   1.9220345e-01  -3.3299997e-01   3.0684305e-01   1.2079198e-02  -1.6649962e-01  -2.0209225e-01   9.1740417e-03   7.2051416e-02   4.1897352e-02  -2.4421961e-01   1.1765587e-01  -1.2723025e-01   2.8576490e-01   8.0520947e-02  -5.7237524e-02   5.3330444e-03  -2.0493849e-01  -2.0426335e-02  -1.1664770e-01  -4.2816004e-01  -1.0895632e-01  -1.2643476e-01   9.4979351e-02  -3.0551367e-01   6.3432501e-02   7.2718452e-02  -1.9357638e-01   2.4799841e-01  -6.0049956e-03   1.5546228e-01  -1.6321711e-01  -2.7027146e-01  -8.0565410e-02  -1.3498021e-01  -1.0594189e-01   3.9881666e-01  -1.3885919e-01  -2.2176488e-01  -1.0394813e-02  -1.7013224e-01  -1.8582272e-01  -6.4695208e-02  -2.1720408e-01   4.7389520e-02  -2.8334560e-01   1.1482443e-01   4.2839252e-01   2.0108362e-01  -2.1899208e-01  -2.0037910e-01   3.4217726e-01   3.4379200e-01  -1.8972561e-01  -7.9051285e-02  -1.7554563e-01   9.9743310e-02   5.3926556e-02  -1.2103272e-01
  -1.4261599e-01   2.8189428e-02  -5.8468976e-02   1.8020917e-01   6.5187874e-02  -2.5776109e-02  -5.4860085e-02   0.0000000e+00   2.5750452e-01  -8.6928512e-02   7.5097546e-02  -4.4458605e-02   1.2642443e-01   5.2856231e-02  -1.4674762e-01  -7.5954079e-02  -5.3868943e-02  -1.8532314e-02   1.8906030e-01  -1.7832370e-03  -2.5287511e-02   4.9479592e-02  -9.3023507e-02   9.9468808e-02   2.4484068e-01   3.1808814e-01  -6.3134920e-02  -1.9768370e-02   8.0431689e-04   7.1074277e-02   1.5884217e-02   1.2644277e-01   5.9674416e-02  -2.5378214e-01   1.9855178e-01  -1.2445691e-01   1.1939899e-01  -4.4935284e-02   9.8964603e-02  -6.9229961e-02   1.5329381e-01   4.7899894e-02   1.1509243e-03   5.9949539e-02   1.1214986e-01  -4.0943864e-02   6.6983828e-02  -1.1216430e-01   7.4682692e-02  -1.1121338e-01  -1.0196274e-01   3.9779166e-01   1.1674845e-01   1.0862858e-02   7.9338587e-02  -5.1570713e-02   3.2330195e-01   7.4208555e-02   2.3501538e-01   1.2679698e-01   6.4457570e-02  -6.2530939e-02   6.4778276e-02   2.4611160e-01   2.5518216e-01  -1.6486578e-01   4.5526519e-02  -2.8904837e-02   1.3410831e-01  -2.0592035e-01  -8.9174273e-02   2.4806694e-04   7.0548121e-02  -9.1420575e-02  -2.0025978e-02   2.5031731e-01   3.4506496e-02   6.8373815e-02   3.8341986e-03   8.2710032e-02  -6.6839224e-02   1.5304009e-01   8.1829340e-02   2.9185049e-01  -2.0035072e-01   1.2274178e-01   2.8084919e-01   5.8064657e-02   9.4517756e-02  -7.7013465e-02   2.1721341e-01   8.4881438e-02   2.5798223e-02   1.9231253e-01  -1.1279926e-02  -4.7552501e-02  -3.9737466e-02   1.8361519e-01  -1.1614548e-01  -6.3514980e-02  -3.1281311e-02  -8.4507417e-02   5.4769344e-02   1.5845578e-01  -5.1050684e-02   3.2007372e-01   1.4072361e-02   2.5810249e-01   1.2747710e-01   5.7228739e-02  -3.8177073e-02  -1.8795119e-01   3.7658926e-02  -1.5981720e-01  -1.4478332e-01   1.0458265e-01   2.8325429e-01   9.0706753e-02  -1.9388952e-01   9.9133729e-02   1.7799227e-02   8.1609307e-02   3.4794710e-02   8.7473616e-02  -5.8744983e-03   7.7651717e-02   6.0591518e-02   8.2239306e-02   1.1289321e-01  -1.9234497e-01   1.4572163e-01  -8.7007437e-02  -1.4225078e-01   1.0025373e-02   3.6402563e-02   2.7805334e-01   7.2229456e-03  -2.7937580e-02   1.4881962e-01   2.9233374e-02   2.0661186e-02   1.3402757e-01   9.4496085e-02  -2.9114873e-01   4.8875969e-02   1.3609387e-01  -1.0526737e-01   1.0442014e-01  -8.2912708e-02   3.8112347e-02  -3.4206155e-02   2.1654122e-01   1.4846405e-02   1.7436265e-01  -9.2659147e-02   7.3032252e-02   4.0512270e-02   7.9803153e-02  -3.2278683e-02   1.0497509e-01  -2.7597750e-02   2.1699777e-01   7.0030100e-02   5.1400741e-02   6.6746733e-02   3.1141030e-02  -7.9331343e-02   1.1121825e-03   1.5418943e-02   1.7093494e-01   1.8364704e-01  -7.9876304e-02  -3.8260725e-04  -1.0268913e-01   7.5216592e-02  -1.7968060e-01   3.6345932e-01
  -2.9408865e-01   2.9079089e-01  -3.3358769e-02   1.0389651e-01   2.4746712e-01  -1.4047242e-01   1.1199365e-01   2.5750452e-01   0.0000000e+00  -9.3877263e-02   3.0738321e-02  -1.0275632e-01   2.4157226e-01  -1.8249755e-01  -3.1857684e-01   1.0586443e-02   2.0969946e-02   2.2586350e-01   6.8967765e-02   1.4764321e-01  -2.0506094e-01   2.0099909e-01  -8.3367479e-02  -2.3694628e-01  -1.4730736e-01   7.5579196e-02   9.1791386e-02  -3.0884294e-01  -1.0435553e-01   2.4184572e-01  -5.1283657e-02   6.8048080e-02  -1.2273461e-01  -8.2751147e-02   9.2801170e-02   1.5116465e-02   2.6007309e-01  -2.1082008e-01   1.0088944e-01   6.6500096e-02   8.1459110e-02   4.7781016e-03   3.8981999e-01  -1.9879497e-01   3.4717209e-01  -1.0385247e-01   2.8849957e-02   1.8277909e-01   9.8620539e-02  -2.8693463e-02  -4.2048368e-02   1.9895484e-01   7.9076521e-02  -2.6152129e-02  -1.2785224e-01  -3.3977544e-01  -1.7213958e-01   1.4731285e-01   1.9406950e-01  -2.0595789e-02   1.0176324e-03   5.2398050e-04   5.1617370e-01   1.6879219e-01   4.0132738e-01   2.3616910e-01  -1.0802177e-01   7.8713359e-02  -4.8319533e-02  -2.7686128e-02   1.9837810e-01   1.5665033e-01   1.3748676e-01  -4.3355062e-01  -9.2682883e-02   1.7779170e-01  -7.9102980e-02  -6.1064362e-02   8.1265696e-02   4.7967518e-02  -2.7012173e-01  -2.4937195e-02   1.5012513e-01   1.8066580e-01  -4.7642286e-01   1.7626009e-01   3.3017755e-01  -1.1055050e-01   3.8847799e-01  -3.6696712e-01   2.1211310e-01  -8.4746641e-02  -2.8846649e-02   1.1615514e-01  -3.1148577e-01   2.8988464e-01  -1.7909517e-01   3.0349916e-01  -3.5948660e-03  -1.1989786e-01  -2.9107811e-01  -2.3567104e-01   2.0076046e-01   4.4038946e-01   2.8853769e-02   1.8268175e-01  -1.1013124e-01   2.5686566e-01   7.2917376e-02   1.4322539e-01  -1.0448571e-01  -1.0597357e-01   1.7373074e-01  -3.9554789e-01  -3.5614058e-01   2.6243864e-01   4.7981757e-02  -7.3515587e-02  -3.1874328e-01   7.2000726e-02  -1.6194774e-01  -4.2215962e-02  -8.3056401e-02   1.6398783e-01  -2.7336146e-01   5.7074625e-02  -1.9225148e-02   5.0557870e-02   3.7385707e-01   1.0828297e-01   1.2027510e-01   8.9641162e-02  -2.1631911e-01  -1.4649284e-01   2.5512998e-01   1.8796993e-01  -1.7748253e-02  -2.3139080e-01   1.3472698e-01  -2.2646066e-01  -6.5674406e-02   1.8085823e-01  -5.3730755e-02  -2.7050455e-01  -1.2469356e-01   6.1860903e-02  -1.2990827e-01   2.2223937e-01  -8.4261698e-02   4.7886561e-04  -5.2797277e-01   2.0538779e-02  -3.6570080e-02   2.3030783e-01   1.6187702e-01  -1.2698261e-01  -1.2376415e-01  -1.9526845e-01  -8.8759126e-02  -1.2294966e-01   3.0788604e-02   9.0140067e-03   1.2120438e-01   2.1210074e-01  -1.7248376e-02  -7.2014722e-02   8.3190218e-02  -3.0560686e-01  -4.3890848e-02   3.4425773e-01   1.8270022e-01  -2.9031721e-01   1.6190856e-01  -2.9845332e-01  -2.0669656e-02   7.7625857e-02   2.3079567e-01
  -1.2219567e-03   1.3976753e-02   1.6107905e-01  -2.6404085e-01   3.4654119e-02  -2.0290940e-01   2.2554810e-01  -8.6928512e-02  -9.3877263e-02   0.0000000e+00  -2.5043027e-01   1.1270980e-01  -2.5668598e-02  -1.4898252e-01  -1.0508123e-01  -1.2036266e-01   1.7638389e-01  -2.1550888e-01  -1.0206849e-01   2.2277524e-02  -2.4415601e-01  -1.9722423e-01  -3.5296728e-02  -2.4384305e-01  -1.5842075e-01  -4.0916317e-02  -1.3067809e-01  -3.5180906e-02  -1.1521678e-01  -2.8574405e-01  -1.2365159e-01  -2.5460403e-01  -6.0474090e-02   2.1739916e-01  -2.3527044e-01  -8.7686379e-02   6.3581901e-02  -1.4930794e-01  -2.2960071e-02   2.4913746e-01   1.1088178e-01  -1.3726573e-01   1.1157945e-01  -2.2705499e-01  -8.1166695e-02  -2.8009315e-01  -3.5026703e-01   9.1533895e-02  -3.0761130e-01   2.3383022e-01  -1.9739786e-01  -2.1069080e-01   7.4254457e-02  -2.1484471e-02  -1.7835476e-01  -2.0491252e-01  -2.3776562e-03  -2.8076995e-01  -2.3587453e-01  -3.5672262e-01  -3.3486354e-01  -1.0769234e-01  -8.6010396e-02  -1.4973755e-01  -1.8747514e-01   1.3102443e-01  -1.1006359e-01  -1.9467932e-01  -3.4089961e-01   1.8135071e-02   2.8147123e-01  -3.0673612e-01   3.3924788e-02  -5.8529152e-02  -2.4164939e-01  -1.0617725e-02  -3.5217460e-01  -2.1596801e-01   1.4219507e-01  -3.6076341e-02   8.1285409e-02  -9.8643743e-02   1.1640710e-01  -3.1956242e-02   1.5940122e-01   6.0316859e-02  -1.3617305e-01  -2.7540657e-01   2.2585708e-02   4.3451337e-02   1.4795273e-01  -1.2064937e-01   2.7512854e-01  -1.4320880e-01  -2.2146687e-01   1.2289963e-01  -1.0077149e-01  -8.7133265e-02  -1.1917209e-01   3.9614117e-01   7.5087395e-03  -2.3181399e-01  -2.1803334e-01  -1.5353438e-01  -2.7764232e-01  -1.0945952e-01  -1.2839014e-01  -3.5131874e-01  -3.4273408e-02   8.9300981e-02   2.5520909e-01  -2.8646388e-01  -2.3348638e-01   4.3739649e-02  -3.2567867e-02   2.8569262e-02  -2.1353818e-01  -2.2485202e-03   1.9570077e-01   5.1810014e-03  -3.9364629e-01   2.0096152e-01  -5.0831717e-02  -3.6949415e-01  -3.5901878e-01  -2.7267187e-02  -9.6531817e-02  -5.7949294e-02  -9.4707953e-02   1.4389997e-01   7.0936142e-02  -1.3684927e-02   1.2037871e-01  -1.3207166e-01  -7.3360027e-02   3.1986387e-02   4.8518492e-02   2.4600832e-02  -4.1257700e-02  -4.3293861e-02   8.5525122e-03   1.6653505e-01  -2.2204513e-01   2.7592709e-01  -8.7206305e-02  -1.7092027e-01   2.8265197e-01  -1.0209290e-01   1.0066483e-01  -1.5106840e-01  -1.7943102e-01  -9.6283075e-02  -3.9899392e-01  -2.4259904e-01   3.9334147e-01  -3.1165525e-01  -3.1065457e-01  -9.7927392e-04  -9.6614131e-02  -1.6398123e-01  -1.6885292e-01  -1.9926630e-01   1.6652979e-01  -2.7305985e-01  -1.2900342e-01   1.4646324e-01  -5.4699226e-02  -5.6276769e-02  -3.3802412e-01   8.7815884e-02   6.0388729e-02  -1.1235803e-01  -2.3202880e-01   1.0440647e-01  -1.2267133e-01   1.1563628e-01  -2.5318702e-01
   2.4819545e-01  -1.5611636e-01  -3.0459266e-01   1.8231048e-01  -5.5078722e-02   4.2621533e-01  -2.1302391e-01   7.5097546e-02   3.0738321e-02  -2.5043027e-01   0.0000000e+00  -1.5935111e-01  -3.4036172e-02   3.2437036e-02  -1.9094417e-01   2.5985722e-01  -4.4055262e-01   5.0699020e-01  -1.0815721e-01  -5.8624879e-02   5.1670177e-01   2.4378335e-01  -4.0093246e-03   2.1184608e-01   5.4673074e-02  -9.2108960e-02   2.7668991e-01   3.0899058e-01  -2.8646394e-01   3.1445195e-01  -1.0206110e-01   2.7006241e-01  -1.1587423e-01  -6.7538089e-02   2.6706142e-01   3.5141264e-01   1.5050289e-01   1.5068726e-01   5.1179996e-02  -4.0580487e-01   1.6848309e-02   1.3046439e-01  -3.6380594e-01   3.8474995e-01   7.5489767e-02   2.1250965e-01   7.2920512e-01  -1.8611342e-01   1.0180258e-01  -5.0418482e-01   5.2786768e-01   1.3710416e-01   2.9876017e-04  -1.0985115e-01   2.4946301e-01   4.5912226e-01   8.5352775e-02   1.9355675e-01   1.1296897e-01   3.0675992e-01   2.8904897e-01   6.2285191e-02  -4.9358428e-02   1.9067562e-01   2.7453336e-01  -1.5227654e-01   1.4817553e-01  -1.2128042e-01   6.9919245e-01   1.2052813e-01  -5.2922435e-01   4.4651931e-01  -7.4636573e-02   3.5116225e-03  -8.5006782e-02   1.3888701e-01   3.2129053e-01   3.3601908e-01  -3.4791015e-01  -1.9675264e-01  -5.1171321e-02   3.9996793e-02  -3.3353875e-02   1.2834559e-01  -3.7127353e-01   1.7298917e-01   2.0209548e-01   1.7651077e-01  -9.1084423e-02   1.5081879e-01  -2.0168156e-01  -1.4269311e-01  -4.0408612e-01   4.0729122e-02   1.7326140e-01  -1.9749051e-01  -1.2865730e-01   5.0190136e-02  -9.4480222e-02   2.7393995e-01  -9.7280564e-02   3.8492451e-01  -3.2927585e-02   2.4623686e-01   4.6618233e-01   2.7543264e-01   2.3927209e-03   3.0373425e-01  -2.4760414e-01   6.7492085e-02  -4.7449335e-01   4.0075268e-01   1.2417887e-01   1.1103175e-01  -1.3359557e-01  -1.9139654e-01   4.4847891e-01  -6.8265192e-02   9.0257924e-02   1.9162191e-01   3.5815256e-01  -2.6531370e-01  -3.5167591e-01  -5.5658574e-02   3.0842672e-01  -2.2094239e-01  -1.1786350e-01  -9.4622163e-02   3.6129352e-01  -5.9695786e-02  -1.2994015e-01   2.0859857e-01  -3.7630754e-01   5.5794854e-02  -1.1358478e-01   3.6794267e-01  -2.3546085e-01  -1.7840197e-01   4.0981083e-01   3.0979342e-02   1.9678213e-01  -9.2491336e-02   5.4056208e-01  -6.2309735e-02  -2.0276652e-01  -7.4663729e-02  -4.3068099e-01   1.2645567e-01   4.7498542e-01   1.4274145e-01   1.2383111e-01  -9.2684978e-02   2.2345762e-01   3.5605425e-01  -4.4430669e-01   2.6083410e-01   2.8777195e-01   1.9759234e-01  -1.1860279e-01  -1.2496212e-01  -1.0467502e-01   6.7076318e-01  -2.0436752e-01   3.6536921e-01   2.6798918e-01  -3.1047462e-01   2.6072827e-01   1.1242376e-01   2.4078148e-01  -2.8731382e-01  -2.9810360e-01  -1.5348305e-02   3.7608188e-01   1.5591979e-02   9.3609493e-02   1.3064194e-01   1.4621270e-01
  -2.2004124e-01  -5.0205988e-02   6.8892676e-01   8.4447746e-02   1.5362219e-01   3.5862240e-01   3.6957235e-01  -4.4458605e-02  -1.0275632e-01   1.1270980e-01  -1.5935111e-01   0.0000000e+00   1.6299242e-01  -1.4778798e-02   1.5336730e-01   2.5621616e-02   5.2614854e-01  -3.3160789e-01   3.3733053e-02   3.0201526e-01  -4.4157236e-01  -1.2676614e-01  -2.4453803e-01  -3.3041547e-01  -6.5875540e-02   5.8904308e-02   5.7511272e-02  -1.0767308e-01   1.2530389e-01  -2.8718932e-01   1.5528021e-01   1.0213962e-01   2.2450244e-01   3.2362243e-01   6.4123350e-02   1.3168280e-01  -3.4562310e-01  -1.4932470e-01  -1.7138988e-02   5.4498462e-01  -7.9274075e-03   4.1618854e-01   3.3985508e-01  -2.6484912e-01  -1.4833345e-01  -2.4200968e-01  -6.1300870e-02  -7.0130450e-02  -3.6578102e-01   5.5719128e-01  -2.4118581e-01  -1.2363667e-01  -9.0948310e-02   3.9719168e-01  -9.8985636e-02  -8.6040613e-02   7.8544803e-02  -8.8244381e-02  -8.2134763e-02   2.1417568e-02  -1.2836942e-02   6.6751271e-02   9.2384119e-02  -1.6202124e-01  -2.7571576e-01  -1.1137737e-01   3.2470129e-01   1.5898496e-01  -4.5688183e-02   2.0868262e-01   1.0443185e-01  -3.1062029e-01   8.0302074e-02   1.8771098e-01   2.6685519e-01  -1.0440013e-01  -2.1395470e-01  -1.8231000e-01   4.6443687e-01   2.0332645e-01   1.6766005e-01   1.9576359e-01   1.0423542e-01   7.2475708e-02   3.6146023e-01  -5.6383277e-02  -1.9026989e-02  -1.6952761e-01  -4.3820926e-02  -3.1372676e-01   1.1141219e-01   3.4408762e-01   5.1339788e-01  -2.3506160e-02  -2.4838608e-01   8.0096411e-02   3.0295467e-01   1.2012436e-01   1.5171011e-01  -1.3858493e-01  -1.9125192e-01   1.2077109e-01  -1.5761256e-01  -2.3858077e-01  -4.2963924e-01  -9.1656377e-02   2.2740062e-01  -6.7080189e-02  -1.2834050e-01   1.0578610e-01   6.7656024e-01  -1.1604551e-01  -2.9582702e-02  -2.5231861e-01  -2.4892818e-02   1.4600750e-01  -1.2683176e-01  -8.5027130e-03   1.5148126e-01   6.7804056e-03  -4.0472571e-01   4.7467512e-01   1.8592441e-01  -2.4551921e-01  -2.7213275e-01   6.8577563e-02   9.8599723e-02   3.5094129e-01  -3.2745770e-01   1.4421087e-01  -2.5052775e-02  -4.2019612e-02   5.6515072e-01  -1.8407902e-01   8.8680353e-02  -1.2783999e-01   3.1148604e-01  -3.8538596e-02  -1.7162826e-01  -3.4746239e-01  -1.0466279e-01   1.9554591e-01  -1.9772127e-01   4.3428870e-01   5.4651438e-02  -2.1370618e-01   5.4842414e-01  -2.1945975e-01   4.9171481e-02  -4.7720837e-01  -9.5950151e-02  -3.8225266e-02  -2.7594627e-01  -2.8397621e-01   5.3760129e-01  -2.9826543e-01  -3.0294026e-01   2.9112425e-02   3.0254921e-01  -2.2549534e-01  -7.0878034e-02  -2.4180757e-01  -3.6642907e-01  -1.3385868e-01   1.7021245e-01   3.9329204e-01   1.2479037e-01   4.9289657e-02  -2.2129663e-01   2.6763008e-01   3.9113318e-01  -3.9081229e-01  -6.3807158e-02   3.9916545e-01   1.5387464e-01   1.9362915e-01   3.2653978e-02
  -5.6933148e-02  -4.5041659e-02   2.0267733e-01   7.4580216e-02   2.8504886e-01   1.5395247e-01   1.3631140e-01   1.2642443e-01   2.4157226e-01  -2.5668598e-02  -3.4036172e-02   1.6299242e-01   0.0000000e+00  -1.2821204e-02  -9.4177548e-02  -2.0465171e-01   2.4564906e-01  -7.6479112e-02   1.9933879e-01   3.5560240e-01  -1.3110059e-01   2.9913239e-03  -5.0208415e-02  -1.1254429e-01  -6.9648921e-02   8.1260535e-02   2.0306803e-01  -1.1534483e-01   1.6845099e-01  -2.0016278e-01  -1.6261822e-01  -5.1112467e-02   4.8223992e-02   6.7839385e-02   3.3547308e-02   2.1987796e-01   4.5156860e-02  -2.2332453e-01  -4.0205695e-02   3.3956484e-01   4.3625536e-01   6.6902643e-02   1.4948546e-01  -2.0527899e-01   7.3229609e-02  -1.2769073e-01   2.9441297e-02   3.2579074e-02   2.6098296e-02   1.7062494e-01  -3.4123665e-02   7.6879680e-02  -7.6227868e-02   1.2916036e-01   1.1671492e-01  -1.3461241e-01  -2.7560095e-02  -1.3631156e-01   2.5191003e-01   3.8905584e-02   1.3635690e-01  -5.7556913e-03   1.3271551e-01  -1.7599712e-01   3.3377345e-02   1.3632012e-01   9.6856262e-02   3.0927821e-02   1.3085192e-01   7.1116670e-03  -7.6085457e-03  -1.3150605e-01   2.4702707e-01  -3.7064251e-02   3.1124761e-02   2.9566744e-02  -9.6908890e-02  -1.6569165e-01   2.5950684e-01   7.6400885e-02  -1.1941901e-03   1.2275572e-01   1.0119541e-01   1.7833253e-01   5.3915534e-02   1.0451399e-02   2.2325970e-01  -2.2401956e-01   5.2490277e-03  -2.0607314e-01   1.4868631e-01   1.9075531e-01   3.1231852e-01   1.5613068e-01  -1.8601673e-01   1.9359487e-01   9.1019914e-02   3.0148471e-01   7.8821360e-02   2.6041136e-02  -1.7682727e-01  -9.7886526e-02   8.9460949e-02   7.5567305e-02  -1.9409999e-01  -1.5145016e-02   1.8763683e-01   1.3980981e-01   1.0224183e-01   2.8316993e-01   1.4289519e-01  -1.6404552e-01  -1.3395877e-01  -1.9612814e-01  -1.9836114e-01   1.6312579e-01   1.2707722e-02   4.1314144e-01  -1.1512460e-02   1.5556371e-01  -2.5897521e-01   2.9765753e-01   7.4524201e-02  -2.6980685e-01  -1.8372862e-01   2.2792142e-01   2.9520580e-02   2.5483147e-01   1.3477998e-02   4.9611718e-02   4.1388306e-01   3.4300292e-02  -3.8285452e-03  -2.2255917e-01   2.1313593e-01   7.2904807e-02  -3.3873402e-02  -1.1611654e-01  -4.7426606e-02  -1.6390427e-01   1.3467505e-02   5.2616343e-01  -2.2103993e-01  -1.2874902e-01  -5.6059017e-02  -1.2945545e-01   2.3538020e-02  -4.2945454e-02   1.0449084e-01  -1.5377700e-01  -1.9343195e-01   1.4426067e-01  -1.4241018e-02  -7.2660693e-02   1.7925194e-01  -2.1673038e-01  -2.9244474e-02   1.2181651e-01   1.6396028e-01  -6.9225069e-02  -8.5971225e-02  -1.9219814e-01  -3.2581053e-02  -1.8231895e-01   1.1164553e-02   1.3370086e-01   7.7006602e-02   5.6301970e-02  -8.7933239e-03   3.0367531e-01   4.2335716e-01  -2.9266668e-01  -2.5617993e-01  -3.6793497e-02  -1.7381315e-01   1.0427905e-01   1.6945575e-01
   2.8327163e-01  -2.4185566e-01  -1.1213139e-01   1.8432081e-01  -4.0990135e-01   2.9774179e-02  -5.5608123e-02   5.2856231e-02  -1.8249755e-01  -1.4898252e-01   3.2437036e-02  -1.4778798e-02  -1.2821204e-02   0.0000000e+00   3.6236947e-01   6.1079589e-03  -1.8168395e-01   1.3286676e-02  -7.4414408e-02  -4.2042679e-01   3.3806670e-02   1.9153538e-01   2.7833547e-02   2.5142801e-01   5.5230497e-02  -1.0316798e-01  -3.1878113e-01   2.1192579e-01  -6.7560053e-02  -2.0217312e-02   1.7031093e-01   1.5700424e-01   2.4127546e-01  -2.6507837e-02   2.0340195e-01  -4.3730806e-01  -1.7383136e-01   8.6781516e-02  -4.6386182e-02  -3.8412828e-01   8.8861805e-03   1.8923581e-01  -3.0643936e-01   3.1607011e-01  -2.3224276e-01  -4.2796120e-02  -9.6844135e-02  -1.6296527e-01   2.6993256e-02  -2.8076623e-01   2.3672081e-01   1.8077613e-01  -7.4929102e-02  -4.7119407e-02   3.0641347e-01   2.8635081e-01   2.0045348e-01   1.5066537e-01   6.6195823e-02   3.3565675e-01  -3.1317359e-02  -2.6437043e-01  -2.9120321e-02   7.8089940e-02  -4.1104406e-02  -3.1018021e-01   2.3077100e-02  -1.0423172e-01   7.5295041e-02  -8.9003386e-02  -1.1093873e-01   6.4514334e-02  -8.8858531e-02   2.0413181e-01   1.3188925e-01  -5.0949110e-02  -1.4715067e-02   6.1540848e-02  -3.8304781e-01  -1.4443684e-01   2.0676795e-01  -7.6334789e-02  -1.7951301e-01  -3.1829617e-03   2.0633891e-01  -4.1451014e-02   4.5532099e-01   2.0719722e-01  -1.5781413e-01   2.2781266e-01  -3.9168955e-01   1.7642297e-03  -2.1555009e-01   1.2677723e-01   1.1155825e-01  -2.9376883e-01   6.1855730e-02  -2.2217608e-04  -2.0222535e-01  -1.1481051e-01   3.2526805e-01   4.3327635e-01   1.9467664e-01   2.5033896e-01   2.7319380e-01   8.6002641e-03   1.6068644e-01   9.2737344e-02   1.8328057e-01  -4.0271942e-01  -2.1667537e-02   1.1025457e-01   8.6894426e-02   3.0310178e-01   1.5492182e-01  -3.6540181e-01   2.0655882e-01   1.0170981e-01   1.0524035e-01   2.1941160e-01   2.2464424e-01  -3.1903019e-01   1.1072794e-01   1.5374675e-01   1.6141234e-01   2.7382186e-01   3.0158817e-01  -7.0483736e-02   1.2530802e-01  -2.4132589e-01  -2.2210019e-02  -1.7088995e-01   1.4796194e-01   1.5600132e-01  -8.7310283e-02   2.2982016e-02  -1.1164056e-01   4.1277782e-01  -5.1418738e-02   2.1272800e-01   3.7635119e-01   3.7919364e-02   2.1791136e-01  -9.3172082e-02   3.0901287e-01   2.7659331e-01  -3.2993863e-03  -3.4344605e-01  -8.8785008e-02   1.9748871e-01   3.2156894e-01   3.6240687e-01   1.9110656e-01  -1.2577084e-01  -3.5984246e-01   1.9149602e-01   2.0054010e-01   1.3630643e-01  -1.3145158e-01   1.1306680e-01  -1.8717187e-01   1.0260004e-01  -3.1986886e-01  -7.2830146e-02   8.6884599e-02   4.0115283e-02  -1.8455974e-02   1.6779500e-01   2.6772859e-01  -4.4448806e-01  -3.5635174e-01   6.3116041e-03  -1.6904962e-01  -1.3856118e-01  -3.9293505e-02  -4.8000699e-02   3.5339629e-03
