   0.0000000e+00  -4.1609636e-01  -1.5493060e-01  -6.9413860e-02  -5.6383484e-01  -1.6655741e-01  -2.4571631e-01   3.7810753e-01  -3.3499193e-01  -3.9496695e-01   1.6099231e-01  -1.5959815e-04  -2.9127042e-01   5.8921774e-01   3.9750002e-01   2.9139952e-03  -1.8692597e-01  -3.3335918e-03  -1.5274088e-01  -6.8640095e-01  -2.6784932e-01  -5.8552441e-02  -2.9682666e-01   7.2786274e-01  -3.1587472e-01   5.4868594e-02  -4.2911516e-01   5.2461762e-01   4.4890780e-02  -1.5701391e-01   3.0207228e-02   6.5286428e-02  -4.4919385e-02  -3.4616539e-01   1.4708778e-01  -3.0669617e-01   2.6765635e-02   4.5717021e-01  -3.0612958e-02  -4.7194807e-01  -2.4006931e-01   1.1370662e-01  -1.1687934e-01   1.3312620e-01  -4.3797169e-02   6.8335003e-01   2.7260221e-02  -3.4274651e-01  -3.8045900e-01  -3.8060669e-01  -3.8363110e-03   2.6512498e-01  -2.0771340e-01   1.1915747e-01   4.4110708e-01   1.8279210e-01  -2.9117847e-02   5.4673612e-02  -5.8823630e-03   3.8740378e-02   4.6822971e-01  -2.8839745e-01  -2.3318519e-01   5.5359200e-02  -2.7840285e-01  -5.2167865e-01  -1.8900783e-01   4.7377562e-02  -9.3444943e-02   6.6646947e-02  -4.7274728e-01  -9.7168435e-02  -1.0096826e-01   8.1231609e-01   5.2846160e-02   1.7948070e-01   5.7620824e-01  -2.1169663e-01  -4.2900566e-01  -3.3465575e-01  -5.8295610e-02  -1.0624493e-01  -9.8983950e-02  -1.9182722e-01   5.7659436e-01   2.6463244e-01  -2.1020760e-01   7.2195130e-01  -7.2796391e-02   8.0567146e-01  -3.1822069e-01   4.9316491e-01  -2.8575330e-01  -7.9045433e-02   5.6644401e-01  -5.6346059e-01  -8.9936502e-02  -1.5450154e-01  -2.1572469e-01  -3.9969905e-01   1.8183568e-01   4.1293630e-01  -1.1309697e-01  -5.0085740e-02   1.7078449e-01   1.7202505e-02   8.1056573e-02  -1.1421790e-01  -8.6645069e-02  -1.8625296e-03  -2.9736018e-01  -2.1982683e-01  -2.6460523e-02   8.4511557e-01   3.5393007e-01  -4.8715766e-01  -2.5453806e-01   1.2968590e-02   4.6282294e-01   1.4992677e-01   8.3333231e-01  -4.4163992e-01   1.2167490e-01  -3.1180404e-01   7.7499322e-01   6.0426449e-01  -2.4390877e-01  -1.5661208e-01   1.6648505e-01  -1.7742546e-01  -9.1733275e-02  -4.8443832e-01   1.8853074e-01  -1.3080413e-01   1.2188547e-01   3.5087357e-01  -1.3465791e-01  -3.8401473e-02   4.0652373e-01   6.3616165e-01   7.6379212e-01  -1.1552973e-01   2.8085088e-01   3.4517141e-02   1.9400331e-01   2.4638243e-02  -3.0472713e-01  -1.7882807e-01   6.3306147e-02  -1.9003036e-01   6.9844538e-01  -1.5467871e-01   7.4841352e-01  -1.4835383e-01  -2.4211842e-01   5.9477728e-01   6.9442546e-01  -2.5689746e-01   4.9644921e-01  -5.6826879e-02  -5.0208463e-02   4.0902709e-01  -1.3143792e-01   1.4132229e-01  -9.8397749e-02  -4.4358547e-01   4.4206808e-02   1.1367570e-01   6.9767998e-01  -1.5714464e-01  -8.3063545e-02   5.0268521e-01   5.4861215e-02   6.5709080e-02   6.3654186e-02  -1.8326635e-01  -8.0846774e-02
  -4.1609636e-01   0.0000000e+00   4.0563160e-01  -7.4182012e-02   5.1478487e-01  -1.8503284e-01  -1.0222535e-01  -1.6926120e-01   6.4403141e-01  -8.3522238e-02  -5.0878748e-01   2.9170882e-02   8.5323935e-02  -2.3780958e-01  -5.4142982e-01  -2.0057539e-02   3.6225658e-01  -2.3079689e-01   1.2373321e-01   3.0431334e-01   1.3195314e-01  -1.7076405e-01  -1.8630095e-01  -2.2489566e-01   2.2312115e-01   2.4301969e-02   3.0468151e-01  -5.1288317e-01   1.7615026e-02  -7.6891574e-02  -1.3228254e-02  -1.6647770e-01   2.2520913e-01  -5.2241282e-02  -2.7753033e-02  -1.3338313e-02   5.7120498e-03  -2.5770045e-01   1.2659333e-01   5.4056735e-01   2.0496161e-01   1.7823474e-01   2.9940121e-01   1.0104854e-01  -1.0405219e-01  -3.3492421e-01  -3.3666491e-01   1.0635744e-01   2.6895860e-01   4.1067579e-01  -3.6159184e-01   6.3341079e-03   2.3292256e-01   7.8877187e-02  -7.8602328e-02  -2.0039069e-01  -1.8191680e-01  -2.7751424e-01   2.0560087e-02  -2.5168011e-01  -3.1227197e-01   2.5344212e-01   6.0052699e-01   1.3436011e-01   4.6452006e-01   2.5127418e-01   1.7461543e-01   2.5419013e-01  -2.5465899e-01   5.0823340e-02   7.2971765e-01  -2.1427905e-01   8.2601339e-02  -3.1853264e-01   1.3011703e-01  -3.9869579e-02  -3.5802920e-01  -2.1151837e-02   6.2564556e-01   4.3423642e-01  -7.6810397e-02  -7.0021732e-02   8.6819413e-02   3.1369915e-02  -1.6812381e-01  -1.1744543e-01   3.7943737e-01  -2.0569384e-01   3.8951564e-01  -3.1610891e-01   6.6348394e-01  -3.9619227e-01   5.2064669e-02  -4.4298890e-02  -3.1897821e-01   4.5489191e-01   6.8464796e-02   4.7784702e-02   2.6840650e-01   6.3938458e-02  -4.4263351e-02  -5.7640197e-01   8.6254769e-02   2.0503041e-01  -4.3895896e-01  -1.4082548e-01   1.3181765e-01   5.2838167e-02   9.7801264e-02  -3.0385006e-01   1.0953514e-01  -1.4411717e-01  -1.1513649e-01  -3.5847649e-01  -1.4726327e-01   6.7351718e-01   1.8368956e-01  -1.4409476e-01  -2.8898656e-01  -1.6900818e-01  -3.7797141e-01   4.5586623e-01   1.8794482e-01   3.8966549e-01  -3.7864074e-01  -4.4458044e-01  -1.7950291e-01   3.1499053e-01  -1.9871956e-01   3.3107642e-01   1.4863508e-01   1.6046313e-01   1.4968212e-01  -9.8164623e-02   3.0071570e-02  -1.9044604e-01   3.5094954e-01   5.0608653e-02  -3.1028355e-01  -2.6572481e-01  -3.3101824e-01   7.9617299e-02  -4.0651999e-01  -1.2363450e-01  -5.0247805e-01   1.1051479e-01   4.8227339e-01   1.9596009e-01  -5.0618169e-01  -1.5405927e-02  -2.8415599e-01   1.4204377e-01  -3.5214321e-01   2.6880432e-01   6.8997140e-01  -1.5673462e-01  -3.5592296e-01   1.2967673e-03  -1.2262208e-01  -2.1343920e-01   3.3980699e-01  -3.3672547e-01   1.2433547e-01  -3.4585483e-01   6.6471948e-02   4.4217251e-01  -1.9818472e-01  -4.4903539e-02  -3.6037391e-01   1.9262465e-01   7.5049946e-02  -1.9632701e-01  -2.8907710e-01  -1.8729062e-01   4.3415995e-02   3.3966907e-01   3.1989358e-02
  -1.5493060e-01   4.0563160e-01   0.0000000e+00  -3.4759163e-02   2.7493462e-01   1.9006226e-01  -1.7238304e-01  -2.5024114e-01   3.1928089e-01   5.6696668e-02  -1.9314684e-01   2.6650811e-01  -1.5977294e-02  -1.3585145e-01  -2.4327635e-01   2.0735720e-01   8.6351357e-01  -1.1199190e-01   2.0887517e-03   2.0238592e-01  -1.3265939e-01  -1.2141128e-01  -2.3233100e-01  -1.3612164e-01   9.2230447e-02  -1.1102808e-01   2.9397428e-01  -1.2289735e-01   4.3598006e-02  -1.4367892e-02  -2.4533451e-02  -1.0449546e-01   2.4943234e-01  -8.8991938e-02  -1.7728976e-02   3.8183605e-02  -1.7391472e-01  -1.1827802e-01   1.4335469e-01   5.3256597e-01   9.4562692e-02   4.5189389e-01   2.7790170e-01  -1.2962009e-01  -1.0627577e-02   4.4671401e-02  -2.2446038e-02  -7.9385444e-02  -1.1862029e-02   5.6659645e-01  -1.1497317e-01  -2.8757075e-02   1.5935490e-02   3.6224016e-01   8.1656470e-02  -1.4590826e-01  -2.3056393e-03  -1.1603059e-01  -2.6080256e-02  -1.4297225e-01   1.2863601e-01   2.4976833e-01   4.0446151e-01  -9.1729828e-02  -5.8081367e-03   2.6324664e-01   1.2582892e-01   2.6908939e-01  -7.2036729e-02   6.1263149e-01   3.2019124e-01   4.5272292e-02  -1.2678800e-01  -6.7966928e-02   1.3770197e-01   6.7698598e-02   4.7449794e-02  -2.7912952e-03   2.4984757e-01   1.4750781e-01  -1.3999388e-01  -5.2721867e-03   6.5667623e-02  -8.6804782e-02   1.0989350e-01  -1.3099900e-02   1.0661760e-01  -9.4340531e-02   4.0908366e-01  -2.0137881e-01   3.0141237e-01   1.5927995e-01   4.1489827e-01   4.7363055e-02   2.0456275e-02   3.7201787e-01   9.0093244e-03  -2.6187990e-01   2.3992960e-01  -1.6845742e-01   2.9266770e-01  -2.3764695e-01  -4.3972387e-03   1.3271421e-02  -1.4487847e-01  -3.5479266e-02   4.2710683e-01  -1.1225374e-01  -9.3058177e-02  -9.5995604e-03   8.6493243e-02  -3.3504060e-03  -4.4014220e-03  -1.2010533e-01   1.1088650e-01   1.9263370e-01   1.3173980e-01  -7.5302080e-02   1.6253930e-01  -1.1831828e-01  -9.9427907e-02   3.2058030e-01   2.7719365e-01   6.0128085e-02  -1.4365966e-01  -2.3364446e-01  -1.6749871e-01   2.9433466e-01  -4.5095466e-02   6.6779878e-01   9.7599650e-02  -1.6487772e-01   1.4440241e-01  -1.2777305e-01   1.6941758e-01  -5.3670002e-02   1.7012655e-01  -5.3033995e-02  -8.2350622e-02  -5.8002045e-02  -1.7975989e-01   1.8554500e-01  -1.6313110e-01   2.6699883e-01  -3.5644606e-01  -1.1590434e-01   4.1332993e-01   2.0989439e-01  -9.0959722e-02  -4.0003704e-01  -4.9641908e-02  -1.0691490e-01   3.0378318e-03   3.0122450e-02   6.9642285e-01  -7.2489944e-02   5.6825160e-02   2.6307840e-03   2.9461713e-01  -1.7972937e-01   1.5909229e-01  -3.4669741e-01  -9.2041855e-02  -2.0904786e-01   3.8559810e-02   2.1239903e-01  -8.5719052e-03  -1.5655899e-01   8.0883165e-02   4.8879206e-01   6.9975888e-02  -5.4840296e-02  -1.2696304e-01   1.8405089e-01  -2.3733179e-02   1.5267521e-01   6.5573514e-02
  -6.9413860e-02  -7.4182012e-02  -3.4759163e-02   0.0000000e+00  -1.6108762e-01   7.9541592e-02   2.0445943e-01   7.6657927e-02   1.9436013e-01  -1.4634947e-01   7.4211037e-02   4.0671109e-01  -2.6870918e-02   8.4293494e-02   3.0711940e-01   4.0603264e-01  -2.6221369e-02   4.4216921e-01   1.3459714e-01  -2.8172730e-02   8.2004429e-03   6.1208663e-01   1.1883469e-01  -1.8474238e-01   4.8211003e-02   1.0927485e-01  -4.1518202e-02   9.7232355e-02   1.7827825e-01   5.2293551e-01   2.7968834e-01   2.1891816e-01   2.4074250e-01   1.6998107e-01   3.1160125e-01   1.0064510e-01  -2.7326501e-01  -2.1827036e-01   2.3685055e-01  -7.4387508e-02   1.1407826e-01   3.0559336e-01   2.7794595e-01   6.3949875e-02   3.1198866e-01   4.8107357e-02   2.7892015e-01   2.0714404e-01  -4.2617316e-02  -1.3208396e-01   5.1570492e-01   9.7181090e-02  -4.2162523e-02  -2.4487216e-02   1.5069299e-01   8.8904738e-02   3.0722428e-01   4.6582189e-01   3.5196611e-01   5.1056897e-01   1.6983507e-01  -1.4303736e-01   6.9807774e-02   2.3483008e-01   7.6056192e-02  -8.3300393e-03   1.8588095e-01  -9.1364925e-02   3.5221395e-01  -9.5478586e-02  -2.5719594e-01   3.8773201e-01  -1.8985312e-01   1.7615200e-02   9.0802078e-02   1.9159180e-01   3.6382247e-02   2.7478706e-01  -1.1846254e-01   4.4868747e-02   1.4067112e-01  -2.2673582e-01  -7.3899399e-02   2.5491332e-01   5.3923456e-02   2.9525818e-01  -3.6525065e-02  -2.7148893e-01  -2.7299754e-02  -1.8746759e-01  -1.5674165e-01   1.2279611e-01  -5.5830527e-02   6.2640388e-01  -1.0653638e-01  -2.4782968e-01   3.0912410e-01   1.0431789e-01  -1.4122053e-02   1.0128602e-01  -8.6224602e-02   3.1399247e-01   3.0479847e-01   3.9147300e-01   4.8119099e-01   4.3865756e-01   1.2914998e-01   1.6079938e-01  -5.1234246e-02   1.5787800e-01  -1.7550594e-01   4.6714702e-01   4.6817797e-01  -1.3577635e-01  -2.0745327e-01  -1.5173234e-01   1.9573424e-01   2.5482518e-02  -2.0554927e-02   5.6340036e-01  -2.3100064e-02  -8.1226068e-02  -3.0157777e-02  -4.9362885e-02  -1.8475203e-02   1.8443970e-01   3.1168713e-01   8.3840819e-03   5.1515734e-01  -8.2465436e-02  -7.4572567e-02   5.6906384e-02   2.9023530e-01   2.2698031e-03   4.8865685e-01   2.0003013e-01   1.7833265e-01  -3.2706832e-02   2.5695469e-01  -1.0718967e-01   6.9040731e-02  -2.7927868e-02   2.4458783e-01   4.3197159e-03   2.9515439e-01   1.9258165e-01  -1.4990697e-01   3.9185745e-02   2.1030613e-01   1.3894921e-01  -4.1644519e-02   1.8971709e-01  -6.2067913e-02  -1.5007200e-01  -4.7246145e-03  -1.3934857e-01   5.6568035e-02   2.7447762e-01   1.7971720e-01   3.1894632e-01  -1.5402847e-01   1.5604522e-01   2.5387325e-02   3.7675616e-01   9.8493812e-02   9.0092060e-02   7.8816742e-02   4.2738117e-02   5.1594919e-02  -2.3703262e-02   3.3702142e-02  -1.9005997e-01   2.7126644e-01   2.4153911e-01   7.8115525e-02   8.5690699e-02   5.7598944e-01
  -5.6383484e-01   5.1478487e-01   2.7493462e-01  -1.6108762e-01   0.0000000e+00  -2.3726016e-02  -1.7665810e-01  -2.4350005e-01   4.7900668e-01   3.9548731e-01  -4.0320978e-01  -2.2621384e-01   3.0665491e-01  -3.4600801e-01  -5.6872350e-01  -1.2964159e-01   2.8432614e-01  -1.8706525e-01  -1.8206226e-02   7.9003971e-01   4.5762572e-02  -1.3135380e-01  -8.5871617e-02  -3.1138870e-01   1.8105929e-01  -1.1216692e-01   6.2653306e-01  -4.4133004e-01  -3.1603488e-02  -2.3131017e-01  -2.0679015e-01  -2.2716431e-01   1.4215900e-01   1.6518490e-02  -1.7326402e-01   3.2820093e-01   1.8336248e-01  -3.2422151e-01  -6.7007628e-02   5.7471938e-01   2.2844392e-01   6.8421139e-02   2.0006349e-01  -2.0911510e-01  -1.9520518e-01  -4.0568040e-01  -1.9236744e-01  -8.7451684e-02   2.5764236e-01   3.9540139e-01  -2.5709587e-01  -1.2875703e-01   1.8418512e-01   1.1403639e-01  -2.1475385e-01  -2.6524940e-01  -2.3319018e-01  -2.2678955e-01  -8.3739633e-02  -2.8333695e-01  -3.2082198e-01   2.3347548e-01   3.7302046e-01  -1.6324699e-02   3.4987009e-01   3.6120137e-01   1.1303663e-01  -7.4530655e-02  -2.5493728e-01   8.6110439e-02   5.8631019e-01  -1.6605284e-01   3.6514622e-02  -5.9059208e-01   8.3577113e-02  -1.9146096e-01  -4.0205403e-01  -1.6034746e-02   7.1549617e-01   2.2126999e-01  -2.3052198e-01   9.4856882e-02  -1.6843158e-02  -6.4324549e-02  -2.9368219e-01  -2.8049409e-01   2.6563528e-01  -3.3109112e-01   1.1327712e-01  -3.4566890e-01   6.5992766e-01  -3.9171644e-01   2.3202202e-01  -1.0570295e-01  -3.6671726e-01   8.2392840e-01   1.1157689e-01  -1.3498717e-01   2.6801636e-01   1.8279475e-01  -1.8670395e-01  -5.1330651e-01  -6.7544332e-02   1.1266571e-02  -4.0446141e-01  -2.4892758e-01   1.1743625e-01  -1.7614845e-01  -1.2420579e-01  -1.0098306e-01   1.9770153e-01  -1.4538570e-01  -7.4900337e-02  -3.6135225e-01  -2.3655785e-01   7.3036039e-01   1.1924408e-01   6.3730760e-02  -3.6641017e-01  -2.5767223e-01  -4.2727027e-01   6.5765161e-01   4.6783182e-02   3.0891954e-01  -4.4106200e-01  -5.1465640e-01   5.6013791e-03   2.1632912e-01  -2.0927107e-01   2.7530516e-01   2.7518447e-02   2.7325747e-01  -2.6668075e-01  -2.0322527e-01  -6.9987458e-02  -2.8618029e-01   1.8032098e-01  -1.8950635e-01  -3.1420141e-01  -3.6651861e-01  -4.7519097e-01   2.1662967e-01  -5.1471497e-01  -2.2516651e-01  -4.4475264e-01  -2.3615511e-01   3.1285097e-01   3.4066714e-01  -3.6620343e-01  -1.0129953e-01  -3.9069704e-01  -8.8086577e-02  -3.6959309e-01   1.9348152e-01   4.8622963e-01  -3.2127987e-01  -3.5689008e-01   4.2762630e-02  -2.5853229e-01  -2.9303296e-01  -1.4320695e-02  -4.5799648e-01   3.3122390e-01  -3.9297341e-01  -1.8185080e-02   5.9661728e-01   7.7749020e-02  -4.6602931e-02  -3.2762364e-01   3.7571954e-01   2.1052272e-01  -3.5047910e-01  -1.4086628e-01  -2.2544671e-01  -1.2718322e-01   2.9207341e-01  -2.0585660e-01
  -1.6655741e-01  -1.8503284e-01   1.9006226e-01   7.9541592e-02  -2.3726016e-02   0.0000000e+00   4.6837174e-01  -1.2007398e-01  -2.5097948e-02   2.6509564e-01   3.2505030e-01   2.3657826e-01   3.6395483e-02  -1.0228969e-01   5.9693314e-02   1.1437084e-01   1.0638030e-01   1.2818945e-01   8.4462076e-02   2.2490120e-01   2.5522433e-02   1.2094227e-01   3.8200758e-01  -2.8494713e-01  -7.7630838e-02   6.2922683e-02   2.0405513e-01   7.3187202e-02   9.4042534e-02   2.7419003e-01  -1.7278241e-01   7.4502765e-03   6.6906161e-02   3.1237275e-01   2.3299086e-02   3.3634279e-01  -7.5728571e-02  -2.5160407e-01   1.5838771e-02   1.6648582e-01  -2.2421341e-02   1.7571886e-01  -5.2071071e-02  -1.5101481e-01   4.7108362e-02  -1.2643643e-01   3.9228967e-01   2.3046690e-01  -2.6839331e-02  -4.5052067e-02   2.9084310e-01  -3.9713794e-02   2.6071012e-01   2.2703662e-01   1.1090517e-01   1.7165420e-01   4.5526557e-01   5.3081084e-02   4.5809219e-02   8.3225471e-02  -2.5654641e-02   6.3917668e-02  -1.2780659e-01  -3.0423566e-01  -3.1788315e-01   2.4322763e-01   4.3839401e-01  -2.4260442e-02   4.3999498e-01   1.2070196e-01  -8.1284399e-02   2.1772387e-01  -1.6338699e-01  -2.7043966e-02   6.6929294e-02  -1.7282100e-01  -9.7442048e-02   1.8683450e-01  -2.1885745e-01   4.4589032e-02   1.6688758e-01   9.9301325e-02   6.8508022e-02   5.9424735e-02  -1.3014970e-01  -7.5986232e-02  -7.5990125e-02  -2.4334560e-01   1.8862936e-02  -2.3863205e-01  -3.4882384e-01   8.8084827e-02   5.8647249e-01   3.6343730e-02  -1.0601653e-01  -2.0585010e-02   1.8063603e-01  -6.1170432e-02  -8.1107452e-02   2.2111797e-01   2.4312794e-02   2.1833595e-01  -3.8045213e-02  -4.1293606e-02   2.1059516e-01  -1.8676507e-03   1.8274793e-01   2.0240850e-01  -5.8232858e-02   3.4485505e-01   4.0146395e-01   1.7368508e-01   1.1766807e-01  -2.6003536e-01  -4.5590014e-02  -2.2917069e-01  -1.9442989e-02   6.2359236e-02   5.8357210e-02   9.5516725e-02  -2.5862460e-01  -5.2222178e-02   9.8611092e-02  -2.5366941e-01  -2.1237637e-01  -1.7875876e-02   1.8628860e-01   8.4832836e-02   1.8431531e-01   1.3122658e-01  -1.0412035e-01   1.5099059e-01   8.0974345e-02   8.2461524e-02   1.8296119e-01  -1.7293422e-01   7.1864078e-02  -9.5383342e-02  -5.9541582e-02  -3.4819449e-01  -2.7021458e-01   3.6508624e-02   1.8344814e-01   2.5400485e-01   7.9944600e-02  -9.5848168e-02   1.4013512e-01  -1.8734072e-01   4.2319817e-01  -1.5566426e-01  -1.1052944e-01  -6.9004756e-02  -1.8387069e-01  -1.6845556e-01   1.5483704e-02  -2.2735132e-01  -7.8612979e-02   1.3036970e-01  -6.8040588e-02   1.0887179e-01  -3.4248404e-02  -2.4341417e-02  -1.5760331e-01   1.9890061e-01   9.2351516e-02  -3.7171113e-03   2.3790486e-02  -1.0552015e-01  -2.6764811e-03   2.4257399e-01  -1.8869852e-01  -1.7230430e-01   2.4716788e-01   3.6718497e-01   7.4208899e-02  -1.6136829e-01   1.1285881e-01
  -2.4571631e-01  -1.0222535e-01  -1.7238304e-01   2.0445943e-01  -1.7665810e-01   4.6837174e-01   0.0000000e+00  -7.6031472e-02   3.8056645e-02   2.2162600e-01   2.2396329e-01   2.4826721e-01  -7.2128475e-02  -2.8142775e-01   7.2778991e-02   1.2383216e-01  -2.1017351e-01   1.2529796e-01   8.2267031e-02   1.2469414e-01   3.1015495e-01   7.1092690e-02   6.8439729e-01  -3.8063112e-01  -2.4159612e-01   2.0848299e-02  -5.5202122e-02  -6.2669200e-02   1.2850568e-01   2.7612604e-01  -2.5948217e-02   2.4587961e-02  -1.5634556e-01   7.2729499e-01   1.1842738e-01   3.6620318e-01  -1.7186215e-02  -2.5331984e-01  -1.0428164e-01  -4.2757724e-02  -3.6689368e-02  -7.9163207e-02   5.0474742e-02  -9.8062492e-02   2.3474669e-01  -2.1131434e-01   1.6937675e-01   4.9707599e-01  -7.2988930e-02  -1.9151236e-01   3.0245967e-01  -1.3807180e-01   3.5479911e-01   2.5804232e-02  -1.5675261e-01   9.8574249e-02   1.6445991e-01   2.4794541e-02  -2.8527485e-02   1.8273550e-01  -1.6424672e-01   1.1463040e-01  -1.7433826e-01  -2.2977023e-01  -6.0766153e-02   3.4648795e-01   2.7519110e-01  -6.5743098e-02   2.3959944e-01  -1.1938606e-01  -2.0221590e-02   2.6471380e-01  -1.5371404e-01  -2.1500874e-01  -2.9531247e-02  -1.4376504e-01  -1.5029303e-01   7.4012269e-02  -2.2265185e-01  -5.1699587e-02   3.3618696e-01  -2.6870484e-02   1.1957088e-01   3.6691671e-02  -3.0286748e-01  -6.9671600e-02  -8.1156574e-02  -4.1783516e-01  -1.3346152e-01  -3.4008467e-01  -3.4691387e-01   1.9928736e-03   3.3075954e-01   1.6416930e-01  -2.6762307e-01  -2.3172077e-01   1.4324013e-01   6.5462651e-02  -7.2171508e-02   5.1527232e-01  -1.0355690e-01   2.3506864e-01   5.7829122e-03   5.9072251e-02   2.1989416e-01   1.9440290e-02   6.5927797e-02   1.6239873e-01   9.5055642e-02   2.9130870e-01   4.9625242e-01   1.2432222e-01   1.4637995e-01  -3.7799206e-01  -1.0383050e-01  -2.4728003e-01  -8.1764196e-03  -5.0136334e-02  -1.9080916e-01   1.6588178e-01  -3.1579879e-01  -1.0991848e-01   6.0962862e-02  -1.5246851e-01  -2.1872114e-01  -5.1464259e-02   3.3505381e-01   2.2410690e-03   1.2863007e-01  -1.5657283e-01  -5.7199484e-02   5.5248528e-01  -8.7530830e-02   2.2554764e-01   1.8975123e-01  -1.6249270e-01  -4.6593430e-03   8.0615084e-02  -1.5434012e-01  -3.4197319e-01  -3.1310918e-01  -1.2208401e-01   1.2086180e-01   1.6659695e-01   1.9855281e-01   8.4685734e-02   1.3092206e-01  -2.0793461e-01   4.5503313e-01   3.3235932e-01  -2.4319219e-01   1.9599659e-01  -3.2077131e-01  -2.0364055e-01  -3.0878895e-01  -2.4826422e-01  -2.1740431e-01   1.8537303e-01  -1.8620644e-01   2.3070087e-01   5.5932506e-02   7.7156433e-02  -1.3119260e-02   3.5966082e-01  -2.1529432e-02   6.7837084e-02  -2.7626589e-02  -1.3233882e-01  -2.2534026e-01  -1.3290357e-01  -2.0218288e-01  -2.3155200e-01   2.5143886e-01   4.6167369e-02   1.0554635e-01  -1.6237572e-01   1.7042900e-01
   3.7810753e-01  -1.6926120e-01  -2.5024114e-01   7.6657927e-02  -2.4350005e-01  -1.2007398e-01  -7.6031472e-02   0.0000000e+00  -1.1128325e-01  -3.8719453e-01   2.1043963e-01   5.3325950e-02  -2.1477429e-01   9.9998740e-02   8.9029836e-02   5.1586214e-03  -2.8919444e-01  -1.9856657e-02   1.0856370e-01  -3.4261378e-01  -2.6709104e-01   9.9179109e-02  -1.4011602e-01   2.7168516e-01  -2.3474359e-01   3.9301802e-01  -1.8091444e-01   2.4506426e-01   2.7686625e-02  -1.5117939e-01  -1.1104754e-01   2.0712897e-01  -5.7721895e-02  -1.5857246e-01   9.8703011e-02  -1.2432358e-01  -8.3517102e-02   2.0274153e-01   1.5396450e-02  -2.8066768e-01  -1.8774692e-01   3.5418376e-02   8.3751547e-02   2.1886815e-01  -2.8007721e-02   2.5476013e-01   1.4891148e-01  -1.7312396e-01  -4.2701266e-01  -3.6006959e-01  -6.5481235e-02   5.7799678e-01  -2.0202127e-01  -2.3199836e-01  -5.7896027e-02   1.2036494e-01  -1.9141821e-02   1.9533200e-01  -5.1577138e-02   6.9063877e-02   1.4926194e-01  -1.7061998e-01  -1.8084099e-01   7.6365440e-02  -8.3955972e-02  -4.0535821e-01  -2.6603989e-02   1.7717352e-02   1.2890428e-01  -5.8423205e-02  -1.8485133e-01  -1.4402275e-01  -9.4343172e-02   2.4821538e-01  -1.7863794e-01   4.1815196e-01   2.6615654e-01   8.3325011e-02  -1.0321707e-01  -1.9579156e-01  -6.9517038e-02   1.1617345e-02  -1.9675686e-01   1.8651643e-01   4.9529740e-02   4.0672720e-01  -1.5108470e-01   1.6578973e-01   5.1274375e-02   2.9705530e-01  -1.3186842e-01   2.3130838e-01  -2.2867987e-01  -1.5310532e-02   1.6445632e-01  -4.0287634e-01  -2.0224869e-01   1.0664605e-01  -2.2970832e-01  -3.5668284e-01  -1.7127935e-01   3.0052844e-01   9.6083930e-02  -1.6100433e-01   1.7343100e-01   3.5178529e-01  -2.0845227e-01   3.9664930e-01   4.1223446e-02  -2.6231847e-02  -2.1983271e-01  -1.1520883e-02  -1.9982440e-01   2.7798402e-01   3.5559980e-02  -1.6634180e-01  -2.1293864e-02  -7.2716402e-02   8.6185513e-03  -3.4209612e-03   3.3286400e-01  -2.4366677e-01   1.3911717e-01  -1.2610535e-01   3.2267761e-01   2.5494631e-01  -2.1691682e-01  -1.4747377e-01   1.8586533e-01  -2.5299013e-01  -1.0379358e-01  -2.0320777e-01  -1.3798392e-01  -2.2114511e-01   8.5326460e-03   5.5896438e-01  -9.7475695e-02  -8.8980135e-02   4.5921911e-01   2.0724404e-01   2.9528861e-01  -2.4094976e-01   2.9571945e-01  -8.7975189e-02   7.0902982e-02   8.6578403e-02  -1.9115392e-01  -1.8718927e-02   7.3995150e-02  -1.8386186e-01   2.0610461e-01   1.7611001e-01   1.5276461e-01   3.4315443e-02  -2.9646572e-01   1.9071417e-01   2.2897604e-01  -1.8786281e-01   1.8886613e-01   1.8143785e-01   1.2301681e-01   4.6129183e-01  -8.5491246e-02   2.2049808e-02   1.7212293e-01  -2.8615642e-01   1.6882742e-01   1.0261286e-01   1.1836093e-01  -3.3386762e-01  -6.6964831e-03   4.7125988e-02  -1.0300631e-01  -3.8538413e-02   1.7766167e-02  -2.2686861e-01   2.3154082e-01
  -3.3499193e-01   6.4403141e-01   3.1928089e-01   1.9436013e-01   4.7900668e-01  -2.5097948e-02   3.8056645e-02  -1.1128325e-01   0.0000000e+00   5.2831067e-02  -3.8136223e-01   1.8362267e-01   1.8548717e-01  -2.5806504e-01  -3.4449060e-01   9.3144401e-02   2.3328159e-01  -1.8574841e-02   1.1511861e-01   4.5493105e-01   2.7602656e-03   1.5124001e-01  -4.2715571e-02  -1.5936667e-01   3.0193958e-01   1.3415092e-01   3.1767199e-01  -3.8766662e-01   1.1986571e-01   5.7463899e-02  -1.0199071e-01   7.2286227e-02   2.2275402e-01   8.6540212e-02   2.4438977e-02   1.6725906e-01   2.7337244e-02  -4.1313260e-01  -2.1751584e-02   3.9437107e-01   2.0093469e-01   3.4394458e-01   4.9891147e-01  -2.0360951e-02   8.3347157e-02  -2.4543447e-01  -1.5838814e-01   1.3387484e-02   5.9965098e-02   1.6468949e-01   2.7951340e-02   1.1857560e-01   4.1656204e-02   2.0202840e-01   3.0065264e-02  -9.0813545e-02  -5.4620415e-02   7.1012962e-03   6.4667424e-03   4.7800749e-03  -2.2303252e-01   1.6210606e-01   5.8066142e-01   4.1641886e-02   3.6919647e-01   2.3762151e-01   1.8499288e-01   5.6996913e-02  -2.9431110e-02  -7.3724426e-02   4.6081968e-01   6.7067347e-02  -1.3852678e-01  -2.0341477e-01   2.9488505e-01  -7.1599822e-02  -3.3781201e-01   9.5826666e-02   4.8247402e-01   4.3554924e-01  -6.1385070e-02  -5.6897805e-02  -1.2752400e-02   5.1806330e-02  -1.5051613e-01  -8.9820277e-02   3.2446613e-01  -2.4551255e-01   2.1862953e-01  -2.9100716e-01   4.3501481e-01  -3.0562695e-01   1.6171078e-01   3.2563464e-01  -3.1187437e-01   3.6271525e-01   3.3204447e-01   6.1582729e-03   2.8281407e-01   2.9066075e-01  -1.8910367e-01  -2.9923895e-01   4.7687460e-02   4.5532698e-01  -1.7896375e-01  -8.1279142e-02   2.2674608e-01   7.0609149e-02   5.9330666e-02  -2.1120742e-01   2.0404016e-01  -4.5408382e-02   2.5952533e-01  -2.7939031e-01  -1.7128787e-01   4.8505964e-01   2.6954109e-01   4.2401546e-02  -3.8776542e-01   1.9148600e-01  -3.1524718e-01   3.3420838e-01   2.2861810e-01   2.0017180e-01  -2.8771914e-01  -2.4101782e-01   9.8250705e-02   3.6444577e-01   1.5234315e-01   7.2446355e-02   2.5044797e-04   1.9798437e-01   1.4160315e-01  -1.6726937e-01   4.2523229e-01  -1.7915950e-01   5.0725041e-01  -1.4394897e-01  -1.8198401e-01  -2.3485957e-01  -2.6707389e-01   1.8713349e-01  -3.2109114e-01  -1.9678815e-01  -3.3623251e-01   1.6107407e-01   3.4152625e-01   4.2885280e-02  -4.0921707e-01  -3.0995371e-02  -2.2245954e-01   7.1039147e-02  -2.7563839e-01   1.2198136e-01   5.7400452e-01  -1.6486304e-01  -2.4413743e-01   2.4932376e-01  -1.4161134e-01  -1.7584941e-01   1.5100593e-02  -2.2636765e-01   1.5485840e-01  -9.5448606e-02   3.3017530e-02   4.3531942e-01   5.5420554e-03  -9.9119509e-02  -2.3513204e-01   9.5788203e-02   1.8687835e-03  -3.1407812e-01   4.6928153e-02  -2.1699093e-01   2.3271089e-01   3.9390357e-01   8.1720179e-02
  -3.9496695e-01  -8.3522238e-02   5.6696668e-02  -1.4634947e-01   3.9548731e-01   2.6509564e-01   2.2162600e-01  -3.8719453e-01   5.2831067e-02   0.0000000e+00  -2.5332232e-02  -9.7965576e-02   2.9127824e-01  -3.5762447e-01  -1.7047528e-01  -1.8835228e-01   8.7272926e-02   7.8071974e-02  -4.8657335e-02   6.4359818e-01   7.0268793e-02  -6.4032924e-02   3.0927447e-01  -3.3688227e-01   6.9544048e-02  -2.8780640e-01   3.0004742e-01  -1.9766037e-01  -4.4575995e-02  -5.8283307e-02  -1.6128031e-01   2.8735551e-02   7.8959368e-02   3.9853320e-01  -1.3396981e-01   5.1271313e-01   2.5803506e-01  -1.6262430e-01  -2.7174974e-01   1.7213820e-01   2.3400367e-01  -1.1108326e-01  -3.9967787e-02  -3.8669931e-01  -6.0149436e-02  -2.2555719e-01   7.8939891e-02   8.2958817e-03   1.4142504e-01   1.4557891e-01   1.6982412e-01  -3.3327512e-01   1.3075361e-01   1.1143800e-01  -1.8557587e-01  -2.7420396e-03  -4.2619804e-02  -8.1744597e-02  -1.0431561e-01   2.3681037e-02  -1.6783882e-01   1.2001502e-01  -7.4662937e-02  -2.1797279e-01  -1.3719558e-01   4.7259012e-01  -2.3428826e-02  -1.2569659e-01   1.6441349e-02   5.1574492e-02   9.7462821e-02   1.6288878e-01  -6.6220536e-02  -3.1844205e-01  -1.5650167e-02  -1.8230222e-01  -1.9558230e-01  -2.3395110e-02   8.9210911e-02   5.2357088e-03  -1.3847605e-01   2.0531244e-01   2.1230035e-02  -2.1403413e-01  -3.5342302e-01  -2.9257531e-01   5.1512847e-02  -3.1703806e-01  -1.4205361e-01  -2.6482173e-01  -3.6086775e-02  -9.8297526e-02   4.7570046e-01  -6.1428003e-02  -1.8885416e-01   5.0518339e-01   1.2700951e-01  -1.9376268e-01   1.6593657e-01   5.4990739e-01  -2.0135497e-01  -4.0311578e-02  -1.4884490e-01   5.6644110e-02  -1.5131454e-01  -1.7441021e-01  -1.0701408e-02  -1.7595830e-01   7.1296358e-03   3.2187272e-01   3.9154215e-01  -3.7345940e-02   1.3793826e-01  -2.5686002e-01  -2.0127480e-01   9.6863933e-02   5.6808717e-02   1.2828618e-01  -2.8769355e-01  -1.2154687e-01  -3.1441555e-01   1.3496940e-01  -1.3636693e-01   1.6466241e-02  -2.4175768e-01  -2.9386135e-01   2.1890491e-01  -5.7911946e-03  -1.3980980e-01   9.6517625e-02  -1.8528989e-01   3.9022427e-01  -1.6789570e-01   1.0808805e-01  -5.1832442e-02  -3.3675280e-01  -1.2932633e-01  -1.3853025e-01  -2.7369525e-01  -3.3107452e-01  -4.3250447e-01   4.9839384e-02  -2.6028578e-01  -1.0449666e-01  -4.8049900e-02  -1.3259426e-01   2.5976126e-02   1.3063275e-01   1.4903161e-01   4.5875242e-03  -3.6758199e-01  -1.1500641e-01  -2.4022827e-01  -3.1099862e-02  -7.1309386e-02  -3.0917015e-01  -1.9028464e-01   3.3665613e-01  -1.6659381e-01  -1.1320077e-01  -1.4012084e-01  -2.5002087e-01   3.4684869e-01  -4.4416575e-02   2.3546724e-01   3.0800705e-01   1.3402040e-01  -1.8865201e-01  -1.6214420e-01   1.7005623e-01  -4.8830937e-02  -2.6026478e-01   1.8886568e-01  -2.2706087e-01  -2.6606378e-01  -9.4946196e-03  -5.6137269e-02
   1.6099231e-01  -5.0878748e-01  -1.9314684e-01   7.4211037e-02  -4.0320978e-01   3.2505030e-01   2.2396329e-01   2.1043963e-01  -3.8136223e-01  -2.5332232e-02   0.0000000e+00   9.3740353e-02  -8.6179591e-02  -8.5235411e-03   4.9132142e-01   1.9983378e-01  -1.7928365e-01   5.0476828e-01  -1.4067805e-01  -2.6052597e-01  -3.7721844e-01   1.5617542e-01   8.7313072e-02  -2.8346677e-02  -1.6711487e-01   5.7902848e-02  -2.0486058e-01   2.1827170e-01   9.4745572e-03   2.4000901e-01   1.3486004e-03   1.8780745e-01  -2.1563199e-01  -8.1201731e-02   3.3522570e-02   3.2085746e-01   4.2618948e-02   1.9398909e-01   1.8687010e-01  -4.2003715e-01  -1.0939815e-01  -9.4170029e-02  -1.9786942e-01  -6.7660452e-02   3.0363467e-01   3.9332737e-01   6.7909605e-01  -1.5162319e-01  -1.7064765e-01  -2.7044259e-01   4.1505214e-01   1.4045244e-01  -3.1401252e-01  -2.8203678e-01  -2.6794117e-01   1.1779569e-01   3.3757451e-01   4.0870905e-01  -1.1255963e-02   2.9693695e-01   4.6420455e-01   4.3528299e-02  -5.1009220e-01   1.0253982e-01  -4.7832125e-01  -4.1394168e-01  -8.4747104e-02  -1.3562889e-01   4.5712797e-01   1.9784835e-01  -6.7663756e-01   2.8822466e-01  -9.6413520e-03   1.0914862e-01  -3.0820708e-01   1.9871832e-01   4.8571305e-01  -4.5878609e-02  -4.8846971e-01  -4.1585042e-01  -2.9250246e-02   2.2424577e-01  -2.3003155e-01  -1.6203499e-01  -8.4462296e-02   2.9682081e-01  -5.2296143e-01  -7.1130636e-02  -2.4964274e-01   2.6416857e-02  -5.8846806e-01   4.9111251e-01  -9.9439103e-02   2.1785793e-01   3.9624176e-01  -3.4005254e-01   2.7322688e-02  -2.7340936e-02   2.1493101e-02  -1.9599504e-01  -8.5984067e-02   6.8858971e-01  -4.8249487e-02  -1.2868079e-01   6.4479474e-01   2.3496676e-01  -2.5547379e-01   5.1094235e-02  -1.3535992e-01   5.3630549e-01  -3.2266232e-01   2.9043251e-01   1.9597608e-01   8.7228984e-02  -1.7130804e-01  -5.9171149e-01  -1.6052216e-01   1.0043659e-01   1.4233998e-01   1.2587062e-01   1.9172042e-01  -4.0608963e-01  -3.5851207e-02  -2.8277470e-01   2.5795412e-01   3.2911421e-01   1.7669677e-01  -4.2310380e-01   3.4133008e-01   7.4767703e-03  -2.7233847e-02  -2.6020635e-02  -3.0073230e-02   2.3878308e-02  -4.3185920e-02   3.7264186e-01  -4.3683354e-01  -1.9738044e-01   4.1135411e-01   6.2786981e-02   6.8354679e-02  -2.9076344e-01   6.5263214e-01   1.3882833e-01   4.8029481e-01   2.9509060e-01  -5.4165274e-01  -1.0485873e-01   6.8079696e-01  -6.6433995e-02   7.9323173e-04  -1.3905271e-01   9.5843497e-02  -7.3029077e-02  -3.9090366e-01  -1.8509672e-02   2.9580599e-01   1.3249551e-01   2.4859279e-01   3.1176540e-01  -6.3035098e-02   5.7201882e-01  -1.8626916e-01   5.4673379e-01  -6.0297976e-02  -3.7977207e-01   3.4118721e-01  -7.2580071e-02   1.7818044e-01  -5.0687746e-02   2.2533505e-02   8.4358779e-02   4.7858319e-01   3.2044141e-01  -5.7314866e-02  -4.4243236e-01   1.8978062e-01
  -1.5959815e-04   2.9170882e-02   2.6650811e-01   4.0671109e-01  -2.2621384e-01   2.3657826e-01   2.4826721e-01   5.3325950e-02   1.8362267e-01  -9.7965576e-02   9.3740353e-02   0.0000000e+00  -3.4405579e-01  -1.7716324e-01   3.8900988e-01   4.2590516e-01   2.0073165e-01   3.2988744e-01   6.5725313e-02  -7.5973663e-02   1.8899651e-02   5.0078572e-01   1.2818067e-01  -2.2768914e-01  -1.7160409e-02  -8.6047015e-03  -3.7098516e-02   1.6870134e-02   2.1352538e-01   5.4710916e-01   1.5658019e-01   2.4962307e-01   2.4801716e-01   1.3897130e-01   4.3977886e-01   1.3081852e-01  -2.0892778e-01  -7.7038977e-02   2.5432692e-01   9.3992114e-03  -6.2707707e-02   4.1203160e-01   4.7999621e-01  -7.0669979e-02   3.3804236e-01   1.2174663e-01   4.1415991e-01   8.7312865e-02  -2.4430523e-01  -9.8015198e-02   3.2192092e-01   1.9116800e-01  -7.3266496e-03   5.7958856e-02   5.0762745e-02  -3.1842007e-02   2.5670103e-01   4.2166596e-01   2.4773088e-01   6.4634456e-01   1.9369734e-01  -4.8158998e-02  -9.8253075e-04   9.8669797e-02   6.0456139e-02   3.9056017e-02   2.1881304e-01   8.7452900e-02   2.4321870e-01   1.5712080e-01  -2.4458301e-01   2.5791683e-01  -7.5428416e-02   1.9390659e-01   1.2052293e-01   2.1084726e-01   8.1210730e-02   1.3089006e-01  -1.2573930e-01  -3.0480813e-02  -6.4390277e-02  -9.6849052e-02  -1.7502202e-01  -1.1271589e-01  -2.8680594e-02   3.2927472e-01  -1.9497224e-01  -2.3412107e-01   6.1945356e-02  -1.9965676e-01  -2.3242655e-01   2.2585678e-01   2.9237945e-01   5.5949961e-01  -1.9903502e-02  -2.0242317e-01   1.1803956e-01   2.8017270e-02  -1.0311382e-01  -8.1647312e-02  -1.3973122e-01   3.3593626e-01   1.5116823e-01   3.4609943e-01   4.7787412e-01   4.7481626e-01   1.6653913e-01   1.1678628e-01  -4.5470228e-02   3.2111522e-01   5.8469840e-02   5.4467853e-01   2.5822917e-01  -1.2641735e-01  -2.2958428e-01  -2.0967872e-01   1.3832857e-01   8.2904428e-02  -4.5349344e-02   4.7173084e-01  -1.3668758e-03   1.7375534e-02   2.7984206e-01  -1.7362412e-01   4.0337137e-02   2.6258944e-01   2.7211103e-01   6.4731951e-02   5.7015026e-01   1.2579126e-01   9.4417381e-02  -1.9245222e-01   4.3234615e-01  -3.5755287e-02   5.8028008e-01   2.5613593e-01   5.8670673e-02  -1.7451852e-01   3.4146725e-01  -1.6921340e-01  -1.0753969e-01  -1.5450227e-01   3.1678306e-01  -1.0846755e-01   3.4980711e-01   2.1653282e-01   9.6518901e-02   7.8868828e-03   2.9269545e-01  -5.1296361e-02  -1.0993601e-01  -7.9335862e-02  -7.9926427e-02  -3.1300970e-01   6.4120767e-02  -1.6000446e-01   9.2223547e-02   2.1277429e-01   3.0876690e-01   1.5563513e-01   6.2159682e-02   2.3326487e-01  -1.7392528e-01   4.5116729e-01   2.2307477e-01   6.6800633e-02   5.5625824e-02  -9.6522560e-03   5.7610586e-02   2.1296259e-01   1.4785761e-01  -6.7336022e-02   1.6143140e-01   2.5917521e-01   1.8494332e-01   7.8179083e-02   5.5055882e-01
  -2.9127042e-01   8.5323935e-02  -1.5977294e-02  -2.6870918e-02   3.0665491e-01   3.6395483e-02  -7.2128475e-02  -2.1477429e-01   1.8548717e-01   2.9127824e-01  -8.6179591e-02  -3.4405579e-01   0.0000000e+00  -3.8673931e-02  -2.6799055e-01  -1.4774761e-01   3.2710189e-02  -7.8017874e-02   1.8612274e-01   3.3968860e-01  -2.7738914e-02  -5.7694589e-02   1.0059601e-01  -1.8252641e-01   2.2827832e-01   7.1441798e-03   2.5372410e-01  -3.1084508e-02  -4.6870561e-02  -1.8402882e-01  -1.4743920e-01  -1.0831724e-01  -1.0481915e-03   7.0744666e-02  -2.3123089e-01   1.6659175e-01   1.2380392e-01  -2.2269350e-01  -1.6781142e-01   2.1199032e-01   3.8408146e-01  -1.8002463e-01  -1.5958074e-01  -1.3614027e-01  -1.3956212e-01  -3.9780916e-01  -1.8949705e-01  -9.3057961e-02   2.9003138e-01   1.8111618e-01   8.4453498e-02  -1.8278876e-02  -8.5551351e-02  -3.1682222e-03  -1.1037201e-01   1.2543087e-01  -8.7754861e-02  -1.7273497e-01  -4.7368983e-02  -1.7446437e-01  -3.5924070e-01   1.8353340e-01   1.0020353e-01  -1.1692859e-01  -7.6002557e-02   1.2768603e-01  -1.6533120e-02   3.5634312e-02  -2.3822492e-02  -5.2995991e-02   2.0879673e-01  -9.6992769e-02  -6.7027844e-02  -3.1341707e-01  -5.2532990e-02  -2.5015991e-01  -3.7109361e-01   2.4981395e-02   8.3158822e-02   3.4392106e-01   2.0840684e-01   1.0792067e-02   3.1475668e-02   6.5349871e-02  -8.4110019e-02  -3.6689530e-01   7.3415427e-02  -1.3383091e-01   5.2676279e-02  -1.5550195e-01   1.4270682e-01  -3.4593321e-01   2.4394858e-02  -2.7763157e-01  -2.6123554e-01   3.2960930e-01   1.5571608e-01  -2.6901311e-03   3.1563356e-01   2.8921267e-01  -5.8499421e-02  -2.4616855e-01   6.6127216e-02   8.5337286e-04  -3.8622344e-01  -1.7342649e-01  -1.3136868e-02   5.1114933e-02   1.3366726e-01  -2.1322904e-01   9.1480370e-02  -1.7230365e-01  -1.1622276e-02  -2.4278754e-01   5.2766886e-02   6.0368119e-02   2.1308834e-01   1.6904624e-01  -1.6474818e-01  -1.2364604e-01  -3.8221476e-01   9.6173287e-02  -2.3098889e-01   6.4978808e-02  -3.3342189e-01  -2.9081136e-01   1.3652891e-02   8.6141780e-02  -2.5973033e-01   4.5145724e-03   1.2528929e-01   1.5239674e-01  -1.0278523e-01   9.1087925e-02  -1.2132918e-01  -3.0197206e-01   2.4352830e-01   7.2242137e-02  -3.5714027e-01  -2.9469717e-01  -2.6696081e-01   3.7824926e-01  -4.1888653e-01   7.1674625e-02  -2.0033469e-01  -3.4861680e-02   7.8529665e-02  -6.1615633e-02  -2.4274485e-01  -4.9158506e-02  -6.7235587e-02   1.9546015e-01  -2.6281013e-01   9.7066912e-03   1.4210207e-01  -2.0077423e-01  -3.6775147e-01   2.4290416e-01  -3.3650481e-01   1.0299234e-01  -7.7022846e-02  -3.3135043e-01   1.0231558e-01  -2.5964420e-01  -6.2018606e-03   1.1073077e-01   1.0890366e-01  -3.6857298e-02  -2.0790509e-01  -1.1458205e-01  -1.0904384e-01  -2.2353867e-01  -2.1033111e-02  -2.2301883e-01  -4.6248221e-02   2.0758183e-01  -9.7682537e-02
   5.8921774e-01  -2.3780958e-01  -1.3585145e-01   8.4293494e-02  -3.4600801e-01  -1.0228969e-01  -2.8142775e-01   9.9998740e-02  -2.5806504e-01  -3.5762447e-01  -8.5235411e-03  -1.7716324e-01  -3.8673931e-02   0.0000000e+00   3.8095344e-01  -1.2302580e-01  -1.6392636e-01  -3.0852802e-02   3.0872626e-02  -4.8069197e-01  -1.0355813e-01  -1.3769162e-01  -1.7157825e-01   6.1095805e-01   1.0113316e-02   1.7925517e-02  -3.3027964e-01   4.4736579e-01  -2.2735217e-02   3.6212317e-02   4.1668772e-01  -5.8467440e-02   1.3117579e-01  -2.8718395e-01   7.0121861e-02  -3.8698488e-01  -3.7083738e-02   1.2596716e-01  -6.9693863e-03  -3.6901126e-01   6.4334945e-02   1.2851940e-01  -3.0525381e-01   3.7885235e-01  -2.3607346e-01   2.4769826e-01  -1.1756586e-01   1.0137374e-01  -5.2895065e-02  -3.4568809e-01  -2.7764289e-02   2.5474857e-01   3.3233462e-03   1.4774674e-01   5.4333835e-01   3.8287855e-01   9.4583907e-02  -2.1078597e-01   5.9968593e-02  -1.8181804e-01   9.1809824e-02  -2.1781419e-01  -1.9459272e-02   2.4487611e-01  -1.5427224e-01  -3.7872759e-01   1.6325342e-02  -2.9951758e-02  -4.5413886e-02  -1.1131738e-01  -2.9160528e-01  -2.4342157e-01  -6.6147589e-02   5.7964946e-01   2.4348572e-02  -1.2967722e-01   1.3387971e-01  -3.8185166e-02  -3.4196481e-01  -7.1811967e-02   4.2638413e-01  -3.1222675e-01   2.2352900e-01   3.4005338e-02   7.7566549e-01  -8.6934200e-04   1.9254340e-01   6.2565284e-01   5.9349960e-02   6.6578927e-01  -1.3063971e-01   4.9232587e-02  -1.9226492e-01  -1.2807454e-01   2.1212192e-01  -3.8132147e-01  -7.7040701e-02  -8.7158517e-02  -1.9706847e-01  -2.5031015e-01   5.8112047e-01   8.7076280e-02   2.8197756e-01  -7.5384759e-02  -9.9133733e-02  -2.0934210e-01   1.4887475e-01  -3.0838880e-02   2.2219751e-02  -1.0494828e-01  -3.2333625e-01  -1.7924897e-01  -1.0273995e-01   6.0960355e-01   5.5790594e-01  -2.7933230e-01   5.2147538e-02  -3.2235094e-02   6.6289194e-01  -1.7051630e-03   4.8229902e-01  -3.6385457e-01  -1.6651853e-01  -2.2415655e-03   3.0971420e-01   2.9551153e-01  -1.7745736e-01   2.0965726e-02  -1.9752555e-01  -1.1123497e-01  -1.6599746e-01  -4.1029235e-01   3.3275471e-01   2.7599008e-01  -4.3848476e-02  -3.8613336e-02  -2.5242891e-02   3.8916066e-01   4.6328999e-02   5.0169619e-01   6.8575297e-01   6.0823593e-02  -8.4991859e-02   3.1732006e-01   2.0192155e-01   6.4411883e-02  -1.6935563e-01  -1.3268858e-01  -1.2333691e-01  -4.2091853e-02   8.0322876e-01   2.9725408e-01   5.0938622e-01  -1.8923435e-02  -1.5247880e-02   4.8835316e-01   3.5049907e-01  -2.1387839e-01   1.4202919e-01   2.4546529e-01  -1.1358448e-01   1.3580838e-03  -1.4458132e-01  -9.0196564e-02  -1.6299782e-01  -2.6786956e-01   2.3303093e-02   1.8187346e-01   4.9740204e-01   3.5593171e-02  -1.9217361e-01   2.2133638e-01  -7.2800610e-02   2.3043767e-01   9.0220487e-02  -3.5349640e-02  -1.8694364e-01
