   0.0000000e+00  -1.6161739e-01  -4.0197456e-01   1.1290484e-01  -1.6923648e-01  -2.0538638e-01   2.7866652e-02   1.3892085e-01  -4.6666404e-02  -1.5341752e-01   7.8578637e-02  -5.8908033e-02   1.7114887e-01   3.4957044e-01   3.6129108e-01   4.0253477e-02  -4.8671458e-01  -3.7729109e-04   9.1875496e-02  -1.7963340e-01  -2.2087269e-01   1.8099591e-01  -8.8365282e-02   5.7751104e-01  -5.1897598e-02   2.1650759e-01  -2.8176807e-01   4.6775059e-01   6.0000479e-02   2.4750073e-01   2.2173265e-01   1.1003420e-01  -1.5385210e-01  -1.8184232e-01   1.5813761e-02  -2.3831880e-01  -1.7603785e-01   4.4177554e-01  -6.0441805e-02  -2.7393847e-01   1.1444936e-01  -2.8140617e-01  -2.1208199e-02   4.6616928e-01   1.1584150e-01   2.1673574e-01  -5.1383809e-02  -2.8467899e-04  -2.4798248e-01  -2.4667857e-01   1.7627527e-01   2.5748182e-01  -1.4813677e-01  -1.5961869e-01   3.0888030e-01   2.4181375e-01   2.4861655e-02   8.0895979e-02   3.4348325e-01   1.7670810e-01  -1.9841582e-01  -1.8920243e-02  -6.7995404e-02   1.6722508e-01   8.3981634e-02  -3.3873641e-01  -2.1170206e-01  -1.4506728e-01  -1.0965438e-01  -1.7280206e-01  -2.3862366e-01  -1.2679009e-01   4.9477302e-02  -3.6781192e-02  -9.7223295e-02   1.1624179e-01  -1.0941848e-01   1.9387553e-01   3.8274696e-02   1.8934405e-02   1.8003790e-01   6.8200089e-02   9.8808829e-03   2.4845976e-01   3.3331394e-02   1.7650108e-01  -2.7112321e-01   3.8707493e-01  -6.1414782e-02   6.8254943e-01  -2.1467407e-02  -2.9905704e-01  -2.2667465e-01   9.5350330e-03   4.3176201e-01  -1.0817641e-01  -3.7457574e-02   9.2881764e-02  -7.4942639e-02   1.0904782e-02  -6.5906115e-02   1.9560079e-01   8.9525238e-02  -6.9884814e-02  -5.7410617e-02  -6.1286628e-03  -1.5735948e-01  -7.3731056e-02  -2.1175289e-01  -1.3217059e-01  -2.2653904e-01   1.4472047e-01  -1.6075851e-01   7.8396010e-01   3.0775632e-01  -1.3936342e-01   1.3676681e-01   1.5290865e-01   4.8838939e-01   1.2010797e-01   3.9138324e-01  -2.6205011e-02  -7.0838053e-02   1.9305176e-03   5.8642459e-01   3.0977461e-01   1.1761266e-01  -1.3746254e-01   3.1760854e-02  -2.0305685e-01   2.9832583e-02  -7.3141123e-02   3.2062787e-01  -9.0446947e-02  -1.3296009e-01   1.2646049e-01   1.8014750e-02  -1.2327718e-01   3.1249160e-02   3.8909183e-01   6.7250971e-01   2.5265895e-02   1.3027812e-01   3.9555607e-02   1.3366574e-01   1.7037043e-01  -1.0643665e-01  -3.2367431e-02   1.6996481e-02  -1.2357159e-01   1.2596291e-01   4.3890282e-02   1.5758120e-01   7.3350868e-02  -4.1738863e-01   6.0061304e-01   3.6214793e-01   2.9334889e-01  -2.3043549e-01   2.0545451e-01  -8.5220408e-02   1.2458949e-01  -1.9593275e-01  -5.1647584e-02  -6.7198657e-02  -8.2183565e-02   6.9247278e-02   5.0202261e-01   4.5598310e-02  -2.5722865e-01  -4.7172219e-02   3.5162739e-01  -5.1106863e-02  -3.3315581e-01   1.4542310e-01  -1.0659867e-02   2.0005521e-01
  -1.6161739e-01   0.0000000e+00   4.0679225e-01  -1.7872670e-01   1.8108267e-01   8.1951381e-02  -2.2693770e-01  -4.8674925e-02   7.6026948e-01  -2.2151395e-01   1.3754651e-01   3.8677155e-01  -8.2899910e-02  -8.6626320e-02  -2.1992405e-01   3.4849641e-02   4.2071808e-01  -2.6119201e-01   2.9613721e-01   9.9122240e-03  -3.4047014e-01  -1.0988198e-01  -4.4131506e-01  -1.5254780e-01   1.0601811e-01   3.0605551e-02   2.6185616e-01  -1.9583730e-01   1.0801869e-01   3.0800850e-01  -7.4772753e-02  -2.2258521e-01   3.5053580e-01  -6.1497718e-02   1.3407153e-01   4.7400863e-02  -2.6731950e-01  -2.1314319e-01   9.8140224e-02   3.0110458e-01  -1.2392908e-01   1.0631697e-01   3.7399847e-01  -9.5280648e-02  -1.8248299e-01  -2.7824388e-01  -3.8378870e-02   3.3391349e-01  -1.8026699e-02   3.4864349e-01  -3.2734353e-01  -1.2535072e-01   4.8019296e-01   6.7202024e-02   5.1928891e-02  -1.1078035e-01   1.9208056e-01  -1.7821269e-01  -2.3002802e-01   1.1494064e-01  -5.1584780e-02  -1.5630300e-01   4.5746276e-01   4.0676755e-01   1.9837808e-01  -7.5964351e-02   2.6146728e-01   7.6358767e-02  -2.2930854e-01  -1.2311425e-01   5.6678529e-01  -1.2510564e-01   1.4279474e-01   1.8996113e-01   2.1471248e-02   1.3783700e-01  -1.7066826e-01   1.9406176e-01   3.7327430e-01  -3.4942776e-03  -3.0922821e-01  -1.9366790e-01   2.7300161e-03  -7.1290004e-02   1.7985211e-01   2.7784521e-02   2.1610088e-01  -5.3027187e-05   3.1117423e-01  -1.6321490e-01   4.0773889e-01   1.3642650e-01  -1.6409101e-01   2.9087554e-01  -2.7212300e-01   1.4906549e-01  -1.2812528e-01   1.3617672e-01   1.9569253e-02  -3.3386114e-01   3.5002624e-03   7.8678830e-02  -1.7706950e-01   5.7820334e-01  -3.4982436e-01  -5.5424505e-02   2.4149057e-01  -1.3492229e-01  -3.5278113e-01  -8.6771700e-02   8.0863857e-02  -4.8368505e-03  -5.1533252e-02  -1.8432760e-01  -2.6883405e-01   3.1766817e-01   2.0925954e-01  -1.9718059e-01  -1.5578211e-01   2.7056382e-02  -2.3517392e-01   1.6266232e-01   1.8721637e-01   2.2468226e-01  -2.4879665e-01  -4.9246523e-02  -4.6163444e-01   1.1782782e-01  -2.9650420e-01  -1.3583946e-01  -3.9802689e-02   3.5374309e-01   1.1856931e-01   1.5819918e-01   2.1323255e-01   3.2937763e-02   1.2289616e-01   1.2472715e-01   3.3749738e-02  -2.6470176e-01  -3.2799966e-01   7.3390171e-02  -1.4221610e-01  -1.0272426e-01  -3.3667352e-01  -2.5981710e-02   1.7028445e-01   2.1938722e-01  -4.1353762e-01  -1.3233695e-01  -2.3053235e-01  -2.3260373e-01  -4.7500491e-02   4.0253522e-01   5.0664571e-01  -1.6220756e-01  -2.7002001e-01  -1.2473294e-01   8.1372637e-02  -2.6827524e-01  -3.5721196e-02   7.5393074e-02   4.9139502e-02  -3.8610535e-01  -6.4980781e-02   6.1572094e-02   3.0764721e-02  -4.8106557e-02  -1.7292612e-01   4.4253898e-01  -6.7155700e-03  -9.5544421e-02  -1.2041262e-01   1.8887642e-01  -2.6855848e-01   7.6362452e-02   3.2288453e-02
  -4.0197456e-01   4.0679225e-01   0.0000000e+00  -1.5482549e-01   3.2319788e-01   2.2671634e-01  -4.5637587e-01  -1.3791938e-01   5.0682274e-02   6.6702365e-03  -7.3571838e-02   5.3931453e-01   1.1760752e-01  -2.8499272e-01  -3.9205645e-01   3.7052784e-02   8.2550226e-01  -3.0222923e-01   1.2612101e-01   3.3136493e-01  -2.5546176e-01   3.2692741e-02  -3.6729392e-01  -4.8585451e-01   9.1803198e-02  -2.4733830e-02   4.1123796e-01  -4.2554221e-01   4.0944461e-03   8.7611695e-02  -2.8055803e-01  -3.0844236e-01   2.7861959e-01   2.4860045e-01   6.9673392e-02   3.0342608e-01  -8.9710472e-02  -1.8503532e-01   9.6996641e-02   6.8841452e-01   1.0236016e-01   3.6554416e-01   5.0393599e-01  -3.2299265e-01  -1.1216031e-01   1.1313541e-01   1.1753361e-01  -1.9949934e-01   5.3943355e-02   7.0244632e-01  -4.3508171e-01  -2.9928791e-01   3.5527717e-02   5.1812197e-01  -1.2820367e-01  -3.2220646e-01   3.3431803e-01  -1.2305005e-01  -2.0891097e-01   1.0782956e-01   3.3769894e-01   4.5695943e-02   3.2622169e-01  -1.8419788e-01  -9.1927968e-02   3.8261259e-01   3.2783623e-01   1.8598226e-01  -1.6747402e-01   3.7263179e-01   2.1641988e-01   2.0607271e-02   1.8757533e-02   4.6598227e-01   2.0755597e-01  -1.1844677e-01   3.6801488e-01   3.8143573e-02   2.0587060e-01   2.9513685e-01  -4.6287277e-01  -1.5002940e-01  -4.9155701e-02  -1.4092097e-01   3.9091280e-01  -2.6943371e-01   1.1683778e-01  -1.8802445e-01   1.1818853e-01  -3.6782493e-01   2.2160598e-01   6.4760672e-01   2.2698613e-01   1.9909963e-01  -1.6235143e-01   4.9982248e-01  -2.9039085e-03   4.7114135e-02   9.1675600e-02  -2.2528438e-01   7.9321950e-02  -1.7124724e-01  -1.4409956e-01   7.7979766e-02  -3.9317307e-01  -1.1570591e-02   5.4873051e-01  -1.8718981e-01  -1.1354201e-01  -4.7199848e-02   4.3428312e-01  -6.6784801e-02  -3.8993264e-02  -4.1105523e-01  -2.2042013e-01   1.4841203e-01   6.3567842e-02  -3.6172999e-02  -2.0031471e-01  -1.2560850e-01  -3.1750207e-01   3.8056769e-01   2.7859811e-01  -2.2375457e-01  -2.5022437e-01  -2.7963274e-01  -5.1877607e-01   4.6252597e-01  -4.8022873e-02   3.4886696e-01   5.1879277e-02   1.6747828e-02  -2.8668335e-02  -4.4031197e-02   4.3078219e-01  -1.6449601e-01   3.0505183e-01  -1.3729991e-01  -1.4099276e-01  -3.3563831e-01  -4.0329084e-01   1.5813868e-01  -3.6831085e-01   1.9558670e-01  -2.6265585e-01  -4.2992319e-01   4.2881641e-01   1.1772000e-01  -3.6484317e-01  -2.8159285e-01  -3.0934930e-02  -3.5417320e-01   1.4983045e-01   1.2583324e-01   7.5959049e-01  -4.8096096e-01  -2.8467074e-01  -9.0216029e-02   4.3035244e-01  -3.5965674e-01   2.6151658e-02  -2.2761939e-01  -3.5779978e-02  -1.9036800e-01   1.3956131e-01   2.5216594e-01   3.4046365e-02  -1.6377197e-01   8.7553824e-02   4.0298112e-01   2.5807259e-01  -2.8221219e-02  -8.0172152e-02   4.2598490e-01  -4.2301460e-02   2.2052165e-01  -1.6717094e-02
   1.1290484e-01  -1.7872670e-01  -1.5482549e-01   0.0000000e+00  -2.2285053e-01   1.2724699e-01   2.1054206e-01   4.0004765e-01  -1.2827311e-01  -9.0890101e-02   2.9397712e-01  -2.9190212e-01  -1.3971633e-02   2.6166807e-01   1.7666860e-01   2.2040154e-01  -7.4710397e-02   1.7700879e-01  -7.3695659e-02  -3.2440431e-01   3.2801028e-01   2.0242049e-01   3.3522786e-01   1.9033993e-02  -1.2539274e-01   2.0795811e-01  -9.0519827e-02   2.4033007e-01  -1.4923671e-01   1.9734687e-01   2.5238941e-01   2.4551705e-01   1.3700679e-01  -1.5302653e-01   7.7309201e-03  -2.0717907e-01   6.0178429e-02   2.1287460e-01   2.4799615e-01  -9.4373171e-02   1.2254257e-01   2.7798138e-02  -1.0869112e-01   3.3154157e-01  -2.4714838e-01   1.9611350e-01   4.8730137e-02   4.5617275e-02  -2.5125558e-02  -2.1947509e-01   2.7716857e-01   4.2027476e-01  -1.8461506e-01  -6.2248766e-02   2.9509559e-01   1.9474384e-01   3.6947273e-02   2.4112253e-01   3.7244449e-01  -1.3954878e-01  -9.9740717e-02  -3.4506479e-01  -6.4577147e-02   4.0483338e-02  -2.6819779e-01  -2.8972334e-02   1.5739932e-01  -1.9558223e-01   3.9769299e-01   1.6598427e-01  -2.2478314e-01  -1.7917465e-01   1.0524357e-01  -3.6320062e-02  -1.4623254e-02   1.3028219e-01   3.2130946e-02   1.8614707e-01  -2.7831680e-01  -3.0716115e-02   4.5365186e-01   8.7269948e-03   1.3551889e-01   4.0232730e-01   7.6359457e-02   1.9312144e-01   5.1201591e-02   3.1456786e-02  -1.2277790e-01   1.3281945e-01  -2.4065402e-01  -1.8004713e-01  -1.1473311e-01   4.2926371e-02   2.1447911e-01  -2.9993022e-01  -1.6166134e-02   2.6966006e-01  -1.9786215e-01  -9.1370698e-02   2.0676171e-01   2.1203524e-02   3.6306125e-01  -1.4972247e-01   9.7091981e-02   1.6509667e-01  -8.2176637e-02   4.9468751e-01   5.5919409e-02   2.5785666e-01  -1.5780203e-01   2.3577053e-01   3.1461578e-01   1.1846044e-01   2.7121912e-01  -2.6683053e-01   3.4214580e-01   1.5559919e-01   1.9632912e-01   4.4765152e-01   2.9259532e-01  -2.2563546e-01  -1.5832972e-01   1.1490438e-01   2.2445902e-01   1.6335751e-01   3.9994270e-02  -1.6894045e-01   3.7653719e-01   1.6819709e-01   2.5146474e-01  -2.1515190e-01   1.0274668e-01  -1.5618481e-02  -8.6625028e-02   2.1067562e-01  -1.1637594e-01   2.5556905e-01   2.6470144e-01   3.4728774e-01   9.2242546e-02  -6.3705286e-02   3.1768249e-01   2.1505776e-02   1.3151524e-02   2.7982752e-01  -1.4879164e-01  -5.8065540e-02   2.9324889e-01   4.3872508e-02   2.9426555e-01   4.1058129e-01   1.1239001e-01   4.8979635e-02  -1.3857219e-01   9.3481843e-02   2.6510042e-01   2.1848740e-01  -6.6165439e-02   5.1520723e-01  -1.5625097e-01   3.3143793e-01  -6.8554300e-02   1.8088004e-01   1.7135290e-01  -4.5388901e-01  -1.5618812e-01   2.2253645e-01  -1.7215517e-02  -1.4986877e-01  -2.3664181e-01   1.1472479e-01  -7.4809453e-02  -7.7666102e-02   3.2637601e-02   9.0545608e-02   1.8998691e-01
  -1.6923648e-01   1.8108267e-01   3.2319788e-01  -2.2285053e-01   0.0000000e+00   1.7023228e-01  -3.9257555e-01  -2.0636932e-01   2.0766694e-01   1.5318813e-01  -1.9432975e-01   2.0001870e-01   1.2674666e-01  -4.9387505e-01  -4.5690595e-01  -5.7409100e-02   2.6165661e-01  -9.7433977e-02   1.8686666e-02   6.8835484e-01  -1.8339088e-01  -1.7890698e-01  -2.4066224e-01  -2.7182387e-01   1.2428936e-02  -2.5595428e-01   4.7854061e-01  -3.5991307e-01  -8.3281818e-02  -2.0358183e-01  -4.6009778e-01  -2.8140132e-01   1.1251637e-01   1.9356721e-01   5.8035457e-02   7.3517172e-01   4.0461674e-02  -2.3043590e-01   9.4711618e-03   2.7515441e-01   2.0703324e-01   2.8849089e-01   4.5297071e-01  -3.7226907e-01   2.2062812e-01  -1.3374714e-01   1.8944309e-01  -2.6099655e-01   1.4277541e-01   4.4389121e-01  -2.1834989e-01  -2.8252114e-01   7.0156229e-02   2.0541596e-01  -2.2438232e-01  -2.2542243e-01   1.1011929e-01  -1.6413709e-01  -2.2101936e-01   3.5089732e-02   2.4567134e-01   2.8709288e-01   3.2197099e-01  -3.4572922e-01   1.4588057e-01   5.4722650e-01   1.9065605e-01   7.4454999e-02  -2.8453809e-01  -2.5826070e-01   2.9107434e-01  -8.9070736e-02   1.9516574e-01  -2.0492555e-02  -8.3310804e-02  -6.7772642e-02   1.6774595e-01   2.7872389e-03   7.4404724e-01   1.3422981e-01  -4.7260154e-01   1.4550849e-01  -2.1056338e-01  -2.5682031e-01  -1.3140355e-01  -2.5733604e-01  -9.0619816e-02  -1.5431645e-01  -9.0200285e-03  -3.0145863e-01   6.3997163e-01   3.7605111e-01   2.1467309e-01   1.7024240e-01  -2.4906224e-01   6.8259420e-01  -1.8137391e-01  -5.6336435e-03   1.4397902e-01   4.2080290e-03  -2.9322083e-01  -3.3988558e-01  -2.3356377e-01   1.9865855e-01  -3.0707052e-01   9.6281460e-02   2.8821933e-01  -2.6308880e-01   1.1173384e-01  -1.9114113e-01   2.7259145e-01  -2.5476358e-01  -1.6742489e-01  -2.6342454e-01  -3.7420403e-01   4.3675120e-01  -6.7763853e-03   1.4398153e-01  -3.6741600e-01  -1.2618359e-01  -3.4286204e-01   7.8634817e-01   1.9651967e-01   4.1798157e-02  -2.5422673e-01  -4.2291295e-01  -2.6962655e-01   2.8181412e-01  -1.7529644e-01  -1.5491280e-01   1.4969743e-02   2.4464432e-01  -3.1203738e-01  -1.8176976e-01   1.9399137e-01  -8.2247879e-02   2.0293811e-02  -3.2964583e-01  -1.5183894e-01  -2.2001547e-01  -2.8514354e-01   1.3826476e-02  -3.4885637e-01  -2.2780408e-01  -2.5386869e-01  -4.5627864e-01   3.1353647e-01   4.1664694e-01  -2.6304931e-01  -2.0380046e-01  -4.2262937e-01  -4.6181000e-01   4.1466964e-02   1.6283067e-01   2.3586249e-01  -2.4720064e-01  -3.5521243e-01  -1.8717146e-01   3.5839106e-01  -4.1628874e-01  -2.2115146e-02  -2.6929764e-01   1.1564714e-01  -2.4586043e-01  -1.2214592e-01   4.6971770e-01   2.4135441e-01  -2.3211169e-01  -3.7594162e-02   3.1495443e-01   6.2542411e-01  -1.0113135e-01  -2.6673755e-02   2.1857884e-01  -1.7800701e-01   2.2007277e-01   7.6619021e-02
  -2.0538638e-01   8.1951381e-02   2.2671634e-01   1.2724699e-01   1.7023228e-01   0.0000000e+00   2.3908970e-01   2.1558755e-01   1.5777080e-02   1.3747505e-01   1.7822261e-01   1.1579073e-01  -1.3555820e-02  -3.6021548e-01  -1.3155394e-01  -2.5467046e-01   3.1022225e-01   1.7241222e-01   1.5253981e-01   3.8163323e-02   1.4408124e-01   3.4963508e-03   1.3775351e-01  -2.1547654e-01   8.0411779e-02  -6.5435729e-02  -1.1563990e-02  -2.4052687e-01  -2.3651124e-02  -8.9470903e-02  -1.2494410e-01   1.2497535e-01   1.5722282e-01  -4.1468230e-02  -2.9189771e-01   3.6779997e-01   2.0195082e-01  -5.7855234e-03  -4.9434858e-02  -2.1550651e-02   1.4709326e-01   6.4264202e-02  -2.5572129e-02  -3.2412505e-02  -3.2839346e-01   2.4066214e-01   2.3735407e-01   2.0122399e-01   1.2500474e-02   1.3085036e-02   3.3921598e-02   3.2772891e-02  -2.4512861e-01   2.0982127e-02  -4.0163093e-02   4.3992912e-02   2.5594385e-01   4.3797365e-02   9.6796925e-02   2.5716725e-01   3.7605168e-01   8.7647389e-02  -8.3241377e-02  -1.4564413e-01  -2.8810434e-01   4.0174885e-01   6.0300501e-01  -9.9957727e-02   1.5643349e-01   2.7793242e-01   1.0839530e-01  -2.1962365e-01   1.6022331e-01   1.4697979e-01  -8.4715293e-02   1.2274894e-01   2.7653871e-01  -9.9846168e-02   1.9250058e-02  -1.9084872e-01   3.5418073e-02  -1.2126875e-01  -3.2484845e-03   7.9652822e-02  -5.0241125e-02   3.1016404e-02  -1.6673284e-01  -2.8415822e-01  -2.1497583e-01  -2.5522659e-01   3.7878147e-02   2.0953664e-01   2.9205629e-02  -3.3110640e-03   3.3718958e-02   4.9821866e-02  -2.5936749e-01   1.5369321e-01  -2.8449094e-01  -1.9870610e-01  -1.4935306e-01  -1.3046801e-01   2.4254846e-01   1.6993677e-01   1.3849470e-01   3.9821831e-01   4.2964603e-02   3.8932521e-01   8.6872885e-02   2.5349870e-01   3.6301169e-02   4.9069644e-02  -1.8445142e-01  -2.6818986e-01  -1.1213626e-01  -1.2330044e-01   1.4415541e-01  -2.0737126e-01  -8.0189799e-02  -6.6372091e-02  -7.6837710e-02   2.5149457e-02  -1.0093451e-01   1.3708713e-01  -4.7740353e-02  -2.1506896e-02  -1.7821920e-01   1.1053084e-01  -1.9883671e-02   2.4082861e-01  -2.5632298e-01  -1.5120630e-01   1.3859862e-01  -2.2470079e-01   1.8454816e-01   2.1316226e-01  -1.1446544e-01   1.1365280e-01   1.5987577e-01  -7.2562978e-02  -2.3178586e-01  -2.9163659e-01   2.3745687e-01   1.5999660e-01  -1.8852377e-01   7.9243772e-02  -7.6790997e-02   2.7000526e-01   1.5675954e-01  -7.1495028e-02   4.9311537e-03   1.1659761e-01  -1.1202067e-01   5.5970033e-02   1.2458467e-01  -1.6039815e-01  -1.8282803e-01   3.4118322e-02   7.3035060e-02   5.6361429e-02  -2.4729086e-01   2.3378471e-01   1.2527650e-01   2.4106997e-01   2.3380347e-01  -2.0834753e-01   2.4048573e-02  -5.1563618e-02  -1.4562151e-01   1.2685016e-01   1.3547322e-02  -1.1752380e-01  -1.9077270e-01   5.6225346e-01  -1.5916894e-01   2.2715093e-01   2.9013550e-01
   2.7866652e-02  -2.2693770e-01  -4.5637587e-01   2.1054206e-01  -3.9257555e-01   2.3908970e-01   0.0000000e+00   2.1794512e-01  -7.1500745e-02   1.6904871e-01   3.6697744e-01   2.2858632e-03  -1.2669764e-01   4.9974670e-02   5.1686318e-01  -1.7775426e-01  -4.4737933e-01   5.7565752e-01  -1.3057792e-01  -5.5242971e-01   4.5683968e-01   5.8962484e-02   7.2894252e-01   1.2187611e-01   6.5899837e-02   8.5950417e-02  -5.2425967e-01   3.3478428e-01  -2.1821673e-01   9.6637394e-02   4.2328459e-01   4.8081225e-01  -1.9673273e-01  -7.2698378e-02  -3.8233635e-02  -1.7613848e-01   3.0214109e-01   1.9868476e-01  -3.3480911e-01  -5.6638599e-01   1.0585034e-01  -4.1788994e-01  -5.2065816e-01   3.6181012e-01  -2.7128464e-01   1.7111446e-01   1.2197537e-01   6.1927665e-01  -6.2971232e-02  -7.9993610e-01   6.4130780e-01   2.5270677e-01  -1.1786831e-01  -5.7581574e-01   1.2488243e-01   3.2625893e-01  -9.4354718e-02   2.5387122e-01   2.1921157e-01   2.0928949e-01  -1.1203269e-01   3.8994846e-02  -5.5780650e-01   2.8935481e-01  -3.7592614e-02   1.9674771e-02   4.7530629e-02  -4.2064265e-01   4.1698587e-01   6.5010720e-02  -2.5911888e-01  -3.4673617e-01   8.4532073e-02  -8.1497356e-02  -2.5398002e-01   2.4586937e-01  -2.3874488e-01  -2.8745906e-02  -4.3564478e-01  -5.2997021e-01   6.7385615e-01   1.3716325e-02   2.6316450e-01   2.9672700e-01  -2.7980235e-01   3.1528180e-01  -1.3970236e-01  -5.7619694e-02  -1.7390746e-01   9.5390959e-02  -3.9898729e-01  -6.2175917e-01  -6.8716843e-03  -1.3828118e-01   8.0334207e-02  -7.4755915e-01  -3.0655329e-01  -9.6167530e-02  -4.6573443e-01   1.0838707e-01  -1.2000242e-01   2.9884613e-01   4.6787292e-01   6.0424688e-03   5.6521891e-01   2.7307767e-01  -5.9010757e-01   3.3190296e-01   1.8290882e-01   4.5008386e-01  -4.5337475e-01   3.3209024e-01  -1.5980136e-01   4.8124238e-02   1.6243108e-01  -5.2768890e-01   1.0531019e-01  -2.1857950e-02   1.6518763e-01   9.9395945e-02   1.0264386e-01  -5.6164757e-01  -3.6288688e-01   4.5069175e-01   1.9573297e-01   5.0556291e-01   5.8973904e-01  -5.1972280e-01  -4.1928001e-03  -6.6398412e-02  -2.5045123e-01   3.7410406e-02   3.4109352e-01   4.9022957e-02  -2.7820320e-01   1.6730213e-01  -5.6569235e-01   3.0297520e-01   2.1031745e-01   1.7646600e-01   7.0324401e-02  -3.5599485e-01   5.4961985e-01  -4.6063776e-03   4.3663771e-01   6.9340251e-01  -4.0345394e-01   9.4702536e-02   6.9152718e-01   3.3816398e-01   1.0713655e-01   6.0658677e-01  -4.1610575e-01  -8.7158271e-02  -5.3083220e-01   1.5173093e-01   9.3163153e-02   1.9568288e-01  -5.9424880e-01   4.6573096e-01  -4.0213487e-01   3.8395738e-01   2.6498025e-01   3.6181420e-01   1.1349586e-01  -5.1107887e-01  -6.5572446e-03   5.1999158e-02  -3.0363014e-01  -3.3904902e-01  -3.4357501e-01  -1.9114518e-01  -2.0151521e-01  -2.3237630e-02  -1.6049786e-02   8.8747857e-02   2.4971523e-01
   1.3892085e-01  -4.8674925e-02  -1.3791938e-01   4.0004765e-01  -2.0636932e-01   2.1558755e-01   2.1794512e-01   0.0000000e+00   5.0662695e-02  -8.2983551e-02   2.7117646e-01  -9.5103226e-02  -3.0974203e-02   6.3878794e-02   2.0613865e-02  -4.6081553e-02  -1.1272145e-01   1.0708180e-01   1.0407036e-01  -2.6225961e-01  -5.5218598e-02   3.3546301e-01   9.6736880e-02   1.0149361e-01   6.4610209e-02   4.2630516e-01  -3.1888862e-01   1.8443899e-01  -3.1419255e-02   1.5318173e-01   8.4529873e-02   4.4731160e-01   1.4843510e-01  -3.2586750e-01  -1.5615947e-01  -2.1425900e-01   7.7480233e-03   1.7944706e-01   1.3644605e-02  -2.6321325e-03   5.8699872e-02  -1.5153282e-01  -4.3702824e-02   5.0468425e-01  -3.9054788e-01   1.0144372e-01  -9.8353759e-02   4.3751796e-02   2.4797215e-02  -1.1882301e-01   1.8920917e-01   6.6234159e-01  -1.3077676e-01  -6.9783703e-02   8.8068081e-02   1.6672997e-01  -1.0015116e-01   4.0112785e-01   3.7283138e-01   2.0660749e-01  -1.1493720e-01  -2.1813152e-01   1.3755391e-01   2.7930316e-01  -2.7635751e-01  -1.4323185e-01   9.3771460e-02  -1.8328022e-01   2.8083205e-01   1.8225941e-02   3.2494102e-02  -2.5581300e-01  -6.2360287e-02  -4.9229648e-02   5.8656085e-02   4.1470577e-01  -9.3673379e-02   8.3140192e-02  -2.0531720e-01  -5.9388879e-02   3.7108979e-01  -2.0462731e-01   6.3210998e-02   3.1605243e-01  -1.2535935e-01   3.4971446e-01   1.5056748e-01  -1.0705402e-01   1.0852994e-01   1.4143534e-01  -1.7501826e-01  -1.8347516e-01  -3.4493870e-01   9.0650919e-02   2.1267752e-01  -1.8691174e-01  -5.1424787e-02   3.9714754e-01  -3.5600659e-01  -1.1665023e-01   1.6253233e-01   2.7173628e-01   1.6561117e-01   1.8136165e-01   2.6046410e-01   4.1968803e-01  -1.4962911e-01   6.4096456e-01  -4.3592042e-02  -1.2909658e-02  -1.4513284e-01   2.9883872e-01   1.3014577e-01   1.3869461e-01   1.7324260e-01  -2.4136272e-01   2.5024873e-01  -9.4015497e-02   5.8599772e-02   3.2174805e-01   1.6138610e-01  -1.8963845e-01   4.9974902e-02  -1.1622217e-01   2.7383524e-01   6.5118814e-02  -1.5999170e-01  -1.3490149e-01   3.5025298e-01  -8.8706549e-02  -7.6012423e-02  -2.1034183e-01   9.3361558e-02   1.5815270e-02   1.8024097e-01   3.8209182e-01  -6.8781917e-02   1.7994583e-01   4.3503406e-01   4.1171964e-01   9.3917778e-02  -1.2603508e-01   5.2180994e-01  -2.0143542e-01  -5.2496154e-02   3.1772090e-01  -2.2914006e-02  -1.5409514e-01   1.3323067e-01   3.2391118e-02   1.4580126e-01   3.0940586e-01  -7.3612472e-02   1.1794027e-01  -1.0345764e-01   2.0573325e-01   1.3279423e-01   2.2208085e-01  -2.2898559e-01   4.1136097e-01  -1.9327500e-01   6.2854444e-01  -6.0498572e-02   2.0892786e-01   3.9692801e-01  -2.8816842e-01  -8.7352616e-02   1.8717503e-01  -2.8166366e-01  -1.7172231e-01  -3.4086686e-01   2.0420403e-01  -3.3626876e-01  -2.1970648e-01   1.2439281e-01   1.4375215e-01   4.4004512e-01
  -4.6666404e-02   7.6026948e-01   5.0682274e-02  -1.2827311e-01   2.0766694e-01   1.5777080e-02  -7.1500745e-02   5.0662695e-02   0.0000000e+00  -2.3702491e-01   6.0580891e-02   1.6336200e-01  -2.1232952e-01  -6.3588318e-02  -1.3150862e-01   5.0375931e-02   6.8000470e-02  -1.9208811e-01   7.1978403e-02  -1.0398329e-01  -2.2364950e-01  -1.2974160e-01  -2.4213859e-01   6.6247609e-02   2.6445107e-02   6.1166853e-02   1.0943179e-01   2.2289802e-03   3.4109373e-02   1.2937982e-01  -1.4055857e-02  -1.1258785e-02   3.2831536e-01  -1.7051596e-01   1.2167292e-01  -2.7566279e-02  -2.7593684e-01  -1.7040591e-01   5.5503651e-02   1.5861868e-01  -2.0531367e-01  -4.7700995e-02   2.8015094e-01  -2.0797967e-02  -1.4539873e-01  -4.4702524e-01  -2.2058831e-01   3.4073610e-01   5.5274238e-02   1.2597477e-01  -1.7965277e-01   2.0460059e-02   5.5668081e-01  -1.3960847e-01  -2.6517638e-02  -3.6882101e-02   6.7113567e-02  -3.0941884e-03  -1.0375063e-01  -3.5012160e-02  -2.9111124e-01  -1.5758115e-01   4.7652193e-01   4.2103177e-01   2.3868899e-01  -9.3121141e-02   1.1127490e-01  -9.3337345e-02  -2.1578605e-01  -3.8588465e-01   6.2285181e-01  -3.0426850e-01   1.2662146e-01  -1.1551990e-01  -1.6474084e-01   1.9408285e-01  -3.8919676e-01   9.7666582e-02   4.8006925e-01  -1.7648140e-01  -1.0988074e-01  -9.3747112e-02  -5.3812143e-02  -1.1716645e-01  -6.5551602e-02   1.8921580e-01   3.1042101e-01   9.0489538e-02   3.4864993e-01  -9.8504399e-02   5.1409365e-01  -1.7726297e-01  -2.6945350e-01   3.7207211e-01  -3.5857060e-01   2.6611146e-02  -2.2178265e-01   8.2018520e-02  -1.5399500e-01  -1.5310331e-01  -9.6207494e-02   5.8828907e-02  -1.7155485e-01   6.8004262e-01  -1.2967627e-01  -1.4229199e-02   2.8481501e-02  -7.2820318e-02  -2.4200403e-01  -2.1127715e-01  -7.6247199e-02   7.5410123e-02   1.2380032e-02  -8.6577702e-02  -2.1208999e-01   3.1003262e-01   1.7832961e-01  -1.7661018e-01  -2.4821227e-01   1.8198072e-01  -9.4065430e-02   1.8673698e-01   1.0963865e-01   2.8764028e-01  -1.4808029e-01  -7.4296581e-02  -2.8050882e-01  -6.3751408e-02  -1.8730185e-01  -4.0082657e-01   5.0307619e-02   4.3773154e-01  -5.9854727e-02   2.3154653e-01   8.9610556e-02   7.2326782e-02  -1.3896555e-01   1.5692226e-01   1.5977817e-01  -1.2094074e-01  -2.0444090e-01  -1.1816783e-01   5.1755794e-02  -4.0251516e-01  -1.8890469e-01   1.3776144e-01   1.4179707e-01   1.5845303e-01  -2.5976162e-01   6.5623130e-03  -2.7835198e-01  -1.6318147e-01  -1.7737930e-01   2.8275925e-01   2.0161456e-01   9.8051751e-02  -1.6371716e-01  -1.6189689e-02  -1.0977688e-01  -7.2821697e-02  -1.1445764e-01   1.4933497e-01   3.2017230e-02  -3.3267719e-01  -8.4081813e-02   9.4670048e-02   7.0433051e-02  -2.2604633e-02  -2.3229006e-01   2.1961282e-01   2.3100316e-02  -4.2268507e-02  -2.1977409e-01  -1.4882556e-01  -2.3978051e-01   9.5923046e-02   5.2937163e-02
  -1.5341752e-01  -2.2151395e-01   6.6702365e-03  -9.0890101e-02   1.5318813e-01   1.3747505e-01   1.6904871e-01  -8.2983551e-02  -2.3702491e-01   0.0000000e+00  -2.0130255e-02  -1.1795122e-01   3.7291829e-01  -1.1286672e-01   1.6572859e-01  -9.5866267e-02  -5.5449582e-02   3.0583940e-01  -1.6153926e-01   1.4259358e-01   2.4779635e-01  -3.3417601e-02   3.1830313e-01  -6.6319161e-02   2.1251337e-01  -1.5188551e-01  -7.6554944e-02  -1.7155114e-02  -1.9556886e-02  -1.7216169e-01  -1.5167098e-01   1.0787339e-01  -1.1516129e-01   1.6216295e-01   1.2401361e-02   1.0070599e-01   5.1477092e-01   2.1981526e-02  -1.9434700e-01  -9.3202784e-02   3.1580345e-01  -5.8603923e-02  -1.0048841e-01  -2.0580001e-01  -1.0052222e-01   3.8069949e-02  -2.8383468e-02  -2.3632033e-02   2.6362575e-01  -1.8522538e-01   2.9140162e-01  -1.1210565e-02  -1.8145059e-01  -1.5479091e-02  -1.4186979e-01   1.8518907e-01  -2.6399744e-02   2.4091465e-01   1.3583639e-01   4.1857071e-02   9.4775999e-02   3.5719411e-01  -1.8381212e-01  -6.9220129e-02  -7.6694620e-03   3.4776002e-01  -1.0574864e-02  -1.6990820e-01   9.2627390e-02   1.9139104e-01  -1.7154639e-01  -2.1256529e-01   8.9786373e-02   1.7327651e-02   1.2962424e-01  -1.0768574e-01   6.9241241e-02  -2.3963518e-01  -1.8359844e-01   3.5571166e-02   1.4869601e-01  -1.9613858e-02   1.2838223e-02   4.6838058e-03  -1.4675633e-01   5.2009060e-02  -1.1847243e-03   6.3105473e-02  -7.4467375e-02  -1.6561883e-01   5.5767735e-02  -3.1384523e-02   1.0719378e-01  -1.0462288e-01  -6.6455106e-02  -9.1425189e-02  -1.5254689e-01  -2.2105103e-01  -2.1359116e-01   4.0600920e-01   7.1164434e-02   1.6914896e-01  -1.1811736e-01  -9.1817155e-02   6.2841719e-02   1.5933194e-01  -5.9974581e-02  -2.6384939e-02   5.2284240e-01   1.0510027e-01  -1.1641424e-02  -3.8189595e-03  -2.4886833e-01  -1.3447613e-01   3.9224498e-02  -3.0171157e-01  -8.3720124e-02   2.3311373e-01  -3.7818462e-02   8.6211418e-02  -2.4580018e-01  -2.5891054e-02  -3.2586485e-02   1.3600956e-01  -1.3090126e-01   9.9370046e-02   1.3792004e-01   3.9508275e-02  -3.2881751e-04   1.4981038e-01  -1.6739877e-01  -1.1435791e-01  -1.1199583e-01   8.3573373e-02   9.5659311e-02   6.1873809e-02  -1.3833980e-01   2.6331933e-02   3.0068653e-02  -1.4919975e-01  -7.5530620e-02  -1.9835375e-02  -4.0885207e-03   7.3903880e-02   2.9517359e-01  -6.7378078e-03  -7.8018594e-02   1.7843883e-01   2.1367705e-01   2.3289431e-01   1.5428552e-01   8.7372547e-03  -2.3630834e-02  -2.0953393e-02  -1.0303047e-01  -8.1027235e-02  -9.4093059e-02   2.5883585e-01  -1.4202289e-01  -3.0971311e-02  -2.4867104e-01  -1.3093704e-01   2.9725790e-01   7.9744105e-02   1.9176780e-01  -1.0108206e-01  -1.3505339e-01  -9.5071745e-02  -7.4348338e-02  -2.4912000e-01   1.3164278e-02  -1.6477339e-01  -2.0482025e-01  -1.3322209e-02   6.2651981e-02   2.2982018e-01   2.4411238e-01
   7.8578637e-02   1.3754651e-01  -7.3571838e-02   2.9397712e-01  -1.9432975e-01   1.7822261e-01   3.6697744e-01   2.7117646e-01   6.0580891e-02  -2.0130255e-02   0.0000000e+00   1.3561379e-01   4.4296775e-02  -5.3338533e-02   2.6414593e-01   5.3471416e-02   2.8346406e-02   3.4412763e-01   1.6662320e-01  -3.5769852e-01   1.4580573e-01  -3.7715675e-02   2.6494506e-01   2.3163978e-04  -7.3603586e-02   1.5209807e-01  -1.4913153e-01   1.2367786e-01   8.8027317e-02   3.0042880e-01   2.8697382e-01   1.2303696e-01   2.7722432e-02  -1.9770627e-01   3.8887445e-02   2.0134710e-02  -3.0023763e-02   1.0532519e-01   1.5108368e-01  -4.1279336e-01   2.0537168e-01  -9.6980337e-02  -2.1457733e-01   2.6931387e-01  -2.0510552e-01   2.0230374e-01   4.6336131e-01   4.4249952e-01  -4.6826462e-02  -3.5829818e-01   3.6550008e-01   2.5855980e-01  -1.0113316e-01  -2.6560976e-01   1.8034355e-01   3.6217954e-01   1.5684623e-01  -5.6804816e-02   2.4501898e-01   1.9629602e-01  -2.8125265e-02   4.7938516e-04  -1.7956788e-01   4.6363245e-01   2.3989656e-01   4.5071818e-02   1.4187985e-01  -1.9950475e-01   3.6625648e-01   1.5889118e-01  -2.6738225e-01  -2.5615932e-01   1.2428177e-01   8.1579448e-02  -2.3683605e-01   3.2144984e-01  -4.7286094e-02   1.0239512e-01  -1.1704203e-01  -2.8952311e-01   2.3235707e-01  -9.3593380e-02   1.1747530e-01   2.4643846e-01  -2.4984418e-02   2.9586418e-01  -2.4003890e-01   3.8870037e-02  -1.4154527e-01   1.0203951e-01  -1.0645930e-01  -2.3833608e-01  -2.8468048e-02   2.1759364e-01   1.5471256e-01  -3.9161719e-01  -1.5543478e-01   1.2580833e-01  -2.3240410e-01  -3.1093607e-01  -1.4897706e-01   3.4097575e-01   3.1557435e-01   9.4085656e-02   9.1836330e-02   1.3273699e-02  -2.6346828e-01   2.7328413e-01  -9.2737244e-03   4.1749238e-01  -3.0900672e-01   1.2962800e-01  -1.6014169e-01   9.6984889e-02   3.6393285e-02  -3.6164018e-01   2.9938316e-01  -1.3033988e-01   1.8849617e-01   1.6349653e-01   1.3206544e-01  -2.7042761e-01  -1.4814155e-01   5.3085832e-01   1.4784484e-01   3.9791449e-01   1.7113380e-01  -2.4653947e-01  -1.9424063e-01   7.5404392e-02  -4.5800152e-02   1.8969732e-01   3.0641050e-01  -5.0471121e-02  -1.0456941e-01   2.6912615e-01  -2.3264769e-01   1.7838436e-01   2.3314506e-01   1.1443289e-01  -7.5773558e-02  -5.9520654e-02   3.6603050e-01   1.2174505e-01   1.2104424e-01   5.2061575e-01  -4.3314408e-01   4.8313375e-01   3.4484018e-01  -7.9600980e-02   3.6603623e-02   3.3808194e-01  -4.5141609e-02   3.8312982e-01  -2.2698816e-01   8.8370220e-02   8.0040511e-02   2.2071482e-02  -8.1546985e-02   3.0749477e-01  -2.1316669e-01   4.8102581e-01   1.6433597e-01   6.6754728e-02  -2.1296659e-02  -4.2084374e-01   2.9537348e-01   2.0845476e-01  -1.7200727e-01  -7.5159406e-02  -1.6523275e-01  -1.0077961e-01  -1.1541199e-01   1.2814485e-01  -6.9001609e-02   1.3185737e-01   1.0720652e-01
  -5.8908033e-02   3.8677155e-01   5.3931453e-01  -2.9190212e-01   2.0001870e-01   1.1579073e-01   2.2858632e-03  -9.5103226e-02   1.6336200e-01  -1.1795122e-01   1.3561379e-01   0.0000000e+00   6.2863979e-02  -2.7550766e-01  -2.2581101e-01  -6.3793700e-02   3.0547179e-01  -9.2858568e-02   1.5929853e-01   2.4868350e-01  -3.8007784e-01  -5.8425894e-02  -2.6919032e-01  -2.5596483e-01   5.4570718e-02   6.2308421e-02   2.6544242e-02  -2.8381777e-01   1.4712220e-01   1.6332168e-01  -4.7221478e-02  -1.9194766e-01   1.3284541e-01   2.4495388e-01   2.3270964e-01   2.2839614e-01  -1.6021769e-01   6.3750401e-03  -1.1784116e-01   2.1905229e-01   4.8619006e-02   1.2720189e-01   4.3540004e-01  -5.9817928e-02   1.0817814e-01   1.1984776e-01   1.8526693e-01   1.6885859e-01  -2.1984198e-01   2.7602182e-01  -2.0024207e-01  -2.6940331e-01   8.3135964e-02   1.9830975e-01  -2.6918988e-02  -2.4551098e-02   2.5437108e-01  -1.7368408e-01  -1.6009599e-01   4.0949192e-01   1.7490877e-01   1.2311097e-01   2.1334151e-01   1.1485568e-01   8.0659418e-02   3.2350896e-01   2.3285516e-01   6.5694733e-02  -9.9111179e-02  -9.8668211e-03   7.4125691e-02  -5.0578713e-02   2.5378839e-02   4.9790612e-01   1.1253880e-01   5.8674589e-02   1.2280934e-01   2.8719309e-02   2.7665734e-01   1.2482323e-01  -3.5152831e-01   4.3864160e-02   1.2648109e-02  -2.6342782e-02   1.9257730e-01  -1.6342180e-01  -1.7859372e-01  -1.3321685e-01   3.0901164e-02  -1.5185219e-01   1.7622323e-01   2.5754151e-01   3.2389149e-01   3.5931613e-01  -1.0752818e-01   2.7281716e-01  -8.8015628e-02  -1.4790397e-02   3.6579541e-02  -2.7755856e-01  -2.6196513e-01   1.4691993e-01   2.4856100e-02   1.7723892e-01  -1.6633125e-01   3.8145455e-02   1.9141684e-01  -2.1352314e-01  -2.5755003e-01  -2.7417308e-03   2.6428765e-01   4.9151177e-02  -1.6936800e-01  -1.3315069e-01  -3.0981275e-01  -3.7608173e-02   1.4761923e-01  -5.6466719e-02  -9.2510560e-02  -9.8615259e-02  -2.0841151e-01   2.9773111e-01   1.6925098e-01   7.1361034e-02  -6.7161469e-02   6.4183674e-02  -1.9613419e-01   2.4375652e-01  -1.8913208e-01  -5.1621664e-02  -1.3177215e-01   1.6268906e-01   2.6066827e-01  -1.4919692e-01   2.7756357e-01  -1.3443433e-01   2.0878604e-01  -2.9439898e-01  -1.1973640e-01  -2.0930314e-01  -2.1463062e-01   2.4265072e-02  -1.5648910e-01   4.9468939e-02  -3.6148276e-02  -7.9012618e-02   2.7748057e-01   2.1783488e-01  -1.2711993e-01  -3.3969562e-01  -2.2983910e-01  -2.1011350e-01  -4.6080645e-03   1.6684610e-01   3.3164042e-01  -1.7062303e-01  -2.3320353e-01  -4.6809391e-02   2.4031887e-02  -2.1964927e-01   2.5447600e-02  -7.7986336e-02  -3.4403714e-02  -1.1199760e-01  -2.0502339e-02   2.3026562e-01   3.4010932e-01  -9.2724583e-02  -2.7681705e-02   2.7357422e-01   3.0078901e-01  -4.0484922e-02  -2.9225753e-02   2.8645073e-01   8.1694305e-03   1.7543328e-01  -1.6374231e-03
   1.7114887e-01  -8.2899910e-02   1.1760752e-01  -1.3971633e-02   1.2674666e-01  -1.3555820e-02  -1.2669764e-01  -3.0974203e-02  -2.1232952e-01   3.7291829e-01   4.4296775e-02   6.2863979e-02   0.0000000e+00   1.9514652e-02   5.6439869e-02   2.2045065e-01   4.1772384e-02  -2.0042458e-02   4.8630287e-02   2.1717528e-01  -1.6977921e-01   1.6666526e-01  -8.0815932e-02   1.3564744e-02   7.0529939e-02   1.5339313e-02   4.8985741e-02  -4.5048206e-02   2.3308766e-01   1.7028137e-01  -1.5298429e-01  -2.4512541e-01  -9.6069805e-02   3.7949132e-02   1.2193924e-01   4.8880246e-02   1.7317003e-01   1.1622137e-01   7.0054973e-02   1.2347482e-02   4.0881435e-01   1.8465587e-02   1.5356436e-01  -2.0296504e-02   1.9477486e-01   1.4275116e-01  -6.5008048e-02  -1.6754169e-01   6.3529844e-02   1.3720394e-01   8.0720776e-02   3.8573643e-02  -2.2774105e-01   8.3536458e-02  -1.6202670e-01   9.8874835e-02   1.6621744e-01   1.0997116e-01   1.0431996e-01   1.8566802e-01  -1.4433267e-02   3.6030565e-01  -7.7695353e-03  -6.0940815e-02   1.1323331e-01   1.7709429e-01  -4.6315774e-02   1.4756669e-01  -5.5989969e-03   8.8950997e-02  -2.2419386e-01   1.6978970e-02   5.2760476e-02   1.1384624e-01   1.9275758e-01  -1.9797078e-01   1.3709706e-01  -1.8862528e-02   4.7786689e-02   1.5197237e-01  -5.5530099e-02   1.6509185e-01  -1.2526271e-02  -7.3088394e-03   3.3191679e-02  -7.4055048e-02  -8.1879458e-02   1.8958735e-01  -1.9395226e-02   1.4260775e-01   7.2571896e-02   8.1065365e-02   1.1236562e-01   1.0148996e-01   1.5241342e-01   1.7425948e-01   2.5531312e-01   1.4030241e-01   1.0690522e-01   1.6445247e-01  -1.0740430e-01   8.3824485e-02  -1.0429654e-01  -1.5722258e-01  -2.8968306e-01  -6.6037472e-02  -3.8429955e-02  -3.1881540e-04   2.5617911e-01  -1.0610151e-01   2.7577369e-02  -6.8006278e-02  -5.2415023e-02   1.4772665e-01   1.7668336e-02  -2.3020240e-01   1.1523021e-01   4.9369049e-01   6.5446397e-02  -4.6723882e-03  -9.9378966e-02   1.3242792e-01   2.0171570e-01  -4.4217892e-02   1.2969165e-01   9.4976295e-02  -2.2156813e-02   1.0935154e-01  -1.3710047e-01   4.7015357e-02   9.0604180e-02  -1.4945711e-01  -3.0999830e-03  -1.4866599e-01   1.0605057e-01  -1.2800427e-01   1.7101603e-01  -2.9299920e-01  -1.8583766e-01   1.9144443e-02  -1.4518351e-02   4.2381971e-01  -8.7924788e-02   1.2259930e-01   8.9838842e-02  -1.6952181e-01   2.2810486e-02   4.1585246e-02   1.3584795e-02  -2.1245312e-01   2.1180035e-02  -2.1192429e-01   1.5343291e-01   4.4327272e-02  -5.9783890e-04   5.9711564e-03   4.2186169e-02   2.5999692e-01   2.0501643e-02  -1.0894129e-01   1.1807917e-01  -1.1200239e-01  -1.4332477e-01  -2.5688833e-01   1.4206527e-01  -6.8535108e-06   1.0784640e-01   2.1740504e-01  -1.5767212e-01  -1.4162052e-01   1.8557702e-01   1.2788770e-02   6.0645696e-02  -1.2829725e-02   6.4203228e-02  -6.6365516e-02   8.2700757e-02
   3.4957044e-01  -8.6626320e-02  -2.8499272e-01   2.6166807e-01  -4.9387505e-01  -3.6021548e-01   4.9974670e-02   6.3878794e-02  -6.3588318e-02  -1.1286672e-01  -5.3338533e-02  -2.7550766e-01   1.9514652e-02   0.0000000e+00   4.4296689e-01   1.7117285e-01  -2.6937479e-01  -1.7987766e-01  -9.8803233e-02  -4.6757431e-01   2.2612098e-01   1.2906941e-01   1.3706549e-01   3.0142483e-01  -2.9671859e-02   3.1537504e-01  -2.6595701e-01   5.0001247e-01   5.5075036e-02   1.5742640e-01   3.6548178e-01   9.3359783e-03   2.7729211e-02   6.8572399e-02   2.3343515e-01  -5.7214157e-01  -9.3671358e-02   2.7897555e-01   8.6981755e-02  -4.9250232e-02  -6.9892874e-02  -2.1625473e-01  -1.4719133e-01   3.3430064e-01  -7.9741480e-02  -8.0586217e-02  -3.1817045e-01  -1.0104355e-02  -6.3864572e-03  -2.2296761e-01   1.2590957e-01   2.2349608e-01   2.4759901e-02  -1.4647410e-01   5.4002824e-01   1.6697071e-01  -1.1826916e-01   9.2626163e-02   9.7402738e-02  -2.3140799e-01  -4.1123656e-01  -3.1242601e-01  -1.3826820e-01   2.6080541e-01  -1.2916574e-01  -5.0787838e-01  -2.7730819e-01  -4.0620687e-02  -2.0787822e-02   7.5419143e-02  -2.3780206e-01  -1.0803550e-01  -1.3376822e-02   9.1867403e-02  -4.5696968e-02  -1.7539261e-01  -2.7255812e-01   1.5945637e-02  -4.7447068e-01   3.9044925e-02   3.7448782e-01  -4.8905727e-02   2.4790498e-01   3.5403354e-01   2.9031656e-01  -6.1325346e-02   4.0684880e-01   3.6253263e-01  -3.9322275e-02   3.6327614e-01  -4.3942329e-01  -3.2974981e-01  -2.3113440e-02  -1.2054354e-01   2.6180587e-01  -4.0758846e-01   1.0000728e-01  -1.0536491e-02  -6.5828000e-02   2.1994893e-01   4.4075250e-01   2.3451913e-01   1.4971280e-01  -1.9250255e-01  -1.9789449e-01  -2.3991417e-01  -6.5134696e-02  -3.2753290e-03  -1.1231695e-01   8.8493561e-02   1.0614131e-02  -6.5438219e-02   2.1907385e-02   4.5046516e-01   5.8358251e-01  -1.5819670e-01  -5.4013297e-02   1.5224166e-01   4.4954495e-01   2.6955531e-01   3.2039930e-01  -4.5076330e-01  -1.2010111e-01  -1.1199193e-01   2.7583810e-01   3.1461247e-01   1.1416667e-01  -2.0563069e-01   7.7363500e-02   8.9153548e-02   2.1887753e-01  -1.3282479e-01   2.2603122e-01   2.6118890e-01  -1.6333936e-01  -1.2182513e-01  -1.0140375e-01   3.0536891e-01  -1.4398760e-01   2.2878597e-01   3.9562842e-01   2.6072365e-02   3.2106887e-03   4.7417028e-02   2.5473779e-01   1.7224521e-01  -1.5950403e-02  -3.7580073e-01   2.9605239e-02   1.5171923e-01   5.6065220e-01   3.5974041e-01   2.5257105e-01  -5.1400669e-02  -1.2961728e-01   3.1376345e-01   4.3216786e-01   1.5527824e-01  -2.8411435e-01   2.5405826e-01  -7.4918428e-02   2.5058138e-02  -1.2645578e-01  -1.9754845e-01  -2.1764750e-01  -2.2270979e-01  -1.9735138e-01   2.6229168e-01   1.1520033e-01  -1.4403486e-01  -4.0997928e-01   2.9161603e-01  -4.4515008e-02  -3.1784473e-01   1.0793639e-01  -2.4781102e-01  -3.7666367e-02
