   0.0000000e+00  -4.1657371e-01  -2.6085020e-01   2.3148684e-01  -7.1033229e-02  -4.0650788e-02  -2.5639101e-02   3.4021510e-01  -1.8187355e-01   3.2693435e-02   1.4504123e-01  -3.0135752e-01  -1.4074549e-01   7.4571712e-01  -4.2886111e-02  -1.0941459e-01  -2.4995405e-01   5.4623596e-02   1.2072514e-01  -8.5355299e-02   3.2188058e-02  -1.7297854e-01  -1.2625060e-01   7.9183314e-01   1.2085974e-01   1.5631688e-01  -4.7883793e-02   1.8533280e-01  -3.6244112e-02  -1.0039513e-01   2.1726058e-01   1.1556159e-01  -8.9483713e-03  -1.7200912e-01  -3.5039237e-01   4.4024213e-02  -1.1534743e-01   4.0481623e-01  -1.1930514e-01  -3.5173254e-01   2.1221818e-02  -1.4621822e-01  -1.6056899e-01   1.0003383e-01  -1.5775447e-01   4.0338122e-01   8.7093978e-02  -6.6838073e-02   1.1615378e-01  -3.2495354e-01   1.5490299e-01   3.2840050e-01  -3.8104182e-01  -1.6087172e-01   4.5511019e-01  -2.3243535e-01   7.1931067e-02   4.6467857e-02  -3.4811852e-02  -3.1298127e-01   2.9251127e-01   1.9537411e-01  -1.2510661e-01   1.3852674e-01  -2.2718205e-01  -1.3991717e-01  -4.2816851e-02  -8.4311920e-02  -1.6929642e-02   6.7028564e-02  -4.6505293e-01   8.2711724e-02  -1.3099493e-01  -1.6410427e-01   3.0059631e-02   7.2386691e-02   2.5441314e-01   9.5902355e-02  -2.8803391e-01  -1.3589232e-01   3.0114781e-01  -1.9383622e-01  -4.8771628e-01   1.9427438e-01   3.7373032e-01   2.3131009e-01  -1.5253762e-01   2.6008950e-01  -9.2610897e-02   8.4144797e-01  -2.4067228e-01   1.8536166e-01  -1.9949585e-01  -1.0062025e-01   3.1559676e-01  -1.9528304e-01  -2.7779010e-02   2.3825340e-02  -8.2145065e-02   2.0071506e-01   5.6426598e-01  -2.0316852e-01   4.1429135e-01  -8.9430286e-03   1.0090707e-01   1.3726381e-01  -1.0232061e-01   4.8415692e-02   5.4840883e-02   2.3759026e-02  -4.2162963e-01   1.1876928e-02  -3.1291555e-03   8.6247566e-01   1.8464826e-01  -3.6146222e-01   9.9615062e-03  -5.8366959e-02   1.8327889e-01   4.7008693e-02   5.2381420e-01  -2.0366018e-01   7.6726809e-02   1.1455617e-01   7.7418584e-01   1.0416848e-01  -7.4114303e-02  -6.0303004e-02   2.0249164e-01  -2.2654803e-01  -1.4462210e-01  -2.2746007e-01   3.5053310e-01  -2.5884938e-01  -1.5375533e-01   2.0191094e-01  -2.2926464e-01   3.6199734e-01   9.9363687e-02   6.1972651e-01   8.2738355e-01  -1.4214402e-01   1.2399969e-01  -3.6155458e-01  -1.8866256e-01   2.7247732e-01  -2.6320666e-01  -2.5856047e-02   7.1532899e-02  -1.6077653e-01   1.2066053e-01   3.8574594e-01   4.1815401e-01   2.4415357e-02  -3.7529854e-01   8.2732564e-01   4.2703944e-01  -1.4256851e-01   2.7311303e-01   1.2893681e-01   2.2949218e-01   1.5112374e-01  -4.1414938e-01   2.1874080e-01  -6.7213417e-03  -1.2543216e-01   4.6634440e-02   1.5708810e-01   5.4535645e-01  -3.9680460e-01  -3.1898774e-01  -6.1311358e-02   2.1646258e-02  -3.6411614e-02   7.4202128e-02   8.7403868e-02  -5.3040110e-02
  -4.1657371e-01   0.0000000e+00   4.3342691e-01  -3.3864306e-01   6.8062363e-01  -2.0040258e-01  -1.0428306e-01  -3.6694128e-01   4.9872726e-01   1.1045569e-01  -2.0499290e-01   6.7655469e-01   2.2328883e-01  -6.4494701e-01  -4.1357566e-01   7.3769694e-02   2.5165611e-01  -1.7605173e-01  -1.6320687e-01   5.4611903e-01  -3.9107417e-01  -3.1504035e-01  -3.1602364e-01  -4.7892179e-01  -1.6266905e-01  -5.7756610e-02   3.9843674e-01  -5.6571599e-01   2.8427862e-01  -9.0930714e-02  -5.1726978e-01  -4.3085840e-01  -1.2327010e-02   2.4716709e-01   3.1989012e-01   3.2052845e-01  -3.1843986e-02  -2.1731793e-01   5.8823746e-02   6.4842224e-01   4.8266941e-02   2.4931026e-01   5.7957157e-01  -4.1444680e-01   3.0802678e-01  -4.0169103e-01  -1.9990012e-01   4.1116290e-02   1.6171249e-01   5.0981765e-01  -2.5657020e-01  -4.0747707e-01   7.6122628e-01   2.5496538e-01  -4.6371964e-01  -2.2038673e-01  -1.3133283e-01  -1.1417787e-01  -1.8800334e-01   4.9625956e-01  -3.2310107e-01   5.9446021e-02   6.2144021e-01  -2.6939048e-01   5.3886274e-01   2.6355030e-01  -7.4163496e-02   2.5759293e-01  -4.0410702e-01  -1.0236691e-01   7.4881290e-01  -3.0877606e-02   6.1692553e-02  -1.8620040e-01   1.2598631e-01  -2.6477921e-01  -2.4363134e-01  -4.0929931e-01   7.6970417e-01   1.0537701e-01  -6.0527641e-01   2.4585297e-01   2.6192312e-01  -1.7047782e-01  -4.4303064e-01  -6.2103022e-01  -2.0077190e-01  -3.6025454e-01   3.4947957e-01  -6.0473134e-01   7.4060442e-01   8.6233984e-02   5.4262620e-01   3.0836441e-01  -1.6965884e-01   6.3368899e-01   5.6216220e-02  -3.8437942e-01   3.0893759e-01  -2.1584305e-01  -6.3208812e-01   1.4493965e-01  -7.3959445e-01  -1.8816043e-01  -3.4168965e-01  -2.7322248e-01   1.2114933e-01  -3.7815559e-01   6.9364867e-02   5.0856126e-02   4.6307556e-01  -5.1177207e-01   4.5065389e-03  -5.4367202e-01  -5.6798706e-01   7.3796738e-01  -4.2011052e-01   1.4004220e-01  -5.2851586e-01  -2.0336020e-01  -4.5469787e-01   6.6873507e-01   3.5713776e-01   5.0932196e-02  -5.9908313e-01  -5.1492651e-01   1.2863283e-01   9.7082787e-02  -2.0709358e-01   3.7172237e-01   2.1068581e-01   3.2516754e-01  -1.7988865e-01   2.6686596e-01   5.4489611e-01  -3.7585883e-01   1.7753169e-01  -5.9674764e-01  -2.7145500e-01  -2.1929401e-01  -4.8115366e-01   2.5805667e-01  -3.1189146e-01  -4.8930508e-02  -2.4370109e-01  -6.4218862e-01   4.0925733e-01   4.3894724e-01  -1.0760137e-01  -4.2544182e-02  -3.7176658e-01  -6.1025662e-01  -3.4554802e-01   3.5519053e-01   6.2293405e-01  -3.8496834e-01  -3.1496989e-01  -1.6397042e-01  -1.2974534e-01  -6.0611673e-01   1.6792980e-01  -4.8740419e-01   5.2888549e-01  -5.2449368e-01  -1.4660593e-01   4.3775555e-01   2.0992853e-01  -5.0448912e-01  -5.1190994e-01   6.3924139e-01   4.9190490e-01   8.1858193e-02   2.0333403e-01  -3.1707180e-01  -1.3948216e-01   1.6821429e-01  -1.9585071e-01
  -2.6085020e-01   4.3342691e-01   0.0000000e+00  -2.7138463e-01   3.7141432e-01  -1.0086443e-01  -8.7453986e-02  -3.4205916e-01   5.1910623e-02   1.1156618e-02  -3.0710115e-01   6.1299747e-01   2.3099901e-01  -2.5424916e-01  -2.2095508e-01   1.8909649e-01   8.3990025e-01  -1.5755237e-01  -2.2565723e-01   3.3415452e-01  -4.2058909e-01  -1.9979581e-01  -2.8188711e-01  -3.5975743e-01  -2.0441515e-02  -1.0431041e-01   3.1055493e-01  -2.8261257e-01   1.6884717e-01  -3.1768014e-01  -2.3082609e-01  -3.8178901e-01   1.3803870e-01   2.6292423e-01   4.2457375e-03   3.0626539e-01   1.4921003e-01  -1.5806805e-01   1.1949744e-01   6.6255113e-01   1.0381227e-01   3.9877388e-01   5.2049316e-01  -1.3857036e-01  -8.0816933e-02  -7.9211640e-02  -4.0610917e-01  -1.7611997e-01   1.1125583e-01   7.5501445e-01   1.8695560e-02  -3.8447854e-01   4.7313665e-01   4.3936266e-01  -2.6507986e-01   2.1814572e-01  -1.0080595e-01  -1.8337264e-01  -5.1168823e-02   3.1554968e-01  -8.9387383e-02   5.7440674e-02   2.4263195e-01  -4.0455086e-02  -3.0542195e-02   4.4035749e-01  -1.8487160e-02   2.1078584e-01  -3.9578036e-01   5.8047871e-01   4.7114774e-01  -1.8238422e-01   8.7592539e-04   2.5730433e-01   5.4319572e-02  -2.4516366e-01  -2.3241798e-01  -2.1071674e-01   4.2084214e-01   8.1433551e-02  -3.2224462e-01   1.4537172e-01   4.1066322e-01   1.9784237e-02  -3.2481508e-02  -5.6585713e-01  -2.9696576e-01  -3.7609310e-01   5.5507759e-02  -2.9125065e-01   3.6510085e-01   5.1595726e-01   5.6763133e-01   1.6773034e-01  -2.0712359e-01   4.8248289e-01   1.0126386e-01  -4.0151840e-01   4.2604745e-02  -2.8605256e-01  -2.2210225e-01   2.5825852e-01  -3.7626980e-01  -1.6578261e-01  -4.6357248e-01  -2.0284214e-01   3.7443082e-01  -4.3550744e-01   3.4594385e-02   3.4439581e-02   5.4140589e-01  -4.2238235e-01  -6.8695195e-02  -2.7507032e-01  -2.3743876e-01   3.3876480e-01  -1.7783637e-01   1.9162214e-01  -3.9141498e-02  -1.9329739e-01  -2.4832428e-01   3.6419494e-01   7.9672615e-02  -3.9801118e-01  -4.0063509e-01  -2.4226709e-01  -9.6577415e-02   1.9021288e-01  -1.8790887e-01   8.3990093e-01   1.3796872e-01   1.0757668e-01   1.0000103e-01   2.1575677e-01   3.6424739e-01  -2.6938025e-01   2.0882214e-01  -1.7874917e-01  -3.5469409e-01  -2.3923116e-01  -2.9445102e-01   3.0868619e-01  -3.1933521e-01   4.7784005e-01  -1.6233281e-01  -4.9409713e-01   5.5707386e-01   4.5252703e-02  -1.2131633e-01  -1.3152747e-01   1.2272803e-01  -3.0086477e-01   2.7996566e-02   1.0949963e-01   8.2248667e-01  -3.6426342e-01  -2.4466792e-01  -9.8124476e-02   2.2471085e-01  -4.6729997e-01   1.2859361e-01  -5.3558975e-01   3.9589744e-01  -5.2098847e-01   1.5243015e-02   1.6480149e-01   7.2953170e-02  -1.5780334e-01  -2.4143643e-01   4.8360830e-01   1.8132376e-01  -1.3907035e-02  -1.7542434e-01   1.1495603e-02  -1.4286210e-01   3.3534149e-01  -4.4917172e-02
   2.3148684e-01  -3.3864306e-01  -2.7138463e-01   0.0000000e+00  -2.5855814e-01   2.4623961e-01  -8.6936683e-02   3.6064462e-01   2.3379552e-01  -2.5397699e-01  -1.0475796e-02  -4.6594870e-01   5.2407428e-02   3.3938732e-01   8.2942192e-02  -1.2943570e-01  -1.6474124e-01   1.1755090e-01   7.4361001e-02  -2.1039882e-01   2.1061204e-01   3.2137107e-01   1.8279012e-01   2.1463778e-01   9.5800313e-02   8.6662098e-02  -2.7742203e-01   3.7300149e-01  -1.3270193e-01   1.8997999e-01   1.4747789e-01   3.8846119e-01   2.7100404e-01  -3.2738260e-01  -1.2486393e-01  -2.5944629e-01   5.1413378e-03   1.6738677e-01   3.7250724e-04  -1.8390923e-01   2.8707401e-01  -3.3256144e-01  -3.4564818e-01   3.7340594e-01  -3.0134806e-01   2.3253745e-01   9.2148645e-02   1.2039543e-01  -1.6211713e-01  -2.1372631e-01   3.9501655e-02   3.9721830e-01  -3.6111541e-01  -1.0913454e-01   4.6339945e-01  -4.4764848e-03   1.1808890e-01   2.2878130e-01   4.1209708e-01  -2.0210987e-01   2.0230453e-01  -8.4038833e-02  -2.8677457e-01   1.8651396e-01  -3.0891479e-01  -3.0470647e-01   2.9963573e-01  -1.5965264e-01   3.7561789e-01  -1.7804723e-01  -2.1421430e-01   1.1846846e-01   1.4784897e-01   2.4049273e-01  -2.0388929e-01   1.8841816e-01   2.1426174e-01   3.0624910e-01  -4.0715299e-01   4.8889563e-02   4.0039447e-01  -1.4264626e-01  -1.5984795e-01   1.8495594e-01   2.9315837e-01   2.5131718e-01   4.9219103e-01   2.0814327e-01  -1.5454216e-01   2.7946937e-01  -2.3344077e-01   4.2855103e-02  -3.9083394e-01  -2.9869450e-01   2.1833780e-01  -1.8611066e-01  -1.1091988e-01   4.1332407e-01  -2.1712698e-01   1.1579678e-02   2.4964119e-01  -1.7541651e-01   4.3120607e-01   2.9564490e-01   2.3810452e-01   1.8295952e-01   1.9988849e-01   4.2262868e-01  -2.9514881e-01   1.3385660e-01  -2.6467753e-01   3.7293081e-01   3.1939899e-01   2.0408006e-01   1.3833053e-01  -3.0377944e-01   2.8407279e-01   7.9689268e-03   2.7046311e-01   4.6893231e-01   3.1247766e-01  -2.3787710e-01  -1.1116108e-01   8.1999888e-02   3.0365600e-01   3.1989603e-01  -2.0711572e-01  -8.3221608e-02   4.8716390e-01  -1.9976161e-01   2.5819645e-01  -2.2843772e-01   2.3678903e-01  -1.6227827e-01  -5.9517278e-02   2.6485916e-01   4.4954432e-03   2.9465184e-01   2.4625318e-01   2.7236548e-01   3.8644024e-01  -1.4442254e-01   2.2352741e-01  -3.9761034e-02  -5.3261621e-02   3.2659105e-01  -3.1476438e-01  -1.5410221e-01   4.9457915e-03  -5.2341750e-02   3.6505670e-02   4.1393040e-01   1.5068281e-01  -2.1183172e-01  -2.3383100e-01   2.1886290e-01   2.0769707e-01   3.8125708e-01   2.5071694e-01   4.6941130e-01  -7.5521918e-02   3.1474466e-01  -3.5964824e-01   5.0728029e-01   3.4390651e-02  -4.1058498e-01  -3.7810118e-01   2.4583590e-01   5.3876585e-01  -9.5406877e-02  -3.2240985e-01   3.5583877e-03   1.3257126e-03   3.1850931e-01   1.0335203e-01   3.8344235e-03   2.5133360e-01
  -7.1033229e-02   6.8062363e-01   3.7141432e-01  -2.5855814e-01   0.0000000e+00  -2.0186853e-01  -7.6683674e-02  -3.2733406e-01   3.4690703e-01   1.4019903e-01  -2.2966014e-01   5.4799211e-01   3.7652972e-01  -3.2958120e-01  -4.6031194e-01   1.3623277e-01   2.9466487e-01   9.3919421e-02  -2.3106087e-01   8.0403197e-01  -3.0726980e-01  -3.2525638e-01  -3.8004515e-01  -2.7375157e-01  -1.7178592e-01  -1.5512083e-01   4.6976322e-01  -4.5234517e-01   3.3633553e-01  -2.0787148e-01  -3.3543836e-01  -2.4446791e-01   8.5721185e-02   9.3802369e-02   4.3035814e-02   4.9673032e-01  -1.1215475e-01  -1.6061967e-01   1.5323334e-01   5.5756541e-01   1.5919274e-01   3.6274575e-01   5.4873536e-01  -4.0804258e-01   2.7597200e-01  -2.3707014e-01  -1.3972671e-01  -7.8510430e-02   4.6748539e-01   3.8501122e-01   6.7416071e-02  -3.2215117e-01   6.4776580e-01   2.5864605e-01  -2.5588702e-01  -2.6255595e-01  -3.8781056e-02  -8.5684623e-02  -1.7938444e-01   3.8234887e-01  -1.3983992e-01   2.0715461e-01   6.4663270e-01  -2.8111569e-01   4.7180800e-01   2.8690515e-01  -3.6599829e-02   2.4079194e-01  -3.6982615e-01  -3.2352093e-02   5.0718703e-01  -7.5089733e-02   2.3723842e-02  -1.8402678e-01   5.6252947e-02  -2.0583424e-01  -1.6804811e-01  -3.4445191e-01   6.9872572e-01   8.7159497e-02  -4.6209123e-01   1.9550319e-01   2.4188108e-02  -1.6570154e-01  -2.1637054e-01  -5.4010174e-01  -3.9477153e-01  -3.9143946e-01   5.3484626e-01  -2.6116640e-01   7.2329095e-01   1.6929630e-01   4.7119591e-01   1.8006001e-01  -1.5439817e-01   7.0807251e-01   1.7867732e-01  -2.6217092e-01   1.2339652e-01  -1.0839956e-01  -3.5888339e-01   7.8054232e-02  -4.8152176e-01  -2.2189856e-01  -1.9707283e-01  -1.3570572e-01   1.6508980e-01  -4.1576940e-01   8.3722569e-02   2.0460852e-01   3.1594242e-01  -4.5295365e-01  -1.0286994e-01  -2.4328310e-01  -4.2399100e-01   6.1394525e-01  -3.8863599e-01   2.8002745e-01  -4.1435785e-01  -9.3270031e-02  -2.7355137e-01   6.3804298e-01   4.1067568e-01   5.8594317e-02  -2.9396806e-01  -4.1647447e-01   1.4666007e-01   1.0356739e-01  -1.7540027e-01   2.8539695e-01  -3.2600834e-03   1.5304380e-01  -2.0471529e-03   2.0990970e-01   4.8512014e-01  -3.7592445e-01   2.4025023e-01  -4.1344862e-01  -3.1648629e-01  -1.3137317e-01  -2.0570882e-01   3.0552268e-01  -3.6852601e-01  -1.5031884e-01  -2.6413607e-01  -4.2195435e-01   2.9911618e-01   4.3429782e-01   2.0975542e-02  -1.7312144e-01  -3.1299978e-01  -4.8161695e-01  -2.0288538e-01   2.0649229e-01   5.3333455e-01  -2.0827635e-01  -2.1254463e-01  -1.0443900e-01   6.0351608e-02  -5.6260708e-01   4.5410026e-01  -5.2891547e-01   3.7269900e-01  -3.5713070e-01  -1.9771497e-01   4.0179516e-01   8.3983019e-02  -3.3769024e-01  -3.4148447e-01   4.7608959e-01   3.7900966e-01  -7.8969322e-02   2.9890523e-01  -2.5765632e-01  -2.7545850e-01   2.3888974e-01  -2.2359270e-01
  -4.0650788e-02  -2.0040258e-01  -1.0086443e-01   2.4623961e-01  -2.0186853e-01   0.0000000e+00   1.4496512e-01   2.7274580e-01  -2.1706870e-01  -4.7111439e-02   1.3533574e-01  -3.1598633e-01   1.0027840e-01   4.1665649e-02   4.9411412e-02   1.5004167e-01   1.0691583e-01   2.4141293e-01   2.8689667e-01  -2.3876626e-01   3.3948376e-01   3.2338271e-01   1.2880947e-01  -4.7216225e-02   1.1895091e-01   1.2149965e-01   1.6996564e-01   4.3142716e-01  -1.6628487e-01   2.2454286e-01   2.8034354e-01   3.2580093e-01   6.2584578e-02  -2.1465287e-01  -3.0522890e-01  -9.6279499e-02  -2.1631508e-02   1.0048849e-01   3.2102968e-01  -4.9108828e-02   2.1470395e-01  -5.4715207e-02  -3.8230674e-01   4.3112429e-01  -2.7382004e-01   7.5242881e-02   2.2141661e-01   2.2399357e-01  -2.9682849e-02  -7.9815791e-02   1.9997237e-01   1.2286892e-01  -1.6939730e-01   2.6479772e-02  -7.6325022e-03   2.5397321e-01   3.7023494e-01  -1.3895860e-02   3.4439985e-01  -2.6297258e-01   7.2702873e-03  -1.6035331e-01  -3.2071992e-01   2.2951244e-01  -2.4496517e-01  -9.6985317e-02   5.8964784e-01  -1.4164933e-02   4.1592646e-01   1.6819216e-01  -9.4680837e-02  -7.9827988e-02   2.4886624e-01   3.7197255e-01  -1.2753985e-02  -6.3113704e-03   3.1852945e-03   3.8267194e-01  -3.4152046e-01  -2.6149263e-02   3.3509636e-01   7.0254405e-02   1.4378073e-01   3.7510912e-01   2.6090662e-01   9.1714856e-02   5.9369846e-02   2.7623368e-02  -1.4689279e-01   1.2937559e-01  -3.0159531e-01  -9.0161053e-02  -2.9139134e-01  -3.3917176e-01   1.1982985e-01  -1.9623027e-01   1.6938729e-02   4.6041073e-01   6.8728517e-03  -6.3392224e-02   1.8086007e-01  -2.1073040e-01   3.7070059e-01   1.7942910e-01   2.0225884e-01   8.7047324e-02   9.0691168e-02   4.1525968e-01  -1.3000211e-01   2.7644686e-01  -2.0130309e-01   3.6581778e-01  -9.6005940e-02  -8.0710394e-04   1.4183295e-01  -3.4623548e-01   3.9151775e-01   2.4000963e-02   4.6622576e-01   2.8001238e-01   3.1037576e-02  -3.4895472e-01  -1.8340959e-01   5.5473644e-02   1.1153315e-01   1.8073065e-01  -1.7813885e-01   1.5370752e-01   4.3376416e-02   7.8478173e-02   3.2539601e-01  -4.3688256e-03   1.4829433e-01   9.5963814e-02  -3.0333496e-01   5.3759290e-02  -7.1738493e-02   2.9596216e-01  -2.0440367e-02   5.3051723e-02  -1.8218129e-02   5.6703109e-02   1.3515991e-01   4.0206867e-01   6.4690340e-02   3.7145087e-01  -1.9997706e-01  -1.0621844e-01   2.0033450e-01   1.1283916e-02   2.0542770e-01   3.2969041e-01   6.7428079e-02  -1.6229472e-01  -9.7798129e-02  -4.7410957e-02  -5.5847698e-02   3.3483617e-01   6.6081807e-02   2.2834311e-01  -1.6595215e-01   2.6775297e-01  -3.1253658e-02   2.0836919e-01   2.0261637e-01  -3.8257791e-01  -3.0211061e-01   4.0937817e-01   1.1184533e-01  -4.6033235e-02  -3.9454473e-01  -1.7569531e-01  -3.5149089e-02   6.7435317e-01   1.8859990e-01   1.2147591e-01   2.4196856e-01
  -2.5639101e-02  -1.0428306e-01  -8.7453986e-02  -8.6936683e-02  -7.6683674e-02   1.4496512e-01   0.0000000e+00  -2.7538557e-01  -1.7414470e-01   4.9479940e-01   2.5216138e-01   2.0537407e-01   1.8977054e-01   7.3336320e-02   4.2555805e-01   4.7101527e-02  -1.5512208e-01   7.7961373e-02   2.3067228e-01   3.0838084e-02   1.8422937e-01  -3.2925613e-01   4.4675412e-01  -6.4161065e-02  -5.4557454e-02  -9.6498273e-02   1.3779272e-01   2.2957973e-01  -1.6971383e-02  -1.3764667e-01   2.1097924e-01  -2.3479152e-01  -3.9007776e-02   5.5227429e-01   1.8229488e-01   2.2140925e-01  -1.1334389e-01  -2.5663806e-01  -2.6715203e-02   3.4757711e-02   1.2104958e-02   1.6917025e-01   1.4250995e-02  -1.1267961e-01   3.7620517e-01  -3.0354449e-01   1.8437760e-01   4.5118514e-01   1.2761817e-01  -7.5901752e-02   4.2409582e-01  -1.5721322e-01   8.0766165e-02   1.0616160e-01   9.3788822e-02   3.7263549e-01   1.9630427e-01  -4.3800765e-01  -1.8825982e-01  -4.3873191e-02  -3.4669884e-01   1.9496623e-01  -1.0281655e-01   1.3831278e-01   1.1738141e-01   3.8889454e-01  -9.7742366e-02  -2.4308937e-01   2.8051712e-02   2.1389173e-01   8.7323751e-02  -1.6273580e-01   1.6562849e-02   6.2783605e-02  -1.0967857e-01  -2.3204976e-01  -2.9205862e-01  -1.0547197e-01   2.5298295e-02  -3.6588871e-01   3.0665363e-01   1.7654239e-01   2.6384788e-01  -6.0228434e-02   9.4082235e-02   6.6177319e-02  -7.6382326e-02   7.8839089e-02   7.6099213e-02   9.2642363e-03  -1.7259046e-01  -2.8049731e-01   1.4081224e-01   2.2453255e-02  -2.4479931e-01  -1.7468004e-01  -2.9412950e-01  -5.8687760e-02  -3.4690816e-01   4.2840855e-01   1.8537900e-01   4.8446434e-01   9.3735366e-02  -2.0999758e-01  -1.5607862e-01  -2.1240949e-01  -6.5345280e-02  -1.6194147e-01   3.4737688e-01   9.6940801e-02   1.6306042e-01  -7.5170715e-02  -7.4656240e-02  -9.5762637e-02   4.0156117e-01   2.6112209e-02   1.9504767e-01   2.1680426e-01   9.4605959e-02  -7.3901492e-02  -1.4699621e-01  -8.3660952e-02   3.5881741e-02  -5.4332367e-02   1.9734607e-02   7.1553735e-02   5.3306377e-01  -1.5759970e-01  -4.6685697e-01   1.3071535e-02   3.6427619e-02   5.1153796e-01  -2.4971180e-01   1.6728135e-01  -2.1486671e-01  -1.4507448e-01  -1.4845661e-01   1.0671286e-01  -1.8669055e-01  -1.6395209e-01  -7.9301359e-02   1.2797249e-01  -1.0722264e-01   1.1179632e-01   3.2403704e-01  -5.5851821e-02   5.0247424e-01  -3.5715889e-03   1.4444375e-01   1.4707856e-01   4.2953077e-01   7.5545073e-03  -3.8762799e-02  -2.2384962e-02  -1.2835202e-01  -3.0229567e-04  -2.5626694e-01  -3.3237976e-02  -2.6675023e-01   1.9705911e-01  -1.9386644e-01  -1.1715525e-01   2.3248456e-01  -2.4592939e-01  -1.5254806e-01   1.8423466e-01   1.8461477e-01  -2.0280398e-02  -4.3858290e-02   1.1240181e-03   8.3214266e-02  -4.0274471e-01  -1.3160690e-01  -1.1308885e-01  -1.0998156e-01  -9.0690706e-02  -3.0288580e-01
   3.4021510e-01  -3.6694128e-01  -3.4205916e-01   3.6064462e-01  -3.2733406e-01   2.7274580e-01  -2.7538557e-01   0.0000000e+00  -1.0454379e-01  -3.2210929e-01   1.5110218e-01  -5.2881822e-01  -2.4437833e-01   3.1577276e-01   1.8185980e-01  -5.6084194e-02  -1.8092413e-01  -3.8486281e-02   2.4640391e-01  -3.4757637e-01   6.3993530e-02   4.0742587e-01   4.3066633e-02   1.9557181e-01   1.2208771e-01   5.9724206e-01  -2.4774703e-01   4.0352729e-01  -1.8626430e-01   3.2405905e-01   1.9502529e-01   4.2897751e-01   8.6707989e-03  -3.6948052e-01  -2.0731916e-01  -4.4787248e-01  -7.1914440e-02   3.1692540e-01   6.5516210e-02  -3.9834070e-01   3.9359997e-02  -1.8812541e-01  -3.5140198e-01   5.5301109e-01  -2.3638778e-01   3.9341916e-01   2.1951438e-01  -1.4504854e-01  -1.8432873e-01  -3.0934106e-01  -1.0268509e-01   8.2088070e-01  -4.6290867e-01  -1.5001166e-01   2.6907581e-01  -2.5334099e-02   2.0776026e-01   2.4954170e-01   3.9477539e-01  -4.0807489e-01   3.2608453e-01  -1.9489930e-01  -2.0284400e-01   9.4005538e-03  -3.2851702e-01  -4.7666379e-01   3.1127972e-01  -5.9325281e-03   4.8243487e-01  -1.8346882e-01  -5.0911590e-01   1.1628385e-01   3.3870413e-02   2.2199974e-01   1.1875612e-01   5.8123158e-01   3.2171903e-01   4.4838395e-01  -4.6386392e-01   1.0434994e-01   4.4439577e-01  -1.6676744e-01  -2.6657707e-01   6.6538001e-01   2.9902688e-01   5.1683518e-01   1.4829414e-01   2.3658629e-01  -1.0950905e-01   3.4247382e-01  -2.6281405e-01   1.4093097e-01  -2.9265061e-01  -3.1770277e-01   2.0762140e-01  -1.4667848e-01   1.0588381e-01   4.9040516e-01   1.2775797e-01  -2.7563841e-03   2.6144942e-01  -4.0316531e-01   4.6124959e-01   5.4154830e-01   3.5570245e-01   2.8096124e-01  -1.8965496e-02   6.2181658e-01  -3.5116793e-01   5.3118404e-02  -3.5862998e-01   4.4351798e-01   7.6317620e-02   4.6260860e-01   1.6181436e-01  -4.6213996e-01   3.4371385e-01  -1.7124379e-01   3.5812884e-01   3.3634298e-01   2.9290485e-01  -2.2632757e-01  -1.7604924e-01   4.6002415e-02   4.4427750e-01   2.5922551e-01  -3.2396087e-01   1.9921843e-01   4.6270274e-01  -3.6297621e-01  -7.7434036e-02  -3.5012832e-01   5.6105512e-01  -3.3013034e-01  -2.5941634e-01   7.0372338e-01   3.3664395e-02   1.9883192e-01   5.6359505e-01   5.0095851e-01   3.8613198e-01  -6.2215615e-02   4.2597743e-01  -2.9423702e-02  -8.2664887e-02   3.6031756e-01  -4.6532390e-01  -2.8039782e-01  -4.8381522e-02  -1.4751903e-01   6.8575385e-02   5.1849136e-01   1.3579368e-01  -1.0904810e-01  -3.3297245e-01   3.3883771e-01   3.8965894e-01   2.6828809e-01   1.8400694e-01   4.6399570e-01  -9.6284069e-02   5.7536413e-01  -5.5668667e-01   4.5709109e-01   3.1549227e-01  -3.9883083e-01  -2.0071962e-01   3.9276293e-01   2.8061005e-01  -3.1282817e-01  -2.7972428e-01  -1.4038351e-02  -2.1857825e-02   3.2032750e-01   8.1803263e-02  -9.1105542e-02   3.2820845e-01
  -1.8187355e-01   4.9872726e-01   5.1910623e-02   2.3379552e-01   3.4690703e-01  -2.1706870e-01  -1.7414470e-01  -1.0454379e-01   0.0000000e+00  -6.1865711e-02  -1.4159618e-01   2.4405394e-01  -1.3000543e-02  -2.2548527e-01  -2.2983641e-01  -9.3841626e-02  -1.7171246e-02  -1.1977473e-02  -1.9749933e-01   3.2136445e-01  -1.5076346e-01  -1.0642042e-01   3.0227208e-02  -2.9443258e-01  -2.1584978e-01   3.1571295e-02   1.7738471e-01  -3.8000906e-01   1.4880325e-01   1.3475718e-01  -3.0394597e-01  -1.4869216e-01   4.5355420e-01  -2.8124420e-02   2.5006485e-01   9.4709246e-02  -4.4688134e-02  -5.7560701e-02  -2.5241751e-02   3.5959074e-01   1.6435935e-01  -1.1155362e-01   3.0910870e-01  -1.8942032e-01   1.1412494e-01  -2.4359297e-01  -1.2449814e-01   9.5387765e-02  -5.8804232e-02   1.8178771e-01  -2.0031304e-01  -1.0109842e-01   3.3751857e-01   1.1015650e-01   1.3428334e-01  -2.5087132e-01  -2.8030461e-01  -5.8511934e-02   5.3506055e-02   4.0501399e-01  -1.7255925e-01  -4.7035066e-02   3.8807020e-01  -9.0541790e-02   3.8226055e-01  -1.5963315e-02  -2.4488845e-02   4.3775119e-02  -2.0743628e-01  -3.7820870e-01   4.4657413e-01   3.0405710e-02   2.5118678e-01  -1.0132583e-01  -1.3491189e-01  -2.2250818e-01  -1.1076940e-01  -3.6510005e-01   4.0838977e-01   4.8138801e-02  -3.4089122e-01   1.0459533e-01  -4.4468607e-02  -8.7835562e-02  -2.2319703e-01  -3.1228803e-01   4.3915548e-01  -7.9646384e-02   3.0145352e-01  -3.2934999e-01   4.9154866e-01  -6.7743057e-02   1.9584284e-01   2.1873330e-01  -8.0505481e-03   3.2168725e-01   6.4660025e-02  -7.8713103e-02   1.6702877e-01  -1.2528546e-01  -3.8922064e-01   1.0541754e-01  -4.1091285e-01   1.4991388e-01  -2.2724652e-01  -1.6172402e-01   3.8739606e-01  -6.1007581e-02  -4.4159320e-02   1.0991833e-01   1.3632559e-01  -2.6511699e-01   1.2830815e-03  -3.2836651e-01  -3.9883898e-01   4.1186022e-01  -2.8245453e-01   1.0141525e-01  -4.7931416e-01   1.0448600e-01  -1.7896298e-01   4.2403788e-01   1.7386285e-01   2.1392382e-01  -2.9666174e-01  -2.2002033e-01   1.5816227e-01  -4.3407228e-02   2.0699386e-01  -2.7377207e-02   2.5980055e-01   8.9531161e-02  -2.0358003e-01   1.1145819e-01   3.9725893e-01  -2.5174984e-01   1.6168165e-01  -3.9228337e-01  -1.0613920e-01  -6.0775133e-02  -7.8612418e-02  -7.4877419e-03  -8.9913884e-02  -3.1085185e-01  -9.3993571e-02  -3.1066079e-01   6.1974432e-02   4.3034087e-01  -5.6636744e-02   1.8683720e-02  -3.1988305e-01  -3.2142077e-01  -1.8551976e-01   2.0459539e-01   2.4974142e-01  -1.8160869e-01  -2.1685821e-01   2.0511163e-01   7.4659967e-02  -2.9075291e-01   1.7490456e-01  -2.2697627e-01   2.2803280e-01  -1.2695483e-01  -1.9101287e-01   1.3486371e-01   6.8398072e-02  -4.4967832e-01   5.7651374e-02   4.5932929e-01   2.9644078e-01   9.4995467e-02   1.2159579e-01  -2.5861879e-01  -1.9809961e-01   7.2486817e-02  -1.9979688e-01
   3.2693435e-02   1.1045569e-01   1.1156618e-02  -2.5397699e-01   1.4019903e-01  -4.7111439e-02   4.9479940e-01  -3.2210929e-01  -6.1865711e-02   0.0000000e+00   2.6329322e-01   3.4930951e-01   1.4870971e-01  -2.7148143e-03   8.6646435e-02  -1.1063573e-01  -1.8994473e-01   8.7204997e-02   1.8975833e-01   2.9234820e-01   6.4829627e-02  -4.1809323e-01   1.7652102e-01  -7.7613631e-02  -1.4183235e-02  -1.3688551e-01   2.6864081e-01  -7.5116089e-02  -7.0252901e-02  -3.3799049e-01   7.1090184e-02  -3.2786200e-01  -1.3425405e-01   5.5890538e-01   6.5854499e-02   5.6057479e-01  -1.3483676e-01  -3.5817237e-01  -2.2844730e-01   3.1892139e-03  -8.6714740e-02   4.5129538e-02   2.6215738e-01  -2.4788444e-01   4.0170515e-01  -2.9772780e-01   8.4293140e-02   1.9777613e-01   2.4374082e-01  -9.7002600e-02   3.3162733e-01  -2.8019830e-01   2.6058184e-01  -4.5017545e-03  -1.5829895e-01   1.8475867e-01   1.9953355e-01  -4.4057957e-01  -3.4925301e-01   9.8601246e-02  -3.9976082e-01   2.1345682e-01   2.3001702e-01   4.5282455e-02   2.1301307e-01   5.2417674e-01  -3.3783459e-01  -1.1492331e-01  -2.1415458e-01   1.9017311e-01   1.3923490e-01  -8.0462605e-02  -9.9539489e-02  -2.8849094e-01   2.4565153e-02  -1.7131686e-01  -3.6394338e-01  -3.2325335e-01   2.6211558e-01  -3.1835105e-01   8.9096405e-02   1.9080238e-01   9.1691821e-02  -1.6831936e-01  -7.1359914e-02  -2.1240395e-01  -3.5535206e-01  -1.9999986e-01   1.2145968e-01  -2.8602407e-03   2.2331753e-02  -2.2281215e-01   3.4802102e-01   1.9756817e-01  -3.0692728e-01   3.2483539e-02  -1.3117704e-01  -2.0348769e-01  -2.2807998e-01   5.0622194e-01   1.1147743e-01   4.7575636e-01  -8.0477930e-02  -5.0712058e-01  -3.1879574e-01  -3.0832857e-01  -1.1621625e-02  -3.6759081e-01   3.5645523e-01   1.8798713e-01   1.5214744e-01  -3.4828350e-01  -3.0935700e-02  -3.4300032e-02   1.4665572e-01   8.9938395e-02  -7.2423654e-02   1.4156030e-01  -2.8874661e-02  -2.3555191e-01  -2.1737900e-01   1.1953722e-01   2.0436402e-01   8.0882307e-02  -6.4765679e-02  -3.3127827e-01   4.9596910e-01  -1.0056780e-01  -4.1392909e-01   5.6449774e-02  -1.3392896e-01   4.2385937e-01  -2.1785731e-01   1.2009776e-01   5.9326227e-02  -2.6379355e-01  -7.3138144e-02   3.3355979e-02  -3.2828388e-01  -2.5296808e-01  -7.9687173e-02   2.1880067e-01  -6.8235178e-02  -7.5676545e-02   1.0660925e-01  -2.0920553e-01   4.3274760e-01   2.4362923e-01   3.8260847e-01   1.9333158e-01   1.1024159e-01  -8.9630493e-02  -1.0492039e-01   1.3980483e-01  -9.0156255e-03  -7.4019903e-02  -3.6774683e-01  -1.9801251e-01  -3.2173574e-01  -2.3274025e-01  -1.6246007e-03  -2.3443321e-01   3.7753434e-01  -3.3336195e-01  -1.9082428e-01   4.3271482e-01   4.1462326e-01  -1.2150769e-01  -1.9266838e-01  -2.6213448e-02   2.4437046e-01  -4.3295759e-01  -7.0961655e-02  -2.3760167e-01  -1.0749028e-01   8.9987288e-02  -3.0347001e-01
   1.4504123e-01  -2.0499290e-01  -3.0710115e-01  -1.0475796e-02  -2.2966014e-01   1.3533574e-01   2.5216138e-01   1.5110218e-01  -1.4159618e-01   2.6329322e-01   0.0000000e+00  -9.9545542e-02  -4.6790136e-02  -5.8286629e-02   8.8400705e-02   1.7916636e-01  -3.8375840e-01   3.7756507e-01   1.8650256e-02  -8.9376464e-02   1.7663034e-01   3.6548848e-02   9.3235326e-02   7.7262497e-02  -1.0516759e-01   1.2531412e-01  -6.4935515e-02   3.6751811e-02  -3.1363547e-01   2.6878017e-01   7.2322705e-03   1.8244245e-01  -1.4116560e-01   2.5654653e-01   8.3926256e-02   2.6503365e-01  -1.4373673e-01   1.7008608e-01   1.5105632e-01  -3.7631033e-01   1.7579113e-01   7.0908811e-03  -2.8091618e-02   1.4667840e-01  -5.2911056e-02   2.0040365e-01   6.7485513e-01   1.2911705e-01  -2.0627816e-01  -4.6848348e-01   4.5955037e-01   2.5545145e-01  -2.2172480e-01  -2.7748586e-01  -6.9694481e-05   3.6733728e-02  -1.9347549e-02   2.4540400e-02   8.7332103e-02   1.1851347e-01   2.0711105e-01   1.6466258e-02  -1.7289024e-01   2.2281072e-01  -2.4535009e-02   1.2583852e-01  -8.0322849e-02  -9.9054278e-02   3.0880961e-01  -3.8722668e-02  -2.7888576e-01   1.4329954e-01   2.7938903e-01  -2.0454755e-01   3.5063102e-02   8.1162440e-02   3.2027040e-01  -2.0738513e-02  -1.6601263e-01  -1.4418016e-01   1.4959620e-01   3.0007312e-01  -8.7823471e-02   9.9616321e-02  -7.2376257e-02   1.6502868e-01  -7.4596155e-02  -1.2355584e-01  -9.8271093e-02   1.3261094e-01  -4.3738708e-01  -2.8375025e-02   2.0673654e-02   2.1223259e-01   2.1492872e-01  -3.9669412e-01  -1.5305348e-01   5.0042556e-02  -2.5320605e-01   4.1431846e-01   6.4639631e-02   3.6885539e-01   1.0927993e-01   1.6190763e-01   4.2069391e-01   6.0910349e-03  -2.9376591e-01   2.7520472e-01   2.7747376e-02   4.8569151e-01  -2.1871913e-01   2.8217882e-01   1.4171528e-01   1.9632731e-01   1.3952755e-02  -3.7006421e-01   1.6995701e-01   2.2479474e-01  -2.4188921e-02   3.4898364e-02   1.3997273e-01  -2.1313489e-01   8.5908794e-02   4.9517902e-01   2.1129681e-01  -3.2413137e-02   3.9466644e-01  -1.0893649e-01   1.0491747e-01  -3.2153801e-01   2.1579659e-03   3.5774318e-01  -2.2094969e-01  -3.8045477e-03  -6.9574573e-02   1.7405854e-01  -2.8125699e-01   1.1620463e-01   2.9775207e-01   1.0251179e-01   1.4014287e-01  -2.4575085e-01   6.5869370e-01  -9.6103712e-02   1.9090033e-01   1.4459517e-01  -1.5820099e-01   3.2838597e-01   6.6564785e-01  -9.6588199e-02  -5.6532592e-02  -1.0357081e-02  -9.6046342e-02   4.3490925e-01  -3.6420623e-01   1.1832950e-01   2.3759815e-01   1.6441601e-01   4.5483449e-02   9.7226413e-02  -6.9528885e-02   5.2255561e-01   3.8272259e-02   2.9926855e-01   1.2841740e-01  -4.0448576e-02   4.4418178e-01   7.0552792e-02   1.4244225e-01  -2.2407785e-01  -1.2393785e-01  -2.5669539e-01   1.4499114e-01   6.4631675e-02   1.2447985e-01  -8.3508104e-02   3.2682773e-02
  -3.0135752e-01   6.7655469e-01   6.1299747e-01  -4.6594870e-01   5.4799211e-01  -3.1598633e-01   2.0537407e-01  -5.2881822e-01   2.4405394e-01   3.4930951e-01  -9.9545542e-02   0.0000000e+00   2.3187651e-01  -4.5203070e-01  -2.3060817e-01   4.7611033e-02   3.2921079e-01  -2.2045444e-01  -1.9165480e-01   5.9212335e-01  -5.6017558e-01  -5.0084207e-01  -2.4574000e-01  -4.6513942e-01  -2.1166071e-01  -7.5140213e-02   3.9493259e-01  -5.6948613e-01   2.4715071e-01  -3.7803557e-01  -4.9338964e-01  -5.9728557e-01  -5.0860584e-02   6.4846576e-01   3.2996173e-01   5.7781299e-01  -2.1004692e-02  -3.2366586e-01  -7.8350026e-02   6.4814457e-01  -2.9296680e-02   3.3154259e-01   8.3857410e-01  -6.0670613e-01   4.4573362e-01  -4.6184586e-01  -3.2790718e-01  -1.4013573e-01   5.7572897e-02   6.0647181e-01  -1.9999453e-02  -5.5971750e-01   6.7514873e-01   2.7664595e-01  -4.0541330e-01   4.6177792e-03  -8.4433112e-02  -3.1949608e-01  -3.2269677e-01   6.4773329e-01  -3.7822261e-01   1.8285592e-01   5.2447398e-01  -2.9548753e-01   3.8938923e-01   6.8619704e-01  -3.8490539e-01   2.1444496e-01  -5.1872237e-01   2.0354128e-01   5.6521253e-01  -2.3395089e-01  -4.8714314e-02  -1.7325166e-01   5.4032204e-02  -3.9726890e-01  -3.6585278e-01  -5.9851848e-01   8.3155959e-01  -2.9615513e-02  -5.4443276e-01   3.6250420e-01   2.5140938e-01  -2.2269549e-01  -4.3848939e-01  -6.1065452e-01  -4.3137847e-01  -4.3727998e-01   2.0254155e-01  -5.3492264e-01   5.8702383e-01   1.1155441e-01   7.8192166e-01   4.4592226e-01  -3.4945520e-01   5.9546357e-01   1.0535365e-01  -4.3295877e-01   1.0135422e-01   5.7352320e-02  -4.6898261e-01   4.7786245e-01  -6.8896404e-01  -3.4216568e-01  -5.1474609e-01  -2.8009635e-01   1.3722428e-01  -5.3216738e-01   2.2867000e-01   3.2631614e-02   6.6882329e-01  -6.5393467e-01  -8.1772901e-02  -4.0384602e-01  -3.9118536e-01   6.2320603e-01  -4.7422926e-01   3.2058722e-01  -5.0541324e-01  -3.7302963e-01  -5.1101835e-01   6.9181938e-01   3.4365879e-01  -1.6207661e-01  -5.7340052e-01  -4.6944757e-01   4.2153185e-01  -2.3794156e-02  -4.1265609e-01   4.6193141e-01   6.4422002e-02   4.2558609e-01  -3.0930880e-01   1.3000371e-01   6.0326386e-01  -4.1202535e-01   1.0193756e-01  -5.1315378e-01  -4.5563162e-01  -2.8765394e-01  -3.7133911e-01   2.5833205e-01  -3.5351249e-01   9.9343355e-02  -2.6577142e-02  -7.4321875e-01   7.0759686e-01   3.3360736e-01   5.8009424e-02  -1.9378739e-01  -1.2290136e-01  -6.2820358e-01  -3.1573665e-01   3.5402117e-01   7.1641992e-01  -3.9870824e-01  -4.0771158e-01  -2.1041928e-01  -1.8376896e-01  -6.7952290e-01   2.3041037e-01  -6.2244684e-01   5.2380738e-01  -6.9732425e-01  -1.1406249e-01   6.7099541e-01   5.2004445e-01  -4.6017538e-01  -4.9733682e-01   4.6892586e-01   6.6518570e-01  -3.7616327e-02  -1.0838800e-01  -4.7812999e-01  -2.6657834e-01   1.4619329e-01  -3.5578068e-01
  -1.4074549e-01   2.2328883e-01   2.3099901e-01   5.2407428e-02   3.7652972e-01   1.0027840e-01   1.8977054e-01  -2.4437833e-01  -1.3000543e-02   1.4870971e-01  -4.6790136e-02   2.3187651e-01   0.0000000e+00  -1.2583785e-01   1.0980151e-02   2.4630256e-01   1.6328720e-01   1.4604302e-01  -5.0927997e-02   3.0935311e-01  -1.3822778e-01  -8.9952002e-02  -3.1839105e-02  -1.9127447e-01  -3.4540149e-02  -7.3367390e-02   1.0123369e-01   3.3988625e-02   1.0467443e-01  -2.8689729e-01   1.3662671e-02  -1.2245006e-01   4.6089798e-02   1.2768054e-01   1.1689904e-01   2.0156081e-01  -9.2921468e-02  -2.4284138e-01   1.7837154e-01   2.8928506e-01   3.1860072e-01   3.5430944e-01   2.4057198e-01  -1.1963372e-01   1.7349300e-01  -2.2196098e-01  -1.3433266e-01  -5.5530333e-02   2.9223165e-01   2.0972849e-01   1.9461232e-01  -1.8921217e-01   2.2414436e-01   3.9553550e-01  -3.8315573e-02   2.1758426e-01   1.0146505e-01  -3.2714853e-02   7.1963359e-02   1.3771988e-01  -2.2091291e-01   2.3050294e-01   1.9312780e-01   1.0317017e-02   2.0032576e-01   2.0402931e-01   9.9170853e-02  -9.0069306e-02   6.1157624e-02   2.0121259e-01   1.9936315e-01   1.0762266e-01   2.1402274e-01   2.0533204e-01   1.1489132e-01  -9.3572210e-02  -2.3292321e-01   2.6431799e-02   1.5138319e-01   2.5847771e-01  -6.6502377e-03   2.5230994e-01   1.7421977e-01  -9.6591671e-02   1.0612716e-01  -1.3723282e-01  -2.1422447e-01  -1.9819244e-01   1.7632697e-01  -7.4630506e-02   1.3361900e-01  -2.1438566e-02   1.3491008e-01   1.1494771e-01  -2.1985507e-01   2.4387841e-01  -2.7155643e-02  -6.3957297e-02  -6.5636675e-03  -1.1825735e-01   5.4804853e-02   2.1910855e-01  -6.7032698e-02  -1.5564647e-01  -7.5342020e-02  -1.2584050e-01   2.1413293e-01  -1.3736626e-01   5.3424608e-02   1.3264936e-01   2.3224861e-01  -8.0870225e-02   1.0415538e-01  -1.7705847e-01   1.2242015e-01   2.0041543e-01   1.6544640e-01   4.7183440e-01   2.3686542e-02   8.2426975e-02  -1.1271563e-01   1.0324969e-01   1.2987106e-01  -5.4026103e-02  -1.2574288e-01   8.4104336e-03   9.9109287e-02   1.1035902e-01  -1.5737450e-01   2.2477593e-01   1.5855443e-01   1.3609708e-01   2.9639657e-02   2.4914609e-01   2.3977194e-01  -8.8610518e-02   3.1999808e-01  -3.4599022e-02  -1.8737653e-01  -2.2199975e-01  -1.4779838e-01   3.5244111e-01  -1.1089555e-01   1.9514490e-01   4.4486860e-02  -4.8926548e-02   3.0498248e-01   4.0211219e-02  -2.6196393e-02  -2.3019440e-02   2.6364255e-01  -2.1177920e-01   1.6567349e-01  -4.2936875e-02   2.5919945e-01  -2.2394558e-01  -9.3106194e-02   2.0883140e-01  -7.2202894e-02  -6.0604055e-02   1.6256702e-01  -2.2701072e-01   1.3308143e-01  -1.5553874e-01  -1.7171804e-02   1.0126153e-01  -2.7818336e-02   4.1577377e-02  -8.8249783e-02   1.1976504e-01   2.8973991e-02  -2.6375497e-01   2.0765809e-01   1.3998832e-02  -5.3294423e-02   4.4832932e-02  -7.9485749e-03
   7.4571712e-01  -6.4494701e-01  -2.5424916e-01   3.3938732e-01  -3.2958120e-01   4.1665649e-02   7.3336320e-02   3.1577276e-01  -2.2548527e-01  -2.7148143e-03  -5.8286629e-02  -4.5203070e-01  -1.2583785e-01   0.0000000e+00   1.7999248e-01  -2.2264976e-01  -1.6759489e-01   6.1868012e-02   1.8597435e-01  -2.5019444e-01   2.0401924e-01  -7.3044445e-02   8.2625093e-02   7.0747978e-01   2.2679028e-01   1.2189367e-01  -2.2510499e-01   4.4192525e-01  -1.0757145e-02  -2.0859407e-01   5.4296753e-01   1.5481667e-01   1.1931840e-01  -2.8933828e-01  -4.0758369e-01  -1.9876399e-01  -6.9969640e-02   1.5297626e-01  -2.2050742e-01  -4.0923502e-01   2.2182457e-03  -1.8976614e-01  -3.5186404e-01   2.2377028e-01  -1.8903326e-01   2.6818277e-01  -1.1902612e-02  -2.6959627e-02   3.3897486e-02  -2.8860867e-01   1.4140696e-01   3.0095678e-01  -5.6640005e-01   1.5206499e-02   7.0476718e-01   6.3420536e-03   1.5344794e-01  -1.0417056e-01   1.1697598e-02  -5.5711011e-01   1.2535598e-01   5.2364496e-02  -3.1421106e-01   2.9907064e-01  -3.8299236e-01  -2.3731370e-01  -8.0135897e-03  -1.8949569e-01   1.7175045e-01   1.0818795e-01  -5.0139572e-01   8.3705354e-02  -1.7238802e-01   1.0586437e-01   2.5292002e-02   1.7920527e-01   3.9986739e-02   1.9029068e-01  -5.1943742e-01  -9.2506540e-02   5.6486623e-01  -3.5699048e-01  -3.7166574e-01   1.8929647e-01   6.4318635e-01   4.0564452e-01   1.6094581e-01   5.1548666e-01  -1.9730740e-01   8.1573856e-01  -3.5010560e-01   2.8499537e-02  -3.0240983e-01  -2.9936882e-01   6.4576851e-02  -2.8163952e-01  -8.2630519e-02   1.3987142e-01  -9.4131148e-02   8.2898723e-02   7.9325494e-01  -2.4656715e-01   6.8468970e-01   1.1671078e-02   1.4913677e-02   3.5673351e-02   1.1164490e-01   8.2572932e-02   2.7611038e-02  -1.4721718e-01  -4.3930161e-01   8.6412732e-02  -3.1138691e-02   7.4219390e-01   5.0620274e-01  -4.6059397e-01   1.6499350e-01  -1.8383395e-01   4.4912702e-01   6.1531102e-02   4.7182951e-01  -3.5111809e-01  -1.7857529e-01  -1.0166609e-01   7.0866370e-01   4.0572203e-01  -1.5040246e-01  -6.7999695e-03   3.6889340e-02  -1.9288637e-01  -2.0106629e-01  -3.1620598e-01   4.2657528e-01  -2.8994731e-01  -4.0196448e-01   2.7556921e-01  -9.2785053e-02   5.7772902e-01   1.0300488e-01   3.6832072e-01   7.8420244e-01  -6.3555475e-02  -1.3504077e-03  -1.8097472e-01  -8.6812092e-02   4.4761055e-01  -2.0288661e-01  -3.3801728e-01  -1.2019007e-01  -2.4993580e-02   4.4738132e-01   6.4796149e-01   5.9814384e-01  -2.7456412e-01  -4.2748658e-01   6.3284904e-01   1.9714208e-01  -1.8552595e-02   1.4990321e-01   4.5686485e-01   2.7226533e-02   8.7028295e-02  -4.7395550e-01   2.2371007e-01  -5.3798934e-02  -2.8641167e-01  -2.0761727e-01   3.1429078e-01   6.2392433e-01  -4.3764548e-01  -4.5005528e-01  -1.6667870e-01  -8.4956589e-02   2.3552048e-02   6.1478829e-02   1.2245119e-02  -7.0242546e-03
