   0.0000000e+00  -1.9177200e-01  -1.2388742e-01   1.9678407e-01  -1.5819748e-01   2.1045872e-01   6.8692187e-03  -3.1792656e-02  -3.0892316e-02  -1.4159768e-01   1.9509105e-01  -5.2547038e-02   2.0138438e-02   2.4221914e-01   3.2340417e-01   2.6841414e-01  -2.0986658e-01   2.1797641e-01   9.3062060e-02   6.6082427e-02   1.4578204e-01   1.0894757e-01   1.4105470e-01   3.8305291e-01  -6.7018397e-02   2.7930174e-02   1.1469414e-01  -4.9002387e-02  -2.3397733e-02   7.2574791e-02  -1.2959816e-01  -4.9271716e-02   8.1177315e-02   1.2010367e-01   2.9484473e-01   1.4020543e-01  -2.7586784e-01   2.0926101e-01   1.2310217e-01  -1.8853801e-01   2.1804233e-01   2.5845249e-01   2.5012166e-02  -3.6755933e-02   1.2597010e-01   7.2936488e-03   2.1012644e-01  -1.2644378e-01  -1.5611055e-01  -2.6777190e-01   2.8514547e-01  -7.3534188e-02  -1.7322184e-01   1.1227469e-01   1.1519313e-01   2.2484883e-01   1.4868551e-01   1.4240495e-01   3.4427177e-01   2.7905924e-01  -9.3271404e-02   2.1819246e-01  -1.6778330e-01   1.8684015e-01  -6.8426498e-02   2.6009162e-01   3.0520732e-02   8.8555406e-02  -5.0008225e-02   6.7946898e-02  -3.1193300e-01   1.1955853e-01   1.4655930e-01   5.6346236e-01  -2.2259837e-02  -3.0954170e-02  -4.4101408e-02  -5.0234962e-02  -1.8556642e-01   2.1342644e-01  -3.4760833e-02   2.3296090e-01  -1.6949166e-01  -7.1006744e-02   1.9117553e-01   2.9278044e-01  -2.1676354e-01   4.6292791e-01  -5.0831120e-02   8.0604623e-01  -8.7704315e-02  -1.3755688e-02  -4.0433297e-02   3.9781917e-01  -2.7465629e-02  -1.8177683e-01   3.4921951e-01   1.9997326e-01   9.0775027e-02  -2.3213460e-01   3.4196982e-01   2.8259796e-01  -6.2980910e-02  -2.1178729e-01   3.5252762e-01   1.7981986e-01   1.4630296e-01   4.6074327e-03   1.1169601e-01  -1.3596816e-01  -1.3013818e-02   1.7552111e-01   2.5401751e-01   5.4814944e-01   3.0278774e-01  -2.1303506e-01  -1.4314070e-01   1.7367075e-01  -1.2158339e-01   2.4492035e-01   2.3146349e-01  -2.8189498e-02  -3.4330865e-02  -8.4602654e-02   2.5827916e-01   1.4621081e-01   2.5958268e-01  -5.9892345e-02   6.3931798e-02  -7.2785412e-02  -3.1713812e-02  -9.8453056e-03  -5.2683298e-02  -2.7691405e-01   2.0761467e-01  -1.0983365e-01   4.3345645e-02   8.1466889e-02   1.7711624e-02   1.2376304e-01   4.7471478e-01  -3.3864292e-01   1.1713691e-01  -9.7371346e-02   2.5565642e-01   2.0441781e-02  -4.6276102e-02   1.1489502e-01   1.5621981e-01  -2.3255726e-01   4.7236060e-01  -1.8992675e-01   4.8874605e-01   1.1457680e-01  -1.6700476e-01   2.4903108e-01   9.4950452e-02   3.4530190e-01  -8.9855998e-02  -5.8274389e-02  -1.0852168e-01   1.5010402e-01  -2.7332104e-01   1.6507123e-01  -3.4883038e-02   2.4109311e-02   1.2995734e-01  -1.2295556e-01   2.8621347e-01  -1.6625383e-01   9.2583528e-02  -2.1364536e-01   1.3777715e-01   1.3180989e-02   1.6663946e-01   3.1967297e-02   4.6282056e-02
  -1.9177200e-01   0.0000000e+00   6.5326289e-01  -2.1265618e-02   3.2407696e-01   1.6150455e-01   1.9799340e-01   2.8029477e-01   2.3101598e-01   5.6834564e-01  -5.1786345e-01   8.1486291e-01  -4.1969338e-02  -7.2572338e-02  -3.1122357e-01  -2.3692347e-01   7.0813255e-01  -5.3852635e-01   2.4163874e-01  -5.1488268e-02  -2.7678377e-01  -4.3311960e-01  -1.3836340e-01  -4.7235210e-01   8.1110315e-02   9.9361835e-02   1.3825191e-01  -1.4223480e-01   4.3859872e-02   2.8629594e-01   3.9798708e-01   8.9643216e-02   4.3191455e-01   3.7812377e-01  -3.7840786e-01  -1.8394116e-01   4.9104249e-02  -3.3709635e-01  -1.4470920e-01   7.9911318e-01  -7.5460764e-02   2.7868972e-01   3.7386874e-01  -3.0068090e-01  -3.4795077e-01  -4.3177738e-01  -4.9800652e-01   2.0635357e-01  -2.0087504e-01   6.0011962e-01  -5.3544777e-01   2.9465931e-01   8.4223276e-01   2.4754813e-01  -1.7301351e-01  -4.3244663e-01   1.3363098e-01  -1.4646504e-01  -9.9088042e-02   2.5484752e-01   2.7524689e-01  -2.8900296e-01   4.6165902e-01  -1.6030583e-01   2.8625237e-01  -2.0120153e-01   5.4852688e-01   1.1722678e-02  -3.7329776e-01  -3.0741908e-01   8.0099571e-01  -3.9156248e-01   1.8600650e-01   1.7194512e-01  -8.7940783e-02   3.0822243e-01  -7.4151980e-02  -6.4333231e-02   4.8017480e-01   2.1234201e-01  -4.1030667e-01  -6.1869294e-02   5.8955675e-01   1.5898712e-01   2.5077726e-01   2.8913654e-01   2.2035307e-02  -2.5845660e-01   4.1687382e-01  -2.8438793e-01   4.7398919e-01   4.1030351e-01   4.7532579e-01  -2.5120959e-01  -3.5663265e-01   2.1428457e-01  -3.3890707e-01   1.8795418e-01  -1.9964635e-01   5.4825990e-01  -2.4843029e-01  -1.6435828e-01  -3.6577957e-01   7.3668157e-01  -5.3373288e-01   5.7137783e-02   2.4410429e-01  -7.0037699e-02  -4.0343854e-01   2.8948225e-01   5.1189651e-01  -4.7776031e-01  -3.2355679e-01  -4.6457400e-01  -1.8887891e-01   6.7881853e-01   8.0716394e-02   1.4431199e-01   7.5247134e-02  -1.0295514e-01  -5.4665656e-01   2.3509725e-01   7.1729767e-02   5.6510037e-02  -2.3616726e-01   3.7799322e-01  -3.1452171e-01   2.2476036e-01   3.9688351e-02   3.2821669e-01  -3.6575135e-01   1.5072062e-01   6.6630469e-01   5.1775856e-01   1.6457585e-01   2.6882370e-01   2.4376397e-01  -1.2243204e-01   1.5579520e-01  -4.3396385e-01  -5.9075444e-01  -8.9156555e-02  -4.3673846e-01  -9.9097689e-02  -6.4184669e-02   2.6728371e-02   4.9647985e-01  -4.4505940e-01  -2.4506013e-01   3.9833764e-01  -1.9551964e-01  -1.5019567e-02  -9.1157212e-02   6.7936572e-02   7.8448502e-01  -4.5430596e-01  -2.8972180e-01  -3.9771625e-02   3.8688226e-01  -1.2083318e-01  -3.3487090e-01  -3.6348717e-01   2.9912691e-01  -3.4456022e-01   2.0239998e-01   4.7236974e-01  -6.8172824e-02  -2.2395113e-01  -6.5407908e-02   7.4679837e-01   1.6337191e-01  -4.0965952e-01  -2.1486434e-01   2.5260687e-01  -1.9609533e-02   7.4142178e-02  -1.1743117e-01
  -1.2388742e-01   6.5326289e-01   0.0000000e+00   1.0859785e-01   1.9451073e-01   2.0702525e-01   1.0540990e-01   2.6177605e-01  -1.0954733e-02   4.2545779e-01  -4.4758398e-01   7.2658081e-01  -1.4119534e-01   1.0643358e-01  -2.3243064e-01  -1.5722023e-01   8.8544830e-01  -5.0275597e-01   2.7074800e-01   5.1486629e-02  -2.8006789e-01  -1.9960965e-01  -1.7263853e-01  -5.1116505e-01   1.3394627e-01   2.0425465e-01   2.8507434e-01   1.2578178e-01   1.3672204e-01   8.0244286e-02   9.9090560e-02   4.4559079e-02   3.9418882e-01   1.3428495e-01  -2.5686302e-01  -2.2048387e-01   9.0756784e-02  -3.3415177e-01  -1.2119654e-01   7.5142908e-01  -2.0057415e-01   4.2948597e-01   3.1155136e-01  -1.7064312e-01  -3.7658667e-01  -1.6804872e-01  -3.9362226e-01   4.8382007e-02  -1.9246902e-01   6.5624206e-01  -4.3705131e-01   1.6064540e-01   5.6120157e-01   4.1508022e-01  -1.3422450e-01  -2.1942217e-01   1.4019054e-01  -4.2370418e-02  -1.0966314e-01   2.4475231e-01   5.9527856e-01  -4.5597230e-01   2.8792902e-01  -1.8623493e-01  -2.4189363e-02  -2.2688519e-01   2.5827230e-01   8.5914035e-02  -2.5276012e-01   3.6314267e-02   6.0232085e-01  -3.1967626e-01  -5.4765144e-03   3.9011432e-01  -1.4931910e-01   3.4085910e-01   2.9799977e-01   3.5934013e-02   2.4066737e-01   2.9410823e-01  -1.7602545e-01  -5.3342825e-02   3.3175420e-01   3.3380315e-01   4.9309573e-01   3.8575441e-01   3.9202247e-03  -1.3393902e-01   1.7817540e-01  -2.2850383e-01   2.8983007e-01   7.7497448e-01   3.9568969e-01  -9.6225023e-02  -1.5421141e-02   1.9905758e-01  -4.1009243e-01   1.1730201e-01  -1.6519008e-01   4.7975644e-01   1.2001801e-01  -1.0291872e-01  -1.6685252e-01   5.5735207e-01  -4.2250421e-01   1.9391977e-01   4.1680133e-01  -3.5009421e-02  -4.1077800e-01   1.9026157e-01   4.1141074e-01  -3.9801068e-01  -2.7978597e-01  -2.6800936e-01   1.2461546e-01   3.5517685e-01   6.8881377e-02   2.0863727e-02   2.0058720e-01  -7.1337839e-02  -3.8918682e-01   1.5304728e-01   2.3263987e-01  -9.6498579e-02  -8.7130874e-02   5.3294134e-01  -3.0725651e-01   2.5356044e-01   2.6018568e-01   5.3245858e-01  -2.9021109e-01  -1.7936633e-01   6.3266058e-01   3.1503170e-01   2.3106560e-01   3.6426639e-01   2.2409586e-01   1.9901633e-01   1.1016935e-01  -2.9821036e-01  -4.9660054e-01  -2.6173833e-01  -3.8521129e-01   2.0802169e-01   7.3878510e-02   5.8318687e-02   5.6214232e-01  -3.2741289e-01  -2.5814264e-01   1.2218579e-01   1.9567094e-02   4.1801682e-02   1.4235191e-01  -7.7215170e-02   7.6006685e-01  -5.6321179e-01  -2.7064228e-02  -1.5986667e-01   6.7475972e-01  -7.4574432e-02  -3.3072114e-01  -1.9078945e-01   7.9330934e-02  -2.5465209e-01   2.0725974e-01   3.8091421e-01  -1.1863662e-01  -1.6622600e-02   2.3689625e-01   5.9667738e-01   4.6617281e-02  -4.4118262e-01  -8.9875128e-02   4.2706792e-01   6.2933337e-02   1.9707330e-01   2.5758453e-02
   1.9678407e-01  -2.1265618e-02   1.0859785e-01   0.0000000e+00  -1.2975683e-02   1.4675515e-02  -9.2929131e-02   2.0531366e-01   2.2602715e-01   1.3699618e-02   2.9795406e-01   3.0582281e-02   4.9837000e-02   1.3921676e-01   1.8885835e-01   4.4999315e-04   2.6597080e-02   5.8348484e-02   1.0910252e-01  -6.7109628e-03   3.3070564e-02   3.0470880e-01   4.1499816e-02  -2.7707749e-01   1.9908721e-02   2.1505771e-01   9.9862662e-02  -1.8666761e-01   2.5222602e-02   2.4475493e-01   1.5925453e-01   3.3406219e-01   2.9346926e-01   1.1470078e-01   1.0767050e-01   1.4043559e-01   1.6273314e-01  -1.6459510e-01   7.1860815e-02  -9.1196298e-02   2.8100463e-01   3.3603181e-01   4.1401016e-02   1.2439130e-01   1.3914372e-01  -6.2153017e-02   3.0518130e-01   1.0408285e-01   2.0450457e-01  -1.9278734e-01   1.9197350e-01   1.5947689e-01  -9.5718679e-03   2.7560613e-01   9.4903936e-03   1.4015585e-01   9.6278251e-02   3.8734946e-01   5.2518891e-01   9.8231280e-02   1.8837896e-01   5.1237506e-02   5.6335840e-02   3.2751451e-01   2.8630672e-02   1.0875839e-02   7.3129179e-02  -1.1304048e-01   2.3199366e-01   1.2015233e-02  -7.7888218e-02   6.0892970e-02   2.0626327e-02   1.8452066e-01   2.3851845e-01   1.2939546e-01   5.8119058e-02   8.5701736e-02   9.3807862e-02   2.8090882e-01  -5.6471055e-02   2.3502667e-01   8.6577456e-02   1.5196120e-01   1.5671750e-02   2.7072922e-01  -7.7897325e-04  -6.4375855e-02  -6.2139421e-02   2.8302030e-01   1.6333504e-01   2.3125455e-01  -5.1557575e-02   2.5924981e-01   3.1551682e-02  -2.5849140e-02   3.0533556e-01   2.8952366e-01   5.4691988e-02   1.9863704e-02   7.1270064e-04   2.7115805e-01   5.3683873e-02   1.3693132e-01   3.2535352e-01   5.0685611e-01   1.6523249e-01   3.5800559e-01   9.3664911e-02  -1.5152311e-02  -7.7176036e-02   1.2214179e-01   1.5123885e-01   2.5985471e-01  -2.4906269e-02   1.0864507e-01   1.2019253e-01   2.9403611e-01  -1.6198609e-01   5.3308690e-01  -1.1071243e-01   2.3101985e-02  -9.9494643e-02   5.4240384e-02   1.7202773e-01  -3.5650223e-02   1.9321281e-01   8.1831921e-02   5.6754562e-01  -1.4811083e-01  -2.0194290e-01   2.7559862e-01   5.7391363e-02   2.0026021e-01   4.3773984e-01   1.7533219e-01   2.9346814e-01   5.7446723e-03   3.2831334e-01  -2.3168674e-01  -9.1274570e-02  -1.8863886e-01   2.4107430e-01  -1.3410399e-01   2.6505775e-01   2.0882324e-01  -8.5359349e-03   1.3454344e-01   6.9551087e-02   7.4980990e-02   2.2066374e-01   8.7998995e-02   2.7614806e-01   2.5028618e-01  -2.7140514e-02  -3.2395638e-01   6.6120528e-02   3.5674196e-01   2.9079824e-01   6.8280574e-03  -1.8417789e-01   3.2628885e-01   1.0807453e-01   2.6000216e-01   3.9688329e-01   4.9614529e-02   1.6445641e-01  -8.8228658e-02   2.1272407e-01   3.2267063e-02   1.4915666e-01  -4.2381011e-01  -3.7444239e-02   1.5812620e-01  -2.1076179e-02   2.0536642e-01   4.6053449e-01
  -1.5819748e-01   3.2407696e-01   1.9451073e-01  -1.2975683e-02   0.0000000e+00   2.8124292e-02  -2.7589675e-01   2.0989116e-01   2.7696580e-01   4.2208110e-01  -1.6689479e-02   2.6266740e-01   2.0106071e-01  -1.0893437e-01  -3.3989018e-01   6.5346855e-02   3.0262696e-01   2.4903873e-03   6.3828481e-02   6.4832171e-01  -3.1754791e-01  -1.7314224e-01  -3.4850868e-01  -3.4161152e-01   3.9400024e-02   4.5360147e-02   3.4134531e-01  -4.5614670e-01   3.0980167e-01   2.0951063e-01   5.1202702e-02   1.1876526e-01   1.9988105e-01   1.4742767e-01  -3.3810043e-01   4.3530904e-01   1.8035125e-01  -1.8136534e-01   1.7160644e-01   4.4071386e-01   1.8016583e-01  -1.0536956e-02   3.8574616e-01  -2.6912274e-01   2.2425186e-01  -1.4943006e-01   1.0769555e-01  -2.0618705e-01   2.5981378e-01   3.7955034e-01  -1.4175045e-01   5.3163003e-02   3.4945608e-01   1.8071354e-01  -2.2079556e-01  -5.5612394e-01  -1.1035006e-01  -5.6851325e-02   1.1252988e-02   1.3465459e-01   2.7720107e-01   9.2909191e-02   4.4290772e-01   1.3081603e-01   3.7109249e-01  -2.3373536e-02   9.1441955e-02   2.3714870e-01  -1.8702087e-01  -2.5266955e-01   1.1508541e-01  -1.6971933e-02   1.2462057e-01  -4.5763457e-02   1.1199272e-01   1.7462868e-01   2.4952821e-02   8.5160698e-02   7.6573289e-01   2.2509924e-01  -4.7465718e-01  -8.5042507e-02   8.8206081e-02   9.8166386e-02  -2.5856718e-02   5.5149723e-02  -7.0774335e-02  -2.3710093e-01   3.1026580e-01  -7.5984994e-02   6.9792194e-01   1.8794877e-01  -6.2963463e-03  -1.6089668e-02  -1.0559619e-01   7.9995763e-01  -1.4232860e-01   2.9797842e-02   3.6424994e-01   6.4548449e-02  -3.8151471e-01  -1.3624417e-01  -3.5030188e-01   3.7581369e-01  -2.1551999e-01   5.4676615e-02   4.5747362e-02  -4.6309788e-02  -7.9159292e-02   1.8156968e-01  -7.3430835e-02  -3.4482482e-01  -1.9048495e-01  -2.2650330e-01  -4.3341336e-01   5.7367338e-01  -1.0116527e-01   1.5963075e-01  -2.6221280e-01   1.2855340e-01  -3.6943054e-01   7.9645008e-01   3.4597163e-01   8.0963760e-02  -1.2218336e-01   1.6737834e-01   3.3472760e-02   7.5957508e-02   6.4008295e-02  -1.6853867e-01   1.6589107e-01   2.1512820e-01   3.1095929e-01   1.5138821e-01   3.3242011e-01   1.7225037e-01   5.0070686e-02  -2.7958359e-01   1.1823833e-01  -1.4325344e-01  -2.6635163e-01   2.6032244e-01  -2.7355170e-01  -4.1839138e-01  -2.0041302e-01  -2.6642025e-01  -9.6390957e-02   1.5275216e-01  -4.6576718e-02   6.8870854e-02  -2.1839637e-01  -2.1352694e-01  -2.7415292e-01   1.5791846e-01   3.3972349e-01  -2.1422968e-01  -1.8503254e-01   1.3953425e-01   2.1017792e-01  -2.0716479e-01   7.0290807e-02  -4.7450811e-02   3.3296587e-01  -2.3277491e-01   4.8119935e-02   6.2360480e-01   5.3011025e-02  -5.0071439e-02  -2.0910016e-02   4.7211674e-01   6.1471485e-01  -2.9712981e-01   3.5043363e-01   2.9012489e-02   1.1372269e-01  -7.3784932e-02   1.5179975e-01
   2.1045872e-01   1.6150455e-01   2.0702525e-01   1.4675515e-02   2.8124292e-02   0.0000000e+00   3.5548588e-01   3.2490016e-03  -1.9913293e-01   1.9248609e-01  -1.2807464e-01   2.7426815e-01   1.6051799e-02   1.2448306e-01   9.9977730e-02   1.7548962e-01   5.9180130e-02   7.0091872e-02   2.6881284e-01   1.3965537e-01   2.3589794e-01  -9.2585316e-02   2.5679480e-01   5.3114163e-02  -1.2665471e-01   2.0010916e-01   4.0420263e-01   2.7804503e-01  -2.1902088e-04   4.0507323e-02  -2.4377059e-01  -1.4093190e-01   2.3320069e-01   4.4154267e-01   3.0231605e-01   2.6722766e-01  -4.0936525e-02  -7.2713297e-02  -8.9943595e-02   1.8973204e-01  -2.4847680e-02   5.0001821e-02   1.6303259e-01  -1.2061285e-01   1.2280296e-01  -1.1632375e-01   8.2662086e-02  -1.1019234e-01  -1.8348036e-01  -1.3430182e-01   1.1091050e-01  -6.6720902e-02  -5.3369631e-02   8.4864139e-02  -3.9254196e-02   9.2145459e-02   4.4273070e-01   4.1630745e-02  -2.4447450e-02   5.5361558e-01  -7.7587480e-03   1.7308296e-01  -1.0204693e-01  -2.5857444e-01  -2.6170528e-01   3.7594321e-01   3.6382088e-01   5.4118811e-02  -8.6961259e-02  -1.2782918e-01  -1.2489133e-02  -1.5592757e-01   9.4086201e-02   2.2804572e-01  -1.2194828e-01  -1.1804672e-01  -9.4977796e-02  -1.3551407e-02  -1.0727885e-01  -5.8132887e-02   1.1349109e-01   6.7435650e-02  -6.5329227e-02   1.3822151e-01   2.5240506e-01   6.5290806e-02  -3.9734259e-02   7.9969784e-02  -6.1665405e-02   2.5593427e-02  -9.2806625e-02   6.3366988e-02   5.0526564e-01   2.5709561e-01  -2.1761155e-01  -1.2036610e-01   6.4827500e-02   2.3260005e-01  -1.0232854e-01   8.6361381e-02   1.0810328e-01   2.1955419e-01  -1.0691813e-01  -1.6860936e-02  -9.8087377e-02  -1.5454773e-01   1.4253412e-01  -1.0723823e-01   2.1162408e-01   4.6996104e-01   5.2208606e-01   2.1823797e-01   1.0603164e-01   9.9069081e-03   1.9088237e-01  -1.7224317e-01  -1.6887257e-01   7.3984793e-02   2.8775291e-01   9.8307852e-02  -8.5589086e-02  -7.1666229e-04   1.1519189e-02  -2.5806276e-01  -8.0659904e-02   3.9425666e-01   1.7678294e-01  -4.8593749e-02  -1.3894620e-01   1.5774995e-01  -2.2916197e-01  -5.1063033e-02  -5.2912380e-02  -2.1547573e-01  -5.2842235e-04   1.9290164e-02  -2.3271155e-03   7.4277548e-02  -1.3266986e-01  -7.6544448e-02  -2.6258611e-02  -2.7671261e-01  -8.6189384e-02   2.8047680e-01   5.1180717e-02  -3.1604064e-01   3.3024689e-01   1.7957881e-01   4.5715769e-01  -8.7941750e-02   1.0131617e-01  -1.2146375e-01   7.7961892e-02   3.9855664e-02   1.6427840e-01  -9.6254936e-02  -1.4109910e-01   1.1493918e-01   2.9378768e-03  -9.4638925e-02  -8.4202632e-02  -7.8403213e-02   9.7520848e-02  -6.4878792e-02   1.4081868e-02  -2.4341748e-02   2.0674555e-01   1.4440684e-01   7.8899931e-02  -4.7220251e-03   2.4217373e-01  -2.2598841e-01  -9.7559554e-03   4.7991016e-01   1.0887774e-02   6.6068532e-02  -1.4700391e-01
   6.8692187e-03   1.9799340e-01   1.0540990e-01  -9.2929131e-02  -2.7589675e-01   3.5548588e-01   0.0000000e+00  -4.7953106e-01  -2.9143586e-01   1.1549560e-01  -1.9627969e-01   3.2839172e-01  -3.8002981e-02  -1.0735749e-02   5.1223994e-01   1.3600216e-01  -5.1586566e-02  -1.0324198e-02  -1.2988805e-01  -1.3564222e-01   2.3915188e-01   4.8939570e-03   6.1231483e-01   5.9766018e-02  -7.6948226e-02  -1.1439609e-01  -2.4330634e-02   4.7567156e-01  -2.3856926e-01   2.7137624e-01   9.4903417e-02  -2.6824589e-01  -2.7739924e-02   5.7222569e-01   4.6578001e-01  -4.8280767e-02  -5.1900023e-02   7.8437868e-02  -3.3539660e-01   8.0113649e-03  -2.1808636e-01   8.2878171e-02  -3.5223138e-02  -2.1326267e-01  -7.0648240e-02  -3.5306563e-01  -2.1108563e-01   4.1594096e-01  -2.6471639e-01  -1.1836813e-01   2.3515198e-01  -3.5835110e-01   8.3026751e-02  -1.7620368e-02  -3.6174870e-02   2.8391915e-01   7.0917654e-02  -6.5600626e-02  -1.1845838e-01   4.2589597e-01  -2.8566710e-01   1.5384186e-01  -4.7265235e-01  -5.2034034e-01  -4.0180017e-01   2.2515011e-01   9.4969516e-02  -1.4739370e-01  -1.2624032e-01  -2.7965460e-01   2.6732223e-01  -1.4114116e-01   5.7545231e-02  -6.6230904e-02  -2.3805803e-01  -3.3366286e-01  -3.0749367e-01  -3.1131398e-01  -2.2784177e-01  -1.2147462e-01   3.1883425e-01   1.0836300e-01   2.1261369e-01  -1.5605243e-01   1.1113280e-01  -3.2321102e-01   1.1959965e-01   1.5157960e-01  -1.8727273e-01  -2.5334864e-01  -4.6767641e-01  -1.0547947e-01   7.2306169e-01   7.6448504e-02  -3.4482928e-01  -5.2270382e-01   2.7815877e-02  -1.0359838e-01  -1.4672584e-01   3.5095792e-01   9.4763943e-02  -2.1268729e-01   1.4221177e-01  -1.2514266e-01  -3.3253410e-02  -2.2510629e-01   1.7890584e-01  -3.5328400e-01   2.6984053e-01   3.6379708e-01   6.8198678e-01   5.1686860e-01   5.3204714e-02  -2.5035910e-01   2.3259518e-01  -2.3196889e-01  -2.5439345e-01   1.2875765e-01   4.2430899e-01   9.4186311e-02  -2.6113483e-01  -3.0085958e-01  -2.1431105e-01  -2.6370171e-01  -3.4843046e-01   1.4024654e-01   2.3555624e-01  -1.8807556e-01  -2.3008937e-01   2.3289223e-01  -2.1874783e-01   2.9348790e-01  -3.2097323e-01   1.3257049e-01  -1.1426741e-01  -3.2991096e-01   7.6700052e-02   8.6261878e-02  -4.4473766e-01  -1.7761326e-01  -2.2351115e-01  -2.8938251e-01  -5.3140288e-02   3.3773002e-01   5.0860114e-01   2.7414644e-02   5.9445466e-01  -2.6678980e-01   3.2333922e-01   1.2326940e-01  -1.3639726e-01   8.6387668e-02  -1.1406911e-01  -1.4555720e-01   8.3011664e-02   4.3385317e-02  -3.6176265e-01  -1.9282367e-02  -1.1251359e-01   1.3943645e-01  -1.5002208e-01  -3.4561105e-01   6.1925260e-02   3.4789513e-02  -8.0054355e-02  -1.8490283e-01   2.3110960e-01  -1.0945280e-02  -1.4069401e-01  -8.1360160e-02   1.4710393e-02  -6.0642957e-02  -3.2578181e-01  -5.4646069e-02  -2.5655867e-01   8.7013983e-02  -3.4992080e-01
  -3.1792656e-02   2.8029477e-01   2.6177605e-01   2.0531366e-01   2.0989116e-01   3.2490016e-03  -4.7953106e-01   0.0000000e+00   3.4789264e-01   2.5371325e-01  -2.9267697e-01   2.4459658e-01   7.0141050e-03  -1.9970508e-02  -4.4848853e-01  -2.4894354e-01   3.5410500e-01  -3.3843372e-01   4.1349900e-01   2.1779657e-02  -3.8800823e-01  -3.1255561e-01  -5.3898774e-01  -1.7474813e-01   1.5234302e-01   1.5568989e-01   4.9766127e-02  -2.6260749e-01   2.5000133e-01  -1.1308851e-01   2.6515259e-02   3.8364398e-01   2.6893909e-01  -6.4727417e-02  -4.4295279e-01  -1.2507809e-01   1.2111032e-01  -3.2939186e-01  -2.3230306e-02   3.6717457e-01   1.2236275e-01   2.8421785e-02   2.5414041e-01   1.2440307e-01  -1.0834819e-01   7.6849628e-02  -1.7369082e-01  -3.2513005e-01   1.5578337e-02   1.9395566e-01  -4.2242683e-01   6.7800965e-01   2.6709905e-01   1.4560061e-01  -1.4886936e-01  -3.0198450e-01   1.3419444e-01   6.9937551e-02   9.4973863e-02  -8.8536948e-02   2.9714341e-01  -3.0724715e-01   4.5757518e-01   3.4823387e-01   2.6543241e-01  -2.2244448e-01   4.2070573e-01  -1.0077128e-01  -1.5598140e-01   1.5125545e-01   1.1288455e-01  -2.8053129e-01   5.7265630e-03   2.8757260e-01   8.1882749e-02   5.3444850e-01   2.2238123e-01   3.2544607e-01   2.7353902e-01   2.3399110e-01  -4.2896955e-01   1.9930176e-02   8.1131259e-03   2.3722389e-01   7.3449957e-02   5.9130516e-01  -6.4411030e-02  -5.1376553e-02   2.0230390e-01   1.3318345e-01   4.5823123e-01   2.1801334e-01  -2.5414346e-01  -1.3309833e-01   1.4732428e-01   3.6335867e-01  -7.3764672e-02   4.5050503e-01   3.2853853e-02   1.6160390e-02  -2.3677036e-02   3.8698687e-01  -3.0207865e-01   4.1165111e-01  -1.6173887e-01   3.2610459e-01   3.5317354e-03   4.0925194e-01  -3.6430562e-01  -2.1353874e-01  -9.7869451e-02  -5.5374296e-01  -1.3003356e-01   1.3710363e-01  -6.8871086e-02   3.8086599e-01   2.3633116e-01   8.7437363e-02  -3.6759165e-01  -6.9217726e-02   1.2080267e-01   2.3232155e-01   6.5450377e-02   5.0213576e-02   2.0103474e-01   2.0849380e-01  -2.5603767e-01   2.5012820e-01   2.9221799e-01  -3.1189949e-02  -1.8188951e-01  -2.4263309e-01   5.1155648e-01   1.6980125e-02   1.7036322e-01   6.4635081e-01   5.3053294e-02  -1.8294693e-01   6.2592150e-01   2.1748971e-03  -3.0844767e-02   4.6694215e-02  -2.6953997e-01  -1.9952207e-01  -3.0325120e-01   4.4874737e-03  -1.0355240e-01  -4.8662559e-02  -4.2705883e-01   1.3109664e-02   1.7405113e-01  -1.1904319e-01   8.9147851e-02   3.6547047e-02   2.6862499e-01  -2.9075876e-01   2.1920168e-01   3.2787141e-02   1.8743309e-01  -1.8084113e-01  -2.0460969e-01  -2.3020482e-02  -4.9607244e-02  -2.2158116e-01   2.1415533e-01   3.6122997e-01  -2.0803063e-01  -6.0869477e-02   9.0896299e-02   2.9904046e-01   1.1809080e-01  -1.9180380e-01  -8.3008514e-02   3.1523040e-01  -5.9991261e-03  -4.0026346e-03   2.9373675e-01
  -3.0892316e-02   2.3101598e-01  -1.0954733e-02   2.2602715e-01   2.7696580e-01  -1.9913293e-01  -2.9143586e-01   3.4789264e-01   0.0000000e+00   1.4237567e-02   2.3858656e-02   7.7962928e-02   3.2997171e-02   1.3404816e-01  -1.9306528e-01  -1.3587102e-01   5.4670750e-02  -5.6350228e-02  -2.0834577e-02   7.1855415e-02  -2.0850366e-01  -6.5485437e-02  -3.2215861e-01  -1.6250979e-01   4.4667840e-02   2.4450646e-02   3.8449897e-02  -3.0953759e-01   2.0811506e-01   3.0792495e-01   3.2653724e-01   1.1923082e-01   2.2259337e-01   3.1286678e-02  -2.1728175e-01   5.0706824e-03   2.9332466e-02  -2.7811231e-01   9.2731901e-02   1.2346883e-01   3.4056186e-01   4.5436148e-02   4.1053019e-01   5.0260825e-02   8.3235117e-02  -1.0985900e-01   3.5093227e-02   1.9644266e-01   2.4248008e-01  -8.8262410e-02  -1.4167679e-01   2.9140600e-01   2.9603370e-01   7.8034032e-02   1.2052857e-02  -2.3488152e-01  -8.3031657e-02   5.1751457e-02   2.5745011e-01   1.2290249e-01   4.2543995e-02   1.0980431e-02   5.4934021e-01   5.5664931e-01   5.2851918e-01  -5.1500020e-02   1.5642082e-01  -1.8269347e-01  -1.1113411e-01  -9.3813262e-02   2.0748061e-01  -5.5761675e-02   1.2850406e-01   7.0244228e-02  -6.9380198e-03   1.9946412e-01  -9.9516938e-03   1.6990146e-01   3.7811449e-01   1.1178008e-01  -3.3419842e-01   2.1005674e-02   3.2438509e-01   2.7737564e-02  -3.3479406e-02   1.1895016e-01   2.3750525e-01  -1.0882492e-01   4.6757136e-01   8.3572993e-02   4.4175441e-01  -5.2194256e-02  -1.9654623e-01   2.6875186e-01   3.8758506e-03   2.3635702e-01   2.2209532e-01   1.1621012e-01   8.3786465e-02  -1.5181282e-01  -1.1925487e-01   1.8784878e-01  -1.0811934e-01   5.2892490e-01  -3.0225025e-02   9.2819683e-02  -4.0527260e-02   2.1094507e-01  -2.5742706e-01  -9.3455818e-02  -9.9985203e-02  -2.1700617e-01   5.6436038e-02  -1.0825543e-02  -1.9135000e-01   3.6957387e-01   1.1160054e-01   1.2707213e-01  -2.1624944e-01   3.6804972e-02  -2.2458140e-02   3.0160234e-01   1.3046253e-01   5.2913485e-01   1.5898310e-01  -5.6061643e-02   3.2938012e-02   2.5034583e-01   2.3801629e-01  -1.2039092e-01  -1.1381266e-01   1.9086004e-01   2.4453320e-01   1.7019735e-01   3.4412037e-01   2.1339532e-01   4.3293161e-02  -1.1294710e-01   2.8061260e-01  -2.5232006e-01  -8.8332341e-02   1.1677442e-01   3.9106050e-02  -2.0625042e-01  -1.7537378e-01   2.7451031e-03  -9.5832709e-02   7.1904942e-02  -1.2138418e-01   3.1693122e-02   6.8048787e-02   1.1065179e-02  -5.1646668e-02   3.6564319e-01   1.2410371e-01  -2.7027697e-01   1.6050047e-01   2.2640033e-01   2.3048278e-02  -6.5295783e-02  -6.5589401e-03   2.3253411e-01  -1.1782550e-02  -3.9090316e-02   8.3881100e-02   1.5803407e-01  -1.6972071e-01  -3.0714343e-01  -2.1291142e-02   2.7692968e-01   2.1454525e-01  -2.5654151e-01   6.7270781e-02   5.8243292e-02   1.3362621e-01  -1.9617798e-01   1.2470506e-01
  -1.4159768e-01   5.6834564e-01   4.2545779e-01   1.3699618e-02   4.2208110e-01   1.9248609e-01   1.1549560e-01   2.5371325e-01   1.4237567e-02   0.0000000e+00  -3.0294801e-01   5.6177194e-01   1.1765065e-01  -1.5791819e-01  -2.8235709e-01  -5.4822965e-02   4.9094101e-01  -3.1510346e-01   2.5965656e-01   1.4856286e-01  -2.7219951e-01  -3.7498696e-01  -2.6200382e-02  -3.0153051e-01   1.6128739e-01  -1.1756666e-02   3.6777419e-02  -3.7029119e-02   2.0203564e-02   7.3001044e-03   6.4759319e-02   7.1234155e-02   3.2438025e-01   3.2660273e-01  -3.2678274e-01   2.8606845e-02   3.4819890e-01  -2.4013993e-01  -2.1924681e-01   5.2299584e-01  -1.3651364e-01  -2.8116843e-02   3.3338224e-01  -3.4205213e-01  -2.1631386e-01  -3.6914434e-01  -2.4796459e-01  -1.0650110e-01  -7.2438598e-02   4.5293051e-01  -3.8006594e-01   2.1628553e-01   4.8354425e-01   1.0093447e-01  -2.5451161e-01  -4.3618196e-01   1.4570006e-01  -1.9674038e-01  -1.6372222e-01   1.3887983e-01   2.2139022e-01  -1.3959168e-01   1.9119880e-01  -1.6369320e-01   7.0960470e-02  -1.4871073e-02   3.6108739e-01   3.9041577e-02  -4.3844412e-01  -2.4060971e-01   4.0249371e-01  -3.4746250e-01   2.2929422e-01   1.1090661e-01  -1.2082283e-02   2.6270144e-01  -1.1730498e-01  -1.4153677e-01   4.1886097e-01   1.5665309e-01  -3.3549002e-01   7.1508363e-02   1.6613862e-01  -3.5385727e-02   1.2227968e-01   2.0247863e-01  -3.1904397e-01  -1.7367328e-01   1.6491343e-01  -1.2082887e-01   4.2636654e-01   2.9966520e-01   3.9199329e-01  -2.6517625e-01  -2.1393639e-01   3.7820609e-01  -2.8915321e-01   2.1432874e-01   5.9246794e-02   5.6319978e-01  -2.8729901e-01  -1.9602028e-01  -4.9058521e-01   3.4342699e-01  -4.2146180e-01  -4.3595954e-02   1.0670448e-01  -1.2355251e-01  -1.9014024e-01   1.9344455e-01   3.2828515e-01  -4.2066438e-01  -3.0820102e-01  -2.2166303e-01  -7.1077259e-02   4.7928544e-01  -8.6231138e-02   2.9441007e-01  -6.8831825e-02  -8.5558917e-02  -4.5567656e-01   3.2514333e-01   2.6323198e-01  -1.3359498e-01  -2.9139854e-01   2.5735455e-01  -2.5542821e-01  -5.6839899e-02   4.0631979e-03   4.3430460e-02  -1.4549091e-01   9.8645261e-02   3.6862420e-01   2.5273424e-01   1.0937294e-01   2.0272280e-01   3.2085905e-02  -1.8361233e-01   1.6012793e-01  -1.4244432e-01  -3.5043258e-01  -3.2583469e-02  -4.5031537e-01  -1.1352721e-01  -6.7315885e-02  -1.5053814e-01   3.1719411e-01  -2.0558589e-01  -1.5872907e-01   2.4824175e-01  -2.4124526e-01  -2.3372627e-01  -1.9032174e-01  -4.2334982e-02   6.0855170e-01  -2.2265749e-01  -2.9260770e-01  -1.5588404e-01   2.9113308e-01  -2.0282144e-01  -3.0239557e-02  -3.7213508e-01   4.4925122e-01  -4.0469073e-01   8.0008665e-02   4.7420997e-01   1.4719683e-01  -1.3027891e-01  -1.3846513e-01   4.7245118e-01   2.7244865e-01  -2.9836633e-01  -7.0566109e-02   3.2708608e-01  -1.0132717e-01  -2.4790486e-02  -1.0658527e-01
   1.9509105e-01  -5.1786345e-01  -4.4758398e-01   2.9795406e-01  -1.6689479e-02  -1.2807464e-01  -1.9627969e-01  -2.9267697e-01   2.3858656e-02  -3.0294801e-01   0.0000000e+00  -5.3411887e-01   3.2030812e-01   6.3524404e-03   4.0506061e-01   3.0868517e-01  -4.1944107e-01   5.7127492e-01  -3.0938448e-01   1.3020186e-01   4.5645731e-01   4.2768702e-01   2.7108273e-01  -1.7246040e-02  -1.8132328e-01   1.1751536e-01  -1.1433829e-02  -1.0851083e-01   4.6651508e-03   9.6374672e-02  -7.2981310e-03   8.7286695e-02  -1.2429570e-01  -2.4322373e-01   3.1964274e-01   3.6753497e-01   5.0600598e-02   7.1243323e-02   3.6047618e-01  -5.7598080e-01   2.7821227e-01   3.2578402e-02  -2.5185559e-01   3.9015674e-01   4.1096381e-01   1.9692255e-01   7.6948301e-01   3.3319382e-02   2.3474737e-01  -4.7956763e-01   6.4675247e-01  -1.9688530e-01  -4.5764032e-01  -9.3519331e-02   1.2161542e-01   3.5882670e-01  -2.7468304e-01   4.5975279e-01   4.0635423e-01  -1.0350796e-01  -3.6737762e-02   4.0210278e-01  -2.7470772e-01   3.3953762e-01   2.2415321e-02   3.3284675e-01  -3.2629021e-01   1.6396628e-01   6.2170682e-01   4.7169329e-02  -4.4917036e-01   5.9074958e-01  -2.6683394e-02  -1.7385585e-01   1.3745942e-01  -1.6197274e-01   3.2515359e-02   7.4175218e-02  -1.8794638e-01  -1.8613869e-02   2.9449669e-01   8.7132506e-02  -1.1303617e-01  -2.2984625e-02  -2.4012752e-01  -1.8122345e-01  -4.5142047e-04  -1.7477411e-01  -2.2643716e-01   2.2484893e-01  -1.6583252e-01  -1.0648605e-01  -2.9180696e-01   3.0970416e-01   1.1582800e-01  -7.1998432e-02   3.8616016e-01  -2.0911627e-01   2.7303893e-01  -3.4719314e-01   1.8862164e-02   1.8689360e-01   2.6194111e-01  -3.7449747e-01   6.5975679e-01   1.1587902e-01  -1.5361736e-01   1.6977954e-01   3.9178092e-01   7.0676439e-04  -2.8892618e-01   4.4505148e-01   2.5467803e-01   2.8536101e-01  -3.0795499e-02  -3.1577901e-01   1.5045328e-01   8.7631904e-03  -3.6550298e-03   4.0978401e-01   7.9625759e-02  -6.7197290e-02   2.9069919e-02   3.2068297e-03   2.6542315e-01  -3.9224246e-01   4.0868382e-01  -1.3756284e-01   8.0497055e-02  -3.1862075e-01   1.6857400e-01   3.0548582e-01  -3.4054010e-01   4.0194147e-02   2.2834986e-01  -5.4360926e-02  -1.2648532e-03   6.9103123e-02   9.5402404e-02  -2.1941484e-02   1.2542030e-01  -1.4489002e-02   6.6691071e-01  -9.4087308e-02   1.5697228e-01   1.9781177e-01  -3.8704140e-01   4.9692242e-01   4.0269316e-01  -2.8009397e-02   1.1582346e-01   1.2786166e-01   5.3120588e-02   3.6541210e-01  -5.1071960e-01   2.0681510e-02   1.4410137e-01   3.0930741e-01  -4.2234590e-02   1.7021845e-01   1.7694555e-01   5.8817182e-01   1.4447105e-01   4.4356238e-01   1.3907471e-01  -3.7763808e-01   2.8648536e-01   5.9165041e-02   1.0241583e-01  -2.6739959e-01  -7.1290639e-02  -1.6488448e-01   4.1590853e-01  -2.2573285e-01   1.1872929e-01  -7.5809382e-02   2.5653866e-01
  -5.2547038e-02   8.1486291e-01   7.2658081e-01   3.0582281e-02   2.6266740e-01   2.7426815e-01   3.2839172e-01   2.4459658e-01   7.7962928e-02   5.6177194e-01  -5.3411887e-01   0.0000000e+00  -1.0042123e-01   4.0166855e-02  -9.7494445e-02  -6.9100581e-02   6.7486727e-01  -4.7915519e-01   2.3702598e-01   4.0270726e-02  -2.6575912e-01  -3.3312667e-01  -1.0264000e-01  -3.7464085e-01   7.0444803e-02   6.5594919e-02   1.4411450e-01   2.2179147e-02   7.4429601e-02   2.7420774e-01   1.7454405e-01   3.5734067e-02   4.6940633e-01   4.8081319e-01  -2.0766218e-01  -1.7433830e-01  -1.0825252e-02  -3.3174426e-01  -2.0600374e-01   7.2618338e-01  -1.5161135e-01   3.5603914e-01   3.8575654e-01  -2.9913882e-01  -2.8026097e-01  -5.1823578e-01  -4.2708494e-01   1.1668007e-01  -2.8214971e-01   5.6716089e-01  -4.1683982e-01   1.9273603e-01   7.1722504e-01   3.3509885e-01  -1.6982547e-01  -2.9062654e-01   1.3785082e-01  -1.0854453e-01  -7.3219467e-02   5.0597782e-01   2.3625393e-01  -2.8252594e-01   2.8307895e-01  -2.6750840e-01   1.0231413e-02  -1.3548530e-01   4.7740538e-01   2.4321569e-03  -3.7897467e-01  -2.7679165e-01   6.7935416e-01  -4.6664983e-01   1.7497561e-01   3.9632254e-01  -1.2706772e-01   2.5246440e-01  -1.0438966e-01  -1.3863060e-01   3.6805286e-01   2.8024058e-01  -3.0225574e-01   4.1878603e-02   4.5421888e-01   1.6494831e-01   4.0584868e-01   3.4430978e-01  -3.2375150e-02  -3.0833059e-02   3.2107157e-01  -1.9962878e-01   3.5637768e-01   4.6486843e-01   6.2074554e-01  -4.5686191e-02  -3.4642837e-01   1.8292002e-01  -2.4702110e-01   1.7389153e-01  -1.7087127e-01   4.6225429e-01  -8.0825595e-02  -1.2673348e-01  -3.0518356e-01   6.3634636e-01  -4.5636296e-01   1.0393921e-01   4.0805705e-01  -1.3549734e-01  -3.0364987e-01   3.2020967e-01   6.2867427e-01  -3.2695251e-01  -3.0766583e-01  -3.6449907e-01   1.6028064e-02   4.3352845e-01  -1.1981495e-01   1.3458790e-01   1.8021363e-01  -6.9020670e-02  -5.1525956e-01   2.5942199e-01   1.8416555e-01  -8.9745884e-02  -2.8910099e-01   6.4668945e-01  -1.7276843e-01   1.9252724e-01   2.3626084e-03   3.4477152e-01  -3.3527227e-01   8.5309723e-03   5.4651272e-01   3.0159718e-01   1.4862025e-01   2.2463395e-01   2.7148029e-01  -3.6584745e-02   1.0987466e-01  -3.0729730e-01  -4.9036244e-01  -2.6284590e-01  -4.7464085e-01   7.2144377e-02   1.1243701e-01  -4.4283911e-03   6.7906800e-01  -3.8996648e-01  -1.9166211e-01   1.1730253e-01  -1.2256139e-01  -4.0529807e-02   1.9424927e-02  -7.8560459e-02   7.8761774e-01  -4.3337627e-01  -3.4017647e-01  -9.5900603e-02   3.8623882e-01  -1.2102104e-01  -3.3341614e-01  -3.2540789e-01   5.9821698e-02  -3.3784742e-01   2.1439323e-01   5.0434288e-01   3.7273974e-02  -1.4784108e-01   2.9237634e-04   6.3074102e-01   2.3618697e-01  -4.5737212e-01  -2.8334980e-01   3.3991718e-01  -5.4014935e-02   1.7684411e-01  -1.1843709e-01
   2.0138438e-02  -4.1969338e-02  -1.4119534e-01   4.9837000e-02   2.0106071e-01   1.6051799e-02  -3.8002981e-02   7.0141050e-03   3.2997171e-02   1.1765065e-01   3.2030812e-01  -1.0042123e-01   0.0000000e+00  -2.2287257e-01   1.0759388e-01   2.9009991e-01  -9.0409633e-02   2.8414184e-01  -1.6785629e-02   1.2342269e-01   8.5920879e-03  -4.3333784e-02   1.3427921e-01  -1.4666103e-01  -1.7451324e-01   2.2575631e-01   1.7924571e-01  -1.9875734e-01   5.9077526e-02   2.6489750e-02  -1.8231743e-02   7.5884918e-02   4.9155092e-02   9.4615762e-02   8.9991241e-02   2.3309413e-01  -1.3180529e-01   1.2058071e-01   3.0615178e-01  -1.1655200e-01   4.2378378e-01   4.1172234e-02  -8.1457383e-03   6.5529870e-02   3.6438933e-01  -5.9315601e-02   2.9715403e-01  -1.6962982e-01   2.3288994e-01  -1.1828554e-01   2.3792756e-01  -1.7591932e-02  -4.4512984e-02   2.6373832e-02  -1.2960394e-01  -2.5306653e-02  -9.5905782e-02   1.7087938e-01   2.0959287e-01  -2.2089754e-03   1.0546775e-01   2.9670942e-01  -1.1946984e-02   1.3122244e-01   2.2664651e-01   1.5917542e-01  -8.5106043e-02  -2.2698122e-02   2.0056308e-01  -1.6099010e-01  -1.3917257e-01   2.0161543e-01   2.2458261e-01  -1.9632206e-01   4.8649303e-02  -1.9726974e-01  -7.3489511e-02   1.6587013e-01   1.3740505e-01   1.6020393e-01  -6.4269883e-02   1.9085172e-01  -1.1862434e-02   5.9643136e-02  -1.7262433e-01  -2.0799351e-01  -1.1611743e-01  -2.5671098e-01  -7.9014114e-03   3.2631007e-02   8.0348446e-02  -1.5089673e-02  -3.0150627e-02   2.2876507e-02  -6.7247681e-03   1.3778987e-01   2.3896473e-01  -5.1069987e-02   4.0581313e-01  -2.6249465e-02  -3.4621857e-01   6.9820680e-02  -4.6836776e-02  -7.1057376e-02   1.4490050e-01   8.6712890e-02  -1.7471172e-01   9.8151059e-02   9.0084668e-02   5.8376131e-03   4.2689348e-02   9.0438564e-02   3.8598262e-02  -7.8104958e-02  -3.5074273e-01   5.1340435e-02   8.7761864e-02   4.2651888e-01  -2.1808085e-01   2.2405472e-01  -2.0390608e-01   2.1517381e-01   2.1228811e-01   4.4898938e-02  -2.1183134e-02  -8.8931923e-02   2.6030188e-01  -4.5816095e-02   1.0693148e-01  -3.1841359e-01   2.3467915e-01   2.2511115e-01  -5.0380498e-02   2.4534987e-02   8.0054951e-02   9.9135435e-02  -3.5991314e-02  -2.8021969e-01   4.4892196e-02  -2.7824562e-01  -1.8749678e-01   2.7871835e-01   2.1409636e-01  -2.7459387e-01   1.1146284e-01  -1.7593050e-01  -1.5304245e-01   2.2950772e-01   2.0364576e-01   1.5520067e-01  -2.0229977e-01   1.4398244e-02  -1.6236462e-01   2.1344262e-01  -1.7644615e-01  -2.1711041e-02  -7.6963263e-02   2.0005751e-01  -6.0348062e-02  -6.7721764e-04   1.2241699e-01   1.6826956e-01   1.8624704e-01   6.1468489e-02   8.8136940e-02   4.8522767e-02   1.7489179e-01  -8.2424408e-02  -1.0840480e-01   3.6995770e-02   2.5070136e-01  -1.7476502e-01   2.4154160e-01  -1.0954725e-01   2.0849839e-01  -9.3214338e-02  -1.0940762e-01
   2.4221914e-01  -7.2572338e-02   1.0643358e-01   1.3921676e-01  -1.0893437e-01   1.2448306e-01  -1.0735749e-02  -1.9970508e-02   1.3404816e-01  -1.5791819e-01   6.3524404e-03   4.0166855e-02  -2.2287257e-01   0.0000000e+00  -2.1235812e-02  -1.4201704e-01   9.3969575e-02  -1.3290305e-01   6.8953795e-02  -1.3069453e-01  -8.5604693e-04   4.8561500e-01  -1.2859722e-01   1.1696848e-01   2.7820248e-03   1.5887647e-01  -2.2410583e-02   2.2770474e-01  -1.2371278e-01   2.1030331e-01  -4.2413004e-02   5.2527057e-02   2.1458721e-01  -1.5051800e-01   2.4449500e-01  -7.0390020e-02  -1.8841699e-01  -6.5563385e-02  -3.1201446e-02  -4.5951278e-02  -1.6042110e-02   1.7769657e-01  -8.2776986e-02   1.7397724e-01  -1.8816221e-01  -1.6518124e-02  -6.2798667e-02   1.5944152e-01  -8.4722231e-02  -2.1293121e-02  -7.7245737e-02  -2.1222434e-02  -3.9479619e-02   1.8033205e-01   5.2356080e-01   2.1371845e-01   1.6354591e-01   1.6169447e-01   4.5879785e-03   7.2261035e-03   1.3582415e-01  -2.5265162e-01  -6.5375333e-03   6.3773447e-02  -2.4892977e-01  -2.0402629e-01  -5.7541400e-02  -5.7924608e-02   1.5484686e-01  -1.6975271e-02   1.1429419e-01  -3.5665720e-02  -5.9073347e-02   3.1624328e-01   5.2928792e-02   8.1922302e-02   2.3002575e-02   1.8337505e-01  -1.3899807e-01   9.0301651e-03   3.1888309e-01   6.9945075e-02   1.1845919e-01   2.3578495e-01   3.3578372e-01   1.9888961e-01   3.0571681e-01   3.9395791e-01   6.0815956e-02   1.7109753e-01  -8.9142658e-02   1.4042535e-01  -2.1543094e-02   8.6385340e-02   5.2104462e-02  -1.3692785e-01   1.5624271e-01   7.0577753e-02  -2.3995555e-01  -1.4793725e-01   4.2204952e-01   2.0994616e-01   4.6118806e-01   1.2033232e-01   1.9807776e-02   1.3338059e-01   2.7960754e-01   3.7444421e-02   1.7668828e-02   4.5914907e-02  -8.7020910e-02   1.9843384e-01   2.1561296e-01   2.5810741e-01   2.2793079e-01  -1.9515088e-01  -5.4671957e-02  -1.8329851e-01   3.6482342e-01   1.4056648e-01   1.1888915e-01  -9.9574213e-02  -1.1532101e-01  -1.5003353e-01   1.3338624e-01   2.3118789e-01  -6.9572284e-02   1.4185784e-01   1.6933690e-02   2.2621174e-01  -3.1225804e-01  -9.2134974e-02   2.0894580e-01  -1.0750859e-01  -3.0573121e-02   7.6784715e-02  -1.8714644e-02   5.3295684e-01   2.4972429e-02  -4.8894069e-02   1.4277779e-01  -3.7681591e-01  -1.3239357e-01   2.9738552e-01   9.6712836e-02   1.6288234e-01   1.6739163e-01  -6.1532094e-02  -1.1721172e-02  -2.1011302e-01   2.3612075e-01   3.3070824e-01   2.8350962e-01   1.5996492e-02   6.8519300e-02  -1.0680334e-01   1.8082105e-01   7.4427057e-03   1.8629910e-01   3.3987357e-01  -1.5074262e-01  -2.7331000e-02  -2.1339214e-01   6.1006544e-02   2.2042026e-01  -1.9498933e-01  -1.1793057e-01   1.6592813e-01   1.0042298e-01  -7.6691487e-02  -1.6577098e-01  -4.6479223e-02  -2.4009930e-01   3.2115351e-01   5.4791543e-02   1.1213444e-01   2.2906911e-01
