   0.0000000e+00  -3.5947326e-01  -9.1102890e-02   2.5762190e-01  -2.0022638e-01   1.4144489e-01  -3.7794198e-01   8.8864779e-02  -2.1113156e-01  -1.9609759e-01   1.1419969e-02  -3.1522767e-01  -6.3770007e-02   6.0398019e-01  -2.4315407e-01   1.0539865e-01  -1.1398249e-01   2.1089538e-01  -2.4014429e-02  -8.2957583e-02   1.9728904e-01   3.2362168e-01  -6.1510583e-02   2.7899234e-01   1.2269432e-02   1.5761519e-01  -2.7087889e-01   4.7129104e-01   7.4773131e-02   2.7430290e-01  -2.3947441e-02   2.3590131e-01   3.5324802e-01  -3.9299514e-01  -9.4153478e-02  -8.1380331e-02  -1.4094962e-01   3.3606764e-01   1.4771331e-01  -3.7278619e-01  -1.5769403e-01   1.1653264e-01  -3.1758419e-01   3.0636373e-01   1.9059856e-02   3.5345315e-01   1.3522552e-01  -7.3822648e-02  -6.8829917e-02  -3.5076562e-01   1.9505120e-01   1.4962119e-02  -2.8093007e-01   9.2010309e-02   3.5257734e-01   1.8584400e-01   2.6033418e-01   2.8191325e-01   1.3746233e-01   8.0835489e-02   1.6577615e-01  -1.5482270e-01  -2.6267292e-01  -2.0264694e-01   1.3234707e-01  -1.3929009e-01   1.0690645e-01  -1.0910731e-01   1.3558554e-01   2.0506344e-02  -2.5436789e-01  -8.6783129e-03   1.2871178e-01   6.6741616e-01  -4.2757222e-02   6.6441943e-02   3.8496892e-01  -1.7908619e-02  -7.3658700e-02   6.3604160e-03   4.5645091e-01   7.1819989e-02  -1.2612502e-01   8.8883359e-02  -6.8093737e-04   1.7938889e-01  -2.1654670e-01   5.2799232e-01  -1.5785613e-01   5.6441609e-01  -8.4240257e-02   2.8374937e-01  -3.2500363e-01   4.5640831e-03   5.2987000e-01  -2.0425436e-01  -2.9406606e-02  -1.2390826e-01  -1.4613754e-01  -1.9653624e-01   1.1612219e-01   2.2297249e-01   3.6237875e-01   1.3911811e-01   2.5289425e-01   1.5037699e-01   1.1305555e-01  -2.2177724e-02  -2.7912776e-01  -1.2851345e-01  -3.0621695e-01   2.7585966e-01   2.6228466e-02   7.5405027e-01   8.3985554e-02  -3.8494616e-01   8.9451821e-02   1.7958064e-01   4.6823054e-01   1.4891886e-01   4.4792062e-01  -8.1798309e-02   1.3971382e-03   4.0764636e-01   4.5411630e-01   4.7453754e-01   7.6075153e-02   2.2382314e-01   2.0148897e-01  -8.3877517e-02  -2.6569552e-02  -1.7655807e-01   3.7877928e-01   1.4655758e-01   4.2362481e-02  -7.8831191e-03  -1.8859964e-01   3.2961970e-01   4.3126003e-02   1.2693441e-01   2.6673227e-01  -1.4412466e-01   9.0337744e-03  -2.8151429e-02  -1.6439559e-01   4.1491595e-01  -4.5676270e-01  -1.0486718e-01  -1.0973736e-01  -3.5860829e-02   5.6412973e-01   2.4948090e-01   4.5184400e-01  -9.5722909e-02  -2.9762078e-01   2.3394022e-01   4.2364330e-01   9.5403102e-02   1.3415585e-01   2.1474074e-01  -9.1876075e-02   5.7756418e-02  -7.6010284e-02   2.1489262e-01   2.7185164e-01  -3.7847030e-01  -1.8585845e-01   9.2033787e-02   5.7281047e-01  -3.9370353e-01  -1.9006039e-01   3.9377619e-01   5.9342291e-02   2.0579113e-01   4.8571127e-02  -3.2252522e-01   2.8616673e-01
  -3.5947326e-01   0.0000000e+00   2.1793661e-01  -2.4990414e-01   3.6722827e-01  -3.8318180e-01   5.0539384e-01  -2.6415975e-01   6.4021277e-01   2.1146289e-01   8.8355559e-02   7.6175073e-01  -1.5624998e-01  -4.9462968e-01   4.9399079e-01  -2.3730325e-01   1.5091653e-01  -3.5038079e-01  -3.4436848e-01   1.8130945e-01  -1.7056574e-01  -6.2464936e-01   1.8793886e-01  -7.3761632e-02   8.9718232e-02  -5.2230752e-01   1.4998274e-01  -4.7679696e-01   1.2185161e-01  -1.5790180e-01   1.6458739e-01  -2.7919578e-01  -2.2910374e-01   4.1539890e-01   1.5275392e-01   1.2698625e-01   3.1255735e-01  -2.1180349e-02  -9.8018312e-02   2.6878672e-01  -3.8770441e-02  -1.9169246e-01   6.4601544e-01  -2.0537869e-01   9.9715707e-02  -2.4724467e-01  -1.6975841e-01   1.5936623e-01  -1.9055181e-01   3.5388489e-01  -3.8449120e-01  -3.1043867e-01   5.4834357e-01   3.7789552e-05  -2.3000178e-01  -2.4459431e-01  -4.5447746e-01  -5.6052366e-01  -2.9676091e-02   1.1198944e-01   1.6103296e-01  -8.7996446e-02   5.3186949e-01   2.4487330e-01   9.6323145e-02   1.0871760e-01  -3.1771947e-01   2.6305535e-01  -4.3257703e-01  -1.2751621e-01   4.9522942e-01  -1.8682025e-01   1.2528224e-01  -4.8903335e-01   2.2057363e-01  -2.1751098e-01  -1.0619169e-02  -2.5060337e-01   4.5332865e-01  -1.9296799e-01  -5.3138261e-01  -3.4127445e-02   2.0059967e-01  -2.4304883e-01   3.5690560e-01  -2.7857127e-01   3.9980838e-01  -4.8893826e-01   4.4128093e-01  -2.1683740e-01   3.5884515e-01  -6.5667706e-02   6.1260543e-01   1.0472772e-01  -9.1762061e-02   4.6410960e-01  -2.1290809e-02  -3.4953245e-01   1.0932080e-01   5.0420340e-01  -1.3742045e-02  -4.6283537e-01  -5.3995425e-01   9.0638778e-02  -3.3077416e-01  -2.4016051e-01  -4.2208241e-03  -3.0874476e-01   1.9894099e-01   1.1120217e-01   2.8094419e-01  -5.4065335e-01  -1.2964752e-01  -2.9381894e-01  -1.8313891e-01   6.2740197e-01  -4.1025969e-01   1.4356323e-01  -2.7879631e-01  -2.8246625e-01  -2.0040157e-01   4.1388819e-01   1.3842511e-01  -3.0863452e-01  -1.5802102e-01  -3.9321497e-01  -1.4464556e-01   3.5860960e-02  -4.2923955e-01   1.2779720e-01  -6.0421114e-02   7.6263789e-02   3.3672091e-01  -1.8618221e-02  -3.0172368e-01  -6.7736186e-02   9.8429038e-02  -3.1002635e-01  -1.5394879e-01  -1.1916303e-02  -1.0543019e-01  -2.0023753e-01  -2.5912648e-01   2.6647647e-02   4.5169290e-01  -3.4052835e-01   6.0734114e-01   4.5203035e-01   1.3147367e-01   3.0002784e-01  -3.1301214e-01  -2.7990320e-01  -2.2351710e-01   4.6561197e-01   5.8472883e-01  -5.9951866e-03  -2.0313217e-01  -6.6496514e-02   4.5349882e-02  -3.2235482e-01   6.7379866e-02  -6.3612002e-02   2.7588755e-01  -5.9729997e-02  -3.2706669e-01   2.7340269e-01   4.3498269e-01  -3.2627306e-01  -2.5652704e-01   4.9390262e-01   4.5112938e-01  -1.5512281e-01   5.3223486e-02  -3.3766076e-01  -6.8295635e-02  -9.3895830e-02  -4.3868652e-01
  -9.1102890e-02   2.1793661e-01   0.0000000e+00  -1.0105200e-01   1.8863387e-01   7.3161568e-02  -1.8571822e-02  -1.8594651e-01   7.1790860e-03   2.9558157e-01  -2.3250226e-01   4.2023051e-01  -9.6415866e-02  -3.6919067e-01   3.8068390e-02  -1.4921078e-01   8.5290826e-01  -7.2902628e-02  -1.5420823e-01   2.7358467e-01  -2.6205716e-01  -1.1852157e-02   2.1787699e-02   4.5277206e-03  -2.4839507e-02  -2.3221915e-02   3.4324050e-01  -6.5855515e-02   2.7041220e-01  -2.6967789e-01  -2.2962660e-01  -3.4421609e-02  -2.2458448e-01   2.4664290e-01  -5.6080847e-02   8.4914368e-02  -1.2523003e-01   2.4549164e-03  -2.5640988e-01   7.1164483e-01  -2.6435881e-01  -1.5332454e-01   2.1771138e-01  -1.7522410e-01  -7.1598244e-02   2.4851398e-01  -7.5375533e-02  -2.5879303e-01  -2.5643482e-01   7.5413163e-01  -8.7098571e-02   1.0583605e-02  -2.5366272e-01   3.5631363e-01  -3.9775721e-02  -1.3495545e-02  -2.6994667e-02  -1.5804401e-02  -7.7678938e-02   3.2128400e-02   6.4250418e-01   2.2092753e-01   3.0393913e-01  -1.3505627e-01  -4.2355540e-01  -6.6902774e-02  -6.1141223e-02  -4.7362475e-02  -1.4518395e-01   6.4533187e-01  -8.0676601e-02  -3.0001712e-02  -3.8237944e-01  -3.0942372e-02   1.2129314e-01   1.3747866e-01   9.4177525e-02  -1.0783924e-01   1.2013257e-01  -1.4385377e-01  -1.3792185e-01  -2.8086865e-01  -8.3732487e-03  -1.2306973e-01   3.0541387e-01  -9.1195360e-02  -2.2947700e-01  -1.2055165e-01   1.7695804e-01  -7.3741343e-02   4.2306836e-02   5.7857387e-01   3.1014269e-01   9.6741013e-02  -4.9578669e-02   2.5015007e-01  -7.3702988e-02  -1.6067151e-01  -4.6027705e-03   9.8330424e-02   8.2546014e-02  -1.0899434e-01  -1.5342746e-01  -7.8106488e-02  -1.7323239e-01   1.5788431e-01   2.1207614e-01  -1.2178896e-01   6.3707673e-02  -4.0373151e-02   3.0295257e-01  -1.1308343e-01  -8.2864934e-02   3.9544871e-03   3.9845976e-01   1.2637536e-01  -2.6333407e-01  -1.0227291e-01  -1.0410349e-01  -9.5583283e-03  -1.1343435e-01   6.8100894e-02  -2.0973570e-02  -2.8691041e-01  -1.0270033e-01  -1.9468419e-01   8.1400767e-02   1.4520569e-01   1.1378664e-01   5.6150416e-01  -5.3037881e-01  -2.1921016e-01   9.8482451e-02  -2.5028316e-01   1.1080798e-01  -5.6218873e-03   1.8097260e-01  -3.0830728e-01   1.7306914e-03  -1.6039818e-01  -7.3192681e-02  -1.2880817e-01  -3.8215527e-02   4.9173741e-01   8.2105659e-02  -3.9529403e-01   2.8173361e-01  -1.8081464e-01   9.9651130e-02  -1.0480029e-01   1.3225164e-01  -1.0719873e-01   1.5821448e-01  -1.9866000e-01   7.0655120e-01  -1.1308904e-01  -1.0621224e-01  -2.1606040e-01   5.1142351e-01  -1.3554063e-01  -1.5003876e-01  -2.4725929e-01  -6.2801091e-02  -1.3654003e-01   1.1283968e-01   1.1516326e-01   3.5921216e-02  -4.5553626e-02   2.6066932e-02  -3.6033081e-02   1.7164861e-01  -4.0589611e-02  -2.8282056e-01   1.4571489e-01   8.7919596e-02  -7.4550836e-02   9.3922859e-02
   2.5762190e-01  -2.4990414e-01  -1.0105200e-01   0.0000000e+00   7.5014114e-02   3.1211391e-01  -1.7365625e-01   1.0358927e-01  -2.3696824e-02   1.6230568e-01   7.8943631e-02  -7.8365925e-02   1.7064528e-01   1.5700831e-01   1.6063152e-01   1.3694736e-01  -8.0679268e-02   2.8933892e-01   1.1562952e-01   7.2126664e-02   1.7566312e-01   4.3154198e-01   1.4526919e-01   8.6092185e-02  -1.3635029e-01   1.4288507e-01   1.6871467e-01   5.6497247e-02   8.2740170e-02   2.3064677e-01  -1.0274093e-01   4.8856220e-01   2.7168634e-01  -1.7395749e-01   2.7788991e-01   7.4384370e-02  -2.9172249e-01   5.4845573e-02  -1.2732007e-01  -1.6144486e-01   2.0882431e-01   2.7444056e-01  -1.3133866e-01  -8.5459458e-02   8.4373613e-02   1.4991279e-01   2.6955610e-01  -2.1269868e-01   6.9359673e-02  -1.8209119e-01   5.8787911e-01   2.1995115e-01  -2.4742390e-01   2.2307195e-02   1.3351469e-01   5.2070357e-02   1.9164813e-01   4.4042567e-01   5.1129843e-01   2.0087393e-01  -4.1883445e-02   1.0179340e-01  -1.9657496e-01  -2.9578350e-01   3.0565743e-02   2.8993872e-01   2.8088662e-01  -3.2420354e-01   3.6809688e-01   3.4428276e-02  -2.4683438e-01   1.1028044e-01  -1.5092917e-01   3.4625161e-01  -1.9019871e-01   2.4851215e-01   2.3620907e-01   8.9490431e-02   9.6179866e-02  -6.4934708e-02   7.8379769e-02  -2.4504219e-01  -2.7780854e-01   2.2748394e-01  -2.2582559e-01   2.9754371e-01  -1.1568703e-01   3.2008063e-01  -2.2924397e-01   1.0733779e-01   9.3609365e-02   6.3027322e-02  -1.7017512e-01   2.8368738e-01   2.0694234e-01   1.6199222e-02  -5.1216508e-01   2.6884199e-01  -2.9501670e-01  -1.1836622e-01  -2.0529256e-01   2.6631900e-01   2.8671769e-01  -5.1295771e-02   3.4520088e-01   5.6590602e-01  -3.7067421e-03   3.6810244e-01  -2.1170410e-01  -7.2102331e-02  -1.7368638e-01   4.1081410e-01  -1.2697500e-01   2.5750366e-01   1.1217706e-02  -1.4803989e-01   5.2860383e-02   2.4947926e-01  -1.1482805e-01   7.5629325e-01   3.3461853e-01   1.4872660e-01  -4.2614201e-01   2.7651950e-01   1.4712182e-01   4.2611359e-01   4.9264887e-01   3.0800672e-02   5.6511040e-01  -2.7012610e-01  -2.9259062e-02   2.9452408e-02   1.1235978e-01  -7.9388777e-02   3.3210958e-01  -1.5929678e-03  -2.1933581e-02  -6.6739382e-03   2.2211967e-01   4.1464377e-02   1.5534279e-01  -4.1932752e-02   2.6511639e-01  -2.7051914e-01   1.0860937e-01   8.2097477e-02  -2.5623699e-01  -6.4636787e-02   1.3544817e-02  -2.4321750e-01   1.1917613e-01   4.6385229e-02   4.4775426e-01  -1.8727233e-01  -2.5813084e-01   3.7115544e-02   2.9664403e-01   6.1905676e-01  -5.0433952e-02   1.4550667e-01  -6.0172178e-01  -1.3829288e-01   1.6404139e-01   2.9975169e-01   4.3864327e-01   4.0625393e-02  -5.3755643e-02   6.1677620e-02   2.7696836e-01  -2.4720823e-01  -5.5859378e-03   3.2855264e-01  -2.4719465e-01   6.1670766e-04   7.1178048e-02  -2.1866697e-01   5.0013975e-01
  -2.0022638e-01   3.6722827e-01   1.8863387e-01   7.5014114e-02   0.0000000e+00  -1.6603378e-02   7.9982047e-02  -2.8026977e-01   4.0855851e-01   3.4341803e-01   1.9151184e-02   3.8107750e-01   1.9214067e-01  -3.3818039e-01   2.1546634e-01  -4.7150248e-02   1.6510442e-01   3.3780436e-01  -1.3367469e-01   8.1632863e-01   1.8426928e-01  -1.7552431e-01   4.7428385e-01  -3.2988291e-02  -7.1760596e-02  -2.7812914e-01   3.8174276e-01  -3.6336822e-01   3.1867303e-02  -6.1302900e-02  -1.2234995e-01   2.0500139e-01  -2.5901742e-01  -3.7918134e-02   1.9824284e-01   5.1703736e-01  -1.8056746e-02   2.8515414e-02   1.7492373e-02   2.8619177e-01   1.3266379e-01  -1.8844868e-01   4.2974110e-01  -2.1564423e-01   4.2579115e-01  -1.1587799e-01   2.5739957e-02  -7.1869920e-02  -9.5405814e-02   3.4308788e-01   2.3223828e-01  -2.9537141e-01  -7.0585946e-02   5.1711865e-02  -2.6836047e-01  -1.2364194e-01  -2.8135174e-01  -1.2366259e-01   1.4952344e-01   3.0764293e-01   2.3910621e-01   2.5992332e-02   3.3415668e-01  -2.3707464e-01   1.0597733e-01   5.3097307e-01   2.2459907e-02   1.8039113e-01  -1.4969564e-01   7.9630471e-02  -2.4182814e-02   3.1400283e-01  -2.0403518e-02  -2.5092187e-01  -4.6021234e-02  -1.5864208e-01   1.6470468e-02  -1.6135875e-01   6.2911132e-01   2.7965680e-02  -4.2776492e-01  -2.5942146e-01  -5.0682245e-02  -1.6770033e-01  -2.6540923e-02  -2.4886297e-01   2.1252089e-02  -1.8334655e-01   2.1055929e-01  -1.4088383e-01   4.7194467e-01   8.5365781e-02   2.5523186e-01   1.8892381e-01   1.8652774e-02   6.7698564e-01  -1.6577404e-02  -1.3238036e-01   3.2326465e-01   3.3725562e-01  -1.5694902e-01  -2.9917200e-01  -3.6893902e-01   2.9919219e-02  -4.8771069e-02   1.4873162e-01  -9.4380549e-02  -2.7056028e-03  -7.6745973e-02   2.6150317e-01  -1.0326854e-02  -1.6774769e-01  -6.8006966e-02  -1.5616368e-01  -9.8440386e-02   4.1349943e-01  -2.4800817e-01   2.7567641e-01  -3.0410485e-01   1.6678841e-01  -2.2801327e-02   6.5910428e-01   5.4118802e-02  -1.4545554e-01  -1.0340159e-01  -1.5894901e-01   1.6013235e-01  -8.4280048e-02   3.9352529e-02   8.7575242e-02  -1.4652772e-01   6.0014390e-02   1.4158266e-01  -1.2154479e-01   2.2985693e-01  -2.5999991e-01   9.3160804e-02  -3.2316008e-01  -2.1740366e-01  -1.7801471e-02  -1.1371610e-01   1.0369507e-01  -1.7802226e-02   1.4719579e-02   2.4883764e-01  -3.0549559e-01   1.1205307e-01   4.8472048e-01   4.0154943e-01   1.0965737e-01  -2.2323082e-01  -2.3635067e-01  -7.8669135e-02   8.4800586e-02   3.7484425e-01   5.5859999e-02  -1.9713275e-02   1.6673404e-01   1.6275133e-01  -3.6887282e-01  -4.3628165e-03  -2.7309175e-01   5.7349970e-01   3.0073670e-01   7.6882699e-03   1.6759943e-01   3.0956910e-01  -2.5385665e-01  -6.4327720e-02   1.0596462e-01   3.8688257e-01   1.0527730e-03   1.7798591e-01  -1.5156219e-01   1.0001865e-01   1.6583230e-01  -6.1154831e-02
   1.4144489e-01  -3.8318180e-01   7.3161568e-02   3.1211391e-01  -1.6603378e-02   0.0000000e+00  -5.0530467e-03   1.9975284e-01  -2.3658922e-01  -3.6277119e-02  -1.3960760e-01  -1.7693294e-01   3.4106070e-02   1.3529765e-01   2.5263126e-01   3.4439002e-01   7.5051035e-02   2.9907474e-01   4.0986667e-01  -4.9586681e-02   7.2820126e-02   6.2095240e-01   9.7136630e-02  -2.1077898e-01  -5.2374044e-02   6.5217355e-01   4.5450230e-01   1.0850823e-01  -8.0252114e-03   5.4153171e-01  -1.9057636e-01   2.2822767e-01   1.0112576e-01  -5.8855958e-02   2.4455129e-01   1.2590969e-01  -2.4992491e-01  -9.5636597e-02  -9.9667873e-02   3.1451690e-02  -1.1903384e-01   2.2155494e-01  -7.7517251e-02   8.7359975e-02   5.0863420e-02   2.8292180e-01   2.9887749e-01  -8.0705317e-02   4.2948577e-02  -2.7131727e-01   4.5407431e-01   3.2467996e-01  -4.1109797e-01  -1.6497959e-01   2.5189691e-02   3.6372783e-01   7.0266432e-01   5.4613404e-01   8.4776925e-02   3.2883957e-01  -3.8343296e-02   3.3762927e-02  -4.0319531e-01  -3.8762152e-01  -3.5213977e-01   3.5013715e-01   8.0707542e-01  -1.3197486e-01   7.3574692e-01   3.6296139e-01  -3.8684195e-01   3.3443271e-01  -1.8862323e-01   5.0987495e-01  -4.4479529e-01   2.0127794e-01   3.6243977e-02   3.1780926e-01  -2.4121509e-01   8.6289057e-02   2.6975474e-01  -1.3747456e-01  -2.5107293e-01   3.6816025e-01  -3.9496477e-01   1.8986038e-01  -5.0034342e-01   4.8801770e-02  -1.4339692e-01  -3.9167046e-02  -4.0317472e-01   1.3197010e-01  -2.8766204e-01   2.1708494e-01   7.9544522e-02  -1.9705830e-01  -1.6760642e-01   4.5318556e-01  -6.1138533e-02  -1.7902699e-01  -1.9075450e-01   4.5779881e-01   4.1256534e-01   1.7078359e-01   3.5549883e-01   3.4400887e-01  -1.8215831e-01   6.7576954e-01  -2.2097093e-01   2.2816197e-01  -4.1588614e-02   7.2008186e-01  -1.1039917e-02   8.3941376e-02   1.8628648e-02  -2.7282475e-01   3.7622788e-01  -1.5263126e-01   1.1446171e-01   4.2956368e-01   1.7707184e-02  -2.3772775e-01  -2.3666859e-01  -1.4428789e-01   1.3784930e-02   4.1800010e-01   6.0856911e-02  -2.9936477e-01   6.3011047e-01   1.3522499e-01  -1.6185753e-01  -2.2521936e-01  -3.0987646e-02  -1.7246647e-01   3.4533703e-01  -2.0571785e-01  -1.4607050e-01   9.5960328e-02   9.7191917e-02  -1.2618237e-01  -2.3380754e-01  -2.8273435e-02   6.5429800e-01   2.0583827e-01  -1.1478643e-01  -1.9528710e-02  -3.5720324e-01  -2.8794845e-01   3.2188369e-01  -2.2207218e-01   2.4930121e-01   1.5910813e-01   1.7344616e-01  -5.7104367e-01  -9.8848263e-02  -1.5792052e-01   1.0383452e-01   1.7123418e-01  -2.5240245e-01   1.2708708e-01  -2.3269491e-01  -1.5366986e-01  -3.0300521e-02   1.4725902e-01   6.0274066e-01  -1.4263918e-01  -2.3816007e-01   3.6946864e-01   1.2493707e-01  -3.8510026e-01  -2.5401785e-01   2.3787566e-02  -2.3731023e-01   6.6537227e-01   2.8834184e-01  -6.9727276e-02   6.1387418e-01
  -3.7794198e-01   5.0539384e-01  -1.8571822e-02  -1.7365625e-01   7.9982047e-02  -5.0530467e-03   0.0000000e+00  -3.1702722e-01   4.1241159e-01   1.1727737e-01   7.8451900e-02   4.2827196e-01  -9.1524167e-02  -1.1786634e-01   4.2199182e-01   8.2238259e-02  -2.2265746e-02  -2.7307743e-01  -3.9309924e-01  -8.4479717e-02   3.2923754e-03  -2.7893023e-01   3.0108005e-01  -1.8029427e-01   1.1729230e-01  -2.3354330e-01   1.1614126e-01  -2.8408210e-01  -7.1139316e-03  -3.2624575e-02   1.1422572e-01  -1.9074829e-01  -1.0038437e-01   4.4022489e-01   4.6997689e-01   2.3993089e-01   4.2870258e-01  -1.6875842e-01  -1.7760055e-02   1.7923752e-01  -3.6925823e-02  -1.5676982e-02   4.0079436e-01   2.8500199e-02  -6.8311561e-02  -1.0281328e-01  -2.7275803e-01   4.9716861e-01   3.6395627e-03  -7.0595212e-02  -2.2351352e-01  -1.1631634e-01   3.5861912e-01  -2.0298550e-01  -1.2903923e-01  -4.5791840e-02  -1.5832540e-01  -1.8186463e-01  -1.3384301e-01   2.1545110e-01  -1.7282154e-01  -9.6205834e-03   8.7558861e-02   2.0732002e-01  -4.5816023e-02   1.9722005e-01   2.0991810e-02   1.7232826e-01  -2.8115985e-01   1.6821257e-02   3.9314253e-01  -4.0820253e-02   1.6971745e-01  -3.2595772e-01  -1.8403458e-01  -3.8262602e-01  -2.0433014e-01  -2.2306751e-01   4.2107013e-02  -2.5035012e-01  -5.6418324e-02   2.7378601e-01   3.2145697e-01  -3.2419396e-01   1.1570473e-01  -4.1436055e-01   2.7871570e-01  -4.2092504e-01   1.7550623e-01  -4.3703494e-01  -1.4018398e-01  -3.1555032e-01   1.0437972e-01   2.5929253e-01  -2.0004045e-01   5.4893287e-03  -2.7773257e-02  -3.0815300e-01   9.0715050e-02   4.0054459e-01   1.0751928e-01  -6.8915311e-02  -1.9657990e-01   1.8304409e-01  -1.5418819e-01  -4.0501251e-02  -1.3253169e-01  -2.3817202e-01   8.3378450e-02   2.3805915e-01   4.1192708e-01  -1.1998814e-01  -1.2431555e-01  -4.0566978e-01  -7.4315515e-02   1.2459777e-01  -2.7328921e-01   3.7508142e-02  -2.8771046e-02  -1.4673562e-01  -3.5119852e-01  -5.6126531e-02   4.0507620e-04  -3.5300575e-01  -2.4160846e-01  -1.6256160e-01  -2.7340783e-01  -1.2821397e-01  -1.4882920e-01   2.8836193e-01  -4.0862891e-03   1.3583362e-01   1.2820915e-01   1.7083614e-01  -2.4644971e-01  -3.2969106e-01  -8.2615494e-02   9.5754717e-02  -2.6071410e-01   2.5778905e-02  -1.3407573e-01  -2.1231676e-01  -9.5488919e-02   2.8411857e-01   5.1670683e-01  -2.2156167e-01   3.7527056e-01   1.1391382e-01   1.8629963e-01   2.7541364e-01  -1.2505736e-01  -6.4344653e-02  -2.7568210e-01   1.2054206e-01   3.4692947e-01  -5.9987887e-02  -1.5544450e-01  -9.8907760e-02  -2.5090379e-01   1.8508812e-01   6.0489091e-02  -2.5157949e-01   2.6232895e-01  -2.9979841e-01  -1.8257255e-01  -1.6948760e-02   1.6496558e-01  -2.3610916e-01  -3.9363566e-01   2.6270008e-01   4.4365165e-02  -1.4886028e-01  -1.6692327e-01  -6.3270555e-02  -8.6162844e-02  -3.3695773e-02  -2.2101645e-01
   8.8864779e-02  -2.6415975e-01  -1.8594651e-01   1.0358927e-01  -2.8026977e-01   1.9975284e-01  -3.1702722e-01   0.0000000e+00  -5.6136990e-02  -3.9119019e-01   1.1126723e-01  -2.6406797e-01  -7.9953584e-02   1.0570474e-01  -2.6843468e-02   1.5177421e-01  -2.0092406e-01   6.4939916e-02   3.3787311e-01  -2.5349945e-01  -5.7884991e-02   2.0290626e-01  -1.7107122e-01   1.1945907e-01   2.0844189e-01   2.9474708e-01  -5.0759209e-02   1.0175555e-01  -8.3932218e-02   1.9681700e-01   1.0917284e-01   1.8227933e-01   2.1957436e-01  -2.7226938e-01  -2.1251429e-01  -1.6614564e-01  -5.4735106e-02   5.8660949e-02   2.0244480e-01  -2.6676941e-01   5.3603744e-02   9.2845063e-02  -1.7083739e-01   2.5443059e-01  -8.0251071e-03  -5.7343404e-02   2.3634094e-01  -1.0876268e-02  -1.6821883e-02  -2.2707383e-01   5.0274931e-02   4.8870295e-01  -9.7871953e-02  -1.6727247e-02  -1.5580738e-01   3.4037196e-01   1.4170942e-01   2.3512853e-01   1.5795254e-01   7.2587370e-03  -3.6928211e-02  -1.3680308e-01  -9.2004195e-02   1.2811979e-01  -2.0154324e-02  -2.2786208e-01   2.2373363e-01   1.2322144e-01   3.3120914e-01  -6.8404355e-02  -2.2359257e-01   3.5295288e-02   7.0647573e-02   3.3505765e-02   7.2721723e-02   4.2356596e-01   7.3989370e-02   3.7639445e-01  -2.0900764e-01   1.2862174e-01   1.7355386e-01  -7.8072869e-02  -5.8419584e-02   5.6664628e-01  -1.3036713e-01   4.2845880e-01  -1.0454920e-01   1.7586159e-01  -3.9342494e-02   1.1520745e-01  -1.4506103e-01   6.8438789e-02  -1.2923983e-01  -3.4708950e-02   8.2020566e-02  -1.5970654e-01  -4.5742170e-02   3.6626530e-01  -1.1336624e-02  -4.2245889e-01  -6.3518453e-02   4.0250572e-01   2.1599897e-01   1.7442946e-01   1.7928020e-01   1.1055027e-01   8.8008844e-02   4.5940031e-01  -4.8170002e-02  -1.0483467e-01  -2.5793449e-01   1.5254768e-01   3.2710471e-01   3.7398520e-02  -1.9042068e-01  -1.5565664e-01   5.3184994e-01   4.3933566e-02   1.3930171e-01   3.4482210e-02   2.6380568e-01  -1.9440040e-01   1.1879935e-01   1.1464079e-01   9.6177382e-02   7.2317017e-02  -3.0633928e-02   1.1042808e-01   1.5561052e-01  -1.5557953e-01   9.5495639e-02  -1.1768243e-01  -2.6318307e-02  -5.3596728e-02   1.2962615e-01   3.9337422e-01  -8.4266201e-02   4.3427977e-02   3.1461348e-01   9.7863610e-02   9.8241996e-02  -8.1960490e-02   3.4925550e-01  -2.2338594e-01  -2.2560565e-01   1.8946534e-01  -3.9927286e-01  -4.9003788e-02  -3.3319677e-02  -1.1346582e-01  -1.4559342e-02   3.3414474e-01   3.7890627e-02   1.0107301e-01  -2.0498819e-01   9.2249062e-02   1.8069582e-01   1.2869998e-01  -2.7155428e-02   4.7178481e-02   1.2182500e-02   3.5210614e-01  -3.9023051e-01   2.4057210e-01   2.4377705e-01  -1.2825002e-01   1.2095683e-02   2.1824288e-01   1.8005092e-01  -1.7165364e-01  -1.7315444e-01   1.6513146e-01   9.8210086e-02   5.4319975e-02  -3.6487610e-02   1.7450435e-02   2.4198735e-01
  -2.1113156e-01   6.4021277e-01   7.1790860e-03  -2.3696824e-02   4.0855851e-01  -2.3658922e-01   4.1241159e-01  -5.6136990e-02   0.0000000e+00   3.5619872e-02   3.5006712e-01   5.0139137e-01   2.6032585e-02  -1.8733316e-01   4.3754053e-01  -8.4055055e-03  -4.1218858e-02   8.9029954e-02  -2.4469565e-01   1.8936684e-01   8.5554380e-02  -3.3738303e-01   2.5892806e-01  -2.2096744e-04   1.3102909e-01  -4.8907196e-01   1.6182859e-01  -3.3659149e-01  -1.0296059e-02   1.3232335e-01   2.9830023e-01  -1.8315982e-01  -1.0079889e-01   5.7349056e-02   3.3585752e-01   3.3012300e-01   2.6193129e-01  -4.6221042e-02   1.0192176e-01   1.1543772e-01   1.9109390e-01  -1.4948120e-01   4.7858927e-01  -8.3619155e-02   2.3485942e-01  -7.9351662e-02   7.0721834e-02   3.4726280e-01  -1.2866330e-01   8.3605017e-02  -9.1445937e-02  -2.8911645e-01   2.9300922e-01  -1.7539013e-01  -2.1542484e-01  -1.9232300e-01  -2.9305564e-01  -3.4014109e-01   1.6684877e-01   2.9643394e-01  -9.6403710e-02  -7.0854068e-02   4.0130132e-01   2.2996872e-01   2.1068487e-01   1.9695154e-01  -1.2379272e-01   3.7669730e-01  -2.4176109e-01  -1.2810873e-02   2.1553948e-01   6.3312330e-02   2.6196987e-01  -4.3752865e-01   7.4024845e-02  -1.8953608e-01  -3.4662958e-02  -2.7441227e-01   2.8392812e-01  -4.8262836e-02  -3.6331478e-01   4.4858640e-02   1.3841179e-01  -1.5584786e-01   1.2850056e-02  -1.5853150e-01   4.8818920e-01  -2.8550664e-01   4.0186165e-01  -2.6350436e-01   1.7348183e-01  -1.6598363e-01   2.3129023e-01   4.2499214e-01  -6.0677819e-03   4.1850145e-01   3.4885660e-02  -2.7836375e-01   3.1495493e-01   3.0860480e-01  -4.0578926e-02  -1.5338205e-01  -4.0237074e-01   3.8195214e-01  -1.6523596e-01  -1.1972901e-01  -1.2814972e-01  -2.2742897e-01   4.3508007e-02   2.5683892e-01   1.4480962e-02  -3.0118285e-01   1.5230683e-01  -2.7884522e-01  -1.6844911e-01   2.5822550e-01  -2.5344812e-01   3.1554727e-01  -1.2695469e-01  -1.5756447e-01   1.2737463e-02   3.3318741e-01   1.6483268e-01  -1.5326431e-01  -4.8292389e-02  -2.1180348e-01  -9.5001264e-02  -7.0817284e-02  -1.8839285e-01   8.0683730e-02   7.8215771e-02   1.6451762e-01   2.0205625e-01   4.1823802e-02  -1.8145289e-01   2.2458847e-02  -1.2877124e-01  -1.3775277e-01  -7.7405974e-02   4.0916554e-02  -4.8846775e-02  -1.2623376e-01  -7.1324384e-02   4.0251396e-02   3.9274955e-01  -1.4126762e-01   1.5475830e-01   5.9103262e-01   1.7239505e-01   2.7787264e-01  -3.2353845e-01  -2.0843694e-01  -1.6886123e-01   5.1909245e-01   3.9470884e-01   2.0999166e-02   6.0518572e-02   1.2634740e-01  -8.4519019e-02  -2.6345108e-01   1.2174627e-01  -6.8405807e-04   3.4783059e-01   2.5269998e-01  -2.9739686e-01   6.5682398e-03   5.7215205e-01  -2.6680102e-01  -7.4972123e-02   1.4851975e-01   1.5067584e-01   2.1501377e-02   2.3526251e-01  -1.9584997e-01  -1.9214551e-02  -8.2523362e-02  -2.5928900e-01
  -1.9609759e-01   2.1146289e-01   2.9558157e-01   1.6230568e-01   3.4341803e-01  -3.6277119e-02   1.1727737e-01  -3.9119019e-01   3.5619872e-02   0.0000000e+00  -1.2304816e-01   2.4550979e-01   1.3832683e-01  -4.5521270e-01   1.5938915e-01  -3.2030858e-01   2.7063176e-01   7.1193261e-02  -2.0079188e-01   3.3708957e-01   8.2064945e-02  -8.5152396e-02   4.3504902e-01  -6.8718018e-02  -3.2658551e-01  -1.9248297e-01   4.4210647e-01  -2.9402170e-01   5.0681811e-02  -1.9724629e-01  -1.5176258e-01  -4.0832975e-02  -3.5433469e-01   5.3312864e-01   1.0922973e-01   2.3787632e-01   2.8137927e-02   7.6444420e-02  -4.7847974e-01   4.4267001e-01  -2.4202097e-02  -2.7166065e-01   7.1772350e-03  -3.2078407e-01   4.6157431e-02   7.6098570e-02  -3.6105663e-02  -2.0505804e-01  -2.4055416e-02   3.4648928e-01   1.7893397e-01  -2.2889204e-01  -3.6752048e-02  -4.4175272e-02  -1.4414286e-01  -1.5873656e-01  -1.1204098e-01  -7.8130328e-02   4.9063191e-02   4.1911233e-03   1.2179031e-01   3.0894981e-01  -2.1230034e-02  -1.5385496e-01  -1.3228513e-01   5.4670730e-01   2.9764771e-02  -1.4287318e-01  -1.1755545e-01   3.0922754e-01  -4.3706703e-02   3.0382250e-02  -2.6590028e-01  -1.3625898e-01   5.4634029e-02  -4.3676732e-02   3.3546519e-02  -2.5878417e-01   1.5597473e-01  -1.6935428e-01  -4.0451886e-01  -2.9234434e-01  -3.4531713e-02  -2.6015464e-01   3.1610582e-02  -1.9590300e-01  -1.8382755e-01  -2.9041039e-01   2.4959044e-02  -1.0216150e-01   1.3817441e-01   6.5556731e-02   1.6924288e-01   1.6499937e-01   3.2656549e-03   3.7611804e-01  -1.5839936e-01  -2.8762226e-02  -9.9190932e-02   5.2805145e-01  -1.4799843e-01  -2.4204953e-01  -2.8033421e-01  -2.0716092e-01  -1.4634363e-01  -2.6627901e-02  -1.2111123e-01  -2.1982286e-02   2.8999428e-01   1.6422917e-01   3.3503732e-01  -1.3939709e-01  -1.8908959e-01  -1.0300415e-01   2.2930960e-01   1.1457759e-01  -3.6593072e-01   4.9420597e-02  -3.8261897e-01   1.2582378e-01  -9.6618451e-02   1.9029724e-01  -2.4763576e-01  -7.8982895e-02  -3.2954884e-02  -1.5635210e-01   4.0022779e-01  -1.0240249e-01   7.1429435e-02   1.5778983e-01  -1.8257915e-01   7.7479753e-02  -9.4220446e-02  -2.1388632e-01  -1.1235125e-02  -1.5147026e-01   7.9463154e-02  -3.7549076e-01  -1.4576400e-01   8.7785194e-02  -5.8473061e-02  -1.0217045e-01  -4.9954473e-02   1.8340652e-01   2.7280468e-01  -3.5435980e-01   3.9901387e-01   5.0232403e-02   2.3537870e-01   1.9239811e-02  -9.1982640e-02  -3.2310489e-01  -6.0264170e-02  -7.8523984e-02   2.7694606e-01  -1.0935671e-02  -1.4404905e-01   1.3127963e-01   3.9546155e-02  -3.2353937e-01  -2.3052193e-01  -2.9528686e-01   5.8597259e-01  -1.2934087e-01  -9.1642957e-02   2.9399277e-01   1.4445537e-01  -2.5235084e-01  -2.1767591e-01   2.2565941e-01   1.8005518e-01  -5.0545429e-02  -1.1270532e-01  -2.9698741e-02   2.1862929e-01  -1.7165197e-01  -3.4858220e-02
   1.1419969e-02   8.8355559e-02  -2.3250226e-01   7.8943631e-02   1.9151184e-02  -1.3960760e-01   7.8451900e-02   1.1126723e-01   3.5006712e-01  -1.2304816e-01   0.0000000e+00   5.7814885e-02   4.4689345e-02  -7.8342121e-03   1.3556219e-01   9.6983728e-02  -1.9520187e-01   3.0791241e-01  -3.0780308e-03  -1.9557601e-01   2.9836849e-01  -1.1954673e-01   4.0349333e-01   2.2964170e-02   2.5009970e-03  -1.5696660e-01  -1.1696146e-01  -8.7566429e-02  -1.3976272e-01   2.0230905e-01   4.4227455e-01   7.6869925e-02  -1.0157282e-01  -1.2935727e-01  -1.3412110e-01   4.3695066e-01  -1.8694363e-02   4.7955686e-02   3.2678660e-01  -2.4415920e-01   2.3671399e-01  -3.1939745e-01  -5.3428524e-02   2.0182819e-01   3.2902288e-02  -1.4813341e-01   6.3437998e-01   1.5592443e-01  -2.4509336e-01  -2.3597163e-01   3.2136984e-01  -1.0431656e-01  -2.1851897e-03  -2.7369856e-01  -1.5027317e-01   9.8998600e-02  -8.7467439e-02  -1.1658030e-01   3.4267781e-01   7.6096488e-02  -2.2209507e-01  -3.3974136e-01   1.8019399e-02   3.7230132e-01   4.3369219e-02   9.5338210e-02   7.0707834e-02  -1.1525205e-01   1.6647955e-01  -1.7681097e-01  -1.6935244e-01   9.6507145e-02   4.3368887e-01  -1.7419758e-01   4.9097269e-03   1.3332405e-01   8.3712832e-02  -1.5455638e-01  -1.9731352e-02  -3.5781532e-01   2.4796852e-02   8.7158037e-02   1.8903541e-01  -1.1338917e-01  -1.4381636e-01   2.3639110e-01   8.6896888e-02   1.9381517e-02   3.8746017e-02  -3.4725156e-02  -7.4514580e-02  -2.6894578e-01   1.3889660e-02   2.0676071e-01   5.4595957e-02  -7.9284007e-03  -2.6093078e-01  -5.8674726e-02  -5.2922578e-02   1.1055400e-01  -2.1719946e-02   1.8116831e-01   7.6740761e-02   1.7455020e-01   3.5646174e-02   6.7995500e-02  -2.4815702e-01  -2.8646423e-02  -5.3612854e-02   3.4560894e-01  -8.0724185e-02  -3.6256110e-02  -7.9687527e-02  -7.4123941e-02  -9.8019369e-02  -2.5248008e-02   2.1030352e-02   3.7243164e-01   6.3010112e-02  -6.0251884e-02   3.5668597e-02   1.7030866e-01  -8.3628692e-02   3.5963643e-02  -5.0591901e-02  -1.4824576e-01  -1.1811346e-01  -2.1234127e-01  -1.2814130e-01  -2.5277909e-02   1.1491227e-01   5.2557555e-01   7.7309807e-03   1.3780717e-01  -1.8192370e-01   3.0029195e-01  -4.4351311e-01   1.2346811e-01   2.0116727e-01   1.3153931e-01  -9.5973241e-02  -4.0736369e-01   4.6620151e-02  -3.0013994e-02   8.3323404e-02   2.5745937e-01  -3.4308231e-01   5.5991161e-01   3.4706610e-01  -8.6953824e-02  -2.1660606e-01   2.3555912e-02  -2.6022703e-01   6.9761295e-01  -5.1733353e-03   1.5501143e-01   7.0508853e-02   4.1602524e-01  -2.5840909e-01   1.6251984e-01  -1.2041647e-01   5.4370459e-01   3.8915540e-02   4.8216691e-01   5.1834674e-03  -1.8073446e-01   5.9033233e-01  -5.3223244e-02  -1.8953924e-01  -1.7130077e-01  -1.1965182e-01   1.6016910e-01   4.5947842e-02  -1.2242281e-01  -9.1935878e-02  -2.8780583e-01  -8.6471169e-02
  -3.1522767e-01   7.6175073e-01   4.2023051e-01  -7.8365925e-02   3.8107750e-01  -1.7693294e-01   4.2827196e-01  -2.6406797e-01   5.0139137e-01   2.4550979e-01   5.7814885e-02   0.0000000e+00  -6.0021138e-02  -4.7556015e-01   5.7671879e-01  -1.7191277e-01   2.6472618e-01  -2.8702929e-01  -3.2150135e-01   2.7470281e-01  -3.1957863e-01  -4.0213084e-01   1.2147977e-01  -1.0013060e-01   9.6392531e-02  -3.9740411e-01   2.8566285e-01  -4.9128114e-01   1.7097663e-01  -1.7251941e-01  -3.1426493e-02  -1.5163883e-01  -2.7194549e-01   2.9465541e-01   3.3134264e-01   1.0819830e-01   2.1075120e-01  -4.8179850e-02  -2.0318382e-01   3.4785716e-01  -5.5945632e-02  -1.0611608e-01   7.7108708e-01  -2.8645660e-01   2.9948990e-01  -1.9322660e-01  -1.6289769e-01  -6.0766560e-02  -2.4218614e-01   4.7509763e-01  -2.7228232e-01  -3.8771306e-02   1.3026851e-01   1.7091692e-01  -1.8736396e-01  -1.5971806e-01  -3.7106774e-01  -2.8659368e-01  -6.7511678e-02   3.5863793e-01   2.2894323e-01   7.7186285e-02   5.9703574e-01  -1.0387156e-01  -5.8103083e-02   2.0339753e-01  -1.2964010e-01   1.9257471e-01  -3.1667713e-01   4.9189603e-02   2.0032263e-01   3.9104570e-02  -6.6736491e-02  -3.1204833e-01   1.0531869e-01  -3.7017356e-02  -2.4910131e-02  -2.2442358e-01   4.8387861e-01  -1.2138746e-01  -4.9374713e-01  -2.0845591e-02  -4.3779618e-04  -2.3916440e-01   2.6287097e-01  -1.1879542e-01   1.3672706e-01  -3.8575481e-01   4.6636936e-01  -2.5203279e-01   3.9595789e-01   1.0281668e-01   7.4540732e-01   3.0533616e-01  -1.5601702e-01   5.8207980e-01  -3.7393013e-02  -2.4836018e-01   1.6120100e-01   3.6791235e-01  -2.1672630e-01  -2.2311875e-01  -3.8646835e-01   1.1201846e-01  -2.1666016e-01  -9.4487720e-02   7.9465824e-02  -2.1769784e-01   1.7718034e-01   1.1918739e-01   2.4591544e-01  -3.1596714e-01  -7.4707592e-02  -2.9519030e-01  -1.1479799e-01   5.8263055e-01  -3.2954581e-01   1.5431670e-01  -3.5504789e-01  -8.2676171e-02  -2.1838957e-01   5.6426623e-01   1.3205065e-01  -4.2176997e-01  -1.8228792e-01  -1.1943222e-01  -4.7038573e-03   1.1841987e-01  -2.3738445e-01   1.3703206e-01  -1.8048303e-01  -1.0139291e-01   3.8815657e-01  -2.2840523e-01  -1.3030586e-01  -6.3532419e-02   2.0059148e-01  -3.9111715e-01   2.5554324e-02  -3.9540832e-02  -1.1489671e-01  -2.1089915e-01  -2.0658891e-01   5.6296877e-02   5.5118461e-01  -4.2288797e-01   5.4859909e-01   3.1519712e-01   2.2568196e-01   1.3831927e-02  -1.6503167e-01  -1.6665101e-01   5.4150857e-03   2.9003508e-01   6.6575693e-01  -2.3204799e-02  -2.4131297e-01  -2.3349633e-02   1.3579761e-01  -1.9747786e-01   5.2721209e-02  -2.2869652e-01   2.2193118e-01  -7.4262434e-02  -8.4002337e-02   3.4848419e-01   4.9284097e-01  -2.2931176e-01  -2.0726639e-01   2.4412034e-01   5.9389873e-01  -1.7037759e-01  -7.6000256e-03  -1.7559821e-01  -2.7463876e-02   1.2356446e-02  -2.0795830e-01
  -6.3770007e-02  -1.5624998e-01  -9.6415866e-02   1.7064528e-01   1.9214067e-01   3.4106070e-02  -9.1524167e-02  -7.9953584e-02   2.6032585e-02   1.3832683e-01   4.4689345e-02  -6.0021138e-02   0.0000000e+00  -1.2433445e-03  -9.0619973e-03   1.5547216e-02  -9.3812410e-02   4.2551507e-01   2.5256053e-01   2.0703867e-01   3.7217982e-02   1.1918688e-01   1.4397354e-01  -4.3840933e-02  -2.7602926e-01  -1.1234646e-02   6.7302419e-02  -8.4042666e-02  -1.5191377e-02   4.5279716e-02  -9.6093548e-02   1.5445138e-01  -3.1823065e-01  -2.1309754e-01   1.2053980e-02   6.0828401e-02  -1.6479789e-02  -1.6053729e-01   4.3821772e-02  -1.2546214e-01   4.4957223e-01  -1.1086731e-01  -6.1461132e-02  -2.0779890e-01   2.2994360e-01  -5.5994246e-02   1.4858284e-01  -1.9230410e-01  -5.3511042e-03   3.2657095e-02   2.8972917e-01   1.4438871e-02  -3.0714990e-01   5.6882718e-02   5.4769562e-02  -1.2912880e-01   6.1018863e-02   1.1056192e-01   2.0936505e-01   7.3882486e-02  -6.0813317e-02   2.3813383e-01  -1.2458560e-01  -2.0657795e-01  -2.7335407e-02   2.5509338e-01   3.7735667e-02  -2.1667006e-01   5.5267980e-02   3.4843733e-02  -2.9811528e-01   3.7350042e-01  -9.7940351e-03   1.5634905e-02  -8.1287714e-02   5.2787064e-02  -5.6846889e-02  -6.5042240e-02  -5.8311662e-03   5.7330248e-02  -9.2120186e-02  -3.4016690e-02  -2.5414922e-01  -3.3782815e-02  -2.1353379e-01   7.3865699e-02  -2.0886571e-01   5.8928681e-02  -1.4428497e-01  -2.4719113e-02  -2.4514032e-02  -1.1128732e-01  -7.4842405e-02  -4.1720249e-02  -1.3365285e-01   1.7391022e-01  -9.4288191e-02   2.3036117e-01  -2.5121158e-04   1.5338768e-01  -2.5810190e-01  -1.0238789e-01   2.6329023e-02  -3.8584544e-02   3.0752045e-03   1.1610929e-01  -5.5667398e-02   8.8952805e-02   1.3178214e-01  -4.1156807e-02  -2.5268763e-01   1.2056719e-01  -3.0138786e-02  -1.2610028e-01  -1.6956375e-01  -3.4198984e-02   7.8278583e-02   2.3632714e-01  -1.0760607e-01   1.7200072e-01  -3.2130007e-02   1.3916709e-01  -1.9344506e-01   4.8251609e-02  -3.9755879e-02  -4.2000842e-02   2.4076949e-01  -1.0734171e-01   1.1171019e-01  -1.7710658e-01   1.4844272e-01   1.3712115e-02  -1.5089075e-01  -2.1700522e-01   3.2601047e-01   5.9720563e-02   1.3609777e-01  -1.4370043e-01  -1.1633811e-02  -1.9667017e-02  -1.8620308e-02   2.3093864e-01   1.5663060e-02   2.2391313e-02  -4.5324699e-02  -1.7335916e-01  -1.6145345e-01  -6.7015280e-02   1.3637636e-01   2.1472345e-02  -1.2981881e-01  -1.3821676e-01  -4.8959967e-02  -9.0178100e-02  -1.2559740e-01  -6.5788383e-02  -5.8187669e-02   3.5223984e-01  -8.1771619e-03  -1.4121904e-01  -1.9566618e-01   6.5787980e-02   1.2528565e-01   2.9175162e-01   5.7307885e-02  -2.2250173e-02   1.8127993e-01   9.8589938e-02   4.4528643e-03  -1.8959714e-01  -1.0317161e-01  -1.6341544e-01   1.0426054e-01   8.2163779e-02   1.2911587e-01   2.6577562e-01  -3.2144797e-02
   6.0398019e-01  -4.9462968e-01  -3.6919067e-01   1.5700831e-01  -3.3818039e-01   1.3529765e-01  -1.1786634e-01   1.0570474e-01  -1.8733316e-01  -4.5521270e-01  -7.8342121e-03  -4.7556015e-01  -1.2433445e-03   0.0000000e+00  -3.0072202e-01   3.3747616e-01  -3.2446239e-01   2.0291582e-01   4.0478023e-02  -2.7726253e-01   2.7852513e-01   4.5041145e-01  -1.6780439e-01   2.2754065e-01   1.0973441e-01   2.8862849e-01  -3.8900802e-01   5.9045414e-01  -8.9006730e-02   3.4568712e-01   1.4002725e-01   1.8568545e-01   3.8229637e-01  -3.8363207e-01   1.2634430e-01  -3.1454561e-02  -3.3808643e-02   2.6595875e-02   4.2518746e-01  -4.4341204e-01  -3.6998777e-03   2.8846377e-01  -4.2712620e-01   4.6482395e-01  -8.7272858e-02   8.3263442e-02   4.4888814e-02   2.7749716e-01   1.0167297e-01  -5.8803800e-01   7.7101325e-02   2.7779510e-01  -2.2269874e-01  -5.5452362e-02   3.5893862e-01   2.9561709e-01   2.8956656e-01   3.8608753e-01   6.7303336e-02  -1.2366654e-02  -2.8091469e-01  -1.6795719e-01  -3.4003804e-01  -5.4966711e-02   1.2880463e-01  -2.3152802e-01   7.4750127e-02  -6.4960065e-02   1.1202346e-01  -1.7748757e-01  -1.2674087e-01   8.3127604e-02   3.0878794e-01   5.1930528e-01  -1.6319464e-01   1.9893502e-02   4.8892984e-02   1.4592160e-01  -2.8969616e-01   6.2641365e-02   6.6347522e-01   3.0481295e-01   6.5671040e-02   1.5545487e-01  -1.5559445e-01   1.3921852e-01   4.4313845e-02   4.9438251e-01  -1.4943357e-01   2.2245122e-01  -2.9475531e-01  -1.3377115e-01  -4.6231489e-01  -2.1691603e-02   1.9953098e-01  -3.6927275e-01   1.2435792e-01  -5.9644007e-02   2.4506815e-02  -4.6269750e-01   1.9586010e-01   4.1062706e-01   6.6316805e-01   2.6297857e-01   3.3720982e-01   1.8648663e-01  -4.6176191e-02  -9.9895510e-02  -3.5711155e-01   3.7087939e-02  -2.8796007e-01   4.2928455e-01   4.4355169e-02   3.0575885e-01   4.0035373e-02  -5.6111464e-01   2.2961280e-01   1.1050228e-01   6.3508911e-01   1.7213959e-01   2.2969829e-01  -3.2485791e-01   3.9428298e-02   3.7760572e-01   2.1625030e-01   5.4978639e-01  -2.1343264e-01   1.7532942e-01   2.0887127e-01  -1.1435935e-01   2.1814716e-01  -4.4505178e-02   1.6135704e-01   3.3822991e-01   2.4814412e-03  -4.7833733e-02  -1.2853223e-01   6.5113143e-01  -1.3218317e-02   2.9724153e-02   2.9128996e-01  -1.0739025e-02  -3.8233331e-02  -2.7141826e-02  -2.4179365e-01   6.2243163e-01  -5.3954608e-01  -2.2034776e-01  -1.1448537e-01  -2.4096310e-02   3.3662215e-01   5.3756968e-01   2.0839597e-01  -1.3003992e-01  -4.6393555e-01   8.8506051e-02   3.8892314e-01   6.9476569e-02  -1.9594635e-01   5.9085843e-01   6.3722467e-02   2.8398689e-02  -2.1261646e-01   8.1261107e-02   1.8780041e-01  -4.4265917e-01  -2.7322106e-01   3.1331633e-01   2.9254104e-01  -2.8826497e-01  -4.0195526e-01   3.4530884e-01  -1.9876179e-03   2.5369154e-01  -6.9953778e-02  -1.9939389e-02   2.5844982e-01
