   0.0000000e+00  -1.5767141e-01  -3.6951433e-01  -1.0782076e-01  -1.8548241e-01  -3.6453376e-01   3.4156253e-01   2.2900938e-01  -2.2567497e-01  -2.8159287e-01  -3.8345961e-02  -5.2322927e-01  -1.1003524e-01   5.8859722e-01   1.0132463e-01  -9.1732784e-02  -2.8369950e-01  -7.0471944e-03  -1.1484362e-01  -3.7573922e-01   1.0435189e-01  -9.3522236e-02   1.9056840e-01   8.7500601e-01   5.7759477e-02  -1.2174647e-01  -2.8734877e-01   2.9042456e-01  -4.7348857e-02  -1.3726644e-01  -4.1127635e-02  -6.9931488e-02   4.1582650e-02  -1.0715286e-01  -2.4989529e-01  -1.9887104e-01  -4.4843595e-02   3.5743369e-01  -3.3256750e-01  -2.9727677e-01  -1.7774378e-01  -6.3993550e-03  -1.9203930e-01   6.5347081e-02   5.7461878e-02   2.8721489e-01  -8.8218296e-02   2.7195215e-01  -3.0133112e-01  -4.3698391e-01   8.4266693e-02   2.5908551e-02  -1.3944535e-01  -2.2572920e-01   4.1692455e-01   7.8034525e-02  -2.2203310e-01   2.3210714e-02   1.7548124e-02  -1.0884957e-01  -2.0848010e-01  -1.0599046e-01  -3.6889915e-01   7.4575766e-02  -8.4059168e-02  -1.5321878e-01  -2.4208816e-01  -8.6152033e-02  -1.2769431e-01   1.0779132e-01  -9.7665667e-02   1.5239987e-01  -1.3972263e-01   8.9785890e-02   3.9320777e-02  -1.0079734e-01   1.0419800e-01   1.3769055e-01  -2.5286688e-01   5.8320476e-02   2.9355641e-01  -1.3729718e-01  -2.3304410e-01  -1.0785758e-01   4.2288587e-03   1.1272352e-01  -1.6547431e-01   5.9096836e-01  -1.8541441e-01   7.6562733e-01  -1.5867661e-01  -2.0307061e-01  -3.3988213e-01  -8.7522008e-03   4.1706402e-01  -3.3571014e-01   8.3362630e-02  -2.3385686e-01   3.0353153e-02   9.6205270e-02   1.4316531e-01   5.4453004e-02   2.9206187e-01  -1.8214890e-01   1.6520579e-01  -9.8527756e-02  -2.5575170e-01  -1.8504259e-01  -5.0350895e-02   4.5233140e-02  -4.3636661e-01   2.7343386e-01  -7.2668174e-02   7.9436311e-01   4.8558250e-01  -1.0981933e-01  -1.3704243e-01  -1.4731212e-01   3.8424067e-01  -1.7401722e-01   3.7732485e-01  -2.8102288e-01  -3.4862201e-01  -1.1537325e-01   4.0624982e-01   3.8033596e-01  -7.6783788e-03  -2.8197704e-01  -6.4030740e-03  -6.4613937e-02  -2.7060901e-01  -1.6774876e-01   3.6625713e-01  -4.6068486e-02  -1.5833220e-01   9.4197416e-02  -2.0729007e-01   4.5155530e-01   1.1692552e-01   6.0898020e-01   7.9778168e-01   2.9517373e-02  -3.2285206e-02  -4.8491957e-02   1.4113281e-01  -3.0350084e-03  -1.6334180e-01   4.7051219e-02   9.6383221e-02  -1.2227174e-01   5.1984392e-01   2.1163579e-01   2.4491254e-01  -1.2587450e-01  -3.9037392e-01   7.6237085e-01   1.9933172e-01  -1.1066321e-01  -1.2637643e-01   3.0960051e-01  -2.5958008e-01  -6.5052711e-02  -9.4329014e-02   4.8633714e-02  -3.4981811e-01  -1.6790453e-01  -1.7903865e-01   4.5646613e-03   2.9622762e-01  -2.7056810e-01  -1.9873537e-01   3.4371642e-01   8.6589090e-02  -2.1867656e-01   9.0011354e-02  -2.7671559e-01  -2.3823113e-01
  -1.5767141e-01   0.0000000e+00   5.5676730e-01  -1.7822613e-01   3.1678599e-01   3.4645664e-02  -4.2829927e-02   9.1061677e-02   4.9582501e-01   2.0256178e-01  -3.1564492e-01   4.8872012e-01   1.1605762e-01  -2.2675649e-01   1.5850375e-01   5.0246740e-03   5.6228065e-01  -8.4879495e-02   9.8232113e-02   1.1597355e-01  -2.0846047e-01  -3.8375075e-01  -3.7749363e-01  -8.6032583e-02  -4.4413570e-02  -9.1846083e-02   8.4012757e-02  -2.9475700e-01   9.0807086e-02  -7.5986884e-02  -3.1901442e-01  -2.2681571e-01   2.6391072e-01   1.3129179e-01   4.5239618e-01   8.5053268e-02  -2.0883968e-01  -1.0598408e-01  -1.2834743e-02   3.0118552e-01   2.4933011e-01   2.6684585e-01   4.3035536e-01  -9.6370478e-02   6.9973676e-02   1.9155764e-01  -1.5851698e-01   3.3893574e-02  -9.3670389e-02   4.9920786e-01  -2.0713666e-01  -2.1640770e-01   7.2521603e-02   2.9647318e-01  -1.1531331e-01  -2.9473356e-01   1.4350336e-01  -3.4835734e-01   1.0300488e-01   5.2417472e-02   3.7492515e-01  -1.2844838e-02   6.1832715e-01   1.0295560e-01   3.0171875e-01   2.2517918e-01  -1.0275905e-01  -3.3386690e-01  -3.2110175e-01   6.3154214e-02   5.1622401e-01  -7.3228567e-02   2.3634447e-01   3.3307045e-01   1.4535177e-01  -1.4945452e-02   2.8701623e-01  -3.5813610e-01   5.2766616e-01   1.2114054e-01  -2.6941056e-01   9.6848998e-02   3.6323241e-01  -2.1550111e-02   2.4218690e-01  -1.1996824e-01   3.3481095e-01  -1.4817302e-01  -8.7072012e-02   7.0730725e-02   3.5648918e-01   3.0391270e-01   3.0831070e-01   1.7699520e-01  -8.2373880e-02   3.8959087e-01   1.8853059e-01  -1.8141715e-01   1.6489211e-01  -2.0160155e-01   1.8243202e-01   2.5268099e-01  -3.9067951e-01   4.6170488e-01  -3.6269454e-01  -1.7585591e-01   3.0872575e-01  -1.7941861e-01  -1.0852625e-01  -1.9263599e-01   5.5815408e-01  -4.6571792e-01  -1.3359500e-01  -1.8285369e-01  -4.2677731e-02   4.4300392e-01  -1.4259337e-01  -2.5413969e-02  -1.0808427e-01  -1.3859495e-01   7.7426253e-02   3.8393351e-01   3.6827613e-01   1.6539188e-01   6.4236983e-02  -2.0757998e-01   1.9168515e-01   1.6182222e-01  -1.0706107e-01   1.7991973e-01  -8.0063530e-02   3.6755672e-01  -5.6749785e-02  -3.0555818e-01   3.4426057e-02   1.1254040e-02   2.6170343e-01  -2.1639209e-01  -2.5086052e-01  -4.6040115e-02  -1.0784848e-01   1.7092912e-01  -2.3535546e-01  -1.0744019e-01  -2.0803399e-01   2.0333792e-01   3.1503615e-01   2.0729835e-01   3.1950588e-02  -1.2328281e-01   1.6138106e-01  -2.3903370e-01   1.9815544e-01   3.9607231e-01   4.7277081e-01  -1.2510053e-01   5.2061931e-02   3.9483416e-03   2.9036824e-01  -3.9959317e-01  -9.2345399e-02  -2.0562591e-01   1.9680457e-01  -1.3325978e-01   3.0480477e-02   5.4633353e-01   2.4892007e-01  -8.4973016e-02  -4.3661226e-02   4.4368597e-01   2.8750971e-01  -2.1607420e-01  -5.8241340e-02   1.1075670e-01   2.3145999e-02   1.4471266e-01  -4.8704536e-02
  -3.6951433e-01   5.5676730e-01   0.0000000e+00  -9.3675962e-02   2.4761335e-01   3.1396332e-01  -3.2614918e-01   7.2145046e-02   2.0772279e-01   2.2746656e-01  -4.9117744e-01   6.7415000e-01  -6.9966716e-02  -3.4730785e-01   1.4005234e-01   6.4280849e-02   9.4336706e-01  -4.2023061e-01   2.2067805e-01   1.3240478e-01  -4.4776130e-01  -1.3027978e-01  -6.3148921e-01  -3.1498681e-01  -2.8224819e-01   6.3318696e-02   1.6476222e-01  -2.0406703e-01   1.0038346e-01  -4.5341322e-02  -2.8058979e-01   9.6548772e-02   3.7985529e-01  -5.9640697e-02   1.4602351e-01  -3.8660469e-02  -3.3337250e-01  -2.1497123e-01  -4.7007284e-02   5.2033858e-01   1.1539181e-02   3.1676723e-01   2.6490216e-01   7.8086015e-04  -3.7516597e-01   3.9341302e-01  -2.1874216e-01  -2.9099415e-01   2.4612185e-01   8.3869748e-01  -3.5824822e-01  -5.6824798e-02  -1.3261309e-01   5.5638557e-01  -5.2125876e-02  -1.6074003e-01   2.4721002e-01  -9.3517511e-03   1.1035356e-01   1.0187420e-01   7.7439438e-01  -4.9699029e-02   5.0312856e-01  -6.9138246e-02  -1.6834801e-01   4.0191484e-02   1.2976485e-01  -2.1835463e-01  -1.1050797e-01   2.5772801e-01   3.2611550e-01  -2.2518968e-01   1.5095608e-01   4.3769675e-01   5.5076221e-03   3.2236209e-01   5.0904626e-01  -2.5556813e-01   5.0161258e-01  -6.4221322e-02  -3.0595237e-01   3.4777700e-03   3.8071394e-01   1.9679763e-01   4.5181593e-01   1.1181027e-01   9.7849509e-02  -2.6997282e-01   9.5713098e-02  -8.0729881e-02   3.9505519e-01   7.2847711e-01   6.4810335e-01   1.3949929e-01  -7.5796981e-02   5.2765516e-01   1.0895366e-01  -1.3340084e-02   1.6764315e-01  -5.0141849e-01   3.0135723e-01  -2.3716655e-02  -2.0981614e-01   1.8375423e-01  -4.1664817e-01   1.3871169e-01   5.2795122e-01   4.7354643e-02  -1.7943055e-01  -2.1037678e-01   7.8167332e-01  -3.6222742e-01  -2.6744116e-01  -3.3666110e-01  -1.0514170e-01   2.9727944e-01   1.1323363e-01  -1.3358184e-01  -5.0380169e-02   3.5946746e-02  -6.1322610e-03   4.4912531e-01   3.9407532e-01  -9.1026926e-02   3.4310840e-02  -2.4572829e-01  -5.0768141e-02   3.2188034e-01   1.5702241e-01   3.8271787e-01  -8.6906252e-02  -4.0847004e-03   2.4229299e-02  -3.4754120e-01   1.0718298e-01   1.9375194e-01   2.7778201e-01  -2.0511253e-01   1.0309425e-01  -4.8549915e-02  -2.1439217e-01   2.6207979e-02  -2.8376531e-01   1.4505568e-01  -4.6164898e-01  -1.4073632e-01   4.5757340e-01  -7.0429904e-02  -2.9270655e-01  -3.4237739e-01   1.6002023e-01  -7.6385253e-02   3.4144174e-01   1.7700600e-01   7.8758989e-01  -3.2393724e-01   6.0549262e-02   8.0114568e-02   6.5331118e-01  -3.4358026e-01  -4.2800697e-03  -3.2658466e-01  -1.0000441e-01  -3.2636275e-01   2.7386303e-01   4.0366466e-01   4.4308806e-02   7.2989361e-02   3.5130435e-02   5.2324581e-01   1.1856769e-01  -2.8691452e-01  -4.0381309e-01   3.2888031e-01   5.5774837e-02   2.4561567e-01   1.8797136e-01
  -1.0782076e-01  -1.7822613e-01  -9.3675962e-02   0.0000000e+00   5.5753873e-02   8.1036049e-02  -2.6217881e-01   3.2455782e-02   3.7073588e-02  -3.2050869e-01   1.1734760e-01  -1.5780539e-01   2.1519401e-01  -8.7546932e-02  -5.3161850e-02   2.6905330e-02  -7.4139398e-02   1.8184716e-01  -6.5463384e-02   7.3204931e-02  -1.4457670e-01   3.7860466e-01   1.4867310e-01   4.6414338e-03   4.1954709e-01   2.3882895e-01   8.1563226e-02   1.4044593e-01  -1.3175218e-01   1.2561278e-01  -4.5071833e-02   4.1168514e-01  -1.6878417e-01  -2.4335915e-01  -1.9329143e-01   2.0544952e-02   1.0492422e-01   1.1196852e-01  -2.5819466e-02  -2.8822820e-02   2.6889211e-01   1.2272602e-01   3.0525917e-01  -3.3219714e-01   2.7719231e-01  -1.3195110e-01   2.0386868e-01  -5.0268557e-01   1.0176030e-01  -4.3894333e-02   2.9793931e-01   2.1171846e-01  -2.6254330e-01  -3.9461954e-02  -2.6471021e-01  -6.2962150e-02   4.4782542e-02   4.1329329e-01  -5.8786616e-02   3.1241815e-01  -2.6270050e-02   4.7754559e-03   2.8404774e-02  -2.8389813e-01   1.8723322e-02  -2.5119058e-01  -2.4189248e-02  -8.4850345e-02   3.4716738e-01  -2.0128720e-01  -4.3048116e-01   4.1586321e-01  -1.3695499e-01  -9.3532036e-02   7.4197064e-02   1.9029274e-01  -1.1768281e-01   2.1204862e-01  -1.2364884e-01   3.6265972e-01  -1.1869985e-02  -1.5118660e-01  -3.7003064e-01   1.1633665e-01  -3.7188349e-01   3.6181436e-01  -3.6909705e-01  -3.0440650e-02   2.9327067e-01  -2.9322416e-01  -1.6993642e-01   9.1625258e-02  -2.6180411e-01   5.4496162e-02   1.4500494e-02  -2.0945473e-01   1.6546568e-01   1.4262090e-01  -1.2372297e-01   1.7229696e-01  -4.6056648e-01   3.5431908e-03   4.1464699e-02  -1.5423212e-02   3.6162973e-01   3.8270254e-01  -1.7136847e-01   3.4980733e-01   7.3259082e-02   2.7158781e-02  -1.9002312e-01   3.5738215e-01   6.7490746e-01  -1.6847070e-01  -3.3032338e-01  -1.2798633e-01   9.1692639e-02   4.3825678e-02  -2.0324501e-01   4.6733854e-01  -1.3120752e-01  -1.7114018e-01   1.5401199e-01   5.9667487e-02  -1.3235422e-01   5.7737859e-02   2.6398921e-01  -7.0356909e-02   4.8026594e-01  -3.6959127e-01  -1.4413167e-01  -2.5288617e-01  -3.2097154e-02  -1.7670954e-01   1.9600702e-01   1.6653282e-01   9.6694887e-02  -2.8898751e-01   3.9855407e-01  -1.4599996e-01  -4.9662379e-02  -8.3702733e-02   3.1041333e-01  -7.7474751e-02  -1.3284620e-03  -2.1398318e-01  -4.4154526e-01  -2.9465005e-01  -1.0281323e-01  -1.7519926e-01  -2.7762224e-01  -8.1614103e-02   2.1620706e-03  -2.7149860e-01  -3.0820761e-01   1.6200895e-01   8.7974818e-02   1.1173382e-01   1.2297414e-01   6.5810931e-02   8.8121756e-02   1.4012037e-01  -2.8153220e-01   3.6487244e-01   2.9534528e-01  -2.2077758e-01  -2.1373471e-01   5.4487430e-02   7.8111189e-02  -2.8882684e-01  -2.8264604e-01   7.3019503e-02   1.6527904e-01  -1.4054254e-01   2.1911634e-01   2.2407513e-01   4.2233418e-01
  -1.8548241e-01   3.1678599e-01   2.4761335e-01   5.5753873e-02   0.0000000e+00  -2.1535337e-01   5.4165625e-02  -5.6448354e-02   3.6909911e-01   1.1292626e-01  -5.2981963e-02   1.6778297e-01   2.4760451e-01  -4.7913329e-01  -2.4619197e-01  -2.6572431e-02   2.7637151e-01   1.9957184e-01  -2.8005797e-01   7.6708847e-01  -1.5472914e-04   1.8007756e-02  -1.2796800e-01  -1.0544675e-01  -1.8599165e-02  -6.5739607e-02   3.1356096e-01  -3.3036658e-01   6.1501313e-02  -8.8643470e-02  -1.4948739e-01  -3.2177019e-02   6.5654264e-02   1.6894141e-01   2.6164104e-01   5.2513422e-01   1.0229605e-01  -2.8377575e-01   5.3781510e-02   3.3672626e-01   6.1950125e-02   4.2496420e-03   3.9145500e-01  -3.0583839e-01   3.2751297e-01  -6.0364191e-02   9.4204384e-02  -2.0558575e-01   3.4819435e-01   3.5576465e-01   9.9780722e-02  -1.0070686e-01   4.3330261e-02   3.0560893e-01  -2.6156459e-01  -4.9511794e-01  -2.4608922e-01  -1.4905627e-02   1.6232902e-01   6.1747136e-02   1.0138263e-01   3.4630235e-01   4.7895118e-01   4.7464385e-02   2.2268110e-01   3.3650919e-01  -5.3953201e-02  -2.4831059e-01  -1.4964508e-01  -3.5435801e-01   3.7242706e-01   2.5163242e-01   2.1201210e-01  -2.7316397e-01   7.0548418e-02   6.3251883e-02   7.5198560e-02  -2.0414787e-01   5.6531001e-01   2.9620465e-02  -3.0849866e-01   7.8150715e-02   1.4379118e-01  -7.5361867e-02  -2.3099414e-01  -1.7850582e-01   1.5359290e-01  -2.0926608e-01  -8.1625414e-02  -2.4557960e-01   7.1149285e-01   4.5884990e-02   1.2026105e-01   2.5480509e-01  -3.1967317e-01   6.2585657e-01   3.0905695e-01  -2.4773873e-01   5.0088750e-01  -6.5946472e-02  -2.3724697e-01  -1.0200559e-01  -3.0704272e-01   1.8661167e-01  -2.2680554e-01  -4.6791598e-02   2.8369479e-01  -3.4544067e-02   4.7782898e-03  -1.4439484e-01   1.7435343e-01  -7.8588558e-02   2.9982079e-03  -4.0675585e-01  -3.8012703e-01   5.9032819e-01  -2.1240350e-01   6.3125250e-02  -4.9963926e-01   1.5811807e-01  -9.1289305e-03   7.3401723e-01   2.8270297e-01   3.3469255e-01  -1.3227450e-01  -3.2922013e-01   1.9380477e-01   3.3002624e-01   1.6906565e-01  -3.1217821e-01   2.6213436e-02   5.6565377e-01  -2.2453884e-01  -2.9428991e-01   5.1180395e-01   2.4140349e-03   3.3433736e-01  -3.7452215e-01  -7.6066443e-02  -1.0650096e-01  -1.4253678e-01   3.5528446e-01  -4.3372053e-02  -4.4517139e-01  -2.5907343e-01   7.5836887e-02   1.0946264e-01   3.5994985e-01   1.9299650e-01  -5.6206326e-02  -3.1270172e-01  -2.2703890e-01   5.1420224e-02   3.9124807e-01   9.2832303e-02  -1.2114509e-01  -1.0809219e-01   2.6634272e-01   1.7156072e-01  -1.9984812e-01   2.5697164e-01  -1.7819664e-01   2.4427025e-01  -1.0470234e-01   2.9248009e-01   5.9045217e-01   1.4782280e-01  -6.0808646e-02  -9.4148730e-02   2.7283897e-01   4.5197348e-01  -2.7523018e-01   3.2659331e-01  -2.5415302e-01  -8.8427147e-02   3.2421606e-01   2.6494304e-01
  -3.6453376e-01   3.4645664e-02   3.1396332e-01   8.1036049e-02  -2.1535337e-01   0.0000000e+00  -2.6125979e-01   2.4784884e-01  -9.3571312e-02  -3.7741219e-02   1.8649496e-02   2.4182921e-01  -9.3541945e-02  -1.6444457e-01   8.1022035e-02   5.7660146e-02   2.9710336e-01  -2.7933830e-01   4.9715985e-01  -9.5287161e-02  -2.8334054e-01   2.7833203e-01  -1.9976459e-01  -3.6533185e-01  -2.3186971e-01   4.6115466e-01   3.1467765e-01   1.9623868e-01   1.4968908e-02   2.5946741e-01  -2.0475095e-01   2.6036044e-01   1.6696709e-01   3.4491857e-03   5.0006115e-02  -7.7761049e-02  -1.3272408e-01  -2.1453808e-01   7.5155441e-03   7.4185869e-02   1.0833808e-02   1.7581706e-01  -9.5339904e-02   2.3436453e-01  -2.4193492e-01   9.5657491e-02   1.7215931e-01  -1.8221871e-01   5.8610896e-02   1.1566777e-01  -4.2852605e-02   2.4139766e-01  -2.5298165e-01   1.2497231e-01  -2.2075005e-02   1.5456986e-01   6.2671056e-01   2.2726059e-01   7.9857003e-02   2.6176784e-01   3.3312080e-01  -9.1165046e-02  -5.0712442e-02  -2.6589489e-01  -1.7553757e-01  -1.0248205e-01   5.9247067e-01   1.5369436e-01   3.8456369e-01   2.3948884e-01  -1.8232973e-01  -2.0080752e-02  -1.1047748e-01   3.5541470e-01  -1.6393455e-01   3.2949444e-01   1.6441816e-01   2.4215870e-01   4.2242052e-02  -1.1321335e-01   1.0743778e-01  -4.5402490e-02   8.9543438e-02   3.4758390e-01   1.3570029e-01   1.7951025e-01  -1.8825547e-01  -9.0049680e-02   1.0368664e-01  -1.8573724e-01  -1.1657610e-01   3.2217154e-01   3.0953386e-01   1.4885500e-01  -9.7345031e-03   2.7981105e-02  -1.0501704e-01   5.4471922e-01  -1.5723033e-01  -1.9929526e-01  -6.4047047e-02   1.8733776e-02   1.2708091e-01   3.0179660e-02   1.9095522e-01   3.2813981e-01   2.7306573e-01   5.0235149e-01  -1.0861732e-01   1.2421289e-01   1.7177651e-01   1.1042382e-01  -1.7559556e-01  -2.6660084e-01  -1.0002696e-01  -2.2315669e-01   4.2996276e-01  -1.0055251e-01   5.4244809e-02   2.2578416e-01  -1.3525162e-01   2.8513508e-02   5.8376374e-02  -1.9616364e-01   2.8987776e-03   2.1015101e-01   8.6340879e-03  -1.2908183e-01   1.6678523e-01   2.2914944e-01   4.3461806e-02  -2.5904863e-01   9.2189672e-02  -5.4510963e-02   6.0786688e-02   2.5536121e-01  -9.1848495e-02  -7.9923057e-02   2.9973646e-01  -2.1541354e-01  -3.4249196e-01  -2.0652102e-01   2.5923941e-01   3.5449300e-01  -2.2139730e-01   8.2436287e-02   7.2644003e-02  -2.3420793e-01  -5.6458552e-02  -2.9991876e-01   5.5870799e-02   1.2954229e-01   4.9155638e-02  -1.0932911e-01   4.3368077e-01  -4.2959908e-01   1.0761275e-01   6.3706005e-02   2.3485916e-01   1.0783745e-01  -8.7580617e-02   2.1944365e-01  -2.8510376e-01   4.0612407e-02   3.7033296e-01  -1.3978482e-01  -1.3263121e-01   4.3996659e-01  -7.5394680e-02  -5.8024777e-03  -4.8202097e-02  -2.0023173e-01  -2.3373180e-01   6.1765161e-01  -1.4834557e-01   5.4999528e-02   2.7691673e-01
   3.4156253e-01  -4.2829927e-02  -3.2614918e-01  -2.6217881e-01   5.4165625e-02  -2.6125979e-01   0.0000000e+00  -7.4329905e-02  -3.9649097e-02   8.1138471e-02   3.0800531e-01  -4.4262536e-02   6.3811565e-02   2.1957417e-01   1.8784633e-01   7.1134313e-02  -3.1389338e-01   2.6699325e-01   4.5994250e-03  -2.9118094e-02   4.9926286e-01  -1.5446704e-01   5.5774316e-01   2.8011798e-01  -1.0732865e-01  -2.9039611e-01  -1.6273483e-01  -1.5441791e-02  -1.9528176e-02  -1.3646459e-01   2.8228018e-01  -2.8230251e-01   1.2120376e-01   5.1138858e-01   1.3526247e-01   3.1417705e-01   3.3326109e-01  -7.9753899e-02  -8.6538559e-03  -4.7686040e-02   8.9124696e-03   1.5409298e-01  -1.8378172e-01   3.0666257e-01   2.0034754e-01  -2.0141708e-01   1.8170720e-01   6.6661250e-01  -2.0289595e-01  -3.7071437e-01   1.1582564e-01  -1.0293727e-01   4.5468164e-01  -4.4026424e-02   1.9279304e-01   2.7704239e-01  -2.9328872e-01  -2.3419067e-01   1.0596654e-01  -1.1160355e-01  -3.4535850e-01   1.8415710e-01  -3.5652197e-01   4.9371188e-01   1.1505796e-01   2.6902906e-01  -2.2639231e-01  -9.7346166e-02  -2.2436863e-01  -6.9693493e-02   4.0254551e-01   9.5709023e-02   1.3032691e-01  -2.6089320e-01  -1.3589269e-01  -3.8226385e-01  -2.1882676e-01   4.0365750e-02  -3.4380947e-02  -6.7890504e-02   4.1949303e-01   1.5819717e-01   1.8561074e-01  -3.8891747e-01   4.3271716e-02  -3.4031081e-01   3.1882784e-01   1.4884903e-01  -1.9288072e-01   1.6344029e-01   2.7038655e-02  -3.5596951e-01  -1.0146450e-01   2.8293977e-02  -7.6188580e-02  -2.0437732e-01   9.1485014e-02  -3.3234966e-01   6.0388032e-02   3.6648783e-01   8.7043956e-02   2.1352970e-01   7.4162271e-02   5.2137480e-02   5.9960501e-02  -2.0534313e-01  -8.0423234e-02  -3.3360679e-01   7.2206882e-02   6.6873651e-02  -1.2733162e-01   5.4518373e-02  -1.9317615e-01   1.5086024e-01   4.3280203e-01   2.3516090e-01  -2.3657429e-01   1.2599370e-01  -3.3700543e-03  -2.3635851e-01   9.7651925e-02  -4.5377990e-02  -3.1247565e-01   1.6737863e-01  -6.6968440e-02   1.2167149e-01   1.5383795e-01  -1.1784475e-01  -2.6220741e-01  -7.8082205e-02   3.9550765e-02   4.6420318e-01  -2.6292541e-02   3.8783728e-01  -1.5028302e-01  -2.7960069e-01  -1.2704822e-01   2.9605924e-01  -2.4337183e-01   2.0106141e-01   2.5570326e-01   1.3452252e-01  -1.1986266e-01  -2.4686600e-01   5.4610212e-01   1.3843929e-01   4.7786088e-01   2.3817781e-01   3.1765422e-01   3.7675764e-01   1.6945093e-01   3.6655584e-02  -6.3088002e-02   2.0931548e-01  -3.3794042e-01   2.1689334e-01  -2.4106308e-01  -2.2916041e-02  -3.2205753e-01   3.0366850e-01  -3.4188111e-01   7.3857076e-02   3.3242950e-01   1.7750467e-02  -2.8215207e-01   1.3514504e-01   2.3223704e-01  -2.8926424e-01  -1.5381482e-01  -6.5851191e-03   2.9567266e-01  -4.4260292e-02   1.7726764e-01  -3.4722648e-01  -1.5516699e-01  -1.3808029e-01  -2.4835840e-01
   2.2900938e-01   9.1061677e-02   7.2145046e-02   3.2455782e-02  -5.6448354e-02   2.4784884e-01  -7.4329905e-02   0.0000000e+00   8.9728428e-02  -3.9714546e-01   2.5063935e-01  -1.0437688e-01  -9.2042795e-04  -3.3692987e-02   5.1091943e-02   9.2374416e-02   7.5942192e-02  -5.6171524e-02   2.2192159e-01  -1.3033514e-01  -2.1987333e-01   2.5880913e-01  -2.0313901e-01   1.6177924e-01  -2.2492425e-01   3.5138585e-01   2.2485186e-01   1.4993327e-01   1.9364707e-02   3.8483788e-01  -3.5644760e-01   2.1997070e-01   3.1476200e-01  -9.8787425e-02   1.0782683e-01   6.7110697e-02  -3.6331185e-01   1.2999056e-01  -1.2131851e-02  -8.7657930e-02   5.7728462e-02   2.3450860e-01   9.0266998e-02   1.8707347e-01   1.0417990e-01   2.3234788e-01   3.0513992e-01  -6.6550884e-02  -1.2281141e-01  -1.4434248e-01   1.6311316e-01   5.0846985e-01  -3.8757628e-01  -2.5737147e-03  -9.4585928e-02  -3.8676914e-02   1.6058994e-01   3.3903114e-01   3.6828049e-01   2.4687926e-01   1.9611606e-01  -1.2484576e-01  -8.2647291e-02  -5.3720356e-02   1.6771561e-02  -2.2102294e-01   2.5253230e-01  -3.1294143e-02   4.7143312e-01  -4.7495167e-02  -5.8698109e-02   2.6555795e-01   6.5841998e-02   2.0330950e-01  -1.5014758e-01   3.5132411e-01   3.4697402e-01   1.8278018e-01   2.2912710e-01   6.0207275e-02   1.1650607e-01  -4.2562170e-02  -1.4127594e-01   4.8153301e-01  -1.6358768e-01   2.9057383e-01  -3.5173440e-01   3.5539641e-02  -1.0620364e-01   2.6645917e-01   8.4290727e-02   6.2150964e-02  -4.8112340e-02   3.6837515e-01   2.9709781e-01  -1.1637880e-02  -5.5345533e-02   2.3274217e-01  -4.3146649e-02  -1.5588329e-01  -1.4526860e-01   1.3408497e-01   1.7384128e-01   3.6739839e-01   4.0119989e-01   4.2733220e-01   8.9687238e-02   4.7327935e-01  -3.9892607e-01   1.2333095e-01  -7.2368154e-02   2.8839153e-01  -2.2229600e-01   1.5000055e-01  -1.4352404e-02   1.3749028e-01   2.3105610e-01  -4.8174029e-02   1.3050520e-01   1.8157073e-01   2.7324516e-01   1.6802662e-01  -1.8376965e-01  -2.7187731e-01   3.8185798e-01   2.2191864e-01   1.2683235e-01  -3.0516875e-01   3.8966113e-01  -1.4266366e-01  -2.4228946e-02  -1.4220242e-03   3.0554532e-01  -3.8752322e-01   2.2851538e-01   4.4060293e-01   6.3265469e-02   7.5509443e-02   4.3831901e-01   2.6946087e-01   2.2474924e-01  -1.5068898e-01   4.4811906e-01  -1.0942287e-01  -1.1474617e-01   3.5450198e-01  -1.9107346e-01   1.0986434e-01   1.5274245e-01  -4.2290923e-01   1.9968005e-01   3.8596174e-01   2.4309405e-01   1.6984548e-01  -5.8915192e-03   1.5205035e-01   4.4376179e-01   2.3201811e-01   1.3370387e-01   2.7762419e-01  -2.5103100e-01   3.9820423e-01  -3.2553712e-01   2.7010994e-01   2.1263462e-01   1.9811596e-01  -2.2463145e-02   3.5133508e-01   1.8227338e-01  -1.6257178e-01   1.0925569e-01   7.5396695e-02   9.6881389e-02   9.6107308e-02  -8.5313206e-02   1.8849966e-01   3.1904858e-01
  -2.2567497e-01   4.9582501e-01   2.0772279e-01   3.7073588e-02   3.6909911e-01  -9.3571312e-02  -3.9649097e-02   8.9728428e-02   0.0000000e+00   1.6981883e-02  -5.6850658e-02   3.1010854e-01   1.7828473e-01  -2.9053047e-01   3.0053673e-02  -3.7646249e-02   1.6845851e-01   2.3847838e-01  -1.7785053e-01   2.6497961e-01   1.1833836e-02  -7.3943185e-02  -1.0899114e-01  -2.2570826e-01   1.3697153e-01   5.7338463e-02   1.4527773e-01  -4.3093071e-01   7.7068385e-02   1.9389580e-01  -6.7305445e-03  -9.8063582e-02   8.7221880e-02   9.1853744e-02   3.9272878e-01   1.7789544e-01  -6.3195261e-02  -5.7230096e-02   2.2194683e-02   7.8051521e-02   2.6586498e-01   1.0197597e-01   4.9245399e-01  -2.2313561e-01   2.8698151e-01  -4.6009580e-02   5.5793535e-02  -2.6784091e-02   1.2006676e-01   1.6517836e-01   1.3289135e-01  -1.1228445e-01   9.6473771e-02   1.6452812e-01  -2.1363906e-01  -3.9005682e-01  -7.2727286e-02  -1.9510241e-01   2.3816470e-01   2.8729462e-01   1.3291214e-01   1.6289188e-01   5.0148116e-01   8.8482400e-02   4.4750757e-01   1.8143483e-01  -6.6757014e-02  -5.8722143e-02  -1.7266449e-01  -2.6902980e-01   2.6940347e-01   1.5352212e-01   1.7468383e-01  -6.7275149e-05  -4.5567478e-02   2.8033364e-03   5.2322217e-02  -2.8724697e-01   4.3684553e-01   2.5048827e-01  -3.0161789e-01  -8.2421295e-02   1.1383122e-01  -1.2999501e-02  -3.9888243e-02  -4.5134893e-02   2.4744623e-01  -1.8508192e-01   3.7323576e-02  -2.0142171e-01   2.8267755e-01  -1.4418657e-04   3.7831090e-02   4.5214405e-01  -8.2381948e-02   3.3323238e-01   1.1903285e-01  -1.2462905e-01   1.4915557e-01   8.7811047e-02  -7.8108195e-02   1.0486251e-01  -3.1251515e-01   5.3605322e-01  -1.0960827e-01  -1.0181438e-01   7.3666145e-02  -8.7530359e-02  -5.9913887e-02  -1.7789252e-01   1.4745740e-01  -2.6366802e-01   9.6763815e-02  -2.8162318e-01  -2.4610714e-01   3.9925184e-01  -9.6116880e-02   1.0799225e-01  -2.5313125e-01   1.4969884e-01   1.7743733e-02   3.6602175e-01   2.3357658e-01   3.6275888e-01   4.6527206e-03  -3.3770156e-01   3.9381762e-01   6.1729865e-02   1.2880900e-01  -1.9647547e-01  -1.2908021e-02   4.5957422e-01  -8.7018209e-02  -1.5441288e-01   2.6544830e-01  -4.3645766e-02   2.0607502e-01  -2.5917814e-01  -1.7999618e-01  -1.0208287e-01  -1.7919033e-01   1.6179611e-01  -4.8016056e-02  -3.1550505e-01  -1.1445248e-02   4.2808506e-01   2.8726616e-02   1.7408489e-01   2.4289302e-02   3.0148653e-02  -1.7721005e-01  -2.9162591e-01   5.7215637e-02   1.2674840e-01   6.6236721e-02  -2.2339394e-01   2.3951666e-02   1.4814705e-01   8.1589738e-02  -3.4627218e-01   5.3492556e-02  -8.5287775e-04   5.7588951e-02   9.7668193e-02   2.2807554e-01   4.5784277e-01   1.9410669e-01  -8.5387807e-02  -1.2043582e-01   1.4694912e-01   3.3812433e-01  -7.4273794e-02   1.3060573e-01  -1.3067473e-01  -1.1615650e-01   2.5795942e-02   2.6886599e-01
  -2.8159287e-01   2.0256178e-01   2.2746656e-01  -3.2050869e-01   1.1292626e-01  -3.7741219e-02   8.1138471e-02  -3.9714546e-01   1.6981883e-02   0.0000000e+00  -1.9685750e-01   2.8954105e-01   1.5371885e-01  -1.5899277e-01   2.0649359e-02   1.1697147e-01   1.5699001e-01  -2.4403436e-01   1.0164052e-01   1.6063876e-01   3.5311152e-01  -3.7476338e-01   2.1123508e-02  -2.4211530e-01  -2.1796365e-01  -2.8112324e-01   1.0463763e-02  -3.7183384e-01   1.3124252e-01  -3.3042679e-01   1.4100099e-01  -3.2833417e-01  -3.3308339e-02   3.4420515e-01   2.3744755e-01   7.7679424e-02   3.1463108e-01  -2.3424101e-01   1.6268957e-01   3.4678899e-01  -8.9855444e-02  -1.5881600e-01  -2.2459309e-01   1.8069644e-01  -2.2412044e-01  -1.3874843e-01  -2.1338482e-01   1.5263877e-01   1.8617082e-01   1.9656689e-01  -2.4874577e-01  -3.5022205e-01   3.8147910e-01   1.8623053e-01  -7.3878871e-02  -1.1280867e-01  -2.7603326e-03  -4.7155185e-01  -5.6464034e-02  -2.5061123e-01   2.9824918e-02   2.7703868e-01   1.2592191e-01   2.7998087e-01  -1.8242495e-02   5.6312241e-01  -8.8285991e-02  -4.3025014e-02  -3.8003525e-01  -5.6438376e-03   3.8769731e-01  -2.8752178e-01   1.9803647e-01  -1.0608073e-01   1.0271134e-01  -1.7781396e-01  -9.1505631e-02  -1.7294747e-01   1.5381341e-01  -2.0408347e-01  -2.7331544e-01   2.5549833e-01   4.3360216e-01  -2.1202089e-01   2.9536154e-01  -3.2409414e-01   3.1117134e-01  -3.0398805e-01  -2.1425940e-01  -1.2175837e-01   2.7766754e-01  -5.0208077e-02   4.1311745e-01  -7.1207426e-02  -2.1521267e-01   2.8782891e-01   1.2190381e-01  -6.9231900e-02   2.4434932e-01   1.6191864e-01   2.3814820e-01  -3.2641102e-02  -3.0801283e-01   4.0823164e-02  -4.9064159e-01  -3.0045761e-01   5.5127555e-02  -4.1592776e-01   2.9381073e-01  -3.3964114e-02   4.3517530e-01  -5.1380813e-01  -3.2224428e-01  -1.9378489e-01   9.6575956e-02   1.7312232e-01  -1.9058242e-01   7.6194213e-02  -2.5851535e-01  -1.6902089e-01  -1.4914293e-01   2.2862321e-01   2.3375461e-02   1.7544256e-01  -2.3792843e-01  -2.9019915e-01  -9.6229186e-02   2.9450881e-01  -5.3649296e-01   1.4930000e-01   2.4755602e-01   1.9778290e-01  -3.2461852e-01   3.9146008e-01  -2.1117134e-01  -1.9094666e-01   9.7677270e-02  -1.0369670e-01  -3.2132953e-01   1.2042764e-01  -2.0939087e-01   1.8899480e-01  -3.7332360e-01  -1.2410020e-01   4.9506520e-02  -1.8794877e-01   5.4267943e-01   2.5804535e-01   1.9039973e-01   5.2596585e-01  -4.3987194e-02  -3.2971129e-01  -1.4444545e-01   2.7300886e-01   2.6592333e-01  -2.3880545e-01  -2.4325634e-01  -1.0800268e-02  -2.0666318e-02  -3.8142646e-01   7.8832845e-02  -2.9207975e-01   5.9177197e-01  -5.2228552e-01  -1.1566529e-01   2.0249285e-01   1.6625139e-01  -1.9994258e-01  -3.0423363e-01   4.5618906e-01   3.2087766e-01  -1.2372541e-01  -2.6829513e-01   3.9221193e-02  -1.0401290e-01  -8.6054075e-02  -2.4898810e-01
  -3.8345961e-02  -3.1564492e-01  -4.9117744e-01   1.1734760e-01  -5.2981963e-02   1.8649496e-02   3.0800531e-01   2.5063935e-01  -5.6850658e-02  -1.9685750e-01   0.0000000e+00  -2.5749590e-01   2.0235071e-01  -1.0705636e-02   4.5206212e-02   1.0951437e-01  -4.8897457e-01   5.5328289e-01  -5.8939233e-02   1.5563877e-01   4.4569325e-01   2.7130873e-01   5.2659209e-01  -1.0088687e-01   1.2195096e-01  -5.3196699e-02   1.8621807e-01   1.3674711e-01  -1.4383901e-01   2.4060500e-01   3.3515016e-01   1.0016106e-01  -5.6526354e-02   2.5916900e-01   1.6848042e-02   4.3626738e-01   1.2978191e-01  -6.1336693e-02   2.1493995e-01  -3.3504416e-01   2.0686295e-01   1.0763609e-01  -8.7005010e-02   3.1379995e-01   4.7492898e-01  -4.3746546e-01   6.9067174e-01   2.2870777e-01  -9.8633383e-02  -5.1999689e-01   5.5933117e-01   2.5088186e-01   7.1234095e-02  -1.8087633e-01  -2.1105805e-01   3.2147794e-01  -5.9528296e-02   1.7291113e-01   2.0444355e-01   2.4280589e-01  -3.9278915e-01   2.7826880e-01  -3.0531767e-01   1.1434612e-01   2.6714984e-01  -4.2094564e-02   6.4614630e-02   1.0343829e-01   4.5717217e-01  -2.0825751e-01  -2.6892912e-01   4.4377520e-01   8.3864601e-02  -1.9303145e-01  -1.4122333e-01  -2.9355550e-02  -2.7316383e-01   2.4669849e-01  -7.4825700e-02   1.3103938e-01   2.9900921e-01   2.2037999e-01  -9.6111524e-02  -5.9236866e-02  -4.0587552e-01  -7.5823226e-03  -2.5336129e-01  -7.0422752e-02  -8.3013297e-02  -2.1040832e-01  -1.8475155e-01  -3.3749602e-01  -3.1229284e-01   1.9561208e-01  -7.5291392e-02  -2.5475103e-01  -6.9673876e-02   5.4741641e-02  -1.3177581e-01   3.8809704e-01  -3.0260112e-01   1.4710912e-01   2.1790519e-01   1.1958344e-01   5.6940308e-01   1.2906195e-01  -8.7116988e-02   1.6676332e-01   8.1591685e-02   3.2236839e-01  -3.6728860e-01   3.8567044e-01   1.4551593e-01  -8.9239552e-02   5.4182828e-02  -8.4549008e-02   5.9822944e-02   3.1668991e-01  -5.5718128e-02   1.3891013e-01  -5.8738518e-02  -5.9530468e-02  -2.6066137e-01   1.2201812e-01  -1.5925663e-01   1.7597703e-01   3.5872189e-01  -2.0765480e-01   1.6287591e-01  -2.8539493e-01   2.7184246e-01   2.9605198e-01  -8.6853541e-02   2.7033722e-01   1.5848088e-01   1.4221487e-03  -8.0217849e-02   8.8357018e-02   6.0611481e-02  -1.2709017e-01  -1.5923132e-01   3.8771623e-03   5.2046594e-01  -1.6681952e-01   5.0236161e-01   4.2959651e-01  -1.7740769e-01   9.0762457e-02   3.1375537e-01   1.8127648e-01  -1.4465988e-01   6.7955477e-02  -1.9669920e-01   1.2154934e-01  -4.3431391e-01  -8.1668179e-03  -1.1619011e-01   1.4975994e-01  -2.8392070e-01   3.8745960e-01  -1.4568498e-01   7.0473699e-01   6.0151519e-02   5.0742812e-01   8.8560436e-02  -1.2128553e-01   2.8463994e-01   2.1074025e-03  -1.2332979e-01  -2.9930307e-01   1.2460225e-01  -3.8071494e-03   5.3755020e-01  -2.1598378e-01  -2.5117330e-01   4.0079217e-02   1.8462966e-01
  -5.2322927e-01   4.8872012e-01   6.7415000e-01  -1.5780539e-01   1.6778297e-01   2.4182921e-01  -4.4262536e-02  -1.0437688e-01   3.1010854e-01   2.8954105e-01  -2.5749590e-01   0.0000000e+00   7.6198625e-02  -3.2777503e-01  -2.2534722e-02   1.3808268e-01   5.8790395e-01  -1.9766808e-01   1.9088650e-01   1.8286249e-01  -1.8178109e-01  -1.8422550e-01  -3.5207827e-01  -4.7846419e-01  -2.3003596e-01   3.0961636e-02   1.2191090e-01  -3.3362548e-01   8.0176374e-02   1.0793788e-01  -1.2993468e-01  -1.1857172e-02   3.0940053e-01   2.4485649e-01   4.3563947e-01   1.9790827e-01  -1.9799913e-01  -2.6623121e-01   7.0382202e-02   3.6917318e-01   1.3471477e-01   2.6458477e-01   2.6938668e-01   2.6970941e-03  -1.5662968e-01   1.1068293e-01  -3.3726862e-02  -6.9628228e-02   3.0557800e-02   5.3969419e-01  -1.7629407e-01  -1.5924817e-01   2.6986841e-01   4.5214999e-01  -1.3600121e-01  -5.2518883e-02   1.4678776e-01  -1.5560457e-01   1.6322927e-01   3.3989944e-01   3.9049540e-01   5.5647057e-03   3.5884243e-01   1.9567966e-01   1.1162883e-01   2.7757573e-01   1.0933605e-01  -1.2303396e-01  -1.6526862e-01   1.6679252e-01   3.1810031e-01  -1.9961212e-01   2.1519260e-01   2.7243657e-01  -1.4804530e-01   9.2862574e-02   1.8431052e-01  -2.8386600e-01   5.0731906e-01  -6.3342642e-02  -3.0874534e-01   9.6290737e-02   4.6957165e-01  -6.2971545e-02   3.9624286e-01  -1.5335468e-01   2.2686345e-01  -3.0387517e-01   3.1966128e-02  -2.7664188e-01   2.8022836e-01   3.5737991e-01   6.1868595e-01   2.2627840e-01  -2.0907060e-01   4.9708248e-01   7.0757250e-02  -1.6735549e-02   9.6792814e-02  -2.7733767e-01   1.6390378e-01   2.6646049e-01  -3.0815306e-01   3.1213654e-01  -2.8149945e-01   1.9075027e-02   4.2539126e-01  -9.4903891e-02  -1.0482475e-01   2.0266645e-02   6.7643339e-01  -3.8109019e-01  -2.7278066e-01  -4.6906688e-01  -1.4318181e-01   2.9115406e-01   3.8910826e-02   1.0774225e-02  -1.3671329e-01  -2.7017848e-03  -1.1127231e-02   4.4863024e-01   3.5120186e-01   9.3337336e-02  -1.0552999e-01  -9.8800774e-02   1.2781973e-01   1.5473949e-01  -8.4695616e-02   3.5552667e-01   7.2994259e-02   2.7384547e-01  -6.1017970e-02  -3.6846660e-02  -5.3534470e-04  -1.0765788e-01   2.6832639e-01  -3.1307405e-01  -1.0144932e-01  -2.0958653e-01  -3.2263160e-01   1.0052719e-02  -2.1857620e-01   6.8262308e-02  -2.1121582e-01   4.2741832e-02   5.4468070e-01   4.7357806e-02  -5.5487898e-02   3.0105846e-02  -3.5945942e-02  -2.4336238e-01   2.1210324e-01   2.2683731e-01   5.9839965e-01  -5.2067689e-01  -3.5495717e-02   1.3940782e-01   2.3524009e-01  -3.8651578e-01  -2.1006523e-02  -2.2831630e-01   1.4668244e-01  -2.1357276e-01   2.7627922e-01   3.9377074e-01   3.3482529e-01  -1.1206942e-01  -1.0882494e-01   5.5769946e-01   3.1647551e-01  -3.3522910e-01  -2.9800627e-01   1.9663050e-01   4.6412026e-02   2.0378194e-01   1.2638582e-01
  -1.1003524e-01   1.1605762e-01  -6.9966716e-02   2.1519401e-01   2.4760451e-01  -9.3541945e-02   6.3811565e-02  -9.2042795e-04   1.7828473e-01   1.5371885e-01   2.0235071e-01   7.6198625e-02   0.0000000e+00  -1.9134061e-01   1.0395582e-01   3.6914030e-01  -7.5609829e-02   2.2173159e-01  -6.9555363e-02   2.9067162e-01   1.9912089e-01   6.6289622e-02   2.0124408e-01  -4.7598143e-02   6.6004476e-02  -2.6670809e-01   1.8877399e-01  -2.2222791e-01  -7.6189636e-02   1.8766571e-02   1.7980135e-01   2.0671536e-01   1.2314428e-01   2.0943955e-01   2.3469885e-01   3.0225034e-01   1.5554468e-01  -5.5393271e-02   3.4306454e-01   7.3052072e-02   5.9799705e-01   6.0803487e-02   1.5902730e-01  -5.9517969e-02   2.3105617e-01  -6.9294772e-02   1.5384746e-01  -5.1039081e-02   1.4853794e-01  -6.9669872e-02   4.1912550e-01  -6.0696599e-02  -2.2638401e-02   1.7102529e-01  -1.9903539e-01  -7.3950277e-02  -7.2062450e-02   6.8466271e-02   5.2647405e-01   2.8158091e-01  -2.6425747e-02   3.0189927e-01   6.8348724e-03  -7.1327724e-03   1.3790938e-01   6.0215096e-02  -7.2536367e-02   1.6326535e-01  -1.3263040e-01  -1.2254094e-01  -4.1402856e-02   2.9249672e-01   5.1514779e-01  -6.5797807e-03  -1.5788645e-02  -4.6828876e-02   4.2005828e-02  -8.9287445e-02   2.3756793e-01   2.6139106e-01  -1.0535733e-01   3.2571830e-01  -2.3665047e-02  -2.2667223e-01  -1.5109876e-01  -1.3719664e-02  -8.7631480e-02  -1.0793134e-01  -7.0408134e-02  -2.8396386e-02   1.8548865e-01  -6.3607959e-02  -3.9890779e-02   3.7334052e-01   4.7922979e-02   1.5399008e-01   2.3817827e-01  -5.8315109e-02   1.3841678e-01   1.9610816e-01  -2.0505564e-01   1.9045931e-01  -8.1863511e-04   1.9793199e-01   1.0373699e-01   2.9056612e-01   9.2669428e-02  -1.2495771e-01   8.7268701e-03   9.8572422e-02   2.9669074e-02   8.6970416e-02   1.0441231e-01  -6.8021184e-02  -5.8552918e-02   1.6142223e-01  -1.4465757e-01   3.7284019e-01  -2.5782125e-01   4.3456365e-01   1.6325339e-01   1.9900854e-01  -1.0384430e-01   1.7440253e-01   5.3211353e-02   5.1979543e-02   3.2559342e-01   9.0187979e-03   1.2689985e-02  -1.8103874e-01   4.8714056e-01   1.6473135e-01  -1.1253373e-01   2.0950622e-01   1.0332520e-01   1.0655198e-02   3.3217231e-01  -1.9851956e-01  -2.1349774e-02   5.4846077e-02  -1.3506676e-01   3.5130554e-01  -2.0470844e-02  -2.3428156e-01   1.8880995e-01   1.1979326e-01  -3.2815648e-02   7.7257947e-02   1.9819038e-01   1.0667134e-01  -1.3313505e-01  -1.8730139e-01   1.4978813e-01   9.0465300e-02  -6.4726917e-02  -4.4722291e-02   9.1698179e-02   5.8087225e-01  -2.2274818e-02   4.1998176e-02  -9.8833932e-02  -5.4241016e-02   5.8086235e-02   5.5775679e-02   2.4695069e-01   6.7205790e-02   1.9895122e-01  -1.5508924e-01   7.4649045e-03  -1.0948713e-01   1.6278032e-01   7.2122291e-02   3.8331111e-02  -2.1492734e-01   4.8011618e-02   8.9526363e-02   2.6019936e-01
   5.8859722e-01  -2.2675649e-01  -3.4730785e-01  -8.7546932e-02  -4.7913329e-01  -1.6444457e-01   2.1957417e-01  -3.3692987e-02  -2.9053047e-01  -1.5899277e-01  -1.0705636e-02  -3.2777503e-01  -1.9134061e-01   0.0000000e+00   3.4369190e-01  -5.9091593e-02  -2.8071101e-01  -1.1974564e-01  -1.2599589e-01  -4.6960870e-01   2.1184614e-01  -2.3363280e-02   2.7420141e-01   4.4938537e-01   9.6401659e-02  -1.2099990e-01  -5.1541828e-01   4.9992974e-01   2.8016706e-03  -3.0083740e-01   2.2539286e-01  -4.4705122e-02  -2.7820019e-02  -1.1342542e-01  -4.5583029e-01  -4.3035697e-01   2.6714848e-02   1.1604635e-01  -1.4759963e-01  -2.7807483e-01  -1.6348396e-01   9.3803441e-02  -2.7640971e-01   2.3976494e-01  -1.4668146e-01   1.3393633e-01  -1.2917381e-01   3.0859173e-01  -1.5208004e-01  -3.8072779e-01   3.5923497e-02  -2.2180079e-02  -1.1294825e-01  -1.9989070e-01   6.0419665e-01   3.5642414e-01  -8.2131163e-02   2.1975279e-02  -1.3283324e-01  -1.6827659e-01  -2.2729467e-01  -1.3726994e-01  -5.0127556e-01   3.0247893e-02  -2.7431073e-01  -2.8623217e-01  -2.5027036e-01   3.3031518e-03  -1.0584480e-01   4.5373953e-01  -2.3826701e-01  -4.0492452e-02  -1.6718002e-01   3.3096763e-01   4.6272012e-02  -2.4075432e-01  -1.1759801e-01   1.5581249e-01  -6.0855532e-01  -1.2957901e-03   4.4075979e-01  -6.1202969e-02  -3.1939503e-02  -2.3180819e-01   3.5594755e-01   1.4235172e-01   9.3591954e-02   5.3132454e-01  -1.0986174e-01   5.3898897e-01  -5.1061152e-01  -1.8296090e-01  -1.3179628e-01  -1.7503238e-01   1.5749887e-01  -4.1573556e-01  -1.5283190e-02  -1.3978231e-01  -9.4859478e-02   1.7971701e-01   4.3369348e-01  -1.0322769e-02   5.0969161e-01  -3.7852823e-01   1.3825390e-01  -7.2154484e-02  -6.7169362e-02  -3.2250643e-01  -2.4919330e-02  -1.7449118e-01  -2.3439760e-01   3.1174584e-01  -2.5844062e-03   6.8981712e-01   6.4924924e-01  -4.9138299e-01   1.6029614e-02  -1.6742017e-01   5.0102678e-01  -1.9093561e-01   1.5763940e-01  -6.1301503e-01  -2.9932078e-01  -3.3508128e-02   6.6248892e-02   4.9086033e-01  -1.7473450e-01  -6.9345108e-02  -1.9343932e-01   3.5903087e-01  -8.3073538e-02  -3.6435459e-01   4.3155840e-01   3.1889125e-01  -2.3302516e-01  -1.7071089e-01  -2.4997754e-01   5.3968119e-01  -4.2900416e-02   3.4130564e-01   4.4613250e-01  -4.2514960e-02  -1.0746427e-01   3.8071329e-01   2.9990668e-01  -1.7023852e-01  -5.4700610e-02  -3.8284197e-01  -1.8185165e-01   9.4007485e-02   6.1188045e-01   1.6449887e-01   1.0311542e-01  -3.0259572e-01  -1.7419488e-01   3.2178254e-01   5.8435947e-02  -3.1859587e-01  -2.0517482e-01   2.9381769e-01  -2.1854279e-01  -1.3347773e-01  -2.0580998e-01  -6.5430742e-02  -4.0973843e-01  -5.0580287e-01  -1.3399840e-01  -1.1906731e-01   2.2484057e-01  -2.4829868e-01  -5.1881706e-01   1.9795030e-01  -1.0620793e-01  -8.2539682e-02   1.5268372e-01  -2.3295355e-01  -3.7399122e-01
