   0.0000000e+00  -2.5316468e-01  -2.4436252e-01  -1.0139672e-01  -3.4324120e-01  -1.7725956e-01  -6.5408184e-02   1.8308163e-01  -1.3401146e-01  -1.3321740e-01   2.6616073e-01  -2.9264498e-01  -1.9148506e-01   5.4693330e-01   4.1787983e-01   2.5907844e-01  -2.7132866e-01   4.5916291e-02   1.6710368e-01  -2.1138704e-01   2.8302936e-02   1.6993203e-01   3.0967038e-02   5.4088016e-01  -2.3893392e-01   1.5357936e-01  -6.1991717e-02   3.0506129e-01   5.4053390e-02   1.3900669e-01   2.3304051e-01  -1.8023774e-01   2.5873409e-01  -1.3215701e-01  -4.2796646e-02  -2.0358185e-01  -2.4925991e-01  -3.9253468e-02   1.0509311e-01  -2.6628610e-01  -6.7578012e-03   2.3093410e-01  -2.2911720e-01   3.8066844e-01   1.3613016e-01   2.3816323e-01   1.3664906e-01   1.4478705e-01  -4.3560869e-02  -1.2705203e-01   1.9137995e-01   1.7726862e-01  -1.7284785e-01  -9.0508679e-02   3.5092911e-01   2.0147635e-01   4.1216573e-02  -8.3694593e-02   5.5438799e-02   6.4072912e-02  -2.2003841e-02   2.5054317e-02  -3.4988513e-01   1.4735089e-01  -2.5049281e-02  -2.1219016e-01  -2.1866586e-01   1.7096524e-01   9.8237547e-02  -2.2385793e-01  -3.6848643e-01   1.9704049e-01   7.4836595e-02   6.4929170e-01  -1.3876556e-01   3.8287218e-02   2.0532470e-01   1.9530753e-01  -2.3890500e-01   1.7267067e-01   3.6474162e-01   7.6577873e-02   1.4548086e-02   2.4657903e-01   2.0281278e-01   2.7099795e-02  -2.8128007e-02   3.1902693e-01  -2.3505536e-01   8.7783170e-01  -1.7258318e-01   1.0423138e-01  -3.7602562e-01  -3.2963588e-01   3.0732257e-01  -1.1572099e-01   1.2418169e-01   7.6902744e-02   9.7019775e-02  -1.6429958e-01   4.0375333e-02   3.2478767e-01   3.5266173e-01  -2.2605708e-01   4.7019768e-02   4.0881575e-02   1.9883557e-01  -1.7378334e-02   6.2609452e-02  -1.4852768e-01  -3.4526205e-01   3.7945406e-03  -1.0493085e-01   8.6039640e-01   5.3912354e-01  -2.8087412e-01  -9.4535844e-02   4.6138491e-02   2.4072014e-01  -1.7054966e-01   5.3518262e-01  -6.0293398e-02   3.8717748e-02   2.0174808e-02   5.8188795e-01   5.6905563e-01   2.9438775e-01  -5.5774526e-02  -7.1631235e-02  -1.4999545e-01   7.7208476e-02  -9.8002954e-02   1.0294322e-01  -1.4640233e-01  -3.7942241e-01   1.3486971e-01  -1.4448252e-01   3.7322720e-01   7.0702378e-02   7.4659221e-01   8.6924818e-01   5.0791011e-02   1.0905599e-01  -1.6444135e-01   1.1223419e-01   2.6255711e-01  -2.1503640e-01  -2.8612542e-01  -8.9727576e-02  -2.5598762e-01   6.7350338e-01   2.3274842e-01   4.0340523e-01  -3.1294150e-02  -3.1065550e-01   4.1451829e-01   5.0048687e-01   2.2509010e-01  -1.5619594e-01   3.0135787e-01   6.6453999e-02   2.1949998e-01  -2.5418442e-01   1.2255099e-01  -2.4680281e-03  -1.5242849e-01  -6.3304974e-02   2.0725776e-01   5.7355380e-01  -1.8708028e-01  -2.3295217e-01   2.5284216e-01   2.4073333e-01  -1.0649489e-01  -1.7436482e-01  -2.0426268e-01   1.1917199e-01
  -2.5316468e-01   0.0000000e+00   6.8731264e-01  -1.7036916e-01   2.0008844e-02  -3.1012166e-01  -5.1819360e-02  -2.5307271e-01   3.4115424e-01  -1.7037889e-01  -5.9447447e-01   6.5124878e-01   1.0367211e-01  -1.9808651e-01  -2.3824272e-01  -2.1999830e-01   7.5257347e-01  -4.0447586e-01   9.5005884e-02  -4.1721586e-02  -2.7797194e-01  -5.7567385e-01  -6.0733339e-01  -2.3432364e-01  -1.3741389e-01  -3.0984722e-02   5.0409881e-03  -3.0395957e-01  -2.6262201e-01  -4.7734917e-01  -7.4353867e-02  -1.6973948e-01  -4.0643937e-01   1.2597854e-01   3.9557579e-01  -1.3325195e-01   2.1391417e-01   2.6154909e-01  -7.5799198e-02   6.5452876e-01  -1.9426660e-02  -3.7360438e-02   6.9601606e-01  -2.9657160e-01  -1.3076216e-01  -4.2657817e-01  -6.6143988e-01  -3.8746617e-01   1.0590305e-01   4.9972360e-01  -6.2569639e-01  -6.5843044e-02   6.1626172e-01   2.0530990e-01  -3.1321894e-01  -5.0159669e-01  -1.6307145e-01  -1.9454641e-01  -1.8247483e-01  -1.1518336e-01  -1.2414050e-01   3.5714372e-02   7.6227425e-01   2.9619075e-01   2.3360608e-01  -1.2813799e-01   4.8071347e-02  -3.2519487e-01  -6.1253233e-01   2.4568012e-01   7.1625113e-01  -2.0898836e-01  -1.2131974e-01  -1.4444444e-01   9.6108501e-03  -1.3084140e-01  -2.3368112e-01  -3.0715222e-01   3.2247058e-01  -1.5605615e-01  -3.3462525e-01  -4.9855125e-02   4.1197636e-01  -2.4041480e-01   5.6111170e-01  -4.0339911e-01   2.4836900e-01  -1.1384035e-01   3.3113958e-01  -2.8462736e-01   2.2706909e-01  -1.6267796e-01   4.0838151e-01   3.4627465e-01  -5.1058920e-02  -1.6621592e-01  -3.9990205e-02  -1.0564046e-01   8.2815041e-02   7.8946988e-02   4.8552315e-01  -4.6388281e-01  -4.4768979e-01   5.1327149e-01  -6.5894182e-01  -2.1321845e-01   6.2386255e-02  -4.7208662e-01   6.3704368e-03   1.7538930e-01   5.5337708e-01  -5.8017710e-01  -1.6721826e-01  -2.2195590e-01   1.7952171e-03   3.8511494e-01  -1.1309972e-01   8.8521701e-02  -1.3221245e-01  -1.3250360e-01  -5.2520998e-01   1.4875727e-01  -2.1290347e-04   1.9212202e-01  -4.9583440e-01  -5.4483969e-01  -3.8221720e-01   2.2955649e-01  -3.8126360e-01   5.2397126e-01   1.0140258e-01  -9.5510777e-02   4.3686929e-01   2.3005539e-01   3.2579902e-01  -3.0069048e-01   1.6596349e-01  -2.8659848e-01  -4.2181146e-01  -2.8195620e-01  -2.1533772e-01   2.1262526e-01  -5.2140123e-01   2.0061849e-01  -4.8310517e-01  -3.9995400e-01   7.0667645e-01   3.8103628e-02  -3.0614240e-01   2.2214007e-01  -1.5949030e-01  -3.8186352e-01  -3.5624547e-01   2.6146087e-01   8.0866291e-01  -1.6409387e-01  -4.7734389e-01  -1.2132216e-01   5.9016454e-02  -6.0536021e-01  -1.5091292e-01  -3.6204339e-01  -1.8167309e-01  -6.6190929e-01  -4.9520022e-01   3.1651594e-01  -1.0485806e-01  -4.3893470e-01  -3.3996480e-01   7.4823211e-01   3.9701132e-01   9.1568346e-02  -2.7495849e-01  -1.5102848e-01  -1.7683872e-01   4.6009875e-01  -2.1786144e-01
  -2.4436252e-01   6.8731264e-01   0.0000000e+00  -1.4019298e-01  -3.8652190e-02  -1.0226532e-01  -2.2465317e-02  -1.1995954e-01   3.1774763e-01  -3.1544952e-01  -2.6210472e-01   6.0050697e-01  -1.4704334e-01  -1.9644905e-01  -2.8356302e-01   1.4200083e-01   9.1209986e-01  -3.0885890e-01  -2.6883588e-02  -6.0901967e-02  -3.7728750e-01  -3.1043570e-01  -5.9474066e-01  -1.5648052e-01  -1.3035422e-01   6.0970123e-03   1.9647066e-01  -2.9277362e-01  -2.2498692e-01  -2.9149282e-01  -1.4803708e-01  -2.9944599e-01  -1.2974988e-01   9.1518405e-02  -6.8698090e-04   1.9400649e-02  -1.7206062e-02   1.2770870e-01   1.8283031e-01   6.8489619e-01  -6.3344512e-02   1.1604483e-01   5.8832041e-01  -2.0616467e-01   5.3803678e-02  -8.1619191e-02  -2.8492403e-01  -3.4584834e-01  -8.9165828e-02   6.4955368e-01  -4.4984442e-01  -1.7932906e-01   3.6385853e-01   1.4510955e-01  -2.6131520e-01  -2.8721949e-01  -1.3148399e-01  -2.6864057e-01  -8.7749489e-02  -7.5800144e-02   3.2055988e-01  -4.9479195e-02   4.5670099e-01   1.8010086e-01   3.6308804e-02  -3.5158903e-01   1.4704320e-01  -1.9182068e-02  -2.7193125e-01   6.1730831e-01   5.5735995e-01   4.8988757e-02  -1.2377280e-01  -1.4572795e-01   1.1127405e-02  -1.2870067e-01   1.3859527e-01  -1.5668291e-01   2.8267119e-01  -2.8957173e-01  -3.6434388e-01  -1.2824485e-01   3.6595388e-01  -1.8862435e-01   3.5860949e-01  -3.4251229e-01  -5.1920729e-02  -1.4968220e-01   1.4426420e-01  -3.2519428e-01   3.3977411e-02   3.0085174e-01   5.6137406e-01   2.0031230e-01   2.2567469e-01  -1.2042793e-01   7.4917236e-02   6.2696467e-02   1.9549607e-01  -1.8967042e-01   2.2693046e-01  -5.1042673e-01  -3.7457392e-01   3.8555665e-01  -4.7071654e-01  -2.7023751e-01   2.3542143e-01  -2.9107058e-01  -2.0116429e-01   3.4022938e-01   5.3358773e-01  -3.7890248e-01  -3.9086946e-02  -3.1973394e-01  -9.5295793e-02   2.3172624e-01   6.7251379e-03  -1.0735802e-01   6.4387859e-03  -1.5106896e-01  -2.0747739e-01   1.6798308e-01   7.3567396e-02  -1.0073001e-01  -3.3689488e-01  -3.8090659e-01  -2.2949432e-01   1.8363503e-01  -2.5329619e-01   5.9406176e-01   1.9590311e-01   7.8360743e-02   2.0083611e-01   3.0745381e-02   1.8526770e-01  -7.0286446e-02   2.2894711e-01  -2.3470108e-01  -4.6243364e-01  -2.3862129e-01  -1.8991194e-01   6.6963806e-02  -1.4745599e-01   3.7160527e-01  -5.0061552e-01  -5.0326154e-01   6.5361181e-01   1.4105362e-02  -1.8475742e-01  -1.9949265e-01  -1.1031291e-01  -3.2071490e-01  -1.1282358e-01   1.8954303e-01   7.7964095e-01  -4.1781005e-02  -1.0873539e-01  -9.0819505e-02   4.0468322e-01  -5.2552264e-01   8.3147247e-02  -4.1714153e-02  -3.4090149e-01  -4.5929836e-01  -3.7175652e-01   3.1290872e-01   1.5455645e-01  -3.0615014e-01  -1.0620260e-01   6.1671570e-01   2.7297058e-01   1.3602963e-01   6.1571192e-02   4.8870791e-02  -2.1773122e-01   4.0156490e-01  -5.4542435e-03
  -1.0139672e-01  -1.7036916e-01  -1.4019298e-01   0.0000000e+00   8.2238301e-02   3.1279046e-01  -2.0677727e-01   2.4565602e-01   8.2898224e-02   5.8179055e-02   2.2768557e-01  -2.4417432e-02   1.0860025e-01   1.7770641e-01   1.5144746e-01  -5.0437694e-02  -1.5401116e-01   4.3626276e-01   8.9877102e-02  -2.5655092e-02   4.5633582e-01   3.9623315e-01   2.9980496e-01  -1.2750242e-01   4.0647582e-02   1.6074074e-01   1.4017248e-01   2.6676180e-01  -2.1728805e-02   3.3538789e-01   3.3637450e-01   6.2178277e-01   4.2804776e-02  -1.3595880e-01   1.0496006e-01   1.5465530e-01  -2.8167442e-02   1.5964986e-01  -2.0681714e-01  -1.9760081e-01   7.9611221e-02   1.0753754e-01  -3.0824505e-01   9.4896986e-02  -3.1068363e-01   2.7892671e-01   4.3890219e-01   1.7126284e-01  -1.4052444e-01  -2.4518804e-01   2.0638220e-01   2.5528463e-01  -1.0615546e-01   5.4587616e-02   3.0998826e-01   3.1743552e-01   1.4247098e-01   5.6400800e-01   4.3537222e-01   9.1461778e-02   3.5726370e-01   2.0508843e-02  -5.1484653e-02   4.5845269e-02  -2.2093115e-02  -1.6094231e-01   2.7206025e-01  -2.3585050e-01   2.7341515e-01  -1.5399821e-01  -1.6197022e-01  -2.6388878e-01   9.7156025e-02   1.6950845e-01   1.4553958e-04   3.6024172e-01   1.9518806e-01   9.2415282e-02  -1.4602467e-01   1.0073671e-02   1.8367310e-01   5.0285078e-02  -6.9404077e-02   3.5311146e-02  -1.0367316e-01   2.8887807e-01   3.3291038e-01   4.3805329e-02   2.3666822e-02  -1.3981517e-02  -3.2347263e-01   2.6823829e-01  -2.0859903e-01  -6.6159048e-02   3.0060756e-01  -2.0604661e-01  -2.7181255e-01   1.0427306e-01  -3.0294696e-01   2.6094943e-03  -1.3286675e-02   1.9635668e-01   4.3676261e-01   1.8362952e-01   4.7056231e-01   6.6110696e-01   7.0278817e-03   2.3859982e-01   5.4354181e-02  -1.2155595e-01  -2.9485295e-01   4.4815191e-01  -4.4888873e-02  -9.4009619e-02   3.2284242e-02  -1.6144621e-01   2.7591668e-01   1.7167436e-01   6.2153605e-02   5.7262817e-01   1.1244633e-01  -3.9745115e-01  -2.3973915e-01   1.7763908e-01   1.6833175e-01   2.7467535e-01  -1.6444310e-01   1.0999452e-01   5.6846838e-01  -1.7466064e-01  -1.0383875e-01  -2.6268617e-01  -3.4015902e-02   1.9409906e-01   2.2356592e-02   1.3541798e-01   2.9530924e-02   2.0714467e-01   3.6223043e-01  -5.2266325e-02   2.7992526e-02  -1.4609943e-01   1.3083835e-01  -8.6499567e-02   2.7516072e-01   2.9431945e-01  -2.8987922e-01  -1.0039854e-01  -6.3219185e-02  -3.9844962e-02   8.5980182e-03   2.7026272e-01   1.3918559e-02  -3.2818709e-02  -2.5700266e-01  -1.5892110e-01   2.0179493e-01   3.7710164e-01   1.8993179e-01   2.9052788e-01  -2.3818578e-01   3.4825046e-02  -1.0458258e-01   5.2408366e-01   4.3797307e-01  -3.3826714e-01  -1.5161182e-01   3.6067723e-01   6.7724296e-02  -1.8020093e-01  -3.4716610e-01  -2.5154630e-01  -2.4563668e-01   2.8366953e-01  -1.2425083e-01  -1.0191680e-01   5.2523426e-01
  -3.4324120e-01   2.0008844e-02  -3.8652190e-02   8.2238301e-02   0.0000000e+00  -3.4368406e-02  -1.4305614e-01  -9.6812699e-02  -1.3742027e-01   5.8129573e-01  -2.6193045e-01   1.2942372e-01   4.8677020e-01  -5.0369352e-01  -1.8134686e-01  -3.3494347e-01  -1.0452049e-01   9.4776700e-02  -5.0152653e-02   8.0913432e-01   9.2562557e-02  -1.9739202e-01   1.6509572e-01  -4.2630654e-01   2.5768011e-01  -2.4621717e-01  -3.6956843e-02  -1.8770189e-01   3.6160180e-01   2.2073731e-02  -1.5408344e-01   3.1304245e-01  -1.0700113e-01  -1.2132400e-01  -1.4973443e-01   2.9258535e-01   5.2219261e-01   7.5856086e-02  -4.6092782e-01  -1.9555325e-01   9.6951174e-02  -1.3047919e-01  -1.0129637e-01  -3.4102996e-01  -2.2721817e-01   1.2985557e-01  -9.2397047e-04  -2.4473250e-01   3.4100610e-01  -3.3260521e-01   1.4764271e-02  -3.4627060e-02  -2.3097622e-01   3.6549607e-02  -1.7512032e-01  -2.3687185e-01  -2.2807042e-03   2.1446503e-01  -9.0145757e-02  -1.5715759e-01   1.1096579e-01   3.5676344e-01   2.7914887e-01  -3.1053902e-01   2.1730898e-03   2.4194526e-01  -1.3353539e-01  -1.9937173e-01  -6.0450751e-02  -1.0732927e-01  -1.3573340e-01  -3.0020471e-01  -1.6363410e-01  -2.8760898e-01   1.3403383e-01  -3.3035175e-01  -9.6136578e-02  -2.2709410e-02   2.0106456e-01  -1.3615826e-01  -3.3490864e-01  -2.9619435e-01  -2.8555899e-01  -1.9426824e-01  -3.1719850e-01  -1.5786257e-01  -1.9012697e-01  -3.4706379e-01   3.7841069e-01  -2.2159065e-01   4.5593994e-01   2.3817096e-03   2.8832904e-02   4.2169566e-02  -1.2439525e-01   6.3222739e-01  -1.1705865e-01  -1.4969858e-01  -9.0731388e-02   3.8879358e-01  -2.8370307e-01  -6.7511875e-02  -1.8966313e-01  -6.8036712e-02   8.1943103e-02   1.6905289e-01  -2.4957731e-01  -1.4569112e-01   2.7587973e-01   1.1049369e-02  -5.8871282e-02   6.9720757e-02   2.2138565e-01  -3.5018277e-01  -4.4456580e-01   9.2501152e-02  -6.7101373e-02   5.6073297e-02  -2.1427709e-01   1.7632525e-01  -3.1229332e-01   4.2021988e-02  -4.1914898e-03  -4.7383508e-02  -2.0906825e-01  -2.1381539e-01  -3.0184662e-01  -4.0106674e-02   5.6685066e-02  -3.0773517e-01  -3.3987063e-01  -1.1057390e-01  -6.9216984e-02  -3.8755237e-02   2.0081955e-01  -1.6741596e-01  -1.0930618e-01  -3.2799832e-01  -9.9836263e-02  -1.7420786e-01  -4.2006649e-01   2.2870717e-01  -1.1906524e-01  -7.0956862e-02   7.3001805e-02  -1.4265667e-01  -2.0568305e-01   3.1370260e-01   9.8280148e-02   3.6950542e-01  -3.0722816e-01  -2.4389066e-01  -1.8967906e-01  -1.3840289e-01  -7.2224950e-02  -3.0263302e-01  -2.4253914e-01  -1.6459881e-01   2.2341625e-01  -1.7859493e-01  -2.0559493e-03  -2.5354587e-01   4.4250431e-01   9.6826287e-02   9.3322516e-02   1.7159389e-01  -7.6467726e-02  -1.2633106e-01  -3.5928712e-01  -1.0465430e-01   2.3214566e-01  -4.8983589e-01  -2.9441284e-01   2.4632974e-03   1.9198018e-01   4.4045781e-02   1.6569732e-03
  -1.7725956e-01  -3.1012166e-01  -1.0226532e-01   3.1279046e-01  -3.4368406e-02   0.0000000e+00  -1.6822154e-02   2.7489219e-01   1.8474657e-01  -1.2860017e-01   3.7740674e-01  -3.6600091e-01   1.4524046e-02  -7.3247048e-02  -2.1410047e-01   1.4520766e-01  -1.1985024e-01   4.1832929e-01  -1.7122882e-02  -1.1866224e-02   1.7487678e-01   3.6914271e-01   1.8559185e-01  -9.3752227e-02  -2.3800124e-02   2.3602590e-01   2.3015070e-01   9.0096161e-02  -1.2573478e-02   3.2948490e-01  -1.6897842e-01   1.0986785e-01   3.5373196e-02  -4.7915492e-02  -2.4100830e-01   3.0159675e-01  -1.7421770e-01  -1.3591250e-01   1.6060388e-01  -1.0605793e-01   5.4798219e-02   2.0446345e-02  -3.0652203e-01   1.6264992e-01  -2.9813821e-02   1.6818069e-01   4.4237406e-01   3.5636268e-01  -1.6318031e-01   1.5808314e-02   2.8155039e-01   2.1855933e-01  -1.9719908e-02  -1.6602103e-01  -3.0039244e-02   4.0217015e-01   2.5647423e-01   3.7957696e-02   2.7455530e-01  -2.4397918e-02   1.3312713e-01  -2.2265592e-01  -3.0156072e-01   2.3583974e-02  -2.3504198e-02  -4.2823356e-02   5.7683281e-01   1.5108845e-01   4.1421482e-01   1.5163230e-01  -7.2642607e-02   8.0099169e-02   1.4714101e-01  -1.0102426e-01  -2.0873154e-01   1.6007898e-01   1.4999492e-01  -1.5621388e-01  -1.4038598e-02  -1.1341111e-01   1.3374396e-01  -4.8154409e-02   9.5035709e-02   2.0883189e-01  -1.3920294e-01   8.4585791e-02  -7.1208135e-02  -1.6661859e-01  -1.9442209e-01  -1.7799849e-01  -8.7882806e-02   6.2657289e-02   9.9240951e-02  -2.3463763e-01  -4.9009733e-03  -1.8004966e-01  -6.2551718e-02   3.1510737e-01  -6.3848577e-02  -3.7589486e-01  -1.3037949e-01   1.6863448e-01   2.5108915e-01  -1.0410139e-01   3.9109581e-01   8.0568769e-02  -1.0371676e-01   4.3672269e-01  -1.1243043e-01   2.8734754e-01  -1.1958331e-01   2.7920403e-01   3.9432155e-02  -1.1720921e-01  -3.8023020e-02   9.9112486e-03   3.0813641e-01   8.0869581e-03   2.0055547e-01   1.5203187e-01   8.4332427e-02  -9.3520247e-02  -8.6155596e-02   2.7307639e-02   1.9932843e-02   1.5498783e-01   5.6900397e-02  -1.3776072e-01   3.5428845e-01  -1.9430988e-02   7.5466626e-02   1.5276150e-01  -2.9131388e-01  -8.4624908e-03  -1.0958457e-01   2.2526766e-01  -1.8401666e-01   2.1623473e-01   1.2063626e-01  -2.1855762e-01  -1.9780082e-01  -1.3076798e-01   3.9212211e-01   1.1763895e-01   3.5204538e-03   1.3958187e-01  -2.0782155e-01   1.4667331e-01   2.1010122e-01  -1.9621968e-01  -1.4276573e-01   2.4709296e-01   6.8045939e-03   9.9792349e-02  -1.7425157e-01   2.5238856e-03   2.1938649e-01   2.5934917e-01   2.5518743e-02   2.8762985e-01   1.3655979e-02   3.2396425e-01   9.9211643e-02   4.1313325e-01   1.5261243e-01  -2.5949785e-01   2.1782385e-01   1.7651768e-01   3.9391907e-02  -1.2742724e-01  -2.4926213e-01   6.9301068e-02   1.8885152e-01   4.2523721e-01  -2.2716731e-01  -1.2928424e-01   1.4706562e-01
  -6.5408184e-02  -5.1819360e-02  -2.2465317e-02  -2.0677727e-01  -1.4305614e-01  -1.6822154e-02   0.0000000e+00  -1.2079687e-01  -9.0711581e-03  -8.9977291e-02   6.6375239e-02  -1.4834705e-02  -1.7451480e-01   8.5279620e-02   4.0723292e-02   5.5805547e-02  -2.9478695e-02  -6.6141958e-02  -1.5569744e-01  -1.5418527e-01  -1.1827830e-02   1.3651032e-01   9.2703134e-02  -6.2750865e-02   3.6933258e-02  -5.5822269e-02   3.3750629e-02  -8.4590436e-02  -9.9362135e-03   3.9450882e-02   3.1662093e-02  -1.7286569e-01   8.0552797e-02   3.9725492e-01   2.0665322e-01   1.0537183e-01  -2.3264326e-01  -2.3682934e-01   3.1252496e-02   1.3338299e-01  -9.0382471e-02   1.0702307e-01  -1.5147123e-02   2.1289220e-02   1.7978035e-01  -1.3268369e-01   3.9653441e-02   3.8535452e-01  -2.2516966e-01   5.8508501e-02   1.6118936e-01  -1.1416588e-01   7.6669729e-02  -1.5337810e-01  -4.0986781e-02   8.3500808e-02  -1.5227154e-01  -4.9685718e-02   9.3955567e-02   3.0413720e-01  -1.6058241e-01  -9.0850601e-02  -2.5680658e-01  -3.2073064e-04  -2.5133930e-01   2.5481632e-01  -3.6767948e-02   2.1127190e-01   5.9256127e-02   2.4798238e-01   1.9190530e-01   2.4089168e-02   9.7380028e-02  -2.4758324e-01  -7.3245035e-02   1.5461101e-02  -1.6284864e-01   2.2193462e-02  -1.9905451e-02  -1.1314643e-01   9.4435159e-02   2.2949955e-01  -2.1803262e-02   1.1588583e-01   1.4146463e-03  -8.9224325e-02  -9.8109303e-02   1.5536402e-01  -3.6656323e-02  -1.6057922e-01  -9.9217013e-02  -1.2053662e-01   2.4078362e-01   2.9858617e-01  -2.4911926e-01  -1.1378966e-01  -3.3076969e-02  -3.2323404e-02  -7.4431440e-02   8.0578547e-03   5.4576001e-02   1.0671447e-01  -1.2712849e-01  -4.1161224e-02  -8.3463582e-03  -3.0954486e-02   3.1238683e-02  -9.4424410e-02  -1.0180293e-01   1.5656183e-01   2.5175590e-01   7.9885095e-02  -1.0817889e-01  -4.7794439e-02  -4.9926692e-02   1.1332107e-01  -1.5931427e-01  -1.4834390e-03   6.1112542e-02  -1.1320835e-01   2.1241362e-02  -1.1335196e-01   1.5684939e-01  -1.0363410e-01   1.3212167e-02  -1.7671292e-01   1.7908924e-01  -1.4171403e-01  -4.1844750e-02   6.1219788e-02   8.5777464e-02   3.6656919e-01  -1.6504429e-01   1.3589237e-01  -2.1598741e-01  -7.2863134e-02   3.2844920e-03   8.9268115e-03  -1.3307081e-01  -7.5786253e-02  -8.5808013e-02  -7.5741542e-02   1.9091306e-01  -3.6390077e-02   2.4754206e-03  -1.1380334e-01   3.0117977e-01   1.4507868e-01   3.4474656e-01  -8.0790102e-02  -2.7040264e-02  -1.6946758e-02  -1.9531973e-02   3.7078005e-02   1.0523759e-01  -4.2127092e-02   1.8365152e-02   7.4523412e-02  -1.5479336e-01   9.3579425e-02   1.4145676e-01   2.6075908e-01   4.3208417e-02  -5.5990056e-02  -3.7140679e-02   1.8149125e-01   1.7464741e-01  -5.0742359e-02   8.7216394e-03  -7.8507097e-02   1.3586929e-01   4.0109371e-02   1.1195752e-01  -9.3777652e-02  -1.2852487e-01  -2.7754559e-01  -3.5250393e-02
   1.8308163e-01  -2.5307271e-01  -1.1995954e-01   2.4565602e-01  -9.6812699e-02   2.7489219e-01  -1.2079687e-01   0.0000000e+00   2.2727090e-01  -1.3101648e-01   5.2774567e-01  -2.4423289e-01   7.3576921e-02   1.9585561e-01   3.2121310e-02   3.3112487e-01  -1.9250884e-01   1.6332674e-01   2.1974770e-01  -7.5631038e-02   1.6813791e-01   4.7839111e-01   3.1259783e-01   2.2070251e-01  -2.5733133e-01   6.1215720e-01   2.9757060e-01   2.6533776e-01   2.0068150e-01   2.6162079e-01   8.2832673e-02   5.5547277e-02   1.5985697e-01  -1.3254097e-01  -1.0961857e-02   1.5873442e-01  -2.9401875e-01  -9.6887147e-02   3.0062952e-01  -7.8117138e-02   3.1204410e-01   2.6364071e-02  -3.8055961e-01   1.6956180e-01   3.1157043e-02   4.3897214e-02   3.0142481e-01   2.1407713e-01  -8.8506345e-02  -9.6230171e-03   3.3928548e-01   4.7442605e-01  -1.3651272e-01  -3.1112588e-01   3.7832517e-01   3.8766866e-01   2.7734597e-01   1.5102916e-01   3.6293387e-01   2.5088392e-01   2.4280899e-02   7.7077390e-02  -3.5958339e-01   4.6529664e-02  -5.3297071e-02  -2.3443611e-02   8.0459196e-02   2.3782711e-01   4.6769401e-01  -4.8622358e-02  -1.3368852e-01   9.1706384e-02   2.4510981e-01   1.8408517e-01  -1.1340268e-01   3.6494756e-01   1.5350645e-01   6.7387201e-02   1.3417543e-01   4.0899883e-02   4.4582807e-01   4.3971127e-02  -4.6311487e-02   5.8211082e-01  -1.4071369e-01   3.6263852e-01   2.9271300e-02   1.1207600e-01  -2.1974909e-01   1.9545915e-01   5.5661867e-02   9.2275721e-02  -1.3225950e-01   8.6866451e-03   2.2288521e-01  -9.8348722e-02  -7.0772349e-03   5.8717173e-01   8.2861046e-02  -2.8768214e-01   8.1215882e-02   2.6394867e-01   4.6313192e-01   4.3374241e-02   2.7298623e-01   2.3324385e-01  -1.7813527e-01   6.2209136e-01   5.7292929e-02  -1.2436952e-01  -2.0382080e-01   2.4467128e-01  -1.6682063e-01   1.9030534e-01   1.3265890e-01   2.1463124e-02   3.2617697e-01   1.9556310e-01   1.0692858e-01   1.4188088e-02   3.0629317e-01   1.1301913e-01  -2.0161324e-01  -1.1108562e-02   2.0666098e-01   4.4690371e-01   2.6703403e-01  -1.0453601e-01   2.9265521e-01  -7.3006158e-02   1.6896153e-01   5.6458410e-02  -3.1167408e-01  -4.3584383e-03  -2.8356443e-01   4.0066661e-01  -2.2445175e-02   4.4424691e-01   3.4387954e-01   2.4939230e-01   2.6396790e-01   1.0528008e-01   5.4882158e-01  -1.8618742e-02   1.8044302e-01   1.8412178e-01  -2.8888506e-01  -7.0581285e-02   1.0035775e-01  -2.8818677e-01  -7.4110415e-02   4.4762584e-01   1.1856931e-01   1.7793927e-01  -1.4463349e-01   2.1906288e-01   1.8926781e-01   2.0464104e-01  -8.2248713e-02   4.2148216e-01   9.0776717e-02   5.7301857e-01  -2.1122923e-01   2.4464902e-01   2.6717755e-01  -3.9030442e-02   1.9714065e-02   3.6452950e-01   1.7561574e-01  -1.8630570e-01  -8.8315685e-02   4.8351717e-02   2.4486821e-01   2.5724703e-01  -2.2330517e-01  -3.1559284e-01   2.1675089e-01
  -1.3401146e-01   3.4115424e-01   3.1774763e-01   8.2898224e-02  -1.3742027e-01   1.8474657e-01  -9.0711581e-03   2.2727090e-01   0.0000000e+00  -4.2631225e-01   1.2369312e-01   8.5069779e-02   1.4229503e-02  -1.1028529e-02  -4.1997711e-01   6.5375766e-02   3.5872531e-01   9.6231105e-02   2.0806994e-01  -1.9032284e-01   8.1520330e-02   5.9131865e-02  -2.0415480e-01   1.0342034e-01  -3.8791111e-01   3.3285504e-01   3.8579694e-01  -1.8884153e-01  -3.0862516e-01  -1.2568552e-01  -1.4772812e-01  -2.0746275e-01  -3.0041308e-01   3.3591553e-02   1.8680269e-01   2.1061527e-01  -1.6606795e-01   2.2177774e-01   2.8511207e-01   4.7292045e-01   2.2152242e-01  -7.7007363e-02   1.2596035e-01  -7.9034626e-02   3.2532459e-02  -2.5841106e-01  -1.0568038e-01   5.8241022e-02  -1.7675856e-01   5.3891366e-01   1.5477611e-02   2.1251585e-01   3.2415210e-01  -2.3998069e-01  -4.1877770e-02  -2.7889350e-03  -4.3920577e-02  -1.6365898e-01   2.8848820e-01   2.0505607e-01  -1.5687707e-01  -3.8076859e-02   1.2014546e-01   1.5712951e-01   3.8034832e-01   6.9374660e-02   3.8470653e-01   2.5805042e-02   1.7019770e-02   1.7232221e-01   4.5208969e-01   4.2680873e-02   2.2268138e-01  -6.1333554e-02  -3.0582433e-01   2.4699393e-01   1.6328867e-01  -2.6997772e-01   4.4806314e-01  -2.2892714e-01   3.7548561e-03  -4.8560633e-02   2.5752170e-01   1.9418496e-01   1.3855698e-01  -5.4979213e-02   2.3410811e-01   6.2194276e-02  -1.8536246e-01  -9.4702686e-02   1.5087559e-01  -1.5295256e-01   3.0646613e-01   3.3418360e-01   1.5675783e-01  -4.1965811e-01  -1.7125952e-01   3.1231046e-01   4.2745453e-02  -2.8899098e-01   2.4110949e-01  -1.3500066e-01  -2.2388674e-02   5.2379519e-01  -2.3375068e-02   4.0173398e-02  -2.1193794e-01   2.2597459e-01  -9.7656629e-02   1.7321714e-01   2.3635268e-01  -2.1069691e-01  -1.7360975e-01  -1.5875722e-01  -2.0775974e-02   3.1388404e-01   1.0801287e-01   1.4789483e-01  -4.6464477e-03  -1.4333432e-01  -2.5975009e-03   2.8728927e-01  -8.1964450e-02   4.8059179e-01  -1.1777253e-01  -1.2575137e-01   2.0340695e-01  -5.5344358e-02   2.3041118e-01   2.9895509e-01   2.6006808e-01   1.2592469e-01  -1.6018909e-02   1.5237108e-02  -1.9131411e-01   3.3085641e-02  -1.2142138e-01   1.2544148e-01  -4.8592420e-02  -1.0084650e-02  -3.5380645e-02   3.2847591e-01   1.6426459e-01   1.3945592e-01  -4.3006903e-01   1.2212915e-01   1.8951836e-01   1.3157465e-01   4.8658107e-02  -4.2783982e-02  -3.0734722e-01   1.0757796e-01  -1.4441200e-01   4.8152025e-01   4.3570672e-01   2.8603926e-01  -4.4997489e-02   2.9447024e-01  -1.7337598e-01  -1.1898494e-01  -8.2954265e-02   3.1684977e-01  -1.9911379e-01  -2.5514745e-02  -3.2053961e-01   2.0151119e-01   1.4585962e-01   2.3480907e-02  -3.3066090e-02   3.6456280e-01   8.7658315e-02   4.2964958e-01   2.0278572e-01   1.7712368e-01  -5.2381524e-01   7.8708380e-02  -1.6707088e-01
  -1.3321740e-01  -1.7037889e-01  -3.1544952e-01   5.8179055e-02   5.8129573e-01  -1.2860017e-01  -8.9977291e-02  -1.3101648e-01  -4.2631225e-01   0.0000000e+00  -2.1793309e-01   1.1120053e-01   1.8891245e-01  -3.1221581e-01   5.3919167e-02  -3.4192527e-01  -3.8136016e-01   7.4445987e-02   4.1221472e-02   5.1783981e-01   2.3722214e-02  -8.0918321e-02   2.7212491e-01  -3.1515118e-01   4.3692061e-01  -3.3603814e-01  -1.7460275e-01  -5.4921419e-02   3.9265817e-01   9.9717494e-02  -4.8055641e-02   4.3959708e-01   1.4001760e-01  -1.1143410e-01  -1.4122771e-01   9.8764202e-02   3.5398921e-01  -3.1897107e-03  -4.3042093e-01  -4.1900068e-01  -3.7929583e-02  -1.3194109e-02  -8.6313773e-02  -1.5269299e-01  -1.7455552e-01   1.2727339e-01   5.7006998e-02  -2.6187340e-01   2.7451772e-01  -5.3579797e-01  -2.4274458e-04  -7.1267424e-02  -3.2584312e-01   1.2846900e-01  -1.7855500e-01  -2.4718086e-01   1.1006625e-01   3.2904516e-01  -9.0859482e-02  -5.0945791e-03   4.1485243e-02   2.6146317e-01   1.2214382e-01  -3.3164053e-01  -1.4137206e-01   1.6021020e-01  -2.8111123e-01  -1.5252230e-01  -6.1319056e-02  -2.9528251e-01  -3.9557073e-01  -2.4276548e-01  -1.0289004e-01  -1.9405436e-01   2.6206659e-01  -2.6110308e-01  -1.8948840e-01   1.7138756e-01  -4.7884922e-02   2.7238234e-02  -2.4670108e-01  -9.1975249e-02  -4.8429781e-01  -1.6520885e-01  -3.9676720e-01   1.7302073e-02  -1.6605689e-01  -2.8493836e-01   3.9180608e-01  -1.2614265e-01   2.7167802e-01  -4.7551408e-02  -2.2808360e-01  -2.7944840e-02  -1.8812539e-01   5.6279016e-01  -3.0092442e-02  -2.0595521e-01  -1.3415390e-01   4.6744570e-01  -4.0221414e-01   7.8401486e-02  -4.3707563e-02  -1.4695444e-01   2.1092925e-01   1.7592587e-01  -8.8053094e-02  -1.1501699e-01   2.9030356e-01  -2.4770827e-01  -2.4089909e-01   2.0415715e-01   1.9274707e-01  -1.2275782e-01  -3.2782728e-01  -1.3418608e-01  -2.4355151e-01  -3.1645126e-03  -2.4705847e-01   3.2266178e-01  -2.4870330e-01  -1.1559592e-01   9.1215079e-02  -1.0039526e-01  -4.0378307e-02  -8.5547047e-02  -1.6155133e-01  -1.5998911e-02   3.0364280e-02  -4.7885621e-01  -4.1783020e-01  -1.8711495e-01   5.3883632e-02  -3.0782486e-02   2.3139679e-01  -1.8517223e-01  -5.9844062e-02  -3.3900580e-01   3.5451180e-02  -1.3193435e-01  -2.3849362e-01  -1.2375764e-01  -1.6054634e-01  -1.7678213e-01   4.0393884e-01   1.1769908e-02  -3.4388153e-01   9.4903420e-02  -5.9751714e-02   3.2538760e-01  -9.7132240e-02  -2.1720208e-01  -1.9626468e-02  -3.5648453e-01  -3.0258324e-01  -3.7726473e-01  -1.7699477e-01  -1.2581369e-01   9.7237730e-02  -1.0693218e-01   4.2857089e-02  -3.4623104e-01   4.0933387e-01   1.4271678e-01   3.0924060e-01   1.8432756e-02  -1.5554986e-01  -9.2592120e-02  -2.0671922e-01  -2.9612449e-01   8.2245143e-02  -4.9391590e-01  -2.8985636e-01  -1.0917575e-01   4.3525222e-01  -3.1623321e-02   5.3712631e-02
   2.6616073e-01  -5.9447447e-01  -2.6210472e-01   2.2768557e-01  -2.6193045e-01   3.7740674e-01   6.6375239e-02   5.2774567e-01   1.2369312e-01  -2.1793309e-01   0.0000000e+00  -5.1079683e-01  -1.6880342e-01   3.3316946e-01   2.7856769e-02   5.5532000e-01  -3.9594282e-01   4.2931220e-01  -8.6306627e-03  -2.4009485e-01   2.3355586e-01   6.9574619e-01   3.4124735e-01   2.7776462e-01  -2.3506806e-01   2.5694642e-01   3.2169932e-01   2.4824080e-01   1.0558898e-01   4.3887171e-01   3.9787854e-02  -1.8256463e-02   4.0844081e-01  -7.9771983e-02  -2.2549900e-01   3.0051269e-01  -4.6650161e-01  -2.3361137e-01   4.8646949e-01  -2.8346977e-01   2.2427682e-01   1.8105866e-01  -6.1384374e-01   3.3103692e-01   2.6295015e-01   2.5338224e-01   6.1843777e-01   4.8035614e-01  -2.4002387e-01  -4.2712934e-02   6.6934222e-01   2.5328320e-01  -2.6693344e-01  -3.4753145e-01   4.1594194e-01   6.2781796e-01   1.2141381e-01   1.2560176e-02   4.0493106e-01   2.1679818e-01   1.2917099e-01  -2.9397922e-02  -6.8998331e-01   1.0000681e-01  -2.4220374e-03  -3.3577219e-02   1.6526369e-01   4.4944517e-01   7.9488604e-01  -1.1338027e-02  -3.7512493e-01   3.6659898e-01   3.4642608e-01   1.7792310e-01  -1.9898228e-01   2.7957382e-01   4.7277540e-01   8.7829245e-02  -4.1868102e-02   7.4297429e-02   3.8503768e-01   1.3246279e-01  -1.2302999e-01   4.0379612e-01  -3.0484693e-01   2.8073987e-01  -2.4292779e-02   2.3841266e-01  -4.5012989e-01   3.1972155e-01  -1.7054296e-01   2.5804589e-01  -1.2446257e-01  -2.4573919e-01   2.8542358e-01  -1.4407694e-01   4.6125152e-02   4.7467365e-01   1.1910226e-01  -3.5734468e-01  -1.7352932e-01   4.5190589e-01   4.5086147e-01  -1.4391718e-01   5.7229820e-01   1.8398907e-01  -1.6573112e-02   6.8700140e-01  -8.3023779e-02   3.6155538e-02  -2.1178888e-01   3.8184787e-01  -9.6532822e-03   2.3586504e-01   1.1797089e-02  -8.8758119e-02   3.0759901e-01   1.0033415e-01   1.7479260e-01   5.3249477e-02   5.9830129e-01   3.0178453e-02  -5.2798290e-02   1.0350331e-01   4.6774483e-01   4.8269520e-01   5.3411058e-01  -1.5822903e-01   4.0002422e-01  -1.9634883e-01   2.6616962e-01   2.8953599e-01  -4.8049292e-01  -1.1414937e-01  -4.7412043e-01   3.1718290e-01  -1.2821271e-01   4.9730929e-01   2.5137605e-01   3.3504509e-01   2.8785832e-01  -1.2216675e-01   7.9942171e-01  -5.8573845e-02   2.0362499e-01   4.0968631e-01  -4.5199485e-01   1.8928732e-02   2.8642146e-01  -3.8211103e-01   1.8939175e-02   5.0672312e-01   4.0169445e-01   2.4678919e-01  -3.8606489e-01   4.0041630e-01   5.3107352e-01   3.8375572e-01  -6.5471914e-02   5.7092514e-01   2.3289255e-01   7.7367079e-01  -9.5386351e-02   6.1465114e-01   3.7756241e-01  -6.2742763e-02   2.8391858e-01   4.7227126e-01   4.4002499e-01  -3.5120589e-01  -2.5296741e-01   1.8651922e-01   5.3366711e-01   3.1093813e-01  -2.7005786e-01  -4.0499222e-01   2.2691906e-01
  -2.9264498e-01   6.5124878e-01   6.0050697e-01  -2.4417432e-02   1.2942372e-01  -3.6600091e-01  -1.4834705e-02  -2.4423289e-01   8.5069779e-02   1.1120053e-01  -5.1079683e-01   0.0000000e+00   3.7408675e-02  -2.0877808e-01  -1.9770731e-01  -1.0000801e-01   5.1101243e-01  -2.1558916e-01   1.1240983e-04   8.3287629e-02  -2.7011563e-01  -3.8494874e-01  -3.8631497e-01  -2.9343221e-01   1.3207902e-01  -1.9460097e-01   1.4604805e-01  -3.5904186e-01  -1.4207027e-01  -3.1713439e-01  -1.7723578e-02   1.6567100e-01  -2.1117597e-01   1.2710122e-02   1.9359279e-01   4.3727618e-02   1.3847707e-01   2.7197777e-01  -1.6254603e-01   4.8004847e-01  -2.1014031e-02   2.3154401e-02   5.2746173e-01  -4.1316656e-01  -9.0039800e-03  -1.7468610e-01  -2.5728472e-01  -4.4777876e-01  -1.2104085e-02   2.1501076e-01  -3.8541130e-01  -2.6667546e-01   6.5575768e-02   2.9177573e-01  -2.7676116e-01  -6.3073874e-01  -1.4814386e-01   1.4546476e-01  -6.9364400e-02   2.1266270e-01   1.3966782e-01   1.7139765e-01   6.0094804e-01  -8.0784203e-02  -1.6057849e-02  -2.0310263e-01   4.4164450e-02  -3.0130111e-01  -4.2464784e-01   2.0044262e-01   3.8381501e-01  -1.9166714e-01  -1.3373362e-01  -9.1274419e-02   2.7069083e-01   8.1324928e-02  -1.3718853e-01   7.9167882e-03   1.5864605e-01  -1.2920892e-01  -5.1834638e-01   1.6983986e-02  -4.5201360e-02  -2.3094146e-01   6.3510482e-02  -2.9937703e-02   1.7714121e-01  -8.6596367e-02   3.6458237e-01  -2.6885364e-01   6.8630515e-02   6.2810030e-02   3.2695771e-01   3.5961704e-01   8.4644335e-02  -1.6683219e-02  -2.8103884e-02  -2.2656997e-01   4.4535650e-02   2.2658941e-01   8.0431146e-02  -5.3871293e-01  -3.3486342e-01   4.4030473e-01  -3.4159108e-01   6.6166643e-02   1.6223007e-01  -4.1357249e-01  -1.1100741e-01  -4.3354687e-02   3.0432787e-01  -1.5365796e-01  -4.1764157e-02  -3.1255603e-01  -2.8565874e-01   1.3780704e-01  -2.0008715e-01   5.6443149e-02  -3.0631509e-01   5.0310709e-02  -3.4252537e-01   3.0390047e-02   1.2099286e-01  -4.6458479e-03  -2.5426136e-01  -3.7616192e-01  -2.4473176e-01   2.0429351e-01  -1.0632826e-01   1.7641888e-01  -4.6530999e-02  -1.7841292e-01   3.5976765e-01   5.7932227e-02   3.7655164e-01  -3.8168443e-02   2.7289606e-01  -4.3252350e-01  -1.3563556e-01  -2.1854871e-01  -2.1056675e-01   5.7834412e-02  -4.4702851e-01   6.3581583e-02  -6.4414930e-02  -2.9790734e-01   4.8118718e-01  -7.0195583e-02  -1.8486267e-01   3.9249429e-02  -9.2558917e-02  -4.0989589e-01  -3.2131859e-01  -8.8362911e-02   5.8527506e-01  -3.1484459e-01  -2.9432590e-01  -2.1813823e-02   3.1856325e-01  -5.9331904e-01  -1.0307589e-01  -4.6031970e-01  -1.7773436e-01  -3.8741422e-01  -7.8461543e-02   2.8630971e-01  -1.6143075e-01  -2.7549426e-01  -3.0383910e-01   3.2612786e-01   3.9744715e-01  -1.8863397e-01  -2.5716597e-01  -1.5697602e-01   1.1222903e-01   3.4350621e-01   2.5534985e-02
  -1.9148506e-01   1.0367211e-01  -1.4704334e-01   1.0860025e-01   4.8677020e-01   1.4524046e-02  -1.7451480e-01   7.3576921e-02   1.4229503e-02   1.8891245e-01  -1.6880342e-01   3.7408675e-02   0.0000000e+00  -1.9527063e-01  -9.2775657e-03  -2.6819454e-01  -1.0177939e-01   2.1262603e-01  -2.5692516e-02   4.8964307e-01   3.5320427e-01  -9.8986600e-02   2.3338645e-01  -2.4207155e-01  -3.8618113e-02   9.9964225e-03   3.2804683e-02   6.5945240e-02   2.8183252e-02   3.3445338e-02   3.7141936e-02   2.2936980e-01  -3.4787170e-01  -4.7170856e-02   1.8588699e-02   1.0922436e-01   2.7960342e-01   1.4314992e-01  -2.7824528e-01  -8.5316807e-02   4.5487869e-01  -1.7927609e-01  -1.1154294e-01  -2.3222914e-01  -1.7201050e-01  -2.3902390e-03  -7.2483802e-02  -6.9156248e-02   2.7928878e-01  -2.0337501e-01   9.2532647e-02   5.7692125e-02   2.9703259e-02  -4.9017428e-02  -4.3586096e-02  -2.1356547e-02  -3.3869574e-02   1.1091905e-01  -5.6624400e-02  -1.6143261e-02  -1.5075893e-01   2.9000538e-01   2.4130331e-01  -1.0807616e-01   2.4052376e-01   1.7678846e-01   2.4334871e-02  -3.3386768e-01  -8.5199174e-02  -1.4314710e-01   3.3890293e-02  -2.3329082e-01   6.5984431e-02  -9.3778811e-02  -4.1577084e-02  -1.6850560e-02  -1.5643069e-01  -1.4060898e-01   2.2229354e-01   5.3540385e-03   9.0609006e-04  -8.8651576e-02  -1.0085342e-01   2.5686793e-02  -3.8202487e-02  -1.3713510e-02   5.5863607e-02  -6.5573722e-02   1.2956600e-01  -1.1779585e-01   3.8235304e-01  -1.9547516e-01  -4.7981642e-02   5.9133067e-02  -3.4721713e-02   2.8148430e-01  -7.1035186e-02  -7.3893306e-02   4.2775445e-02   1.2725044e-01   8.1120896e-02   8.6534140e-02   2.8958731e-02   4.0661250e-02   5.8812516e-02   1.2430399e-01  -3.5363706e-01  -2.1092720e-02   1.8815351e-01  -6.3212003e-02  -3.2834745e-02   3.4259487e-02   1.5273825e-01  -1.2119278e-01  -1.6965835e-01   1.1596377e-01   1.4524808e-01   3.8734027e-01  -1.3853532e-01   2.5845235e-01  -3.1534215e-01   1.5648238e-01  -1.6162267e-01   1.4462767e-01  -1.9976104e-01  -1.2131115e-01  -8.3713219e-02  -6.8866170e-02   1.0172986e-01  -1.3608003e-01  -7.1780896e-02  -1.5172175e-01   6.6319959e-02   1.4644544e-01   8.5918611e-02  -1.2596086e-01  -6.2724392e-02  -7.2842592e-04   1.2053974e-01  -7.1907091e-02  -2.0431841e-01   4.5738057e-01  -7.0279779e-02  -2.1372748e-02   1.2616565e-01   5.2725068e-02  -1.6432887e-01   1.4714103e-01   1.3134049e-02   2.6678419e-01  -2.5025702e-01   5.1581854e-03  -2.8337732e-01  -8.5517919e-02  -2.9081961e-02  -1.2853464e-01  -2.7173025e-01   2.6213553e-02  -5.7364270e-02   3.7628683e-02  -2.0803111e-01  -1.4134037e-01   2.5785274e-01   1.6529873e-01  -2.3060730e-02   1.2086023e-01  -8.5669157e-02   1.3943176e-02  -3.6825887e-01  -4.8301701e-02   2.5543866e-01  -2.8749182e-01  -2.3015895e-01   4.3855155e-02  -4.1077243e-02   8.5305395e-02  -1.3670091e-01
   5.4693330e-01  -1.9808651e-01  -1.9644905e-01   1.7770641e-01  -5.0369352e-01  -7.3247048e-02   8.5279620e-02   1.9585561e-01  -1.1028529e-02  -3.1221581e-01   3.3316946e-01  -2.0877808e-01  -1.9527063e-01   0.0000000e+00   3.6381291e-01   3.6286739e-01  -1.5584156e-01   8.3778227e-02   6.2501064e-02  -4.4685286e-01   1.3848950e-01   2.6060269e-01   1.3432054e-01   4.4891644e-01  -2.4311746e-01   2.9945212e-01  -7.4286496e-02   4.1810221e-01  -1.2998404e-02   1.3824942e-01   4.0845581e-01  -5.6258836e-02   2.6245138e-01  -3.2707054e-01   2.1912225e-01  -2.0204880e-01  -3.2824457e-01  -6.9672755e-02   2.1854111e-01  -6.9179302e-02   2.9523645e-03   3.2441148e-01  -2.6002862e-01   3.3789991e-01   1.7131320e-01  -2.0078019e-03   8.3586625e-02   3.5303574e-01  -1.1591320e-01   1.9003033e-02   2.6999469e-01   1.0169273e-01  -6.7460307e-02  -1.8157821e-03   6.3422804e-01   4.7820148e-01  -1.2882762e-02  -5.6618619e-02   7.6764244e-02   1.6865228e-01  -8.7776043e-02  -1.0564339e-01  -3.3973023e-01   2.9848024e-01  -3.8623361e-02  -2.7461797e-01  -3.5824239e-02   1.7440736e-01   2.4145474e-01  -2.0928124e-01  -1.8724892e-01   2.8948240e-01   1.5062750e-01   7.1085459e-01  -5.7886491e-02   2.5360644e-01   1.3789334e-01  -6.1220612e-04  -2.4687216e-01   3.3354951e-01   6.0765388e-01   9.9230117e-02   2.1687686e-01   3.2051089e-01   3.3881732e-01   8.6353140e-02   2.1122318e-01   6.3270208e-01  -2.7430302e-01   5.2537547e-01  -2.4408151e-01   1.1952576e-02  -3.7368972e-01  -1.8505497e-01   1.9089019e-01  -2.6014152e-01   1.2514228e-01   1.5987842e-01   1.3670577e-01  -3.6671928e-01   2.7334652e-01   2.5282980e-01   5.1867153e-01  -8.1807996e-02   1.0261156e-01   1.6884339e-01   3.0564859e-01   1.0853267e-01   1.2130494e-01  -3.0150241e-01  -2.6089517e-01   6.1449109e-02  -1.9395947e-01   5.8556426e-01   6.2888644e-01  -3.6017517e-01   2.0033867e-01  -4.0774737e-02   3.8073173e-01  -6.8779118e-02   4.7174478e-01   6.5007834e-02  -3.7588694e-02   3.1059129e-03   3.1219099e-01   5.8139600e-01   2.3755171e-01   1.4085185e-01   1.2801010e-01   7.6175319e-02   1.9218559e-01  -1.0736582e-01   9.4442543e-02   1.3294396e-02  -3.9543189e-01   8.4359626e-02   1.0996639e-01   5.9638433e-01   1.9302043e-01   3.4723404e-01   6.2896901e-01  -3.0036939e-02   1.3160965e-01  -4.4675142e-03   3.0667656e-02   1.9806322e-01  -8.2411483e-02  -4.1598539e-01  -3.0832030e-01  -4.0757540e-01   4.9665696e-01   4.9401445e-01   3.3123376e-01   1.3071196e-02  -2.1430267e-01   4.2530659e-01   2.6894620e-01   2.5478426e-01  -2.0351913e-01   5.7286807e-01   3.3780369e-02   2.3387571e-01  -3.9872047e-01   2.2696783e-01   8.3655492e-02  -2.5710168e-01  -1.9204888e-01   3.9270796e-01   5.7498141e-01  -1.5815364e-01  -3.5173198e-01   2.8119320e-01   2.7638508e-01   1.6147003e-02  -2.0406995e-01  -7.0074695e-02   7.6336977e-02
