   0.0000000e+00   1.9462926e-02  -2.2958339e-01  -2.9891851e-02   8.5695043e-02  -1.8634895e-01   1.4638865e-01   1.0802126e-01  -1.7579687e-01  -1.1471572e-01   1.9929992e-01  -9.9582819e-02   1.4513162e-01   1.7104642e-01   2.7731682e-01  -1.2020913e-01  -6.7067330e-02   1.8619683e-01  -1.3701697e-01  -4.0860010e-02  -2.6067594e-01  -8.7322666e-02   7.2608352e-02   7.2369394e-01  -3.8127132e-02  -4.4518569e-02   9.7397555e-04   2.8457767e-01  -9.5735576e-02  -6.5984189e-02   1.1120942e-01   2.4212371e-02  -5.7370503e-02  -1.0522329e-01  -2.6973316e-01   1.2012909e-01  -1.4769013e-01   4.6574471e-01  -6.2708718e-02  -1.3889926e-01   8.0860592e-02  -4.3189267e-03  -2.3286835e-01  -9.2103495e-02   2.2447521e-02   3.1727364e-01   1.2937106e-01   8.3214553e-02   3.3757475e-02  -6.4481162e-02   5.1712332e-02  -2.3013165e-02   4.1073813e-02  -1.6719757e-02   1.5066914e-01  -2.0730039e-02  -1.5985297e-01  -7.9521868e-02  -7.3712382e-02  -7.7873838e-02  -5.8285473e-02   4.6776348e-02  -1.6576928e-01   1.2155112e-01   2.5482995e-02   9.7336480e-02  -1.2561604e-01  -2.0191581e-03  -9.9142101e-03   9.3408353e-02  -5.6883976e-02  -3.8686323e-02   1.7210829e-01  -4.8100542e-02  -2.0589037e-01  -9.8385094e-02   2.0667634e-01   3.6861160e-02  -1.0785902e-01  -1.5548664e-01   2.1330256e-01   1.7852717e-02  -1.2518953e-01   1.8466479e-01  -1.7662040e-02   3.9842188e-02  -1.9873381e-01   4.1044254e-01  -5.2629628e-02   8.1067602e-01   2.2156592e-01  -1.7678435e-01  -1.4347913e-01  -9.5606519e-02   3.2553486e-01   1.5427587e-03   2.2178884e-02   7.9623919e-02   8.3089360e-02  -1.2071512e-01  -1.2627338e-02   4.2517492e-01  -1.4656704e-01  -3.6009558e-01   4.9791382e-04   1.4891111e-01  -2.1719098e-02  -1.3696528e-01   2.2486845e-04   2.8959160e-02   3.8692445e-02  -6.1573980e-02  -1.2581360e-01   7.5325514e-01   2.2009815e-01   3.7508438e-02  -3.2959726e-02  -9.5912733e-03  -3.8193300e-02  -7.4138633e-04   3.0453962e-01   3.0446913e-02  -1.9850908e-01   6.8148467e-04   3.5429593e-01   2.1864850e-01   2.8038922e-01  -7.7362517e-02  -1.8507323e-01  -6.3966385e-02   4.2313317e-02   7.6409562e-02   9.2067016e-02  -2.2740864e-01  -3.0131018e-01   5.5226521e-02  -1.2616375e-02   1.3263652e-01  -2.8537732e-04   5.6554503e-01   6.1033303e-01  -1.8009087e-01   1.7301865e-02  -2.0322041e-01   1.3398011e-01  -1.1985831e-01  -1.7872334e-01   2.6879768e-01  -8.8622237e-02  -1.4329247e-01   4.0930989e-01  -3.6507826e-03   7.0912662e-02   1.5165065e-01  -1.5777514e-01   6.3833905e-01   1.4627583e-01   3.5998276e-02  -1.6034104e-01   1.4154141e-01  -2.3922678e-01  -3.1223965e-02   5.5582945e-02  -1.2347944e-02   1.1400032e-02  -6.1115609e-02   2.9723594e-01   9.1453555e-02  -2.5146031e-01   6.0492754e-02   3.0526760e-02   1.9394026e-01   1.6991793e-01  -2.2963978e-01  -2.5814399e-02  -4.6376092e-02   3.4147062e-02
   1.9462926e-02   0.0000000e+00   3.4512378e-01  -8.4797376e-02   3.0785539e-01  -3.0500061e-01  -2.4709291e-01   1.0959607e-01   5.1901582e-01  -1.3136130e-01   1.5705480e-03   4.7787878e-01  -1.4936722e-01   5.7840969e-02   5.5150246e-02  -1.2402509e-01   4.8097052e-01  -9.3229436e-02   1.0734326e-01   6.9163245e-02  -3.7585833e-01  -7.4812584e-04  -4.6466562e-01   7.7083215e-03   1.6125944e-01  -8.0285434e-02   3.3989036e-01  -2.7391227e-01   1.1258850e-01  -3.0882426e-02   5.4737936e-01  -2.0763191e-01   1.5514765e-01  -9.7678931e-02   4.1209876e-01  -2.4152110e-01  -1.3049643e-01   1.7333904e-02   6.1859771e-02   5.2477496e-01  -6.4079383e-02  -1.3073040e-01   3.6859668e-01   3.4801512e-02  -1.4156013e-01  -5.8521216e-02  -2.6910933e-01   1.6718809e-01  -1.8295720e-02   5.9165690e-01  -3.4999324e-01   8.0434110e-02   2.9407303e-01   6.0718198e-03  -4.8483728e-02  -2.8033886e-01  -3.4651420e-01  -8.5422657e-02  -1.8415060e-01   1.8705439e-01   1.8468299e-02  -2.1353336e-01   4.8685765e-01   2.1779381e-01   3.4558373e-01  -2.2902295e-01  -1.8970554e-01  -1.4282175e-01   1.2015744e-02  -1.3191420e-01   5.4293258e-01  -2.4115017e-01  -4.0039766e-02  -3.2225370e-01   1.6553382e-01  -4.2322106e-02  -1.8386180e-01   5.9561351e-02   2.7069142e-01  -1.6473674e-02  -3.6674187e-01  -1.6869595e-01  -9.8485176e-03  -1.3311094e-01   3.7626903e-01  -1.6471225e-01   5.1677491e-01   2.5786282e-02  -3.6580744e-02  -6.1227924e-02   4.5588854e-01   1.1949437e-01  -1.0551973e-01   1.7151502e-01  -1.6898193e-01   3.3667284e-01  -1.9527007e-01   1.3914770e-01  -5.5278727e-02  -2.0356700e-01   4.3126215e-01  -1.8995120e-01  -1.7449362e-01   1.0740277e-01  -2.2317025e-01  -1.7662974e-02   1.5538455e-01   1.7445210e-02  -3.0809813e-01   3.7146057e-01  -3.6960585e-01  -2.9089863e-01  -1.0216828e-01   2.0628173e-02  -1.7645900e-01   5.4629554e-01  -7.6306375e-02  -6.9858445e-02  -4.9755348e-02   2.3147348e-02  -1.9051616e-01   3.5044918e-01   2.8278845e-01   2.6068833e-01  -1.6515613e-01  -8.9387209e-02  -3.9802873e-01  -1.7653027e-02  -1.2029133e-02   3.8965973e-01  -1.3015596e-01   4.2766271e-02   4.4958257e-01  -8.8420381e-02   7.7778397e-02   2.0958868e-01   1.9360058e-01  -2.1529001e-01   1.2982367e-01  -2.6453718e-03   6.1799594e-02   1.7347243e-02  -1.0317992e-01   1.2580436e-01  -2.0570518e-01  -2.5236148e-01   2.6789219e-01   3.0533329e-01  -2.2080369e-01  -1.3834110e-01  -2.1153341e-01  -1.2950324e-01   3.2582000e-02   2.2146600e-01   6.2415659e-01   1.1824131e-01  -2.4013985e-01  -2.7807501e-01   4.4762605e-01  -2.7020367e-01  -5.3057624e-02   4.5694018e-02   1.2464181e-01  -3.5753931e-01  -7.0350794e-02   2.8140809e-01  -1.3596944e-01  -2.9465737e-01   9.4039777e-03   6.0956022e-01   4.0626601e-01  -2.2074485e-01  -2.2786450e-01   7.6132357e-03   6.5323316e-02   1.1789417e-01   1.2037709e-01
  -2.2958339e-01   3.4512378e-01   0.0000000e+00   1.0417874e-01   3.0919427e-02   3.2462923e-01  -6.2861304e-01   1.6578559e-01   2.7317204e-01  -3.8435259e-01  -2.9743972e-01   2.2278289e-01  -3.3860440e-01   7.2640351e-02  -3.5394991e-01   8.7081344e-02   8.4451195e-01  -2.7272902e-01   2.7636427e-01  -2.3154348e-01  -1.8421607e-01   2.0681648e-01  -5.9346351e-01  -1.8040577e-01   4.4765967e-01   2.0855875e-01   9.9433217e-02   9.2375898e-02   5.6301982e-02   5.9031495e-02   2.0928865e-01   7.5338268e-02   3.4380050e-01  -3.8783426e-01   2.0733500e-01  -4.6271348e-01  -2.8127216e-01  -1.1743446e-01  -5.4853699e-02   4.2804900e-01  -1.2021977e-01   5.3930410e-02   3.8205552e-01   2.4486037e-01  -4.9543866e-01   1.7915309e-01  -2.7116215e-01  -4.2142622e-01  -1.9086194e-01   6.6756115e-01  -4.5476955e-01   2.6867190e-01  -1.3820883e-01   4.1469159e-01   1.8850812e-03   1.4642013e-01   4.0528796e-01   7.9181624e-02  -5.5715345e-02  -3.7231280e-03   4.9623777e-01  -2.2212251e-01   4.7465326e-01  -1.7302510e-01  -2.1579103e-01  -6.1641995e-01   3.0819033e-01  -1.7068210e-02   2.0833071e-02   3.6813809e-01  -1.0531542e-02  -1.9657643e-01  -3.6495325e-01   4.2162072e-01   3.9218250e-01   9.0507267e-02   1.7838291e-01   3.4039239e-01  -1.4717931e-01   1.1513601e-01  -1.2162671e-01  -3.0204765e-01   3.1148059e-01   1.3395547e-01   6.2410742e-01  -1.3059599e-01   1.3394408e-01   9.1067710e-02   4.8466828e-02  -2.2339295e-01   1.1227355e-01   6.8724561e-01   3.9182188e-02   1.3817662e-02  -1.3299988e-01   2.9341519e-01   5.9661815e-02   1.6873945e-01  -1.9339716e-02  -4.6802071e-01   2.7574110e-01  -4.2721006e-01   2.9949927e-01   2.2241479e-01  -1.6368728e-01   1.0523864e-01   4.0823573e-01   2.1764754e-01  -4.0520839e-01   3.4257962e-01  -3.0356558e-01   9.8899685e-02   1.5207621e-01   1.9816018e-02  -1.8482004e-02  -1.8432345e-02   2.1991010e-01  -2.7485855e-01   4.0355552e-01   1.1159925e-01   9.9912185e-02   2.0819347e-01   3.2169004e-01  -2.0478966e-01  -1.7215023e-02  -9.5935196e-02  -4.5251018e-01   3.7659677e-01   2.4363128e-01   4.5936740e-01  -1.3304220e-01  -4.5449340e-01   3.9656205e-01  -1.7560299e-01   3.5474704e-01   2.0259495e-01   2.8705287e-01  -1.3331297e-01   1.4196590e-01  -1.9699505e-01  -6.6943575e-02  -1.2484765e-01  -1.1209964e-01   5.9582484e-01  -4.6240051e-01  -1.6363412e-01   7.9173216e-02  -2.8842530e-02  -2.4426389e-01  -3.7875943e-01   1.8638404e-01   5.0121001e-02   4.7625809e-01  -1.8343032e-02   7.4543179e-01  -4.0117101e-01   8.1315248e-02  -1.7384064e-01   6.9686097e-01  -8.8075747e-03   6.2737064e-02  -8.8071663e-02  -3.0358186e-01  -2.0784568e-01   2.6626913e-02  -2.0321479e-01  -4.4172985e-01   2.5144681e-01   5.9548750e-01   1.2209749e-01  -1.6722562e-02  -2.1577864e-01  -1.9980481e-01   6.0158549e-01   1.2546357e-01   4.4934167e-01   6.7073618e-02
  -2.9891851e-02  -8.4797376e-02   1.0417874e-01   0.0000000e+00   1.8907051e-01   3.9333621e-01  -2.8647404e-02   3.5283227e-01   2.8970662e-02  -1.4345609e-01   3.9030097e-01  -2.0516591e-01   1.5705268e-01   2.6881199e-01  -4.5723047e-02   2.0976613e-01   1.6867224e-01   1.6828711e-01   2.1787742e-01   1.8674044e-01   3.5884915e-01   5.2503136e-01  -4.1825891e-02  -1.5496001e-01   1.1868915e-01   5.7878282e-01   8.5427558e-02   2.8490457e-01   1.6801782e-01   4.5657633e-01   5.5195828e-03   4.2519564e-01   4.1259589e-01  -7.1700603e-02  -1.7618349e-01   2.9830794e-01  -7.4038218e-02   2.2974247e-01   3.2766924e-01   1.9359905e-02   1.2151907e-01   2.6971428e-01  -2.1189579e-02   3.9423225e-01  -1.4829859e-02   4.8045875e-02   4.7386549e-01  -1.5499100e-01  -2.0231472e-02  -4.4250271e-02   1.4278283e-01   5.0045284e-01  -2.3050957e-01   1.4288091e-01  -3.1202833e-02   4.1416109e-01   2.8152733e-01   6.0692242e-01   5.4062146e-01  -8.4628241e-02   3.4867079e-01   3.1517654e-01   2.2034160e-01  -1.0787412e-01  -2.2117362e-01  -2.2718950e-01   4.6708144e-01  -1.4140380e-01   5.6761051e-01   6.7262477e-02  -3.9245824e-01   4.6564995e-01  -9.9281400e-02   2.2199351e-01   1.0225939e-01   4.8039843e-01   1.6941771e-01   3.8241201e-01  -6.6817821e-02   3.9074684e-01   4.0407599e-01  -1.3080361e-01   5.0905362e-02   3.0465863e-01  -2.3955151e-02   5.6250276e-01  -1.8117222e-01   1.2607939e-01  -7.3053314e-02  -8.5128968e-02  -4.2325915e-02   2.4054584e-01  -1.5530773e-02   4.5617289e-01   1.4408842e-01   6.2034633e-03   6.1421802e-02   3.1498035e-01   1.3852174e-01  -9.7631975e-02  -1.6999691e-01   2.2616148e-01   4.4278799e-01   1.4988997e-01   5.5106283e-01   5.2790310e-01   1.9846281e-01   5.7150426e-01   1.5756613e-01  -4.0259449e-02   1.0322210e-01   4.2337826e-01   2.9902771e-01  -2.5117749e-02   2.6347955e-02  -2.3699620e-01   3.4637180e-01  -4.4377051e-02   1.7048646e-01   7.3230844e-01  -6.7500929e-03  -9.2746576e-02   8.7222854e-02  -1.2528998e-01   7.1589476e-02   1.9117542e-01   2.6179684e-01   1.6678935e-01   6.6943999e-01  -5.6320138e-02   2.1751045e-01  -4.3196200e-02   5.1957513e-02   2.1059745e-02   4.1834518e-01   5.3190551e-01   2.2895269e-01   2.4151665e-01   5.5849190e-01  -1.4073478e-01   1.3728904e-03  -8.0552020e-02   3.8475970e-01   5.5385791e-02   1.7657108e-02   3.8300853e-01  -1.0634328e-01   5.9944108e-02  -2.7967814e-02  -1.5513780e-01   1.2088975e-01   3.3279448e-01   2.0415558e-01   2.1795969e-02  -5.0717740e-02  -1.7120101e-01   7.4901133e-02   4.6789335e-01   2.2163738e-01   3.0907988e-01  -1.6080703e-01   4.3022080e-01  -5.2536502e-02   4.7321641e-01   3.1258410e-01  -2.3654683e-01   1.2195632e-02   4.1516278e-01   4.9752348e-02  -3.8948347e-01  -2.1047828e-01  -2.8401701e-02   1.4298531e-01   1.9964961e-01   8.7714909e-02   1.9353639e-01   5.1959966e-01
   8.5695043e-02   3.0785539e-01   3.0919427e-02   1.8907051e-01   0.0000000e+00   2.6688338e-03  -9.2368765e-02   2.1057477e-01   1.8125555e-01  -1.7546908e-01   2.7136648e-01   3.0869300e-01   2.4590843e-01  -2.1275599e-02   2.4917617e-01   3.1035078e-01   2.4796607e-01   2.5929995e-01   2.7040837e-02   6.3353031e-01  -7.3200824e-02   7.8660662e-02  -2.7281042e-01   6.8947045e-02   1.1682213e-01   1.0376671e-01   4.0594558e-01  -9.3553664e-02   1.7709997e-01   7.8132527e-02   1.2488213e-01   7.4830997e-03   2.1438222e-01  -1.4641594e-01   8.8173087e-02   3.9400925e-01  -1.3126404e-01   4.7625675e-03   2.5920456e-01   2.7513213e-01   2.8254123e-01   1.6238206e-01   2.3743489e-01   1.4689167e-01   1.0105395e-01  -2.0126252e-01   2.6973212e-01   3.6548283e-02  -9.0135644e-02   2.6488778e-01   6.0124955e-02   1.5407148e-01  -3.3559015e-02   2.0522584e-01  -9.8291320e-02   4.7037652e-02  -6.5160982e-02   1.7855403e-01   6.4497283e-02   1.3802238e-01  -5.3153771e-02   1.6101858e-01   3.5786199e-01   8.4077272e-03   2.0056007e-01   2.4536712e-02   7.8933636e-02  -3.9259326e-01   2.4216664e-01  -2.0775778e-01   6.3190822e-02   1.0086784e-01   1.5297503e-01  -9.4048986e-02   2.1062992e-02   1.5143346e-01  -1.4034528e-01   1.3082761e-02   4.2731793e-01   2.5925374e-01  -8.0939271e-02  -1.4129769e-02  -1.9135111e-01   2.7900994e-03   4.1393963e-02   2.4841552e-01   2.3812862e-02   1.3526837e-01  -2.5161186e-01   3.6182317e-02   7.5368337e-01   6.3454881e-02  -1.3704228e-01   1.9783252e-01  -1.4799635e-01   5.9148042e-01  -1.4094091e-01   6.9510705e-02   1.8497578e-01  -2.0528328e-01  -1.7378154e-01   1.0674432e-01  -4.3146859e-02  -6.5131937e-02   9.4887489e-02   9.4571261e-02   2.2650815e-01   1.8482561e-01   3.3785245e-02   3.3189188e-01  -2.2103939e-01  -5.4505128e-02  -1.0805709e-01  -2.4184654e-01  -2.9230080e-01   4.6137845e-01   1.5556384e-01   2.0145167e-01  -2.8643936e-01   2.6049074e-01  -2.0894094e-01   7.2411457e-01  -7.1956403e-02   1.0903782e-01  -1.4874264e-01   7.7803305e-02   1.0310816e-01   2.7148641e-01   4.1934616e-02  -1.0839525e-01   2.2093320e-01   2.5994259e-01   3.2974298e-01  -2.2627819e-01   1.2342671e-01   2.5102098e-01   4.2341742e-01  -2.3901981e-01   1.6851890e-01  -1.7871572e-02   8.4238874e-02   1.2676306e-01   1.0293481e-01  -1.3000857e-01  -4.0100896e-02  -1.5140102e-01   3.9952472e-02   5.5972697e-01   4.7114033e-02  -2.6725031e-01  -2.3741029e-01  -1.2023182e-01  -9.9410032e-02   2.8726524e-01   2.7040230e-01   1.2055114e-01  -2.5796878e-01   1.5594158e-01   1.9109402e-01  -5.4965982e-02  -3.3703593e-01   1.0111515e-01   3.0641303e-01  -9.7129168e-03   7.0844404e-02   3.5823657e-01   2.3963069e-01  -1.5911079e-01  -1.5424685e-01   2.6631759e-01   4.4664356e-01  -3.4528693e-01   1.9293068e-01   6.2627244e-03  -1.5593211e-01   3.9960058e-01   1.8229738e-01
  -1.8634895e-01  -3.0500061e-01   3.2462923e-01   3.9333621e-01   2.6688338e-03   0.0000000e+00  -1.3666699e-01   2.4803517e-01  -8.5323309e-02  -4.3090808e-01   3.4672981e-02  -2.1935075e-01  -6.9901739e-02   1.9723549e-01  -1.2718480e-01   2.6196904e-01   1.8282882e-01  -2.1042954e-02   3.7178870e-01  -9.1927429e-02   3.6560042e-01   4.1193832e-01  -8.5311566e-02  -1.8497563e-01   8.0271230e-02   6.0024397e-01   9.2718238e-02   4.2590496e-01   1.5890993e-02   4.3627152e-01  -1.6332379e-01   2.0117859e-01   3.2272258e-01  -2.6806030e-01  -3.5335231e-01   1.3517723e-01  -2.1357199e-01   1.1774410e-01  -4.9329026e-02  -8.5978607e-02  -1.2886052e-01   3.3822269e-01  -4.8264152e-02   4.5603016e-01  -1.9100859e-01   1.4490944e-01   3.7552730e-01  -2.7114566e-01  -1.6573485e-01  -8.6552414e-02   1.0330680e-01   4.6282656e-01  -4.5829986e-01   2.5779196e-01  -1.3847647e-01   6.4188608e-01   7.4526077e-01   4.6199009e-01   1.9754721e-01  -5.9126941e-02   3.3955641e-01   7.2330788e-02   9.7271126e-02  -3.0213679e-01  -4.4847922e-01  -2.8722256e-01   8.3119138e-01  -3.5797878e-02   4.0878387e-01   3.4192213e-01  -6.2869881e-01   3.4817667e-01  -2.9080422e-01   6.8364292e-01   7.5786655e-02   1.7404342e-01   2.3653842e-01   4.0177801e-01  -2.4519956e-01   2.4288797e-01   5.3534883e-01  -1.4945430e-01   2.1451958e-01   4.1345841e-01   1.5956892e-01   2.1946043e-01  -3.8359846e-01   1.6083631e-01   1.3938337e-02  -1.3935748e-01  -2.1775698e-01   3.9144894e-01   3.2591955e-01   1.8328329e-01   1.4000303e-01  -9.3816214e-04   1.5875635e-01   3.1628257e-01   9.4165843e-02  -2.9510860e-01  -3.3507083e-01   1.1066254e-01   5.5029342e-01   2.4851075e-01   3.0586092e-01   3.6872498e-01   1.7570145e-01   5.2166351e-01   5.9371563e-03  -4.0160578e-02   1.7618128e-01   6.2244369e-01   2.7802766e-01  -1.1766259e-02   8.6603164e-02  -4.3337504e-01   4.5093343e-01  -2.0938168e-01   3.6192748e-01   4.8376153e-01   1.9326106e-01  -1.0357200e-01  -8.6450920e-03  -2.8330556e-01   1.5008051e-01   2.7087005e-01   2.1362555e-01   2.2462665e-01   2.9714626e-01  -5.0972921e-02   2.0289242e-02  -3.2852452e-01   1.6522247e-01  -2.3580509e-02   2.8783847e-01   1.8174103e-01   9.2186605e-02   1.7269032e-01   2.4931719e-01  -2.5526170e-01   8.6065493e-03  -2.1021871e-01   2.5149265e-01   3.1061517e-01  -1.5939244e-01   3.2462182e-01  -2.1479650e-01  -8.3880507e-02   1.6080238e-01  -4.0902957e-01   2.8400346e-01   3.2126318e-01   4.1679128e-01  -1.5691561e-01   8.6390365e-03  -4.2933395e-01   1.4984687e-01   1.5769505e-01   1.6869087e-01   3.9235991e-01  -2.1845158e-02   1.1053404e-01  -2.8862464e-01   3.4630132e-01   2.8949969e-01  -3.9457391e-01  -1.1628271e-01   5.3940875e-01   2.6291629e-01  -5.1985079e-01  -3.0358841e-01  -1.0991594e-02   1.7159695e-01   6.3222628e-01  -8.1714601e-02   1.4735027e-01   4.1210900e-01
   1.4638865e-01  -2.4709291e-01  -6.2861304e-01  -2.8647404e-02  -9.2368765e-02  -1.3666699e-01   0.0000000e+00   1.0721478e-02  -2.7014364e-01   3.6548579e-01   2.5154206e-01   1.1485261e-01   3.0726679e-01  -2.0365152e-01   5.1424905e-01  -9.7286178e-02  -6.2586967e-01   3.8140166e-01  -2.5335406e-01   3.0067273e-01   3.6525946e-01  -1.4664363e-01   7.3251672e-01  -4.6328109e-02  -2.9937492e-01  -1.3484811e-01  -2.6524614e-02  -7.3122013e-02  -2.7518639e-01   5.7371184e-02  -1.8005462e-01  -1.5946854e-01  -3.1643118e-01   7.2569547e-01  -1.3083620e-01   4.7175655e-01   3.3875759e-01   9.8589866e-02   1.3980425e-02  -1.8472534e-01   1.4156894e-01  -5.0809687e-02  -2.4529789e-01  -2.2753901e-01   4.7303311e-01  -1.4713557e-01   2.9807363e-01   5.8159605e-01  -2.4510354e-02  -5.1756122e-01   5.2439860e-01  -1.9673054e-01   1.3865136e-01  -2.6494669e-01  -1.4943524e-01   1.1732466e-02  -3.4967785e-01  -2.3686089e-01   2.0309127e-01   1.3251150e-01  -4.4998336e-01   2.0967628e-01  -4.6679956e-01   1.8409817e-01   9.2726664e-02   7.9892382e-01  -2.2026542e-01  -4.1071086e-02   2.4995950e-02  -6.7598426e-02   8.2769659e-02   2.2314006e-01   3.0017455e-01  -2.8196400e-01  -2.6795551e-01   2.0172366e-02  -1.3994400e-01  -1.6054992e-01   1.7284027e-01  -6.8883682e-02   2.0890171e-01   4.3264502e-01  -3.1635872e-01  -7.4351562e-02  -5.4738553e-01   9.2184108e-02  -1.6181539e-01  -3.3009003e-01  -9.0916180e-02   5.3263976e-02  -2.6965560e-01  -5.4394524e-01   3.0965135e-01  -8.9341427e-02   8.9937568e-02  -4.0839935e-01  -4.1007971e-02  -1.9766158e-01  -1.1442553e-02   5.9826328e-01  -2.6767390e-01   4.6620709e-01  -1.8788473e-01  -3.1080329e-01   3.0983146e-01  -1.3095192e-01  -4.3826996e-01  -1.0326953e-01   4.0571129e-01  -2.0273795e-01   5.7030330e-01   1.7525794e-02  -1.1824568e-01  -6.5036549e-02   1.1309473e-01  -2.7193042e-02  -1.3172089e-01   3.0857076e-01  -3.5360284e-01  -2.9787758e-02  -1.7383847e-01  -1.4321675e-01  -2.2300419e-01   2.2138017e-01  -3.5340023e-02   7.6564634e-02   4.6733855e-01  -3.5354725e-01  -1.4202543e-01  -2.6170327e-01   1.1823651e-01   5.5338726e-01  -3.9207230e-01   1.3210390e-01  -3.4095009e-01  -6.4164986e-02  -3.0560987e-01   1.3635449e-02  -6.5071089e-02   1.0889887e-01  -3.7919126e-02   4.4619512e-02   2.0817761e-01  -3.2722260e-01   5.7288354e-01   2.5354290e-01   3.6104809e-01   4.0151822e-02   5.2397910e-01   3.2616044e-01  -2.0311145e-01   7.0307422e-02  -3.4992905e-01  -6.4135403e-02  -5.0708410e-01   2.7250223e-01  -7.8112890e-02   2.7324158e-01  -5.3434520e-01   6.7190432e-02  -1.3713514e-01   1.8104509e-01   3.7281769e-01   3.4972300e-01  -8.1720567e-02   3.6338546e-01   5.6022150e-01  -2.4230161e-01  -4.3803095e-01  -1.0862900e-01   7.1868159e-02   1.1445393e-01   2.1264087e-01  -4.6831913e-01  -1.5917480e-01  -3.4285525e-01  -1.0822213e-01
   1.0802126e-01   1.0959607e-01   1.6578559e-01   3.5283227e-01   2.1057477e-01   2.4803517e-01   1.0721478e-02   0.0000000e+00  -4.7007010e-02  -2.7866331e-01   2.7999995e-01   9.6496441e-02  -3.3100103e-02  -1.4199216e-02   2.1084949e-01   8.7904705e-02   1.1597795e-01  -7.8428858e-02   2.1716001e-01   1.2601212e-01   2.6246470e-01   4.3763112e-01  -9.5660305e-02  -8.7015741e-03   1.6722378e-01   4.9515369e-01   2.5333829e-01   2.1433675e-02  -1.3421275e-01   1.3689067e-01  -5.8228382e-02   4.7905569e-01   3.5410365e-01  -1.9785931e-02   1.4052462e-02   1.0066298e-01  -1.9561744e-01   3.9945755e-01   4.8393302e-02   2.0840823e-01   4.7196061e-02   2.1350920e-01   1.1811633e-01   5.5641755e-01  -5.3840865e-02   1.5479244e-01   2.4059167e-01   1.2801538e-01  -1.6468150e-01   1.0076987e-01  -2.1758918e-02   6.6251953e-01  -1.9872110e-02   3.6430286e-01  -7.0707630e-02   1.4966314e-01  -2.7688783e-02   4.1173624e-01   2.7911191e-01   1.2187005e-01   2.7342274e-01   2.9624561e-02   1.1219568e-01   3.3107139e-02  -1.0267211e-01  -7.1948536e-02   3.5145813e-01  -1.3296305e-01   4.4821966e-01   1.7355463e-01  -5.1880873e-02   3.2971459e-01  -2.1190151e-01  -1.0959640e-02   7.4002043e-02   2.1372095e-01   3.5260795e-01   4.5518988e-01  -1.2696101e-01   2.3786415e-01   2.5409198e-01  -3.2228039e-01  -1.4630587e-01   5.5800822e-01   1.2261251e-02   2.6649678e-01  -6.3854107e-02   6.8217165e-02  -3.6902368e-02   8.0947066e-02   5.7299991e-03   3.8044834e-01  -1.1580140e-02   1.7284710e-01   3.4246189e-01   6.5846752e-02   7.5490044e-02   3.4768538e-01   1.1104402e-01  -1.4354989e-01  -1.2580681e-01   3.8364331e-01   2.8182197e-01  -1.2553435e-01   3.0220115e-01   4.0705715e-01   1.4638126e-01   4.9831649e-01   8.1094774e-02   1.4943899e-01  -8.4956367e-02   9.6852775e-02   2.1998015e-01   7.8588999e-02  -5.5391363e-02  -5.8505944e-02   2.8996278e-01  -1.8297843e-01  -1.6679498e-01   3.3432600e-01   1.0974524e-01   6.8391856e-02   7.3866621e-02  -1.4717156e-01   2.6847368e-01   8.9571448e-02  -4.9700370e-03   1.2396936e-01   3.3543858e-01   5.2595105e-02  -2.6376666e-02  -1.6607933e-02  -3.4275444e-02  -1.7636066e-02   2.5066198e-01   3.7507539e-01   1.8263737e-01  -5.3659085e-02   4.5146106e-01   2.4651220e-01   9.6968754e-02  -2.2396631e-01   2.5482988e-01  -1.4114797e-01   1.2150939e-01   1.0387813e-01   1.6942133e-01   1.9192781e-01   1.5105744e-02  -1.7902149e-01   1.2629048e-02   6.3899754e-01   2.1952211e-01   4.8427990e-02   1.4366951e-01   1.2657201e-01   1.6328511e-01   1.8711365e-01   2.8680075e-01   3.7898872e-01  -1.7958102e-01   3.1557608e-01   4.2209950e-02   1.3778363e-01   3.3883763e-01  -3.7585676e-02   1.8458803e-01   1.6256189e-01  -1.0641277e-01  -1.0290647e-01   9.2704593e-02   5.7675091e-02   1.8390648e-02   5.4003875e-03  -1.3377806e-01   1.4474966e-01   3.8660701e-01
  -1.7579687e-01   5.1901582e-01   2.7317204e-01   2.8970662e-02   1.8125555e-01  -8.5323309e-02  -2.7014364e-01  -4.7007010e-02   0.0000000e+00  -1.9501588e-01  -1.1680220e-01   2.2823063e-01  -3.0175899e-01  -8.2373989e-02  -1.1365963e-01  -5.5556208e-02   3.2236482e-01  -1.8151290e-01   3.6701202e-02   8.1204184e-02  -3.2138590e-01  -1.2203536e-01  -3.5540434e-01  -8.0245940e-02   7.2040975e-02  -3.8759244e-02   3.1737780e-01  -8.7375314e-02   3.4968266e-01  -8.2149807e-02   3.7622070e-01  -1.7720441e-01   1.2939389e-01  -1.0879537e-01   5.0272866e-01  -1.9327856e-01  -1.5996076e-01  -1.1267793e-01  -1.4431911e-01   4.7604678e-01  -1.5965922e-01   3.6024200e-02   3.9130259e-01   2.0922130e-02  -2.3143644e-01  -2.7522109e-01  -3.1664992e-01   5.2371869e-04   3.0222415e-02   4.5754262e-01  -4.1542956e-01   2.9855398e-02   1.5099803e-02   6.5771084e-02  -1.3427334e-02  -2.3396049e-01  -6.9273221e-02   1.2207543e-03  -1.6622071e-01   1.2499600e-01  -1.4656240e-01  -4.6480675e-02   3.5249132e-01   2.3321056e-01   2.0872161e-01  -2.6374365e-01  -4.2860708e-02   8.2457454e-02  -6.4174973e-02  -1.2223539e-01   3.6556385e-01  -3.1985448e-01  -1.2226241e-01  -2.2554036e-01   1.4156981e-01  -1.9172942e-01  -3.0351823e-01  -2.5741314e-03   1.6171692e-01  -7.8353612e-02  -2.6620871e-01  -1.9493457e-01  -2.0830620e-02  -1.6797851e-01   1.2870048e-01  -2.9368673e-01   6.4288800e-01   3.8616282e-02   1.8101162e-01  -1.1351465e-01   2.3088951e-01   8.6587416e-02  -9.8701562e-02   4.1103354e-01  -3.6832752e-01   3.2621521e-01  -1.7439716e-02   2.8458582e-01   1.0736465e-01  -2.0038681e-01   2.8152376e-01  -2.5666990e-01  -1.2185978e-01   5.6155213e-01  -3.6421646e-01   4.3500132e-02   9.7904618e-02   9.1144243e-02  -1.8180286e-01   1.8587808e-01  -1.7274625e-01  -3.2089010e-01  -1.0885724e-01  -2.2111229e-01  -1.1220843e-02   2.9407049e-01  -7.0826899e-02  -1.3679196e-01   1.5091231e-02   9.4127017e-02  -2.4192783e-01   2.4782074e-01   4.2165296e-01   3.6693744e-02  -2.7758036e-01  -1.2491686e-01  -5.3794372e-01  -7.0482735e-02   1.9029760e-01   3.2438735e-01  -1.0923211e-01  -7.8688878e-02   2.0790320e-01  -2.5108687e-02   2.3384032e-01   5.2662518e-02   8.0838778e-02  -6.8326414e-02   2.4787600e-03  -2.0356050e-01  -4.5440729e-02  -3.7372403e-02  -1.4906835e-01   1.3796650e-01  -2.5456962e-01  -2.6685164e-01   1.4771578e-01   1.9729669e-01  -2.1699999e-01  -1.7860427e-01  -2.1523682e-01  -1.5165827e-01   4.3923826e-02   2.4354194e-01   4.3218082e-01  -4.0082863e-02  -2.6127425e-01  -3.0758289e-01   4.2557196e-01  -1.9501120e-01   2.6617341e-01  -6.5834726e-02   1.1735765e-01  -2.9980907e-01   1.1168638e-02   7.9715398e-02  -2.2715713e-01  -1.5388717e-01   1.2004223e-01   2.3710938e-01   1.4903145e-01  -2.4366305e-01  -1.7898231e-01   6.1799664e-02   1.6307862e-01   1.6186615e-01   1.0788885e-01
  -1.1471572e-01  -1.3136130e-01  -3.8435259e-01  -1.4345609e-01  -1.7546908e-01  -4.3090808e-01   3.6548579e-01  -2.7866331e-01  -1.9501588e-01   0.0000000e+00   1.2063389e-01  -5.5055170e-02   6.8343072e-02  -8.9374771e-02   1.6484155e-01  -2.6368011e-01  -3.5343362e-01   1.1198081e-01  -1.1395972e-01   4.4664724e-02   1.1616607e-01  -2.5911391e-01   4.5752982e-01  -2.1144702e-01  -3.5433040e-01  -3.8271770e-01  -2.4553646e-01  -2.6192332e-01  -2.2558957e-01  -2.6854127e-01   7.1741305e-03  -9.9268097e-02  -3.7612890e-01   4.9993082e-01  -1.8340862e-02   1.5963344e-01   6.0789037e-01  -8.6124235e-02   9.4245170e-02  -1.5991519e-01  -2.7590638e-02  -3.9692770e-01  -1.9757284e-01  -2.3060279e-01   4.8623519e-01   1.0535465e-02  -2.8342027e-02   1.9553004e-01   2.7629437e-01  -2.1065246e-01   2.0214412e-01  -3.3905178e-01   3.6425380e-01  -4.2284735e-01   7.3847449e-02  -1.6820388e-01  -3.1268654e-01  -4.1006264e-01   2.9493341e-02  -2.1382404e-02  -1.2327661e-01   2.7037459e-02  -2.1192155e-01   2.2188595e-01   3.7496891e-01   4.3775792e-01  -4.0314804e-01  -4.5961941e-02  -1.9320459e-01  -2.7021323e-02   2.2101780e-01  -9.0699042e-02   2.6795163e-01  -3.2048424e-01  -1.3641295e-01   4.0644493e-02  -7.3600234e-02  -3.9525783e-01   3.0423627e-01  -1.5431494e-01  -1.9400489e-01   3.0355156e-01   1.1447776e-01  -3.2746039e-01  -1.2352644e-01   1.0651712e-02   2.7191423e-02  -3.3969483e-01  -8.2498061e-02  -1.1261127e-01  -1.3416313e-01  -3.7021434e-01   1.2173616e-01  -2.6696213e-01   2.1685073e-02  -4.4384266e-01  -1.6621593e-01  -3.0431286e-01  -7.1121491e-02   8.1738209e-01   1.3957815e-01   1.8022689e-02  -2.5597766e-01  -1.9947005e-01  -4.5648898e-02  -1.1873424e-01  -4.4356621e-01  -2.7451979e-01   1.2405846e-01   1.8939354e-02   3.0680011e-01  -3.5300275e-01  -2.0696575e-01  -1.6085239e-01   4.2130298e-02   6.9375807e-02  -2.7942219e-01   2.2509187e-01  -6.4772991e-02  -2.6395845e-01  -1.2508530e-01  -1.5906492e-01  -1.9947626e-01   2.7774650e-01  -9.0990647e-02  -2.0413912e-01   1.0780487e-01  -3.7907045e-01  -1.9375414e-01   3.5652941e-02  -7.5224401e-02   3.3509436e-01  -2.7721028e-01   2.1081025e-01  -3.6513506e-01  -1.1832334e-01  -3.8774835e-01   5.7826081e-02  -1.5014913e-01   2.4021942e-02  -4.0960556e-01   1.2355632e-01  -3.9163161e-02  -1.8226410e-02   2.8792103e-01   4.5962712e-02   2.0006811e-01  -5.3812788e-02   3.4063387e-01   7.4158833e-01  -9.9265266e-02  -1.4548914e-01  -3.3384481e-01   2.9833826e-02  -1.9968532e-01   6.5538994e-02   5.9075195e-02   8.4203985e-02  -4.1649038e-01  -2.7890351e-01  -3.9013981e-02   5.6125411e-02   3.1442499e-01   5.4400921e-03  -3.5633489e-01   2.1368145e-01   1.5293022e-01  -4.1046886e-01  -1.8705203e-01   1.3364900e-01   2.9073217e-02   8.3599770e-02  -1.1018164e-01  -2.9141573e-01  -2.1901303e-01  -2.3516037e-01  -3.7358234e-01
   1.9929992e-01   1.5705480e-03  -2.9743972e-01   3.9030097e-01   2.7136648e-01   3.4672981e-02   2.5154206e-01   2.7999995e-01  -1.1680220e-01   1.2063389e-01   0.0000000e+00  -9.4580090e-02   2.4938572e-01  -5.4131242e-02   2.9349766e-01   6.2851372e-03  -1.3708327e-01   4.1245355e-01  -2.3672071e-02   2.5320610e-01   2.9579570e-01   2.9975594e-01   1.7720230e-01  -7.9972770e-02  -2.8725543e-01   3.1170274e-01   2.4596605e-01  -4.3091954e-02  -6.9678614e-02   2.4400419e-01   3.2738936e-03   1.8534098e-01   1.5450519e-02   1.5915753e-01  -2.8670458e-01   5.9668843e-01  -2.2303957e-02   4.6961490e-01   2.2467392e-01  -1.4023000e-01   3.1732906e-01   7.0470209e-02  -1.8240256e-01   2.4204359e-01   3.2248677e-01   3.0433727e-01   6.7533938e-01   2.3460046e-01  -7.0967822e-02  -2.1952353e-01   4.6253619e-01   3.5155272e-01   5.8439538e-02  -6.5381671e-02  -1.0500065e-01   1.6457855e-01  -1.7280502e-01   3.1574904e-01   4.5571064e-01   6.2562817e-02   2.3541331e-01   1.2438313e-01  -9.1408318e-02   2.0670895e-01   9.9060518e-02   2.7540006e-01   2.3195607e-02  -2.3231968e-01   6.1414528e-01   1.0777652e-01  -1.6592188e-01   3.7869633e-01   2.3867739e-01  -1.5121041e-01  -2.5624194e-01   3.6463444e-01   3.8861410e-01   1.4100853e-02   1.4198675e-01   2.1686735e-02   1.6750063e-01   1.9826965e-02  -2.4968758e-01   1.9561718e-01  -2.7296532e-01   4.7744610e-01  -2.0171580e-01  -6.3981784e-02  -2.5342002e-01   9.7944831e-02   1.3368687e-01  -5.1260430e-02  -1.8369222e-01   2.3406292e-01   4.8466525e-01  -1.7944032e-01  -8.7960351e-02   1.7302851e-01   6.0281891e-02   1.6155750e-01  -2.2496055e-01   5.9963552e-01  -7.2655249e-03  -1.6668796e-01   5.5001942e-01   3.6767684e-01  -2.6309823e-01   4.4042659e-01   1.5469737e-01  -8.5178694e-02   1.1638699e-01   1.1820233e-01  -8.8309284e-02   1.3617389e-01  -1.5425099e-01  -4.3874391e-02   1.4019855e-01   1.4567544e-01  -2.2480474e-01   2.7101398e-01   1.7650177e-01   1.3637630e-02  -2.9579756e-01   1.6855150e-01   3.3763501e-01   1.4641660e-01   3.5712297e-01  -2.1564401e-01   3.2860251e-01  -1.3431458e-01   1.1868293e-01   4.3275967e-01  -1.9262290e-02   1.0607283e-01  -8.3695311e-02   4.4454167e-01  -2.8993773e-03  -5.2733220e-02   5.7396354e-01   2.8611650e-01   2.2331662e-02   1.0081569e-01   6.1789171e-01  -3.4767602e-01   2.3994260e-01   2.5649908e-01  -1.4001950e-01   2.8476889e-01   1.1992095e-01   8.4062442e-02  -2.9982671e-02   1.2052556e-01   8.6569336e-03   3.6218645e-01  -3.0352865e-01   2.2871700e-01   3.0608922e-01   3.6770071e-01  -2.5486596e-02   1.1227592e-01  -2.4258309e-01   6.6839506e-01   3.1951994e-01   4.9190528e-01   1.1123816e-01   7.6863040e-02   5.2458243e-01   1.5006859e-02  -2.2484126e-01  -1.4066436e-01   5.4538768e-02   1.7740742e-01   2.6765608e-01  -2.8294880e-01  -1.7697439e-01  -4.2345278e-02   1.8667148e-01
  -9.9582819e-02   4.7787878e-01   2.2278289e-01  -2.0516591e-01   3.0869300e-01  -2.1935075e-01   1.1485261e-01   9.6496441e-02   2.2823063e-01  -5.5055170e-02  -9.4580090e-02   0.0000000e+00  -1.4658516e-01  -3.9085414e-01   2.4534065e-01  -1.3833431e-01   1.7013755e-01  -1.0007256e-01  -1.2681602e-01   1.6579745e-01  -1.6520458e-01  -2.1641801e-01  -9.1593012e-02  -4.6460888e-02   2.9721110e-02  -1.8098242e-01   2.1446182e-01  -4.0120546e-01  -5.0983317e-02  -2.3704604e-01   9.3129159e-02  -2.7376501e-01  -2.9058066e-02   1.8505619e-01   4.2497356e-01  -2.1093969e-02   1.1682752e-02  -1.5330322e-01  -6.3370024e-02   4.9724988e-01   1.2258227e-01  -1.3220273e-01   4.6602038e-01  -1.5976740e-01   6.3433597e-02  -2.2166773e-01  -2.4008082e-01   2.5775408e-01  -1.9518863e-01   3.2310843e-01  -1.9627402e-01  -6.4257003e-02   1.8167868e-01   1.9543023e-01  -1.5833852e-01  -2.5440892e-01  -3.3813074e-01  -2.2692282e-01  -7.3347296e-02   4.5568100e-01  -2.5773512e-01  -1.6420860e-01   2.3209481e-01  -7.1773871e-02   2.6648937e-01   1.9914224e-01  -2.5261270e-01  -5.9793454e-02  -2.0375366e-01  -1.3276816e-01   5.5942856e-01  -2.7491832e-01   1.4947332e-01  -1.6324212e-01   7.9187966e-02  -3.4888929e-02  -2.9140875e-01   2.8737220e-02   3.6489757e-01  -9.7312323e-02  -4.4486927e-01   1.3579164e-01  -3.0817817e-01  -2.5720615e-01   8.8272214e-02  -2.7013707e-01   2.1540241e-01  -2.0264617e-01  -8.1786077e-03  -1.7783102e-01   3.4019665e-01   7.0294182e-03   1.4759484e-01   5.5288075e-02  -3.3071497e-01   3.7772170e-01  -2.3559765e-01  -2.3230234e-01  -5.1731472e-02   1.8935740e-02  -2.1889825e-03  -1.8750215e-01  -3.1388552e-01  -1.5440767e-01  -8.2290704e-02  -2.5851306e-01   1.4412199e-01  -5.9861251e-02  -1.3404645e-01   3.8478940e-01  -1.6290173e-01  -2.7224776e-01  -1.5376621e-01  -2.2005430e-01  -2.8284158e-01   4.7844242e-01  -6.8359245e-02   2.6909093e-01  -4.2952214e-01  -8.4192175e-02  -2.7329510e-01   5.3689202e-01   1.9993815e-01   2.7156118e-01  -2.9613101e-01  -7.7623320e-03  -2.0322385e-01   9.2564656e-03  -9.6404619e-02   7.8248318e-02   5.1283730e-03   2.4260415e-01   1.7079140e-01  -1.2806324e-01   1.2412169e-02   7.7305892e-03   3.8928013e-02  -5.8450354e-01  -2.5649506e-02  -6.0214902e-02  -5.3744661e-02   2.2476495e-01  -9.7337688e-02  -4.5786775e-02   1.2941028e-01  -2.8211124e-01   6.3679482e-01   2.5093194e-01   2.5712989e-01  -2.7398067e-02  -3.4733018e-01  -2.6704200e-01  -8.0097412e-02   4.8188796e-02   4.4122431e-01   1.0303893e-01  -3.4625133e-01  -1.3037605e-01   2.4745790e-01  -3.5192529e-01  -1.3156553e-01  -4.1983183e-02   2.8081805e-01  -1.6960707e-01  -9.6169973e-02   6.5635677e-01   1.4928979e-01  -4.1780439e-01   4.0881562e-02   6.2543431e-01   5.3844969e-01  -3.1621639e-01  -1.1441785e-01  -1.2009176e-01   2.8086242e-02   1.9006614e-01  -1.1513921e-01
   1.4513162e-01  -1.4936722e-01  -3.3860440e-01   1.5705268e-01   2.4590843e-01  -6.9901739e-02   3.0726679e-01  -3.3100103e-02  -3.0175899e-01   6.8343072e-02   2.4938572e-01  -1.4658516e-01   0.0000000e+00   9.3676035e-02   3.0530658e-01   2.2358126e-01  -2.4951411e-01   3.6216095e-01  -6.0142723e-02   4.6348451e-01   1.9297197e-01   1.5475168e-02   2.3874456e-01   3.0604631e-02  -2.3620784e-01   2.4783023e-02   6.4116480e-02   6.1562813e-02   1.5406574e-04   1.7320523e-01  -4.3250328e-02   3.5793379e-02  -7.1517606e-02   2.2118789e-01  -2.0834259e-01   2.5685231e-01   1.0004503e-01   1.5620213e-02   4.0160821e-01  -1.8586974e-01   5.4440876e-01   1.8222702e-01  -2.7560337e-01   5.6143280e-02   6.9804684e-02  -1.3284309e-01   3.2372177e-01   7.3847704e-02   1.7844471e-01  -2.4441994e-01   3.4036805e-01   2.4250284e-02  -6.2109902e-02  -4.2289941e-02   1.4800667e-01   2.1596677e-01  -5.0307618e-02   2.7370052e-02   2.9768119e-01  -1.4814191e-01  -2.0084037e-01   3.4757175e-01  -2.1891981e-01   1.2246918e-01  -3.2968971e-03   1.9150568e-01  -2.7366940e-04  -2.4844538e-01   3.1722561e-01  -8.5797542e-02  -1.6321855e-01   1.9769935e-01   3.6315308e-01  -1.2031261e-01  -1.1903639e-01   1.2569770e-01  -1.1424575e-01   1.0029973e-01   1.3981542e-02   2.3694497e-01   2.4107889e-01   2.0044053e-01  -1.5926801e-01   6.1373437e-02  -2.1171225e-01   2.0380982e-01  -1.6973361e-01  -1.1431381e-01  -2.7909982e-01   1.1964197e-01   1.0892179e-01  -1.6717191e-01   4.8411148e-03  -1.4990616e-01  -1.2451325e-02  -1.1241336e-01   6.9330355e-02  -1.0570649e-01   1.6506628e-01   1.2652456e-01  -1.6450234e-01   3.8860721e-01  -2.0535261e-02  -2.5722304e-01   1.9551494e-01   3.9034470e-02  -1.6433790e-02   2.1805879e-02   3.6195596e-01  -2.4301958e-01   2.5588952e-01   1.0559373e-01  -1.7104798e-01   1.1157865e-02   7.8565837e-02  -4.0015768e-02   1.9954730e-01   4.8092984e-01  -8.4782641e-02   1.9998561e-01  -1.7370261e-01   1.5147451e-02  -1.0318912e-01  -4.0214562e-02  -1.4348352e-01   3.0200574e-02   2.9476862e-01   1.7700245e-01  -7.3386290e-02  -1.9614373e-01   4.3365235e-01   2.5741748e-01  -1.8024638e-01  -1.2367242e-02  -2.1096953e-01   2.3198379e-02   2.5011212e-01   9.1469238e-02   5.5228345e-02   9.8383067e-02   1.9835344e-01   3.1021279e-01   2.7152390e-01  -1.0568018e-01   2.4444061e-01   7.6925202e-02  -3.4160452e-02   8.9057206e-02   3.5568339e-02   5.2192962e-02  -1.4670400e-01   7.4758158e-02  -2.1594633e-01   1.5502916e-01  -2.8629425e-01   1.5177108e-01  -1.6852520e-01   4.9747006e-01  -3.0296567e-01   1.1313159e-01  -3.4039522e-01   1.6361253e-01   1.3206485e-01   1.3228203e-01  -2.9438614e-02   3.8707987e-02   1.9425108e-01   2.4569152e-02  -2.6108104e-01  -1.5476688e-01  -9.7564801e-02  -1.1877154e-01   1.5038108e-01  -1.1390532e-01  -1.2783354e-02  -3.3795531e-02   2.3531185e-02
   1.7104642e-01   5.7840969e-02   7.2640351e-02   2.6881199e-01  -2.1275599e-02   1.9723549e-01  -2.0365152e-01  -1.4199216e-02  -8.2373989e-02  -8.9374771e-02  -5.4131242e-02  -3.9085414e-01   9.3676035e-02   0.0000000e+00  -7.3136638e-02  -4.2780282e-03   1.4311322e-01  -1.9548824e-02   1.5782702e-01  -1.6108942e-01   7.6763849e-02   2.6223835e-01  -1.5465823e-01   2.4650713e-01   1.5563220e-01   1.5851489e-01  -2.6059179e-01   4.9096506e-01  -8.7416575e-03   3.5192030e-01   3.2325666e-01   2.3868368e-01   1.9003672e-01  -3.2522593e-01  -1.6415312e-01  -8.1840315e-02  -4.9712274e-02   7.0725706e-03   1.2789894e-01  -1.3961448e-01  -2.1749057e-01   1.3722672e-01  -1.4194032e-01   3.0481640e-01  -8.4242460e-02  -2.9172487e-02   5.3413946e-02  -9.8989840e-02   6.9519572e-02   2.2913973e-02  -4.6416247e-02   1.9311378e-01   2.1130474e-02  -6.4833539e-02   4.5984635e-01   2.8785945e-01   2.7681746e-01   2.7014691e-01  -7.6502907e-03  -6.1669137e-02   1.2134220e-01   8.2640475e-02   2.4424549e-01   1.4175122e-01  -2.4929156e-01  -4.0519313e-01   2.7342424e-01   5.4951582e-02   9.6295104e-02  -8.1884124e-02  -2.9960409e-01   1.0154036e-01  -2.0854869e-01   3.4480153e-01   7.3321246e-02   2.1522961e-01  -9.2701567e-02   2.9959509e-01  -1.7817162e-01   8.9432092e-02   4.5056955e-01  -7.8711760e-02   4.4133849e-01   1.9088563e-01   4.8449832e-01   2.7852958e-01   3.4867349e-02   5.4180871e-01   8.7586146e-02   1.3590294e-01  -1.3070036e-02   1.2551581e-01   5.1247853e-02   8.0488639e-02  -7.3387076e-02  -5.9687588e-03   1.5130191e-01   1.6210827e-01  -4.0464663e-02  -2.2233324e-01   2.9522165e-01   5.5409083e-02   4.6055534e-01   2.7505155e-02  -5.3714805e-03   2.9586843e-01   1.4593744e-01  -3.7081898e-02  -1.2438206e-01  -3.8842981e-02   1.1734846e-01   2.7389309e-01   1.6138218e-01   2.6936714e-01   3.3941887e-01  -1.0681909e-01   8.9921095e-02  -1.9029653e-01   6.0578108e-01   2.6968776e-01  -6.2544164e-02  -1.5741873e-01   2.0728949e-01   9.9746828e-02  -6.8750173e-02   2.8270393e-01   1.7516214e-01   5.6316274e-02  -1.9703756e-03   1.3708361e-01   2.0866265e-01  -2.7847602e-01   3.8043474e-01   2.0876464e-01   1.3601830e-01   1.3083226e-01   1.2012625e-01   6.2279300e-01   9.9546126e-02  -1.6788885e-01   4.0413287e-01  -1.6210376e-01  -1.2670519e-01   3.1477665e-01  -2.6811592e-01   2.6229650e-01  -3.0397938e-01  -1.6189374e-01  -1.9657304e-01  -1.6124512e-01   4.3876470e-01   2.8358273e-01   2.8410096e-01  -5.6238287e-02   5.9899694e-02  -8.8440500e-02  -1.5279000e-01   7.6767881e-02   4.6932900e-03   3.7738961e-01  -1.2031033e-02  -1.6104910e-01  -3.4742596e-01  -1.1390110e-01   8.7489530e-02  -4.8815349e-01  -2.7246031e-01   3.4277729e-01   4.2126599e-02  -1.9577929e-01  -3.0441019e-01  -6.0970589e-02  -1.1117277e-01   3.2497606e-01   5.6048210e-02   6.4641492e-02   3.1675479e-01
