   0.0000000e+00  -1.4539839e-01  -3.6806458e-01   6.7141360e-02  -3.3136942e-01   2.3504926e-01   1.7487435e-01   5.6067909e-02  -2.6559204e-01   6.0742655e-03   3.6575636e-02   4.0080696e-02   2.1591997e-01   3.9017305e-01   3.5640684e-01  -1.5959960e-01  -4.4711051e-01   7.7058053e-02  -3.9562800e-03  -2.7470252e-01   9.9866298e-02   1.1217754e-01   1.3800996e-01   5.6109126e-01  -7.8774904e-02   5.0122246e-02   5.6572821e-03   4.7770621e-01  -3.7507241e-02   1.8447122e-01  -2.9146757e-01  -9.1072188e-02   3.5205235e-02  -1.8049736e-01   6.4366406e-02  -7.0013549e-03   9.6268056e-02   6.7018465e-02  -7.5710824e-02  -3.1653073e-01  -5.4077704e-02  -2.8249280e-01  -9.9620572e-02  -6.5655252e-02   1.7137609e-01   6.3577670e-01   2.1499619e-02  -6.7768721e-02   4.1551084e-02  -4.3079927e-01   1.0994270e-01  -3.7918669e-02  -2.6061104e-01  -4.0805684e-01  -1.7715149e-02   1.8648748e-01   1.8814534e-01   1.6896497e-01   1.2942759e-01   3.6526244e-01  -2.6705127e-01  -6.2915903e-02  -2.1536861e-01  -2.1028367e-02   1.5443785e-02   3.1913755e-01  -5.9963181e-02  -2.6634838e-01   1.0344324e-01   2.1857415e-01  -3.2362157e-01   1.5028431e-01  -3.8790821e-02   3.6311990e-01  -6.6045400e-02   7.9809713e-02   2.6880310e-01   1.1308539e-01  -2.4615158e-01  -2.3022637e-01   1.5724360e-01   1.3370241e-01  -3.7270708e-01   2.5479592e-02  -2.7133838e-01  -1.6432778e-02  -8.7691529e-02   2.4777683e-01  -1.7998079e-01   7.4541093e-01  -2.5535146e-01  -3.9605630e-01  -2.9997261e-01   2.0815039e-01   5.5692791e-01  -3.3923816e-01  -3.5993415e-02   1.1236590e-02   2.0760896e-02  -9.1109377e-02  -4.0732525e-01   3.2878033e-01  -4.8728409e-02   1.7234471e-01   1.6844872e-01   1.7994722e-01  -1.6588012e-01   2.1214091e-01  -3.6214234e-02  -8.1071815e-02  -1.6440074e-01   1.4389480e-01  -3.0637826e-01   8.3902820e-01  -1.2987655e-01  -3.0895734e-01   1.1845578e-01   1.7813205e-01   3.3830746e-01   1.2239491e-01   6.4091112e-01  -2.1544063e-01   7.7212438e-03   1.2642660e-02   6.9787580e-01   4.6882296e-01  -9.4774288e-03  -3.3726910e-01   1.7575206e-01  -9.1045303e-02   2.3516760e-02  -3.1565753e-01   6.7172892e-01  -3.9963524e-02   5.2235081e-02   8.2953565e-02  -2.9536762e-01  -8.3664958e-02  -2.4782819e-02   6.3119961e-01   6.7213709e-01  -7.9402208e-02   2.4094624e-01   1.0585990e-01   1.2733040e-01   2.5072246e-01  -2.3175972e-01   1.1331380e-01   1.1114612e-01  -1.4529546e-01  -1.4038671e-01  -7.7223597e-02  -5.1647973e-02  -3.8087376e-02  -2.6700091e-01   5.9090361e-01   3.4547132e-01   7.9705524e-02  -3.1806434e-01  -7.9111866e-02  -4.3922191e-01   1.4127316e-01  -1.6118554e-02   1.9972960e-01   1.8849184e-01  -1.7061901e-01  -1.1901086e-02   3.6691573e-01   2.3630100e-01  -4.2524419e-01  -4.4585818e-02   1.4642908e-01  -1.5838790e-01   2.5403774e-01  -1.4402866e-01  -2.1047667e-01   2.7448595e-01
  -1.4539839e-01   0.0000000e+00   5.2362486e-01  -3.8511784e-01   3.0696604e-01  -5.0477712e-01  -2.8059273e-02  -2.4284351e-01   4.2098859e-01  -3.9398484e-02  -5.7381104e-01   6.8760786e-01  -2.0223296e-01   2.3908571e-02  -1.0815481e-02  -4.2881098e-02   5.1223979e-01  -1.0546673e-01  -1.7472448e-01   5.5060538e-02  -4.0672163e-01  -5.5216397e-01  -3.7736682e-01  -2.0500056e-01   2.8861740e-01  -1.9091937e-01   2.4956682e-02   8.2519538e-02  -8.8113995e-03  -5.0870966e-01   1.4766117e-01  -4.3844049e-01   3.4306399e-01   5.5244898e-01   4.9634431e-01  -1.8596750e-02  -2.0961209e-01  -9.0435395e-02   1.0643497e-02   4.6781703e-01   4.0406833e-03   1.5573838e-01   3.7019075e-01  -2.8008199e-01  -9.7171850e-02  -1.4512303e-02  -3.6543958e-01   3.1443969e-01  -1.0837522e-01   4.0096405e-01  -4.6211946e-01  -2.9640390e-01   3.2576473e-01   2.0271712e-01  -3.4441010e-02  -4.5409709e-01  -4.0837315e-01  -5.8781976e-01  -1.9885197e-01  -4.2428519e-01  -3.8647835e-02  -6.1222259e-02   5.6378243e-01   3.6527798e-01   4.8956220e-01  -4.7797421e-01  -3.3410117e-01   2.9095178e-01  -5.7227537e-01   1.5588242e-01   7.4728596e-01  -5.6704657e-01   1.7960402e-01   6.1076745e-02   2.8528409e-02  -2.8498062e-01  -7.9846831e-02  -1.9937113e-01   5.2214765e-01   1.3638543e-01  -2.0151454e-01   1.9360204e-01   4.0782682e-01  -3.3499243e-01   1.8003160e-01  -4.7921772e-01   6.0057946e-01   2.0548197e-03   1.6750850e-01  -1.4852178e-01   4.0856874e-01   1.0722232e-01   2.7216184e-01  -1.0312377e-01  -1.3858080e-01   2.6245155e-01  -4.4166486e-02  -2.3780633e-01   1.3790347e-01   4.5327179e-02   4.7691891e-01   1.5879809e-01  -3.6605354e-01   2.9465751e-01  -6.1196551e-01  -4.5214477e-01   3.3294601e-01  -4.0900697e-01  -1.7968152e-01  -2.3821165e-01   3.5192509e-01  -6.3573916e-01  -1.8815339e-01  -8.7822022e-02   3.7841224e-01   6.7132358e-01  -5.0663695e-01   3.3043566e-02   5.2628945e-02  -3.8367727e-01  -1.5572289e-01   3.8756701e-01   3.2375176e-02   1.6329127e-02  -1.5535730e-01  -3.1234876e-01   3.7277735e-01   2.7966738e-01  -5.2824975e-01   2.5554048e-01   7.9867050e-02   4.2111226e-01  -1.5215096e-01  -3.7773163e-01   5.2849989e-02  -3.6980877e-01   2.3099243e-01   1.6416710e-01  -4.6649841e-01  -2.9742275e-01  -2.1523712e-02   1.6388380e-01  -6.2766750e-01  -2.1315266e-01  -5.9307179e-02  -4.5982441e-01   5.7645635e-01  -3.8646201e-01  -2.6157017e-01   8.9870921e-03   2.3982636e-01  -1.6004357e-01   1.0075195e-01   1.2850714e-01   4.7794561e-01  -2.4998267e-01  -2.3620715e-01  -2.3984109e-01   2.0216234e-01  -3.9929342e-01   1.7117628e-02  -5.9681633e-01  -1.9864641e-01  -5.1936616e-01  -3.0646545e-01   6.3721385e-01   5.9297702e-02  -1.5477704e-01   3.0639728e-02   4.0706463e-01   4.4088102e-01  -2.0736175e-02   2.8048480e-01  -3.1361184e-01   2.3041867e-01   3.7292680e-01  -2.9943042e-01
  -3.6806458e-01   5.2362486e-01   0.0000000e+00  -3.8515947e-01   3.7092290e-01  -3.0760436e-01  -4.2726503e-01  -2.7015707e-01   2.8615530e-01   8.5379296e-02  -5.8372744e-01   3.1237791e-01  -3.2033724e-01  -1.2943294e-01  -2.4059253e-02  -2.7861564e-02   8.9678204e-01  -3.7984269e-01  -2.8164052e-02   3.7716669e-01  -5.6674858e-01  -4.4341424e-01  -4.2293880e-01  -4.1298172e-01   1.6301685e-01  -2.0557240e-01  -1.1223517e-02   1.1298884e-01   5.5781343e-02  -3.9659650e-01   1.8370187e-01  -3.8186175e-01   1.7379083e-01   5.2864073e-01   3.0415298e-01  -1.0491360e-01  -1.5577838e-01   1.9656347e-02  -4.0006776e-02   8.1122743e-01  -1.7408639e-01   3.5417899e-01   6.0249320e-01  -3.0527193e-01  -1.9229249e-01  -2.2285391e-01  -4.5590591e-01  -1.8212273e-01  -9.5884387e-02   8.6622240e-01  -5.1694420e-01  -3.9524812e-01   1.4223452e-01   4.6378899e-01   2.7188304e-02  -4.2341440e-01  -2.0844840e-01  -4.8700208e-01  -1.9527354e-01  -4.9426954e-01   4.1921501e-01  -1.3925617e-01   3.6920841e-01   1.1278312e-01   2.8704461e-02  -6.2761498e-01  -2.0011684e-01   2.1069841e-01  -4.1437586e-01   3.9510640e-01   6.4268527e-01  -5.5356844e-01  -1.2552100e-01   2.1622538e-01   2.6914466e-01  -2.5759455e-01  -1.1343389e-01  -1.4598609e-01   4.2124583e-01   1.2170179e-01  -2.7318933e-01  -1.0277991e-01   4.9494392e-01  -7.1531306e-02   4.5730095e-01  -3.6776722e-01   1.1257579e-01   5.6514092e-03  -7.7135455e-02  -3.9353341e-01   3.3404522e-01   6.1211280e-01   5.7232334e-01  -3.3607547e-01  -2.9020696e-01   6.4959100e-01  -1.0391691e-01  -2.2198864e-01  -6.9830665e-02   2.0576436e-01   6.1798719e-01   1.3296037e-01  -3.7221833e-01  -1.7696066e-02  -6.1427521e-01  -4.0852344e-01   3.8380568e-01  -4.3285759e-01  -2.7525371e-01  -4.8304840e-02   4.4095486e-01  -5.3661900e-01  -2.4722640e-01  -2.1396315e-01   5.7367361e-01   3.9600381e-01  -3.7644951e-01  -2.5410797e-01  -1.1688791e-02  -3.1809229e-01  -3.5536809e-01   3.6998246e-01  -6.4112218e-02  -3.0851250e-01  -3.5849590e-01  -3.5989087e-01   2.5566378e-01   2.7229733e-01  -4.5576191e-01   4.6003959e-01  -8.1256932e-02   3.4989511e-02  -1.0528735e-01  -4.9320010e-01   2.1850743e-01  -2.0656023e-01   3.0672048e-01   5.3472242e-02  -4.4342586e-01  -4.3521728e-01  -1.3767188e-01   6.6775375e-02  -4.9526442e-01   1.6310216e-01  -1.2848146e-01  -6.3441066e-01   7.1919736e-01  -3.7765099e-01  -3.5453164e-01   2.8688708e-04   5.4745398e-01  -1.8764575e-01   3.5142173e-01  -3.3597719e-01   7.9807479e-01  -2.7832094e-01  -3.2434359e-01  -3.5343677e-01   6.7289628e-01  -4.2223484e-01   1.3866985e-01  -4.1221940e-01  -3.0371820e-01  -5.6777823e-01  -1.9669361e-01   3.9483496e-01  -7.1079366e-02  -1.4952334e-01   9.2064581e-02   6.4431276e-01   1.1621878e-01  -1.6415535e-01  -9.8383070e-02  -1.9640750e-01   1.0915524e-01   3.2336012e-01  -2.1839406e-01
   6.7141360e-02  -3.8511784e-01  -3.8515947e-01   0.0000000e+00  -1.6523305e-01   3.8619576e-01   2.6257183e-01   6.4791279e-02  -7.7339495e-02  -1.1173711e-01   2.7532771e-01  -3.7209316e-01   1.8280668e-01   9.4043991e-02  -1.0024722e-01   8.0904851e-02  -3.5861323e-01   1.9518367e-01   1.9078784e-01   1.6714822e-02   2.8532017e-01   4.3026080e-01   5.1282165e-01   1.0367524e-01   1.0247398e-01   1.4200715e-01   7.4355852e-02  -3.2770097e-01   9.2077899e-03   4.9418335e-01  -1.5727155e-02   4.0412603e-01  -8.9133164e-02  -4.7797254e-01  -4.7804416e-01  -1.6111160e-02   1.6535932e-01   6.0451158e-02  -7.2448379e-02  -4.0232210e-01   2.7902732e-02  -3.9224974e-02  -3.3768373e-01   1.5449185e-01  -1.6135156e-01  -1.1612422e-01   3.3810828e-01  -1.8432899e-01   9.3537108e-02  -3.5799163e-01   3.8981520e-01   3.5698855e-01  -1.4092352e-01   1.8094065e-01   3.0570409e-02   3.5086759e-01   3.7880564e-01   4.2168314e-01   2.8723422e-01   3.1956461e-01  -2.7794706e-02   5.3840530e-02  -3.0989749e-01  -2.5881259e-01  -2.6083040e-01   3.8832037e-01   4.3199460e-01  -2.6347093e-01   3.6071076e-01  -3.8831388e-01  -4.5535701e-01   5.1351881e-01   5.0178105e-02   9.9903562e-02   1.3104322e-01   7.1973562e-02  -1.0319726e-01   2.2401033e-01  -4.1485532e-01   2.8193039e-01   1.1433068e-01   6.8641915e-03  -3.7249809e-01   2.0268766e-01  -1.2176327e-01   1.6599654e-01  -3.2563100e-01  -1.5153030e-01  -1.7776994e-01  -3.5353586e-02  -2.2380206e-01  -5.0430940e-02  -3.0321034e-01   1.9157776e-01   3.5606719e-02  -2.1794291e-01   3.2478015e-01   4.2390141e-01   8.8297730e-03  -1.3112856e-01  -3.7880666e-01  -2.8951511e-01   2.6880750e-01  -1.7687516e-01   5.3168282e-01   4.8840185e-01  -3.3653773e-02   3.4363005e-01   9.8770040e-02   1.5367817e-01  -3.8832628e-01   4.8265294e-01   4.3267975e-01  -9.5983839e-02  -4.2373674e-01  -4.4262224e-01   2.8826164e-01   2.5579820e-02  -1.1906069e-01   5.6164671e-01   6.3061399e-02  -3.1647443e-01  -4.5455680e-02   1.3630698e-01  -6.4813277e-02   3.4569129e-01  -2.7145662e-01   1.6304698e-01   3.8251969e-01  -3.3240925e-01  -1.1831635e-01  -2.8406453e-01   1.5796139e-01   3.4581961e-01   3.2697171e-03  -4.5385007e-03  -8.7236031e-02  -1.3903211e-01   2.8393861e-01   1.2195828e-01  -6.9476954e-02  -6.6712673e-02   2.7559950e-01   1.4015432e-01  -5.2475972e-02   4.1178689e-01  -5.1548988e-01   2.1200752e-01   3.2088716e-01  -6.7084362e-02  -1.6327602e-01   1.8675065e-01  -1.0499114e-01   9.2248344e-02  -4.7589720e-01   8.9285980e-02   2.1418152e-01   3.0061789e-01  -1.1747378e-01   3.4679623e-01   4.9803143e-02   2.1149862e-01  -1.7910889e-02   4.5786002e-01   3.6339286e-01  -5.0000049e-01  -2.2086184e-02   1.0669678e-01   1.2238160e-01  -2.9626959e-01  -3.8748277e-01  -9.8103785e-02  -4.0001704e-02   2.7099098e-01   7.4921758e-02   1.4988100e-01   4.1632687e-01
  -3.3136942e-01   3.0696604e-01   3.7092290e-01  -1.6523305e-01   0.0000000e+00  -1.7963145e-01  -1.7874847e-01  -1.7688360e-01   2.6584866e-01   1.9940446e-01  -5.8921599e-02   2.0350416e-01   1.3764999e-01  -4.2356127e-01  -3.2114033e-01   1.8564562e-01   3.9492387e-01   1.7264256e-01   2.3225096e-02   6.3515819e-01  -2.3311543e-01  -3.6322541e-01  -2.5391296e-01  -2.2384087e-01  -1.1268276e-01  -2.5272092e-01   3.6651980e-01  -2.8362183e-01  -2.1312359e-01  -3.4479009e-01  -1.4094068e-02  -1.5205837e-01   8.2450739e-02   3.4763938e-01   7.3744562e-02   5.2056921e-01   3.5064125e-02  -1.8385864e-01   7.5404533e-02   3.7045837e-01   2.2223658e-01   1.3035612e-01   2.3808116e-01  -1.7264763e-01   2.0364898e-01  -2.0923803e-01   1.4473004e-01   2.8386317e-01   2.3213490e-01   4.8954427e-01  -7.6427829e-02  -1.9584348e-01   4.2690715e-01   1.7852293e-01  -3.9637743e-01  -1.8413228e-01  -2.3482287e-01  -1.6067647e-01   1.1095018e-01  -3.7657334e-01   3.5351515e-01   2.2370201e-01   1.8346690e-01   7.6100312e-02   1.2833497e-02  -6.6305521e-02  -7.6924815e-02   6.0650829e-02  -2.1637609e-01  -1.2274224e-01   3.6593684e-01  -5.2984759e-02   2.4011661e-01  -2.3304290e-01  -5.1611163e-02  -8.3047399e-02   1.0131325e-02  -2.1664084e-01   6.6796834e-01  -8.3391939e-03  -3.1786993e-01   1.4827214e-01   4.0892846e-01  -2.6282853e-01   1.8008272e-01  -5.8898714e-02  -6.2182627e-02  -2.0702873e-01   1.8209395e-02  -2.8922127e-01   7.3102990e-01   2.8255495e-01   4.8264858e-01  -2.3725013e-01  -2.4978866e-01   5.6146776e-01  -1.3608003e-01  -1.6445169e-01   4.4267895e-01  -2.0733032e-02   1.0763734e-01  -1.8327739e-01  -1.5924265e-01  -1.9573402e-01  -2.6766656e-01  -3.3075819e-01   1.0350482e-01  -2.9691552e-01  -2.6600429e-01   3.9289179e-01   2.7963967e-01  -3.3766793e-01  -1.1930945e-01  -3.6230712e-01  -5.6185513e-02   5.1928708e-01  -3.0972285e-01   1.6916154e-01  -3.0305336e-01  -3.0691399e-01  -4.3577198e-01   7.1770253e-01  -6.3019575e-02  -4.6005590e-02  -3.6160584e-01  -3.5256148e-01   5.7623975e-02   1.2608433e-01  -2.2802956e-01  -5.5065664e-02   3.2499289e-02   4.0038171e-01  -3.0656103e-01  -1.1260505e-01  -1.0278399e-01   2.2223651e-02   1.1977982e-01  -2.4658180e-01  -8.6067869e-02  -4.4095708e-01  -2.0244078e-01   2.8023836e-01  -2.7523922e-01  -1.6403983e-01  -3.6932600e-01  -3.7889554e-01   3.1651793e-01   1.9770051e-01   7.5487941e-02   5.3537398e-02  -1.1391392e-02  -3.0308400e-01   2.8653275e-02   1.7923314e-01   2.9650104e-01  -3.3317963e-01  -4.1938307e-01  -4.4093205e-02   4.3638897e-01  -2.0623497e-01  -6.1145339e-02  -1.2989434e-01   2.5530674e-01  -1.4582034e-01  -2.3056497e-01   4.7180412e-01   1.5979345e-01  -1.3465181e-01  -1.4069701e-01   5.5751038e-01   5.6736676e-01  -3.4214673e-01   3.5263764e-01  -3.2099266e-01  -9.0524728e-02   1.6702365e-01  -4.0081755e-01
   2.3504926e-01  -5.0477712e-01  -3.0760436e-01   3.8619576e-01  -1.7963145e-01   0.0000000e+00   1.6373144e-01   2.6473227e-01  -2.8707429e-01   6.6871895e-02   5.0699299e-01  -3.5937391e-01   2.6765825e-01  -9.3122272e-02  -1.8219757e-01   1.4884776e-01  -3.1418508e-01   2.8629739e-01   1.4612447e-01   1.1247417e-01   2.3017094e-01   5.4084076e-01   3.7346514e-01   6.6409466e-02  -1.9843937e-01   4.8048001e-01   2.3113359e-01  -1.8647569e-02  -8.9855344e-02   6.8372803e-01  -3.0885967e-01   4.2014747e-01  -1.1460187e-01  -4.2594953e-01  -4.8994953e-01   8.8079202e-02   7.8602248e-02  -1.6814240e-01   5.3003594e-02  -3.9133543e-01   2.2826885e-01  -2.7805468e-02  -2.1596198e-01   2.4237941e-01   8.7924103e-03   9.2115463e-03   4.2136389e-01  -1.2216054e-01   3.5083422e-02  -2.8907631e-01   5.1368416e-01   2.8109773e-01  -1.7788398e-01   2.6480707e-02  -4.3822163e-02   6.2834841e-01   5.3220265e-01   3.5871454e-01   3.7350757e-01   4.0636262e-01   4.8803099e-02   6.1259728e-02  -5.1222339e-01  -3.6353751e-01  -4.8344068e-01   4.2126820e-01   6.9528260e-01  -2.8693121e-01   7.2813345e-01   2.3017345e-02  -5.3983306e-01   5.0140018e-01  -9.9625092e-06   1.9055746e-01   5.6284199e-02   2.7141515e-02  -5.6659502e-02   4.7651006e-01  -4.5349862e-01   3.8399635e-02   2.4364082e-01  -8.9048356e-02  -4.6798982e-01   5.3100079e-01  -7.9505521e-02   5.2421682e-02  -5.1672448e-01  -1.8757379e-02  -1.2519081e-01   1.0216619e-01  -3.4990354e-01   6.4848111e-03  -2.1266522e-01   1.1709991e-01   1.8519024e-02  -1.8885934e-01   2.8132712e-02   3.8061612e-01   7.6487097e-03  -2.0698431e-01  -4.4203602e-01  -1.8547650e-01   3.1333122e-01  -3.1646640e-01   6.1994512e-01   2.7170202e-01  -1.2730736e-01   6.8616097e-01  -2.8402836e-02   3.0449818e-01  -2.5742446e-01   6.8803615e-01   1.5629303e-01   1.3422682e-02  -3.8561595e-01  -5.8785263e-01   6.5673814e-01   1.0412770e-01   1.4509251e-02   5.3324192e-01   1.6963396e-01  -2.9593437e-01   2.0532108e-02  -8.4293614e-02   2.4404656e-02   4.0948790e-01  -2.6044001e-01  -1.3800585e-01   3.1690069e-01  -7.7188345e-02   2.1398998e-03  -4.3638597e-01   2.6952345e-01   2.1724388e-01   1.1462415e-01  -6.7116528e-03  -1.7669550e-01  -2.9708360e-01   1.0313539e-01   1.7766130e-01   8.2023472e-02  -7.7978176e-02   6.2173577e-01   4.8637843e-01  -1.4841537e-01   2.9625444e-01  -5.0046065e-01   2.9073081e-01   3.9692700e-01  -1.2103941e-01   3.0820156e-02   2.4155539e-01  -8.2255523e-03  -2.5346757e-01  -2.2322214e-01   1.3701445e-01   8.4689789e-02   4.8398632e-01  -8.9736132e-02   4.7719844e-01  -1.4406366e-01   4.6798866e-01   1.1801330e-01   4.9375117e-01   6.2143335e-01  -5.0741670e-01   1.0961902e-02   5.8804525e-02   1.3815872e-02  -3.7896654e-01  -3.0797786e-01  -2.4492997e-01  -1.5576317e-01   6.7862765e-01  -5.5381610e-02  -2.0235303e-01   5.4097240e-01
   1.7487435e-01  -2.8059273e-02  -4.2726503e-01   2.6257183e-01  -1.7874847e-01   1.6373144e-01   0.0000000e+00  -5.7118490e-02   1.9487726e-02   9.7444403e-02   2.6902466e-01   3.3438243e-02   2.8140522e-01   1.4432823e-01   1.4720325e-01   1.7621138e-01  -4.2606248e-01   1.2758932e-01  -6.9348674e-03  -2.6773416e-02   4.6871677e-01   2.1313265e-01   6.2522612e-01   9.5449035e-02  -1.8168948e-01   1.2414049e-01   1.6967369e-01   8.6414077e-02  -1.3849676e-01   2.0742788e-01  -2.5060266e-01   1.1219280e-01  -1.6408380e-01   3.3694300e-02   5.5805801e-03   1.8832371e-01  -2.6806825e-02  -1.2948342e-01   1.4807683e-01  -3.5049106e-01   1.8845919e-01  -2.8515708e-02  -3.4243208e-01   1.6752002e-01   8.6489491e-02   1.5540831e-01   2.5994838e-01   2.1390887e-01  -2.2496508e-02  -5.0818787e-01   2.6235479e-01   2.1173319e-01   5.5960520e-03  -2.7271238e-01   2.4616234e-03   4.1431451e-01   5.5142680e-02   3.5040155e-02   1.5517731e-01   1.2841939e-01  -2.9761311e-01   1.6849603e-01  -1.9055261e-01  -1.9812989e-02  -4.6750098e-02   5.1087896e-01   2.5218073e-01  -6.2722256e-02   2.5072495e-01   5.9011225e-03  -3.4032449e-01   3.0475913e-01   1.7128452e-01  -6.3122264e-02  -5.3146578e-02  -7.9253248e-02   1.1918405e-02   3.0262278e-01  -2.1954373e-01  -7.1882931e-02   4.6489433e-01   2.6099102e-01  -3.4324190e-01  -2.1595437e-02  -3.8559798e-01  -1.3568602e-01   9.3000189e-02  -1.0122570e-01  -5.3510474e-02   9.8161870e-02  -2.2763887e-01  -3.5308120e-01  -1.7745726e-01   3.4326583e-02   2.2433807e-01  -3.4687371e-01   2.4781443e-01   2.4118837e-01   4.1652274e-02   1.4469796e-01  -3.2342011e-01   1.7126061e-01   2.0699074e-01   7.1042584e-02   3.9219583e-01   1.2894199e-01  -2.6684692e-01   2.9267600e-01   1.5922070e-02  -1.0542661e-01   6.6990751e-02   2.9548297e-01   5.1665244e-02   6.1628359e-02  -4.3353177e-02  -2.1452325e-01   2.1213475e-01   2.2588273e-01   1.1062638e-01   2.2784908e-01   1.3459950e-01  -1.5645254e-01   1.3074355e-01   1.9694868e-01   1.3315559e-01   1.2572299e-01   9.2769268e-02  -6.7808613e-02   1.2749706e-01  -1.1039547e-01   6.8501639e-02   4.0242379e-02  -1.9420264e-02   2.7923796e-01  -2.5306091e-01  -6.2277816e-03  -2.6182630e-01   1.7979814e-01   8.1142462e-02   2.3405813e-01  -2.1495863e-02   3.0355157e-02   2.2092230e-01  -1.4830780e-01   3.2859568e-01   3.1146352e-01  -8.8493751e-02   2.2147928e-01   4.2547352e-01  -1.3728488e-01  -2.7325257e-01   2.9751933e-01  -3.3383891e-01   1.8881968e-01  -3.8832601e-01   2.6515168e-02   2.1798424e-01   3.1073753e-01  -4.9727819e-01   3.3155158e-01   1.7401938e-02   1.6103604e-01   1.2743076e-01   2.3017581e-01   9.0817006e-02   6.8955869e-03   4.0254462e-01   4.7702842e-02  -1.2135652e-01  -5.3312121e-01   2.3566869e-02   3.9842482e-02   1.0288882e-01   1.3740240e-01  -4.5209825e-02  -1.6535601e-01   2.1299188e-01
   5.6067909e-02  -2.4284351e-01  -2.7015707e-01   6.4791279e-02  -1.7688360e-01   2.6473227e-01  -5.7118490e-02   0.0000000e+00  -6.0774779e-02  -2.5539631e-01   3.4194254e-01  -7.7183328e-02   2.4556615e-01  -6.5081033e-02  -1.8441999e-01  -2.7916750e-02  -2.5680519e-01   2.1023569e-01  -8.9317943e-02  -6.2309925e-02   1.2577892e-02   3.9369165e-01   5.9168363e-02   5.0760188e-02  -8.7489828e-03   3.4458822e-01   1.3835311e-01  -1.9358460e-01   1.0322652e-02   3.5995898e-01  -2.0960555e-01   2.7928371e-01  -7.9573403e-03  -3.8803949e-01  -8.4888689e-02  -5.0932720e-02   6.5246868e-02  -3.8733679e-02   1.4816559e-01  -2.4714272e-01   2.0267286e-01  -1.6286536e-01  -1.2416233e-01   2.8810206e-01   1.1326060e-01  -5.1648213e-02   2.3255462e-01  -1.0610119e-01   5.4614123e-02  -2.7140752e-01   3.5969571e-01   3.5883177e-01  -2.5874278e-01  -2.2525240e-01  -2.8910946e-02   2.3880400e-01   1.3885298e-01   3.2532542e-01   2.9257648e-01   4.2879340e-01  -1.8674048e-01   1.1670566e-01  -2.7280999e-01  -6.1989231e-02  -1.5948289e-01   1.5818755e-01   1.0912934e-01  -1.6356043e-02   2.9816582e-01  -2.5945406e-01  -2.3781292e-01   3.1399823e-01   2.2526586e-02  -6.5875740e-02  -2.2360494e-02   2.9960076e-01  -1.6960280e-01   1.3652196e-01  -2.3034956e-01   1.3705790e-01   3.6119895e-02  -1.5007752e-01  -2.7232756e-01   4.2161549e-01  -2.5322914e-01   2.9385608e-01   5.6673153e-03  -1.0165614e-01   4.0209876e-02   6.4130011e-02  -1.3182521e-01  -1.9197054e-01  -1.9404489e-01   2.2743690e-01  -1.7460437e-02  -1.3484120e-01   2.1255283e-01   1.6423196e-01   6.1201785e-02  -1.3642326e-01  -2.8176108e-01  -3.4178891e-01   2.8232329e-01   1.7739458e-01   3.3267949e-01   1.5061850e-01  -1.4065118e-01   3.0018518e-01  -4.0468904e-02   2.4077780e-02  -4.3530050e-01   3.9036401e-01   1.9423715e-01  -1.0606312e-02  -4.2105541e-01  -2.4871362e-01   3.8121990e-01   1.1998032e-01  -4.2647904e-02   2.8346635e-01   1.0835129e-01  -7.8449178e-02  -1.0278576e-03   1.0205669e-01  -2.6637641e-02   1.3182294e-01  -2.6243762e-01   2.0361585e-02   3.7673947e-01  -2.0996177e-01   2.0577742e-01  -2.0600699e-01   1.1151318e-01   2.3547238e-02   2.2788105e-01   2.1750148e-01   6.4221831e-02  -1.6118764e-01   3.2774005e-01   2.6239466e-01   9.7704005e-02   1.2120985e-01   3.4269891e-01  -3.2185355e-02  -9.4078940e-02   2.7517364e-01  -3.5317968e-01   1.4247545e-02   1.0672242e-01  -1.7398659e-01  -2.7993452e-01   1.7510682e-01  -2.5906710e-01  -3.1872209e-02  -2.6111364e-01   2.2531834e-01   3.7756589e-02   2.0536756e-01  -2.4569653e-01   2.9470631e-01  -1.2944508e-02   2.4996509e-01   1.3122890e-02   3.3488968e-01   2.4825570e-01  -2.6845264e-01  -5.6675827e-02   2.0895216e-01  -1.4065038e-01  -1.7587363e-01  -2.7744557e-02  -1.0809498e-01  -4.0059769e-02   1.2713351e-01  -1.6331866e-02  -8.4001046e-02   2.8074693e-01
  -2.6559204e-01   4.2098859e-01   2.8615530e-01  -7.7339495e-02   2.6584866e-01  -2.8707429e-01   1.9487726e-02  -6.0774779e-02   0.0000000e+00  -1.3825769e-01  -2.6748320e-01   3.3243959e-01   2.3717779e-02  -2.6690147e-01  -9.1216745e-02   1.9213884e-01   2.7357531e-01  -9.4450920e-02   1.0418055e-01   1.3314173e-01  -2.9387237e-01  -1.3054189e-01  -2.5517059e-01  -1.9354337e-01   1.7000240e-01  -9.3784881e-02   9.9899693e-02  -5.1039879e-02  -1.5557713e-01  -2.0193188e-01   8.3273046e-02  -6.1509172e-02   2.6463297e-01   3.0830118e-01   2.3349876e-01   1.7751574e-02  -1.5173910e-01   1.4278789e-01   7.0827965e-02   1.3957529e-01   1.2812010e-01   1.4448078e-01   4.5903821e-02  -1.9456583e-01  -2.0778116e-02  -1.7109124e-02  -1.3815879e-01   4.8269616e-03   3.4100379e-02   1.7834179e-01  -8.1292876e-02   3.5972299e-02   9.8339219e-02   2.3573584e-01  -1.9569940e-01  -2.6817522e-01  -2.1770606e-01  -1.5009967e-01   3.6752355e-03  -5.9786586e-02   1.8125261e-01   1.2250555e-01   3.1343870e-01   1.5601446e-01   1.8909809e-01  -2.9391737e-01  -1.2027945e-01   4.3073750e-01  -2.4820217e-01   3.8257421e-03   2.6852037e-01  -2.5056717e-01   2.4215333e-01  -5.8442246e-02   3.8287951e-02  -1.1000643e-01   1.0627079e-01  -1.1403475e-01   2.1373822e-01   2.8931434e-01  -7.6441689e-02   5.3631424e-02   1.6525837e-01  -1.6709030e-01  -1.9699111e-02  -1.3109229e-01   1.7242821e-01  -8.9455929e-02   2.9465350e-01  -2.3338004e-01   1.7955643e-01   3.5397963e-01   1.1069731e-01   1.3562051e-01   1.9583361e-03   2.0395504e-02   1.0783269e-01   6.0601308e-02   2.0827271e-01  -5.4686420e-02   1.9273023e-01  -1.0083375e-01  -1.9156239e-01   3.8239958e-01  -2.8676200e-01  -5.5364222e-02   1.2824110e-01  -4.3855196e-02   4.9496783e-02  -9.3732490e-02   1.4061147e-01  -2.4730103e-01   2.4039145e-01  -2.1469614e-01   1.6852376e-01   3.5588357e-01  -2.1816879e-01   1.9846587e-01  -1.2769456e-01  -9.9618565e-02  -1.5815920e-01   1.2942641e-01   2.1334529e-01  -1.2543595e-01  -1.3978261e-01  -6.7435003e-02   1.3547814e-01   3.0885513e-01  -8.7317781e-02   2.4702672e-03   6.0132394e-02   2.7938191e-01  -1.6294159e-01  -2.3468373e-01   8.1743982e-02  -1.1941204e-01   1.4363214e-01  -4.4881812e-02  -1.7665673e-01  -1.4819702e-01  -2.6793812e-01   3.5621574e-01  -2.3039741e-01  -2.1348677e-01  -6.3643040e-02  -3.7174568e-01   2.5500594e-01  -3.1531415e-01  -1.6406511e-01   3.5755464e-02   2.5046109e-02  -2.1712919e-01   1.2391534e-01  -5.8120278e-04   1.1338777e-01  -2.0358458e-01  -5.4370515e-02  -2.0025263e-01   1.7841375e-01  -5.8773163e-02   3.1052513e-01  -2.7493347e-01  -9.6753019e-02  -3.1723999e-01  -4.5708276e-02   3.0710800e-01   9.4674384e-03  -1.3179330e-03  -5.6652779e-02   1.7637936e-01   2.0824642e-01  -4.3615279e-06   2.6875318e-01  -2.2082251e-01   9.2690715e-02   1.7095401e-01  -3.0928223e-02
   6.0742655e-03  -3.9398484e-02   8.5379296e-02  -1.1173711e-01   1.9940446e-01   6.6871895e-02   9.7444403e-02  -2.5539631e-01  -1.3825769e-01   0.0000000e+00   5.8278874e-02  -6.5012610e-02  -2.2147573e-02  -2.3627639e-01  -1.5576894e-01  -2.3393589e-02   4.6708419e-02  -5.7643045e-02   7.8112810e-02   3.6810309e-01   7.4049014e-02  -1.3782508e-01   3.6480060e-03   4.2906261e-02  -4.5760771e-01  -3.5160417e-01   2.7691299e-01  -9.7033023e-03  -1.9726076e-01  -6.7424182e-02  -1.7038756e-01  -1.7780000e-01  -2.2544686e-02   2.4744425e-01  -4.2077065e-03   3.7450054e-01   1.0496861e-01  -1.7399727e-02  -4.1828242e-02   1.1093170e-01   9.9994695e-02   6.7729688e-02   1.9643521e-01  -1.1926376e-01   1.9547784e-01   9.0514049e-02   1.3012798e-01   1.0440305e-01   1.0813799e-02   1.3663974e-01  -1.5974453e-02  -4.2324600e-01   1.4548874e-01  -2.0164013e-02  -2.2579630e-01  -7.4065371e-02  -1.6620018e-01  -1.0497416e-01  -2.0278727e-01  -2.3863456e-01   7.0602545e-02   3.3433439e-02   3.8232131e-02  -2.6389883e-01  -1.3303799e-01   2.6471099e-01   6.0935622e-04  -1.8386083e-01  -2.1430210e-02   3.5885312e-01  -2.5549139e-02  -5.1603203e-02  -3.7894176e-02  -7.5897244e-02  -1.0827608e-01  -3.8329472e-02   5.8226317e-02  -3.4795242e-02   9.2679278e-02  -2.6486430e-01  -2.6331545e-01   5.4106578e-02   3.2862339e-02  -1.5484113e-01   1.1542769e-01  -1.0323140e-01  -2.1713170e-01   4.6655803e-02  -1.4022772e-01  -2.1807862e-02   7.5468235e-02   7.4622791e-02   3.2589518e-01  -2.3874760e-01  -6.6396524e-02   2.4441601e-01  -2.5655200e-01  -1.5625731e-01  -4.7843296e-03   4.2723585e-01  -1.2016445e-02   7.2682721e-02  -6.3835988e-04  -2.2052294e-01  -9.9291248e-02  -4.6410870e-02  -9.2216070e-03  -1.7332569e-01   6.2051418e-02   2.1029328e-01   3.0883755e-01  -1.7965970e-01  -2.2341429e-01   2.4153141e-02   7.6814770e-02  -9.0128916e-02  -2.0978777e-01   5.2846058e-02  -7.9219158e-02  -1.2813798e-01  -4.7376709e-02   1.5151292e-01  -1.3089224e-01  -1.3400164e-01  -3.9670564e-02  -1.1677096e-01   5.9224851e-02  -1.2963017e-01  -1.1126975e-01   2.5467303e-01  -5.6957876e-02  -4.4558579e-02  -1.4999787e-01   1.0131834e-01  -3.1227181e-02   1.3928589e-01  -1.8116252e-01  -1.4471989e-01  -6.9537497e-02  -6.7164956e-02  -2.1318376e-02  -6.2096785e-02  -9.7861245e-02   1.0645422e-01  -8.5244575e-02  -2.4958951e-01   1.3009621e-01   3.0069666e-01   1.2450859e-01   1.0493921e-01   9.1481763e-02  -9.5640352e-02   8.2410796e-02   2.5903449e-02   1.3651563e-01  -9.0426181e-02   1.3147351e-01  -2.1010393e-02   7.9708733e-02  -2.1065025e-01  -2.2564422e-01   3.8118404e-02   3.6807610e-01   3.6787659e-02  -6.2244204e-02   1.5081362e-01   1.1598062e-01  -8.0957524e-02   1.2496269e-01   9.0570135e-03   9.2144294e-02  -6.7915226e-02   1.4372295e-01   1.2648451e-01  -2.1521984e-01  -7.4904506e-02  -1.5207698e-01
   3.6575636e-02  -5.7381104e-01  -5.8372744e-01   2.7532771e-01  -5.8921599e-02   5.0699299e-01   2.6902466e-01   3.4194254e-01  -2.6748320e-01   5.8278874e-02   0.0000000e+00  -4.1328658e-01   2.5325647e-01  -1.2267363e-01  -1.2582302e-01   7.1445553e-02  -5.4615944e-01   3.9154209e-01   6.0693762e-02  -3.7618605e-02   4.0965955e-01   5.3652775e-01   3.2091054e-01   1.0205137e-01  -2.9916838e-01   2.1996705e-01   2.6253436e-01  -2.4078869e-01   3.8036579e-02   5.4064633e-01  -2.4821020e-01   5.5031264e-01  -2.7364693e-01  -3.9646993e-01  -3.8336212e-01   3.2539172e-01  -4.4847620e-03  -4.1326797e-02   9.4694822e-02  -6.3191965e-01   1.9187213e-01  -1.4473355e-01  -4.5749957e-01   4.6346908e-01   3.0440591e-01   9.3193950e-02   7.6800228e-01   1.2094736e-01   9.1418309e-02  -4.9845410e-01   6.8900631e-01   3.2358207e-01  -1.9566983e-01  -3.5370836e-01  -4.5547333e-02   5.9462412e-01   3.4876446e-01   5.1302588e-01   3.5396502e-01   3.3191860e-01  -7.6456164e-02   1.2314232e-01  -5.4991361e-01  -2.5217365e-01  -4.3766420e-01   6.4268450e-01   3.6494900e-01  -1.5555582e-01   6.7502497e-01  -1.8435020e-01  -6.4405031e-01   6.0003301e-01   1.1871068e-01  -2.3378044e-01  -2.1104001e-01   4.2790228e-01   1.1150170e-01   3.8507668e-01  -3.2121140e-01  -1.5808097e-01   2.1707489e-01  -4.4303772e-02  -4.4730548e-01   1.6020908e-01  -3.4221775e-01   3.9749620e-01  -3.5024813e-01  -2.3359721e-01  -1.4067514e-02   5.5510585e-03  -2.5974211e-01  -2.2776650e-01  -2.6426323e-01   2.1083304e-01   1.2071593e-01  -3.3725030e-01   2.0729558e-02   1.6066786e-01   9.9037906e-02  -1.9023961e-01  -5.5684853e-01  -1.2064418e-01   5.2983425e-01  -2.4102814e-01   6.5260479e-01   1.9462931e-01  -3.9072144e-01   4.5332496e-01   4.4848596e-02   4.6020772e-01  -2.3381606e-01   6.6715800e-01   1.8310080e-01  -9.8226200e-02  -5.4319713e-01  -4.1613567e-01   4.9986064e-01   2.3742474e-01  -6.9456078e-02   3.5853616e-01   1.1689992e-01  -2.2627279e-01   8.0171902e-02   9.6088625e-02   1.4546889e-01   1.4117670e-01  -2.5692285e-01  -3.7730997e-01   5.3810789e-01  -2.6723036e-01   3.2728727e-02  -6.3881205e-02  -5.8185567e-02   3.5802698e-01  -1.1634878e-01   4.5408544e-01  -2.7916008e-01  -1.8629894e-01   5.2253530e-01   1.7482218e-01  -8.0628334e-02  -4.4457578e-02   7.1423763e-01   6.5457472e-02   3.7795816e-03   4.7171881e-01  -6.2667099e-01   5.5121221e-01   4.4576509e-01  -8.3231829e-02  -3.5968265e-01   2.5034582e-01  -2.1021486e-01   2.3253981e-01  -4.7155086e-01   1.5167326e-01   1.9714673e-01   4.3382164e-01  -3.3876603e-01   5.4726240e-01  -1.4184226e-03   7.2270628e-01   4.2364133e-01   6.8053942e-01   2.4148919e-01  -3.4135856e-01   2.5869787e-01   4.3835762e-02  -1.9206962e-01  -4.4618681e-01  -3.1552625e-02  -8.2565117e-03   5.6268404e-02   3.4939800e-01  -2.3754579e-01  -4.3315300e-01   1.3288396e-01
   4.0080696e-02   6.8760786e-01   3.1237791e-01  -3.7209316e-01   2.0350416e-01  -3.5937391e-01   3.3438243e-02  -7.7183328e-02   3.3243959e-01  -6.5012610e-02  -4.1328658e-01   0.0000000e+00  -3.2877173e-02  -1.2316297e-01   1.7491079e-01  -1.2456004e-01   2.2908152e-01  -4.8072296e-03  -1.0094336e-01   6.3884522e-02  -2.4534432e-01  -5.0610464e-01  -3.5274156e-01  -4.3734106e-02   1.8353691e-01  -1.0325875e-01  -4.7260126e-03   6.3947591e-02  -5.0701931e-02  -4.3072303e-01  -7.7988825e-02  -3.0189814e-01   2.6409219e-01   3.9524897e-01   5.6074239e-01  -2.0918364e-02  -2.3114177e-01   2.0402094e-03  -5.4945468e-02   2.4750280e-01  -6.6165293e-02   2.3992061e-02   3.4540446e-01  -2.6485851e-01   1.6986171e-01   1.6441830e-01  -2.1163359e-01   3.0975683e-01  -5.9047682e-02   1.6935685e-01  -3.2834707e-01  -2.0310026e-01   2.5248926e-01   3.0326879e-02  -2.1266382e-01  -3.8624172e-01  -3.4205439e-01  -3.7959271e-01  -8.1999813e-03  -8.0207678e-02  -1.1328895e-01   1.1481088e-02   4.5589458e-01   2.6617710e-01   3.2066498e-01  -3.2547806e-01  -2.9455040e-01   1.3806116e-01  -4.1003657e-01   1.9267767e-03   5.1733806e-01  -3.2947539e-01   5.4398648e-02   1.3380871e-01   1.8570523e-01  -1.8277178e-01   4.1067778e-02  -2.0354025e-01   4.5885041e-01  -3.6617550e-03  -2.4490249e-01   1.9073581e-01   2.4648113e-01  -1.6058474e-01  -8.2674758e-02  -2.6465920e-01   5.0192878e-01  -4.0634643e-03   1.2567989e-01   7.1571855e-02   2.6738478e-01  -8.0364457e-02   1.7580382e-01   1.6286730e-02   6.8355069e-02   1.1301099e-01  -5.2953389e-02  -1.5927030e-01   1.4666839e-01  -1.3722963e-01   1.3310747e-01   1.7742210e-01  -3.8262089e-01   3.2088372e-01  -4.5288629e-01  -3.8813796e-01   8.7959614e-02  -2.4461389e-01  -1.3939366e-01  -2.5296478e-01   1.9786509e-01  -4.4601352e-01  -1.1100202e-01   1.2145832e-01   1.0665145e-01   4.4175697e-01  -3.4331502e-01   7.7324435e-02  -7.1784876e-03  -1.9942616e-01   1.1986985e-02   3.5850885e-01   5.1856168e-02  -9.8780554e-02   8.6811775e-02  -1.9182803e-01   3.2863532e-01   1.8771191e-01  -3.2789121e-01  -2.5857608e-03   7.1656193e-02   2.6394924e-01  -7.6188259e-02  -3.5821945e-01   1.6148661e-01  -2.0933910e-01   1.1524607e-01  -1.4014776e-02  -2.1250941e-01   2.0682098e-02   8.6607505e-02   1.4950858e-01  -3.4079402e-01  -3.3787415e-01  -1.6316455e-03  -2.9296988e-01   4.8703453e-01  -2.3897315e-01  -2.8421102e-01  -2.8472832e-03   3.2201321e-02  -2.6687538e-01   5.1735086e-02   1.2650229e-01   2.4090253e-01  -5.5892739e-02  -1.2027445e-01  -1.9288578e-01   4.9206692e-02  -4.1033580e-01  -7.4826837e-02  -3.9559167e-01  -5.2906824e-02  -3.4804425e-01  -2.1244631e-01   5.4860202e-01   9.6684743e-02  -1.3958185e-01  -1.4241013e-01   1.8581677e-01   5.2038381e-01   1.1830455e-02   1.5176875e-01  -3.1951169e-01   2.3410749e-01   2.3856836e-01  -2.1025877e-01
   2.1591997e-01  -2.0223296e-01  -3.2033724e-01   1.8280668e-01   1.3764999e-01   2.6765825e-01   2.8140522e-01   2.4556615e-01   2.3717779e-02  -2.2147573e-02   2.5325647e-01  -3.2877173e-02   0.0000000e+00   3.9724464e-02  -1.9191794e-01   2.4643306e-01  -3.7104539e-01   4.1549423e-01   1.3781617e-01   7.4325522e-02   3.9708437e-02   2.4353586e-01   3.0210939e-01   1.4598791e-01   5.8070070e-03   1.8660256e-01   1.2143108e-01  -1.2251077e-02  -1.0602228e-01   2.6880085e-01  -2.7421580e-01   1.1329500e-01   1.4073190e-02  -3.3888182e-01  -8.7168697e-02   2.2179653e-01   2.6503575e-01  -2.3758411e-01   2.0964873e-01  -2.6963338e-01   5.8687321e-01  -1.7155054e-01  -3.6619134e-01   5.4152391e-02   2.7070790e-01   6.8122232e-02   2.3530611e-01   1.3842061e-01   4.5794315e-01  -3.3793038e-01   3.5494061e-01   2.8684849e-01  -2.1708956e-02  -2.7719526e-01  -3.3522122e-01   3.0416602e-01   1.1567672e-01   3.5267008e-01   4.4080934e-01   3.3610579e-01  -1.4340916e-01   4.8471838e-01  -3.1008881e-01  -6.6892378e-03  -5.2440935e-02   3.4110423e-01   2.2565323e-01  -1.6984426e-02   2.4897990e-01  -3.1308032e-01  -2.5376912e-01   4.3630548e-01   3.2390131e-01  -1.8422395e-01   1.1845629e-02   1.1911410e-01  -1.9204098e-02   2.3741335e-01  -6.5717028e-02   4.6547734e-02   9.5147880e-02   3.1218858e-01  -3.4397773e-01   2.2276272e-01  -3.5725696e-01   1.6384280e-01  -1.0428405e-01  -6.9993216e-02  -4.5049159e-02   1.8407846e-01   1.7254106e-01  -2.3325693e-01  -2.0074072e-01   1.5713748e-01   6.3777393e-02  -6.7202453e-02   3.4767855e-01   3.6400245e-01   4.8076902e-01  -5.4547001e-02  -4.3392677e-01  -2.8992873e-01   2.0789709e-01   4.6953980e-02   3.7096856e-01   1.5361310e-01  -3.8003300e-01   2.6689140e-01   1.7906528e-01  -2.5723696e-02  -2.8715683e-01   2.6495915e-01   5.5964831e-02   9.5759624e-02  -3.8786664e-01  -9.3411493e-02   3.2447760e-01   3.6703011e-01  -2.7536425e-02   2.3306917e-01   2.0858958e-02   1.3369205e-01   2.2545286e-02   2.0333382e-01   5.4119132e-02   3.3200026e-01  -1.2413793e-01  -1.2521526e-01   2.6212196e-01  -3.8172012e-01   2.8853038e-01  -5.7118280e-03   9.6496865e-02   1.5814939e-01  -5.7747094e-03   1.0282175e-01  -5.4930105e-02  -1.6847884e-01   1.3975285e-01   2.8296166e-01   2.2494776e-01   4.3396675e-01   2.4685240e-01  -2.4132446e-01  -1.8047561e-01   2.7356978e-01  -2.4522917e-01   1.2444068e-01   1.6058529e-01  -2.2863392e-01  -4.3994283e-01   4.2575198e-02  -2.8182168e-01   8.2391899e-02  -3.3989120e-01   1.3498932e-01  -5.2882557e-02   3.3978380e-01  -2.2009211e-01   2.4996965e-01  -8.2056830e-02   1.5589432e-01   2.1472956e-01   3.5530009e-01   2.4584869e-01  -1.0877783e-01  -7.0726031e-02   2.8492595e-01  -1.4565579e-01  -2.5113925e-01   6.1094561e-02  -2.3712877e-01   1.5650542e-01   3.1983429e-02  -2.5507397e-02  -2.3201830e-01   2.1018607e-01
   3.9017305e-01   2.3908571e-02  -1.2943294e-01   9.4043991e-02  -4.2356127e-01  -9.3122272e-02   1.4432823e-01  -6.5081033e-02  -2.6690147e-01  -2.3627639e-01  -1.2267363e-01  -1.2316297e-01   3.9724464e-02   0.0000000e+00   4.1034362e-01  -1.6747542e-01  -1.5135396e-01  -6.3307863e-02  -4.4587919e-02  -4.5628679e-01   5.2441619e-02   1.2423448e-01   2.0427559e-01   2.0595596e-01   1.5681074e-01   3.5365597e-02  -3.4321508e-01   4.7961858e-01   2.3580725e-01   1.4246192e-01   2.5229073e-01  -2.1540803e-01  -1.7721835e-02  -7.8882385e-02   2.9880105e-02  -3.1823856e-01  -4.5259737e-02  -3.2913988e-02  -5.7333157e-02   4.2572076e-02  -1.1671834e-01  -5.8107638e-02  -1.6711019e-01   2.3623508e-01  -2.6872121e-01   1.0861030e-01  -2.8654939e-01  -1.1230361e-01  -1.3190674e-01  -2.0339110e-01  -2.1400366e-01   6.2669603e-02  -1.6165320e-01  -1.5253486e-01   5.1679765e-01   1.2311058e-01   1.2196568e-01  -4.3426101e-02  -1.3006997e-01  -8.5091663e-02  -2.8624221e-01  -1.4343795e-01  -1.9789476e-01   2.0180092e-01   1.6945073e-01  -6.6571475e-02  -1.8040496e-01  -1.2529137e-01  -3.7210644e-02   1.0492667e-01  -3.0358862e-02  -9.7652678e-02   1.3451804e-02   2.1587718e-01  -9.4509581e-03  -4.6395750e-03  -1.2149379e-01   8.7740237e-02  -2.2988431e-01   1.0474435e-02   4.0220476e-01  -6.8652679e-03  -1.1815281e-01   1.0357536e-03  -6.8071919e-02  -1.3230831e-01   3.0080044e-01   3.1633226e-01  -2.7782161e-01   2.8104446e-01  -2.0243660e-01  -2.9156149e-01  -2.5891058e-01  -5.4961572e-02   2.3091969e-01  -2.1899277e-01   9.0733867e-02   1.0680502e-01  -1.8729264e-01   3.3766910e-02   1.4361882e-01   3.1079956e-01   1.7943515e-01   2.1667603e-01   4.7448853e-02  -2.6770469e-03   3.1127121e-02   7.0886527e-02  -1.2003434e-01  -3.6577640e-01  -3.6127408e-02   2.5175917e-02  -3.2005754e-01   4.0417862e-01   2.8504589e-01  -8.1048523e-02   5.0066941e-02  -1.1113328e-01   5.3221528e-01   9.2332262e-02   2.6311620e-01  -3.3941311e-01  -1.5562172e-01   2.9453214e-01   2.7205060e-01   3.3247036e-01   2.3836545e-01  -1.0100311e-01  -6.1612385e-02   1.0884834e-01   1.2949297e-01  -7.7966116e-02   3.7309368e-01  -2.8986535e-02  -3.8783324e-02  -7.2197615e-02  -8.1246697e-02   4.6577101e-01  -3.7631455e-02   3.0590443e-01   4.6492088e-01  -1.4729403e-02  -3.9581890e-02   6.9695923e-02   2.8695181e-01   2.7818366e-01  -7.4728396e-02  -2.8388567e-01  -1.4776949e-01  -2.1711269e-01  -2.9667226e-02   3.7410587e-01  -9.8977803e-02   3.5799314e-02  -5.8679806e-02   3.1626787e-01   1.8706348e-01   3.8296323e-02  -2.1696868e-01   1.0110665e-01  -9.0263454e-02  -7.9179398e-02  -2.3775784e-01  -1.2406002e-01  -3.2127616e-02  -9.9344618e-02  -8.3432638e-03   3.3917388e-01   2.7615459e-01  -2.1167569e-01  -3.8099166e-01   1.3780775e-01  -2.6118782e-01   1.6390163e-02   1.0870983e-01   4.7813210e-02   1.5438876e-01
