   0.0000000e+00  -2.1845114e-01  -2.4911939e-01   4.2621120e-02  -3.2837545e-01  -5.2169027e-02  -3.9863839e-01   1.1208759e-01  -1.7408225e-01  -1.8561475e-01  -3.0490051e-01  -4.4069360e-02  -6.0159216e-03   2.9823404e-01  -5.0378257e-02   9.7431606e-02  -1.9376357e-01  -2.7744693e-01   2.7834496e-02  -1.1662359e-01  -6.0343336e-01  -2.0748351e-01  -3.0140183e-01   8.6795993e-01   6.7931344e-02   1.1518584e-01  -2.4745842e-01  -4.4864125e-02  -6.7291439e-02  -4.2067422e-01  -4.8424285e-01   2.0714855e-01   1.1316145e-01  -2.5407039e-01  -6.3101372e-02  -3.0126819e-01   1.0597347e-01   5.5377656e-01  -1.5199488e-01  -2.9999537e-01  -8.2609126e-02   2.7913812e-01  -2.6008501e-01  -2.8669036e-01   8.0889737e-02   2.5670296e-01  -1.7269607e-01  -5.1035629e-01  -1.1276290e-01  -1.4340823e-01  -1.7689184e-02   1.8017336e-01  -5.1813665e-01   3.4753689e-01   3.4254194e-01  -1.8832121e-01   2.5329583e-01   5.3887738e-02  -5.7696653e-02   2.9025357e-01   4.1499407e-02  -7.9958851e-02  -6.8678853e-02  -2.7127054e-01  -5.2883852e-01  -2.8210680e-01   1.0028968e-01  -6.2124950e-02   2.2103478e-02   7.8052696e-02  -4.8468478e-02   2.1186136e-03  -2.2885062e-01   2.9605434e-01   7.9743811e-02   9.2445903e-02   2.4990043e-01  -2.5657475e-01  -2.9581524e-01   8.6752501e-02  -1.5042406e-01   3.4338702e-02  -3.9387165e-01   5.8219041e-02   7.2014208e-02   2.5411707e-01  -3.9224087e-01   6.9753875e-01  -1.7238735e-02   8.3997927e-01  -2.5340972e-01   1.4218892e-02  -4.0687577e-01   6.9954327e-02   5.4548781e-01   4.6482468e-02   2.4177170e-02   2.7158705e-02   5.6281987e-03  -4.8377864e-02   7.0881943e-02   3.4089008e-01  -1.4661634e-01  -2.4414174e-01  -2.4923576e-03   1.6318323e-01  -3.7348664e-02   7.4513627e-02  -2.2426457e-01  -4.0770871e-01  -2.3078559e-01  -5.6789851e-02  -3.1536806e-02   8.5841245e-01   3.9376918e-01  -2.0800883e-01  -6.6983848e-02   1.7660224e-02  -2.8852422e-01   1.3608933e-01   5.6428876e-01  -2.6893086e-01  -5.8221810e-02  -2.2205889e-01   6.9160601e-01   5.5817396e-01  -1.0063260e-01   6.7180680e-02   9.5878464e-02  -3.1808618e-01  -3.4804542e-02  -3.4749771e-01  -2.5028463e-01  -4.4717583e-01   3.3013273e-02   1.9471097e-01   1.2394256e-01  -1.4197836e-01   3.0973427e-01   7.9213427e-01   8.3596346e-01   1.1265826e-01  -1.1601376e-01  -1.6329465e-01  -5.7887697e-03  -4.1595461e-01  -1.8611514e-01  -3.5310256e-01  -1.5066289e-01  -3.1326844e-01   1.3389258e-01  -7.8518412e-02   3.6938285e-01  -2.6224937e-01  -4.0139723e-01   7.5026733e-01   4.8639671e-01   2.3510894e-01   1.3360660e-01  -2.8409937e-01  -7.0929861e-02  -3.1321974e-01  -4.7804151e-01  -2.8160710e-01   2.2798788e-01  -1.9444017e-01  -2.3034700e-01   8.9864087e-02   5.6652332e-01  -3.1218070e-01  -1.4718606e-01   3.9329670e-01  -1.9546866e-01  -1.2763481e-01   2.9613583e-01  -9.8946766e-02   2.1187832e-01
  -2.1845114e-01   0.0000000e+00   2.9740188e-01  -3.9547444e-02   2.1136785e-01  -6.0601107e-02  -7.1370375e-02  -8.7333695e-02  -8.9399583e-02   1.2083901e-01  -2.4583980e-01   4.4012404e-01  -1.0031675e-01  -3.6417387e-01  -2.7829576e-01  -2.3392044e-01   4.6499205e-01  -1.9855250e-01   3.0124071e-01  -2.8592595e-02   1.0597620e-01  -1.8514414e-01  -1.0329390e-01  -2.0243154e-01   1.4239975e-01  -8.6275355e-02   1.7732349e-01  -2.9377466e-01  -1.0257887e-01  -1.7656394e-01  -6.7283227e-02  -1.2531755e-01  -1.5345039e-01   2.2574064e-01   1.5851811e-01   1.0272898e-01   2.2414059e-01  -2.6168962e-01  -1.9602455e-01   1.5452017e-01  -1.2417000e-01  -2.6830807e-01   5.9024407e-01  -2.7814204e-01   1.0581016e-01  -1.7850990e-01  -1.5385309e-01   3.1715528e-01   1.0383209e-01   2.1839000e-01  -3.3930889e-01  -7.3858871e-02   3.7576182e-01  -1.5677044e-01  -3.8778627e-01  -3.7155816e-01  -1.4936784e-01  -1.3476789e-01  -1.7595768e-01  -2.2160527e-01  -1.4257844e-01  -1.4840010e-01   3.4043024e-01   1.2483988e-01   2.7953634e-01   6.7718080e-02  -2.0111973e-02  -9.8792430e-02  -4.3124846e-01  -1.4312295e-01   6.6778604e-01   1.4841326e-02   2.3089559e-01  -9.6106387e-02   1.2251490e-01  -1.9342818e-01  -1.7292081e-01  -2.1974833e-01   5.8975656e-01   2.3342079e-03  -7.7146828e-02  -9.5120848e-02   3.9263397e-01  -1.3192142e-01   7.5673628e-02  -4.1112467e-02   8.1489278e-02  -2.7071404e-01   3.5619120e-01  -2.2558875e-01   4.9627972e-01  -1.1897778e-01   2.2948608e-02   7.3175065e-02  -2.8641711e-01   2.3636085e-02  -6.6521140e-02   4.3977952e-02   2.5088744e-02   7.7945278e-02  -1.5650302e-01  -9.9070224e-02  -1.9640515e-01  -6.7392288e-02  -2.4872388e-01  -1.3055239e-01  -1.7266233e-01  -3.1201583e-01  -1.1782713e-01   7.2094718e-02   2.7033336e-01  -2.3985764e-01  -2.6211858e-01  -2.6365038e-01  -2.9942749e-01   5.5591648e-01  -4.2584012e-01  -2.5345873e-03  -3.0116606e-01  -1.4431755e-01  -3.7373315e-01   3.6996747e-01   2.4427012e-01   3.7946336e-01  -2.4060280e-01  -3.1754419e-01   3.4298329e-01  -2.5406335e-02  -2.3226507e-01  -7.9434227e-02  -2.0123607e-01   1.7908391e-01   5.2360318e-01   1.3253173e-01   9.5324153e-02  -1.2288143e-01  -3.7153233e-05  -9.6935031e-02   3.2804654e-02  -2.4948712e-01  -2.7251125e-01  -2.0359900e-02  -5.1769196e-02  -3.1413251e-01  -1.0524145e-01  -1.3365114e-01   3.6567873e-01   2.4381761e-01  -3.2615840e-02   1.1616426e-01  -3.6910493e-01  -1.6967388e-01  -3.6390304e-01   3.2472338e-01   3.7304275e-01  -1.4463961e-01  -3.0807010e-01  -1.8081048e-01  -1.6956093e-01  -1.6556108e-01  -1.1292373e-01  -2.9052304e-02   1.6060039e-01  -2.5932524e-01  -1.3076454e-01   2.9562997e-01   2.2370935e-01  -2.5160189e-01  -3.7705753e-01   3.3224308e-01   4.2782210e-01  -3.1700834e-01  -5.0982573e-02   3.0241684e-02  -1.7761349e-01  -1.0701958e-01  -1.0972058e-01
  -2.4911939e-01   2.9740188e-01   0.0000000e+00  -5.1331149e-02   2.5837241e-02   5.7780614e-02   1.0507234e-02  -1.8533346e-01  -2.8449472e-01   2.7119715e-01  -2.3357767e-01   3.8572953e-01  -2.3753381e-01  -3.3319617e-01  -3.9201842e-02  -2.5062835e-01   8.0875310e-01  -3.3199820e-01  -4.1420020e-02   1.2560918e-01  -2.3975665e-02  -2.2041901e-01   1.6827710e-02  -2.7252234e-01   9.0770147e-02  -3.5785650e-01   1.3488496e-01  -2.9146886e-01   1.8399223e-01  -8.0779265e-02  -4.6587536e-02  -1.8047428e-01  -3.0678879e-01   2.2292569e-01   1.3400349e-01  -1.2977622e-01  -6.2642172e-03  -1.4551946e-01  -2.0064125e-01   6.4128704e-01  -4.1610091e-01  -1.6716020e-01   5.1991268e-01  -7.9346235e-02  -1.3300104e-01   4.5560541e-01  -1.3584720e-01   2.7699746e-02  -1.0799244e-01   5.0731216e-01  -3.7125643e-01  -4.1490749e-01   2.8119495e-02   1.4154313e-01  -2.2482703e-01  -2.2312469e-01  -1.6367223e-01  -1.9506015e-01  -3.0980016e-01  -5.0100306e-02   3.6032934e-01  -1.1863707e-01   1.9274260e-01  -1.5495941e-01  -1.0183492e-01   1.4532555e-01   1.3860162e-02   2.5808729e-02  -3.1592983e-01   5.8662293e-01   2.2997121e-01  -8.3956449e-03  -2.4402982e-01   4.1479838e-01   2.6640313e-01  -1.3809012e-01   3.1605365e-01  -1.2752459e-01   1.0181189e-01  -2.0217179e-01  -2.0421504e-01  -2.7293143e-01   1.1654434e-01  -3.4509093e-01   3.5966887e-01  -1.1318202e-01  -8.5897094e-02  -3.2192537e-01   1.1853722e-01  -1.4063584e-01   1.2806077e-01   5.1606051e-01   1.8917157e-01  -2.2398078e-01  -9.6318416e-02   1.7476968e-01   1.5291468e-01  -9.1170122e-02   1.2879471e-01   7.2696817e-02   8.3955859e-02   3.2343731e-02  -2.6287557e-01   4.1402826e-02  -3.2409343e-01  -1.7213578e-01   1.9920235e-01  -2.7322184e-01   4.3593811e-02  -1.4817670e-01   4.9759559e-01  -2.3823559e-01  -1.1517996e-01  -2.0069946e-01   8.5417355e-02  -3.2324675e-02  -2.7556596e-01  -3.6739986e-01   5.7552161e-02  -2.2314164e-01  -6.7739333e-02   2.3409948e-01   3.2431482e-01  -1.4055629e-01   6.9797300e-02  -1.8166323e-01   2.1313599e-02  -9.0344941e-02  -1.7330472e-01   5.0113912e-01  -3.1729722e-01  -1.9254415e-01   5.1562526e-01   3.9703488e-02   1.6139779e-01  -5.4068841e-02  -2.4573564e-01  -1.4469675e-01  -1.1056301e-01  -2.5297698e-01  -2.7688514e-01  -9.0166905e-02  -1.1764498e-01   1.4924897e-01   1.1417742e-01  -1.4194177e-01   6.2587963e-01  -3.0733761e-02  -6.4580989e-02  -6.5326651e-02   5.4552511e-02  -2.7954725e-01  -1.6484685e-02  -8.7237193e-02   6.5400737e-01  -2.6985216e-01  -3.8122179e-02  -2.6844722e-01   2.9570554e-01  -2.6089791e-01  -2.8231840e-02  -1.6579059e-01   5.2365395e-02  -2.3100452e-01  -1.6257059e-01   2.9966205e-01   6.6417577e-02  -3.1259199e-01  -9.8111576e-02   9.3713519e-02   3.6624189e-01  -1.0181199e-01  -3.2630391e-01  -1.5469240e-01  -8.4061105e-02  -5.7730531e-02  -7.2716641e-02
   4.2621120e-02  -3.9547444e-02  -5.1331149e-02   0.0000000e+00  -1.1430417e-01   3.7804492e-01   2.1878388e-01   4.6976425e-01   1.3390226e-01  -7.4077404e-02   1.1288258e-01   2.0309660e-01   3.4321213e-01   1.6253983e-01  -8.4539126e-03  -3.0723173e-01  -1.3078804e-01   1.0381033e-01   1.6913927e-01  -1.9546025e-01   1.3699371e-01   5.5913226e-01   4.2678675e-02  -9.0385540e-02   3.3423725e-01   7.1832086e-02   2.0226673e-01  -1.0006294e-02   1.4470563e-01   2.6608328e-02   6.4578712e-02   5.1888191e-01  -4.3015836e-01  -1.3480162e-01   4.5205064e-01  -8.8936649e-03  -3.7315925e-02  -2.4408021e-01  -3.8783074e-01  -1.7501679e-01   1.2743189e-01  -3.4929904e-01   1.8723966e-01   4.1196820e-02  -3.2538667e-01   9.0718045e-02   2.7365390e-01   1.0426970e-01  -2.0210712e-01  -3.4354217e-01   4.6540944e-01   2.0028853e-01  -3.4810468e-02   4.1600968e-02  -1.1059089e-01   9.1032722e-02  -2.7640796e-02   6.5564120e-01   3.3304787e-01   1.9966762e-01   3.1248423e-02  -1.0466952e-02  -5.3684845e-02  -2.7432390e-02  -1.1382169e-02   2.5843720e-02   4.2541529e-01  -6.5144903e-01   3.2400934e-01   6.4256492e-02  -2.4404161e-01   6.0956993e-01  -2.3076915e-01  -2.5520322e-01  -3.4796490e-02   3.0837011e-01  -2.0526807e-01   1.6185455e-01  -1.4735189e-01  -5.5569296e-03   2.8044294e-01  -2.2660972e-01  -9.2165232e-02   2.1642649e-01  -9.1112337e-02   5.5242978e-01   6.2246443e-02  -1.2279258e-01  -9.9966146e-02  -1.0440410e-01  -1.3204555e-01  -1.7084248e-01  -7.3991674e-02   4.8805104e-01  -7.5133033e-02  -2.1295245e-01  -2.3416534e-01   4.5207425e-01  -3.3506777e-01   5.2446756e-02  -2.0698076e-01   7.3859202e-02   4.3732969e-01   2.8809505e-01   3.3779669e-01   5.8423889e-01  -2.8442222e-01   3.3608689e-01   1.8715116e-01   6.9491051e-02  -2.0817662e-01   3.9077348e-01  -2.3226482e-01  -6.1828263e-02  -1.8420471e-01  -2.3911224e-01   8.2919247e-03   1.9294818e-01   3.0391891e-02   7.9539456e-01  -1.7703471e-01  -1.7927225e-01  -1.4533247e-01  -1.8320073e-01   1.9838257e-02   3.1690380e-02   2.2953513e-01  -6.9885037e-02   6.1148235e-01  -6.1268339e-02  -2.7343412e-01  -4.9505776e-02   1.7522628e-01  -7.2240589e-03   6.2039213e-01   4.9661047e-01   1.0260898e-02   3.2010692e-01   5.6447939e-01   6.7618753e-02  -7.3360476e-02   1.4483172e-01   4.6065821e-01  -1.8146704e-02   3.1645459e-01   3.9985507e-01  -1.9042941e-01  -1.1281291e-02   1.6338386e-01   3.4605330e-02  -2.7448417e-01   3.9753777e-01  -3.2708006e-01  -1.5096969e-01   5.3792534e-02  -6.7047357e-03  -2.6307719e-02   5.9171887e-01  -1.9394834e-02   2.8280611e-01  -6.6870772e-01   2.4814621e-01   2.5528796e-02   5.3291851e-01   6.4143324e-01  -2.9887481e-01  -1.1516995e-01   7.0343303e-02  -3.4506872e-01  -3.3473287e-01  -2.5266079e-01  -1.1907962e-01  -1.7929775e-01   1.4778293e-01   3.1406893e-01  -3.6690444e-01   6.8088350e-01
  -3.2837545e-01   2.1136785e-01   2.5837241e-02  -1.1430417e-01   0.0000000e+00  -1.0925062e-01  -2.3323044e-01  -2.8641503e-01   4.3443953e-02   6.2140244e-02  -7.8904866e-03   6.2611165e-02   6.5261797e-02  -3.9441311e-01  -4.0030173e-01   5.2962863e-03   1.4778317e-01   1.6411744e-01  -4.4388205e-02   7.1173183e-01   4.9996127e-03  -2.1924227e-01  -8.2500170e-02  -2.3266005e-01  -5.0764843e-02  -1.1389468e-02   4.8303542e-01  -1.5292398e-01   1.0829150e-01  -1.7433080e-01  -1.0379756e-01  -1.2691830e-01   1.3368903e-02   5.8539059e-02  -2.8891144e-01   7.0227945e-01   1.6037229e-01  -2.0935553e-01   1.6622764e-01   1.1574792e-01   1.1586525e-01  -6.3046900e-02   1.6622565e-01  -1.1738122e-01   5.1271452e-01  -2.8950862e-01   1.6805579e-01  -1.1265317e-01   3.1931092e-01   4.2385057e-01  -7.0686597e-02  -1.5918690e-01   2.4009989e-01   3.8621009e-02  -2.7447159e-01  -2.2915873e-01  -3.1286344e-02  -7.0225725e-02  -1.5181150e-01  -9.6023349e-02  -3.0945739e-03   2.9246008e-01   3.1485606e-01  -6.2224331e-02   2.1258525e-01   8.4868965e-02  -1.0193862e-01   2.0501072e-01  -1.3350756e-01  -4.4471560e-01   2.4058564e-01   4.2087611e-02   1.8124743e-01  -2.7232515e-01   3.8961457e-02  -1.8598298e-01  -9.0855064e-03   4.5541332e-02   6.8698749e-01   7.3343943e-02  -1.8039486e-01  -9.1028092e-02   1.8590795e-01  -7.8621659e-02  -2.3119835e-01  -1.9677454e-01  -3.0247971e-01  -3.4242327e-01   6.3560650e-02  -3.2867561e-01   7.4673946e-01   1.5842275e-01   8.0783567e-02  -1.9672050e-01  -3.2335360e-01   6.4085979e-01   1.3351435e-01  -6.9688404e-02   4.2223895e-01   1.0695067e-01  -3.4333935e-01  -3.6459926e-01  -1.9773228e-01   1.4380214e-01  -9.0776797e-02   1.1305347e-02   1.9126603e-01  -7.7175059e-02  -1.5939256e-02   9.0981999e-03   5.7787070e-02  -1.2295341e-01   1.7842458e-01  -3.3877673e-01  -3.8955382e-01   5.7872948e-01  -2.6608540e-01   7.7838118e-02  -1.3620678e-01  -1.4842356e-01  -2.4450787e-01   7.4598297e-01  -3.9900494e-02   2.7156023e-01  -2.8020343e-01  -4.5914587e-01   2.8193014e-01   1.2752842e-01  -4.6407411e-02  -3.4521756e-01   1.2554781e-01   3.7132686e-01  -3.7576175e-02  -4.3771325e-02  -1.2038920e-01  -2.3653615e-01   2.1901081e-01  -2.6178561e-01  -1.9342525e-01  -3.0077726e-01  -2.1462770e-01   1.9780160e-01  -1.6518606e-01  -1.8758973e-01  -2.2390876e-01  -2.3750475e-01   2.3346711e-02   2.4498942e-01  -2.2044146e-01   3.8805184e-02  -3.1262650e-01  -2.0411312e-01  -4.4834621e-02   2.9225996e-01   4.5745311e-02  -1.9179483e-01  -2.0281582e-01  -2.3381547e-01   7.9875000e-02  -1.6986932e-01   2.1336784e-01  -8.0478099e-02   1.7849569e-01  -2.4746217e-01  -9.5156158e-02   4.1649177e-01   4.1682148e-01  -5.4143306e-02  -1.7306243e-01   4.9126773e-01   4.3079908e-01  -1.6754359e-01   1.3975178e-01  -4.0375756e-02  -2.4056469e-01   2.5823887e-01  -1.9455169e-02
  -5.2169027e-02  -6.0601107e-02   5.7780614e-02   3.7804492e-01  -1.0925062e-01   0.0000000e+00   4.3932837e-01   4.1987447e-01  -1.2589546e-02  -4.7820710e-01   1.9873336e-01   2.4880678e-01   3.5308990e-01   3.2311105e-01  -1.7621264e-02  -1.6308141e-02  -6.3604905e-02  -1.6475752e-03   2.1997947e-01  -3.0205770e-01   3.1790036e-01   4.6577134e-01  -3.5982804e-02  -1.9446585e-01   3.4944700e-01  -5.0468310e-03   5.3335076e-01   1.1572798e-01   1.5703068e-01   3.2858822e-01  -1.2573037e-02   2.9263657e-01  -1.0089945e-01  -2.3129352e-01   4.2312012e-01   1.3210688e-01  -2.0693832e-01  -1.6710829e-01  -5.5394583e-02   1.0809099e-01   3.0265313e-01  -6.7163100e-02  -9.6214992e-03   2.5036435e-01  -4.2499742e-01   3.2518829e-01   5.7770070e-01   1.6124658e-01  -2.1960408e-01  -3.9763117e-01   2.6061759e-01   1.5884428e-01  -5.3590173e-02  -1.0456431e-01   1.4576253e-01   2.9722300e-01   7.9641951e-03   2.1283570e-01   4.0941994e-01   2.2253260e-01   2.4413163e-01   6.9794392e-02  -2.9141797e-01  -1.0300030e-01   2.6895082e-02   6.7060673e-02   8.5119905e-01  -4.5767353e-01   4.7865498e-01   3.2362403e-01  -3.2087762e-01   6.1117982e-01   7.3910175e-02  -5.9785340e-02  -1.3767745e-01   1.7538765e-01  -8.0578232e-02   4.6940224e-01  -2.9979353e-01  -1.1894419e-01   2.0036126e-01   1.4970323e-02  -1.1255030e-01   6.6745943e-02   1.6257620e-01   5.3974510e-01   3.0058527e-01  -3.3987775e-02  -7.1547287e-02   6.9802058e-02  -1.5160979e-01  -1.3731609e-01   1.9597674e-01   2.5285352e-01   1.9258938e-02  -1.5182598e-01   3.3865741e-02   5.6737999e-01  -1.3512848e-01  -6.9333620e-02  -2.9609192e-01   1.6445055e-01   2.8121001e-01   3.0331595e-01   3.6446865e-01   3.5844595e-01  -1.6548313e-01   4.4181922e-01   7.1938962e-02   3.0869125e-01  -2.6552091e-01   4.5506885e-01  -4.4436943e-01  -1.6357848e-01  -1.0612201e-01  -2.6993372e-01   2.1187392e-01   3.4124773e-01   5.0862981e-01   3.7836187e-01  -9.8422333e-02  -2.9011543e-01  -9.9977272e-02  -2.6429997e-01   1.7898037e-01   2.1292885e-01   6.3400485e-02   9.7764982e-02   2.6215539e-01   2.4887546e-01  -2.8443641e-02  -1.8317572e-01   3.3576005e-01  -6.8945073e-02   4.0016750e-01   5.1901237e-01  -1.9081741e-01   2.7708101e-01   5.6880077e-01  -3.3189539e-02  -1.4545181e-01  -1.2631111e-01   5.2875335e-01   4.6587225e-01   1.4334130e-01   3.5957177e-01  -2.6379719e-01   2.7718488e-01   5.0006752e-01  -1.7363913e-02  -2.4939456e-01   1.7576044e-01  -3.2149349e-01  -1.4308283e-01   3.5067975e-01  -5.1850310e-02   1.4641336e-03   4.0348614e-01  -1.0545732e-01   3.4973126e-01  -4.7913285e-01   4.8154269e-01   7.1904027e-02   3.8949443e-01   5.0357144e-01  -3.6713189e-01  -9.2348907e-02   2.2362918e-01  -2.2725209e-01  -8.7298473e-02  -3.0679113e-01  -2.2907727e-01  -9.6141580e-02   5.0130990e-01   2.0955806e-01  -4.6723334e-01   6.1860981e-01
  -3.9863839e-01  -7.1370375e-02   1.0507234e-02   2.1878388e-01  -2.3323044e-01   4.3932837e-01   0.0000000e+00   6.2692556e-02   1.3567247e-01  -2.5450890e-01   5.3883769e-01   1.1748933e-01   1.1480051e-01   2.7726108e-01   4.0801963e-01   2.7655573e-02  -2.3484484e-01   3.2316257e-01  -1.3063179e-01  -3.1255039e-01   5.3512873e-01   5.8838114e-01   3.8254530e-01  -4.8000640e-01   4.5169802e-02  -1.5958299e-01   1.7522086e-01   3.2456111e-01   1.2103955e-02   6.9548369e-01   3.4567491e-01   2.3165287e-01  -5.7966964e-03   1.2231071e-01   3.7531090e-01   3.5951182e-02  -3.3388163e-01  -2.0519532e-01   4.9742860e-02   2.0021393e-01   1.1325593e-01  -9.5828255e-02  -1.4732725e-01   3.4760344e-01  -3.1800245e-01   1.6446730e-01   4.5573524e-01   5.6665278e-01  -2.7518413e-01  -4.6807253e-01   5.2585346e-01  -2.8759216e-02   2.2703261e-01  -1.4489876e-01   8.9143460e-02   6.4016350e-01  -2.7001777e-01   1.7194476e-01   4.2837901e-01   8.6110529e-02   8.4706900e-02   1.7717746e-01  -3.0312933e-01   2.7444889e-02   2.6758602e-01   2.6944919e-01   3.4761271e-01  -1.5351271e-01   4.0661903e-01   3.6114600e-01  -4.2254439e-01   3.1569820e-01  -6.4176753e-03  -1.8228485e-01  -2.5239607e-01   5.3873074e-03  -1.8108497e-01   4.0955136e-01  -3.1644507e-01  -1.2503035e-01   4.0078356e-01   6.8520032e-02   1.1995008e-02  -8.4471529e-02   2.6860723e-02   1.4687698e-01   4.8082783e-01  -2.6216125e-01  -5.9858809e-02  -2.9346870e-01  -3.6141070e-01  -1.6223778e-01   4.2556084e-01   2.4691631e-01  -1.9981338e-02  -4.8256862e-01  -7.8680149e-02   2.5397893e-02  -1.6884919e-01   9.1708907e-02  -9.6075797e-02   2.1086266e-01   3.0648245e-01   2.6313937e-01   5.5411464e-01   1.2476141e-01  -1.0931204e-01   1.8514485e-01   1.4342759e-01   5.3474171e-01  -5.0196636e-02   4.6180635e-01  -1.0251113e-01  -3.6894602e-01  -1.1248044e-01  -4.5990907e-01   3.9552867e-01   1.0311922e-01   4.7223251e-01   2.5850757e-01  -1.7906713e-01  -4.0755122e-01  -1.4232356e-01  -3.0614101e-01  -1.0976357e-01   1.0798340e-01   1.5511841e-01  -1.2424417e-01   1.4284100e-01   4.5404986e-01   1.4980898e-02   1.1522091e-01   2.0178923e-01   1.7188469e-01   1.6825590e-01   1.6528077e-01  -2.7889509e-01   3.2758665e-01   6.8395770e-02  -2.6803749e-01  -4.2333470e-01  -1.6417118e-01   5.6584835e-01   4.6602277e-01   3.2196384e-01   6.4117336e-01  -5.7113162e-02   2.3066655e-01   7.0394377e-01   3.1197039e-01   1.0796449e-02   1.6101823e-01  -1.7006388e-01  -1.1284332e-01   3.3533836e-01  -3.4894250e-01  -5.6269263e-02   2.5422853e-01  -1.3757367e-01   5.1034322e-01  -2.0531688e-01   3.6875740e-01   2.9559683e-01   7.1700817e-01   9.8549004e-02  -3.4448438e-01   2.0821646e-01  -2.7135448e-02  -2.3110226e-01  -1.5777746e-01  -3.6962694e-01  -1.6315243e-01   8.5585099e-02   2.4373277e-01   1.0298568e-01  -1.7233741e-01   1.3297701e-01
   1.1208759e-01  -8.7333695e-02  -1.8533346e-01   4.6976425e-01  -2.8641503e-01   4.1987447e-01   6.2692556e-02   0.0000000e+00   1.8359610e-01  -1.7358208e-01   1.2343765e-01  -5.4804821e-02   3.2028246e-01   2.9336521e-01   5.2913015e-02  -1.6878341e-01  -2.2009328e-01  -2.2099955e-02   3.9411753e-01  -4.2662561e-01   1.5977132e-01   4.4046310e-01  -3.8169897e-02   1.4245085e-02   3.2629122e-01   1.7958677e-01   3.1829544e-02   6.2100809e-02  -4.3957644e-02   2.8851717e-02   1.7894310e-01   2.3210393e-01  -1.3771284e-01  -2.2969151e-01   2.2855835e-01  -1.1363895e-01  -2.0260536e-01  -6.9037351e-02  -2.3253739e-01  -3.2486408e-01   3.3326155e-01  -2.2869419e-01   1.8562688e-02   1.8696396e-01  -4.1238344e-01   7.8460124e-02   1.5361872e-01   1.9600509e-01  -5.9813648e-02  -4.3691708e-01   9.9267779e-02   5.9947658e-01  -3.8280748e-02  -1.1294904e-01   1.1569923e-01   5.3562861e-02   2.2382650e-02   4.2367366e-01   3.7517107e-01   3.4154291e-02   6.5719305e-03  -9.0721231e-02  -2.2233934e-01   1.3532870e-01   6.0236143e-02  -8.1529058e-02   5.0758163e-01  -4.9154430e-01   1.8670738e-01   5.8242300e-02  -1.8033163e-01   3.3928880e-01   5.9188722e-02  -2.0432311e-01  -1.7279109e-01   5.2172402e-01  -1.5114844e-01   2.6262925e-01  -2.9194136e-01  -1.1408248e-01   3.9474682e-01  -2.5317311e-02   2.8886301e-03   5.9907901e-01   3.6646940e-02   5.1767677e-01   1.9905748e-01   9.5348208e-02  -5.4833404e-02   2.6548677e-02  -1.9077676e-01  -3.1431648e-01  -3.0695951e-01   3.8094009e-01   8.8970369e-02  -2.8546235e-01  -1.5223286e-01   5.8954755e-01  -3.4004714e-01  -1.4391456e-01  -4.2463908e-02   8.0475681e-02   5.6430460e-01   6.4997639e-02   1.1570282e-01   3.2090375e-01  -2.8981151e-01   3.9178089e-01   1.3997371e-01   1.3854079e-01  -3.0409445e-01   2.1551317e-01  -3.5160245e-01   2.2751835e-02  -3.3522151e-02  -1.6050812e-01   6.0002863e-02   3.0198528e-01   1.1448199e-01   4.1662389e-01  -6.1818453e-02  -3.2434385e-01  -1.2602540e-01  -8.5245204e-02   1.0395482e-01   6.8898236e-02  -2.8971108e-02  -1.1159867e-02   3.6412668e-01   7.5913236e-03  -1.7295534e-01  -1.2877042e-01   1.5836072e-01   5.7477316e-02   3.2491261e-01   6.5306202e-01  -1.2796132e-01   5.2863726e-01   6.6572673e-01   1.3573378e-01   6.1659094e-02   2.3793342e-02   3.4782607e-01  -5.1914864e-03   8.7991357e-02   3.7260787e-01  -2.9822377e-01   9.0522508e-02   9.4944573e-02   9.1220966e-02  -9.2199148e-02   7.2108380e-01  -3.1683541e-01   1.2218982e-01  -1.2000497e-01   1.2880049e-01   2.4649381e-03   5.2172270e-01  -1.4534559e-01   3.2373551e-01  -4.7570749e-01   3.8218898e-01   5.7648670e-02   3.2297855e-01   4.1730719e-01  -4.4044133e-01  -2.4094755e-01   3.5994130e-01  -2.3008995e-01  -1.7143923e-01  -3.5376318e-01  -4.2808917e-02  -4.7934502e-02   4.2812397e-01   2.0940554e-01  -4.1625339e-01   5.9059257e-01
  -1.7408225e-01  -8.9399583e-02  -2.8449472e-01   1.3390226e-01   4.3443953e-02  -1.2589546e-02   1.3567247e-01   1.8359610e-01   0.0000000e+00  -1.7445034e-01   2.1974423e-01  -2.2644765e-01   7.7507882e-02   2.5249521e-01  -1.6467668e-01   3.5075045e-01  -2.2751847e-01   5.3089102e-01  -2.0703292e-03  -1.6394359e-01   2.4107733e-01   5.0550572e-01  -1.1246596e-01  -2.2137061e-01   1.8966435e-01   4.5414237e-01   5.2877357e-03   2.7175547e-01  -4.1764707e-03   3.9260837e-01   1.9653990e-01   3.7309704e-01   3.6232092e-01  -2.3821830e-01  -9.3378101e-02   1.4683702e-01  -1.0579335e-01  -1.1179404e-01   4.2680717e-01  -1.4110654e-01   4.2805170e-01   2.0507232e-01  -7.3732450e-02   2.8963809e-01   2.3834909e-03  -2.3153799e-01   1.9362094e-01   1.3822795e-01  -1.2792261e-01  -1.6118631e-01   2.3700674e-01   2.9327647e-01   1.0918966e-01  -5.5387261e-02  -6.5946277e-02   1.6580401e-01   5.7655798e-02   5.1968741e-01   6.3127441e-01   2.8716322e-01  -1.6628869e-01  -4.4187540e-02   2.5229524e-01   2.9968046e-01   2.0660134e-01  -1.3985418e-02  -4.8028663e-04   1.7973245e-01   3.9382796e-01  -2.7368255e-01  -1.9881169e-01  -1.4527028e-01   1.5034187e-01  -4.2064387e-01   2.9897885e-02   5.1815136e-01  -1.3510463e-01   3.7289775e-01  -8.5204770e-02   3.0597602e-01   2.0859262e-01   2.0519045e-01   1.3686231e-02   4.7663603e-01  -3.4599420e-01   1.5654698e-01   4.2933699e-01  -2.0029771e-01   2.4412886e-02  -3.5874061e-01  -6.3746374e-02  -2.3518834e-01  -3.5610414e-02   5.0182394e-01  -9.8824761e-02  -2.9122978e-01   7.5376498e-02   9.4448231e-02  -1.6938032e-01  -9.8039963e-02  -2.9408264e-02  -1.1873988e-01   2.9666648e-01   4.1321604e-01   4.1273791e-01   3.7434068e-01   1.1056022e-01   5.1815325e-01  -1.2808322e-01   2.6874687e-01  -2.4999281e-01   4.3853480e-01   2.4866342e-01  -1.6774402e-01  -2.7348576e-01  -7.0318119e-02   3.5919106e-01   1.0323858e-01   8.0547437e-02   2.6558645e-01  -1.5671774e-02  -1.4145381e-01  -7.1891700e-02   1.9911763e-01  -3.0409671e-01  -1.3081568e-02  -1.1791050e-01   5.3707755e-02   4.9606680e-01  -3.8353866e-02   3.0581060e-01   1.2305510e-01  -2.2525938e-01   1.2631748e-01   3.6290318e-02   3.2887157e-02   1.9496668e-01  -5.3042335e-03   3.6935783e-02  -1.2562668e-01  -1.5380869e-01  -2.9116873e-01   2.8292986e-01   4.3581772e-02  -1.8878655e-01   3.8680511e-01  -3.9854254e-01   1.4099475e-01   1.4176455e-01   1.1402396e-01  -1.7707847e-01   4.0597359e-01   1.1123952e-01  -1.2688722e-01  -1.7605613e-01  -1.2253266e-01  -1.2244159e-01   3.0760512e-01  -1.2549479e-01   3.5990899e-01   2.1686290e-01   3.3865937e-01   1.3957527e-01   4.0598002e-01   2.9174226e-01  -3.0372415e-01  -1.2824448e-01   3.2980301e-01  -6.0752027e-02  -5.3194506e-02  -2.2941833e-01  -1.2871115e-01   4.8215747e-01   1.1591131e-01   1.7045146e-01   2.8704660e-01   1.6023138e-01
  -1.8561475e-01   1.2083901e-01   2.7119715e-01  -7.4077404e-02   6.2140244e-02  -4.7820710e-01  -2.5450890e-01  -1.7358208e-01  -1.7445034e-01   0.0000000e+00  -1.1923843e-01  -8.0188612e-02  -1.6598939e-01  -4.5145205e-01   1.9367468e-01  -2.3350850e-01   2.1390466e-01  -2.3859354e-01  -1.1599556e-02   1.6790110e-01   9.5296328e-03  -3.4300638e-01   4.6202805e-01  -1.4412441e-01  -9.7957380e-02  -1.8068936e-01  -1.8388034e-01  -3.3775788e-01  -1.6706458e-01  -3.7624458e-01   1.6635138e-01  -3.6018206e-01  -3.4452785e-01   5.9997636e-01  -1.7356470e-01  -4.6526527e-02   1.4007546e-01  -2.2014361e-01  -2.3354091e-01   4.9013629e-02  -2.6249713e-01  -2.4364802e-01   3.7181985e-01  -2.8679191e-01   4.5365898e-02  -1.8524435e-01  -3.2537020e-01   1.1664618e-02   7.9814283e-02   3.0782668e-01  -2.0552275e-01  -1.5825847e-01   1.0862756e-01  -1.9882690e-02  -3.8049754e-01  -2.2751611e-01  -7.1668650e-02  -1.8894894e-01  -3.7789545e-01  -3.4257785e-01  -1.3967903e-01   5.6007512e-02   1.3152097e-01   8.0418617e-02   8.0017831e-03   3.8751702e-01  -3.8746689e-01  -4.3295805e-02  -4.9210287e-01  -5.4950176e-02   3.1988329e-01  -1.9111805e-01  -9.1446633e-02   9.1341844e-02   1.4979227e-01  -1.5625400e-01  -1.0342354e-01  -4.3141565e-01   2.3589855e-01  -1.4636473e-01  -1.4799648e-01  -1.2109783e-01   6.1073588e-02  -1.9920419e-01   6.2401889e-02  -2.8361740e-01  -1.9540665e-01  -1.5137738e-01   1.7177186e-01  -2.6903769e-01   1.1110651e-01   1.5397732e-01   8.4990618e-03  -1.5008205e-01  -2.9950650e-01   1.5898229e-01  -2.0216045e-01  -1.9473682e-01  -1.1785178e-01   2.5123657e-01   2.1353020e-01  -1.2116772e-02  -2.9494800e-01  -2.4665138e-01  -5.2319912e-01  -3.0943386e-01  -1.0055302e-01  -4.7869793e-01   2.3493965e-01  -2.7224868e-01   5.1809981e-01  -4.9847714e-01  -1.7056041e-02  -1.7381003e-01   2.5865513e-02   1.4320438e-01  -3.8798199e-01  -2.4016533e-01  -3.6091326e-01  -2.1353454e-01  -2.6235386e-01   3.0332235e-01   1.9046373e-01   1.0767327e-01  -2.6655579e-01  -3.7015689e-01   5.1801646e-02  -1.2959616e-01  -2.4210804e-01  -1.0836611e-02  -2.6444732e-01   2.7854202e-01  -4.4598416e-02   3.4695001e-01  -6.6339610e-02  -1.8133115e-01   5.2995804e-02  -7.7945523e-02  -2.6055409e-01  -2.0384868e-01  -1.2840668e-01   9.2125795e-02  -3.3493939e-01  -3.8758398e-01   3.2425898e-01  -1.9433260e-01   6.2057240e-01  -1.9742450e-01  -3.1820874e-01   7.2365896e-02   1.8302188e-01  -2.4626591e-01  -1.2211720e-01   1.5415183e-01  -3.6122595e-02  -1.6136782e-01  -2.9683030e-01  -2.5242117e-01   5.3011007e-02  -3.2894006e-01  -3.9956548e-02  -1.6802355e-01   1.4035524e-01  -2.6720694e-01  -2.6854960e-01   5.0181315e-01   2.2366831e-01  -3.2274051e-01  -2.1881563e-01  -4.3957894e-02   4.7169268e-01  -9.6748173e-02  -2.3997757e-01  -4.6629384e-01  -1.2361033e-01   7.5314486e-02  -3.2691314e-01
  -3.0490051e-01  -2.4583980e-01  -2.3357767e-01   1.1288258e-01  -7.8904866e-03   1.9873336e-01   5.3883769e-01   1.2343765e-01   2.1974423e-01  -1.1923843e-01   0.0000000e+00  -2.6497673e-01   7.2976664e-02   2.0239600e-01   3.6826542e-01   1.7418362e-01  -4.4600227e-01   6.4139223e-01   5.8086821e-02  -1.7437021e-01   4.7548854e-01   4.3567854e-01   2.8515256e-01  -3.2954526e-01  -1.7294690e-02   1.2531565e-01   2.1091377e-01   4.1488714e-01  -5.8689135e-02   5.3229774e-01   6.3259358e-01   1.5108251e-01   1.3171901e-01   1.8676549e-01  -6.0006037e-02   4.0826679e-01  -1.7985356e-01  -2.0684594e-01   2.5118491e-01  -3.6248135e-02   2.9382872e-01  -7.0850580e-02  -3.1175962e-01   5.3221994e-01  -2.7595040e-02  -2.0407037e-02   6.7588664e-01   4.2810523e-01  -1.5550034e-01  -4.2876576e-01   5.9235708e-01   1.7932209e-01   4.0550149e-01  -9.6065129e-02   9.1059467e-02   5.9594540e-01  -1.0321158e-01   1.0513078e-01   3.9706856e-01  -7.2231927e-02  -9.6786582e-02   2.3754306e-01  -3.9025741e-01   4.0812928e-01   3.5215190e-01   3.0024080e-01   1.9744219e-01  -1.1819001e-02   5.9518647e-01   4.1904094e-02  -3.5836048e-01   2.6647635e-01   2.9174094e-01  -3.2719084e-01  -2.9667206e-01   1.3155613e-01  -1.7916475e-01   4.5304191e-01  -1.9868713e-01  -1.2452560e-02   4.3591487e-01   9.6434667e-02   1.5418043e-01   1.2637749e-01  -1.5857447e-01  -1.7078387e-03   2.5439394e-01  -1.7812647e-01  -3.1257558e-01  -2.6983976e-01  -2.8630206e-01  -2.4099816e-01   3.0832102e-01   8.4336327e-02  -9.4303714e-02  -4.2999317e-01  -1.1938143e-01   1.2507877e-01  -7.6526010e-02  -2.5406182e-02   4.9033584e-02   6.0352474e-02   3.2732154e-01   1.6659177e-01   4.4644966e-01   1.4111184e-01  -1.5049439e-01   4.4581535e-01   1.1233286e-02   6.5601787e-01  -2.2621828e-01   3.6784746e-01   8.9494988e-03  -2.4018471e-01  -2.2541410e-02  -1.4869339e-01   5.1065883e-01   1.8973167e-01   3.5389952e-01   1.6067372e-01  -3.7799611e-02  -3.4091850e-01  -3.9993837e-01   4.1459921e-02  -2.1739444e-01   3.0570419e-03   8.9750969e-02  -1.6185284e-01   8.3391259e-02   2.3472747e-01   2.3519532e-01   5.1242557e-01  -2.2322659e-01   4.2241997e-01  -1.1300178e-01   1.5819820e-01  -2.0691149e-01   3.8799771e-01   1.9812262e-02  -2.2552073e-01  -2.5926005e-01  -1.3817493e-01   5.2732878e-01   2.2626050e-01   2.2748860e-01   5.8452072e-01  -2.7419779e-01   4.3648123e-01   4.5462553e-01   2.3837813e-01   1.2391542e-01   2.5677984e-01  -2.9129479e-02   2.4321276e-01  -1.2541174e-01  -2.3951953e-01   2.4861646e-03   2.5941683e-01  -2.2574794e-01   4.9698741e-01  -4.9888108e-02   6.1808183e-01   4.5395030e-01   5.6009974e-01   1.7689452e-01  -2.6888129e-01   2.7842331e-01   1.9714133e-01  -1.2161903e-01  -2.8157964e-02  -3.8362833e-01  -7.1949726e-02   3.3655658e-01   1.0718933e-01  -2.3754015e-03  -3.5246696e-03   8.9025219e-02
  -4.4069360e-02   4.4012404e-01   3.8572953e-01   2.0309660e-01   6.2611165e-02   2.4880678e-01   1.1748933e-01  -5.4804821e-02  -2.2644765e-01  -8.0188612e-02  -2.6497673e-01   0.0000000e+00   4.6954066e-03  -3.5755398e-01  -4.1234950e-01  -2.9227136e-01   2.7125393e-01  -1.2347567e-01   2.5438600e-01  -7.9720773e-02   5.8051953e-02  -1.1715411e-01  -1.8116875e-01  -1.4810491e-01   1.2624669e-01  -2.5817457e-01   3.2066768e-01  -4.9645920e-01   1.4705167e-01  -1.8994054e-01  -2.1762817e-01   3.9337242e-02  -2.6925424e-01  -1.4173336e-02   4.9117188e-01   1.9097949e-02  -5.0619781e-02  -1.5749891e-01  -2.9793821e-01   1.5900640e-01  -1.8832065e-01  -2.5629255e-01   5.2734759e-01  -2.8203579e-01   6.4209063e-02   1.0074637e-01   7.6746378e-03   9.2555247e-02  -1.2998866e-01   1.0196438e-01  -2.9241085e-02  -2.7790572e-01   5.6144077e-02  -1.7373764e-01  -4.0080362e-01  -2.7427129e-01  -1.4851365e-01  -9.7268039e-02  -4.7232608e-02   2.2401873e-01   1.4343254e-02  -9.3615330e-02   1.5164740e-01  -1.3833542e-01   3.7927265e-02  -5.4994367e-02   2.6009225e-01  -1.6262105e-01  -1.9596453e-01   1.2565722e-01   1.2781586e-01   2.2566732e-01  -6.8181223e-02   4.7264619e-02  -8.2196228e-02  -1.5996545e-01  -1.3357919e-01  -1.6567835e-01   3.0495675e-01  -1.0114147e-01  -3.5954605e-01  -9.0610306e-02   6.0903190e-02  -2.0512030e-01   3.4143743e-02   5.3643371e-02   6.1601100e-02  -3.5716556e-01   1.7802826e-01  -1.2076779e-01   1.7482793e-01  -4.7751409e-02   2.4024804e-01   1.5058004e-01  -1.6521539e-01   5.2655927e-03  -1.2092507e-02   1.4498836e-01  -2.5968999e-02   3.4153891e-02  -4.5299352e-01   2.0187308e-01  -2.6205009e-01   2.6720454e-01   1.3853271e-02   7.1700046e-02  -1.1791413e-01  -2.0557938e-01  -1.2149720e-01   4.1770515e-02   1.8029376e-01  -1.1264819e-01  -2.5700601e-01  -2.2174889e-01  -3.7883628e-01   1.3508911e-01  -3.7004854e-01  -1.1521152e-02  -8.7561040e-02  -4.8442412e-02  -2.2594244e-01   2.6046874e-01   2.2270358e-01   3.8597716e-02  -2.1602776e-02  -1.1648129e-01   5.4960092e-01  -6.8742976e-02  -3.5240510e-02  -1.9667706e-02  -1.9738227e-01  -1.2387975e-01   5.0045050e-01  -9.8485883e-02   4.1013058e-01   1.2840856e-01  -6.7673018e-02  -1.8383643e-01   1.5018798e-01  -8.8749699e-02  -1.8430709e-01   8.3751716e-02   1.1135967e-01  -6.8360823e-02   6.0788830e-02  -6.9813941e-02   3.0250105e-01   1.1768668e-01   1.8532041e-01  -3.6696972e-02  -5.2897544e-01  -2.0700394e-01  -3.5263140e-01  -2.1433233e-02   4.2950139e-01  -4.2605463e-02  -2.0745915e-01  -5.7528079e-02  -1.4246096e-01  -3.0208843e-01  -1.6086568e-01  -9.9688251e-02   3.1839532e-02  -8.0381140e-03   1.1076830e-01   1.8766108e-01   1.4970617e-01  -2.1644585e-01  -2.4056589e-01  -2.8749451e-02   3.3729495e-01  -2.1185246e-01  -5.5383336e-02   1.2693630e-01   1.1250055e-03  -3.3004567e-01   1.9952871e-01
  -6.0159216e-03  -1.0031675e-01  -2.3753381e-01   3.4321213e-01   6.5261797e-02   3.5308990e-01   1.1480051e-01   3.2028246e-01   7.7507882e-02  -1.6598939e-01   7.2976664e-02   4.6954066e-03   0.0000000e+00   1.8257289e-01   1.3239978e-01  -5.3923171e-02  -2.3855853e-01   5.8824698e-03   1.0028274e-01   8.8446737e-04   4.8433323e-02   2.8033375e-01   1.0477040e-01   5.1962224e-02   3.0081098e-01   1.4716857e-01   9.7353107e-02   1.5367315e-01   6.4954629e-02  -4.1076334e-02  -2.6039069e-02   1.3160600e-01  -1.6800228e-01  -6.7427521e-02   1.2201688e-01   1.2648583e-01  -1.4628536e-01  -2.2139534e-01  -1.0699283e-01  -2.4582971e-01   4.0237308e-01  -7.5553460e-02  -2.1122524e-02   1.2908566e-01  -2.2089769e-01  -1.2382034e-01   2.3407470e-01  -1.1422641e-01   9.2878758e-03  -3.1872308e-01   2.8015536e-01   2.5962906e-01  -7.0997490e-02   1.8919597e-02   1.7458969e-03   2.2287924e-02   1.0904386e-01   2.8370819e-01   2.7425898e-01   9.0584136e-02  -1.4470825e-01   1.8139382e-01  -5.3751016e-02   2.3819019e-02  -3.8448729e-02  -1.3003835e-02   2.7616067e-01  -3.9838782e-01   2.2010878e-01  -5.4065150e-02  -1.3996758e-01   3.2518120e-01  -3.5869830e-04  -4.0534789e-02  -7.3316311e-02   1.1897331e-01  -2.8419782e-01   2.2999021e-01  -1.0517659e-01   7.6519428e-02   2.4203049e-01  -4.2643068e-02  -1.2089857e-01   1.1091837e-01  -9.1231207e-03   2.9747166e-01   3.7089998e-02   1.1891174e-01   2.1795897e-01   6.4794460e-02  -7.3041902e-02  -2.5895807e-01  -6.3991730e-02   2.1200863e-01  -1.6493542e-01   4.4370879e-02  -2.1256025e-01   2.4726761e-01  -1.1563945e-01   1.7851562e-02  -2.1701609e-01   7.7215652e-02   2.6292155e-01   9.2986569e-02   1.3885312e-01   2.8556130e-01  -2.8448831e-01   1.6062997e-01   8.1844897e-02   6.0894499e-02  -1.5646566e-01   2.3487877e-01  -2.0866408e-01  -9.6598821e-02   5.7602909e-02  -3.1599318e-02   1.1822578e-01   5.8299252e-01   2.2481189e-02   2.9735134e-01  -1.4732803e-01  -1.5924779e-01  -1.4433976e-02   5.0609441e-02  -1.3706391e-02   1.7712858e-01   1.6641481e-02  -1.1974724e-02   2.5330711e-01  -1.9300173e-01  -3.9172081e-02   9.8566272e-02   5.3849031e-02   3.5059322e-02   2.1121206e-01   2.8369564e-01   1.3481151e-01   1.8626769e-01   3.4249535e-01   4.4820046e-02   5.3319796e-02   3.7284732e-01   2.0646674e-01   7.9676029e-02   1.7030270e-01   1.6771737e-01  -1.6125991e-01   1.4789878e-02   1.5725282e-01  -2.0731146e-01  -4.6578926e-02   2.4656269e-01  -2.1497069e-01  -6.7689946e-02  -8.9600613e-02   1.2840001e-01  -8.4018434e-02   3.1977766e-01  -1.8362746e-01   1.9860169e-01  -4.1429065e-01   2.2253683e-01  -7.8944489e-02   2.4370901e-01   2.2404186e-01  -1.5909210e-01  -5.9657389e-02   3.7417901e-02  -2.1072433e-01  -1.0296422e-01  -2.2075602e-01  -1.7561231e-01   1.7915661e-02   1.6379934e-01   2.3411909e-01  -2.9311285e-01   3.9403461e-01
   2.9823404e-01  -3.6417387e-01  -3.3319617e-01   1.6253983e-01  -3.9441311e-01   3.2311105e-01   2.7726108e-01   2.9336521e-01   2.5249521e-01  -4.5145205e-01   2.0239600e-01  -3.5755398e-01   1.8257289e-01   0.0000000e+00   1.9170402e-01   1.7752686e-01  -2.5908379e-01   1.0850242e-01  -5.5044966e-02  -3.4462245e-01  -1.0262234e-01   5.5672152e-01  -1.4683925e-01   2.9500673e-01   1.0403258e-01   2.3691101e-01  -2.1233228e-01   6.6145979e-01  -4.4521677e-02   4.3231714e-01  -4.2855839e-02   3.5642043e-01   2.2212884e-01  -3.8376973e-01   1.5437565e-01  -1.8748105e-01  -1.5977488e-01   3.1274597e-02   1.3256529e-01  -9.7734945e-02   2.3261928e-01   1.9877372e-01  -3.9206041e-01   3.6592304e-01  -3.5701325e-01   9.3532216e-02   2.6998919e-01   3.6894870e-02  -1.2463031e-01  -4.5181530e-01   3.2443320e-01   3.0965177e-01  -2.0772951e-01   5.5330216e-02   5.6147956e-01   4.7263099e-01   9.9532751e-02   3.7051382e-01   4.7987078e-01   3.2234554e-01   6.4492334e-03   2.0223063e-02  -2.2947879e-01  -1.3826258e-01  -2.6410540e-01   3.6559720e-02   2.8998227e-01  -1.1724303e-01   5.4885191e-01   1.4429398e-01  -4.1523266e-01   1.2417560e-01  -5.7541063e-02   3.4442285e-02  -7.1500112e-02   3.9044421e-01  -9.1827229e-02   5.0365952e-01  -6.1334384e-01   9.5414527e-03   4.8833894e-01  -2.5555109e-02  -2.4266682e-01   2.9917046e-01   4.6053801e-02   4.1807071e-01   2.8297608e-01   4.9656502e-01   1.2477715e-02   2.9537249e-01  -4.4407055e-01  -2.3639744e-01  -1.0527498e-01   2.6605478e-01   1.6746654e-01  -3.4628865e-01  -4.7323683e-02   1.5721435e-01  -1.6525783e-01  -1.8049392e-01   1.9121091e-01   9.9827990e-02   5.2121739e-01   1.0285099e-01   5.1199850e-01   3.0751209e-01  -6.3443996e-02   5.2449819e-01  -2.0632073e-02   1.4207401e-01  -3.7261012e-01   5.7757637e-01   3.4822970e-02   2.6303747e-01   2.6648979e-01  -5.3596662e-01   5.4174524e-01   1.6030556e-01   3.2947781e-01   3.6192645e-01   1.7199535e-01  -5.9481027e-01  -2.1823805e-01  -4.0961923e-01   1.4640086e-01   6.6443416e-01  -3.7684003e-01   6.2217175e-02   3.5586385e-01   1.4856149e-01   2.5648165e-02  -2.7195782e-01  -6.8300642e-02  -2.6685397e-01   1.2835174e-01   2.3254218e-01  -1.2150030e-01   3.6774550e-01   2.8448174e-01   2.7225071e-01   3.2346661e-01  -1.6867533e-01   3.7730417e-01   3.9559933e-01  -4.0011271e-02   3.4146034e-01  -4.9106630e-01   1.4085497e-02   2.4846491e-01  -1.0522171e-01   2.0262007e-01   4.4408886e-01   1.7489099e-01  -3.2741984e-01  -1.0853963e-01   2.8358785e-01   1.7270035e-01   4.1988518e-01  -1.0107241e-01   4.9723762e-01  -1.2724004e-01   1.9467095e-01  -3.9667419e-02   4.0871299e-01   3.0576033e-01  -7.2886965e-01  -3.6748632e-01   3.7825579e-01   1.5866611e-01  -2.5022724e-01  -6.2795805e-01   4.1849125e-02   3.3731900e-02   2.6405302e-01   1.4708151e-01  -4.6125092e-02   2.9210458e-01
