   0.0000000e+00  -3.4468148e-01  -1.0265039e-01  -4.3788958e-02  -1.2069916e-01  -2.6605171e-01   6.7177732e-02   8.4614875e-02  -4.0943743e-02  -1.2937290e-01   2.5039110e-01  -2.1305326e-01  -8.7470005e-02   3.4013396e-01   2.7359811e-01  -6.3486070e-02  -2.4577239e-01   5.1833619e-03  -1.7858282e-01  -1.2296636e-01  -1.3025170e-01   6.7812731e-02   1.7636565e-01   5.6023775e-01   4.8968085e-02  -4.2418804e-02   1.0329096e-01   1.7732055e-02  -2.4252463e-01  -1.1394107e-01  -2.6593099e-02   2.6625457e-02   4.3943042e-02  -1.4815235e-01  -2.8927048e-02  -6.9704964e-02   1.6999188e-01   1.4401861e-01  -3.6969797e-02  -1.7678095e-01   6.8703418e-02   1.0659941e-01  -2.2659537e-01   6.5512672e-03  -9.6772499e-02   5.2852586e-01   1.3977744e-01  -2.5894413e-01   1.7606457e-02  -2.1802973e-01   3.8355048e-01  -7.7466343e-02  -3.0993209e-01   2.8754140e-02   8.2049461e-02  -1.1933965e-01  -1.4191621e-01   6.7328859e-02   3.5674260e-02  -1.2845803e-01   1.7815157e-01  -1.1008726e-01  -8.3764785e-02   1.7447296e-02   1.0539655e-03  -1.5357702e-01  -3.4556438e-02  -2.3170900e-01   2.2549652e-01   2.3868308e-01  -3.5960307e-01  -1.3839719e-01  -5.1946573e-02   5.8295491e-01  -4.5324269e-02   8.3250395e-02   4.1982900e-01   2.2188767e-03  -1.0345989e-01  -1.5224235e-01   1.4067865e-01   3.2767873e-02  -2.6870426e-01   1.2716319e-01   4.5869323e-01  -3.7369840e-02  -1.2825183e-01   5.2644974e-01   2.1006440e-01   5.1673076e-01  -1.9019311e-01   7.2647457e-02  -3.4800443e-01  -6.7950713e-02   3.5950381e-01  -6.0496532e-02  -2.0575317e-01  -1.5062914e-01  -7.6870025e-02  -4.7876306e-02  -4.7346721e-02   2.8263352e-01   2.8606233e-03  -9.4451280e-02   1.3744694e-01   8.8830779e-02  -1.0745466e-01  -6.5483705e-02  -2.0837506e-01  -2.8713435e-02  -3.1502104e-01   1.8177047e-01   1.2172906e-01   7.6903563e-01   9.1511443e-02  -1.4541216e-01   1.9574374e-01  -1.3017555e-01  -1.4140339e-01   1.9746939e-03   5.4954365e-01  -1.8882997e-01  -8.4180369e-02  -5.8915692e-02   3.8202204e-01   3.9004083e-01   9.1877791e-02  -1.5528794e-01   6.5029696e-02   1.3714178e-01  -1.3299732e-01  -1.0214776e-02   4.9058927e-01  -1.2328952e-02  -1.8938503e-01   9.0924190e-02  -6.5583752e-03  -1.1193046e-02  -9.1993522e-03   1.5382849e-01   6.2750772e-01   1.3059411e-01   1.6593914e-01  -2.6607708e-01   9.2116162e-02  -1.2636557e-01  -4.9017140e-02  -2.5538335e-01   3.5101353e-02  -4.0688481e-02   5.8211424e-01  -1.5612959e-01   3.3157236e-01   1.5070876e-02  -1.3402189e-01   4.0696806e-01   4.8931315e-01   8.7247315e-02   6.0714309e-02  -2.1355055e-02  -2.1014065e-01   2.1316128e-01  -1.2346596e-01   1.9992888e-01  -6.6600680e-02  -1.8054666e-02   1.4213368e-02  -2.4878394e-02   3.4214783e-01  -2.9434677e-01  -1.5937349e-01   6.5586323e-02  -1.9273467e-02  -2.4175247e-01  -2.6251799e-01  -1.5209185e-01   1.6303592e-02
  -3.4468148e-01   0.0000000e+00   2.3624299e-01  -9.8612258e-02   5.6730222e-01   2.9657930e-01  -1.2662591e-01  -1.4605494e-01   4.6767105e-01   2.0436089e-01  -2.4625246e-01   6.1450500e-01   3.8487172e-01  -2.7870290e-01  -2.5913179e-02  -5.9610367e-02   3.5515655e-01   1.4711362e-01   5.0323746e-02   6.3706835e-01   2.2281998e-01  -2.2699312e-01  -1.5789480e-01  -4.4356395e-01  -7.1016631e-02  -1.4930593e-01   1.0846740e-01  -3.4570316e-01   1.0531804e-01   3.6151386e-01   2.5349803e-01   1.3836467e-01   1.0714768e-01   9.7771845e-02   2.6911038e-02   4.6611619e-01  -1.5911367e-02  -4.8720718e-01  -2.6277978e-02   5.3690975e-01   2.2404957e-01  -1.4584207e-01   4.9719029e-01  -3.3263234e-01   2.9298948e-01  -6.0127811e-01  -7.1330650e-02   4.2461346e-01   3.6377715e-01   3.3356315e-01  -1.4682407e-01   5.2612783e-02   3.6226028e-01   2.0248905e-01   9.7754603e-02  -7.8195475e-02   6.3585117e-02  -1.1993923e-01   2.2379900e-01   3.1446051e-01  -2.3613238e-01   2.8917507e-01   5.8604275e-01   3.6860111e-01   4.4176406e-01   2.3035317e-01   3.4278530e-01  -8.1206028e-02  -8.3037610e-02  -5.1658858e-01   6.7675081e-01  -1.5242634e-01   9.2114767e-02  -3.0948914e-01   1.5360072e-01  -2.1762185e-02  -5.1615946e-01  -6.2270521e-02   6.0848071e-01   2.9053411e-01  -4.7546784e-01  -1.5422402e-01   2.8773320e-01  -1.4460321e-01  -3.1593672e-01   4.6287854e-02   1.6371001e-01  -3.0885057e-01  -9.6461334e-02  -3.3304817e-01   5.9052556e-01  -1.8554841e-02   3.5864948e-01   1.3817093e-01  -4.0401840e-01   4.9323943e-01   1.0726435e-01  -6.1086888e-02   8.6359577e-02   6.2278613e-02  -1.8300425e-01  -3.6156583e-01  -1.0560799e-01   3.8064991e-01  -3.0691306e-01   4.8113202e-02   2.7718928e-01   9.9875624e-03   2.7966680e-01   4.5434862e-02   2.2928952e-01  -3.5418138e-01  -3.7065098e-01  -5.3457926e-01  -3.9645527e-01   5.0797296e-01  -3.4505748e-01   2.1376587e-01  -2.0429980e-01  -2.5364260e-01  -5.5892407e-01   5.5895278e-01   4.5549220e-01   4.4741337e-01  -3.7127568e-01  -3.7804317e-01   1.4426599e-01   2.4731108e-01  -1.4616704e-01  -4.1007588e-01  -9.7681756e-02   3.3997058e-01  -6.0914010e-02   1.8618198e-01   4.0941317e-01  -9.5775410e-02   6.9679693e-02   2.8904666e-01  -1.3392304e-01  -2.2573030e-01  -3.9215163e-01   2.1136258e-01  -1.7568910e-01   9.8803058e-02   1.4841862e-01  -5.1440254e-02   2.0328416e-01   3.6062488e-01  -2.7300880e-01   2.7119060e-01  -4.0726128e-01  -1.2278817e-02  -4.0417174e-01   1.9205311e-01   5.9316550e-01  -4.3429653e-01  -5.7407828e-01   1.7206988e-01   1.0401257e-01  -3.0247686e-01  -9.1462782e-02  -1.6263947e-02   3.8086610e-01  -1.2445976e-01   3.0164048e-01   3.8205187e-01   5.5659202e-03  -5.0448152e-02  -3.0124258e-01   5.1752681e-01   5.6720811e-01  -5.2741926e-01   3.0050935e-03   5.5932624e-02   1.7636006e-01   1.9831641e-01   1.9406238e-01
  -1.0265039e-01   2.3624299e-01   0.0000000e+00  -1.4519402e-01   1.8053876e-01   1.3764906e-01   2.3621241e-01  -1.6997408e-01   9.8352180e-03  -2.4676681e-02   6.4077949e-02   4.0311973e-01   1.0541993e-01  -1.5669824e-01  -1.8209176e-02  -8.9250218e-02   6.8818922e-01  -1.4794355e-01  -1.5628506e-01   1.8976889e-01  -8.5276294e-02  -2.2324066e-01   3.6614085e-02  -2.0958548e-01  -1.0828502e-01  -1.1262397e-01   3.7294869e-02   8.9191111e-02  -7.4209255e-02   1.3771854e-01  -7.8353830e-02  -8.4448331e-02   1.5742274e-01   1.7786436e-01   7.7677646e-02   2.1634564e-01  -6.4681981e-02  -1.8798175e-01   7.1463357e-02   3.0131958e-01  -1.0950474e-01   2.2350383e-01   1.6687337e-01  -6.7420994e-02  -3.4596340e-02   2.0190568e-01   1.4911269e-01  -2.1667075e-02  -2.1544294e-01   3.4190907e-01  -1.6968907e-01   1.3038686e-02   1.6975273e-01   1.0472732e-01  -5.4999218e-02   2.8082686e-01   4.7315794e-02  -2.9698296e-01  -8.0150433e-02   1.9163004e-01   3.5996594e-01   6.3433424e-04   2.3083260e-01   5.5176715e-03  -2.0334974e-01   1.4450514e-01   8.6308068e-02   1.6393125e-02  -2.9776359e-02   2.8296808e-01   1.7685246e-01  -1.2916678e-01   9.9214740e-03   6.5006728e-02   1.5265286e-02   1.3247768e-01   1.8769168e-01   2.1199183e-02   2.5721350e-01   1.7146963e-01   5.6451985e-03   6.0151974e-02  -1.8295037e-01  -8.1540076e-02   2.2209909e-01  -7.1174280e-02  -1.5261652e-01  -1.3622638e-01   3.7587840e-02  -2.1416731e-01   9.2540809e-02   4.6619843e-01   2.3276865e-01  -2.2451802e-02  -4.1051778e-02   5.7239377e-02   6.2212802e-02  -2.7226473e-01  -9.5435488e-02  -7.6146585e-02   9.6600160e-02   8.4591383e-02  -1.0344157e-01   9.9050804e-02  -2.1671621e-01  -5.1103957e-02   1.3885339e-01  -1.1385085e-01  -4.9097529e-02   6.7326644e-02   1.8387592e-01  -5.9452460e-02  -1.5076187e-02  -1.8656965e-01   9.1391258e-02   4.4237664e-02  -2.2142272e-02   8.9157871e-02   1.5783012e-01  -4.4680830e-03   1.4295859e-01   1.7992111e-01   1.7677991e-01  -1.6989408e-01   2.1500449e-01  -4.8584857e-02  -1.7910256e-01   6.6275110e-02  -2.5715130e-01   2.7002088e-01  -2.6999705e-02  -6.4144076e-02   4.8203641e-02   1.0072518e-02   1.1151675e-01   3.1884155e-02  -5.1254649e-02   6.9362990e-02  -9.9390874e-02  -2.8132744e-01   1.3212893e-01  -6.6110191e-02   1.5428092e-02   4.5964103e-01   1.0005213e-01  -6.8010602e-02   3.6113448e-01   2.2715002e-01   8.4296627e-02  -2.4580780e-01   1.5313415e-01  -3.3992137e-02   2.5672807e-01  -1.5085569e-01   4.8582383e-01  -3.2601677e-01   3.3126850e-02  -1.7081377e-02   3.5541226e-01  -3.6801832e-02  -1.4688274e-02   7.8931901e-02  -2.8743880e-02  -2.5325015e-01  -1.5644487e-01   1.2137675e-01  -2.3634033e-01   1.2967641e-01   3.1940480e-01   1.8067306e-01   1.9885252e-01  -1.7258424e-01  -1.3891333e-01   2.1548347e-01  -2.4176076e-01  -9.2426663e-02  -5.5882064e-03
  -4.3788958e-02  -9.8612258e-02  -1.4519402e-01   0.0000000e+00  -9.3152890e-02   1.9951916e-01  -3.0170158e-02   2.4969327e-01   2.1480609e-01  -2.2596560e-02   9.0289089e-02  -5.2571073e-02   8.1756224e-02   2.1901677e-01   1.1336928e-02   1.1301434e-01  -2.8394607e-02   2.7657648e-01   2.6103603e-01  -4.1807132e-02  -9.4833343e-02   1.6795950e-01  -7.1266700e-02  -2.6732302e-01   6.8021654e-02   2.3533243e-01  -9.2159717e-02   1.5919272e-01   2.6685554e-01   8.7499628e-02   7.0064003e-02   9.6831975e-02   3.7705867e-01  -3.3325312e-02   2.6432694e-01  -8.2684051e-02  -1.6639354e-01  -2.6651668e-01   1.8837740e-01   9.3028145e-02   2.6610847e-01   1.4164790e-01   7.8162448e-02   9.2521935e-02   2.0766774e-01  -2.6190753e-01  -1.0476179e-01   1.2959498e-02   1.5126931e-01  -2.2460053e-01   3.8052417e-01   2.7381297e-01  -3.6694041e-02   2.2762549e-02   6.0808956e-02   1.8813885e-01   3.0142251e-02   1.7121368e-01   3.8650014e-01   2.2055330e-02  -1.7667883e-01   1.8897199e-01   1.0299432e-01   5.3890307e-02   2.3311140e-01   9.0885810e-02   2.6105880e-01   9.7339261e-03   5.4575130e-02  -1.8851007e-01  -3.5980716e-02   3.8295366e-01   1.3425026e-01  -1.1186315e-01   5.2422519e-02   5.7686123e-02  -1.5713902e-01   7.9983256e-02  -4.6185808e-02   2.6639555e-01   4.1671920e-02   7.8018918e-02   4.5364432e-02   2.0373822e-01  -2.1434690e-01  -3.9131865e-02   2.9695050e-01  -8.1060070e-02  -8.7318390e-03   8.4791366e-02  -5.7313312e-03  -4.4503850e-03  -4.1627258e-02   2.7108800e-01   2.7373400e-03  -2.4509033e-02   2.5808563e-01   2.4736223e-01   1.9238595e-01  -7.8093761e-02   7.3673053e-03   1.6656583e-01   2.1238963e-01   2.0025603e-01   2.3448190e-01   2.9527382e-01   1.1981765e-01   2.9794773e-01   1.2172029e-01   4.5220483e-02   1.2640204e-02   1.9301813e-01   3.1161759e-01   3.4033379e-02  -3.5799879e-02   7.7874436e-02   9.1267124e-02   7.8271212e-02  -4.7607284e-02   5.5536870e-01  -2.2295732e-01  -8.1498823e-02   1.9081497e-01  -1.0001254e-01   4.3241541e-02   1.1224722e-01   1.3205436e-01   1.8768331e-01   1.8598086e-01  -1.7567343e-01   9.3769778e-02   1.3238579e-02  -9.8345118e-02   7.8821916e-02   2.6561493e-01  -1.0423846e-02   1.3073837e-01   2.3336393e-02   2.1685584e-01   1.5958098e-01  -1.3694389e-01   6.7317669e-02   7.9108587e-02  -4.7866293e-02   4.6057596e-02   3.6395386e-02   2.6332423e-03  -8.9559274e-03   1.7585752e-02   1.2596030e-01  -1.2166630e-01   1.6685800e-01  -1.3830677e-01  -1.2164910e-02  -3.1815249e-02  -1.1835351e-01  -1.8434448e-01   3.1388821e-01   2.0487550e-02   1.3944262e-01   2.9686927e-01  -1.7300913e-01   1.7951122e-02   3.0332306e-01   1.5984169e-01  -6.3073449e-02   1.0238906e-01   1.5508304e-01  -1.8023490e-01  -2.6681833e-03   3.2374126e-03  -3.2341095e-01   2.6459077e-01  -3.8274294e-03   2.3789235e-01   1.5345434e-01   2.7111830e-01
  -1.2069916e-01   5.6730222e-01   1.8053876e-01  -9.3152890e-02   0.0000000e+00   3.6289327e-01  -4.9825680e-02  -2.7841068e-01   2.2429052e-01   1.5645808e-01  -9.1692389e-02   4.9737156e-01   4.6685295e-01  -4.4274133e-01   1.4015387e-01  -4.5336688e-02   1.7883058e-01   2.6411952e-01  -1.6969602e-01   8.4743863e-01   1.2849957e-01  -3.7292175e-02   1.7583881e-01  -2.9436795e-01  -3.8355255e-02  -1.4187231e-01   3.1744080e-01  -1.6091593e-01  -1.4135226e-01   2.3283934e-02   7.6793585e-03   3.7779914e-01   1.1150181e-01   9.9447226e-02   8.4752611e-02   5.7196782e-01  -3.0588059e-02  -3.8608210e-01  -1.9282605e-02   5.4635396e-01   3.6002983e-01  -1.4436502e-01   2.3751156e-01  -2.6050552e-01   2.4345201e-01  -4.4785436e-01   1.8890824e-01   1.8740964e-01   2.8280321e-01   4.0996986e-01   1.7591621e-01   1.3934168e-02   2.8858388e-01   1.4433606e-02  -1.4047513e-01   1.4537070e-01   7.0591022e-03   1.3525122e-01   2.2789158e-01   4.4078815e-01  -4.6544897e-02   3.0389919e-01   3.7367218e-01   1.1935060e-01   3.4097074e-01   2.3886859e-01   4.1922152e-01   2.8075568e-02   1.7686651e-01  -4.4519289e-01   3.5569033e-01   3.1937787e-02   2.3033669e-01  -2.8534569e-01   2.3521417e-01  -1.4651717e-01  -3.0621720e-01  -1.0281782e-01   6.1192019e-01   1.4300010e-01  -3.5234143e-01   2.4690268e-02   1.8333715e-01  -1.3117129e-01  -3.6492894e-01  -2.1573861e-02  -2.0950004e-01  -3.1656544e-01  -2.4448537e-01  -3.4114388e-01   5.9151581e-01   2.2127312e-01   4.8404873e-01   1.0243384e-01  -4.1247649e-01   6.5165362e-01   2.4396082e-01  -7.4948063e-02   1.8557406e-01   1.2626250e-01  -4.3928391e-01  -1.7741870e-01  -1.7001357e-01   2.4655202e-01  -1.0738239e-01   2.5060488e-01   1.3946203e-01   4.4378633e-02   2.0371876e-01   1.2875479e-01   2.8739539e-01  -2.7008978e-01  -2.6878749e-01  -3.4082096e-01  -3.8037614e-01   5.0712311e-01  -2.5681999e-01   3.9408014e-01  -2.7696306e-01  -2.2142450e-01  -4.3220751e-01   8.0602178e-01   2.3752880e-01   4.6505504e-01  -4.0226732e-01  -2.9325924e-01   3.3608359e-01   1.0946279e-02   1.4144427e-01  -4.6684879e-01  -2.3380696e-02   3.5441589e-01  -1.1971047e-01   8.2066282e-04   3.5345991e-01  -2.4104500e-01   2.8755714e-01   8.3057164e-03  -1.5742445e-01  -1.1226037e-01  -3.0423082e-01   3.8351958e-01  -1.3368747e-01   2.4892017e-02   1.3963614e-01  -3.3878912e-01   1.3427033e-01   3.2416674e-01  -2.4701709e-01   1.7211375e-01  -4.3557662e-01  -1.2841670e-01  -4.1986717e-01   2.6713952e-01   4.9575613e-01  -3.7174922e-01  -4.7959206e-01   2.6281653e-01   2.1041915e-01  -1.8947675e-01  -2.1524011e-01  -1.3941978e-01   2.2713971e-01   1.1251498e-01   3.8123656e-01   3.7801952e-01   7.7802759e-02   5.0239520e-03  -1.6440828e-01   4.9646265e-01   4.7872906e-01  -4.6971237e-01   2.1667222e-01  -4.4477174e-02   6.8542084e-02   1.0620550e-01   3.0327362e-01
  -2.6605171e-01   2.9657930e-01   1.3764906e-01   1.9951916e-01   3.6289327e-01   0.0000000e+00   1.6856648e-01   1.3033544e-02   2.9850388e-01   4.5059809e-02   2.3978608e-02   4.0026456e-01   2.0138718e-01  -2.6457416e-01   4.7976500e-02   1.5798413e-01   1.5741876e-01   1.9117404e-01   2.1776285e-01   4.2113604e-01   5.0706927e-02  -8.2360305e-02   1.5606201e-01  -4.5400617e-01   9.7743658e-02   3.1131200e-01   3.8821045e-01  -2.1350719e-01   1.0855673e-01   1.3690668e-01   3.0080650e-02   2.3327339e-01   1.7646869e-01   1.9649043e-01   2.9910186e-01   3.8351793e-01  -1.5633529e-01  -4.6899401e-01   6.9030535e-02   5.8222349e-01   3.8849402e-01   5.4835247e-02   3.1931807e-01  -2.2651723e-01   2.1635820e-01  -3.8530613e-01   3.5892374e-01   1.1611029e-01   2.2656147e-01   2.7141755e-01   1.0339461e-01   2.4610883e-01   2.7235771e-01  -6.4898965e-03  -7.4918843e-02   1.6503944e-01   1.9112693e-01  -9.5257451e-02   2.9039927e-01   3.3514019e-01  -3.7886176e-01   3.0284955e-01   2.8543598e-01   1.6867112e-01   1.9423220e-01   2.0861429e-01   5.5201606e-01  -1.0995926e-01   3.7497983e-01  -1.9277218e-01   2.7053863e-01   1.2544967e-01   2.6020579e-01  -2.5782147e-01   2.2304310e-01  -1.8350142e-01  -4.4847956e-01  -1.5114342e-01   3.7667273e-01   1.6053108e-01  -2.1624516e-01   1.3331964e-01   1.1436292e-01   7.1431318e-02  -3.8458183e-01  -1.6136583e-01   1.1113107e-01  -2.4573306e-01  -9.7053284e-02  -2.3093206e-01   3.0394637e-01  -7.3114921e-02   3.9056003e-01   3.6089641e-01  -3.4156233e-01   2.5932498e-01   2.3339399e-01   3.0221579e-01   2.5224077e-02   1.4595023e-01  -2.0422779e-01  -1.1619663e-02  -1.0744522e-01   3.7965219e-01   4.5976573e-02   9.0537846e-02   2.4281125e-01   2.9323439e-01   2.3693258e-01  -9.2001214e-02   1.7633139e-01  -6.0225573e-02  -1.1667010e-01  -3.3851081e-01  -1.3002509e-01   3.3691947e-01  -6.7353231e-02   2.8383873e-01  -3.8683862e-02  -2.5887164e-02  -3.7282897e-01   4.8827523e-01   3.3728762e-01   1.8355307e-01  -2.3384207e-01  -1.1446104e-01   1.6865813e-01  -6.8764393e-02  -9.3132009e-02  -2.1251392e-01   5.5468340e-02   2.9722670e-01  -1.0740691e-01  -2.6580318e-02   3.8466364e-01  -3.3907392e-02   3.1696922e-01  -2.8067205e-02   1.5947218e-02   2.0346978e-03  -2.3663063e-01   3.2543316e-02   1.0529509e-01   2.4300208e-01   1.9343222e-01  -7.2426146e-02   3.0284971e-01   1.8632016e-01   1.0289235e-02   9.3627649e-02  -3.6711302e-01  -7.8860438e-02  -3.0246136e-01   1.3690931e-01   3.2430361e-01  -3.5239992e-01  -3.9205091e-01   3.9582207e-01  -1.1487862e-01  -7.1921198e-02   8.3445905e-03  -6.4386025e-03   4.3044466e-02  -5.1858137e-02   1.9727090e-01   3.4851815e-01   1.2141888e-01  -4.8264491e-03  -2.3934306e-01   2.5966748e-01   4.1863153e-01  -4.7782514e-01   1.9506120e-02   1.9365877e-01   2.7937730e-01   2.4282114e-02   1.4188561e-01
   6.7177732e-02  -1.2662591e-01   2.3621241e-01  -3.0170158e-02  -4.9825680e-02   1.6856648e-01   0.0000000e+00  -1.9624012e-01   3.5473807e-02   1.4255406e-01  -1.4670862e-02   2.4580288e-01  -1.8573001e-01  -1.0810473e-01  -1.4827303e-02  -8.7505799e-02  -1.5456408e-01  -1.7273431e-01   7.7204480e-02   3.3754169e-02  -2.3695732e-01  -1.7502298e-01   1.7377096e-01   3.7025370e-02  -6.9038120e-02  -7.3430087e-02   5.5371572e-02   1.5060786e-01  -1.3768747e-01   1.8358493e-01  -3.8013782e-01   5.5780759e-03  -1.6845343e-01   5.9442684e-01   3.2894521e-01  -1.7616760e-02   1.1502313e-01  -1.4114980e-01  -1.9037576e-01   1.5731932e-02  -1.0355035e-01  -5.3430239e-02   3.3525260e-01   2.2563591e-02   7.0704750e-03   1.8947791e-01   5.3836745e-02  -1.5677448e-02  -4.3899171e-01  -4.1424551e-01  -5.5851731e-02  -8.3987913e-02   3.3867323e-01  -1.7880138e-01  -3.6112134e-01   3.2868328e-01   1.0305549e-01  -1.3213115e-01  -1.9188076e-01   2.5414557e-01   5.4086441e-02   2.1656175e-01  -1.0475612e-01  -2.2889077e-01  -4.1604189e-01   3.1100984e-01  -1.8801330e-02  -3.2867775e-01  -1.1957257e-01   5.4769564e-01  -1.6851090e-01  -2.0934637e-01  -5.0769009e-02   2.9238285e-02  -3.5575489e-02   9.5617586e-03   8.5314602e-02   2.5567156e-02  -3.8846582e-02  -3.1122455e-01   4.0449445e-01   2.9982396e-02  -8.7406563e-02   1.3815833e-01   1.9884163e-01   6.1960038e-02  -1.7208893e-01  -5.4647954e-02   3.1588916e-01  -2.7305423e-02  -3.1567999e-01  -1.1502520e-02   1.2763539e-01   3.8654448e-01   5.1175739e-02  -8.3669088e-02  -2.4520986e-01  -5.9879768e-02  -3.8618266e-01   2.7651883e-01  -6.6206074e-02   1.9231927e-01   1.8606687e-01   5.8749709e-02   1.9516132e-01  -9.1117749e-02  -1.5651682e-01  -1.6138794e-01  -7.4536776e-02   2.1091461e-01   1.6857498e-01   2.4776602e-01  -3.1465000e-02  -3.1289375e-02   4.6516764e-01  -2.7179213e-01   3.3443506e-02  -6.3877661e-02   3.0330241e-01  -8.2113411e-02   1.7978051e-01   6.1994700e-02   1.6975373e-01  -2.6188139e-01   6.9906550e-02   1.5356384e-01   2.6932600e-01  -2.6895961e-01  -1.6384241e-01   3.7367376e-01  -2.0299743e-01  -1.5753252e-02  -4.4067309e-02  -3.2801508e-01  -6.0762147e-02   1.8488376e-01  -2.8360237e-01  -1.1399685e-01  -9.4921055e-04  -1.9766816e-01   1.1267707e-01  -8.9428295e-02   1.2762092e-01   3.1101194e-01   3.8239292e-01  -2.0023554e-01   4.5278230e-01   6.8265519e-03   6.3361643e-01  -3.8798805e-01   2.9759614e-01  -2.4561037e-02   2.0430288e-01  -2.0629481e-01  -6.2044870e-02   8.5783051e-02   2.0282375e-01  -1.4238252e-02  -2.4950057e-01   4.5484517e-01  -1.7503776e-01   1.7205574e-01  -1.5841406e-01  -2.1781421e-01  -2.8842688e-01   1.1665596e-01   2.9238266e-01   7.7318231e-02   5.0784229e-02  -1.9504361e-01   4.5722980e-02  -1.5588133e-01  -3.5493051e-01   1.5141577e-01   2.3961577e-02  -3.9376743e-01  -2.8925348e-01
   8.4614875e-02  -1.4605494e-01  -1.6997408e-01   2.4969327e-01  -2.7841068e-01   1.3033544e-02  -1.9624012e-01   0.0000000e+00  -4.6353064e-02   7.3837494e-02   3.0438334e-01  -1.9230191e-01   4.0799438e-02   3.3183104e-01  -2.5290479e-02   2.0473716e-01   4.9825198e-03  -8.8489054e-02   1.9417264e-01  -2.5141814e-01   3.7196213e-02   2.2664385e-01  -7.5691057e-02  -8.1131651e-02  -1.4872245e-02   2.3148788e-01  -2.7694011e-01   1.1499601e-01   1.5101925e-01   1.1860713e-02   1.1685600e-01   9.1339182e-02   2.4711918e-01  -2.7763939e-01  -9.0431571e-02  -3.2499432e-01   1.0730852e-01  -1.1442454e-01   2.5656393e-01  -2.2451145e-01   1.0523619e-01  -2.8205060e-02  -8.6347035e-02   3.7091690e-01  -1.5716833e-01   5.6842294e-02  -1.1542841e-01  -2.4807725e-02   2.1883620e-01  -1.6967677e-01   5.5693646e-02   5.2447420e-01  -2.1986163e-01   1.5362638e-01   3.2877526e-01   1.3646149e-01  -5.7159524e-02   1.7202081e-01   1.5979191e-01  -1.2497767e-01   2.2006527e-01  -4.6936145e-02  -2.7332661e-02   1.2739304e-01  -2.1936177e-02  -1.9863353e-01   4.8791390e-02  -6.1941488e-03   4.6470958e-02  -1.0882193e-01  -1.1998616e-01   1.1248634e-01   2.4268280e-01   1.3641616e-01   1.3086665e-02   5.6004356e-02   1.2889067e-01   1.5057860e-01  -2.5562648e-01   1.8231597e-01   1.0069569e-01   1.9263361e-01   1.2472802e-01   2.6308711e-01   2.9813310e-02  -6.7834508e-02   2.1276863e-01   6.9226857e-02  -4.5934682e-02   3.4837921e-01  -8.0116338e-02  -1.2308427e-01  -2.4928133e-01  -8.4540936e-03   3.6334326e-01  -2.0454308e-01   1.2979674e-01   2.7772131e-01  -2.3448741e-02  -4.9733566e-02   2.0887705e-01   1.6163729e-01   4.2398737e-01   2.8541806e-02   2.1386589e-01   1.5903253e-01   4.7201958e-02   4.8021016e-01  -9.5380908e-02  -9.5692012e-02  -7.4572649e-02   1.5822074e-01   1.9518282e-01   2.6561024e-01  -3.6343808e-02  -1.3384150e-01   1.8013617e-01   7.8950698e-02   8.0868245e-02   2.2327063e-01  -1.3271197e-02  -2.6168197e-01   5.6068657e-02  -1.3916690e-01   2.7453312e-01   2.4387905e-01  -1.5233492e-01   2.1060130e-01   1.1962450e-01  -1.8654044e-01   2.8662864e-01  -1.5363963e-01   1.9557108e-01   8.0379238e-02   1.6199969e-03   2.6641676e-01   2.5439511e-01   1.0228860e-01   2.3423603e-01   3.6768745e-01   1.2787186e-01   4.8070575e-02   1.7633533e-01  -1.3900728e-01  -6.6195001e-02   3.9429878e-01  -2.5065298e-01  -1.9457091e-01  -1.1957016e-01   1.3696409e-01   8.4404442e-02   3.6031563e-01  -5.5870943e-02   1.0975152e-01  -2.0586511e-01   9.4495543e-02   1.1661127e-01   9.1518649e-02   3.9756477e-02   1.7857734e-01   1.5691730e-01   9.7562496e-02   1.0123195e-03   1.2539788e-01   6.7887971e-02  -1.9118770e-01   1.2611580e-01   8.3896965e-02  -5.3196522e-02  -1.0467100e-01  -2.8170794e-01  -9.7710274e-02  -9.2060465e-02   1.2560049e-01   1.3850403e-02   1.1134378e-01   1.4901078e-01
  -4.0943743e-02   4.6767105e-01   9.8352180e-03   2.1480609e-01   2.2429052e-01   2.9850388e-01   3.5473807e-02  -4.6353064e-02   0.0000000e+00   2.6325488e-01  -1.1323178e-01   2.2681351e-01   2.1299090e-01  -2.2281249e-01  -1.2254849e-01  -1.9731204e-01   4.4447803e-02   1.5760319e-01   1.9673194e-01   2.8769553e-01   7.8256670e-03  -1.0058098e-01  -2.1804860e-01  -3.3573019e-01  -5.4034329e-02  -1.0646229e-02   1.2248144e-01  -3.5595187e-01  -7.2248828e-02   3.0244470e-01   1.8354610e-02   4.6070032e-02  -7.2949302e-03   1.9653681e-01   7.5477934e-02   2.0041565e-01  -1.9048011e-02  -1.7635464e-01  -3.5281590e-02   3.6949959e-01   3.9282843e-01  -1.8185582e-01   5.3676498e-01  -3.8272901e-01   4.5477046e-01  -3.7667509e-01  -1.4169635e-01   3.4747930e-01   2.3149684e-01   2.3684697e-02   4.5178886e-03   9.4806190e-02   1.1525652e-01  -7.4722888e-02  -1.4215997e-01  -1.4524237e-01   1.5045920e-01  -1.0060952e-01   1.8934479e-01   2.0238738e-01  -1.3077940e-01   2.9516973e-01   5.9519844e-01   2.8236845e-01   5.8377816e-01   1.9968192e-01   3.6331399e-01  -2.7461214e-01  -8.6472330e-02  -2.9297636e-01   3.8743511e-01  -1.0676277e-02   7.7953344e-02  -3.6630355e-01  -4.9833795e-03  -6.7951785e-02  -2.8268611e-01  -1.4390645e-01   4.2013849e-01   7.1886578e-02  -4.7248574e-01  -1.6333278e-01   5.3792654e-02  -9.6324126e-02  -3.5586998e-01  -9.2024945e-02   1.5922538e-01  -2.8304486e-01   4.5045376e-02  -2.3225039e-01   3.1928214e-01  -9.6185160e-02   1.6329890e-01   2.6395004e-01  -1.5036578e-01   2.9739901e-01   6.5533792e-02   1.1164152e-01  -6.9990484e-03   7.9484737e-03  -2.7240687e-01  -2.1098016e-01  -1.2020150e-01   5.6048687e-01  -2.5120179e-01  -5.3051191e-02   4.6063134e-02  -9.2589510e-02   1.9577682e-01   1.0216249e-01  -5.7578390e-02  -2.1771538e-01  -8.9188535e-02  -2.7858343e-01  -4.0228527e-01   3.0044780e-01  -3.9824084e-01   1.1419982e-01  -3.3400252e-01  -5.3924275e-02  -3.8714382e-01   3.0972249e-01   3.5376435e-01   3.8035423e-01  -1.1737933e-01  -2.8464853e-01   1.4665038e-01   1.6510981e-01  -2.8934613e-02  -2.1240261e-01  -2.0506124e-01   3.1045278e-01  -7.3624717e-02   1.4582955e-01   4.7643437e-01   7.8422696e-03   1.3374011e-02   1.1911648e-01  -3.2635781e-02  -6.3659917e-02  -1.4554600e-01   1.8999803e-01  -1.5991226e-01  -9.5132254e-02   1.8238171e-01  -1.1200997e-01   9.4807588e-02   1.8157137e-01  -1.0226438e-01   2.5525245e-01  -2.8855888e-01  -1.7617634e-01  -3.9915127e-01   7.5480093e-02   3.3864334e-01  -3.1710757e-01  -2.8183094e-01   2.7705013e-01  -5.0283701e-02  -1.9556757e-01  -2.2032417e-01   6.2852575e-02   3.0184728e-01  -2.9953159e-02   8.7294894e-02   3.3939180e-01   4.4206958e-04  -7.7639874e-02  -2.9643033e-01   2.0599260e-01   3.6580064e-01  -3.0619657e-01   1.3229450e-01  -9.7431172e-02   2.0118442e-01   5.9400553e-02   1.9078107e-01
  -1.2937290e-01   2.0436089e-01  -2.4676681e-02  -2.2596560e-02   1.5645808e-01   4.5059809e-02   1.4255406e-01   7.3837494e-02   2.6325488e-01   0.0000000e+00  -5.4512623e-02   3.3769047e-01   1.4449185e-01   6.8595365e-02  -1.7743244e-01  -2.2479731e-01   6.0854608e-02   3.6696563e-02  -8.0528201e-02   6.0260194e-02   3.2199525e-01  -2.9948086e-01   1.9930286e-02  -3.2875348e-01  -7.0255140e-02  -1.9549349e-01  -1.5884882e-01   6.9407416e-02  -7.3969707e-02   1.4991102e-01   2.9921890e-01  -5.6951175e-02   1.7014863e-01   4.2748122e-01  -1.8648817e-02   1.5672776e-01   3.4382940e-01  -2.7142214e-01   2.9379362e-02   5.4235293e-02   2.2746621e-01  -4.2964248e-02   2.6968886e-01   2.0348402e-01   1.6053797e-02  -2.5277298e-01  -6.1078698e-02   4.9245031e-01   9.8795484e-02  -1.4698474e-01  -1.5108322e-01   1.8198423e-01   3.1332302e-01   1.1970936e-02   1.3291603e-01   4.3319543e-02   2.0413570e-02  -2.7146556e-01  -1.3980145e-01  -4.3472103e-02  -8.5219848e-02   1.7174372e-01   2.9711176e-01   2.6049171e-01   1.6288907e-01   1.8405832e-01  -7.1346758e-02  -3.4806094e-01  -4.0209779e-01  -1.5122337e-01   4.1784703e-01  -1.3772930e-01   2.4885336e-01  -2.0971051e-01   4.5932793e-02  -2.0636570e-01  -1.8670008e-01   2.1545659e-02   8.9367716e-02   6.6704711e-03  -1.0467011e-02  -2.0105091e-01   3.8609362e-01   2.5828638e-02  -1.1681852e-01  -3.1367627e-01   2.0425803e-01  -1.8283385e-01   1.9925109e-01  -1.9563151e-01   1.1110040e-01  -9.3354524e-02   1.5983006e-01   7.9007280e-02   2.3755778e-03   2.6888696e-01  -6.4776827e-02   8.1103030e-03  -1.0346373e-01   3.0907657e-01   2.1047601e-01  -5.9537022e-03   3.2166479e-01   2.2901898e-01  -3.8565372e-01  -2.2185373e-01   5.9750327e-02  -2.3570553e-01   1.1227113e-01   4.1499774e-01   3.6154729e-01  -2.8648033e-01  -1.4175889e-01  -2.1386791e-01  -2.3698724e-02   5.2536139e-02  -3.4005006e-01   1.4777399e-01   1.4654789e-01  -3.7126319e-02  -2.5390233e-01   3.7766768e-02   2.2614247e-01   1.4968604e-01  -8.7806827e-02  -2.3837550e-01  -5.0662566e-02   1.7777740e-01  -2.6815837e-01  -1.3191388e-01  -7.8690250e-02   3.2229433e-01  -1.6411721e-01   4.6198765e-01   3.9501599e-02  -1.0998983e-01  -1.3374531e-01   5.2198806e-01  -1.8997848e-01   6.6478363e-02  -1.7677936e-02   2.0814490e-02  -2.9937251e-01  -5.3978411e-02   1.0302883e-01  -3.7205327e-02   3.2022672e-01   4.3331094e-01   1.0496629e-01   2.9619154e-01  -1.7536934e-01   3.5166539e-01  -2.1076268e-01   2.7439810e-01   4.5381653e-02  -2.0247417e-01  -1.1554125e-01  -5.8157627e-02  -1.4540910e-02   1.2028541e-01  -2.8067096e-01   1.2736666e-02   4.6257330e-01  -2.7441158e-01  -1.5460008e-01   5.5061862e-02  -8.5583494e-02   9.7323251e-02  -8.1628670e-02   2.9379515e-01  -2.5943034e-02  -1.9219402e-01  -8.5218834e-02  -9.4786686e-02   3.3348990e-02  -1.2811762e-01  -2.3103383e-01
   2.5039110e-01  -2.4625246e-01   6.4077949e-02   9.0289089e-02  -9.1692389e-02   2.3978608e-02  -1.4670862e-02   3.0438334e-01  -1.1323178e-01  -5.4512623e-02   0.0000000e+00  -1.5069173e-01   1.5795969e-01   2.0125869e-01   2.8289246e-01   5.7243370e-03   1.3855553e-02   1.2260316e-01  -9.1167896e-02  -1.3061025e-01   1.3789712e-01   2.3095716e-01   2.6439609e-01   1.3022041e-01   1.9687241e-01   2.1750376e-01  -7.6825602e-02   1.1497473e-01  -3.0909501e-03  -5.4218850e-02   2.1656417e-01   1.6208602e-01   1.8149289e-01  -1.4013589e-01  -9.7077628e-02   2.9461019e-03   6.1680909e-02  -2.4234899e-01   1.6849967e-01  -3.1892981e-01   2.5351544e-01   4.8798511e-02  -2.5209543e-01   2.3414467e-01  -1.5026151e-01   2.9598354e-01   2.1653032e-01  -1.6150075e-01   2.1858589e-02  -1.7481761e-01   2.7856094e-01   3.3951296e-01  -8.6698303e-02  -6.2070026e-02   1.6026203e-02   2.4624028e-01   1.0619495e-01   1.1900855e-01   2.7435772e-01  -2.8054039e-02   1.7121950e-01  -2.8890244e-02  -9.4824474e-02   2.3529125e-01  -1.8745021e-01  -1.4979348e-01   2.0423206e-01  -2.7639506e-01   2.6392835e-01  -1.8523374e-02  -2.6770630e-01  -1.1599998e-01   2.3849913e-01   2.7085884e-01   1.2439237e-01   5.4313468e-02   2.8748083e-01   3.1839025e-02  -8.1596714e-02  -2.6766566e-02   1.3786421e-01   1.9436797e-01  -9.3149360e-02   1.7309471e-02   3.0636806e-01   3.0773886e-02  -4.9572793e-02   7.3143805e-02   3.2445459e-02   3.3184453e-01  -1.3757246e-02   3.1365406e-02  -2.6548940e-01   5.0204344e-02   3.5653326e-01  -2.2114773e-01  -9.8646988e-02   1.9569840e-02  -1.6087802e-01  -1.6893581e-02   3.8246682e-02   4.2193446e-01   2.6858213e-01  -8.1880168e-02   1.9886723e-01   7.1144465e-02  -1.8191490e-01   4.0834224e-01  -7.9721013e-02   9.9312732e-02  -1.9899159e-01   3.6390995e-01   1.7254826e-02   3.9389324e-01  -6.3414773e-03  -1.0177072e-01   1.6251099e-01   2.3234651e-01   4.4182728e-02   1.4002021e-01   2.5398511e-01  -1.1561569e-01   2.6608845e-02  -1.3306844e-01   3.1394140e-01   2.5237080e-01   3.4264782e-03  -1.5854943e-01  -3.8438769e-02  -1.3500389e-02   1.3751454e-01   1.5403141e-01   1.2948760e-01   1.9010839e-01  -9.7639823e-02   1.3040555e-01   4.6520613e-02  -2.0644189e-02   2.8844420e-01   1.5307473e-01   3.7546347e-01  -3.9743495e-03   1.7066014e-01  -6.2015017e-02   1.6914774e-01   2.7200171e-01  -2.8440440e-01   2.5204186e-02   1.3515249e-01   7.3711767e-02   2.9886911e-01   1.8857263e-01   1.1211366e-01   2.1827752e-01  -2.1847162e-01   2.0451913e-01   2.8407284e-01   1.5748250e-01  -1.5595928e-02   1.6473055e-01  -4.0609184e-02   3.6199075e-01   8.2253200e-02   6.4532062e-03   8.4949222e-02  -7.6779811e-02   1.5800855e-01  -5.6022003e-02   2.0397778e-01  -8.4004952e-02  -1.6609935e-01  -1.8698326e-01  -1.8075095e-01   6.6302435e-02  -3.6393996e-02   5.6612918e-02   7.6345920e-02
  -2.1305326e-01   6.1450500e-01   4.0311973e-01  -5.2571073e-02   4.9737156e-01   4.0026456e-01   2.4580288e-01  -1.9230191e-01   2.2681351e-01   3.3769047e-01  -1.5069173e-01   0.0000000e+00   1.9439342e-01  -7.0635288e-02   4.3338847e-02  -1.5624063e-01   3.9556283e-01   7.8987835e-02  -5.7661523e-02   5.5546285e-01   1.1525753e-01  -2.5091336e-01  -1.3721200e-02  -3.6219497e-01  -2.5206279e-02  -9.0879956e-02  -9.0924953e-03  -6.8454749e-02   7.3281027e-02   3.2429720e-01   1.0367477e-01   1.0152421e-01   1.4840306e-01   3.3920487e-01   1.7770752e-01   3.8633559e-01  -1.0288633e-02  -5.1291250e-01  -7.0921478e-02   3.8581867e-01   1.4270756e-01  -1.8092568e-02   4.3815819e-01  -7.6050097e-02   7.1329993e-02  -3.5510609e-01   4.2197205e-02   3.4069756e-01   5.0291908e-02   2.5150134e-01  -1.3774097e-01   9.0074142e-02   3.7082407e-01   9.3777578e-02   8.1780327e-02   2.0800639e-01  -3.4210411e-02  -2.3842544e-01   2.6711145e-02   3.7765889e-01  -1.2674509e-01   2.4031489e-01   3.1546847e-01   1.5321490e-01   6.5943664e-02   3.8308695e-01   3.3324438e-01  -2.5182410e-01  -1.6632882e-01  -1.9137653e-01   4.9734815e-01  -1.5405174e-01   9.7283134e-02  -9.1509469e-02   2.9390775e-01  -1.3833714e-01  -3.0288201e-01   4.7075050e-02   4.1044827e-01   2.4061707e-01  -1.5637585e-01  -4.1288576e-02   2.4488294e-01  -6.3379010e-03  -4.7340255e-02  -1.0733515e-01   1.0460967e-01  -1.1231888e-01   5.7690193e-02  -2.8120891e-01   2.9604529e-01   5.6338686e-02   4.8235112e-01   1.9060649e-01  -1.7615790e-01   3.6942885e-01   5.4234923e-02  -9.7598221e-02  -1.4540881e-01   8.3456301e-02   5.0949341e-03  -5.3985177e-02   3.9199168e-02   2.7529564e-01  -3.2016797e-01  -8.0193799e-02   3.7871989e-01  -3.2497799e-02   1.4119102e-01   2.0724528e-01   4.4650763e-01  -1.9802081e-01  -2.1285331e-01  -3.9712934e-01  -1.0193884e-01   2.4275939e-01  -1.7481437e-01   1.4228395e-01   6.1276334e-02  -1.3394889e-01  -2.7691731e-01   4.8370653e-01   4.6840711e-01   1.6181251e-01  -1.4528382e-01  -1.1473250e-01   5.6754653e-03   6.6775599e-02  -3.0366833e-01  -1.5666875e-01  -1.3361539e-01   1.5797815e-01  -4.0648500e-02   1.9322671e-01   2.9176424e-01  -2.1101453e-01   7.6018853e-02   3.0551712e-01  -1.0549793e-01  -2.7281203e-01  -2.6801470e-01   1.2941101e-01  -7.4542544e-02   3.0001565e-01   2.6863695e-01  -1.6498208e-01   5.1698135e-01   3.4393780e-01   3.0847301e-02  -5.0722223e-02  -1.7297842e-01   1.4432933e-01  -9.1629664e-02   2.6658684e-02   5.3332693e-01  -3.9576449e-01  -3.6661980e-01   1.6811305e-01   4.1197409e-02  -1.9829083e-02  -8.7943123e-02   2.7829189e-02   1.6797324e-01  -2.6073188e-01   1.1314630e-01   2.6008058e-01  -7.9288813e-02   1.9217224e-01  -5.1668175e-02   4.1540844e-01   3.9350306e-01  -4.7026579e-01  -1.9610716e-01   1.7312208e-01   1.5307282e-01  -2.3761833e-02  -5.5347128e-02
  -8.7470005e-02   3.8487172e-01   1.0541993e-01   8.1756224e-02   4.6685295e-01   2.0138718e-01  -1.8573001e-01   4.0799438e-02   2.1299090e-01   1.4449185e-01   1.5795969e-01   1.9439342e-01   0.0000000e+00  -1.6392777e-01   9.8034005e-02   2.5194089e-01   2.2361396e-01   2.5419319e-01   6.1524169e-02   4.2760018e-01   2.1875709e-01  -1.8914823e-01   8.1963198e-02  -2.5071038e-01   1.9517580e-01   4.0566252e-02   1.0892662e-01  -1.2980847e-01   2.5470316e-01  -1.0109274e-01   2.3169780e-01   5.1752303e-02   2.6162091e-01  -1.3917057e-02   5.6041665e-02   3.7034732e-01  -1.3158980e-02  -3.4957287e-01   3.1680751e-01   3.4018476e-01   5.3091041e-01   8.7162583e-02   1.0890711e-01  -1.7325749e-02   4.0218015e-02  -3.6540095e-01  -1.4936475e-02   1.1195975e-01   4.0042317e-01   2.6830580e-01   2.3962762e-01   2.7073552e-01   2.2582839e-01   3.0941676e-02   7.7235311e-02   1.1530811e-01   2.2753679e-01  -1.2278263e-01   3.5973500e-01   1.2238257e-01  -1.2527248e-01   2.3508029e-01   2.6452569e-01   3.1890530e-01   2.8019426e-01   1.4955956e-01   2.7457348e-01   1.2862649e-01   2.8298255e-02  -4.0158248e-01   3.2948249e-01  -1.4131521e-02   3.1623743e-01  -1.8700976e-01   2.8128280e-01  -2.4192729e-01  -2.3604568e-01   6.3667040e-02   4.3040977e-01   2.0437181e-01  -2.4944070e-01   1.0995919e-01   2.2475962e-01  -4.1423937e-03  -2.3931353e-01  -1.6016501e-01   2.6617911e-02  -2.4175074e-01  -6.0974998e-02  -7.7478792e-03   4.4453735e-01   1.3331916e-01   2.4768096e-01   8.7002318e-02  -1.3895384e-01   4.5199963e-01   3.0065888e-01   1.8612370e-01   1.9690232e-01   2.2320683e-01  -1.6716613e-01  -9.1248411e-03   4.2857028e-03   1.5367725e-01  -1.2009638e-01   6.6859694e-03   2.2325388e-01   1.9719554e-01   1.7944862e-01   4.8290182e-02   1.9330138e-01  -9.2369924e-02  -1.6397068e-01  -1.3345373e-01  -2.2915930e-01   4.3102144e-01  -1.7613297e-01   4.1519390e-01  -2.3433565e-01   6.9565778e-02  -3.4535508e-01   4.4541193e-01   3.0456407e-01   2.5855591e-01  -1.2603068e-01  -1.0561870e-01   1.1462771e-01   1.9968907e-01  -1.2403187e-01  -4.2432858e-01   2.6623548e-01   2.9013418e-01  -9.0415287e-02   1.7878959e-01   1.5764721e-01  -2.5005001e-01   2.2261449e-01   5.3963568e-02  -1.4007910e-01  -6.0050661e-02  -2.1251799e-01   1.8152207e-01  -1.3659533e-01  -9.4398656e-02   7.9259939e-02  -4.0813557e-02   3.6649640e-02   1.9713125e-01  -1.0771225e-01   2.6574023e-01  -3.0649457e-01   6.7662014e-02  -2.0760783e-01   2.3314333e-01   1.8776185e-01  -2.4632258e-01  -3.0829618e-01   4.1854165e-01   1.6479856e-01  -6.2786582e-02   1.4754197e-01  -5.3361033e-03   2.5202424e-01  -4.2846062e-02   8.2825915e-02   2.6577779e-01   2.0971380e-02   1.1901893e-01  -1.3907436e-01   3.6387471e-01   4.3942896e-01  -3.9733419e-01   1.2455624e-01   5.5743096e-02   1.0342648e-01   2.3523016e-01   1.0529230e-01
   3.4013396e-01  -2.7870290e-01  -1.5669824e-01   2.1901677e-01  -4.4274133e-01  -2.6457416e-01  -1.0810473e-01   3.3183104e-01  -2.2281249e-01   6.8595365e-02   2.0125869e-01  -7.0635288e-02  -1.6392777e-01   0.0000000e+00   9.8677754e-02   1.0899440e-02   3.4144967e-02   1.2429192e-02   2.2629426e-02  -4.6283113e-01   2.7377809e-02   1.8445718e-01  -1.9537668e-02   2.3154955e-01   1.5332953e-02   7.2940802e-02  -4.5293375e-01   2.3942988e-01   1.2150810e-02  -9.3254206e-02   2.4963414e-01  -1.6120801e-01   2.9757232e-01  -2.9000206e-01   1.2161526e-01  -3.0146621e-01  -4.4383808e-02  -1.0106950e-01   9.2551749e-02  -4.3869080e-01  -7.1130713e-02   2.5354605e-01  -3.5561677e-01   3.9525492e-01  -8.7935161e-02   1.5708334e-01  -1.7928737e-01  -5.2023030e-02  -3.7102735e-02  -2.2893408e-01   7.3673837e-04   1.5386105e-01  -3.1982372e-01   2.7188481e-01   5.8340683e-01   6.6291487e-02  -1.0614206e-01  -7.6532206e-03   3.5305017e-02  -2.9859820e-01   4.4909251e-02  -1.9093770e-01  -2.0228153e-01   1.4143691e-02  -1.1481745e-01  -5.5190972e-02  -2.0441785e-01  -1.8297035e-01  -1.3463999e-01   2.3400270e-02  -1.6308909e-01   1.0699663e-01  -1.1635613e-02   5.1525666e-01   1.8031581e-01   1.4886467e-01   1.5690560e-01   2.4760325e-01  -4.2825000e-01   2.0030544e-01   3.7549587e-01  -1.2476739e-01   3.9143478e-02   2.5903224e-01   4.4487107e-01  -9.8867125e-03   4.3147523e-01   5.4048711e-01  -5.8055403e-03   4.2650435e-01  -2.5408701e-01  -7.4482040e-02  -4.2405205e-01  -1.3615053e-01   3.7991947e-01  -3.2056634e-01  -4.0692423e-02   8.6037341e-02  -1.2548509e-01  -1.0690184e-01   5.8446737e-01   2.5258445e-01   4.3059011e-01  -1.8334065e-01   2.9147434e-02  -6.5187885e-02   3.0068557e-01   1.6310782e-01  -1.2483512e-01  -5.3030373e-02  -1.0098699e-01   3.6883673e-01   1.7808711e-01   4.6321645e-01   2.5820608e-01  -3.2907309e-01   2.9104644e-01  -1.7474563e-01   3.1297731e-01   2.8520273e-01   2.6168734e-01  -5.4663235e-01  -1.8646008e-01  -2.9699600e-01   2.8791305e-01   5.1677991e-01  -2.5698588e-01   5.1787713e-02  -4.7808132e-02   7.4939043e-02  -6.0682054e-02  -2.6828744e-01   2.5057523e-01   2.7760865e-01  -1.2814095e-01   2.3013306e-02   5.9567152e-02   3.5144548e-01   2.4882649e-01   3.7976014e-01   3.6244175e-01  -2.6584914e-02   9.8813962e-02  -1.6300080e-01  -1.7353895e-01   2.3855631e-01  -2.4069024e-03  -1.3027359e-01  -2.8547823e-02  -2.0908895e-02   4.1199404e-01   5.4264784e-01   3.0165670e-01  -7.7040193e-02  -2.9649302e-01   1.6076801e-01   3.1981271e-01  -1.3906465e-01   1.5463073e-01   2.9473360e-01   1.9254604e-02   9.2075440e-02  -5.7488122e-02   6.8620173e-02  -1.4535129e-02  -4.9609814e-01  -1.1922446e-01   2.2714323e-01   3.9301622e-01  -2.0465761e-01  -4.2145046e-01   4.8337060e-02  -1.0158373e-01  -6.7065548e-02  -2.8079754e-02   9.8951379e-02  -4.7675933e-02
