   0.0000000e+00  -4.1614714e-02   2.3738422e-01   7.1255911e-02  -3.8693640e-01   2.4104142e-01  -1.6727829e-01  -1.1865505e-02  -2.2112827e-01  -2.1723976e-01  -1.0656028e-02  -1.3172955e-01   1.4122445e-01   5.4745832e-01   1.4869949e-01  -2.4207169e-01   6.4500677e-02  -2.8984990e-01   1.1663822e-01  -3.1063473e-01  -4.7918600e-01  -1.2006937e-01  -1.4953584e-01   6.4076279e-01  -6.1623731e-02  -1.5145204e-02  -3.5502435e-01   4.4256247e-01  -6.3385371e-02   4.0812718e-02  -1.3287539e-01  -1.8152889e-01  -2.3265133e-02  -1.8760518e-01  -1.3016698e-02  -3.7575124e-01  -4.4876303e-02   5.4238278e-01  -2.6669210e-01  -2.3117432e-01  -3.9086605e-02   1.8887414e-01  -1.9645082e-01   8.9474374e-02  -4.0948466e-01   6.4241390e-01  -6.8909701e-02  -3.3262158e-01  -1.9380463e-02  -1.4869107e-01  -1.6782462e-01  -1.4772408e-01  -3.1004765e-01   1.1516703e-01   7.7989723e-02   1.6037452e-01   1.1587355e-03  -2.3052558e-01  -2.6579765e-01   4.4624777e-03   4.1736674e-01   6.6230423e-02  -1.0356694e-01  -2.9864538e-02  -3.6210738e-01  -4.4462748e-01  -1.7983998e-01  -2.7719092e-01  -7.4463605e-02   5.8650547e-01  -2.3379264e-01  -2.0910238e-01  -7.1878493e-02   5.6156738e-01  -1.1971013e-01   6.9990886e-02   3.9053379e-01  -9.0297981e-02  -3.3478205e-01  -2.7231338e-01   1.8573076e-01  -1.6171739e-01  -1.1843060e-01   4.8457524e-02   6.3574142e-01   1.3505484e-01  -3.8570732e-01   2.8515720e-01  -1.8050954e-01   7.1724099e-01  -4.7031806e-01   2.0848689e-01  -9.5136160e-02  -1.0970013e-01   1.9659607e-01  -3.3773293e-01  -8.3583253e-02  -9.3343835e-02  -3.5255632e-01  -3.3218392e-01   4.7067965e-01   5.0836077e-01   1.3106321e-01   1.8818936e-01  -1.6910374e-01  -1.7357122e-01   1.6199695e-01  -2.0596508e-01   3.8438827e-02  -2.5341344e-01  -8.2769151e-02   3.1059399e-03  -2.4247158e-01   6.3102648e-01   2.2410547e-01  -4.1215386e-01  -2.1636325e-01   3.2380029e-02   4.8239017e-01  -1.5330170e-01   5.1645881e-01  -4.5612192e-01   1.7915833e-01  -3.8619940e-01   7.0391364e-01   4.0187455e-01  -2.4772355e-01  -2.4939751e-02  -1.7352971e-01   2.9932704e-01  -1.5528834e-01  -3.0855909e-01   4.7085785e-01  -1.9330601e-01  -3.4245700e-01  -1.2321808e-01   1.1160766e-02   1.6624209e-01  -1.1936058e-03   4.3423199e-01   6.1211989e-01  -7.7763566e-02   4.9927960e-02   3.9332559e-01  -1.8358104e-01  -2.4781552e-01  -2.9470761e-01  -4.2916503e-01  -2.8178776e-01  -3.5156589e-01   6.0369529e-01  -1.2822530e-01   3.9481044e-01  -2.5521851e-01  -1.5343424e-01   4.6760243e-01   4.7898352e-01  -9.8801251e-02   2.2003465e-01   7.7352233e-02  -1.2436601e-01  -1.4972228e-01  -3.3516906e-01  -3.5266904e-01  -9.3850981e-02  -4.0921232e-01  -1.2032673e-01   7.4605618e-02   4.7879977e-01  -2.3795371e-01  -3.7842706e-01   3.7106972e-01  -4.7209221e-01   4.4003147e-01   2.7881868e-02   1.5351324e-01   8.2130765e-03
  -4.1614714e-02   0.0000000e+00   2.0732969e-01   1.9263118e-01   4.3780901e-01  -4.7882482e-01  -1.6663816e-01   2.9873572e-01   4.4427315e-01   8.5408222e-02  -5.7138590e-02   5.2268986e-01   9.4063558e-02  -3.1937077e-01   2.1823088e-02  -2.1211382e-01   3.3257830e-01  -2.5104511e-01   1.1519737e-01   1.2681743e-01   3.7672957e-01  -9.7434198e-02  -4.2365614e-01  -1.5665308e-01  -3.9690625e-02   5.2859066e-02  -2.0844006e-01  -3.7396394e-01   1.9116323e-01  -2.6918037e-02   5.8275725e-01  -3.3323663e-01   1.3746070e-01   2.8152303e-01   1.6415693e-01   1.8644077e-01   3.7371949e-01   1.2119427e-01  -5.8121501e-02   5.3053683e-03   3.9722169e-01   1.8659229e-01   3.6568450e-01  -1.5771104e-01   3.5971499e-01  -3.5644648e-01  -2.2171405e-01   3.3392967e-01   3.2335580e-01   2.5183351e-02  -4.4921140e-01   1.6039725e-01   6.5593187e-01   3.3436849e-01  -1.0619373e-01  -4.9788632e-01  -2.7865829e-01  -1.0934051e-01   8.7298038e-02  -8.5178389e-02   1.9251047e-01   3.5155029e-01   5.9172112e-01  -3.8710521e-02   6.4202633e-01   3.1593521e-01  -1.5443713e-01   1.9022180e-02  -2.2888600e-01  -4.9618624e-01   7.6167033e-01  -2.2983500e-01   5.1624165e-01  -2.5536302e-01  -9.3302015e-03   2.4785903e-01  -2.5658781e-01   8.4934669e-02   5.6829374e-01   2.0097998e-01  -2.9800243e-01   2.5027238e-01   5.2640566e-01   2.0483891e-01  -1.3321239e-02  -4.3093229e-01   3.0621467e-01  -2.9559159e-01   1.0331590e-01  -1.1962102e-01   5.3397411e-01   1.0786032e-01   4.5282489e-01  -6.1429889e-02  -3.3239273e-01   1.2288421e-01  -1.1211556e-01   1.8667270e-01   1.6081902e-01  -3.7772129e-02  -9.2351242e-02  -2.7611856e-01  -2.2436211e-01   2.2115206e-01  -4.8156427e-01   9.1781364e-02   2.5085697e-01  -1.3837092e-02   3.0730794e-01  -7.1319294e-02   2.6120943e-01  -4.1979560e-01  -7.9203914e-02   8.6642113e-02  -9.9343468e-02   6.9149211e-01  -1.0666548e-01   2.5354132e-01  -1.2123360e-01  -3.3017970e-01  -2.4044692e-01   3.1155414e-01   1.9754553e-01   5.7490127e-01  -2.7643048e-01  -4.8098469e-01  -2.0631110e-01   7.2638734e-02  -1.1441568e-01  -2.7278083e-01   1.4289473e-01   5.2134857e-01   2.9821767e-01   1.6994560e-01  -4.7659403e-03   1.4459794e-01  -2.5640260e-02  -4.4360136e-02   4.4858860e-02   1.4136922e-01  -2.3377045e-01   2.4268600e-01  -3.2041772e-01  -5.2786291e-01   1.7400272e-01   1.0016461e-01   4.1750677e-01   2.4930785e-01  -2.4780681e-01   1.3710588e-01  -2.4073012e-01   9.2912976e-03  -2.0259622e-01   4.8978176e-01   5.3234098e-01   6.9906088e-02  -4.3790113e-02   1.0106597e-01   1.5078855e-01  -1.6773322e-01  -3.1099627e-02  -2.1994771e-01  -9.0719729e-02  -3.0361156e-01  -1.0908636e-01   5.0478961e-01   3.2032108e-01  -8.2584452e-02  -3.6691232e-02   8.6049556e-01   3.3689305e-01  -1.6160301e-01   1.1486592e-01  -4.9913273e-01  -1.9512444e-01   1.4986879e-01   1.1719648e-01
   2.3738422e-01   2.0732969e-01   0.0000000e+00   1.0279098e-01  -2.0409108e-02   9.9381146e-02  -9.9138585e-02  -5.1601621e-02   1.0774876e-01  -4.9432964e-03   2.8767724e-02   1.2588053e-01   8.4056999e-02   3.2106758e-02   3.8097522e-02   3.6911534e-02   7.4832736e-01  -7.3646146e-02   2.1996796e-01   1.5199116e-02  -2.6530541e-01  -1.4916710e-01  -1.1753040e-01   1.1208791e-01   9.3377871e-02  -2.1030853e-01  -6.6226151e-02   1.1481029e-01   8.1033397e-03  -1.1951252e-01  -9.7999238e-02  -5.9530095e-03  -7.8700381e-02  -3.3303010e-02  -1.3854309e-02   3.9478285e-02  -7.8698751e-02  -1.2156617e-02  -3.0158777e-03   4.8729378e-01   1.5189189e-01   1.2768835e-02   2.7540230e-01  -9.2212969e-02  -2.5414884e-01   8.9294117e-02  -1.4515411e-01  -3.4049430e-01  -7.1706974e-02   3.7542412e-01  -5.2472815e-02  -1.3371413e-01  -1.4540449e-01   2.4488498e-01   3.0674818e-02  -4.0897771e-02  -9.3248218e-02  -1.7406893e-01  -4.8687335e-02  -7.2881853e-03   2.4234446e-01  -2.0540342e-01   9.7471036e-02  -5.7391603e-02  -2.2876332e-01  -1.1273806e-01   1.0764575e-01  -2.0488748e-01  -4.4697648e-02   3.6752131e-01   1.3491610e-01  -1.7251697e-01   3.0609489e-02   3.3311234e-01   1.8503065e-01  -6.7269215e-02   2.5711148e-01   3.0331055e-03  -1.6151277e-01  -1.8733905e-02  -9.6037894e-02  -1.5686707e-01   5.4155887e-02  -6.1542459e-02   3.2329123e-01  -1.5230367e-01  -2.1733298e-02   7.2073182e-02  -2.3054816e-01   1.4223780e-01  -1.1832542e-01   2.8711350e-01   2.8809280e-01  -4.9536438e-02  -8.5009887e-02  -7.0254065e-02  -2.4508523e-02  -3.1686668e-01  -2.0481951e-01  -5.8629205e-02   1.7161198e-01   1.3612189e-01  -1.0628148e-01   1.1116837e-01  -2.7415346e-01   2.9193368e-02   1.9174879e-01  -1.5046571e-01  -6.0799575e-02  -4.0939414e-03   2.0725070e-01  -6.5972952e-02  -1.0788509e-01   2.3514201e-01   2.3457994e-01  -2.0734674e-01  -1.2416946e-01   5.2253297e-02   3.2235542e-01   6.8407919e-02   7.1708214e-02  -8.0003184e-02   1.3730490e-01  -1.8589477e-01   1.0486346e-01   9.0924617e-02  -3.0424955e-01   1.8299688e-01  -8.5453365e-02   6.3419568e-01  -3.3722259e-02  -1.4909535e-01   2.4597807e-01  -1.6600512e-01  -1.0936547e-01  -1.1630271e-01   1.7358649e-01  -3.6043101e-02   1.0671395e-01   1.0694602e-01   2.4663497e-01   4.2041857e-02  -1.7279016e-01   2.5968917e-01   1.4651301e-03  -2.4761467e-01   1.3028517e-01  -1.0908935e-01  -2.0456149e-01  -2.1978335e-01   2.3523118e-01  -2.9980951e-01   1.1677559e-01  -1.8748186e-01   6.0067939e-01   6.7188241e-02   6.1449869e-02  -2.8093016e-02   5.6342156e-02   3.5013335e-02  -1.8944817e-01  -2.5419385e-01   4.7512533e-02  -1.1345444e-01   9.5848154e-02  -1.1625653e-01   1.5513607e-03  -1.1425617e-02   8.2955858e-02   1.1389000e-01  -2.2065332e-01   1.7934173e-01  -3.5062086e-01   1.5699055e-01  -3.6538478e-02   1.3283755e-01  -2.0549655e-02
   7.1255911e-02   1.9263118e-01   1.0279098e-01   0.0000000e+00   2.8124566e-01   1.7768552e-02   8.0952482e-02   4.0466786e-01   4.0001093e-01  -2.3485894e-01   2.5702140e-01   5.4700389e-02   3.2224701e-01  -1.1311639e-01  -3.6435360e-02  -2.7663082e-01  -2.7304128e-02   5.1301849e-02  -1.1937430e-01  -1.2206306e-03   1.5979556e-01   4.2355576e-01  -8.9221488e-02  -2.5688107e-01  -2.6178131e-01   1.9090056e-01   7.9196125e-02  -1.4112644e-01   2.4306125e-01   2.4891838e-01   2.1437254e-01  -1.9852737e-01  -8.4304058e-02   2.8588991e-02   2.2283888e-01   2.5838831e-01   3.1044397e-01   1.3597298e-01  -9.5704117e-02  -7.4429905e-02   4.1382618e-01   1.6702403e-01   2.6294266e-02   2.5950271e-01  -4.8900629e-02   3.6163288e-03   2.6769113e-01   1.6547156e-01   4.1838470e-01  -2.5191004e-01   9.2291176e-02   4.1066946e-01   1.6606685e-01   1.0122316e-01   1.0770173e-01   1.7043638e-01  -3.8353620e-02   3.3205244e-01   2.3334323e-01   2.7400179e-01   1.2561712e-01   1.9926310e-01   3.5498454e-01   9.8125466e-02   1.4157165e-01  -5.9896140e-02   2.0032461e-01  -2.0036863e-01   3.6398363e-01  -1.2933395e-01   7.3255244e-02  -2.5930354e-01   3.7301144e-01   6.2718513e-02  -7.1629791e-02   3.3000651e-01  -1.0957832e-01   2.0392574e-01   2.4087996e-01   1.0122205e-01   1.1185440e-01  -2.4910872e-02   6.1829631e-02   1.5172064e-01   5.8582603e-02  -6.4453232e-02   2.0574820e-01  -2.4815102e-02  -7.6811767e-02  -8.6512061e-02   8.2303399e-02   9.4058568e-02  -5.1395095e-03   1.6157125e-01  -2.0048392e-01   4.5738324e-02  -3.9243262e-01   6.8921997e-02  -2.5172404e-01  -9.9222276e-02  -6.4585532e-02   9.9301020e-02   3.3039208e-01   4.5037014e-01   3.5656689e-02   4.8120416e-01   2.8334431e-02   3.4980900e-01   3.8129696e-01   1.4349770e-01   1.5164215e-01   2.1825225e-01  -1.8619663e-01   8.6907776e-02  -1.2499603e-02   1.7939221e-01   1.9935360e-01   4.1672302e-01  -1.9903617e-01   4.0032464e-01  -2.8582852e-01  -2.7444716e-02   5.3589434e-01   2.2928453e-01  -1.4584757e-02   2.6635643e-03   8.6890987e-03   8.7220407e-02   4.8076389e-01  -2.0883738e-01  -2.2563463e-01   1.9774850e-01   3.1720482e-01   1.8494238e-01  -5.3940993e-02   3.5521306e-01   1.3093940e-01   1.0057690e-01   2.9281572e-01  -1.1414137e-01  -7.1567106e-02  -3.9250059e-02   2.1771623e-01  -2.7547388e-01  -1.4903203e-01   2.4242841e-01   1.0564267e-01   8.7662012e-02  -7.2980464e-02  -4.2059390e-02  -9.7716470e-02   3.5985587e-01  -2.3319534e-01   1.4711700e-01  -5.6830619e-02  -2.1599315e-01  -1.8727570e-01   1.4660215e-01   1.4343583e-01   3.8883211e-01  -3.1082195e-01   2.0860234e-01  -2.0426005e-01   2.0109298e-01   4.3309370e-02  -2.1496942e-02   1.7320287e-01   2.5362779e-02  -1.2135658e-01   1.5418963e-01   9.1382690e-02  -4.1343035e-01   7.4475576e-02  -1.1145473e-01  -1.0832884e-01   3.2988763e-01   4.7851586e-01
  -3.8693640e-01   4.3780901e-01  -2.0409108e-02   2.8124566e-01   0.0000000e+00  -3.3276054e-01  -2.1676526e-02   3.5388981e-01   5.6001995e-01   2.5724182e-01   1.5615858e-01   2.9361082e-01   8.9532568e-02  -4.9515927e-01  -1.2636220e-01   1.4060946e-01   1.4693374e-01   3.5395758e-01  -1.5509667e-02   7.2775819e-01   5.4231961e-01   2.7311217e-01  -2.2440154e-02  -5.1775194e-01   1.5485619e-01   1.7729727e-01   2.8696873e-01  -4.4032638e-01   2.1512321e-01  -4.2443821e-02   2.6611069e-01   1.5257259e-01   7.9003620e-02   1.8049276e-01   1.6205644e-01   6.2791652e-01   3.5024399e-01  -2.5261838e-01   2.4344749e-01   1.6734821e-01   3.6571644e-01   1.3366929e-03   3.5153844e-01  -6.6275699e-02   4.9056491e-01  -5.1727875e-01   2.1831439e-01   1.9248398e-01   3.5739088e-01   7.5418831e-02   2.2695405e-01   3.3843566e-01   2.9341348e-01   1.3306539e-01  -1.8023293e-01  -2.3271402e-01  -2.8251622e-01   3.0766401e-01   5.2942712e-01   2.8758281e-01  -1.2224780e-02   3.2357144e-01   4.5293638e-01  -1.3409868e-01   7.0565231e-01   5.7716199e-01   3.4438951e-01   4.5418173e-01   1.7811335e-01  -6.1573865e-01   4.2447608e-01   1.4799490e-01   2.3556619e-01  -3.9343838e-01   1.3069839e-01   3.8715060e-01  -2.7971904e-01   2.9726680e-01   7.7019077e-01   5.0011957e-01  -1.2524698e-01   6.2690210e-02   1.4984297e-01   2.7293186e-01  -4.5493597e-01  -6.5518013e-02   3.7716318e-01  -3.1622289e-01   4.2012232e-01  -4.0526244e-01   7.4773995e-01  -1.0228669e-01   1.6742799e-01   2.1146729e-01  -4.7546016e-01   6.9869211e-01   1.0485435e-01   2.5603054e-01   4.4172757e-01   2.1876749e-01  -5.3267998e-01  -4.0837762e-01   2.4695416e-02   3.1532100e-01   6.7267447e-02   4.7648175e-01   8.4619349e-02   3.1756476e-01   2.7288949e-01   1.0442818e-01  -1.1533908e-02  -2.4845581e-03   2.5895370e-01  -2.1507646e-01  -2.2014628e-01   6.0801364e-01   1.8825267e-01   2.3592028e-01  -4.6747026e-01   7.8193976e-02  -4.1450748e-01   7.6600558e-01   2.1883308e-01   7.2093862e-01  -5.2519198e-01  -4.5276434e-01   2.7140250e-01   2.4377061e-01   3.3383552e-01  -4.7545545e-01   2.1034374e-01   3.7446751e-01   4.7481700e-03   8.8783614e-03   2.9199986e-01   3.5992034e-01   2.5110044e-01  -2.4383111e-01   1.6172396e-01  -1.3899632e-01  -3.4406318e-01   1.2984052e-01   7.4920288e-02  -7.0290367e-01   2.5025352e-01   4.0085558e-01   3.1588602e-01   5.4386392e-01   2.6162178e-02   2.3514165e-01  -5.1727588e-01   1.8227046e-01  -3.0489799e-01   4.1752836e-01   1.3144075e-01  -3.2305647e-01  -2.5936592e-01   3.7815589e-01  -3.7670343e-02   2.8163552e-02   3.1635572e-01   1.6985911e-01   2.3966819e-01   3.6350318e-01   2.6507137e-01   3.9974881e-01   3.5352056e-01  -1.8921566e-01  -3.0144655e-01   5.3438924e-01   6.2797624e-01  -3.9143372e-01   5.5338150e-01  -6.2494503e-01  -2.3005977e-01   7.6502368e-02   3.5559317e-01
   2.4104142e-01  -4.7882482e-01   9.9381146e-02   1.7768552e-02  -3.3276054e-01   0.0000000e+00   2.5529584e-01  -2.0753921e-01  -2.0576566e-01   3.7722802e-02   9.6787644e-02  -2.2673797e-01  -6.6492953e-02   3.0810952e-01   1.9466576e-01   1.2740167e-01  -9.0920921e-02   2.6416244e-01   1.9858739e-01  -1.7090476e-01  -2.6447185e-01   2.5346828e-01   4.5951711e-01  -1.9540306e-02   7.5400314e-02   1.0090733e-01   3.1968322e-02   3.5202773e-01  -3.4631997e-01   3.8744075e-01  -3.2477638e-01   3.6091834e-01  -2.5299765e-01  -2.1210276e-01   3.6670227e-02  -1.4621931e-01  -1.5406730e-01  -8.1561941e-02   9.8735443e-02   9.0130444e-02  -2.6243694e-01  -2.0708465e-01  -3.6542129e-01   1.9808940e-01  -3.8265883e-01   4.3642395e-01   2.2441271e-01   1.7239259e-02  -1.0325578e-01  -2.5566977e-01   4.4324758e-01  -2.0288572e-01  -3.8961506e-01  -2.6730565e-01   3.6187474e-01   4.5682669e-01   3.6636479e-01   1.5061889e-01   7.3986957e-02   2.6202399e-01   1.8597444e-01  -2.9967235e-01  -4.9283575e-01  -9.2508386e-04  -5.2525801e-01  -2.1286643e-01   4.3824464e-01  -4.5912445e-02   3.6003358e-01   5.3192728e-01  -5.0630770e-01   1.0330680e-01  -3.7779971e-01   5.9483287e-01   5.4578745e-02  -5.9696381e-02   2.4968204e-01  -2.1817189e-02  -5.7888425e-01  -1.7650980e-01   1.7299868e-01  -4.8819409e-01  -1.6262171e-01   6.1444241e-02   3.1949904e-01   4.2491555e-01  -2.0028769e-01   3.5660269e-01   9.7048598e-02   9.3744418e-02  -5.0072120e-01  -1.0169364e-01  -2.9712158e-01   1.0824539e-01  -1.0880703e-01  -4.5593790e-02   6.8488920e-03  -1.7138103e-01  -2.7491182e-01   1.1971686e-01   3.3670264e-01   3.2741967e-01   3.1480009e-01   1.1382312e-01   4.3492794e-01   1.1413333e-01  -1.2725038e-01   1.3039254e-01  -2.4268458e-01   3.0473012e-01  -2.1318406e-01   5.8265850e-01   1.7117597e-02  -1.1483117e-02   8.6140524e-02  -5.8502199e-01   2.3495144e-01  -1.6414708e-01   2.6998562e-01   3.4353584e-01   1.8461956e-01  -2.8392605e-01  -4.4942273e-02  -4.8346849e-01   2.5852406e-01   5.1005244e-01   1.9634747e-01  -2.0449472e-01   1.2329400e-01   4.2206309e-01  -3.2018516e-01  -3.8987390e-01   3.2522894e-01   3.7667773e-02  -2.5785586e-02  -1.3457375e-01  -6.5867865e-02   1.9643695e-01   6.5155704e-02  -9.8892074e-02   1.9140249e-01  -4.6622418e-01   3.3107367e-01   5.1268295e-01  -1.0246891e-01  -1.7423231e-01  -2.7538339e-01  -1.9968396e-01   3.6186057e-01  -8.8822983e-02   3.6977064e-01   2.0195245e-02   2.8736197e-01  -4.4102375e-01  -2.8816028e-01  -2.4419955e-01   1.6232102e-01   5.7956930e-02  -1.4698078e-01   2.9181764e-01  -4.5423039e-02   1.4596710e-01   1.7917138e-01   2.9079727e-01   3.4163009e-01  -4.6548558e-01  -3.9911846e-01   1.6072953e-01   1.5034712e-01  -6.1185687e-01  -3.6782724e-01   1.1439867e-02  -2.1799827e-01   6.1935178e-01   6.5195579e-02  -3.3042611e-02   9.7204633e-02
  -1.6727829e-01  -1.6663816e-01  -9.9138585e-02   8.0952482e-02  -2.1676526e-02   2.5529584e-01   0.0000000e+00   1.1655734e-01   1.9033468e-01   1.7813504e-01   2.4871953e-01   4.4653060e-01  -1.4233922e-01  -7.6321585e-02   5.1637335e-01   1.2599657e-01  -2.9292457e-01   1.9063343e-01   4.5515868e-02   7.9922332e-02   3.5086405e-01   1.3071208e-01   6.2196950e-01  -3.8679836e-01  -1.6711887e-01  -2.4822204e-02   2.8030617e-02  -4.8459174e-02   1.8957902e-01   2.6611230e-01   1.6985196e-01   1.8605294e-01  -4.1522724e-01   6.6827896e-01   2.5109585e-01   3.1996083e-01   2.0419280e-01  -2.8951405e-01   7.1766249e-02   2.8118906e-01  -5.1830917e-03  -2.7048682e-01  -2.5166859e-01   2.2516050e-01   3.0260784e-01   1.6967243e-02   2.2273929e-01   5.0935712e-01   1.5948522e-02  -4.8098819e-01   3.9236548e-01   7.4877468e-02   3.0100775e-01  -5.8503046e-02   5.0443633e-02   4.7129702e-02   3.9608979e-03   4.2871868e-02   1.1869674e-01   2.1705895e-01  -1.5727527e-01   1.1421916e-01  -6.4201197e-03   1.9546247e-01  -4.8226459e-02   1.7892932e-01   3.1293628e-01  -2.5097969e-01   1.9764236e-01   5.5939232e-04   8.8815777e-02  -5.8649385e-02   1.3164294e-01  -7.1894220e-02   9.1734563e-02   4.4633444e-02  -1.8795330e-01   3.0539934e-02  -1.6125988e-01  -2.3104004e-01   2.3473987e-01  -4.5832283e-02   2.0970407e-01   9.3312854e-02  -6.8389302e-02   1.0917100e-01   2.5277616e-01  -1.6911566e-03   1.6694812e-01  -3.3236666e-01  -1.9751094e-01  -2.7164226e-01   2.8393040e-01   2.3319109e-01  -1.5203477e-01   1.1121687e-01  -2.0829666e-01  -4.1228924e-02  -1.2718012e-01   6.0873297e-01   8.2124907e-02   9.4976496e-02   2.5060699e-01   4.9759890e-02   1.5309411e-01   3.5833775e-02  -3.3978967e-01   2.2298636e-01   1.6013163e-01   3.8217034e-01   3.9297936e-01   1.5002897e-01  -1.7824886e-02  -2.4476013e-01   4.0223254e-01  -1.3690825e-02  -7.5253924e-02   2.2863152e-01  -1.9776059e-01   3.5125271e-01  -2.2694395e-01  -1.0638249e-01   1.3937121e-01   3.7579619e-02  -1.6550490e-01   1.7198872e-01   4.8382039e-01  -3.7929066e-01   1.8868715e-01  -5.6196224e-02  -2.3348608e-01   3.2492021e-01  -3.3403755e-02   5.1986048e-01  -4.7589733e-02   2.0405790e-01  -2.7743593e-01   2.6016960e-01   2.7058063e-01  -3.5407882e-01  -1.7119678e-01  -4.6609817e-01  -4.5077696e-02   5.4638112e-02   4.8218095e-01   1.9329164e-01   5.4061644e-01  -6.5424277e-02   5.4128462e-01   4.2384443e-01  -5.9231802e-02   2.3474064e-01  -2.6302933e-01  -1.2343021e-01  -1.7612884e-01  -3.9392672e-01  -1.1319458e-01   2.5450138e-01  -2.7179725e-01   2.7692413e-01  -1.4947251e-02   1.2347575e-01   3.2830327e-01   1.3651933e-01   2.4290614e-01   2.7475940e-01   1.9786878e-01  -1.1536777e-01  -2.5272768e-01  -2.2408670e-01   2.5200909e-01  -3.2728048e-01  -9.9056783e-02  -4.0964191e-02   1.1244844e-02   3.5589050e-04   4.8649636e-02
  -1.1865505e-02   2.9873572e-01  -5.1601621e-02   4.0466786e-01   3.5388981e-01  -2.0753921e-01   1.1655734e-01   0.0000000e+00   5.0235152e-01  -9.5461534e-02   1.2173346e-01   2.2695320e-01   1.6030802e-01  -2.5531443e-01   3.5473314e-02   9.8989325e-03  -1.2360007e-01   1.5857400e-02  -2.8128685e-02   2.4892074e-01   1.9913267e-01   1.8150793e-01  -2.4086350e-01  -1.3580424e-01  -7.9830443e-02   3.2893524e-01   2.0394290e-01  -1.3887651e-01   2.2474828e-01   2.9155597e-02   3.5913974e-01  -1.5290948e-01   1.0810412e-01   1.2435529e-01  -1.2632894e-02   1.9776657e-01   1.0573850e-01   2.4187390e-01   1.1387024e-01   2.5096724e-02   2.4343760e-01   2.5686217e-01   1.8365547e-02   2.4275071e-01   1.2400759e-01  -7.4455811e-02   1.7640968e-01   2.7399805e-01   2.6343384e-01  -2.4345662e-01  -1.0473900e-01   5.9291571e-01   2.5278208e-01   2.1861409e-01  -1.1315135e-01  -4.1412991e-02  -1.8115916e-01   2.6510160e-01   1.0106479e-01   1.5851862e-01   1.8658669e-01   1.8972885e-01   4.2838516e-01   2.2836075e-01   3.0466308e-01  -9.8993664e-02   1.5609710e-01   5.2068401e-02   1.5991854e-01  -2.0747847e-01   3.7336859e-01  -1.1874300e-02   3.7277584e-01  -2.6652274e-01   1.4789836e-01   2.7967678e-01   9.7346107e-04   2.7801735e-01   3.6962909e-01   5.7854821e-02   1.5016633e-01   2.7976671e-01   9.4885093e-02   2.7695620e-01   1.1034684e-02  -8.3957786e-02   2.0505077e-01  -2.9134709e-01   8.2245532e-02  -2.1324393e-02   2.2875447e-01   2.3580062e-01   9.1873946e-02   2.0805620e-01  -1.2819569e-01   8.7785167e-02  -5.8074509e-02   3.1315073e-01   1.0005427e-01   9.0910394e-03  -9.2644389e-02   1.7356012e-01   8.5362861e-02   2.7840414e-01  -1.0645270e-01   1.4742492e-01   3.6904793e-02   3.8429602e-01   1.9175510e-01  -6.9694668e-02   1.5191952e-01  -1.5392579e-01   1.3173054e-02   2.3472694e-01   1.3351896e-01   3.4130053e-01   4.6176930e-02   2.4027392e-01  -3.6233359e-01   2.8529969e-02  -1.7902320e-01   7.2984719e-02   3.3866285e-01   3.8971304e-01   4.8409758e-02  -2.0724439e-01  -1.6449509e-02   1.6406255e-01   2.5478118e-01  -3.8807842e-01   7.5603552e-02   4.2121582e-01  -3.6080335e-02   1.0456185e-01   1.0152808e-01   5.5229811e-01   1.3606591e-01   1.9066548e-01   2.5811662e-01  -1.8231921e-01  -1.3203857e-01   2.9371515e-01   1.2947759e-01  -4.2491820e-01   3.5454975e-02   3.8455147e-01   2.0656979e-01  -2.0135459e-02  -2.3596945e-01  -4.9723555e-02  -3.8660132e-02   2.6028725e-01  -1.1666974e-01   3.8563386e-01  -4.4284491e-02   7.5793196e-02  -3.3433380e-02   8.6280804e-02   3.1127731e-01   1.5529624e-01   4.4483050e-03   3.0836529e-01  -2.3646761e-01   4.7200152e-02   5.1718259e-02   2.0264960e-01   2.3747600e-01   3.6761490e-02  -1.4487746e-01   2.8928442e-01   1.2792474e-01  -2.6974104e-01   1.9674124e-01  -3.7269097e-01   1.2126451e-02  -2.7826209e-02   3.9433164e-01
  -2.2112827e-01   4.4427315e-01   1.0774876e-01   4.0001093e-01   5.6001995e-01  -2.0576566e-01   1.9033468e-01   5.0235152e-01   0.0000000e+00   2.5261248e-01   5.6239341e-02   5.0567201e-01  -6.6586595e-02  -5.5649058e-01   8.0451885e-02   8.1308948e-02   9.7856743e-02   1.2020009e-01   8.8883364e-02   3.7318319e-01   4.2266323e-01   3.9100207e-01   4.5866269e-02  -4.2834695e-01   1.8354354e-01   3.0796932e-01   7.8866748e-02  -4.4114167e-01   2.5215023e-01  -1.5888671e-02   3.7610874e-01   1.8187535e-01  -1.6094807e-02   3.6814409e-01   2.6502203e-01   5.7351728e-01   1.6107799e-01  -7.5972586e-03   1.6498940e-01   1.8025619e-01   1.6969142e-01   8.9224405e-02   3.6725154e-01  -9.6814718e-02   3.8928564e-01  -2.8469026e-01   8.3021073e-02   2.5053839e-01   1.4206708e-01  -1.3038351e-01   3.1833591e-02   4.0414867e-01   3.5796083e-01   2.2244689e-01  -1.2436574e-01  -2.8506954e-01  -1.7644080e-01   4.2350041e-01   4.3785135e-01   4.7730271e-01   9.5811190e-02   9.7306508e-02   5.7654183e-01  -2.5038040e-03   5.3133058e-01   3.2506588e-01   3.5579524e-01   1.0962732e-01   1.1408397e-01  -4.0762828e-01   5.2266630e-01  -1.1789419e-01   2.9306237e-01  -4.3384912e-01   2.4045637e-01   3.3797972e-01  -1.5896821e-01   3.1792938e-01   4.8197123e-01   2.4329685e-01  -2.2533411e-01   9.1607739e-02   1.9877090e-01   3.0379260e-01  -2.3020960e-01  -1.8773233e-01   4.0566780e-01  -4.4877171e-01   3.0155454e-01  -3.5129389e-01   4.6522051e-01   9.2963843e-03   3.5716401e-01   4.4333743e-01  -4.4992313e-01   3.6372905e-01  -1.7240748e-01   3.1532999e-01   4.2539519e-02   2.8219822e-01  -2.9292552e-01  -2.3719163e-01  -1.0643072e-01   6.0022084e-01  -5.9411437e-02   4.4309143e-01   1.1244585e-01   4.0725679e-01   1.3396068e-01   1.1647817e-01   1.7796483e-01  -1.0795346e-01   6.6548878e-03   1.1582002e-02   6.6413843e-03   4.6499213e-01   1.0230137e-01   1.9674501e-01  -5.1422221e-01   1.9190461e-01  -3.0586137e-01   4.2953033e-01   3.9733212e-01   5.3203338e-01  -2.9961787e-01  -2.6758098e-01   2.1197088e-01   2.8188984e-01   5.2263057e-01  -3.6744559e-01   8.5357604e-02   4.5716207e-01   1.0305771e-01   1.5541488e-01   3.2891541e-01   3.4649065e-01   3.1767198e-01  -1.4302395e-01   2.6394564e-01  -2.0650195e-01  -2.0391546e-01   2.2141221e-03   4.2085602e-02  -5.9385032e-01   3.7388040e-01   4.5339734e-01   4.2178384e-01   2.1611954e-01   7.8402377e-02   2.8965444e-01  -2.9746638e-01   7.6547139e-02  -4.0843844e-01   2.9624997e-01   1.0983864e-01  -1.1653546e-01  -1.0508742e-01   2.8897517e-01  -3.6328933e-02  -5.5487953e-03   1.9107634e-01   1.9040957e-01   1.1189282e-01   1.9959214e-01   3.9716269e-01   4.8382510e-01   3.1649610e-01  -1.9051680e-01  -2.7609964e-01   4.3194085e-01   5.1323786e-01  -3.5555342e-01   2.7805749e-01  -5.4305457e-01  -7.5422059e-02   2.3646644e-01   5.9001192e-01
  -2.1723976e-01   8.5408222e-02  -4.9432964e-03  -2.3485894e-01   2.5724182e-01   3.7722802e-02   1.7813504e-01  -9.5461534e-02   2.5261248e-01   0.0000000e+00  -2.0679839e-01   2.4673873e-01  -4.8206457e-01  -1.0758280e-01   2.2962508e-01   4.0284332e-01   8.1785613e-02   6.5611763e-02   1.8125294e-01   3.0419097e-01   3.3170942e-01  -4.5329683e-02   4.6703906e-01  -2.6006815e-01   3.4804925e-01   1.1489625e-01  -2.1285873e-02  -3.6669168e-02   4.6987396e-02  -1.3242743e-01   1.4224870e-02   6.3923924e-01  -2.9780317e-01   1.9996770e-01  -6.9123244e-02   2.6312036e-01  -5.4305488e-02  -4.1539403e-01   3.5698685e-01   1.5879959e-01  -1.0459237e-01  -2.7104136e-01   1.3410504e-01  -2.3264501e-02   3.7745750e-01  -6.4758591e-02  -8.5375956e-02   8.6841681e-02  -1.6822674e-01  -5.5409350e-02   2.1430566e-01  -1.4252551e-01   6.0044719e-02  -1.7662127e-01  -1.8709849e-02  -2.3299779e-01   1.3104102e-02   1.5738306e-01   4.8461053e-01   1.6884513e-01   1.8721630e-02  -1.0815976e-02   1.5914740e-01  -1.2509666e-01   3.3373505e-01   5.4226358e-01   1.7971815e-01   1.0852220e-01  -6.4365680e-02  -1.6299605e-01   1.3495056e-01  -1.1249152e-01  -1.8869644e-01  -6.3381671e-02   3.6325723e-01   6.2959606e-02  -8.4080551e-02   1.4220091e-01   6.3588760e-02   9.4291416e-02  -1.1643251e-01  -2.9417791e-01   7.6947688e-02   1.7038597e-01  -1.5429557e-01   2.3141696e-01   3.0432218e-01  -4.7043311e-02   6.6216948e-01  -2.3255988e-01   4.0687135e-01  -5.6345935e-02   2.6739802e-01   5.1860272e-01  -2.6226652e-01   5.9122341e-01   3.2384308e-02   6.1806551e-02   2.2215259e-02   7.3129948e-01  -1.8151366e-01  -2.1955339e-01   3.3683250e-03  -2.3115579e-03  -3.5673875e-02   3.8011407e-02  -1.5380181e-01   4.2088660e-02  -3.1209842e-01   2.8057436e-01   1.7725744e-02  -1.2982639e-02   9.2392747e-02  -1.9139485e-01   8.1241898e-02   8.5765811e-02   4.9338981e-02  -1.3183590e-01  -4.1333635e-02   2.7544156e-01   7.1220966e-02   5.7347118e-01  -1.0843549e-01   2.8282075e-01  -2.2579676e-01   4.4409783e-03   3.9401958e-01   1.0754810e-01   1.5003395e-02  -8.4858076e-02   2.3318495e-01  -1.5631780e-02  -4.3181589e-02   1.6303395e-01   2.1493373e-01   2.4004170e-02   9.4301957e-02  -5.2934738e-02  -2.3706210e-02  -1.6759364e-01  -5.4196986e-02  -2.0081347e-01  -1.2802327e-01  -1.2322375e-01   5.7069857e-01   2.0304580e-01   1.9767318e-01   7.6135350e-02   3.9711781e-01   5.4687520e-01  -3.6716497e-03  -6.8154500e-03  -7.9014178e-02  -6.8083309e-02   4.9398423e-02  -3.0408757e-01   8.5678019e-02   5.0642120e-01  -1.2119173e-01  -1.5198902e-01   1.6000655e-01  -5.6008759e-02   7.4121121e-01   1.6741915e-02   5.1375508e-01   3.4135177e-01  -1.2580853e-01  -3.5584075e-02  -3.7087484e-02   6.1430727e-02   4.1144053e-01  -6.8864385e-02  -3.3618913e-02  -1.4069634e-01  -1.8009285e-01   1.3425090e-01  -1.5076018e-01
  -1.0656028e-02  -5.7138590e-02   2.8767724e-02   2.5702140e-01   1.5615858e-01   9.6787644e-02   2.4871953e-01   1.2173346e-01   5.6239341e-02  -2.0679839e-01   0.0000000e+00   6.8998169e-02   2.1227066e-01  -4.5925025e-02  -7.5414061e-02   7.7956476e-02   5.4484714e-02   3.3549000e-01  -6.2630355e-02   7.7506674e-02   1.7433986e-01   2.0269772e-01   1.7072497e-01  -3.1690509e-01  -1.0645592e-01   4.6668065e-02   3.9079047e-01   1.3398350e-01   2.6016871e-01   5.0937739e-01   1.0092511e-01  -2.2080565e-02   1.6708440e-01   8.5211463e-02   1.3643552e-01   2.7182323e-01   2.7833430e-01  -1.2557246e-01   1.2513091e-01   2.2314426e-01   2.6729869e-01   6.0508098e-02  -2.7048834e-01   4.3058758e-01  -3.6927272e-02  -3.3071717e-02   7.2942487e-01   2.1940913e-01   3.8876146e-02  -3.4385791e-01   3.5771111e-01   2.9360075e-01   9.1278398e-02  -1.8349143e-01  -1.8799432e-02   3.1823923e-01  -6.9199312e-02   2.7740833e-01   1.3650664e-01   1.5356930e-01   1.2365359e-01  -4.4520394e-02   7.9038304e-02   3.6278157e-01   4.0080417e-02  -5.8772196e-02   2.4934744e-01   7.6759109e-02   6.0961392e-01   7.1101670e-02  -8.2703057e-02  -1.5534206e-02   2.4924172e-01   1.1031224e-01  -1.2320683e-01   2.7272883e-01  -1.4019546e-02   1.4512618e-01   1.0988113e-01  -5.9396544e-02   3.5677620e-01   1.7637169e-01   1.2264544e-01   8.2942813e-02  -2.3854602e-02   1.9720109e-01   4.2801908e-02  -1.8127791e-01  -5.8223787e-02  -1.1250066e-01  -1.7594500e-01   1.0393182e-01  -1.4359243e-01   1.2724779e-01  -7.5142600e-02   6.0072851e-03  -2.3981191e-01  -5.4338772e-02  -3.7725356e-04  -1.1010047e-01  -2.8360491e-02   2.4133256e-01   4.1885295e-01   1.4851165e-01   3.2075095e-01   1.4255524e-01  -1.9039739e-01   2.1003565e-01   1.5333378e-01   4.0326178e-01   9.0328266e-02   3.7173502e-01  -7.7253806e-02   1.3853216e-02   2.0172831e-02   5.5855098e-02   7.0490106e-02   2.8917897e-01  -2.5091689e-02   1.0982728e-01  -1.7288509e-01  -1.3815436e-01   3.0943091e-01   2.0495148e-01  -1.6391991e-01   6.3697513e-02   2.5055614e-01  -3.7952316e-01   1.9509325e-01   1.4615591e-01  -1.9458262e-02   3.5473898e-01   4.4375147e-02   2.1032865e-01  -1.5747826e-01   3.3418823e-01  -8.8954713e-02   3.2296349e-01   2.9079933e-01  -2.9941486e-01  -1.9514363e-01  -1.3773133e-01   3.1907220e-01   3.0611671e-02  -8.0638872e-02   2.5920663e-01  -5.6419558e-02   4.2461859e-01   2.2478905e-01   4.8357737e-02  -2.1242157e-01   4.6021426e-01  -2.5696657e-02   3.4302041e-01  -1.2299610e-01  -2.9008265e-01  -7.8412446e-02   1.5613683e-01   2.2067322e-01   4.8214513e-01  -3.6230365e-02   4.3846231e-01   1.5700328e-01   3.2578903e-01  -9.9680094e-02  -2.5594322e-01   4.7605864e-01   2.3143586e-01  -5.7398114e-02  -8.0636156e-02  -1.6232920e-03  -1.8745385e-01   2.4136957e-01   1.4471982e-02  -1.8400513e-01  -1.0583500e-01   9.7384786e-02
  -1.3172955e-01   5.2268986e-01   1.2588053e-01   5.4700389e-02   2.9361082e-01  -2.2673797e-01   4.4653060e-01   2.2695320e-01   5.0567201e-01   2.4673873e-01   6.8998169e-02   0.0000000e+00  -1.1983321e-01  -3.0328603e-01   4.3244393e-01   2.8975312e-02   9.8839640e-02   4.5048313e-02   2.1151766e-01   3.1527691e-01   3.9051040e-01  -3.4749234e-02   6.8048888e-02  -3.5004195e-01  -1.0805880e-01   6.2080027e-02  -9.1019004e-02  -2.5965224e-01   3.5579018e-01   3.9868924e-02   4.8911792e-01  -1.0302723e-01  -3.8493980e-02   6.9255866e-01   3.6428403e-01   3.7760022e-01   3.9418236e-01  -5.5719084e-02  -8.2472935e-02   2.7667746e-01   1.3737446e-01   1.1475389e-02   3.1850576e-01  -1.2355652e-01   5.4666639e-01  -2.4972897e-01  -9.3234234e-02   4.5348234e-01   1.0780094e-01  -1.7818723e-01  -2.6984942e-04   8.3983054e-02   5.7610668e-01   2.6876804e-01  -7.2042226e-02  -3.6094062e-01  -1.4158171e-01  -1.1880570e-01   1.5107643e-01   1.0955004e-01   9.0550630e-02   2.5748337e-01   4.1479081e-01   1.6737193e-01   3.7902995e-01   4.1467805e-01   1.2093618e-01  -8.6001225e-02  -1.3092384e-01  -2.8504208e-01   5.5404989e-01  -6.8613383e-02   3.0881133e-01  -2.5151667e-01   8.2892525e-02   1.1992878e-01  -1.9641945e-01   9.9873861e-02   2.7052969e-01   4.2897373e-02  -1.6363383e-01   1.0503260e-01   4.4939123e-01   1.7894768e-01   1.9188810e-02  -2.7607915e-01   4.2098932e-01  -3.2589065e-01   1.1616200e-01  -2.6753794e-01   2.1087562e-01  -5.6465500e-02   7.1904011e-01   5.4831436e-02  -3.0770093e-01   6.8822382e-02  -9.2284511e-02   7.2642192e-02   8.7343515e-02   3.8946450e-01   2.5693383e-02  -1.3600613e-01  -1.7356378e-01   1.9267055e-01  -2.1870814e-01  -2.4451151e-02   1.3359470e-01   3.9814062e-02   2.7321540e-01   1.2476812e-01   5.8425970e-01  -2.5913169e-01   5.5381163e-02  -1.3588948e-02   3.1119599e-01   4.4118768e-01  -1.1838634e-01   2.3973471e-01  -1.7991035e-01  -3.5955652e-02  -1.6335922e-01   1.2448019e-01   2.4627596e-01   3.3268553e-01  -2.7211436e-01  -2.0736430e-01   2.2303224e-01  -1.3672695e-01   7.5092880e-02  -1.9850250e-01  -8.8996522e-02   6.0864321e-01   1.3425153e-01   2.8585561e-01   7.2814909e-02   2.1234613e-01  -8.8865431e-02   1.1174744e-02   2.1469951e-01   2.6589942e-03  -1.4876188e-01  -8.2749054e-02  -3.0424849e-01  -3.2289021e-01   5.0910184e-01   1.5197457e-01   6.9332704e-01   7.7829585e-02   2.1603422e-01   3.3884654e-01  -8.2476345e-02   5.0682840e-03  -1.5473025e-01   2.1551797e-01   3.1502546e-01  -8.7861145e-02   2.5571069e-02   1.7955586e-01  -3.3756826e-02  -1.4576946e-01   1.3442937e-01  -1.3362703e-01   1.2254230e-01  -3.3887989e-02   1.1466674e-01   6.6359422e-01   4.7942862e-01  -1.2858474e-01  -4.5059904e-02   4.8693542e-01   4.1825479e-01  -2.3617776e-01   3.6659818e-02  -3.8621122e-01  -6.7030328e-02  -2.1864115e-02   8.1575312e-02
   1.4122445e-01   9.4063558e-02   8.4056999e-02   3.2224701e-01   8.9532568e-02  -6.6492953e-02  -1.4233922e-01   1.6030802e-01  -6.6586595e-02  -4.8206457e-01   2.1227066e-01  -1.1983321e-01   0.0000000e+00   1.3084960e-02  -1.6915616e-01  -3.0165971e-01   5.0849938e-02  -2.3751383e-02  -7.3966636e-02   3.3642114e-02  -6.0553307e-02  -1.1388690e-02  -2.7147775e-01   2.8965610e-02  -2.8473094e-01   1.9765669e-02   1.0026563e-02   9.9685249e-02   1.1577325e-01   1.1130520e-02  -3.1511138e-02  -5.1537822e-01   2.0972152e-01  -9.0047955e-02   1.5136633e-01  -8.8823076e-02   4.4749205e-01   2.0732932e-01  -2.9553732e-01  -1.0290485e-01   6.6992224e-01   2.0196891e-01  -2.3344808e-02   1.3744573e-01  -1.4378370e-01   1.0625113e-01   1.1242884e-01  -4.2925558e-02   5.3337548e-01  -3.2757033e-02  -7.5005147e-02   2.1743692e-01   4.8754617e-02  -6.6363769e-03  -1.0241065e-01   3.0156956e-02  -5.5360912e-02  -1.2431840e-01  -2.4695045e-01  -1.2023921e-01   1.2970774e-01   4.1338839e-01  -3.4638700e-02   3.1016679e-02  -8.2325647e-02  -1.0498530e-01  -1.3919724e-01  -3.3005380e-02   4.6385313e-02   4.7706208e-02  -1.6770564e-02  -4.3955698e-02   4.5910123e-01   7.7578590e-03  -4.1147947e-01  -5.4496606e-02   3.3422470e-02   1.2959462e-01   8.6264438e-02   1.0065028e-01   1.1942803e-01   2.4018295e-01   1.1535909e-02  -4.0784819e-04   5.1758547e-02  -2.6752194e-01   5.0932596e-02   7.1137378e-02  -2.4353857e-01   9.1958610e-02  -1.3551555e-01   2.2696456e-01  -6.0832120e-02  -3.3273696e-01   7.8146811e-02  -1.3944287e-01  -9.8258466e-02  -1.0935867e-02  -1.7646056e-02  -3.6885397e-01   4.0888193e-02   1.3866695e-01  -4.3687539e-02   1.5115193e-01  -1.7432756e-01   7.0518259e-02   1.1282576e-01  -1.7192903e-01   5.9949577e-01  -3.7781303e-02   7.6349094e-02  -7.1756900e-02  -1.1439566e-01   2.5567795e-01  -3.9907689e-03  -3.3297924e-03  -6.4392780e-02   5.5559730e-01   1.1403079e-01  -2.9482484e-01  -2.6243279e-01  -2.2944713e-01   2.1338899e-01  -7.6780783e-03   8.0677098e-02  -1.4029343e-01  -1.9049733e-01  -7.8976785e-02  -7.2526737e-02   1.0653433e-02  -1.1617649e-01  -1.1761888e-02   2.8537809e-02  -6.3718828e-02  -1.8943823e-01   1.7033576e-02  -1.3599799e-02   1.0179041e-01  -1.1920928e-02   4.5161538e-02  -6.9731246e-02   3.3138050e-01  -1.0715190e-01  -5.7367517e-02  -4.2254224e-01  -1.1814960e-01  -5.9735263e-02   1.2550393e-01  -3.0104409e-01  -1.8514998e-01  -6.1557423e-02   1.9791000e-01  -6.2771000e-02   2.2102724e-01  -7.2584960e-02  -4.1141325e-03  -1.2728835e-01  -5.1552782e-02   2.3067986e-01   2.0467810e-01  -7.7118250e-02   5.6450026e-02  -2.9522601e-01  -9.0769932e-02  -4.4696230e-01  -1.6121945e-01   1.5809600e-01   4.3613904e-02  -3.3442892e-02   5.7974599e-02  -9.3606189e-02  -1.9164411e-01  -5.5854743e-02  -2.4375436e-02  -2.2476295e-01  -3.7850495e-02   9.3250901e-02
   5.4745832e-01  -3.1937077e-01   3.2106758e-02  -1.1311639e-01  -4.9515927e-01   3.0810952e-01  -7.6321585e-02  -2.5531443e-01  -5.5649058e-01  -1.0758280e-01  -4.5925025e-02  -3.0328603e-01   1.3084960e-02   0.0000000e+00   2.1108752e-01  -9.9348277e-02  -1.2180268e-01   2.8450072e-02   1.1220696e-01  -2.0152261e-01  -4.1338321e-01  -1.3800467e-01   6.7580029e-02   5.7973516e-01  -8.1228001e-02  -1.3301594e-01  -3.3878831e-01   5.9779002e-01  -1.6752477e-01   7.9390668e-02  -2.0627353e-01  -1.4998281e-02  -6.0384466e-02  -3.1294251e-01   9.1038643e-02  -4.3614836e-01  -1.3901787e-01   2.1255225e-01  -1.8755310e-01  -2.8013205e-01  -1.3768336e-01   1.3837448e-01  -3.7102251e-01   3.7273673e-01  -4.3436934e-01   4.7882663e-01  -5.2279857e-02  -1.7650248e-01  -1.2623205e-01  -1.5157075e-01   1.4201782e-01  -2.9446844e-01  -3.3839976e-01  -2.9197519e-02   2.8110954e-01   3.9335904e-01   9.5603379e-02  -2.7968188e-01  -2.1621403e-01  -1.8341615e-01   1.5555795e-01  -4.1962897e-02  -3.2933510e-01   2.3199342e-02  -4.0221989e-01  -4.0093140e-01  -1.4375299e-01  -2.5545022e-01  -1.0282225e-01   4.9885612e-01  -4.3546047e-01   6.9992673e-02  -2.3176124e-01   5.3837073e-01  -1.0423532e-01  -1.2847166e-01   2.1602467e-01   6.5216421e-03  -5.4427198e-01  -2.3252614e-01   4.5116654e-01  -3.0542162e-01  -1.3873595e-01  -3.3517358e-02   4.6107294e-01   3.2910734e-01  -2.4760352e-01   5.3211671e-01  -1.2002641e-01   5.4189178e-01  -5.7266870e-01   1.7080744e-02  -2.6701027e-01  -1.4759684e-01   3.5406109e-01  -3.4077394e-01   1.1901789e-01  -2.4389501e-01  -2.5241617e-01  -1.8837005e-01   5.0656634e-01   4.4858819e-01   3.2043000e-01  -1.5100816e-01   7.7193938e-02  -2.6567955e-01   8.0231299e-02  -3.1646245e-01  -1.1924660e-01  -1.1979320e-01  -5.3417171e-02   1.2982749e-01   5.5017428e-02   3.5578997e-01   2.9430277e-01  -6.1516898e-01  -1.7194151e-01  -9.7233523e-02   6.4700740e-01   3.3051918e-02   5.2082376e-01  -4.8837731e-01  -9.2515459e-02  -4.5697845e-01   4.4690377e-01   5.8445089e-01  -5.1840081e-02  -1.4771455e-01  -2.4299439e-01   2.9607104e-01  -1.6843338e-01  -4.3545049e-01   1.3739760e-01   5.9508152e-02  -8.2903370e-02  -2.3894227e-01  -6.9377864e-02   4.8509713e-01  -1.5453923e-01   1.5632217e-01   6.1220293e-01  -6.2743611e-02  -1.0398042e-01   6.1155228e-01  -1.0426019e-01  -2.3949350e-01  -5.1322444e-01  -4.2225570e-01  -2.1632968e-01  -1.6072125e-01   5.3019417e-01   1.4146799e-01   4.5680944e-01  -3.7059076e-01  -2.2465034e-01   2.4114562e-01   3.5716077e-01  -6.8417926e-02   5.1396816e-02   2.3949835e-01  -1.3769651e-01  -1.3810048e-01  -1.2970444e-01  -1.3005395e-01  -1.7594701e-01  -5.4802576e-01  -2.5583330e-01   2.6164509e-01   5.5630442e-01  -4.5040090e-01  -5.0200548e-01   3.2786678e-01  -4.2112946e-01   6.4988121e-01   4.8750967e-03  -1.4074199e-01  -3.6118316e-01
