   0.0000000e+00  -1.0161830e-01   9.1859837e-02  -3.1747909e-01  -4.1429543e-01  -2.5826558e-01  -2.2987648e-01  -6.3174935e-02   3.6268834e-02   1.1215740e-01  -5.2895422e-02  -1.2608497e-01  -1.8714328e-01   4.2294522e-01  -1.3431791e-01  -5.6929005e-02   1.1439276e-01  -1.0582773e-01   5.9566132e-02  -3.8496410e-01   1.0396610e-02   6.7145704e-02  -3.8870325e-02   7.1929179e-01  -5.1817190e-02   1.3320437e-01  -1.8218932e-01  -4.8834390e-02  -1.8529191e-01  -7.8855365e-02  -3.2977058e-01  -9.2848019e-03  -3.8359815e-02  -2.4287269e-01   1.4248615e-01  -2.2106074e-01  -1.4768884e-01   3.3022308e-01  -2.7924337e-01  -2.9257780e-01  -3.1083182e-01   1.9172624e-01  -2.1694572e-01   6.5482445e-02  -1.2283981e-02   1.8987490e-01   7.8079037e-03  -3.9037951e-01  -1.8412921e-01  -2.6446242e-02   1.2965819e-01   9.5930084e-02  -3.1654490e-01  -1.4551441e-01   1.7653823e-01  -3.5506055e-05   1.4409141e-01  -1.4666230e-01  -2.8134411e-01   1.6779620e-01   9.1912180e-02   4.3773091e-02  -1.0656623e-01  -1.4245731e-01  -1.6215386e-01   1.8384818e-01  -2.2345459e-01   2.5333659e-02  -7.6793912e-02   1.2749309e-02  -2.2183773e-01  -1.6315706e-02  -3.1015279e-01   4.3728781e-01  -2.0625031e-01  -1.4569565e-01  -1.0057754e-02  -8.5289447e-02  -4.6233069e-01  -2.9551022e-01   1.5344167e-02  -8.8445542e-02  -3.7329206e-01   6.9991272e-02   2.6292512e-01  -1.2362987e-01  -3.7806987e-01   3.4476779e-01   1.4277792e-01   6.1272660e-01  -1.3014896e-01   1.0448100e-01  -2.2369340e-01   1.7699518e-01   3.5228939e-01  -3.8521262e-01  -1.2047395e-01   7.6766337e-02  -1.7555818e-01   2.3896395e-01   3.6488112e-01  -1.2303711e-01  -1.3335318e-01   1.1022360e-01   7.3941531e-02  -1.2142391e-01  -3.0974533e-01  -1.3058007e-01   1.8239139e-01  -2.4097532e-01  -2.4911402e-01   9.8020933e-03  -1.5939387e-01   5.5900104e-01  -1.5528618e-03  -1.6648257e-01   1.5224828e-01  -8.0163685e-02   5.7082874e-02  -3.5603294e-01   1.8225714e-01  -1.9127321e-01   2.9266642e-01  -2.2565579e-01   1.6695526e-01   5.9551451e-01   1.3503499e-01  -3.5166040e-01   3.2630975e-02  -3.9685549e-02  -1.8557214e-01  -3.8277041e-01   5.8086225e-01  -3.5478044e-01   5.0226812e-02  -7.7517220e-02  -2.2756141e-01  -1.7835062e-01   7.1407245e-02   6.3847106e-01   5.7507802e-01  -1.3323283e-01   6.1898980e-02  -3.6924296e-03  -2.8426399e-02   1.8614079e-02  -2.6521584e-01  -4.2598479e-02  -1.8855832e-02  -2.7801065e-01   1.5429382e-01  -6.1657413e-02   1.0164409e-01  -2.2828520e-01  -2.5162511e-01   5.8941532e-01   4.6611139e-01  -2.7376494e-01   1.6334273e-01  -7.2787821e-02   7.6342206e-02   6.6358253e-02  -1.8113600e-01   1.0984015e-01  -2.3217790e-01  -3.3160520e-01   2.5871903e-02  -2.8150532e-04   1.6902490e-01  -4.0848306e-01  -1.3593013e-01   2.0479316e-01  -1.1647435e-01   5.9469674e-02   4.1802757e-03  -3.1635181e-01  -4.8377472e-02
  -1.0161830e-01   0.0000000e+00   3.2059404e-01  -1.6871104e-01   3.0472791e-02   1.2010382e-01   1.7120062e-01  -2.4327414e-01   4.8823784e-01  -1.9741822e-01  -4.3532375e-01   6.0358603e-01   5.7628327e-02  -1.5611094e-01   2.1738513e-01  -8.1617390e-02   3.6448123e-01  -3.8053642e-01  -1.5457479e-01  -2.9947581e-03  -2.4364388e-01  -4.9913167e-02  -3.5682738e-01   1.4328661e-01   1.0479900e-01  -1.0076823e-01   1.0231071e-01  -4.6087655e-01  -1.5152204e-02   3.7975908e-01   6.6585770e-02  -1.2817380e-01   1.0930351e-03   2.1992222e-01   1.6633298e-01  -1.0371924e-01  -1.2299353e-01  -2.0559666e-01   6.9089317e-02   4.7147171e-01   8.3857965e-02  -1.5053260e-02   2.1516657e-01  -4.7934693e-01  -1.5578275e-02  -3.3021497e-01  -3.9620854e-01   2.7749373e-01   1.5975775e-01   4.8657456e-01  -4.0159288e-01  -6.0275085e-03   5.4268894e-01  -1.5511427e-01  -1.6450448e-01  -3.9021709e-01  -4.7836203e-02  -3.5449835e-02  -1.1935759e-01   1.4696411e-01  -2.7143754e-01   1.5407788e-02   2.4394462e-01  -6.7217765e-02   2.6613792e-01  -2.7889131e-01   2.4260031e-02  -2.1406332e-02  -1.4698875e-01  -6.0511656e-02   6.9700583e-01  -3.5870224e-01   1.3257124e-01  -1.5235290e-01  -5.2568068e-02  -7.7773190e-02  -3.0870590e-01  -5.7708005e-02   1.8350907e-01   1.6226229e-01  -2.6327787e-01   5.5861103e-02   1.3549482e-01  -2.9780304e-01  -6.6356085e-01  -2.7334509e-01   2.4309031e-01   2.5952677e-01   2.6234823e-01  -4.4335609e-01   1.7795546e-01  -2.4177539e-01   4.2716115e-01   2.0223078e-01  -3.6622633e-01   2.6598151e-01  -3.1432915e-02  -1.0735098e-02   7.7245714e-02  -1.3124144e-01  -4.0877538e-01  -6.3077263e-02  -2.7102899e-01   6.2619383e-01  -3.0974462e-01  -1.3984930e-01   2.9437578e-02  -8.5368485e-02  -1.1162321e-02  -8.6349275e-02  -9.5257764e-02  -2.5071048e-01  -1.3246478e-01  -1.5963189e-01  -5.5641101e-01   5.2493771e-01  -1.2377711e-01   4.3396033e-02  -8.4713869e-02  -1.5077612e-01  -3.3950419e-01  -3.4472242e-02   2.8746360e-01   5.2550376e-02  -3.4098509e-01  -5.9320175e-02  -3.0342220e-01   6.3847198e-02  -1.3514504e-01   3.4127288e-01   2.4270731e-01  -9.7875824e-02   1.2366398e-01   5.6436369e-02   5.4017971e-02  -2.6298438e-01   9.3999655e-02  -4.5417397e-02  -9.8726030e-02   4.4342588e-02  -1.3276755e-01   1.4253598e-01  -2.3407670e-01   2.4574175e-01  -1.6926391e-01  -2.7207633e-01   4.1830514e-01  -9.3596238e-02  -6.2560571e-02   2.9387651e-01  -5.5432218e-01  -3.0494145e-01  -4.4426270e-01  -1.1411550e-01   7.4763072e-01   1.1323832e-01  -3.3670067e-01   6.9542538e-02  -2.2058128e-01  -2.2708771e-01   9.0306411e-02  -2.4415552e-01   9.5867481e-03  -4.8450978e-01  -7.6025745e-02   3.3527416e-01  -3.4582192e-01  -4.8016083e-01  -4.8458371e-01   5.1966813e-01   4.4188100e-01  -2.8766386e-01  -2.8562104e-01   1.4336211e-03  -9.5690002e-03  -1.9686708e-02  -8.5078295e-02
   9.1859837e-02   3.2059404e-01   0.0000000e+00   7.1318443e-02   2.0000708e-02  -8.2715461e-03  -1.1304880e-03  -2.1843631e-01   2.5207723e-01  -5.4897665e-02  -9.9798376e-02   4.2717223e-01   1.5852147e-01  -9.7282148e-02   1.8133568e-01   1.4648498e-01   7.1432358e-01  -5.0511871e-02  -4.7086885e-02   1.1279892e-01  -1.1735273e-01  -6.3083132e-02  -1.4430183e-01   2.4956848e-01   1.4223262e-01   7.5716124e-02   2.1947107e-01  -2.0940369e-01  -2.0339365e-02   2.8717786e-01  -2.5370939e-01  -8.0982514e-02   1.6820602e-01   7.9762457e-02   1.9787156e-01   4.3259320e-02  -9.6099838e-02  -1.6024351e-01   8.8295856e-02   1.9708668e-01   2.3255139e-01   3.2683482e-01   2.6485682e-01  -3.1177635e-01   1.6839028e-02   1.2171660e-01  -8.7158977e-03   8.4144913e-02  -1.0859546e-01   4.7002840e-01   7.4321509e-03   3.3930619e-02   1.2503861e-01   2.3375851e-01   5.2792409e-02   1.1950033e-02   4.6334608e-02   3.6219154e-02   3.1793149e-02   3.7804388e-01   2.9485785e-01  -3.6037561e-02   1.1872590e-01  -2.7641104e-01  -1.4040522e-01  -1.4127200e-01   9.6895396e-02   5.0929443e-02  -3.5696127e-02   3.9198698e-01   8.9220330e-02  -1.7326637e-02   1.0831176e-01   1.9304830e-01   1.5896032e-01   5.9328093e-03   1.7139053e-01   3.1437854e-02  -3.6250822e-02   1.1377712e-01  -1.3975259e-01   1.2816468e-01  -2.1530797e-01  -2.7840941e-01  -2.3611012e-01   3.3513361e-02  -2.1463450e-01   1.0616913e-01   1.6930708e-01  -8.6214532e-02  -2.4901197e-01   2.8981440e-01   1.8712232e-01   3.4484494e-01  -4.5986421e-02   1.8157681e-01   4.4194060e-02  -7.7847384e-02   1.8462947e-01   2.4193178e-03   2.5490936e-02  -4.2155023e-02  -3.1121243e-01   3.2551810e-01   2.8738367e-02  -1.5711151e-01   2.4913253e-02  -1.3492277e-03  -9.2472689e-02  -1.3541466e-02  -4.5942521e-02  -5.6642934e-02   5.9936938e-02  -3.2833110e-02  -1.3536782e-01   5.7452066e-02   1.3624157e-01   1.8612783e-01   3.6372627e-03   1.0744213e-02   1.9731511e-01  -1.3457382e-01   2.1984813e-01  -2.5571833e-01   8.5523027e-02  -5.1068062e-03  -1.1033078e-01   1.4302089e-01  -1.6851803e-02   6.3349423e-01   9.2628530e-02  -1.6270243e-01   1.2047842e-01  -2.0823189e-01   1.9311199e-01  -1.2626346e-01   1.5629700e-01  -4.2792489e-01  -1.0246952e-01   7.1666098e-03   1.6750116e-01   3.4333556e-02  -2.5126231e-03   7.7490265e-02  -2.3103813e-01  -9.6515060e-02   1.7215729e-01   8.3701109e-03   5.1563844e-02   1.6073427e-01  -9.5018959e-02  -3.3652795e-01   2.3706914e-01  -1.1444881e-01   3.3633802e-01   2.7863446e-02   1.2928216e-01   7.5132068e-02   2.7765166e-01  -3.1678577e-01   1.3330620e-01  -1.0553922e-01  -6.8098327e-02  -1.9956313e-01   6.0909112e-02  -7.0100550e-03  -9.1154290e-02  -2.1545251e-01   2.4744851e-01  -6.2756717e-03   1.0854689e-01  -8.1938039e-02  -1.7133617e-01   2.4403727e-01   8.8072199e-02   7.6097075e-03  -2.8422044e-02
  -3.1747909e-01  -1.6871104e-01   7.1318443e-02   0.0000000e+00   1.8230735e-01   1.7786328e-01  -1.0048184e-01   4.3377955e-02  -2.1358988e-02  -1.5137149e-01   1.5892466e-01  -1.5631463e-02   2.4242389e-01  -6.2696261e-02  -5.1098582e-02   1.5379566e-01  -4.9172664e-03   2.6020154e-01   1.6745676e-01   2.0211874e-01   5.8024130e-02   2.7129983e-01   5.5696765e-02  -3.6264525e-01   1.8701329e-01   4.2213104e-02   1.9471609e-01   1.4509654e-01   2.6684984e-01   4.2921602e-03   4.6248115e-02   1.7712696e-01   1.6550539e-01  -1.1453733e-01  -4.7080481e-02   2.5176800e-01  -4.0166633e-02  -1.3043532e-01   1.8817974e-01  -1.2824816e-01   3.5062656e-01  -3.5592736e-03   1.0005390e-01   2.2429180e-01  -2.8095504e-02  -9.1068550e-02   3.3506520e-01  -3.4286250e-02  -1.7688475e-01  -1.8361039e-01   3.0681922e-01  -6.6394776e-02  -1.8593844e-01   4.4018262e-01   2.0204211e-01   1.1417462e-01   1.2743700e-01   4.0515535e-01   4.6274388e-01   3.1239493e-03   9.4483911e-03  -1.3021988e-01   1.4020583e-01  -1.1589877e-02   2.5032109e-02  -2.0301889e-01   2.4016455e-01  -1.0092230e-01   2.7481458e-01  -9.0823693e-02  -1.8650682e-01   5.3775124e-01   1.4157799e-01   1.6578595e-02   1.9081379e-01   3.9037416e-01  -3.8220863e-02   3.3169141e-02  -6.9185632e-02   1.6976786e-01   8.2723337e-02   9.3430738e-02  -2.2247791e-02   7.4935291e-02   6.2091617e-02   2.0946013e-01   1.0989962e-01  -1.4342469e-01  -1.3532965e-01  -1.0961586e-01  -2.9068256e-01   1.4911834e-02  -1.4618091e-01   3.2795179e-02  -7.9810913e-02   1.1255874e-01   1.2586550e-01   8.2219205e-02   5.9955550e-02  -2.1411746e-01  -1.1739581e-01  -5.7347321e-02   3.1165969e-01  -1.3427536e-01   3.3551945e-01   4.3087172e-01   4.5109079e-01   2.0783862e-01  -1.4170762e-01   1.4289169e-01   1.0598328e-02   3.5556801e-01   5.3293963e-01  -6.5937260e-02   1.6958511e-01  -3.0700119e-01   3.5872765e-02  -3.7267072e-02  -1.2162767e-01   5.9078692e-01  -9.8474295e-02  -1.4559281e-01  -8.1544328e-02   4.1701256e-02  -1.3180107e-01  -2.5970769e-01   2.2098760e-02   4.9183339e-01   5.0459084e-01  -7.9813644e-02   2.2994596e-02   9.1677913e-03  -2.8301618e-01   1.1844373e-02   3.7696115e-01   1.8568326e-01   5.0180437e-02   4.5459410e-02  -3.5689328e-02  -2.1752945e-01  -1.6455447e-01   1.1685928e-01   1.4359794e-01  -1.9683900e-01   8.9152386e-04   1.9216035e-01  -5.6729284e-03  -8.4081177e-02   4.0954691e-02  -4.7626120e-02  -9.9937859e-03   5.5678252e-02   1.8332871e-01   8.8305461e-02  -2.2187167e-01  -1.2601055e-01  -2.2538176e-01   2.1746781e-01   2.7841739e-03   2.7608858e-02  -5.3380262e-02   3.6348526e-02  -1.0593272e-01   5.3405198e-01   4.0531273e-01  -1.7016646e-01   6.8616598e-02   2.2424420e-01   2.1237157e-01  -2.3059409e-01  -3.0754301e-01  -9.6484042e-02   2.6512092e-01   1.9538087e-02  -1.3063950e-01   4.3740694e-01   2.7745518e-01
  -4.1429543e-01   3.0472791e-02   2.0000708e-02   1.8230735e-01   0.0000000e+00   1.7837734e-02   4.4501751e-02   1.5699028e-02  -7.2474229e-02   3.0090103e-02   2.6016515e-01   3.3143117e-02   3.9387815e-01  -3.5865445e-01   1.1028683e-01   2.4801398e-01   8.0944953e-02   4.2423677e-01  -6.5260679e-02   7.7174414e-01   4.5381250e-02  -3.4861833e-01  -5.3381626e-02  -4.2095460e-01   1.0213139e-01  -2.8871568e-01   4.1378818e-01   1.7273258e-01  -1.0483068e-01   3.1241512e-02   2.8760712e-01  -2.2440818e-01   5.3522860e-02   1.0208707e-01  -2.6642257e-01   7.0283951e-01   1.8828297e-01  -2.4543278e-02   4.7637946e-01   2.5044628e-01   4.8491476e-01  -1.7215793e-01   3.9045347e-02  -2.0843951e-01  -1.3381853e-01  -7.7435525e-02   2.3766488e-01   3.4531392e-01   9.2629309e-02   2.5024468e-01   1.6572708e-01  -2.7336168e-01   3.8955944e-01   1.0416397e-01  -2.5500735e-01  -1.5654495e-01  -2.4119789e-01  -1.7259665e-01   2.5160844e-01  -2.7666577e-01  -3.7648507e-02   9.7666127e-02   1.8635752e-01  -2.3977138e-02   1.0264874e-01   4.7305648e-02   1.1496018e-01   8.6243129e-02  -1.4706609e-01  -2.7685837e-02   1.4146906e-01   1.1540369e-01   3.1546323e-01  -3.1183449e-01   4.8793150e-02  -1.7178357e-01   6.0451572e-02  -6.5640603e-02   7.0225904e-01   1.0485429e-01  -2.3570907e-01   8.2241281e-02   1.0692128e-01  -2.8313656e-01  -1.6969437e-01  -8.9799111e-02   3.7272186e-02  -1.5039425e-01  -2.9893989e-01  -9.9297265e-02   4.2079644e-01  -1.6435751e-01   1.9857474e-01  -2.6182723e-01  -1.4774924e-01   7.3904072e-01   2.0741106e-01  -1.9091220e-01   4.3494044e-01  -2.9077989e-01  -1.7356228e-01  -4.4785975e-02  -1.0534704e-01  -3.0078837e-01  -2.7377031e-01  -1.3345352e-01   1.9212117e-01  -9.6617021e-02  -3.1134274e-01   5.2747735e-01   2.2037654e-01  -1.3062148e-01   6.8283376e-02  -1.0073553e-01   3.2995974e-02   3.0908260e-01  -3.1392859e-01   2.3630267e-01  -1.1842092e-01   1.7640997e-01  -1.6386363e-01   5.9585792e-01  -3.1348061e-01   2.0925406e-01  -7.5080128e-02  -5.3589866e-01  -1.3228508e-01   2.1250650e-01  -1.8923992e-01   1.5136291e-01   4.8760854e-01   4.4419450e-01  -4.2361148e-01   1.0920846e-01  -1.7316731e-01  -7.2174885e-02   1.4360958e-01   1.4675455e-01  -3.1835864e-01  -3.8643634e-01  -4.4199528e-01   2.9479264e-01  -2.5161758e-01  -1.5726602e-01  -9.2527816e-02  -3.4276927e-01   7.0620340e-02   4.4564138e-01   2.2036219e-01   4.4679120e-01   2.1529319e-03  -1.5136198e-01  -2.0933626e-01   4.0175314e-01   2.1426083e-01  -4.8351150e-02  -3.2476088e-01   3.0164939e-01  -8.5042826e-02  -2.8980104e-01  -2.6607280e-01  -3.1847012e-01   5.4043652e-01  -9.9521753e-02  -1.2679534e-01   2.3597408e-01   2.7748600e-01  -1.5331066e-02  -1.6182969e-01   3.5376670e-01  -3.2165116e-02   2.8610043e-02   3.4883569e-01  -3.6758739e-02  -2.7821578e-01   3.2063283e-01  -2.3641455e-01
  -2.5826558e-01   1.2010382e-01  -8.2715461e-03   1.7786328e-01   1.7837734e-02   0.0000000e+00   2.8560326e-01   6.8056447e-02  -2.9513763e-01   8.7975627e-02  -2.0282500e-01   1.4886960e-01  -2.5497318e-02  -3.0385511e-02   1.0826572e-01   2.9189453e-02  -9.7804180e-02  -2.4239541e-01   2.4547217e-01   2.9729772e-01  -2.3543212e-01   9.1762430e-02  -1.0036386e-01  -2.0878195e-01   1.5203582e-01   2.0702209e-01   3.5062646e-01  -3.5009788e-02   2.0300911e-01  -2.1118561e-01   1.5240408e-02   1.7380842e-01   6.5525627e-02   2.7131752e-01  -1.0213624e-02  -4.5272372e-02   2.3456542e-01  -1.5027614e-01  -4.1572617e-02   5.5630708e-01   4.7773652e-02   5.6830296e-02  -5.1004523e-02  -6.4961634e-02  -8.3130160e-02  -3.6526733e-01  -2.0183387e-01   2.1236679e-01   1.7964173e-01  -3.6536222e-03  -5.9364235e-02   2.4482897e-02   5.1083474e-02   1.3121828e-01  -2.2245665e-02  -1.2494082e-01   3.3984872e-01   3.8715663e-02   9.6189880e-02  -5.7034007e-02  -2.4868843e-01   1.0629360e-01  -3.0092381e-01   5.0523222e-02  -1.0166387e-01  -1.8576626e-01   4.8766215e-01  -7.5916669e-02   1.6403542e-01  -1.7553155e-01   2.1608735e-01  -9.2987451e-02  -2.8557263e-02  -2.9712683e-03   2.5546302e-02   1.9107270e-01  -2.7396140e-01   5.4750415e-02  -3.4587921e-02   2.4854362e-01   1.3005611e-02  -2.6378824e-02   1.6759386e-01   8.6536613e-02  -7.2878175e-02   1.0480007e-02   3.4119295e-01  -3.0007340e-02   6.8822703e-02  -8.1908002e-02  -1.0190153e-01  -3.2347597e-01   2.5799543e-01  -7.2792101e-02  -2.5665957e-01   8.6294018e-02   1.6280868e-01   3.9411331e-01   8.6624759e-02   4.3375953e-03  -2.4209948e-01  -1.1316252e-01   1.2021886e-01   6.1035421e-02   6.8820697e-02   3.1213636e-01   1.9578530e-01   4.0056804e-01  -3.0404793e-03  -3.2838443e-01   7.2345888e-02  -3.3599089e-03  -5.0266122e-02   8.0700946e-03  -6.7236885e-02  -1.2931932e-01  -5.9554317e-02  -7.8489236e-02  -2.6540340e-01   1.7780107e-01  -1.8280923e-01  -4.6308842e-02  -1.0740184e-01  -1.7040288e-01  -3.2553577e-01  -9.2451891e-02  -1.2902495e-02   2.4613951e-01  -1.2979002e-01  -1.4455186e-01   1.3222038e-03  -2.0004762e-02  -6.3580295e-02   8.0397126e-02  -1.8700657e-01   1.2286039e-01   2.2492335e-01   1.6427388e-01   9.5618917e-02  -1.9743176e-02  -2.0386061e-01   7.6910993e-02  -2.4486867e-02   2.7143266e-02   1.0366298e-02  -2.9948182e-02   3.0475954e-01  -3.9481791e-01  -1.6227392e-01   3.4021958e-02  -1.4143150e-01   2.8679137e-02  -1.7525987e-01  -1.0917787e-02   2.7210207e-01  -4.6152005e-02  -3.2124212e-01   3.6060179e-02  -3.8904088e-01  -2.6375772e-02  -8.2477496e-02   9.0255540e-02  -1.6698982e-01   6.7155853e-02   2.3208504e-01   2.9321658e-01  -1.3358843e-01  -1.7962481e-01  -1.6348790e-01   1.1467065e-01   2.0341650e-01  -2.8511134e-01  -2.2167426e-01   1.6763195e-01   1.8741095e-01   1.6451181e-01   1.0136258e-01
  -2.2987648e-01   1.7120062e-01  -1.1304880e-03  -1.0048184e-01   4.4501751e-02   2.8560326e-01   0.0000000e+00  -3.4817546e-01  -8.7214590e-02   1.1044164e-01  -2.1093430e-01   4.3075891e-01   1.4551233e-01   4.8972699e-02   6.8110060e-01   1.2033193e-02  -2.3316045e-01  -2.3469714e-01  -1.9303334e-01   2.9879719e-01   4.3773704e-02  -5.1640245e-01   6.5142626e-02  -2.2095265e-01  -2.2410968e-01  -2.7780318e-01   1.6574558e-01  -6.9601258e-02   1.4818180e-01   1.1110410e-02   3.6808413e-01  -1.2239180e-01  -1.5935038e-01   8.3061759e-01   1.2270518e-01   2.6286405e-01  -5.5046486e-02  -1.6525126e-01   7.4858355e-02   3.1623298e-01   6.0517783e-02  -1.5147417e-01   3.2145853e-01  -4.1578736e-01  -1.3511665e-01  -2.9215513e-01  -2.0882455e-01   6.8497675e-01   3.9704219e-03  -5.3494864e-02  -1.2411750e-01  -3.6706352e-01   4.9302556e-01  -1.1603058e-01  -2.7717055e-01  -2.0731887e-01  -2.1821703e-01  -2.9393110e-01  -8.2557225e-02  -1.0585814e-01  -3.0298255e-01   1.8042529e-01  -2.4442876e-01   1.5352947e-02  -2.1685131e-01   1.5829137e-01  -4.6317601e-02   1.4911511e-02  -2.9422160e-01  -4.3090162e-02   4.0585451e-01  -4.0573603e-01   4.2452466e-02  -2.1386964e-01  -2.7406922e-02  -8.8664212e-02  -1.9762691e-01  -2.9354069e-01   2.2968756e-01   3.1787567e-02  -1.0189562e-01   1.2617424e-01   2.4266070e-01  -3.2768902e-01  -3.2174139e-01  -1.5860861e-01   3.0875529e-01   1.5219997e-01   1.4104594e-02  -2.2233259e-01  -1.4339033e-01  -2.9415083e-01   5.2029235e-01  -1.1751519e-01  -2.4850665e-01  -3.2244765e-02  -6.5647897e-02  -8.5620245e-02  -2.5958371e-03   3.1577766e-02  -3.1010919e-01   3.6766202e-01  -2.2431599e-01   7.2499980e-03  -2.4283392e-01  -2.6039541e-01  -8.1479847e-02  -1.8638980e-01  -1.2921020e-01  -3.4242526e-02   4.6156359e-01  -1.9420777e-01  -2.9346837e-01  -4.1834576e-02  -1.9768708e-01   1.8583520e-02  -3.5122755e-01   2.0254529e-01  -5.5333541e-02  -1.7726404e-01  -2.2300892e-01   3.7876572e-02  -4.1291396e-02  -5.8904160e-02  -2.9404732e-01  -2.1824783e-01   1.0476750e-01  -2.2848098e-01  -4.6839222e-01  -1.3209975e-02   1.6674248e-01   5.6659962e-01  -3.0701378e-01   3.5961595e-01  -4.4978140e-01  -3.4984023e-01  -1.0401379e-01   3.6501505e-01  -1.9402023e-01  -8.5910092e-02  -2.1952831e-01   1.0436387e-01  -1.9439881e-01   2.1869789e-01   4.5455578e-01  -2.8109960e-01   7.0699527e-01  -2.5099534e-01   1.3792282e-02   2.3268673e-01  -3.1954143e-01  -6.9825555e-02  -3.7049820e-01   1.0776016e-01   4.0629230e-01  -3.5849415e-02  -3.3748767e-01   2.2758264e-01  -3.4238632e-01   2.1415495e-02  -1.2194419e-01  -1.6506665e-01   1.6262659e-01  -3.5825061e-01  -2.9983204e-01   5.5778630e-01   2.3172625e-02  -4.0864977e-01  -3.0061680e-01   1.8767771e-01   2.6585172e-01  -2.2706853e-01  -2.1956421e-01  -2.5659469e-01  -4.5614174e-02  -1.7173811e-01  -3.9796688e-01
  -6.3174935e-02  -2.4327414e-01  -2.1843631e-01   4.3377955e-02   1.5699028e-02   6.8056447e-02  -3.4817546e-01   0.0000000e+00  -1.3238799e-01  -2.1275407e-01   1.7725066e-01  -4.7843386e-01  -9.7024902e-02  -1.0676790e-01  -2.5893282e-01  -1.8429588e-02  -3.1269430e-03   1.7621547e-01   4.5832497e-01  -1.0987070e-01   5.9818230e-02   2.3197183e-01   9.4814877e-03   1.4873881e-02   1.5362258e-01   3.4964991e-01  -2.1983369e-01   3.3977618e-01   4.2396612e-02  -3.3534952e-01  -1.2383617e-02   1.5982519e-01   4.7140948e-02  -2.6914597e-01  -1.9177059e-01  -1.5691038e-01   2.1166773e-01   6.1055445e-02  -1.4400682e-02  -9.2065644e-02  -2.2672793e-02  -1.4177030e-01  -4.0351206e-01   7.0432404e-01  -5.2659273e-02   3.3024639e-01   2.0212203e-02  -1.7953994e-01   1.6085861e-01  -1.8593560e-01   6.3830932e-03   3.8218311e-01  -2.3951237e-01  -1.2338657e-01   5.0979964e-02   2.3249239e-01   3.3906685e-01   1.6277532e-01   1.5120327e-01  -2.5184653e-01   2.7779488e-01  -4.7782928e-02  -4.2730925e-02   4.6435404e-01   3.4517580e-02  -2.5655086e-01   2.1284032e-01  -2.0894681e-01   3.2187307e-01  -1.6757759e-02  -2.7798762e-01  -8.1547470e-02  -9.4713071e-02  -2.5112174e-01  -2.3177669e-02   2.5351626e-01   2.2578401e-01   5.6445432e-01  -1.7333530e-01   5.7632789e-02   4.7181790e-01  -2.0965813e-01   2.5339932e-01   7.2283131e-01   3.8071927e-01   2.0229033e-01   3.4571639e-02  -4.1201349e-01  -1.9923071e-01   6.3992719e-03   9.2934870e-02   1.3179738e-01  -3.0042967e-01  -1.0349071e-01   1.2054858e-01  -2.0291859e-02   4.8696079e-02   4.4465448e-01  -1.5390596e-02  -1.3460443e-01  -3.5816594e-03   4.1213525e-02   5.1806253e-01  -1.9306609e-01   1.8789212e-01   3.9350038e-01  -7.7774204e-02   5.0576701e-01  -5.7303666e-02  -8.9168344e-02  -2.6673418e-01   5.5503114e-02  -5.2936289e-02  -1.3998818e-01   1.4372648e-01  -5.0268497e-02   1.9734547e-01  -2.2906349e-01  -1.4822842e-01   1.6259983e-01   2.5466447e-01  -2.5918097e-02  -1.5148509e-01   1.6102799e-01   3.1223740e-01   1.5256808e-01  -7.3862481e-02   1.3685580e-01   2.0744283e-01  -1.0941704e-01  -9.6780517e-02  -8.2128717e-02   6.6141297e-02  -2.2140064e-02  -9.5282766e-02   8.3081617e-01   6.4995422e-02   1.2144049e-01   3.7442128e-01  -2.9481972e-01  -1.1760509e-01  -8.8045540e-02   2.0793566e-01  -3.2680358e-01  -1.2890920e-01   3.0749566e-01  -3.5491113e-01   1.2927349e-01  -2.8454442e-01  -1.3552221e-01   4.3418686e-01   7.2045383e-01   1.0438865e-01   1.5241237e-01  -3.0764979e-01  -2.9790879e-01   1.3227245e-01  -8.1900903e-02   2.1880237e-01   4.4029443e-01  -1.8662815e-01   5.0982071e-01  -1.3259490e-01   2.1737563e-01   2.3077387e-01  -1.3633358e-01  -2.9416470e-02   6.1379675e-01   1.0263295e-01   3.1365979e-02  -2.8037041e-01   8.7005950e-02  -4.0313231e-02   6.2100757e-03   1.5974920e-02   6.3148134e-02   3.7171722e-01
   3.6268834e-02   4.8823784e-01   2.5207723e-01  -2.1358988e-02  -7.2474229e-02  -2.9513763e-01  -8.7214590e-02  -1.3238799e-01   0.0000000e+00  -2.9470686e-01  -3.6845560e-01   2.7221631e-01   1.5694181e-01  -4.7334632e-02  -9.2571061e-02  -5.5218658e-02   1.8605745e-01  -1.7938784e-01  -8.2607570e-02  -1.3396750e-01   3.2309662e-02   1.9958243e-01  -2.3732383e-01   2.5985208e-01   2.9292464e-01  -1.2050101e-01  -1.1002876e-01  -4.7446448e-01   1.3822440e-01   5.3873394e-01  -6.4421904e-02   1.1644498e-02   2.8566384e-01  -6.1705609e-02   2.2694971e-01  -2.2833665e-01  -1.4208527e-01  -5.8519033e-03   1.0865896e-01   8.8196626e-02   8.5200402e-02   6.2131244e-02   3.8486656e-01  -1.8503597e-01   7.7989240e-02   3.8970848e-02  -2.2881957e-01   6.5211045e-02  -2.2119722e-03   4.1509272e-02  -3.3396278e-01   9.4291888e-02   3.0883450e-01  -7.7369032e-02   2.5625064e-03  -1.0426866e-01  -3.1915108e-02   1.4506786e-01  -8.6125043e-02   2.2567549e-01  -5.8852518e-02  -2.6637581e-01   4.6817706e-01  -1.3427720e-01   3.7575276e-01  -2.1607238e-01  -2.3091845e-01  -2.7258430e-02  -1.1235641e-01   1.0569734e-01   2.3998905e-01  -1.3395755e-01   1.3253005e-01  -1.8920191e-01   2.9485117e-03  -9.5456376e-02  -3.6143672e-02  -1.1441906e-02   7.5721155e-02   9.7540494e-02  -1.7776673e-01   7.7331607e-02  -3.2255757e-02  -1.1506525e-01  -3.3652198e-01  -2.2747849e-01   8.0281122e-02   1.8286663e-02   8.6268994e-02  -3.5383219e-01   2.0828670e-02   8.4271498e-02   5.5729540e-02   5.0013055e-01  -8.7729407e-02   1.3424615e-01  -1.0014602e-01  -3.9744834e-02  -4.3815011e-02  -2.1338187e-01  -2.0087479e-01  -1.5147397e-01  -1.5757400e-01   5.6910681e-01  -1.2347668e-01  -2.4876954e-02  -5.2296439e-02  -1.2572243e-01  -9.2572579e-02   1.8692761e-02  -2.1408468e-01   2.0643098e-02   7.8656495e-02  -1.4173319e-01  -4.6552448e-01   4.0098196e-01   2.1695472e-01  -1.1046142e-03   2.2344712e-01   4.0715566e-02  -1.2526329e-01  -7.7353161e-02   3.2340992e-01   2.7632676e-01  -3.5753070e-02   1.3810141e-01  -2.6253801e-01   1.3884506e-01   2.6244529e-01   3.3628091e-01   8.2456806e-02  -2.0309392e-01   2.5380814e-01  -6.8617390e-02   4.5214442e-01  -2.0400906e-01  -3.9435488e-02  -1.6011721e-01  -1.3748663e-01   4.1871082e-02  -5.3908978e-02  -5.8866686e-02  -1.2071602e-01   6.7429410e-02  -3.5159965e-01  -4.4746797e-02   4.5387640e-03  -5.7218770e-02  -1.0767098e-01   1.4594936e-01  -3.1642706e-01  -1.7350259e-01  -1.8807461e-01  -1.1527540e-01   2.7167033e-01   1.0616399e-01  -1.3677257e-01   1.0321011e-01  -3.0805397e-03  -1.5076328e-01   1.7390722e-01  -2.0298536e-01  -5.1495472e-02  -2.1556901e-01   1.4842466e-01   1.0710685e-01  -2.7928453e-01  -7.7449829e-02  -1.9986069e-01   1.8467408e-01   1.8827972e-01  -1.3946258e-01   1.9590511e-02   1.3250682e-01  -5.4331182e-02   4.3081152e-03   1.0889559e-01
   1.1215740e-01  -1.9741822e-01  -5.4897665e-02  -1.5137149e-01   3.0090103e-02   8.7975627e-02   1.1044164e-01  -2.1275407e-01  -2.9470686e-01   0.0000000e+00   1.1543786e-01   5.9172416e-02  -4.6606776e-01   3.7541403e-02   1.0985494e-01  -3.2407002e-01  -2.0070181e-01   1.2725379e-01  -1.4125589e-01   1.4077204e-01   1.2723141e-01  -9.4938419e-02   2.7521252e-01  -1.3745744e-02  -2.6109023e-01  -6.5082247e-02   1.4513043e-01  -1.3598107e-01  -1.5404095e-01  -4.3472927e-02  -1.6228348e-01  -3.1613763e-01  -5.9297379e-02   1.6646839e-01  -1.2177612e-02   8.6826720e-02   1.9004295e-01   2.2365382e-01  -3.1355453e-01   1.3202302e-02  -3.5046424e-01   9.2380341e-02   1.0085611e-01  -9.2721730e-02   5.1245516e-01  -1.5823255e-01   9.9679204e-02   2.9514267e-02   2.0995677e-01  -6.5786005e-02   2.2589890e-01  -2.4655476e-01  -7.2884782e-02  -5.5462991e-02  -5.3964818e-02   9.1418506e-03  -2.9538542e-01  -3.1309797e-01  -1.5292151e-01  -2.1076255e-02  -1.5654752e-01   4.8306293e-01  -2.5666580e-01  -2.2178869e-01  -1.2402913e-01   6.3997060e-01  -2.2502424e-02   6.2315886e-03   1.1329242e-01   5.7786566e-02  -1.8701573e-02   2.5790929e-01  -2.1019533e-01   4.4362720e-02  -2.1439997e-01  -1.5472963e-01  -1.4662114e-01  -5.8686279e-02  -7.8248022e-04  -1.6900129e-01  -1.5858536e-01  -1.4497234e-01  -1.2881547e-01  -7.9034597e-02   5.4585986e-02  -1.2141555e-01  -8.2898587e-02   1.0843485e-01   1.6708609e-01   1.7496717e-01   9.9430930e-02  -1.8511601e-01   2.7872163e-01  -1.3571767e-01   3.2522414e-02  -1.5776754e-01   2.1855610e-02  -1.5443976e-01  -2.0050350e-02   8.3034809e-01   1.5253881e-01  -1.2536823e-01  -1.7907562e-01  -1.0049704e-01   1.5086111e-02  -1.2477087e-01  -1.2478056e-01   6.8283092e-02   6.1027114e-01  -5.1706123e-02   1.0769410e-01  -1.0900489e-01  -2.5452281e-01   2.3009953e-01  -3.0292766e-02  -1.5372513e-01   4.8020983e-02  -7.8338494e-02  -1.5579268e-01  -1.1550292e-01  -1.3287475e-01   3.8815694e-01   1.2162263e-01   2.5575398e-02  -1.6579073e-01  -1.1150613e-01   5.0897535e-01  -2.8328082e-01  -2.1194756e-01   2.2379204e-02  -4.3476302e-01   9.2505770e-02  -8.1415441e-02  -2.2547915e-02  -1.8281234e-01  -2.3749614e-01  -1.6656883e-01  -6.8967908e-02  -2.7331510e-01   3.0945871e-01   1.8690289e-01  -1.6808368e-01   2.1103979e-01   1.8964768e-01   1.9579877e-01   1.3690715e-01   2.1467270e-02  -1.6203728e-01   4.6657574e-01   2.0379587e-01  -1.5368753e-01  -1.3294467e-01  -2.4548231e-02  -1.9381547e-01   4.4620257e-02   2.2939247e-01   4.2260457e-02  -3.1652416e-01  -1.1772158e-01  -2.9834693e-01   5.3382767e-02   1.0795098e-01   2.2971280e-01   6.0450074e-02  -2.8545957e-01  -2.6776861e-02   1.2968648e-01  -1.6465429e-01  -4.6417664e-02  -4.6031078e-02   2.2178377e-01  -9.8039503e-02   1.6255465e-02  -6.5417802e-02   1.3546856e-01  -2.6440270e-01  -1.3627026e-01
  -5.2895422e-02  -4.3532375e-01  -9.9798376e-02   1.5892466e-01   2.6016515e-01  -2.0282500e-01  -2.1093430e-01   1.7725066e-01  -3.6845560e-01   1.1543786e-01   0.0000000e+00  -2.7752125e-01   1.4437280e-01   1.2206346e-02   6.6822650e-02   1.5905734e-01   1.0509537e-01   6.5163523e-01   1.7887404e-01   1.0097091e-01   2.3466695e-01  -9.0618995e-02   4.0151936e-01  -2.8921009e-01  -6.9932114e-02   1.7450228e-01   8.4238515e-02   4.1195245e-01  -5.8759934e-02  -2.8357033e-01   1.3445335e-01   1.9796923e-01   5.8918692e-02  -1.4070721e-01  -2.8667138e-01   4.8772563e-01   7.8513575e-02  -7.0285937e-02   1.6834185e-01  -1.8784605e-01   2.6845307e-01  -8.6065043e-02  -2.5254504e-01   2.3410089e-01  -2.2277743e-01   1.2506385e-01   7.1204934e-01  -4.6546315e-02  -2.0852178e-01  -2.0616315e-02   5.6304972e-01   1.2193625e-01  -1.9404254e-01   5.6323650e-02   1.8853263e-01   2.5649471e-01   2.0120297e-02   1.7914796e-01   3.2095709e-01  -1.9893981e-01   2.6305166e-01   7.2025258e-02  -4.0507352e-02   2.8923626e-01  -2.0487800e-01   2.1168464e-01  -4.4768858e-02   7.3973232e-02   3.8798170e-01  -1.4010213e-01  -2.4227047e-01   3.7437642e-01   1.5753442e-01   1.2951904e-01   1.1721598e-01   2.3147707e-01   7.4899852e-02   7.5174592e-02   7.5220009e-02  -5.5954168e-02   2.3313273e-01  -2.2369358e-02  -1.4767298e-01   9.4545009e-02   2.7197774e-01   4.8834675e-01  -3.2252805e-01  -1.7120381e-02  -1.9420304e-01   2.9676890e-01   3.2848852e-02   1.1763954e-01  -2.6131531e-01  -3.7312274e-01   5.8874440e-02   6.8835091e-02   1.2552628e-01   4.7785499e-02   2.0687138e-01  -5.6947887e-02   2.0774778e-01   2.9655124e-01   2.4347036e-01  -5.2956227e-01   2.8217287e-01   1.5096997e-01   1.5698597e-01   2.9230930e-01  -1.8129859e-01   2.6991275e-01   5.3949759e-02   1.5402334e-01   1.6702482e-01   2.3901983e-01   3.4892127e-01  -1.8418366e-01  -1.6992842e-03   9.4423803e-03  -3.1167871e-01   5.1496021e-02  -3.4397466e-03   3.8325788e-02  -3.4864152e-01   3.1502887e-02   2.3315969e-02  -1.9139918e-01  -2.7732688e-02   1.3924523e-02   1.4422622e-01  -1.5303122e-01   5.2837712e-02   2.6888013e-01  -3.2471605e-01   3.5670927e-02  -1.9146381e-01   3.3356635e-01  -4.7355185e-02   1.0129169e-01   2.0195428e-01  -6.2851428e-02   4.5262706e-02  -1.7431795e-02   4.6146316e-01  -4.1528219e-01   2.1687822e-01   1.5685311e-01  -1.4783948e-01   4.8814468e-01   3.2994054e-01   9.9391078e-02   3.9272850e-01   1.8350497e-01   2.5914038e-01   2.1043409e-01  -3.4368743e-01  -3.9101396e-02   1.5477833e-01   2.0272093e-01   2.9121445e-01   2.1979341e-01  -1.8053740e-01   3.3972017e-01   1.7704140e-01   3.9216854e-01   1.1263616e-01  -3.4108298e-01   5.3343496e-01   2.4086276e-01   2.9073968e-01  -1.7765298e-01  -4.3230267e-01  -7.4944095e-02   4.4693803e-01  -9.4522633e-02  -9.3114246e-02   1.6434573e-01   3.5168172e-02
  -1.2608497e-01   6.0358603e-01   4.2717223e-01  -1.5631463e-02   3.3143117e-02   1.4886960e-01   4.3075891e-01  -4.7843386e-01   2.7221631e-01   5.9172416e-02  -2.7752125e-01   0.0000000e+00   1.4356603e-01  -1.0556258e-03   3.7606632e-01   5.6145429e-02   1.5588713e-01  -1.8146814e-01  -3.1473249e-01   2.2662262e-01  -2.4351418e-02  -1.1395713e-01  -1.5847944e-01  -4.4382018e-02  -1.1652065e-02  -1.0716872e-01   2.1998818e-01  -3.8387080e-01   5.1004798e-02   4.4222933e-01   1.1251665e-01  -1.1789201e-02   8.9441227e-02   5.0249562e-01   4.7496973e-01   1.4319127e-01  -1.4427512e-01  -3.4309673e-01   4.8428971e-02   3.6535912e-01   1.4758492e-01   1.8824291e-02   4.8957879e-01  -5.0578973e-01   6.2933146e-02  -5.1594729e-01  -1.2845025e-01   3.8513481e-01  -4.4857348e-02   3.1990730e-01  -1.4055610e-01  -7.4037648e-02   4.3675229e-01   9.6946301e-02  -8.2810279e-02  -1.8663100e-01  -2.8160228e-01   5.5497966e-02   4.3685296e-02   5.2613878e-01  -4.2184398e-01   2.4170903e-01   1.9615947e-02  -1.1159094e-01  -8.2814564e-02   5.5090948e-02   3.2102746e-02   8.6957967e-02  -5.7782322e-02  -4.2555259e-02   5.4619918e-01  -1.1792180e-01   1.3558784e-01   9.4839778e-02   9.9934571e-02  -5.5118947e-02  -4.5219035e-01  -1.9506540e-01   2.2681426e-01   1.9033205e-01  -2.3626334e-01   1.8462118e-01   2.6859198e-02  -4.0822965e-01  -5.3754565e-01  -1.7315745e-01   2.4390651e-01   3.2707700e-01   1.6469587e-01  -4.2225078e-01  -1.4171710e-01  -3.7464809e-01   6.9301838e-01   3.9398593e-01  -4.4931572e-01   1.0336842e-01   1.4695467e-01  -2.5505413e-01   1.6789943e-01  -3.9664330e-03  -3.6544498e-01   2.2832367e-01  -1.7225686e-01   6.1695974e-01  -7.9670414e-02  -1.8079641e-01   1.0021904e-01  -1.5260244e-01   1.1178628e-02   4.2276789e-02   3.7351742e-01  -1.6068162e-02  -2.3221163e-02  -1.5785863e-01  -4.2672756e-01   1.1894285e-01  -1.1680645e-02   2.7488666e-01   4.7892426e-02   4.3123739e-02  -4.2006892e-01   5.9129527e-02   3.5076173e-01  -1.4030033e-01  -5.0205919e-01  -1.1773163e-01  -3.7987248e-02   2.1474440e-02  -2.1095190e-01   2.9816217e-01   1.8656822e-01   1.3838032e-01  -3.8639193e-02   2.1974805e-01   2.6291242e-02  -3.9327275e-01   1.1796136e-01   2.0068840e-02  -8.2771374e-02   1.2854693e-02  -3.2574299e-02   8.6011994e-02  -9.1907422e-02   4.9992287e-01   1.1229763e-01  -1.5170215e-01   6.1550723e-01  -2.2845180e-01   2.2974162e-01   1.9713459e-01  -5.7122079e-01  -2.7875469e-01  -3.1366432e-01  -1.2334754e-01   6.1869756e-01   6.1463486e-02  -3.6586709e-01   2.9326633e-01  -3.6221256e-01  -1.4124430e-01   1.6624728e-01  -2.3443924e-01  -3.7757995e-02  -2.8382502e-01  -2.1940247e-02   3.7394086e-01  -4.2856042e-02  -4.7545761e-01  -3.1327113e-01   3.1516855e-01   3.9686073e-01  -4.5858293e-01  -1.7382677e-01  -4.3843694e-02   7.8050416e-02   3.8570684e-02  -1.3423043e-01
  -1.8714328e-01   5.7628327e-02   1.5852147e-01   2.4242389e-01   3.9387815e-01  -2.5497318e-02   1.4551233e-01  -9.7024902e-02   1.5694181e-01  -4.6606776e-01   1.4437280e-01   1.4356603e-01   0.0000000e+00  -1.9468551e-02   1.0727213e-01   4.7948763e-01   5.2873942e-02   2.0304627e-01   1.9297605e-02   3.3938615e-01   5.8868466e-02  -2.4745601e-01  -7.2944567e-02  -2.0243093e-01   3.3133385e-01  -1.0171380e-01   2.6096988e-01   9.9282173e-02   6.6637732e-03   5.7295969e-02   4.0087194e-01   1.8851430e-01   2.7032826e-01   1.2887676e-01   1.9358647e-02   4.1172682e-01  -3.5015451e-02  -3.0582175e-01   5.1294665e-01   1.0890854e-01   7.2093499e-01   3.3678463e-02   7.7367973e-02  -1.5620412e-01  -4.3129676e-01  -7.3660308e-02   2.1379856e-01   3.5825385e-01  -1.8604543e-01   7.2110899e-02   2.0498294e-01  -2.2439753e-02   3.0988604e-01   2.7653178e-01   2.3573593e-02   1.2356615e-02   1.9744848e-02   1.9862584e-02   3.6954594e-01  -8.2744645e-03  -5.2122696e-02  -1.7795467e-01   3.2553285e-01   2.4168121e-01   7.7315507e-02  -2.0208984e-01  -8.1350214e-03  -2.2841160e-02  -1.6522500e-01  -1.0813690e-01   1.4623917e-01   4.7239283e-02   4.8883102e-01   1.6158715e-02   2.2792625e-01  -4.0052256e-02  -1.5526427e-03  -2.1661492e-01   2.7399060e-01   2.9799660e-01  -9.4249869e-02   4.3970705e-01   8.7018779e-02  -2.9104481e-01  -1.4923422e-01  -5.6904597e-02   1.4359694e-01   7.4341861e-02  -2.0778686e-01  -1.4121026e-01  -4.0191124e-02  -6.7426040e-02   6.4465344e-02   1.1410356e-02  -1.8859628e-01   3.1122369e-01   1.9341351e-01  -1.1100169e-01   2.2397587e-01  -6.4860637e-01  -2.2616074e-01   3.1477758e-01  -8.0574802e-03  -8.6895614e-02  -4.7092006e-02  -6.3340562e-02   2.9348362e-01  -1.6097864e-01  -6.9441041e-01   2.7900582e-01   3.1168187e-01   1.2540802e-01   2.0280421e-01  -3.6375974e-02  -2.4325463e-02   1.1344727e-01  -2.0612721e-01   5.7586622e-01   1.2416788e-01   1.5212557e-01  -8.5140817e-02  -1.1307730e-01  -1.7972977e-01   4.8676603e-03  -1.2805630e-01  -1.8757319e-01  -2.9547975e-01   2.7928032e-01  -6.6274762e-02  -1.0368560e-02   6.6742723e-01   2.7671118e-01  -2.0330154e-01   1.5737322e-01   2.9295327e-03  -5.8631918e-02   3.5697810e-01   1.8281855e-01   6.5864667e-02  -2.4931049e-01  -2.3823978e-01   3.9302630e-01  -1.5109623e-01  -1.9171143e-01  -8.5782049e-02  -2.6888077e-01   1.9566296e-01   2.2368286e-01  -7.8660932e-02   2.1482458e-01  -1.4395900e-02  -4.6549025e-02  -1.2417559e-01   2.7703512e-01   1.1111809e-01  -3.7505120e-03  -2.5704338e-01   6.7927889e-01  -1.1375720e-01  -1.9188319e-02  -1.9119501e-01  -2.9921709e-01   1.5735872e-01  -5.1731234e-03   1.2116298e-01   8.3826020e-02   1.1505102e-01  -6.7287565e-02  -1.2640640e-02   1.3251588e-01  -1.7986607e-01  -1.2063703e-01   2.4454450e-01  -1.5773102e-01  -1.3521708e-01   4.3063850e-01  -1.4173561e-01
   4.2294522e-01  -1.5611094e-01  -9.7282148e-02  -6.2696261e-02  -3.5865445e-01  -3.0385511e-02   4.8972699e-02  -1.0676790e-01  -4.7334632e-02   3.7541403e-02   1.2206346e-02  -1.0556258e-03  -1.9468551e-02   0.0000000e+00   7.8349238e-02  -4.1536188e-03  -1.3724946e-01  -2.7576976e-03   2.6591547e-01  -2.8642151e-01  -1.0444100e-01   2.9446364e-02   1.1665827e-01   2.0559971e-01   4.5352971e-02   1.2584963e-01  -2.7863046e-01  -6.7975247e-03   1.5581995e-01  -2.4293699e-01   1.4340391e-01   2.9274367e-01   4.8304822e-04   1.9156710e-02   3.2820563e-01  -1.5271355e-01  -3.1355595e-02   6.0655816e-02  -1.4851017e-01  -2.7157349e-01  -1.3693695e-02   8.2932898e-02  -7.0187901e-02   1.1774842e-01  -4.8447944e-02  -1.3333030e-01   8.3099114e-02  -2.1071851e-01  -1.6056029e-02  -2.9118103e-01   2.5134061e-01   1.1481879e-01  -2.5935893e-01   1.0219134e-01   5.0655401e-01   1.6424312e-01   1.8582358e-01   5.8918180e-02   1.2710607e-01   1.5675474e-01  -1.6748858e-01   7.3480296e-02  -1.1153644e-02   2.4330319e-01  -4.6522775e-02   1.7558970e-01  -2.0803633e-01  -1.6290067e-01   1.0154274e-01  -2.5759402e-01  -2.8547460e-03   1.1465587e-01  -2.4609807e-01   3.1625590e-01   1.0948176e-01   1.7269809e-01  -2.9442600e-01  -7.6580399e-02  -3.3566155e-01  -1.8301048e-01   5.5166977e-02  -3.2946499e-02  -4.2007569e-02   2.6530817e-02   2.6303235e-01   1.9164538e-01   6.9767775e-02   3.6608626e-01  -5.6673412e-02   2.6433398e-01  -3.2982249e-01  -2.8712390e-02  -1.5215735e-01   2.6699961e-01   8.9698193e-02  -2.5513514e-01  -9.9559137e-03   2.3412225e-01  -2.1434454e-01   4.0936359e-02   2.1088831e-01   2.2467235e-01   1.4904042e-01   1.6433558e-01   3.1607830e-01   1.1042046e-01  -2.0249403e-02   8.1056308e-02   2.0123594e-02  -2.5795062e-01   1.1284243e-01   2.7823769e-01  -1.7639556e-02   3.2518361e-01   7.6576959e-02  -2.6523292e-01   1.6601684e-01  -7.8226773e-02  -6.5239482e-03  -3.2067754e-02  -9.8321730e-02  -3.0253493e-01   1.9000873e-01  -1.9493410e-01  -1.8897965e-01   3.6084606e-01   1.3217839e-01  -5.9342149e-02   5.7989790e-02  -3.5587781e-01  -7.8934545e-02  -1.6105637e-01   3.1923242e-01   1.7736672e-01  -1.0780680e-02   1.3758069e-02  -9.4513007e-02   2.1522097e-01   2.5022072e-01   3.9258791e-01   3.0858912e-01  -1.0859392e-01   1.7129481e-01  -5.0303663e-02   2.9474467e-01   3.7441230e-01   3.9959279e-02  -1.2034750e-01  -3.0897676e-02  -2.1147599e-01   9.9574521e-02   1.1350661e-01   1.3057614e-01  -2.3488298e-01  -2.9048406e-01   2.8614411e-01   4.9522714e-02   1.0320915e-01  -6.0122889e-02   2.2365755e-01   4.1317723e-02   1.2187100e-01  -2.9342268e-01   1.8257491e-01   8.3307421e-02  -8.2745655e-02   8.0560308e-02  -2.8638422e-02   9.3527640e-02  -2.8269600e-01  -4.5363594e-02  -2.1903891e-01   5.6723850e-03  -5.1722597e-02   1.5848716e-01  -3.2746617e-02   1.0108506e-01
