   0.0000000e+00  -2.4759308e-01  -8.1886765e-02   1.1458668e-01   3.1564172e-02  -8.7137778e-02  -1.7180004e-01   1.6878261e-01   1.3898039e-01  -1.9179846e-01  -3.4855144e-02  -1.9874061e-01   1.1906154e-01   2.0517886e-01  -1.6870581e-01   8.0336130e-02  -3.1962516e-02   6.3848018e-02   6.3038008e-02   1.4246739e-01  -2.0137521e-01  -9.1490655e-02  -1.7203721e-01   6.6829929e-01   8.3391968e-02   7.8026005e-02   4.6333445e-03   5.6336146e-01  -1.0498314e-01  -2.6214563e-01  -2.9734724e-01   1.6263641e-01   9.1100836e-02  -3.0049240e-01  -8.0551186e-02  -1.1579495e-01   2.5146533e-02   1.0493339e-01  -8.4784341e-02  -7.4419070e-02   9.5805559e-02   3.2790917e-01   2.8497035e-02   1.6530639e-01  -1.2638087e-01   9.4021713e-02   1.0974745e-01  -3.2024045e-01   1.0927691e-01   5.0147287e-03   1.1687831e-01   1.6652578e-01  -4.5217994e-01   1.9683028e-01   1.9528834e-01   2.7104585e-01  -1.0233258e-02   2.5280888e-02   9.4082005e-02  -3.0813105e-02   7.7242528e-02  -1.0890843e-01  -6.7420288e-02  -3.2627708e-01   2.6935437e-02  -3.2035859e-01  -2.6300465e-01   1.9156225e-01   9.8044887e-02  -8.6916239e-02  -2.2411470e-01   1.1759235e-01   2.7943271e-02   4.0687808e-01   1.9686429e-01   1.0521605e-01   3.6644925e-02   2.4907740e-01  -7.8564742e-02   2.6363443e-01   2.1479876e-01  -4.1824935e-02  -3.4655603e-01  -3.7309563e-02  -1.1302327e-01   1.6292172e-01  -1.8109024e-01   3.9038022e-01   1.1398420e-01   7.6560320e-01   9.5549867e-03   1.1879557e-01  -2.7946644e-01  -1.2415846e-01   1.0669861e-01   5.4963222e-02   2.3517020e-01   1.2306111e-01   2.6194425e-01  -1.3666832e-01  -1.7161720e-01   7.4846608e-02   9.6650732e-03  -7.3219178e-02   9.5668919e-02   1.7400381e-01   6.0598728e-02   9.1194995e-02  -3.3367630e-02  -2.9768237e-01  -3.1255953e-01   1.1038931e-02   1.2229087e-01   5.5305257e-01   5.1978662e-02  -2.2042499e-01   1.5065455e-01  -1.2079768e-02  -2.1727038e-01   4.0046728e-02   2.8433019e-01  -1.0776427e-02   1.2776638e-01  -1.5630173e-01   1.8570413e-01   2.1959220e-01  -7.0409756e-02   1.1184636e-01   1.0936705e-01  -2.3131060e-01  -5.2731305e-02  -2.2773869e-01  -1.9905354e-02  -3.0078235e-01  -3.5265761e-02   1.6760828e-01   1.8930887e-01   2.4473563e-01   2.0375836e-01   3.8635566e-01   6.3381009e-01   2.1115010e-01   8.9553344e-02  -2.9345948e-01   1.8269217e-02  -1.7021365e-01  -2.9361947e-01   2.9188427e-02  -3.2460307e-01  -6.8924992e-02   5.2607852e-01  -2.9697471e-02   4.2688622e-01  -4.6349827e-02  -1.4702152e-01   4.2092308e-01   1.1667093e-01   1.2764521e-01   1.4636422e-01   2.9535734e-01   1.0635050e-01   1.1574956e-01  -8.7637603e-04   7.9296613e-02  -8.6198747e-03  -2.2485991e-01  -2.6332961e-01   3.8370298e-01   4.2171418e-01  -1.3474314e-01  -2.1889494e-01  -1.8434190e-02   2.2590064e-01  -2.0917206e-01   4.8811804e-02   9.5129928e-02   3.7142985e-02
  -2.4759308e-01   0.0000000e+00   6.3887769e-02  -2.3826752e-01   4.2441121e-01  -2.4766837e-01   8.1150426e-02  -3.0941730e-01   4.1610887e-01   1.3794754e-02  -2.2422971e-01   5.6493220e-01  -4.3232091e-01  -1.9173235e-01  -3.4552078e-03  -2.4824342e-01   5.2174495e-02  -4.7019603e-01   6.4098972e-02  -4.1438469e-02  -3.4937075e-01  -4.1493154e-01  -2.3744312e-01  -1.5295065e-01  -4.0412131e-02  -2.4147548e-01   2.2179364e-01  -4.5299596e-01   4.6587430e-01  -1.3241416e-01   2.1828933e-01  -3.3679315e-01  -1.1758266e-01   1.0394786e-01   4.3703976e-03   1.6519044e-01  -3.4881998e-01  -3.2971727e-01  -7.3700309e-02   3.5171734e-01  -2.3841567e-01  -1.7195940e-01   5.0956647e-01  -6.1726988e-02   2.6649419e-01  -4.4278086e-01  -3.7133985e-01   5.4583592e-01  -3.3213876e-01   1.4426100e-01  -5.4264536e-01  -3.6353197e-01   5.0704349e-01  -1.9477927e-01  -9.9526061e-02  -3.8375255e-01  -1.6918969e-01  -4.6047263e-01  -2.4258516e-01  -1.7696744e-01  -4.6936626e-01  -4.3262837e-02   3.4082010e-01   6.7788663e-01   2.9232362e-01  -3.9827021e-02   1.7288497e-01  -5.8796827e-02  -3.1854049e-01   6.4901744e-02   7.1946791e-01  -3.5868416e-01  -5.6769599e-02  -9.6744873e-02   2.0063911e-02  -9.1033295e-02  -4.7638650e-01  -8.2635669e-02   5.7995314e-01  -2.8497196e-01  -4.0680967e-01  -3.3533520e-01   3.5500698e-01  -1.1052971e-01   5.5196130e-01  -1.9607436e-01   4.6725020e-01  -2.3766692e-01  -9.1846447e-02  -2.7501642e-01   4.2521079e-01  -4.9094174e-01   9.5732715e-02   1.8062238e-01  -5.2053983e-01   4.8746941e-02  -3.4584229e-01   6.7177825e-02  -9.5949473e-02  -1.1191091e-01   2.5141162e-01  -3.3570847e-01   2.1243892e-02  -6.0913428e-02  -4.0810900e-01  -1.8782740e-01   1.1681698e-02  -1.9558698e-01  -3.6936057e-01  -3.5656633e-02   2.2689212e-02  -5.0332810e-01  -4.4432512e-01  -5.0575129e-01  -2.9158974e-01   6.6180769e-01  -6.5472645e-02  -2.5283508e-01   1.8259356e-01  -3.2314248e-01  -4.7063344e-01   3.5859758e-01   2.9779130e-01   3.4381838e-01  -5.4613307e-01  -1.7996812e-01  -2.4767578e-01  -5.2203818e-02  -3.6261606e-01   3.9124527e-01  -2.1012492e-01   2.1415390e-01   2.3747052e-01   5.4946248e-02  -2.9893561e-01  -3.5205117e-01  -2.5112630e-01  -4.8655057e-02  -3.8833651e-01  -4.2683377e-01  -2.2367132e-01  -2.0879824e-01  -4.5266183e-01   1.5306205e-01  -3.6351831e-01  -2.7413137e-02   3.1325883e-01   1.5765873e-01  -2.3846367e-01   2.9431412e-01  -3.3721314e-01  -1.0294204e-01  -3.7065942e-01   3.6755312e-01   5.6802488e-01  -1.4453087e-01  -4.8059605e-01  -3.4541643e-01  -4.2884736e-01  -2.8221926e-01   4.6752793e-02  -2.8511021e-01   4.3973367e-01  -4.2507065e-01  -3.6724818e-01   4.5547012e-01   8.1993085e-02  -2.9362700e-01  -2.8598915e-01   6.9260394e-01   3.7118404e-01  -1.6774730e-01  -1.6199967e-01   3.2908695e-01   3.1824629e-02  -2.1035279e-01  -4.9618455e-01
  -8.1886765e-02   6.3887769e-02   0.0000000e+00  -5.7425721e-02   4.6196116e-02   3.4181910e-01  -2.8909073e-01   2.3146166e-02  -3.9821578e-02   1.3236714e-01  -4.4092876e-01   4.9692097e-01  -8.5618047e-02   1.7726096e-01   1.0703969e-01   1.1273994e-01   8.3882710e-01  -2.7486610e-01   9.6184221e-02   1.1320203e-01  -4.6149715e-01  -1.5747064e-01  -1.0414696e-01  -2.7907053e-01   1.8642399e-02  -8.8798768e-03   2.2134244e-01  -1.1954269e-02   1.0975989e-01  -3.0035947e-01  -2.2559021e-01  -4.2503765e-02   1.0196354e-01  -6.0264219e-02  -5.8696646e-02  -2.1014221e-01  -1.4376514e-01   3.1669428e-02   1.8980484e-02   5.4926599e-01  -8.4102548e-02   9.2533898e-02   4.1248716e-01   4.6528924e-02  -8.2827340e-02   1.9630803e-01  -2.8888696e-01  -4.6169287e-01   4.2034555e-02   7.1612277e-01  -2.5904982e-01  -4.6413207e-02  -1.8305893e-01   4.5194790e-01   1.8039421e-01  -9.2477826e-02   2.1984004e-02  -1.9214425e-01  -1.3158119e-01  -8.3202893e-02   2.2949778e-01  -1.6992512e-01   2.7075034e-01  -1.4857193e-01  -1.5034455e-01  -1.9028924e-01   2.7843402e-01   1.3202877e-02  -1.8286916e-01   6.6261771e-01  -4.0901012e-02  -4.2049066e-01  -2.1873639e-01   3.4741649e-01   6.3284391e-02  -5.0488101e-02   1.5457828e-01   2.7439212e-02   7.5623237e-02  -6.6537663e-02  -1.3965897e-01  -2.3302888e-01   1.2174275e-01   8.8001896e-02   5.1529727e-01  -1.8133329e-01  -1.2759671e-01   6.4972774e-02  -2.1405997e-01  -1.5461351e-01   3.9119474e-02   4.4963715e-01   2.7809598e-01  -1.8615151e-01   6.4149285e-02   3.9517183e-01  -2.2034933e-02   8.0594998e-02  -2.1578813e-01  -1.0138762e-01   1.9340942e-01   3.2931887e-02  -3.0286265e-03  -2.8325707e-01  -4.7924956e-01   8.0991549e-02   2.8528189e-01  -3.6730520e-02  -1.2665048e-02  -2.4702169e-01   3.7057957e-01  -3.0916430e-01  -2.0460065e-02  -1.0891612e-01   2.6273816e-01  -2.2279414e-02  -1.4878431e-01  -1.2747705e-01   2.5056986e-01  -1.4769466e-01  -7.3073430e-02   3.3741844e-01   2.0378649e-02  -1.3423967e-01  -3.6128993e-02   2.8311929e-01  -2.6193869e-01   6.0417590e-03  -1.5904162e-01   5.5054203e-01   7.8763259e-02  -2.9344527e-01   4.5518850e-01  -2.5734349e-01  -1.0876457e-01  -5.3372830e-02   1.4567337e-01  -2.7006923e-01  -2.5878051e-01  -2.8472056e-01  -8.6413416e-02  -1.1722636e-01  -3.0088259e-01   5.0902289e-01  -1.9121577e-01  -2.5707718e-01   4.3421946e-01  -4.3128787e-01  -2.5417023e-01  -2.8753555e-01   1.4531551e-01  -6.8161859e-04   1.8706541e-01   2.7925235e-02   6.0221341e-01  -2.5432213e-01   4.0474250e-02  -7.0307890e-02   2.9523669e-01  -1.6278711e-01  -9.4297665e-06  -3.9104680e-01  -3.7499196e-01  -3.3445922e-01  -6.6133788e-03   1.4465132e-01   1.8000658e-01   2.0839413e-01   1.5223543e-01   1.3649675e-01   1.0260714e-01  -1.4226609e-01  -2.3285363e-01   3.1217487e-01   1.5730246e-01   2.5131844e-01  -9.6707449e-03
   1.1458668e-01  -2.3826752e-01  -5.7425721e-02   0.0000000e+00  -2.0456037e-01   3.0839456e-01  -7.7281944e-04   2.9538308e-01   9.0546237e-02   3.6352746e-02   2.3844312e-01  -2.0546011e-01   2.0638530e-01  -6.5160582e-02   1.6713937e-02   4.0291911e-01  -8.8892285e-03   2.4164239e-01  -9.7478271e-02   3.3592308e-02  -6.1647621e-03   2.2387358e-01   2.3628511e-01  -5.0931827e-02   1.5303933e-01   2.0155539e-01   8.1285095e-02   7.2366322e-02  -3.0848233e-01   2.3433404e-01  -8.6775697e-02   1.2679263e-01   3.0431904e-01  -5.7606303e-02  -2.4690566e-01  -1.3037267e-01  -5.4824498e-02  -8.8633041e-02   2.7695202e-01  -1.3507525e-01   1.2416772e-01  -2.3993412e-01  -8.9183376e-02  -1.0548587e-01  -5.6738143e-02   2.0946673e-01   2.6525991e-01  -1.4390292e-01   2.9342845e-02  -1.1715947e-01   5.2055059e-01   3.9229696e-01  -2.3535745e-01  -8.7777650e-03  -2.9600398e-01   1.3641087e-01   8.2781587e-02   2.8987774e-01   8.7737809e-02   5.6153357e-02   1.8434975e-01   3.8608978e-02   1.4205516e-01  -1.2649810e-01  -2.0385481e-02   9.9951148e-02   1.1906611e-01  -2.3942015e-01   3.4343721e-01   4.5193134e-02  -2.2096968e-01   4.0153567e-01  -3.0110343e-02  -4.7520993e-02   2.6647677e-03   3.2220992e-01   1.2482545e-01   5.3576680e-02  -2.8289810e-01   3.0068792e-01   1.8785286e-01   1.1872033e-01  -2.8019495e-01   3.3147680e-01  -3.6289788e-01   1.3968821e-01  -1.2940713e-01  -1.2132304e-01  -1.2608337e-01   6.9496741e-02  -2.0466350e-01   8.7350022e-02  -6.9981057e-02  -8.2783099e-02   1.5214893e-01  -9.8656689e-02   1.4036396e-01   4.9449772e-02  -2.6831695e-02   3.8989494e-02  -2.4745393e-01   8.3454032e-02   1.1908871e-01   2.5188507e-01   2.8701650e-01   4.4622118e-01   6.1452240e-02   3.3799092e-01   8.4166457e-02  -2.1569693e-01  -7.1096425e-02   2.5453231e-01   5.1757856e-01   2.0749048e-01  -4.6910859e-02  -3.9336477e-01   6.6826223e-02   1.7063705e-01  -2.3258560e-01   5.2768420e-01   1.1035881e-01  -2.2598094e-01  -5.0814762e-01  -1.7634624e-01   2.6293844e-01  -7.8088022e-03   3.8479650e-02   3.7944967e-01   5.1875771e-01  -1.6508865e-01   1.3721284e-01  -1.7868154e-01  -7.0699492e-02  -1.6696006e-01   4.3527115e-01   4.2591605e-01   2.5233210e-01   2.8419149e-03   2.2286736e-01   2.9270837e-01  -1.8228299e-02  -2.2753560e-02   4.2197557e-01  -8.2171365e-02   8.1497900e-02  -7.7161807e-03  -1.1569678e-01  -1.3666532e-01   7.8855406e-02  -4.8827198e-02  -4.7090950e-02   7.1158537e-02  -7.7167685e-02   3.0262011e-02  -1.2894668e-01  -1.0308670e-01   2.7142935e-01   4.7306622e-01   3.0031252e-03   2.0996801e-01  -3.5883971e-01   2.2355272e-01  -2.1022462e-02   3.3968767e-01   4.1075647e-01  -3.1303832e-01  -1.5102826e-01   1.4009829e-01   2.8756833e-01  -3.0149636e-01  -3.1970002e-01   1.4147747e-03   1.1828824e-01  -1.2817638e-02  -9.0195093e-02   3.5884382e-01   4.8540275e-01
   3.1564172e-02   4.2441121e-01   4.6196116e-02  -2.0456037e-01   0.0000000e+00  -1.5518581e-01  -1.6689779e-01  -1.3821785e-01   2.9653311e-01  -1.2237234e-01  -1.9437215e-01   1.8130238e-01  -5.8159587e-02  -8.7356997e-02  -2.6869340e-01  -1.9554050e-01   1.0430744e-01  -2.5614656e-01  -2.3966100e-02   6.1556817e-01  -2.5162135e-01  -2.8157420e-01  -2.6241642e-01   1.7636715e-02  -1.0148200e-01  -4.8982504e-02   3.6310005e-01  -1.2482634e-01   4.0100585e-01  -3.7269095e-01  -3.0705695e-01  -1.9543498e-01  -1.9910104e-01  -9.3359645e-02  -1.5871168e-01   5.3395189e-01  -2.2296621e-01  -2.6995883e-01  -1.8812373e-01   3.0505417e-01   5.9263398e-02   1.0954329e-01   3.1745116e-01  -2.0677614e-02   4.5605978e-01  -3.2187322e-01  -2.5628675e-02   1.5506982e-02   1.1587032e-01   2.8644377e-01  -1.8831079e-01  -2.0238231e-01  -4.7529644e-02   1.1768972e-01   3.1078256e-02  -1.9684060e-01   5.5846786e-03  -2.1479976e-01  -1.6544501e-02  -2.9918641e-01  -3.5148155e-01   1.8024278e-01   1.2720223e-01   1.4073172e-01   2.2459138e-01   7.1683422e-02   1.2898021e-01   6.5891067e-02  -2.5917666e-01  -1.1669211e-01   2.8017168e-01  -5.9085707e-02  -5.8378275e-02  -7.6401533e-02   4.7411803e-02  -1.4923723e-01  -3.5146594e-01  -6.2495068e-02   8.1542597e-01  -1.1059474e-01  -2.6408284e-01  -2.1889449e-01  -1.6760912e-02  -1.3533430e-01   2.6111437e-01   1.0585041e-02   7.6815989e-02  -2.2273640e-02  -8.0739910e-02  -6.4630166e-02   8.4757336e-01  -1.8023373e-01  -2.5595642e-02   5.0371022e-02  -4.1343895e-01   4.8859091e-01  -1.7062415e-01   1.0306916e-01   3.5389606e-01  -7.1537940e-02  -1.7447859e-01  -3.8887596e-01  -1.8611078e-01  -3.3260395e-01  -1.6752285e-01  -1.4794730e-01   4.4574363e-02  -6.3468471e-02  -2.2942833e-01  -5.6833331e-02  -1.5750163e-01  -2.7416681e-01  -2.3292558e-01  -2.5948433e-01  -2.0533095e-01   5.0048816e-01  -3.9266119e-02  -4.2586826e-02  -4.4556429e-02  -1.0928162e-01  -3.4559244e-01   6.6085354e-01   4.5974083e-02   2.1300009e-01  -3.8352636e-01  -4.8284589e-02   4.7017797e-03  -3.8491692e-02  -1.8224025e-01   2.3956555e-02  -1.1324026e-01   6.5111837e-02   6.8877976e-02  -3.4270132e-01  -4.0803526e-01  -2.5863546e-01  -1.1504679e-01  -2.6622213e-01  -1.7879558e-01  -2.5037047e-01  -2.1684127e-02   3.3259780e-04  -2.4549289e-01  -9.8227038e-02  -3.9071095e-01  -3.6752574e-01  -4.5851169e-02   4.2293312e-01  -1.9257015e-01   2.3468649e-02  -9.0764190e-02  -2.1166128e-01  -4.8584077e-02   3.4314185e-01   2.9403014e-01  -1.0917162e-01  -4.5413138e-01  -1.1588501e-01  -1.3102025e-01  -8.9834377e-02  -3.3566869e-02  -2.1413527e-01   4.1527288e-01  -3.0572651e-01  -1.7684430e-01   2.1547053e-01   2.0268421e-01  -2.1231598e-01  -1.8942822e-01   5.0583980e-01   5.2341534e-01  -2.5250777e-01   1.1660518e-01   1.0105073e-01  -7.9826884e-02  -4.0487492e-02  -3.2036304e-01
  -8.7137778e-02  -2.4766837e-01   3.4181910e-01   3.0839456e-01  -1.5518581e-01   0.0000000e+00   1.6805656e-03   2.0295370e-01  -2.4526170e-01   1.0749439e-01   6.9744295e-02  -5.3598290e-02  -4.8926454e-02   1.1490083e-01   7.8190463e-02   3.0773142e-01   2.6040631e-01   1.6421558e-01  -7.1337646e-03   1.1392543e-01  -1.3410434e-01   2.2440083e-01   1.0583290e-01  -3.3647155e-01   1.5767356e-01   1.9866866e-01   1.4191382e-01   1.1085477e-01  -1.4417969e-01   2.0509315e-01  -3.8525061e-01   1.7707029e-01   1.2712085e-01  -7.5328001e-02   9.4338459e-02  -2.1187953e-02  -9.3296926e-02   1.2553593e-01   7.9899790e-02  -6.1087581e-02  -2.1871400e-02   3.0877229e-02  -2.1890796e-02   1.1574858e-01  -1.1510632e-01   2.3876204e-01   2.5181726e-01  -4.2399834e-01  -1.7133719e-01   7.8840384e-02   2.9138215e-01   3.5131875e-01  -3.6366568e-01   1.7130333e-01   2.2281162e-02   3.0532309e-01   3.5102270e-01   2.6053303e-01   3.7428226e-02   4.6059640e-01   2.3438282e-01  -4.2871723e-02  -1.8407538e-01  -3.3833069e-01  -1.9465997e-01   2.6804736e-01   4.0422733e-01   1.5344602e-02   2.2949756e-01   3.6426459e-01  -5.3399861e-01   2.2137261e-01  -4.7760825e-02   2.7082426e-01  -1.0430630e-01   2.3078156e-01   2.0208488e-01   2.1454855e-02  -1.8776275e-01  -1.7375111e-02   1.1353047e-01   5.3053019e-02   1.1851918e-01   1.0456625e-01  -1.1402326e-01   1.2243982e-01  -1.4614606e-01   9.1312465e-03  -7.6713304e-02  -1.5871148e-01  -2.1386634e-01   3.1315618e-01   2.1610511e-01  -6.5122665e-02   1.8352305e-01  -7.1116109e-02   1.8986710e-01   2.0323412e-01  -1.2857480e-01  -1.1248273e-01  -7.8544198e-03   3.1688764e-01   7.6681566e-02   2.9036919e-01   4.6016004e-02   2.4827617e-01   1.4609539e-02   3.2427437e-01   2.8353541e-02   1.5090484e-01   2.5034827e-01   2.6208143e-01   4.0360537e-01  -5.7514348e-03   3.7224588e-01  -4.8789625e-01  -5.4804231e-02   1.7539398e-02   2.7810041e-01   1.9766798e-01  -3.6232478e-02  -4.7335835e-02  -1.9421164e-01  -2.9389611e-01   2.1514134e-01   2.7145202e-01   1.2995100e-01  -1.2296277e-01   2.1797309e-01   1.3473693e-01   5.7815537e-02  -3.4608740e-01   2.7696492e-01  -1.6418429e-01   2.4395357e-01   2.0183626e-01   2.1052665e-01  -2.0742863e-01   1.7081207e-01  -9.4933621e-02  -1.7465341e-01  -1.7665375e-01   2.8019878e-01   4.0724802e-01   1.1936714e-01  -2.9303736e-02  -5.4579293e-02  -1.9679641e-01   2.6669386e-01  -5.0548661e-01   1.6831218e-01   3.8744802e-02   1.9546858e-01  -4.8859232e-02   1.9385120e-02  -3.4453005e-01   1.6167859e-01   1.7586873e-01   9.6427158e-02   4.5012361e-02  -2.6438670e-02   4.8077525e-02  -2.6423451e-01   1.6832210e-01   3.3913867e-01  -2.7941239e-01   2.5319615e-01   2.4071143e-01   3.4999443e-02  -2.7913067e-01  -1.3085387e-02  -1.3430201e-01   1.5774393e-01   4.0069931e-01   3.4874581e-02   3.5992387e-02   2.3808824e-01
  -1.7180004e-01   8.1150426e-02  -2.8909073e-01  -7.7281944e-04  -1.6689779e-01   1.6805656e-03   0.0000000e+00  -2.0042124e-01  -1.3624529e-01   4.9132181e-01   9.2620264e-02   1.5192630e-01  -9.3488721e-02  -1.5099117e-01   5.0518678e-01  -8.2251800e-02  -3.1933485e-01   1.8740996e-02  -1.9661448e-01   2.2131863e-02   1.8916307e-01   1.2542207e-01   6.5970684e-01  -1.1561730e-01  -5.8119491e-02  -1.8511005e-01   8.6920792e-02   1.0238616e-02  -7.7119313e-02   2.0823852e-01   1.6483574e-01  -8.0369736e-02  -1.4662832e-01   6.9999953e-01   2.7539975e-01   1.8934193e-01   2.3735739e-02  -1.4460822e-01  -2.0978439e-01   6.5458853e-02  -2.2632549e-01  -2.1657731e-03  -3.0428404e-01  -2.7556952e-01   1.1637379e-01  -1.4286723e-01  -3.9071447e-02   4.5608885e-01  -1.9794230e-01  -1.9347137e-01   1.3500260e-01  -1.9454975e-01   1.6828774e-01  -1.8013975e-01  -7.1523915e-02   5.8327671e-03  -2.5015636e-01   2.8325192e-02  -1.6688848e-01   2.3281168e-01  -1.5427389e-01   2.8714864e-01  -1.8470691e-01   5.6577009e-02  -1.9693380e-01   3.4987646e-01   7.6872732e-02  -1.3095104e-01  -1.4693709e-02   7.7200766e-02   1.5476637e-01   9.2273102e-02  -1.5821834e-01  -1.5922932e-01  -1.4398814e-01   8.5436257e-02  -1.9741333e-01  -1.9695633e-01  -1.9463953e-01  -3.2676052e-01   2.1325621e-01  -2.3128083e-02   1.3771489e-02  -1.3608151e-01  -2.1560846e-01   1.4446854e-01   2.4087788e-01  -1.9348744e-01   1.8752539e-01  -6.7892567e-02  -2.5493733e-01  -2.8575343e-01   4.6001058e-01  -5.9137698e-04  -1.4988419e-01  -1.3257716e-01  -1.8434520e-02  -1.4648498e-01  -1.5499454e-01   4.0544308e-01   3.1494868e-02   4.2282472e-01   7.4487909e-02   2.6480462e-01   1.8728394e-01  -2.7030035e-02  -1.5309781e-01  -1.2132928e-01   3.1373282e-01   1.0745446e-01   4.0844648e-01   4.5938516e-02   9.8301800e-02  -1.9599151e-01   1.2628575e-01  -1.5275144e-01  -6.4278506e-02  -8.6125058e-02  -5.1773883e-02   1.7715187e-01   6.2252921e-02  -2.5522460e-01  -9.7987024e-02  -1.2391547e-01  -2.9680817e-02  -2.3266408e-01  -2.3114510e-02  -1.1825976e-01   3.0166080e-02   3.8135458e-02  -2.0545737e-01   4.2093383e-01  -1.5757297e-01   1.5487517e-01   1.7333211e-01  -4.9058467e-02  -1.6058536e-01   1.0703250e-01   2.6152751e-02   3.3678437e-02  -1.9929306e-01  -1.2207811e-01   8.4369789e-02   1.1654355e-01   4.0849703e-01   1.2388109e-01   3.6512117e-01  -2.0226418e-01   5.2652206e-01   1.6704333e-01  -1.9831761e-01   2.2007826e-02  -1.1788923e-01  -3.0117262e-01  -1.6833559e-01   4.4071048e-02   4.8135639e-02  -1.6523090e-01  -2.5627653e-01   6.9773999e-02  -7.7071522e-02   4.7099576e-02  -3.7376205e-03   3.5195015e-02   2.0405174e-02   1.4457271e-01   1.6500951e-01  -2.9845024e-01  -1.6449983e-01  -1.8240495e-01  -2.8749396e-02  -3.9639741e-03  -1.1467332e-01  -1.1139185e-01  -4.1273154e-03  -1.8286188e-01   7.7438127e-02
   1.6878261e-01  -3.0941730e-01   2.3146166e-02   2.9538308e-01  -1.3821785e-01   2.0295370e-01  -2.0042124e-01   0.0000000e+00  -6.9525015e-02  -1.9494896e-01   1.1855981e-01  -2.4864621e-01   4.3894242e-02   1.9481552e-01  -6.7414961e-02   2.9326319e-02   8.1585431e-02   9.1972508e-02   6.7799686e-02  -1.2870874e-01  -4.8209210e-02   4.8389503e-01   4.4686413e-02  -6.9270227e-02  -2.2512986e-02   5.7285049e-01  -5.6268078e-02   2.5633272e-02  -2.4885751e-01   4.5293148e-02  -1.6543023e-01   3.3503356e-01   2.3490756e-01  -2.5982501e-01  -7.1207512e-02  -3.0102117e-01  -1.9107617e-02   1.6300195e-01  -1.2880201e-01  -4.0130067e-02  -9.1701695e-02  -3.4876911e-02  -1.2998454e-01   2.9851419e-01  -1.9951038e-01   6.3898605e-02   7.4942598e-02  -2.4080605e-01   2.5245780e-01   2.7747333e-02   1.7362147e-01   6.1322061e-01  -2.5059281e-01   1.3323232e-01   6.4043047e-02   3.0256252e-01   1.5833364e-01   4.7098966e-01   8.7640725e-02   8.6470912e-02   1.6073511e-01  -1.3173971e-01  -6.1555975e-02  -2.4954330e-01  -1.2535195e-01  -1.4617057e-01   1.0455370e-01  -1.0834090e-01   5.9689928e-01  -1.6824858e-01  -2.2991382e-01   1.4189675e-01  -2.1054366e-01   5.9539031e-03   5.9562961e-02   4.3793645e-01   1.0036612e-01   5.5613599e-01  -2.9775609e-01   5.6619328e-02   3.6273549e-01  -1.7975073e-01  -1.4515703e-01   6.0834116e-01  -1.4343824e-01   4.9931493e-01  -1.3497780e-01  -8.8221091e-02   4.5095648e-02   3.2089766e-03  -1.9981348e-01   2.3905612e-01  -1.5680371e-01  -4.5432343e-02   1.5106783e-01   2.3374880e-03   8.4473259e-02   2.8645004e-01  -1.2903426e-01  -1.3386333e-01  -1.9548765e-01   4.8214718e-03   3.9531052e-01   3.1110017e-02   2.5121076e-01   5.2113012e-01   6.8945943e-02   5.1438427e-01   9.2319586e-02  -4.4280735e-02  -3.1702604e-02   3.0934272e-01   2.0650223e-01   1.0329332e-01  -5.0478476e-02  -2.6415528e-01   4.1677663e-01  -1.0672928e-01  -1.7760793e-01   1.6600352e-01   8.7083220e-02  -1.1251333e-01  -5.9181938e-02  -3.3159518e-01   1.2825369e-01   2.3536386e-01   5.3524041e-02   1.1210493e-01   5.5774725e-01  -2.1356623e-01  -2.6695588e-01  -3.1467171e-01   1.1230877e-01  -1.0061370e-01   2.6041477e-01   5.8892087e-01   9.9117194e-02  -2.7824330e-02   4.6169328e-01   1.2437103e-01  -8.4710733e-02   1.4763216e-01   3.8947819e-01  -2.4129027e-01   1.5420704e-01   6.4864232e-02  -2.1422297e-01  -2.0546543e-01  -4.1626015e-02  -3.5853673e-01   7.2439063e-04   4.3433690e-01  -8.1259420e-02  -1.0004860e-01  -1.5552814e-01  -1.0983541e-01   1.4894770e-01   8.2414758e-02   1.6442952e-01   4.9153906e-01   1.4900596e-02   4.0001410e-01  -3.1379604e-01   2.2535218e-01   3.3057136e-01  -2.3679799e-01  -5.4681061e-02   1.6743043e-01  -7.5586553e-02  -1.3672270e-01  -3.1999243e-01  -7.7553729e-02   1.5066942e-02  -1.8762018e-01  -9.9481727e-02   9.6263000e-02   5.2149579e-01
   1.3898039e-01   4.1610887e-01  -3.9821578e-02   9.0546237e-02   2.9653311e-01  -2.4526170e-01  -1.3624529e-01  -6.9525015e-02   0.0000000e+00  -9.3788888e-02  -1.8009166e-02   1.9742783e-01   9.2511202e-02  -1.6521560e-01  -2.2221232e-01  -1.0465698e-01   1.0933094e-02  -2.1197577e-02   1.1298451e-01   1.9825198e-01  -1.0494056e-01  -2.2326544e-01  -3.2172669e-01   2.6738296e-01   8.2318752e-03  -8.2181989e-02   3.0283246e-01  -1.4316150e-01   1.8288218e-01  -1.2083904e-01  -5.6456202e-02   1.0773824e-01  -1.8940859e-01  -8.5278676e-02  -2.1273062e-02   2.3073539e-01  -1.6963267e-01  -2.5295739e-01  -5.8174331e-02   1.4713726e-01   1.9168612e-01   2.0008922e-01   3.0580409e-01  -1.7477793e-01   1.3090155e-01  -7.2944041e-02  -5.1053081e-02   1.1132845e-01  -1.7471500e-01  -1.5786856e-02  -2.1535286e-01  -9.3574988e-02   6.9824853e-03  -1.2133005e-01   1.9733898e-02  -2.3846240e-01  -5.8676601e-03  -2.2573707e-01   3.2135383e-01  -4.5439067e-01  -7.6402398e-02  -3.1699629e-02   4.3792290e-01   2.8663000e-01   3.0277807e-01  -2.5780371e-01  -5.3315485e-02   8.5151904e-02  -1.5232831e-02  -4.4522147e-02   3.5942637e-01  -9.3140913e-02   3.0450270e-01  -2.0283331e-01   4.3599192e-02   1.6813620e-01  -1.9463427e-01  -1.9307414e-02   4.3527902e-01   1.8979991e-01  -2.9279205e-01  -9.7960598e-02  -2.1955123e-01   8.7873617e-03   4.5405124e-02  -1.3035025e-01   3.3008324e-01   1.4007062e-01   1.0157672e-01   1.7732227e-01   4.0871369e-01  -1.3824848e-01  -1.6055991e-01   3.2761242e-01  -1.5935407e-01   6.1299058e-02  -1.0012762e-01   2.8870818e-01   2.6299336e-01  -2.0758179e-02  -2.5043600e-01  -4.1530904e-01  -1.0631768e-01  -1.4569071e-01   4.3329135e-02   7.0683561e-02  -2.2409234e-01   1.3013863e-01  -3.8599022e-01  -3.0923044e-01  -3.0361828e-01  -2.8366423e-01  -1.3157432e-01   6.0886711e-02  -3.9144270e-01   3.4734880e-01   9.2363617e-02   3.0313566e-01  -3.4118498e-01   6.8847703e-02   8.2350162e-02   2.4063510e-01   1.5041503e-01   3.3781909e-01  -1.1405970e-01  -2.7682528e-01  -8.8032085e-02   2.1880086e-01   1.5999293e-01  -4.5222417e-02  -2.2354964e-02   8.9329049e-02  -5.3366073e-02  -2.4521151e-01  -9.9955614e-02   7.6438653e-02   4.2690458e-02  -4.1770806e-02  -9.8929463e-02   4.2398724e-02   2.7604467e-01  -1.5416255e-02  -1.3044599e-01  -2.3581044e-01  -2.5188060e-01  -5.4933412e-02  -5.1890508e-02   3.9232251e-01  -4.0441574e-01   2.5988066e-01  -1.9866950e-01  -2.4285476e-01   1.3096750e-01   4.3429201e-01   1.4160528e-01   1.5201647e-01  -2.0264851e-01   5.9745539e-02  -1.1892305e-01  -6.8541431e-02  -5.2786373e-02   3.5099097e-03   3.6170926e-01   9.9178022e-02  -2.6893931e-01   2.4439508e-01  -1.0953039e-01  -1.1620420e-01  -8.6188128e-02   2.3818581e-01   3.1408614e-01  -2.2328916e-01   1.5818599e-01  -7.6199361e-02  -5.8315894e-02   1.4229197e-01  -4.5862599e-02
  -1.9179846e-01   1.3794754e-02   1.3236714e-01   3.6352746e-02  -1.2237234e-01   1.0749439e-01   4.9132181e-01  -1.9494896e-01  -9.3788888e-02   0.0000000e+00  -2.1094630e-01   3.4418902e-01   4.9094343e-02  -3.3675124e-01   4.2481327e-01  -9.7320779e-02  -2.7121726e-02  -9.7900828e-03  -1.2694005e-01   1.5000755e-01   8.4877922e-02  -2.0480627e-01   3.9340968e-01  -1.3944357e-01  -2.9907045e-02  -1.6295204e-01   7.1423099e-02  -9.6805333e-02  -2.2021501e-02  -7.3177826e-02  -3.9673869e-02  -1.9540046e-01  -1.6901767e-01   6.4757520e-01   6.5488071e-02  -1.4284132e-02   1.5610598e-01  -1.0116035e-02  -1.3537652e-01   2.4238905e-01  -4.2632424e-02  -1.8301100e-01   5.9467322e-02  -2.8753507e-01   5.9723378e-02   2.8786798e-02  -1.9403426e-01   1.0419417e-01  -1.4084124e-01   9.5054235e-02   7.4210401e-02  -1.8084583e-01   1.3572834e-01  -4.3351234e-02  -2.5243453e-01  -2.0082292e-01  -3.4280895e-01  -2.5240836e-01  -1.2253429e-01   1.2503792e-01  -3.8128925e-03   8.8766780e-02   2.3746680e-02  -1.1386435e-01  -1.7411634e-01   3.3062418e-01   1.1555207e-01  -5.2044057e-02  -1.9388883e-01   4.4250637e-01   5.9392404e-02  -1.6022597e-01  -1.2369982e-01  -1.7403770e-01  -2.1237635e-01  -6.2741215e-02  -4.2601677e-02  -2.1454341e-01  -1.8556415e-01  -1.6649554e-01  -1.3827124e-01   7.9415737e-02   4.3517037e-03  -1.5033273e-01  -1.5862278e-01  -2.0003333e-01  -2.5135329e-02  -1.6213424e-01   7.7620549e-02  -1.1976462e-02  -1.2252698e-01  -6.6123192e-02   5.0160531e-01  -1.3820801e-01  -5.7056269e-02   1.5025829e-01   4.0379242e-02  -3.7464029e-02  -1.5284521e-01   4.4562075e-01  -1.4426823e-01   3.0352039e-01  -9.2850018e-02  -6.1180449e-02  -1.6853738e-01  -9.0431678e-02   3.7402447e-02  -1.2378358e-01   1.9538269e-01   3.3167790e-02   3.6143321e-01  -2.6977922e-01   3.8396401e-02  -4.4184255e-02   2.7725256e-02  -8.5178860e-02  -1.0980874e-01   1.2805025e-02  -1.3393024e-01   2.1233978e-02   6.1730358e-02  -6.3362810e-03  -2.1047945e-02  -1.7484953e-01  -1.6958654e-02  -1.9399340e-01  -1.8610333e-01  -1.0537884e-01  -1.1550747e-01   1.7279743e-01   3.8362788e-02   1.2674604e-01  -2.7613010e-01  -1.3181746e-01   1.6812814e-01  -8.3692690e-02  -1.2091385e-01  -1.2693294e-01  -1.9962683e-01   1.5265973e-02  -1.4880963e-01  -3.4729963e-02  -1.0951648e-01   2.5033019e-01   9.9018020e-02  -2.0546556e-01   4.9334681e-01  -1.9909559e-01   3.4682319e-01   7.9897513e-02  -1.7135734e-01  -1.8332077e-01  -6.9902545e-02  -1.5691445e-01   7.8868903e-02   1.0596009e-01   1.3627036e-01   6.6490207e-04  -1.6006348e-01  -2.1944236e-01  -5.2308524e-02  -1.4322698e-01   6.7720519e-02  -1.1064872e-01  -6.2129907e-02   2.6549383e-01   1.0992369e-01  -2.7463671e-01   2.7139119e-02  -1.2179883e-01   1.7434383e-01   1.8582072e-01  -8.0735707e-02  -1.4357240e-01  -4.0126531e-04  -9.6443666e-02   6.4135962e-02
  -3.4855144e-02  -2.2422971e-01  -4.4092876e-01   2.3844312e-01  -1.9437215e-01   6.9744295e-02   9.2620264e-02   1.1855981e-01  -1.8009166e-02  -2.1094630e-01   0.0000000e+00  -4.5983842e-01   1.4283109e-01  -1.2845210e-01   6.4031339e-02   3.9218461e-01  -3.9979821e-01   5.4875509e-01  -9.1643809e-02  -7.1106406e-03   4.8213474e-01   4.5487463e-01   2.0836353e-01  -1.1392998e-01  -8.0485785e-02   1.1150784e-01   6.6323989e-02  -4.9517615e-02  -3.4313594e-01   4.8013888e-01   2.6285564e-01   1.4885407e-01   2.0380699e-01  -7.7424212e-02   6.6753345e-02   2.1320828e-01  -6.2564670e-02   1.0926104e-02   3.4937328e-01  -4.5341279e-01   1.8701504e-01  -3.5511670e-02  -4.7106557e-01   1.3603885e-02   3.7849678e-02   9.7657032e-02   7.1269010e-01   6.7814134e-02  -1.3751188e-02  -5.2401511e-01   5.0639407e-01   1.9411818e-01  -1.6267865e-01  -2.7847747e-01  -7.1862934e-02   2.5005633e-01   2.8608719e-01   4.2009905e-01   8.3552275e-02   2.4651876e-01   1.3174480e-01   1.8176483e-01  -2.5999673e-01   2.1391129e-01   1.7541812e-01   3.7185766e-01  -3.1515885e-01  -2.0003397e-01   4.1356130e-01  -2.0970349e-01  -2.3506656e-01   5.5279626e-01   1.3028854e-01  -1.0341497e-01  -2.2304198e-01   2.2253793e-01   1.1053010e-01   3.6676971e-02  -1.8132925e-01   6.4769750e-02   1.8975343e-01   2.4851940e-01  -2.2878953e-01   1.0119817e-01  -5.1330720e-01   2.6577268e-01  -3.0013101e-02  -1.8965836e-01  -9.7237192e-02  -9.8310178e-02  -2.4165657e-01   2.1201660e-02  -3.5209974e-01   3.1309980e-01   2.0395461e-01  -4.6756850e-01  -1.0579386e-02  -9.1957489e-02   1.2805373e-01  -4.9068010e-02  -8.9272696e-02   1.7400946e-01   3.9472125e-03   3.7465322e-01   5.6813166e-01  -1.2037307e-02  -1.8251721e-01   1.8348049e-01   1.6604286e-02   1.5846270e-01  -2.1594368e-01   5.2607699e-01   2.0109775e-01   6.3588265e-02   3.6005855e-02  -3.6571912e-01   2.4179565e-01   2.8778711e-01  -4.3572121e-02   2.2666812e-01   1.9056146e-01  -4.1195154e-01  -2.3253825e-01   2.0797574e-01   2.7094434e-01  -1.7238055e-01   5.6228127e-01  -7.7530024e-02   2.5542825e-01  -2.5865715e-01   2.4837337e-01   1.6198175e-01  -1.7456665e-01   3.1903377e-01   2.0236024e-01   3.2931006e-01   4.8272584e-02   3.8303045e-02   4.7066535e-01   2.3778993e-01  -7.3563866e-02  -4.4212831e-02   5.1619628e-01  -1.6940073e-01   3.0426075e-01   3.7497116e-01  -4.2206318e-01   2.7232140e-01   2.7544637e-01   1.2948567e-02  -4.1920495e-02   1.0220949e-02   7.1337021e-03   2.3314137e-01  -4.4120493e-01  -7.5236625e-02   2.1124936e-01   1.8501703e-01   7.7321941e-02   1.4222694e-01  -1.3777140e-01   5.8780988e-01   4.1364400e-02   6.0927067e-01   1.6767156e-01  -3.4639179e-01   2.3740229e-01   1.0815148e-01  -2.0045693e-02  -4.4049758e-01  -2.8703079e-01  -1.6405868e-01   3.5161189e-01  -7.0975133e-02  -2.4741822e-01  -1.2149500e-01   1.3923458e-01
  -1.9874061e-01   5.6493220e-01   4.9692097e-01  -2.0546011e-01   1.8130238e-01  -5.3598290e-02   1.5192630e-01  -2.4864621e-01   1.9742783e-01   3.4418902e-01  -4.5983842e-01   0.0000000e+00  -1.4984203e-01  -2.1638606e-01   3.2178232e-01  -1.3290358e-01   4.2143981e-01  -5.5835892e-01   9.0414212e-02   4.4449532e-02  -4.2959275e-01  -4.6277977e-01   2.9159351e-02  -2.5519933e-01  -2.7356984e-01  -2.8975396e-01   3.0418917e-01  -3.5555833e-01   3.3117088e-01  -4.5818971e-01   8.7212157e-02  -3.3771248e-01  -8.6142815e-02   3.9583167e-01  -1.1568729e-02  -1.2222714e-01  -2.6050242e-01  -2.4872548e-01  -1.1436866e-01   7.2858776e-01  -2.3114957e-01  -1.3977837e-01   6.1389295e-01  -2.7141102e-01   2.4292940e-01  -2.4852122e-01  -5.1532697e-01   1.8839916e-01  -1.2498458e-01   5.6944694e-01  -5.1105315e-01  -2.8106862e-01   3.3294674e-01   1.7846042e-01  -9.8602292e-02  -5.1242641e-01  -3.4359992e-01  -5.0860616e-01  -3.1866845e-01  -2.2359718e-01  -2.6546228e-01  -5.0138820e-03   4.2381958e-01   2.1840876e-01  -5.7898396e-02  -8.8296693e-02   1.8594503e-01  -1.2666018e-01  -4.0434482e-01   4.8627718e-01   6.1278768e-01  -4.9047367e-01  -2.3279350e-01   7.6560357e-02  -6.5093039e-02  -9.5814687e-02  -3.2410186e-01  -1.5322891e-01   3.3633968e-01  -1.7971745e-01  -3.9587376e-01  -1.9354830e-01   2.0175168e-01  -1.1862418e-01   5.4882648e-01  -2.5430341e-01   1.2364343e-01  -1.5461637e-01  -8.1415116e-02  -1.9585794e-01   2.6752277e-01  -1.7315947e-01   5.1051470e-01  -4.8374295e-02  -3.6047372e-01   4.5932402e-01  -1.5069427e-01   6.7870043e-02  -1.9459698e-01   1.9303026e-01   6.8840247e-02  -1.5063522e-01  -9.8314506e-02  -3.7242569e-01  -5.6713569e-01  -2.7690463e-02   2.6291364e-01  -2.2924042e-01  -8.1337120e-02  -2.6143510e-01   4.4540402e-01  -6.7761060e-01  -3.0454360e-01  -3.9468550e-01  -1.1591951e-01   4.7256567e-01  -1.8244565e-01  -1.5769766e-01   4.6004781e-02  -3.0930585e-01  -3.8178847e-01   5.3532441e-01   1.9035354e-01  -2.1705124e-02  -4.3462193e-01  -6.6691162e-02  -4.3422480e-01   3.5273411e-02  -3.9253883e-01   5.2284555e-01  -6.2649794e-02   1.3066055e-01   2.4061794e-01  -1.6409062e-01  -1.2262507e-01  -2.9828487e-01   1.3184093e-02  -2.9173028e-01  -4.8165020e-01  -3.5196781e-01  -1.7676607e-01  -2.0332482e-01  -5.4368187e-01   3.9711268e-01  -1.6130045e-01  -3.6795681e-01   7.7059198e-01  -2.8538023e-01  -2.1546662e-01   2.1290520e-01  -2.7809740e-01  -1.7375348e-01  -1.8887383e-01   1.0642751e-01   7.1948726e-01  -1.5368637e-01  -2.1188077e-01  -2.2395227e-01  -1.9027980e-01  -4.1728870e-01  -5.3083036e-02  -5.1846479e-01  -3.4859827e-02  -5.3890832e-01  -3.2385794e-01   6.6197678e-01   6.8945169e-02  -2.6751507e-01  -7.9366867e-02   4.3996740e-01   4.7479263e-01  -1.2872405e-01  -3.1717567e-01   1.1475558e-01   1.2098986e-02  -2.6699429e-02  -2.3974933e-01
   1.1906154e-01  -4.3232091e-01  -8.5618047e-02   2.0638530e-01  -5.8159587e-02  -4.8926454e-02  -9.3488721e-02   4.3894242e-02   9.2511202e-02   4.9094343e-02   1.4283109e-01  -1.4984203e-01   0.0000000e+00  -1.7977638e-01  -1.2575908e-01   2.7403732e-01  -1.4036283e-01   3.0751694e-01  -2.2255603e-01   2.9974571e-01   1.5474882e-01   9.8589585e-02   1.6791876e-01   1.4756796e-01  -1.1012053e-01  -5.3304130e-02   6.0490267e-02   2.3940906e-02  -2.2545361e-01  -6.0054148e-02  -2.6491456e-01   4.0510960e-02   4.0207936e-02  -8.3853167e-02  -1.7271336e-01  -6.4366375e-02   1.9410949e-01   5.5389925e-02   2.2712434e-01  -4.6003099e-02   5.8789535e-01  -2.4137652e-02  -1.4762468e-02  -4.0340162e-01   1.8624443e-01   2.3676829e-01   1.4026636e-01  -3.2449142e-01   2.9574177e-01  -5.6499117e-02   4.3497760e-01   9.3151615e-02  -4.0242270e-01   4.3569652e-02  -9.9742730e-02  -1.7632776e-01   8.1403696e-02   4.7169910e-02   2.2181344e-01  -1.5061118e-01   2.0484592e-01   2.6377068e-01   1.3309001e-01  -4.3020092e-01   1.0656127e-01   1.1611590e-01  -3.2963862e-01   2.0178511e-01   2.3534703e-02  -1.0890442e-01  -2.4262386e-01   3.7707976e-01   2.1372234e-01  -9.1387390e-02   8.3986528e-02   6.7041975e-02   1.8753034e-01  -1.5072544e-01  -2.4845795e-02   4.9128396e-01  -9.2951704e-02   4.7547016e-01  -5.8584776e-01  -7.3228677e-02  -3.9447100e-01   1.5803562e-02  -3.9128321e-01   8.3227525e-03  -9.2173731e-02   2.6266948e-01   8.7916868e-02   1.8370347e-01  -9.0986822e-02   5.8522697e-02   2.3572946e-01   2.3972653e-01   4.4859302e-01  -4.2191149e-02   3.5387963e-01   3.0342164e-01  -5.4535105e-01  -1.3937452e-01  -1.6507794e-01  -1.3563210e-01   2.3798822e-01   1.7128075e-01   1.0193917e-01   2.9418264e-02   2.5940080e-01  -3.3859625e-01  -2.3912504e-01   9.9263516e-02   1.7157648e-01   3.3633623e-01  -2.2212341e-01  -1.2644097e-01   6.8561117e-03   5.1849065e-01  -4.8998621e-01   1.1390257e-01   1.9737101e-01   1.6123172e-01  -2.2833136e-01   5.0294185e-03   2.7604191e-01  -2.5338539e-01   2.0990765e-01   2.3671580e-01   6.6116812e-02  -3.5737016e-01   5.0217601e-01  -2.9752885e-02  -3.8458131e-01  -2.7001467e-01   2.3499147e-01   1.3337336e-01   3.9023883e-01  -2.5580827e-01   8.5337525e-02   3.7398161e-01   1.3737809e-01   4.7459292e-01   2.0414509e-01  -3.0609014e-01   1.2782662e-01  -1.7061733e-01  -2.2823130e-01   7.4156599e-02  -3.9169048e-03  -3.6137486e-03  -4.4294312e-02  -1.7337220e-01   9.5790277e-02   1.3622607e-01  -2.4364934e-01   1.6383268e-01   2.6055739e-01   5.9925615e-01   1.4313430e-01  -6.2957184e-02  -5.7368970e-02   9.4002639e-02  -6.2263521e-02   1.6790266e-01   8.0049490e-02  -2.3524715e-03   4.3016124e-02  -7.9971144e-02   1.5569044e-01  -3.1168680e-01   5.5408296e-02   1.2265976e-01   7.1934983e-02  -3.7733258e-01  -4.6080918e-02   3.2787058e-01   2.2566679e-01
   2.0517886e-01  -1.9173235e-01   1.7726096e-01  -6.5160582e-02  -8.7356997e-02   1.1490083e-01  -1.5099117e-01   1.9481552e-01  -1.6521560e-01  -3.3675124e-01  -1.2845210e-01  -2.1638606e-01  -1.7977638e-01   0.0000000e+00  -2.0156949e-01  -2.6882658e-02   2.2712776e-01   4.9171572e-02   2.1488727e-01  -1.5917958e-01   2.3038366e-02   3.4269203e-01  -1.3312742e-02   2.9032288e-02   5.3340962e-02   6.3305529e-02  -9.1165985e-02   4.6930859e-01  -1.3325230e-01   7.2151872e-02  -3.2291714e-02   2.8737215e-01  -5.8124148e-03  -3.2913642e-01   1.6172801e-01  -1.0248020e-02  -8.6396661e-02  -3.6232385e-02  -1.2075093e-01   4.9345241e-03  -4.8416117e-02   3.7137245e-01  -1.1903999e-01   6.1231193e-01  -3.1084426e-01  -2.1007178e-01  -9.2454296e-02  -2.7816856e-01   3.3346666e-02   1.0292453e-01  -1.1667425e-01   5.9095885e-02  -1.1845857e-01   3.1350583e-01   5.3130853e-01   5.6854942e-01   2.1187098e-01   2.1942910e-01   1.8733021e-01   2.7718648e-02  -4.9841121e-02  -1.2100352e-01  -2.6789974e-01  -2.7243252e-01  -3.3053485e-01  -2.5328224e-01   1.4435707e-01  -1.7947574e-03   5.0034752e-02  -6.8073992e-02  -2.3193588e-01  -1.7646952e-01  -7.4736947e-02   2.0082321e-01   2.2404107e-01   9.4907137e-02  -1.2978847e-01   2.3309597e-01  -9.8224210e-02  -5.9584615e-02   5.8103882e-01  -3.0925011e-01   2.8248937e-01   2.5463915e-01   2.3576577e-01   3.3566590e-01   1.5050835e-01   4.4773101e-01  -8.0544491e-02  -1.1354507e-01  -1.0585529e-01   6.1831434e-02  -4.2820858e-02  -1.7292659e-01  -4.7202496e-02  -1.6748016e-01  -5.6377409e-02   5.0307218e-02  -1.0456530e-01  -2.5386748e-01   4.5841547e-01   5.3315123e-02   6.2693430e-01   3.0965568e-02   3.5902226e-02   2.9774312e-01  -9.2368622e-02   2.3889579e-02   1.3195248e-01   1.5768160e-01   8.5004903e-02   3.5880564e-01   5.6600372e-02  -1.5020721e-01   5.0555242e-01  -2.3379204e-01   1.1839118e-01  -1.3549631e-01   5.5074851e-01   1.1011394e-01  -5.3819774e-02  -1.3614517e-01   6.2704949e-02  -9.1043654e-02  -1.4123196e-01   7.4964417e-01   2.9071247e-03  -6.1509829e-02   1.8961359e-01   1.4815390e-01  -2.1506577e-01  -3.1430785e-01   4.7488668e-01   2.1203605e-01  -1.8362722e-01   7.5222456e-02   1.1108213e-01   3.8589965e-01   5.6863348e-02  -2.1400238e-01   9.4889227e-02  -1.1071780e-01   4.9310680e-04   2.4842661e-01   6.0200901e-02   1.8273136e-01  -6.0930852e-02  -1.0202308e-01  -4.2065001e-02  -3.8612075e-01   3.9519916e-01   6.7155539e-01   8.5735004e-02  -1.6913991e-01   6.5716687e-04  -2.4300822e-01  -1.3541916e-01  -1.5214502e-01   3.9767215e-03   5.8624722e-01   3.8677568e-02  -1.3893278e-01  -2.9951954e-01  -2.5595397e-02   7.4589020e-02  -2.6438657e-01   2.4503389e-02   3.1005339e-01  -1.2656251e-01  -5.9634913e-02  -2.0224688e-01  -1.8645138e-01  -9.1753957e-02   2.3603696e-01   9.4169063e-02   6.4995081e-02   4.9752268e-02
