   0.0000000e+00  -2.3446393e-01  -1.2137187e-01  -8.6835778e-02  -2.5461413e-01   5.4107220e-02   6.3399131e-02   5.8412477e-02  -1.5539043e-01   2.4073830e-01  -1.0511324e-01   1.9993122e-02   8.0748481e-02   4.8584639e-01   1.9526045e-01   1.6596573e-01  -2.1401231e-01   6.1165350e-02   7.6254978e-02  -2.6507956e-01  -1.5783793e-01  -6.0860693e-02   2.2855509e-01   4.9326383e-01   2.7819053e-02  -7.4520523e-02  -2.7335188e-01  -6.4671399e-02   2.1123574e-01   2.6531155e-02  -5.3992037e-02  -7.1400274e-02  -1.9458861e-02   7.4546306e-02   2.7676351e-01  -1.5429595e-01  -8.6206039e-02   3.7621640e-01  -6.5919384e-02  -2.0060768e-01  -1.5044319e-02   1.3498189e-01  -2.0947074e-01   1.7779287e-01   3.0367670e-02   3.3337329e-01   5.9831709e-02  -1.0442390e-01  -1.5089337e-01  -2.7818007e-01   2.1712602e-01   1.0051758e-01  -2.3746480e-01   1.9750186e-01   3.9886526e-01   4.2197131e-01  -1.6271276e-01  -4.1105792e-02   1.0898182e-01   1.4647767e-01   3.4074135e-02  -7.6400745e-02  -6.7046718e-02  -1.9512158e-02  -1.4999940e-01  -8.3532553e-02  -9.6527421e-02  -1.8032231e-01  -6.0438789e-02   3.2329982e-01  -3.2084052e-01   7.9844364e-02  -7.2969152e-02   4.6840003e-01  -2.1619577e-03   8.3952570e-02   3.0013195e-01   2.6910308e-01  -2.7592975e-01  -1.3259573e-01   1.4200894e-01  -5.8260211e-02  -1.3354781e-01  -4.8678394e-02   5.3456583e-02   3.1771250e-01  -5.6451773e-02   5.2548926e-01   1.6349512e-02   7.2596263e-01  -9.8852373e-02   1.2598520e-01  -5.6326557e-02  -2.4957330e-03   4.1940675e-01  -2.3422561e-01  -1.6506625e-01   1.3852240e-02  -1.4277357e-01   2.1486943e-01   6.6288212e-02   2.0515789e-01  -2.7736237e-02   1.2756427e-01   1.6599958e-02  -1.4117860e-01   7.7718212e-02  -1.3115032e-01   8.0196644e-02   3.2833798e-02  -5.3168199e-02   2.0572148e-02  -2.6562647e-02   7.5898631e-01   3.2649278e-01  -2.2445562e-01   3.2982235e-01   1.3586330e-01   3.5536682e-01   2.9599506e-02   3.6984586e-01  -1.5584246e-01   9.8243343e-02  -2.3355140e-01   6.3529185e-01   4.2774598e-01   3.0069193e-01  -2.0617644e-01  -3.8446445e-02   3.4821696e-02  -1.3521942e-02  -2.8909770e-01   2.1424623e-01  -2.2531720e-01  -7.3841618e-02   7.4775477e-02  -3.4087103e-02  -4.7860088e-02   1.6444107e-01   2.9387309e-01   4.6794206e-01   7.0795692e-02   1.4492421e-01   2.6795262e-01   1.2479187e-01   6.7176046e-02  -9.3233724e-02  -2.1915619e-01   5.4308092e-03  -3.8597008e-02   5.3904901e-01  -2.5637042e-01   5.9896030e-01  -1.7584476e-01  -3.8661570e-03   5.1755258e-01   4.9078869e-01   2.0758632e-01   4.6807806e-02  -2.9236761e-02  -2.1017066e-01   2.0678908e-01  -3.3622085e-01   6.7955927e-03  -1.8766322e-01  -2.7601002e-01   5.2530263e-02   1.3202106e-01   5.2989374e-01  -1.1871842e-01  -2.0266195e-01   1.4920534e-01  -6.6870681e-02   2.2404435e-02  -1.5780940e-01  -2.8867208e-02  -4.4390452e-02
  -2.3446393e-01   0.0000000e+00   6.1726875e-01  -3.4945362e-01   4.6445608e-01  -4.8847741e-01  -1.4708751e-01  -7.5860099e-02   2.5388352e-01  -1.9611172e-01  -3.5256596e-01   1.8706232e-01   1.7580071e-02  -2.6632680e-01  -1.4219761e-01  -1.4506977e-01   6.9315699e-01  -3.3769072e-01   1.5710591e-01   2.3979085e-01   3.2493358e-01  -3.4291218e-01  -5.8221961e-01  -1.3190586e-01  -4.9397284e-02  -1.2978983e-01  -1.8249106e-01  -2.0965411e-01   2.9886361e-01  -3.1632143e-01   3.4154257e-01  -3.2647439e-01   3.1428782e-01  -1.7898968e-01  -3.2763071e-02   2.0203942e-01   1.2911669e-01  -5.3632791e-01   9.4690093e-02   5.2849343e-01  -7.1427500e-02   6.3656707e-02   3.3970027e-01   1.1543373e-01  -2.5142423e-01  -1.4238513e-02  -5.0304336e-01   3.0301959e-01   2.8796234e-01   5.5810796e-01  -6.1562408e-01  -3.3227943e-01   3.1684785e-01   1.2362641e-01   4.1369800e-03  -1.6028673e-01  -9.4841445e-02  -5.1142159e-01  -3.5323473e-01  -5.1491886e-01   3.6828598e-01  -1.0560719e-01   2.7450596e-01   5.3983894e-01   4.2182740e-01   4.8256351e-01  -1.8691525e-01   4.2170381e-02  -5.8607806e-01  -1.2494497e-01   8.1230667e-01  -3.2833917e-01   1.7596783e-01   6.9665528e-02   1.3564485e-01  -2.1694199e-01  -2.6025394e-01  -3.8929353e-01   5.8458473e-01  -2.0702386e-01  -4.2440743e-01  -3.6373407e-01   6.1249296e-01  -1.4896989e-01   6.4050813e-01  -4.0099099e-01   4.1775165e-01  -1.2470608e-01   9.9889760e-02  -2.1615556e-01   6.5529634e-01   2.9796942e-01   7.9803868e-02  -2.7165537e-03  -5.2547436e-01   6.0509137e-01  -1.0960289e-01  -2.0117634e-01   9.7371607e-02  -7.1979498e-02   3.6131170e-01  -2.2890033e-01  -3.1723426e-01  -1.7818633e-01  -4.9078026e-01  -1.4990225e-01   2.1109694e-01  -2.6754683e-01   9.5213510e-02  -4.9948016e-01   2.2500235e-01  -4.8457855e-01  -3.2022471e-01  -1.2126770e-01  -2.3647188e-01   5.6378296e-01  -5.2168933e-01  -6.9695619e-02  -3.2707720e-01  -4.0055335e-01  -2.7178175e-01   4.8496601e-01   3.0520461e-01   5.5735953e-01  -3.5505623e-01  -4.1625833e-01  -1.7417997e-01   3.5561044e-01  -4.0315883e-01   3.3566134e-01  -1.2910554e-01   3.7475467e-01   3.9910782e-01   4.3358083e-01  -5.4516795e-02  -3.2351629e-01  -2.8029978e-01   1.0990151e-01  -3.6320001e-01  -2.5740444e-01  -1.5143187e-01   5.7744641e-02  -3.7821037e-01  -4.8635545e-01  -2.9378459e-01   5.5811476e-02   5.8146327e-01   3.4070342e-01  -5.4872490e-01   4.1851220e-01   9.8251231e-02  -2.9629052e-02  -2.3946365e-01   3.5941857e-01   5.0684593e-01  -1.3341963e-01  -4.9716258e-01  -3.6870438e-01   3.9485667e-01  -2.0348440e-01   1.6958140e-01  -1.9723868e-01   5.8926468e-01  -4.0898908e-01  -7.0496862e-02   4.3815490e-01  -8.5389574e-02  -1.8498008e-01  -2.8991861e-01   5.5872009e-01   1.3782161e-01  -3.7655286e-01  -4.9066613e-01  -3.6475149e-01   1.7438381e-02   1.6984473e-01  -2.8079633e-01
  -1.2137187e-01   6.1726875e-01   0.0000000e+00  -3.5557947e-01   4.7451095e-01  -2.1063547e-01  -1.7321365e-01  -5.8210183e-02  -3.4602535e-02  -8.6723533e-02  -2.7482602e-01   3.2530532e-01  -1.2094999e-02  -2.3392012e-01  -1.0263555e-01  -9.7785918e-02   7.5771846e-01  -3.3718810e-01   6.3820257e-02   3.5547729e-01   3.2186191e-01  -2.9067531e-01  -4.8522646e-01  -1.1345670e-01  -5.6342049e-03  -1.7088373e-01   2.5197911e-02  -1.1775139e-01   3.8049128e-01  -3.6902488e-01   3.5431820e-02  -2.3420388e-01   1.5188322e-01  -1.8972474e-01  -9.6677887e-02   3.7215760e-01   1.2295340e-01  -4.7421470e-01  -3.0131564e-02   6.1647711e-01   1.4458373e-02   1.3487189e-01   4.2238722e-01   1.6133752e-01  -1.9647777e-01   1.6782215e-01  -2.4546117e-01   4.1414094e-02   7.1432293e-02   6.0546221e-01  -4.9943994e-01  -1.7210958e-01   2.5405315e-01   2.2078010e-01  -1.4879732e-01  -1.5622700e-01  -1.3578891e-02  -3.8266830e-01  -1.1188714e-01  -3.3707490e-01   5.1978180e-01  -4.2177906e-02   2.4761167e-01   2.5093302e-01   3.1715781e-02   3.8609365e-01  -1.8183945e-01   1.2596116e-01  -3.9420851e-01   1.0752916e-01   5.7079010e-01  -1.9494570e-01   1.0302920e-01   2.4562553e-01   1.7534853e-01  -2.4111826e-01  -6.2045668e-02  -2.4141261e-01   3.4884284e-01  -2.1637456e-01  -3.6189441e-01  -3.0034057e-01   4.5722089e-01  -1.9881126e-01   4.5228899e-01  -4.3941058e-01   1.7022544e-01  -1.3189294e-01   3.7446922e-02  -1.6854333e-01   5.0821822e-01   5.0444522e-01   3.6070435e-01   7.1299552e-02  -5.0065621e-01   5.9180578e-01   1.1828214e-01  -1.8589695e-01   2.5265541e-01   5.2087244e-02   2.5741611e-01  -1.1367675e-01  -4.1988021e-01  -2.2299549e-01  -4.5469202e-01  -9.5324628e-02   1.5852319e-01  -2.5478637e-01   8.5121666e-02  -4.2646451e-01   1.7705346e-01  -3.8440115e-01  -3.9593265e-01   3.8548068e-02  -1.9695577e-01   3.6279040e-01  -2.2879757e-01   5.8351582e-02  -2.2935085e-01  -2.4401042e-01  -2.7711659e-01   5.5031573e-01   4.3115684e-01   2.4490775e-01  -2.7514310e-01  -2.3886236e-01  -4.2454168e-02   3.2200961e-01  -3.3842218e-01   4.0651825e-01  -1.2283157e-01   2.6997611e-01   4.2754354e-01   8.4930598e-02   6.9912458e-02  -3.3835542e-01  -2.1371660e-01  -8.3383497e-02  -4.1807031e-01  -1.3126159e-01  -9.6104990e-02  -5.2247437e-02  -3.3462345e-01  -2.5063168e-01  -2.4665653e-01   1.1763760e-01   4.9315120e-01   1.3009635e-01  -4.3575144e-01   2.6979765e-01   1.6067282e-01  -1.1141041e-01  -1.4147775e-01   1.4278298e-01   6.5234036e-01  -1.5924274e-01  -3.8732938e-01  -1.9306446e-01   4.7844140e-01  -3.0328815e-01   1.9225821e-01  -1.7015608e-01   4.1527259e-01  -3.1681496e-01  -2.3393219e-02   3.1733334e-01   8.0822507e-02  -2.5057492e-01  -1.2277120e-01   5.7207885e-01   7.3734029e-02  -3.5958719e-01  -5.1624943e-01  -2.9857060e-01  -2.5003742e-02  -2.1434275e-02  -1.9384688e-01
  -8.6835778e-02  -3.4945362e-01  -3.5557947e-01   0.0000000e+00  -3.5346762e-01   4.2049096e-01   2.4910759e-01   1.6058265e-01   4.5659898e-02  -1.7446594e-01   2.3923958e-01  -3.3896155e-02   4.3469862e-02   2.8815444e-01   3.5648346e-01  -5.1197835e-03  -4.2094653e-01   4.7753616e-01  -1.2211183e-02  -1.5090407e-01  -8.9769138e-02   3.8052358e-01   2.0089148e-01  -1.3273733e-01   2.9426350e-01   2.2038596e-01   2.3643741e-01   1.4635721e-01  -2.8192220e-01   4.1530178e-01   1.4867650e-01   3.7574280e-01  -4.4131878e-03   2.4946778e-01   1.3303140e-01  -1.8809504e-01  -2.4692571e-01   9.4356710e-02  -6.2576672e-03  -1.6034782e-01   2.5419534e-01   9.5629408e-02  -1.5100572e-01   6.0628674e-02   1.8028507e-01  -2.1169969e-01   4.1901128e-02   7.4399888e-02   6.8786787e-03  -3.2345806e-01   5.6090111e-01   5.3700588e-02   2.0361557e-01   6.8022903e-02   2.9602204e-02   1.2082568e-04   2.1882157e-01   4.4336323e-01   2.6849309e-01   2.8669869e-01  -1.6062576e-01   1.7505614e-01   1.8714501e-02  -1.5496444e-01  -5.5775121e-02  -3.0989105e-01   3.6744255e-01  -7.0784391e-02   3.0158085e-01  -2.3039293e-02  -3.0217175e-01   2.9034763e-01   5.7860239e-02  -1.5210222e-01  -1.7831612e-01   1.7242092e-01   7.0393377e-03   1.2419857e-01  -3.6616888e-01   2.5186637e-01   3.3114603e-01   3.4373343e-01  -2.7057014e-01   1.5673475e-01  -1.8476555e-01   2.4477244e-01  -1.0354039e-01  -2.1561845e-01  -1.8029536e-02  -8.2008007e-02  -4.6229139e-01  -1.4166376e-02  -3.2472972e-01   9.3324121e-02  -3.4933619e-02  -3.6113635e-01   1.9834170e-01   1.9050879e-01   1.5274857e-01  -1.0591519e-01  -6.6986080e-02   7.9382961e-02   3.8222264e-01   2.0450388e-01   4.2315448e-01   4.4076724e-01   1.7629722e-01   3.8462003e-01  -5.2260162e-02   2.2763305e-01  -5.4923222e-02   3.9336991e-01   3.8120325e-01  -1.5705144e-01   5.8433375e-02  -3.9064467e-01   8.9877106e-02   1.2280593e-01   8.9453345e-02   6.4361538e-01   4.7285687e-02  -4.7211767e-01  -3.2324871e-01  -2.8044253e-01  -4.8182191e-02   2.1231018e-01   1.0674410e-01   8.2570502e-02   4.8568879e-01  -1.2434023e-01  -3.7449230e-02  -4.9642728e-02  -2.0604755e-01   2.0382007e-01   2.1955101e-01   2.4168874e-01   3.9539441e-01   5.7928381e-02   2.8813846e-01  -8.7851740e-02  -1.8044180e-04  -1.1587019e-03   1.3697681e-01   1.7807469e-01   3.1605001e-01   3.2736983e-03  -2.0414275e-01  -2.9026400e-01   1.0423180e-01  -1.0841658e-01  -8.3441246e-02   3.2202274e-01   4.0208409e-02  -1.4183273e-02  -1.4647669e-01  -2.2070099e-01   2.0940881e-01   4.6437242e-01  -1.5992316e-01   3.1296380e-01  -2.5925665e-01   1.8527416e-01  -2.3713748e-01   5.4005098e-01   1.6127916e-01  -3.0212715e-01   1.6838527e-02   9.0410288e-02   1.8284390e-01  -3.8293848e-01  -2.6978740e-01  -8.2234633e-02   3.3885177e-01   2.8031389e-01   4.6074399e-02   9.6496225e-02   3.5959676e-01
  -2.5461413e-01   4.6445608e-01   4.7451095e-01  -3.5346762e-01   0.0000000e+00  -3.7588397e-01  -3.6665199e-01  -1.6094064e-01   2.8373685e-01   3.5276094e-02  -1.3669877e-02  -1.9974610e-01   4.7529976e-02  -4.7437505e-01  -1.4417157e-01  -1.5383615e-01   5.9383797e-01  -9.7759203e-02   3.6025482e-02   7.8803286e-01   3.4608288e-01  -3.8925723e-01  -4.2869664e-01  -1.0776361e-01  -1.2729621e-01  -1.6757424e-01   3.5244522e-01  -9.8493730e-02   1.4923610e-01  -4.6376847e-01  -9.4480349e-02  -2.6102676e-01   1.2735033e-02  -3.1280236e-01  -2.6103008e-01   5.9706615e-01   5.9157964e-02  -2.4050733e-01   6.8067772e-02   4.0663543e-01   2.4210947e-01   1.7601488e-02   2.6407892e-01  -1.3833099e-01   6.8053485e-02  -1.0408574e-01   1.1893819e-01  -1.8775830e-01   1.3389513e-01   5.9950925e-01  -3.4665415e-01  -1.8486114e-01   1.5399486e-01  -1.9463977e-01  -3.9595649e-01  -3.7584931e-01   1.3532513e-01  -2.8918809e-01   2.2115180e-02  -4.1018082e-01   3.4521424e-01   1.5426898e-01   1.5756789e-01   3.0276590e-01   3.0583195e-01   4.6123673e-01  -2.0261634e-01   1.8184044e-01  -9.4824498e-02  -2.9526449e-01   4.8258035e-01  -2.6377200e-01   1.8708850e-02  -2.4391471e-01   9.5591026e-02  -2.8417149e-01  -1.2176936e-02  -3.9694142e-01   5.7902353e-01  -1.0213518e-01  -3.5838437e-01  -1.4751947e-01   3.1246991e-01  -1.2758901e-01   2.6323081e-02  -3.6694318e-01   1.1391209e-01  -3.3988114e-01   2.5047452e-01  -2.2726429e-01   6.8350656e-01   2.8302631e-01   5.0067442e-01   1.2890421e-01  -2.9067838e-01   7.7973390e-01   3.2518298e-02   6.9740984e-02   1.3842170e-01  -2.7351735e-02  -4.9292615e-02  -9.8233540e-02  -4.5404391e-01  -1.4258107e-01  -2.6945601e-01  -1.8044866e-01  -1.6885987e-01  -9.6655347e-02  -6.6714472e-02  -1.5034461e-01   1.0579531e-01  -4.4648936e-01  -2.2681553e-01  -1.4499524e-01  -3.5410327e-01   7.1922160e-01  -3.0350321e-01   7.1637874e-02  -4.7754535e-01  -2.8414380e-01  -2.1740605e-01   7.6520319e-01   2.2339090e-01   5.0349662e-01  -3.6968058e-01  -4.2681833e-01  -1.7911325e-01   1.7883060e-01  -2.9262689e-01  -2.7702171e-02   2.6601535e-02   4.2931919e-01   8.6052047e-02   1.9708787e-02  -8.4347758e-02  -1.9041722e-01  -9.3659262e-02  -1.9750904e-01  -2.9890458e-01  -1.8969539e-01  -2.2559463e-01   1.1751976e-01  -2.0858998e-01  -5.6951402e-01  -3.4725669e-01   1.3197838e-01   2.6341895e-01   5.0484444e-01  -1.0310847e-01   1.6989529e-01  -3.8305769e-01  -1.3211570e-01  -2.3100927e-01   2.6584300e-01   1.6881301e-01  -8.1259403e-03  -3.7731498e-01  -1.5210469e-01   3.3065056e-01  -2.6537058e-01   2.6264348e-01  -1.5083554e-01   5.6358152e-01  -2.5853453e-01  -1.1990158e-01   6.3357348e-01   7.6169412e-02  -2.9209653e-01  -2.5446787e-01   6.5020907e-01   4.9597187e-01  -3.0473860e-01  -1.7078112e-01  -4.1681915e-01  -1.2052751e-01   9.5383739e-02  -1.6415774e-01
   5.4107220e-02  -4.8847741e-01  -2.1063547e-01   4.2049096e-01  -3.7588397e-01   0.0000000e+00   2.5447582e-01   3.9025176e-01  -2.6017021e-01   5.3511632e-02   2.6345371e-01   1.7735782e-01   7.9605396e-02   2.2528345e-01   4.6554722e-02   2.5540920e-01  -2.8506141e-01   3.6206844e-01   3.1337728e-02  -1.9965849e-01   8.7839450e-02   6.2864211e-01   5.2236422e-01  -1.7876441e-01   1.5005775e-01   3.9355287e-01   1.9304503e-01   4.0734349e-01  -1.2023583e-01   5.4058825e-01  -1.9001503e-01   5.2954338e-01   1.2801539e-01   2.2229110e-01   1.8528534e-01  -1.9124807e-01  -5.2053045e-02   1.8870289e-01   1.2056221e-01  -2.5718358e-01   2.5481959e-01  -1.9211336e-02  -1.8828984e-01   1.4586363e-01  -3.2387501e-03   7.1230522e-02   2.5873938e-01   3.4357246e-02  -1.0637620e-01  -4.5621379e-01   6.2862508e-01   4.3616667e-01  -4.9356350e-02   7.6021404e-02   1.6774680e-02   1.8178231e-01   4.1915534e-01   6.1681196e-01   4.1531095e-01   5.7584803e-01  -1.4173001e-01   9.8349831e-02  -1.8425004e-01  -3.2234034e-01  -4.3576065e-01  -3.5837535e-01   5.5573290e-01  -1.6109898e-01   5.6019735e-01   3.3939112e-01  -4.6140756e-01   3.0691790e-01   1.8043033e-01   8.8457270e-02  -9.7500310e-02   8.9013739e-02   8.8918150e-02   5.0352381e-01  -6.3916778e-01   2.0498503e-01   5.8588685e-01   2.1192824e-01  -3.2658368e-01   3.5339620e-01  -2.6997412e-01   1.6078556e-01  -2.5711227e-01  -3.6394067e-02  -1.5326828e-01  -6.5719708e-03  -5.2543461e-01  -6.8564336e-02  -5.4088334e-02   1.5741615e-01   1.3665496e-01  -4.6626280e-01   2.7338100e-01   3.8058779e-01   1.2207290e-01   6.7385559e-02  -7.3561972e-02   2.8432439e-01   4.6471615e-01   1.9161307e-01   5.6336981e-01   4.7430024e-01   1.4301155e-01   4.8587060e-01  -2.3013068e-01   3.4868708e-01  -1.3432186e-01   6.5059419e-01   2.1838060e-01  -4.3039377e-02   3.1100815e-01  -5.1361498e-01   4.6219219e-01   2.6056058e-01   3.8635308e-01   4.6847374e-01   1.3220302e-01  -3.0919320e-01  -1.4016242e-01  -4.5018143e-01   1.7208101e-01   4.5774593e-01   3.2441837e-01  -4.5759206e-02   5.3194935e-01   4.4278288e-03   3.0592148e-02  -2.9168414e-01  -4.3511472e-02  -2.6955106e-01   1.6817942e-01   2.3321820e-01   3.3690555e-01   2.5899678e-01   2.9216435e-01   4.1964609e-02  -2.3500928e-02  -2.3354044e-01   2.4182763e-01   5.4938960e-01   3.2623002e-01  -6.3156595e-02  -2.9984590e-01  -3.8435462e-01   2.7455238e-01  -2.4797225e-01   5.6498774e-02   3.8991984e-01   1.5322858e-01  -2.4456074e-01   7.0428280e-02  -2.1029095e-01   3.1361599e-01   4.0007817e-01  -1.1718530e-01   5.6321085e-01  -2.5336987e-01   2.3061460e-01  -3.0857213e-01   4.9303073e-01   4.5130782e-01  -4.0591090e-01  -1.0655052e-01   3.0466705e-01   1.7297523e-01  -3.8752657e-01  -3.7743434e-01  -1.5846531e-01   2.7044951e-01   4.7009576e-01  -2.2613322e-02  -9.9032195e-02   4.8246750e-01
   6.3399131e-02  -1.4708751e-01  -1.7321365e-01   2.4910759e-01  -3.6665199e-01   2.5447582e-01   0.0000000e+00   1.1977363e-01  -2.8607801e-01   1.6784712e-01   1.6819975e-01   5.0905459e-01   1.3614395e-01   3.3418083e-01   2.9244199e-01   1.6424621e-01  -4.4825306e-01   1.4494901e-01   9.6364475e-02  -8.8812685e-02  -1.2103069e-01   2.0833685e-01   4.5976379e-01  -4.2704803e-02   8.9895420e-02   1.3971890e-01  -1.2797458e-01   1.7129838e-02   1.3373432e-01   1.8170203e-01  -1.4570971e-02   1.9512151e-01   2.5927491e-01   5.2653105e-01   5.0481546e-01  -9.0275985e-02   7.3349585e-02  -5.1778213e-02  -1.5896148e-01   2.2331255e-02   3.8428287e-02   2.0254183e-01   2.5460563e-01   9.3559703e-02   2.9438024e-01  -1.7694791e-01   2.4582067e-02   3.5364859e-01  -1.5860717e-01  -5.3484420e-01   2.7277115e-01  -1.3767451e-01  -9.6501299e-03   5.9905905e-02   1.4636260e-01   4.5704388e-01   1.7279877e-02   8.8544081e-02   7.9746806e-02   2.8757588e-01  -4.0725600e-01   6.6060155e-03  -1.0542331e-01  -3.2919741e-01  -1.6950651e-01  -1.0163001e-01   1.2573856e-01  -1.6280039e-01  -9.7769136e-02   2.7089782e-01  -1.9061089e-01   3.8151025e-01   1.3652987e-01   5.6214831e-02  -2.5232511e-02   6.3896509e-02  -1.5465124e-01   9.7344215e-02  -2.9898187e-01  -5.7023504e-02   3.6095327e-01   4.5228329e-02  -3.1054598e-02   5.8809306e-02  -6.3876299e-02   1.0399192e-01  -1.4289775e-02   2.3263954e-01  -2.0820497e-01  -3.6234647e-02  -4.5928720e-01  -1.7044000e-01  -1.4954917e-01   9.9002876e-02  -1.3360357e-01  -4.5177307e-01   6.6467355e-02  -1.1336384e-01   1.3851990e-01   1.4580002e-01  -4.1860863e-02   2.1190750e-01   3.6161531e-01   7.0039405e-02   2.4339221e-01   1.1988543e-01   1.2210847e-01  -2.6672421e-02   2.1255183e-01  -1.6707378e-02   2.4053839e-01   2.0626653e-01   1.5482965e-01   6.9088672e-02   2.9536025e-01  -5.5277049e-01   1.1058338e-01   2.2130078e-01   7.0479762e-03   3.2922549e-01   1.6477870e-01  -3.5271642e-01  -1.2545822e-01  -3.7402042e-01   1.0682255e-01   2.5856200e-01   3.4709790e-01  -1.7831211e-01   1.2875813e-01  -1.1806667e-01  -4.9530314e-02   6.3144420e-02  -2.3587506e-01   8.3552954e-02   3.8148710e-01   5.0538702e-03   9.6205416e-02   1.1471500e-01   4.9813408e-02  -1.0989502e-01   5.4464823e-02   1.1995625e-01   7.9394864e-02   1.5384708e-01   5.3691846e-01  -2.3643492e-01   3.7382512e-01  -1.9777324e-01   1.2442079e-01   3.4387343e-02   3.1550281e-01   9.5173217e-02   4.4131063e-02  -2.0031195e-01   6.6720586e-02  -5.4560212e-02   1.2510728e-02   1.3062789e-01  -2.3695714e-01   2.8503382e-01  -2.2924087e-01  -6.1998863e-02  -1.9323601e-01   2.5821822e-01   3.4808768e-02  -2.6802005e-01   2.7351741e-02   1.0948175e-01   3.2847403e-02  -5.0847158e-01  -1.3792101e-01  -6.0742515e-02   3.1703765e-02   5.8576032e-02   1.0974836e-01  -1.0870102e-01   8.2574813e-02
   5.8412477e-02  -7.5860099e-02  -5.8210183e-02   1.6058265e-01  -1.6094064e-01   3.9025176e-01   1.1977363e-01   0.0000000e+00  -5.2840673e-02   7.1406386e-02  -1.3876675e-01   7.6287872e-02   1.4973187e-01   9.8663577e-02   2.2052585e-02   3.1972872e-01  -1.0909953e-01   2.3484589e-01   9.8750875e-02  -1.8132862e-01   3.0916344e-03   4.6779240e-01   2.1804348e-01   4.3648121e-02   7.7109444e-02   4.0945043e-01  -5.0134827e-02   2.7914758e-01   1.7299787e-01   4.3583840e-01  -1.7184769e-03   4.7876885e-01   3.3248999e-01  -6.8479658e-03   2.0451194e-01  -2.2643592e-01  -5.9911364e-02   4.7351680e-02   2.2887481e-01  -2.5501068e-01   2.5889717e-01  -2.9360515e-02  -2.1458415e-01   3.2903473e-01  -1.7432301e-01   3.2867349e-02  -1.5105684e-02  -2.2148068e-02  -1.4020269e-01  -3.5111403e-01   3.1355238e-01   4.9560970e-01  -7.6173203e-02   3.4458499e-02  -1.2599558e-02   2.3599335e-01   1.1840002e-01   2.9276027e-01   3.0185436e-01   2.7916203e-01  -3.8696225e-02  -2.5738474e-01   1.5879754e-02  -3.8210633e-03  -1.2260922e-01  -9.6625364e-02   2.2628985e-01  -4.9841909e-02   3.5856346e-01   2.3528217e-01  -1.6691417e-01   5.9439643e-02   1.7430134e-01   1.7685182e-01   1.3542395e-01   4.3981493e-02   1.6210096e-01   3.7993898e-01  -3.0265086e-01   6.9115556e-02   4.3522847e-01  -8.9750535e-03  -1.9264086e-01   5.1128037e-01  -1.1395079e-01   3.1744275e-01  -1.4167316e-01   1.0055163e-01  -9.3505476e-02   1.3903967e-01  -2.0242014e-01  -3.0739176e-02  -7.6155660e-03   2.1419277e-01   9.3325679e-02  -2.3619238e-01   1.2839982e-01   4.1627500e-01   9.9091587e-02   2.1585955e-01   3.4078497e-02   1.9941418e-01   3.5985435e-01   2.6597450e-01   4.1840842e-01   3.6465445e-01  -3.9815486e-02   5.3574644e-01  -2.4733848e-01   1.8000918e-01  -1.9713951e-01   3.7645450e-01  -1.2978377e-01  -1.7331510e-02   1.8850160e-01  -1.7551844e-01   4.0884609e-01   1.5809202e-01   1.5518159e-01   2.6794994e-01   2.1031874e-01  -2.0317631e-01   1.5051269e-02  -1.8238357e-01   2.6994896e-01   2.9992513e-01   2.7579760e-01   4.0291423e-02   3.6089898e-01   2.9692706e-03  -3.2705900e-02  -3.2205324e-01  -2.5403487e-02  -1.4729079e-01   5.0543363e-02   1.6229066e-01   2.2446126e-01   4.0257528e-01   2.4253774e-01   4.1953263e-02  -3.0499287e-02  -1.2320065e-01   3.3530433e-01   1.1706048e-01   1.8303508e-01   2.8361968e-02  -1.7317341e-01  -1.6833160e-01  -1.0910911e-02  -2.5944805e-01   1.7145253e-01   4.8295202e-01   1.0766831e-01  -2.3532270e-01   5.0112430e-02  -5.2658948e-03   5.8035419e-02   3.8131041e-01  -9.0394289e-02   3.8265185e-01  -2.2207045e-01   2.6793334e-01  -1.6583205e-01   2.2246026e-01   3.0523141e-01  -1.6144905e-01  -7.9822335e-02   4.2272624e-01   1.5713460e-01  -2.5231593e-01  -2.1124069e-01  -3.3659338e-01  -1.2933625e-01   2.2175090e-01  -8.5014544e-03  -1.1591742e-01   4.0393081e-01
  -1.5539043e-01   2.5388352e-01  -3.4602535e-02   4.5659898e-02   2.8373685e-01  -2.6017021e-01  -2.8607801e-01  -5.2840673e-02   0.0000000e+00  -1.1786856e-01  -1.6425853e-01  -2.3326607e-01   2.5698252e-01  -1.6009005e-01  -1.8875119e-01  -1.1779928e-01   9.5273945e-02  -6.2115412e-03   1.5685046e-01   5.7691480e-02  -1.3031843e-01  -2.4438733e-01  -3.5203723e-01  -6.8207547e-02  -2.5415922e-01  -6.1763323e-02   8.2669118e-02   7.6231472e-02  -6.5324730e-02  -1.7019980e-01   1.2010199e-01  -9.6303983e-02   1.0064424e-01  -1.3789335e-01  -4.4449396e-02   3.0773968e-02   6.6096322e-02   8.1259124e-02   3.4521574e-02   1.5589274e-01   1.7007969e-01   3.4579874e-02  -1.5119762e-02  -2.2859297e-01   4.5860302e-02  -5.3565129e-02  -1.7256851e-01  -1.5516284e-02   1.5221697e-01   2.9584286e-01  -1.0736299e-01   1.1889893e-02   2.3839549e-02  -1.9633191e-01  -2.0134919e-01  -2.2282920e-01  -2.1438831e-02  -1.0509544e-01  -2.0342343e-01  -2.2791980e-01   1.2647454e-01   1.4409513e-02   2.4899605e-01   3.1463669e-01   3.8172450e-01   9.2701998e-02  -1.1101182e-01   3.3879306e-02  -5.2556924e-02  -2.2145984e-01   2.3966824e-01  -2.6729678e-01  -2.3739835e-01  -1.8265958e-01   6.7761613e-02  -4.6336285e-03   1.4583066e-01  -2.2835869e-01   2.4986124e-01   7.8539484e-02  -1.6835514e-01   1.7306702e-02  -1.8475491e-02  -2.6314555e-02   2.5832686e-02  -1.7127055e-01   3.1903870e-01  -3.4055029e-01   3.8928070e-01  -2.0967354e-02   2.2612335e-01   1.4709215e-02  -7.4322195e-02   1.0841407e-01   3.6419337e-02   2.8904897e-01  -5.7135906e-02  -7.7235858e-02  -1.2056280e-01  -5.1515509e-02   6.3485232e-02  -1.7522068e-01  -9.0193846e-02   8.8390981e-02  -3.2284294e-02  -2.4495819e-01  -1.3022517e-01   4.0305356e-02  -1.5739213e-01   3.6494609e-02  -2.4724150e-02  -3.3535704e-01  -2.3857955e-02  -2.5638905e-01  -1.6630596e-01   3.7173759e-01  -2.7709997e-01  -2.0645847e-01  -1.9833973e-01  -1.5031736e-01  -7.4601167e-03   1.2177768e-01   1.6292002e-02   4.4357437e-01  -8.8492247e-02  -3.5155916e-01  -3.1344521e-01   2.8681252e-02   1.3526126e-01  -3.8345415e-02   3.3357614e-02   2.0011236e-01  -1.5488357e-02   1.9017786e-01  -1.2709073e-01   1.1517547e-01   1.4002855e-02  -5.8312684e-02   1.9737592e-02  -5.9503339e-02  -7.7582565e-02   2.6818205e-01  -8.1369917e-02  -2.6883801e-01  -1.3698220e-01   1.1593589e-01   6.1174015e-02   1.5753352e-01  -1.7003934e-01   1.9675518e-01  -3.0592477e-01   6.3440157e-02  -1.5904910e-01   1.4915120e-01   4.5548943e-02   4.8870285e-02  -6.4217218e-02  -2.9200967e-01   1.0450138e-01  -1.3681910e-01   1.3097938e-01   3.2768514e-05   1.6138281e-01  -1.7860054e-01  -4.5283679e-02   2.6376858e-01  -1.0340674e-01  -2.7263351e-01  -1.1236979e-01   2.0090460e-01   4.4194514e-02   3.3942818e-02   7.7429455e-02  -2.6470818e-02  -1.0343531e-01   4.8483562e-02  -1.0080866e-01
   2.4073830e-01  -1.9611172e-01  -8.6723533e-02  -1.7446594e-01   3.5276094e-02   5.3511632e-02   1.6784712e-01   7.1406386e-02  -1.1786856e-01   0.0000000e+00   1.4003095e-01   5.8866692e-02   2.1086194e-01   1.7052581e-01   1.0708830e-01   2.5329492e-01  -2.2132677e-01   3.4097752e-02   1.2102047e-02   1.0427441e-01  -3.9724765e-02  -9.7307052e-02   1.8889471e-01   2.6250244e-02  -2.0852496e-01  -8.2683220e-02  -1.1349796e-01  -2.4505885e-01   1.6409616e-01  -1.6061011e-01  -2.1114154e-01  -2.6916336e-02   3.5320297e-02   2.1177544e-01   8.3154917e-02   2.3981195e-01   2.1372077e-02   2.1544605e-01  -4.4914077e-02  -3.2242870e-02   1.9842909e-02   1.7608258e-01   2.4761546e-01  -4.3415292e-02   3.6948151e-01   1.3007101e-01   2.6590888e-01  -7.0622131e-02  -2.6073692e-01  -2.7654178e-01   8.9019952e-02  -3.7386015e-02  -1.6979231e-01  -2.0002586e-01  -7.2206457e-02   2.1205799e-01  -1.5405815e-01  -1.1952778e-01   1.7977855e-01   8.8844552e-02  -1.8727699e-01  -1.7662100e-01  -2.8595443e-02  -2.5366483e-01  -7.1050249e-02  -1.7966349e-01   1.8032831e-02  -2.2366450e-01  -3.5882581e-02   1.1792402e-01  -2.1535065e-01   1.0093036e-01  -1.1096718e-01  -1.2524112e-02   2.1771592e-02  -1.3678657e-01   1.9807486e-01   1.9856652e-01   6.6083439e-03  -2.9671118e-01  -4.7364217e-02  -9.9014193e-02  -1.2965128e-01   1.7296203e-01  -1.4442543e-01   1.5286830e-02  -1.7154996e-01   1.7443875e-01  -1.0969444e-01   2.6346287e-01  -1.3168169e-01  -8.2657513e-02   2.3718697e-01   2.7002527e-02   1.5327719e-01  -4.5614997e-02  -2.1706760e-01   1.1111356e-02  -1.5539622e-01   7.8094460e-01  -1.1875547e-01   4.0357108e-01  -9.5358995e-02  -9.8416185e-02   1.0361016e-01  -1.8891614e-01  -2.4829424e-01  -7.2808012e-02  -5.2211246e-02   2.5471326e-02   1.6706958e-01  -9.7205267e-02   2.1975552e-02   2.8279931e-01   1.1270913e-01  -1.4161307e-01   2.1869404e-01   1.4747401e-01  -1.1229588e-01   7.6604666e-02   2.6171385e-02   4.6634016e-02  -1.5169414e-01  -1.4825560e-01   1.6228608e-01   1.3354070e-01   1.7918042e-01  -3.0241785e-01   8.1053056e-02  -1.4671517e-01   1.0029622e-01   3.5539159e-02  -2.9537578e-01  -3.0803633e-01   1.5397019e-01  -1.5863539e-01  -1.1646955e-01  -1.2597415e-01  -9.6276771e-03   9.8676989e-02   6.9692849e-02  -5.2843857e-02   1.0930730e-01  -7.9839406e-02   9.6805257e-02   4.4875948e-02   4.3373600e-02   1.2687685e-02   3.0869559e-01  -3.5352288e-03   1.3842912e-01  -2.5759253e-01   4.5934606e-02  -1.5270610e-01  -2.6230238e-02   3.3720018e-01   9.6316243e-02   1.9843176e-01  -2.1364947e-01  -9.6786610e-02  -1.7799128e-01   3.3244621e-02  -5.8372450e-02   1.7801578e-01  -1.4496793e-01  -5.5552062e-02  -8.1744860e-03   4.1200060e-02  -4.4017820e-02  -2.4142451e-02   1.4694628e-01   3.6986131e-02   8.2479905e-02  -1.1141242e-01  -3.4135721e-01  -1.8907067e-01  -1.5286615e-01
  -1.0511324e-01  -3.5256596e-01  -2.7482602e-01   2.3923958e-01  -1.3669877e-02   2.6345371e-01   1.6819975e-01  -1.3876675e-01  -1.6425853e-01   1.4003095e-01   0.0000000e+00  -7.9729954e-02   1.4117519e-01   6.5411086e-02   3.3129250e-01   7.7640008e-02  -3.0676591e-01   4.1846899e-01   3.0801469e-02   1.2294646e-01   1.6105592e-01   1.6883518e-01   3.8996114e-01  -1.1510031e-01   8.0300921e-02   7.2289478e-02   2.5745939e-01   6.9062354e-02  -3.1050564e-01   9.4510835e-02   2.6086105e-02   2.3356916e-01  -1.2193422e-01   3.2591243e-01  -1.9162626e-01   2.7872996e-01  -1.0628065e-01   3.7535755e-02   1.6278155e-01  -1.4976519e-01   3.3328587e-01  -1.5247559e-02  -7.8503105e-02   7.5397295e-02   2.7343449e-01  -2.5394757e-01   4.6279282e-01   4.0116847e-02   2.4966832e-02  -2.3996915e-01   3.7759384e-01   7.3227453e-02   1.7462653e-01  -2.3806166e-01  -4.1056616e-02   2.0973912e-01   2.1757054e-01   2.5800793e-01   2.1575053e-01   1.4870535e-01  -2.1493876e-01   1.6201679e-01  -2.8666721e-01  -1.8140919e-01  -2.2300882e-01  -7.9479520e-02   2.4205588e-01  -1.3097841e-01   3.7291949e-01  -1.0341089e-01  -1.7282315e-01   2.7510956e-01   1.8866608e-01  -1.9429980e-01  -1.8812477e-01   1.3564389e-03  -2.3075504e-01   1.4335037e-01  -1.1846722e-01  -5.0319135e-03   2.5180672e-01   3.3985831e-01  -1.2324125e-01   1.4237768e-01  -2.6567368e-01   3.5906999e-02  -1.5454401e-01  -1.4444610e-01  -2.1251852e-01  -5.8970387e-02  -2.2161012e-01  -2.1706781e-01   1.6451507e-01   4.1953485e-02  -1.0414673e-01  -1.4790031e-01   1.0319504e-01   9.3436829e-02   4.7561527e-02  -5.4442490e-02  -1.4426907e-02   2.6303668e-01   2.1876622e-01  -1.8368846e-02   2.7637900e-01   1.0764950e-01   2.7668371e-02   1.4787048e-01   2.0077495e-02   2.3523286e-01   2.2789772e-01   1.9800403e-01   1.9280495e-01  -4.7855284e-02   4.4633316e-02  -1.7396085e-01   7.7491510e-02   2.8723214e-01   3.4129772e-02   2.8731781e-01  -1.2608303e-01  -1.2583424e-01  -2.1634284e-01  -2.6894716e-01  -1.2916335e-01   1.7128807e-02  -5.3107681e-02  -1.0678176e-01   1.9967955e-01  -1.4051102e-01   3.7252007e-02   2.3915017e-01  -3.3402056e-01   7.8248889e-03   2.2070706e-02   1.0015344e-01   1.1894408e-01   6.4265189e-02   8.4958598e-02  -2.5897943e-01  -7.7554856e-02  -4.6326178e-02   1.5448502e-01   5.7873438e-02   3.2590275e-01  -1.6832619e-02  -5.7854525e-02   5.6279254e-02   4.8392868e-01   8.9687231e-03  -1.8345204e-01   1.1355489e-01  -1.1097479e-01   1.2819667e-01  -2.0894879e-01  -1.2435219e-01   3.4751087e-03   2.3870032e-01  -2.0332814e-01   5.3458940e-02  -1.5084702e-01   4.3863113e-02   7.2844329e-02   3.6123254e-01   1.6376607e-01  -6.1223049e-02   1.8306951e-01   1.8755216e-02   4.1178043e-02  -6.4945346e-02   8.4683095e-02  -3.9611063e-02   2.9940808e-01   1.5592050e-02  -1.0504467e-01  -7.6860577e-02   2.2827194e-02
   1.9993122e-02   1.8706232e-01   3.2530532e-01  -3.3896155e-02  -1.9974610e-01   1.7735782e-01   5.0905459e-01   7.6287872e-02  -2.3326607e-01   5.8866692e-02  -7.9729954e-02   0.0000000e+00   9.6799037e-02   1.4573623e-01   9.4582552e-02   1.2913373e-01   7.8269070e-03  -5.4316187e-02   1.3846038e-01  -6.2157913e-04   5.1431953e-02   5.0310459e-02   6.5980320e-02   3.6328194e-02  -1.7191243e-02   9.2280895e-02  -1.6181396e-01  -9.7271579e-02   3.0676773e-01   6.4423503e-02  -1.4304684e-01   5.4573843e-02   2.2614219e-01   2.5947871e-01   3.8649768e-01   8.9036753e-02   2.6801461e-01  -2.1461271e-01  -1.6714627e-01   2.2557184e-01  -5.1703149e-02   2.3409035e-01   4.9892134e-01   1.0309523e-01   1.4731214e-01   7.5506063e-02  -1.1998874e-01   2.7259819e-01  -1.7625269e-01  -1.3396910e-01  -7.7446421e-02  -2.4015056e-01   1.2756745e-01   2.1214968e-01   2.0269852e-01   3.4020948e-01  -5.5189407e-02  -1.7464420e-01  -8.1227914e-02   2.2193435e-01  -2.2113959e-01  -8.3217362e-02   6.1821978e-02  -1.3334924e-01  -7.9885207e-02   5.4229021e-02   1.8767830e-02   2.5397096e-02  -3.4629135e-01   2.4359297e-01  -8.7348323e-03   1.9812048e-01   2.6805988e-01   4.3135198e-01   1.3314928e-01  -1.4430715e-01  -1.7947342e-01   5.0585737e-02  -1.0774866e-01  -1.0454405e-01   1.0435449e-01   7.3723063e-03   1.6424924e-01  -1.3840535e-01   1.7657434e-01  -2.7082967e-01   1.0085546e-01   2.3595702e-01  -2.8824105e-01   4.6174224e-02  -1.6168040e-01  -1.6714169e-02   6.1419120e-02  -7.4235870e-03  -3.6685199e-01  -1.2417859e-01   1.6561149e-01  -2.1740007e-01   2.4834008e-01   7.7847316e-02  -1.5583216e-02   1.0826582e-01  -4.8143008e-02   1.7088745e-01  -9.4260242e-02   1.1376294e-01   1.9837894e-01  -1.6337332e-01   1.9235642e-01  -3.5372806e-01   2.1329361e-01  -4.1597955e-02  -1.5367285e-02   2.0648331e-01   7.6345198e-02  -2.2212468e-01  -6.1981346e-02   2.2546329e-01  -1.0141010e-01   4.6068220e-02   8.9010928e-02  -3.8436302e-02   1.8458462e-01  -9.7227757e-02   6.1913856e-02   2.7127259e-01   3.3981785e-01   1.0256910e-01  -5.6876689e-02   7.5894632e-02  -3.5701732e-02   1.4454538e-01   1.7762469e-01  -8.9523479e-04   3.2517958e-01  -2.8807957e-01  -6.2256790e-02  -3.6740809e-02  -3.1050231e-01  -1.8426461e-01   1.0304401e-01  -6.0658056e-05  -7.5466541e-02   1.1050984e-03   3.2891058e-01   1.0014054e-01   4.6211228e-01  -1.5930964e-01  -1.2966325e-01   6.3524604e-02   4.1539977e-01  -2.5334195e-02   5.7945161e-02   2.9046470e-02   3.8996596e-01  -8.2705651e-02  -9.6068979e-02  -2.8343784e-02  -1.8443529e-02  -6.0647973e-02   3.7875399e-03   1.0525860e-02  -1.0323321e-01  -3.2796514e-02   5.9377100e-02  -7.7157571e-02   1.1862449e-01  -1.6307443e-03   8.8693535e-03  -1.0480560e-01  -1.4739780e-01  -1.2124630e-01  -1.8278243e-01  -1.0767384e-01   5.0950568e-02  -3.8683159e-02  -5.6007661e-02
   8.0748481e-02   1.7580071e-02  -1.2094999e-02   4.3469862e-02   4.7529976e-02   7.9605396e-02   1.3614395e-01   1.4973187e-01   2.5698252e-01   2.1086194e-01   1.4117519e-01   9.6799037e-02   0.0000000e+00   1.4201667e-01  -5.8923349e-02   2.0296273e-01  -1.3548226e-01   3.8831140e-01   3.4434074e-01  -7.8667751e-02   4.6464275e-02   1.2659654e-01   7.5860490e-02  -9.1041384e-02  -2.3435009e-01   5.9127758e-02   6.5238819e-02   5.1776684e-02   4.8919299e-02  -9.3638818e-02   2.1294275e-02   2.7072565e-01   2.9366165e-01   6.8329107e-02   3.7775594e-02   1.3339582e-01  -1.7008335e-02   3.9887174e-03   1.2124637e-02   3.2329059e-02   3.9877631e-01   4.2434001e-01   1.3699953e-01   6.3622684e-02   3.8353258e-01   1.1942277e-01   8.1233377e-02  -3.0759127e-02   3.4799541e-02  -9.4947336e-02   2.5802170e-01  -1.6138851e-02  -1.1324017e-01  -5.9095833e-02   5.7422992e-02   2.1445124e-01   1.9654566e-02   3.6812425e-02   1.0168547e-01   1.2654315e-01  -1.1425237e-01  -1.2199179e-01  -1.4433112e-01  -6.8578211e-02  -3.8510006e-02  -5.9562923e-02   1.5379133e-01  -1.8123682e-01  -3.1240883e-02   1.5111382e-01  -7.6800925e-03   1.9644601e-01   6.8317380e-02  -5.1955421e-02   1.3724038e-01   1.2168929e-01   1.5920714e-01   1.4543462e-01  -2.2892964e-01   3.5854758e-02   1.3307822e-01   2.0337749e-02  -7.6413992e-02   1.5734442e-01  -8.9681886e-02   2.3166353e-02  -1.5715407e-01  -9.3231596e-02  -5.7188138e-02   1.7122086e-02  -2.7561197e-01   1.1226175e-01   9.8475293e-03   5.9989447e-02   1.0076494e-02  -8.3786809e-02   8.7555138e-03   6.5121680e-02   1.7740718e-01   1.5173886e-01   7.7768770e-02   1.0260280e-01   1.2488322e-01  -1.5658604e-03   2.0449353e-01   5.4235237e-02   3.8132870e-02   1.4637493e-02  -2.4301735e-01   6.4015785e-02   4.2224029e-02   1.2725869e-02   9.4773713e-02   8.9164728e-02   1.3238405e-01  -1.9375915e-01   2.4081039e-01   3.2062609e-01  -1.9917397e-03   2.0398799e-01   8.0670763e-02  -1.0841736e-01   6.7123434e-03  -4.7247762e-02   1.0516212e-01   6.3680723e-02   7.2760135e-02   8.5215574e-03   3.1510686e-01   6.0310249e-03   2.4320930e-01  -8.1443111e-02  -1.5899356e-01  -8.4845620e-02   1.7816654e-01   1.5878699e-01   1.8117374e-01   9.8394265e-02   6.7028750e-02  -1.8152984e-01  -1.6343172e-01   3.2939749e-01  -2.9001458e-02  -4.1411398e-02   7.9438092e-02  -4.8567830e-02   1.3092793e-01  -6.6551375e-02   6.5108809e-02   6.9968627e-02   3.0841523e-02   3.2624757e-02   3.8414264e-02  -1.0823884e-01   6.9947564e-02  -8.7214132e-02  -1.5818705e-01   8.7703039e-02   1.3097744e-01  -1.0665271e-02  -7.2750882e-02   1.4770791e-01   6.2796878e-02   2.0638346e-01   1.5400166e-01  -2.0960761e-01  -1.9300027e-01   3.9077732e-02   5.5316613e-02  -7.8023432e-02  -1.2451095e-01  -1.6609379e-01   9.5348664e-02   8.2128566e-02  -2.8605601e-01  -9.5057984e-03  -1.2782636e-02
   4.8584639e-01  -2.6632680e-01  -2.3392012e-01   2.8815444e-01  -4.7437505e-01   2.2528345e-01   3.3418083e-01   9.8663577e-02  -1.6009005e-01   1.7052581e-01   6.5411086e-02   1.4573623e-01   1.4201667e-01   0.0000000e+00   1.0125195e-01   1.5400143e-01  -3.1848209e-01   1.6353111e-01   3.8218492e-02  -3.6758802e-01  -1.2255183e-01   1.9950193e-01   3.5455877e-01   1.6786642e-01   1.7671129e-01   4.8920621e-02  -2.0743589e-01   1.5980108e-01   1.4541018e-01   2.4362487e-01   6.5522207e-02   1.5543767e-01   1.3453939e-01   1.6668178e-01   3.7266622e-01  -2.1370072e-01   1.1542454e-03   3.0837100e-01  -1.0688756e-01  -1.8555813e-01   8.1257400e-02   3.6647858e-01  -1.4377839e-01   7.7566872e-02   2.4042149e-02   2.1691198e-01   6.0399036e-02   1.5275852e-01  -8.0528344e-02  -4.4215858e-01   3.1888284e-01  -2.1679887e-02  -1.7591094e-01   6.4444806e-02   3.4109144e-01   3.2694859e-01   5.5593922e-02   1.8094876e-01   1.4718888e-01   2.9856015e-01  -1.1378217e-01  -6.7306750e-02  -2.0396414e-02  -1.5445086e-01  -1.3443760e-01  -3.6718446e-01   4.9345133e-02  -3.1501877e-01   2.4020342e-04   3.6936220e-01  -2.8911061e-01   1.4181291e-01  -4.6135081e-02   2.3479663e-01   1.6321596e-02   4.1437594e-02   1.4682417e-01   2.4166435e-01  -3.8100241e-01  -2.0129826e-01   3.1727442e-01  -6.6818207e-02  -2.7277446e-01   2.0399313e-01   4.4735801e-02   2.6506701e-01   5.9513817e-02   3.3654610e-01  -2.4803125e-01   3.7281810e-01  -4.1872927e-01   3.3024309e-02  -1.9196902e-01   1.3679370e-01   2.5663301e-01  -5.0984608e-01  -9.9815763e-02   6.3444010e-02  -6.5567206e-02   2.6173508e-01   2.3826290e-01   8.5128719e-02   2.5052366e-01   2.6072574e-01   2.0421023e-01   1.4654157e-01   2.6446547e-01   8.3149343e-02   4.1463843e-02   6.6540033e-02  -1.5830822e-01   3.4786182e-01   9.3645135e-02   4.4990687e-01   3.8765978e-01  -4.4513582e-01   2.1570374e-01   1.3157434e-01   3.1969894e-01   3.0650620e-01   3.2197004e-01  -4.3919405e-01  -9.4123064e-02  -3.4877777e-01   3.9734729e-01   4.7945185e-01   2.5376625e-01  -1.3033410e-01   2.6206404e-01   8.6499311e-02   5.1727218e-03  -3.1683747e-01  -2.3423293e-02  -3.2425276e-02   1.8906321e-01  -3.6499908e-02   2.0761634e-01   9.7662058e-02   1.2308065e-01   1.2683986e-01   1.7450166e-01   9.7126716e-02   1.5132973e-01   3.5772819e-01   1.6317688e-01   1.5924620e-02  -5.0539461e-02  -3.4979180e-01   2.0092225e-02  -2.5013110e-02   4.8407684e-01   6.9862942e-02   2.3664455e-01  -1.6167703e-01  -4.9607802e-02   1.6795830e-01   3.1086506e-01   2.7126129e-01  -6.5500532e-02   1.7380441e-01  -3.1861640e-01   1.2773662e-01  -3.0481151e-01   2.4039620e-01   1.3079139e-01  -4.1820810e-01  -1.7026564e-01   9.4636891e-02   3.3660922e-01  -4.1624228e-01  -3.5093057e-01   8.7745154e-02   1.0477367e-01   1.8114585e-01  -1.0962226e-01  -9.3606780e-02   1.3274481e-01
