   0.0000000e+00  -5.9111777e-02  -9.5453651e-02   1.9375341e-01  -2.5274814e-01  -9.9079480e-02  -7.7377014e-02   2.0266999e-02  -3.6640555e-02   8.9050410e-02  -1.0403858e-01  -5.7578754e-02   1.6873587e-01   1.7974141e-01   1.3536692e-01  -6.6285451e-02  -2.3809288e-01  -5.7834559e-02  -1.7155226e-01  -2.4809275e-01  -1.1182185e-01   1.1806304e-01   3.1230304e-02   6.4373122e-01  -2.0743026e-01  -3.8296675e-02  -2.4539354e-01   2.0799485e-01   4.3280345e-02   9.4933657e-02   4.4540173e-02   3.6090811e-02   1.8785279e-01   1.6839997e-03  -8.3639902e-02  -7.1986388e-02  -3.8238106e-02   3.2822088e-01  -5.9435138e-02  -2.6032648e-01   1.4226707e-01   1.4121432e-01  -1.1866223e-01   1.5754341e-02   1.0300956e-01   3.4443748e-01  -8.1897408e-02  -1.3552351e-01  -1.3545414e-01  -2.6478884e-01   2.5616151e-02   7.7158251e-02  -2.2550714e-02   9.6424963e-02  -5.5947139e-02   2.9047943e-01  -2.5839368e-02   1.8136819e-01   1.0170035e-01   1.0058201e-02  -1.4773165e-01  -4.5369143e-02   1.8638555e-06  -6.9710525e-03   7.3711096e-02  -9.9628175e-02  -1.4074650e-01  -1.3033976e-01  -3.1861660e-02   1.9528459e-01  -1.0077101e-01  -5.0482198e-02   1.8733653e-01   5.2077925e-01   1.8778473e-01   5.3807199e-02   4.2855756e-02   2.6355691e-02  -1.2131700e-01  -1.0792611e-01   1.3855110e-01   4.4102246e-03  -1.6248035e-01  -3.9482196e-02   3.2501939e-01   1.2479510e-01  -2.6496254e-01   2.3121514e-01   2.4275931e-01   6.9645382e-01  -6.7419142e-02  -2.6629467e-02  -1.3847715e-01  -9.5430628e-02   2.4780030e-01  -1.0647777e-01  -1.6795142e-01  -8.8216700e-02  -2.5718656e-01  -1.0947099e-02   1.9606080e-01   3.1006790e-01  -1.0298026e-01   1.0198025e-02  -2.5260098e-03   2.0969733e-01  -1.0424726e-01  -1.1258078e-01   1.3892324e-01  -6.4858167e-02  -5.0157290e-02   1.5704098e-01  -1.1429225e-01   7.9018206e-01   1.7864111e-01  -4.5653926e-02   8.5260625e-02   5.7990502e-02  -4.6299829e-02   1.1788651e-01   1.3086998e-01  -1.3450771e-01  -1.6513732e-01  -7.6582586e-02   5.4256057e-01   4.1198956e-01   6.4086742e-02  -1.6684331e-01   1.3388351e-01   4.1586686e-02  -1.6700685e-02   5.5503768e-02   4.1537619e-01  -6.4616684e-02  -1.4898249e-01   1.2963445e-01   3.5999739e-02  -1.1767842e-01   1.3433602e-01   6.6814422e-01   4.6564192e-01   5.4076267e-02   4.8674231e-02  -4.8264993e-03   1.8951640e-01   4.7554980e-02  -1.3322567e-01  -6.3803797e-02  -4.1824756e-02   2.1305606e-02   4.1808293e-01  -7.1838070e-02   1.9043276e-01   3.2389112e-02  -1.0739562e-01   6.0788860e-01   3.1222580e-01   2.1012161e-01  -2.0117672e-01   1.0029715e-01  -2.2764665e-01   3.9733276e-02  -1.6855987e-02  -5.7387148e-02   1.5656851e-01  -2.8215543e-02   4.7678822e-02   1.7288113e-01   2.8589475e-01  -1.1896776e-01  -6.8646373e-02  -7.1888629e-02  -2.1900395e-01   4.6307644e-02   5.6544304e-02   1.7308293e-01   1.8286384e-01
  -5.9111777e-02   0.0000000e+00  -2.4074141e-01  -6.3877409e-02   6.9968610e-02   2.6749534e-01   6.7253767e-03  -3.7224560e-02   7.9653099e-02  -2.7256551e-01   1.8511845e-01   4.8829535e-01  -8.5054777e-02  -7.0869400e-02  -1.8829550e-01  -2.7064730e-01  -1.9696718e-01  -9.3146165e-02  -1.7525965e-01   6.0631285e-02  -1.1699425e-01   1.8951072e-01  -1.9159756e-01   7.9382032e-03  -3.5638466e-01   2.7005523e-02   3.4443136e-01  -3.0945896e-01  -7.4150163e-02   4.0053233e-01   1.3070822e-01   1.4491868e-01  -2.7306102e-01   2.3736634e-01   5.6524256e-04   1.6282729e-01   1.6743061e-01  -1.3723945e-01  -3.0632453e-01   2.2299096e-01   8.7527103e-02  -3.6809154e-01   1.7705694e-01  -1.6440285e-01   3.5843830e-02  -8.4674287e-02   9.9192961e-02   2.9002804e-01  -1.4484973e-02  -3.0560635e-01   5.1119202e-02  -9.6606829e-02   2.8139506e-01  -1.1841584e-01  -1.0721454e-01  -1.5101633e-01  -1.5210614e-01   3.6565876e-01   3.5025038e-02   2.2527584e-01   1.6746452e-01   1.1439119e-01   1.0689331e-01  -4.8566564e-02   2.1653915e-01   1.1929144e-02   4.8864264e-01  -5.1781954e-01   1.4918070e-01  -1.3728464e-02   3.1627183e-01   2.0520961e-01  -1.5062451e-01  -8.7230308e-04   5.4030008e-02   3.1661443e-01   4.1294381e-02  -4.4068732e-02   2.7182528e-01  -1.7605714e-02  -1.7226325e-01  -2.1817812e-01  -2.2694681e-01   1.3777539e-01  -1.0116265e-01  -2.3112882e-02   1.9349373e-01   7.6651780e-02   2.3832717e-01   2.8501965e-03   2.4590611e-01  -2.9030493e-01  -1.1563681e-01   2.6266861e-01  -8.2326545e-02  -6.3462704e-03  -3.5298595e-01  -1.2825610e-01  -4.1162004e-02   4.2405246e-02  -2.8611905e-01  -8.9693492e-02   2.8887458e-01   3.0277000e-01   3.0044097e-01   2.6955316e-01  -2.5908738e-01   2.5195854e-01  -2.0350996e-01   1.2729785e-01  -2.5229688e-01   5.2866498e-02  -4.6988136e-02  -3.2417065e-02  -2.8605236e-01   1.8034885e-01  -1.8735003e-01  -2.2277728e-02  -2.8872475e-01   1.1930558e-01  -3.3695310e-02   1.0138979e-01  -6.6369576e-02   2.6823688e-01  -9.7851477e-02  -1.6264668e-01   1.9629940e-02  -1.8804000e-01   6.5532950e-02  -3.3383757e-02  -2.3521332e-01   2.6182495e-01   3.6128884e-01  -7.3969821e-02   3.2685100e-02   1.7552781e-01  -1.2909135e-01  -2.6760835e-02   4.2217951e-01  -9.8992119e-02  -2.9235875e-01  -2.3262855e-01   1.5253586e-01  -4.0732551e-03  -1.4870518e-01   3.3678923e-01   1.5160318e-01   3.9559680e-01   1.0923385e-01  -7.6675063e-03  -2.0758917e-01  -4.3453680e-03  -3.1003043e-01   1.1679852e-01  -1.5571977e-02   5.7027646e-02  -4.9889699e-02  -5.6147258e-02  -2.9469115e-01   6.8242519e-02  -3.5864247e-01   1.9708736e-01   8.7436914e-03   1.3082277e-01   1.4989095e-01   2.3630880e-01   2.8015827e-01  -1.4173535e-01  -2.2012892e-01  -1.4127499e-01   3.1919923e-01  -1.8796368e-01  -1.3161805e-01  -4.9996257e-03   2.4418527e-01   9.1046069e-04   2.5737148e-01
  -9.5453651e-02  -2.4074141e-01   0.0000000e+00  -2.0928479e-01   4.2184343e-01  -1.2461985e-01  -2.3486338e-01  -2.8354271e-01   3.2176007e-01   4.1764893e-02  -3.5145029e-01   1.0098971e-01   1.8204981e-01  -1.9870178e-01  -8.1857979e-02   3.5542438e-01   8.5352840e-01  -2.5481836e-01   1.1906981e-01   3.4586910e-01  -3.6671231e-01  -2.7871756e-01   2.3214430e-02  -8.2345642e-02   2.6099164e-01  -1.1476529e-01  -1.0645478e-01   5.6276950e-02   1.7213222e-01  -3.7524359e-01  -2.7418538e-01  -2.5395826e-01   2.5965674e-01   4.3912808e-02   4.8768446e-01   1.2031344e-02  -4.7120636e-01  -9.4674504e-02   2.8321920e-01   6.1916951e-01   3.0644214e-03   3.0496338e-01   4.0967437e-01  -1.3819514e-01  -2.9696832e-01  -1.0751255e-01  -3.3966680e-01  -5.5671368e-01  -2.4083337e-01   7.8232040e-01  -4.6291046e-01  -1.6267568e-01  -2.3464585e-01   3.6300496e-01   9.9477650e-02  -2.3875115e-01  -1.2528751e-01  -3.5496572e-01  -1.5312797e-01   5.9620102e-02   9.7002112e-02   1.4843437e-01   4.2205820e-01  -3.6223999e-01  -2.4191099e-01  -1.9900055e-01  -2.7225071e-02   3.1406362e-01  -3.5576717e-01   1.2029779e-01   3.4345087e-01  -1.4627754e-01  -8.4035782e-02   8.9736423e-02   1.6239585e-01  -2.0638584e-01   2.4201641e-02  -9.0120386e-02   2.7988869e-01   2.7419307e-01  -1.6194636e-01   2.0559538e-02   3.6768853e-01  -2.5691178e-01   2.4610424e-01  -1.5731912e-01  -1.2284113e-01   2.1515726e-01  -1.1706856e-01  -1.0183810e-01   2.4904398e-01   5.9930763e-01   1.6702757e-01   5.8592868e-02  -3.1783994e-01   4.7932211e-01   3.7321982e-01   3.0008295e-02   2.9553205e-01  -5.1044795e-01   4.5561721e-01  -1.5935518e-01  -4.2764251e-01  -3.3000696e-01  -5.9654629e-01  -1.6681449e-01   5.6295009e-01  -3.2297700e-01   2.8906781e-04  -3.8957126e-01   4.9776663e-01  -2.6053930e-01  -4.8844489e-02  -1.2580778e-01   3.5950743e-01   3.2092526e-01  -2.2358297e-01   1.6703586e-02   1.4077679e-01  -1.4299401e-01  -1.4002393e-02   4.2584454e-01   1.8277476e-01  -2.9374694e-01  -2.3584988e-01  -2.4670771e-02  -1.5206136e-01   3.3295650e-01  -1.3528374e-01   7.8875598e-02   1.7345964e-01   4.5625950e-02  -3.2184503e-01   4.7260072e-02   6.3344589e-02  -1.3491645e-01   4.8415791e-01  -1.9497729e-01  -1.0838387e-01  -9.5491536e-02   7.9639218e-02   2.8841572e-01  -2.2586795e-01   3.1204342e-01   3.3202249e-02  -3.4651028e-01   5.2367526e-01  -5.3611774e-01  -4.6663441e-01  -2.3220536e-01   3.0148396e-01  -2.6149389e-01   5.3451223e-01  -2.6189240e-01   7.8552987e-01  -2.2527992e-01  -2.2662827e-01  -5.5002109e-02   6.1458061e-01  -3.2863202e-01   3.0318039e-01  -3.8803635e-01  -3.8054849e-01  -3.4978712e-01  -2.1179496e-01   2.5966072e-01  -1.7732317e-01  -5.0757035e-02   3.0109476e-01   3.9760188e-01   2.9499115e-01  -5.9175421e-02   1.2523784e-01  -1.2005859e-01   2.7343943e-02  -4.0093362e-02  -1.5353362e-01
   1.9375341e-01  -6.3877409e-02  -2.0928479e-01   0.0000000e+00  -1.7105879e-01   2.0439187e-01   2.8487321e-03   4.1301166e-01   1.4954607e-01  -1.7211978e-01   2.6160294e-01   5.3110654e-03  -1.6144641e-02   1.2195862e-01   1.4373772e-01  -6.8266792e-02  -1.5458126e-01   3.9493741e-01   1.3477002e-01  -9.4116431e-02   9.9313108e-02   5.8009737e-01   1.4100058e-02   1.4050904e-01  -2.9335981e-01   1.5046847e-01   1.0943862e-01  -7.0833200e-02  -1.5228223e-01   4.7841503e-01   3.4533396e-01   5.0584034e-01  -4.7691228e-02  -2.8500343e-01  -2.2061515e-01  -2.0720624e-02  -2.8766658e-02   1.4126822e-01   7.2738920e-02  -2.7267034e-01   1.9863359e-01  -1.1441577e-01  -3.3645880e-01   3.1234894e-01   1.6211985e-01   1.5346379e-01   2.9273835e-01   2.5956136e-02   2.2366499e-01  -3.6158842e-01   4.2540250e-01   2.8469170e-01  -1.4566428e-01   4.1587584e-02   1.0630563e-01   1.7811400e-01   2.7426127e-01   5.1639298e-01   5.0314626e-01   4.0727128e-01   1.0767419e-01   7.0277507e-02   2.3993560e-03   2.1923306e-01  -2.9889741e-02  -1.6953906e-01   3.4850475e-01  -4.0526372e-01   4.5560530e-01  -6.7598689e-03  -2.9548608e-01   4.1111636e-01   6.4544580e-02   2.0104520e-01  -9.8916546e-02   3.8306155e-01   5.9697748e-02   1.9389916e-01  -2.0395637e-01   1.2699937e-01   4.2040374e-02  -1.3176926e-01  -2.4305893e-01   2.1205519e-01   1.9446018e-01   4.2810310e-01   4.2783760e-02  -3.2371507e-02  -4.9755736e-02   1.6644609e-01  -2.3975107e-01   3.3734778e-02  -2.9340316e-01   2.7672757e-01   2.5250436e-02  -1.5859802e-01  -3.1472883e-01   2.0763035e-01  -1.3959223e-01   1.9789921e-01  -3.4453587e-02   2.5693120e-01   3.9794410e-01   3.9260406e-01   4.1139471e-01   5.5376012e-01  -9.0713473e-02   4.0467515e-01  -1.4652825e-01   1.4895213e-01  -3.5248734e-01   6.2110873e-01   2.4662694e-01   1.8098325e-01  -7.2936654e-02  -1.4661462e-01   1.9940709e-01   8.5081315e-02  -7.6256172e-02   6.1511519e-01   8.1600672e-02  -2.9777465e-01  -4.8733938e-01   1.0879085e-01   2.6470623e-01   1.4636525e-01   2.8374192e-01   1.6038966e-01   7.2496742e-01  -1.0030718e-02  -2.8351867e-01  -9.6247684e-02   3.1246056e-01   9.6688655e-02   4.0258972e-01   4.4829604e-01   8.5068307e-03   1.2542636e-02   3.6388069e-01   3.6805207e-01  -4.5633516e-02  -1.8631195e-01   1.9422451e-01  -2.2063747e-01   2.4873732e-01  -4.6967396e-02  -3.9671454e-01   1.3064113e-01   1.5322553e-01  -1.0496167e-01  -3.2050740e-02   1.8213472e-01  -1.7292173e-03  -4.9088793e-02  -2.4678848e-01   3.3018198e-01   8.2060215e-02   3.5270739e-01   1.1449655e-01   1.5186879e-01  -4.3707317e-01   2.9461641e-01   8.3131943e-02   6.1899497e-01   5.8055980e-01  -2.5574094e-01  -1.6306750e-01   3.3820661e-01   1.2753203e-01  -1.0679726e-01  -3.0491612e-01  -2.0674529e-01  -5.2437830e-02   2.2057643e-01   1.1872935e-01   3.0951577e-01   5.3031474e-01
  -2.5274814e-01   6.9968610e-02   4.2184343e-01  -1.7105879e-01   0.0000000e+00   2.1155644e-02  -4.0964448e-01  -9.1494327e-02   4.5145571e-01  -7.4947926e-02  -3.2420815e-02   1.0785339e-01   1.4524376e-01  -4.3067115e-01  -4.1760573e-01   1.8757022e-01   4.2881750e-01   1.7650048e-01  -2.4195833e-02   7.6933202e-01  -2.9589215e-01  -2.8392951e-01  -2.4720368e-01  -2.3176665e-01   1.5506683e-01   1.5020166e-01   2.1307871e-01  -4.3305241e-01   1.6666315e-01  -2.7333321e-01  -2.7344302e-01   2.2848404e-02  -6.6450498e-02   1.5010722e-01   1.6827045e-01   4.1070822e-01  -1.2813158e-01  -4.6796870e-01   2.9835385e-01   5.5809770e-01   1.3536574e-01   9.0076287e-02   5.4342895e-01  -2.5045946e-01   9.9291941e-02  -1.7983191e-01  -1.4655452e-01  -2.5213739e-01  -1.8027279e-02   5.3787598e-01  -2.6999283e-01   6.4030559e-02   6.0140553e-02   2.4211747e-01  -1.6853377e-01  -3.8489057e-01  -1.5455505e-01  -3.0970910e-01   8.0611513e-02   7.8791778e-02   2.1290410e-01   2.6998469e-01   5.5036588e-01  -4.1596108e-01   2.9792371e-01  -2.2527454e-01   1.0829373e-01   1.4741577e-01  -1.3853324e-01  -2.5569603e-01   5.1041344e-01   2.2241369e-01  -2.2728032e-02  -6.0296520e-02   3.3955011e-01  -8.0148921e-02   2.2075513e-02   6.1669339e-03   7.0421062e-01   4.1049684e-01  -5.2438109e-01  -1.3658333e-01   2.6058580e-01   4.5256176e-02  -9.3188901e-02  -2.7846254e-01  -9.0972741e-02  -1.2037161e-01  -3.4031156e-02  -2.6126941e-01   7.3761393e-01   4.0840820e-01   1.3539584e-01   3.3159845e-01  -5.3833400e-01   6.9644430e-01   3.4371836e-01  -1.1456460e-01   4.7066973e-01  -3.0309370e-01   1.0785264e-01  -2.6396155e-01  -4.0295506e-01  -2.6472220e-01  -1.2416977e-01  -1.1126178e-02   4.0087436e-01   4.4621226e-02  -6.5919344e-02  -3.2668811e-01   1.3275037e-01  -3.3659541e-01   1.6713230e-01  -2.8746507e-01  -2.5648533e-01   6.5351854e-01  -1.3867743e-01   4.6769164e-02  -3.1165259e-01   1.5294637e-02   1.3682991e-01   7.7054602e-01   2.0351203e-01   4.4645484e-01  -3.3207403e-01  -4.1860926e-01  -7.2050488e-02   3.6907532e-01   5.8379678e-02  -2.2801254e-01   1.7073205e-01   4.1324420e-01  -3.2519085e-01  -1.8518055e-01   1.7396691e-01  -1.8778909e-01   5.9259119e-01  -4.1722479e-01   5.9511457e-02  -3.6808446e-01  -2.6170362e-01   2.6150813e-01   2.5185953e-02  -2.0301812e-01  -2.7558773e-01   1.1410398e-01   3.7336500e-01  -6.5443583e-02  -5.1620868e-01   2.8581203e-02  -1.3865152e-01  -4.3208356e-01   2.1994864e-01   8.0995572e-02   4.6448904e-01  -2.4400451e-01  -2.5847702e-01   7.1268828e-02   4.3069247e-01  -3.8277496e-01   2.8874247e-01  -1.1666808e-01  -1.6667712e-01  -4.1184009e-02   1.3916916e-02   6.1964479e-01   1.9362942e-01  -2.6979264e-01  -1.3098435e-01   4.4196579e-01   6.1069798e-01  -1.6373250e-01   5.5619444e-01  -4.8839885e-01   7.3345241e-02  -1.8190357e-01  -2.7477005e-02
  -9.9079480e-02   2.6749534e-01  -1.2461985e-01   2.0439187e-01   2.1155644e-02   0.0000000e+00   2.3691771e-01   1.8127069e-01  -3.8399007e-02  -9.7449882e-02   5.3222814e-01   1.9359818e-01   7.7749932e-02   8.6472678e-02   7.7990225e-02   4.8748573e-02  -8.2667625e-02   1.8263627e-01   2.4897840e-03   6.1006045e-02   9.0162710e-02   2.4790964e-01  -7.7541583e-02   6.0640012e-02  -2.7709161e-01   2.0814421e-01   4.8361675e-01  -7.3358265e-02  -1.7153958e-01   3.2215861e-01   5.5827406e-02   3.1729179e-01  -3.1714054e-02   4.1309577e-02  -1.3923739e-01   3.3492955e-01   9.9122568e-02   1.7955333e-02  -1.1856938e-02   1.7592967e-01   6.3302264e-02  -3.2237204e-01  -1.1983578e-01   4.8208640e-02   5.7140859e-02   2.5749757e-01   5.3414211e-01   2.6789450e-01   1.3493493e-02  -2.5385102e-01   3.8037917e-01   6.3726070e-02  -6.4135891e-02  -6.3153068e-02  -1.5748966e-02   2.8690638e-01   4.3491766e-02   3.3952865e-01   1.5169971e-01   1.7957011e-01   2.8366170e-01   2.3826677e-01  -2.1710119e-01   1.3498560e-01  -1.7286768e-01   2.4041626e-01   6.6218283e-01  -4.9599304e-01   5.3786235e-01   3.2022163e-01  -1.8146112e-01   2.6300546e-01  -1.0009897e-01   1.0345408e-01  -1.1600938e-01   1.0907865e-01   2.7193378e-01   3.8280086e-01  -1.8747403e-02  -2.6756799e-03   6.2544744e-02  -5.8303302e-02  -1.6615355e-01   4.0574903e-01   7.3290355e-02   3.1680226e-02   9.5016475e-02  -6.9416252e-02  -7.4202146e-02  -1.4679446e-02   3.6457443e-02  -5.3808428e-02   2.3696026e-01   2.0172532e-01  -6.3533738e-02   1.7808354e-01  -3.9631736e-01   1.4062557e-01  -2.3633426e-01   2.6933272e-01  -1.3732170e-01   1.0993922e-01   2.3673791e-01   2.7923740e-01   4.1364924e-01   2.7726024e-01  -2.3552355e-01   5.3954837e-01  -2.3535568e-01   4.3283797e-01  -1.0280586e-01   2.7768615e-01  -1.4950048e-01   6.3871029e-02   1.9271726e-02  -2.2549114e-01   2.6460408e-01   2.0317511e-02   5.9253844e-02   2.2312594e-01   1.1882289e-01   1.0553940e-01  -3.2858911e-01  -4.2826180e-02   2.4752092e-01   1.2787834e-01   2.0133906e-01  -9.0821992e-02   2.0636894e-01   2.8546404e-01  -1.9447161e-01  -1.6036245e-01   1.6065032e-01   4.9086810e-02   1.4395686e-01   8.8982340e-02  -1.5569181e-01   1.7306466e-01   1.9194605e-01   2.0649595e-02  -4.0288131e-01  -2.1295357e-01   3.2209811e-01   1.3422023e-01  -5.4334681e-02   1.2436287e-01  -6.1459974e-02   2.9104904e-01   4.3138283e-01  -1.1889002e-01   1.3256812e-01   9.6106288e-02  -1.9326590e-02   1.4614328e-01  -1.2318820e-01   1.4790515e-01   1.4507253e-01   1.5851735e-01  -1.1492061e-01   2.4801960e-01  -4.0533839e-01   3.0031211e-01   2.6764227e-01   2.2516576e-01   2.9094984e-01  -1.1153892e-01   2.0142276e-01   2.2534835e-01  -3.1324630e-02  -4.5723742e-02  -3.1309544e-02  -3.3195206e-01  -2.6843842e-01   3.3049858e-01   1.5841764e-01   8.5450203e-02   3.3881971e-01
  -7.7377014e-02   6.7253767e-03  -2.3486338e-01   2.8487321e-03  -4.0964448e-01   2.3691771e-01   0.0000000e+00  -1.0285523e-01  -2.4543167e-01   4.1869166e-01   8.4924318e-02   1.3413972e-01   1.1132614e-02   2.5203178e-01   7.0050147e-01  -4.8009299e-02  -3.6514704e-01  -4.3536649e-02  -1.0240134e-02  -1.8766155e-01   3.1340907e-01   2.2521117e-01   7.1114096e-01  -1.7084788e-01  -2.6339483e-01  -1.9449483e-01  -4.8874275e-02   4.9927429e-01  -1.0799503e-01   1.5539447e-01   2.6309871e-01   1.8942217e-02  -9.2924865e-02   2.3374205e-01   3.0807303e-01   1.1461593e-01   1.5458241e-01   1.5035878e-03  -2.9020933e-01  -1.8470270e-01   8.7307854e-02  -1.3753812e-01  -2.8854205e-01   1.6673610e-01   2.6185931e-01  -1.5983380e-01   1.5367668e-01   5.5992064e-01  -1.8473717e-01  -3.7396605e-01   3.2283245e-01  -2.6099135e-01   8.4360889e-02  -1.7659450e-01   1.7217028e-01   3.2246610e-01  -4.5328939e-02   2.1344814e-01  -9.6083184e-02   2.7643386e-02  -2.1258848e-01  -1.7762291e-01  -3.6029373e-01   3.3962263e-01  -3.7369909e-01   6.7097133e-01   5.4123893e-02  -2.8452176e-01   2.9792911e-02   1.6349146e-01  -2.5336514e-01   9.1643405e-02  -1.4437071e-02  -9.0417898e-02  -3.7468788e-01   8.1584281e-02  -1.8920138e-01   2.0781932e-01  -2.1545362e-01  -8.6173856e-02   5.2989315e-01   1.4669398e-01  -2.3619234e-02  -8.8240304e-02  -1.2548360e-01   2.9101433e-01   2.8225957e-01  -8.8488232e-02  -1.0238645e-01  -1.5151491e-01  -4.1387877e-01  -4.6816717e-01   4.4852235e-01  -1.0588293e-01  -2.0215126e-02  -3.8224501e-01  -3.0759692e-01   1.8589666e-02  -3.4742209e-01   5.3359750e-01  -1.9426558e-01   1.4526879e-01   3.6904506e-01   1.6514323e-01   1.3563734e-01   8.8688421e-02  -4.1874224e-01   2.7381098e-03   2.7999318e-01   1.7783040e-01   3.9770983e-01   1.2196538e-01  -1.0621376e-01  -5.7053644e-02   3.6732050e-01  -5.8080199e-01   1.9526257e-01   9.9773690e-02   2.4294329e-01  -6.2060094e-03  -1.6997321e-01  -3.1415899e-01  -3.4631238e-01  -3.4098345e-01  -6.2443451e-02   2.4592190e-01   2.1624064e-01  -2.3247515e-01   2.5355705e-02   4.5340888e-02  -1.5031599e-01  -1.3098031e-01   3.3919869e-02   2.1891688e-01   8.9581385e-03   5.9421582e-02  -3.0213826e-01   5.2372079e-01  -1.0562731e-01  -5.7086566e-02  -2.0433673e-01  -2.2797776e-01  -2.5104498e-01   2.0344230e-01   3.4884474e-01  -1.7649054e-01   1.9024115e-01  -1.0196447e-01   6.5488298e-01   3.3634125e-01   1.0520014e-02   3.5828055e-01  -2.4775680e-01   1.7147954e-02  -3.4249773e-01  -9.4822273e-02  -1.7563748e-01  -1.1973610e-01  -4.9224241e-01   4.0756693e-01  -3.6559121e-01  -1.6068652e-01   1.2297943e-01   1.0420222e-01  -6.3778555e-02  -2.8809350e-01   1.9317235e-02   1.5472265e-01  -1.9350014e-01  -2.3474796e-01  -3.5236400e-01  -3.1786222e-01  -4.6101852e-01   2.0861386e-01   3.2001009e-02   8.5513338e-02   1.2832548e-02
   2.0266999e-02  -3.7224560e-02  -2.8354271e-01   4.1301166e-01  -9.1494327e-02   1.8127069e-01  -1.0285523e-01   0.0000000e+00  -5.7596130e-02  -1.7730499e-01   3.8101671e-01  -2.2751896e-01  -1.3526844e-02  -1.8670982e-01  -7.4550507e-02   1.2046296e-02  -2.1217549e-01   2.0194789e-01   1.2079485e-01  -3.2002766e-01   2.9935029e-02   4.2123760e-01  -1.9159647e-01  -5.9578123e-02  -2.2814792e-01   5.2454362e-01   3.4625397e-02  -2.6160553e-01  -2.2997668e-03   4.1939616e-01   1.3231002e-01   4.9594535e-01   1.6251464e-01  -3.1664790e-01  -3.5583462e-01   8.2913589e-02   1.8698903e-01  -8.2807806e-02   1.8861106e-01  -2.7693259e-01   2.5017936e-01  -7.2785857e-02  -2.4593772e-01   4.2183667e-01  -1.3460359e-02   7.8369353e-02   3.3911159e-01   1.0353012e-01   1.8376836e-01  -2.8510699e-01   3.6317105e-01   4.9300574e-01   3.2135675e-03  -6.1717123e-02  -2.1841861e-01   3.0330403e-01   1.1677248e-01   4.1229985e-01   5.0631625e-01   2.0323196e-01   1.1226699e-01   2.5693321e-02  -8.8942286e-02   1.9426501e-01   1.9187324e-01  -9.2160199e-02   2.7526737e-01  -2.1851689e-01   5.6823967e-01  -2.8548691e-01  -1.3245484e-01   1.5531506e-01   2.5926041e-01   1.3463294e-01  -1.6943719e-02   2.8852722e-01   5.0584812e-02   4.1380830e-01  -1.1079289e-01  -1.5563582e-03   5.2023004e-02   1.1366097e-01  -1.4033657e-01   6.5622456e-01  -1.7699753e-01   2.2763894e-01  -2.9472807e-01  -2.6893379e-01   1.4100353e-01   2.8354700e-02   5.0417945e-02  -6.3306652e-02  -3.1413447e-01   2.3502400e-01   9.6393598e-02  -1.3972716e-01  -2.5883055e-01   4.0171348e-01  -1.9308086e-01   1.2596585e-01  -1.5761248e-01   3.8788542e-02   1.9043409e-01   2.8785385e-01   3.8059786e-01   3.9151458e-01  -4.3516785e-02   6.3377670e-01  -1.4470375e-01   2.9491625e-01  -4.4080477e-01   4.0663024e-01   9.9475730e-02   2.3090512e-02  -3.0325469e-01   1.1474052e-01   3.3305663e-01   2.3229315e-01  -2.2456265e-01   4.5447466e-01  -4.5147740e-02  -1.4213991e-01  -1.7312184e-01   1.4663620e-01   1.4527899e-01  -1.0600387e-01   4.0722337e-02   1.7343699e-01   3.4372921e-01  -2.3379730e-01   4.9093454e-02  -3.5411836e-02   3.1291472e-01   1.3683964e-01   1.0106413e-01   4.3849542e-01   3.6517514e-02   4.8870199e-02   2.4502018e-01   2.5135238e-01  -1.5566366e-01  -9.1480456e-02   5.1244215e-01  -4.3626289e-01  -5.9190623e-02   2.5462106e-01  -3.3320208e-01   1.8200852e-01   7.3329106e-02  -3.1652405e-02  -2.2866261e-01   3.1253956e-01  -1.4153235e-01   1.8658968e-01  -1.8973971e-01   1.3410892e-01   1.0646741e-01   3.3707945e-01   1.8375776e-02   3.0051472e-01  -2.5570057e-01   4.7379525e-01   1.3692911e-01   3.1050866e-01   5.9849181e-01  -1.5620003e-01   2.5390747e-02   9.9853919e-02  -9.4809938e-02  -4.6428783e-02  -4.1202935e-02  -1.9139094e-01  -4.7734638e-02   6.0878363e-02   1.1989921e-01   2.6790691e-01   4.0561838e-01
  -3.6640555e-02   7.9653099e-02   3.2176007e-01   1.4954607e-01   4.5145571e-01  -3.8399007e-02  -2.4543167e-01  -5.7596130e-02   0.0000000e+00  -1.6727291e-01  -1.9162939e-01   4.2676744e-01  -1.8468177e-02  -1.9693432e-01  -1.3427910e-01  -1.0957532e-01   2.0316532e-01   1.0203731e-01   4.0552930e-02   5.9092249e-01  -3.0247564e-01   1.0608334e-01  -1.8131653e-01  -1.2396303e-02  -4.8503166e-02   4.3792595e-02  -6.7664104e-02  -1.9597318e-01   2.0161227e-02   1.1300657e-01   9.0807144e-02   1.2858317e-01  -3.1954603e-01  -1.9794981e-01   3.2384431e-01  -9.1549239e-02  -4.2582339e-01  -2.5276998e-01   1.2106174e-02   2.8974001e-01   8.7641019e-02  -9.2763129e-02   5.2751775e-01   1.3208438e-02  -3.5185249e-02  -1.6977056e-01  -3.2257414e-01  -3.2264762e-01  -2.3554327e-01   2.1888508e-01  -1.1859037e-01   1.7257915e-03  -1.9635467e-01   1.3002988e-01   1.0489567e-01  -3.0375834e-01   4.1996015e-02  -1.2513048e-02   1.7528743e-01   4.1962512e-01   1.6771613e-01   1.5154918e-01   5.9156469e-01  -1.9431154e-01   5.4942614e-03  -3.2390235e-01   1.1876867e-01  -6.1470832e-02  -1.0251023e-01  -2.5272763e-01   1.7432166e-01   3.4749948e-01  -1.9559613e-01   4.3922240e-02   2.8350386e-01   3.0765148e-01   1.9774562e-01  -7.9417647e-02   3.5103913e-01   3.1186284e-01  -2.4324747e-01  -4.5883751e-01  -8.3608660e-02  -9.8517891e-02  -2.3778796e-02   1.5466261e-01   2.7604887e-01   1.7281949e-01   9.3395778e-02  -1.5618399e-01   1.7399149e-01   3.8726231e-01  -1.8166174e-01   5.6432014e-01  -1.9165070e-01   1.8818289e-01   7.2707102e-02  -3.2922232e-02   2.4533980e-01  -2.6001088e-01   3.4138949e-02  -3.1021379e-01  -3.3801484e-02   2.7611323e-01  -6.2936383e-02   2.5908548e-01   3.1469674e-01   8.7947108e-02  -2.2872352e-01  -5.0804698e-01  -7.1270287e-02   1.4824377e-03   4.0745267e-01  -5.8855799e-02  -4.6387457e-02   1.6624858e-01   1.7707530e-02  -4.8517254e-02  -1.7561360e-01   3.1433106e-01   3.1420164e-01   2.1322765e-01   3.9177430e-02   1.2913429e-01  -2.2686475e-01  -1.0147332e-01   2.3444716e-01   2.1525450e-01   4.4919473e-01  -2.4969551e-01  -2.0212320e-01   1.0516751e-01  -6.1971496e-02  -1.9356513e-01   5.1437112e-01   1.5656314e-01   3.1059631e-01  -3.9729497e-01   2.1313295e-01  -2.0258529e-02   7.4515751e-02   1.2857690e-02  -3.9137017e-02  -8.9559740e-02   3.4855829e-02   4.6502977e-02   1.6548518e-01  -3.1438170e-01  -4.1281735e-01  -2.3363741e-01  -7.1608651e-02  -1.9502134e-01   2.5267010e-01  -3.1623166e-01   2.7834011e-01  -1.9020802e-02  -1.3595891e-01  -1.0554706e-02   3.4172263e-01  -8.0472843e-02   2.0972404e-02  -1.0973488e-01  -3.2086088e-01   2.8611153e-01   8.8561856e-02   2.8406817e-01  -1.6272386e-01  -8.5233145e-02  -5.6762512e-02   2.0030774e-02   1.3030736e-01  -2.0762062e-02   3.5004929e-01  -2.9884724e-01   2.2266183e-01  -1.8811198e-01   1.7120751e-01
   8.9050410e-02  -2.7256551e-01   4.1764893e-02  -1.7211978e-01  -7.4947926e-02  -9.7449882e-02   4.1869166e-01  -1.7730499e-01  -1.6727291e-01   0.0000000e+00  -6.6413861e-02  -1.6710899e-01   2.1184394e-01   1.1315747e-01   5.2747199e-01   1.2443344e-01  -2.8659792e-02   1.1338550e-01  -1.0678226e-01  -5.9917829e-02   3.3523184e-01  -7.3355396e-02   5.7378693e-01  -1.0035560e-01   5.6631090e-02  -8.3011298e-02  -2.4805691e-01   3.7710467e-01  -1.0654300e-01  -9.6365648e-02   1.1552605e-01  -1.6032070e-01  -8.1253695e-02   2.0089294e-01   1.3559001e-01   1.3500161e-01   1.7534548e-01   1.0176509e-01  -1.8118794e-01  -1.8011380e-01   1.2384949e-01   4.9547904e-02  -2.8688951e-01  -2.7145975e-02   3.5044327e-01  -6.4062693e-02  -2.1377757e-02   2.8025742e-01  -6.1857888e-03  -4.4637341e-02   1.3821668e-01  -1.9234758e-01  -2.0573392e-03   3.6548373e-02   6.5967154e-02   1.7507893e-01  -8.8700425e-02  -1.9701136e-01  -1.1719659e-01  -2.4616762e-01  -1.2776938e-01   6.8914676e-02  -2.8347398e-01   1.2772033e-01  -6.4715441e-03   5.4065431e-01  -2.0622261e-01   1.0267759e-01  -1.7965660e-01   1.5720688e-01  -9.9435625e-02  -2.7683471e-02   2.4556568e-01  -5.9011916e-02  -1.6971160e-01  -2.1075284e-01  -1.5005748e-01  -7.4878321e-02   1.2984367e-02   2.5645860e-02   1.9462792e-01   2.4714898e-01   1.7725417e-01  -1.3094100e-01   8.3715851e-02   1.4415586e-02   1.2787639e-01  -1.3413540e-01  -2.0079526e-01   4.7334398e-02  -1.4806094e-01  -1.9115092e-01   2.5279772e-01  -3.0435233e-01  -7.5379430e-02  -4.8371962e-02   1.2855463e-02  -1.3348344e-01  -7.1719163e-02   3.7326493e-01   2.1168319e-01   2.6774998e-01  -4.3498744e-02  -2.0248406e-01  -1.1371761e-01  -1.6411100e-01  -1.0300729e-01  -2.0704156e-01   5.8368825e-01  -1.8876825e-02   4.2098734e-01  -1.3036714e-01  -6.6071071e-02   1.2151358e-01   3.8472073e-01  -3.0585249e-01   6.4856217e-02   2.7374815e-01   1.6023958e-01  -1.3820814e-01  -4.1155781e-02  -1.3260515e-01  -4.8894574e-02  -1.0131626e-01  -9.0768800e-03   1.5712538e-01   1.8894081e-01  -1.3972376e-01  -1.5313700e-01  -7.3526278e-03   2.7045214e-02  -7.0759627e-02  -1.1934799e-01   3.1796625e-01  -2.4245108e-01  -1.9647829e-01  -3.5299053e-02   3.5987743e-01  -2.7313155e-01  -1.6445215e-02   2.4833047e-02   1.0942309e-01  -2.3848861e-01   1.9201012e-04   3.2232884e-01  -2.0454963e-01   1.4682770e-01  -1.3190009e-01   2.4160055e-01   5.4511273e-01   2.4600631e-01   2.7556102e-02   1.5837610e-01   2.3882231e-02  -2.1506221e-01  -6.7642483e-02  -1.1622366e-01   8.0704712e-02  -2.4460015e-01  -6.9850405e-02  -4.2263103e-03  -1.9708716e-01   2.8168129e-01  -1.1568393e-01  -2.2259253e-01  -2.6251580e-01  -1.5112592e-01  -1.0524419e-01   3.6195065e-02   4.3903030e-03  -1.8011594e-01  -2.4147264e-01  -7.0680975e-02  -1.3382429e-01  -4.2943829e-02   1.1494599e-01  -1.2605806e-01
  -1.0403858e-01   1.8511845e-01  -3.5145029e-01   2.6160294e-01  -3.2420815e-02   5.3222814e-01   8.4924318e-02   3.8101671e-01  -1.9162939e-01  -6.6413861e-02   0.0000000e+00  -5.1392620e-02   2.8180082e-03  -3.2038783e-02   1.1966323e-01  -9.7735292e-02  -1.1641628e-01   4.4233103e-01  -2.9462304e-02  -1.2074506e-01   3.5502009e-01   4.0475060e-01  -1.4194464e-01   2.2470520e-02  -4.0222570e-01   1.6465897e-01   4.8903232e-01  -2.0192794e-01  -2.2853515e-01   4.4332597e-01   3.1427885e-01   3.4995817e-01  -1.2573606e-02  -1.5068121e-02  -4.2306991e-01   3.5750762e-01   3.1396583e-01  -3.5662900e-02   5.2607168e-04  -1.4728653e-01   3.0377952e-01  -4.2586696e-01  -3.7779908e-01   2.7875069e-01   2.7734181e-01   2.8776496e-01   8.1647632e-01   4.3704582e-01   4.0056692e-01  -3.4154283e-01   5.7089535e-01   1.0714887e-01  -8.8651114e-03  -2.8011865e-02  -1.1373016e-01   3.7129132e-01   2.5070822e-02   4.1213994e-01   2.2523982e-01   7.4025937e-02   3.7412794e-01   3.0371240e-01  -3.1831644e-01   3.5601538e-01   1.3875240e-01   2.5753825e-01   5.6654961e-01  -4.3773797e-01   6.4693441e-01   1.3085888e-01  -2.8717705e-01   4.0224797e-01   1.4344627e-02  -4.0487035e-03  -8.3448703e-02   2.3572805e-01   2.5871903e-01   3.9853109e-01  -1.1211355e-01  -5.9813572e-02  -5.6783776e-02   5.2830631e-02  -4.1823608e-02   3.6168877e-01  -5.4525998e-02   1.0158743e-01   4.8307457e-02  -2.6835121e-01  -3.4582059e-02   4.3173481e-02   1.4406408e-01  -3.9182567e-02   4.4930513e-02   1.1327267e-01   6.2977771e-02   1.9844788e-01  -3.5901901e-01   1.2071429e-01  -2.3563782e-01   4.8545510e-01  -9.7085365e-02   3.3835893e-01   3.3230540e-01   3.0585452e-01   6.3187227e-01   3.1442742e-01  -2.3731862e-01   5.1869400e-01  -2.1551766e-02   6.5253785e-01  -1.9972432e-01   3.7185940e-01  -1.4320091e-02  -3.1569855e-02  -1.6251445e-01  -2.3169502e-01   1.6112043e-01   1.0599668e-01  -1.6215158e-02   2.3219650e-01   9.3307698e-02  -5.1205887e-02  -2.0512582e-01   2.2821373e-01   2.3138837e-01  -4.4964658e-02   2.9908363e-01   6.0847162e-02   2.3369775e-01   9.4921852e-02  -1.4013294e-01  -6.8040411e-02   2.3859562e-01   3.7473964e-01   1.9414533e-01   3.1879952e-01  -2.5794567e-01   1.8315789e-01   3.0646385e-01   5.0288258e-02  -3.1847219e-01  -2.1548914e-01   5.6392668e-01  -2.2705133e-01  -6.4421344e-03   2.8835399e-01  -4.0648489e-01   5.8512776e-01   4.7238941e-01   7.2947720e-02  -8.6000125e-02   1.3306605e-01  -2.2416990e-01   4.3929855e-01  -3.8531871e-01   1.8240107e-01   2.9731606e-01   1.5079305e-01  -6.0993801e-02   1.2227314e-01  -3.8723259e-01   4.8732150e-01   5.7716352e-01   3.2964837e-01   3.7559852e-01  -3.5911868e-01   1.8811176e-01   6.7441984e-02  -1.2759272e-01   3.7735276e-02  -2.3669757e-01  -1.5984644e-01  -7.8907701e-02   1.6330261e-01   2.0656824e-01   1.8380051e-01   4.1320325e-01
  -5.7578754e-02   4.8829535e-01   1.0098971e-01   5.3110654e-03   1.0785339e-01   1.9359818e-01   1.3413972e-01  -2.2751896e-01   4.2676744e-01  -1.6710899e-01  -5.1392620e-02   0.0000000e+00   5.3929731e-02   3.8567114e-02   6.8839546e-02  -3.4054565e-01  -2.9797332e-02  -2.8063247e-02  -2.7121141e-01   4.0857122e-01  -1.2860494e-01   1.4857609e-01  -6.8827253e-02   1.0173251e-01  -2.8530881e-01  -1.7181669e-01   1.6666283e-01   3.6738156e-02  -1.8936233e-01   3.4642549e-01   2.6913661e-01   8.8058085e-02  -5.1641934e-01   5.0768284e-02   2.9004417e-01  -8.4223790e-02  -2.1859813e-01  -1.4463584e-01  -3.1220175e-01   2.0588731e-01  -1.0925622e-01  -3.1968928e-01   2.8313747e-01  -5.8426684e-02   1.0283362e-01   1.0220229e-01  -1.0722978e-01   3.6372867e-02  -1.6783496e-01  -1.5505098e-01  -8.1316865e-04  -2.0831144e-01  -2.0304343e-01  -1.2439673e-01   7.7967350e-02  -1.0911726e-01  -1.3449303e-01   2.1247926e-01  -1.5085728e-02   4.9059940e-01   1.9085858e-01   2.1085613e-01   2.4622214e-01  -1.1033495e-01  -1.3325796e-01  -6.4344724e-02   2.8592558e-01  -3.7422618e-01  -1.1086983e-01   1.8205610e-01  -3.4341921e-02   3.6745053e-01  -4.5905387e-01   3.1793993e-01   3.3170782e-02   3.8011735e-01   2.5329775e-01  -1.5086423e-01   1.7398215e-01   7.4467861e-02   5.0539417e-02  -4.7414363e-01  -3.1621497e-01  -8.2224524e-02   1.5974540e-01   2.0767647e-01   3.0829654e-01   2.6260597e-01   1.9647353e-01  -1.9407619e-02  -6.7102599e-03   5.5002587e-02  -1.2994543e-01   2.8880486e-01  -1.5701743e-01  -3.3375788e-02  -2.7805240e-01  -2.5260923e-01   1.7687522e-02   3.1332902e-02   1.5644132e-03  -5.0272920e-02   3.2174661e-01   4.0376483e-01   8.8967073e-02   2.4609848e-01  -7.5041329e-02   4.7627922e-03  -1.8632934e-01  -2.8872209e-01  -6.0484415e-02   1.3123521e-01   1.1324059e-01   4.6532943e-02   3.6131428e-02  -7.4900480e-02  -7.1132862e-04  -6.7799578e-02  -2.9928088e-03   1.9140163e-01   2.4102010e-01   5.2270894e-02  -8.2116644e-02   4.8961495e-02  -3.6736830e-02   1.2904058e-01   3.9649106e-01  -2.4153775e-02   2.3029303e-01   7.6683056e-02  -3.0991482e-01   7.6550561e-02   3.4933893e-01  -1.5495612e-01   2.9784701e-01   1.2049189e-01  -9.2972913e-05  -1.4836569e-01   3.8053949e-01  -7.5691165e-02  -9.0916569e-03  -1.8549878e-01  -1.4112377e-01   2.8543244e-01   1.0127463e-01   3.6815359e-02   2.1589298e-01  -9.9724419e-02   5.3301162e-02  -2.5319994e-01   9.3982068e-02  -1.3677590e-02   4.2429277e-03  -2.6220408e-01   4.7333862e-02   5.1993557e-02   1.7848180e-02  -1.0808750e-01  -7.8294934e-02   1.1015519e-01  -2.7496495e-01  -2.9249374e-01  -1.5725683e-01   1.6274185e-01   3.3186383e-02   1.1168943e-01  -3.3366173e-02   2.0185943e-02   2.8815827e-02  -2.6051068e-01   1.0125438e-01  -5.9865903e-02  -2.6526072e-02  -2.3404595e-02   3.4231896e-01  -1.2896248e-01   1.1594977e-01
   1.6873587e-01  -8.5054777e-02   1.8204981e-01  -1.6144641e-02   1.4524376e-01   7.7749932e-02   1.1132614e-02  -1.3526844e-02  -1.8468177e-02   2.1184394e-01   2.8180082e-03   5.3929731e-02   0.0000000e+00  -9.5664499e-02  -6.8267018e-02   2.7635571e-02   7.5290605e-02   7.5410281e-02  -8.0357724e-02   7.1371072e-02  -1.5265906e-03  -1.7235031e-01   1.3357613e-02   9.0290431e-02  -7.3645500e-02   1.1435438e-02  -9.7951711e-03   1.4195893e-01  -2.1901499e-02  -1.3751869e-01  -1.1038760e-01  -8.2383326e-02  -1.2922815e-02   6.6913216e-02   1.2769443e-01   1.4927363e-01  -1.2860336e-01   2.8944548e-02   7.9954284e-02   1.4843532e-01   4.7216235e-01  -4.1598189e-04  -5.8968042e-02  -2.3558932e-01   1.8028116e-01   1.5133670e-01   1.0682080e-01   2.9844496e-02  -2.1750227e-02  -3.1874669e-02   2.3881464e-02   1.0165828e-01  -4.8556024e-02   2.1485901e-01  -2.9795719e-01   1.7389934e-01  -1.2959984e-01  -2.8360670e-03   1.1428196e-01  -1.2391111e-02  -4.1140657e-02   2.7593059e-01   8.5609651e-03  -2.2958611e-01   8.3607281e-02   1.5336462e-01   4.0248865e-02  -1.3182801e-01  -8.0148355e-02   2.8667662e-01   8.6757061e-02   4.6014628e-02   1.2281898e-01   1.4998594e-01  -4.5990396e-03  -1.7993149e-01   1.5475326e-02   2.2034936e-02   1.8928616e-01   8.6934934e-02   8.1423105e-02   1.0037449e-01   7.5365963e-03   2.7172980e-02   2.7469993e-01  -1.8732828e-01  -1.9680461e-01   1.0850886e-01   8.7677043e-02   2.5899686e-01   2.2793296e-01   8.9791235e-02   5.6205205e-02   1.0328457e-03  -2.3163378e-01   2.5560546e-01  -7.9353188e-02  -9.9747370e-02  -1.3774432e-01   1.9357540e-01   2.7828158e-01   2.3486749e-01  -2.6670065e-01  -1.8774517e-01  -1.3142254e-01  -3.1013549e-02  -1.1342230e-01  -1.6737788e-01   1.9033373e-01   3.2582478e-02   1.2452851e-01  -1.0228686e-01  -1.2129703e-01   1.8736207e-01   1.5922558e-01   8.3790117e-02  -1.0463358e-01   3.3812216e-01   2.8564680e-03   4.0628366e-02  -1.9574557e-01   2.5744899e-01  -7.2699463e-02   2.5861484e-03   1.6172716e-01   1.2556878e-01  -2.4419088e-02  -9.8286237e-02  -2.2793274e-02   1.4205553e-01   2.1276028e-01  -5.5261798e-02  -4.2953644e-02  -1.4262604e-01  -1.0086579e-01  -1.4780571e-01   2.7015788e-01  -5.2363404e-02   3.7969518e-02   8.9238181e-03   6.7401205e-02   4.8722723e-01  -6.6684209e-03   1.8017938e-01   1.6570264e-02  -6.7403908e-03   1.3043788e-01   9.6138874e-02   4.2700859e-02   1.3909259e-01   3.1868615e-01   1.4818149e-02   1.0147549e-01  -6.2090700e-02   1.7713168e-01   2.8889720e-03  -7.0747117e-02   5.1414263e-01   3.4192584e-02   1.1298997e-02  -1.5735838e-01  -1.8755865e-01   1.5274325e-01  -1.4832491e-01  -9.6795265e-02   2.6131133e-02  -5.7507831e-02   4.3217331e-02   4.3774194e-02   8.5783349e-02   2.2419675e-01  -3.0135595e-01  -7.7492030e-02   1.4496582e-02  -9.9888749e-03   1.9961826e-01  -9.6442486e-02
   1.7974141e-01  -7.0869400e-02  -1.9870178e-01   1.2195862e-01  -4.3067115e-01   8.6472678e-02   2.5203178e-01  -1.8670982e-01  -1.9693432e-01   1.1315747e-01  -3.2038783e-02   3.8567114e-02  -9.5664499e-02   0.0000000e+00   4.1614219e-01  -1.2348866e-01  -2.4351421e-01  -1.7632802e-03  -4.7975871e-02  -2.0265097e-01   3.4437099e-01   1.3634548e-01   1.3311297e-01   3.4317751e-01   1.0412637e-01  -1.5308221e-01  -1.6998861e-01   5.4894568e-01  -1.2548235e-01  -1.2884938e-02   2.2338191e-01  -2.0324683e-01  -1.5745626e-02  -1.5703302e-01   5.4752457e-02  -3.6057675e-01  -6.4007309e-03   3.3128327e-01  -2.1107986e-01  -3.7093499e-01  -1.2533224e-01  -4.4660317e-02  -4.4038203e-01   1.5770716e-01   1.4094082e-01   1.6503188e-01  -2.4581173e-03   1.4000081e-01   1.7975684e-01  -3.0910333e-01   2.0218808e-01  -9.7858613e-02  -2.2898497e-01  -2.3516956e-01   4.9094585e-01   3.7862490e-01   1.5787217e-01   1.1192993e-02  -1.8072351e-01  -7.2578625e-02  -1.6458521e-02   1.7384745e-03  -3.9992860e-01   3.7413507e-01  -2.6093397e-01   6.2800992e-04  -7.1549187e-02  -8.0132565e-02  -3.9074347e-02   5.4049604e-01  -4.0105741e-01   4.6746212e-02  -2.1618544e-01   1.6654195e-01  -1.9089894e-01   4.2566171e-02   8.8770358e-02  -9.9107387e-02  -5.2616012e-01  -2.4549246e-02   4.7184323e-01  -1.1527916e-01  -1.0323317e-01  -2.1562007e-01   4.9142683e-01   2.3839178e-01   3.3621777e-01   3.5986625e-01  -2.0088773e-01   3.0829574e-01  -4.7111508e-01  -1.0208043e-01  -1.3861460e-01  -2.6524757e-01   2.7449363e-01  -3.8593560e-01  -1.0214607e-01  -3.6214449e-02  -1.2444491e-01   1.8614409e-01   3.6828289e-01   3.0459261e-01   4.4127964e-01   2.2270398e-01   5.4292669e-02  -2.4451321e-02  -1.6561424e-01  -2.1325182e-01   1.9253678e-01   3.8074097e-02  -5.4982878e-02   2.5120094e-01   6.1992332e-02   3.1831845e-01   5.8023322e-01  -5.6632578e-01   6.1738365e-02  -1.3685633e-01   6.5716871e-01  -6.4483498e-02   2.9323057e-01  -5.3026324e-01  -1.7106966e-01  -3.1807511e-01   3.4676262e-01   7.2352921e-01   3.8143997e-01  -1.9673177e-01   4.7087492e-02   4.2865351e-01  -2.9965656e-01  -3.9063057e-01   3.4404136e-01  -2.8263658e-02  -2.8871585e-02   8.6132615e-02  -3.2173763e-01   4.3458172e-01   6.2213478e-03   2.8515393e-01   3.1342028e-01  -7.0293620e-02  -2.7925806e-01   4.0915236e-01   2.1685222e-01  -3.4915113e-01  -2.5222631e-01  -7.8967129e-02   1.9310179e-01  -5.8671228e-02   4.5066728e-01   2.9410292e-01   1.5693936e-01  -1.0777409e-01  -3.1796033e-01   2.3106180e-01   3.4436235e-01  -2.4046527e-01  -1.8373829e-01   2.9070031e-01  -1.4439885e-01   1.6776146e-02   1.0712179e-02   1.4609589e-01  -1.6951175e-01  -4.7272167e-01  -2.8710763e-01   4.4663888e-01   3.6440792e-01  -2.9050072e-01  -5.4546512e-01   8.2896572e-02  -2.0697523e-01   4.3160164e-01  -1.3008765e-01   1.8723150e-02  -1.3127117e-01
