   0.0000000e+00  -2.4748631e-01  -2.7060557e-01  -8.7438758e-02  -2.7216680e-01  -4.7967001e-02   3.9811562e-01   2.5486636e-01  -1.5674372e-01  -1.4717829e-01   3.7855944e-01   2.0842765e-01   8.7683041e-02   3.7596547e-01   3.9284186e-01  -1.4892565e-01  -3.6287673e-01   6.9474493e-02  -1.9197731e-01  -1.3160663e-01  -1.8001185e-01  -1.8911072e-01   1.9120645e-01   7.2683234e-01  -4.5192168e-01   2.1235875e-03  -1.4163788e-01   4.2081512e-01   4.5149784e-03   5.4530519e-02  -5.5252414e-02   5.9403617e-02  -3.3921274e-01  -1.0723238e-01   4.1787696e-01   7.1683402e-02  -3.3410227e-01   4.7111323e-01  -3.4211785e-01  -2.1919964e-01   7.3163650e-02  -6.0441832e-02  -5.1041386e-02  -1.2715514e-01   1.7364223e-01  -1.0386451e-01   1.7747396e-01  -1.9193426e-01  -2.5704032e-01  -2.6934758e-01   3.0715761e-01   1.1417435e-01  -2.9235491e-01   8.3747400e-02   3.1766712e-01   9.2342207e-02  -1.4379284e-01  -1.7599697e-01   1.6385329e-01   1.8249604e-01   8.9759581e-02  -1.3571611e-01  -1.1661718e-01   1.0549813e-01  -1.9544822e-02   2.7314828e-01  -2.9073119e-01  -2.1415369e-01  -4.5510400e-02   1.5639777e-02  -2.4046178e-01   1.9531346e-01  -2.0876463e-02   2.9890174e-01  -1.5532458e-01   5.0965398e-02  -1.6950268e-01   7.2787739e-02  -1.9064979e-01  -1.8832069e-01   3.0867098e-01  -1.4185358e-01  -2.3939817e-01   1.2516803e-01   6.1860648e-01   4.5554598e-01  -1.3656791e-01   4.7449165e-01  -2.0151544e-01   8.7804496e-01  -2.7468263e-01  -1.6478593e-01  -2.1685454e-01  -2.3854709e-01   7.8630781e-02  -2.0370907e-01  -3.0534034e-01  -9.0755209e-02  -1.1669197e-01   1.4170541e-01   7.4296670e-01   6.2436117e-01  -1.5139476e-01   2.5594734e-01   2.9400345e-01  -1.5122700e-01  -5.5039686e-02  -1.2432814e-01  -1.9364393e-01  -1.8931135e-01  -9.6340682e-02   1.1383632e-01  -1.5346466e-01   8.0592529e-01   5.8799192e-01  -2.5986341e-01  -1.2898551e-01   1.4584204e-02   1.8572386e-01  -1.0618250e-01   1.5204237e-01  -1.6244338e-01   4.8055403e-02  -3.7995829e-02   3.3435500e-01   5.0373157e-01  -2.7914075e-02  -2.9978420e-01  -2.2529592e-02  -1.4089417e-01  -6.8701275e-02  -7.2857403e-02   5.2032097e-01  -2.4928755e-01  -2.2453934e-01   1.5216777e-01  -1.3231777e-01   2.5735827e-01   1.0099109e-01   5.5640756e-01   4.5754084e-01  -4.6918400e-02   4.0580385e-01  -2.2120985e-01   3.8189578e-01   7.2555734e-02  -8.6999564e-02   1.1650393e-01   2.9920956e-01  -2.0417748e-01   6.1359992e-01  -1.1878436e-01   1.6205882e-01  -1.8727455e-01  -2.8593259e-01   7.0238316e-01   1.9717953e-01   2.1434184e-01  -1.7946250e-01   1.7828121e-01  -3.1109693e-01   1.6814430e-01  -3.0015888e-02   1.5613214e-01  -1.5132989e-01  -8.5580503e-02   3.0910461e-01   2.4959788e-01   1.5041917e-01  -3.1260218e-01   5.9481352e-02  -7.8215550e-02   4.2671763e-02  -2.9915666e-01  -1.5683119e-02  -1.5455139e-01  -1.5359018e-01
  -2.4748631e-01   0.0000000e+00   8.2182804e-01  -3.1400633e-01   4.3308708e-01  -1.2323235e-01  -2.5290934e-01  -5.2259452e-02   1.3130698e-01   2.5076736e-03  -6.4247812e-01   4.3044477e-01  -7.1086205e-02  -3.5135231e-01  -2.6660123e-01   2.5845855e-02   8.1221776e-01  -4.8856634e-01  -6.9751886e-02   4.0257381e-01  -6.0640612e-01  -2.7115015e-01  -6.7805006e-01  -4.3213225e-01   1.7350018e-01   2.4060465e-01   4.6967943e-01  -6.6452291e-03   1.8710628e-01  -4.0265399e-01  -2.2933090e-01  -1.1229444e-01   2.5892320e-01   2.4341911e-01  -3.3682818e-01  -4.4172399e-01   1.9785878e-01  -4.6444615e-01   1.6739540e-01   7.1099087e-01  -9.2248398e-02   1.6563054e-01   5.9391420e-01  -3.1513989e-01  -2.3073487e-01  -1.4819702e-01  -5.7727818e-01  -8.0019528e-02   5.3982098e-02   7.2682001e-01  -6.2619522e-01   1.5032814e-01   6.3686251e-01   1.6646142e-01  -4.3436753e-01  -2.1047067e-01  -6.1435268e-02  -5.7553112e-02  -3.7617922e-01  -2.2655428e-01  -2.6015045e-01   9.9424602e-03   3.0719135e-01   2.8908351e-01  -1.8809853e-01  -5.9889770e-01   1.1777424e-01   5.0485556e-02  -3.7170546e-01   2.2600687e-01   7.6997617e-01  -4.1720714e-01   1.5925903e-01   2.6452968e-01   3.8807845e-01  -2.5585648e-01   5.4215639e-02  -1.2308029e-01   5.4900841e-01   1.1309811e-01  -7.5866492e-02   7.4659624e-02   8.7068708e-02  -7.5828560e-02  -2.5071880e-01  -3.6937397e-01  -2.9232763e-01  -3.1140840e-01   4.7339258e-02  -2.8926339e-01   5.7846382e-01   4.6914168e-01   6.4236517e-01  -1.7596715e-02  -5.3199477e-01   6.4518941e-01   5.9649835e-02   7.6482984e-02  -8.4922278e-02  -4.9630119e-01  -2.2293763e-01  -4.3615165e-01  -2.6017769e-01  -1.7896940e-01  -5.5995348e-01  -9.2985914e-03   2.3179919e-01   2.9805098e-02   1.7331608e-01  -1.9532172e-01   3.7854370e-01  -3.5012200e-01   7.3560898e-02  -4.0322859e-01  -1.1921090e-01   6.9559433e-01   9.3369362e-02   9.4806487e-02  -7.3783393e-02   6.0813572e-02  -4.8383506e-01   5.9824769e-01   3.9014039e-01  -2.7353617e-01  -2.5457511e-01  -4.3903365e-01  -3.8794809e-01   2.1163015e-01  -1.7935317e-01   4.6365637e-01  -8.1196865e-02  -1.1208690e-01   1.6303396e-01  -2.3474942e-01   2.5184401e-02  -2.6193187e-01   4.3831730e-01  -1.5811020e-02  -4.0989159e-02  -4.4460936e-01  -5.8044463e-01  -1.1586868e-02  -5.0522039e-01   2.3064551e-01  -4.5710202e-01  -6.2281462e-01   5.0619695e-01  -1.5745447e-01  -4.6691561e-01   2.3493429e-02  -1.4252609e-01  -4.1941829e-01  -1.4500755e-01   1.3041192e-01   8.9003133e-01  -4.4747228e-01  -6.3186717e-01  -2.5152103e-01   4.9848279e-01   4.2036818e-02   2.6823352e-01  -4.4305415e-01  -1.7304648e-01  -6.1366102e-01   1.3915870e-01   6.1807544e-01  -2.4055216e-01  -2.3429693e-01  -3.0048376e-01   7.7653255e-01   4.5184871e-01  -3.7276923e-01  -2.6761210e-01   5.8929696e-01   1.7242975e-01   2.1841819e-01  -4.5246553e-02
  -2.7060557e-01   8.2182804e-01   0.0000000e+00  -3.3393301e-01   4.2854633e-01   9.2192288e-02  -2.3392520e-01  -1.2498365e-01   4.6021377e-02   8.0233810e-02  -5.8634055e-01   3.7675606e-01   1.1513686e-02  -3.4537152e-01  -2.8376332e-01   5.5589411e-02   9.0172879e-01  -4.9897941e-01  -2.8549225e-03   4.0908211e-01  -5.3659434e-01  -1.8496179e-01  -4.9083249e-01  -4.8755900e-01   2.2208810e-01   2.5282787e-01   5.4605800e-01   2.9339059e-02   1.3222136e-01  -3.1687838e-01  -4.4228975e-01  -5.2519513e-02   2.0850216e-01   2.1429088e-01  -3.5388115e-01  -2.9398500e-01   1.2889258e-01  -3.5919527e-01   8.1679926e-02   8.0300285e-01  -3.2801248e-02   1.9135366e-01   6.8151438e-01  -3.4203785e-01  -2.8813996e-01   5.9789294e-02  -4.4049991e-01  -1.4263893e-01  -2.8027278e-02   7.7677891e-01  -4.7844318e-01   8.8177151e-02   3.9348872e-01   3.2531355e-01  -3.9898982e-01  -1.1989122e-01   1.1298495e-01  -2.3286862e-02  -4.0009299e-01  -9.0091354e-02  -3.5657383e-03   3.3228257e-02   3.2342835e-01   6.8886876e-02  -4.2620668e-01  -5.2310216e-01   2.3774323e-01   1.3286745e-01  -2.3974521e-01   5.2444146e-01   6.0738857e-01  -3.5211818e-01   3.5033443e-03   3.9388991e-01   3.8552668e-01  -2.3869212e-01   2.7258072e-01  -1.6432037e-01   3.8367929e-01   1.6575289e-01  -7.3738572e-02   6.9633242e-02   1.2781133e-04  -8.4078961e-02  -1.4926864e-01  -4.2750321e-01  -3.5534937e-01  -2.5783331e-01   8.0731515e-02  -2.7825805e-01   3.8803361e-01   6.2336748e-01   6.5816059e-01  -3.5019075e-02  -3.9040830e-01   7.2333322e-01   8.8245807e-02   1.1620400e-01  -1.3531975e-01  -3.8590861e-01  -2.0064455e-01  -3.5880628e-01  -2.4438528e-01  -1.4554826e-01  -4.4039777e-01  -1.0076692e-02   3.4250520e-01   5.7453692e-02   1.7966297e-01  -1.8988961e-01   4.2030036e-01  -3.0049368e-01   7.7833292e-02  -4.1090937e-01  -8.4361810e-02   4.2844192e-01   8.6544128e-02   1.3783119e-01   5.2403198e-02   2.7920500e-02  -3.8496771e-01   5.0230956e-01   3.1817427e-01  -4.7465925e-01  -9.8052819e-02  -3.5456103e-01  -3.9060724e-01   3.1177178e-01  -8.7881966e-02   6.0283564e-01  -7.3947186e-02  -3.3909241e-01   1.0146578e-01  -2.7813228e-01   5.1703430e-02  -2.6595269e-01   5.0623904e-01   3.5081755e-03  -4.5690750e-02  -4.0196045e-01  -4.9840614e-01   1.5288795e-01  -4.2116002e-01   4.4411662e-01  -4.8385963e-01  -6.4009125e-01   5.6795986e-01  -3.4186001e-01  -3.2265284e-01  -1.7650547e-01  -8.7928300e-03  -3.8921432e-01  -9.3284510e-02   7.2821038e-03   9.1599658e-01  -3.6885059e-01  -4.7741868e-01  -2.2859509e-01   5.6094254e-01  -4.0109161e-02   3.6821464e-01  -3.5121071e-01  -2.8519828e-01  -5.2196176e-01   9.4854336e-02   4.6476423e-01  -3.9321851e-01  -2.3210280e-01  -2.4485972e-01   5.8142963e-01   3.3796907e-01  -2.6985156e-01  -2.4376757e-01   6.8019173e-01   1.2159238e-01   1.3809231e-01   4.2242971e-02
  -8.7438758e-02  -3.1400633e-01  -3.3393301e-01   0.0000000e+00  -1.5923139e-01   2.8711312e-01   4.3444939e-02   1.4524095e-01   2.7235271e-01  -8.8661610e-03   3.3310706e-01  -5.0518062e-02  -6.6753867e-02   1.0590956e-01   8.6652045e-02   2.2178278e-01  -3.0450679e-01   3.4662795e-01   1.2147292e-01  -1.3478674e-02   3.8889448e-01   5.5068167e-01   2.3255532e-01  -1.1846290e-01   6.3389865e-02   1.3280557e-01  -2.1742269e-02  -3.3646604e-01  -1.6205041e-01   4.8898533e-01   2.8327393e-01   3.2205216e-01  -6.2920457e-02  -7.3163714e-02   1.4432279e-01   2.3014222e-01  -9.2239864e-02   6.3638654e-02   6.2672654e-02  -3.4413772e-01  -7.4802935e-02  -1.2755531e-01  -9.1221510e-02   9.9396985e-02   1.4182535e-01  -1.5538847e-01   3.1658976e-01   2.0728559e-01  -5.7601833e-02  -4.1031629e-01   3.8049117e-01  -1.0676980e-01  -2.7301872e-01  -2.4013772e-01   1.6014060e-01  -3.5589444e-02   4.6491507e-02   5.1829138e-01   3.5476450e-01   4.1054748e-01   1.0794728e-01  -1.2474446e-02  -1.5353971e-02  -1.0206648e-01   3.0484489e-01   3.0197728e-01   1.0888319e-01   1.4955088e-02   3.9682504e-01  -3.0101000e-01  -3.1974838e-01   5.1143916e-01   3.8048753e-02  -1.9656560e-01  -3.0963306e-02   2.6367883e-01  -1.2232204e-01   2.2790492e-01  -2.3883349e-01  -4.2620668e-02  -8.8782614e-02  -3.9038327e-02  -9.6939057e-02  -1.6608253e-02  -1.3842961e-01   1.9583656e-01   4.5895705e-01   6.3298376e-02   9.7456099e-02  -1.0774456e-01  -1.6208229e-01  -1.6834831e-01  -2.9449684e-01   4.0892509e-01   6.5499084e-02  -2.7688226e-01   1.4819098e-01   4.9473220e-02  -2.0084389e-02   9.5303432e-02  -1.9337198e-01   7.7191567e-02   1.9537493e-01   1.0884775e-01   4.7710811e-01   5.1203463e-01  -2.8130171e-02   3.0931867e-01  -1.8920534e-01   2.5026459e-01  -1.4826179e-01   4.6542726e-01   3.3363672e-01   7.8691261e-02  -4.0290498e-01  -2.4857939e-01  -1.9134347e-01   1.1703220e-02  -2.5639295e-01   4.3018714e-01   9.8155293e-02  -2.3317484e-01  -2.0320144e-01   2.3633913e-01  -1.2448285e-01   2.0419755e-01   1.3262276e-01  -1.0095082e-01   5.2902919e-01  -4.2421597e-01  -1.0650829e-01   1.3525265e-01  -1.9686196e-01   1.7781244e-01   4.7591629e-01   3.0120670e-01  -1.4694345e-01  -2.6989889e-01   1.0055524e-01   2.3268366e-01   8.4172730e-02  -2.4807574e-01   2.6665896e-01  -1.1106108e-01   2.5986887e-01   4.8230911e-01  -3.2457157e-01   1.8552071e-01   2.5557167e-01   1.0448716e-02  -2.4084509e-01   4.4384675e-02   5.4452940e-03   2.0725570e-01  -4.1870026e-01   4.0550698e-02   2.2668178e-01   3.3659681e-01  -1.8609843e-01  -1.0326143e-01  -1.1354280e-02   3.0985678e-01   1.7157517e-01   5.9618639e-01   3.1047424e-01  -2.8617611e-01   4.0294791e-01  -2.8375020e-02   1.1461247e-01  -2.3255386e-01  -7.2092472e-02  -7.2158254e-03   4.5703623e-01  -1.4544026e-01  -1.7743129e-01  -5.8412447e-02   4.0922179e-01
  -2.7216680e-01   4.3308708e-01   4.2854633e-01  -1.5923139e-01   0.0000000e+00  -6.5712044e-02  -1.6297898e-01  -1.9518532e-01   9.6811615e-02  -8.0943942e-02  -3.3003008e-01   1.2359506e-01   7.1618442e-02  -3.2339197e-01  -1.8343366e-01   1.4506438e-01   4.9194764e-01  -1.3290871e-01  -8.0002371e-02   6.4769350e-01  -1.0321641e-01  -2.0623546e-01  -3.6283055e-01  -3.8015723e-01   3.1658346e-01   1.0791084e-01   3.7249187e-01  -1.2033995e-01   1.7136499e-01  -3.3217547e-01   1.2239347e-02   5.8003947e-02   1.6936774e-01  -2.9319215e-02  -3.3283171e-01   4.4429076e-02   4.6206345e-01  -2.2728026e-01   1.4317193e-01   4.8504049e-01  -1.2716040e-02   8.9157210e-02   4.2544157e-01  -1.8935007e-01   6.7256876e-02  -2.1257814e-02  -2.2938690e-01   8.7525721e-02   4.1895953e-01   4.7733067e-01  -2.9841196e-01   2.5560972e-02   4.2817933e-01   2.3960414e-01  -2.6581664e-01  -2.0296484e-01   4.4673152e-03   8.4260256e-02  -2.2419593e-01  -7.4684802e-02   1.0611409e-02   1.9977378e-01   1.9486922e-01  -4.6720031e-02   1.8408247e-01  -2.6247281e-01   9.4778225e-02   7.4182168e-02  -1.5072789e-01   2.3445740e-02   3.5313663e-01  -3.5966352e-02   2.1690879e-01   2.4359757e-02   3.3758319e-01  -1.5398341e-01   1.7954553e-01  -7.1166931e-02   5.3961150e-01   2.6519806e-01  -1.7411160e-01   1.5352893e-01  -2.9707477e-03  -7.8968295e-02  -2.2628349e-01  -2.4067883e-01  -1.1716326e-01  -1.9033812e-01   1.0214627e-01  -3.3075954e-01   5.8538465e-01   3.4126699e-01   2.3414222e-01   5.5451331e-02  -2.3946251e-01   6.3213959e-01   2.1118563e-01  -3.0863509e-02   1.1796156e-01  -1.7751440e-01  -2.4154411e-01  -3.8834011e-01  -1.2494149e-01  -1.9925251e-01  -3.7698135e-01   1.3043030e-01   2.0632433e-01  -1.5414434e-02   2.9161653e-01  -3.9078438e-02  -1.9355457e-02  -2.7394702e-01   2.3593002e-01  -2.7191438e-01  -1.7423192e-01   4.6316762e-01   1.5535695e-01   1.3576466e-01  -1.9120742e-01   8.5117842e-02  -2.2853818e-01   5.8388313e-01   1.7885078e-01  -2.3839376e-02  -7.0638715e-02  -4.6002408e-01  -1.7655225e-01   2.1380142e-01  -5.7291115e-02   1.6798988e-01   2.9580746e-02   1.4945797e-01  -1.0980419e-01   8.5833974e-02   1.4607425e-01  -1.8879454e-01   4.2034067e-01  -1.0514554e-01   1.1409356e-02  -2.3318578e-01  -3.9529421e-01  -8.6161383e-03  -3.4690222e-01  -1.4554318e-02  -3.6016304e-01  -2.0802320e-01   1.0817916e-01   2.3033552e-03  -3.2555384e-01   1.2524146e-01  -2.4519160e-01  -2.1616112e-01   1.8111694e-03   2.1339564e-02   4.8785304e-01  -4.1252384e-01  -2.7836464e-01  -1.2351559e-01   3.9311446e-01  -4.3475448e-02   3.2001371e-01  -3.4588621e-01   1.9399351e-01  -2.3685643e-01   1.5387116e-01   2.2226664e-01  -1.1035341e-01  -1.9115745e-01  -1.0479022e-01   4.5627263e-01   1.9525869e-01  -2.4553043e-01   4.4613959e-02   3.7584556e-01   1.0520307e-01   1.3251256e-01   1.5296758e-02
  -4.7967001e-02  -1.2323235e-01   9.2192288e-02   2.8711312e-01  -6.5712044e-02   0.0000000e+00   4.2928272e-02   1.9462728e-01   2.3705627e-01   4.8541581e-02   3.0781592e-01   2.8105545e-01   3.6297892e-02  -1.6130765e-01  -5.0932679e-02   1.2477184e-01   5.5943956e-02   1.1896308e-01   2.9035037e-01   5.6192188e-03   1.6846328e-01   3.1945018e-01   1.2122082e-01  -2.4188550e-01   1.0629836e-01   4.4472163e-02   3.9368832e-01  -9.0074810e-02  -2.3975732e-01   5.1505512e-01  -2.9941929e-01   7.6186142e-02  -1.8953362e-01  -1.6028835e-01   2.0003378e-01   3.9246110e-01  -9.3117928e-02   7.7337493e-02  -5.5478782e-02   7.6300657e-02   6.4143248e-03  -1.3949923e-02   1.7492990e-01  -1.0222681e-02  -5.3458595e-02   2.3493650e-01   4.7932304e-01   5.4551514e-02  -2.8599838e-01  -1.0326787e-01   2.7731312e-01   5.2037333e-02  -5.0196178e-01  -1.0498697e-02  -1.9312680e-01   9.8563147e-02   2.0547492e-01  -2.0883918e-02   3.5928803e-01   2.5169565e-01   2.5715845e-01  -1.8562929e-01  -1.5117987e-01  -2.7127699e-01  -2.9603641e-01   1.3973087e-01   6.3428715e-01  -1.5421558e-01   5.0163143e-01   3.4492261e-01  -3.8440056e-01   3.1230448e-01  -3.4103313e-01   2.8797312e-01   9.2809929e-02   1.6851137e-02   1.9895177e-01   1.8137307e-01  -1.3586099e-01   1.2124006e-01  -1.3928394e-01  -4.8112402e-02  -1.9782411e-01   6.0243405e-02   1.4027721e-01  -7.0261960e-02  -1.0441437e-01  -1.5405590e-01   9.7193605e-02  -8.9343161e-02  -1.7125863e-01  -4.8981363e-02  -2.5181180e-02   2.6825638e-02   2.3446562e-01   3.7788188e-02   1.7643228e-02   1.5597551e-01  -1.7921823e-01  -3.9443081e-03  -1.2231306e-01   2.3300292e-01  -2.5412884e-02   2.5170531e-01   3.8814076e-01   2.5815339e-01   2.5162948e-01   6.1772558e-01  -7.6019072e-02   3.5635859e-01  -1.0323333e-01   2.7649658e-01  -1.1597947e-01   1.5695077e-02  -3.1091307e-01  -3.7131095e-01   6.3411916e-02   3.5423451e-02  -1.4199491e-01   2.0169846e-01  -3.3143658e-02   2.2313033e-02  -6.5386779e-02   1.0161907e-02   1.5898942e-01   2.4922203e-02   9.5474316e-02  -5.7564576e-02   1.2107639e-01   1.8726133e-01  -9.3788852e-02  -3.7040682e-01  -9.1286903e-02  -2.1949735e-01   1.0856873e-01   2.7275644e-01  -1.8894803e-01  -2.7411353e-01   1.4857867e-02  -1.8404894e-02   5.5687677e-02  -1.1928184e-01   4.1200172e-01   2.3756891e-01   6.2579492e-02   5.4740686e-03  -1.5064662e-01   1.5089664e-02   4.7134262e-01  -4.2161122e-01   3.4262517e-02  -8.8772308e-02  -1.9717207e-01  -5.0278577e-02  -3.5167037e-02  -2.3320990e-02   5.8933004e-02   3.2553124e-01  -3.0828191e-01  -2.3876688e-01  -1.1085944e-01   4.5134597e-01  -3.2624687e-01   3.5366905e-01   1.2639844e-01  -2.2557046e-01   4.5777145e-02   2.2160940e-04  -5.1253343e-02  -3.4196636e-01   8.4856119e-02   7.5251646e-02   8.9275020e-02   1.8859831e-01  -9.1831669e-02  -7.0937960e-02   3.5288692e-01
   3.9811562e-01  -2.5290934e-01  -2.3392520e-01   4.3444939e-02  -1.6297898e-01   4.2928272e-02   0.0000000e+00   7.3903075e-02  -2.3705503e-01  -6.1481899e-02   2.6406659e-01   3.3707410e-01   1.5462152e-01   1.2949449e-01   4.5904023e-01  -1.1278141e-01  -3.4179608e-01   5.0962602e-02  -2.1245376e-01   4.9812350e-02  -3.0046143e-02  -1.1335609e-01   5.5076090e-01   3.3754296e-01  -2.2265915e-01  -1.0860253e-01  -1.2222977e-01   3.0528016e-01  -2.4024046e-01   2.7840074e-01  -4.4271612e-02   3.3395447e-02  -3.4754494e-01   2.8438996e-01   3.1246779e-01   1.0378373e-01  -4.1224594e-01   2.0341073e-01  -3.4459734e-01  -1.7355914e-01  -2.7018731e-02  -5.3216812e-02  -9.6866156e-02   4.5500180e-02   2.8429360e-01  -1.3928334e-01   1.9988576e-01   2.2498213e-01  -3.5662364e-01  -2.9852153e-01   3.8571138e-01  -2.7378712e-02  -3.4950530e-01  -6.3460699e-02   1.5661299e-01   2.9394475e-01  -1.4330095e-01  -9.6766671e-02   1.3480697e-01   1.9946267e-01  -1.6083772e-02  -8.8505323e-02  -1.7990881e-02  -1.0605683e-01  -1.3845099e-01   3.4352906e-01  -1.9422981e-01  -9.5612987e-02  -3.4858331e-02   6.4370083e-02  -2.4019981e-01   1.7870330e-01  -3.0701298e-01   1.9515928e-01   1.4202320e-01  -8.7540256e-02  -2.4360396e-01   1.1795704e-01  -8.1700958e-02  -1.3276617e-01   2.9636012e-01  -1.7199138e-01  -1.6862542e-01  -1.6008662e-01   1.6663825e-01   2.3876558e-01  -1.0447556e-01   2.5799024e-01  -1.3122017e-01   4.6142078e-01  -4.3717674e-01  -3.2767161e-01  -2.5952829e-02  -2.3050450e-01  -5.4796385e-02  -1.1514060e-01  -9.7282788e-02  -2.1775346e-01  -9.3622258e-02   4.0152281e-01   3.1341195e-01   5.5546818e-01   4.5322803e-02   3.1684269e-02   2.4855574e-01  -1.2047111e-01  -2.6078601e-01  -1.0885077e-01  -1.6169108e-01  -7.1486456e-02   1.4290173e-01   2.5214754e-01  -7.4089921e-02   3.8765887e-01   4.6976540e-01  -3.6050174e-01   4.0098080e-02   5.2928095e-02   1.8200012e-01  -1.1909911e-01  -4.3145661e-02  -1.7193145e-01  -2.6444960e-02  -2.5007028e-01   1.3072554e-01   3.6400726e-01   5.9325701e-02  -3.4113583e-01   1.8185892e-02  -1.4946989e-01  -2.1375826e-01   3.6350947e-02   2.0228808e-02  -1.8738328e-01  -1.2651588e-01   9.3107579e-02  -2.2238682e-01   3.0031551e-01  -8.7061452e-02   3.6132658e-01   7.4981763e-02   5.4334440e-02   2.6581928e-01   3.1054867e-02   4.6531788e-01   1.4777567e-01   3.1533283e-01  -2.0356328e-01   3.4342980e-01  -2.0932506e-01   4.6660042e-01   1.4176597e-01  -7.8991139e-05  -1.5915299e-01  -2.1480755e-01   2.5197059e-01  -3.0569629e-02   1.3655159e-01  -2.8202461e-01   1.3762561e-01  -1.5689579e-01   8.2651897e-02  -1.3722625e-03   1.3561002e-01  -8.8729727e-02   4.1259493e-02   2.3079549e-01   7.9674027e-02  -1.3398523e-01  -3.4073543e-01  -1.0810529e-01  -1.9029789e-01   6.2540910e-02  -3.0522671e-01  -9.0272247e-02  -2.7335451e-01  -1.3279030e-01
   2.5486636e-01  -5.2259452e-02  -1.2498365e-01   1.4524095e-01  -1.9518532e-01   1.9462728e-01   7.3903075e-02   0.0000000e+00   2.0320344e-01  -2.4205474e-02   2.6799284e-01   3.4251085e-02   1.5564817e-01   2.1127182e-01  -1.1485424e-01   7.4244782e-03  -1.6906867e-01   9.0099445e-02   1.8407705e-01  -1.9201956e-01   2.5679636e-02   1.8558867e-01  -1.2221372e-02   7.1554954e-02  -1.7166452e-01   3.1389427e-01   2.5280042e-02   2.2556473e-01   3.6133238e-02   1.7873737e-01  -4.5962392e-02   2.5940956e-01  -1.5142111e-01  -1.4628286e-01   2.2409762e-01   1.0709849e-01   2.7460671e-03   2.9894367e-01  -7.2270206e-02  -1.2901213e-01   2.9950435e-01  -4.7046400e-04  -6.0247032e-02   2.7449464e-01  -2.6109729e-01  -1.1977078e-02   3.3106952e-01  -3.7642722e-02  -2.1879497e-01  -2.2416706e-01   1.4293516e-01   3.9329905e-01  -6.9910752e-02  -3.5873265e-03  -1.0534685e-01   1.4777625e-01   1.4315624e-01  -5.1806070e-02   2.6991879e-01   2.4000724e-02   2.2994807e-02  -2.6251866e-01   2.6745806e-02   6.7628583e-02  -1.4068245e-01   7.9509564e-02   7.0705787e-02  -3.6611466e-01   2.4718401e-01  -9.6850018e-02  -9.9815215e-02   1.7411497e-02  -8.5193039e-02  -2.7723910e-02  -6.7253607e-02   1.0956293e-01  -8.3449888e-02   2.2018814e-01   1.3673406e-02   6.8992437e-02   2.5982543e-01  -9.2310879e-02   4.2908061e-02   4.5197022e-01   1.7327532e-01   3.1106855e-01  -2.4429602e-01  -3.1152649e-02  -3.9138551e-02   2.7139058e-01  -7.4262906e-02  -2.7360944e-01  -3.1287435e-03  -8.5365719e-02   1.4068218e-01  -1.1468261e-01  -2.5198768e-01   2.0552988e-01  -1.6648974e-01  -1.2590984e-01   1.5665097e-01   2.3856108e-01   3.6461356e-01   1.9101484e-01   1.9920342e-01   1.7284802e-01  -1.6757049e-01   3.9003267e-01  -2.6765654e-01   2.8297093e-01  -2.4434167e-02   2.6537292e-01  -3.0071248e-01   3.4268434e-01   5.3236420e-02   1.5011166e-02   1.7088816e-01  -3.4598629e-02   8.1356823e-02  -1.1580279e-01   1.5497277e-01  -1.3535187e-02   1.4444475e-01  -1.2464716e-02   2.5181679e-01   7.5879120e-02   5.9375063e-03  -1.7960262e-02   9.6431362e-02  -1.9312816e-01   3.2807005e-02  -6.4492568e-02   1.4207764e-01  -2.1240310e-03  -7.6116521e-02   3.0236955e-01  -7.6180037e-03   4.3054935e-02   3.2104668e-01   1.3367136e-01   1.1110689e-01  -1.6146693e-01   3.5247995e-01  -3.9041387e-02   9.3107659e-02   5.6210280e-02  -1.7916447e-01   1.6306035e-01   2.4331745e-01  -4.4059949e-02   9.6324624e-02   1.8975187e-01  -9.3860841e-02   1.3476500e-01  -1.2324760e-01   1.2286408e-01   1.8076869e-03   2.8447274e-01  -2.7405651e-01   4.1380611e-01  -4.1753545e-01   4.6689751e-01   7.9882243e-02   1.5338771e-01  -1.6562388e-02  -5.1302891e-02   2.0482776e-01   2.0056189e-01  -1.1394527e-01   8.7071794e-02   4.1067292e-02  -2.1149518e-01  -2.5020670e-01  -5.9376601e-02   3.4182972e-02   9.5459225e-03   2.1000457e-01
  -1.5674372e-01   1.3130698e-01   4.6021377e-02   2.7235271e-01   9.6811615e-02   2.3705627e-01  -2.3705503e-01   2.0320344e-01   0.0000000e+00   8.7948556e-02   1.3123493e-02   1.5226405e-01  -6.0122878e-02  -1.4258693e-01   5.7551016e-02  -2.6670163e-02   7.1553017e-02   2.3981523e-01   1.3748863e-01   1.9108991e-01   4.1644641e-02   1.8724526e-01  -6.4617270e-02  -3.3660401e-01   9.8073115e-02   2.3813941e-01   2.2212697e-01  -2.7871809e-01   3.2897962e-02   1.3197673e-01   7.9032935e-02   1.0864643e-01   5.8805573e-02   1.0876141e-01   2.5194096e-01   1.6339708e-01   1.8315538e-01  -3.5040149e-02   7.7033007e-02  -2.3538139e-02   8.7591016e-02   1.0161958e-01   2.6740600e-01  -2.4413312e-01   1.8726466e-01   3.2549276e-02   2.7628084e-02  -4.9608428e-02   2.3495603e-02  -7.5612113e-02   1.2960932e-01   2.7525443e-02   1.4398232e-01  -6.6722238e-02  -1.3094915e-01  -2.5774688e-01   1.2338510e-01   8.1995027e-02   1.0510819e-01   1.9029811e-01   2.7615221e-02   1.4498086e-01  -1.4927912e-02   1.9732151e-01   1.7713747e-01  -1.5254647e-02   1.6978001e-01  -1.4279642e-01  -4.6268773e-02  -9.5270938e-03  -9.4887049e-02   1.5550497e-01   1.1051734e-01  -9.9622790e-02  -6.3399482e-02   1.1127900e-02   2.7012781e-03  -2.5567364e-02   1.7875064e-01   8.4690454e-02  -3.1587057e-01   3.2591666e-02  -1.5965565e-01  -5.4502259e-02   1.2013989e-03  -4.0681454e-03   1.8251165e-02  -2.3803501e-01  -3.3228771e-02  -1.3683932e-01   1.1446584e-01   2.7785177e-02   3.1687632e-02   3.6969475e-01  -1.8413424e-02  -1.0283587e-01  -1.6209134e-01   1.3346302e-01  -6.3746595e-02   4.3729302e-02  -8.6815847e-02  -9.4369649e-02  -5.3357210e-02   3.7471621e-01   6.3554813e-02   1.6631737e-01   1.4555973e-01   2.2082034e-01  -1.8754199e-01   2.1615130e-01  -1.0197411e-01  -9.8657401e-02  -9.9345651e-03  -2.4401725e-02  -3.7657142e-01   1.1961843e-01  -2.1849347e-01   9.5135765e-02  -2.9555482e-01   2.6211401e-01   3.5805918e-03   8.0839089e-02   1.5202427e-01   3.3070153e-01  -7.3720199e-02  -1.8799284e-01   2.7668936e-01  -4.4242813e-02   2.9652266e-01  -5.5621033e-05   1.1757232e-01   1.8194409e-01   3.3881685e-02   5.0090040e-02   2.1265371e-01   1.7976069e-01   6.8550072e-02  -3.2070114e-01   2.6191376e-01  -1.0206618e-01  -1.3325642e-01  -2.7650008e-01   7.7852280e-02  -1.2844516e-01   1.3300392e-01  -2.5810133e-02  -1.9612810e-01   2.7604709e-01   6.1104997e-02   6.8224322e-02  -3.0831257e-01  -3.1062936e-01  -1.0943407e-01   2.3549083e-01   3.1886294e-02  -2.4884624e-01   6.5759028e-02   1.3594897e-01  -8.4114399e-02  -2.0176452e-01  -3.0760013e-01   1.7868281e-01   1.0451340e-01   1.7071922e-01   1.0560200e-01   9.2539993e-02   2.1170069e-01  -2.1880792e-01  -2.7157082e-02   1.0004922e-01   2.6683675e-01  -5.0999606e-02   8.1616490e-02   1.1267226e-01  -2.0454225e-01   1.2522418e-02   2.2000737e-01
  -1.4717829e-01   2.5076736e-03   8.0233810e-02  -8.8661610e-03  -8.0943942e-02   4.8541581e-02  -6.1481899e-02  -2.4205474e-02   8.7948556e-02   0.0000000e+00  -6.5776412e-02  -8.6411832e-02   8.5378831e-02  -1.9364280e-01  -1.7325095e-01   1.7492077e-01   6.9112580e-02   3.7468585e-02   1.7646521e-01  -4.7399571e-02  -1.1020452e-04   8.3474107e-02  -1.4671499e-02  -1.8693705e-01   3.7329242e-02   8.2908255e-02  -6.2211288e-02  -3.6681281e-02  -1.4245751e-01  -5.2691394e-02  -2.1434944e-01  -1.2124904e-01   2.4319000e-01   1.6666491e-01  -9.6898660e-03  -2.2057316e-02  -2.6508716e-02  -7.8027251e-02   1.6883405e-01  -8.3525338e-03   1.6016807e-01   1.4378018e-01   7.2417016e-02   1.0671029e-01   1.0177824e-01   3.6564863e-02   2.6558148e-03  -1.5019934e-01  -1.5229179e-02   5.1680680e-02   1.1050901e-01   1.2713136e-01  -9.6439014e-02  -1.1275876e-01  -2.8583866e-01   2.3602695e-02   9.6474423e-02   1.1346952e-01  -1.7651183e-02  -1.3912426e-01   7.7245455e-02   1.4229640e-01   1.2503740e-01  -1.5626067e-01  -1.2030384e-01  -7.2174367e-03   1.0475949e-01   1.0703431e-01  -2.2747550e-02   2.4517402e-02  -2.1000936e-02  -7.1282641e-02  -8.6410631e-02  -1.0228439e-01  -1.4830462e-01   6.9992212e-02   4.5039118e-02  -2.0966636e-02   6.6316369e-02   7.3370451e-02  -7.7136700e-02   5.3987881e-02  -1.4080269e-03  -3.7674232e-02  -1.8350192e-01  -7.7317736e-02  -2.2548417e-01  -1.0236313e-01  -5.0815497e-02  -1.2601928e-01  -7.9944430e-02   6.0320926e-02   1.4546253e-01   1.0623929e-01   2.8217211e-02  -2.8637409e-02   2.7340701e-03   9.7942569e-02   1.2247418e-01   2.1013061e-01  -1.0741411e-01  -5.7170723e-02   9.0227455e-03   4.4396312e-02  -2.5516929e-03  -7.7324485e-02  -6.8198390e-02  -4.6745570e-02   3.2949312e-01   5.5510052e-02   1.5019528e-01  -1.3589490e-01   8.4269228e-02  -1.5082820e-01  -9.0806672e-02  -1.7187535e-02  -7.3147041e-02   4.0712124e-02   3.6306928e-02  -3.6784898e-02   5.3428442e-02  -9.3646633e-02  -1.2211966e-02  -1.1545574e-01  -5.3031991e-02  -1.8168256e-01   1.4946112e-01  -9.1586758e-02   7.4704500e-02  -1.7816806e-02   1.0634368e-01  -1.2749568e-01  -8.3038604e-03  -2.1049295e-01   4.5853280e-02   2.9410535e-02  -5.3099246e-02  -5.7844435e-02   8.1362874e-02  -4.8540538e-02  -1.0890774e-01  -5.1134538e-02  -5.7232633e-02   1.1879270e-01  -8.5523460e-02  -1.3190779e-01  -8.3546826e-04  -4.2812157e-02  -2.2550060e-02  -1.2472478e-01  -7.8705706e-02  -1.4343802e-01  -3.4406575e-03  -1.0453994e-01   7.2582167e-02  -1.4645222e-01   2.2123904e-02  -6.9964236e-02   1.6101868e-01  -5.9272539e-02   8.4663790e-03   5.9069534e-02   3.4110058e-02  -2.8962569e-02  -2.1301351e-01   5.1368042e-02  -4.9201405e-02  -8.6001754e-02   1.7386173e-02   5.2628723e-02  -9.0641746e-02  -7.8678797e-02   5.5066196e-02   1.3200177e-01  -3.2369656e-02   1.1643039e-01   9.2460326e-02
   3.7855944e-01  -6.4247812e-01  -5.8634055e-01   3.3310706e-01  -3.3003008e-01   3.0781592e-01   2.6406659e-01   2.6799284e-01   1.3123493e-02  -6.5776412e-02   0.0000000e+00   3.9305742e-02   2.2015817e-01   1.9670741e-01   1.9387101e-01   1.8476247e-01  -5.9253735e-01   6.1313859e-01   6.7043986e-02  -3.2961766e-01   3.8324025e-01   3.2866533e-01   5.3909270e-01   3.8141858e-01  -3.6872031e-01  -2.1338094e-02  -2.3158827e-01   7.2209051e-02  -2.4010252e-01   6.0573847e-01   3.3716497e-02   2.2018819e-01  -2.3993061e-01  -3.2146731e-01   4.2508972e-01   5.2074201e-01  -1.1563292e-01   3.9005169e-01   5.2076244e-02  -6.2892516e-01   2.3315221e-01  -1.5956603e-01  -4.0693161e-01   2.5206434e-01   1.6285796e-01   1.6345409e-01   7.9584217e-01   5.7478959e-02  -1.3264255e-01  -7.0809324e-01   7.1565966e-01  -5.0550744e-02  -6.0680450e-01  -7.9181709e-02   3.1566255e-01   3.1465298e-01  -2.8554906e-02  -1.9419098e-02   5.4195032e-01   1.4532337e-01   2.8435633e-01  -1.3956613e-01  -1.9622473e-01  -1.8802609e-01   1.2778164e-01   6.5252275e-01   1.9073644e-01  -1.2615281e-01   6.3466403e-01  -5.4736563e-02  -7.3552782e-01   5.9197732e-01  -3.2433085e-03  -2.7660778e-02  -3.1954076e-01   2.6786320e-01  -2.2718734e-02   1.6788739e-01  -5.0700262e-01  -1.8595162e-01   1.2032206e-01   1.1185393e-01  -2.1385419e-01   2.0949282e-01   4.5185976e-01   4.6157289e-01  -1.2953823e-02   2.5554801e-01  -1.4038383e-01   3.3017925e-01  -6.1815263e-01  -4.4138048e-01  -4.3488837e-01  -2.8356148e-01   4.5665650e-01  -6.0277587e-01  -2.2318137e-01  -1.3164199e-01   5.1451639e-02   2.5263356e-01   3.0303936e-01   7.1036595e-01   7.4170111e-02   2.1589964e-01   7.4500588e-01   1.6948138e-01  -4.6208421e-02   2.7740233e-01  -2.4750449e-01   4.2808284e-01  -2.9752135e-01   4.5006926e-01  -7.4189752e-02   4.7556540e-01   3.2754730e-02  -6.4229673e-01  -4.0340301e-02   2.1104734e-01   4.4277042e-02   1.2033109e-01   3.7900542e-01  -5.4073355e-01  -1.7172199e-01   2.2907812e-01   2.4671263e-01   4.2833970e-01   3.0437781e-01  -3.4712010e-01   1.9314372e-01  -3.1147663e-01   1.6792040e-01   8.1680851e-02  -5.3920245e-02  -1.1675823e-01  -5.0936494e-02   4.1507405e-01  -5.0085237e-01  -1.0988636e-01   4.4339783e-02   3.2891687e-01   3.8709275e-01  -8.3730357e-02   7.6364803e-01  -4.2096241e-02   3.9980646e-01   5.1536190e-01  -4.6830925e-01   3.4413426e-01   7.3259878e-01  -2.0713156e-01   1.9341021e-01   1.1974345e-01   2.2516195e-01   1.4205144e-03  -6.8318083e-01   3.9198272e-01   4.8951483e-01   4.2175865e-01  -4.6278223e-01  -1.4790063e-01  -3.5591146e-01   6.8872912e-01   2.5949655e-01   7.6703265e-01  -1.0264858e-01  -5.9279103e-01   5.5051232e-01   2.7242437e-01   3.2438164e-01  -6.3500096e-01  -4.3292359e-01   8.1111143e-02   4.0333955e-01  -3.0006216e-01  -2.1212811e-01  -1.8901143e-01   1.4553337e-01
   2.0842765e-01   4.3044477e-01   3.7675606e-01  -5.0518062e-02   1.2359506e-01   2.8105545e-01   3.3707410e-01   3.4251085e-02   1.5226405e-01  -8.6411832e-02   3.9305742e-02   0.0000000e+00   6.2623612e-03  -2.3792435e-01   1.8163661e-01   9.0344927e-02   2.9749209e-01  -9.0115682e-02  -7.7356343e-02   3.3691628e-01  -4.6369259e-01  -1.6500242e-01  -9.7922613e-02  -4.6660806e-02  -5.5516367e-02   9.4952109e-02   2.9623534e-01   3.5787778e-02  -1.4240506e-01   1.5807870e-01  -3.6893504e-01   4.7412025e-02  -2.4655587e-01   1.2116455e-01   2.6382466e-01   1.1702765e-01  -2.6209058e-01  -1.2243694e-01  -9.7892408e-02   1.4287591e-01  -1.5184599e-01  -5.8428591e-02   5.1431748e-01  -3.3663918e-01   1.8710076e-01   3.0147875e-02   6.3853832e-02  -1.8398098e-02  -2.8673425e-01   5.0158153e-02   3.5296754e-02   3.6646145e-02  -1.0676794e-01   8.1612647e-02  -2.1485129e-01  -4.2793226e-02  -9.6264743e-02  -1.2573089e-01   4.5414590e-02   1.0469077e-01  -6.3501993e-03  -3.3504859e-02   4.4061292e-02   5.2757863e-02  -2.5439191e-01   3.8754572e-03   2.1432797e-01  -1.3713240e-01  -7.8878280e-02   3.3199798e-01  -2.1339955e-02   1.4741093e-01  -1.7103189e-01   5.6067997e-01   2.7337897e-01  -1.2199944e-01   1.0322085e-02  -2.0319410e-02   2.1265742e-01  -1.2558647e-01  -2.9415886e-02   3.2452725e-02  -3.7858347e-01  -9.0615874e-02   1.5466705e-01  -1.0023340e-01  -3.8422175e-01   3.5531806e-02  -1.0112542e-01   1.7560206e-01  -6.0654733e-02   4.8248307e-02   2.9758201e-01  -2.3329717e-01  -1.9252655e-01   1.5802529e-01  -1.6267412e-01  -9.6553803e-02  -2.1643615e-01  -1.8774586e-01   1.2413279e-01   3.3381355e-01  -3.2450417e-01   4.8404314e-02   5.1451042e-02  -2.5906044e-02   2.8956369e-01   1.8168445e-01  -1.9018963e-02   1.7797008e-02   9.3440749e-02   4.0293869e-02  -3.9869972e-03   1.3242592e-01  -1.0636131e-02  -5.7431598e-02   5.3547456e-02   1.5566130e-01  -1.1543150e-01   9.2131714e-02  -1.9919141e-01   2.8222041e-01   3.2329838e-01  -1.8912751e-01   2.3684948e-02   2.5001617e-02  -1.0906935e-01  -1.9736807e-01  -9.4300211e-02   3.4866621e-01  -1.0033433e-01  -2.2147315e-01   2.1228957e-01  -5.7173241e-01  -8.8648908e-02   4.1275760e-02  -1.3121315e-02  -1.9881802e-01  -5.4332054e-02  -1.0179261e-02  -1.1262441e-01  -2.0649236e-02   2.1126673e-01   1.0250271e-01   2.6245544e-02  -3.3802119e-01   2.3698706e-01   1.1052203e-01   2.5555889e-01  -5.0862774e-01   1.5057046e-01  -4.8748927e-01  -2.6553164e-02  -7.5221571e-02   3.4595094e-01   3.7848850e-03  -2.1039524e-01   5.3788350e-02   2.1503200e-02  -1.5318118e-01  -8.3518476e-02   4.2458797e-02  -2.4173174e-01  -2.0444874e-02   1.6671559e-01   2.5369731e-01   1.6991861e-01  -1.7836595e-01  -1.3276270e-02   1.4938643e-02   2.8550150e-01  -2.1677327e-01   1.3833934e-01   2.3572630e-01  -3.8173788e-02  -7.3103586e-02  -4.6479616e-02
   8.7683041e-02  -7.1086205e-02   1.1513686e-02  -6.6753867e-02   7.1618442e-02   3.6297892e-02   1.5462152e-01   1.5564817e-01  -6.0122878e-02   8.5378831e-02   2.2015817e-01   6.2623612e-03   0.0000000e+00  -1.3654715e-01  -9.6129839e-03  -9.0187644e-03  -1.2492469e-02   1.2412410e-01  -6.9306391e-02   2.8298765e-03   1.3110412e-01  -2.7488953e-02   2.1592726e-01   1.6929620e-02   3.6889128e-02   9.7037300e-02  -8.9595775e-02  -5.8521060e-03   5.6071722e-02   1.5907966e-02   5.5183569e-02   1.1573570e-01  -8.6525975e-02   1.0321892e-01  -8.8246765e-02   1.1146914e-01   2.6699921e-01   1.1767570e-01   1.9897867e-02  -3.8909677e-02   4.9860813e-01   5.5872391e-03  -3.3596108e-02   8.0440726e-03   1.1046582e-01   1.8662679e-01   1.5861603e-01   3.6218143e-02   1.6190081e-01  -3.4149576e-02   2.1990729e-01   2.3297608e-01   1.4684420e-03  -3.5794998e-02  -1.6976070e-01   6.8381425e-02   1.8540180e-01  -9.3346340e-02   1.9638774e-01  -3.8834455e-02   1.7534589e-01  -1.1385386e-01  -2.3547207e-02  -4.5350485e-02   2.1988032e-02   1.5126368e-01  -5.8856866e-02  -1.5440119e-01   4.1174407e-02  -4.8427822e-02  -4.9249788e-02   3.9177734e-03   3.3700871e-01  -1.3029003e-01  -9.9308078e-02   8.8308127e-03   9.9503800e-02  -1.4097078e-02   1.4661272e-01   9.1784329e-02   2.8566096e-02   1.5037570e-01  -1.8583176e-01   4.1506501e-02   4.3712981e-02  -3.9601514e-02  -2.8821801e-01  -9.2955768e-02   1.8078596e-02  -1.4662227e-02  -7.1303983e-02   3.3859187e-02   7.5285744e-02  -2.0655144e-01   1.4094945e-01  -5.9250412e-03   2.3918569e-02   2.5548663e-02   2.0498828e-01   1.1562034e-01   4.9250636e-02   1.9409444e-01   9.0054777e-02   2.8733605e-02   1.0012008e-01  -8.5845450e-02  -2.0313102e-01  -1.0993789e-02  -8.7088495e-02  -1.6550934e-02  -3.6580695e-02  -1.0569406e-01  -1.4031666e-01   1.1920372e-01   3.4299027e-03   1.6763615e-02   1.1150623e-01   5.2886698e-01   5.4813122e-02  -8.8139677e-02   8.9240394e-02  -6.7487317e-02  -2.1616968e-02  -1.5411446e-01   2.1656179e-01  -6.8927297e-02   1.0672748e-01   1.5156272e-01  -2.8717245e-02  -4.0427601e-02   6.0054344e-02   1.6773475e-01  -2.4043175e-02   3.4378857e-02  -5.2058352e-02   1.5322065e-01   5.3900736e-04   1.1060027e-01   1.3399859e-01   5.6896494e-02  -1.1650881e-02   2.3592116e-01   1.7817942e-01  -1.7024052e-03   1.3704412e-01   8.9100799e-02  -6.3172562e-03   6.2145936e-02   6.8269958e-02   5.4226960e-02  -8.1018357e-02   1.0213423e-01  -5.8967005e-02   8.7152487e-02  -5.1877418e-02  -1.3078706e-03   1.0634065e-01   2.3518220e-01  -2.8612333e-02   1.9249855e-02  -3.4207299e-02   1.1627265e-01   3.7103171e-01   7.6642144e-02  -1.9600375e-02   5.3953165e-03   1.5692260e-01   4.0255605e-02  -8.3611464e-02  -6.6128430e-02  -6.4014423e-02  -2.5295997e-01  -2.6341866e-02  -1.1486517e-01  -4.3042279e-02   7.3490372e-02   2.9887761e-03
   3.7596547e-01  -3.5135231e-01  -3.4537152e-01   1.0590956e-01  -3.2339197e-01  -1.6130765e-01   1.2949449e-01   2.1127182e-01  -1.4258693e-01  -1.9364280e-01   1.9670741e-01  -2.3792435e-01  -1.3654715e-01   0.0000000e+00   2.3950539e-01  -3.2948491e-01  -3.3801764e-01   2.0794991e-01  -5.2514440e-02  -4.3239167e-01   1.9058840e-01  -3.0244614e-02   1.2297061e-01   5.0171107e-01  -8.0429165e-02   1.8311811e-02  -3.9046301e-01   4.3206990e-01   1.1469956e-01   1.9237466e-02   2.3943551e-01   6.2222981e-02  -3.4244753e-02  -1.6296322e-01   2.4238868e-01   1.3402321e-02  -2.1000389e-01   2.9368217e-01  -1.9201166e-01  -3.3817337e-01   1.5237808e-01   6.7264586e-02  -3.1350376e-01   3.3194163e-01  -7.4474503e-02  -1.1873325e-01   1.5236841e-01   6.6765922e-02  -9.9014849e-02  -3.4586777e-01   2.0146716e-01   1.2646596e-01  -2.4799692e-01   1.6135452e-01   4.8347646e-01   3.4437913e-01  -1.3044061e-01  -2.8685699e-02   1.1544951e-01   9.3992476e-02   3.0662537e-02  -5.6168369e-02   1.1304098e-02   8.0028920e-02   4.4156722e-02   1.4149609e-01  -2.5724075e-01   3.5905748e-02  -4.4315449e-03   6.6785475e-03  -1.2625283e-01  -2.9958401e-02  -1.9613188e-02   1.1347867e-01  -1.4047446e-01   1.2450648e-01  -1.7126271e-01  -1.6287090e-02  -4.0771557e-01  -1.7975179e-01   5.4303285e-01  -2.6510501e-01   3.0978438e-01   2.1147852e-01   3.8411353e-01   4.4169656e-01   3.5537536e-01   3.9489986e-01  -7.3166553e-02   4.4734823e-01  -2.3735562e-01  -2.4774614e-01  -3.5736832e-01   3.1694012e-02   5.1783849e-02  -3.7084105e-01  -9.5904028e-02  -1.2623049e-02   1.1053400e-01  -2.9378919e-03   4.8343112e-01   2.3453948e-01   3.1410480e-01   1.6087108e-01   1.7659212e-01   1.0822326e-01  -3.2633630e-02  -1.9368222e-01  -3.6845618e-01   8.0058233e-02  -5.6223709e-02   1.6601585e-01  -6.5025837e-02   3.9736256e-01   5.0287304e-01  -3.2174653e-01   9.0501181e-02  -2.0800658e-01   4.7170109e-01  -2.1664967e-01   1.8958808e-01  -3.9939551e-01  -9.6597464e-02   1.0578054e-01   2.6804069e-01   5.3117668e-01   1.7736460e-01   1.1252719e-01   5.2497343e-02  -2.3891174e-01  -1.4699066e-01   1.4451162e-02   3.9616088e-01   1.7719217e-01  -1.5820163e-01   2.7903326e-02  -1.4729091e-01   4.0429661e-01   1.2844061e-01   1.5586129e-01   3.8294131e-01   7.4411409e-02   2.8814941e-02   1.2612895e-01   2.2730315e-01   3.0540521e-01  -1.3127135e-01   1.2790028e-01   4.2591198e-02   5.1865757e-02   5.2057153e-01   3.9329117e-01   1.8878330e-01   1.8565327e-01  -3.3814604e-01   4.0529182e-01   2.2149041e-01   8.2006029e-02  -1.9445300e-01   4.5294796e-01  -1.6770100e-01   8.2001895e-02   8.9959053e-02   1.7298803e-01  -1.0186345e-01  -3.5522793e-01   1.9270257e-01   3.3354351e-01   1.1471157e-01  -2.6019819e-01  -2.8521155e-01  -2.3692039e-02  -4.1435891e-02  -2.3627896e-01   1.3351878e-01  -6.4437748e-02   4.9793762e-02
