   0.0000000e+00  -4.1282847e-01  -2.7198157e-02   1.1841930e-01  -3.2012981e-01  -6.2496499e-02  -1.9511405e-02   1.0479210e-01  -2.5357510e-01   7.9000636e-02   4.5951783e-02  -2.0507376e-01  -7.6135780e-02   5.1419666e-01  -9.0454403e-02   9.1775622e-02  -1.5067632e-01  -3.4992822e-01  -1.5313607e-01  -3.1565742e-01   1.8660594e-01  -2.4251061e-01  -2.4807701e-02   5.9888208e-01  -2.4408370e-01  -1.3699112e-01  -1.8667692e-01   2.9016111e-01   5.4414619e-02   1.5835894e-02  -3.5752472e-01  -1.6292311e-01   1.7515150e-01  -6.3716514e-02  -4.0707241e-01  -2.6008345e-01   1.6001792e-01   5.2355256e-01  -2.2402951e-01  -2.8182418e-01  -1.8960595e-02   3.7647559e-02  -2.5618306e-01   2.3497488e-01   5.4352851e-02   4.8929109e-01  -7.1180588e-02  -5.6910007e-02   1.7827268e-01  -3.7856837e-01  -5.4703351e-02  -2.1958441e-02  -3.4038312e-01  -2.4795960e-01   2.4418185e-01   1.4004184e-01   9.6125563e-02  -1.9304787e-01  -1.6906556e-01  -1.4646906e-02  -2.6610367e-03  -1.9346350e-01  -2.4067929e-01  -8.8214641e-02  -2.1532569e-01   1.5575292e-01  -1.9184815e-01  -3.2802741e-01  -6.2664151e-02   5.7258849e-01  -1.6642344e-01  -2.0395535e-01  -1.9477498e-01   1.8124997e-01  -3.8298761e-01  -7.5748535e-03  -1.5008799e-01   8.7706289e-02  -3.3325257e-01  -2.6514404e-01   5.7880614e-02   4.7343715e-02   5.2193480e-02  -4.5592050e-02   2.4275207e-01  -6.6154202e-02  -2.3444337e-01   2.9201794e-01   7.8424343e-02   6.5949562e-01  -2.5356154e-01  -1.3594594e-01  -1.7660748e-01   9.1396911e-02   4.8036281e-01  -7.3386016e-03  -2.4522541e-01  -1.5828277e-01  -2.0459478e-01   1.2182435e-01   4.2479069e-01   2.6589344e-01  -5.9968416e-02  -4.6147807e-01  -5.2113714e-02  -1.7434206e-01  -2.0594119e-01  -2.2801246e-01   1.3839339e-01  -1.8050772e-02  -2.5107677e-02  -1.3523874e-01  -1.1856925e-01   7.6228072e-01   3.4938996e-01  -3.8993841e-01  -1.4591353e-01  -1.2826566e-01   4.1279410e-01   1.5177242e-03   1.8882534e-01  -1.8820179e-01   1.2499453e-01  -3.3898425e-01   5.5855431e-01   4.7264013e-01  -5.6188659e-02  -4.0413775e-01  -2.6265696e-01   2.7043877e-01  -3.0532882e-02  -4.4357410e-01  -3.3403763e-01  -4.8118760e-02  -1.9233733e-01   1.0951648e-01  -3.6155514e-01   1.2870184e-01  -5.2456984e-02   4.1222945e-01   6.7588739e-01  -2.3536398e-01  -9.7788251e-02   4.7776940e-01   7.7297901e-02   6.0744622e-02  -1.4880710e-01  -1.1879240e-01   5.2238306e-02  -2.0037042e-01   5.8119609e-01   9.6846893e-02   3.4012131e-01  -1.9297339e-01  -1.2718579e-01   6.0904728e-01   4.2796501e-02  -1.1821984e-01  -2.9904430e-01  -1.5630276e-01  -1.9137912e-01  -7.4872189e-02  -1.3895460e-01  -1.0809476e-01   2.7380600e-02  -4.3647863e-01  -1.9500258e-01  -4.6458235e-02   2.2937482e-01  -2.6016904e-01  -3.4298583e-01   4.6698477e-01  -1.5557082e-01   1.1959692e-01  -1.1174175e-01  -5.1391281e-01   7.2342727e-02
  -4.1282847e-01   0.0000000e+00   4.7834578e-02  -1.5728800e-01   5.1613927e-01  -3.0709168e-01  -4.5009318e-01  -2.5884282e-01   5.0141286e-01   5.6225615e-02  -2.8938582e-01   3.0167815e-01  -9.7388234e-02  -5.1322473e-01  -2.0654985e-01  -1.7168533e-01   2.7833284e-01   1.0021653e-01  -6.9182627e-02   1.0659285e-01  -3.2952178e-01  -1.4645535e-01  -2.7245088e-01  -3.7455861e-01  -2.1924461e-02  -7.2830004e-02   2.7046608e-01  -5.0534065e-01   2.0216680e-01  -4.0213329e-01   3.5590067e-01  -1.0998086e-01   7.4905432e-02  -1.5542743e-01   2.0847226e-01   1.8730488e-01   1.4550552e-01  -2.3494192e-01   1.1467632e-01   2.8834163e-01   1.9964628e-02  -4.1531102e-02   2.9273118e-01  -3.5548995e-01  -1.2694206e-01  -3.4226503e-01  -1.9589562e-01  -2.8403112e-01  -1.7945633e-01   4.6702121e-01  -4.0321039e-01  -9.0523467e-02   6.4051870e-01   1.4411350e-01  -1.9856130e-01  -4.2216587e-01  -2.7823031e-01   3.4843803e-02  -1.1729877e-02  -1.8639744e-01   2.0904092e-02   8.6642805e-02   4.8248892e-01   2.1912936e-01   5.6167471e-01  -2.9814995e-01  -2.9105038e-02   3.7732235e-01  -2.0930672e-01  -4.7632626e-01   3.8361739e-01  -1.4616652e-01   3.6694942e-01  -2.4703520e-01   1.8640064e-01  -1.3948895e-01   8.7267380e-02  -2.8043289e-01   6.9282597e-01   2.0136219e-01  -4.4780121e-01   8.2023350e-02   2.1262476e-01  -6.5549883e-02  -7.8008372e-02  -1.6800960e-01   2.9427380e-01  -3.9971596e-01   1.3766097e-01  -4.6154997e-01   6.1451118e-01   7.3538507e-02   2.7141135e-01  -9.9332816e-02  -2.6012153e-01   3.2414170e-02  -7.5157000e-03   4.7099794e-02   2.2195907e-01  -1.6963232e-01  -4.8363190e-01  -2.9687835e-01  -2.6509933e-01   4.6087459e-01  -4.2594566e-01  -1.7997997e-02   2.7770009e-01   6.8866375e-02  -2.8851586e-01   9.2177630e-02  -7.5949678e-02  -2.3170121e-01  -9.6405561e-02  -5.0840868e-01  -4.7516004e-01   7.9309015e-01  -1.2767337e-01   5.3879728e-02  -5.3076964e-01  -3.0062817e-02  -1.5861510e-01   2.5928519e-01   1.2959546e-01   6.0019640e-01  -4.1580316e-01  -6.5447858e-01  -7.1660531e-02   2.9684257e-01  -1.2184882e-01  -1.2578593e-01   1.0065010e-01   4.9391659e-01   5.5061551e-01  -3.0682236e-02  -6.5652113e-02  -2.7713223e-02   1.3701863e-01  -3.8393130e-01  -4.5099252e-02  -3.3407618e-01  -2.4843361e-01   1.2365102e-01  -1.5705240e-01  -6.1110132e-01  -4.1923354e-01  -1.7867240e-01   1.2844115e-01   5.4517479e-01  -1.2275659e-01   2.4162237e-01  -5.3568281e-01  -2.3105904e-01  -2.7595757e-01   2.5016281e-01   2.9756566e-01  -1.5800573e-01  -1.9233336e-01  -1.1779859e-01   3.9491301e-01  -2.0516077e-01   5.6166801e-02  -2.7353155e-01   5.4874146e-01  -2.5446855e-01   9.9474637e-03   5.2206283e-01   1.7789556e-03  -1.8966929e-01  -1.9428128e-01   4.3873660e-01   4.3587030e-01  -1.7162556e-01   2.2424680e-01  -3.3870354e-01  -2.6721691e-01   2.8808719e-01  -2.4868440e-01
  -2.7198157e-02   4.7834578e-02   0.0000000e+00  -2.3905103e-01  -1.5330246e-01   3.3570796e-01  -1.5141371e-01  -8.4646034e-02  -2.3066533e-01  -4.6403550e-04  -1.8753780e-01   4.4827357e-01  -3.9210701e-01  -7.3615321e-02  -1.0879061e-01  -1.4842708e-01   8.9816634e-01  -1.5680311e-01   9.8815394e-02   1.4034731e-02  -3.3605698e-01   1.8602303e-01  -2.6268969e-01  -2.0017131e-01   2.6169378e-01  -5.8383909e-02   3.5623352e-01  -1.9569443e-01   3.4356939e-01  -9.1261162e-02  -1.2437960e-01   3.8242152e-02  -3.3323859e-02   2.0020699e-01   1.8896959e-01  -3.4614083e-01  -4.1173913e-01  -1.4074797e-01  -3.7063656e-01   7.1469939e-01  -4.2700183e-01   2.2296898e-01   1.6703442e-01  -3.4046988e-01  -1.7771548e-01   2.8254929e-01  -2.1083407e-01  -8.5369146e-02  -4.8854062e-01   6.7525655e-01  -7.5459673e-02  -2.3433475e-01  -1.0062116e-01   3.4776421e-01   2.9209774e-01  -1.6697827e-01   7.4848885e-02   1.8760587e-01  -2.7084897e-01   4.3841857e-01   7.2509088e-01  -1.0282091e-01   1.4627689e-01  -1.2387935e-01  -4.7981238e-01  -1.1695102e-01   3.3712092e-01   6.2009221e-02  -9.5955911e-02   3.2797898e-01  -1.0137676e-03   2.0723769e-04  -2.9375973e-01   6.7129613e-01   1.6776060e-01   8.8613362e-02   4.5700194e-01  -2.8772373e-01  -2.4238193e-01   1.2719996e-01  -2.7237959e-01  -3.6815812e-01  -2.8898574e-01  -2.3875417e-01   2.7942707e-01   1.3437581e-01  -1.1500490e-01  -5.7710279e-02  -9.6402618e-02   1.9099539e-04  -1.3158598e-01   7.2358544e-01   3.2119178e-01  -3.7811781e-02   6.8551274e-02  -2.4875415e-02   1.9367358e-01   1.4163805e-02  -1.7385994e-01  -2.3544836e-01   1.4148467e-01   9.7490317e-02   1.3516990e-01   2.4034903e-01  -1.0468540e-01  -2.7695379e-02   5.0294219e-01   1.1467582e-01  -2.9894316e-01  -5.2835446e-02   5.7566891e-02   1.5182010e-01   6.2384871e-02  -2.6028858e-02   3.1071591e-01  -1.3007300e-01  -1.5383357e-01  -2.8527953e-01   5.6526191e-02  -2.1534811e-01   5.2904515e-02  -1.0287227e-01   1.2099977e-03  -3.3212269e-02  -9.5311542e-03   2.6612853e-01  -2.7619119e-01   3.5727351e-01   1.4546237e-02   7.3518394e-01  -5.1383003e-01  -4.0052388e-01   3.7204333e-01   1.3924493e-02   4.5765027e-02   6.5532963e-02   1.4210894e-01  -2.7549419e-01   1.0747120e-01  -1.7544052e-01  -1.8026759e-01  -2.5235498e-01  -3.5169726e-02   3.4830254e-01   3.4253708e-02  -1.7949922e-01   3.1439910e-01  -4.9216633e-01   6.9831192e-02  -2.6587324e-01   1.7909287e-01  -2.0624728e-01   1.2123120e-01  -4.1868185e-01   7.3660446e-01  -1.9288199e-01   1.3235685e-01  -1.3130361e-01   5.7459745e-01   1.4578469e-02   1.7761650e-01  -1.2627850e-01  -3.5350370e-01  -3.4707931e-01  -2.6033726e-02  -2.1439476e-01  -7.2075978e-02  -7.6526276e-02   3.2684623e-01  -9.4177806e-02   4.0148032e-03  -4.8462344e-03  -1.2054846e-01   3.4066003e-01   2.5758413e-01   2.4354591e-01  -2.0162011e-01
   1.1841930e-01  -1.5728800e-01  -2.3905103e-01   0.0000000e+00  -2.5860974e-01   1.9447904e-01   1.9634647e-01   2.9133840e-01   6.0361891e-02  -8.9700030e-02   3.4346127e-01  -2.0100133e-01   2.4147821e-01   3.7907424e-01  -8.6783475e-02   9.4121990e-03  -2.4137146e-01   9.1553831e-03  -6.2493304e-02  -4.8583390e-01   3.3912034e-01  -2.2321908e-01   1.3360931e-01   3.1042087e-01   2.2457602e-01   1.0348201e-01   2.6722024e-01   2.7725268e-01  -2.2964487e-01   3.6576993e-01  -2.3663099e-01   2.5073212e-01   4.0004981e-01  -4.1857836e-02  -3.5692897e-01   1.6302746e-01  -7.9404905e-03  -2.6605380e-02  -3.5911647e-02  -1.7062893e-01   2.6369346e-01   1.7670111e-01  -2.7156886e-01   2.6097594e-01  -2.5530720e-01  -2.7922832e-02   4.4804138e-01   2.7813835e-01   1.0805349e-01  -3.8369975e-01   1.1375753e-01   3.9686752e-01  -1.0439680e-03  -3.1099769e-01   1.6585549e-01   4.0687828e-01   1.6413596e-01  -4.7651774e-02   1.9040493e-01  -1.0114526e-01  -3.6362236e-01  -2.2243428e-01  -1.5591175e-01   1.6033461e-01  -1.3238657e-01   1.4229589e-01   7.9809973e-02  -4.7569387e-01   4.7595989e-01  -1.6248590e-02  -5.3143907e-02  -2.3770250e-01   6.3510104e-02  -1.8565180e-01  -4.6247446e-02   2.9160100e-04  -4.1224352e-01   2.0978507e-01  -1.1353445e-01  -4.0226782e-01   3.0954948e-01   1.4247625e-01   1.1318984e-01   2.2526077e-01   1.5646529e-03  -1.5911683e-02  -1.5736064e-01   2.7049408e-02   5.4330195e-01   1.3554766e-02  -1.6811718e-01  -3.8885176e-01  -1.9664349e-01   2.7575158e-01  -5.7372593e-02  -3.2506344e-01  -4.6441767e-01   1.3685703e-01  -1.7572116e-01  -6.7754575e-02   1.0861647e-01   2.0473288e-01   1.6738964e-01  -4.9971846e-01   1.1768372e-01   3.5465957e-01   5.1038441e-02   3.2129404e-01  -1.3178521e-01   1.7809566e-01  -5.4268410e-02   1.1201390e-01  -2.6705963e-01   7.8275688e-02   3.9399511e-02  -2.4687836e-01   2.9802769e-01   1.5197736e-01   2.1606199e-01   7.1199704e-01  -1.2117770e-01  -1.1461351e-01   3.8574417e-01  -2.9820327e-01   2.1656724e-03   1.7823849e-01   2.5872121e-02  -3.5357373e-01  -3.7793353e-02  -1.1474153e-01   1.8513397e-01  -8.5722888e-02  -3.8764122e-01  -3.2570758e-02  -2.5717809e-01   2.3361798e-01   2.9025863e-02   3.6468651e-01   1.4557450e-02   1.0569372e-01   1.8537492e-01  -1.0178575e-01   2.8513941e-01   1.5976030e-01  -4.0478135e-02   1.0536573e-01  -2.3159219e-01   5.1251022e-02   5.3223257e-02  -4.1744096e-02   5.2769257e-02   4.5125661e-01   2.8696334e-01   5.6420792e-02  -1.8635337e-01  -7.7949524e-03  -3.8981756e-01   1.6263230e-01  -3.2129932e-01   2.9799380e-01  -5.9942198e-01   3.9638802e-01  -2.4588701e-02   3.8337328e-01   5.5319850e-01  -1.9726989e-01   2.2867196e-01   1.2721321e-01   2.2696776e-02  -7.2175685e-02  -3.7944931e-01   9.4621791e-02  -3.6705019e-01   2.1220630e-01   1.1355390e-01  -4.3733097e-01   5.4314073e-01
  -3.2012981e-01   5.1613927e-01  -1.5330246e-01  -2.5860974e-01   0.0000000e+00  -3.6162853e-01  -4.2112345e-01  -3.0232995e-01   1.4517969e-01   3.7416338e-01  -2.9487752e-01   1.7099447e-01   1.1249676e-01  -4.6044441e-01  -2.0641162e-01   1.0210032e-01   3.3129152e-02   2.0338184e-01   8.9124160e-02   7.2230366e-01  -1.8980278e-01  -1.1863841e-01  -1.6468369e-01  -2.5711217e-01  -3.2493952e-01   1.2906457e-01   7.1691534e-02  -2.4480152e-01   1.6688373e-01  -4.4358163e-01   6.7823814e-02  -2.7378070e-01  -9.7740503e-02  -1.8172277e-01   7.4860370e-02   3.6571649e-01   2.5650361e-01  -1.8229595e-01   3.4533151e-01   1.4092335e-01   2.5146158e-01  -1.5490169e-01   3.0662451e-01  -3.6260595e-01   4.1136634e-01  -4.4884693e-01  -1.3507858e-01  -4.4383337e-01   1.4794793e-01   3.1751421e-01  -8.3147652e-02  -1.2945988e-01   4.1462114e-01  -7.4894956e-02  -2.5493398e-01  -3.6316642e-01  -1.8311950e-01  -5.4061067e-02   1.3165380e-01  -3.4351904e-01  -2.1101162e-01   6.0954399e-01   2.7926488e-01  -1.0498821e-01   5.5801619e-01   6.5425106e-02  -2.0283913e-01   5.9880160e-01  -1.8059516e-01  -5.1679644e-01   8.5111397e-02   1.8665678e-01   1.8643691e-01  -3.0385135e-01   1.1439612e-01  -1.3043193e-01  -1.4625061e-01  -5.4146332e-02   7.1094861e-01   3.5355299e-01  -2.7779229e-01   2.7278706e-01   1.8549608e-02   1.0355980e-01  -1.2719955e-01  -2.4146629e-01   1.3085903e-01  -2.4713616e-01  -1.6945241e-01  -3.7671020e-01   7.5080903e-01  -7.0032712e-02   2.9681489e-01  -2.1811683e-01  -3.8023590e-01   6.1792224e-01   3.4714420e-01  -1.5132584e-01   4.7910956e-01   6.9858660e-02  -3.8146612e-01  -3.6168005e-01  -2.9325168e-01   1.6917189e-01  -1.3878685e-01  -3.2398810e-01  -1.0427785e-01  -1.8544750e-01   1.0774011e-01   1.8200740e-01  -1.6644074e-01  -1.0222621e-01   1.8409126e-01  -4.0903001e-01  -4.3192759e-01   6.0860783e-01  -1.0343691e-01   2.0057363e-01  -2.0470828e-01  -2.5777277e-01  -2.7435665e-01   7.3267874e-01  -9.2113523e-02   5.7942379e-01  -3.5940599e-01  -5.7218659e-01   2.6902529e-01   1.9336516e-01  -4.4228330e-02  -3.0374548e-01   9.8982210e-02   3.4718488e-01   2.7988338e-01  -2.3140230e-01   8.1977509e-02  -2.8777793e-01   8.9798057e-02  -2.2779841e-01  -2.2904615e-01  -3.0504188e-01  -2.9043279e-01   1.7080492e-01  -6.7639996e-02  -4.9236009e-01  -2.7929223e-01  -4.8592444e-01   3.3093599e-02   4.5806179e-01   4.8335070e-02   1.2164551e-01  -5.0077675e-01  -1.9695458e-01  -4.9065417e-01   7.0218344e-02   2.7668233e-02  -1.3799785e-01  -1.3564099e-01   1.5633853e-02   1.7434052e-01  -3.0521364e-01   4.0644465e-01  -1.2053223e-01   5.6742091e-01  -1.8797736e-01  -3.0335009e-01   4.7739417e-01  -9.7579742e-02   1.3512518e-01  -3.3471560e-01   2.8453904e-01   6.5221081e-01  -3.5353004e-01   5.5623363e-01  -2.7848247e-01  -2.8319711e-01   2.4517949e-01  -3.1862616e-01
  -6.2496499e-02  -3.0709168e-01   3.3570796e-01   1.9447904e-01  -3.6162853e-01   0.0000000e+00   2.5913487e-01   2.1200875e-01  -1.0684630e-01  -1.4608716e-01   1.5517527e-01   1.1725316e-01  -1.6212182e-01   2.1967928e-01  -2.2699390e-02   3.0167903e-02   2.0037677e-01   3.2938628e-02   3.4319492e-01  -7.2414657e-02  -1.6922319e-01   2.8772665e-01  -1.1089641e-01  -1.4809641e-01   3.0305353e-01   1.3938252e-02   2.7331153e-01   5.5500512e-02  -1.4809883e-01   4.0480309e-01  -4.4343599e-01   4.3123925e-01  -1.2253712e-01   1.4333606e-01  -1.1685337e-01   1.1753173e-01  -3.5652151e-01  -1.2365196e-01  -3.0331762e-01   9.8609025e-02  -2.9171854e-01   1.5377290e-01  -1.2157758e-02   7.5237037e-02  -1.6660292e-01   1.7656731e-01   2.6805537e-01   1.5297892e-01  -3.6514303e-01   1.0785848e-01   3.3740767e-01   9.2082538e-02  -2.9562998e-01   9.4225829e-02   1.6457765e-01   1.4843331e-01   6.6296409e-01   2.7733743e-01   5.4821493e-02   4.6105214e-01   3.2241693e-01  -1.6356265e-01  -2.5708286e-02  -3.7674896e-01  -6.2126646e-01   1.9233795e-01   6.9593254e-01  -8.7311246e-02   3.8166941e-01   1.7703485e-01  -5.0086839e-01   2.2255935e-01  -3.6503145e-01   4.4044903e-01   1.5642023e-01   1.4028553e-01   3.1230795e-01   2.2683562e-01  -2.9064874e-01  -1.3751178e-01   8.7383471e-02  -3.8594804e-01  -3.6924999e-01  -2.1590977e-02  -3.1668316e-01   2.8376763e-01  -3.7794601e-01  -9.3232786e-05  -2.9928089e-02   4.1526458e-02  -1.7223811e-01   3.0616372e-01  -1.2104428e-03   2.2546202e-01  -1.9786812e-02  -2.9317206e-01   4.2433396e-03   5.2415316e-01  -1.9543211e-01  -2.7968128e-01  -1.0638113e-01   7.5842117e-02   3.8959311e-01  -1.8289451e-02   4.6492396e-01   3.3229101e-01   2.0111728e-01   6.4655376e-01  -4.1361970e-01   6.1279078e-03  -9.8591720e-02   5.0695972e-01   8.9454362e-02  -2.1975074e-02   5.7566746e-02  -4.1206495e-01   1.3487637e-02  -3.0207481e-01   2.9343785e-01   3.5765204e-01  -3.1183680e-02   3.3563812e-03   1.3266037e-01  -2.8578908e-01  -3.5496578e-02   3.7589756e-01  -8.8361037e-02   1.1314383e-01   2.5446149e-01   9.4774904e-02  -3.8765383e-01  -3.7190729e-01  -1.0224395e-01  -2.8115116e-01   9.9232704e-02   1.2859166e-01   9.4526190e-02  -5.3054811e-02   1.9861098e-01  -2.2496743e-02  -8.3538130e-02  -1.6199938e-01   2.4026521e-01   4.8891055e-01   1.9227782e-01  -6.8488134e-02  -1.4127948e-01  -3.6879992e-01   2.7219093e-01  -6.2696659e-01   8.9791418e-02   5.1770330e-02   9.7017850e-02  -8.6206662e-02   2.1319035e-01  -2.2418898e-01   9.3045519e-02   2.0469330e-01   8.8753089e-02   3.6203560e-01   2.4651044e-02   2.5807666e-01  -5.4019764e-01   1.7547014e-01   2.9261459e-01  -4.6051329e-01   4.5498572e-01   1.9332817e-01   1.8290709e-01  -4.1876818e-01  -2.9369951e-01  -1.3120868e-01  -1.8839516e-01   6.9073943e-01   2.9164478e-01   9.6695132e-02   2.9926434e-01
  -1.9511405e-02  -4.5009318e-01  -1.5141371e-01   1.9634647e-01  -4.2112345e-01   2.5913487e-01   0.0000000e+00  -1.9134727e-02  -1.1873750e-02  -1.1105293e-01   8.7432975e-02  -6.1942119e-02   1.2034543e-01   2.7777882e-01   6.3813324e-01   6.6970283e-02  -3.4536757e-01   7.7817716e-02  -9.3766060e-03  -2.3426821e-01   5.3443587e-01  -6.4229145e-02   6.3543162e-01  -5.7785039e-02   1.6312544e-01  -1.7137593e-01  -1.2392371e-01   3.4080899e-01  -4.0399711e-01   2.9833483e-01   1.0793060e-01   9.3927063e-02  -5.2864092e-02   4.9034600e-01   1.3872360e-01  -3.4884061e-02  -3.3465168e-02  -1.6251733e-01   2.7822412e-02  -1.9187199e-01  -6.0984180e-02   1.7544295e-01  -1.8388720e-01   3.1085432e-01  -2.1799565e-02  -1.2056183e-02   1.6985459e-02   6.0245552e-01   8.8005022e-02  -4.6696071e-01   2.1168113e-01   6.3637230e-02  -1.3136391e-01   1.3970784e-02   5.3193749e-02   5.5034022e-01   8.3363840e-02  -1.8202605e-01   9.3314696e-02   2.7160508e-01  -2.7251678e-01  -1.6405853e-01  -5.0171581e-01   1.9508064e-01  -3.8669053e-01   3.6812085e-01   1.0265015e-01  -3.0163639e-01   5.4586626e-02   1.1056936e-01   1.4421642e-01   1.5933888e-02   6.9848884e-03   9.8135428e-03   1.2912074e-02  -2.0086150e-02  -2.3446375e-01   3.0901313e-02  -3.9431880e-01  -2.8136502e-01   6.8255646e-01   1.4967801e-01  -4.9557537e-02  -9.3487371e-02  -6.7590544e-03   8.0794454e-02  -1.0626352e-01   3.1756519e-02  -7.0269020e-02   2.6320666e-02  -5.1029655e-01  -2.3876139e-01  -9.6331154e-02   2.6550419e-01  -5.9761569e-02  -2.2383882e-01  -2.1802880e-01   1.3484348e-01  -2.8447931e-01   4.3361066e-01   3.0183032e-01   4.2697875e-01   2.4403471e-01  -1.8239220e-01   3.1567303e-01   6.6657229e-02  -7.1251004e-02   7.4075197e-02   1.5101343e-01  -2.3773141e-01   5.2902173e-01   5.0385526e-03  -1.4966845e-02   4.6951952e-02   4.9148467e-01  -5.0349839e-01   1.5055193e-01   2.4308061e-01   1.1046789e-01   2.0122617e-01  -3.3535167e-02  -2.8160848e-01  -5.5007296e-02  -3.7027278e-01   5.5856651e-02   4.3081060e-01   2.7778860e-01  -2.4625806e-01  -4.9528169e-02  -8.5102733e-02  -3.8602823e-03   7.0624600e-02  -4.7846463e-01   2.5411326e-01  -1.5526979e-01   9.2473812e-02  -1.5947640e-01   3.7651797e-01  -2.6886940e-02  -3.0478819e-02  -8.6912185e-02  -5.9990229e-02  -1.0355332e-01   3.0816797e-01   4.4196037e-01   2.3094269e-01   4.7711836e-01  -2.6220628e-01   2.0699184e-01   7.9359666e-02   3.1762666e-01   1.0172987e-01   1.7188624e-01  -2.1187986e-02  -2.2421099e-01  -1.8427272e-01  -9.5777805e-03   4.1754420e-02  -4.0087755e-01   2.6387483e-01  -1.6926413e-01   9.1312683e-02  -1.6454217e-01   1.8555379e-01   1.3361186e-02  -8.5572904e-02   1.1099332e-01  -8.7473644e-02   1.4796653e-01  -1.2010927e-01  -3.0971904e-01  -1.0283103e-02  -2.9881200e-01   1.2933977e-01   2.4968937e-01  -2.8107292e-01   1.7474161e-01
   1.0479210e-01  -2.5884282e-01  -8.4646034e-02   2.9133840e-01  -3.0232995e-01   2.1200875e-01  -1.9134727e-02   0.0000000e+00   8.5908335e-02  -1.9592625e-01   5.6198516e-01  -2.0813876e-01  -4.6763051e-02  -2.4427951e-02  -1.2627210e-01   1.7251155e-01  -1.1879170e-01   3.8572425e-02  -9.2808020e-03  -1.7431098e-01  -8.5298972e-02   3.0973914e-01  -1.3367537e-01   1.8356232e-01   7.2703457e-02   2.9920409e-01   9.7065282e-02  -2.7904370e-02  -1.6082169e-01   3.2567284e-01  -2.8975562e-01   3.6280902e-01   3.7289826e-02  -1.6750155e-01  -2.7292586e-01  -4.5331942e-02  -1.5418532e-01   1.7502659e-01  -1.4660784e-01  -1.8981303e-01   8.7838367e-02  -5.6886822e-02  -9.6526354e-02   3.0225213e-01  -1.6668601e-01   2.3277000e-01   4.6444208e-01  -4.3297297e-02  -1.2008184e-01  -1.5676771e-01   1.3390449e-01   4.6589521e-01  -1.8832161e-01  -1.7602920e-01  -1.7309124e-01   2.3854581e-01   2.0568092e-01   4.4354938e-01   1.6167966e-01   9.5463667e-03   6.5035540e-02  -1.3930991e-01   1.1044792e-01  -1.9487725e-01  -1.8917146e-01   7.6874331e-03   1.8207457e-01  -2.3641649e-01   4.0482268e-01   1.1452370e-01  -4.4097717e-01   1.7912456e-01  -1.3820942e-01  -1.1394522e-01   6.3342864e-02   5.3174324e-01   1.0392638e-01   2.2660527e-01  -2.7688840e-01  -6.0697887e-02   8.2658783e-02  -9.5954364e-02  -1.5503596e-01   4.0719040e-01  -3.3410841e-01   5.1399438e-01  -3.2198799e-01   4.7058831e-02   1.2583151e-01   2.2820328e-01  -2.6326314e-01   6.8417892e-02  -1.7388110e-01   2.1812446e-01   1.9620235e-01  -2.4310200e-01  -5.5709877e-02   5.8714535e-02   4.5898329e-02  -1.4708296e-01  -2.1288940e-01   5.8361646e-02   3.8730215e-02  -1.9940603e-01   2.8256615e-01   4.1040123e-01  -1.3155424e-01   2.6300149e-01  -1.2738245e-01   1.3416018e-01  -2.1775360e-01   1.5002637e-01  -2.5200679e-02   1.1939479e-01  -1.7139494e-01  -2.3725867e-01   1.3266369e-01   2.0913741e-02   1.7935966e-02   2.7073396e-01   3.2119809e-01  -1.5765972e-01   1.3688920e-01  -3.0898995e-01   2.3218531e-01   1.0250825e-02  -1.1187802e-01  -1.4845140e-01   4.2032011e-01  -1.9683409e-01  -2.1505939e-02  -1.6314554e-01  -2.2172895e-01  -3.3542600e-01   2.2452478e-01   5.1222592e-01   7.7022598e-02  -4.0616905e-02   6.2740143e-01   2.8539617e-01   2.6188123e-01  -1.0379757e-01   4.8112626e-01  -2.6999110e-02  -4.7605099e-02   2.2891390e-01  -3.6453752e-01   1.3398076e-02  -8.5927784e-02  -3.1002622e-01  -1.9138978e-02   2.0009742e-01   2.8100139e-01   3.2984190e-01  -2.6628807e-01   2.3622040e-01   1.4225229e-01   2.9656989e-01   3.5978560e-02   1.1861807e-01  -8.1442140e-02   4.2512389e-01  -3.2676026e-01   4.7332962e-01   2.6756394e-01  -2.5745158e-01   3.5047018e-01   1.7915637e-01   1.3356189e-01  -2.4126606e-01  -2.4441125e-01   1.1626240e-01  -1.3590250e-01  -2.7688826e-03   3.6095901e-02  -7.7590168e-02   4.6675249e-01
  -2.5357510e-01   5.0141286e-01  -2.3066533e-01   6.0361891e-02   1.4517969e-01  -1.0684630e-01  -1.1873750e-02   8.5908335e-02   0.0000000e+00  -1.7604317e-01  -9.4683159e-02   6.4495249e-02   3.2765899e-02  -3.6044583e-01   1.1257513e-01  -5.6508733e-02  -1.3639695e-01   1.7745142e-01  -1.4029442e-01  -3.1625267e-03  -2.0383730e-01   3.8712226e-02  -2.6109681e-02  -2.2755703e-01   1.2970843e-01  -9.0059141e-02   6.4864233e-02  -4.2772819e-01  -1.6935140e-01  -1.6563983e-01   3.4892517e-01   2.0915301e-01   5.4964745e-02  -1.3822191e-01   3.4043840e-01   1.9085525e-01   4.6142670e-02  -2.4368876e-01   1.4018853e-01  -8.0610159e-02   6.5812650e-02   5.6879896e-02   1.9983619e-01  -4.0146761e-02  -1.9547397e-01  -2.2200550e-01  -3.6510694e-02  -8.9325323e-02  -2.9928200e-01   5.5100840e-02  -9.8885527e-02   1.9279280e-01   3.4930316e-01   1.6504507e-01  -2.0048638e-01  -2.3753717e-02  -8.4061220e-02   1.4313322e-01   1.8039623e-01  -4.0993228e-04  -8.6481178e-02  -7.7719232e-02   3.4708969e-01   2.4640968e-01   2.9118844e-01  -2.2005169e-01  -2.1691800e-03   9.0025279e-02  -8.8042507e-02  -3.6590198e-01   1.2540327e-01  -4.0809103e-02   2.6758599e-01  -2.9748518e-01   3.0782602e-01   7.0167642e-02   1.1981886e-02  -9.6778016e-02   3.9008856e-01   1.3245865e-01  -7.7928699e-02   4.2765012e-02   2.7005412e-01   1.3637871e-02  -2.4927414e-01   7.0537816e-02   1.5575511e-01  -2.0826699e-01   1.0013833e-01  -2.4984872e-01   2.4495009e-01  -4.7462500e-02   1.0004190e-01   1.9054097e-01  -1.8793058e-01  -1.3827129e-01  -9.1809790e-02   1.1019328e-01  -3.6096093e-02   5.6372588e-04  -5.0483187e-01  -3.5305601e-03  -2.1524656e-01   3.0993404e-01  -1.3519298e-01   1.9404442e-01   2.4235700e-01   1.7958053e-01  -1.9847646e-01  -1.4222433e-01   1.9160369e-01  -2.9327940e-01  -4.0229038e-02  -2.8891234e-01  -3.9851721e-01   4.5096841e-01  -8.5968785e-02   1.1068434e-01  -5.6028756e-01   2.0277187e-01   6.6536322e-02   3.2294980e-02   1.2937159e-01   3.3883803e-01  -1.9798658e-01  -3.8484502e-01   1.0000797e-01   1.6235564e-01   1.8112247e-01  -4.1088088e-01   1.7483950e-01   5.4865818e-01   1.5418081e-01  -3.4672793e-02   1.4053419e-01   1.7975887e-01   2.3590614e-01  -3.4772135e-01   2.4911393e-01  -1.4605196e-01  -1.0766097e-01   3.4373598e-01  -5.0856020e-02  -4.9937138e-01  -1.5716681e-01   1.4832247e-01   1.4803574e-01   3.7447053e-01  -1.2869256e-01   1.6150423e-01  -2.8854644e-01  -2.3405109e-01   1.0704189e-01   3.4852596e-01  -4.8791396e-02  -3.6508585e-02   1.0218111e-01   9.0660498e-02   1.9748429e-01  -1.0372254e-01  -1.7248181e-01  -1.1189992e-01   2.2019383e-01   1.8110230e-01   1.3068557e-01   5.1988997e-01   1.0406321e-01  -1.8791709e-01   5.1879151e-02   2.5585676e-01   1.8014928e-01  -8.1224533e-02   6.9160960e-02  -3.3149916e-01  -2.2169787e-01   3.2332127e-01   8.6137739e-02
   7.9000636e-02   5.6225615e-02  -4.6403550e-04  -8.9700030e-02   3.7416338e-01  -1.4608716e-01  -1.1105293e-01  -1.9592625e-01  -1.7604317e-01   0.0000000e+00  -1.3754682e-01   1.5235235e-01   1.7872553e-01  -1.7305862e-01  -1.3269359e-01  -4.9667496e-02  -4.1330758e-03   4.2065177e-02   1.3155868e-01   2.7876082e-01   2.0567985e-03  -3.0993571e-01   1.2108909e-02  -3.5307714e-02  -1.5665934e-01   6.6226958e-03  -6.6182225e-02   6.0542931e-02   1.6425982e-01  -2.3418482e-01  -2.7522266e-01  -3.3979383e-01  -1.5479414e-01   1.1430351e-01  -2.3449529e-01   1.9545608e-01   4.1111662e-01  -1.0781603e-03   1.2441946e-02  -1.3380346e-01   1.5974094e-01  -2.5892726e-01   2.9785429e-01  -1.0631520e-01   4.0514135e-01  -2.1618980e-02  -1.3789816e-01  -3.6498177e-01   2.0284068e-01  -8.8655497e-02   1.5964202e-01  -2.4603399e-01   5.8239429e-02  -3.7932660e-01  -2.1829874e-01  -2.6336216e-01   9.1684660e-02  -4.1813037e-01  -1.5859363e-01  -1.2120916e-01  -2.4171936e-01   5.9093075e-01  -3.6390386e-03  -2.7441864e-01   2.0252767e-01   6.3386529e-01  -2.6117554e-01   2.1102349e-01  -2.0584565e-01   2.8558583e-02  -9.8297764e-02   3.1117914e-02  -7.5917261e-02  -1.0675322e-01  -1.2512611e-01  -3.1606095e-01  -3.3583910e-01  -2.0320060e-02   3.3000171e-01  -3.2681349e-02  -2.5653885e-01   3.3532559e-01  -3.9894975e-01   1.5097908e-02  -1.7275481e-01  -4.4476149e-01  -3.3393580e-01  -2.8993923e-01   1.0869449e-01  -1.0170837e-01   4.7199861e-01  -2.7307345e-01   1.0379755e-01  -6.8868938e-02  -4.1575117e-02   2.8100723e-01   7.1313327e-02  -8.8725250e-02   2.7042360e-01   4.0682812e-01  -5.5943785e-02   7.1918153e-02  -3.3535051e-01  -2.1800776e-01  -9.4228601e-03  -4.4744505e-01  -2.6108057e-01  -3.0094213e-01   3.1172974e-01   4.5339867e-02  -8.4338406e-02  -2.1322935e-01   5.3803834e-02  -4.9327938e-02   8.1168127e-02   3.5553648e-02  -1.0364197e-01   1.1152949e-01   2.1683823e-01  -7.5343631e-02  -3.6054158e-01   6.2759895e-01   1.0702198e-01   2.5748399e-02  -6.3838269e-02  -1.5486436e-01   4.0097580e-01   2.3397367e-02  -2.3081259e-01   2.1428554e-02   1.1722468e-01  -1.0793413e-01  -2.3010812e-01  -1.7655310e-01  -2.7450538e-01  -3.4271653e-01  -2.0000366e-01  -1.3004399e-01  -3.2583549e-01  -5.1114882e-02  -9.1370102e-02   1.7966218e-02  -1.3843919e-01   5.3693236e-02   9.3185449e-02  -3.0956329e-01   1.4832539e-01   2.2516371e-01   2.1800725e-01  -6.1517114e-03  -1.3812682e-01  -1.1362381e-01  -3.0556044e-01  -3.4612324e-01  -3.6738735e-02   2.1441051e-03  -2.7079837e-01  -8.1168519e-02  -2.1100572e-01  -3.6301281e-01  -4.6613449e-03  -1.4549319e-01   4.6429472e-01  -1.9840058e-01  -3.4347417e-01   1.2749010e-01  -4.1359795e-02   6.2698842e-02  -2.7680322e-01  -2.8042396e-01   3.2562807e-01  -1.0589806e-01   2.2130656e-01   3.2293496e-02   2.4448930e-03  -1.5773545e-01  -3.0227678e-01
   4.5951783e-02  -2.8938582e-01  -1.8753780e-01   3.4346127e-01  -2.9487752e-01   1.5517527e-01   8.7432975e-02   5.6198516e-01  -9.4683159e-02  -1.3754682e-01   0.0000000e+00  -2.2609805e-01   2.5323645e-02   9.6056348e-02  -3.3689442e-02   2.3517876e-01  -1.6205722e-01   2.8396881e-01   8.6598342e-02  -1.0043160e-01   1.9431584e-02   3.2570739e-01  -3.7813612e-02   2.1160890e-01  -1.9225193e-01   4.7447279e-01   2.2602741e-01   1.2635211e-01  -1.6002795e-01   5.2951735e-01  -2.7696829e-01   2.1269649e-01   4.8543933e-02  -4.2038442e-02  -1.9573385e-01   1.5447226e-01  -2.1614601e-01   9.7679134e-02   9.7190472e-02  -1.9943209e-01  -3.5400293e-02   3.0353074e-02  -3.6776507e-02   5.0115369e-01   2.2947310e-01   1.2261069e-01   6.8638887e-01  -1.5312259e-01  -2.2015401e-02  -2.6106132e-01   4.7071553e-01   3.5767181e-01  -1.5394247e-01  -1.9423222e-01  -2.3977404e-03   3.0595148e-01   2.7695971e-01   4.1545110e-01   2.7562366e-01   1.5050077e-01  -9.6742640e-02  -7.0720264e-02   1.7830535e-01  -9.9602208e-02  -1.1301159e-01   1.2745517e-01  -6.8730021e-02  -1.4193314e-01   7.0216795e-01   4.9090919e-03  -3.8037708e-01   3.6440177e-01  -3.3134845e-02  -2.1073176e-01  -1.3192681e-01   1.5546716e-01  -2.1040775e-01   4.0550574e-01  -2.0036710e-01  -1.3500778e-01   3.5199884e-02  -2.4167411e-02  -2.5483953e-02   2.8550434e-01  -2.3483050e-01   1.3241866e-01  -2.8589130e-01   1.6567960e-01  -8.2347574e-02   1.5955810e-01  -2.8895299e-01  -3.9361259e-02  -2.4629680e-01   2.8900376e-01   8.7580864e-02  -2.4911424e-01   7.3442835e-04  -4.9150304e-02   1.5794824e-01  -9.0379860e-02  -1.0753022e-01   2.8098054e-01  -2.7830748e-02  -2.5004127e-01   5.7438577e-01   2.5041265e-01  -2.2069560e-01   2.7268274e-01  -2.2042321e-02   2.5390296e-01  -2.7117972e-01   2.7854036e-01   2.1828606e-01   1.7356662e-01  -1.3814969e-01  -3.7267431e-01   3.5416798e-01   5.2692126e-03   7.7545302e-02   1.5031431e-01   3.0762880e-01  -1.4103170e-01  -1.9362401e-01  -2.3950902e-01   2.0501357e-01   9.7053249e-02   8.8879648e-02  -3.1549080e-01   4.6536705e-01  -2.3290962e-01   4.4241277e-02   2.2508716e-02  -3.1348393e-01  -1.1598069e-01   3.2811715e-01   8.0860216e-02  -7.4739336e-02   4.0725233e-02   2.9351382e-01   3.6548713e-01   2.4615811e-01  -1.9758079e-01   6.8407542e-01   4.8477223e-02   2.4286512e-01   2.6133497e-01  -3.9053166e-01  -6.0938687e-02  -1.1038267e-01  -2.2549222e-01  -1.3965492e-02   1.8915234e-01   2.6193269e-01   3.8934339e-01  -2.0942898e-01   2.1915713e-01   1.4326907e-01   2.1923731e-01  -8.2869644e-02   6.0202824e-02  -1.2461606e-02   7.1120034e-01  -3.2170758e-01   6.5957463e-01   2.7308211e-01  -2.2848590e-01   5.0524505e-01   2.8524338e-01   1.3932431e-01  -2.0523943e-01  -2.9131511e-01   2.9712521e-03   1.5032191e-01   3.1657493e-02   1.1372080e-03  -1.9495620e-01   5.3144421e-01
  -2.0507376e-01   3.0167815e-01   4.4827357e-01  -2.0100133e-01   1.7099447e-01   1.1725316e-01  -6.1942119e-02  -2.0813876e-01   6.4495249e-02   1.5235235e-01  -2.2609805e-01   0.0000000e+00  -1.7662303e-01  -2.6252296e-01   1.4567798e-01   1.7571056e-02   4.6529044e-01   4.7160803e-02  -2.1245628e-02   1.7607203e-01  -3.5104790e-01  -3.0798405e-02  -3.0296218e-01  -3.6558972e-01   2.1923671e-01  -2.7603485e-02   3.3784731e-01  -2.9636913e-01   2.0926306e-01  -2.3277072e-01  -1.5624494e-02   4.5658781e-02  -2.5560304e-02   2.8288570e-01   2.6377581e-01   7.1503832e-02  -2.2011481e-01  -2.7683802e-01  -1.3117794e-01   4.9966438e-01  -2.1309567e-01   2.1726118e-01   5.8970634e-01  -3.4371069e-01   6.5040113e-02  -2.0859899e-01  -1.3309121e-01  -1.6521411e-01  -3.1959304e-01   5.0621608e-01  -1.0187476e-01  -3.6156328e-02   3.7733914e-01   2.7322004e-01   3.0787876e-02  -2.8419063e-01  -2.6356700e-02  -9.3324994e-03  -1.4289584e-01   4.8683052e-01   1.5847372e-01   1.1459154e-01   2.4534101e-01  -9.8882109e-02  -1.9126450e-01   6.3967005e-02   1.9862319e-01   2.2963429e-01  -8.9459084e-02  -2.0523663e-01  -1.1103199e-02   1.2952978e-01  -1.3443619e-01   2.9592169e-01   2.4640806e-01   1.9687611e-02   9.3361756e-02  -2.4239116e-01   2.6023011e-01   1.5858644e-01  -3.2074314e-01   7.3554301e-02  -1.2191428e-01  -1.7789455e-01  -8.4376841e-02  -4.0618304e-02  -3.8591183e-02  -2.5638428e-01  -1.4417941e-01  -3.0366131e-01   1.8625627e-01   2.9567375e-01   5.3723648e-01   1.7515947e-01  -2.9638977e-01   2.1180374e-02   1.6363711e-01   1.0030739e-01   1.0737485e-02  -7.2860243e-02  -3.1248217e-01  -2.8721849e-02  -2.3860821e-02   2.9645372e-01  -1.3751656e-01  -7.8960566e-02   3.2951533e-01   1.9156021e-01  -2.1599813e-01   1.0076353e-01   1.3951868e-01  -7.2777192e-02   6.9098535e-02  -3.4612543e-01  -5.1986066e-02   1.4479034e-01  -1.0778489e-01  -3.1833470e-02  -2.4199939e-01  -3.3287037e-02  -1.7822963e-01   2.6538231e-01   1.3846595e-01   1.5427441e-01  -2.4239103e-01  -1.2007363e-02  -3.4826740e-02   3.4439765e-01  -1.2475516e-01   7.7797790e-02  -2.2404751e-01  -2.8424480e-02   3.1836426e-01  -1.1662246e-01  -3.7017189e-02  -5.0491699e-02   2.5565716e-01  -2.2418258e-01  -1.1569255e-02  -3.5149568e-01  -2.5945472e-01  -1.2182765e-01  -4.7374033e-02  -1.3049536e-01   7.5848622e-02  -1.3723946e-01   4.3389858e-01  -6.0422617e-02   1.9170003e-01  -2.1427751e-01  -3.2192896e-01  -1.7740027e-02  -1.1703061e-01  -1.0829926e-01   5.3732300e-01  -3.2165676e-01  -1.2642861e-01  -9.1636463e-02   3.0329516e-01  -1.2115705e-01   1.2577680e-01  -2.0036205e-01  -4.4912446e-02  -2.5474008e-01   2.6057465e-04   2.4725593e-01   1.5484364e-01  -1.3084819e-01   2.5070363e-02   1.7341089e-01   4.6947350e-01  -2.4422287e-01   7.2853864e-02  -7.4392404e-03   4.4370931e-02   2.0074017e-01  -1.9484349e-01
  -7.6135780e-02  -9.7388234e-02  -3.9210701e-01   2.4147821e-01   1.1249676e-01  -1.6212182e-01   1.2034543e-01  -4.6763051e-02   3.2765899e-02   1.7872553e-01   2.5323645e-02  -1.7662303e-01   0.0000000e+00   6.5336031e-02  -5.5661786e-02  -3.7090461e-02  -3.3428507e-01   4.7454013e-02  -1.0551041e-01   4.0494203e-02   1.6007250e-01  -3.8015198e-01   1.8182948e-01   1.1050426e-01   4.2064273e-04   3.1385727e-03  -1.4249926e-01   1.4653945e-01  -2.1770395e-01  -2.1195417e-01   1.0177219e-01  -2.0178547e-01   1.8759761e-01   2.3351679e-02  -1.0072999e-01   3.0826477e-02   2.3762209e-01  -7.4121070e-02   1.7805202e-01  -1.9514064e-01   6.2195481e-01   1.8278571e-02  -1.0451927e-01  -7.9655410e-02  -6.9059589e-03  -2.0592099e-01  -1.2196319e-01  -1.1865638e-02   4.1691431e-01  -2.7384536e-01   1.2619909e-01   5.6270041e-02   8.8325148e-02  -2.9489791e-01  -7.2194052e-02   6.9117082e-02   8.5108028e-03  -3.9623269e-01   1.6003786e-01  -3.6557868e-01  -4.9022057e-01   1.9091042e-01  -1.1908528e-01   9.6775451e-02   2.4151952e-01   2.0470680e-01  -2.5557698e-01  -2.6992351e-01  -2.5470179e-02  -1.0794789e-01   1.4619938e-01  -2.6167290e-01   2.9436744e-01  -2.0584790e-01  -3.5361732e-02  -3.1361989e-01  -4.5400083e-01  -6.9661600e-02   2.0030670e-01  -2.1755911e-01   1.2591672e-01   4.8357578e-01   3.6689450e-02   9.3227879e-02   9.2193129e-02  -2.6730842e-01   1.2597462e-01  -1.6596367e-01   3.9825717e-01  -6.1571947e-02   8.6792491e-02  -4.1520819e-01   5.7267520e-02   2.3522216e-02  -1.9696038e-01   1.0767029e-01  -2.7242384e-01  -6.7779963e-02   2.5518312e-02   2.2626160e-01   3.9339738e-03   9.5867874e-02  -2.6181929e-01  -3.1118585e-01  -1.1919652e-01  -1.9438611e-01  -2.1797203e-01  -8.3937649e-02   3.4115574e-01  -1.0080195e-01   1.6151898e-01  -2.4754603e-01  -2.9831159e-01  -1.5725332e-02   9.3153973e-02   4.3868015e-02  -4.2370953e-02   6.1656377e-01   5.3405117e-02   1.8893764e-01  -3.6266178e-01   1.3975692e-01   1.5307762e-01   3.6126515e-02  -7.2504492e-02  -3.9480460e-02   2.2323663e-01  -2.2358404e-01  -2.2638116e-01  -2.4258809e-01   6.8616323e-01   1.5724733e-01  -1.4526945e-01  -4.5527789e-02  -2.7557113e-01  -1.8099803e-01   6.9086240e-02   1.5893579e-01  -2.5624635e-01  -3.8105326e-02   9.6753609e-02   4.2548369e-01   7.6021379e-02  -2.1156818e-02  -4.9208223e-02  -1.7865728e-01  -7.8783894e-03   1.1234539e-01   6.0592753e-02   2.2950180e-01  -3.1133413e-03   6.8067611e-02  -4.8803153e-02  -9.1955063e-02  -2.3135583e-01   5.6730440e-02  -3.4613888e-01   2.3873651e-01  -2.9061655e-01  -1.4293704e-01  -3.7912659e-01   1.1265648e-01   1.7772106e-01  -5.8603556e-02  -3.6885861e-02   2.5740584e-01  -5.8502704e-02   4.4890881e-02  -2.6593636e-01   6.3660339e-02   1.2237990e-01  -2.7709805e-02  -2.0094178e-01  -9.0795610e-02   5.9909354e-04  -2.5322373e-01  -3.4315427e-02
   5.1419666e-01  -5.1322473e-01  -7.3615321e-02   3.7907424e-01  -4.6044441e-01   2.1967928e-01   2.7777882e-01  -2.4427951e-02  -3.6044583e-01  -1.7305862e-01   9.6056348e-02  -2.6252296e-01   6.5336031e-02   0.0000000e+00   1.0351836e-01   1.3489686e-01  -1.7375950e-01  -1.6534662e-01   1.1684647e-01  -4.0840531e-01   3.6082046e-01  -8.8526418e-02   1.2856653e-01   4.6507868e-01   4.3355243e-02  -3.7552513e-02  -9.3905599e-03   6.9647506e-01  -9.1093970e-02   3.4626630e-01  -2.4804968e-01   1.1933789e-01   2.2185785e-01   1.2826072e-01  -4.2242531e-01  -2.5952950e-01  -3.3821325e-02   6.6960107e-02  -1.2136770e-01  -1.7740356e-01  -4.1217880e-02   1.5506042e-01  -3.4549731e-01   2.8456408e-01  -4.6546274e-02   1.7015199e-01   4.7444425e-02   2.8197128e-01   1.5622865e-01  -4.2786505e-01   3.8639532e-02   2.2918130e-01  -2.8603886e-01  -1.0074969e-01   5.5336406e-01   4.3333553e-01   1.1909104e-01  -1.6145298e-01  -1.2137014e-02   9.0841506e-02  -9.7224450e-02  -2.1695127e-01  -3.3361251e-01   8.5965678e-02  -3.5578882e-01  -3.6298480e-03   4.5892762e-02  -3.4525131e-01   2.9411310e-01   3.6517416e-01  -2.6633771e-02  -1.7039866e-01  -1.1674588e-01   1.3889298e-01  -1.2213014e-01   1.0978848e-03  -2.3635648e-01   3.6516297e-01  -4.9841048e-01  -2.8352572e-01   4.8560088e-01  -9.8836522e-02   1.7429001e-01   1.6042300e-02   3.2603760e-01   1.2149167e-01  -9.5700760e-02   4.5093956e-01   1.1453696e-01   3.0288954e-01  -4.6268014e-01  -2.0607370e-01  -2.3474869e-01  -1.3532186e-02   1.0241600e-01  -1.9814889e-01  -1.6506230e-01  -1.2710376e-02  -1.1303281e-01  -1.0323758e-01   6.6024023e-01   3.8426306e-01   5.5140836e-01  -4.7526172e-01   9.2420187e-02   1.2604343e-01  -2.7397346e-02   8.8184774e-02   6.0619169e-02  -6.4731979e-02   6.0885112e-02   3.1553585e-01   4.8123524e-02   4.3462163e-01   4.8942378e-01  -5.4043705e-01   2.3184286e-01  -1.3581967e-01   6.1832533e-01   2.9809015e-01  -3.4471139e-02  -4.4222843e-01  -3.5391112e-03  -3.9631028e-01   2.4357309e-01   6.6183137e-01  -9.4831753e-02  -3.5372499e-01  -3.3504358e-01   2.9622491e-01  -1.2620129e-01  -3.8850712e-01  -3.9698140e-01   1.5101799e-01  -1.4682373e-01   1.3180799e-01  -1.7947388e-01   5.7706442e-01  -1.3507221e-01   1.8566352e-01   4.9214260e-01  -2.5463873e-01  -6.1368792e-03   6.7631055e-01   1.7924276e-01   1.4274266e-01  -1.6972027e-01  -3.6286827e-01   3.0269907e-02  -1.9647322e-01   5.8981670e-01   5.0757144e-01   2.1710968e-01  -2.7939490e-01  -7.9310787e-02   5.2109670e-02  -1.3718650e-01  -1.9383380e-02  -4.6449803e-01   4.5978729e-01  -2.2087268e-01   1.7593498e-01  -3.6748994e-01  -6.3499164e-02   3.5926714e-01  -5.0840552e-01  -1.9412041e-01   1.6831261e-01   1.5657673e-01  -2.3056290e-01  -6.4258785e-01   1.5319093e-01  -1.9482986e-01   3.5614548e-01   2.9221510e-01  -4.3848290e-01   2.4541139e-01
