   0.0000000e+00  -3.1122052e-01  -1.3593482e-01  -1.0630002e-01  -2.4098139e-01   6.7582952e-03  -2.1029449e-01   4.3265548e-02  -1.2355575e-01  -3.3366456e-01   8.9424419e-02  -3.1213413e-01  -1.9811042e-01   4.7679650e-01   2.6864564e-01  -5.6306050e-02  -2.0979986e-01  -1.1953740e-01   1.0191343e-01  -1.9285078e-01  -1.6426039e-01   1.2801323e-02  -2.6537925e-01   6.5011020e-01   8.8771264e-02   2.4983722e-01  -2.4537848e-01   4.7656973e-01  -6.2985359e-02   8.4499883e-02  -3.4870412e-03   3.1041416e-02  -2.6512499e-02  -2.4549036e-01  -1.3485698e-01  -2.1281454e-01  -3.3218997e-01   5.0488317e-01  -2.5653070e-01  -3.3486096e-01  -2.0104390e-03  -3.8342892e-02  -1.3102817e-01   1.9270581e-01  -1.7115445e-01   5.3889281e-01   4.3825522e-02  -2.4346356e-01  -2.2796552e-01  -3.0448021e-01  -6.8032546e-02   8.3881029e-02  -2.6980255e-01  -7.8633456e-03   1.6985814e-01   2.2586453e-01   2.8230794e-01   7.3219723e-03   1.7166665e-01   3.8431079e-02   3.9817205e-01  -2.7273437e-01  -7.2730136e-02   1.1293487e-01  -2.1736381e-01  -2.3050496e-01  -1.8906459e-01   1.2383434e-02  -8.0470507e-02   1.4577658e-01  -2.5201465e-01   1.8734140e-02  -1.0366805e-01   4.8518778e-01   5.9332874e-02   6.0046094e-02   4.3782755e-01   8.5251687e-03  -3.1127241e-01   1.0980092e-01   3.0368343e-01  -1.9911449e-01   9.3467015e-02   2.3588047e-01   2.6691470e-01   4.3882497e-02  -6.6244903e-02   3.4240707e-01  -4.7367419e-02   8.1186532e-01  -1.6317770e-01   3.3428528e-01  -2.8171214e-01  -2.5504255e-02   5.0697397e-01  -1.5917220e-01   9.5738565e-02  -7.8836809e-02  -6.0628062e-02  -2.7059911e-01   5.2982225e-01   2.7143010e-01   7.5839164e-02  -1.8308740e-01   7.9594895e-02   9.2265313e-02  -3.7115063e-02  -4.5063466e-02  -2.1299152e-01  -2.1243492e-01  -1.7441461e-01   5.7487893e-02   5.4687312e-02   8.0159734e-01   4.9566534e-01  -3.0364117e-01   2.0325012e-01  -1.3426931e-01   1.7515275e-01  -6.0072794e-02   6.2373088e-01  -2.2864758e-01  -1.1878761e-01  -1.4422105e-01   7.2861514e-01   3.5037843e-01  -7.9787721e-02  -2.8717094e-02  -1.6589471e-02  -1.0169123e-01  -1.8446770e-01  -3.7343873e-01   3.4994593e-01  -3.0006171e-01   2.5275055e-02   1.1713101e-01   6.7743813e-02   2.0840045e-01   1.1050985e-01   6.7104795e-01   5.7825230e-01   6.8182244e-02   1.0563822e-01   5.0063567e-02   5.4281755e-03  -2.6839615e-02  -2.4338625e-01   7.6133575e-02  -7.7026456e-02  -2.5026863e-01   5.2154369e-01   9.1982532e-02   2.3869874e-01  -8.8799656e-02  -2.9852063e-01   7.2330143e-01   6.0619505e-01  -1.6147603e-02   2.5236998e-01   6.9501735e-03  -1.4389435e-01   1.5368641e-01  -7.3659070e-02  -3.3111972e-02   7.3360558e-02  -3.0687182e-01  -1.9220050e-01   1.2047136e-01   4.0621463e-01  -2.5853820e-01  -2.7264226e-01   4.1583193e-01  -9.3071253e-02   6.3668560e-02   8.5604747e-02  -3.5477240e-01   9.3027338e-03
  -3.1122052e-01   0.0000000e+00   2.5889387e-01  -6.2950634e-02   3.6296191e-01  -7.0741292e-02   6.0523984e-01  -1.6537704e-05   5.2059228e-01   5.8767086e-01  -2.8225252e-01   6.9546775e-01   2.4091772e-01  -4.8846453e-01   1.8543278e-02  -6.4547994e-02   3.1203745e-01   1.1760161e-02  -1.5401316e-01   3.0839595e-01  -6.5478740e-03  -2.1091073e-01   4.0570395e-01  -2.6899802e-01   3.4915483e-02  -7.6049595e-02   5.8547144e-02  -4.1198280e-01   1.8360428e-01  -3.6202471e-02   2.4112497e-01   3.8749102e-02  -9.3369799e-02   6.1072683e-01   5.3987024e-01   2.1325944e-01   2.8035885e-01  -3.9412802e-01   8.5176910e-02   4.8954071e-01   1.9475780e-01  -3.8780621e-02   3.7765906e-01  -1.0182806e-01   5.0770290e-01  -3.5550828e-01  -1.8527708e-01   5.1933052e-01   2.0832113e-01   7.3712713e-02  -8.9079380e-02   1.5029444e-01   6.5171741e-01  -3.5761510e-02  -6.4664359e-02  -1.4804454e-02  -2.7450383e-01   2.1561597e-02   6.9259234e-02   2.3019566e-01  -3.2674218e-01   2.2419377e-01   4.8047144e-01  -3.0834096e-01   3.0541500e-01   2.5622580e-01   5.4954715e-02  -8.4192662e-02  -2.1387786e-01   5.9017963e-03   5.3667426e-01  -1.1872577e-02   2.9786106e-01  -2.5382442e-01   9.9332933e-02   8.7111755e-02  -3.9377568e-01   2.2375171e-01   6.4301220e-01   1.2016140e-01  -6.0173593e-02   1.4767499e-01  -3.8604253e-01  -2.5714534e-01  -3.0015429e-01   2.5312943e-01  -1.4112533e-01  -1.9062096e-01   2.4320224e-01  -3.3581175e-01   4.0987165e-01  -1.8241868e-01   5.2275311e-01   2.4658444e-01  -3.7372687e-01   1.8986450e-01   3.5135322e-02  -1.1459943e-01   1.2607880e-01   2.4684182e-01  -3.8195993e-01  -4.4688593e-02  -5.2273998e-02   2.2920135e-01  -6.4678885e-02   2.0414140e-02  -4.4475116e-02   5.8514109e-03   1.0296408e-01   3.7676952e-01   9.6931128e-02  -1.0259673e-01   1.5665138e-01  -3.7465047e-01  -4.4824804e-01   6.9182059e-01   7.0984016e-02   1.6294311e-01  -4.0811084e-01   7.1975562e-02  -4.9874837e-01   1.8492230e-01   3.0392548e-01   4.4212867e-01  -3.5391246e-01  -1.0906405e-01  -1.1576306e-01   1.1892072e-01   1.3023879e-01   3.1264643e-01   2.0741064e-01   3.9118898e-01   2.6308520e-01   6.0335771e-01   1.6880216e-01   1.4593506e-01   2.8319872e-02  -1.6844900e-01   2.1930159e-01  -4.3026090e-01  -3.7768099e-01   6.2346589e-02  -2.8247006e-01  -4.4579179e-01   2.2689607e-01   1.4893276e-01   4.3855964e-01  -4.7956516e-02   1.8982299e-01   2.9402660e-01  -3.8476696e-01  -1.9503097e-01  -1.6760082e-01  -1.1559358e-01   5.0604810e-01  -3.6374458e-01  -5.0683597e-01   1.0923940e-01  -2.3822529e-01   1.1406366e-01   2.0622303e-01  -3.1160992e-01   2.6543366e-01  -8.3515012e-02   2.4135610e-02   6.7828706e-01   1.2179385e-01  -4.2058466e-01  -3.4774421e-01   5.5556198e-01   6.7057344e-01  -4.8696173e-01   1.6259609e-01  -4.8950026e-01  -2.3499357e-01   1.2893605e-01   8.1769439e-02
  -1.3593482e-01   2.5889387e-01   0.0000000e+00  -2.1888331e-01   1.8098926e-01   2.2875269e-01   9.0761301e-02  -1.5056013e-01  -3.9316868e-02   2.2775944e-01   6.4713810e-02   5.1274381e-01  -7.3485908e-02  -2.5843106e-01   5.7967958e-02   5.2577307e-02   8.3099843e-01  -1.1918009e-01   1.8252955e-04   2.7897067e-01  -2.5060093e-01  -3.9644726e-01   4.0013462e-02  -1.0070124e-01  -4.4358985e-02  -1.8791898e-01   2.5469983e-02  -4.4788681e-03  -4.1090204e-03  -4.0398807e-01  -2.2666927e-02  -1.8786143e-01  -7.9308786e-02   3.3611118e-01  -2.8222312e-02   1.5899866e-01   7.8269618e-02  -1.7280033e-02   7.2919970e-02   4.3800849e-01  -3.0482495e-02   6.4740789e-02   2.8667750e-01  -5.0315415e-02   9.0979429e-02   3.0490174e-01  -1.2789350e-01  -5.0608711e-02  -1.9316794e-01   5.8630820e-01  -3.1162268e-02  -1.7522821e-01   1.7909826e-01   1.6165094e-01  -1.3080136e-01  -1.2401490e-02  -8.3419973e-02  -2.6023927e-01  -1.3248361e-01   5.4851693e-02   2.9297682e-01   1.7747799e-01   1.4349307e-01  -1.1947174e-01  -1.8018908e-01   1.8065434e-01   1.0231040e-01   1.2023096e-01  -1.4670940e-01   6.5126070e-01   1.4841150e-01  -6.7457216e-02  -1.6242083e-01   3.9638263e-01  -8.6153616e-02  -2.5671099e-01   2.4632380e-01   7.1726902e-02   1.9317792e-01   7.4908746e-02  -9.4496487e-02  -6.0059560e-02   9.1965972e-02  -1.2165400e-01   4.5304136e-01  -1.8396227e-01  -2.4586079e-01  -5.6784921e-02   2.8438999e-01   9.8106418e-02   1.1093268e-01   5.7661308e-01   5.8851130e-01  -1.1818026e-01   1.3063830e-01   1.6459435e-01  -2.8992949e-02  -9.2055927e-02  -1.1918610e-01  -1.5502507e-01   1.1728284e-01   2.1127477e-01  -3.2436929e-01  -1.8425022e-02  -2.0220824e-01  -1.6766093e-01   3.3287389e-01  -1.5525549e-01   4.1577464e-02   3.3753050e-01   3.7233710e-01  -3.0169837e-01  -1.2201989e-01   7.3473945e-02   7.9084155e-02   2.7323860e-01  -6.2620676e-03  -9.5909354e-02   1.1684414e-01  -2.3140937e-01   7.4910891e-02   3.5111634e-01   6.4223943e-02  -1.1912722e-01   1.8558643e-01  -1.7190152e-01   4.1538387e-02  -1.5446701e-02  -2.9782088e-01   6.1314909e-01   8.2994910e-02   6.0336263e-02   2.6017994e-01   1.3656216e-01   1.0517060e-01  -1.2086889e-01  -1.1537303e-01  -4.8877952e-02  -9.6289997e-02  -5.9179909e-02  -2.5904807e-01  -1.8670089e-01  -2.6153886e-02   2.0568358e-01   4.0042679e-02  -2.3225323e-01   3.6622802e-01   3.8385187e-02   1.4521406e-01  -1.9636502e-02   2.8059906e-01  -2.1393125e-01   2.9886815e-01   1.1421877e-01   6.2371225e-01  -2.0202056e-02   9.0076448e-02  -1.7269110e-02   4.6710106e-01  -1.1935443e-01   9.6712920e-02  -4.2414294e-02  -6.8878989e-02  -2.8991682e-01  -6.0059869e-02   2.2810252e-01   2.0771854e-01  -9.5610028e-02   2.3471333e-01   5.0209619e-01   1.9760090e-01   5.9732183e-02  -3.4660632e-01  -5.7762213e-03  -2.7965891e-01  -6.4272210e-02  -2.5580997e-01
  -1.0630002e-01  -6.2950634e-02  -2.1888331e-01   0.0000000e+00   2.5117668e-01   3.8063096e-01   2.1743080e-02   3.8641158e-01   3.1477059e-01  -9.7011762e-02   2.2310895e-01  -1.3745753e-01   5.5010812e-02   3.1979568e-01   1.5645888e-01   4.0753527e-01  -1.4943552e-01   3.0478855e-01   1.3943958e-01  -3.6414168e-03   3.8454600e-01   6.1113193e-01   2.6378521e-01   1.5575947e-01   3.3286314e-01   2.9936857e-01   2.3246534e-01   1.3914747e-01  -8.1888615e-02   3.1637631e-01  -3.9084108e-02   3.6628324e-01   3.4758331e-01   4.8623908e-02   3.0358680e-01   2.2177586e-01   1.1515564e-01  -2.4941979e-01   4.2129104e-01   1.6619123e-02   3.7779584e-01   2.9988982e-01  -5.5768578e-02   2.2385284e-01   2.3092257e-02  -1.7725268e-01   2.7336833e-01   9.5010852e-02   1.9232196e-01  -2.5934026e-01   3.0930043e-01   3.5716029e-01   1.2063812e-01  -1.7743436e-01   2.6863338e-01   2.2653686e-01   3.2442228e-01   3.1054778e-01   3.9125524e-01   2.0429951e-01  -6.9005709e-02   1.3177240e-01   1.9676148e-02   2.6384881e-01   8.4923375e-02   2.2689663e-01   4.2518988e-01  -3.5157723e-01   3.4330288e-01  -1.3401503e-01   7.7080920e-02  -1.6490028e-01   3.9792421e-01   2.9983040e-03   8.7010806e-02   2.8960002e-01  -9.0777236e-02   8.4821657e-02   2.4557221e-01   1.7557681e-01   2.8653344e-01   2.3213394e-01   2.8308622e-01   3.0870396e-01  -1.7523675e-02   1.9664756e-01   5.9172230e-01   1.9319469e-01  -2.6477013e-03  -1.0293150e-01   2.5639913e-01  -1.6704963e-01  -1.0310433e-01   2.6223761e-01  -1.1237214e-01   6.1588129e-03   1.2026247e-01   2.1052188e-01   6.7720152e-02   1.9587992e-01   4.5665973e-03   1.8317569e-01   4.9202263e-01   3.2895560e-01   9.5166242e-02   5.0644301e-01  -8.0179544e-02   3.6504022e-01  -4.1056042e-02   9.1760439e-02   1.7368292e-01   3.5724878e-01  -1.7325655e-01  -6.9538175e-02   3.1474042e-02   8.3245709e-02   2.2051179e-01   4.3879249e-01   4.4072615e-03   1.6770296e-01  -1.4059745e-01   7.8345205e-02  -1.9811834e-01  -4.6454290e-02  -1.0632130e-01   3.7752030e-01  -3.4641350e-02   1.1866998e-01   3.6658226e-01  -1.6270024e-01   4.6136498e-01   2.8423466e-01  -7.1424921e-02   3.5826281e-02   1.2157525e-01   3.7681106e-01  -5.0662008e-02   1.9161616e-01   4.8209133e-01  -1.1295221e-01   6.9537012e-02  -1.0826915e-01   7.1475161e-02  -3.4727918e-02   2.0848784e-01   1.5457013e-01  -8.5783113e-03   2.8830398e-01   1.4154897e-01   5.6198963e-02   2.8538362e-02   3.0764611e-01  -1.3566022e-01   1.0203364e-01  -3.7884791e-02   4.4011334e-02  -3.8132287e-02   4.9922634e-01   5.4654048e-02   4.2204554e-01  -4.0113096e-01  -3.6899969e-03   1.9890923e-01   6.8288902e-02   3.0202018e-01  -2.0707995e-02   1.2592714e-01   2.4509358e-01   1.5435758e-02  -1.5218147e-02   1.0089444e-01  -1.2161979e-01  -5.6210888e-02   2.4034082e-01   6.5258611e-02   3.5939053e-01   4.0051648e-01
  -2.4098139e-01   3.6296191e-01   1.8098926e-01   2.5117668e-01   0.0000000e+00   7.8326831e-02   1.4550880e-01   1.1383556e-01   4.4729311e-01   3.9502099e-01   2.6048781e-01   3.7984016e-01   3.6086858e-01  -1.6587242e-01   1.0395584e-01   3.8011136e-01   4.0140891e-01   3.3581465e-01  -2.5269433e-01   7.4439126e-01   1.9146922e-01  -3.7495623e-02   2.0489419e-01  -1.9194114e-01   5.8561188e-02  -7.9196497e-02   4.3810647e-01  -1.2850466e-01   1.0502013e-01  -2.1979454e-02   1.4900682e-01   1.1542165e-01   3.1789276e-01   2.6604102e-01   2.0935556e-01   6.8537200e-01   4.2806311e-01  -4.1232398e-01   4.8995411e-01   5.1761361e-01   4.8090077e-01   2.4469270e-01   3.5950924e-01   9.3444611e-02   3.2750138e-01  -3.6204726e-01   3.6534057e-01   1.5373904e-01   3.7133922e-01   3.1032068e-02   3.5553331e-01   6.6848884e-02   3.5300814e-01  -6.8225254e-02  -3.2346385e-02   1.7504487e-01  -3.4940282e-01  -9.6493085e-02   4.1856830e-01   1.2222004e-01  -2.5483075e-01   4.1078905e-01   2.6563190e-01  -8.4330649e-02   3.0390810e-01   6.0609408e-01   2.5883703e-01  -3.3125278e-02   1.6834081e-01  -8.1707897e-02   5.4009804e-02  -1.4226266e-02   4.2581844e-01  -1.0613429e-01   2.1402013e-03  -5.6092424e-02  -2.8765552e-01   2.1368069e-01   7.6437781e-01   1.6700061e-01   1.2788735e-01   2.2987187e-01   1.4025709e-01  -9.3507797e-02  -1.0868394e-01   7.7769582e-02   5.5214984e-03  -1.5575976e-01   2.9957641e-01  -3.2806026e-01   7.1876570e-01  -1.9386126e-01   5.5777558e-01   2.2105410e-01  -3.5881397e-01   7.3081956e-01   9.8058036e-02  -1.7334027e-01   4.0832720e-01   1.7033132e-01  -2.5236587e-01   1.4525343e-01   8.9053009e-02   1.0549409e-01  -1.8049531e-01   5.0009966e-02   1.9946539e-01   8.9554634e-02   1.1724609e-01   5.6557162e-01   3.8284126e-01   3.2248786e-02  -1.7936137e-02  -2.6796458e-01  -1.1975701e-01   5.5153307e-01   1.1634150e-01   3.5417312e-01  -1.9204288e-01   3.1084099e-01  -4.0756970e-01   6.7050732e-01   2.6147726e-01   2.8974022e-01  -3.5071713e-01  -1.1989251e-01   1.9040293e-01   1.0435823e-01  -1.1813751e-02   2.3008132e-01   4.9044764e-01   6.1726137e-01  -1.3594976e-01   3.9081132e-01   1.5952772e-01   3.6820338e-02  -4.1906982e-02  -1.9313774e-02   1.4662732e-01  -3.2972482e-01  -2.1781797e-01   1.3114741e-01  -2.0922518e-01  -2.4972906e-01   1.5250522e-01   3.0838378e-02   1.6086624e-01   5.7476611e-01   3.9853355e-01  -3.6412254e-03  -1.3777082e-01   1.0717269e-02  -3.2110805e-02   4.4201666e-01   5.0676045e-01  -2.4372683e-01  -3.5185839e-01   4.3862967e-01  -8.7032773e-02   1.8284631e-01   1.2414227e-01  -1.3167546e-01   6.6816053e-01  -4.8243014e-02  -1.5337909e-02   5.0421487e-01   4.7703420e-01  -5.0420727e-02  -7.8907662e-02   5.6217536e-01   6.6678024e-01  -3.6453423e-01   2.0667324e-01  -2.7042768e-01  -2.6142964e-01  -3.5113524e-02   2.1354471e-01
   6.7582952e-03  -7.0741292e-02   2.2875269e-01   3.8063096e-01   7.8326831e-02   0.0000000e+00   1.1576031e-01   2.7456223e-01   7.3580881e-02  -1.6928392e-01   4.0092414e-01   3.9432170e-02  -5.3683236e-02   1.4609374e-01   3.5562947e-02   1.7758076e-01   1.4439392e-01   2.1161461e-01   3.2464301e-01   8.1356533e-03  -4.5276762e-02   2.9747716e-01   1.1438902e-01   1.2749539e-01   2.1703912e-01   3.8212383e-01   1.9985265e-01   2.2838116e-01   1.3466670e-01   2.0772045e-01  -2.0963450e-01   4.3860058e-01   2.2419572e-01  -8.6155990e-03   2.3223314e-01   3.5538474e-01  -6.9549238e-02  -1.9363456e-01   1.6984414e-01   1.4150917e-01   1.6705918e-01   9.0994267e-02  -4.5831285e-02   3.4063557e-01  -2.0496052e-02   4.5377687e-02   2.8194472e-01  -5.0543369e-02  -2.2313100e-02   3.6859142e-02   2.5439748e-01   2.5112984e-01  -4.5385969e-02  -1.2665360e-01   2.4779212e-02   2.9467209e-01   4.7998369e-01   2.1155612e-01   1.9601193e-01   2.9619681e-01   9.0208512e-02   1.9598642e-01   3.3950712e-04   1.1516716e-01  -1.8811636e-01   2.7913057e-01   7.1691670e-01  -1.0606312e-01   3.9891520e-01   2.1146359e-01  -8.2343160e-02  -3.1547574e-02   1.0582592e-01   2.1939578e-01   7.1426853e-02   1.5388375e-01   8.8064417e-03   2.9361884e-01   5.7443769e-02  -2.0289933e-02   2.8950537e-01  -7.2752524e-03   3.6823028e-01   4.2436726e-01   1.3328069e-01   1.0030830e-01   1.1085100e-01   1.1918311e-02   1.3734525e-01   7.7448750e-02   1.0053706e-01   2.2697881e-01  -3.7029467e-02   1.8471403e-01  -9.0535832e-02  -4.5605335e-02  -2.3824292e-02   4.4451304e-01   5.1293228e-02  -7.6247495e-02   1.1518770e-01   3.3962067e-01   2.5627040e-01   2.4697343e-01   1.8327267e-01   5.6919746e-01   1.5969224e-02   5.1002901e-01   1.1319627e-02   8.1779167e-02   3.5265497e-01   3.2318842e-01  -1.1126037e-01   9.6310181e-02   1.6835190e-01  -7.7625545e-03   2.9987375e-01   7.2406718e-02   1.4658930e-01   8.3640254e-03  -3.0052290e-02   2.1714925e-02  -5.1955655e-02  -1.5248486e-01   6.6501991e-02   3.3477028e-01   1.0764781e-01  -1.0282468e-02   1.5974829e-01   1.3156017e-01   1.5256753e-01   7.4786605e-02   1.4434894e-01  -1.3442438e-01   9.9193033e-02   2.4595556e-01  -1.6278178e-01   1.0356751e-01   2.9566628e-01   5.6811397e-02   5.0977840e-02  -1.8892281e-01   4.9857170e-01   2.5157633e-01   2.0247784e-01   6.0391172e-03   9.4718635e-02   2.6769438e-01   4.0671333e-01  -2.9344922e-01   2.4193689e-01   2.3643104e-01   3.9658150e-02   3.1656179e-01   2.4659054e-01   8.8317268e-02   3.2294494e-02   2.0079639e-01   1.9885272e-01   4.1907111e-01  -1.3450383e-01   3.9582721e-01   3.5132035e-02  -1.6502844e-02   5.4051718e-01  -5.7663103e-02   4.0464456e-01   3.7255645e-01   9.1443912e-02  -3.3956237e-02   1.1401851e-01  -8.5255660e-02  -9.1384741e-02   6.3856591e-01  -6.7124942e-02   6.5221786e-02   2.9271857e-01
  -2.1029449e-01   6.0523984e-01   9.0761301e-02   2.1743080e-02   1.4550880e-01   1.1576031e-01   0.0000000e+00   8.2275740e-02   3.5024490e-01   3.5725457e-01  -2.1834324e-01   3.6356148e-01   1.5633722e-01  -4.4242975e-01   3.3141064e-01   1.7946162e-01   8.2747756e-02   9.9955605e-02   6.0445046e-04   1.5429445e-01   2.6705340e-01  -1.7109618e-01   8.0011145e-01  -3.1600140e-01  -1.4524408e-01  -6.5326860e-03   1.2908775e-01  -2.6509928e-01   2.3198650e-01  -4.9174151e-02   4.3978379e-01   6.9698684e-02   5.8089144e-02   7.2420235e-01   4.2448439e-01   2.8433644e-01   1.5543702e-01  -3.0362545e-01   1.4621056e-01   4.8466997e-01   2.1114598e-01   5.6065562e-02   2.9836914e-02  -8.3607071e-02   4.9557053e-01  -9.1868736e-02  -1.4515087e-01   7.5904713e-01   1.4350321e-01   1.5273591e-01   1.9024693e-01   1.3297732e-01   6.1492056e-01  -2.3176582e-01  -1.0584587e-01   5.4555600e-02  -2.7164038e-01  -6.0124527e-02   2.4791553e-01   1.1852301e-01  -3.5747997e-02   2.9032503e-01   1.9123156e-01  -4.2329295e-02   1.8748848e-01   3.3388862e-01   2.0863607e-01  -1.5332402e-01  -2.2617997e-01   1.4224485e-01   6.3041971e-01  -1.1013740e-01   3.9588437e-01  -2.8065148e-01  -8.1655992e-02   6.7501233e-02  -1.1059374e-01   2.2261706e-01   4.0636171e-01  -1.0699437e-01   1.9414554e-01   2.7820854e-01  -1.3798861e-01  -1.2675740e-01  -2.8925773e-01   2.2562097e-01  -1.5970723e-01  -1.5253923e-02   3.0763658e-02  -2.2162963e-01   1.1878041e-01  -1.2634106e-01   3.1594888e-01   8.6727979e-02  -7.5188663e-02  -5.1707763e-02  -1.4297218e-01   6.4056479e-03   7.8208912e-02   4.2742259e-01  -8.1165408e-02   1.9426708e-01   1.0577420e-01   3.5788207e-02  -6.9509330e-02   9.7679827e-02  -1.1299687e-01   9.5714157e-04   2.6918320e-01   2.5020519e-01   3.1951659e-01   4.5562636e-02   4.3357607e-02  -2.9297912e-01  -1.5220354e-01   4.2815891e-01  -6.7064200e-04   3.1605120e-01  -3.8620134e-01   6.2946470e-02  -3.9025941e-01  -5.0311656e-02  -9.4299305e-02   3.9654951e-01  -1.2774759e-01  -1.8297662e-01  -3.3985495e-02  -1.4361309e-01   5.7909631e-02   2.5486835e-01   2.5948117e-01   4.0166171e-01  -6.6947227e-03   5.9592119e-01  -1.1343773e-01   9.0715340e-02  -2.6185534e-01   1.8284177e-01   1.9703703e-01  -3.2764100e-01  -3.5536797e-01  -2.2702721e-01  -1.1114708e-01  -1.9577917e-01   4.4166844e-01   2.5298603e-01   7.3267608e-01  -1.0803134e-01   3.5220770e-01   4.3238102e-01  -4.6941391e-03   5.2279194e-03  -1.2287926e-01  -1.2001572e-01   2.7815025e-01  -1.9375237e-01  -2.6277686e-01   2.9129636e-01  -1.0815436e-01   4.0313295e-01  -2.4224497e-02  -2.5780625e-01   2.1004999e-01   9.8806446e-03   4.6764552e-02   5.0176863e-01   3.1011415e-01  -4.0498551e-01  -2.8677370e-01   2.6175485e-01   5.2467016e-01  -4.4250539e-01   3.0608968e-02  -2.9808558e-01  -2.9220787e-01   1.5705510e-01   1.1440398e-01
   4.3265548e-02  -1.6537704e-05  -1.5056013e-01   3.8641158e-01   1.1383556e-01   2.7456223e-01   8.2275740e-02   0.0000000e+00   2.7107885e-01   1.5452814e-01   2.2451914e-02   1.1963779e-01  -1.6472904e-02   1.4690617e-01   2.9631982e-01   3.4141633e-02  -9.3772401e-02  -4.8370785e-02   1.3632027e-01  -3.1825650e-02   1.7671390e-01   2.9125027e-01   2.1853199e-01   5.5132064e-02   8.5957450e-02   5.9338736e-01  -2.6299231e-01   1.7553437e-01   1.0832675e-01   1.4311377e-01   1.5801680e-01   3.7387041e-01   2.6411877e-01   2.3618852e-01   4.6578185e-01  -2.9881236e-02   1.1517139e-01  -1.2375863e-01  -3.5699129e-02  -1.4301214e-01   2.6861604e-01   2.5741497e-01   3.2549734e-01   5.7624593e-01   3.5048783e-02  -1.6798177e-01  -1.6508772e-01   1.7036612e-01   1.6193017e-01  -2.1973241e-01  -1.1312133e-01   8.2243514e-01   2.0252771e-01   1.1235241e-01   1.9009049e-01   5.0175383e-01   2.6002305e-01   3.5566133e-01   2.2653781e-01   2.6202420e-01  -2.4375881e-01  -1.3435767e-01   2.1389557e-01   3.5747408e-01   3.4414534e-01   3.7008678e-02   2.5746541e-01  -3.6171099e-01  -3.5544352e-02  -2.9157274e-01   1.5640063e-01  -3.2743046e-01   1.7118566e-01   9.5823362e-02   1.6592492e-01   4.7577137e-01  -2.7947748e-01   1.6266104e-01   2.1712049e-01   1.4140610e-01   5.0472293e-01   1.5782816e-02   1.5175289e-01   6.1324858e-01   3.3350064e-03   4.7818816e-01   3.9457490e-02   1.9215599e-01   4.3910470e-02  -3.3259339e-02   2.4397509e-01  -1.1734035e-01   1.5795394e-01   5.2433586e-01  -2.1872644e-01  -4.0600717e-02  -1.9369130e-01   4.2241820e-01  -5.3900969e-02   3.0664673e-01   1.3864750e-01   3.1118976e-01   3.6852692e-01   1.0490319e-01   3.8211521e-02   4.5520686e-01  -7.9808099e-02   5.4313944e-01  -5.9977237e-02   4.4721866e-02   1.6864552e-01  -2.6158437e-02  -1.7105902e-01   1.4525931e-02   1.4523468e-01   2.9527000e-01   5.4158132e-01   1.7512287e-01  -2.5812419e-01   1.8576153e-01  -1.8262594e-01   2.0165547e-01   6.7226102e-02   3.6138532e-01  -2.0453066e-02   2.4678439e-01   5.3288832e-02   1.2340478e-01   5.4804208e-01  -3.2090898e-01   1.0874491e-01   9.7611684e-02   1.3767589e-01   1.0636390e-01   4.4471449e-01   7.2839519e-01   1.4663598e-01   1.6588838e-01   6.5810792e-01  -3.1460389e-02  -1.2073745e-03   1.2409474e-01   1.6523650e-01  -3.2767221e-01   3.6856149e-01   3.7111710e-01   1.6624069e-01  -2.2500552e-01   6.0241194e-03   1.6850428e-01   3.9088221e-02   6.0392180e-01  -9.1087142e-02   2.4345963e-01  -1.7858726e-01  -1.3624665e-01  -1.8140899e-01   1.8246695e-01  -4.8174833e-02   4.5474088e-01  -3.1431302e-01   1.9967924e-01  -9.2896597e-02   6.0326012e-02   2.6090401e-01   2.5726484e-01   1.8506470e-01   1.2638653e-01  -6.1625823e-02   1.4754071e-01   2.9057828e-01  -3.5330481e-01  -7.3788636e-02   1.3260670e-02  -3.1410405e-03   1.8006663e-01   3.7233640e-01
  -1.2355575e-01   5.2059228e-01  -3.9316868e-02   3.1477059e-01   4.4729311e-01   7.3580881e-02   3.5024490e-01   2.7107885e-01   0.0000000e+00   4.2706182e-01   4.8982490e-02   4.9385673e-01   3.7423439e-01  -2.6543733e-02   1.6918449e-01   1.8377190e-02  -7.6204866e-03   1.5545103e-01  -9.9139345e-02   3.3441317e-01   2.5070204e-02   1.5892309e-01   3.8332605e-01   8.6231018e-02   3.6446792e-01   1.7878956e-01   4.4179295e-02  -1.2043910e-01   1.4099264e-01   2.8529478e-01   1.0150350e-01   3.8272095e-01   4.7384091e-02   4.0611674e-01   6.6828681e-01   2.2554324e-01   4.5268909e-01  -2.0802170e-01   1.3043885e-01   1.6655051e-01   4.5426275e-01   1.0682872e-01   4.3609172e-01   1.3317376e-01   5.2754158e-01  -3.8994330e-01  -2.9627835e-02   1.9717030e-01   2.0086452e-01  -2.8366766e-01   2.3291070e-01   4.0780775e-01   4.0808722e-01   1.3773177e-01   6.2689316e-02   1.7366404e-01  -4.8234183e-02   3.3300451e-01   3.3100451e-01   5.7127290e-01  -3.9002862e-01   3.4615590e-01   4.6876343e-01  -2.3398539e-02   3.4973990e-01   4.4496417e-01   2.4710344e-01  -6.6602727e-02  -5.8016328e-02  -1.7924628e-01   1.2009495e-01  -3.0420327e-02   3.4900560e-01  -1.9530686e-01   3.0193475e-01   3.0089497e-01  -4.0594109e-01   1.7183450e-01   5.5262652e-01   2.2083248e-01   2.9805351e-01   8.8772500e-02  -2.0031002e-01   9.0506144e-02  -4.2056735e-01   3.2073349e-01   7.5864339e-02   1.5941041e-01   2.0453295e-01  -2.3276467e-01   5.1226951e-01  -3.1973794e-01   2.3576887e-01   6.4422402e-01  -3.3959679e-01   2.1821367e-01   1.3936530e-01   1.8377993e-03   2.3572605e-01   2.8650462e-01  -2.7213233e-01   1.4569364e-01   1.6314953e-01   5.6413211e-01   1.1328489e-01   2.8497896e-01   6.9504999e-02   2.2101498e-01   1.8568700e-01   1.1831582e-01   1.0049219e-01   2.0561890e-01   6.7287299e-02  -2.0661748e-01  -2.7999803e-01   3.9291159e-01   2.2761346e-01   3.3202052e-01  -4.7639097e-01   1.5926234e-01  -3.3036770e-01   1.6226499e-01   2.7960243e-01   4.5251764e-01  -2.8476509e-01   2.7018553e-01   2.2569235e-01   1.8236259e-01   3.7992974e-01  -3.2279417e-02   2.8592021e-01   2.9651684e-01   1.0511970e-01   3.2800370e-01   4.4499024e-01   3.2513381e-01   1.9554878e-01  -1.5456013e-01   4.2372355e-01  -2.8062564e-01  -3.1777820e-02   2.6158546e-01  -8.5933191e-02  -5.0906004e-01   3.9043671e-01   2.7338927e-01   1.9667981e-01   1.5137400e-01   2.9116872e-01   3.4199552e-02  -3.0589065e-01   1.1832088e-01  -1.4456708e-01   8.9151460e-02   3.1578605e-01  -5.8481816e-02  -4.0024376e-01   3.4916436e-01  -3.2656044e-01   3.8839474e-01   1.2024191e-01  -1.3475191e-01   3.3224034e-01   3.5101787e-02   2.0270688e-01   3.7354848e-01   1.7798351e-01  -1.6533255e-01  -1.8682934e-01   2.0318609e-01   5.8217395e-01  -3.4396708e-01   2.1990699e-01  -2.5760422e-01   7.5364610e-02   1.0053197e-01   4.0606888e-01
  -3.3366456e-01   5.8767086e-01   2.2775944e-01  -9.7011762e-02   3.9502099e-01  -1.6928392e-01   3.5725457e-01   1.5452814e-01   4.2706182e-01   0.0000000e+00  -3.3352770e-01   5.2737482e-01   2.7148054e-01  -4.3509418e-01  -3.0817170e-03  -1.3472660e-01   2.9144278e-01  -2.5723815e-02  -1.8662226e-01   3.3319292e-01  -7.1646157e-03  -1.5676979e-01   3.9687317e-01  -3.3667771e-01  -7.6563416e-02  -1.8171538e-01   1.2570275e-01  -3.6901552e-01   1.3719857e-01  -2.4782815e-01   1.7496514e-01  -5.4243717e-02  -1.3403965e-01   5.6617794e-01   3.5665803e-01   2.0686397e-01   4.5217321e-01  -3.5325700e-01  -1.9021407e-02   3.8866165e-01   1.1138405e-01   5.3245510e-02   4.9091376e-01  -1.2270114e-01   4.0320416e-01  -3.5011409e-01  -2.2302811e-01   2.6842080e-01   2.1788186e-01   1.5332037e-01   1.5297635e-02   8.5054425e-02   5.2123491e-01   1.4297423e-01  -1.0703570e-01  -1.1587633e-01  -3.1400192e-01   3.7262711e-02  -6.0282731e-02   1.1967929e-01  -4.1093268e-01   2.5307200e-01   4.3248747e-01  -2.2411170e-01   3.2285866e-01   4.0871561e-01   7.4786220e-02  -9.0347647e-03  -2.1959393e-01   1.7391048e-02   3.1794867e-01  -1.1165918e-01   1.8049757e-02  -1.8548185e-01   8.9671473e-02   1.9311338e-02  -4.4128790e-01   7.5546450e-02   5.9276782e-01   7.4683037e-02  -1.2678433e-01  -1.1123259e-01  -3.3297485e-01  -1.7872592e-01  -2.6391511e-01   1.4273814e-01  -3.0753697e-01  -1.8606071e-01   1.6749247e-01  -3.4295248e-01   3.2641646e-01  -2.1728287e-01   5.9449341e-01   2.4284734e-01  -4.6340769e-01   3.2614078e-01   7.5711439e-02  -1.6723524e-01   5.7708917e-02   4.9244349e-01  -3.1682990e-01  -8.5034273e-02  -2.2920235e-01   9.9721274e-02  -6.8002689e-02  -8.2816221e-02  -2.7524206e-02  -9.1301985e-02   2.7947325e-01   3.5832991e-01   1.9566681e-01  -2.7964189e-01   7.4057355e-02  -3.8314448e-01  -4.1223539e-01   5.9041567e-01   4.6084883e-02   7.9384694e-02  -2.8258543e-01   1.4028936e-02  -4.2520529e-01   2.8919265e-01   3.1298254e-01   3.6881662e-01  -3.8272813e-01  -2.9073275e-01  -7.0139609e-02   4.5487308e-03   1.1438282e-01   3.2439010e-01   1.2886281e-01   3.6333431e-01   9.3275920e-02   4.9658787e-01   2.6465873e-01   8.0334332e-02   1.1731248e-01  -3.1377838e-01   1.3981311e-01  -4.0202145e-01  -2.9777127e-01   1.7998232e-01  -3.2430014e-01  -2.8423508e-01   9.3425325e-02   4.1935759e-02   3.1987906e-01  -1.4444944e-02   1.2388706e-01   4.0264760e-01  -3.0588447e-01  -1.5628920e-01  -1.2226672e-01  -4.1004440e-02   4.7572678e-01  -4.2337061e-01  -5.0970971e-01  -2.7643335e-02  -2.6410542e-01   1.7757407e-02   1.6477892e-01  -3.4555304e-01   3.3770216e-01  -7.8784349e-02  -3.7582032e-02   5.9706396e-01   1.3844778e-01  -2.6464782e-01  -2.5334214e-01   5.1527899e-01   5.8761017e-01  -4.7481232e-01   3.5199705e-02  -4.0151117e-01  -2.5097208e-01   7.2534993e-02   4.1474962e-02
   8.9424419e-02  -2.8225252e-01   6.4713810e-02   2.2310895e-01   2.6048781e-01   4.0092414e-01  -2.1834324e-01   2.2451914e-02   4.8982490e-02  -3.3352770e-01   0.0000000e+00  -1.5410105e-01   1.0920100e-01   2.7419625e-01   3.1165975e-01   2.3817516e-01   1.0985436e-03   4.5244805e-01  -9.0618201e-02   8.3213897e-02   5.0671044e-02   1.6957373e-01  -1.6613379e-01   1.3410969e-01   7.3273519e-02   9.9894432e-02   1.4735176e-01   4.3055991e-01  -1.1025377e-01   1.5315711e-01  -6.9035829e-02   2.4166683e-01   3.4645324e-01  -1.7523441e-01  -1.4540693e-01   4.3251755e-01   2.5003442e-02  -7.7219098e-02   2.1784333e-01  -6.5479158e-02   2.4669036e-01   1.6286489e-01  -1.8276484e-02   3.9998888e-01  -1.3912834e-01   1.2200947e-01   6.4973660e-01  -2.5031958e-01  -5.4162214e-02  -1.6387029e-01   4.4663148e-01  -2.6150810e-02  -1.3549080e-01  -2.6572233e-01  -2.3493408e-02   3.0686379e-01   1.5650613e-01   1.2557387e-01   3.5672788e-01   1.0095147e-01   1.6778121e-01   2.1213263e-01  -1.3105941e-01   4.9986622e-01  -2.0153196e-01   3.4099068e-01   2.8495245e-01   1.6357773e-01   5.2927520e-01   1.2843432e-01  -3.9834572e-01   7.9829892e-02   1.8976308e-01   2.6421664e-01  -2.4313569e-01   7.7460250e-02   1.2307973e-01   2.2470077e-01  -3.8586494e-02  -7.4039623e-02   2.2999785e-01   1.7137717e-01   5.7914778e-01   1.6769873e-01   1.4434401e-01   3.8598974e-02   7.9072493e-02  -5.6833465e-02   1.4169159e-01   1.1184365e-01   6.2010031e-02   7.9884541e-02   1.2190015e-02   8.9419765e-02  -3.0065146e-02   1.2076105e-01   3.0393574e-02   2.0059404e-02   3.4591759e-01  -2.7245780e-01   2.5763376e-01   4.9078417e-01   2.3746160e-01   7.4872337e-02   2.5732146e-01   1.5391794e-01   6.9768707e-02   1.9698866e-01  -8.3133126e-02   8.2466863e-02   4.0787632e-01   3.9737919e-01  -7.2062137e-02   1.3209062e-01   3.8960377e-01  -2.3835709e-01   2.2987924e-01   2.7048205e-01   3.0870748e-01   1.4683460e-01   2.5988261e-01   1.0156815e-03  -1.0813899e-01  -1.1119762e-01   1.7097149e-01   2.4538864e-01   3.9325678e-01  -1.4039499e-01   1.9883780e-02  -2.6528209e-02   1.1519626e-01   2.1915344e-01  -1.7132532e-02  -1.5781096e-01   3.9687952e-02   8.5818414e-02  -1.9308526e-01   2.9194081e-01   1.8678468e-01   1.2227352e-01   2.0945751e-01  -5.7491319e-02   5.3151829e-01   3.2367492e-01   9.7369510e-02  -2.3658745e-02  -2.2000695e-01   5.3520546e-01   4.8705143e-01  -4.5420226e-01   2.8388368e-01   1.5452204e-01   1.2240070e-01   5.8489029e-01   1.0297501e-01   2.0478689e-01   2.7687986e-01   2.0777572e-01   9.4574113e-02   2.6339527e-01   5.1708927e-05   6.1998260e-01   2.2463413e-01   1.4677611e-01   1.8740437e-01  -2.7489135e-01   5.8708444e-01   3.6522274e-01   2.3421447e-01  -7.8682647e-02  -7.5001580e-02   2.4382078e-02   1.6309202e-01   4.0287127e-01   6.2806757e-02  -7.0449334e-02   4.0744441e-02
  -3.1213413e-01   6.9546775e-01   5.1274381e-01  -1.3745753e-01   3.7984016e-01   3.9432170e-02   3.6356148e-01   1.1963779e-01   4.9385673e-01   5.2737482e-01  -1.5410105e-01   0.0000000e+00   1.4821043e-01  -3.8408617e-01   2.0031734e-02  -1.1062340e-01   4.6255387e-01  -3.4072575e-02  -2.2190459e-01   4.2931789e-01  -1.3634129e-01  -3.1356003e-01   2.7159637e-01  -2.5774032e-01   8.3915022e-03  -4.5208834e-02  -2.8926846e-02  -3.5910526e-01   2.2771600e-01  -1.1166064e-01   1.6477395e-01  -6.2187593e-02   6.8027270e-02   5.8116945e-01   4.9177312e-01   1.0718327e-01   2.3398577e-01  -1.7055108e-01   5.8051277e-02   4.0349837e-01   9.8690509e-02   7.2293212e-02   6.0644099e-01   1.7625349e-02   4.0587889e-01  -2.4356394e-01  -2.2155224e-01   2.1464472e-01  -4.9831087e-03   2.0430417e-01   4.0867473e-02   1.6190252e-01   4.8768496e-01   2.2414817e-01  -6.8011627e-03   6.7013997e-02  -2.5430970e-01  -5.7101053e-02   2.6219493e-02   4.4895071e-01  -2.5577407e-01   1.8026406e-01   4.8484954e-01  -1.6832994e-01   2.4232385e-01   3.4545280e-01   4.5382767e-03  -5.0540754e-02  -2.2567701e-01   1.3108731e-01   2.9111553e-01  -2.6039961e-02   1.2384228e-01  -1.6763030e-02   1.2714674e-01  -4.1611119e-03  -2.7346662e-01   1.4467785e-01   5.0095112e-01   1.9053471e-01  -3.3416135e-02   9.6805512e-02  -2.9276015e-01  -1.4225115e-01  -1.3504565e-01   1.0994989e-01  -1.4379644e-01  -8.4795950e-02   3.4276166e-01  -2.9847431e-01   4.2350850e-01  -6.0810905e-03   6.1603331e-01   3.4181821e-01  -2.5068044e-01   2.0206447e-01  -8.8037777e-05  -3.4352759e-02  -4.4270039e-02   2.7580767e-01  -3.3682460e-01   6.5523309e-02  -1.1386636e-01   2.3480609e-01  -2.0048154e-01  -1.0724945e-01   3.1265699e-01   6.7484276e-02   2.9422545e-02   2.8167982e-01   2.6950867e-01  -1.4111424e-01  -1.1531612e-02  -2.9667396e-01  -3.2908042e-01   5.5706207e-01   1.3500109e-01   3.6513032e-02  -4.1975109e-01   5.6657829e-02  -3.4462744e-01   3.8583438e-01   4.4996253e-01   3.5109735e-01  -2.7899398e-01  -8.0204577e-02   1.3982053e-01   1.2338687e-01  -3.1738114e-03   2.9474940e-01   1.9534464e-01   2.7295475e-01   1.6787461e-01   4.2503845e-01   3.5166115e-01   1.5380730e-01   1.8465508e-01  -2.3055551e-01   1.4112237e-01  -2.8395762e-01  -3.9019911e-01   7.9349801e-03  -2.0778768e-01  -3.5381173e-01   2.0697620e-01   2.8823323e-02   4.6878262e-01  -9.7682205e-02   1.2968297e-01   1.3940730e-01  -2.6097889e-01  -1.0910840e-01   7.7756153e-02   6.8782046e-03   5.7904057e-01  -2.9007431e-01  -4.1349646e-01   5.2799846e-02  -1.2137227e-01   4.5238906e-02   2.1049062e-01  -1.8978364e-01   9.5413300e-02  -2.1926146e-01   6.9348698e-03   5.9505449e-01   2.0771116e-01  -3.1676487e-01  -8.5503773e-02   5.5096434e-01   5.9497188e-01  -2.6120087e-01  -4.3170191e-02  -3.8853235e-01  -9.2472082e-02   2.7331721e-02   6.9530629e-02
  -1.9811042e-01   2.4091772e-01  -7.3485908e-02   5.5010812e-02   3.6086858e-01  -5.3683236e-02   1.5633722e-01  -1.6472904e-02   3.7423439e-01   2.7148054e-01   1.0920100e-01   1.4821043e-01   0.0000000e+00  -1.3111992e-01   1.2658503e-01   7.6137167e-02   2.3623661e-02   1.0490472e-01  -2.0520109e-01   2.8642129e-01   6.9334693e-02   1.1104210e-01   2.2356454e-01  -1.3341824e-01  -5.7610090e-02  -1.1783986e-01   2.4755213e-01  -1.1955782e-01   1.1109896e-01   1.5131026e-01   1.0222299e-01   6.5534782e-02   3.2434446e-02   1.5591379e-01   2.2501361e-01   3.0966639e-01   2.9527513e-01  -1.0084885e-01   2.5870751e-01   9.3824554e-02   4.4790944e-01   8.5304990e-02   2.2635865e-01  -4.1603046e-02   1.9806130e-01  -2.1371115e-01   2.7838395e-01   1.3691200e-01   1.8382389e-01  -1.4607417e-01   2.8963289e-01   4.7581603e-03   2.1605708e-01  -1.1094507e-01  -2.4513550e-02  -2.2549141e-03  -1.7717740e-01   9.9420448e-02   1.7443529e-01   1.3633598e-01  -1.7118582e-01   3.0519911e-01   2.0957976e-01  -5.4870240e-02   8.3494296e-02   3.6607167e-01   2.4255355e-02  -2.2466196e-02   9.0032932e-02   3.3815773e-03   1.0377608e-02  -3.9150481e-02   3.2292261e-01  -2.4500221e-01  -1.1982602e-01  -1.2829395e-02  -1.3924838e-01   9.5148659e-02   3.2267573e-01   6.4625602e-02   8.8968941e-02   1.5864393e-01  -1.5524279e-01  -1.5135734e-01  -3.2729441e-01   9.6191182e-02   6.3435664e-03  -2.0046298e-01   1.3395285e-01  -1.9114106e-01   3.2084369e-01  -3.1903079e-01   1.9579609e-01   2.8565446e-01  -1.6695624e-01   3.2951133e-01  -3.2138674e-02  -6.4151820e-02   1.3115165e-01   1.8988899e-01  -2.3002081e-01   4.2416713e-02   2.0825000e-02   1.5030666e-01  -4.4152195e-02   8.3023267e-04  -1.9804950e-01   5.3989684e-02   3.1355293e-01   1.5287741e-01   6.8010876e-02   1.4096931e-01  -3.1807251e-02  -2.2528087e-01  -1.5742733e-01   2.2183818e-01   1.3501227e-01   3.8125438e-01  -1.4654787e-01   2.0686352e-01  -2.6343896e-01   9.7033663e-02   1.8976091e-01   1.2336568e-01  -1.9359834e-01  -1.4227118e-01   8.4188464e-02   2.7080745e-02   9.2886660e-02   1.0697146e-01   3.3047180e-01   2.3858041e-01  -1.2102088e-01   9.6885804e-02   6.6735216e-02  -1.5631411e-02   7.5069483e-03  -4.6967715e-02   4.8299705e-02  -1.6442709e-01  -1.2349506e-01   5.5050064e-01  -2.5195062e-01  -1.7269146e-01   1.0279015e-01   1.8653309e-02   1.2580202e-01   1.9635873e-01   3.4405447e-01  -9.2982435e-02  -1.7990475e-01  -6.5160934e-02  -2.4546227e-01   7.8529936e-02   1.9408836e-01  -7.8288708e-02  -1.8807090e-01   3.0192293e-01  -2.5066579e-01   2.0449188e-01   3.9942051e-02  -1.4342433e-01   3.0469009e-01  -7.9514739e-02   7.9944941e-02   1.9782714e-01   1.4856045e-01  -1.4044862e-01  -1.4115320e-01   8.0658506e-02   3.2327325e-01  -1.6582246e-01   1.3376318e-01  -1.5322548e-01  -1.4504300e-01  -4.8793629e-02   2.1283804e-01
   4.7679650e-01  -4.8846453e-01  -2.5843106e-01   3.1979568e-01  -1.6587242e-01   1.4609374e-01  -4.4242975e-01   1.4690617e-01  -2.6543733e-02  -4.3509418e-01   2.7419625e-01  -3.8408617e-01  -1.3111992e-01   0.0000000e+00   1.8765827e-01   1.9120745e-01  -3.1361743e-01  -1.1940601e-01   1.3044009e-01  -2.7789697e-01   1.1134835e-01   3.6023054e-01  -2.5708085e-01   4.8825724e-01   2.9363732e-01   2.8014454e-01  -8.8743015e-02   5.6845776e-01  -1.6423757e-01   2.3927545e-01   3.5780402e-02   1.6052071e-01   2.4951146e-01  -3.2102767e-01  -4.4681672e-02  -8.4019045e-02  -1.0932693e-01   3.5258653e-01   9.5434850e-02  -4.2840853e-01   1.0921971e-01   1.9646984e-01  -1.5673323e-01   3.3674259e-01  -1.8310332e-01   2.1650342e-01   2.1421206e-01  -2.5494503e-01   4.2206076e-02  -3.8108586e-01  -6.3810791e-02   1.8124421e-01  -2.9503603e-01   2.4675525e-02   3.4738675e-01   2.7216426e-01   3.8827005e-01   1.4770127e-01   5.9920778e-02   1.9056827e-02   2.5330344e-01  -2.4068597e-02  -2.1113584e-01   3.2003922e-01  -1.2126208e-01  -2.4625526e-01  -2.1816898e-04  -1.4747103e-01   1.6079255e-01  -2.4823944e-02  -2.6440058e-01  -1.9045008e-01   6.6412606e-02   4.0195856e-01   5.4568492e-02   1.1250001e-01   3.0134351e-01   4.1530465e-02  -2.3033633e-01   1.8471250e-01   3.3949258e-01   1.3773776e-02   3.3127463e-01   3.7763932e-01   3.4897639e-01   3.5847102e-02   5.5405852e-01   4.0505778e-01  -5.6602068e-02   4.2029807e-01  -5.3847462e-02   1.3323041e-01  -3.4740985e-01   4.5956090e-02   3.2545978e-01  -1.9080963e-01   3.5429008e-02   6.4033538e-02  -9.1226687e-02  -2.0089766e-01   5.2549509e-01   2.0991472e-01   3.3767178e-01   4.4906359e-02   2.8218368e-02   2.7527460e-01   5.7277133e-02   1.1019182e-01  -8.5553611e-02  -1.3735196e-01  -5.3861407e-02   2.4685219e-01  -1.6616911e-01   4.5813814e-01   4.6997987e-01  -2.5165440e-01   2.0984909e-01   1.4965721e-01   3.6949270e-01   1.7443499e-02   3.8287668e-01  -1.2727264e-01  -1.1876179e-01  -3.0424917e-01   3.8120638e-01   5.8095962e-01   2.1489897e-02   5.7675652e-02   7.0630403e-02  -2.7476695e-01   4.7236920e-03  -1.0500770e-01   1.7599865e-01  -2.6207770e-01  -1.1218473e-02   1.1077684e-01   8.9270158e-02   3.7656369e-01   1.8070744e-01   4.1825657e-01   4.7895044e-01   8.5765288e-03   9.8660680e-02   1.6813265e-01   1.0194446e-01   1.1817528e-01  -3.2667951e-01   1.2957450e-01  -7.2744602e-02  -1.5359092e-01   3.6339271e-01   4.3806231e-01   5.6521157e-02   2.9021721e-02  -3.6162927e-01   4.1278980e-01   4.6645049e-01   1.0718263e-02   1.8686345e-01   2.0250403e-01  -3.5382672e-01   1.0708270e-01  -1.2911061e-01  -7.8124050e-02   1.7352345e-01  -3.3527636e-01  -1.4890680e-01   3.3784059e-01   3.3611181e-01  -3.2728554e-01  -2.8410392e-01   3.2779071e-01  -1.4698287e-01   3.5646458e-01   1.7571579e-01  -9.7014089e-02   1.8214238e-01
