   0.0000000e+00  -3.2627650e-01  -1.2549785e-01   8.4697227e-02  -1.9283474e-01   2.2837126e-01  -6.0674960e-02   6.2438869e-02  -1.9926764e-01  -5.9310477e-02   1.9057730e-01  -1.6601350e-01  -2.8594834e-01   1.3467127e-01  -1.6292521e-01  -1.0665396e-01  -1.6454169e-01   3.3670463e-02   1.9447197e-01  -2.4716308e-01  -1.0581781e-01   1.0683474e-01  -9.9107275e-02   6.0280851e-01   3.0916910e-03   9.7552854e-02  -2.2480810e-01   3.4537555e-01  -2.0303230e-01   5.0607248e-02  -1.8596798e-01   1.4011397e-01   5.6511860e-02  -3.1848758e-01  -3.4797468e-01  -2.5433436e-01   2.9218163e-02   3.6515062e-01  -2.5125641e-01  -2.5018347e-01   1.9180144e-02   7.5972054e-03  -1.5608753e-01   2.6192620e-01  -7.1184920e-02   3.4720578e-01   1.8209748e-02   3.2128893e-02  -1.1399059e-01  -2.6672300e-01   2.2677758e-01   1.8895495e-01  -3.6995002e-01   9.9806156e-02   1.2720982e-01   2.5024011e-01   3.6930497e-01  -1.8592992e-02   2.1971150e-01   1.0516399e-01  -3.0197987e-03  -1.6470914e-01   1.4596942e-02  -1.8865072e-01  -1.8329547e-01  -1.3616475e-01   1.1680257e-01  -2.1748485e-01   1.7964849e-01   1.9055857e-01  -2.3949672e-01   1.5742335e-02  -1.2876657e-01   2.6274226e-01  -5.1124323e-02   1.0828734e-01   3.1993990e-01   1.3494358e-01  -2.9763708e-01   4.7388159e-02   2.6241077e-01  -4.5181361e-02  -2.6175340e-01   1.2817613e-01   1.9526096e-01   2.1162566e-01  -3.7372887e-02   4.2909779e-01  -1.5578645e-01   6.6808267e-01  -1.3503727e-01   4.0593547e-02  -2.7357409e-01   7.4037746e-02   4.0011662e-01  -1.9811731e-01   8.9644374e-02   2.5876347e-01  -2.1088935e-01  -2.5441114e-01   7.1785623e-02   2.3624655e-01   1.9476454e-01  -4.4689006e-02   2.7213562e-01   3.9860369e-02  -1.3193867e-01   1.7118304e-01  -5.8780986e-02  -2.5039996e-01  -1.0646107e-01   1.2160338e-02  -3.7538110e-02   7.8241254e-01   1.2336288e-01  -3.6976543e-01  -1.1021415e-02  -7.1393958e-02   1.6723804e-01  -4.3702239e-02   4.8212638e-01  -1.3320068e-01  -2.7610292e-01  -1.3302592e-02   6.1569709e-01   2.5273105e-01  -1.5914785e-01  -1.0149584e-01   6.5976422e-02  -1.2683152e-01  -2.2955961e-01  -4.1731097e-01   8.3737534e-02  -2.4958044e-01   5.6207720e-03  -1.2763091e-01   3.3270870e-01   4.0818035e-01  -1.3137518e-01   2.5317118e-01   4.0589635e-01  -1.5493981e-01   3.1304860e-01   8.3354251e-02  -1.4050423e-01   1.5483176e-02  -3.0370832e-01  -2.5668745e-02   1.4623399e-02  -6.9970579e-02   5.1062502e-01   3.4117761e-02   4.2495419e-01  -2.1882033e-01  -2.3673553e-01   2.8275269e-01   3.2173238e-01   1.8840811e-01  -4.0507504e-02   3.7127342e-02  -2.9121478e-01   8.3705716e-02  -1.7699948e-01   1.3108835e-01   2.1631995e-01  -4.8505113e-01   1.2866305e-01   8.2113274e-02   3.8337831e-01  -3.3136010e-01  -2.7830861e-01   4.2303942e-01  -9.6364865e-02   1.5331517e-01   5.7300080e-02  -7.2687162e-02   2.7776189e-01
  -3.2627650e-01   0.0000000e+00   3.2306426e-01   5.9063660e-02   2.7008986e-01  -8.4812565e-02  -1.5375965e-01   1.1495632e-01   4.7379099e-02   2.7866236e-01  -4.1788974e-01   4.5931627e-01  -1.3077933e-01  -1.9951073e-01  -3.9232069e-02   6.0114211e-02   3.9040916e-01  -1.7039018e-01   1.2640824e-03   1.1278327e-01  -1.1382147e-01  -7.9058240e-03  -2.7530553e-01  -4.4815649e-01   2.4703127e-01   5.0896388e-02   1.2486054e-01  -3.0663969e-01   5.0005024e-02  -3.4475692e-02   2.9227328e-01  -7.7871246e-02  -1.6229223e-02  -2.5074278e-02   3.4808642e-01   6.3048003e-02  -2.0437643e-01  -3.4016336e-01   2.2238125e-01  -1.4250511e-01  -1.6853693e-01  -9.5053804e-02   4.4085136e-01  -2.2207009e-01  -1.5537059e-01   6.6790610e-02  -2.1715161e-01  -1.2794550e-01  -9.3265260e-03   6.4891866e-02  -4.4406849e-01   7.4212485e-02   4.7576085e-01  -1.1223895e-01  -1.5853617e-01  -2.0229133e-01  -4.0100083e-02   2.2207850e-02  -9.9022580e-02   1.8766291e-02   1.6784971e-01   4.4576110e-02   3.8031239e-01   2.9853106e-01   1.2688359e-01   8.8412379e-02  -7.6707841e-02   7.4937200e-02  -2.2479864e-01  -8.2157148e-02   5.1124384e-01  -1.8585095e-01   1.4532450e-01   1.2767507e-01   6.2754949e-02  -8.4078566e-02   1.5439750e-02  -2.0939735e-01   4.3699076e-01  -3.7009939e-02  -3.1576484e-01  -6.8463533e-02   1.4511984e-01  -5.8389773e-02   3.7199813e-01  -2.1948601e-01   2.0324758e-02  -3.4798142e-01  -1.2101401e-02  -1.7230663e-01   2.9912590e-01   8.6249036e-02   2.9382883e-01   2.1081061e-01  -1.9649322e-01   2.0452107e-01  -5.0295562e-02   1.3979330e-01   3.7258832e-02  -2.5136422e-02   1.0393702e-01  -3.6279764e-02  -6.5077242e-02   1.6477520e-01  -2.0336762e-01   4.0574043e-02   1.7155097e-01   1.9970562e-02  -2.8331286e-01  -4.7335503e-02   1.0119554e-01  -1.0396211e-01  -1.2416284e-01  -1.6150570e-01  -1.5120880e-01   3.9979695e-01  -1.6919593e-01   1.6233054e-01  -1.7898546e-01  -4.8966331e-02  -1.8202842e-01   2.3703561e-01   1.2548639e-01  -5.9157647e-02  -2.5692319e-01   2.1206574e-01   1.5211803e-02   1.4524696e-01  -3.0892640e-02   2.4572713e-02  -1.9165351e-02   1.2717606e-01   5.2514514e-01   2.1960902e-02   1.2083333e-01   1.7018222e-01  -1.0225425e-01  -1.0505072e-01   6.5602918e-02  -4.1888409e-02  -4.7349442e-02  -9.2793982e-02  -1.8762497e-01   2.9634058e-02   3.6722914e-02  -8.9922435e-02   1.8440494e-01  -9.3294530e-02  -2.3952653e-01   1.0726403e-01   5.2838559e-02  -5.1842322e-02  -1.9957717e-01   2.3240312e-02   4.3073523e-01  -2.0691640e-01  -1.2731058e-01  -1.4533600e-01   2.1097330e-01  -3.5405822e-01   7.3473354e-02  -8.4133279e-02   4.5144640e-03  -8.9589468e-02  -5.4633394e-02   3.6064321e-01  -2.3914158e-01   7.4509191e-02   1.8573727e-02   2.7821150e-01   5.4149527e-02  -2.5907810e-01   3.6789030e-02   1.3330215e-02   9.6070012e-03  -2.3076651e-02   2.9809143e-02
  -1.2549785e-01   3.2306426e-01   0.0000000e+00  -4.0439125e-01   3.4345087e-01  -1.2193358e-01  -4.1495542e-01   7.4881243e-03   4.3858796e-02   3.8155810e-01  -3.5837919e-01   6.5256844e-01   7.2855498e-02  -2.9916805e-01  -6.3937671e-02   1.8025382e-01   9.0115829e-01  -5.6495927e-01   5.6173741e-02   3.1382906e-01  -3.9968258e-01  -2.4095359e-01  -4.1009166e-01  -2.2151992e-01  -4.3818149e-02   1.5084500e-01   7.4695160e-02  -1.3447375e-01   7.4976371e-02  -4.8384060e-01   3.1155196e-03  -2.6519184e-01  -4.7834292e-03  -1.7618086e-01   3.9890554e-02  -2.9345875e-01  -4.4415446e-01  -1.5436610e-01   1.4475057e-01   2.5859039e-01  -1.3571747e-01   3.7292709e-01   6.7492534e-01  -1.7522914e-01  -5.0377433e-01   5.5779965e-01  -4.5545262e-01  -5.4146973e-01   1.0669274e-01   6.3395519e-01  -5.6707301e-01  -1.0212278e-02   1.5120999e-01   4.2056037e-01   1.2810021e-01  -7.1965179e-02  -2.5305353e-01  -1.4869179e-01  -2.8749825e-01  -3.1205579e-01   6.5809884e-01   3.5693684e-02   3.9724092e-01  -9.7023789e-02  -2.7882865e-01   4.3025063e-02  -1.2833899e-01   4.4232298e-01  -1.9399399e-01   4.3970288e-01   2.8494279e-01  -2.9893478e-01  -1.3803922e-01   4.3468542e-01   1.9140813e-01  -4.2340553e-01   4.2412099e-01  -1.5212558e-01   1.8439268e-01  -7.8356343e-02  -2.9926953e-01  -9.9292185e-02   2.0359137e-01  -3.6608383e-02   4.9548978e-01  -2.2437935e-01  -4.2310636e-01  -6.9864310e-02   3.0393102e-01   2.1687481e-02   3.6797377e-01   7.0276419e-01   4.5972559e-01  -2.9281932e-01  -4.2714675e-02   3.7992559e-01   1.2273741e-01   2.8455252e-02   1.4477719e-01  -3.0282315e-01   1.0555614e-01  -2.1327420e-01  -3.0463504e-01  -1.1865410e-01  -5.3587679e-01  -2.0299812e-01   6.6160088e-01   8.3881489e-02  -4.7611861e-02  -3.8536509e-01   3.8988738e-01  -3.2164409e-01  -7.2124754e-02   2.0900105e-02   1.6830278e-01  -7.2687066e-02   1.0321922e-01  -1.6194040e-01  -9.3368187e-02  -1.3256835e-01   8.8020274e-03   3.7367053e-01   3.9068866e-01  -3.4914789e-01  -9.7212303e-02   3.1855812e-01  -4.5516070e-01   3.6113147e-01  -1.0552879e-01   2.4888472e-01   8.7096762e-02  -4.1424287e-01   5.2911266e-01  -3.3755931e-01   2.6011678e-02  -1.5742500e-01   2.5486387e-01  -3.3659208e-01  -3.9450077e-02   8.3564731e-02   5.3627226e-02   1.2656281e-01  -9.2472630e-02   2.9772028e-01  -1.5908498e-01  -6.2084922e-01   2.6819109e-01  -4.8369621e-01  -5.3632751e-01  -3.7445182e-01   3.0508874e-01   1.2061642e-02   3.5651296e-01  -2.1549540e-01   8.5076550e-01   2.9285335e-02   1.1206055e-01  -4.1117503e-02   5.3281520e-01  -1.4205857e-01   2.0247875e-01  -1.1413718e-01   6.7299309e-03  -3.8555977e-01  -2.4305678e-04   5.0372110e-02  -2.1389802e-01  -1.5034715e-01   2.6870598e-01   3.4299920e-01  -2.4152299e-01   1.0424504e-01  -2.4622561e-01   4.0577265e-02   9.2712827e-02   2.5075684e-01  -2.6491575e-01
   8.4697227e-02   5.9063660e-02  -4.0439125e-01   0.0000000e+00   6.9338988e-03   1.6127681e-01   1.6858945e-01   1.0874246e-01  -2.6131523e-01  -7.4405461e-02  -1.0496013e-01  -2.1554975e-01  -6.4864304e-02   2.3687143e-02   2.4428252e-02  -4.6425390e-01  -3.8663451e-01   3.3396845e-01  -8.1419355e-02   9.4715902e-02   2.2557778e-01   1.6163042e-01   1.9605957e-01   1.2402822e-01   2.4986522e-01  -1.8550665e-01  -1.6305389e-01  -2.4986980e-01  -1.4071543e-01   3.7984498e-01   7.2781940e-02   5.2565026e-01  -2.7455131e-01   2.7326144e-02  -1.6815836e-02   2.3833968e-01   3.2446686e-01   8.9287728e-02  -3.5730383e-01  -3.1373930e-01   2.0034616e-01  -4.4251189e-01   1.5066516e-02  -6.1791904e-02   2.8114141e-01  -2.5851000e-02   1.4999965e-01   2.7564049e-01  -1.5272952e-01  -5.4905061e-01   3.0497164e-01   3.5799231e-02  -1.2414958e-01  -2.4719388e-01  -2.1095654e-01  -1.4738179e-01   3.4807442e-01  -1.4573870e-02   2.9845043e-01   1.9493548e-01  -1.8566295e-01   6.2463387e-02   1.5392107e-01   5.3730564e-02   9.3881638e-02   1.1240715e-01   2.1638788e-01  -7.1698727e-01   2.4303140e-02  -1.9611568e-01  -8.2759041e-02   5.9162117e-01   9.1135274e-02   2.2165103e-02   5.4295872e-02   3.2346166e-01  -1.4961146e-01  -1.1150082e-01   6.2635652e-02   8.7439013e-02  -4.5763006e-02  -1.8453355e-01  -2.1152273e-01  -2.6615708e-02  -1.1163488e-01   8.1908431e-02   2.0133982e-02  -1.2662871e-01  -7.2515345e-01  -4.8028696e-02  -1.4301311e-01  -2.6872002e-01   4.5208360e-03   5.7794416e-01   2.2897447e-01  -2.5714756e-01  -5.2163204e-03   1.8291927e-01  -1.5682957e-01   3.2339896e-01  -1.1085131e-01   1.8194941e-01   2.7247869e-01   1.9970843e-01   5.8361429e-01   5.3341904e-01  -2.9369637e-01   1.3055673e-01   1.3600743e-01   1.2296552e-01  -2.0233759e-01  -3.9075546e-02   2.8209811e-01   5.9266170e-02  -2.9664117e-01  -3.1810362e-02  -1.4030392e-01   3.2218776e-01  -1.2483458e-01   5.9499486e-01  -2.3928465e-02  -1.2310645e-01  -4.8644685e-01   4.0118256e-01   1.4101724e-01   1.1858376e-01   5.2808340e-01  -6.3042418e-02   3.5459618e-01  -2.8692891e-01  -3.1636185e-01  -1.1770166e-02   6.0344612e-02   1.1964406e-01   6.0560072e-01   3.9848394e-01   1.8292939e-01   8.4546123e-02   1.3363373e-01   9.6808937e-02  -1.1763886e-01   1.4531996e-01   1.4732868e-01  -2.4236705e-01   3.5376969e-01   3.0026594e-01  -1.6242925e-01   2.1596647e-01   3.4812477e-01   3.2387032e-01  -1.1541263e-01  -1.7498045e-01  -2.9542298e-01  -5.5729027e-02  -2.9178486e-01   5.7851264e-02  -8.2960670e-02   2.1796506e-01  -4.1542307e-01  -2.1458902e-01  -4.6761200e-01   8.5115702e-02  -1.5564782e-01   2.7639415e-01   2.9685109e-01   3.1645816e-02  -8.9887628e-03   9.2083783e-02  -1.5177918e-01  -2.2832631e-01   3.3495145e-02   7.9967657e-02   3.4828745e-02   1.0006647e-01   4.0005058e-02   1.5119211e-01   4.2146641e-01
  -1.9283474e-01   2.7008986e-01   3.4345087e-01   6.9338988e-03   0.0000000e+00  -2.8779373e-01  -5.1923610e-01   1.7038989e-03   4.4095112e-01   7.5016889e-02  -2.2163148e-01   6.5540758e-02   2.8765216e-01   1.9580849e-02  -2.4330926e-01   2.1739233e-02   4.7184858e-01  -9.1289209e-03   1.9842481e-02   7.0291966e-01  -1.4512563e-01  -1.0850196e-01  -4.5151559e-01  -4.8190569e-02   6.8058615e-02  -1.1859473e-01   2.4362204e-01  -1.1546360e-01   2.5349247e-01  -2.9961830e-01   7.7751462e-02  -9.0171948e-02  -5.8224800e-02  -3.7489069e-01   6.5991118e-03   2.9931995e-01  -2.9118616e-01  -4.6461633e-01   2.8982709e-02  -6.5775081e-02   2.7962580e-01   7.7690755e-02   4.6103047e-01  -3.3153026e-01  -4.3455073e-02  -1.7489198e-02  -1.2233321e-01  -4.3903520e-01   3.6299050e-01   2.3475818e-01  -3.2535705e-01  -7.9949343e-02   1.1852305e-01   2.7757617e-01  -3.8474977e-02  -1.3208111e-01  -1.8311716e-01  -7.1027934e-02  -1.4395900e-01  -2.6333456e-01   3.7489066e-01   1.3517582e-01   2.1720979e-01   2.3783161e-01  -7.0680745e-03  -6.8197890e-02  -2.0774349e-01   1.7169859e-01  -3.0324756e-01  -2.5894570e-01   4.7664327e-03  -6.2978836e-03   1.4684755e-01  -1.0139851e-01   3.3788085e-02   5.7284718e-02   2.0224077e-02  -3.6363481e-01   6.1222375e-01   2.2504575e-01  -1.3866284e-01  -1.3047553e-01  -4.7439482e-02  -1.5454408e-01  -1.0469462e-01  -4.3577512e-02  -3.6328398e-01   5.1933733e-02   1.6342162e-01  -5.2560317e-02   7.7825239e-01   1.5564731e-01   1.2282098e-01   7.4151445e-02  -2.7577577e-01   6.1041415e-01  -1.2229490e-02  -2.2713373e-01   3.4694991e-01  -1.9560358e-01  -1.9484495e-01  -4.1288656e-01  -2.0231843e-01   2.5389919e-01  -2.7685188e-01   1.9884041e-01   3.3098359e-01  -5.1145158e-02  -1.0156298e-01   7.3746886e-02  -1.8399455e-01  -4.2327781e-01  -2.9694864e-02   2.4550311e-02  -2.0587983e-01   2.3169299e-01  -1.9148597e-01   4.3041346e-02  -2.9623495e-01   2.8865607e-02  -3.3669825e-01   7.7310361e-01   3.1784778e-01   9.5440551e-02  -3.0562703e-01   9.5903217e-02  -2.3738095e-02   2.6050555e-01   1.1194757e-02  -2.2354194e-01   1.3036924e-01  -1.5543594e-01   3.3634564e-01  -1.6965605e-01   3.8682536e-02   2.3325564e-01   3.3737835e-02  -5.4011882e-01   2.6697605e-01   7.9825328e-02   4.7988170e-02   3.0671636e-01  -3.4123519e-01  -3.6158411e-01  -1.1079465e-01  -1.6843230e-01  -1.3520778e-01   1.8178760e-01  -3.3526662e-01  -1.6377452e-01  -2.6668290e-01  -5.4823082e-02  -3.0529621e-02   8.4301362e-02   3.3544998e-01  -8.0304870e-02  -1.0872965e-01  -1.0685735e-01   4.0217946e-01   7.8075266e-02   2.6897598e-01  -9.3425543e-02   2.1169879e-01   1.8922195e-02  -7.2705345e-02   6.5938367e-02  -1.0754485e-01  -1.9046818e-01  -2.6758051e-03   3.9155998e-01  -6.3712787e-02  -3.6267927e-01   1.9021273e-01  -1.2027885e-01   3.0707988e-02   2.3860467e-01  -1.1623147e-01
   2.2837126e-01  -8.4812565e-02  -1.2193358e-01   1.6127681e-01  -2.8779373e-01   0.0000000e+00   3.8207211e-01   1.4037340e-01  -3.1393052e-01  -1.2113420e-01   3.4371660e-01   1.2582285e-01  -4.1259365e-01  -2.1348150e-01  -1.0415556e-02  -4.1859125e-02  -2.8855625e-01   5.3276483e-03   1.3209531e-01  -1.8670360e-01  -3.6971558e-02   1.2181915e-01   2.6819570e-01  -1.2822840e-01   7.3857507e-02   3.5215071e-01   1.1735563e-01   3.9523173e-02  -2.0119550e-01   3.9317263e-01  -3.4496744e-01   2.6576499e-01   3.6617332e-01   1.9566778e-01  -8.4904907e-02  -3.5530203e-02   3.6711086e-01   2.5080106e-01  -5.3388352e-02   2.8375646e-01  -3.9707821e-02   8.6287026e-02  -2.3970248e-01   2.2718081e-01   1.7723139e-01   2.0239084e-01   2.7733349e-01   3.4803605e-01  -2.6756843e-01  -1.0563917e-01   4.0149535e-01   1.7197602e-01  -6.4957076e-02  -1.4624737e-01  -2.1698429e-01   1.6873710e-01   6.2480219e-01   1.2107565e-01   4.0379785e-01   3.1031971e-01  -1.5114148e-01  -5.8755025e-03  -2.8364165e-01  -2.1121498e-01  -2.0202647e-01   3.2181073e-01   7.0760524e-01  -1.4557204e-01   6.1290329e-01   4.2765610e-01  -1.2375162e-01  -7.3455378e-03  -8.0599592e-03   2.8625073e-01  -1.2363747e-01  -1.5575845e-01   1.3062402e-01   2.1438449e-01  -2.4289431e-01   1.0847688e-01   1.7494417e-01   1.7179033e-01   5.1895608e-02   2.8373922e-01   1.1148251e-02  -2.1674196e-01   1.8570672e-01  -5.5901686e-02  -2.7453681e-01  -1.1839299e-01  -4.1264346e-01   6.4894364e-02   1.7079723e-01   1.7666947e-01   2.0355624e-01   1.4414537e-02   6.7767737e-02   4.4572234e-01  -1.0184566e-01   2.0734843e-01  -3.1865001e-02   5.4833836e-01  -7.9617402e-02  -2.7864332e-02   4.6396877e-01  -5.5498716e-02  -2.0027011e-01   4.6433805e-01   1.8913092e-01   1.1275855e-01   1.8908204e-01   2.2617877e-01  -6.2118004e-02  -1.5341530e-01   1.0764728e-01  -2.1482802e-01   7.9001891e-02   1.3600483e-01   2.1487517e-01  -3.0652058e-02   2.3397904e-01  -2.6060875e-01  -2.4297117e-01  -2.3588943e-01   1.8300711e-01  -4.6710807e-04   1.7377179e-01  -1.9806745e-02   1.1777464e-01   6.8760335e-02  -1.4158373e-01   1.1543577e-01  -2.3530022e-01  -2.3529074e-01  -3.8220951e-02  -3.2325240e-01   4.1054371e-01   2.9375039e-01  -3.3439908e-01  -2.8350305e-01  -1.2758654e-01  -3.6557184e-01   4.3474706e-01   4.3883409e-01  -5.9188533e-03   6.8720498e-02   2.1311558e-02   9.2452037e-02   4.4016626e-01  -5.2261352e-02   3.6507923e-01  -2.8717592e-01   1.5405788e-02  -1.5091912e-01  -6.9360303e-02  -1.5612390e-01   8.7607603e-02   1.7405746e-01  -1.1983500e-01  -2.3567676e-01  -4.0338093e-01   9.9145485e-02  -3.7758623e-01   2.1923531e-01   2.8784829e-01   1.1929882e-01   3.1004171e-01   2.1404526e-01   6.3194189e-02  -4.1890026e-01   3.1364637e-01   4.5085548e-02  -1.2579385e-01   5.3364856e-01  -1.1372584e-01  -1.6207602e-01   2.4557298e-01
  -6.0674960e-02  -1.5375965e-01  -4.1495542e-01   1.6858945e-01  -5.1923610e-01   3.8207211e-01   0.0000000e+00  -3.2306605e-01  -3.7903291e-01  -1.0631937e-01   2.0580126e-01  -7.2831169e-02  -1.0186340e-01   5.0103462e-02   4.8400137e-01  -1.8361902e-01  -5.4395200e-01   2.3357619e-01  -1.5174844e-01  -4.1044800e-01   5.3351780e-01  -3.4274644e-02   7.7309380e-01   7.6433947e-03   9.1915280e-02  -2.4247767e-01  -7.3322723e-02   2.7826532e-01  -1.3380371e-01   2.5281577e-01  -4.0228717e-02   1.1105584e-01   4.8114388e-02   6.9500825e-01  -1.4203063e-01   2.7984700e-01   3.9174260e-01   2.0996324e-01  -2.2764429e-01   2.5061748e-01  -1.2012019e-01  -2.0419898e-01  -5.4315989e-01   1.7155999e-01   2.0584415e-01  -2.0939751e-01   3.6940800e-01   6.0292870e-01  -3.6318215e-01  -3.3096665e-01   3.6969518e-01  -1.3929000e-01   1.9081026e-01  -3.9917852e-01  -5.5609623e-02   3.0839610e-01   1.5484499e-01   2.1391309e-02  -1.5782824e-02   9.5324615e-02  -5.5737465e-01  -7.3274305e-02  -3.1728596e-01  -1.1576596e-01   1.9191362e-02   2.5939466e-01   3.5573279e-01  -4.1885727e-01   1.0342170e-01   2.3626394e-01   2.2043855e-03   1.0333507e-01  -6.4447687e-02  -1.1223360e-01  -7.5793927e-02   7.1199510e-02  -3.3110527e-01   8.7671486e-02  -3.1302938e-01  -2.0155788e-01   4.3983102e-01   1.1745211e-01   3.0201829e-01  -2.4349590e-01  -1.7666257e-03   1.9593367e-01   4.2544206e-01   9.1328559e-02  -4.5020367e-01  -5.1803900e-02  -5.3978466e-01  -4.3515725e-01   3.5929690e-02   6.2234152e-02  -1.0370026e-01  -3.9292746e-01  -8.1451352e-03   1.4512565e-02  -1.7735112e-01   4.9400811e-01   3.0039190e-01   4.6124804e-01   1.9338230e-01  -3.0351028e-01   1.9986964e-01  -1.1023740e-01  -5.0254534e-01  -1.7567848e-01   1.2646602e-01   2.7280907e-01   3.3230313e-01   2.5632033e-01   5.8521541e-02  -1.5016802e-01   4.5042910e-01  -6.2383108e-02  -4.2169728e-02   1.7000927e-01   3.7969489e-01   4.2845330e-02   9.1566050e-02  -5.5132365e-01  -4.4834793e-01   1.2819043e-02   6.7055587e-02  -3.3462963e-01   2.5311907e-01  -4.0049130e-01  -2.4693345e-01   4.2935903e-01  -1.6660645e-01   4.5959874e-01  -5.1420241e-01   3.3536923e-01  -1.1570335e-02  -3.0558822e-02  -3.7572068e-02   4.7057477e-01  -2.1339999e-03  -2.3219331e-01  -3.2740219e-01  -3.2939402e-01   5.1402330e-02   2.5340370e-01   1.4889215e-01   2.8690062e-01   4.1073511e-01   1.5014255e-01   4.9943237e-01   2.9997146e-01   1.2464195e-01  -6.8199604e-02  -2.6438240e-01   2.9740716e-02  -3.3442530e-01  -1.4488347e-01  -1.6128552e-01   1.6866780e-03  -6.1072843e-01   1.1318843e-01  -4.0042385e-01   1.3650504e-02   1.0992409e-01  -5.4282759e-02   3.8681216e-02   1.5938682e-01   2.0892957e-01  -4.0484361e-04  -2.4462117e-01  -1.4451333e-01   3.8176489e-01   2.1801899e-02  -1.1227241e-01   1.6066633e-01   3.7951167e-02  -3.5424338e-01   7.3740727e-02
   6.2438869e-02   1.1495632e-01   7.4881243e-03   1.0874246e-01   1.7038989e-03   1.4037340e-01  -3.2306605e-01   0.0000000e+00   2.0308471e-01  -4.8621823e-02   2.9244998e-01   7.6627125e-02  -3.8970889e-01  -1.9488769e-01  -2.3050948e-01   1.6691069e-01   3.8378523e-02   1.5733891e-02   1.2200027e-01  -1.8590902e-01  -2.8079809e-01   2.1509650e-01  -2.8081960e-01  -5.6167052e-02  -4.8161520e-02   4.9303490e-01   3.6837594e-02  -5.5671475e-02   6.3818804e-02   8.6278095e-02  -1.0267577e-01   1.2331599e-01   1.9371399e-01  -2.8695395e-01   1.4940682e-01  -1.7866518e-01   1.1005133e-01   1.5177053e-01   2.6120679e-01  -2.9992064e-01   3.9652258e-02   1.6635579e-02   1.6263270e-01   2.3521959e-01   8.4286422e-02   1.2721950e-01  -8.0095753e-03  -1.3898717e-01   2.3944930e-01  -1.2992127e-01   3.9508003e-02   5.8420733e-01  -3.9235448e-02  -5.4167474e-02  -1.3743315e-01   3.9385812e-02   2.4758557e-01   1.2529868e-01   3.8769700e-01   1.1721971e-01   1.7987414e-01  -7.0158980e-02   2.6537384e-01   2.8150442e-01   6.7435439e-02  -1.0717022e-01   1.7508022e-01  -7.3250485e-03   3.6098658e-01  -2.4050792e-01   9.1726852e-02  -7.7458801e-02   2.8107323e-01   8.5441492e-02  -1.9374820e-01   7.8407538e-02   3.9957654e-01   1.8389304e-01   1.8218438e-01   1.6678356e-01  -7.6017633e-02   9.0345953e-02  -1.5116145e-01   5.2813139e-01  -6.6097331e-02  -2.3825795e-01  -1.1347005e-01  -1.1102631e-01   3.6123600e-02   1.4807148e-02   1.4881483e-01   2.4724526e-01  -9.8161618e-02   1.7494138e-01   3.4450905e-01   4.6985952e-02  -9.9004745e-02   3.0229481e-01  -7.2951254e-03  -1.5586393e-01  -1.9667635e-01   1.1906478e-01  -9.5090989e-02   1.0753119e-02   1.4523159e-01   1.6712001e-02   6.2200225e-02   4.9359195e-01  -2.5373592e-01  -1.7928751e-02  -2.4018681e-01   2.0928458e-01  -1.7773101e-01   6.9088262e-02  -3.4442687e-01   1.1501209e-01   2.7437056e-01   7.4749725e-02  -9.6630736e-02  -1.1005969e-01   2.0515062e-01   1.4160099e-01   4.3997374e-02  -5.1815765e-02   1.8351270e-01   1.8540896e-01   3.3887849e-02   2.1931170e-01   1.8485211e-01  -3.5871692e-01   2.7567796e-02   2.6296272e-02   1.1376863e-01  -1.5368604e-01   9.9786640e-02   9.4914439e-03  -1.1094743e-02  -1.5996232e-02  -1.6460311e-02   1.5625038e-01   1.4730655e-01  -1.0847983e-01   3.8358302e-01  -1.5849334e-01  -4.1150679e-02   2.5682336e-02  -2.1780620e-01   4.4906896e-02  -1.3562878e-01  -1.2607785e-02   2.7971894e-02   3.4945517e-02   1.0769533e-01   1.8591811e-01  -3.3177893e-02   1.1253471e-02   3.0718675e-01   5.3919521e-02   2.1884591e-01  -6.7810919e-02  -2.7035137e-02   2.4675750e-01  -1.3382128e-01   2.7690306e-01   1.0039106e-01   5.0015688e-03   2.2277380e-01   2.6388754e-01   1.3742902e-01  -7.1820937e-02  -1.2055513e-01   8.2492755e-02   5.1806787e-02   3.4033883e-03  -1.5345804e-01   7.6022960e-02   1.4505407e-01
  -1.9926764e-01   4.7379099e-02   4.3858796e-02  -2.6131523e-01   4.4095112e-01  -3.1393052e-01  -3.7903291e-01   2.0308471e-01   0.0000000e+00  -2.5024656e-01   1.8030556e-01  -2.3398788e-01   1.9400887e-01   9.6274938e-02  -2.6601109e-01   3.1895662e-01   1.7643571e-01   8.6233366e-02  -1.6840205e-01   1.9233188e-01  -6.3875822e-02   2.8624128e-02  -2.6634463e-01  -9.5567806e-02  -1.3654690e-01   5.5163010e-02   2.7421322e-01  -1.0929523e-01   1.3477867e-01  -2.0306802e-01   2.5148130e-04  -2.2217467e-01   6.6451788e-02  -2.2627866e-01   1.1845571e-02   1.0295506e-01  -2.2055620e-01  -3.2338181e-01   3.1260585e-01   4.7609581e-03   1.7936636e-01   2.6441946e-01  -4.0050585e-02  -1.2630861e-01  -6.0948337e-02  -2.0263689e-01   7.7287879e-02  -1.5252600e-01   2.7926821e-01   2.9427138e-01  -2.0100836e-01  -8.2765452e-02   7.0236094e-02   8.2358916e-02   1.1299199e-02   1.4836179e-02  -2.7323579e-01   1.6829598e-01  -1.0387012e-01  -1.8185117e-01   5.6134496e-03  -6.2565602e-02  -4.6976612e-03   3.0096528e-01   1.6435698e-01  -2.9225861e-01  -1.8773299e-01   3.5134097e-01   2.2482954e-02  -2.9882464e-01  -1.1569697e-03  -1.7608205e-01   4.4582921e-02  -3.2134416e-01  -3.0415706e-01   2.8855559e-02  -6.7786923e-03  -3.6975351e-02   2.4847063e-01   1.2637627e-01  -7.7348066e-02   5.2652671e-03   1.1697122e-02   1.7943075e-01  -3.2219318e-01  -6.1447083e-02  -7.0602994e-02   6.8130746e-02   5.6493203e-01  -3.9851495e-02   5.0612646e-01  -1.7387559e-03  -1.0263394e-01  -2.0451701e-01  -2.5431311e-01   2.3300856e-01  -1.5520220e-01  -3.1420144e-01   2.2104747e-01  -2.1317556e-01  -1.7340347e-01  -4.4678740e-01  -1.4443130e-01   1.2948633e-01  -2.8702456e-01  -8.5837599e-02   1.1925586e-01  -5.2011458e-02  -1.2482940e-01   1.5948496e-01  -2.8970109e-01   3.3186328e-02  -1.5906371e-01  -1.5243545e-01  -2.0859194e-01   3.2197847e-01   7.5777971e-02  -1.4810359e-01  -2.4357414e-01  -1.9472901e-01  -9.3888992e-02   3.5235632e-01   2.9213664e-01   1.7992311e-02  -1.9080985e-01  -2.0248222e-01  -1.6252715e-01   7.6898704e-02   5.8197691e-02  -1.6771748e-01   3.7012041e-01   1.6426123e-01  -5.1660991e-02  -2.0416640e-02  -2.2285624e-01   3.8614649e-02  -2.9346553e-01  -2.8710408e-01   5.7861740e-02   6.4559244e-02   1.6529617e-01   5.8429739e-03  -1.7905980e-01  -3.8078516e-01  -2.9290809e-01   5.4811546e-02  -1.3622964e-01   1.8949766e-01  -2.2506586e-01  -3.6329471e-02  -3.1519107e-01   6.8708801e-02   8.9104815e-02   3.9587714e-01  -4.4251054e-02   3.2673376e-03  -4.3957630e-02  -1.1458894e-01   3.5058226e-01   2.2283037e-01   3.5881302e-01  -1.6448344e-02   1.9041583e-01   1.9862294e-01  -3.2754940e-01  -4.2711029e-02  -9.0813114e-02  -3.2880210e-02  -5.2863761e-02   2.4826809e-01  -7.6143658e-02  -2.1789775e-01   2.6447587e-01  -3.8465165e-01  -8.0951642e-02   4.7776753e-02  -1.7685404e-01
  -5.9310477e-02   2.7866236e-01   3.8155810e-01  -7.4405461e-02   7.5016889e-02  -1.2113420e-01  -1.0631937e-01  -4.8621823e-02  -2.5024656e-01   0.0000000e+00  -3.9989708e-01   4.2685913e-01  -2.0439662e-01  -3.0056920e-01   1.4672935e-01  -1.7712632e-01   3.4238631e-01  -1.5717936e-01  -6.5568010e-02   7.9622518e-02  -1.2659792e-02  -2.5182850e-02  -9.6244468e-02  -1.6719837e-01   1.0082262e-01   5.4242650e-02  -3.5059592e-01  -1.3384595e-01   9.9384328e-02  -1.4431708e-01   2.5473578e-01   4.2266693e-03  -1.5227083e-02   1.1143273e-01   7.5221445e-02  -1.7137876e-01  -7.0707967e-02  -8.2007877e-02  -1.4304975e-01  -1.4691251e-01  -6.2255745e-02  -1.1007150e-01   3.7739683e-01  -1.0400166e-01  -9.2913164e-02   5.9960455e-02  -4.5063898e-01  -2.7555961e-01  -9.0001043e-02   1.4986592e-01  -9.5616475e-02   3.0128253e-02   2.4266114e-01  -1.1946430e-02  -7.4204505e-02  -1.7237027e-01  -2.0718093e-01  -1.7190234e-01   1.1730436e-01  -1.4119828e-02   2.6246981e-01   1.3505035e-01   3.0470645e-01  -6.0221083e-03   1.7916961e-01   4.4547507e-01  -2.7460715e-01  -7.6355061e-03  -2.4005278e-01   6.0365284e-02   2.5242626e-01  -9.3179781e-02   4.9221964e-02   3.1408093e-02   1.5498648e-01  -1.7408472e-01   8.6762252e-02  -1.0030187e-01   1.5899295e-01   1.6973294e-01  -2.1405983e-01   9.7487117e-02   1.3694280e-01  -7.6263753e-02   2.4181770e-01  -1.2933705e-01  -3.6896767e-01  -2.0281293e-01  -2.2207628e-02   9.0686932e-03   1.9792694e-01   1.9321647e-01   2.2607003e-01   9.8977727e-02  -9.5939872e-03   1.3589422e-01   6.1525742e-02   1.7995422e-01  -1.5273135e-01   1.7229437e-01   8.7101052e-02   4.4177296e-02  -5.6947873e-02  -7.1402825e-02  -2.2919902e-01  -1.4782515e-01   1.7642326e-01   6.9993027e-02  -4.0432236e-02  -1.6835020e-01   2.5722100e-01  -1.6492968e-01   5.6228349e-02   4.8884266e-02  -6.0626916e-02  -2.3669758e-02  -3.5676176e-02   1.8089137e-01  -1.7681559e-01  -5.3356519e-02  -1.2214178e-01   1.5974906e-01   1.0417483e-01   1.9682958e-02  -2.0080048e-01   1.7585304e-01  -7.2154141e-02   1.9552416e-02   1.6844827e-02   1.0474834e-01  -1.4430394e-01  -5.6216866e-02   4.5593248e-01   9.1100773e-02   1.9817792e-01  -1.4260125e-01   2.9308563e-01  -5.4128421e-02  -8.2026749e-02   2.5940085e-01  -4.5846734e-02   1.2775297e-01   3.1927900e-03   1.5994443e-01   1.7471500e-01  -7.3498430e-02   1.8011638e-01  -2.0015509e-01  -1.8245307e-01   1.7562470e-01   8.4459394e-03   5.8086948e-02  -1.5806845e-01  -1.4976307e-01   3.9964717e-01   1.6327785e-01  -1.0531190e-01  -7.2536771e-02   1.0651618e-01  -2.5466701e-01  -3.3940173e-02  -1.2538810e-01   2.8708475e-01  -2.0806877e-01   1.0450668e-01   1.7623347e-01  -2.2604103e-01  -1.4731161e-01  -6.1577981e-02   2.1332687e-01  -7.5533116e-02   7.0273487e-02  -1.1301886e-01  -1.2339325e-01  -7.9564318e-02   1.8286879e-01  -5.5067555e-02
   1.9057730e-01  -4.1788974e-01  -3.5837919e-01  -1.0496013e-01  -2.2163148e-01   3.4371660e-01   2.0580126e-01   2.9244998e-01   1.8030556e-01  -3.9989708e-01   0.0000000e+00  -3.1873841e-01  -1.6956505e-01   1.4610160e-01  -5.5503021e-02   2.1710009e-01  -4.1931294e-01   4.2419665e-01   1.2664606e-01  -3.0316860e-01   1.0948116e-01   7.9216475e-02   2.0190187e-01   8.7314409e-02  -9.8145598e-02   3.3523824e-01   1.6576568e-01   2.4908948e-01  -9.4020390e-02   9.6703284e-02  -2.1648422e-01   2.1014972e-01   3.5231197e-01   9.2161684e-02  -2.5248703e-01   1.3692802e-01   2.5920521e-01   2.7382322e-01   1.4099707e-01   1.1145774e-01   1.3160491e-01   1.6406616e-01  -4.8947349e-01   5.2371805e-01   2.4387619e-01  -5.3140833e-02   5.2624311e-01   3.1191637e-01   9.3480390e-02  -1.8456008e-01   3.9925356e-01   2.6131213e-01  -1.6739345e-01  -1.9671251e-01  -1.5541051e-01   4.4318806e-01   2.0531432e-01   1.5490174e-01   2.6151435e-01   1.9321869e-02  -1.8717231e-01  -7.3047832e-02  -2.9210999e-01   1.1155744e-01   2.2577000e-02  -2.5795210e-01   4.0404831e-01  -5.2221356e-02   6.0706261e-01   8.9046133e-03  -3.7703239e-01  -7.6382104e-02   1.1905443e-01  -1.7417172e-01  -3.4651014e-01   7.0707752e-02   1.9949219e-01   3.5433187e-01  -2.7498536e-01   8.8352967e-02   4.3463659e-01   1.3567708e-01   6.3928485e-02   3.3228765e-01  -3.0726680e-01   1.3239588e-01   3.2894427e-01   2.2240329e-01   6.1731234e-02  -2.4554662e-02  -1.5262311e-01  -3.9207846e-03  -2.0675973e-01  -1.8812250e-01   2.4726565e-01  -6.7889244e-02  -9.1243570e-02   1.3736552e-02  -1.9447279e-02  -6.9654367e-02  -5.2025698e-03   2.7115725e-01  -6.4564396e-02  -1.4746710e-01   2.9594996e-01  -4.1314269e-02  -2.4372492e-01   2.6308481e-01   4.1602373e-02   2.5854830e-01  -1.2128999e-01   3.5612979e-01  -2.4874470e-01  -2.4794541e-02   1.0486144e-01  -1.1202634e-01   3.4100562e-01   2.3106542e-02   3.1716636e-01  -1.2752290e-01   2.9010367e-01  -1.3069867e-01  -2.3000585e-01  -3.6639839e-02   1.9408346e-01  -2.5838345e-01   9.9312050e-02  -9.1484960e-02  -4.0675731e-03   6.4395094e-02   9.3506060e-02   2.6583073e-01  -4.8491221e-01   9.2194588e-03  -2.9656997e-01  -2.1062683e-01  -4.9275623e-02   3.4142945e-01  -2.2535530e-02  -2.1662532e-01  -2.9573188e-02  -3.7794573e-01   3.4708480e-01   1.9404482e-03  -1.5904510e-01   2.2686872e-01  -1.4965019e-01   2.5349207e-01   1.9283182e-01  -6.1266652e-02   1.6149512e-02   7.9333659e-02   1.6587160e-01   3.6956502e-01  -4.3875149e-01  -1.1082288e-01   2.9658305e-01   1.5407471e-01  -7.5114658e-02   4.2343074e-01  -1.4222768e-01   3.4524678e-01  -6.6905405e-02   3.2728822e-01  -1.2594038e-02  -1.4579873e-01   5.3716692e-01   3.7466095e-01   2.2873753e-02  -1.8078757e-01   6.4486212e-02   1.4692051e-01   1.0724653e-01   1.4747632e-01  -9.3802663e-02  -1.7593609e-01   1.4457954e-02
  -1.6601350e-01   4.5931627e-01   6.5256844e-01  -2.1554975e-01   6.5540758e-02   1.2582285e-01  -7.2831169e-02   7.6627125e-02  -2.3398788e-01   4.2685913e-01  -3.1873841e-01   0.0000000e+00  -1.4657380e-01  -3.2178895e-01   7.3114327e-02   1.9523589e-01   5.4319083e-01  -4.9986327e-01   8.7363494e-03   3.9696167e-02  -3.0731503e-01  -9.0625820e-02  -2.4475343e-01  -3.8595456e-01   2.4247409e-01   1.8069002e-01   2.4372872e-02  -1.2359051e-01   1.9306110e-01  -1.8344804e-01  -7.0847862e-02  -2.4523146e-01   9.1520850e-02   8.7020816e-02   2.2367928e-01  -1.9623653e-01  -1.8274723e-01  -1.7449111e-01   2.5546072e-01   5.0196596e-02  -2.9548194e-01   1.2868054e-01   5.9193129e-01  -1.4879131e-01  -1.0631197e-01   2.6037902e-01  -3.0929201e-01  -2.6997110e-01   1.4817459e-02   3.0343218e-01  -3.8004318e-01   4.0789539e-02   3.7040765e-01   1.1981009e-01  -2.2302339e-02  -1.2463143e-02   4.4443706e-02  -1.6641216e-01  -9.4725562e-02  -1.0584402e-01   3.3708094e-01   1.9379182e-01   2.6411911e-01  -1.2365970e-01  -1.9236037e-01   3.4346024e-01   5.5948589e-02   2.5816834e-01  -7.7729620e-02   2.6071004e-01   3.4902382e-01  -2.4104088e-01  -3.3657502e-02   4.7529172e-01   2.7637160e-01  -3.0118234e-01   2.1707107e-01  -1.0308624e-01   2.7448641e-01  -1.1876337e-01  -2.5988246e-01   6.6294882e-02   1.6247655e-01  -1.7386991e-01   4.6435715e-01  -2.4117154e-01  -1.1968207e-01  -1.8523302e-01   4.6425935e-02  -1.7872577e-01   3.3750205e-02   4.6837926e-01   5.9036504e-01  -9.8267705e-02  -9.0593982e-02   3.0325444e-01   1.6778256e-01   2.8026679e-01   1.0051924e-01  -1.1611461e-02   3.5725712e-02   2.3136021e-01  -1.6803826e-01  -2.5938908e-01  -3.4669956e-01  -1.3914878e-01   3.0557132e-01   2.2148083e-01  -9.8973728e-02  -1.9454064e-01   5.0012059e-01  -5.5856103e-02  -5.7622553e-02  -7.8639093e-02   1.4895126e-01   3.8911879e-02  -6.1878751e-02   2.9644348e-02   1.3078650e-02  -1.7109343e-01   2.1177708e-03   1.5386981e-01   2.3280537e-01  -3.4658006e-01  -1.6983182e-01   3.8928265e-01  -2.8936564e-01   2.5587206e-01  -1.4891398e-01   1.5307584e-01  -3.1086277e-02  -1.1565245e-01   3.7833583e-01  -3.1311328e-01   7.6161191e-02  -1.4745129e-01   2.2718102e-01  -1.6393019e-01  -3.0365069e-02  -2.1690293e-01  -8.0333638e-02   1.6788788e-02   4.6045514e-02   4.0254816e-01  -3.0422000e-02  -4.7459130e-01   2.6729426e-01  -3.6567603e-01  -1.5265967e-01  -2.6689547e-01   3.3180810e-01   4.2578302e-02   1.2873622e-01  -3.0797143e-01   7.0243702e-01  -2.9990992e-01   1.8147197e-02  -3.0830235e-02   2.4573558e-01  -2.0680237e-01   5.1170023e-02  -1.1223035e-01  -1.5225505e-01  -3.1603868e-01   6.2937131e-02   3.6457469e-01  -4.0793855e-02  -1.1688098e-01   2.1398271e-01   1.3990976e-01   1.5194848e-01  -1.0316249e-01  -2.1893517e-01   2.0855691e-01   2.4318314e-02   2.4822010e-02  -1.1659033e-01
  -2.8594834e-01  -1.3077933e-01   7.2855498e-02  -6.4864304e-02   2.8765216e-01  -4.1259365e-01  -1.0186340e-01  -3.8970889e-01   1.9400887e-01  -2.0439662e-01  -1.6956505e-01  -1.4657380e-01   0.0000000e+00   3.6320604e-01   2.0547675e-01   7.6783772e-02   1.3284022e-01  -2.5235244e-02  -1.5783542e-01   2.8169301e-01   6.9967337e-02  -2.8508205e-01   8.3266003e-02   5.1085405e-02  -1.8688301e-01  -2.8624944e-01   1.3982141e-01  -1.0928142e-01   2.3917404e-01  -3.2348574e-01   5.1709805e-02  -3.8746856e-01  -2.0673780e-01   7.2511656e-02   1.9742624e-02   1.0659417e-01  -2.4978701e-01  -2.0140022e-01  -1.4177569e-02   1.4057045e-01   3.4051741e-01   5.1194714e-03   7.8477666e-02  -3.8316394e-01  -5.8210297e-02  -1.4613990e-01  -8.4662320e-02  -1.7095505e-01   2.1587369e-01   2.3166568e-01  -2.3024179e-01  -4.3002658e-01  -4.2894925e-02   1.5611607e-01   2.0264149e-01  -5.9087718e-02  -3.0360996e-01  -2.4259271e-01  -4.0633043e-01  -3.7052981e-01   8.8918214e-03   4.1661829e-02   3.4355970e-02  -1.3931127e-01  -8.7320796e-02  -1.8080649e-01  -3.2458877e-01   9.9635675e-02  -3.7253428e-01  -7.9937375e-02  -7.4405728e-02  -3.7446852e-02  -3.7271151e-02  -1.3338869e-01   2.6326268e-01  -1.9705633e-01  -1.8768618e-01  -1.7413491e-01   1.6264068e-01  -1.8364102e-01  -1.8293908e-01  -6.0432058e-02   1.0299508e-01  -3.6592043e-01  -4.5727629e-02   4.9773784e-02   1.9101585e-02   1.3824749e-01   1.7747818e-01  -1.2230093e-01   1.5817157e-01  -7.4377595e-02   5.5671189e-02  -3.6061390e-01  -3.8502348e-01   7.2353956e-02  -1.9750979e-01  -4.9057682e-01   6.9098653e-02   8.1400540e-03   6.8140815e-02  -3.0174643e-01  -3.4204748e-01   5.1173548e-03  -3.1162341e-01  -1.1155773e-01   2.1538880e-01  -4.2918323e-01   1.5425814e-01   1.2668804e-02   1.1096264e-01  -3.0283084e-01   3.5720287e-02  -1.3753714e-01   1.4968814e-01   8.1737473e-02  -2.2169594e-01   1.4265781e-01   5.1080326e-02   1.1308296e-01  -1.1106127e-01   7.9285222e-02   7.4452522e-02   1.7242049e-01  -2.7275984e-01  -1.7351970e-01   6.7273340e-02   6.8673248e-02  -1.8271799e-01   1.2258848e-01   5.0216398e-01  -3.3310273e-02  -8.0102280e-02  -4.3846233e-02  -1.1366124e-01   9.8298655e-02  -1.7678845e-01  -3.6642045e-01   1.8498844e-01  -1.4322335e-01  -4.5880999e-02   3.0468787e-01  -4.8314367e-01  -9.1647620e-02  -2.0429713e-02  -3.3371930e-01   1.4555324e-01  -1.0774747e-01  -1.8404186e-01  -1.6788615e-01  -1.8428606e-01  -1.2002013e-01  -6.3944749e-02   6.7340084e-02   8.0975230e-02  -9.0573103e-02  -1.0496353e-01   3.0128619e-01   4.5035903e-02   1.2101486e-01   2.2363745e-01  -2.5389908e-01   2.2408109e-01  -3.6055181e-01  -4.1221251e-01   1.0264782e-01  -5.0724911e-02  -9.5352081e-02  -1.5058658e-01   3.6846791e-01  -6.0619971e-02  -1.3065951e-01  -1.7823359e-01  -6.4591960e-02   1.4679066e-01  -7.2253872e-04  -3.9319122e-01
   1.3467127e-01  -1.9951073e-01  -2.9916805e-01   2.3687143e-02   1.9580849e-02  -2.1348150e-01   5.0103462e-02  -1.9488769e-01   9.6274938e-02  -3.0056920e-01   1.4610160e-01  -3.2178895e-01   3.6320604e-01   0.0000000e+00   1.2911351e-01   1.9607334e-01  -2.3355723e-01   2.5518106e-01   4.3090568e-02  -1.2702405e-01   1.5478768e-01   1.8594479e-01   8.6444693e-02   2.9489899e-01  -1.8607235e-01  -1.3547415e-01   1.1558414e-01   2.6592255e-01   8.0802409e-02   1.5279582e-01  -6.1758586e-02  -7.8067951e-02   9.1043887e-02  -2.2965018e-02  -4.8296749e-02   2.0116269e-01   1.0291175e-01  -2.0278436e-02   1.3565548e-01  -1.8800041e-01   2.7151374e-01  -1.0024356e-02  -2.3219202e-01   6.0084900e-02   1.9137892e-01  -2.5302529e-01   2.1520751e-01   2.3449526e-01   5.0308479e-02  -2.3189915e-01   7.8864269e-02  -2.7071390e-01  -1.4793218e-01  -5.3285293e-02   8.0778639e-02   2.4393774e-01  -3.4590879e-02   9.5513386e-02   5.0108329e-02  -6.1906860e-02  -2.9566050e-01   1.1304382e-02  -1.8591851e-01  -1.6157283e-02  -1.7316416e-01  -1.8866513e-01   9.0241173e-03  -1.3578370e-01  -9.2807321e-02  -2.3406558e-01  -2.9879685e-01  -1.3354716e-01   7.2877251e-02  -2.0262835e-01  -1.2997921e-01   1.5464460e-01  -1.7423848e-01  -2.7586279e-02   3.0411425e-02  -1.9258019e-01   3.1672294e-01   2.4209030e-01  -6.9518591e-02  -8.5499738e-02  -1.2992776e-01   4.0425854e-01   4.6251976e-01   2.8757677e-01   2.0328312e-02   9.8377946e-02  -3.4069597e-02  -2.9028209e-01  -2.0308601e-01  -2.9480539e-02  -1.5810093e-01  -4.6289626e-02  -2.7072615e-01  -3.5628630e-01  -1.3553591e-01  -3.8552921e-02  -4.7433977e-02  -1.3727990e-01   2.2606469e-01  -3.4885628e-02   3.8204628e-02   1.0757697e-01  -1.9648917e-01  -3.3036583e-01  -6.6072039e-02   1.5889430e-01  -1.5855713e-01   2.5746819e-01  -2.1700665e-01   1.9538036e-01   1.6527095e-01  -5.4625684e-02  -1.0613897e-01   1.5957578e-01   3.8258443e-01   6.6591705e-03   1.3579937e-01  -3.5139442e-03  -2.1192507e-01   1.2984153e-01  -4.2429816e-03  -2.3233456e-02   1.3567536e-01  -1.2484015e-01  -5.4046160e-02   4.3820161e-02   3.1751057e-01  -6.4355878e-02  -1.6122913e-01   7.9008080e-02  -2.8868676e-01   1.1908376e-01  -3.1350123e-01   1.9585647e-01   1.1957629e-01  -7.9794686e-02  -1.0410606e-02  -1.3055757e-01  -1.4901842e-01  -5.8208993e-02  -1.8036329e-02   1.6394002e-01  -1.4643397e-01   1.4238513e-01   1.4328630e-01  -7.6948211e-02  -8.1979548e-02   2.9239729e-01  -7.8983699e-02   4.2049092e-02  -3.3463772e-01  -6.8476166e-02  -1.0882121e-02   5.8918005e-02  -1.4821282e-01   4.4714224e-01  -5.6827617e-02   2.1403970e-04   4.7253393e-02   3.3099902e-02  -2.1490177e-01  -2.0773681e-01   3.0974949e-01   2.6299791e-01   5.9167527e-03  -1.1685597e-01  -1.7373918e-02  -4.8790261e-02  -6.9789730e-02   1.0941774e-01  -5.6383535e-02  -3.5962145e-01   8.7629321e-02
