   0.0000000e+00  -1.8301122e-01  -7.5299618e-02  -4.7661597e-02  -2.7340461e-01  -6.5870465e-02   4.3244551e-02   2.8182332e-01  -2.9361982e-02  -2.9596504e-01  -1.8786850e-02   2.0351027e-02  -8.4743164e-02   5.0456858e-01   2.9400518e-01  -7.7975747e-02  -5.5086113e-02  -2.4297045e-01   1.8564275e-01  -2.0443172e-01  -8.7612038e-02  -1.4903110e-01  -5.3204979e-02   6.9337817e-01  -5.6419106e-02   2.3659111e-01  -1.3618870e-01   3.0326535e-01  -5.6146832e-02  -1.8514730e-01   5.4694283e-03  -6.0046841e-02  -6.0060351e-02  -9.5115051e-02   9.6712890e-02  -1.5465048e-01   5.8763477e-02   1.7418519e-01  -1.7180557e-01  -1.3337188e-01  -1.3998548e-01  -7.1944940e-02  -2.3959977e-01   3.8473202e-01  -2.6471506e-01   5.9711857e-02   6.8809697e-02  -6.4548877e-02  -5.7448096e-02  -8.1997238e-02  -5.1557492e-02   4.3237114e-01  -2.4701822e-01   1.0585375e-01   4.1034960e-01   5.3560838e-01   4.7679265e-02  -2.3273501e-01  -2.3840584e-01  -2.1185965e-02   2.8538754e-02  -2.5189869e-01  -8.4257101e-02  -2.0954058e-02  -6.5303995e-02  -1.1284131e-01  -1.2174069e-01  -1.7964088e-01  -1.9740966e-01  -5.4687634e-02  -1.4637565e-01  -2.4786927e-01  -1.9123180e-02   5.5076149e-01  -7.3603106e-02   3.4138486e-01   1.8105186e-01   2.2708646e-02  -1.5666706e-01  -1.8641421e-01   4.2806619e-01  -6.5675042e-02   2.2116020e-02  -1.0173647e-01   5.0866100e-01   4.6607494e-01  -1.8912764e-02   6.9224655e-01   1.1121319e-01   6.7388831e-01   4.9750238e-03   1.2933163e-01  -3.6968916e-02   9.7399838e-02   2.1533252e-01  -4.5554601e-02  -1.6415928e-01   2.0942501e-01  -7.8809963e-02  -2.9158633e-01   6.1566031e-01   4.0605547e-01   1.4532603e-01  -1.3398712e-01  -7.9283248e-02  -9.5975848e-02   1.5913117e-01  -1.5915637e-01  -1.3641348e-01  -9.1182908e-02  -1.3208911e-01  -1.1953814e-01  -3.6113136e-01   7.7614606e-01   6.2843725e-01  -6.2498471e-02   1.0385923e-01   4.4987513e-03   5.8805009e-01   5.8269629e-02   2.1805401e-01  -1.2680183e-01   7.5060613e-02  -9.0893123e-02   3.1017823e-01   3.5449584e-01   7.5920985e-03  -3.2081761e-03  -2.2841563e-01  -1.3768908e-01  -2.1087549e-01  -2.0831846e-01   2.1732222e-01  -6.5963730e-03  -8.0494324e-02   4.4516493e-01   3.4542019e-02   1.4344980e-01   3.1047364e-01   4.1428503e-01   6.6989162e-01  -1.5600688e-01  -4.1031348e-02   1.1096942e-01  -1.9441159e-02  -8.9511767e-02  -8.7683397e-02  -1.2665434e-02   4.5084567e-03  -2.1100728e-01   7.4994490e-01   2.2776832e-02   4.2203533e-01   5.5633024e-02  -1.7018917e-01   4.9367556e-01   1.3434151e-01  -2.6728782e-02   7.2556884e-02   3.3285244e-01  -2.4663807e-01  -4.2723456e-02  -3.6335882e-01  -1.1125117e-01   4.3619062e-02  -1.8675703e-01   4.6861605e-02   4.5895384e-02   3.6287692e-01  -2.1367837e-01  -4.8291216e-02   9.8556324e-02  -2.4578849e-01   8.9684216e-03   9.6608202e-02  -2.3704765e-01  -1.8235090e-01
  -1.8301122e-01   0.0000000e+00   2.2374005e-01  -1.8510285e-01   4.5741968e-01  -2.0628855e-01  -2.7709851e-01  -1.3846543e-01   4.3488637e-01   1.6021863e-01  -3.7034337e-01   2.5684324e-01   4.2662324e-02  -3.9449844e-01  -2.8704911e-01  -3.9059978e-02   4.0902880e-01  -4.3028255e-01  -7.4069497e-02   2.8452247e-01  -1.2854791e-01  -2.8190627e-01   7.0533255e-02   5.3353693e-02   3.0400028e-02  -3.2887342e-02  -1.1831473e-01  -2.8799367e-03   1.8482351e-01  -4.2906005e-01   2.0227260e-01  -3.0809330e-01   6.9144526e-02  -4.7116201e-02   9.9061226e-02   4.4036814e-02   5.0048634e-02  -1.8685269e-01  -1.6093305e-02   4.4421587e-01   7.3577130e-02  -8.0985578e-02   2.7625272e-01  -1.1337306e-01   2.6753633e-02  -1.7949641e-01  -3.9524991e-01   1.7157230e-01  -1.6716630e-01   2.4570232e-01  -5.8824061e-01   1.5573785e-02   4.9368562e-01   1.4536981e-01   1.3535422e-01  -3.6204788e-01   1.5524369e-01  -3.0786975e-01  -1.0918845e-01  -4.9211762e-01  -5.0229490e-02  -6.0979544e-02   4.4850393e-01   2.9264144e-01   2.1840973e-01  -3.0896736e-01  -1.9137750e-01   2.5871350e-01  -2.8125110e-01  -5.6713940e-02   7.3557704e-01  -1.9837517e-01   1.5409071e-01  -3.2318958e-01   1.6034808e-01  -1.3984142e-01  -3.5274151e-01   4.5079570e-02   3.6800586e-01   1.6896734e-01  -9.3609870e-02   9.5751036e-02   2.2457294e-01  -7.7145658e-03   4.2020692e-02  -9.6765057e-02   2.3829892e-01   1.2779270e-02   1.1975949e-01   3.9353839e-02   3.5722575e-01  -2.5064545e-02   4.8259744e-01  -1.5840921e-01  -3.7867542e-01   2.6571175e-01  -1.1230168e-02  -7.0212764e-02  -9.6061074e-02   7.1901985e-02   1.8198761e-02  -3.8149201e-01  -2.5415838e-01  -1.5823429e-01  -6.2054908e-01  -2.1792693e-01   2.9156528e-01  -2.3188866e-01  -1.3587671e-02   1.5499106e-01   2.3307932e-01  -4.4627831e-01  -9.4691917e-02  -2.8778717e-01   4.2700101e-02   5.0219895e-01  -7.1100161e-02   2.0337247e-01  -1.3238729e-01  -2.4355660e-01  -2.2255282e-01   2.7679801e-01   2.1118774e-01  -4.6751746e-02  -3.4523083e-01  -9.6558411e-02  -5.9380535e-01   2.8174053e-01  -2.8624773e-01   4.9457996e-01  -7.9732510e-02   4.4382222e-02   1.2289463e-01  -1.2425679e-01  -3.2854518e-02  -1.2910615e-01   1.4566224e-01  -1.9164567e-01  -1.1400281e-01  -1.7707573e-01   7.6154135e-03  -3.7585676e-02  -3.3307060e-01  -2.1243868e-01  -3.4875815e-01  -3.2466472e-01   3.1993423e-01  -2.1547515e-02  -1.1162825e-01   3.6898626e-01  -2.0168937e-01  -3.5485833e-02  -2.5701991e-01   2.1344161e-01   5.5905639e-01  -3.0383917e-02  -2.6924193e-01  -1.4925030e-01   7.1512632e-03  -1.2659089e-01   2.4684898e-01  -2.6594985e-01   3.0738122e-01  -4.2587447e-01  -1.9637577e-01   3.5884246e-01  -2.6171570e-01   4.1317492e-02  -1.5276369e-01   7.3597191e-01   3.4868931e-01  -2.1577851e-01  -3.5803624e-02  -2.5091272e-01   1.7432155e-01   1.5662953e-01  -1.2644421e-01
  -7.5299618e-02   2.2374005e-01   0.0000000e+00  -1.6616065e-01   2.0974512e-01   1.0871767e-01  -1.7236680e-01  -3.6815521e-01   1.2082316e-01  -8.1486360e-03  -4.5157871e-01   6.6136156e-01  -1.4539555e-01  -1.8738377e-01  -7.5195317e-02  -1.2260615e-01   8.2285402e-01  -3.8884328e-01  -1.0070198e-01   4.5715043e-01  -5.8344571e-01   5.0762432e-02  -1.2245878e-01  -7.9062072e-02  -5.3772097e-02  -1.6898893e-01   1.2259847e-01  -1.9434461e-01   1.5483674e-01  -1.5207653e-01  -2.6096392e-01  -1.2608059e-01   5.7798724e-02  -7.9698206e-02   1.7673406e-01   5.1465954e-02  -3.4972013e-01  -1.9218715e-01  -2.9733727e-01   5.5308385e-01  -2.6400085e-01   1.7480162e-01   4.1890533e-01  -3.5770239e-01  -9.3102510e-02   2.6070417e-01  -3.3073028e-01  -4.1949220e-01  -2.9666594e-01   5.9280964e-01  -3.7135403e-01  -1.3202709e-01  -4.4060356e-02   3.8101152e-01   1.0777808e-01  -1.7258574e-01   2.3136132e-02  -4.6095665e-02  -3.3584825e-01  -3.8759040e-02   3.0129435e-01  -8.1282097e-03   3.2896477e-01  -3.7328896e-01  -2.2849332e-01  -3.5354046e-01   6.9750094e-02   1.7656522e-01  -2.6662539e-01   6.0310554e-01   4.1092854e-02  -1.2347901e-01  -3.5714219e-01   2.1842148e-01   2.7244688e-01  -5.5663993e-02  -1.0730372e-02  -5.5429391e-02   3.6574828e-01  -4.0502897e-02  -1.3363384e-01  -2.2123337e-01   4.8284206e-02  -9.0461639e-02   3.7091495e-01  -1.1716619e-01  -1.0525769e-01  -3.4119163e-02   4.6200165e-02  -9.8666251e-02   1.9862669e-01   4.7539832e-01   5.3115853e-01  -6.3822534e-02  -1.7917676e-01   4.6408736e-01  -4.8188057e-02  -1.0969159e-01   4.9779439e-02  -1.1718565e-01  -8.5564043e-02  -2.3199096e-01  -1.3959458e-01   1.3983856e-02  -3.9677286e-01   3.6299209e-02   3.6725657e-01  -2.8916937e-01  -9.0345618e-02  -1.4078663e-01   3.6818104e-01  -5.8490947e-02  -6.1135757e-02  -4.0995358e-04   3.5096276e-02  -6.9251186e-02   1.7389741e-01  -2.3970479e-01  -1.3184002e-01  -1.6694817e-01  -6.7166200e-02   4.0492853e-01   6.0779011e-02  -3.2123666e-01  -1.3131385e-01   2.6627529e-01  -3.9080039e-01   2.4268391e-01  -3.1293223e-02   5.3210648e-01  -1.9143692e-01  -3.2935227e-01   4.4057444e-01  -4.9443863e-01   1.4023415e-02  -1.5794486e-01   1.9704591e-01  -3.4983921e-01  -1.8464605e-01  -3.0835516e-02  -1.2628830e-01   3.0395113e-01  -2.9798908e-01   2.8354331e-01  -2.9075725e-01  -5.0362657e-01   4.1578368e-01  -3.1394489e-01  -1.5878516e-01  -4.1030051e-01  -3.3254425e-02  -7.1722675e-02   4.6533307e-02  -3.5579454e-01   7.7758244e-01  -7.7810852e-02   8.9613198e-02  -4.5294449e-01   3.0848138e-01  -2.3645428e-01   6.8933609e-02  -2.8372114e-01  -6.5022074e-02  -2.4910397e-01   1.3534564e-01   1.6020142e-01  -2.0554368e-01  -8.5001608e-02   1.5755752e-01   2.5832540e-01   1.4417742e-01  -9.3931775e-02   4.8616511e-02   1.9608423e-01   8.3183380e-02   1.1487030e-01   2.7403129e-02
  -4.7661597e-02  -1.8510285e-01  -1.6616065e-01   0.0000000e+00   5.5689197e-02   2.3120061e-01   1.7139026e-01   3.4454679e-01   9.0244508e-02   8.7338206e-02   4.1723524e-01  -2.2617678e-01   2.7542087e-01  -9.3493535e-02  -2.6001161e-01   8.1496466e-02  -1.1308773e-01   4.4679971e-01   1.5793979e-01  -2.6491297e-01   3.0710410e-01   9.0816728e-02   3.7060306e-02  -1.1307374e-01   7.8043238e-02   2.5239651e-01   1.0284855e-01   2.1798503e-01  -2.5672010e-01   2.8382456e-01  -2.6406383e-01   3.5023469e-01   1.2650411e-01   1.2887415e-01  -1.3998336e-01   9.5595774e-02   1.3600589e-01   3.2155927e-01   2.0069863e-01  -1.2215623e-01   3.9753627e-01   1.9666058e-01  -2.7754127e-01   2.2558776e-01   2.0496211e-02   1.9796472e-01   4.0931152e-01   3.4305481e-01   1.4166020e-01  -2.9484464e-01   5.4040506e-01   8.6056715e-02  -9.9061555e-02  -2.1840342e-01  -2.4211753e-01   1.6293480e-01   2.6782321e-01   2.8693167e-01   3.9241370e-01   5.6747592e-02  -3.8202703e-02   3.1200016e-01   6.3433865e-02  -2.8456103e-02  -2.3302577e-01   2.9503892e-01   1.7188210e-01  -3.4693081e-01   4.7786807e-01   5.7084392e-02  -7.0435046e-02  -8.6520443e-02   1.6436258e-01   1.4973877e-01  -1.9561873e-01   2.9948208e-02   1.3624292e-01   3.5404248e-01  -3.1001385e-01   1.0972507e-01   7.6923054e-02  -1.3764825e-01   1.4934614e-02   4.2766967e-01  -1.2272737e-01  -9.2266266e-02  -2.1090490e-01  -3.4297041e-03   6.3055840e-01  -1.5945626e-01  -2.0146048e-01  -2.0208511e-01  -1.1386301e-01   4.5318676e-01   2.1815565e-01  -2.8630008e-01  -3.4590440e-01   9.9338299e-02   5.7522861e-02   4.0390126e-02  -4.7639648e-02   1.1361851e-01   3.2177871e-01  -1.7288007e-01   3.5221554e-01   2.4807715e-01  -1.6205746e-01   2.9284717e-01   1.7232063e-01   3.3410820e-01  -1.0297346e-01   3.4258840e-01   2.1262014e-01  -9.0486174e-02   2.7001582e-04  -3.4198949e-01   2.4108756e-01   2.7219205e-01   1.7657096e-01   7.8836097e-01  -9.4508430e-02  -2.1194438e-01   4.6930973e-01   2.0375857e-01   1.2717552e-01   1.8102109e-01   3.9633938e-01  -2.3966810e-01   3.3105636e-01  -8.9356662e-03   2.8265242e-02   6.9075499e-03  -5.1686752e-02   1.2524875e-01   6.0820729e-01   1.0097427e-01  -6.5945130e-02   3.9271942e-01   2.4326255e-01  -1.3095046e-01  -1.4613961e-01  -2.7969487e-01   2.1994392e-01   2.8361300e-01   8.6851161e-02   8.8622040e-02  -1.1389795e-01   1.9008327e-02   1.4252672e-01  -1.1802111e-02   1.1589751e-02   4.5137897e-01  -2.3713328e-01  -5.4793208e-02  -1.7737551e-01  -2.0924984e-01  -9.6113114e-02   5.3319856e-01   9.5659737e-02   2.2230993e-01  -4.2906808e-01   2.5354738e-01   3.0849708e-01   2.0672461e-01   3.0990430e-01  -2.8439091e-01   2.3467311e-01   2.7417563e-01  -3.2116657e-01  -6.7185759e-02  -2.1075920e-01   3.4514317e-01  -2.6795654e-01   3.0892423e-01  -6.9503335e-02  -1.1438660e-01   2.0741156e-01
  -2.7340461e-01   4.5741968e-01   2.0974512e-01   5.5689197e-02   0.0000000e+00  -6.3609478e-02  -2.7702512e-01  -1.7669062e-01   3.6941358e-01   1.8025588e-01  -2.4124266e-01   8.5070212e-02   1.0323134e-01  -3.0393130e-01  -4.1173947e-01   1.2725680e-01   3.1210625e-01  -7.1423202e-02  -3.2236869e-02   3.6494586e-01  -1.6650559e-01  -2.8079955e-01  -6.8746605e-02  -1.9426674e-01  -1.9949506e-02  -5.4481974e-02   1.7577932e-01  -1.3725861e-01   1.3812652e-01  -2.5243676e-01  -1.5670133e-01  -1.4368682e-01   2.3908743e-01  -1.5557020e-01   6.8137005e-02   2.0175609e-01  -8.8666685e-02  -2.4093369e-01   1.9593292e-01   3.8328229e-01   1.6362690e-01   2.4473107e-01   2.1746079e-01  -2.6838367e-01   2.1298966e-01  -1.4051335e-01  -2.4825970e-01   3.4922361e-02  -3.6488655e-02   3.2160326e-01  -2.7276052e-01  -1.0414816e-01   1.8288712e-01   1.8299218e-01  -9.9959960e-02  -2.1021208e-01   3.4071026e-02  -1.6441793e-01   1.0706656e-02  -2.8755059e-01   1.0331068e-01   2.3144975e-01   5.4219142e-01   2.8558771e-02   1.1145548e-01  -1.2311121e-01  -1.6624655e-02   3.5547925e-01  -5.0985168e-02  -4.2935626e-02   3.7040549e-01  -9.9063841e-02   3.2784877e-02  -2.4558081e-01   3.1394167e-01  -2.0297342e-01  -2.4992452e-01   4.0868990e-02   6.5234614e-01   3.5836537e-01  -1.7810625e-01  -8.1652308e-02   1.3045807e-01   4.0860585e-02  -9.4335148e-02  -2.6503552e-01   3.5767382e-02  -1.0859410e-01   2.1101287e-01  -1.2229729e-01   5.8609561e-01   6.3856564e-02   3.3414848e-01  -1.0400658e-02  -3.3610710e-01   4.3582017e-01   1.7083289e-02  -1.8922963e-01   9.9107837e-02  -1.5011441e-02  -1.6204389e-01  -3.6362928e-01  -3.2856174e-01  -1.4017186e-01  -3.8415109e-01  -1.2188111e-01   2.1599849e-01  -2.2909860e-01   9.2483774e-02   1.0229818e-01   7.9794990e-02  -1.9294896e-01   6.9419611e-02  -2.7314624e-01  -1.3509858e-01   4.5003987e-01  -1.0725565e-01   2.6690193e-01  -2.6433872e-01  -6.1286455e-03  -2.1126224e-01   5.4890138e-01   2.6758687e-01   1.2974168e-01  -4.1160727e-01  -8.7732609e-02  -2.7807238e-01   3.2484643e-01  -1.5055149e-01   1.9281468e-01   9.2352397e-02   1.1790418e-01   1.8427890e-02  -2.4410042e-01   8.1594855e-02  -1.1569773e-01   2.2485608e-01  -3.1367345e-01  -2.5523649e-01  -1.8760332e-01  -2.5120686e-01   1.7652140e-02  -3.6753251e-01  -1.1671462e-01  -4.1902345e-01  -2.7423080e-01   1.0434972e-01   1.5730399e-02  -7.0595576e-02   1.4177729e-01  -2.0928451e-01  -1.6745674e-01  -2.8849161e-01   5.8349518e-02   4.4460996e-01  -2.5427322e-01  -1.5535630e-01  -1.6828306e-01   1.8120928e-01  -2.2595360e-01   3.3441220e-01  -2.0136074e-01   3.6377652e-01  -2.6742952e-01  -1.0272994e-01   2.6715125e-01  -1.0114541e-01  -1.3510416e-03  -1.3472011e-01   6.2601061e-01   2.9255563e-01  -1.5457340e-01   1.0128894e-01  -1.3136908e-01   7.3224725e-02   2.7616523e-01   1.4960200e-02
  -6.5870465e-02  -2.0628855e-01   1.0871767e-01   2.3120061e-01  -6.3609478e-02   0.0000000e+00   3.1927679e-01   2.0065766e-01  -2.7743019e-01  -4.3425176e-02   3.2777263e-01   4.6248376e-03  -6.1604578e-02   7.5131683e-02   8.2292742e-02   3.9619766e-02   1.5916266e-02   2.4299116e-01   1.2721397e-01  -6.8045435e-02   1.1163040e-01   2.5170087e-01  -4.5648336e-02  -1.8907526e-01  -2.9336823e-02   1.1779487e-02   4.1723928e-01  -5.3013813e-02  -1.7382050e-01   4.7247529e-01  -1.2836358e-01   4.2301386e-01  -1.5899457e-01   1.6200588e-01  -4.1858096e-02   3.0163528e-01  -3.9915536e-02   1.0682160e-01  -1.7099146e-02   8.5098835e-02   9.1718409e-02  -3.3353529e-02  -3.2127374e-02  -1.5333994e-04  -3.0388723e-01   3.0879706e-01   4.6377115e-01   1.1612663e-01   4.2228987e-02  -1.7355501e-02   3.1890941e-01  -2.4375766e-02   7.1137068e-02  -3.5364844e-02  -1.3835259e-01   4.6035452e-02   2.1505314e-01   1.6399259e-01   1.6941381e-01   3.4236707e-01  -4.8324651e-02   2.1233458e-02  -2.7302942e-01   8.8021577e-04  -2.8793816e-01   3.2876504e-01   5.9102926e-01  -1.8033888e-01   3.6640338e-01   4.4978440e-01  -2.7916645e-01   1.6850810e-02  -5.7609664e-02   3.3175920e-01  -2.8591216e-01  -1.5875764e-01   2.0710663e-01   1.0763438e-01  -2.1841999e-01  -1.0447864e-01  -1.0270191e-01  -1.0336709e-01   6.2169489e-03   2.1693365e-01  -1.4181746e-02   5.2660816e-02  -7.9268790e-02  -1.5065324e-01   8.5456108e-02  -2.5783210e-01  -2.4057304e-01  -7.9505472e-03  -1.9382497e-01   2.7979269e-01   1.5166242e-01  -1.0335964e-02  -6.3654645e-02   2.8097466e-01   2.2705122e-03  -2.8769680e-01  -1.3462854e-01   1.3721153e-01   1.1492486e-01   1.6996976e-01   3.8385679e-01   1.9687348e-01  -1.6477443e-01   4.4072075e-01  -6.4531207e-02   2.1958949e-01  -1.9256980e-01   5.0449783e-01   3.3260105e-02  -8.4177988e-03  -2.1997516e-01  -4.1285774e-01   4.0871877e-02  -2.6603392e-02   9.4733639e-02   2.4501121e-01  -9.0883714e-02  -9.2410435e-02  -1.5645784e-02  -1.7371449e-03   1.2688973e-01  -2.3886362e-02   2.7933183e-01  -2.7934805e-01   2.6601885e-01   2.1251426e-01  -4.2562383e-02  -5.6158550e-02   4.0279086e-02   1.8560533e-01   2.7391680e-02   4.0788695e-02  -7.1822955e-02   1.1117423e-01   8.0183106e-02  -1.4694956e-01  -1.4379553e-01  -4.8539570e-04   3.8408744e-01   4.3029598e-01   1.4779302e-01   2.0977634e-01  -6.8406029e-02   1.8723006e-01   3.1621945e-01  -2.0565824e-01  -6.1139693e-04   1.4373178e-01   1.2634523e-02  -7.2840890e-02   8.7225718e-02  -2.4324206e-01   1.2388012e-01   2.7726518e-01   6.6276898e-03  -5.3455644e-02  -2.7093808e-01   3.4650319e-01   1.6516054e-01   3.2164273e-01   3.6601508e-01  -3.7009261e-01   2.8860015e-01   3.1687386e-01   6.6446329e-02  -1.6196362e-01  -1.2019059e-01   1.7852974e-01  -9.6040657e-02   5.6178410e-01  -5.5898851e-02  -1.4999782e-01   2.2668133e-01
   4.3244551e-02  -2.7709851e-01  -1.7236680e-01   1.7139026e-01  -2.7702512e-01   3.1927679e-01   0.0000000e+00  -6.1135061e-03  -3.4321320e-01   1.2078674e-01   2.6953259e-01   4.0197034e-02   3.5107252e-02   1.1739380e-01   2.9827654e-01   1.2027157e-01  -3.6044187e-01   3.6895971e-01   5.3171074e-02  -2.9102126e-01   5.4214119e-01   7.0105881e-02   5.0862158e-01  -1.9795726e-01  -2.4545364e-01  -6.2959629e-02  -8.5391242e-02  -5.6902581e-02  -1.9251358e-01   3.5901208e-01   1.0422735e-02   2.7948250e-01  -9.1813739e-02   6.3176688e-01   2.4296070e-01   4.0945431e-01   1.2395931e-01   4.1518329e-01   4.1794067e-02  -3.9729309e-01  -1.0191339e-05   1.0355971e-01  -1.4100467e-01   1.0567504e-01   1.4830589e-01   1.2697085e-01   3.3727071e-01   4.4380286e-01   4.1485682e-02  -4.0864311e-01   5.1090724e-01  -8.6999732e-02   3.5495508e-01  -5.8607412e-02  -1.9429823e-01   1.3887918e-01  -5.3044366e-02   3.0497711e-02  -2.3022620e-02   2.4802566e-01  -1.8399624e-01   3.4162387e-02  -5.6605725e-01   1.6329510e-01  -4.2966282e-01   5.2335071e-01   1.5283092e-01  -3.7362501e-01   1.7379956e-01   1.2597311e-01  -1.9105963e-01  -2.5903145e-01   1.0401085e-01   1.0725199e-01  -2.8678785e-01   6.8474836e-02   1.5778483e-01  -6.4390750e-02  -3.5397054e-01  -4.0654634e-01   1.8335602e-01   1.0939697e-01   2.5354756e-01  -5.6834713e-02  -1.4659485e-02   1.4757636e-01  -2.9668757e-02  -1.0732646e-01   5.5371312e-02  -2.2729232e-01  -5.2376115e-01  -2.5015953e-01  -2.2820758e-01   2.6085571e-01   2.9875662e-01  -5.6567580e-01  -2.4586943e-01   1.8512273e-01  -1.6052834e-01   2.6474713e-01  -5.3367885e-02   3.7625850e-01   2.6786972e-01  -9.7548043e-02   4.0354973e-01   1.3650592e-01  -3.0668392e-01   2.4582325e-01   1.7304769e-01   2.1705403e-01   1.2425521e-01   2.4141921e-01  -1.0697100e-01   2.8866108e-02  -1.2012553e-01  -3.8242827e-01  -2.2544902e-01   2.1135067e-01   1.9557365e-01   1.9336054e-01  -9.5626392e-02  -3.4282425e-01   1.3100638e-01   2.5601077e-01   2.1243791e-01  -7.7292122e-02   5.8340770e-01  -4.2645302e-01   2.5586082e-02  -1.0596187e-01  -2.2743410e-02   4.6820824e-01  -7.9605567e-02   4.3466718e-01  -1.1326622e-02   1.8101631e-02  -2.3197661e-01   3.6102375e-01   1.4776847e-01  -6.0547456e-02  -2.0400785e-01  -3.4398545e-01   1.9158798e-01   2.9742183e-01   6.9561477e-01   4.9182800e-01   1.7634243e-01   7.8006716e-02   4.4505594e-01   1.3607608e-01  -2.9081801e-02   1.1049548e-01  -2.4904498e-02   8.7940391e-02  -3.2188442e-01  -9.0302803e-02   6.2025427e-02   2.2427023e-01  -2.6151429e-01   1.6034014e-01  -3.3834686e-01   1.0452530e-01   3.0896027e-03   1.9057906e-01   7.1151503e-02  -6.1041705e-02   4.1795717e-01  -2.2689495e-02  -1.3738336e-01  -3.2673152e-01  -8.1536329e-03   2.2600956e-01  -3.5813256e-01   2.6437013e-01  -1.9388266e-01  -2.9102478e-01   2.9311742e-02
   2.8182332e-01  -1.3846543e-01  -3.6815521e-01   3.4454679e-01  -1.7669062e-01   2.0065766e-01  -6.1135061e-03   0.0000000e+00   7.8975989e-02  -5.5813086e-02   5.1722628e-01  -3.6410961e-01  -9.1393590e-02   2.4974883e-01   6.9209462e-02   9.1836769e-02  -2.6855654e-01   8.2538631e-02   1.6395451e-01  -3.3493487e-01   1.3594025e-01   5.0294292e-02  -1.1326851e-02   3.1385877e-01   1.0995149e-01   5.1670687e-01  -2.4486900e-02   2.4257136e-01  -2.0335959e-01   2.0548576e-02  -1.3467917e-01   2.9267657e-01   7.6022073e-02   1.7101353e-02  -2.3639732e-01  -6.5207236e-02   1.8672591e-01   1.4800634e-01   2.1143441e-01  -1.6477654e-01   1.4292659e-01  -7.5998762e-02  -3.8195578e-01   5.4471620e-01  -7.6712159e-02   1.2607730e-01   3.5938956e-01   1.5657819e-01   5.1946523e-02  -2.8772529e-01   2.2008064e-01   4.4355213e-01  -1.4396205e-01  -1.2212909e-01   1.0871394e-01   3.0527908e-01   2.9877598e-01   1.5669458e-01   3.0835386e-01   1.5405335e-01   9.3921808e-02  -1.0691121e-01  -9.6957848e-02   1.9361349e-01  -1.2938911e-02   5.0968359e-02   1.6418648e-01  -2.4647037e-01   2.9315682e-01  -9.4711093e-02  -1.1181539e-01   1.9273471e-02   1.3946001e-01   1.5700474e-01  -2.0734685e-01  -2.9043297e-02   2.1932386e-01   2.1455059e-01  -3.5180913e-01   3.6306138e-02   2.3758680e-01   7.6204432e-03   1.9723653e-02   4.3073139e-01   3.0072559e-02   2.4620713e-01  -4.6128697e-02   2.6275161e-01   1.9254266e-01   3.0057458e-01  -1.8638996e-01  -7.2168679e-02  -2.1844911e-01   1.8816131e-01   2.7909203e-01  -1.5780515e-01  -9.1040350e-02   3.8250858e-01  -8.2814997e-02  -1.3473454e-01   1.8870793e-01   3.8432127e-01   2.2515894e-01  -8.9231717e-03   2.0718434e-01   8.9223432e-02  -1.3059701e-01   4.7959507e-01   1.4892952e-02   7.2833216e-02  -2.2380111e-01   1.3327944e-01  -1.8430878e-02   2.9894230e-01   2.6845941e-01  -2.5549070e-01   8.3805259e-02   1.2662134e-01   2.9113197e-01   3.1306507e-01   8.0185108e-02  -2.9321999e-01   7.9743537e-02   3.4196042e-02   3.4394602e-01   5.9523711e-02   7.4062294e-02  -1.5053529e-01   2.2248688e-01  -1.1589948e-01  -1.9854357e-02  -1.7775711e-02  -1.4281637e-01   9.9355301e-02   1.3618305e-01   3.3591733e-01  -5.4096191e-02   2.0820465e-01   3.5186455e-01   4.1863465e-02   3.3848389e-01  -3.4475944e-01   5.4755821e-01  -5.8936710e-02   1.0348122e-01   6.1762009e-02  -1.7775137e-01   1.8488664e-01   8.2350255e-02   3.7869550e-02   3.2714224e-01   3.9820611e-01   1.0621721e-01   1.7150757e-01  -2.5390878e-01   2.0625542e-01   1.9321482e-01   5.1394541e-01   5.8636564e-02   3.9876079e-01  -2.6195058e-01   5.1358214e-01  -7.5775195e-02   1.0315058e-01   1.5487153e-01  -3.8860934e-01   2.1570976e-01   2.6323325e-01   2.0489091e-02  -1.3355891e-01  -1.2527347e-01   1.5792106e-01  -2.0063581e-01   8.7316286e-02   1.0755291e-02  -8.0257027e-02   1.4070015e-01
  -2.9361982e-02   4.3488637e-01   1.2082316e-01   9.0244508e-02   3.6941358e-01  -2.7743019e-01  -3.4321320e-01   7.8975989e-02   0.0000000e+00  -8.7605259e-02  -3.3859903e-01   9.7433005e-02  -1.5949526e-01  -2.1796375e-02  -2.8541930e-01  -2.3329616e-01   2.0982204e-01  -2.0981985e-01   1.6779487e-01   2.8410927e-01  -1.5926544e-01   8.0724140e-02   1.8578896e-02   1.9926254e-01   1.5374030e-01   2.1106683e-01   5.6739196e-02   5.7077477e-02   1.5827027e-01  -2.6285650e-01   2.2308613e-01  -4.0765522e-02   1.3540820e-01  -2.6601387e-01  -7.3646127e-03  -2.0637648e-01   3.0477665e-02  -1.4368696e-01  -3.7634911e-02   2.5999346e-01  -5.1543040e-02  -4.9549562e-03   2.2396200e-01  -1.0093540e-01   1.1971505e-01  -2.5167675e-01  -5.1333242e-01   1.2686093e-02   8.8216438e-02   6.3202619e-02  -3.7028956e-01   1.9411853e-01   3.0328434e-02   8.1408751e-02   2.1862698e-01  -2.7379573e-01   2.2689701e-02   1.1270823e-01  -6.1052234e-02  -4.2561987e-02   1.0807882e-01   3.2542920e-02   5.0767864e-01   1.5360341e-01   4.6039571e-01  -4.0596823e-01  -2.0085208e-01   6.4547109e-02  -3.1548685e-01  -1.4671007e-01   4.6315189e-01  -1.1676693e-01  -1.1637780e-01  -2.8404103e-01   1.3634269e-01   4.9466354e-02  -3.1646425e-01   1.1138488e-01   1.8501820e-01   1.9898899e-01   7.0186521e-03  -2.4874313e-01   3.5857541e-02  -3.7418990e-02   2.0813773e-02   1.4755045e-01   3.3366075e-01   2.0496851e-01   2.1762191e-01   1.4854196e-01   4.1978214e-01   6.9139654e-02   1.3213805e-01   1.8714085e-01  -2.1043891e-01   1.1914089e-01  -1.1936487e-01   6.2723638e-02   5.8996902e-02  -4.0355079e-03   1.0680117e-02  -2.8058667e-01  -9.5310247e-02   2.8159836e-01  -3.8347249e-01   2.0419738e-01   3.5288780e-01  -1.5359231e-01  -7.6875685e-02  -2.4248502e-01  -4.8461433e-02  -2.0895285e-01   1.0901250e-01  -9.6444502e-02   4.9400299e-02   4.0349697e-01   8.5649898e-02  -1.6039872e-02  -1.7664148e-01   6.2181826e-02  -5.9061848e-02   2.5468084e-01   1.5037413e-01   1.7157965e-01  -2.6268297e-01   6.8751088e-03  -2.8357412e-01   2.2556662e-01   6.8958733e-02   2.0176468e-01  -2.2338056e-01  -2.6430029e-02   6.1710579e-02  -5.0999329e-02   3.8126822e-01   6.1309933e-02   1.8629758e-01  -2.3854080e-01   1.1235602e-01   1.6143874e-01   1.3002310e-01  -5.8102611e-02  -3.0955581e-01  -2.4120431e-01  -1.6501171e-01  -1.4289795e-01   1.9194768e-01  -1.4768763e-01  -4.2938369e-01   2.6872594e-01  -8.8150746e-02  -5.3409610e-02  -1.1557436e-01  -3.9562092e-02   2.0638080e-01   1.0345054e-01  -5.2786360e-02  -1.9801672e-01   6.2923007e-02   8.8866344e-02   3.4564305e-02  -2.6520774e-01  -5.3314520e-02  -1.5835803e-01   1.4739281e-01   1.9892107e-01  -2.8616314e-01   5.5488959e-02  -1.2435087e-01   3.7084376e-01  -4.2181377e-03  -1.2294194e-01   1.5828674e-02  -2.2289486e-01   1.3369988e-01   1.5799249e-01   1.8621300e-01
  -2.9596504e-01   1.6021863e-01  -8.1486360e-03   8.7338206e-02   1.8025588e-01  -4.3425176e-02   1.2078674e-01  -5.5813086e-02  -8.7605259e-02   0.0000000e+00   1.5656383e-01   4.9782906e-02   1.7697579e-01  -5.3495175e-01  -2.5733087e-01   1.0780547e-02  -3.7979944e-02   3.6638829e-02  -2.9560222e-01   3.1819383e-01   1.5728654e-01  -1.4204187e-01   5.8587395e-01  -1.7910352e-01  -5.2015560e-02  -2.3386058e-02  -9.4305401e-03  -1.9538424e-01   3.8095185e-02  -1.1527808e-01  -2.5804458e-01  -5.8929301e-02  -2.5656664e-01   5.2485613e-01  -1.7291146e-01   5.2818442e-01   2.6269821e-01   9.4224482e-02  -2.2814028e-02   3.9774731e-02   1.4688192e-01   2.4456259e-02   3.4815417e-02  -1.9424196e-01   3.5441581e-01   1.0906082e-01   6.1411863e-02   1.7225664e-01  -2.9652892e-01  -1.5602697e-01   9.0523558e-02  -1.5775655e-01   2.6559919e-01  -1.2682660e-01  -3.6615869e-01  -2.5662753e-01  -1.3225952e-02  -6.4817319e-02   7.0110364e-02  -3.2664550e-01  -1.1376020e-01   1.1668243e-01   1.6968373e-02  -1.0303894e-01  -2.2891003e-01   4.9611042e-01  -1.3653208e-02  -1.5543082e-01   1.3350505e-01   1.0304052e-01   1.2774634e-01  -2.9026516e-02   2.2863237e-02  -3.2947072e-01  -2.2702218e-01  -1.8971544e-01  -8.8958282e-03  -1.3380980e-03   1.7085871e-01  -3.7447570e-02  -1.0953456e-01   7.9097987e-02   2.8587889e-03   1.0928202e-01  -3.6312374e-01  -1.9276149e-01  -4.2092217e-01  -2.9508486e-01   1.4668552e-01  -2.1398951e-01  -1.9662637e-01  -2.1540862e-01   2.9436601e-01  -9.2939283e-02  -6.4935979e-02   9.3801591e-02  -1.9783581e-01  -1.6677099e-02  -2.8496751e-01   6.8686413e-01  -4.0928046e-01  -4.9261097e-03  -8.4423730e-02  -1.8258115e-01  -2.1802981e-02  -1.6407269e-01  -1.5542489e-01   1.0054668e-01   5.1777736e-01   2.0368811e-01   3.7486476e-01  -1.4308343e-01   6.2441602e-02  -3.4369292e-01  -2.1590315e-01   1.3775679e-02  -2.3834003e-02   2.2633843e-01  -3.7465038e-01   1.5506961e-01  -1.1554093e-01   7.1314779e-02   1.8581641e-01  -2.9211595e-01  -1.2733404e-02  -2.1991641e-01  -1.1208126e-01  -2.0216199e-01  -1.0269282e-01   1.9748939e-01  -7.4039718e-02   4.2260203e-01  -4.2219214e-01  -5.4002447e-02   1.5116880e-01  -1.4427238e-01  -8.0840039e-02  -2.0853014e-01  -5.9732711e-02  -1.6401782e-01  -2.4009238e-01  -1.6755299e-01   8.2795545e-02  -1.4006131e-01   1.3166710e-01  -2.0756736e-01   3.5876863e-01   6.3383534e-02   3.7182382e-01   4.0502104e-01  -3.0977837e-01   1.2120779e-01  -2.9217647e-01   2.2921246e-01   8.7334954e-02  -1.1271669e-01  -2.6464983e-01   2.0147672e-01  -2.3019583e-01  -8.1923727e-02  -5.2357927e-02   3.5142570e-02   6.2245152e-01   1.2704334e-02  -1.6303759e-01   1.7708290e-01   2.5659508e-01  -5.8932259e-02  -3.3635378e-01   6.8023900e-02   2.3147438e-01  -8.2668570e-02  -1.3772627e-01  -1.9184790e-01  -2.4012073e-01  -2.2180385e-02   4.0143064e-03
  -1.8786850e-02  -3.7034337e-01  -4.5157871e-01   4.1723524e-01  -2.4124266e-01   3.2777263e-01   2.6953259e-01   5.1722628e-01  -3.3859903e-01   1.5656383e-01   0.0000000e+00  -4.4349854e-01   1.9110581e-01   1.4288914e-01   5.7991544e-02   2.5566105e-01  -5.3599602e-01   5.0788585e-01  -3.7626406e-02  -4.3258958e-01   3.1922144e-01  -2.7027149e-02   5.8577762e-02  -5.4811275e-02   1.4868430e-01   1.6440108e-01   1.5327902e-01   9.6594003e-02  -1.9710422e-01   2.7632632e-01  -2.3791848e-01   2.2621085e-01  -3.9424958e-02   3.1137740e-01  -2.8619972e-01   2.0326281e-01   1.4450604e-01   3.1325473e-01   2.1041138e-01  -3.3607063e-01   3.2624461e-01   4.2274017e-02  -4.7055126e-01   4.2050731e-01  -6.1147782e-02   3.2640055e-01   7.9928439e-01   2.4021491e-01   4.3617327e-02  -3.6766985e-01   5.9255678e-01   4.3943156e-02   1.1706943e-02  -2.8816329e-01  -4.1224790e-01   3.3228072e-01   1.1140966e-01   1.2512570e-01   4.2950054e-01   1.6126034e-01  -1.0660793e-01  -3.5747304e-02  -3.5321089e-01   1.2790573e-01  -2.7959532e-01   5.4927999e-01   2.2406426e-01  -2.4689850e-01   6.7937409e-01   5.8963230e-02  -3.8857399e-01   1.7854410e-01   2.1686759e-01   1.2942449e-01  -3.2868359e-01  -2.5617225e-01   4.7543797e-01   2.0018950e-01  -4.0524031e-01   4.1182633e-02  -7.2189153e-02   7.2393497e-03  -1.0312555e-01   3.9373613e-01  -2.3724019e-01  -3.3237402e-02  -2.5156541e-01  -1.7148977e-01   6.6519705e-02  -3.1461908e-02  -4.1849656e-01  -1.5623318e-01  -3.2391410e-01   1.0091765e-01   4.0713310e-01  -2.5462240e-01   5.7742388e-03   2.3690407e-01  -7.9286200e-03  -3.3797486e-02  -1.3976699e-01   4.8339239e-01   1.5142768e-01  -1.1730998e-01   6.0966107e-01  -5.1080445e-02  -3.3858081e-01   5.5095330e-01   1.2518412e-01   4.2155139e-01  -1.1680071e-01   2.7678991e-01   1.3595658e-01   2.2787783e-02  -9.4261466e-02  -4.6369355e-01   6.8989537e-02   1.8939803e-01   1.8943748e-01   3.4899171e-01   1.2805751e-01  -4.6052445e-01  -1.4781857e-03   6.9010901e-02   3.2915659e-01  -1.1952936e-02   3.7622245e-01  -3.2056136e-01   2.3767637e-01  -2.0681608e-01   1.5604508e-01   2.2034290e-01  -3.6771150e-01   1.8211151e-01   1.2051243e-01   2.9674336e-02  -1.3854719e-01   2.4009519e-01   3.0335723e-01  -8.9340510e-02  -1.5095155e-02  -3.0467069e-01   7.5679904e-01   1.1104821e-01   2.5921687e-01   3.0699299e-01  -3.2793717e-01   3.4163120e-01   4.7272712e-01   1.8117224e-03   6.2669590e-02   2.6612211e-01   9.5646134e-02   2.9368859e-01  -4.0978403e-01  -2.4031816e-03   1.0924718e-01   6.0004134e-01  -7.1320485e-02   9.0439849e-02  -1.7770949e-01   6.9439582e-01   2.1158144e-01   3.3320681e-01  -9.2198379e-03  -4.8301531e-01   5.5417910e-01   2.6841566e-01  -5.9191698e-02  -3.8532579e-01  -1.8473025e-01   2.0155598e-01  -8.6134281e-02   2.8247501e-01  -1.8877981e-01  -1.4664394e-01  -2.4933049e-02
   2.0351027e-02   2.5684324e-01   6.6136156e-01  -2.2617678e-01   8.5070212e-02   4.6248376e-03   4.0197034e-02  -3.6410961e-01   9.7433005e-02   4.9782906e-02  -4.4349854e-01   0.0000000e+00  -2.1885027e-01  -1.3994751e-01   7.9389854e-02  -2.8154226e-01   5.0213487e-01  -3.7451106e-01   5.3218729e-03   5.1558993e-01  -4.6023443e-01   4.2892584e-03   1.0792018e-01   1.2125849e-01  -4.8412440e-02  -1.5521794e-01  -3.9381802e-02  -8.7393012e-02   3.1541267e-01  -2.3880194e-01  -5.5733295e-02  -2.0128370e-01  -1.3082431e-01   9.6001231e-02   1.4609004e-01   1.8136736e-01  -2.0548642e-01  -1.3342305e-01  -4.4489370e-01   3.0281016e-01  -2.3554070e-01  -1.2719700e-01   5.7690325e-01  -3.3483796e-01   6.4436499e-02   4.9332526e-02  -3.5114464e-01  -2.8686596e-01  -3.2271971e-01   1.8883746e-01  -3.4521210e-01   4.1767318e-02   1.3226230e-01   2.9202224e-01   1.6175444e-01  -1.7316388e-01  -1.3341239e-01  -1.7655019e-01  -4.2257877e-01   4.0273367e-02   1.1303736e-01   4.8862983e-02   2.9099825e-01  -2.9852905e-01  -1.6225867e-01  -2.5293910e-01  -1.4378056e-01   3.5114184e-03  -3.1953895e-01   3.1073714e-01   1.1242954e-01  -6.4559991e-02  -3.6413580e-01   3.2430142e-02   1.9376783e-01   9.3357299e-02  -1.3630487e-01  -1.4248760e-01   2.6841033e-01  -2.8250239e-01   5.8077975e-02  -1.7634052e-01   1.1390447e-02  -1.2745913e-01   3.0718392e-01   1.4265532e-01  -2.5620635e-02   1.5153775e-01   5.3710375e-02   3.8825258e-02  -4.5103728e-03   1.4538496e-01   5.1889734e-01   5.7162032e-02  -1.2709845e-01   2.9487423e-01  -1.0749066e-01  -1.0491644e-01   3.0277030e-02   6.1674418e-02   6.3814809e-02  -7.2758719e-02  -1.2635064e-01  -3.8844250e-02  -3.5635216e-01   2.6962689e-02   2.8278942e-01  -3.4449326e-01   1.0628211e-02  -1.5812271e-01   3.9242198e-01  -2.1340093e-01  -1.1338965e-02   3.3862596e-02   1.0084359e-01  -8.2830175e-02   9.4013753e-02  -2.0552743e-01  -7.4345764e-02  -1.3711622e-01  -1.5738850e-01   2.9806663e-01   1.1720029e-01  -3.3882425e-01  -9.8551439e-02   1.8266477e-01  -2.8594591e-01   6.8680952e-02  -7.0477488e-02   3.2996398e-01  -3.7364862e-01  -1.6764540e-01   2.4064756e-01  -3.1877412e-01   1.2042557e-01  -2.5442020e-02   1.7503951e-01  -2.1102334e-01   2.3978566e-03   6.1050829e-02   1.4305588e-02   8.5068122e-02  -3.6766904e-01   1.1958294e-01   2.0640669e-02  -4.4203058e-01   4.8332175e-01  -3.5563906e-01   8.3336428e-02  -2.8713541e-01  -7.1289132e-03  -3.3948072e-02  -7.2435391e-02  -2.0708097e-01   5.3388477e-01   1.1564062e-01  -3.5429665e-02  -4.1731738e-01   3.5860704e-02  -1.3701089e-01  -8.0326445e-02  -3.0099347e-01  -5.2263592e-02  -1.9661919e-01   1.0352858e-01   3.2714766e-01  -1.9892290e-01   1.2449972e-02   1.0542799e-01   2.0498598e-01   4.3327571e-01  -1.6157166e-01   5.4170369e-02   1.5596417e-02   1.3972188e-01   6.5356204e-02  -4.5912806e-02
  -8.4743164e-02   4.2662324e-02  -1.4539555e-01   2.7542087e-01   1.0323134e-01  -6.1604578e-02   3.5107252e-02  -9.1393590e-02  -1.5949526e-01   1.7697579e-01   1.9110581e-01  -2.1885027e-01   0.0000000e+00  -1.8061781e-01  -2.2199199e-01   2.0170927e-01  -1.4830477e-01   3.0306400e-01   2.1493551e-02  -1.7565914e-01   2.1449082e-01  -1.4300885e-01   9.7020430e-02  -1.5833665e-01  -1.7559425e-02   5.9804020e-02  -7.2562926e-02   1.6858910e-01   3.6513691e-02  -1.7666712e-02  -1.9854342e-01   7.0825627e-02   4.9654097e-02   1.9444706e-01   3.2603084e-02   8.9335332e-02  -1.1397577e-01   1.9712857e-01   9.4090813e-02  -3.2756707e-02   6.5059897e-01   1.9921864e-01  -1.7932765e-01   8.8280066e-02   1.1719969e-01   6.1911878e-02   1.7737896e-01   1.7966049e-01  -6.6137619e-02  -4.3917501e-02   3.2978806e-01  -4.6027526e-02   6.3853151e-02  -7.4469425e-02  -1.1739809e-01   1.4440017e-01   2.9068971e-02   4.7617798e-02   3.6668396e-01  -1.4603318e-01   1.0164683e-02   1.0190857e-01  -7.5298831e-02  -4.3670938e-02  -2.8880011e-01   2.4262680e-01  -3.6100682e-03  -7.0213918e-02   2.7935950e-01  -4.3078988e-02   8.8012013e-02  -2.3016814e-01   4.2419103e-01  -7.2190459e-02  -4.7324810e-02  -2.6299141e-01   1.6492855e-01   2.0423033e-01  -1.6000525e-01   2.8583432e-01   1.5145743e-02   3.5046732e-01   1.3498303e-01   1.2932809e-01  -1.3417560e-01  -2.6998271e-01  -2.5470743e-01  -1.2214928e-01   2.2899237e-01  -1.1445455e-01  -1.4500051e-01  -1.2687691e-01   5.1326345e-02  -7.2811950e-02   7.8728508e-02  -1.3156184e-01  -1.6837121e-01   4.1908537e-02  -1.6831142e-01   1.3821268e-01  -8.2402068e-02   2.0153660e-03  -2.3486380e-02  -3.9703318e-01   1.4454453e-01  -3.3800580e-02  -1.1655567e-01   6.2654177e-02   1.2034958e-02   3.6426583e-01   1.5379373e-01  -3.1636144e-02  -1.2287742e-01  -1.3297201e-01  -2.2782385e-02  -9.6335131e-02   4.8440837e-02   6.4011385e-01   4.7935712e-02   1.7839213e-01   1.3325141e-01  -7.5995684e-02   4.1448021e-01   7.9531603e-02   2.0421997e-02   1.4155543e-01   1.6326186e-01   3.9622217e-02   1.4874382e-01  -3.5530053e-02   5.0914267e-01   1.7216957e-01  -1.6529083e-01  -2.6600146e-02   8.2638042e-02  -1.7799811e-01   8.6785443e-02   2.5036295e-01  -6.4583152e-02  -1.1479285e-01  -1.6631046e-01   1.3112681e-01   1.2135352e-02   1.2787464e-01  -3.0048022e-03  -4.5857651e-02  -2.0075256e-02  -8.1369685e-02   1.5833386e-01  -3.0261655e-03  -1.9330838e-02   2.1407217e-01  -1.7893049e-01   5.2694277e-02  -6.0386455e-02  -9.6857306e-02  -1.3298802e-01   4.2269807e-01   2.5796765e-02  -4.8091519e-02  -2.9759935e-02   8.3588645e-02   3.6838276e-01   1.6235356e-01  -1.5860221e-01   2.3911392e-02   7.3198007e-02   7.5208725e-02  -1.8071469e-01   1.0003279e-01  -2.0894422e-01   2.5934738e-01  -2.5319373e-01  -5.9154782e-02  -2.6093276e-01   4.2528553e-02   8.5495053e-02
   5.0456858e-01  -3.9449844e-01  -1.8738377e-01  -9.3493535e-02  -3.0393130e-01   7.5131683e-02   1.1739380e-01   2.4974883e-01  -2.1796375e-02  -5.3495175e-01   1.4288914e-01  -1.3994751e-01  -1.8061781e-01   0.0000000e+00   4.3587362e-01   2.5690831e-02  -2.8385539e-01   1.4671058e-01   1.1434662e-01  -3.1741856e-01   7.2879283e-02   2.1018785e-02  -2.0519756e-01   4.1161501e-01  -2.9525533e-03   1.3865250e-01  -1.5868897e-02   1.5709859e-01  -1.6167271e-01   9.4490580e-02   1.1959881e-01   5.0130822e-02   6.5420015e-02  -1.6647117e-01   1.5071630e-01  -1.9175772e-01  -8.3122690e-02   1.6512063e-01  -4.9539097e-02  -3.3231819e-01  -7.7101738e-02  -6.6254021e-02  -2.7384070e-01   2.9041148e-01  -1.5129138e-01   2.7127792e-02   1.3239007e-01  -6.9631394e-02   1.3379971e-01  -1.8461679e-01   8.4723568e-02   2.6388101e-01  -2.0064788e-01   6.5275682e-02   3.5906695e-01   4.0577456e-01   1.4789206e-02  -6.8610813e-02   2.2006979e-02   4.7343981e-01  -1.2707422e-01  -1.6399842e-01  -3.5057666e-01   1.6029539e-01   4.6317060e-02  -2.6649387e-02   1.2199338e-01  -1.1002549e-01   5.3705428e-04  -8.7470973e-02  -2.8640379e-01   1.3371053e-02  -3.7261786e-02   4.2143085e-01  -9.6427921e-02   1.5699729e-01   1.7526862e-01  -5.3857560e-02  -3.0378564e-01  -1.7185662e-01   2.1258615e-01  -6.7558334e-02  -4.0282724e-02  -1.4176438e-01   3.9361947e-01   4.6492525e-01   3.4461807e-01   4.5299763e-01  -8.0986168e-02   4.3498628e-01  -7.3938839e-02   5.1562683e-02  -4.3374055e-01   3.0387638e-01   2.6776550e-01  -2.7158951e-01   7.5530199e-03   1.8855118e-01   8.5262073e-02  -4.0146753e-01   4.7872005e-01   3.1993766e-01   1.8386222e-02   1.7744581e-01   2.2970249e-01   1.6128960e-01   2.3030713e-02   1.0678720e-01  -3.1913508e-01  -1.5521977e-01  -3.3502498e-01   4.5616416e-02  -1.9123168e-01   6.3859390e-01   3.0395823e-01  -1.4595353e-01  -1.6212106e-01  -1.3854413e-01   4.4275701e-01   2.8337321e-02   3.0907363e-01  -1.7966644e-01  -1.7476768e-01   1.2004052e-01   2.2770423e-01   2.4500426e-01   3.0202419e-01  -8.5243572e-02   8.8899226e-03  -2.9331420e-01  -4.2629541e-02  -1.5137629e-01   1.4181958e-01   1.5003595e-01  -1.5984817e-01   2.4963656e-01  -5.7529290e-02   1.1066162e-01   1.4865625e-01   4.1896693e-01   4.9137176e-01  -1.4006938e-01   1.2326601e-01   4.5993910e-02   1.3706064e-01   2.3658348e-01  -2.9845064e-01   8.8721417e-02  -4.7356116e-02  -1.8832134e-01   5.0872029e-01  -1.4347231e-01   4.9996013e-01  -1.4332164e-02  -3.9040866e-01   1.9755337e-01   3.6234614e-01   2.7066289e-03   2.6940132e-02   5.9720930e-02  -1.5848528e-01   1.2007981e-01  -4.5479545e-01   9.9362814e-02   4.1255346e-02  -3.2132123e-01   3.2935297e-02   3.0980339e-02   3.5337640e-01  -3.7658644e-01  -1.7399863e-01   1.4783302e-01  -4.4765151e-02   2.6385223e-01   1.2774965e-01  -1.7752647e-01  -6.7579042e-02
