   0.0000000e+00  -2.4355801e-01  -2.3984991e-01  -2.8245162e-04  -8.9523886e-03  -3.3647258e-01  -1.5890255e-01  -1.1015266e-01  -1.8619885e-01   5.3662169e-03  -1.7301779e-01  -1.9679710e-01   5.7210710e-02   7.5994948e-01   2.1003209e-01   1.5462809e-01  -1.5063698e-01   1.3284552e-02   2.3139298e-02  -4.8769593e-02  -2.2249393e-01  -1.1259203e-01  -5.6642034e-02   7.2596548e-01  -2.5958563e-01  -1.6501935e-01  -6.3933513e-03   3.7128341e-01   1.2346115e-01  -2.5946636e-01  -6.4424021e-02   1.3770207e-03  -1.3171826e-02  -1.1405735e-01   1.2255885e-01   4.0455220e-02  -3.2421166e-02  -4.0526084e-02  -1.8404886e-03  -1.2676518e-01   1.8992338e-01  -1.0192858e-01  -2.0466839e-01   1.4353553e-01   1.2329748e-01   1.9885672e-03  -1.1302529e-01  -2.4920440e-01   2.5163264e-02  -1.0589014e-01  -1.2454242e-02  -1.4045567e-01  -5.6817118e-02  -1.1879205e-01   3.5387567e-01   2.6483912e-03  -2.2801079e-01  -1.7972252e-01  -6.2689613e-03  -1.0658930e-01   8.6417103e-02   1.8924199e-01  -1.8332486e-01   5.2053473e-02   6.9245382e-02   1.7042139e-02  -2.0048916e-01   8.2185088e-02  -5.3863420e-02  -2.1079410e-01  -2.0910716e-01   5.2448511e-02  -3.5838388e-02   6.9391859e-01   6.5754468e-02  -1.4466557e-01   6.6672477e-02   9.3154790e-02  -1.5680629e-01   4.1828410e-02   6.3966029e-01   1.5663105e-01  -1.1918798e-01   1.2455782e-01   2.4825174e-01   2.2303803e-01  -7.0835850e-04   6.2345365e-01  -4.9320085e-03   7.4763036e-01  -1.5179148e-02  -4.3729429e-02  -8.4807784e-02  -1.7009375e-02   5.5089565e-02   1.4122943e-01  -8.6407072e-02   1.5351869e-01   1.2705613e-01   1.2264754e-01   8.7972163e-02   5.9741023e-02  -1.1052969e-01  -1.0596091e-01  -6.4853604e-02  -1.0348348e-01  -2.3201182e-01   2.7937275e-02  -4.4115368e-02  -3.6639191e-01  -9.9429432e-02  -4.3994593e-02   8.6659799e-02   7.4928498e-01   6.1210766e-01  -1.4407896e-01  -8.8385456e-03   4.8947036e-02  -7.5992111e-02   9.7461715e-02   2.1387221e-01   1.6634740e-02  -1.6005755e-01   1.1563029e-02   4.9205625e-02   5.6022516e-01   3.4200286e-01  -1.7780714e-01  -1.7828947e-01  -1.9856450e-01   1.0034533e-01  -3.9568626e-02   1.7601644e-01  -8.3593191e-02  -1.1942344e-01  -1.4718281e-02   7.9212100e-03   2.1380998e-01  -8.4111293e-02   4.1443912e-01   5.9168407e-01  -3.8331861e-02  -2.0818504e-02  -2.8053055e-01   2.2698041e-01  -2.7962499e-01   3.3790059e-01   5.9052662e-02  -3.5472296e-01  -7.6934191e-02   4.8965517e-01   2.1388321e-01   2.5394653e-01   2.8975006e-02  -2.3439799e-01   5.9056336e-01  -6.1250162e-03   5.9110798e-03  -1.0652523e-01   1.9615696e-01   1.6960423e-01   1.9529566e-03  -1.2822788e-02  -5.2100913e-02   6.7839320e-02   2.1116899e-01   9.4138192e-02  -1.2520156e-01   3.4967818e-01  -3.6121328e-01   2.0812940e-02   7.4088735e-02   1.8335140e-01  -3.1382839e-01  -1.6191033e-01  -1.0639355e-01  -8.7411683e-03
  -2.4355801e-01   0.0000000e+00   4.6565838e-01   1.0718060e-01   2.9973030e-01   2.5701498e-01   3.8790911e-01   2.7064716e-02   5.5290279e-01  -2.9322877e-01  -3.8439425e-01   5.5900682e-01   1.7876684e-01  -1.7685769e-01   1.2122989e-01   7.7383108e-02   5.6314844e-01  -2.3130824e-01  -8.7566575e-02   1.1422229e-01  -2.9628288e-01  -2.7853558e-01   1.2368723e-01  -1.8769157e-01   1.4021417e-01  -1.8843651e-04   3.5383031e-01  -3.5784486e-01  -1.1432833e-01  -9.9124908e-02   3.0182766e-01  -2.0426145e-01   3.0403730e-01   5.0440859e-01  -8.1091297e-02  -3.0293745e-01  -2.3086557e-01  -2.6644539e-01   2.8329029e-01   6.0661468e-01   7.2783975e-02   2.2720697e-01   4.9816218e-01  -1.5372183e-01  -1.6924613e-01  -2.7553863e-01  -3.7930236e-01   5.1315041e-01  -5.1547104e-02   4.3388738e-01  -2.6143695e-01   1.7794152e-01   6.5805479e-01   3.2662588e-01   2.1286867e-01   2.4384168e-02   1.3789502e-01  -2.0428648e-01  -6.7425248e-02   2.0231691e-01  -2.5806510e-02  -2.8376654e-01   5.0478013e-01   7.8335716e-02   3.1092491e-01  -3.6643677e-01   8.0449485e-02  -2.0250348e-01   3.3224399e-02  -4.9340519e-02   6.5948731e-01  -2.5244842e-01  -1.8312914e-02  -2.1740584e-01   1.0632561e-01  -1.0360291e-01  -1.9762422e-01  -8.1693401e-02   4.2103206e-01  -5.8145437e-02  -2.4502387e-01  -2.2125426e-02  -2.9561714e-03   1.3973661e-02  -9.8405640e-02  -2.6677278e-01   3.4507258e-01  -2.6339398e-02   1.2109865e-01  -2.0001185e-01   5.8663425e-01   1.5742462e-01   3.3489859e-01   7.6468431e-02  -4.1413688e-01   3.2145404e-01  -2.0952950e-02   1.2687249e-01  -1.4839314e-01  -3.8883705e-01   2.4683405e-01  -6.3865076e-02  -5.8148044e-02  -2.6971138e-01  -2.1303648e-01  -9.5118139e-02   3.6851501e-01  -3.9276426e-02  -3.4450198e-01   4.3014627e-01  -2.4780491e-01  -8.4243208e-02  -7.1253978e-02  -4.5307414e-01  -3.9299572e-01   6.7423000e-01   5.5206761e-02   5.7016671e-02  -1.0055477e-01  -8.0511660e-03  -1.7563090e-01   4.7044223e-01   9.8008805e-02   8.8552791e-02  -2.2561225e-01  -1.6924258e-01  -6.3868113e-02   2.4636652e-01   2.7345577e-02   3.2787057e-01  -5.6432950e-02   1.8697733e-01   6.4801182e-02   4.8172557e-01   1.2734558e-01  -1.3282944e-01   4.5300870e-02   1.7656284e-01   9.2862454e-02  -1.2306523e-01  -1.8698500e-01   8.1473302e-02  -1.2523608e-01   2.6035798e-01   2.4104806e-01  -2.6415799e-01   8.4302880e-02  -1.3157719e-01   2.0807534e-01  -2.2836421e-01  -3.3287950e-01   8.9534872e-03   1.4236786e-01  -2.4947395e-01   6.9127421e-01  -2.9592902e-01  -2.6153664e-01   4.3584224e-02   5.2727883e-02  -9.2674539e-02  -1.4573720e-01  -2.2697178e-01  -1.4257275e-01  -2.1503996e-01   3.6046083e-02   2.1312235e-01  -2.9518225e-01  -2.5378193e-01  -5.4771483e-02   3.7074242e-01   4.9603660e-01  -1.3077243e-01  -1.5695725e-01   1.6109927e-01   8.0425812e-02   2.2937316e-01  -5.3410124e-02
  -2.3984991e-01   4.6565838e-01   0.0000000e+00   7.5546879e-02   1.3555570e-02   4.1144130e-01   3.6562307e-01   9.2835742e-02   2.1834044e-01  -1.9619882e-01  -3.0935763e-01   7.5037186e-01  -1.3173941e-02  -2.1279278e-01  -2.4348521e-01   1.7557735e-01   8.9168615e-01  -4.1226932e-01   1.4252345e-01  -1.1619036e-01  -2.7073529e-01  -2.3511490e-01   3.1573718e-02  -1.7086307e-01   3.2143962e-02  -5.3603469e-02   9.0803995e-02  -1.7392610e-01  -2.1058268e-01  -3.5549193e-01   3.6165120e-02  -9.8674327e-02   3.1523368e-01   3.3192608e-01  -3.1568202e-01  -4.3641397e-01  -1.7420175e-01  -1.2374212e-01   3.1299147e-01   7.1578719e-01  -4.9619530e-02   3.1023559e-01   7.0326365e-01  -7.3807864e-02  -3.3397285e-01   1.0248391e-01  -3.3837476e-01   4.2259555e-02  -2.1758922e-01   7.7258235e-01  -4.7827726e-01   2.2359683e-01   4.0706414e-01   4.8638313e-01   1.9548591e-01   1.2128000e-02   2.9794683e-01  -7.1827551e-02  -2.1179119e-01   4.1232877e-03   4.9481753e-01  -3.2372498e-01   5.1587523e-01  -1.0004414e-01  -9.3805268e-02  -4.7694009e-01   2.7090564e-01  -1.3557255e-01  -5.9845952e-02   3.6658435e-01   5.0765113e-01  -5.2086561e-01  -1.4671071e-01  -1.2336426e-01   2.5650316e-01   1.7757383e-02   1.9561255e-01   6.7321567e-02   5.3452989e-02  -4.8229077e-02  -4.3398045e-01   2.9707766e-02   1.8149921e-01  -4.0171225e-02   2.6242736e-01  -2.2809778e-01  -5.4006416e-02  -8.3400238e-02   2.8421279e-02  -2.7949822e-01   2.4063522e-01   7.8350075e-01   3.4076299e-01  -9.3279881e-02  -9.4422609e-02   2.6195083e-02   1.4408266e-02   1.5999608e-01  -3.0557664e-01  -5.2138942e-01   5.0571202e-01  -2.9974919e-01  -1.5159762e-01  -4.1256854e-01  -4.5715085e-01  -6.2970890e-02   4.4863583e-01  -2.6084275e-02  -1.2965047e-01   5.2983550e-01  -1.1555367e-01  -3.2865843e-01  -1.5925632e-01  -3.0305930e-01  -2.7360603e-01   3.0388992e-01   4.5283748e-02  -3.3110188e-02   1.8376716e-01  -1.4577923e-01  -1.8783958e-01   3.6358987e-01   2.7935819e-01  -1.9941211e-01  -1.2052329e-01  -6.6521649e-02  -2.6774175e-01   4.0892986e-01  -4.0236077e-02   5.2823305e-01   4.7861657e-02  -2.0209660e-01   1.3066831e-02   4.1687121e-01   1.5391871e-01  -1.1665458e-01   1.1149952e-01   6.6207364e-02   9.4822043e-02   4.3254796e-02  -2.0769037e-01   5.1279597e-02  -1.8830299e-01   4.7272909e-01   1.1654668e-01  -4.1315357e-01   2.5025060e-01  -3.0780422e-01   6.3963089e-01  -3.2332130e-01  -1.3392902e-01  -1.7768231e-01   1.6854698e-01  -2.2439813e-01   7.0851860e-01  -1.7332703e-01  -3.4579999e-02  -2.8837021e-02   5.2539018e-01  -4.4124093e-01  -1.9563437e-01  -8.2620838e-02  -2.4979236e-01  -3.3733158e-01   6.0060653e-02   4.0364420e-02  -5.0284321e-01  -7.3910085e-02  -1.4887029e-02   4.8277467e-01   3.2792480e-01   1.3512152e-01  -4.2159642e-01   3.0542645e-01   1.5589592e-01   2.3524287e-01  -8.7164423e-02
  -2.8245162e-04   1.0718060e-01   7.5546879e-02   0.0000000e+00   1.4600212e-01   2.7763603e-01  -2.6378032e-02   4.4591871e-01   2.0748696e-01  -7.2358662e-02   4.8145882e-01   8.4312099e-02   3.3050927e-01   9.1312584e-02   1.4592329e-01  -3.1352242e-02  -3.1895554e-02   1.7536054e-01  -3.6977111e-02   2.2950910e-01   3.9953362e-01   4.1769202e-01   2.2478020e-02  -6.2990180e-02   5.8710435e-02   2.0635286e-01   1.0703198e-01   6.4671512e-02  -1.8337720e-01   2.9054069e-01   1.7297876e-01   2.6582652e-01   1.5652454e-01  -8.0336318e-02   2.6262152e-01   2.2068087e-01  -7.1297516e-02  -2.7637425e-01   1.6705919e-01  -2.6568138e-02   4.8286299e-01   1.9759773e-01   7.0228099e-02   1.2022914e-01   3.7335732e-02   1.1865801e-01   3.2698508e-01   2.3333422e-01   3.1947999e-02  -2.2144261e-01   1.1523115e-01   2.8386459e-01  -7.6716249e-02   1.9853566e-01   2.2184143e-01   4.1308437e-01   2.1272483e-02   3.3616013e-01   3.9015433e-01   2.2799756e-01   1.2063049e-01  -2.3541323e-01  -4.0238474e-02   2.4461448e-01  -1.0650929e-01   1.7897244e-01   5.6978727e-01  -4.3531273e-01   5.7206901e-01  -1.1299961e-02   8.4979357e-03   2.6696505e-01   1.3426069e-03  -3.5763911e-02  -1.3296726e-03   1.2075177e-02   2.0937304e-01   1.8555925e-01  -3.7020696e-02   1.7750080e-01  -5.2326344e-02  -1.3830694e-01   1.7799325e-01   2.1939277e-01   2.6418692e-01   1.6977272e-01   1.3124104e-01  -3.2535516e-02  -1.7201068e-01  -6.2257017e-02   8.6796336e-03   1.4799885e-01   1.8013528e-01   3.9249354e-01   1.1296080e-01  -1.6873288e-01   1.5780328e-01   2.4713712e-02  -2.2061533e-01   2.8743659e-02   1.1559727e-01   1.6791689e-01   4.8145209e-01  -1.7619930e-02   3.3527795e-01   5.8962166e-01   1.7031020e-01   4.0132637e-01  -1.1127610e-01   6.8760448e-02   2.5263379e-01   4.6402347e-01  -1.6656231e-01  -7.6833336e-02  -4.3063167e-02   7.5624157e-04   2.0174562e-01   1.2570206e-03   3.0352719e-02   6.4352978e-01   2.1318209e-01  -6.2748852e-02  -1.6298949e-01   2.2188649e-02   1.2849999e-01   7.3213719e-02   1.2380044e-01  -3.2897027e-02   5.9144568e-01  -2.8518697e-02   8.8252330e-02   2.4840136e-01   3.7700283e-01   1.4020294e-01   4.0095129e-01   2.9132437e-01   1.9693879e-01   8.3452561e-02   3.5221483e-01   2.5836052e-01   1.1769503e-01   1.5240857e-01   1.8874071e-01  -1.1599716e-01  -9.4285800e-02   2.9041692e-01  -4.3881407e-02   3.0514798e-02   8.0736809e-02   1.8474486e-01   4.8158018e-02   2.1445606e-01   2.2588469e-01   5.4689496e-02  -9.5463285e-02  -1.8183491e-01   1.6411256e-01   3.7307655e-01   1.2032680e-01   3.5122885e-02  -2.4639051e-01   2.3417249e-01   1.8276728e-02   3.6605447e-01   3.7980815e-01  -2.3089280e-01   2.9677991e-01   1.6515792e-01   2.2625880e-01   2.2849947e-01  -2.2008207e-01  -1.3273170e-01  -1.3844732e-01   1.4698146e-01  -1.1743064e-01   2.1477871e-01   4.4973744e-01
  -8.9523886e-03   2.9973030e-01   1.3555570e-02   1.4600212e-01   0.0000000e+00   4.9631389e-02   2.7285207e-01  -4.3974728e-02   4.3140715e-01   2.6264831e-01  -4.1879146e-02   5.6500712e-02   5.7264879e-01  -4.1112593e-02   2.3091648e-02   1.6483507e-01   7.0920580e-02   1.7109686e-01  -7.0168115e-02   7.1796963e-01   2.5809053e-02  -8.3078591e-03   6.9152242e-02  -1.2202713e-01   7.2553337e-02   6.6953909e-03   2.8783983e-01  -1.3251104e-01   6.8147460e-02   7.9981444e-02   5.3992973e-02  -2.4859976e-02  -2.3319800e-02   2.2505798e-01  -1.6241888e-01   4.2810070e-01  -1.6266432e-01  -2.3421038e-01   3.0481786e-01   6.5239192e-02   5.0453252e-01  -3.9353783e-02  -6.3059210e-02  -1.6699064e-01   1.1225082e-01  -1.1584051e-01  -4.9476059e-02   3.4739547e-01  -1.7962734e-02   2.8935773e-02  -6.1683531e-03  -5.4606708e-02   3.4472426e-01   7.9875998e-02   3.1621510e-02  -1.7894993e-02  -6.2324440e-02  -2.2910989e-01   7.5968992e-02   4.0292488e-02  -5.2008727e-02   7.7989242e-02   2.8835813e-01   5.9944958e-02   1.0210900e-01   1.4347920e-01  -9.6137833e-02  -1.0516980e-01   2.0636904e-02  -2.6246430e-01   2.0373557e-01   9.4830727e-02   6.6981141e-04  -2.8840328e-01  -8.8550819e-02  -9.6894633e-02  -1.7108804e-01  -4.0095597e-02   4.5878483e-01   7.9662466e-02  -5.2375570e-02  -1.7847568e-02  -5.7605251e-02  -3.0824443e-02  -2.0589263e-01  -7.1172397e-02   7.7938383e-02  -9.7871990e-02   8.3091041e-03  -5.4998119e-02   5.2334326e-01  -1.1505778e-01   3.2946298e-01  -4.4471431e-02  -2.2857020e-01   6.4577187e-01   1.1358174e-01   8.1987428e-02   3.2267373e-01   1.3493796e-02  -1.0857811e-01  -6.4675574e-02   1.7520108e-02  -2.4591880e-01  -4.1434187e-02  -6.2948103e-02   1.5144225e-01   5.9444854e-02  -2.5453478e-01   2.2632130e-01  -1.6296612e-01  -6.0787939e-02  -9.7946915e-02  -1.9448532e-01  -2.4776387e-01   4.3536252e-01  -1.7734877e-02   3.0130641e-01  -7.6820902e-02   5.3840496e-02  -2.2917082e-01   5.9912690e-01  -4.0940737e-02   1.8441435e-01  -2.5691678e-01  -3.3089864e-01  -1.7848275e-02   2.4056814e-02   4.6252089e-02  -7.3353202e-02   1.4446917e-01   2.8637754e-01  -2.1815206e-01   1.0911707e-01  -5.0190324e-02  -1.0270977e-01   5.7073393e-02   9.5930309e-03   1.6145330e-04   7.7704992e-02  -1.3268548e-02   1.3905457e-01  -5.6549952e-02  -3.6591465e-02   6.1272954e-02  -7.4474351e-02  -2.5672181e-01   4.5375394e-01   2.3840284e-02   5.7414731e-02  -2.5914521e-01  -1.6780902e-02   1.3429558e-03   1.7390701e-01   2.9964454e-01  -1.8318035e-01  -2.4440872e-01   1.9085726e-01   2.1666344e-03   3.6662194e-02   2.2716361e-02  -5.6191531e-02   4.9347084e-01   1.2911512e-02  -1.5427913e-01   2.7457255e-01  -9.6447598e-02  -1.8669937e-01   3.9643851e-02   2.2531688e-01   4.0080880e-01  -2.1679041e-01   1.7833465e-01  -9.5849474e-02  -2.4855582e-02   9.5683434e-02   3.6874308e-02
  -3.3647258e-01   2.5701498e-01   4.1144130e-01   2.7763603e-01   4.9631389e-02   0.0000000e+00   3.2885138e-01   1.3067871e-01   3.0028513e-01   8.3930077e-03  -2.8586959e-03   4.2597604e-01  -7.1966775e-02  -2.0370062e-01   2.6110998e-02   6.3029964e-02   3.8673350e-01  -1.4872649e-01  -6.3282056e-02   5.5783568e-02   2.2975658e-01   1.4512855e-01   1.3517839e-01  -3.2946778e-01   2.4427764e-01   3.1998542e-01   6.1949176e-02  -5.0273672e-02  -2.3565588e-02   1.7807318e-01  -8.1578625e-02  -9.5436160e-02   3.0790894e-01   3.9241947e-02  -4.6844458e-02  -6.1375960e-02  -6.8155741e-02  -2.6543634e-01   2.1503374e-01   3.4255010e-01  -6.0033953e-02   1.8642509e-01   3.7703282e-01   4.6473925e-02  -1.7391333e-01   1.0287113e-02  -2.2889407e-02   2.0352911e-01  -8.0971325e-02   2.0784663e-01  -1.4471955e-01   2.6246870e-01  -5.0496377e-02   1.4032767e-01   1.7684695e-01   1.7049291e-01   5.5592262e-01  -2.4131600e-02  -7.8901489e-02   3.2384292e-01   2.0343967e-01  -1.7808550e-01   2.4116909e-01   1.8927238e-01  -2.9638921e-01   2.4434209e-03   6.0242237e-01  -7.8962777e-02   9.6204366e-02   3.7475552e-01   1.6470787e-01  -2.2683617e-01   2.8781384e-02  -1.7376675e-01   9.9066310e-03  -1.0445213e-01   1.4929144e-02   3.2645827e-02  -5.6275116e-02  -3.0255084e-02  -2.2437504e-01   3.6156184e-02   2.8812006e-01   1.0139618e-01   1.9023548e-01  -1.0960549e-01   3.2159957e-02  -2.1035176e-01   7.3258381e-02  -3.4164150e-01  -2.3680637e-01   2.7017957e-01   4.6861607e-01   3.3455583e-01   6.8791899e-03  -2.2501379e-01  -4.2979855e-02   3.9808052e-02  -2.1242173e-01  -1.6203533e-01   2.9308058e-01  -1.0952694e-01   1.3843921e-01   2.2954700e-02  -1.3161373e-01   2.0203163e-01   2.1879701e-01   1.5265651e-01  -1.5543446e-02   4.1088362e-01   2.6000550e-01   4.1627409e-03  -1.8291486e-01  -3.5740120e-01  -1.1221926e-01  -7.1477134e-02   1.1760710e-01  -4.7999277e-02   4.3986355e-01  -5.0668420e-02  -2.8412870e-01  -1.5874570e-01   3.1016177e-01  -8.8254010e-02  -1.2377093e-01  -6.3409447e-02  -1.9100803e-01   8.5193201e-02   2.5205928e-01   5.4253166e-01   1.8435813e-01  -1.9842708e-01   2.1386558e-01   1.7030357e-01   2.4371893e-01   1.9394778e-02  -2.1435474e-01   1.9910225e-01   1.4195059e-01   5.2315642e-03  -3.7593116e-01   2.2018858e-01   1.7235660e-01   6.2482270e-01  -1.6557975e-02   9.2170677e-02   8.4893242e-02  -3.0735822e-02   6.0609394e-01  -1.0534450e-01  -1.2582605e-01  -1.7298273e-02  -1.6926073e-02  -4.3623273e-02   4.1884282e-01  -4.1203997e-01  -1.4625497e-01  -6.4419000e-02   2.1112520e-01  -2.0693967e-01  -5.9272924e-02   1.5119361e-01  -7.9974548e-03  -1.1037180e-01   1.1568590e-01  -2.5135115e-01  -1.8481429e-02   2.1502698e-01  -1.3932691e-01   3.4496641e-01  -2.9064045e-02  -6.0791966e-02  -4.8645569e-01   7.1808393e-01   5.2085710e-02   9.9961166e-03   1.4704201e-01
  -1.5890255e-01   3.8790911e-01   3.6562307e-01  -2.6378032e-02   2.7285207e-01   3.2885138e-01   0.0000000e+00  -7.7428704e-02   4.5224592e-01   1.3244387e-01  -4.3122456e-01   6.7761527e-01   1.2979096e-01  -1.5582569e-01   8.5399140e-03  -4.9424872e-02   3.3827285e-01  -2.8048783e-01   4.5110001e-02   1.4008776e-01  -1.8456396e-01  -2.6050327e-01   5.4273282e-01  -4.3860972e-02   1.4845815e-01  -2.4936405e-01  -6.2159135e-03  -4.1656733e-01  -5.9804328e-02  -3.0762500e-01   1.5766764e-01  -1.8637417e-01   1.2371420e-01   7.6177653e-01  -1.3226736e-01  -2.7560925e-01  -1.3675383e-01  -1.6755042e-01  -2.0250453e-02   4.6322232e-01   6.6229333e-02   2.8389193e-02   4.6208830e-01  -1.6896627e-01  -3.5050716e-01  -2.5515384e-01  -4.6483256e-01   5.1373966e-01  -3.1450923e-01   2.5815754e-01  -4.1791413e-01   1.8867198e-02   5.5719442e-01   2.4770219e-01   1.6662433e-01  -1.5056239e-01   1.4407158e-01  -3.4140770e-01  -2.3240409e-01   1.0268207e-01  -5.3595470e-02  -2.0104884e-01   2.7001153e-01  -3.7911208e-02  -1.2330938e-01  -3.4322535e-01   9.3529673e-02  -1.8494953e-01  -1.5597598e-01   2.9701103e-02   5.8708167e-01  -4.3312252e-01  -2.1764015e-01  -2.0230417e-01  -6.2125506e-02  -6.1531507e-02  -2.3567517e-01   9.1144505e-03   5.2744659e-01  -5.8836218e-03  -7.0502791e-02  -6.1361210e-02   8.8715686e-03  -2.3836464e-01  -8.5138874e-02  -2.3737906e-01   1.7929898e-01   1.5651538e-02   8.2866430e-02  -2.4896255e-01   2.8567344e-01   8.6439529e-02   5.4428840e-01  -5.8821160e-02  -3.6950136e-01   8.0159492e-02   8.7924434e-03   1.8614478e-01  -2.2838558e-01  -3.1393106e-01   2.4713421e-01   5.1677105e-02  -1.4750035e-01  -3.6400709e-01  -2.9854836e-01  -1.9671070e-01   2.6284346e-01  -1.9142273e-01  -1.5463335e-01   5.4573183e-01   2.0931397e-02  -3.6063024e-01  -3.1148401e-01  -4.0061586e-01  -2.5390011e-01   4.5168296e-01  -1.2683968e-01   5.2002496e-02   5.5854057e-02  -1.7236755e-01  -4.1770649e-01   3.8195514e-01   1.4654904e-01  -4.4251556e-02  -3.5109467e-01  -1.8469553e-01   5.7922228e-02   1.4370956e-01  -1.1675201e-02   3.4440656e-01  -1.4797070e-01   1.7856007e-01  -1.9858181e-01   4.8671113e-01   1.4377364e-01  -2.8839112e-01  -1.1768433e-01   2.5647053e-01  -1.2948678e-03  -4.6780445e-02  -1.9781978e-01   1.8916151e-01  -1.6024744e-01   4.3060766e-01   4.2962498e-01  -4.0102408e-01   3.1054374e-01  -2.9326952e-01   3.2306969e-01  -1.3182725e-01  -3.1600329e-01  -2.7210730e-02  -9.0827606e-03  -3.5434919e-01   5.1208486e-01  -2.1565641e-01  -3.8308591e-01  -1.3573525e-01   8.8117146e-02   1.5730568e-01  -1.4585742e-01  -2.3780884e-01  -1.4816054e-02  -3.8394751e-01  -6.3041975e-02   3.9338716e-01  -4.1696902e-01  -2.5706734e-01  -1.3135195e-01   4.2530029e-01   4.9128976e-01  -6.2735242e-03  -4.2695155e-01   3.7118541e-02   1.0691528e-01   1.2845452e-01  -1.8187515e-01
  -1.1015266e-01   2.7064716e-02   9.2835742e-02   4.4591871e-01  -4.3974728e-02   1.3067871e-01  -7.7428704e-02   0.0000000e+00   1.4675700e-01  -2.5103289e-01   3.5282218e-01  -1.1056636e-03   5.8487317e-02  -9.4686215e-02  -9.9099109e-02  -7.7961055e-03   8.7828951e-02  -1.5347818e-01   2.6193132e-01  -2.0111304e-01  -5.0141108e-03   4.4588191e-01  -2.9345588e-02  -1.0116844e-01  -3.5128838e-03   3.9338321e-01  -1.0157777e-01  -7.4335543e-02  -1.1526225e-01  -5.2528854e-02  -1.7662478e-02   1.8618132e-01   9.4219668e-02  -1.3671795e-01  -1.4898655e-01  -7.7329774e-02  -2.1501289e-01  -5.1784412e-02   3.8375137e-02   1.8185510e-02   1.2083780e-01   7.0465963e-02   1.4738808e-01   5.3980147e-01  -2.2007083e-01   1.2309330e-01   8.4829282e-02   1.1888116e-01  -5.9530073e-02   5.4589680e-02  -9.9826090e-02   6.6159708e-01  -1.8001277e-03   7.0544373e-02  -1.3689092e-01   4.8354247e-01  -4.8077436e-02   4.1691767e-01   1.3372647e-01  -1.4298961e-01   2.9027434e-01  -2.5323421e-01   6.0840064e-02   8.8463380e-02  -2.6207657e-01  -1.6674376e-01   3.1965566e-01  -1.7133692e-01   4.3098576e-01  -8.1078447e-02   1.0591357e-01  -6.5292393e-02  -1.9623561e-01  -2.3386579e-01  -2.9073624e-02   1.7363157e-01   2.3033126e-01   4.5241340e-01  -3.9218323e-04   2.6538279e-01  -4.2485017e-02  -1.0997269e-01   3.2150822e-02   4.6912642e-01  -3.4997892e-02   1.1595664e-01  -5.9928022e-03  -1.3202932e-01  -7.8713620e-02  -1.5909009e-01   6.3330991e-02   2.5435950e-01  -1.2035354e-01   2.1531876e-01   7.7295671e-02  -1.2399793e-01   8.7188401e-02   3.2250073e-01  -2.1673345e-01  -2.5436187e-01   4.1985872e-02   4.2162056e-01   2.6033614e-01  -1.6144285e-01   2.4774589e-02   5.2641615e-01   4.8362951e-02   5.1193593e-01  -2.2839545e-01   2.6887642e-03   7.6299146e-03   1.9438085e-02  -1.1732401e-01  -1.6503817e-01  -1.5120145e-01   7.5331812e-05   3.9213689e-01  -1.5384831e-01  -8.9071205e-02   4.0249757e-01   1.1717454e-01  -5.3547186e-02  -9.4437200e-02  -2.0493610e-01  -3.0791908e-02  -9.4797981e-02  -8.6940428e-02   9.9724188e-02   4.1709797e-01  -1.3703909e-01   9.8503177e-02   8.3863802e-02  -5.9510556e-02   1.2673293e-01   4.0609294e-01   3.6180344e-01  -5.4722908e-02   7.4602155e-02   5.4079471e-01   1.3033538e-01   1.0533268e-01   1.2571282e-01   3.3516057e-01  -1.7584995e-01  -2.1286668e-01   1.3189933e-01  -6.6080832e-02  -1.2046842e-01  -1.2519196e-01  -1.7058943e-01   6.2558094e-04   2.0735746e-01   9.4438533e-02  -4.9085308e-02   5.6422423e-02   1.4200846e-02   1.3814197e-01  -2.6648472e-02   2.4572942e-01   4.9223936e-02  -9.6748739e-02   3.7398121e-01  -2.4874601e-01   8.3414984e-02   3.9222461e-01  -1.8507034e-01   1.1674943e-01   8.0884850e-03  -8.1628294e-02  -1.9605023e-03  -2.2809672e-01   1.5486276e-01  -2.0406020e-01   8.6989102e-02  -6.3629976e-02  -3.9556860e-02   3.9521594e-01
  -1.8619885e-01   5.5290279e-01   2.1834044e-01   2.0748696e-01   4.3140715e-01   3.0028513e-01   4.5224592e-01   1.4675700e-01   0.0000000e+00  -2.3908672e-01  -2.4943362e-01   3.8209446e-01   3.7725262e-01  -3.4922677e-02   8.1424543e-02   6.0978169e-03   3.6527849e-01  -2.2938694e-01   1.2704599e-01   3.0356926e-01  -2.6223577e-01  -1.0251277e-02   1.7435106e-01  -3.0147996e-02   2.7534465e-01  -7.0144847e-02   1.6728196e-01  -3.1574991e-01   8.5605273e-02  -2.0203698e-01   8.5253556e-02  -1.0085497e-01   2.1603161e-01   4.6431522e-01  -1.0293558e-01  -1.8716668e-01  -2.9617611e-01  -3.7415697e-01   6.0540826e-02   3.5265991e-01   2.4549879e-01   1.3130252e-01   4.3774938e-01   1.9061715e-02  -1.8550022e-01  -3.2891685e-01  -5.1459142e-01   5.4327839e-01  -1.4314575e-01   1.9541842e-01  -2.1103160e-01   1.9942769e-01   5.2624196e-01   2.9327867e-01   3.7148546e-02   1.2619806e-01   2.4007401e-01  -2.7012298e-01  -9.6535091e-02   1.9439561e-01  -4.9420755e-02  -1.2813955e-01   5.5683819e-01   1.6615151e-01   8.0018624e-02  -2.5692663e-01   9.3179444e-02  -3.8961629e-02   2.4658877e-02  -2.6819850e-01   4.6999086e-01  -3.6922079e-01   2.1732052e-02  -2.9709919e-01   1.3322907e-01  -1.0275600e-01  -3.3230723e-01   1.1980694e-01   4.4541356e-01   6.7601513e-02  -9.8529187e-02  -9.6115071e-03   7.5610148e-02   9.1082415e-02  -2.0527912e-01  -1.1559183e-01   3.1435773e-01   1.1574390e-01   2.6833103e-01  -2.4057216e-01   4.6312284e-01   5.2273297e-02   3.4026681e-01   2.2796601e-01  -3.5933807e-01   2.2220040e-01  -8.6816291e-02   3.4551424e-01  -5.2625041e-02  -4.5945145e-01   1.9974423e-01   1.4928331e-01   1.9393542e-03  -2.0804599e-01  -3.2284823e-01  -3.3268401e-03   2.6352439e-01   1.1540779e-01  -2.9369025e-01   2.7527241e-01  -1.0557211e-01  -2.4899745e-01  -2.9710474e-01  -3.9166577e-01  -2.7755738e-01   5.2223719e-01   5.2602088e-02   1.4284996e-01  -1.5334894e-01   3.1928628e-02  -3.3625478e-01   3.9561863e-01   1.6671095e-01   1.2158456e-01  -3.2589068e-01  -1.4009311e-01   1.5480928e-02   2.6649327e-01   1.8431638e-01   1.2028468e-01   5.0113420e-02   1.5288295e-01  -1.0014820e-01   4.1787519e-01   2.0234465e-01  -7.6465582e-02  -9.0163255e-02   2.1099783e-01   2.4777578e-01  -4.8931219e-02  -1.3362080e-01   8.2764181e-02  -7.6430012e-02   2.1905630e-01   1.5221388e-01  -1.3504151e-01   4.3794622e-02  -4.9544076e-02   3.6415903e-02  -2.5237174e-01  -2.6240426e-01   1.2245505e-01  -1.5926714e-02  -1.2839366e-01   5.6211576e-01  -3.9358918e-01  -3.3662076e-01   1.0012887e-02   1.7895098e-01   5.4722638e-02  -6.4016616e-02  -1.0940483e-01  -6.3717988e-02  -2.0062134e-01   4.4983369e-02   3.1327550e-01  -2.4530813e-01  -3.1201352e-01  -6.6068644e-02   3.3500104e-01   4.6319310e-01  -1.0622639e-01  -3.0187512e-01   1.6551063e-01   8.1487180e-02   2.2166781e-01   9.2374624e-02
   5.3662169e-03  -2.9322877e-01  -1.9619882e-01  -7.2358662e-02   2.6264831e-01   8.3930077e-03   1.3244387e-01  -2.5103289e-01  -2.3908672e-01   0.0000000e+00   1.7196502e-01  -1.7891291e-01  -1.1058023e-01  -1.7170028e-01  -6.2948548e-02  -1.2964638e-03  -2.8423003e-01   3.5784549e-01  -1.8091283e-01   2.6383431e-01   3.8788769e-01   4.2585027e-02   6.5183481e-02  -1.2268730e-01  -2.5685002e-02  -2.2401301e-03   1.7817033e-02  -6.3968415e-02   1.7672783e-01   2.9037068e-01  -3.3200374e-01   3.9609615e-02  -2.9052855e-01  -3.7412013e-02  -6.2499280e-02   4.7259415e-01   4.3126424e-01  -1.0762737e-02   1.9099075e-02  -3.5477822e-01   1.3564400e-02  -1.7328165e-01  -3.3932089e-01  -9.7484328e-02   4.0239050e-01   1.0966290e-01   3.4136366e-01  -2.0920904e-01   1.0556342e-01  -2.7307576e-01   2.3122655e-01  -2.2565935e-01  -2.2556403e-01  -2.6695307e-01  -5.6139646e-02  -1.9599849e-01  -1.6262018e-01  -1.1229738e-02   1.7133815e-02   1.1809885e-01  -1.0192277e-01   3.4793441e-01  -2.6698040e-01  -1.1732863e-01   5.5132726e-02   6.2352025e-01  -1.0399615e-01   2.3213325e-02  -1.3676063e-01   1.4232464e-01  -3.3911826e-01   3.6067616e-01  -1.7417389e-02  -1.0789724e-01  -3.4379005e-01  -1.0653107e-01   4.7389116e-02  -6.3878933e-02  -5.9504759e-02  -6.6281564e-02  -3.2387108e-02   1.1919034e-01  -1.3442570e-01  -1.4134412e-01  -1.9300909e-01   4.8414214e-02  -4.4496289e-01  -1.1891623e-01  -1.2508871e-01  -3.2542200e-03  -1.4191054e-01  -2.3358868e-01   2.4309667e-01  -9.8240255e-02   9.2032469e-02   2.0095556e-01   2.2137430e-02  -2.6400277e-01   2.0683410e-01   7.1967216e-01  -4.0106328e-01  -1.0384838e-01  -1.6805787e-01   3.4166750e-02   2.0689310e-01  -2.1160645e-01  -1.8708567e-01  -2.0324899e-02   3.7749555e-01  -6.8271043e-02   4.1184364e-02   1.3855875e-01   1.2545600e-01   5.8588725e-02  -6.6626083e-02  -1.1646887e-01  -1.7609907e-02   1.6998164e-01   2.7579525e-02  -1.3741532e-01   3.6968629e-02  -5.7749116e-02   2.8686011e-02  -9.0016645e-03   8.8438370e-03  -2.0332286e-01  -4.8269179e-02  -3.1430818e-01  -1.7744575e-01  -1.3786857e-01  -9.9756038e-03  -7.6999931e-02  -2.4173004e-01  -3.6031070e-01  -1.4838599e-01  -1.5189038e-01  -2.1955308e-02  -2.9998483e-01  -1.1653318e-01   1.0922230e-01   1.3173746e-02   5.4264271e-02   1.4285665e-01   4.3838779e-02  -1.8920511e-01  -3.7269888e-02  -3.5671166e-01   5.0404384e-01   1.8392671e-01   5.8721623e-01  -3.9433553e-02  -3.3637186e-01  -6.8527918e-02   1.4134877e-01  -2.2860281e-01   7.2143997e-02   5.7726327e-02   2.1644536e-01  -1.5757734e-01  -9.8584684e-03   1.2502448e-01   9.1204803e-02   6.9687761e-01   2.0130695e-01  -2.7894452e-01   3.5516408e-02   2.1058853e-01   1.6298866e-01  -2.0078788e-02  -2.0328056e-01  -2.6385303e-02  -2.1623741e-01   3.1671207e-01  -5.3607612e-02  -2.5440494e-02  -1.3093132e-01  -1.4105888e-01
  -1.7301779e-01  -3.8439425e-01  -3.0935763e-01   4.8145882e-01  -4.1879146e-02  -2.8586959e-03  -4.3122456e-01   3.5282218e-01  -2.4943362e-01   1.7196502e-01   0.0000000e+00  -4.2425016e-01   1.8854549e-01  -1.8955055e-01   5.4065632e-02  -5.6967064e-02  -4.7623666e-01   4.9882948e-01   5.3857041e-02   1.0784893e-01   6.1135423e-01   4.8607874e-01  -1.7466209e-01  -1.9959965e-01   4.5356505e-02   2.6940343e-01  -1.8769995e-01   1.0900446e-01  -6.3406759e-02   4.6759386e-01  -4.2840221e-02   5.0063243e-01  -1.4224129e-01  -4.3273697e-01   1.2427760e-01   4.9680643e-01   2.6574583e-01  -1.9211825e-02   5.2690952e-02  -5.4973641e-01   3.2726521e-01   5.5251121e-03  -3.5004648e-01   3.3683003e-01   2.3615240e-01   3.2297294e-01   7.3936570e-01  -8.8173499e-02   1.8813400e-01  -5.2966151e-01   5.1451520e-01   1.5263948e-01  -4.4803703e-01  -1.1658256e-01  -1.7095014e-01   3.6482498e-01  -1.6764145e-01   4.6790655e-01   4.9125070e-01   1.1648561e-01  -3.9363627e-02   1.4417053e-01  -3.4846415e-01   1.8068014e-01  -2.2154714e-02   5.0207573e-01   3.1865988e-01  -3.0993063e-01   5.3071405e-01   2.1883038e-02  -4.4866933e-01   5.7885314e-01   1.9607603e-01  -1.5115190e-01  -8.9952313e-02   1.1537436e-01   3.2192221e-01   1.4316288e-01  -2.6065221e-01   1.2353244e-01  -1.2526299e-01  -5.6975677e-02   2.5851506e-01   2.1020612e-01  -3.6052748e-03   4.1702158e-01  -2.2177056e-01  -2.6599072e-01  -2.5674346e-01  -1.2213855e-01  -3.1331720e-01  -9.8090465e-02  -1.6363683e-01   2.4657887e-01   3.9586407e-01  -2.3536011e-01   2.6060469e-01  -1.5568162e-01  -9.4048832e-02   3.9782471e-01  -2.6383044e-01   2.4758433e-01   4.2862087e-01   1.3304594e-01   6.5653729e-01   5.1355456e-01  -9.5405895e-02   3.5186684e-01   2.1016796e-01  -2.4740624e-01   3.3082792e-01   5.4447542e-01   3.3866701e-02   7.3333512e-02  -4.2259110e-02  -3.7297005e-01   1.8889448e-01   1.2678977e-01  -3.3828871e-02   5.0131571e-01   3.4056647e-01  -3.2193773e-01  -2.5893709e-01   4.0015110e-02   3.4475571e-01  -1.1398839e-01   1.8591481e-02  -2.0245520e-01   3.6703936e-01  -3.5861411e-01   8.7081286e-02   2.3371237e-01   7.8352599e-02  -2.8531621e-01   2.1274573e-01   4.3391414e-01   1.6282447e-01  -2.5491022e-01   3.2471984e-01  -2.3523487e-03  -2.6201406e-02   8.6343636e-02   4.8435950e-01  -3.6649845e-01  -3.6618568e-01   7.0757660e-01  -3.8930522e-01   2.6995675e-01  -6.8350759e-02   4.8236003e-01   1.1351339e-01   1.3691487e-02   3.0884631e-02   4.3911228e-01  -5.3464215e-01  -1.3792571e-01   3.2458035e-01   4.9298845e-01  -7.8173316e-02   6.7776431e-02  -8.0241473e-02   4.3908481e-01   2.2210530e-01   6.9325120e-01   2.5962979e-01  -4.1504008e-01   6.8357344e-01   3.2284375e-01   4.3015910e-02  -5.0489217e-02  -5.2841710e-01  -1.5227411e-01   1.4018397e-01   4.1770284e-02  -8.7659765e-02  -7.8729856e-03   3.2054569e-01
  -1.9679710e-01   5.5900682e-01   7.5037186e-01   8.4312099e-02   5.6500712e-02   4.2597604e-01   6.7761527e-01  -1.1056636e-03   3.8209446e-01  -1.7891291e-01  -4.2425016e-01   0.0000000e+00   3.2409460e-02  -1.4556111e-01   4.5583211e-02   2.9316124e-02   6.5586710e-01  -3.7628890e-01   8.3460792e-02  -7.6439339e-03  -2.8055788e-01  -2.9057364e-01   2.7383936e-01  -7.1774027e-02   7.8147031e-02  -2.4429651e-01   8.5268362e-02  -2.9019580e-01  -1.6301823e-01  -3.2575148e-01   1.5269931e-01  -1.1897729e-01   3.4414716e-01   6.1150869e-01  -7.3643327e-02  -4.2773918e-01  -1.6565892e-01  -2.6821984e-01   9.7825042e-02   6.0106519e-01  -2.6217992e-02   2.6140487e-01   6.7941545e-01  -1.7772984e-01  -2.9061556e-01  -1.4672189e-01  -4.3852383e-01   3.0212800e-01  -3.0068728e-01   4.9779939e-01  -4.8487576e-01   1.5765983e-01   5.3469496e-01   4.7675210e-01   3.0048960e-01  -1.0963775e-01   2.6254809e-01  -1.4938509e-01  -1.8505147e-01   2.4766251e-01   1.7729614e-01  -2.4538875e-01   4.2919479e-01  -1.2222301e-03  -1.0328295e-02  -4.7368771e-01   2.8611810e-01  -1.6102541e-01  -1.4668522e-01   2.4071439e-01   5.4619958e-01  -4.8271445e-01  -2.0031170e-01  -3.3057181e-02   1.8471496e-01   1.5664495e-02  -5.9911352e-02  -7.7414570e-02   2.8286695e-01  -1.1088733e-01  -2.9820805e-01  -6.2392766e-02   1.6916062e-01  -1.7332409e-01   2.0297342e-01  -2.0422952e-01   8.1964700e-02   5.9118162e-02   1.2959173e-01  -1.8790965e-01   2.9912414e-01   4.9758481e-01   5.5130754e-01   2.5722139e-02  -2.2595145e-01   1.4136510e-02   2.4150559e-02   1.6530558e-01  -2.7921110e-01  -4.8546264e-01   4.2843081e-01  -1.7158020e-01  -1.6879939e-01  -3.5101554e-01  -4.1677347e-01  -1.4747043e-01   4.4812984e-01  -1.0933063e-01  -1.4354266e-01   5.8178133e-01   3.3261485e-03  -3.2414692e-01  -2.0175295e-01  -3.5199149e-01  -1.8000001e-01   3.9616709e-01  -7.0475052e-02  -6.9033208e-02   1.4587402e-01  -1.3573508e-01  -2.3938089e-01   3.4248958e-01   2.4332587e-01  -3.6301488e-02  -1.7940839e-01  -1.8503758e-02  -2.1866761e-02   3.2063947e-01  -9.2783110e-03   4.8654154e-01  -1.9282374e-01  -6.4543353e-02   5.9983780e-02   5.1020158e-01   2.5346676e-01  -1.9967945e-01  -9.3858140e-03   1.7118632e-01   7.0695789e-02  -2.0586641e-02  -2.3312232e-01   8.6685991e-02  -2.0605473e-01   5.3256882e-01   4.0085592e-01  -4.2236663e-01   4.1936930e-01  -3.7241176e-01   5.7803761e-01  -2.8583627e-01  -2.0560051e-01  -8.7552744e-02   1.2998037e-01  -3.4093540e-01   6.4282458e-01  -1.7175517e-01  -1.5979587e-01  -5.8910086e-02   2.9230971e-01  -2.1429402e-01  -1.7136850e-01  -2.3658617e-01  -2.2869709e-01  -3.0154933e-01   7.3707318e-02   2.0014680e-01  -5.0031247e-01  -1.7354233e-01  -4.4287300e-03   5.4681904e-01   4.5227095e-01  -5.0855559e-02  -4.3201466e-01   2.5128513e-01   2.0460203e-01   1.8406323e-01  -5.4468924e-02
   5.7210710e-02   1.7876684e-01  -1.3173941e-02   3.3050927e-01   5.7264879e-01  -7.1966775e-02   1.2979096e-01   5.8487317e-02   3.7725262e-01  -1.1058023e-01   1.8854549e-01   3.2409460e-02   0.0000000e+00   1.0750168e-01   1.1811029e-01   1.7160162e-01  -1.7841624e-02   2.5377244e-01   1.2659521e-01   4.8884185e-01   3.6353451e-02   5.1822820e-02   7.7485505e-02  -1.3929024e-02   1.0790687e-01  -8.7366052e-02   2.8584041e-02  -5.0114278e-02  -8.6752720e-03   1.7924439e-02   1.1589797e-01   1.5741753e-01   1.1451029e-01   1.3152160e-01  -3.8512415e-02   2.7289132e-01  -1.7893142e-01  -2.9402874e-01   2.4468771e-01  -3.9432940e-02   6.2967443e-01  -1.4657005e-03  -4.9084963e-02  -1.2031672e-01   6.7706041e-02  -2.1066162e-02   4.6941470e-02   2.4669104e-01  -1.4073509e-01  -9.2290265e-02   1.0774939e-01   1.1017410e-01   2.0931524e-01   1.7776737e-01   7.1013380e-02   1.0024285e-01  -8.2149275e-02  -1.1322432e-01   2.2400668e-01   2.7298389e-02  -4.0209980e-02   7.9223503e-02   1.9769767e-01   1.5850112e-01   4.1541046e-02   8.0184238e-02   1.3324056e-02  -2.8497270e-01   1.3654424e-01  -2.7930677e-01   6.7595430e-02   1.2620171e-01   1.7328736e-01  -4.2376341e-02   7.3932617e-02   2.0605013e-02  -1.2333139e-02   3.4541734e-02   2.2843159e-01   2.1729578e-01   5.2505041e-02   1.4824291e-02   7.3068069e-02   3.2268998e-03   4.4381383e-02   1.5634066e-01   1.4163312e-01   9.1540011e-02  -4.9635989e-02   4.2001143e-02   3.5451199e-01  -1.3805566e-02   1.4123899e-01   1.4512036e-01  -1.1643731e-01   2.7046407e-01   2.5010719e-01   1.1937000e-01   2.9007147e-02  -8.4727256e-02   3.2646742e-03   1.5662033e-02   1.2461100e-01  -2.4497183e-01   1.7468760e-01   1.7497528e-01   2.5560354e-01   5.1809017e-02  -2.0125874e-01   4.4035043e-02  -1.4008099e-02   4.2618095e-02  -1.7747062e-01   5.4180475e-03  -3.8184033e-02   2.6229092e-01   4.9751846e-02   4.1109615e-01  -1.2236221e-01   2.8960555e-01  -6.9357650e-03   4.2127580e-01  -2.1833101e-01   1.8494387e-01  -1.1323469e-01  -1.1768520e-01   1.6774769e-01   1.5563840e-01   1.9542002e-01  -1.8355839e-01   1.3829259e-01   3.4931337e-01  -5.7310485e-02   1.0562564e-01   1.2725892e-01   1.2515465e-01   2.3875245e-01   2.3706128e-02   9.0294312e-02   6.8389308e-02   5.8073401e-02   3.2500349e-01  -2.1128058e-02  -1.9951371e-01   1.0272633e-01   1.7208907e-01  -1.9602365e-02   1.7309871e-01  -1.4370037e-01   4.6760635e-02   2.2196969e-03   1.3000218e-01   2.8928724e-01   1.2990552e-01   6.6020969e-02  -1.9971980e-01  -1.3675111e-01   3.0968276e-01   8.9937718e-02   2.0561308e-01  -6.6238114e-02   1.4414158e-03   1.8303724e-01   1.3438632e-01   1.8734503e-01   2.7412453e-01   6.8163517e-02  -2.3120764e-01   1.6297641e-01   2.4674184e-01   2.2450292e-01  -1.2289991e-01  -2.1631958e-02  -7.8449857e-02   5.7409016e-02   1.6044593e-01   2.0500680e-01
   7.5994948e-01  -1.7685769e-01  -2.1279278e-01   9.1312584e-02  -4.1112593e-02  -2.0370062e-01  -1.5582569e-01  -9.4686215e-02  -3.4922677e-02  -1.7170028e-01  -1.8955055e-01  -1.4556111e-01   1.0750168e-01   0.0000000e+00   1.9280258e-01   2.2192710e-02  -1.4452354e-01   2.0195761e-02  -7.2109219e-02  -1.5760983e-02  -1.3399931e-01  -8.4020222e-02  -7.4688167e-02   7.0714240e-01  -1.9818622e-01  -7.4074133e-02   8.8635638e-02   4.9065429e-01   2.6814388e-02  -1.6219450e-01   4.9513074e-02   4.5204283e-02   2.7188723e-02  -1.4375042e-01   1.9031552e-01  -1.1076997e-01  -1.8116183e-01  -2.2789351e-01   1.0349023e-02  -4.8447490e-02   1.9634259e-01   5.1293714e-02  -1.8148632e-01   1.1467812e-01   4.0074722e-02  -1.5543521e-01  -1.4181569e-01  -7.0829640e-02  -2.7195409e-02  -1.1173872e-01  -2.4817787e-02  -3.2465874e-02  -4.2711659e-02  -3.5005001e-02   3.8907701e-01   1.6992637e-01  -7.5489241e-02  -4.3189067e-02  -9.6804922e-02   1.1210089e-02   4.3715586e-03   6.9410526e-02  -1.3709538e-01   1.6041920e-01  -1.7636365e-02  -3.3467385e-02  -8.3782302e-02  -8.4295760e-03   2.6505991e-02  -2.2774155e-01  -1.1514139e-01   3.4150201e-03   3.4580641e-02   6.4039671e-01   1.4279619e-01  -4.8979054e-02  -5.5544322e-02   9.6353294e-03  -2.2755220e-01   3.3335646e-02   6.8754506e-01   4.1052847e-02  -5.3950609e-04   1.8195755e-01   2.2361911e-01   1.2805376e-01   2.2804589e-01   6.0823714e-01  -3.7765946e-02   6.6266362e-01  -5.1452941e-02  -6.2926760e-02  -2.0014353e-01   1.3027756e-01  -1.6249354e-02  -5.2126430e-02  -2.2990917e-01   2.4341060e-02  -1.1642561e-02   4.1600045e-02   1.7355564e-01   1.3806590e-01   1.8968949e-01  -6.3985315e-03   4.4959195e-03   8.7307508e-02  -9.1203344e-02   5.1557547e-02  -1.0531163e-01  -3.1591246e-01   4.3845562e-02   5.1663765e-02  -8.5603326e-02   5.5158505e-01   6.1290306e-01  -2.1168505e-01   3.1757842e-02   2.7411144e-02   1.5398370e-02   1.7989535e-01   1.3995721e-01  -1.1565613e-01  -1.8890305e-01   4.9576510e-02  -4.9058954e-02   6.2302361e-01   3.5626407e-01  -9.2315539e-02  -4.8593121e-02  -1.1774994e-01   6.9484182e-02  -8.3921286e-02   3.4953421e-01  -4.9619325e-02  -1.4103018e-01   1.3056831e-03   1.0373698e-01   3.9867379e-01   2.2118713e-02   4.7837897e-01   5.1997891e-01  -3.5031151e-02  -1.2339036e-01  -1.8893905e-01   2.1518536e-01  -1.0272027e-01   4.1546199e-01  -3.3320485e-02  -3.8989403e-01  -1.6604108e-01   3.4170430e-01   4.3856076e-01   1.6325574e-01  -7.6779072e-02  -1.7447929e-01   4.6712628e-01  -6.2459784e-02   2.2817771e-02  -7.4211509e-02   3.5406314e-01   6.0319453e-02  -1.5253878e-02  -1.1650537e-01  -9.6846615e-02   1.2781945e-01   4.6716418e-02   1.0461447e-02  -6.3979375e-02   2.0401989e-01  -2.2612431e-01  -1.1637740e-01   3.1654123e-02  -3.7528760e-03  -1.9559013e-01  -3.8642407e-02  -5.0271448e-02   3.6474829e-02
