   0.0000000e+00  -4.1296575e-02  -4.2704604e-01  -3.6528910e-01  -1.1683371e-01  -3.9533212e-01  -1.0402794e-01   3.8704607e-01   4.2273715e-02  -2.2949839e-01   6.6898530e-02  -3.8619995e-01  -3.1392486e-01   1.8926097e-02  -2.1350347e-02   1.3784037e-01  -3.3568824e-01  -3.0156250e-02   1.9913480e-01   2.3440503e-02   1.2377301e-01   1.0065172e-01  -2.0810543e-01   6.5766658e-01   8.3977533e-02   2.6595891e-01  -2.9641805e-01   1.9356640e-01  -7.1298207e-02  -2.9646536e-02   1.0806346e-01  -7.7374786e-02   2.9950819e-01  -2.6802291e-01   2.5447671e-02  -2.8495780e-01   3.0749645e-01   2.4638282e-01   1.5596173e-01  -3.9585918e-01  -3.5671572e-01   1.9724020e-01  -2.4165571e-01   2.0164425e-02   2.2234764e-01  -8.5968834e-02  -2.0132789e-01  -2.7379771e-02   3.4098730e-01  -2.9141658e-01  -7.4614816e-02   4.1173944e-01   1.6435112e-02  -9.9535132e-02   1.6981538e-02  -5.6758384e-02   4.4171708e-02   2.6214996e-01  -1.0871495e-01   1.5817879e-01  -1.6877157e-01  -5.5358406e-02  -1.3658440e-01   3.6520611e-02   3.2958248e-01  -1.6475254e-01  -2.8941168e-01   3.9111489e-01  -1.8648454e-01  -2.6883432e-01  -8.8150345e-02  -1.2914710e-01   5.1439811e-02   2.7980594e-01   3.7100236e-02   9.1115555e-02   2.5394900e-02   7.9610344e-02  -6.3855564e-02   3.5203485e-03  -2.3517429e-01   1.3750894e-01  -2.9699425e-01   2.5237941e-01  -1.0957711e-01   1.0758307e-01  -2.4997828e-02  -1.4627030e-01   1.5890815e-01   8.5655363e-01   5.5516949e-02  -1.4895084e-01  -2.6952827e-01  -3.7378301e-02   4.4344728e-01  -1.0726537e-01   2.0685490e-01  -3.3850715e-03   2.7836298e-01   9.6049007e-03  -3.2120052e-01   4.9778150e-02  -3.5871234e-01   1.3578299e-01  -1.2254017e-01  -1.6377346e-01  -2.9792829e-02  -1.2505762e-01   2.3943299e-01  -3.6617336e-01  -3.4989751e-01   3.3146098e-02   5.0840882e-02   8.3487785e-01  -9.4985886e-02   5.6805339e-02   8.3675560e-02  -6.7829494e-02  -3.6294789e-01  -3.7991011e-01   3.1348130e-01  -2.4187905e-02   3.7903890e-01   3.0145943e-01   3.6799866e-01   3.1531313e-01   2.7774942e-03   4.3862608e-02  -1.2987995e-01  -2.7495499e-01   9.5795014e-02  -3.0585964e-02   2.2606346e-01  -1.0200448e-01  -1.2328825e-01   2.0655174e-01  -1.5326017e-02  -8.0727078e-02   1.1290634e-01   8.5091424e-01   6.9018509e-01  -2.1002231e-02   3.1415776e-01  -3.4468083e-01  -9.7362647e-02   7.6559100e-02  -3.8298021e-01  -1.6494462e-01  -3.4091888e-01   5.5668784e-02   4.6995790e-01  -1.3245517e-01   3.5763346e-01   5.0885233e-02  -3.5753712e-01   6.4033652e-01   1.1287868e-01   9.7347101e-02  -3.1752585e-02  -1.9537420e-01   3.6074072e-01   1.5426114e-01  -3.5395702e-01  -1.4255995e-01   2.0511025e-01  -7.7401928e-02  -5.6373285e-02  -9.1319281e-02   3.4739706e-01  -2.4637156e-01  -1.4799760e-01   2.2967426e-01   3.3896912e-01  -3.7686563e-01  -2.0710109e-02  -4.7285729e-01   3.7439654e-01
  -4.1296575e-02   0.0000000e+00  -8.7796921e-02  -1.3782870e-02  -2.7414042e-01  -2.7641853e-01  -3.2559243e-01   2.2527564e-02   5.0739614e-01  -1.4043788e-01   8.6674153e-04   3.0016851e-01  -2.1665313e-01   7.1803602e-02  -1.3202636e-01  -6.9959292e-02  -1.3006223e-01  -2.8406857e-01   1.0478794e-01  -2.2519580e-01   2.2291550e-01  -2.4630805e-01  -3.3381797e-01   4.0374236e-03   1.0363584e-01   6.8570878e-02   1.3377131e-01  -2.8850338e-01  -1.1009588e-01   3.9359460e-01   5.0358707e-01  -3.1611188e-01   9.1417839e-02   2.1179743e-01   3.0530483e-01  -4.1102312e-01   1.1778093e-01  -9.2122917e-02  -3.6301010e-02  -1.0141792e-01  -1.1900552e-01  -1.1265240e-02  -3.2289303e-02  -1.2797180e-01  -1.2188092e-02  -1.5101909e-01  -2.2469029e-01   2.6608773e-01   9.2001852e-02  -1.3903784e-01  -3.5846643e-01  -9.8692605e-03   4.6910912e-01  -8.5730935e-02  -4.0170677e-02  -4.5365300e-01   3.2645935e-02  -8.3509069e-02  -2.2950030e-01   3.0300501e-01  -2.5044793e-01  -1.1653973e-01   4.3820422e-01   7.9052553e-02   4.3473523e-01  -1.0719098e-01  -1.9517652e-01  -7.4730559e-02   5.3444242e-02  -2.9242622e-01   2.4491205e-01  -7.8872728e-02   7.6208034e-02  -1.1880308e-02   7.2930190e-02  -9.2617352e-02  -2.3417361e-01  -1.1146108e-01   1.0193256e-01   6.4206546e-02  -5.0510390e-01   4.7229230e-02  -1.5801521e-01  -3.6840787e-02  -6.1370232e-02  -3.8787273e-02   2.3902365e-01   2.0220915e-02   6.7885649e-02   8.0390813e-02   1.2505101e-01  -2.9694706e-01   2.6523358e-01   7.1768106e-02  -1.4990252e-01  -6.0114528e-02  -5.7890715e-02   7.9066358e-03   2.3900806e-02   4.4272795e-02  -2.0159086e-01  -2.9069397e-01  -1.6333468e-01   6.9712285e-01  -3.4105319e-01  -1.4759917e-01  -1.0542647e-01   6.3208000e-02   1.1379063e-01   1.1304003e-01  -2.0347392e-01  -8.1816737e-02   1.9862557e-02  -5.1723561e-03  -3.2473700e-01   4.5794048e-01   1.1466955e-01  -1.1880757e-01  -3.1885865e-01   2.0509277e-02  -2.6694469e-01   1.8837576e-01   3.6431663e-02   4.9893699e-01   3.8260227e-02  -1.4246176e-01   6.9327534e-02  -1.5874032e-02  -3.4330461e-01  -3.7152276e-01  -2.3184847e-01   4.4113831e-01   1.6588078e-01   1.8109079e-01  -1.6666672e-01   2.1329510e-01  -6.6294703e-03  -3.0321093e-01   1.7035766e-01  -4.9335176e-02   7.6522468e-02  -1.3529086e-01  -2.2136273e-01  -3.1594074e-01  -1.3265224e-01  -1.3340624e-01   8.3974220e-02  -6.1244665e-02  -1.8949996e-01   1.9382444e-01  -1.9725662e-01  -2.3914650e-01  -1.6010845e-01   2.1597900e-01  -1.5234899e-01  -1.4170579e-01  -2.4242970e-01  -2.0899300e-01  -3.4537827e-01  -1.5834533e-01  -9.1736623e-03   3.8035217e-02  -1.9400414e-01  -2.2244612e-01   2.4938378e-01   4.1760943e-01   1.8111325e-01  -1.6826179e-01  -2.4896833e-01   2.0880662e-01   3.2425107e-01  -2.1228526e-01   2.4737695e-02  -2.5300627e-01   1.5476148e-02  -3.0540163e-02   7.4891025e-02
  -4.2704604e-01  -8.7796921e-02   0.0000000e+00   1.4652659e-01   4.3004831e-01   3.3796096e-01   2.0870205e-01  -3.3709097e-01   5.0181693e-02   2.5320249e-01  -2.1694961e-01   6.0771887e-01   3.8392980e-01  -3.5779821e-01  -1.4039127e-01   7.4827762e-02   9.2629748e-01   4.8849176e-02  -1.5172279e-01   2.9443011e-01  -4.0884905e-01  -3.0118510e-02   3.5028079e-03  -4.2040384e-01  -4.0441320e-02  -3.5735765e-01   6.3278210e-01  -2.7555295e-01   8.5829480e-02  -1.3497020e-01  -4.8113701e-01  -1.0808756e-01  -1.2159849e-01   2.5636695e-01   8.2533506e-02   3.3774853e-01  -3.8077119e-01  -1.3598776e-01   6.1511552e-02   8.7196995e-01   5.3748530e-02   3.1554988e-02   4.8156342e-01  -3.0182965e-01  -9.0094498e-02   5.3065117e-01   6.6607863e-02  -2.6085890e-01  -4.8092440e-01   8.3658479e-01   3.3959838e-02  -3.1388780e-01   7.9352841e-02   3.9734558e-01  -2.3344841e-01  -6.2728961e-02   2.6324878e-02  -2.7632299e-01  -1.3910780e-01   2.1831038e-01   5.2093484e-01  -1.5537674e-04   3.2470823e-01  -3.2628405e-01  -5.4191847e-01   1.9365143e-01   2.8737426e-01  -2.3787537e-01  -4.6281693e-02   6.9817621e-01   3.4610125e-01   2.4018439e-01  -3.0213662e-01   2.0027889e-02   1.4135542e-01  -2.5081495e-01   1.6829789e-01  -1.3239631e-01   1.1926901e-01   9.4256839e-02   1.4845857e-01  -3.5642394e-01   1.9960940e-01  -3.1601121e-01   3.5707837e-01  -2.4270274e-01  -3.4714650e-01  -3.4942813e-02   7.5720418e-02  -4.0338611e-01   6.5595745e-02   5.9912605e-01   3.2817881e-01   2.0481361e-01  -2.8343332e-01   4.2700487e-01   5.1903440e-03   1.1508390e-03  -3.3899154e-02  -2.2442918e-01   2.8456541e-01   1.2081672e-02  -1.6592618e-01  -1.4982305e-01   3.1507935e-03  -6.8624051e-02   2.1924583e-01   5.5189209e-02  -4.5635502e-01   8.5373974e-02   1.7689946e-01  -2.6191339e-02   1.1405918e-01  -4.4141554e-01   1.5715146e-01  -7.9884728e-02  -6.6181894e-02  -6.0348204e-02   2.4122022e-01   1.3586069e-01  -1.8759170e-01   2.9315500e-01  -7.8645652e-02  -5.4946157e-01  -1.9837981e-01  -3.3861537e-01  -1.7266490e-01   1.2281876e-01   1.3928545e-01   5.5108879e-01   1.0806925e-01  -1.7582371e-01  -4.0645140e-01  -3.9461342e-01   3.1644612e-01  -3.1912540e-01   2.3994667e-01  -7.8747645e-02  -1.6774750e-01  -4.3707167e-01  -4.0732901e-01   1.5222385e-01  -1.9636504e-01   3.9226233e-01  -1.6748608e-01  -4.2099101e-01   7.0252690e-01  -2.7607079e-01  -2.1367149e-02  -4.5909182e-01   3.3208799e-02  -2.1699857e-01   8.5724630e-02  -7.7831504e-02   8.4371432e-01  -2.7463213e-01  -1.1886730e-01  -1.4551615e-01   3.6970883e-01  -1.2555665e-01  -2.6331988e-01  -2.0133572e-01   9.6347591e-02  -1.2301951e-01  -1.4288057e-01   2.9191409e-02  -8.3638607e-02  -4.0950596e-02   9.7298643e-02   2.9875437e-01  -6.9191370e-03  -2.9600698e-01  -2.0922317e-01   1.5376926e-01   8.1943547e-05   3.6987312e-01  -2.3035962e-01
  -3.6528910e-01  -1.3782870e-02   1.4652659e-01   0.0000000e+00  -3.4431740e-01   2.1481630e-01  -1.8748161e-02  -1.4440000e-01   2.4323841e-01  -1.7957537e-02   2.0735248e-02   2.0660957e-01   4.0748279e-01   2.0096443e-01   2.4565003e-01  -4.9750715e-01   6.2034849e-02   9.6978788e-02  -1.0162204e-01  -5.8128049e-01  -7.2446198e-02   9.3382274e-02   1.7310459e-01   5.5080822e-02  -3.4790444e-01  -9.1157611e-02   2.0404941e-02   1.6728012e-01  -1.7506370e-02  -1.3316778e-02   6.8648247e-02   2.2882271e-01  -3.4822505e-01  -1.6987706e-01   4.4114082e-02   1.2547426e-01  -4.2550025e-01  -1.1939687e-02  -5.9329046e-01  -3.9234653e-02   4.2709518e-01  -2.4869085e-01   2.6516302e-02   3.0491483e-03  -2.5593139e-01   2.1133216e-01   5.0051764e-02  -9.1025364e-02  -3.7449112e-01  -1.4571324e-01   3.8525253e-01   5.5197863e-02  -2.1590674e-01   2.8148780e-01   2.5114024e-01   1.5316696e-02   3.2961995e-02   5.5138301e-02   4.0670748e-01  -1.8359366e-01   6.3474566e-02  -9.5236338e-03   3.8477774e-01   1.9652911e-01  -1.2163884e-01   8.6498086e-02   8.1913574e-02  -8.5408670e-01   2.0719176e-01   3.2583876e-01  -1.0499048e-01  -2.1086515e-01  -6.9596201e-02   2.5687771e-01   6.7772906e-02   1.9175658e-02   9.0858190e-02  -1.4910698e-01  -1.9410564e-01   1.0486269e-01   2.2411833e-01   7.0854326e-02   8.6988762e-02  -3.1383237e-01   1.8241762e-01   9.3659743e-02   1.2559018e-01   5.4161356e-01  -5.1446543e-01  -1.8405721e-01  -1.8696123e-01  -4.0170818e-02  -7.1541019e-02   3.6731795e-01   4.9692773e-04  -4.9232333e-01  -8.5210966e-01   2.7080195e-01  -8.1024106e-01  -2.2998317e-02   1.8832493e-01   9.6157641e-02   1.1269128e-01  -1.4529194e-01   3.8375679e-01   6.9595963e-01  -2.0769870e-01   2.8938938e-01  -2.5226518e-01  -7.5518428e-02   1.6056605e-01   1.0180713e-01  -6.3891019e-01  -2.4821958e-01   3.0091703e-01  -3.2159098e-01  -1.1215313e-01   5.5864106e-01   1.5561702e-01   9.2816362e-01  -2.0620426e-01  -3.3802925e-01  -8.4570102e-01   8.8094601e-03   5.7599409e-02  -6.0904980e-03   2.0522244e-02  -8.6306392e-02   4.3491496e-01   2.7838275e-01  -1.5692980e-01  -1.6859470e-01   1.5489680e-01   6.0472107e-03   4.5918393e-01  -1.1872372e-01   7.7333566e-02   1.3586846e-01   2.6877284e-01  -2.9633436e-01  -2.5923693e-01  -8.2613341e-02  -9.9726423e-02   2.9134306e-01   1.9355149e-01  -1.0050950e-02   1.1511137e-01   6.1165568e-02   1.2149784e-01  -1.4997359e-01   4.6643933e-02   1.4588482e-01  -3.5452748e-01  -1.3797131e-01   1.4830029e-01  -2.6138099e-01  -3.1529275e-02   8.2938766e-02   6.0891511e-02   2.5416565e-01  -8.7231828e-01   7.2392929e-03  -8.6798243e-02   2.4106830e-01   8.1437960e-02  -1.9289206e-01   1.4882214e-01  -1.1476104e-01  -4.5095548e-01  -7.3479053e-02   3.0564719e-02  -8.6873832e-02  -7.2955246e-01   2.2305407e-01   1.5736585e-01   7.7023169e-01  -1.7017581e-01
  -1.1683371e-01  -2.7414042e-01   4.3004831e-01  -3.4431740e-01   0.0000000e+00   2.4278468e-01   8.9042499e-02  -1.8162484e-01  -3.1910043e-01   1.9320213e-01  -1.4118866e-01   2.1556898e-02   3.1700014e-01  -5.2840511e-01  -2.7322454e-01   3.3461414e-01   5.5854878e-01   2.2509317e-01  -1.1016754e-01   8.6235311e-01  -2.5130893e-01   6.1190063e-03  -2.0817546e-02  -4.9812304e-01  -1.0656752e-01  -8.7858317e-02   5.1105822e-01  -2.0041193e-01  -6.1663639e-02  -3.4454274e-01  -6.6181833e-01  -6.4671661e-02  -8.4907125e-02  -3.3904395e-03  -5.8391758e-02   5.3861210e-01   1.0437355e-01  -2.8152254e-01   3.3625174e-01   5.2194135e-01  -2.0151068e-02  -3.2089002e-03   5.0849765e-01  -1.5092282e-01   2.9643537e-01   1.4996371e-01   1.3961553e-01  -2.9499479e-01  -4.9346878e-02   6.4832941e-01   1.8453590e-02  -2.8252952e-01   4.0632556e-03   1.7960540e-01  -3.5120237e-01   1.0589329e-01   1.9422560e-01  -4.1735295e-01  -1.5877155e-01   2.6415190e-02   3.8223988e-01   1.4930879e-01  -1.9239790e-01  -5.5292646e-01  -3.5127415e-01   3.2875951e-01   3.4963035e-01   2.8816276e-01  -1.9454341e-01   1.4784608e-01   1.7077882e-01   4.3930459e-01  -6.5240588e-02  -3.2594314e-01  -5.9305691e-02  -1.9045063e-02   1.8170274e-01  -2.0199759e-02   6.0923708e-01   1.2347886e-01   1.3677519e-01  -2.5272508e-01  -6.5015558e-02   8.2359512e-02  -7.5494892e-02  -2.3312495e-01  -3.9836262e-01  -3.3848748e-01   8.8735342e-02  -3.0644436e-01   6.0921066e-01   4.3867283e-01   4.2060779e-02  -3.4641186e-01  -1.9964388e-01   7.5508122e-01   3.5330366e-01  -1.3473751e-01   4.0736094e-01  -9.8188785e-02  -1.3958591e-02  -1.7622636e-01  -5.0215148e-02  -3.8833808e-01   4.0340889e-02  -3.1251045e-01   1.2587561e-01  -1.1823830e-01  -1.3913769e-01  -1.0432952e-01  -1.2848354e-01   6.8291915e-02   3.5827490e-01  -2.6870189e-01  -1.4039588e-01   2.0473184e-01  -8.1251889e-02  -1.0390281e-01   5.2013295e-03  -2.6110322e-01  -3.2208506e-03   6.9444132e-01   2.3310214e-01  -4.5127554e-01  -3.0400910e-01  -4.6519497e-01  -7.4354428e-02   9.3767700e-02  -1.9871889e-03   8.6818357e-02   4.1689344e-01  -9.8894849e-03  -5.2804436e-01  -5.0416223e-01   1.7454921e-01  -2.3377143e-01   1.7793775e-01  -1.0827508e-01  -4.6778286e-01  -1.2761332e-01  -2.2717724e-01   4.5393155e-01  -6.0668719e-02   5.4778661e-02  -2.2747416e-01  -2.2404503e-01   1.9770688e-01  -5.7680299e-02  -9.2100650e-02  -3.5471552e-01  -2.6847553e-01  -1.3205287e-01   1.7465580e-01   5.8966459e-02   3.1941051e-01  -1.9537076e-01   3.4120366e-02   1.5128513e-02   3.5379698e-01  -2.3005951e-01   2.6138905e-01  -1.5553895e-01   2.2702629e-01   3.2099804e-02  -2.7134914e-01   1.7362719e-01  -1.0815292e-01   2.1507767e-01   3.7160945e-01   6.1888308e-02   8.3010457e-02  -3.6504908e-03   3.1059830e-01   2.9307829e-02  -1.9709028e-01  -3.6063193e-02  -3.0181070e-01
  -3.9533212e-01  -2.7641853e-01   3.3796096e-01   2.1481630e-01   2.4278468e-01   0.0000000e+00   3.5299908e-01  -3.2301840e-01  -3.7157965e-01   1.6790208e-01   2.0230510e-01   7.1699634e-02   3.8131031e-01  -6.4696038e-02   2.0081606e-01   6.4528242e-02   3.1118971e-01   4.3345481e-01  -1.6193235e-01   9.5846197e-02  -4.8040200e-01   3.6434039e-02   4.8170110e-01  -2.6682275e-01  -1.6327268e-01  -6.5790280e-02   3.1070138e-01   1.9293812e-01  -3.1637159e-02   2.0167462e-01  -3.9888452e-01   3.0336197e-01  -1.0629103e-01   3.7690810e-02  -4.4111497e-01   4.9791067e-01  -2.2778326e-01  -1.0015657e-02  -5.5660961e-02   2.7328838e-01   1.5784758e-01  -6.9359347e-02  -8.0367887e-02   5.7973182e-02   9.0935328e-02   4.3685423e-01   4.7842635e-01  -7.7551632e-02  -4.1185870e-01   1.5361478e-01   3.9030275e-01  -3.2409998e-01  -3.4632727e-01  -1.2580255e-01  -1.5118007e-01   4.0199213e-01   2.9957848e-01  -7.1754370e-02   2.9419507e-01  -7.1038947e-02   4.1442945e-01  -9.0595923e-02  -2.0149732e-01  -3.1567917e-01  -5.7507250e-01   2.2709967e-01   7.5544972e-01  -1.3651028e-01   3.0501916e-01   5.6508031e-01  -2.4202512e-01   2.1267044e-01  -2.3024528e-01   2.1467028e-01  -7.6068405e-02  -2.7977295e-01   4.2561396e-01  -2.1143217e-02  -1.0553138e-01  -1.1459186e-01   4.3121915e-01  -1.3635442e-01   1.3927420e-01  -4.2375612e-02   8.3603774e-02  -1.1593461e-01  -4.0240449e-01  -8.5766915e-02  -1.5242939e-01  -3.0398616e-01  -6.3388385e-02   4.0644227e-01  -1.7375878e-01  -6.5297576e-03   8.2183785e-02   1.5855047e-01  -1.6658282e-01  -6.2450541e-02  -1.4665873e-01  -1.2655876e-01   7.0276775e-02   4.1897121e-01   2.2568145e-01  -4.2793745e-01   4.3563421e-01   1.2209826e-01  -2.0042622e-01   9.2900169e-02  -3.3039044e-01   2.8150773e-01   1.8446902e-01   3.7463524e-01  -3.1784820e-03  -3.0265472e-01   1.6559631e-01  -3.8481612e-01  -1.1466138e-01   2.7476321e-02   4.8663478e-01   1.3744234e-01   1.4559408e-01  -1.0213084e-01  -2.7842989e-01  -4.8135351e-01   1.7230821e-01   3.9385975e-02  -1.9345000e-01  -2.8447855e-01   1.0537896e-01   4.1152946e-01  -3.0466243e-02  -1.8321727e-01   7.6764327e-03  -2.5866637e-01   4.6592121e-02  -2.3790493e-01  -2.1768386e-01  -1.9074672e-02  -1.1396643e-01  -4.6777497e-01  -1.6192918e-01   1.3749067e-01   1.3836218e-01   6.7816635e-01   1.7163609e-01  -2.6124511e-01   1.1052256e-01   2.8683057e-01   6.3170818e-01  -4.2062771e-01   1.8112996e-02  -1.0749472e-02  -1.0052916e-01  -3.5602061e-02   3.5098262e-01  -2.8588448e-01   2.8731161e-01   6.5427918e-02   2.8730292e-01   1.9697121e-01  -1.9916739e-01   2.5855247e-02   3.1917646e-01   3.6055508e-01  -1.4669975e-01  -3.2034919e-01   2.4556978e-01   4.0621597e-01   4.1750190e-02  -6.7147706e-02  -1.0059482e-01   1.1990659e-02  -8.2433419e-02   6.9445437e-01  -8.0956595e-02   1.4556043e-01  -1.6069513e-01
  -1.0402794e-01  -3.2559243e-01   2.0870205e-01  -1.8748161e-02   8.9042499e-02   3.5299908e-01   0.0000000e+00  -2.2659800e-01  -1.1027198e-01   2.4956621e-01   1.3677639e-01   1.2417680e-01   1.8067000e-01  -2.6677046e-01   1.5394167e-01  -8.8996855e-02   1.1458883e-01   3.1414175e-01  -1.4320571e-01   1.1705181e-01  -1.1092955e-01   3.9316799e-02   5.6769583e-01  -6.5222977e-02  -1.6017781e-01  -2.7967129e-01   1.7369646e-01  -7.6654855e-02  -1.6482007e-01   1.6280978e-01  -2.9384168e-01   1.3777023e-01  -2.3267602e-01   3.6341022e-01  -6.5038474e-02   3.6485311e-01  -2.0091157e-01  -1.3458314e-02  -2.2821213e-01   2.1123371e-01   4.6216107e-02  -2.4345822e-01  -1.7688354e-01  -9.2220586e-02  -1.5277106e-01   1.9747081e-01   2.5443620e-01   3.6569608e-01  -4.8578498e-01   4.0837761e-02   3.9394629e-01  -2.9376048e-01  -2.9977519e-01  -1.9913649e-01  -3.4707084e-01  -7.1501279e-03  -3.3679436e-02   9.6159105e-03   1.8381840e-01  -4.0624566e-02  -2.6620932e-02  -1.3029483e-01  -2.6573835e-01  -2.7272156e-01  -3.2499864e-01   3.4226130e-01   2.5123800e-01   6.0053697e-02   1.0569307e-03   4.1698402e-01  -5.8888868e-02   1.1028065e-01  -8.2247121e-02  -1.4240476e-01  -1.5308899e-01  -1.5018650e-01   1.1044986e-01   5.5531708e-02  -2.1559148e-01  -3.0858906e-01   4.5297460e-01  -2.0736749e-03  -1.3391164e-01  -2.8755792e-01  -3.7061844e-01  -8.2298654e-02  -4.0360613e-01  -1.6743178e-01  -6.0938457e-02  -1.5424998e-01  -1.9039427e-01  -9.3264105e-04   1.0710425e-01   1.7164133e-01  -2.5405932e-02  -6.6662282e-02  -1.4713779e-02  -1.3773829e-01  -1.2698380e-01   1.1083859e-01  -1.3570988e-01   4.7274485e-01  -8.9927908e-02  -3.0790543e-01   4.4286412e-01   2.8855232e-02  -2.3670606e-01   4.0029519e-03  -2.5972384e-01  -2.5332909e-02   1.5560095e-01   3.6044078e-01   1.0275170e-02  -1.0826792e-01   8.4955221e-02  -4.1841260e-01  -2.7289960e-01   1.0054615e-01   6.9391279e-03  -5.1941812e-02  -1.1307039e-02  -1.4545620e-01  -5.0110095e-02  -2.8353981e-01  -2.9371198e-03   1.6809235e-01   2.0603976e-01  -3.0442239e-01   2.0591680e-01   1.2662777e-01   4.6626871e-02  -1.8640642e-01  -2.8666388e-01  -1.1533176e-01  -4.0314340e-02  -2.0144668e-01  -2.2104291e-01  -2.3655661e-02  -4.6636736e-02  -9.8504955e-02  -3.6924202e-02  -5.7184469e-02   2.4393192e-01   1.8557353e-01   3.0659532e-01   1.2669698e-01   3.6240874e-01   1.3978186e-01   4.2063731e-01  -1.3641649e-01  -1.2313622e-01  -1.6392818e-01  -1.2352740e-01  -1.2679187e-01   1.3491554e-01   2.4158348e-03   1.4754886e-01   5.7424950e-02  -6.8964684e-02   1.0083764e-01   1.8843866e-03   1.0438051e-01   2.2061985e-01   3.1932211e-01  -1.9737993e-01  -1.5112506e-01   1.2262619e-01   6.8473846e-02  -6.8803724e-02  -3.6087014e-01   2.9474950e-02   1.0399372e-01   2.2116726e-02   2.5490765e-01  -1.9876904e-01  -1.0128616e-01  -1.4881664e-01
   3.8704607e-01   2.2527564e-02  -3.3709097e-01  -1.4440000e-01  -1.8162484e-01  -3.2301840e-01  -2.2659800e-01   0.0000000e+00   1.1715507e-01  -2.5764529e-01   7.5652908e-02  -3.3479504e-01  -2.0708693e-01   5.0470965e-02   9.5608847e-02   1.4401327e-01  -3.5080857e-01  -3.4761630e-02   3.2928239e-01  -8.0963669e-02   2.1274363e-01   3.3888308e-01  -1.4792282e-01   2.3284455e-01   1.4580409e-01   4.0729561e-01  -1.0237205e-01   6.1028660e-03   5.2825164e-04   7.9706399e-02   2.5186827e-01   1.6311453e-02   1.6826374e-01  -3.0499294e-01   2.6403533e-01  -1.9643400e-01   2.7571182e-01  -1.0878206e-02   1.2430151e-01  -3.5509536e-01   1.8236846e-02   1.4415625e-01   3.2177438e-02   7.6314833e-02   1.7363549e-01  -2.1171120e-01   6.8613617e-02  -1.7861741e-01   4.0594050e-01  -2.3928862e-01  -4.2659880e-02   6.7443265e-01  -8.3075352e-03   5.5277157e-02   4.5996790e-02  -1.2007628e-01   1.0649804e-01   4.8730180e-01   9.4558117e-02   1.6936502e-01  -2.2882226e-01   1.4803106e-01  -6.2750699e-03   1.5559035e-02   4.1969504e-01  -1.9880235e-01  -1.9058571e-01   1.5827482e-01   1.1698033e-01  -3.6010279e-01  -2.0488433e-01  -2.6919403e-02   1.8173028e-01   9.8694825e-02   1.0149532e-01   2.7842558e-01  -9.9238161e-02   3.5678879e-01   1.4404283e-02   1.7279648e-01  -2.4506762e-01   2.0540825e-01  -3.2321847e-01   5.6966457e-01  -1.7537741e-01   4.0826398e-01   2.0703553e-01   6.9210500e-02   7.8446077e-02   4.5174345e-01   4.3931538e-03  -1.7814376e-01  -1.4544790e-01   1.0446908e-01   1.0971596e-01  -1.1834968e-01   1.0407302e-01   4.0747082e-01   1.5715094e-01   1.2291565e-01  -3.3889951e-01   7.2572655e-02  -1.1166208e-01   2.2878483e-01  -4.1263252e-02   3.1162428e-04  -6.1245009e-02   2.3600513e-01   3.4211035e-01  -1.6929162e-01  -3.7889167e-01   1.4838355e-02   4.5736419e-02   4.5156931e-01  -1.7904106e-01   1.9998981e-01   3.4511201e-01  -1.3725579e-02  -3.7013824e-01  -1.1704226e-01   2.5236035e-02  -2.4088791e-03   2.3444212e-01   3.8257565e-01   1.4319333e-01   2.4960466e-01   3.4098320e-01   1.0614166e-01   1.4186918e-01  -4.3099930e-01  -5.6870507e-02  -1.8734174e-02   2.0594386e-01   5.7543748e-02   1.2607031e-01   4.5703084e-01   1.0154141e-01  -1.3047969e-01   2.8403928e-01   4.5448171e-01   2.2142304e-01  -1.8153063e-01   4.0221250e-01  -4.5918911e-01   8.9905350e-02   3.1488746e-01  -3.5843080e-01   2.3660227e-04  -2.5405796e-01   2.0744704e-01   1.6333922e-01   1.1670618e-01   7.0923209e-02   1.1736238e-01  -2.9368534e-01   2.5675323e-01  -6.1071338e-02   2.2238271e-01  -9.4615612e-02  -1.1893631e-01   1.2037389e-01   4.7948360e-01  -2.5107161e-01   1.2497697e-02   3.3587001e-01   1.4334341e-01   1.1880116e-01  -1.0752237e-01   1.1047070e-01  -1.5341412e-01   3.3819479e-02  -4.9421679e-02   2.2829272e-01  -2.4882787e-01   9.0665198e-02  -1.9816908e-01   6.1538679e-01
   4.2273715e-02   5.0739614e-01   5.0181693e-02   2.4323841e-01  -3.1910043e-01  -3.7157965e-01  -1.1027198e-01   1.1715507e-01   0.0000000e+00  -1.8380152e-01   1.2902269e-01   7.5892451e-02  -1.4680965e-01  -5.5821383e-02  -2.0947983e-01  -1.8278871e-01  -2.8483841e-03  -7.5669645e-02  -3.7430076e-02  -3.3607455e-01   4.1235538e-01   7.8495219e-02  -2.7979436e-01   1.5386508e-01  -1.7154827e-01  -6.8028941e-02   8.8697440e-02  -1.0173854e-01  -9.4851184e-02   9.7752114e-02   3.7305290e-01  -1.8064972e-01   4.8102428e-02   5.4278723e-02   4.5148008e-01  -9.2033494e-02  -7.1367974e-02  -2.2900866e-02  -1.5380623e-01  -2.9014585e-02   3.2438127e-02   1.0536092e-01   1.8293649e-02   6.6658497e-02  -2.1641609e-01   8.7032467e-03  -2.1507730e-01   2.1741077e-01  -6.5755349e-02  -7.3894803e-02  -1.1466218e-01   1.2011205e-01   3.4853425e-01   4.1741314e-03  -2.8688539e-02  -2.9797900e-01  -2.3287513e-02   8.6556699e-02   4.7551397e-02   2.8678464e-01  -2.5824091e-01  -1.6687802e-01   5.6474667e-01   2.5107672e-01   4.2499979e-01   5.7920764e-02  -3.8976324e-01  -2.9017415e-01  -9.8993346e-02   3.7380714e-02   3.2089438e-01  -2.7692337e-01   3.1055924e-01   6.8749182e-03   7.3243225e-03  -4.7310576e-02  -2.0888863e-01   4.4508597e-02   1.7494441e-02   1.3577315e-01  -1.6661051e-01   4.3301347e-02  -5.6417072e-02  -2.0301412e-02  -1.8235526e-02   6.5306346e-02   1.4182188e-01   8.6355300e-02   9.1357235e-02   1.5663343e-01   3.9679488e-02  -2.3385955e-01   1.1842030e-01   5.1327263e-01  -7.1232441e-02  -3.9084532e-01  -2.5274685e-01   4.7872481e-02  -1.7973518e-01  -1.6174820e-01  -9.7995877e-03  -5.4517035e-02  -3.6136882e-01   5.3442894e-01  -6.4716388e-02   1.3073598e-01  -1.4068909e-01  -1.0430546e-01  -2.5431653e-01  -1.0528848e-01  -3.9461704e-02  -1.6588915e-01  -2.6190163e-01   5.8482851e-02   3.1109883e-02   1.5422180e-01   7.2645646e-03   3.4467386e-01  -1.7085423e-01   1.8292951e-01  -2.0589786e-01  -8.6117636e-02  -1.2698141e-01   5.5454643e-01   7.2965542e-03  -9.2520815e-02   7.1753993e-02  -6.2736094e-02   1.1341382e-01  -6.3920146e-03  -2.0378616e-01   3.0920978e-01   3.0293722e-02   1.4674798e-01   3.2006600e-02   7.6160413e-02  -4.5126892e-02  -5.4428055e-02   1.2454261e-01   9.5917055e-02   9.0584332e-02  -3.0849874e-01   1.7707877e-02  -1.8889296e-01  -1.0431495e-01   1.3382653e-01   1.6014374e-01   1.5512230e-02  -3.4739858e-01   2.1770702e-01   1.5511799e-01  -2.0672320e-01  -6.0655994e-02   3.4990935e-01   8.9647608e-02   1.6603676e-02  -1.5963474e-01  -1.7708527e-02  -1.6415796e-01  -1.8375417e-01  -1.9203394e-01   3.0644296e-01  -1.1742996e-01  -9.0751530e-02   1.1674345e-01   1.5948203e-01   1.6840857e-01  -1.6924035e-01  -1.5241764e-01  -8.9337132e-02   2.5104673e-01  -1.9305496e-01  -1.3674749e-01  -2.2097704e-01   1.7951730e-02   1.4706702e-01   1.0639991e-01
  -2.2949839e-01  -1.4043788e-01   2.5320249e-01  -1.7957537e-02   1.9320213e-01   1.6790208e-01   2.4956621e-01  -2.5764529e-01  -1.8380152e-01   0.0000000e+00  -3.2965872e-01   2.9941861e-01   1.2788125e-01  -7.5700679e-02  -1.5738279e-01  -3.4584801e-02   1.3431832e-01  -8.0036007e-02   1.0331698e-01   2.5771815e-01  -1.6324064e-01  -1.4728879e-01   8.4856088e-02  -3.5759579e-01  -1.2480411e-01  -2.7871164e-01  -1.3532506e-01  -1.2438702e-01   2.0903580e-01  -1.3730453e-01  -2.5820296e-01  -3.1129914e-01   6.1709516e-02   4.3842039e-01   4.2134726e-02   3.4472881e-02  -1.3954985e-03  -5.4158871e-02   1.3650332e-03   2.9128073e-01   8.3001259e-02  -1.5736774e-01   2.2066141e-01   8.4109128e-02   1.5453944e-02  -2.0626336e-01  -2.2944020e-01  -2.7185802e-05  -5.2475851e-02   2.7054224e-01  -2.0752967e-01  -2.1202048e-01   5.4202611e-02   1.5054549e-01  -1.9511764e-01   1.0357356e-01  -6.4213753e-02  -2.9255113e-01  -1.1026448e-01  -1.8915590e-01  -7.8760689e-02   7.0977847e-02   1.3505536e-01  -1.3249033e-01  -2.6495936e-01   2.1062425e-01   1.1401510e-01   3.6261238e-02  -1.0096862e-01   5.5524344e-02   1.7014718e-01   1.5308625e-01  -1.6981602e-01  -1.8909620e-01   1.0112717e-01  -2.2226697e-01  -2.2279698e-01   2.5782310e-01   2.2503390e-02  -2.0548170e-01   8.2724470e-02  -9.6152499e-03   2.7516376e-01  -1.7459502e-01   9.3120814e-02  -2.7954981e-01  -9.7643526e-02  -1.0268481e-01  -4.5857295e-02  -3.4214607e-01  -1.2034177e-01   9.6510892e-02   5.0803684e-01  -1.0410692e-01  -3.7233172e-01   3.8209908e-01   8.0857184e-02  -2.3382597e-01  -6.3407539e-02   2.7848078e-01   1.8671639e-01  -1.1245732e-01   8.2564854e-03  -1.1414131e-01  -2.9459142e-01  -2.9419722e-01   6.8424446e-03  -4.2764647e-01  -1.8806688e-02   1.9089361e-01   4.7766404e-01  -3.5808754e-01   2.8231240e-01  -3.7971257e-01   2.2818026e-02  -1.1053902e-01  -1.5333333e-01  -1.7238513e-01   1.7976003e-01  -4.1002129e-02  -2.5077362e-01   2.3519364e-01   5.2968800e-02  -4.5734851e-01  -3.2578562e-01  -2.4332341e-01  -9.5472346e-02   8.0566970e-02  -1.0239656e-01   7.2803158e-02   9.9620404e-02  -5.4436179e-02  -3.6380566e-01   1.0697068e-01  -1.1430220e-01  -2.4059415e-01  -9.6600926e-03  -9.5297750e-03  -4.8987741e-01  -2.6399630e-01  -2.4288480e-01   9.5274271e-02  -4.5040031e-01   1.9808127e-01   1.0897981e-01  -1.3997824e-01   4.5899841e-01  -8.4472491e-02   2.0575200e-01   1.5665553e-01  -1.9277768e-01  -6.6557388e-02  -1.2715913e-01  -2.1529418e-01   1.9410527e-01  -1.6433059e-01  -1.9139981e-01  -1.2980476e-01  -1.0508416e-01  -1.4186884e-01  -5.5230101e-02  -3.1689965e-01   3.5858734e-01  -2.2088734e-01  -3.9137433e-01   1.3898704e-01  -2.5193108e-01   7.7334904e-02  -1.7150059e-01   2.6171484e-01   9.8783017e-02  -2.1981254e-01  -6.2071093e-02   1.6086949e-01  -1.4613708e-01   5.5363852e-02  -3.5865356e-01
   6.6898530e-02   8.6674153e-04  -2.1694961e-01   2.0735248e-02  -1.4118866e-01   2.0230510e-01   1.3677639e-01   7.5652908e-02   1.2902269e-01  -3.2965872e-01   0.0000000e+00  -1.9855630e-01  -1.0626798e-01  -2.2489021e-01   1.8319222e-01   1.4942142e-01  -1.3890653e-01   4.9461806e-01  -3.1253494e-02  -1.4482167e-01  -1.9867807e-01   1.0187914e-01   3.5985489e-01   1.5550384e-01  -5.7889991e-02   1.0542644e-01   1.4376404e-02   1.8959945e-01  -1.5082830e-01   3.6673543e-01   5.0047752e-02   3.7649560e-01  -2.2804061e-02   8.2664409e-03  -1.8615519e-01   4.0999913e-01  -2.8100624e-02  -1.3492440e-02   8.2033130e-02  -3.6122295e-01  -2.9515240e-02  -3.2204894e-02  -2.2955243e-01   1.3010881e-01   7.1478546e-02   2.5869520e-01   5.6061062e-01   7.2235699e-02  -2.0366338e-01  -4.2573091e-01   3.3081238e-01  -1.0521286e-01  -2.8319235e-01  -4.1063024e-01  -2.5715040e-02   6.6519114e-03   7.1569195e-03   2.1257503e-01   3.5871278e-01   1.3956976e-01  -2.7273672e-02  -7.6840604e-02  -2.8381323e-01  -5.4004175e-02  -6.7806478e-02   3.4389420e-01  -2.1428627e-02   5.0802831e-02   3.9012561e-01   1.0436305e-01  -4.5494221e-01   9.8982834e-02   2.0954718e-01   2.9539633e-03  -2.0763658e-01   1.4066990e-01   1.3153889e-01  -2.3279253e-03  -9.6300243e-02  -1.1515071e-02   2.5858515e-01   2.5098066e-01  -2.8160237e-01   7.6809319e-02  -3.3418268e-01   2.3693125e-01  -3.9905355e-01  -2.1603700e-01   1.3009609e-01   1.7501722e-01   6.2835408e-02  -1.4892837e-01  -4.4532608e-01   2.4710101e-01   1.3428782e-01  -3.2054112e-01  -7.6428595e-02   1.1872758e-01  -1.8972446e-02  -3.4600511e-01  -3.3622232e-01   4.5338560e-01   2.1145681e-01  -1.5725713e-02   5.3858508e-01   1.5435113e-01  -3.6840773e-01   1.8935279e-01  -2.5336096e-01   1.2615212e-01  -1.7162071e-01   3.9140696e-01  -7.4700083e-02   1.1732808e-01  -1.3276182e-01  -2.5886228e-01  -1.5819842e-03   2.1388451e-01   6.1961043e-02  -1.8732022e-02   2.0897158e-01  -2.3752212e-01  -5.8826676e-02   1.4103215e-01   2.1790429e-01   1.5691211e-01  -1.5311977e-01  -4.1330030e-01   1.0299278e-01  -3.1642589e-03   9.0925619e-02   2.6737095e-01   2.1972617e-01  -1.7539655e-01  -1.4534034e-01   1.4525729e-01  -3.1618521e-01  -4.5170632e-02   3.7957929e-01   6.0659970e-02   2.3247263e-01  -1.3541382e-01   3.8672117e-01   6.7789828e-02   2.9022471e-02   1.7084590e-01  -4.4476003e-01   5.0475056e-01   3.9455220e-01  -2.3088003e-01  -6.7817611e-02   2.3450822e-02  -1.2368312e-01   3.2854358e-01  -1.2626353e-01   3.8327474e-02   2.2142087e-01   2.1574465e-01  -1.2171127e-01   3.6041636e-01   6.0059941e-02   5.1947214e-01   9.7918313e-02   5.6690545e-01   3.5411179e-02  -2.8722486e-01   7.3173163e-01   6.7237165e-02   1.3521958e-01  -3.8210297e-01   4.0088953e-02   5.8286367e-02   2.5080711e-01   1.4121366e-01  -2.5669580e-02  -2.2220423e-01   1.5189493e-01
  -3.8619995e-01   3.0016851e-01   6.0771887e-01   2.0660957e-01   2.1556898e-02   7.1699634e-02   1.2417680e-01  -3.3479504e-01   7.5892451e-02   2.9941861e-01  -1.9855630e-01   0.0000000e+00   2.0076837e-01  -9.0976032e-02  -1.1359455e-02  -8.7006181e-02   4.6462530e-01  -2.4950596e-01   5.8407952e-02  -1.0011994e-02  -3.2880662e-01  -1.3882214e-01  -8.5673177e-02  -2.9896616e-01   1.0187965e-02  -3.0463188e-01   2.9515024e-01  -3.4898540e-01   1.9152018e-01   5.5033112e-02  -5.3482844e-02  -2.6615060e-01  -1.1961833e-01   4.9155926e-01   3.1098299e-01  -8.8049385e-02  -3.3609794e-01  -1.4319662e-01  -1.5517599e-01   5.1315635e-01  -4.2349097e-03  -1.1450914e-01   3.8658618e-01  -2.4972527e-01  -1.1678994e-01   1.6233621e-01  -1.3587511e-01  -1.4164032e-02  -3.8275896e-01   4.4058141e-01  -1.5324912e-01  -2.3455746e-01   2.3528847e-01   4.0099408e-01   5.5118104e-02  -1.8473929e-01  -1.1758034e-01  -2.8929011e-01  -1.6914892e-01   3.2875061e-01   1.5949868e-01  -1.2687650e-01   4.4312365e-01  -1.5605251e-01  -3.7080054e-01   8.5025779e-02   3.8146515e-02  -3.3680450e-01   1.3413666e-01   2.6187919e-01   3.3252351e-01   3.1999044e-02  -4.3741554e-01   3.8534666e-02   2.2603190e-01  -1.8073821e-01  -1.1507749e-01  -2.4669613e-01  -2.4922557e-02  -1.9042612e-02  -9.2643027e-02  -1.8439909e-01   1.8996904e-01  -3.8805992e-01   2.5560421e-01  -1.8827969e-01  -2.3820677e-02   2.1502426e-01  -2.8988015e-02  -3.7349295e-01  -1.6285988e-01   1.9777457e-01   6.1944213e-01   2.6562451e-01  -3.8307302e-01   1.9940756e-01  -1.2338340e-01   3.9246668e-02  -2.1606084e-01  -1.2130571e-01   2.0765616e-01  -5.9325352e-02  -1.9924891e-03   1.4963066e-01  -2.1691926e-01  -5.4494020e-02   2.4619485e-01   1.3308918e-01  -2.5985321e-01   1.9066250e-01   2.8455448e-01  -9.0383665e-02   1.4214678e-02  -4.2100086e-01  -1.3773141e-02  -5.4472484e-02   2.0601568e-02  -9.9490161e-02   5.9866085e-02   2.3871374e-01  -3.7837648e-01   2.4988350e-01  -1.0471220e-01  -3.8093352e-01  -2.2550039e-01  -1.5541416e-01  -4.0172020e-02   1.5334487e-01  -6.3622655e-03   2.0302237e-01  -2.1805510e-02  -6.1982833e-02  -1.5354911e-01  -5.0588526e-02   9.9844093e-02  -1.5509760e-01   2.9395711e-01  -6.4793210e-02  -1.4051212e-02  -4.1887839e-01  -3.6636335e-01   7.5191432e-02  -4.3203843e-01   1.1206494e-01  -4.6283307e-02  -3.6925137e-01   6.8924173e-01  -3.8381028e-01   1.9626766e-02  -2.0170517e-01  -2.0469865e-01  -1.0025828e-01  -1.1836565e-01  -8.8980261e-02   4.9826785e-01  -3.1292612e-01  -2.8410984e-01  -2.0684249e-01  -2.2838145e-02   9.8265413e-03  -2.8672088e-01  -2.8741925e-01  -1.0187576e-01  -3.1120188e-01   6.0663083e-02   2.2048279e-01   8.2860023e-02  -2.1561183e-01  -2.5758130e-01   4.3380227e-01   1.7866078e-01  -2.8964381e-01  -3.6739353e-01   1.1067369e-01  -3.3784948e-03   3.4748857e-01  -2.2947132e-01
  -3.1392486e-01  -2.1665313e-01   3.8392980e-01   4.0748279e-01   3.1700014e-01   3.8131031e-01   1.8067000e-01  -2.0708693e-01  -1.4680965e-01   1.2788125e-01  -1.0626798e-01   2.0076837e-01   0.0000000e+00  -2.0643925e-01   6.9991742e-02  -1.3130621e-02   3.8912629e-01   2.8773260e-01  -1.7642682e-01   1.5074372e-01  -2.9860545e-01  -6.9754363e-03   1.8581599e-01  -2.2051430e-01  -1.6731976e-01  -1.1745987e-01   3.8090640e-01  -3.2599550e-03   8.4783004e-03  -2.1608778e-01  -4.4694559e-01   8.5234737e-02  -3.4491028e-01  -2.3451854e-02  -8.4934556e-02   3.7868557e-01  -2.6989407e-01  -1.2400478e-01  -2.0534144e-01   3.1625687e-01   5.0791747e-01  -1.3083801e-01   3.1547208e-01  -8.1687990e-02  -4.5427729e-03   2.6502512e-01   9.8813883e-02  -2.9794682e-01  -3.5373677e-01   3.3164892e-01   4.4340076e-01  -2.5137949e-01  -2.4828701e-01   3.1392052e-01  -6.2829402e-02   1.9858847e-01   1.2362969e-01  -3.3973736e-01   2.0286166e-01  -1.4313852e-01   2.5535189e-01   2.6214866e-01   7.2589063e-02  -2.5577131e-01  -3.4899511e-01   1.9603609e-01   3.8635250e-01  -3.4869338e-01   1.1657561e-01   3.6176869e-01  -7.1630061e-02   2.5925023e-01  -1.6272077e-01   2.8879799e-02   1.4662366e-01  -1.8783361e-01   2.4522367e-01  -1.4418802e-01   4.4980314e-02   1.3035678e-01   2.0190541e-01  -1.3474793e-01   1.4464220e-02  -2.0432875e-01   2.1728220e-02  -1.7477762e-01  -2.6718870e-01   2.9202846e-01  -3.0315949e-01  -3.0031020e-01   6.4965942e-02   2.4242770e-01  -9.2201789e-04   9.8768934e-03  -2.0447439e-02   1.2449668e-01  -2.4471302e-01   5.4103761e-02  -2.1708333e-01  -5.4244193e-03   6.3100261e-02   8.2656993e-02   1.2406854e-02  -3.3927224e-01   3.0272762e-01   2.4380747e-01  -1.3879547e-01   1.3926157e-01  -1.6304480e-01  -1.8626540e-01   5.0885090e-02   1.2120122e-01  -1.0693266e-01  -3.1802314e-01   1.2987562e-01  -2.8356651e-01  -5.7993977e-02   3.5029942e-01   7.0156776e-02   4.3910382e-01  -6.5564260e-02   1.1868759e-01  -3.9364141e-01  -3.3066668e-01  -1.0326042e-01  -1.6152274e-01  -8.9971054e-03   4.8733586e-02   2.6971753e-01   1.9432427e-01   3.0629213e-01  -2.8741893e-01  -2.4205901e-01  -3.7319045e-01   4.3258364e-01  -3.5556687e-01   2.9082023e-01  -6.5647796e-03  -2.0852646e-01  -3.1163738e-01  -3.2292473e-01   4.0328578e-01  -8.2000157e-02   2.9961658e-01   9.9789378e-02  -2.2085679e-01   2.6284107e-01  -1.2215852e-01   8.6918337e-02  -4.1227956e-01  -1.3879515e-01  -7.5409252e-02  -9.9985352e-02  -1.9180205e-01   2.6050385e-01  -2.5234331e-01   6.3338353e-02   1.6889510e-01   2.7250803e-01   1.3359054e-02  -3.9112925e-01  -1.4597194e-02   1.2743746e-03   2.6447352e-01  -1.3347174e-01  -7.9332262e-02  -4.7851273e-03   1.0569378e-01  -2.0511867e-01  -8.6016503e-02  -7.1843152e-02   4.0806272e-02  -1.7923396e-01   2.3652183e-01   6.8351274e-02   5.0052385e-01  -3.3652800e-01
   1.8926097e-02   7.1803602e-02  -3.5779821e-01   2.0096443e-01  -5.2840511e-01  -6.4696038e-02  -2.6677046e-01   5.0470965e-02  -5.5821383e-02  -7.5700679e-02  -2.2489021e-01  -9.0976032e-02  -2.0643925e-01   0.0000000e+00   2.3318016e-01  -1.0730872e-01  -3.9186032e-01  -3.8990712e-01   8.4137413e-02  -5.0471853e-01   2.3147607e-01   2.3207515e-02  -7.3677268e-02   2.0438164e-01   2.5241657e-01   1.7287961e-01  -3.8987116e-01   2.6462351e-01   1.9400898e-02   1.5683698e-01   5.0934806e-01  -4.4462070e-03   3.2732645e-01  -1.5524925e-01  -7.2703734e-02  -4.5391971e-01  -5.4164882e-02   1.7779662e-01  -9.6009869e-02  -2.2070901e-01  -3.6028772e-02   2.8604313e-01  -3.9491762e-01   2.3866293e-01  -2.3395348e-01  -2.5828428e-01  -1.9616156e-01   1.9145589e-01   3.1519636e-01  -3.5788334e-01  -1.5664764e-01   2.5874696e-01   1.1726031e-01  -5.1934762e-02   5.7655003e-01   1.1611447e-01  -1.2054723e-01   2.3302589e-01   1.2805201e-01  -2.4890162e-01  -1.6034681e-01  -4.3296493e-02   1.3124485e-01   5.9157699e-01   1.8732440e-01  -5.3346344e-01  -1.9928669e-02  -1.4820527e-01  -9.1705523e-03  -2.5025693e-01   3.0780747e-02  -4.2823127e-01  -3.4684702e-02   3.1504342e-01   1.5341424e-01   7.0553219e-03  -1.7804312e-01  -9.6483967e-02  -3.7500330e-01  -8.2487307e-03  -1.2701034e-01   8.2035053e-03   4.3145623e-01   7.6814409e-02   4.6367142e-01   2.8719118e-01   6.8990735e-01   3.7761367e-01  -7.4618984e-02   9.5477624e-02  -4.5506949e-01  -1.8545885e-01  -3.0713867e-02  -1.2861120e-02   1.2970727e-01  -3.6109686e-01  -1.6879602e-01   2.3452351e-02  -1.8613630e-01   1.6431339e-01   4.1570624e-01  -8.8652941e-02   2.8458518e-01   1.5679227e-01  -2.7076137e-01   2.4182592e-01   1.4186814e-01   2.7538224e-02   2.9577041e-01   2.8530549e-01   2.1429604e-01  -2.1631985e-01  -2.3309367e-01   9.1845504e-02   2.6172547e-01  -3.3459276e-02  -1.8343989e-02  -6.8857664e-02   2.1337456e-01   1.2772167e-01  -4.3712304e-03  -4.5955708e-01  -1.0285971e-01   1.9665159e-01   1.3957661e-01   4.1060269e-01   2.2972670e-02   9.5462994e-02  -1.6541180e-02   8.3800635e-02  -4.1794619e-01  -9.0410408e-02   5.6795672e-01   6.1896631e-01  -8.2105986e-02   1.3373285e-01  -8.1749164e-02   3.0830785e-01   1.3169640e-01  -3.8417999e-02   1.2741755e-01  -3.2077923e-01  -1.2569402e-01   5.7730282e-02   1.7270187e-01   1.0359072e-01  -1.8657257e-01   1.8677671e-02   6.6455068e-02   2.9872650e-01   2.6786151e-01   3.0738154e-01   1.2452308e-01  -1.0988936e-01  -1.6520175e-01  -9.1550694e-03  -6.9134925e-02  -8.3852015e-03  -1.1320704e-01   1.9718112e-01  -1.1148058e-01  -1.5849734e-01  -8.9783293e-02  -2.3651912e-01   1.6135848e-01  -9.5340438e-02  -1.4544531e-01   1.7445583e-02  -1.8102459e-01   2.5545463e-01  -2.3624847e-01  -8.7180561e-02  -3.2714549e-01   1.2586791e-01   1.5870284e-01   5.5419720e-02   1.7950867e-01
