   0.0000000e+00   7.7711944e-02   2.3303368e-01  -2.4185749e-01  -7.6646775e-02   1.1349368e-01  -6.8572671e-02  -1.8874268e-01   5.6369638e-02  -2.5759058e-01   2.6080753e-02  -1.5143155e-01   2.3001489e-01   3.6544266e-01   5.7194051e-02   3.8811515e-01   1.7746190e-01  -2.8103125e-01   2.2712781e-01  -4.8966441e-02  -2.9790606e-01   1.5632317e-01  -2.3338686e-01   5.8910245e-01   3.4300189e-02   2.8009771e-01   6.2173894e-02   1.3840759e-01   6.9930430e-02   2.6726197e-01   2.7886828e-02   1.4165498e-01  -2.9394116e-02  -1.1377887e-01  -9.8151105e-02  -1.1827966e-01  -3.3017920e-01   4.4799967e-01   1.0821154e-01  -1.4174197e-02  -1.3316861e-02  -1.6462653e-01  -7.0833682e-02  -1.3775377e-01  -3.5201697e-01   5.5760128e-01   4.1639469e-02  -1.8924083e-01  -3.1573685e-01   9.7415995e-02  -9.9139125e-03  -3.7339647e-02  -3.0597162e-01   1.9794985e-01   2.0138670e-01   9.7420821e-02   3.1408521e-02   1.2389825e-01  -5.8884926e-02   2.6136885e-01   3.2997283e-01   1.3326804e-01  -8.2731077e-02   1.1121527e-01  -3.5396759e-01   6.2876160e-02  -1.1948266e-02   1.9367465e-01   3.7815292e-02   5.3638975e-01  -1.4978255e-01  -1.1059990e-01  -1.2562046e-01   4.1094989e-01   1.9656749e-01   1.8413828e-01   5.9025631e-01  -9.1274920e-02  -1.7588743e-01   8.0936642e-02   1.1121176e-01   4.6034332e-02  -1.5575662e-02   3.1653854e-02   4.8583573e-01   1.8039474e-01  -4.1680998e-02   5.0181464e-01   2.5482010e-01   5.6976990e-01  -6.7824339e-02   3.2457437e-01  -2.8253871e-01  -7.9572885e-02   5.3391394e-01   4.0806387e-02   2.9768263e-02   1.9228195e-01   1.0113137e-01  -2.6683778e-01   2.1070165e-01   2.4746145e-01  -1.8755053e-01   2.2223938e-01   1.8293087e-01   5.9380886e-02   1.2062912e-01  -2.1040142e-02  -3.5452880e-01  -2.4710888e-01  -5.6651209e-02   1.8751447e-01   1.0491350e-01   7.9471292e-01   2.6557422e-01  -2.0921377e-01   3.2092663e-01   4.4430593e-02   3.2888038e-01  -2.0606211e-01   6.3935849e-01  -1.3261136e-01  -5.1417339e-02  -3.9317716e-01   3.8531975e-01   5.7668966e-01  -5.6913883e-02   1.2280507e-01   6.3801056e-02   1.5555890e-01   1.5003646e-01  -2.0009014e-01   3.5330058e-01  -2.7797708e-01  -1.0576672e-01  -5.7783719e-02   8.1389466e-02   8.5456013e-03   4.1067089e-02   4.2375634e-01   7.0832673e-01   1.7067542e-01   2.1485138e-02   8.8595829e-02   2.1407286e-01   6.2043674e-02  -1.8654108e-01   1.3216933e-01  -1.2184010e-01  -3.8611433e-01   4.9516073e-01  -1.3663772e-01   5.1307190e-01  -6.8603315e-02  -4.5538542e-03   4.0374923e-01   7.1516478e-01   2.6421221e-01   2.6976105e-01   1.1515809e-02   1.3160484e-01   2.6096715e-03  -2.4392237e-01   1.0933421e-01   3.3273317e-02  -3.6051956e-01  -1.0122683e-01   3.1017307e-01   5.6095247e-01  -2.3842871e-01  -1.4462537e-01   4.9418547e-01   6.8114930e-02   1.4194985e-01   2.3700855e-01  -1.6351013e-02   1.9391390e-01
   7.7711944e-02   0.0000000e+00   2.2582002e-01  -1.4383665e-01   5.1127763e-01   1.6042415e-01   2.4258627e-02   8.8211204e-02   5.2213979e-01  -3.9096748e-01  -2.7083856e-01   4.8791460e-01   3.3812329e-01  -4.2543592e-02   7.4726393e-02   2.0311486e-01   5.8008408e-01  -1.4009321e-01   1.1473461e-01   3.2148727e-01  -6.2162264e-02   1.1252670e-01   2.7627803e-02   1.9495243e-01   4.0483826e-02  -1.6077265e-01   5.5053053e-01  -2.9631410e-01   1.5083725e-01   4.1017816e-01  -5.3590601e-02   2.7289102e-01   1.2372926e-01  -2.1242002e-01  -2.5273877e-01   1.7652692e-01  -4.5366654e-01   1.8106044e-01   2.0837937e-01   6.4794142e-01   1.9653644e-01  -2.3779053e-01   1.3727256e-01   1.0563065e-01  -4.8304178e-01  -3.3371008e-02   3.0987883e-02   4.3388550e-01  -4.5612366e-01   5.2658105e-01  -4.1077776e-01  -8.7388629e-02   1.9438737e-01   1.7860900e-01  -6.8269337e-02   9.8586012e-02  -2.0325734e-01   1.7541446e-01  -1.5610563e-01   1.8648990e-01   1.3192507e-01   2.3367359e-01   1.7400607e-01  -2.5631302e-01  -3.5985963e-01  -2.1694808e-01   2.5953289e-01   2.1232196e-01   7.6569800e-02  -1.5865965e-01   6.8536888e-01  -2.5825658e-01   8.6378011e-02   7.1164951e-03   1.5985009e-01   3.4084341e-01  -1.1515914e-01  -7.4345454e-02   6.3015398e-01   3.2685513e-01  -3.8151726e-01   2.8694395e-01  -1.5115607e-01  -1.5202821e-01   6.6386151e-02   2.9962491e-01   3.9320201e-01   1.2267304e-01   4.9049979e-02   2.5835551e-01   6.2499624e-01   7.8472637e-02  -1.4066852e-02   3.5377998e-02   2.5821592e-02   4.7220819e-01   1.9208934e-01  -3.4084031e-02   1.9091711e-01  -4.0661135e-01  -8.3264615e-03  -1.5992066e-02  -3.0152233e-01   3.4188117e-01  -2.9540389e-01   3.2923358e-01   1.0158577e-01  -2.0755339e-01  -4.6714697e-01   4.7528090e-01  -4.0796378e-01  -1.1484405e-03   1.1690136e-02   1.2223263e-01  -3.0487132e-01   4.6058515e-01   6.3455029e-02   1.2259587e-01  -2.0499327e-01  -3.6658020e-01   9.1201236e-03   5.1812933e-01   2.9755575e-01   8.2547451e-02  -2.3928217e-01   1.2621430e-02  -2.5677144e-01   3.5987825e-01   1.0506012e-01   1.9829639e-01   2.5164067e-01   1.5340426e-01   2.0834595e-01   3.4066255e-01  -5.0778250e-02   2.0851713e-01   2.0851256e-01  -1.2606208e-01   1.3098780e-01   1.7394339e-01   1.0448470e-01   2.9647455e-01  -2.6859351e-01  -1.8902162e-01   1.3719131e-02  -4.0985772e-02   3.9848232e-01   6.2833234e-01  -1.8429205e-01  -4.2066355e-01  -1.7480101e-01  -2.7199700e-01  -1.9088007e-01   2.4856181e-01   7.9636770e-01   3.3925486e-01  -9.0148371e-02   2.0787702e-01   2.3796601e-01  -4.9367125e-01   2.8737462e-01  -2.0422415e-01   4.9189270e-02  -1.4415729e-01   3.5802026e-02   3.0874132e-01  -9.1666179e-02  -7.1888331e-02  -8.5922295e-02   2.9929922e-01   3.6712472e-01   9.4464589e-02   3.8582738e-02   1.3660451e-01  -2.4713256e-02   2.3735608e-01   2.5373597e-01
   2.3303368e-01   2.2582002e-01   0.0000000e+00  -2.5820357e-01   1.7428579e-01   3.8105534e-01  -5.2318536e-02  -8.2058809e-02   3.3931624e-02  -5.1466020e-02  -7.3380734e-02   2.8348040e-01   1.2705894e-01   2.2923149e-01   1.9019773e-02   1.7382200e-01   6.4958108e-01  -9.1384825e-02   2.7742475e-01   1.3948892e-01   4.9184290e-03  -1.2042497e-01   8.0058972e-02   2.8232589e-01  -2.0960706e-01   1.1065616e-01   2.3275602e-01   1.1866955e-01   8.5686854e-02   1.0177483e-01   6.6687739e-02   1.5211560e-01   3.3927140e-01  -2.9856090e-02   2.3613084e-01   1.7907284e-01  -2.5308259e-01  -7.1592515e-03   1.7399038e-02   3.5847857e-01  -5.9354674e-02   3.5010571e-01   3.8535292e-02  -1.6832716e-01  -1.3995852e-01   6.5831928e-01   8.2578189e-02   9.1897123e-02  -2.6619788e-01   3.4629067e-01   1.3883353e-01  -2.2275590e-02  -2.8538821e-02   4.5231282e-01   2.6526068e-02  -5.8772400e-02   1.2490461e-01  -5.6017847e-02  -5.7428685e-02   2.5318108e-01   3.8327012e-01   1.3330598e-01   3.3049525e-02   1.5826654e-02  -2.8415886e-01   8.0089596e-02   3.3122928e-01  -1.1280496e-01  -9.3374739e-02   5.9671914e-01   1.9916278e-01  -2.7723042e-01  -1.3020114e-01   5.6156161e-01   8.8208430e-02   1.2638687e-01   5.0533682e-01  -2.5816464e-01   4.7539846e-02  -1.2640112e-01   8.6287390e-03  -1.4803647e-01   2.9238116e-02   1.4976265e-01   4.7514622e-01   2.7853358e-02   2.6255171e-01   4.3892997e-01  -2.0265749e-02   2.6394375e-01   1.0576213e-02   6.8472247e-01   1.5882656e-01   8.4146744e-02   5.3623077e-01   1.6964847e-01   1.7002505e-01  -6.8632734e-02   2.8733637e-02  -1.1320387e-01   4.5582576e-01  -5.5268337e-02  -8.9052843e-02   2.1459245e-01   1.6235368e-02  -2.0104102e-02   2.9221372e-01  -1.6651509e-01  -1.7571746e-01   1.1869708e-02   1.0896780e-01   3.6142303e-02  -1.7618847e-01   2.5271997e-01   3.6465120e-01  -7.4153642e-02  -2.0103338e-01  -5.5941099e-03   1.7560409e-01  -4.0458469e-02   4.8576252e-01   2.5137196e-02  -1.8503197e-02  -1.8886627e-01   3.2386534e-01   4.2488994e-01   7.7043708e-03   1.8143843e-01  -1.7136614e-01   6.8033677e-01   4.9070162e-02   5.4466537e-02   2.5679491e-01  -1.0629173e-02   1.3420789e-01  -7.5525146e-02   2.9853578e-01   1.3603748e-01  -9.4174821e-02   2.5520838e-01   2.4049663e-01   9.3678588e-02  -1.9767022e-01   3.9580460e-01  -2.4082704e-02   2.4680259e-02   2.8836672e-01   1.9524168e-01   8.7214129e-02  -2.5021298e-01   5.1296778e-01  -7.3712446e-02   5.7851067e-01   1.1565968e-01   3.5519683e-01   1.1764137e-01   4.2632228e-01   2.1753640e-01   4.6731283e-01  -1.4168452e-01   3.7078354e-02  -2.0111851e-01   5.0783104e-02  -4.0963279e-02   9.9915226e-02  -1.4346371e-02  -5.6022628e-02   2.1657845e-01   4.8350183e-01   6.6500185e-02   2.0236860e-02   1.7577083e-01  -5.5463346e-02   3.7573631e-01   9.7187397e-02  -1.8885839e-01   2.3982229e-02
  -2.4185749e-01  -1.4383665e-01  -2.5820357e-01   0.0000000e+00  -2.2655070e-01  -1.5067278e-01  -2.3763380e-01   1.1169853e-01   1.6197069e-01   1.0263886e-01   1.2960467e-01  -3.1490894e-01  -3.7661990e-01  -2.4398079e-01   1.3858598e-01  -3.1405312e-01  -2.9489484e-01   2.4381718e-01  -2.7053038e-02  -2.2214048e-01   6.6601427e-02   1.0383097e-01  -1.1579851e-01  -3.3076142e-01   2.8588354e-01  -1.6083624e-01  -2.2108950e-01   1.4675864e-03  -7.9211374e-02  -1.8446830e-01  -1.4506837e-03  -5.0169531e-04  -1.9174365e-01  -1.6258670e-02  -6.6083115e-02  -2.0334746e-01   1.8683117e-01  -2.6321494e-01  -9.7353717e-02  -3.4725173e-01   2.2637406e-02  -6.3271737e-02  -1.9129638e-01   3.4016172e-01   2.4878122e-01  -2.2200351e-01   3.1645704e-02  -1.4911118e-01   4.7095879e-01  -3.0834930e-01   8.6160119e-02   2.2594758e-02  -5.6557401e-02  -1.3182994e-01  -1.6025839e-01  -7.9174934e-02   3.0494858e-02  -3.0550098e-02  -1.5841614e-04  -4.5757079e-01  -2.5512148e-01  -1.7688716e-01   2.4652405e-01   4.2918417e-03   3.7223202e-01  -2.7916579e-02  -1.7218555e-01   1.8850401e-02  -1.6824291e-02  -3.0677095e-01  -2.2600367e-01   3.6009924e-01   9.3640996e-02  -3.5433641e-01   6.6144157e-02   1.0410177e-01  -1.8023870e-01   3.9514394e-02  -3.5268423e-01   2.7925796e-01  -3.9933476e-02  -2.2994752e-02   5.9978386e-03   4.9196402e-02  -2.8250452e-01   6.8638074e-02  -2.7138959e-01  -2.2686975e-01   1.0572509e-01  -5.1495265e-01  -1.7982828e-01  -1.8996104e-01  -2.0999148e-01  -1.8641988e-01  -4.3902172e-01  -3.4182257e-01  -2.4318368e-01  -4.3677995e-02   9.9449069e-02   1.3024754e-01  -3.0783547e-01   4.3968447e-02   3.5281110e-01  -9.0806273e-02   9.5591004e-02   2.7462785e-01  -2.9065931e-02   1.0295017e-01   7.4901835e-02  -1.1583433e-01  -3.7947692e-02  -6.7844280e-02   2.0582190e-01  -3.0395431e-01  -3.0053943e-01  -2.0987796e-01   7.0295364e-02  -2.7220654e-01  -1.3765576e-01   1.8171223e-01  -2.4811923e-01  -3.4518124e-01  -2.1143153e-01   2.2370469e-01  -1.5012759e-01  -3.3080718e-01   1.4866232e-01  -4.1066538e-02   3.5241910e-01  -3.7273287e-01  -2.8911346e-01  -4.5728243e-02   1.2566584e-01  -1.7514396e-02  -4.1828992e-02   2.3418715e-01  -1.8771997e-01  -1.6613610e-01   2.0305166e-01  -5.7941073e-01  -4.1309250e-01  -2.6649279e-01   9.0649988e-02  -9.1543987e-02  -1.7462409e-01   2.0587041e-01  -3.5908754e-01  -2.3192768e-01  -1.3943325e-01   1.8188530e-01  -2.6460881e-01   1.1773813e-01  -2.5592986e-01  -1.3733523e-01  -2.6163442e-01  -9.1908780e-02  -2.6532904e-01  -1.0710715e-01  -1.1315005e-01   1.8983167e-01  -2.0741244e-01   1.9604268e-01  -1.3947188e-01   2.9717827e-01  -2.4745203e-02  -2.4202118e-01  -5.8598837e-02  -1.5403342e-01  -1.9956147e-01  -2.2494754e-01  -2.5367152e-01  -2.3947323e-01   5.6029148e-02  -7.7633743e-02  -3.3633916e-01   1.5071669e-01   1.4511972e-01
  -7.6646775e-02   5.1127763e-01   1.7428579e-01  -2.2655070e-01   0.0000000e+00   2.1359574e-01   2.1009696e-01   1.7572588e-01   3.9180295e-01  -3.2616143e-01  -1.7303992e-02   2.9794884e-01   4.8372489e-01  -1.7170256e-01   3.4591823e-03   4.4556542e-01   4.7303362e-01   2.6103586e-01   1.4518614e-03   8.3332976e-01   2.7587670e-01  -2.3700058e-02   2.6370886e-01  -2.0026558e-02   1.1872827e-01   5.7739077e-03   5.5025565e-01  -2.0364678e-01   1.9025602e-01   2.2844230e-01   5.8618233e-02   2.2231907e-01   3.9914040e-01   1.2104347e-01  -1.2407590e-01   5.4934427e-01  -4.3447404e-01  -4.2793343e-02   3.8868595e-01   6.9736223e-01   5.0518592e-01   3.5194799e-02   1.0289588e-01   1.0970614e-01  -2.9104350e-01  -1.9246655e-01   8.1901035e-02   5.7776746e-01  -4.7476359e-01   4.6664131e-01   1.1642352e-02  -1.8561372e-02   4.7669863e-01   2.6093911e-01  -1.4167702e-01   1.1329766e-01  -1.3294127e-01   1.0863006e-01   1.6676661e-01   1.7273145e-01  -6.8894952e-02   2.9359544e-01   2.2017873e-01  -1.1135843e-01  -3.7802201e-01   7.0180732e-02   4.3194385e-01   9.1138590e-02   1.8685481e-01  -1.1380719e-01   6.5041435e-01  -1.7212072e-01   2.3531692e-01  -1.3481961e-01   1.9582384e-01   2.9118235e-01  -1.5300421e-01   2.3329646e-01   7.2156156e-01   1.4562030e-01  -2.3044253e-01   3.0779750e-01   6.1652338e-02  -7.1529325e-02  -7.1720580e-03   1.0543187e-01   2.5428593e-01  -2.2353263e-01   9.9730229e-02   1.8948915e-01   6.4828963e-01  -1.3369292e-02   3.6057234e-01   2.7174403e-01  -3.9469335e-02   6.7632770e-01   2.9246789e-01   3.7251965e-02   2.9785553e-01  -4.1099116e-01   1.5200340e-01   6.1491590e-02  -2.3678911e-01   1.2018379e-01  -1.4486260e-01   1.6321495e-01   2.0687671e-01   5.2310484e-02  -3.2593101e-01   5.7057334e-01  -1.6880788e-01  -1.2738027e-01  -8.3837341e-02  -1.1690836e-01  -1.4184866e-01   7.1060905e-01   1.3159042e-01   3.5359342e-01  -1.0869620e-01  -2.0462509e-02  -1.6432520e-01   7.3156507e-01   2.8055382e-01   2.3225594e-01  -3.0808029e-01  -1.4135153e-02   1.2455616e-01   3.8144256e-01  -9.6775476e-02   3.0371654e-01   3.1416524e-01   5.2029541e-01  -1.0391624e-01   5.7916839e-01   5.6193773e-02   2.3364135e-01   2.1785615e-01   5.9468795e-02   5.8111142e-02   2.1819411e-01  -3.2480731e-02   2.0418711e-01  -5.9255886e-02  -1.1856572e-01   1.0769729e-01   6.5750207e-02   4.4369264e-01   5.9126349e-01   1.8918714e-01  -2.8057876e-01  -1.0068692e-01  -1.0957720e-01  -1.8304757e-01   4.3794521e-01   6.6634485e-01   5.2621288e-02  -1.4879205e-01   4.1434165e-01   1.9676213e-01  -3.1507046e-01   1.3420262e-01  -7.7498335e-02   3.7233147e-01  -1.3598550e-01   2.7050622e-01   6.5653215e-01  -1.0385619e-02  -4.8805720e-02  -5.1893250e-02   5.7173875e-01   5.5741496e-01  -1.5884100e-01  -2.5349564e-02   1.1515430e-01  -2.6550316e-02   2.9056622e-01  -3.4051396e-02
   1.1349368e-01   1.6042415e-01   3.8105534e-01  -1.5067278e-01   2.1359574e-01   0.0000000e+00   3.7354078e-01   5.3515578e-02  -9.5476094e-04  -1.4992077e-02   1.6433517e-01   2.7329035e-01   2.6029445e-01   1.7991972e-02   2.9573403e-01   6.5868304e-02   2.3870391e-01   4.0478837e-02   2.1410302e-01   3.5479242e-01   2.3109244e-01   9.4950000e-02   3.1025894e-01  -1.9884967e-02   4.7260661e-02   2.1067302e-01   2.4675191e-01   2.4854799e-01   1.9066463e-01   6.5230619e-02   3.5122927e-01  -3.5210011e-02   1.8492628e-01   4.4908367e-01  -2.8042847e-02   4.2110980e-01  -2.8597557e-01  -1.8978522e-01  -6.2803868e-04   1.9932697e-01   1.8301716e-01   3.2003361e-02   7.7348953e-02  -2.7952968e-02  -4.3638334e-02   1.9151812e-01   3.8396202e-01   2.6689622e-01  -2.6985524e-01   4.5137916e-02   1.5399868e-01   6.5388500e-02   2.5126098e-01   3.3618653e-01   6.3841110e-03  -4.8250554e-02   5.0181528e-01   7.8791203e-02   1.0008643e-01   3.7965095e-01   6.1878305e-02   1.1150170e-01   5.5330811e-03   1.9744220e-01  -3.3767323e-01   3.7535963e-01   7.3500421e-01  -1.0824628e-01   3.7172997e-01   3.7862352e-01   1.2223428e-02  -1.7530808e-02   1.3415850e-02   1.4734052e-01   5.2362801e-02   3.3857612e-02   3.4522383e-02   6.0629113e-02   2.2846642e-01  -4.1575657e-02   4.0432514e-01  -1.8881265e-02   3.3280198e-01   2.7399723e-01   3.0438199e-01   7.5415131e-03   8.4094852e-02   2.2689768e-01  -1.4746289e-01   8.6489812e-02  -1.9363344e-02   2.2521992e-01   4.4091096e-01  -1.1746535e-01   7.3566144e-02   1.5359857e-01   2.5462201e-01   2.3954203e-01   8.4782927e-02  -3.5636895e-02   2.3416672e-01   1.0394232e-01   1.8632253e-01   5.5929446e-02  -1.5427941e-02   1.2799467e-01   1.9022152e-01   3.0587107e-01  -2.2083370e-01   2.9323058e-01   3.3412028e-01   2.2502543e-01  -2.0952464e-02   3.3846967e-03   3.9029980e-01   1.0519222e-01   1.3966398e-02   1.6572512e-01   4.1395035e-01   1.5258923e-01  -6.9906696e-02   1.8572177e-01   1.8522848e-01   2.9089725e-02   6.7527579e-02   1.4447464e-01   2.2417519e-01   5.6102324e-02  -9.6525403e-02   4.3889810e-01  -7.0516279e-02   3.5264694e-01   2.2875989e-01   1.6233523e-01   8.8131649e-02   1.3109094e-01   1.3538174e-01   2.9347098e-01   1.4340730e-01   5.9983776e-02  -6.7216077e-02   1.8604955e-02   4.5540923e-02   6.5265070e-01   3.4408893e-01   5.3259476e-02   2.4803665e-01   2.6162841e-01   4.8844687e-01  -1.7450122e-01   2.5088352e-01   2.3521805e-01   1.6410076e-01   1.9396170e-01   2.2098105e-01  -5.5496520e-02   1.2514118e-01   1.3809760e-01   9.3088094e-02   2.6828565e-01   1.3630609e-01   3.7634438e-02   7.0218732e-02   1.1098288e-01   1.3764500e-01   2.8065939e-01   8.7717258e-02   3.7495039e-01   1.2604560e-01   2.7158900e-01   4.0649885e-01  -1.5396860e-01   9.1670941e-02   7.0063539e-01   8.8710825e-02   6.4614003e-02   1.2768014e-01
  -6.8572671e-02   2.4258627e-02  -5.2318536e-02  -2.3763380e-01   2.1009696e-01   3.7354078e-01   0.0000000e+00  -1.4277859e-01   6.8362704e-02  -7.5982334e-02  -8.0688610e-03   1.4063736e-01   3.0673112e-01   1.5777906e-01  -1.5939630e-01   1.4849728e-01   2.6905822e-02  -6.3063909e-02  -2.5778763e-01   3.2003943e-01   1.0616821e-01  -1.0529782e-02   3.8131210e-01  -1.4458431e-01   1.9401988e-01  -6.5343544e-02   1.1729173e-01   1.7700572e-01   1.6079013e-01   1.3204128e-03   7.8369400e-02   4.2271830e-03   1.4440433e-01   5.1618621e-01   3.4654863e-02   9.8814558e-02  -2.0620379e-01   3.0340540e-02  -9.2471010e-02   2.3519766e-01   2.0783019e-01   2.5924051e-02   9.4721853e-02  -1.7390166e-01  -7.5480040e-02  -1.1032897e-01  -3.8718422e-02   5.1118813e-01  -2.4106476e-01   1.5713875e-02   4.8302795e-03  -1.1910697e-01   4.8529655e-01   1.3984502e-01   5.9337884e-03  -2.0911267e-01   5.4494163e-02   9.8947596e-02  -6.2999865e-02   3.6262706e-01  -1.0962126e-01   6.2754145e-02   1.2028782e-01  -3.2874872e-02  -2.5622551e-01   1.6038794e-01   3.5331378e-01  -8.6744472e-02   6.9091892e-03   3.1940038e-02   1.1735808e-01  -1.7907572e-01   7.0833817e-02  -1.2935686e-01   1.7795757e-01  -9.9353551e-02  -1.4427703e-01   2.4196340e-01   1.4710151e-01   1.3195885e-02   4.9941517e-01  -3.0934519e-02   2.9659103e-01  -8.7543222e-03   7.2180870e-02  -1.1569354e-01  -4.8253780e-02  -1.2562519e-01   6.3179207e-02   1.4409157e-01  -1.4433129e-01  -1.1100133e-01   5.1946988e-01   1.1041886e-01  -1.2744825e-01   1.5305435e-01   1.6041050e-01  -1.4450101e-01   9.2597376e-02  -5.6808670e-02   2.3012263e-01  -2.7060646e-01   6.8412180e-02  -1.0517454e-01  -1.3300326e-01   1.1026689e-03   2.0891281e-02  -1.8313611e-02  -1.5142397e-01   2.9805864e-01   2.2502579e-01  -2.2204693e-02   4.5055875e-02  -3.0558053e-02   2.9889806e-01   2.4070594e-01  -9.7823656e-02   2.1422445e-01   2.2418492e-01   4.2420838e-03  -1.8765525e-01   6.6231041e-02   1.2956433e-01   1.8698240e-01  -1.0868284e-02   9.4855917e-02   6.4292506e-02  -5.6241151e-02  -1.3149962e-01   3.0655791e-01  -1.4357464e-01   2.4746255e-01   1.6219296e-01   3.5761436e-01   3.9175085e-02   3.3227895e-02   2.2005750e-02   3.9294389e-01  -1.8456206e-01   5.0951553e-02  -7.2261771e-02   7.8499187e-02   1.7811869e-02   3.7578055e-01   1.3036668e-02  -1.6639192e-01   4.9701889e-01  -1.5224717e-03   5.3776699e-01   1.9320986e-02   9.2898159e-02   3.9600848e-01  -5.6295067e-02   6.7309262e-02   1.7907729e-02  -6.2075466e-02  -2.4847546e-02   5.9082094e-02  -1.6199746e-01   2.1264657e-01  -1.7545790e-02   1.0768480e-02   8.5346145e-02  -2.4154082e-01   9.7501771e-02   4.1542279e-01   4.3043529e-04   6.3237064e-02  -4.6779823e-02   5.2981918e-01   1.4495981e-01  -1.3744303e-01   7.5433544e-02   2.3773709e-01   1.4877647e-01   8.1815348e-02  -1.7375028e-02
  -1.8874268e-01   8.8211204e-02  -8.2058809e-02   1.1169853e-01   1.7572588e-01   5.3515578e-02  -1.4277859e-01   0.0000000e+00   5.6062817e-02  -6.4068566e-02   3.7661533e-01   8.2928357e-02   2.0302299e-01  -2.4372315e-01   2.9719795e-01  -2.4612596e-02  -3.1664948e-02   2.6918906e-01  -1.6392759e-01   2.3030367e-01   3.4925984e-01   1.8639035e-01   5.0047069e-02  -1.3436600e-01   6.1502689e-02   1.8502902e-01   1.1939070e-01  -2.5290070e-02  -4.6751328e-02   9.4018583e-02   3.1744455e-01   2.1132691e-01   5.9266147e-02   2.2780306e-01  -1.1932931e-01   2.6568411e-01  -7.1497624e-02  -1.6734402e-01   2.9955857e-01   6.2277806e-03   3.3241141e-01   4.7727302e-02   1.5507395e-02   7.3851774e-01  -6.2653387e-02  -1.6096345e-01   3.1909359e-01   7.6286680e-02  -1.8714640e-01  -6.9527436e-02   2.8309655e-01   6.5932321e-01   1.7823076e-01   5.3255508e-02  -1.6236903e-02   5.3975063e-01  -1.2450623e-01   3.5705761e-01   3.5347550e-01  -2.3406133e-02  -1.5815490e-02  -5.4785193e-02   7.7332793e-02   2.3077377e-01  -1.4132341e-01   9.9650960e-02   1.6104245e-01  -4.3068720e-02   4.6948806e-01  -2.4581900e-01   9.6385218e-02   1.3821953e-01   1.5831224e-01  -9.5459941e-02   8.7017205e-03   1.2771520e-01  -2.4797783e-01   1.8954973e-01   1.6492851e-01   1.6500847e-01   2.6287172e-02   2.0970644e-01   2.4188435e-01   4.6157188e-01  -1.6566933e-02   1.8601321e-01  -4.2205389e-02  -8.2526824e-02  -8.9561780e-02  -4.2413373e-02   1.4169729e-01  -1.0612925e-01   2.7087364e-01   1.6509645e-01  -1.2002935e-01   6.9177526e-02   1.0526490e-01   2.0325233e-01   7.0890903e-02  -9.1536778e-02  -9.2087697e-02   2.1405989e-01   3.4953845e-01  -2.5882965e-02   1.8706241e-01   2.5372084e-01  -7.6923808e-03   2.0575616e-01  -7.3409204e-02   3.2244632e-01   1.1714158e-01   1.2803872e-01   3.7975252e-02  -2.1342196e-01  -1.4576122e-01   2.3974143e-01   2.4629836e-01   2.7557661e-01   4.8945348e-02   1.5882444e-01  -1.8955274e-01   1.4421392e-01  -9.6138587e-02   1.8761743e-01  -1.1731490e-01  -1.4841426e-01   7.4148064e-02  -1.9452616e-02   2.2909778e-01  -1.2894681e-01   7.5476554e-02   3.2340710e-01  -1.1879944e-01   2.0259454e-01   3.7756459e-02   4.4075521e-01   1.1144690e-01  -3.4953855e-04   4.4077552e-01  -5.0231825e-02  -1.8412337e-01  -1.4461428e-02   1.1769501e-01  -5.1219757e-02   1.6665703e-01   2.7410447e-01  -5.6057640e-02   1.8540579e-01   2.5733922e-01  -5.0215002e-02  -1.0856185e-01   3.1202289e-01  -1.4641783e-01   2.6635801e-01   1.0455283e-01  -1.3167229e-01  -2.0105804e-01   1.4330404e-01  -5.6125091e-02   5.8655823e-02  -1.1641586e-01   1.4070159e-01   1.6107544e-01   2.2845885e-01   1.7893139e-01   2.1767239e-01   3.1004976e-02   4.4539964e-02  -1.5675944e-01   2.4036935e-01   3.6501069e-01  -3.7146297e-01   3.8990004e-02   7.2270402e-02  -5.8617472e-02   3.3799200e-03   7.0454161e-02
   5.6369638e-02   5.2213979e-01   3.3931624e-02   1.6197069e-01   3.9180295e-01  -9.5476094e-04   6.8362704e-02   5.6062817e-02   0.0000000e+00  -3.9360039e-01  -8.9841786e-02   1.5353467e-01   3.3931554e-01   2.2003148e-02   1.3393456e-02   2.9001081e-01   2.1369212e-01  -1.6083359e-01  -1.7409864e-02   3.0273147e-01   1.6251810e-02   1.0037955e-01  -2.1691374e-02   1.6476491e-01   2.2886852e-01  -1.7537278e-01   3.5016141e-01  -2.7563778e-01   4.1207717e-02   4.9484492e-01  -3.7090879e-02   3.2160682e-01   2.9726861e-01  -9.2418722e-02  -4.4962482e-02   1.1346538e-01  -4.4247873e-01   4.7040516e-02   2.4988164e-01   3.6577694e-01   3.1529468e-01  -8.6017751e-02   2.6600300e-01   8.4237843e-02  -3.6810963e-01  -1.3092964e-01   3.3720387e-02   4.1055345e-01  -2.7514208e-01   2.0986825e-01  -1.5743771e-01  -8.1716294e-02   2.7141409e-01   1.5539935e-01  -8.7968293e-02   8.9087075e-02  -1.2966964e-01   2.5118588e-01  -5.7209354e-02   1.0246842e-01  -8.0044640e-02   1.1429780e-01   4.2387930e-01  -1.3693167e-01  -2.6088661e-01  -1.6609483e-01   8.2527520e-02   1.1725880e-01   1.5144009e-01  -1.6219419e-01   4.5844818e-01  -4.6502293e-02   4.0020317e-01  -2.3374862e-01   2.9081754e-01   2.9727737e-01  -9.7109528e-02   1.2516046e-01   3.3376460e-01   2.7829419e-01  -3.0787300e-01   4.1605532e-01  -6.6344484e-02  -1.8119513e-01  -1.6276678e-01   3.1594520e-01   4.5072325e-01  -2.1780340e-02   2.8747242e-02   1.7509116e-01   3.5007740e-01  -5.5525624e-02  -1.2900902e-01   3.1108747e-01  -6.5418522e-02   2.9801066e-01   2.0006584e-01  -3.2271049e-03   2.6048468e-01  -4.0682354e-01  -5.5298005e-02   1.3734208e-01  -1.6223227e-01   4.3733004e-01   2.4445208e-04   3.4381497e-01   1.0241269e-01  -7.8802905e-02  -4.7132930e-01   2.1777193e-01  -2.5658844e-01  -6.6663803e-03   8.1643054e-02   1.4665779e-01  -4.0009400e-01   3.6343412e-01   1.8238189e-01   3.0677481e-01  -3.2841974e-01  -1.3448515e-01  -1.8385990e-02   2.0657973e-01   3.4091562e-01   1.9427135e-01  -2.0527577e-01   1.5380971e-02   2.3658011e-02   2.2341262e-01   1.9107543e-01   9.5532154e-02   2.1990906e-01   1.9246448e-01   2.3649953e-01   3.5361676e-01   1.0228698e-01   2.1591089e-01   2.4558758e-01  -7.2321448e-02   1.2882256e-01   1.0179511e-01   4.3201121e-02   1.7813667e-01  -7.1431233e-02  -3.7147178e-01   2.4516246e-02   1.4613125e-01   1.3392604e-01   3.7408064e-01  -1.6128506e-01  -2.9074381e-01  -1.2979358e-01  -1.7038583e-01  -1.0509126e-01   2.6443679e-01   4.0162306e-01   2.6981730e-01  -1.9407041e-02   3.3584937e-01   1.7885137e-02  -2.9184412e-01   2.6616622e-01  -2.1375126e-02   7.3898809e-02  -5.2098648e-02   2.3643648e-01   2.1018435e-01   4.2339258e-03  -1.1716119e-01   2.5152334e-02   1.7413361e-01   1.8665380e-01  -4.1918992e-02  -1.9884670e-02  -1.3954852e-01  -7.4013742e-02   2.5255181e-01   2.1808037e-01
  -2.5759058e-01  -3.9096748e-01  -5.1466020e-02   1.0263886e-01  -3.2616143e-01  -1.4992077e-02  -7.5982334e-02  -6.4068566e-02  -3.9360039e-01   0.0000000e+00   2.5606010e-02  -1.8073390e-02  -4.8323048e-01  -1.3745959e-01  -1.0290002e-01  -5.6874157e-01  -2.4309893e-01   1.8038772e-01  -2.7117499e-02  -4.8209600e-01   4.2933322e-01  -2.2489626e-01   8.0220602e-02  -2.7072598e-01  -2.9811250e-01  -2.8571432e-02  -1.7664574e-01  -9.1512579e-02  -2.6706585e-01  -3.9258696e-01   6.3269014e-03  -4.1359789e-01  -2.0944692e-01   2.8176537e-02   1.7574886e-01   3.8171117e-02   6.6450962e-01  -2.3891800e-01  -2.9076949e-01  -1.7976575e-01  -2.3544956e-01   1.9846753e-01  -1.2027012e-01  -2.0994372e-01   7.0648391e-01  -8.2343910e-04   2.6553984e-02  -2.1758537e-01   4.1358725e-01  -3.5701882e-01   1.6016385e-01  -6.3716796e-02  -6.0659829e-02  -2.9925234e-01   4.6413909e-02  -2.4094752e-01   7.2718453e-02  -2.6377609e-01   1.6493141e-01  -1.2386944e-01  -1.2425865e-01  -3.7850340e-01  -2.1078649e-01  -3.5765358e-02   5.2483883e-01   4.2751953e-01   2.6161824e-02  -3.0264229e-01  -9.5195965e-02   1.8249224e-02  -2.9128059e-01   3.6361617e-02  -8.2921881e-02   9.8629960e-02  -4.1034132e-01  -1.9360888e-01  -1.7025452e-01  -1.0774139e-01  -2.3915480e-01  -3.2735263e-01   7.6545767e-02  -4.7696607e-01  -7.4906589e-02   6.9186395e-02  -1.1304902e-01  -2.4872983e-01  -1.8497924e-01  -2.2822176e-01  -1.5283995e-01  -2.3264489e-01  -2.0467055e-01  -1.8418667e-01   1.7415569e-02  -1.7288167e-01   2.9893584e-02  -6.1658504e-01  -3.0500895e-01  -9.1972242e-02  -3.9496746e-01   9.2809705e-01  -6.0183913e-02  -1.5343152e-01   8.9057566e-02  -2.2784788e-01   2.3606193e-01  -4.1123782e-01  -1.9725097e-01   1.0762960e-01   7.2078730e-01  -1.6751049e-01   1.0080119e-01   2.1302265e-01  -1.4661867e-01  -2.5563264e-01   8.4031328e-02  -2.3212076e-01  -2.6165781e-01  -2.1727412e-01  -2.1324276e-03   2.6004927e-01  -1.9713407e-01  -2.7160435e-01  -3.1499469e-01   1.3634777e-01   1.4081064e-01  -2.1223259e-01   3.0915417e-01  -2.0899531e-01  -1.5292145e-01  -4.4144765e-02  -3.9872153e-01  -1.1540683e-01  -1.1101864e-01  -1.4589150e-01  -4.6276375e-02  -1.6162253e-01  -3.4719117e-01  -1.3729845e-02  -3.0215495e-01  -7.0387694e-02  -2.9555641e-01  -3.5914562e-01   8.2689660e-02   1.4047417e-01  -1.1107569e-01  -7.9162221e-02  -1.3667002e-01  -2.6817971e-01   4.9499056e-02   7.7945588e-01  -1.0943798e-01   3.1789172e-02  -1.1326114e-01  -8.3922353e-02  -2.8286468e-01  -3.1080131e-01  -7.2874603e-02  -5.3205755e-01  -2.1743602e-01   2.5131691e-01  -3.3083168e-01   4.5368128e-03   4.7146561e-01   2.9323565e-02  -4.2618040e-01  -9.0697586e-02   3.6949516e-02  -8.3568375e-02  -1.7179018e-01  -1.2481364e-01  -6.9578606e-02  -2.9041840e-01   1.1159409e-02  -1.1397494e-01  -2.0890719e-01  -3.0847033e-01  -3.2773234e-01
   2.6080753e-02  -2.7083856e-01  -7.3380734e-02   1.2960467e-01  -1.7303992e-02   1.6433517e-01  -8.0688610e-03   3.7661533e-01  -8.9841786e-02   2.5606010e-02   0.0000000e+00  -2.8552256e-01   2.0166135e-01  -2.9804315e-01   2.8548001e-01   3.8574026e-02  -2.7974092e-01   1.7564625e-01   1.4107263e-01   7.4678848e-02   3.0704311e-01   1.8201753e-01  -1.7885970e-02  -2.5934427e-01   1.8238898e-01   4.0053753e-01  -2.1151359e-01   2.7475750e-01   4.6181016e-02   2.7049402e-02   3.9226176e-01  -8.3737501e-02  -4.5667555e-02   3.3525603e-01  -5.9508625e-02   2.8779086e-01  -7.2579193e-02  -1.2800194e-01   1.8989176e-01  -3.1025816e-01   2.2034836e-01  -6.1580410e-02  -1.0149022e-01   4.2826046e-01  -2.4173418e-02   6.5294149e-02   6.1811352e-01  -9.9893303e-02  -8.2308895e-03  -3.9043779e-01   5.6906156e-01   3.0142495e-01   1.1743453e-01  -3.1640418e-02   5.5143019e-02   3.4768767e-01   2.5983236e-01   1.7284377e-01   3.3767341e-01   2.4790754e-02   4.2322102e-02  -1.0865296e-01  -1.2285006e-01   6.0544038e-01  -1.5121329e-01   5.0291359e-01   1.5742247e-01  -2.3907189e-02   6.5357935e-01   2.0667878e-01  -2.8877541e-01   1.1437939e-01  -4.3434634e-04  -1.2007932e-01  -6.0744217e-02   6.2780186e-02   1.0660568e-02   4.6279877e-01  -5.5676842e-02  -2.0782816e-02   3.5591566e-01  -7.6182409e-02   5.5676724e-01   5.4187475e-01   5.8308258e-02   8.1633904e-02  -3.6401228e-01  -2.3516619e-01  -7.1347700e-02  -1.6344157e-01   3.5121371e-02  -1.6041185e-02   9.1552100e-02   1.3773339e-02  -6.0846120e-02   5.6989717e-03  -2.8692623e-03   2.6163672e-01   1.8120991e-01  -4.8628725e-03   2.3456299e-02   5.5778693e-01   3.4253570e-01  -1.5276040e-01   4.0078858e-01   5.6577891e-02  -1.0995208e-01   5.6038948e-01  -8.2198011e-02   9.0041399e-02   4.4435763e-01   2.3984850e-01   6.3877313e-02  -3.4273005e-02   1.7006471e-01   3.9131352e-02   2.8208689e-01   1.0138743e-01   3.1678098e-01   2.0285916e-01  -1.3476348e-01   1.5767756e-02  -1.3981332e-01  -6.3278882e-03   4.8780143e-03   8.6039382e-03   1.4432212e-01  -1.7973118e-01   9.0025329e-02  -3.5499549e-02  -2.5974735e-02   4.2853337e-01  -1.7548794e-01  -4.5027269e-02  -8.4922083e-02   3.6524938e-01  -8.9892322e-02   1.5567402e-01   3.4414400e-01  -9.8130979e-02  -6.5778527e-02  -3.2660405e-01   5.1098405e-01   1.4384054e-01   4.0747619e-01   3.7181105e-01  -3.4272242e-01   8.4715846e-02   4.1468346e-01  -2.2231970e-02   9.1399874e-02   2.3245042e-01  -8.3205777e-03   3.7295639e-01  -2.6131539e-01  -2.2867548e-01   1.0120434e-01   3.0707202e-01  -8.4388386e-02   4.8138661e-01  -1.8650061e-01   5.9447197e-01   1.3330427e-01   2.4609001e-01   6.1769415e-02  -6.3161733e-03   4.5684138e-01   3.8185184e-01   1.3199857e-01   4.7589935e-02   3.2554897e-01  -3.4087593e-01   1.3441101e-01   2.0307919e-01  -3.3166288e-04  -7.4226386e-02   4.6760740e-02
  -1.5143155e-01   4.8791460e-01   2.8348040e-01  -3.1490894e-01   2.9794884e-01   2.7329035e-01   1.4063736e-01   8.2928357e-02   1.5353467e-01  -1.8073390e-02  -2.8552256e-01   0.0000000e+00   1.8695881e-01   2.9571937e-02   1.0329950e-02   5.0265519e-02   4.2003720e-01   6.1495458e-02   4.6284713e-02   1.7220707e-01   2.0375875e-01  -1.1898061e-01   2.7122893e-01   1.9678454e-01  -2.6678914e-01  -8.2987068e-02   4.5360005e-01  -1.2113450e-01  -7.2130804e-02   1.2431116e-01   1.6916105e-01   1.6773597e-01   2.8060165e-01   1.0247659e-01   9.9589044e-02   3.6234628e-01  -1.7063916e-01   2.3500019e-02   8.9597487e-02   5.6757965e-01   9.2560080e-02   2.8904363e-01   2.7830131e-01  -7.1113331e-02  -1.2564072e-01   7.6482521e-03  -1.4160218e-02   2.9888407e-01  -4.0884120e-01   4.1016510e-01  -1.4103960e-01   6.2921789e-02   2.2866362e-01   1.9818473e-01  -2.0512072e-02   2.6874331e-02  -8.7909685e-02   8.5858750e-02  -8.1649021e-02   4.0357536e-01   4.2116967e-02   4.8537540e-02  -1.1760277e-02  -2.1361180e-01  -2.5275038e-01  -1.3515760e-01   2.5228570e-01  -1.4848912e-01  -7.0838832e-02  -9.5022256e-02   4.7092532e-01  -3.2906792e-01   1.8503842e-01   3.5327487e-01  -1.1527780e-01   1.2566022e-01  -9.5137204e-02  -1.7423185e-01   5.2455130e-01  -1.5857593e-01  -1.2994782e-01   1.3807714e-01   6.1718332e-05   6.2511016e-02   2.7576564e-01   1.3830858e-01   3.2998415e-01   1.9433552e-01  -1.0903365e-01   2.9530334e-01   2.7367401e-01   1.4931551e-01   3.5497893e-01   1.9542818e-01   1.4184831e-01   1.3056176e-01   2.3489829e-01  -1.4429198e-01  -2.2369377e-01   8.4222785e-03   2.4998673e-01  -2.2050023e-01  -1.5535293e-01   1.9221007e-01  -2.4723663e-01  -1.1022533e-01   1.4996307e-01  -2.4037810e-01  -1.2682887e-01   3.0430848e-01  -1.2227396e-02   1.1452674e-01  -1.9237579e-01   6.2163778e-04  -6.7022394e-02   3.1386786e-01  -2.1009914e-01   1.9722249e-01  -1.4890976e-02  -4.8093549e-02  -2.5789544e-02   3.9202059e-01   2.5578906e-01   2.1738933e-01   1.0055886e-01   8.3834223e-02  -2.3330679e-02   1.5781636e-01  -1.8967109e-01   2.8940107e-01   7.4373159e-02   1.5867268e-01   1.7487795e-01   2.5763112e-01   1.1366568e-01  -2.6814134e-02   1.7226437e-01   3.5820511e-03  -1.9655325e-02   1.6307927e-01  -7.3033628e-03   1.5922500e-01  -3.0040843e-01   1.3137426e-01   5.6912758e-02   2.5097306e-02   4.9964218e-01   3.1166678e-01   2.1857328e-02  -1.1500896e-01   7.3763253e-02  -1.3046883e-01   1.5949929e-02   2.0945662e-01   6.2212702e-01   1.6695602e-01  -1.2348381e-01   4.2928096e-02   1.8167752e-01  -3.1187760e-01   2.0369544e-01  -3.5162169e-01   1.8343007e-01  -2.2600909e-01   3.0370301e-01   4.8230303e-01  -1.0373774e-03   5.1147936e-02  -4.8516165e-02   3.0974746e-01   3.9542344e-01  -1.2241267e-01  -1.4355045e-01   1.4271504e-01  -1.0389684e-01  -5.0833040e-02  -1.0134391e-01
   2.3001489e-01   3.3812329e-01   1.2705894e-01  -3.7661990e-01   4.8372489e-01   2.6029445e-01   3.0673112e-01   2.0302299e-01   3.3931554e-01  -4.8323048e-01   2.0166135e-01   1.8695881e-01   0.0000000e+00   6.7690755e-02   1.8352252e-01   6.2523942e-01   2.9659305e-01   3.6060961e-02   2.9812321e-02   5.3136728e-01   6.0122449e-02   2.3897077e-01   9.6358627e-02   2.0798872e-01   1.9359006e-01   1.5794210e-01   3.2193966e-01   2.0056768e-02   2.9145482e-01   3.9199208e-01   1.6190087e-01   1.3181594e-01   4.0163041e-01   2.7008046e-01  -1.7785440e-01   3.1613920e-01  -6.9871094e-01   1.1332522e-01   4.5571803e-01   3.5956858e-01   6.5003184e-01  -8.5234222e-02   3.1993762e-01   9.8815581e-02  -6.1201987e-01   9.4152001e-02   2.1292722e-01   3.7759279e-01  -6.6647720e-01   2.5884663e-01   7.1741225e-02   2.3338745e-01   1.7957550e-01   4.0113637e-01  -5.4500408e-02   2.9934204e-01  -1.9880743e-02   3.6272796e-01   3.6524633e-01   5.2219385e-01   1.7135580e-01   3.9479753e-01   1.7693539e-01   8.5448089e-02  -6.8985856e-01   1.5622147e-01   3.8207949e-01   1.9206425e-01   3.1276213e-01   1.8546408e-01   2.9533738e-01  -1.3347856e-01   2.9281630e-01   5.6443701e-02   3.8321464e-01   2.0739181e-01   2.0016575e-02   2.3231659e-01   3.6048719e-01   2.3686269e-01   1.4714953e-01   3.7000582e-01   2.2116250e-01   1.5475639e-01   2.1841620e-01   1.5932665e-01   1.8852671e-01   1.0480073e-01   1.2114242e-01   4.8544776e-01   2.9566808e-01   1.4435577e-01   1.8292695e-01   2.8762682e-01   1.0710757e-01   5.3497212e-01   6.1876201e-01   1.3686999e-01   4.5613094e-01  -5.1358142e-01   2.1119504e-01   3.1775364e-01  -5.8997759e-02   2.5161757e-01   7.6411429e-02   1.1561907e-01   1.6542792e-01   1.8739550e-01  -6.2300856e-01   2.7970429e-01   1.0846596e-01   4.6339568e-02   4.1801061e-02   2.9475337e-01   4.6804281e-02   3.0304942e-01   2.5782504e-01   6.6805180e-01   1.0789807e-01  -9.1299958e-02   1.2170239e-02   3.6153184e-01   3.0006077e-01   7.9866919e-02  -6.6828896e-02   3.4894137e-01   1.0962870e-01   1.5589639e-01   8.6729478e-02   2.8712984e-01   5.3059717e-01   3.7358127e-01   1.2385593e-01   2.0574247e-01   6.3432535e-02   2.0394627e-01   4.7291600e-01   1.6176309e-01   1.5899142e-01   3.9734628e-01   3.4657819e-01   4.6596176e-01   9.6070482e-02   2.7016601e-02   4.7142229e-01   1.6265006e-01   2.0370119e-01   4.0527049e-01   2.5577922e-01  -5.6157483e-01   1.9932400e-01   9.1114424e-02   1.1104553e-01   2.9798984e-01   3.0835583e-01   1.5989756e-01   1.7678896e-01   6.4392211e-01   1.1133445e-01   7.1815199e-02   2.7905636e-01   9.4510429e-02  -5.2040733e-02   1.0270255e-02   2.2992190e-01   2.8886672e-01   1.5670721e-01   1.9654726e-01   1.1318019e-01   3.4239576e-01   4.0342606e-01  -7.3155047e-02   8.4116929e-02   2.2126809e-01   4.2087674e-01   1.8366765e-01   1.1594335e-01
   3.6544266e-01  -4.2543592e-02   2.2923149e-01  -2.4398079e-01  -1.7170256e-01   1.7991972e-02   1.5777906e-01  -2.4372315e-01   2.2003148e-02  -1.3745959e-01  -2.9804315e-01   2.9571937e-02   6.7690755e-02   0.0000000e+00  -1.4654424e-01   2.6302745e-02   1.1232532e-01  -2.0469470e-01  -4.6545042e-04  -1.4765384e-01  -1.7093112e-01  -1.1719496e-01   2.1861837e-01   3.4988516e-01  -8.8878718e-02   1.8290427e-01  -1.7039692e-02   4.0112663e-01   4.5226116e-02   1.0227516e-01  -5.6663527e-02   1.2662781e-02   1.1828884e-01  -5.1546355e-02   1.6686604e-01  -1.7609888e-01  -1.9698402e-01   1.5741686e-01  -8.6965753e-02  -2.4374953e-03  -1.8164835e-01   1.4960685e-02  -6.1994074e-02  -3.3431524e-01  -9.1897322e-02   4.0050162e-01  -2.2653096e-01   9.0742892e-02  -1.8426516e-01   1.2974084e-01  -8.7859538e-02   2.0316176e-02   7.7482355e-02   2.3496197e-01   3.6680210e-01  -1.2614067e-01  -7.4801963e-02  -1.2037081e-02  -1.3480378e-01   2.3857392e-01   3.4958383e-01   1.3008214e-01   1.0239963e-01   1.1961005e-01  -2.0050297e-01  -1.9984396e-01   3.4714862e-02   5.2001179e-02  -3.3300658e-01   3.0677857e-01   7.1649374e-02  -1.2012498e-01  -1.6883765e-01   4.6017651e-01   2.1217708e-01  -2.5365882e-01   3.9825524e-01  -1.6096724e-01  -1.6013870e-01   2.5901148e-02   3.3059240e-01  -8.4053679e-02   1.3237729e-01   1.4896472e-01   4.2175853e-01  -1.4339685e-01   3.5708551e-01   4.5682617e-01   9.5042431e-02   3.1325174e-01  -2.6010209e-01   3.6561375e-01   2.7086328e-02  -1.1319656e-02   3.7417592e-01  -7.6405883e-02   1.8017616e-01  -2.3691667e-01   9.3102511e-02  -5.1566867e-02   5.7910075e-01  -3.0716984e-01   2.2806798e-02   2.1731292e-01  -1.4388996e-01  -4.9659592e-02   1.9525852e-01  -2.9500814e-01  -2.5630000e-01  -1.2050295e-01   1.8000749e-01  -4.0070249e-02   1.0007051e-01   4.2476688e-01   5.0241430e-01  -8.8348033e-02   2.5682943e-02  -6.7691348e-02   3.0753661e-01  -8.6698997e-02   3.8745470e-01  -2.5714766e-01  -1.1020990e-02   3.9073016e-03   3.2542164e-01   4.8595886e-01   5.8407499e-02   8.7417327e-02  -6.5986725e-02   3.5797989e-01  -1.3251419e-01  -1.6151873e-01   2.8848737e-01   2.3915868e-02   3.9641251e-02  -3.6828028e-01   2.3700613e-01   5.4832253e-01  -1.8459575e-01   2.4454159e-01   4.4444728e-01   5.4440532e-02  -2.7050400e-01   1.5072646e-01  -2.3294486e-02  -2.1734290e-01   1.1989115e-01  -1.4804462e-01   8.5937549e-03  -1.3617028e-01   4.5394503e-01   2.9264201e-01   4.6567224e-01  -2.1938146e-01  -1.3481270e-01   1.1560561e-01   4.2745346e-01  -2.5621653e-02   1.5973561e-01  -8.0983418e-02   1.4773172e-01  -3.1781976e-01  -9.9163227e-02  -8.8220450e-02  -4.7576645e-02  -2.1189114e-01  -2.5476925e-01   2.8450462e-01   3.6530365e-01   5.2839365e-02  -3.7197264e-01   2.5011102e-01   9.6565208e-02   1.5296883e-01   2.4178386e-01  -1.6511596e-03   1.1262606e-01
