   0.0000000e+00   2.6890851e-01  -2.1956092e-01   3.0461337e-01  -3.0988321e-01   8.7041493e-02  -1.9450675e-01   1.6983423e-01   2.6750175e-01  -3.4779405e-01  -1.9000992e-01  -1.6049087e-01  -4.6408771e-01   5.8161080e-01   1.4499359e-01   1.3483366e-01  -2.7699158e-01   1.8181464e-01  -1.6496892e-02  -4.1505073e-01  -1.1829561e-01   3.5064432e-01  -3.7774628e-01   5.5810248e-02   1.5639589e-01   1.0615845e-01   8.2101465e-03   3.7499762e-03  -8.7468210e-03   4.2735435e-01   2.3585940e-01   2.3190241e-01  -1.1017295e-02  -3.5239680e-01   3.9291046e-01  -4.1640405e-01   1.2003885e-01   3.5025931e-01   1.1627214e-01  -3.0446864e-01  -1.2493486e-01  -1.5397948e-01   8.6793025e-02  -2.0038232e-01   3.1073556e-01   4.9694579e-01  -6.6477254e-02   3.2768962e-02   4.7967841e-02  -3.2294167e-01   2.2326843e-02   9.3389743e-02  -3.5285865e-01  -3.8420725e-01   1.6953254e-01  -8.6276806e-02  -6.6843407e-02   3.8410665e-01   2.3018414e-01   4.6449098e-01  -2.6816708e-01   4.5839335e-02  -1.2194853e-01  -1.9993545e-02   4.0959028e-01   8.7166847e-02   1.5093666e-01   7.6951038e-02   3.1464779e-01   7.0309441e-02  -2.6987826e-01   3.7312953e-01  -4.7982754e-02   1.1974506e-01  -3.6424700e-01   2.1382259e-01  -2.3375213e-01  -3.3218966e-02  -2.8321390e-01   1.5095010e-02  -3.9726013e-02  -1.4906075e-02  -4.6536165e-01   1.8073943e-01  -1.2470730e-02   4.4183430e-01   3.1119268e-01   3.4702426e-02   2.8718881e-01   7.9881615e-01  -3.7990630e-01  -4.0413896e-01  -4.4104696e-01   4.8819546e-01   5.8807719e-01  -3.2564729e-01   1.1801870e-01   3.5781472e-01   3.0489460e-01  -1.2140400e-01   1.7869355e-01   8.2246962e-02  -1.3535379e-02   3.7106560e-01   3.4117162e-01   2.8032067e-01  -2.6394968e-01   4.0013405e-01  -1.6446294e-01  -2.2339149e-01  -4.9927584e-01   4.0151458e-01   3.3612057e-01   8.2019938e-01  -1.0013459e-01  -1.4745386e-01   1.1353939e-01  -2.6630463e-01  -2.1168526e-01   1.2111963e-01   1.5958380e-01  -2.0644954e-01  -2.2931754e-02   2.8541045e-01   5.9492691e-01   3.9573616e-01   4.2983441e-01  -5.0899737e-02   4.2320920e-01  -1.2145565e-01  -1.1383263e-01  -2.5726350e-01   7.0380037e-02  -2.9887731e-01   3.0627055e-01   3.9301380e-01  -1.4286082e-01   1.6216549e-01   4.0835337e-01   6.9963646e-01   6.5461222e-01  -3.8143207e-01   1.9171875e-01  -9.0725748e-05   3.4099837e-01   2.6334595e-01  -2.0435398e-01   2.5397073e-01   9.7746221e-02   3.2072117e-01   3.9846994e-01   8.7588270e-02   1.1701065e-01  -6.9228179e-02  -1.6464908e-01   1.0737919e-01   4.4577458e-01   2.4885008e-01  -4.2487836e-01  -1.3746842e-01  -2.4036790e-02   6.4003785e-02  -2.9564491e-01   3.6133727e-01   3.5094627e-01  -2.7467436e-01  -3.0096262e-01   5.7931559e-03   2.6385067e-01  -3.4525445e-01  -4.1246146e-01  -3.5092112e-01   2.1324280e-01   1.0174951e-01   2.3136417e-01  -1.6422526e-01   4.0950870e-01
   2.6890851e-01   0.0000000e+00   1.3614941e-02   3.9555051e-02  -1.3623806e-02  -2.9224941e-01   7.1294482e-02  -1.4448721e-01   5.3879251e-01  -1.0159186e-01  -2.2444450e-01   3.4081238e-01  -3.9214682e-01   4.0826586e-01   1.9789960e-01  -1.7034598e-02   9.0779693e-02  -1.1077183e-01   9.1031132e-02  -1.7569817e-01  -4.0945913e-01   7.1174785e-02  -1.2304866e-01  -1.4130095e-01  -3.3693000e-02  -1.7582259e-01  -7.1852522e-02  -2.2266407e-01   1.9943463e-02   1.9312475e-01   6.7852730e-01  -3.5871798e-02  -1.4608622e-01  -9.8915673e-02   4.6624051e-01  -3.3006187e-01  -1.4156016e-01  -2.5775258e-01   6.8709940e-02  -1.1318428e-01  -1.4174796e-01  -2.3140265e-01   3.7103353e-01  -3.8452841e-01   2.6391788e-01  -9.1172541e-02  -4.4814333e-01   1.2041209e-01   1.4761202e-01  -6.8070900e-02  -1.8847383e-01  -1.1089164e-01   1.0388321e-01  -2.0678546e-01   1.8955439e-01  -4.1041366e-01  -2.8540009e-01   2.3871353e-02   5.4835634e-03   3.6960428e-01  -3.4893158e-01  -5.0034195e-02   5.8540417e-01   3.0403994e-01   6.2280407e-01   1.0559980e-01  -1.6593829e-01   2.9096257e-02  -2.3209160e-01  -1.1205919e-01   3.0543018e-01   9.3767778e-02   1.0850035e-01  -1.7520130e-01  -5.7674874e-02   1.0719815e-03  -4.2216460e-01  -2.0485339e-01   2.3373405e-01  -1.9277902e-01  -2.9709978e-01   9.3928329e-02  -1.8960403e-01  -5.4792633e-02   7.1072266e-02   9.1116361e-03   6.1825121e-01  -2.6173450e-01   4.4168279e-01   1.0902813e-01   4.7884666e-02  -3.4215667e-01  -1.5776555e-01   2.1389083e-01  -3.6084954e-02  -8.3861336e-03  -1.1496426e-01  -1.8582694e-02   1.7647709e-02  -3.3666500e-03   2.8380078e-02  -1.0175652e-01  -2.2880992e-01   5.8644008e-01   2.7835654e-02   1.9457393e-03  -1.7078668e-01   2.7439802e-02  -1.7371397e-02  -2.3394255e-01  -2.3112747e-01  -4.8995952e-02   1.2360253e-01   1.4162286e-01  -3.9962765e-01   4.9166621e-01  -3.6486021e-01  -7.5723771e-02  -4.4439887e-01  -3.0679617e-02  -1.5608693e-01   8.5162176e-02   1.3209759e-01   5.9962198e-01  -1.2115664e-01   1.4923737e-02   3.8529245e-02   4.6880261e-02   1.2680618e-02  -1.1778189e-02  -1.2457626e-01   2.0006433e-01   5.9949074e-01  -7.5711298e-02   1.4025317e-01  -1.1211977e-02  -1.5077191e-01   1.8406185e-03   3.6321109e-02   2.2693003e-01   2.2293292e-01  -1.3919678e-01  -1.6683367e-01  -3.0610739e-01   3.8353456e-01   5.1718374e-01   1.5028019e-01   4.0483593e-01  -3.3201760e-01   4.8542193e-01  -1.2083348e-01  -7.1819458e-02  -1.7059279e-01   4.6286839e-01   1.9578347e-01  -1.9557515e-01  -5.3624281e-02  -6.7083441e-02  -2.6115466e-01  -3.8450617e-01   8.1506256e-02  -1.3740436e-02   9.1948510e-02  -1.0040025e-03   1.1326890e-01   6.1283026e-02  -6.7452509e-02  -3.1513041e-01  -9.2839854e-02   5.2713443e-02  -2.3366909e-01  -2.7423512e-01   1.7613093e-01  -1.6326934e-01   3.4994840e-02  -6.7500681e-02   8.5411240e-02
  -2.1956092e-01   1.3614941e-02   0.0000000e+00  -3.1518320e-01   9.9115611e-02  -3.5940077e-02   1.0994452e-01  -8.3237570e-02  -1.4259287e-03   3.2044857e-01  -1.2192784e-01   4.9246417e-01   7.4410579e-02  -2.5432296e-01  -3.6386266e-02  -1.0395795e-02   8.2502719e-01  -5.1196142e-01  -1.8407539e-01   3.4423676e-01  -4.4115012e-01  -2.1384572e-01   2.4683417e-01  -2.1547366e-01  -1.7013055e-01  -1.0061784e-01   5.8767970e-02  -6.4743980e-02  -1.3484413e-01  -4.7209754e-01  -1.7305359e-01  -2.8209788e-01   1.5240988e-01   2.4038133e-01  -9.3006335e-02   1.0622633e-01  -3.8666621e-01  -2.3569112e-01  -2.5830991e-02   6.0001162e-01  -2.6564809e-01   2.1015282e-01   3.1140450e-01   3.2664416e-02  -4.1455817e-01  -1.0156162e-02  -2.5873805e-01  -4.8702370e-01  -2.6854832e-01   5.8459199e-01  -2.8661993e-01  -2.4292489e-01   1.4135844e-01   5.7191924e-01  -1.4118167e-01   1.3942302e-01   1.9911156e-02  -1.7602529e-01  -2.7489314e-01  -1.9449761e-03   5.8927971e-01   4.3479025e-02   3.0329854e-01   7.7484921e-05  -4.7210274e-01  -3.5451733e-01   2.7023131e-02   5.5901453e-02  -3.3776577e-01   5.6942443e-01   1.8452011e-01  -3.0537204e-01  -1.5365773e-01   3.1135281e-01   3.3167321e-01  -1.4972396e-01   3.7770519e-01  -1.5188884e-03   3.2836594e-01  -4.0006542e-02  -7.7392850e-02   5.7527914e-03   4.0248349e-01  -1.5910299e-01   4.0264449e-01  -3.5085089e-01  -1.3231089e-01  -2.4679932e-01   1.9165240e-01  -3.9826705e-01   4.1265313e-01   7.4280032e-01   4.6374677e-01  -2.3889957e-01  -3.0285543e-01   3.4425592e-01  -8.5378267e-02  -2.3641113e-01  -1.7574948e-01  -2.0323269e-02  -9.5167748e-03   1.1821423e-01  -6.2875814e-02  -1.1831518e-01  -4.2513761e-01  -1.8505039e-01   3.7621146e-01  -2.6297675e-01   1.2356143e-01  -3.2209551e-01   6.1770851e-01  -2.8131255e-01  -2.0635269e-01  -3.5516061e-01   6.5635390e-02  -2.4826376e-02  -3.3322685e-02   1.3104278e-01   1.9285428e-01  -4.0300443e-02  -4.7854847e-01   3.4921826e-01   9.5597720e-02  -3.0757549e-01  -2.5335786e-01  -1.7237546e-01  -3.4199594e-01   3.3123081e-01  -2.9175250e-01   7.8631770e-01   4.9497680e-02  -1.8959910e-01   5.2964317e-01  -1.7449429e-01   7.2890159e-02  -3.2050081e-01   2.8505419e-01  -3.3223746e-01  -3.2379974e-01  -2.5733113e-01  -3.0453121e-01   6.7115697e-02  -3.2592773e-01   2.1225516e-01  -2.0781038e-02  -3.9032899e-01   5.8347535e-01  -3.7258386e-01  -1.2674413e-01  -4.6518785e-01  -2.2168756e-03  -1.9132287e-01  -6.3322968e-02  -9.5259252e-02   7.7940011e-01  -3.3596434e-01  -3.2686328e-01  -2.7005755e-01   5.9158952e-01  -4.4199227e-02  -6.6366345e-02  -2.3784173e-01  -7.1749580e-04  -5.2602855e-01  -2.5459518e-02   1.8725279e-01  -6.5980584e-02  -4.3951843e-02  -2.9058428e-01   3.7166500e-01   3.3676862e-01  -7.2076309e-02  -4.4081845e-01  -1.0231750e-01  -2.0588667e-01   1.8989403e-01  -1.2036734e-01
   3.0461337e-01   3.9555051e-02  -3.1518320e-01   0.0000000e+00  -4.5819008e-01   4.7368932e-01  -1.3542480e-01   3.8311314e-01   3.8372267e-01  -5.7827684e-01  -2.0586920e-01  -2.6161912e-01  -2.9036716e-01   5.1089218e-01  -6.0849284e-02   5.1154514e-01  -4.0381399e-01   3.7371050e-01   4.7923826e-02  -5.4924186e-01  -3.2089882e-02   6.6362554e-01  -3.7587439e-01  -1.3766796e-01   3.6730795e-01   3.2062666e-01   1.0331915e-01   5.0032445e-01   2.4979103e-02   6.4707494e-01  -1.1042364e-01   6.2137833e-01   2.7316981e-01  -5.1919264e-01   2.7925084e-01  -4.1254854e-01   1.7236129e-01  -1.9693662e-02   3.2528899e-01  -3.8692616e-01   5.8058729e-02   1.9989701e-01   9.9568738e-02  -1.1751086e-01   3.4339014e-01   3.3373817e-01   1.9205852e-01   4.9787442e-02   5.3250290e-02  -3.6751154e-01   4.3516976e-01   4.8998085e-01  -5.9987514e-01  -3.3699644e-01   3.2472830e-01   6.7847352e-02   1.7048644e-01   6.6902519e-01   5.4637669e-01   4.1337339e-01  -3.3423294e-01   7.9317282e-03  -8.2963397e-02  -4.5157801e-01   2.4583958e-01   1.2208350e-01   4.1956450e-01   9.8390508e-02   5.2332898e-01   8.4022704e-02  -4.3024607e-01   5.8635455e-01   3.4060856e-02  -4.4256220e-02  -8.9066543e-03   2.8067623e-01  -2.9590160e-01   4.9341882e-02  -4.4740107e-01   5.1274156e-01   3.2841707e-01  -8.9788877e-02  -6.0230199e-01   5.4814404e-01  -4.7684158e-01   5.2624740e-01   1.6039939e-01   1.3442481e-01   4.8838881e-02   3.7025387e-01  -4.7958817e-01  -3.6681308e-01  -4.3340334e-01   7.4866894e-01   3.2316701e-01  -4.6737898e-01   3.0041814e-01   3.7123630e-01   2.1071483e-01  -2.2669882e-01  -3.1282442e-02  -3.0481409e-01   2.5185010e-01   4.5300519e-01   5.8391359e-01   6.1105661e-01  -4.4499154e-04   5.6374512e-01  -5.1298289e-01  -1.4549160e-01  -5.8922508e-01   6.9008721e-01   7.4859831e-01   3.7248415e-01  -5.5009908e-03  -3.7284519e-01   3.7374670e-01   1.0456565e-01  -9.1602588e-02   6.2206232e-01   2.6417252e-01  -3.0616346e-01   7.8177114e-03   2.4566402e-01   2.8746147e-01   6.1790165e-01   5.5999004e-01   1.1512776e-01   6.8011149e-01  -3.5175806e-01  -5.3789587e-02  -3.5385144e-01  -2.6556969e-01  -4.1671504e-01   5.7647360e-01   4.3314084e-01   3.8644911e-02   1.2209593e-01   4.5508885e-01   4.5446047e-01   3.7356697e-01  -2.3969574e-01   3.4851587e-01   1.9669308e-01   2.0510950e-01   1.8789673e-01  -3.4349340e-01   2.2326743e-01   2.2568857e-01   1.5952462e-02   5.0387469e-03   4.2704949e-01   2.0786990e-01  -5.5548375e-02  -3.8583588e-01  -2.8435158e-02   5.8884053e-01   5.1884554e-01  -3.0447650e-01   2.9205838e-01   1.4776823e-01   3.0515555e-01  -4.9556163e-01   6.0071259e-01   6.1748956e-01  -5.3590138e-01  -7.9449924e-02   4.6882088e-01   3.0498090e-01  -5.0026182e-01  -5.6296940e-01  -4.0590267e-01   1.7129229e-01   3.0619753e-01   3.7408486e-01  -3.7843082e-02   5.4224037e-01
  -3.0988321e-01  -1.3623806e-02   9.9115611e-02  -4.5819008e-01   0.0000000e+00  -2.5937613e-01  -1.5898246e-01  -3.5649192e-01  -3.0586570e-01   4.1409638e-01   1.4752005e-01   7.8939323e-02   4.8471114e-01  -4.9047141e-01   3.2492241e-02  -1.3487941e-01   2.6084485e-01  -4.1444613e-02   1.7320923e-01   6.9450109e-01   5.8718395e-02  -3.1770486e-01   1.1566719e-01   4.2935066e-02  -7.5696216e-02  -3.0716526e-01   2.9274920e-01  -1.0029726e-01   8.1496557e-02  -3.4010468e-01   8.4560166e-02  -3.6118670e-01  -5.9115763e-02   3.7598280e-01  -3.3493714e-01   6.7870703e-01   9.5821147e-02  -1.1534078e-01  -1.2847049e-02   2.4291450e-01   2.1869240e-01  -1.4883091e-01   8.6802428e-02  -2.1112055e-02  -3.8980941e-02  -2.4609623e-01   1.7291299e-01  -1.3364927e-01   2.2959043e-01   2.7062878e-01  -1.9922293e-01  -3.0548293e-01   3.6294727e-01   2.5527998e-01  -3.1328289e-01  -9.2242697e-03   3.1746608e-03  -4.0601464e-01  -3.3436352e-01  -2.9793864e-01   1.2831802e-01   1.5007067e-01   9.2117001e-02   2.5260673e-01  -2.7033925e-02   1.9460469e-01  -1.4925063e-01  -1.1012936e-01  -2.2190224e-01  -1.8303369e-01   3.2446649e-02  -3.2045929e-01   1.4092961e-01  -8.5486875e-02   3.3780297e-02  -2.6578122e-01   1.9050459e-01  -1.1794532e-01   6.7773916e-01  -2.3473306e-01  -2.4893307e-01  -7.2778568e-03   2.8520558e-01  -2.7285238e-01   6.4105142e-02  -4.5705064e-01  -3.0448226e-01  -1.8022251e-01  -3.4407625e-03  -3.2064506e-01   6.5268847e-01   1.2833271e-01   4.0261584e-01  -4.1529388e-01  -2.9656608e-01   7.4176291e-01  -1.4757757e-01  -2.3142241e-01  -1.5279328e-03   9.7795919e-02  -1.1813954e-01   3.1522654e-02  -1.4690617e-01  -3.0921042e-01  -2.7864949e-01  -4.2234892e-01  -2.0280234e-02  -4.0682928e-01   5.6885884e-02   2.8276688e-01   3.0859207e-01  -3.4719222e-01  -3.5521019e-01  -3.3680144e-01  -1.9514447e-01   5.7637224e-01  -3.2654668e-01   1.8368437e-01  -1.8035912e-03  -3.1644422e-01  -2.1015917e-01   6.7877471e-01   1.2406213e-01  -1.3329163e-01  -2.0288729e-01  -3.9384465e-01  -2.9582350e-01  -9.3057210e-02  -3.9626837e-01   7.1047607e-02   2.4846727e-01   3.7049295e-01   1.8524875e-01   1.7569417e-01  -3.0177114e-01  -3.6013809e-01   4.3559555e-02  -2.2765934e-01  -3.8752943e-01  -2.9977408e-01  -3.6647103e-01   4.8472435e-01  -1.4576590e-01  -1.6047693e-01  -2.0330687e-01  -1.5661733e-01  -1.1329179e-01   1.6700062e-01   8.6118423e-02  -5.6087110e-02  -2.0928922e-01  -2.1152294e-01  -5.6472000e-02   2.4246594e-01   2.7964070e-01  -1.3390765e-01  -3.9057916e-01  -2.5654860e-01   1.4947519e-01  -1.9260119e-01  -9.8927417e-02  -4.1813023e-02   5.7936336e-01  -2.8351965e-01  -3.9131879e-01   4.4140635e-01   2.6948785e-01  -2.1335061e-01  -2.0841178e-01   5.3585956e-01   5.0569375e-01   1.4117602e-01  -2.7639314e-02  -8.5709491e-02  -1.5608159e-01   5.4733855e-02  -2.4777144e-01
   8.7041493e-02  -2.9224941e-01  -3.5940077e-02   4.7368932e-01  -2.5937613e-01   0.0000000e+00  -3.3694573e-03   3.2536229e-01  -9.9197314e-03  -2.9813310e-01   2.4881826e-01  -1.7278136e-01  -4.2285000e-02   2.6228845e-02  -1.7308235e-01   3.8353450e-01  -2.3652010e-01   4.3021859e-01   8.8894181e-03  -2.1081478e-01   2.3620107e-01   5.5075488e-01  -1.1132633e-01  -3.4326906e-01   2.6362475e-01   4.1195123e-01   3.1135582e-01   3.7038842e-01   3.7005426e-02   4.6972909e-01  -4.0939797e-01   5.9362863e-01   1.5117871e-01  -1.5807214e-01  -9.2432305e-02  -6.2141030e-02   1.7081109e-01   2.3401731e-02   1.2948478e-01  -2.4487450e-01   1.1044436e-02   2.1800192e-01  -1.5738454e-01   5.7761880e-02   1.1914911e-01   3.4871783e-01   5.1119519e-01  -5.7082560e-02  -2.0711271e-01  -3.1708215e-01   5.3939431e-01   3.8404764e-01  -5.3985304e-01   2.3773636e-02   1.2646540e-02   3.6471817e-01   4.2354990e-01   5.5395356e-01   5.2194458e-01   1.3561347e-01   1.5772371e-01   1.5382528e-01  -4.3789218e-01  -5.9728035e-01  -1.9798180e-01   1.7804425e-01   7.4462711e-01  -1.2581276e-01   6.7474399e-01   3.2132321e-01  -4.2780747e-01   3.7425877e-01  -2.9265114e-01   2.0668496e-01  -1.1387581e-01   2.9970513e-01  -2.9104438e-02   2.0876534e-01  -4.6888549e-01   3.5007905e-01   3.3323041e-01  -2.4041052e-01  -2.4474059e-01   4.3902455e-01  -3.0929029e-01   3.5425511e-01  -2.2594022e-01   1.6275777e-01  -6.7201969e-02   1.1930815e-01  -3.2943225e-01   3.8731665e-02  -1.7165635e-01   4.1252103e-01   2.8463189e-01  -3.3883639e-01   1.4156993e-01   4.9746234e-01   2.3414507e-03  -2.2676904e-02  -9.5735210e-02  -2.8363754e-02   1.8981045e-01   9.2345804e-02   5.2252852e-01   5.7338820e-01   8.3831033e-02   6.5222187e-01  -4.2798664e-01   2.8118186e-02  -2.8163187e-01   6.4788554e-01   4.2117509e-01   1.2489297e-01   2.6474708e-01  -5.8316665e-01   4.2980940e-01   1.2167333e-01   2.6763911e-01   6.6016422e-01   6.3549078e-02  -2.4127730e-01   4.5614397e-02  -1.9574766e-01   2.3928374e-01   4.5396242e-01   3.9018524e-01  -8.3723947e-02   5.7891539e-01  -1.0333890e-01  -2.5884800e-01  -3.8298420e-01  -3.3370320e-01  -3.5651445e-01   3.2034488e-01   3.6406811e-01   1.6569634e-01   1.7783626e-02   4.8315037e-01   1.6298212e-01   1.0414938e-01  -2.5436752e-01   4.3508268e-01   5.5530889e-01  -1.2700411e-01  -1.9117322e-01  -1.3842863e-01   1.2191000e-02   5.2991049e-01  -3.4791382e-01   1.4678859e-01   2.7793703e-01   3.2141066e-01  -3.1721312e-01  -2.7518810e-01  -2.1253735e-01   4.9756378e-01   5.0730686e-01   2.4838685e-02   2.8667321e-01  -1.8834505e-01   1.8755430e-01  -3.9952089e-01   5.3468241e-01   5.5481280e-01  -3.6691864e-01  -5.1293470e-02   5.9790921e-01   4.2265876e-01  -4.1131199e-01  -3.0798213e-01  -3.0639594e-01  -2.2516128e-02   5.6960010e-01   2.2911426e-01  -3.6044935e-02   4.6452611e-01
  -1.9450675e-01   7.1294482e-02   1.0994452e-01  -1.3542480e-01  -1.5898246e-01  -3.3694573e-03   0.0000000e+00  -9.2560876e-02   1.8290659e-01   1.5850681e-01   2.7657301e-01   3.2491254e-01   6.6089812e-02   1.6639307e-01   4.3527308e-01  -2.1044289e-01   5.3626173e-03   4.7403170e-02  -3.6919480e-02   1.2523505e-02   5.4121373e-02  -8.6468593e-02   6.5249284e-01  -4.5775062e-01  -3.9100400e-02  -8.3282502e-03  -3.9992718e-01   1.5864119e-03   4.5481741e-02  -2.6032140e-02   1.9583385e-01  -1.3514865e-01  -1.8507855e-03   4.3013039e-01   5.0684030e-02  -7.8368979e-02  -1.1440714e-02  -1.3109324e-01  -8.3778132e-02   2.3662152e-02  -5.6752610e-02   5.4698535e-02   4.9065297e-02   1.7591656e-01  -2.4038002e-02  -1.7781697e-01  -3.1167027e-01   4.5023288e-01  -9.2743178e-02  -1.2721273e-01   2.1367426e-01   9.5596686e-02   4.1067789e-02   3.1338238e-01   3.0143379e-01   1.5433225e-01   6.0035491e-02  -1.2446148e-01  -8.5710102e-02  -2.5305299e-02   6.2819988e-02   9.2711877e-02   9.3185915e-02   9.0168928e-02  -4.4986878e-02   2.1697294e-02  -2.2954258e-01   2.3310941e-02  -3.6684053e-01   2.0851514e-01   4.0427178e-01   6.1735950e-02  -1.3906836e-01   3.1427669e-01   3.7016265e-01   5.8715906e-02  -1.7205231e-01  -1.1198702e-02  -2.4277881e-01  -1.6995579e-01   3.4401777e-01   1.4319797e-02   2.1525700e-01  -1.5493524e-01   2.4263370e-01   2.4784043e-02   3.8209943e-01   3.4844588e-02   4.6187572e-02  -1.6751608e-01  -2.2421200e-01   1.1685841e-01   5.2640682e-02  -1.0291619e-01  -1.8270099e-01  -1.7186948e-01  -1.0505228e-01  -2.5191798e-01  -1.9543369e-01   4.7257458e-01   3.4478679e-01   5.2917203e-01   1.6886266e-01   9.7859227e-02   3.7142950e-02   4.2121954e-02   1.0367418e-01  -2.1538991e-01   3.1501861e-01  -9.6463035e-02   2.9798960e-01  -2.2841215e-01  -1.1909393e-02  -1.3110486e-01   4.1173326e-01  -1.5658318e-01  -2.0443167e-01   7.5642544e-02   1.4827686e-01   6.9343931e-02  -3.4416410e-01  -2.8582175e-01  -1.8252715e-01  -9.7458558e-02  -9.6728054e-02   1.9721266e-02   6.1366112e-02   2.5305365e-02  -2.0544489e-01   8.3644032e-02  -2.6252295e-01   3.8816449e-01   1.5059584e-02   3.1753105e-01  -1.4066253e-02  -1.1210463e-01   8.4130485e-02   5.1116496e-01  -6.6246522e-02  -2.8786135e-01  -6.3616344e-02  -1.5712401e-01  -2.5775674e-01   8.0930586e-02   3.3204097e-01   9.6622802e-02   6.7923812e-01  -2.8856208e-01   2.0144724e-02   1.8178435e-01   3.4693338e-01  -1.2552428e-02   1.3180441e-03  -5.0265011e-02   9.1147039e-02  -4.7132166e-01  -1.6223953e-01  -1.1680691e-01   9.5151754e-02   3.9621157e-01  -1.0981764e-01  -1.8432496e-01  -9.5599881e-02  -4.7404612e-02  -1.0332455e-01   3.3775388e-01   4.7989717e-02  -2.0494979e-02   1.0321194e-01  -1.7362077e-01   5.9669216e-02  -1.8366006e-01   1.0051334e-01  -5.7336894e-02  -2.1221908e-01  -1.2033649e-01  -6.7351854e-02
   1.6983423e-01  -1.4448721e-01  -8.3237570e-02   3.8311314e-01  -3.5649192e-01   3.2536229e-01  -9.2560876e-02   0.0000000e+00   1.6919052e-01  -3.6143330e-01   8.9244006e-03  -2.0915454e-01  -2.3090878e-02   1.5150213e-01  -2.5299917e-01   2.1587948e-01  -1.5179229e-01   9.8095435e-02  -7.0847890e-02  -2.8301501e-01   1.4228567e-01   4.2970524e-01  -2.3185586e-01  -7.2528283e-02   1.4144532e-01   4.9058541e-01   5.3461425e-02   1.7272179e-01   1.9301409e-01   3.3043307e-01  -2.3717910e-01   5.6619618e-01   1.5107544e-01  -3.9050024e-01  -2.0432621e-02  -2.1425440e-01   1.4522405e-01   1.3577053e-01   2.6366655e-01  -1.3296715e-01  -1.4145708e-03   7.8694458e-02  -2.1259605e-01   2.7630184e-01  -9.8528227e-02   3.3185871e-01   3.5879269e-01   5.8023094e-03  -2.3206491e-02  -7.5642804e-02   2.2089755e-01   5.9418957e-01  -2.8772163e-01  -1.8225064e-01   1.0967714e-01  -5.4272266e-02  -1.0269438e-01   4.9662086e-01   4.3694880e-01   1.3851460e-01   2.6087955e-02  -2.6679063e-02  -2.0095590e-01  -2.6819826e-01  -5.7211477e-02  -1.1001554e-02   2.6737081e-01  -1.1059960e-01   4.6577455e-01   1.7332831e-01  -2.4208428e-01   2.2709777e-01  -2.5743766e-02  -2.1231981e-01  -8.6847918e-02   5.2455668e-01   7.7422679e-02   2.8951151e-01  -2.9807758e-01   4.3040959e-01   3.8306876e-01  -1.9765659e-01  -3.4324197e-01   5.2427836e-01  -4.1562758e-01   4.4965576e-01  -4.9875511e-02   1.1499923e-01  -6.7635423e-02   2.3543072e-01  -2.0221331e-01  -1.1184123e-01  -2.6800390e-01   3.7220622e-01   4.3829188e-01  -2.8931247e-01   1.1362802e-01   4.3313123e-01  -1.2774980e-01  -1.7239631e-01  -2.6332321e-01  -1.9995376e-01   2.8153603e-01   2.3711277e-01   3.7537179e-01   3.2865487e-01  -4.4371068e-02   5.3109135e-01  -3.4372173e-01  -2.9518814e-01  -2.8767403e-01   4.8173760e-01   2.0557844e-01   2.4802675e-01   2.6136058e-02  -4.0644721e-01   3.9358264e-01   1.1073049e-01  -2.2418063e-01   4.7717813e-01   2.9997959e-01  -2.2669007e-01   1.8479181e-01  -3.1070924e-02   2.7477521e-01   2.5391120e-01   2.7373857e-01  -1.2763357e-01   4.5774805e-01  -1.8816483e-01   2.5409216e-02  -4.5413572e-01  -2.2893283e-01  -3.5564367e-01   3.4722056e-01   6.6630539e-01  -3.3256691e-02   2.0432499e-03   5.9152059e-01   3.7628271e-01   3.4008164e-01  -1.4143301e-01   3.4628674e-01   5.4520087e-02  -1.0639095e-01   1.2093632e-01  -2.0661410e-01   7.9640760e-02   1.6597997e-01  -2.4608500e-01  -1.0110078e-01   5.5222000e-01   1.7069556e-02  -2.5034083e-02  -3.3294904e-01   7.0102854e-02   3.5973155e-01   4.9282104e-01   4.2972647e-03   2.3279326e-01  -6.4508904e-02   4.2064769e-01  -4.1126396e-01   4.1079445e-01   4.3718423e-01  -4.5655296e-01  -7.2346531e-02   2.6693797e-01   1.3265666e-01  -1.7533800e-01  -2.2969329e-01  -1.7204344e-01  -1.5326871e-01   2.4256683e-02   2.1629340e-01   2.9651389e-02   2.8807446e-01
   2.6750175e-01   5.3879251e-01  -1.4259287e-03   3.8372267e-01  -3.0586570e-01  -9.9197314e-03   1.8290659e-01   1.6919052e-01   0.0000000e+00  -4.1865574e-01  -1.5613187e-01   5.9575908e-02  -3.9240818e-01   6.3067050e-01   1.3008497e-01   2.8017800e-01  -8.7313506e-02   8.9256070e-02  -4.4064831e-02  -2.5916968e-01  -3.5880796e-01   4.6719281e-01  -1.0845883e-01  -2.7016714e-01   6.7075955e-02   5.8056321e-02  -1.5175568e-01   1.9829577e-01   8.9175764e-02   4.7374788e-01   4.4338818e-01   2.8443923e-01   1.5445641e-01  -3.5207881e-01   4.9893269e-01  -4.2688827e-01  -1.3125983e-01  -7.1204060e-02   2.9870413e-01  -2.3415671e-01  -7.2419842e-02   2.6096992e-02   4.3825500e-01  -2.4680996e-01   2.3002754e-01   2.0735064e-01  -3.1143633e-01   1.2929641e-01   1.1765106e-01  -2.5687569e-01   1.1794658e-01   1.4059878e-01  -2.3245187e-01  -1.3145538e-01   4.5534572e-01  -3.0077961e-01  -6.2052366e-02   4.3234464e-01   2.8144629e-01   4.7785111e-01  -1.6231850e-01   5.6530581e-02   4.1659868e-01   5.5613311e-02   4.5928457e-01  -4.4745317e-02   7.0353167e-02   1.8660001e-01   5.3036760e-02   1.3927225e-01   7.6634390e-02   3.3231358e-01   9.2938974e-02  -1.1624735e-01   1.4955616e-01   2.4087252e-01  -3.1327012e-01   4.8216954e-02  -1.9563509e-01   2.3591209e-01   1.3097118e-01   1.2141287e-02  -4.2862949e-01   2.1959011e-01  -1.3500069e-01   2.9978589e-01   6.4239218e-01   1.4519524e-03   3.8282718e-01   2.7738318e-01  -1.9775848e-01  -2.0014427e-01  -3.7136569e-01   4.8883239e-01   2.5248406e-01  -3.6836925e-01   3.3852179e-02   1.5435838e-01   8.3187917e-02  -1.2841707e-01   6.1044574e-02  -1.2942597e-01   1.2422056e-01   7.6840135e-01   2.7615309e-01   3.9529236e-01   1.5295983e-02   2.8963335e-01  -1.3756117e-01  -4.7638477e-01  -3.4562259e-01   2.4594606e-01   3.2168439e-01   2.6299892e-01  -1.4863001e-01  -1.3029928e-02   1.9776232e-02  -5.6067536e-02  -3.5648902e-01   2.3989811e-01   3.4363811e-02  -1.8128402e-01   1.3108980e-01   5.5337341e-01   2.6180292e-01   3.2406875e-01   2.9647451e-01   1.0631942e-01   3.7970173e-01  -1.1381216e-01  -1.9835385e-01  -6.4058950e-02   3.7346983e-01  -1.9771922e-01   5.0781651e-01   2.5881413e-01   4.5605871e-02   1.4835333e-01   2.4403222e-01   3.5664377e-01   4.1175620e-01  -2.4813336e-01  -8.6944919e-02  -7.5587704e-02   4.4569007e-01   6.0511096e-01   1.0941119e-01   2.1624004e-01  -2.1928180e-01   2.3916244e-01   4.5955787e-02   1.4008982e-01  -6.6265996e-02   2.4990578e-01  -4.1568260e-03  -2.4756581e-01   3.5102085e-01   1.4589960e-01  -1.5129814e-01   1.0016126e-01   8.1113414e-02   1.7263866e-01  -3.1718555e-01   2.6941418e-01   4.4338307e-01  -2.2264274e-01  -1.7011440e-01  -5.0578608e-02   1.5809432e-01  -2.3221811e-01  -4.8232004e-01  -4.4391969e-01   2.0559820e-01  -1.0171487e-02   1.4843379e-01  -1.8257020e-01   4.3354783e-01
  -3.4779405e-01  -1.0159186e-01   3.2044857e-01  -5.7827684e-01   4.1409638e-01  -2.9813310e-01   1.5850681e-01  -3.6143330e-01  -4.1865574e-01   0.0000000e+00   1.2153824e-01   5.2007350e-01   3.2037565e-01  -6.1831718e-01   2.2415708e-01  -3.3339703e-01   3.4738099e-01  -3.8090433e-01  -1.1729207e-01   5.5012043e-01   4.0162839e-02  -6.0081724e-01   5.2479992e-01  -2.6583177e-02  -1.8855052e-01  -3.9866398e-01  -1.1937604e-01  -4.4542362e-01  -1.3471533e-01  -6.5973699e-01  -6.6780548e-02  -5.0055558e-01  -2.3875223e-01   7.6327651e-01  -1.6618685e-01   5.1465326e-01  -2.3027993e-01  -8.6403022e-02  -3.1491754e-01   4.1868399e-01   8.5430511e-02  -5.6735647e-02   1.2714811e-01   5.4973006e-02  -2.9123043e-01  -4.4925169e-01  -2.1858139e-01  -1.8758692e-01  -2.5678447e-01   3.9133885e-01  -2.5998096e-01  -3.9535955e-01   4.6918637e-01   3.8061621e-01  -3.5646236e-01   1.2541246e-01  -7.7380095e-02  -5.0732962e-01  -5.1393150e-01  -2.3899330e-01   2.0338434e-01   2.6054111e-03   1.1428670e-01   1.7258601e-01  -3.7580121e-01   1.3626421e-01  -3.3865566e-01  -2.1634941e-01  -5.9445088e-01  -7.3428954e-02   1.8683397e-01  -4.3312208e-01   2.7484926e-02   1.2995426e-01   1.4052392e-01  -2.3690270e-01   1.2816543e-01  -2.2811633e-01   4.8910180e-01  -4.1684223e-01  -3.2151228e-01   3.3997217e-02   6.4845957e-01  -3.9808626e-01   3.1630281e-01  -4.6105213e-01  -2.6467977e-01  -4.0147359e-01  -1.8424340e-01  -4.8992297e-01   4.4047348e-01   3.5186287e-01   7.8152299e-01  -4.7211788e-01  -5.0463997e-01   4.7902903e-01  -1.6469577e-01  -5.0635599e-01  -3.2766156e-01   5.4196312e-01  -1.0319713e-01   3.6790227e-01  -3.1189909e-01  -4.1960408e-01  -5.0928781e-01  -5.3457493e-01  -4.3084136e-02  -6.0655202e-01   4.2365799e-01   3.4114600e-01   7.2586919e-01  -6.3023225e-01  -4.2326508e-01  -4.6990333e-01  -3.4358710e-02   2.9866875e-01  -4.7843959e-01   1.1827787e-01   1.7281712e-01  -3.5588795e-01  -4.0305306e-01   3.9885357e-01   5.3443731e-02  -4.3234747e-01  -4.5442492e-01  -4.8307860e-01  -4.5511883e-01   1.9062315e-02  -5.5729732e-01   3.0764924e-01   1.3109105e-01   3.5115761e-01   1.9467649e-01   2.9044114e-01  -3.5059395e-01  -4.4200119e-01   4.6718575e-02  -2.9192520e-01  -4.0026653e-01  -5.8775085e-01  -5.3503431e-01   1.2550268e-01  -4.0491737e-01  -1.1391809e-01   5.9627618e-02  -4.3877319e-01   3.3449296e-01  -2.9953702e-01   9.6480713e-02  -1.3431494e-01  -1.3955521e-01  -4.3419638e-01  -1.9480986e-01   6.2912893e-02   4.7996560e-01  -1.5426664e-01  -5.5759133e-01  -3.9945690e-01   1.9010854e-01  -2.4401332e-01  -2.2559061e-01  -3.5394998e-01   5.2994215e-01  -6.2541299e-01  -5.3167594e-01   6.9733652e-01   2.7601870e-01  -3.1173743e-01  -3.5657998e-01   4.5176114e-01   6.8326522e-01   2.8252711e-01  -3.3735082e-01  -2.8215911e-01  -3.3827443e-01   1.7135553e-01  -4.4673462e-01
  -1.9000992e-01  -2.2444450e-01  -1.2192784e-01  -2.0586920e-01   1.4752005e-01   2.4881826e-01   2.7657301e-01   8.9244006e-03  -1.5613187e-01   1.2153824e-01   0.0000000e+00  -1.5698551e-01   3.1493381e-01  -2.1249964e-01   1.7907509e-02  -7.7758564e-02  -8.5624794e-02   3.6031186e-01   6.3804687e-02   1.5024126e-01   5.1093884e-01  -6.9154462e-02   3.9577539e-01  -1.8841906e-01   1.4941416e-02   7.8890755e-02   8.8883160e-03  -4.1214246e-02  -1.2054173e-01  -7.0923890e-03  -1.8565280e-02   1.9351333e-02   1.2589543e-02   2.1636223e-01  -2.8121603e-01   4.7046930e-01   1.3570318e-01   5.0060094e-02  -8.4066078e-02  -5.8120515e-02   4.3088425e-01  -4.7176677e-02  -2.9376874e-01   1.8576820e-01  -1.2079126e-01   1.2113827e-01   3.9613569e-01   2.6372100e-01  -1.5008571e-01  -1.8966031e-01   3.5619729e-01   3.5237601e-02   1.7447137e-01   1.9137945e-01  -6.9136739e-02   1.1058996e-01   8.9485862e-02  -4.6344963e-03   7.6193156e-02  -2.9917902e-01   2.2198044e-01   4.6220389e-02  -1.5083691e-01   1.6218893e-01  -1.6855398e-01   1.9504349e-01   1.3759193e-01  -2.4541040e-01   1.7411774e-01   6.1455715e-02   1.3253734e-01  -1.2852609e-01   8.7690327e-02   5.9372992e-02  -1.3548492e-02   1.8006800e-01   4.7715899e-02  -3.4550621e-02  -1.3204228e-01  -1.5130975e-01   9.2984274e-02  -6.3895497e-02   2.5230851e-01   6.5861342e-02   1.0268978e-01   3.8751144e-02  -1.4206466e-01  -1.4035256e-01  -1.4709451e-01  -1.5590138e-01   3.9795267e-02   9.9721628e-02  -8.8169142e-03  -2.1700069e-01   1.2719319e-02  -3.6665936e-02  -2.3032289e-01   8.4420713e-02  -2.8114016e-01   1.3317329e-01   1.1385572e-01   3.1936047e-01  -6.8033257e-03  -8.8533111e-02   1.2612041e-01   2.8682795e-02   1.2445804e-03   5.8194639e-02  -1.2323340e-02   2.8532015e-01   9.6375975e-02  -7.3737630e-02  -1.3765852e-01  -6.5665702e-02   1.7190531e-01  -3.5990049e-02  -3.3390911e-02   2.0947758e-01   1.2494065e-01   6.2558220e-02   3.3187842e-02  -6.5263119e-02  -2.6913315e-02  -1.8213096e-01   1.4138288e-01  -1.9323794e-01  -7.7522118e-02  -2.3463450e-01   1.0109144e-02   2.2103533e-02  -1.1730484e-01   3.6624140e-01  -1.8089371e-01   3.6584509e-01  -1.7992724e-01   3.1624768e-02   1.4925518e-02   1.3914502e-01   1.1803210e-01  -2.7932727e-01  -1.0767386e-01   1.3300317e-02   2.0840637e-01  -2.9523367e-02  -1.3762385e-01   1.4290487e-02   8.3944517e-02  -2.3927928e-03   2.5017599e-01  -1.1830662e-01   2.0744666e-01  -1.3288207e-01   1.3265705e-01   1.0023997e-01  -1.3967215e-01  -1.9649982e-01  -1.2127939e-02   1.8201911e-01   1.3600574e-01   1.7476144e-01  -2.4891947e-01   2.2294054e-01   2.3132456e-01   1.1003601e-01  -2.1950951e-02   5.3883488e-02   1.9393906e-01   4.4789147e-02   1.5810999e-01   3.9682617e-02   1.4029524e-01   3.4081416e-02  -3.2309628e-02   1.5059788e-01  -2.0781459e-01  -4.2548277e-02  -5.5464466e-02
  -1.6049087e-01   3.4081238e-01   4.9246417e-01  -2.6161912e-01   7.8939323e-02  -1.7278136e-01   3.2491254e-01  -2.0915454e-01   5.9575908e-02   5.2007350e-01  -1.5698551e-01   0.0000000e+00  -2.8126157e-02  -1.4983810e-01   2.9076727e-01  -1.0036725e-01   3.0711411e-01  -3.2263521e-01  -1.2459809e-01   2.5782824e-01  -2.7178960e-01  -1.7506327e-01   2.0644046e-01  -3.1888155e-01  -1.6875728e-01  -1.6760493e-01  -1.8212352e-01  -1.8502078e-01   4.3441728e-02  -2.8114555e-01   7.3808173e-02  -2.2054293e-01  -2.1381721e-01   5.1350019e-01   3.2967873e-01   1.1775840e-02  -4.5556262e-01  -3.0837327e-01  -1.9125097e-01   2.3783394e-01  -1.4900588e-01  -3.2166281e-02   5.4750364e-01  -5.7975276e-02   5.5936184e-02  -3.0629295e-01  -4.2398705e-01  -1.9162882e-01  -1.5087725e-01   2.0026101e-01  -7.4993284e-02  -8.8919860e-02   1.2613874e-01   2.7067007e-01  -1.4102272e-01   7.2382342e-02  -1.5124121e-01  -2.2511097e-01  -1.5099264e-01   3.0781890e-01   1.2337314e-01   1.0092303e-01   3.9827722e-01   3.0743546e-03  -4.9191608e-02   1.2784937e-01  -2.0945931e-01   1.1138595e-01  -4.9286027e-01   2.0379695e-01   8.8130464e-02  -7.0831524e-02  -1.5863053e-01   2.3800939e-01   3.2932092e-01  -9.6767107e-02  -1.2484512e-01  -1.2949666e-01   3.5151607e-01  -1.7565295e-01  -1.3513684e-01   6.1496540e-02   2.9041323e-01  -2.0457618e-01   1.7986161e-01  -1.7289841e-01   1.2704896e-01  -2.5989566e-01   2.1978960e-01  -3.4355763e-01   1.8776293e-01   2.8849372e-01   6.4059680e-01  -7.2958530e-02  -3.8913546e-01   2.5053619e-01   3.3880760e-02  -3.3185445e-01  -1.8910774e-02   2.5539527e-01  -9.7917137e-02   2.9639631e-01  -2.3601592e-01   1.1538587e-01  -1.9607737e-01  -1.9117918e-01   6.9009395e-02  -2.9090550e-01   2.2671923e-01  -1.0576206e-01   5.1299280e-01  -3.3153878e-01  -6.9892475e-02  -2.6464297e-01  -1.8154394e-03   2.4510593e-01  -2.9628038e-01   3.0068347e-02   2.9250847e-02  -1.1334134e-01  -5.6703169e-01   3.8036596e-01   1.6288137e-01  -8.0528565e-02  -3.6845829e-01  -6.0873133e-02  -1.7717009e-01   1.7249167e-01  -2.8375132e-01   2.8263196e-01  -1.3118397e-01   1.6296231e-01   4.5717635e-01  -1.2194078e-01   7.7606528e-02  -2.9958067e-01   9.2062536e-02  -1.5954555e-01  -2.2776676e-01  -2.9983311e-01  -3.1193772e-01  -1.3114461e-01  -2.5478425e-01   7.3087781e-02   4.2734182e-01  -1.4850921e-01   4.9511427e-01  -9.9123802e-02  -4.0626635e-02  -2.7683883e-02  -1.5336424e-02  -1.6734656e-01  -1.0559960e-01   1.7863522e-01   6.0815355e-01  -4.4743950e-01  -3.3868419e-01  -2.0049652e-01   9.3357877e-02  -1.3586283e-01   1.0503444e-02  -2.4988801e-01   9.6980445e-03  -3.0657846e-01  -1.2363591e-01   5.8469441e-01   2.5311710e-01  -1.1928520e-01  -2.3286624e-01   2.1844308e-01   2.7188803e-01  -1.9634571e-01  -5.3126699e-02  -1.3850109e-01  -1.0050356e-01  -2.7963324e-02  -1.1323983e-01
  -4.6408771e-01  -3.9214682e-01   7.4410579e-02  -2.9036716e-01   4.8471114e-01  -4.2285000e-02   6.6089812e-02  -2.3090878e-02  -3.9240818e-01   3.2037565e-01   3.1493381e-01  -2.8126157e-02   0.0000000e+00  -5.2019348e-01  -1.1173086e-01  -1.2118457e-01   1.5909326e-01  -3.0779400e-04   1.5447633e-01   5.1109624e-01   2.8380962e-01  -2.6694971e-01   2.9530113e-01   9.3453366e-02   3.0039710e-02   3.9237319e-02   1.6743987e-01  -1.8189784e-01   1.7788503e-01  -4.1538344e-01  -3.1527166e-01  -1.7918468e-01   4.5020077e-02   1.9997803e-01  -5.2074376e-01   6.0728933e-01   5.9418942e-02  -7.3513168e-02   4.2084908e-02   2.6196903e-01   3.5546034e-01   5.6567290e-02  -1.9917273e-01   2.7232974e-01  -3.3253544e-01  -1.9118452e-01   4.1136081e-01  -6.9445600e-02   1.3903713e-01   2.4393221e-01   9.2545578e-02   7.4449038e-02   2.6422647e-01   3.9000958e-01  -2.2303586e-01   8.8336140e-02   9.5097251e-02  -3.1111738e-01  -1.9939521e-01  -4.3837923e-01   3.0720405e-01   2.7668162e-01  -1.0803466e-01  -1.1513978e-02  -4.2232048e-01  -5.5484183e-02  -8.6628505e-02  -7.3975952e-02  -5.6352535e-02  -9.3779077e-02   5.6375936e-02  -2.7255038e-01   1.6780020e-01  -9.4858932e-02   2.7396276e-01  -1.0582387e-01   2.9000297e-01   7.7436457e-02   2.7049037e-01  -4.1247095e-02   4.2000631e-02  -5.3544159e-02   3.8410691e-01  -1.5793284e-01  -1.3945363e-02  -2.3929221e-01  -4.2058733e-01   7.0078108e-02  -1.8992295e-01  -3.5710705e-01   3.7404564e-01   3.5374939e-01   2.7990298e-01  -4.1679214e-01  -2.5499624e-01   4.2592593e-01   8.3757294e-02  -2.1088887e-01  -1.2267249e-01   1.1465853e-01  -1.4230102e-01   7.9182789e-02  -8.5377610e-02  -3.4223900e-01  -2.0587641e-01  -2.6413000e-01   1.8151671e-01  -3.0698067e-01   1.4763215e-01   2.7549839e-01   3.6020708e-01  -2.7127712e-01  -2.4574543e-01  -3.5548636e-01   8.6241389e-02   9.2092668e-02  -2.2777075e-01   4.5239976e-01   1.4878796e-01  -8.9420414e-02  -1.3650904e-01   2.6897745e-01   9.7236781e-02  -4.7294449e-01  -2.1303854e-01  -3.0694919e-01  -2.5120812e-01   8.8790454e-02  -2.8919119e-01   1.0044995e-02   2.4892498e-01   2.0252744e-01  -2.0387706e-01   1.8320931e-01  -2.8223030e-01  -2.2073786e-01   1.0031874e-01  -1.5924884e-01  -2.2725098e-01  -4.5207394e-01  -4.3190287e-01   5.8983185e-01   2.6302362e-02  -8.0887802e-02  -3.4639940e-01  -3.4282131e-01   4.6553265e-02  -1.3772194e-01   1.0076949e-01  -3.2131415e-01  -1.1676578e-01  -8.8767535e-02   3.9055361e-02  -2.1706306e-02   6.1090514e-02  -9.3952316e-02  -3.2540357e-01  -3.8505817e-02   3.3620042e-01   1.3357717e-01  -5.8305432e-02   1.0755979e-01   2.7197562e-01  -1.7828760e-01  -3.0918308e-01   2.5209177e-01   1.3935850e-01  -1.2830380e-01  -9.5314340e-02   2.9402102e-01   5.1595676e-01   2.7446564e-01  -1.4542159e-01  -3.5652248e-02  -1.7943663e-01   1.1999778e-02  -2.6489155e-01
   5.8161080e-01   4.0826586e-01  -2.5432296e-01   5.1089218e-01  -4.9047141e-01   2.6228845e-02   1.6639307e-01   1.5150213e-01   6.3067050e-01  -6.1831718e-01  -2.1249964e-01  -1.4983810e-01  -5.2019348e-01   0.0000000e+00   1.7431348e-01   1.8696281e-01  -2.7772359e-01   2.4050356e-01   9.1007059e-02  -6.0276294e-01  -2.1768074e-01   4.4381154e-01  -2.3372656e-01  -1.7035719e-01   2.1368854e-01   1.5271989e-01  -2.2299207e-01   2.7926880e-01   4.0823851e-02   6.3468901e-01   4.2716208e-01   2.3866598e-01   1.5656627e-01  -4.6320994e-01   5.3478940e-01  -6.6934385e-01   1.1826120e-01   1.6460280e-01   2.8152062e-01  -2.9611134e-01  -1.1706110e-01  -7.5513112e-02   1.5599321e-01  -1.7569056e-01   3.2085508e-01   3.1920185e-01  -3.0482797e-01   2.9398670e-01   2.3636757e-01  -3.8703716e-01   8.1313826e-02   2.2265490e-01  -2.6844400e-01  -2.8426804e-01   5.9469646e-01  -1.3641824e-01  -2.8112564e-02   3.4625856e-01   3.1745860e-01   4.1565934e-01  -4.1072589e-01  -2.6832180e-03   1.9431919e-01   1.5316169e-01   5.6124351e-01  -9.3544711e-02   6.0622201e-02   1.6542410e-01   1.2070123e-01   9.5870886e-02   4.8324209e-02   3.8550709e-01  -3.9576698e-02   1.0785473e-01  -3.2146632e-02   1.5075153e-01  -4.0344165e-01   4.7548257e-02  -3.9149448e-01   1.8438843e-01   2.4276789e-01   5.5868511e-02  -5.0037804e-01   2.4934324e-01   3.6255256e-02   4.1254252e-01   6.5053906e-01   1.7925820e-01   3.7541112e-01   6.1012783e-01  -4.6993150e-01  -4.5878038e-01  -6.1941472e-01   5.2221048e-01   3.8431762e-01  -5.7638699e-01   7.0247911e-02   2.2345597e-01   2.6830009e-01  -2.2621438e-01   4.1993045e-01   6.6788364e-03   3.0937129e-01   6.0269343e-01   3.1919342e-01   3.5886707e-01  -3.2961369e-02   3.1391753e-01  -1.7387107e-01  -4.1125396e-01  -5.0639755e-01   3.4679278e-01   4.0261749e-01   6.5047116e-01   8.3486631e-02  -1.7365066e-01   2.0519361e-01  -2.0708873e-01  -1.9799450e-01   2.1613664e-01   1.8732969e-01  -4.0133925e-01  -8.8676137e-02   6.0602713e-01   4.6812525e-01   4.8553997e-01   4.8779153e-01   6.4363069e-02   3.4227852e-01  -1.6363718e-01  -2.4443802e-01  -1.0428481e-01   1.0414455e-01  -1.0375771e-01   3.3670164e-01   3.2874593e-01  -9.8296830e-02   5.2940079e-01   3.3328562e-01   5.6314918e-01   7.0781205e-01  -4.1335706e-01   3.0045837e-03  -2.3600132e-04   4.1182790e-01   5.9853956e-01   3.5423952e-02   1.8651586e-01  -1.6125725e-01   4.3831498e-01   4.0940188e-01   3.1740077e-01   7.8941070e-02   6.2722893e-02  -2.1939934e-01  -8.4539277e-02   4.0992258e-01   1.8563922e-01  -3.4685040e-01   2.1475235e-01   1.3209263e-01   4.5976841e-02  -4.3325120e-01   3.9657934e-01   3.8850928e-01  -4.2527462e-01  -3.7583380e-01   1.0107940e-01   2.4713327e-01  -3.9685091e-01  -6.0151512e-01  -4.6940665e-01   3.4404532e-01   2.4822905e-02   2.1279408e-01  -2.3061858e-01   3.7134876e-01
