   0.0000000e+00  -6.7448706e-02  -7.8844617e-02   8.9667479e-02  -1.8325699e-01  -1.7748891e-01   1.1783403e-02  -1.2159820e-01   1.6982642e-01  -3.4850381e-02  -2.1530987e-01  -5.2007303e-02  -1.1099014e-01   3.8187616e-01   1.6623031e-01   1.6974224e-01  -6.1434438e-02  -3.8335974e-02   4.9097537e-02  -3.2818521e-01  -8.3094739e-03  -6.5537169e-02   3.5762748e-02   5.4684646e-01   2.9891436e-02   6.3241761e-02  -2.9782221e-01   3.9327463e-01  -6.3906453e-02  -5.4645593e-02   2.4825907e-01   5.8412343e-02   3.3324597e-01  -2.1712014e-01  -3.8677269e-04  -2.6010076e-01  -1.4923616e-02   5.5820455e-01   1.6503982e-01  -1.2296801e-01   5.8000190e-02   2.7497089e-01   3.3368377e-02  -2.9860394e-01   1.7259157e-01   3.4463488e-01  -8.1799118e-02  -4.3246276e-02   3.4806318e-02  -1.8262417e-01   3.1748634e-02  -1.9612031e-01   5.6201602e-02   2.9428567e-01   3.5894973e-01   6.8887060e-02   4.9123293e-02  -5.9504523e-02   6.9440005e-02   1.8343653e-01   3.8603415e-01  -1.7613176e-02   3.3185242e-02  -1.4721871e-01   5.5285155e-02  -1.8876361e-01  -2.7876585e-01   3.3466906e-01  -1.8180065e-01   1.0279501e-01   2.2304156e-02  -8.8153893e-02   1.4786592e-01   3.0053392e-01   5.7136935e-02  -4.3412827e-02   4.4140701e-01  -3.2139890e-02  -6.7132534e-02   2.5060583e-02   1.4754314e-01   1.7896483e-01  -1.1219603e-01   8.4828125e-02   4.7619485e-01   1.1361862e-01   2.3464675e-01   4.6237525e-01  -6.2719237e-02   5.0876719e-01  -1.1699557e-01   3.3234855e-01  -1.4708791e-01   1.7304467e-02   4.2209741e-01  -1.4193827e-01   1.8053803e-02   7.0300458e-02   2.8338248e-02   2.0621052e-01   4.3948321e-01  -3.0325941e-02  -2.5463851e-01   1.4196578e-03  -6.4393811e-02   3.9146952e-02   2.1157127e-01  -1.3611725e-01   1.2639701e-01  -7.3598742e-02  -2.1680482e-02  -1.4527580e-01   8.0246391e-02   6.9562139e-01   4.4410733e-01  -1.2032726e-01   7.7435586e-02  -9.0746898e-02   1.0397049e-01   3.1161904e-02   3.3656449e-01  -1.2207897e-01   7.7733687e-02   3.9210728e-02   4.8901038e-01   3.7505391e-01   1.7648652e-01   2.3230230e-01   1.3575969e-01  -6.0495401e-02   1.6287492e-01  -1.2673907e-01   2.3146303e-01  -2.4011338e-02  -8.8169471e-02  -2.4477136e-01   9.6651179e-02  -3.3722521e-02  -2.8011904e-01   5.0542611e-01   5.1853809e-01  -3.9146015e-02  -4.8311979e-02   8.7170933e-02   2.3830582e-01   3.5775086e-02   4.7634637e-02  -7.6425304e-02  -3.8469020e-02   5.6408934e-03   4.1720450e-01   2.3515272e-02   4.4673928e-01  -1.2199962e-01   1.7094618e-02   5.3943931e-01   4.6310868e-01   6.7625821e-02   4.0430256e-01  -1.9735319e-01   1.9416777e-01  -6.7015328e-02  -2.6822488e-01   5.7391214e-02   1.4761952e-01  -1.7472366e-01  -1.5921989e-01   6.6265952e-02   4.6689615e-01  -1.0530310e-01  -9.8145033e-02   3.9216841e-01   5.6367728e-02  -5.7318144e-02  -1.2348939e-01  -1.4900711e-01   2.5059423e-03
  -6.7448706e-02   0.0000000e+00   4.3135930e-01  -1.0605357e-01   1.4761791e-01   1.1046742e-01   3.2318178e-01  -1.7736265e-01   4.1891185e-01  -2.3928478e-01  -2.6459997e-01   3.9392594e-01  -1.2983006e-01   3.3725307e-01   3.2928944e-01   4.4254490e-02   5.0359299e-01   3.4398610e-03   9.3307928e-02  -1.3663064e-02   2.0395177e-01  -1.7526869e-01  -2.4448231e-01   7.5819810e-03   3.2440008e-01  -2.2426774e-01   2.7749876e-01   7.8318958e-02  -3.3225392e-02   3.1257616e-01   2.1764060e-02   1.1602225e-02   3.3564390e-02   3.2858546e-01   1.2342367e-01   1.4717193e-02  -1.1707722e-02   7.8337892e-02  -1.4774130e-01   5.3497749e-01  -8.4614471e-02  -4.5576181e-02   3.6253792e-01  -1.7239140e-01   2.2317307e-01  -1.9900128e-02  -1.5540217e-01   5.2030218e-01   1.8077021e-01   4.0662109e-01  -4.2463086e-02  -2.7348415e-01   1.3230345e-01   2.6609390e-01   2.1642479e-01  -7.6906004e-02   2.1738467e-02  -2.3081705e-01  -4.2752739e-02   8.4309747e-02   2.1043741e-01  -7.1490892e-02   3.0771784e-01   4.4967388e-02   2.1136347e-01  -1.7209933e-01   3.2091720e-01  -1.0079695e-02  -1.7931814e-01   1.3263353e-01   5.5539829e-01  -1.0689741e-01   2.1381867e-01   3.1133863e-01  -8.5986090e-02  -2.3016392e-01  -1.3401772e-03  -2.3220216e-01   3.1254862e-01   1.3361677e-01  -8.8452467e-02   1.5835136e-01   4.0012965e-01  -1.8795589e-01   1.2976017e-01  -1.0499955e-01   3.8067688e-01   4.3464514e-02   2.4344822e-02   7.7779552e-02   2.7317083e-01   8.9131062e-02   3.5763985e-01   3.0161449e-01   8.3754619e-02   9.3276034e-02   6.4452665e-02   1.9559920e-02  -5.8473559e-02   1.5160506e-01   2.6741830e-01  -2.3572083e-01  -2.8323934e-02   3.1180642e-01  -2.2293196e-01  -3.4257323e-02   3.0804616e-01  -1.5391526e-01  -1.3725222e-01  -1.5825325e-01   3.1847040e-01  -1.7158152e-01   5.9473220e-02  -4.1492193e-02   2.1293696e-01   2.3952131e-01  -2.6431953e-01   2.4010062e-01   1.0144460e-01   3.2772587e-01  -1.1796215e-02   1.9762799e-01   6.8725962e-02   2.2135995e-01  -4.9838777e-02  -2.4374614e-02   8.3787936e-02   2.6706179e-01  -1.2770340e-01   2.7280310e-01   4.8589149e-02   1.2407770e-01   2.2077472e-01   1.9117125e-01   9.0958192e-02  -9.7637044e-02  -1.1987756e-02   1.3447408e-01  -2.5165361e-01   1.4581260e-01   3.9365115e-02  -1.8991971e-01  -3.5309093e-01   6.2909118e-02   4.8914982e-02  -1.2666151e-01   4.4652463e-01  -2.7293121e-01  -6.6399219e-02   1.0064477e-02   1.7671061e-01   5.0999519e-02   1.9241507e-01   2.4146777e-01   5.7254249e-01  -1.0118476e-01  -7.2264956e-02   2.5660619e-01   1.4811182e-01  -1.7055452e-01   2.5080956e-01  -3.0977057e-01  -1.2324159e-01  -7.9292003e-02   4.2534218e-02   1.7649861e-01   1.3840876e-02   3.5659868e-02   1.4501152e-01   3.7174775e-01   9.4064908e-02  -6.7403724e-02  -5.2076190e-02   1.5355986e-01  -1.5885802e-01   1.9186194e-01   1.4741186e-01
  -7.8844617e-02   4.3135930e-01   0.0000000e+00  -2.7962842e-01   3.1169258e-01   1.2139194e-02   1.9568633e-01  -1.1258771e-01   4.1754286e-01  -3.8695634e-01  -2.9233783e-01   5.9102002e-01  -1.1515305e-01   9.1784951e-02   7.2442311e-02  -1.4533074e-01   8.6422433e-01  -1.8782746e-01   1.0286645e-01   1.2631635e-01  -2.5762080e-01  -2.8268924e-01  -4.1049983e-01  -5.0903396e-02   2.8139275e-01  -1.3917275e-01   3.6770806e-01  -1.7404013e-02   1.0873394e-01  -1.0148100e-01  -2.1510748e-01  -1.6726230e-01  -2.4139206e-01   2.1010060e-02  -1.7289174e-01   3.1685951e-02  -2.0477594e-01   3.9349823e-02  -4.4390677e-01   6.9689227e-01  -1.7483523e-01  -2.4806799e-01   3.2843784e-01  -1.4492320e-01  -3.9939446e-02  -5.3248612e-02  -2.1978524e-01   2.8586373e-01  -4.6684575e-02   6.7336630e-01  -3.0763466e-01  -5.6282867e-02   1.2085044e-01   7.7963073e-02  -5.3367034e-02  -7.1213568e-02  -2.1405214e-02  -2.1598182e-01  -2.2539019e-01  -3.3538765e-02   2.5108218e-01  -1.7656727e-01   4.1367798e-01   1.4587865e-01  -2.4451126e-01  -3.6004238e-02   2.1245062e-01   6.6505890e-03  -1.9851394e-01   2.1785042e-01   6.6027184e-01  -3.2554061e-01   1.1929086e-01   2.1448052e-01  -3.4104568e-01  -2.1687981e-01   7.8670757e-02  -1.3005479e-01   3.9137690e-01  -1.4394769e-01  -2.2607858e-01  -2.1799954e-02   1.5012721e-01  -9.8835124e-02  -9.8067071e-03  -9.6095281e-02   3.0990324e-01  -1.4156880e-01   4.9434381e-02  -1.9357328e-01   3.7823960e-01   2.3083714e-01   5.2884981e-01   3.3575684e-01   1.7717774e-01   3.6485671e-01  -1.3244628e-02   6.0831285e-03  -1.2861422e-01  -9.7465173e-02   2.2367992e-01  -3.1711644e-01  -1.4264326e-01  -1.9065747e-01  -3.8182427e-01  -1.0409498e-01   2.5801904e-01  -2.3076511e-01  -3.4893842e-01  -7.4696987e-02   5.8816888e-02  -2.1315154e-01  -1.1891567e-01  -1.4389830e-01   2.3122098e-01   2.9057105e-01  -8.0112902e-02   1.2890407e-01   1.0933639e-01   9.3718582e-02  -1.5915733e-01   5.4815037e-01   1.4587311e-01  -2.1341715e-01  -2.0724168e-01  -9.3867216e-02  -2.8604605e-01   3.0528882e-01  -6.3478051e-02   3.8504389e-01   7.6576378e-02   8.8556361e-02   7.7929007e-02   1.5880782e-02  -1.1248726e-03  -8.6610096e-02  -2.3747229e-01   1.2439711e-01  -4.0263641e-02   3.1971322e-02   5.6374469e-02  -8.2190876e-02  -3.1115699e-01   1.1472975e-01  -1.3623557e-01  -3.6719441e-01   5.9235829e-01  -2.8341802e-01  -2.8948097e-02  -4.3096437e-01  -6.6332753e-02  -8.8410714e-02  -4.8211398e-03   3.2482746e-02   6.9929268e-01  -1.7995969e-01  -2.1621740e-01   1.1474259e-01   1.6753802e-01  -2.0458722e-01   2.4819156e-01  -3.2255901e-01  -1.5721168e-01  -2.3188211e-01   2.2059485e-01   2.9908615e-01  -1.1501095e-01   6.8759631e-03  -6.1572913e-02   4.2703998e-01   1.2879246e-01  -2.2984127e-01  -1.3898026e-01   1.9480533e-01  -1.1549023e-01   5.7127213e-02  -8.6012984e-02
   8.9667479e-02  -1.0605357e-01  -2.7962842e-01   0.0000000e+00   1.8510995e-01   5.2804018e-01   5.2266671e-02   8.2520994e-02   3.4474303e-02   3.0738735e-01   5.9593160e-01  -2.3751373e-01   2.0328566e-01  -3.2720883e-01  -2.2743334e-02   5.4880930e-01  -2.2859899e-01   5.9687178e-01  -1.4540564e-01   6.9980640e-03   2.6743874e-01   5.7266924e-01   4.0487365e-01  -1.3180796e-01  -3.7452559e-01   2.9739758e-01   1.3560038e-01  -1.9160117e-01  -1.0550713e-01   4.4138900e-01   4.7411220e-02   6.6130169e-01   4.9180793e-01  -3.4529796e-02   1.9607347e-01   3.5572404e-01   7.3911428e-02  -3.5885790e-02   6.6098565e-01  -2.7398035e-01   3.8584237e-01   6.0089030e-01   1.4385705e-01   2.5770058e-01   5.1655817e-02   4.6071819e-01   6.2194592e-01  -2.4646647e-01  -1.7886605e-01  -3.6018865e-01   7.4023753e-01   1.3415281e-01  -4.2216546e-02   2.7277398e-01   6.8804599e-02   2.4148822e-01   8.3094365e-02   7.0934658e-01   7.3266826e-01   2.7444512e-01   3.3152234e-01  -6.0986717e-02  -1.1456842e-01  -2.2392490e-01   1.8578380e-01   2.2133844e-01   3.7810429e-01  -3.4436146e-02   7.1865791e-01   1.0145307e-01  -3.7346489e-01   6.3372411e-01   2.0962961e-01  -1.7952565e-01   5.2155532e-01   2.8482187e-01   2.9496137e-01   4.7225507e-01  -1.6368833e-01   4.1827514e-01   9.2329069e-02   1.4836904e-02  -1.6167443e-01   1.4710000e-01   4.6528246e-02   3.2192832e-01  -3.8216170e-01  -1.9249559e-02   2.8611229e-02   6.5341527e-02  -1.0779650e-02   3.2082030e-01  -3.2347738e-01   1.9622355e-01  -2.5410219e-01  -1.3552376e-01   3.3710872e-02   2.1415664e-01   2.9629616e-01  -7.8977395e-02  -1.8035068e-01   3.7240084e-01   2.4153606e-01   2.0894666e-01   7.0410371e-01   6.7441659e-01   1.6133617e-01   5.7175552e-01  -2.1868851e-01   3.1547299e-01  -1.3157053e-01   5.8890277e-01   6.1215993e-01   1.4300208e-01  -3.0211930e-01  -1.3195361e-01   1.0013481e-01   1.3252461e-01  -3.0440431e-01   3.8442323e-01   2.1499013e-01  -1.1109605e-01  -3.1880340e-02   2.6545076e-01   4.6731564e-01   1.0959239e-01   3.4255655e-01  -2.5569986e-01   6.9264826e-01  -1.1474655e-01  -7.2960337e-02   2.0410945e-01   1.8438804e-01  -2.0337082e-01   6.3144831e-01   4.0633250e-01   5.7816965e-01  -2.1370933e-01   3.2833581e-01  -2.4930717e-01  -1.7296308e-01   2.1236485e-02   4.6351229e-01  -1.3196513e-01   2.0409585e-01   3.7733249e-01  -2.9291519e-01   3.2073083e-01   3.3452363e-01   1.9027951e-01   4.4902407e-02  -1.3754949e-02   1.4457537e-01  -1.5483934e-01  -2.8810972e-01   3.7056212e-02   3.2803388e-01   1.4545633e-01   3.2949590e-01   1.9278130e-01  -3.6469527e-02   5.8730452e-01   2.6123555e-01   6.7593710e-01   1.2700724e-01  -2.8407645e-01   1.7456562e-01  -8.9895764e-03   1.7162515e-01  -3.1009815e-01   5.9950542e-02   1.7144934e-01   5.4943412e-01   6.0422387e-02  -4.0684964e-01   7.8204963e-02   5.7064577e-01
  -1.8325699e-01   1.4761791e-01   3.1169258e-01   1.8510995e-01   0.0000000e+00   2.2645913e-01  -7.3767943e-02   1.0779623e-01   4.1142565e-01   2.3576917e-01   1.5832830e-01   2.1920300e-01   4.4297502e-01  -4.0287922e-01  -9.7989577e-02   1.7713668e-01   4.0856570e-01   3.1862453e-01  -1.4526113e-02   6.7607335e-01   2.0016978e-02   2.8374771e-01   7.9551413e-03  -3.8692253e-01   4.1157145e-03  -2.7570772e-02   4.7706146e-01  -3.0085814e-01  -6.4145302e-02   1.3664413e-02  -1.9760680e-01   8.2995002e-02  -3.0952733e-02   1.8306926e-01  -2.9458485e-01   5.1626990e-01   2.5337593e-03  -2.7598574e-01  -5.1457480e-03   5.1791815e-01   3.4971328e-01  -2.7814754e-02   3.7545433e-01   1.4183207e-01   3.2877839e-02  -1.3014203e-01   2.4410792e-01   1.8162116e-01   1.8567524e-01   3.0949046e-01   2.1049562e-01   1.3051081e-01   3.2561830e-01   2.4602919e-02  -3.6168395e-01  -4.6896852e-02   7.5159306e-02   1.4062398e-01   2.1811449e-01  -1.8710348e-01  -5.9877008e-02   2.0151302e-01   1.9796425e-01   4.7934571e-02   2.4295593e-01   2.5084063e-01   3.1741750e-01   1.3671147e-01   1.0361806e-01  -2.2798615e-02   2.8025535e-01   2.5582928e-02   3.4791865e-01  -2.7870667e-01  -1.1250964e-01   9.7607472e-02  -1.4682823e-01   4.3287196e-02   5.8760095e-01   9.8194549e-02  -2.1479466e-01  -1.6989964e-01   6.4767622e-02   7.0468733e-02  -2.6779616e-01   5.8769090e-02  -1.0508142e-01  -4.5985976e-01   1.1695101e-01  -2.9636140e-01   8.3693501e-01  -8.2048205e-02   3.4204268e-01   2.1788901e-01  -1.5070266e-01   6.3064791e-01   2.4543777e-02   5.6035396e-02   2.4844836e-01   1.7686701e-02  -3.5908329e-01  -2.1552791e-01   2.1225474e-01  -2.1520723e-01  -4.2427886e-02   2.3296137e-01   7.0790288e-02   9.8827426e-02  -1.5967407e-01   3.3645530e-01  -1.0270956e-01   2.0569097e-01   1.7503443e-01  -2.6103547e-01  -2.2882057e-01   5.0566085e-01   1.2808592e-01   4.7899701e-01  -4.0602036e-01   1.3838705e-01  -3.4546037e-01   7.6333827e-01  -5.6704437e-02   2.2563331e-02  -1.1076384e-01  -4.4511605e-01  -1.4718284e-01   7.4809081e-03   2.2223689e-01   6.4972264e-02   2.1761326e-01   3.6404002e-01  -1.1593706e-01   5.1700939e-02   1.9546159e-01   2.5163471e-01  -7.7692677e-03  -6.7640662e-02   2.8758485e-01  -1.3381890e-01  -2.6295896e-01   3.0755638e-01   1.6166680e-02  -4.0787825e-01  -2.2793764e-01  -8.2696923e-02   2.1526958e-01   2.3616586e-01   2.8200132e-01   8.6813581e-03  -2.4956973e-01  -1.7008430e-01  -2.1155597e-01   2.5848893e-01   2.7796158e-01  -2.8329584e-01  -3.1711084e-01   2.5272304e-01   6.4817139e-04   7.4368096e-02   2.3601891e-01   6.4699527e-02   3.4209406e-01   1.1788310e-01   1.4169055e-01   3.4366920e-01   1.7966646e-01  -1.0896453e-01  -2.0666507e-01   4.4809141e-01   5.9434769e-01  -3.8392638e-01   2.8087730e-01  -6.4136565e-02  -3.3878250e-01   1.5882933e-01   5.1039169e-02
  -1.7748891e-01   1.1046742e-01   1.2139194e-02   5.2804018e-01   2.2645913e-01   0.0000000e+00   1.2499206e-01   3.2523010e-01  -1.1227019e-02   3.5195397e-01   5.9501684e-01  -8.0153593e-02   6.1847963e-02  -2.5358591e-01  -7.8462780e-02   3.7067866e-01   1.7822123e-02   5.1467687e-01   8.6359149e-02   7.3100793e-02   2.9266678e-01   5.6734822e-01   2.7336264e-01  -3.4850760e-01  -1.5926554e-01   3.8840002e-01   4.0766829e-01  -1.1828358e-01   3.6074386e-02   4.4765197e-01  -7.5013310e-02   3.7536408e-01   2.5392331e-01  -4.3749001e-02   2.1185451e-01   5.6378253e-01  -5.1649036e-02  -1.9927259e-01   3.5334343e-01  -7.9534089e-02   2.6201846e-01   2.7690957e-01   3.3143919e-03   5.4246574e-01   5.5458513e-02   3.0442255e-01   6.3656471e-01  -1.3705236e-01  -5.1154900e-02  -2.0960013e-01   5.3392628e-01   9.7605049e-02  -2.2410237e-01   3.8267184e-02  -2.4733279e-02   3.4138156e-01   4.3551935e-01   4.3873691e-01   5.6162018e-01   3.7979103e-01   2.9375383e-01   1.4371009e-01  -2.8398066e-01  -8.4434454e-02   1.7541856e-01   3.1683548e-01   6.8555902e-01  -1.6095289e-01   6.6485896e-01   4.0254265e-01  -3.4620976e-01   6.0685946e-01   1.8646256e-01  -4.7237390e-02   2.3872306e-01   8.0517062e-02   1.9753304e-01   4.6920573e-01  -1.5684437e-01   2.6643882e-01   2.1728073e-01  -1.7902479e-03  -7.4060936e-02   1.4712784e-01  -5.6196282e-02  -7.1422309e-03  -2.9253570e-01  -2.6388670e-01   2.0102065e-01  -1.3212597e-01   2.4383888e-02   1.9339289e-01  -2.9696756e-01   1.7210454e-01  -2.3270964e-01  -2.0923131e-01  -1.6936799e-01   1.9249288e-01   7.6138126e-02  -3.9463986e-01  -1.8296873e-01   4.8840104e-01   3.4207293e-01   1.7702915e-01   5.6405778e-01   2.5112059e-01   1.7142423e-02   5.4726802e-01  -3.3190647e-01   4.3952391e-01  -3.8486853e-02   6.8694950e-01   3.1771748e-01  -1.3176070e-01  -3.1262335e-01  -1.7550954e-01   4.1508069e-02   6.0092052e-02  -9.9698762e-02   4.2622512e-01   1.2258424e-01  -5.5671481e-02  -1.3134945e-01   8.6572431e-02   2.2485361e-01   1.0852404e-01   1.4221837e-01  -3.5723474e-01   1.8364240e-01   1.7063673e-01  -1.3100663e-01   3.2668984e-01   2.8518576e-01  -1.6675361e-03   3.7257036e-01   3.8074217e-01   1.7025311e-01   5.8164916e-02   2.1122578e-01  -3.4715099e-01  -2.3743859e-01  -7.9207987e-02   4.7036270e-01   2.0494268e-01   6.4304745e-02   4.7655341e-02  -2.2315609e-01   4.9230745e-01   5.9942840e-01   1.0521224e-01   6.1617691e-02  -6.8410082e-03   1.0481534e-01   7.6665393e-02  -9.1932277e-02  -2.0233325e-01  -2.5903355e-03   1.8671268e-01   8.5669494e-02   3.1734241e-01  -8.1685199e-02   4.5917772e-01   4.6256917e-01   5.1521654e-01   2.0316332e-01  -2.4837537e-01   3.8863763e-01   2.9459935e-02   2.8119547e-03  -2.6010721e-01   7.0663205e-02  -1.1495310e-01   4.5223675e-01   5.3984883e-01  -3.2838941e-01   1.1017948e-01   4.4341202e-01
   1.1783403e-02   3.2318178e-01   1.9568633e-01   5.2266671e-02  -7.3767943e-02   1.2499206e-01   0.0000000e+00  -2.1464587e-01   2.7049439e-01  -1.5120944e-01  -7.3120325e-02   5.6466378e-01  -2.6386150e-01   5.2360171e-02   3.2057177e-01   1.0810118e-01   1.4010850e-01  -4.7320128e-02  -3.1771972e-02  -7.8955490e-03  -1.2667015e-02  -1.2788472e-01   2.2028091e-01   5.7887205e-02  -1.4724852e-02  -2.8747207e-01   3.6477912e-01  -7.5452443e-03   3.0463773e-02   3.1295134e-01  -7.6434602e-02   4.5370382e-02   3.8455921e-03   3.0140559e-01   3.7493643e-01   7.6088518e-02   1.0673983e-02   1.6339830e-01   4.7499827e-02   2.4156938e-01  -7.8918418e-02   1.0479665e-01   3.5564539e-01  -1.8638248e-01   3.1269069e-01   5.7720566e-02  -1.2846570e-01   5.6790609e-01  -1.5334394e-01   8.8366560e-02   1.0748526e-01  -1.9238759e-01   1.9139978e-01   8.7061048e-02  -5.6920864e-02   1.0027313e-01  -7.1707086e-03  -1.8051171e-01  -3.0422255e-02   3.2318480e-01   1.5838553e-01   3.6425563e-02   1.6609080e-01   1.8387885e-01   1.2157801e-02   1.1267530e-01   3.0325694e-01  -1.0108937e-01  -3.6032632e-02  -2.2165464e-02   1.8309740e-01   2.4653176e-02   1.5160847e-01   4.7937605e-02   2.2623532e-02  -3.2599278e-01   1.2165263e-01  -7.6849903e-02   1.7505343e-01  -8.7008024e-02   1.5247657e-01   2.8203218e-01   1.7402464e-01  -1.0978357e-01   6.5565607e-02  -1.4423637e-01   1.9979073e-01  -4.2509704e-03   1.6243921e-01   4.5164336e-02  -7.1380991e-02   9.3237723e-02   2.7941635e-01   2.2770180e-01   9.8840527e-02  -1.1334502e-01   7.4311131e-03   1.0228538e-01  -1.3258210e-01   2.0382121e-01   1.5567345e-01   2.2068440e-02  -1.8023987e-01   2.5544343e-01   3.7657065e-02  -2.2013579e-02   2.2142146e-01  -1.7344518e-02   6.9739822e-02  -2.1278070e-01   3.3354691e-01  -1.3918904e-01  -4.3875390e-02  -6.9239524e-03   1.4648534e-01   6.8825091e-02  -2.8753370e-01   2.1467017e-02  -2.1154074e-01   2.3615552e-01   1.4659679e-01  -1.5015589e-01   2.2072737e-01  -6.2437317e-02  -1.8284352e-02  -6.5721954e-02   2.3854348e-01   3.0780767e-02  -7.7243349e-02   4.9819762e-02   1.6746604e-02   2.5657039e-01  -9.6285024e-02  -1.0391130e-01   1.3200634e-01  -2.2384447e-01   4.7849613e-02   4.1973742e-02  -9.2537633e-02  -7.7656531e-02   1.1823068e-01  -3.7478519e-01  -2.2392879e-01   1.7690265e-01   1.9583278e-01  -1.5121787e-01   4.6630608e-01  -2.0158290e-01   5.2129321e-02  -7.2845659e-02   5.0709843e-02   6.4383040e-02   1.7852747e-01   1.6830922e-01   3.6581652e-01   6.2526848e-02   1.0121473e-01   1.7541684e-02   1.1402846e-01  -4.1779395e-02   3.2903694e-02  -1.7428764e-01  -2.3274947e-01   1.8641215e-02   1.3356000e-01   3.6371621e-01   3.4585172e-01  -1.9930429e-01   8.1755356e-02   1.0070624e-01   2.5277183e-01   1.3654066e-01  -7.3820561e-02  -8.9720127e-02  -1.2539555e-01  -8.9045794e-03   8.8683453e-02
  -1.2159820e-01  -1.7736265e-01  -1.1258771e-01   8.2520994e-02   1.0779623e-01   3.2523010e-01  -2.1464587e-01   0.0000000e+00  -2.8626022e-01   1.2065463e-01   2.5805102e-01  -9.2229641e-02   1.2990442e-01  -2.6668749e-01  -3.2704142e-01   8.0507149e-02  -8.3801515e-02   1.6075632e-01   7.5531651e-02   3.9811715e-02   1.3490399e-01   3.9169760e-01  -1.2237640e-01  -3.0218815e-01  -1.5639265e-01   5.3556398e-01  -6.4884737e-02  -9.9392038e-02   6.3045025e-02  -8.4252967e-02   2.0927046e-02   1.8282693e-01   4.4176671e-02  -2.7497706e-01   1.7565466e-01   9.1253059e-02   8.5162108e-02  -3.8431477e-01   1.1353161e-01  -2.0574409e-01   1.6537164e-01   5.1187883e-02  -4.3657397e-02   6.8119908e-01   3.8414421e-02  -1.2431212e-01   1.3049237e-01  -1.7816807e-01   1.6329062e-01  -1.6758999e-01   5.7031621e-02   4.8286601e-01  -1.5342751e-01  -5.9171934e-02  -1.2287267e-01   2.0153395e-01   1.3777008e-01   3.4357414e-01   2.2550154e-01   1.2555751e-01  -1.2201142e-01   1.5876293e-01  -2.5881717e-01   1.5833578e-01   1.0671163e-01  -1.2791774e-01   1.8879776e-01   2.5781540e-01   3.4556549e-01  -6.2692269e-02  -1.3466100e-01   1.0107735e-01  -1.1538570e-01  -3.4200249e-01   1.4764934e-01   1.4085802e-01  -1.3030238e-01   3.4385484e-01  -6.6605993e-02   1.0510500e-01   1.9792116e-01  -1.6571870e-01  -9.0661633e-02   5.2753036e-01  -2.8285993e-01  -1.6064871e-01  -1.4274012e-01  -2.7704137e-01   1.5654799e-01  -3.4011616e-01   9.3071926e-02  -2.2922060e-02  -2.7175586e-01   7.9194547e-03  -3.5497525e-01   4.8884373e-02  -9.8525038e-02   3.2054268e-01   2.1916012e-01  -2.8124805e-01  -3.7466195e-01   1.8386626e-01   5.1903671e-01  -7.9224786e-02   2.0970895e-01   3.5753031e-02  -9.1681513e-02   5.6049345e-01  -7.5655924e-02   2.5308331e-01  -1.1996954e-01   3.8850403e-01   1.2071351e-01  -2.8863374e-01  -2.0143892e-01  -1.3495400e-01   3.2102135e-01  -3.9511445e-02  -2.5050617e-02   1.2844448e-01  -1.7491345e-01   4.1951701e-02  -1.1297448e-01  -8.1041599e-03  -1.5249659e-01   4.4168651e-02   6.8395779e-02  -1.2643656e-01  -2.3274578e-03  -1.7278063e-01  -2.9420440e-02  -4.4767017e-02   1.6227583e-01   6.6482664e-02   9.3831254e-02   4.5530132e-01   2.9085125e-02   1.1482379e-01   4.9127477e-01  -1.6146461e-01  -3.4060619e-01   2.2547964e-01   5.3027289e-01  -1.6741679e-01  -1.5182123e-01   7.9131922e-02  -2.3480876e-01   1.6732191e-01   1.3752701e-01   4.9143992e-02  -1.9711255e-01   3.5133005e-01  -1.4268965e-01  -1.5061066e-02  -1.1246451e-01  -2.0852185e-01  -3.0234006e-01  -3.1353173e-02  -3.6821438e-02   4.6651042e-01   1.8250597e-02   3.6639914e-01   1.9178253e-01   1.7694841e-01   1.3197015e-01  -2.1602569e-01  -1.8688718e-02   3.0625002e-01  -3.2341769e-01  -1.3025355e-01   5.1043681e-02  -3.7101411e-01   1.2606724e-01   2.0457049e-01   1.4406121e-01  -1.1772731e-02  -4.8415418e-02
   1.6982642e-01   4.1891185e-01   4.1754286e-01   3.4474303e-02   4.1142565e-01  -1.1227019e-02   2.7049439e-01  -2.8626022e-01   0.0000000e+00  -2.6725843e-01  -1.3623782e-01   4.4990255e-01   1.5532821e-01   9.4929429e-02   1.5828430e-01   8.8689043e-02   4.6327436e-01  -8.1656268e-02  -3.8802920e-02   7.8406805e-02  -1.2377462e-02   3.7391177e-02   1.4009759e-02   1.8099284e-01   1.5432971e-01  -2.3835664e-01   3.3936407e-01   2.0284657e-02  -1.8150061e-01   2.8366523e-01  -1.8524568e-02   9.2447604e-04   1.0261838e-01   9.9529432e-02  -1.4696116e-01   1.0219141e-01  -1.9386671e-01   3.6010185e-01  -1.7826072e-02   5.6733302e-01   1.1267582e-01   2.1301901e-02   3.8355042e-01  -2.4727546e-01   8.7308397e-02   2.2923555e-02  -6.8789722e-02   4.7149264e-01   9.0202734e-02   3.8582021e-01  -3.7899035e-02  -1.2161694e-01   4.9994134e-01   1.5931056e-01   3.9338830e-02  -6.3348473e-02  -6.1983769e-03  -1.4304401e-01   7.0654260e-03  -5.5793773e-02   1.4249692e-01  -2.1330186e-02   5.5111707e-01   2.6455331e-01   6.9640036e-02  -1.3427802e-02   1.4832469e-01  -2.2412164e-03  -1.3625333e-01   4.6926010e-03   5.2015943e-01  -2.2713210e-01   4.4619139e-01   1.5517583e-01  -3.1280793e-01  -2.0349621e-01   9.9333520e-02  -1.2830202e-01   5.3721043e-01  -8.8263678e-02  -1.6418628e-01   1.5799543e-01   2.1398471e-01   2.6592720e-02   2.1154456e-01  -1.6912232e-02   4.1571097e-01   1.6357481e-02   9.6713086e-02   1.0594217e-01   4.4565363e-01   3.4811299e-02   3.9116191e-01   4.5720487e-01   3.5855250e-01   3.8108680e-01  -2.2406694e-01   1.0053598e-01  -2.6974381e-01   1.7546706e-01   1.4331444e-01  -2.5423944e-01  -2.7409148e-01   1.8871613e-01  -3.1462100e-01   2.2699549e-01   3.3714723e-01  -1.9353737e-01  -8.2235551e-02  -1.4045848e-01   4.2371802e-02  -1.6350732e-01  -7.3070768e-02   1.9468533e-01   2.2066439e-01   4.9060546e-01   2.6598797e-02   3.8785785e-01  -2.1734303e-01   1.6173620e-01  -1.9710159e-02   3.8609224e-01   6.4001192e-04   6.0111663e-03   7.1942806e-02  -1.2403836e-01   7.2858722e-02   3.1401241e-01   2.1296566e-01   3.8695349e-02   3.9330073e-01   3.7166642e-01   5.2851246e-02   2.9597335e-02   1.0693351e-01  -8.9937246e-02  -1.7005726e-01  -1.7199850e-01  -3.0146937e-02   3.2528478e-01   2.2808445e-01  -8.7603855e-03  -3.0816269e-01  -2.8999174e-01  -2.0094205e-02  -1.9491236e-01   4.2745119e-01  -1.8027694e-01   6.0360125e-02  -1.3772573e-01   1.1322680e-01  -1.2779140e-01   6.4120840e-02   2.0609317e-01   4.2288104e-01   2.3036623e-01   8.8339231e-02   3.1225593e-01   3.5488954e-01  -2.5467188e-01  -4.0593872e-04  -2.3029132e-01  -1.9789984e-01  -2.0147074e-02   2.3733264e-01   4.2163328e-01   5.1835457e-02  -1.4137781e-01   2.0693437e-01   5.0251131e-01   3.1270546e-01   1.3336528e-02  -8.5427823e-02  -8.8299506e-02  -3.2277528e-01   2.2823873e-01   2.5472604e-01
  -3.4850381e-02  -2.3928478e-01  -3.8695634e-01   3.0738735e-01   2.3576917e-01   3.5195397e-01  -1.5120944e-01   1.2065463e-01  -2.6725843e-01   0.0000000e+00   4.2152257e-01  -4.2586057e-01   2.2936047e-01  -3.0810301e-01  -8.6789011e-02   1.7045461e-01  -2.8068981e-01   4.5509554e-01  -1.7796913e-01   3.6169979e-01   3.8685030e-01   4.0112097e-01   4.1135833e-01  -4.1245583e-01  -1.3825261e-01   1.6168901e-01   5.7039610e-02  -5.1397438e-02   2.7201474e-02   1.4127949e-02   2.2024798e-01   5.9355567e-03   1.0055395e-01   1.7680514e-01  -4.8527391e-02   4.0634550e-01   1.4932100e-02  -3.8362905e-01   3.0221064e-01  -2.1106381e-01   3.8761806e-01   1.1574452e-02  -2.7343157e-01   2.7414641e-01  -6.5339702e-02   8.6364787e-02   4.6114357e-01  -2.8771781e-01  -6.0344977e-02  -2.5371922e-01   4.0504230e-01   9.4211280e-02  -8.6287336e-02  -3.0900466e-01  -2.4795848e-01   1.5215852e-01   9.9162164e-02   2.5310089e-01   3.0121977e-01  -2.5372005e-02  -1.7820178e-01   1.1723722e-01  -3.5767200e-01  -6.7434969e-02   2.1935495e-01   5.1260939e-01   1.9402631e-01  -1.5862618e-01   3.3626854e-01   1.0998401e-01  -3.9262818e-01   3.6087144e-01   1.4819593e-01  -3.1596772e-01   1.4620858e-01   3.2056020e-01  -1.4100456e-01   5.7022032e-02  -1.3828779e-01   1.8754464e-01   2.0426035e-01  -2.6259513e-02  -8.7329079e-02   4.8774035e-03  -1.1895904e-01   6.9445802e-02  -3.9491859e-01  -3.4422537e-01   1.1648423e-01  -2.4213879e-01   8.2375874e-02  -7.3481654e-02  -2.6196969e-01  -3.6841892e-01  -2.2646595e-01  -1.0314443e-02  -6.0633831e-02  -2.0466899e-01   1.6114544e-01  -8.5693817e-02  -2.2324545e-01   3.0452303e-01   3.5703314e-01  -1.9891680e-01   3.4666379e-01  -2.2872045e-02  -2.4618239e-01   2.1047761e-01  -2.7493617e-02   4.8555985e-01   1.1219908e-02   4.0060410e-01   2.6158074e-01  -1.8033256e-01  -2.9210502e-01  -1.1941539e-01   4.8405737e-02   1.5475271e-01   3.3256423e-02  -6.3988403e-02  -8.2529937e-02   8.5443303e-02  -1.4707297e-01   5.6710438e-02   5.1917843e-03  -1.4659018e-01   3.9230218e-02  -2.1871524e-01   1.7072462e-01   2.6283380e-02  -1.6205203e-02   1.5135406e-01  -1.0187914e-02   1.7559211e-01   1.9405071e-02   2.3617988e-01   8.7444603e-02   2.0565986e-01   1.2478537e-01  -2.4246952e-01  -2.9038406e-01   1.8736678e-01   3.0223275e-01   1.2888047e-01   1.1301523e-01   2.6207318e-01  -3.1377120e-01   6.2471364e-01   4.8508355e-01   3.6403873e-01  -1.0075952e-01   9.3439464e-02  -2.3804507e-01   5.1012251e-02  -2.7361141e-01  -2.4265891e-01  -1.1268844e-01  -4.0410136e-02  -2.1504759e-01   2.9340210e-01  -5.8330961e-02   4.1984072e-01   6.4235354e-01   3.0862459e-01  -8.5314532e-02  -2.3436858e-01   2.6921976e-01   7.2921666e-02  -2.0115164e-01  -2.3230271e-01   1.3493391e-01  -8.1965565e-02   3.5914585e-01   1.7927648e-01  -1.8553999e-01  -9.6844872e-02  -6.3554387e-02
  -2.1530987e-01  -2.6459997e-01  -2.9233783e-01   5.9593160e-01   1.5832830e-01   5.9501684e-01  -7.3120325e-02   2.5805102e-01  -1.3623782e-01   4.2152257e-01   0.0000000e+00  -3.0912340e-01   1.6852622e-01  -4.7344805e-01  -1.6425261e-02   3.9928690e-01  -2.3397620e-01   7.7077531e-01  -1.0210573e-01   1.0417619e-01   4.1580956e-01   5.9282815e-01   5.1664821e-01  -3.2894783e-01  -3.6443835e-01   3.7714763e-01   2.5944603e-01  -1.7559555e-01  -1.1672515e-01   3.7736310e-01   1.7794318e-01   4.8902505e-01   9.5998318e-02   6.5840241e-02   4.8319460e-02   6.0159595e-01   4.1573803e-02  -2.1411030e-01   3.8018098e-01  -3.6453832e-01   3.9202627e-01   2.1774372e-01  -1.2769600e-01   5.3430948e-01   5.7931639e-02   3.0298450e-01   7.8145719e-01  -4.2648833e-01  -6.7880797e-02  -5.0010929e-01   7.2132862e-01   3.4830713e-01  -1.5792950e-01  -6.3798208e-02  -5.5063465e-02   4.8297901e-01   1.1253923e-01   6.2435550e-01   6.4340009e-01   3.2915018e-01   9.0768722e-02   1.3381993e-01  -3.9281478e-01   7.1767795e-02   2.7012037e-01   3.4939191e-01   4.0959512e-01  -3.0205917e-01   8.0803277e-01   1.2011749e-01  -5.6707588e-01   7.2422103e-01   1.7642006e-01  -2.2860775e-01   2.4695932e-01   3.1942365e-01   7.1814264e-02   5.0918742e-01  -2.3546574e-01   1.5078935e-01   2.8378451e-01  -1.7847555e-02   8.5752151e-02   2.1762709e-01  -4.4428276e-02   2.4767393e-01  -5.8276341e-01  -2.2028938e-01   5.8593904e-03  -1.1209945e-01  -7.1473677e-03   4.0775861e-02  -2.9892641e-01   1.4562154e-01  -2.5299646e-01  -2.9384516e-01  -1.4572694e-01   1.6510202e-01   4.7165080e-02  -1.8850768e-01  -3.6631478e-01   5.7741610e-01   4.5558591e-01   1.4434947e-02   7.8075998e-01   4.2718707e-01  -2.0888292e-01   6.4104906e-01  -2.1658186e-01   6.0316592e-01  -3.7739575e-02   7.0304708e-01   3.6717902e-01  -6.1601566e-02  -4.4629806e-01  -2.1587072e-01   2.0981377e-01   2.8683301e-01  -7.7071671e-02   4.1075590e-01  -5.3733102e-02  -1.4506105e-01  -3.7689801e-01   2.7063753e-01   2.2675324e-01  -1.9865168e-02   3.1112810e-01  -4.5221916e-01   5.0477139e-01  -7.5107452e-02  -1.1548815e-01   4.7548331e-01   9.0067678e-02   2.1875522e-01   4.3024404e-01   5.4313322e-01   1.6210192e-01   7.9147629e-02   4.8040612e-01  -3.4099600e-01  -3.0648455e-01  -1.2732698e-02   6.5509577e-01  -5.1382991e-02   3.7647418e-01   4.3263511e-01  -4.8412877e-01   6.0366208e-01   6.0054183e-01   3.9675646e-01  -4.8459036e-02   1.7816221e-01  -1.1237796e-01   9.4918524e-02  -4.6496282e-01  -1.8014683e-01  -7.2260602e-02   2.2767305e-01  -2.5654980e-02   4.5153535e-01  -2.8196784e-01   7.8880481e-01   5.2414269e-01   7.1065235e-01   1.8497217e-01  -2.1876077e-01   4.9947568e-01   1.2804964e-01  -1.7801301e-01  -2.2482440e-01   7.2809491e-02  -1.8464540e-01   5.9534039e-01   1.6544611e-01  -2.0638250e-01  -1.4933799e-01   4.3829563e-01
  -5.2007303e-02   3.9392594e-01   5.9102002e-01  -2.3751373e-01   2.1920300e-01  -8.0153593e-02   5.6466378e-01  -9.2229641e-02   4.4990255e-01  -4.2586057e-01  -3.0912340e-01   0.0000000e+00  -2.3075454e-01   2.3531533e-02   1.6685421e-01  -6.2706599e-02   5.9231352e-01  -2.5367774e-01   4.3131791e-02   1.3398964e-01  -2.2482878e-01  -2.4876454e-01  -2.5357527e-01   6.5788882e-02   1.6931832e-01  -2.4621264e-01   4.2046572e-01  -6.8607499e-02   9.4058394e-02   2.1560478e-03  -1.1173233e-01  -1.3651423e-01  -4.0268282e-02   1.8832042e-01   1.6237771e-01  -2.0118966e-01  -5.5366189e-02   8.8754174e-02  -1.2110739e-01   6.4936689e-01  -2.4983498e-01  -6.9698346e-03   6.1048810e-01  -2.4870263e-01   2.3077070e-01  -1.2948541e-01  -3.7285949e-01   6.2177183e-01  -1.7074441e-01   5.5103655e-01  -2.6158861e-01   2.8109313e-03   5.2366532e-01   2.4130836e-01  -8.4154519e-02  -1.5018974e-01  -3.5078820e-02  -2.5667599e-01  -2.9267379e-01  -2.9966394e-02   1.6435441e-01  -5.7469501e-02   4.8757030e-01   3.4174011e-01   1.1177636e-02  -5.0891898e-02   1.7156583e-01   1.8650458e-02  -2.0540119e-01  -1.2985792e-01   6.7081452e-01  -3.2093498e-01   1.0381475e-01   2.3438267e-02  -1.3221891e-01  -2.7564480e-01   4.4638093e-02  -2.3433378e-01   4.9356119e-01  -1.1726028e-01  -1.9809869e-01  -2.7007123e-02   2.0698749e-01  -1.1735196e-02   9.8858985e-03  -1.9779774e-01   4.4243455e-01  -8.1814785e-02   2.1603465e-01  -1.9070857e-02   3.5841068e-01   3.1033260e-02   5.9242438e-01   2.3329324e-01   8.1981598e-02   4.0108683e-01   1.5380175e-02   4.9322329e-02  -5.2716226e-02   2.9985966e-01   6.1402322e-02  -3.6390379e-01  -1.3263520e-01   5.7818869e-02  -3.1439972e-01  -8.5025637e-02   4.0853913e-01  -1.8599020e-01  -1.2445028e-01  -2.4220571e-01   4.2435064e-02  -2.7282408e-01  -7.9772775e-02  -5.9032791e-02   2.0080249e-01   4.6577546e-01  -2.2544956e-02   2.7999565e-02  -1.8696512e-01   7.6870582e-02  -4.9997671e-02   3.7379783e-01   3.7422990e-01  -4.4400507e-02  -2.0357808e-01  -1.3155299e-01  -4.4195170e-02   3.4710366e-01  -1.3778875e-01   8.9705764e-02   7.8690830e-02   1.3040421e-01  -4.4241081e-02  -1.1378143e-01   6.7552110e-02  -1.9462876e-01  -6.6264832e-05  -1.8726414e-02   1.2680717e-01   3.9893500e-02   3.4918762e-02  -6.7936317e-02  -3.6393386e-01  -9.0153577e-02  -1.0795867e-01  -2.7293658e-01   6.6125161e-01  -3.6583586e-01  -1.8196258e-01  -1.9083364e-01  -1.4204970e-01  -1.8662165e-02   9.4461047e-02   2.9397114e-01   7.0161682e-01   4.1384620e-02  -1.2329979e-01  -4.8923086e-02   1.9022821e-01  -1.5832816e-01   1.4206435e-01  -3.1434434e-01  -4.1403131e-01  -2.3922069e-01   8.8401026e-02   5.0899973e-01  -1.6824964e-02  -9.6763494e-02   1.3892158e-02   5.4561639e-01   3.7751537e-01  -1.6330712e-01  -2.4299405e-01  -9.8600864e-02  -1.5773508e-01   1.9962156e-01  -8.4538950e-02
  -1.1099014e-01  -1.2983006e-01  -1.1515305e-01   2.0328566e-01   4.4297502e-01   6.1847963e-02  -2.6386150e-01   1.2990442e-01   1.5532821e-01   2.2936047e-01   1.6852622e-01  -2.3075454e-01   0.0000000e+00  -3.4022182e-01  -1.6143126e-01   1.6911234e-01  -7.0923692e-02   1.4058775e-01  -2.3853291e-01   3.7964199e-01   7.8639114e-03   3.4136534e-01   3.5235436e-02  -1.9475497e-01  -8.9007579e-02   1.0389982e-01   1.3129815e-01  -2.6610800e-01  -2.2681764e-01   1.0662260e-01  -1.1073885e-01   3.1344622e-02   3.8644053e-02  -6.2686529e-03  -1.7949883e-01   1.7654595e-01  -6.5750518e-02  -1.6171549e-01   1.0591222e-01  -7.1565897e-03   5.8502004e-01   6.4305810e-02   2.5450477e-02   1.2058013e-01  -2.6563739e-01  -8.3906141e-02   1.8345280e-01  -1.1620179e-01   1.6244729e-01  -1.7856957e-02   1.5910550e-01   1.6461870e-01  -8.0015527e-02   8.6049637e-03  -1.2926205e-01  -6.0196385e-02  -1.2952105e-03   1.7650873e-01   1.6751787e-01  -6.7457541e-02  -2.1662092e-01   1.9029664e-01   1.2012981e-01  -7.0064552e-02   1.1382816e-02   2.3065769e-02  -2.9791890e-03   1.3256315e-01   1.1182669e-01  -1.0438499e-01  -7.4004734e-02   1.2233007e-01   2.0744714e-01  -1.9705222e-01   1.2237831e-02   1.5104664e-01  -1.4129137e-01   9.8009560e-02   1.7969055e-01   1.6911667e-01  -2.2862924e-01   6.6462979e-03  -1.4863493e-01   1.4199404e-01  -1.3740594e-01   1.0117966e-01  -1.6630146e-01  -1.3820133e-01   5.2648886e-02  -1.2082617e-01   3.3033942e-01  -3.9426424e-02   2.5757606e-02   7.8808758e-02  -1.1570672e-01   3.7193680e-01   3.4997985e-02   1.4844490e-01   1.3848877e-01  -8.1017540e-02  -2.9380764e-01   1.4641173e-02   1.2157683e-01  -8.7548028e-02   8.9194807e-02   1.5093756e-01  -1.3600173e-01   1.0048541e-01   1.0881877e-01   1.2926110e-01  -1.3466018e-01   1.9847273e-01   7.9197381e-02  -9.8432588e-02  -2.0960333e-01   2.0964501e-01   2.0113424e-01   3.7429093e-01  -2.8841141e-01  -2.9706948e-02  -2.5144560e-01   2.9108859e-01  -5.9475196e-02  -1.3456231e-01  -4.4351447e-02  -1.2431370e-01  -3.9384692e-02   3.4405859e-02   2.2677930e-01  -1.9133616e-01   2.6410075e-01   4.4023748e-02  -1.0897522e-01  -9.3352147e-02   1.4896860e-01   3.0548724e-01   4.5553545e-02  -2.4198396e-01   2.1424813e-01  -8.6504222e-02  -3.0447499e-01   5.0133356e-01   2.0426994e-01  -4.0592487e-01  -1.6866837e-01  -6.1869416e-02  -1.3894622e-01   9.9874859e-02   1.2891449e-01  -3.7008430e-02  -1.2460779e-01  -7.2745314e-02  -1.7729151e-01  -9.2461309e-02  -1.7617507e-01  -6.1226046e-02  -1.0769331e-01   2.5449062e-01   1.6931575e-02   8.2443371e-02  -1.6443610e-01   1.4456750e-01   1.3930995e-01   1.0863507e-01   1.0991277e-01  -1.4769818e-02  -1.5711153e-02  -1.8082193e-01  -1.9176812e-01   5.1265853e-02   2.4105816e-01  -4.1591183e-02   9.0848712e-02  -1.4056979e-01  -8.5307168e-02   4.2823765e-04   1.2684234e-01
   3.8187616e-01   3.3725307e-01   9.1784951e-02  -3.2720883e-01  -4.0287922e-01  -2.5358591e-01   5.2360171e-02  -2.6668749e-01   9.4929429e-02  -3.0810301e-01  -4.7344805e-01   2.3531533e-02  -3.4022182e-01   0.0000000e+00   2.5208962e-01  -2.7790635e-01   2.5107377e-02  -2.6082224e-01   2.2210173e-01  -4.4416960e-01   7.0337667e-02  -3.9122597e-01  -2.4163171e-01   5.8067266e-01   2.9866644e-01  -2.4811549e-01  -3.3145019e-01   5.7249824e-01  -7.8550766e-02   9.9852121e-02   1.0887504e-01  -2.7554514e-01   1.2215485e-03  -1.8847541e-01  -8.3117886e-02  -3.4864370e-01  -6.8407423e-02   4.7265530e-01  -3.1428902e-01   4.7020482e-02  -3.3080522e-01  -1.2834296e-01  -1.8574639e-01  -3.7397604e-01   1.1048724e-01   1.8917276e-02  -4.3475379e-01   5.9520120e-02   9.6430318e-02  -3.2520673e-02  -2.9616150e-01  -4.4320712e-01  -1.5149984e-01   1.2045153e-01   5.6097367e-01  -5.9702910e-02   3.6645188e-02  -5.0924705e-01  -2.8897174e-01   3.4794313e-02   1.2481642e-01  -6.1177657e-02  -1.4651904e-02  -1.1993825e-01  -3.3361930e-02  -3.1355905e-01  -1.9906664e-01   1.5808987e-02  -5.3369817e-01   1.9308060e-01   1.6284361e-01  -3.1303817e-01  -1.1631819e-01   6.7901552e-01  -2.5700326e-01  -2.5031009e-01   1.4643703e-01  -2.2713967e-01  -1.7181255e-01  -1.3989339e-01   1.3207859e-01   1.5972247e-01   1.0346444e-01  -1.7719447e-01   5.6944720e-01  -1.0255619e-01   4.2923722e-01   5.3810831e-01  -2.7379392e-01   4.5554498e-01  -2.7397716e-01  -8.8608333e-03  -7.2343063e-02  -3.0204462e-02   4.7601204e-01  -3.1979074e-01  -9.6685612e-02  -1.2938935e-01  -3.1477625e-01  -9.7167457e-03   7.4738612e-01  -7.6017429e-02  -3.0450607e-01   2.7776359e-01  -3.3194032e-01  -3.1520801e-01   2.5153411e-01  -4.5112656e-01   5.2302241e-02  -3.3255487e-01   1.1795289e-01  -4.2675609e-01  -2.8858791e-01   4.3712710e-01   6.3248937e-01  -2.2309758e-01  -3.5316144e-01  -2.1458531e-01   4.7998167e-01  -1.1182003e-01   3.4703730e-01  -2.5226112e-01  -7.2379570e-02   1.0821359e-01   1.2003180e-01   4.4452796e-01   7.5314534e-02   2.1669395e-01  -2.3481031e-01   1.2423635e-01  -7.1851844e-02  -2.2531698e-01   3.5575220e-01   4.0286131e-02  -4.3201372e-01  -3.6481016e-01  -2.0840346e-01   2.0104705e-01  -5.4313093e-01   4.9425860e-01   6.0144400e-01  -2.8088113e-01  -3.9199038e-01   3.6795292e-01   2.3639405e-01  -2.4926711e-01   1.2663006e-01  -2.1079440e-01  -2.2000624e-01  -1.4368541e-01   5.9824886e-01   7.7129016e-02   4.2649079e-01  -3.0574711e-03   6.7059022e-02   3.8615797e-01   2.5553951e-01   4.5256127e-02   9.0623840e-02  -2.4669143e-01  -4.7526616e-03  -4.2878921e-01  -2.9753977e-01  -2.3300179e-01  -1.7742447e-01  -1.2569783e-01  -1.7118971e-01   1.3880986e-01   5.0057537e-01  -8.5419914e-02  -3.0283276e-01   3.0475009e-01  -2.3937031e-01   1.6396374e-01   5.3168436e-02  -2.3314082e-02  -6.4416345e-02
