   0.0000000e+00  -1.8997219e-01  -1.3093217e-01   2.8206101e-02  -1.1836651e-01  -1.6823208e-01  -1.8956132e-01   1.0284426e-01  -1.4050241e-01  -1.6811048e-01  -7.1588569e-02  -2.3329020e-02  -2.5757256e-02   2.5802186e-01  -5.7523050e-02  -1.0236999e-01  -1.8220743e-01  -1.7447992e-01  -8.4489750e-02  -1.7818635e-01  -1.5627243e-01  -1.5990390e-01  -2.3139839e-01   7.7510535e-01  -7.0535502e-02  -3.5954673e-02  -2.1187404e-01   2.3910074e-01  -5.7922769e-02  -1.0590056e-01  -3.0555390e-01   7.3795814e-02   2.3719443e-02  -2.3022749e-01  -2.8932816e-01  -1.4827072e-02  -3.9681568e-01   3.9930781e-01  -1.4201187e-01  -2.8657347e-01  -1.5045856e-01   5.7099643e-02  -1.4350903e-01  -1.7775752e-02  -1.9223168e-01   1.7218648e-01  -1.9188986e-03  -2.1300100e-01  -5.4238558e-02  -1.3384640e-01  -2.5078244e-02   4.1362767e-02  -1.6009477e-01  -1.9142697e-02  -2.9493486e-02  -4.4872210e-02  -1.4608445e-01  -4.0354219e-03  -4.2132937e-02  -6.3157777e-02   1.3744096e-01  -9.1429607e-02   2.4143988e-02   5.7085839e-02   3.9469975e-03  -4.6245414e-02  -2.0818779e-01  -1.1995883e-01  -4.1423535e-02   1.9789640e-01  -2.5544914e-01  -1.3923749e-01  -7.4583443e-02   5.7809949e-01   5.0953668e-02   7.1271376e-03   2.1036719e-01   8.6458808e-02  -1.0079278e-01  -1.6279887e-01   8.3185167e-02   2.8688727e-02  -2.9132502e-01  -7.2722327e-02   2.2561756e-01   7.2951340e-02  -2.0665138e-01   5.2077240e-01  -2.3485773e-04   8.7293058e-01  -1.4166741e-01  -1.2196663e-01  -3.0107678e-01  -2.4124270e-02   1.7280850e-01  -1.7888770e-01  -1.2656909e-01  -1.9412566e-01   1.9131030e-02  -2.6972615e-02  -1.4000733e-01   2.7391660e-01  -1.4232234e-02  -1.4674263e-02   9.7469294e-02   7.5046195e-02  -2.2839504e-01  -8.0067968e-02  -2.6749400e-01  -1.9931963e-01  -2.4881193e-01   6.1134013e-02  -1.2015969e-01   8.3625963e-01   3.8000596e-02  -9.1743621e-02  -1.5171616e-01  -6.0227220e-02   8.9586934e-03  -5.8839163e-02   1.5731039e-01  -1.0169468e-01   3.8699909e-02  -8.7137109e-02   5.6156036e-01   5.1452073e-01  -8.5584411e-03  -1.8143828e-01  -1.5188796e-01  -1.0763094e-01  -1.7998925e-01  -2.9419059e-01  -3.6974371e-03  -1.5466527e-01  -1.2955674e-01   4.2486359e-02   5.2071371e-02  -3.8690717e-02   2.3899564e-03   6.5857985e-01   5.6953904e-01  -7.1458645e-02   1.8404276e-01  -3.2627843e-01   5.8616946e-02   9.8958692e-02  -1.9413240e-01  -1.8839091e-02  -1.0260444e-01   2.6940008e-02   4.9798894e-01  -4.8668734e-02   2.6381497e-01  -1.0431959e-01  -2.4512016e-01   6.5425365e-01   1.3587429e-01  -1.0907351e-02   2.8798497e-02  -1.4504235e-02  -6.5784013e-02   6.1334676e-02   2.3004871e-02  -2.9607396e-02   5.6730998e-03  -1.5190198e-01  -1.1461574e-01   2.2602774e-01   7.0990402e-03  -3.3680282e-01   1.2559668e-01   2.7539511e-02  -1.0313449e-01  -2.6557548e-01  -4.2333000e-02  -1.7488858e-01  -9.5337917e-02
  -1.8997219e-01   0.0000000e+00   5.1599092e-01  -1.4405588e-01   2.9205607e-01  -2.0666680e-01   2.0697866e-01  -1.5045951e-01   4.9379923e-01   2.0990843e-01  -1.2524458e-01   6.6997905e-01  -2.6717348e-01  -2.2126729e-01  -1.2615774e-01  -2.9804570e-02   4.5532866e-01  -1.8292233e-01   1.1604074e-01   3.3531875e-01  -2.5288404e-01  -1.3149812e-01  -1.1826020e-01  -2.7453863e-01   3.7947534e-01  -7.5580414e-02   1.8178739e-01  -4.9923691e-01   2.3108726e-02  -1.1126087e-01  -1.8460272e-01  -2.9889122e-01   3.5106628e-02   4.7275858e-01   1.3416656e-01   1.7011242e-01   8.0933364e-02  -4.0960685e-01   1.2764717e-01   5.4945287e-01  -2.2450814e-01  -2.0467876e-02   5.5207520e-01  -2.4459410e-01   1.7454718e-02  -5.0798438e-01  -2.4988754e-01   5.2079156e-02  -3.4534315e-03   5.5671252e-01  -3.2254728e-01  -1.1303924e-01   3.3275246e-01   3.8517019e-01  -7.6624449e-02  -3.0708142e-01  -2.1735744e-01  -2.0157507e-01  -3.0195047e-01   4.6376701e-01  -4.0026021e-01   2.5604585e-01   5.2175419e-01  -3.2554428e-02   8.8251076e-02  -2.4246455e-01  -1.5378335e-01   1.3663994e-01  -2.4194459e-01  -4.5675851e-01   6.6934232e-01  -8.5255870e-02  -8.6021131e-02  -1.2535535e-01   5.7224517e-02   3.6088529e-02  -4.9795893e-01   1.4105630e-02   4.5663235e-01   3.5904039e-01  -3.6820953e-01   6.3922301e-02   1.8163653e-01  -8.0448079e-02  -1.4182099e-01   8.1955081e-02   2.7181206e-01  -2.4821779e-01   3.3054382e-01  -1.7041512e-01   4.5982132e-01   3.1569847e-03   3.6333759e-01   5.6961611e-01  -5.6254784e-01   2.2096288e-01   6.4176883e-02   1.6938837e-01   2.0396758e-01  -1.5373208e-01   2.1791651e-01  -1.0551556e-01  -4.7743383e-01   4.9838554e-01  -4.2378611e-01  -5.3048679e-02   4.3917708e-01  -4.6493614e-02   8.6317215e-03  -1.2747313e-01   3.4486891e-01  -3.9092538e-01   1.9168444e-01  -2.5015926e-01  -2.8310376e-01   5.6236448e-01  -1.7515986e-01  -1.9767858e-01  -2.2484126e-01  -1.6879014e-01  -5.3185407e-01   4.5253391e-01   2.5915636e-01   3.3899443e-01  -4.4606441e-01  -4.8050335e-01   4.0719092e-01   4.0657134e-01  -2.2629256e-01   9.2840357e-02  -1.4206557e-01   2.6497625e-01   1.8377358e-02   8.7181908e-02   3.7853136e-01  -1.7061763e-01   2.8564838e-01  -2.7215685e-01  -2.6454689e-01  -2.0601880e-01  -3.3832296e-01  -8.5432995e-02  -3.3411451e-01  -1.6750383e-02  -2.5678670e-01  -1.9883118e-01   6.1714033e-01  -3.9795693e-02  -3.9971520e-02  -9.8516824e-02  -2.8875582e-01  -1.7186835e-01  -4.0665802e-01   2.9491757e-01   6.7562629e-01  -3.4093029e-01  -4.4062810e-01  -1.1503612e-01  -1.7177967e-01  -4.2440351e-01  -1.9451494e-02  -9.8275204e-02   1.0145677e-02  -5.1123585e-01  -4.9939680e-02   4.6189844e-01   2.5814144e-01  -3.7226040e-01  -2.4226932e-01   6.2498039e-01   4.3362771e-01  -3.0168926e-01   1.2504645e-01  -2.3385328e-01   1.2926520e-01   3.6483724e-01   1.9834460e-02
  -1.3093217e-01   5.1599092e-01   0.0000000e+00  -1.2735815e-01   7.5645387e-02   1.5040718e-01   1.2423111e-01  -1.3205791e-01   3.1387020e-01  -1.4706454e-01  -2.9547082e-01   5.4120625e-01  -1.8811577e-01  -1.4541614e-01   8.7850195e-02  -6.5201046e-02   8.5752070e-01  -1.2961862e-01  -1.2504892e-01   1.6768474e-01  -3.8335087e-01  -2.6464249e-02  -1.4078624e-01  -2.8899434e-01   3.1445877e-01  -1.1868445e-02   2.2750088e-01  -1.8588224e-01   1.1083008e-01   1.6267124e-01  -6.1401624e-02   1.0976030e-01   1.9723061e-01   2.5234691e-01   8.6391775e-02  -7.2258838e-02  -8.3781507e-02  -3.7603980e-01  -8.4608256e-03   6.0982730e-01  -2.5541953e-01   3.0350037e-01   4.5679358e-01  -1.0887768e-01  -1.5339998e-01  -1.3575767e-01  -1.4981687e-01  -1.6462893e-01  -2.7851823e-01   5.8804798e-01  -1.3237866e-01  -5.0997091e-02   5.7714660e-02   4.6131178e-01   4.4677953e-02  -4.6470418e-02  -1.9982979e-02   1.9138884e-01  -1.7746282e-01   4.2301856e-01   1.4225393e-01   3.0166562e-01   4.1942356e-01  -4.9644351e-02  -2.6073124e-01  -4.6462550e-01   1.5263431e-01   1.9275988e-01  -2.5218499e-02  -5.4604965e-03   3.1598269e-01   2.7418196e-01  -3.0282639e-01  -8.4127236e-03   2.2944732e-01  -5.0645269e-02  -4.0078425e-02   1.0589308e-01   6.0205777e-03   3.2966390e-01  -9.5658516e-02  -1.4843865e-02   4.5740866e-02  -2.7902644e-03   1.9676997e-01   2.0392722e-01   1.1701151e-01   4.7937966e-02   3.4969305e-01  -1.7502357e-01   1.3919093e-01   6.4713102e-01   3.1587886e-01   3.9825721e-01  -2.9179077e-01   1.9072499e-01   2.2404995e-01  -2.2929938e-03   2.2109460e-01  -3.7383263e-01   3.4123947e-01   8.5143160e-02  -2.1861476e-01   3.3429946e-01  -7.2074079e-02   2.7334782e-01   6.5718169e-01   4.0774321e-02  -1.0177799e-02  -3.4507400e-01   1.8324902e-01   5.1610603e-02   2.9521683e-01  -2.0664513e-01   1.9125555e-01   4.0085685e-02   1.2112648e-01  -1.5147739e-01   5.9076285e-02   9.4397977e-02  -1.8212987e-01   1.8030334e-01   1.9921703e-01   9.2768194e-03  -2.9500409e-01  -1.5068612e-01   2.8073718e-01   4.0752217e-01   4.2967674e-02   4.6625940e-01  -2.2184240e-01  -1.2402361e-01   2.6922087e-01  -2.1696369e-02   5.9236344e-01  -1.7393438e-01   4.6424569e-01  -1.0814270e-01   3.3935596e-03  -4.3362655e-02  -1.4187585e-02  -1.5399269e-01  -9.6601025e-02   3.2352668e-01   9.3133446e-02  -1.3863950e-01   5.5623081e-01  -4.3280942e-01  -2.2330597e-01  -3.4056591e-01  -1.6203727e-02  -1.5434123e-01   9.9520952e-02   6.2288034e-02   7.0484394e-01  -3.0693895e-01  -8.8902389e-02  -1.3602260e-01   4.2401876e-01  -1.0756460e-01  -1.3421514e-02  -1.6132142e-01  -4.2184113e-01  -2.0739910e-01   2.1666557e-01   1.1342391e-01  -6.2225431e-02  -7.7267435e-02   2.4031381e-01   3.1500288e-01   4.8901929e-02  -1.8462900e-01   4.6091599e-02   1.4810935e-01   2.1601070e-01   4.0368816e-01   2.1223472e-01
   2.8206101e-02  -1.4405588e-01  -1.2735815e-01   0.0000000e+00  -1.7284532e-01   4.5457802e-01   4.7095979e-02   2.2139557e-01  -1.0348916e-01  -1.4763286e-01   1.8013845e-02   1.7234819e-02  -2.4478225e-01   3.0857243e-01   1.5513540e-02  -4.6101518e-01  -1.3760396e-01   7.3449477e-02   4.1550219e-01   1.2133309e-02   2.7887663e-01   1.8811591e-01   1.6226337e-01   1.8111908e-02   1.7397027e-01   2.3890665e-01  -2.7539310e-01   1.9813827e-01  -5.1174501e-01   5.5135787e-01   2.1073229e-01   4.6788552e-01  -1.4126367e-01  -1.3793702e-01  -1.5704163e-01   8.7183951e-02   3.8253893e-02  -5.2992496e-02  -3.1552568e-01  -6.4040904e-02   1.8725294e-01  -8.8450411e-02  -1.4295268e-02   3.4728883e-01  -2.4924717e-01   6.8286437e-02   2.9388798e-01   3.2680524e-01   3.7206129e-03  -4.6303724e-01   4.6909853e-01   3.2316232e-01   1.5320861e-02  -2.2258164e-01   3.3329132e-01   3.2412522e-01   1.7114230e-01   4.7492925e-01   4.5961502e-01  -1.0343924e-01   3.6571625e-02  -4.1312318e-01  -1.1548966e-01   2.1455232e-01  -2.5868572e-01   6.5063833e-02   4.5276413e-01  -8.1265417e-01   3.9109685e-01   6.1234150e-02  -2.7006364e-03  -9.8241640e-02   4.3150616e-02   2.0741848e-01  -2.9538060e-02   2.1434521e-01  -7.5945181e-02   1.5024320e-01   1.8589030e-02  -1.8818339e-01   3.5734912e-01  -1.8759199e-01   1.4807799e-01   8.6575798e-02   2.7932432e-01   2.5720527e-01   1.0635169e-01   1.2763395e-01  -4.6519240e-01   5.6042711e-03  -4.1840399e-01  -3.7442656e-02  -1.8136028e-01   1.2588736e-02   4.8206972e-02  -6.4806344e-01  -5.9323179e-01   4.5980652e-01  -3.1826126e-01  -7.1124497e-04   6.9400088e-02   3.5918665e-01   5.3344307e-01   1.0451198e-01   4.7160736e-01   5.2830659e-01  -5.9959162e-02   2.8992021e-01  -1.3931276e-01   3.0145069e-01  -9.3826073e-02   3.1933133e-01  -3.2969712e-01   8.7555561e-02  -1.9074033e-02  -2.7537338e-01   1.9527098e-01   7.7414719e-02   1.7953068e-01   6.7547764e-01  -6.8055610e-02  -3.3617724e-01  -2.8049872e-01  -3.0842033e-01   6.2226414e-02   1.6812998e-01  -7.5667513e-02  -8.1790861e-02   2.9922609e-01   1.9124425e-02  -3.8778505e-01  -2.1210895e-01   4.8225963e-01   2.1766805e-01  -1.0859325e-01   4.8847568e-01  -1.4389378e-01   3.9272238e-01   3.5755857e-01   2.7646983e-02   1.1110165e-01  -2.8537662e-01   2.5260444e-01   1.6526829e-02   4.1167680e-01   2.1820015e-01  -1.9849418e-01   1.7065849e-01   1.2430237e-02   7.3644533e-02   2.6251812e-02   3.2377148e-01   2.5158914e-01   9.0800834e-02  -1.4905946e-01   3.7792836e-02   7.2493856e-02   2.5964038e-01  -1.5157946e-02   2.2947931e-01  -6.2018254e-01   5.2978913e-02  -1.2644019e-01   5.1609524e-01   5.0604339e-01  -3.1846097e-01   1.4267119e-01   2.1282359e-01  -1.3889835e-03  -1.0693953e-01  -1.6271837e-01  -5.4799352e-01  -3.5431054e-01   2.4635731e-01  -1.3952177e-01  -1.7950154e-01   5.6404007e-01
  -1.1836651e-01   2.9205607e-01   7.5645387e-02  -1.7284532e-01   0.0000000e+00  -2.9257893e-01   8.3793489e-02  -6.9194917e-02  -7.2998461e-03   3.5656125e-01   1.3166394e-01   6.2496814e-02   6.2247104e-02  -2.1002827e-01  -2.5782128e-02  -2.6892329e-02   2.4406843e-01   2.1681190e-01  -1.2432569e-01   7.5403013e-01  -4.1065921e-02  -1.0306848e-01   1.5745218e-01  -1.7618409e-01  -3.3859867e-02  -1.8670432e-01   3.0207364e-01  -4.2337423e-01  -6.9657378e-02  -3.2982551e-01  -5.3483227e-02  -1.9507557e-01  -2.6433780e-02   3.0650659e-01   6.1206858e-02   5.6839035e-01  -8.8536225e-02   1.1443844e-02   1.5139941e-01   1.4942884e-01   1.5770253e-01  -3.5399550e-02  -6.4883218e-02  -2.8826483e-01   2.5113203e-01  -1.5042712e-01   2.3516073e-01  -6.1974674e-02   3.9242567e-01   3.1217194e-01  -1.0204473e-02  -8.6184102e-02   1.5906602e-01   6.9995352e-02  -3.2354803e-01  -2.5196922e-01  -3.0814306e-01  -1.6263899e-01  -6.0319985e-02  -1.6458303e-01  -1.5331603e-01   2.9648198e-01   1.4711398e-01  -6.9712016e-02   2.2739903e-01   2.3874693e-01  -1.7904871e-01   7.6670264e-03  -2.0038899e-01  -1.9093609e-01   1.7646089e-01   1.4313240e-02   3.3677419e-02  -1.1586307e-01  -2.5862923e-02   7.7853674e-02  -8.8544973e-02   3.6817433e-02   5.6374983e-01   1.9327616e-01  -2.3302771e-01  -1.4382100e-01  -1.3219875e-01  -3.3956463e-02  -3.4834674e-01   8.0962429e-02  -1.0836062e-01  -2.2240929e-01   1.0053683e-01  -1.3851952e-01   5.5570675e-01  -6.3263270e-02   2.4513772e-01  -2.2137674e-02   1.8706532e-02   6.3067787e-01  -7.1627714e-03  -4.8118787e-02   2.7136613e-01   2.6480456e-01  -1.2727519e-01  -1.1593489e-01  -2.9766214e-01  -4.3047476e-02  -2.0187310e-01  -2.0822668e-01   4.8058532e-02  -3.0935530e-01   1.4304565e-01   8.6039231e-02   1.2785324e-01  -2.9264273e-01  -1.7635662e-03  -1.2684511e-02  -3.0952691e-01   4.9849142e-01  -2.7879483e-01   1.1194096e-01  -2.1157251e-01  -6.5810233e-02  -1.8190678e-01   4.8415944e-01  -5.4023328e-02   3.8258729e-01  -1.7786475e-01  -1.7111468e-01   1.7227624e-01   5.8617229e-02  -4.5625603e-02   8.1381070e-03   9.7553994e-02   2.1891819e-01  -1.7676224e-01  -2.7278492e-03  -2.1732484e-02  -5.9609981e-02   2.1365606e-02  -2.6970173e-01  -1.0653032e-01   2.7264396e-02  -2.6743320e-01   3.5492400e-02  -3.8572422e-01  -1.4006398e-01  -1.3861719e-01  -2.3022281e-01   6.5044758e-02   3.1801263e-01   2.2877196e-01   1.2325960e-01  -3.4875623e-01  -1.6166525e-01  -2.6173389e-01   8.8856362e-02   2.2606125e-01  -1.6181103e-01  -1.9744578e-01  -7.5236559e-02   6.4015230e-02  -1.6974700e-02  -6.4106645e-02  -3.0555051e-01   4.5414041e-01  -1.2185360e-01  -2.2504596e-01   3.6648413e-01   3.3197133e-01  -2.0984482e-01  -2.5337324e-01   3.9869011e-01   4.0581775e-01   4.3496270e-02   2.1640315e-01  -1.8947298e-01  -1.7457537e-02   2.4558599e-01  -2.4627642e-01
  -1.6823208e-01  -2.0666680e-01   1.5040718e-01   4.5457802e-01  -2.9257893e-01   0.0000000e+00  -9.9489214e-02   1.9157790e-01  -1.3379999e-02  -3.9450561e-01   1.5787763e-01  -5.2812267e-02  -3.6672590e-02   1.0805863e-01  -4.5198014e-02  -1.6638039e-01   1.9058077e-01   2.0403010e-01   2.2023546e-01  -1.6472674e-01   2.7556675e-02   3.7865403e-01  -6.1952584e-02  -1.3182209e-01   3.0907775e-02   5.2431174e-01   1.7458920e-01   4.0635974e-01  -1.7719083e-01   7.0831898e-01   7.5111946e-02   5.0873380e-01   2.8902024e-01  -3.5682802e-01  -9.6385413e-02  -1.2272700e-01  -2.5537895e-02  -1.8017534e-01  -7.5464023e-02   2.0506367e-01   8.4192010e-02   1.4521671e-01   8.1793453e-02   4.3558254e-01  -3.7359682e-01   2.3996201e-01   2.4972072e-01  -4.9809322e-03  -3.2237619e-01  -2.4852479e-01   3.7469565e-01   3.0773064e-01  -2.6254731e-01  -1.1852863e-01   1.9507637e-01   6.9750172e-01   5.1206744e-01   6.0355445e-01   3.6135765e-01   1.2945780e-01   4.2873394e-01  -2.0744226e-01  -2.3257699e-02   1.1817535e-01  -4.5818072e-01  -1.3858446e-01   7.5210764e-01  -2.9236432e-01   6.1185572e-01   3.3309342e-01  -2.8901063e-01   2.7906289e-01  -1.0191067e-01   2.6393172e-01   9.5697891e-02   1.8954504e-01   1.6116624e-01   2.8382847e-01  -4.4617257e-01  -1.3674208e-01   4.7615974e-01  -1.2161437e-01   1.1295803e-01   3.7128913e-01   3.1202738e-01   2.6597450e-01  -9.4614086e-02   2.9647519e-02  -5.9422832e-02  -1.7532346e-01  -4.0734678e-01   3.3848829e-01  -6.5350763e-02   1.7951190e-02   1.2960036e-01  -3.6067576e-01  -1.0810796e-01   3.9966684e-01  -1.5366011e-01  -2.8789163e-01   1.0772208e-01   4.3182135e-01   5.0711062e-01   2.3231840e-01   6.9151638e-01   5.6868013e-01   1.4712876e-01   6.2110610e-01  -2.5336854e-01   2.6698000e-01  -9.2922858e-02   7.3124347e-01  -4.3669582e-03  -1.4784090e-01   3.1763320e-01  -4.9710251e-01   5.4486126e-01   6.6537889e-02   4.0582312e-01   6.1013188e-01   1.6974996e-01  -3.9271029e-01  -1.4122197e-01  -3.2597144e-01   4.1508744e-02   3.0377287e-01  -1.1558571e-01   2.7920383e-03   5.2221112e-01   3.1049290e-01  -2.5886523e-01  -3.0946865e-01   5.6341169e-01  -1.0632855e-01   2.2377170e-01   3.5927353e-01   5.7743638e-02   2.6918057e-01   4.8574847e-01  -1.0600048e-01   1.4403050e-01  -1.3836032e-01   4.8542526e-01   5.0023649e-01   4.0012461e-01   3.1455254e-01  -1.6445863e-01  -3.6366138e-02  -2.2416856e-02  -2.2711996e-01   1.4111708e-01   2.8682197e-01   3.6545207e-01   3.9125788e-02   7.4467103e-02  -1.4647904e-01   2.7841347e-01   1.8871822e-01   1.6474644e-01   3.9656064e-01  -1.9892672e-01   2.2287464e-01  -3.8563201e-01   5.6213226e-01   6.5796065e-01  -5.0843057e-01  -1.0325128e-01   3.1628635e-01   3.3362522e-01  -2.0246183e-01  -4.5651196e-01  -3.4135045e-01  -1.3633976e-01   7.3548797e-01   4.7928921e-03  -1.2511970e-01   5.8546107e-01
  -1.8956132e-01   2.0697866e-01   1.2423111e-01   4.7095979e-02   8.3793489e-02  -9.9489214e-02   0.0000000e+00  -4.8994892e-02   7.0901526e-02   3.7532955e-01   3.0815446e-02   3.4410860e-01  -1.2269585e-01  -1.3634444e-02   5.5340286e-01  -8.8875525e-02   1.2959830e-01   6.5251391e-02   3.6076944e-02   2.3914214e-01   2.4487992e-01   7.8768745e-02   6.1602711e-01  -5.3829230e-01  -7.9939988e-02  -1.0548542e-01   2.6886224e-01  -1.2323429e-01  -2.1027827e-01   6.5568696e-02   4.1037791e-01   4.8845805e-03   1.1840848e-01   7.2285212e-01   4.4588423e-01   3.1163066e-01   1.0729389e-01  -4.5049647e-01  -2.2399782e-02   3.2582418e-01   4.7482279e-03   1.2198106e-01   2.4102276e-01  -1.4129493e-02   2.4518986e-01  -3.6912357e-01   8.2971238e-02   6.6108583e-01   1.1496363e-01  -3.1819812e-02  -6.9593550e-03  -8.2269975e-02   5.5837119e-01   1.7209540e-01   1.7251347e-02  -1.6877936e-01  -9.7847029e-02   1.9053259e-02   3.6549913e-02   1.9898744e-01  -1.2211564e-01   1.2887403e-01  -1.6199692e-01   2.8116144e-01   1.5494708e-01   1.4401613e-01   6.9144303e-02  -1.0714171e-01  -9.9927687e-03  -1.8983852e-01   5.4231275e-01  -2.1864780e-02   3.1154291e-02  -4.7997132e-01  -1.8835120e-01   1.2040355e-01  -3.0791594e-01   1.6697965e-02   1.6463205e-01   7.8197990e-02   1.7866636e-01   6.5265986e-02   3.0070148e-01  -9.5194988e-02  -1.8754858e-01   4.7139019e-02   4.6840432e-01  -2.9996846e-01  -4.8335195e-02  -3.3542699e-01  -1.1171911e-01  -8.5877940e-02   3.9642508e-01   2.1099089e-01  -2.1647912e-01  -6.6901010e-02  -1.0560479e-01  -2.9078850e-03   7.2524222e-02   2.9569712e-01   3.4117127e-01   2.7271677e-02   1.0175839e-01   8.4439571e-02  -1.1724391e-01   4.6312760e-02   1.7452867e-01  -2.7669264e-02   3.2300142e-01   2.3012164e-01   6.4748837e-01  -1.8371589e-01   3.6915431e-02  -2.9389170e-01   4.5988055e-02   1.8627331e-01  -2.2281181e-01   1.5293829e-01  -1.8041585e-02   9.6218340e-02  -4.3258075e-01  -5.2546648e-02  -1.0468363e-01   2.8932537e-01  -5.0776318e-01  -4.1224314e-01   1.2062851e-01  -2.0302570e-02  -1.3338887e-02   9.7648403e-02  -7.9040961e-02   5.1262875e-01  -2.5084638e-01   4.8832374e-01  -1.9560211e-03  -2.2581124e-02   2.5559023e-01   3.1748803e-01  -1.3082974e-01  -8.8490014e-02  -2.2804627e-01  -1.5966646e-01  -1.6915312e-01   6.2139273e-02   1.6094184e-01   3.4105568e-02   5.9689575e-01  -7.7322861e-02   3.8307233e-01   3.9656312e-01  -2.7050333e-01   7.3293734e-02  -3.2977355e-01   9.3899828e-02   1.2288899e-01  -4.3019281e-01  -3.0617234e-01   1.2901922e-01  -1.0772177e-01   2.9308200e-01  -1.4682840e-01  -6.3425039e-02  -1.2563707e-02  -8.4329414e-02  -7.8519267e-02   4.5866789e-01   2.9958119e-01  -1.1499741e-01  -1.9105613e-01   9.8381063e-02   4.7692117e-02  -3.8318492e-01   4.9712336e-02  -1.6084340e-01   1.0553445e-03   9.5846619e-02   1.3412002e-01
   1.0284426e-01  -1.5045951e-01  -1.3205791e-01   2.2139557e-01  -6.9194917e-02   1.9157790e-01  -4.8994892e-02   0.0000000e+00  -4.1266224e-02  -1.0189830e-01   1.7159756e-01  -9.4278116e-02   1.2699499e-01   4.3361862e-02  -1.1896847e-02  -1.6397058e-01  -5.3098331e-02  -2.3065494e-02   2.7815677e-01  -8.5309062e-02   1.4727397e-02   5.6455341e-01  -1.2429996e-01   1.0664966e-01   1.6317587e-01   4.4504265e-01   1.6717512e-01   2.0620518e-01  -1.8070312e-01   8.9553990e-02  -1.2261640e-01   1.1035802e-01   1.7677558e-01  -9.4195888e-02  -3.5904510e-01  -4.8036235e-02  -2.2197949e-01  -3.7117643e-02  -3.6156905e-01  -1.2797819e-01   2.8057240e-01   1.1554111e-01   1.2075338e-02   4.0187701e-01  -2.2487902e-01   6.8089190e-02   4.5077830e-02  -3.6798183e-02   1.5815616e-02  -2.0999757e-01   3.1628675e-02   7.3796284e-01  -5.7818505e-02  -8.4213603e-02  -7.6526642e-02   3.2481657e-01   3.8250402e-01   2.9629007e-01   3.5814613e-01  -2.5847360e-01   1.9018940e-01  -2.2663625e-01  -9.1148091e-02   9.5225889e-02  -1.5898417e-01  -1.4041482e-01   2.3537359e-01  -1.3584631e-01   2.8430081e-01   8.9512945e-02  -2.8114001e-01  -1.0255073e-01   1.9327437e-01   2.6861345e-01  -3.8642348e-02   7.2543921e-01  -8.4795918e-02   3.2120575e-01   1.6242201e-02  -1.1082029e-01   3.0247874e-01   1.9982361e-01   9.0809766e-02   6.2978887e-01   5.1993427e-03   3.6572862e-01  -8.9726730e-02   4.7918257e-02  -2.1456604e-01  -7.1005618e-03  -8.7076186e-02   3.0911415e-03   9.6949911e-03  -1.3713478e-02   3.7747060e-02  -1.6627934e-01  -1.0147379e-01   3.6119481e-01  -4.2914367e-02  -2.3848416e-02  -1.6793969e-01   3.8754059e-01   3.3665313e-01   6.1120474e-03   1.2808233e-01   1.2606002e-01  -1.0392705e-01   4.5591296e-01  -2.6713527e-01   1.7073063e-01   8.4610381e-02   2.1752154e-01   1.5975453e-02  -3.2770166e-04  -6.8293821e-02  -1.2229635e-01   3.5800381e-01   1.5216159e-01   6.2095266e-02   1.1773559e-01   9.7840358e-02  -2.1080698e-02   1.3745723e-02  -2.2011800e-01   1.8208115e-01   2.1039869e-01  -2.3833458e-01  -1.2192183e-01   3.7838725e-01  -3.9487930e-02  -1.6603588e-01   1.1028134e-01   1.6344891e-01  -2.3637953e-01   6.0391163e-02   6.7940994e-01  -6.8419472e-02  -1.3339117e-02   5.9897354e-01  -4.5846668e-02   1.4864663e-01  -1.1296134e-01   1.4593846e-01   5.0786943e-02  -3.5194459e-02   7.0296102e-02  -1.4695538e-01   5.0985601e-02  -9.4652753e-02   7.9493200e-02   1.5521010e-01   5.2703997e-01   1.1809794e-01  -7.3989477e-02  -7.8895377e-02   1.5029525e-02   7.0153201e-02   1.0099470e-01  -8.1217234e-02   2.5609131e-01   7.5770131e-02   4.2179881e-02  -6.0231072e-03   1.4318208e-01   1.8143958e-01  -2.8735616e-03   3.3903416e-02   3.1652147e-01   1.0394149e-01  -6.5847773e-02  -5.5150694e-02  -2.6837228e-01  -5.8646947e-02   6.8549234e-02  -9.9451793e-02  -2.0887681e-01   3.7440167e-01
  -1.4050241e-01   4.9379923e-01   3.1387020e-01  -1.0348916e-01  -7.2998461e-03  -1.3379999e-02   7.0901526e-02  -4.1266224e-02   0.0000000e+00   8.5781744e-02   1.8273097e-02   3.1664384e-01  -5.7080907e-02  -1.2496201e-01  -7.6601268e-02  -9.3647847e-03   2.7390748e-01  -7.7487631e-02   5.1871275e-02   7.1555121e-02  -3.0414448e-01   2.3807085e-01  -2.5997515e-01  -9.9871703e-02   3.1438840e-01   1.1883130e-01   2.0767073e-01  -1.4359941e-01   1.1792100e-01  -2.1761571e-03  -1.0986189e-01   1.2537622e-01   3.2444950e-02   2.1899759e-01   9.7566618e-02   3.8550122e-02   1.8740557e-01  -3.8363801e-01   1.5731545e-01   4.9171942e-02   3.7001420e-02   1.7046254e-01   4.6124023e-01  -6.5836619e-02  -1.0969558e-02  -2.0228155e-01  -2.0521791e-01  -7.7154651e-02  -9.0836062e-02   1.2006097e-01  -1.4577901e-01  -1.1410085e-02   1.6348134e-01   3.4098573e-01  -5.9221411e-02  -9.0512829e-02   4.2539183e-02   1.1088879e-01  -4.0214887e-02   4.7244750e-01  -1.0062280e-01   3.4265338e-01   4.7600369e-01   6.5323101e-02   1.8605472e-01  -2.4269655e-01  -6.7470470e-02   2.5236665e-01  -1.5519525e-01  -7.1351432e-02   2.2644092e-01   1.6553747e-01   6.6664984e-02  -9.9869238e-02   3.2064008e-02   5.6999952e-02  -2.0438748e-01  -1.0093837e-01   2.1361199e-02   1.3697962e-01  -7.3796894e-02   1.1455255e-01  -4.6312376e-02   2.9273522e-02  -7.5435862e-02   7.9425793e-02  -4.3987972e-02  -7.3887142e-02   4.5623740e-01  -1.6778301e-01   2.7206358e-01   1.1106763e-01   8.4839556e-02   6.1899001e-01  -3.4924681e-01   2.8793853e-02   2.2847084e-01   5.2755037e-02   4.8252493e-01  -2.4959480e-01   3.6282457e-02   6.2453510e-02  -2.0525262e-01   6.5975768e-01  -2.0626343e-01   2.0041288e-01   2.6026230e-01   8.4395681e-02   2.7216444e-02  -3.4006155e-01   7.2546299e-02  -1.2270955e-01   4.0977375e-01  -2.0734929e-01  -9.2670903e-02   1.2185853e-01   7.3747959e-02  -2.7607051e-02  -4.2348952e-02  -6.4271251e-02  -1.6004792e-01   1.7115259e-01   2.5024139e-01   3.2793104e-01  -2.2315917e-01  -1.9451434e-01   3.9751006e-01   1.3752373e-01   2.1013857e-01   8.2464514e-02  -7.1460325e-02  -2.6319222e-03   7.3156867e-02   5.5254267e-02   5.8207361e-01  -6.5703509e-02   2.6965586e-01  -6.3411826e-02  -3.0094575e-02  -1.3626288e-01  -1.7388710e-01  -4.3525180e-04  -1.9029111e-01  -5.2144114e-03  -1.2742345e-01   2.1318377e-01   2.4274291e-01   9.3926552e-03  -1.7310494e-01  -2.1635684e-01  -1.5880128e-01  -1.2297926e-01  -1.0969039e-01   3.3187947e-01   2.8356603e-01  -2.2517164e-01  -1.8359217e-01  -1.7765218e-01  -5.4847185e-02  -3.0600829e-01   1.2082016e-01  -3.5492999e-02  -8.9444134e-02  -2.3762240e-01   1.5849196e-01   2.2073000e-01   2.4494442e-01  -5.7471779e-02   2.8288675e-02  -8.0896389e-03   3.4063523e-01  -2.1842020e-01   3.6590932e-01  -3.8612892e-02   3.0619132e-01   3.1091008e-01   1.7170661e-01
  -1.6811048e-01   2.0990843e-01  -1.4706454e-01  -1.4763286e-01   3.5656125e-01  -3.9450561e-01   3.7532955e-01  -1.0189830e-01   8.5781744e-02   0.0000000e+00   8.5399262e-02   3.1920701e-02   1.3502234e-01  -3.2852051e-01   1.3358936e-01   5.3966064e-02  -3.8891422e-02   2.8715689e-02   1.9312047e-02   3.8533016e-01   2.3314569e-01  -8.9029479e-02   3.0138683e-01  -3.2399862e-01  -1.2888772e-02  -2.5627258e-01   2.1903672e-02  -3.3439476e-01  -1.2650776e-01  -4.6652476e-01   4.5800246e-02  -2.9989672e-01  -2.6716427e-01   6.2958252e-01   2.1752667e-01   4.2686675e-01   1.1682395e-01  -1.5821420e-01   5.6551508e-02   1.5533411e-03   1.3780920e-01  -3.1140310e-01   7.6645420e-03  -2.8588413e-01   4.8352197e-01  -2.5422086e-01  -1.1730274e-01   2.6550568e-01   3.8839405e-01   1.2042306e-01  -1.1909175e-01  -7.4135450e-02   4.5639543e-01  -2.2247882e-01  -3.7939077e-01  -3.0730327e-01  -1.0891912e-01  -2.8130886e-01  -1.8830863e-01  -1.6770716e-01  -3.2232303e-01   2.9116711e-01  -1.5598704e-01   5.1556869e-02   2.0643411e-01   4.9573157e-01  -3.3811019e-01  -2.7944224e-02  -4.7052543e-01  -2.2087647e-01   3.2944484e-01  -1.3799773e-01   1.8958156e-01  -3.9557584e-01  -3.0539236e-01   1.0955811e-01  -2.9538033e-01  -3.4672082e-01   4.1044015e-01  -1.0973856e-01  -1.3320888e-01  -3.6099833e-03   2.4952651e-01  -2.2114884e-01  -3.8788411e-01   9.6007887e-03  -9.8504548e-03  -4.9652002e-01  -8.8848230e-02  -2.3596276e-01   2.3203060e-01  -2.4774812e-01   3.6231639e-01  -1.9549918e-02  -1.4849730e-01   3.1234725e-01  -4.6180589e-02  -1.6785740e-01   5.0826765e-02   4.5421828e-01   6.3936213e-02  -3.0390837e-01  -2.7859422e-01  -1.4024224e-01  -4.3190544e-01  -2.8179884e-01  -1.8799602e-01  -3.8300828e-01   4.4767223e-01   3.0996648e-01   4.5323322e-01  -4.9858614e-01  -2.4034521e-01  -2.5062207e-01  -2.4986512e-01   3.8913181e-01  -3.3610410e-01   2.2191101e-01  -2.7007871e-02  -2.5976883e-01  -4.0294668e-01   3.0380559e-01   1.2694238e-02   3.8680214e-01  -3.0296904e-01  -4.1909889e-01   1.7576870e-01   3.4254411e-02  -2.2572719e-01   7.4746120e-02   1.8712322e-01   4.3032624e-01  -4.0630391e-01   3.0684446e-01  -1.9778145e-01  -1.2442405e-01  -1.4544516e-01  -6.5489092e-02  -2.7180612e-01  -1.8457176e-01  -3.3903685e-01   1.8631051e-01  -4.7574481e-01   1.9438412e-02  -1.3923178e-01  -1.6610068e-01   2.5050623e-01   3.9586412e-01   4.7609005e-01   2.5758390e-01  -4.6223024e-01  -1.0486882e-01  -5.8878704e-01   1.4028944e-01   1.5025590e-01  -2.6114840e-01  -3.7246693e-01  -7.2947817e-02  -2.7710260e-01  -6.2460289e-02  -3.3425764e-03  -3.0747452e-01   5.7063696e-01  -3.0393666e-01  -2.5000607e-01   4.9512709e-01   3.8761431e-01  -4.2769200e-01  -4.2392733e-01   2.1264002e-01   3.7625357e-01  -1.0513105e-01  -9.7220439e-03  -2.7622995e-01  -7.7539535e-02   2.6723847e-02  -2.7220821e-01
  -7.1588569e-02  -1.2524458e-01  -2.9547082e-01   1.8013845e-02   1.3166394e-01   1.5787763e-01   3.0815446e-02   1.7159756e-01   1.8273097e-02   8.5399262e-02   0.0000000e+00  -3.8419934e-01   1.8889881e-01   1.6752526e-01   1.5424576e-01   1.0736159e-01  -2.0987059e-01   5.9278813e-01   6.2770307e-03   3.5012803e-02   1.2430730e-01   2.1253500e-01  -2.4696984e-02   7.4303077e-03  -3.6803231e-01   2.6471870e-01   4.4072385e-01   4.0680094e-01  -4.6269540e-02   1.0345909e-01   1.3657257e-02   1.1680319e-01   3.1723952e-01  -1.9745745e-01  -7.5773190e-02   3.7270983e-01   1.4735941e-01  -1.5855598e-02   2.3406733e-01  -2.4086827e-01   2.0451691e-01  -4.8561035e-02  -1.4140942e-01   4.6060519e-01   4.0718933e-01   2.1793730e-01   5.7658684e-01   1.1620280e-01  -2.0195671e-01  -4.1417108e-01   4.7149965e-01   1.4605459e-01   4.3128913e-02  -3.0190546e-01  -5.8843786e-02   2.8864090e-01   1.3867288e-01   1.8897226e-02   2.3256618e-01  -9.9454257e-02   2.6522313e-01   4.7486635e-02  -2.4383472e-01   1.7983100e-01  -8.7359426e-03   3.6932276e-01   3.5122485e-02   1.0688627e-02   4.4636772e-01   3.3178583e-01  -2.9504293e-01   2.2813466e-01   2.2034035e-01  -1.0204333e-01  -2.7341972e-01   1.9950975e-01   9.3364869e-02   3.5781368e-01  -1.7001375e-01  -2.9381215e-01   4.1255241e-01  -5.7885388e-02   7.1827824e-03   3.1584668e-01  -4.0929470e-01  -9.4803843e-03  -2.5237435e-01  -1.1211431e-02  -6.1294072e-04  -1.0961722e-01  -1.1116935e-01  -2.7649033e-01  -1.4688654e-01  -6.3574630e-02   2.1801905e-01  -3.8553377e-02   7.0683332e-02   7.6014564e-02  -3.1567242e-02   1.4886794e-01  -6.8812428e-03   6.4878429e-02   3.1003072e-01  -1.4292389e-02   2.4449692e-01  -7.9295990e-02  -1.1679138e-01   3.0174437e-01  -1.0797442e-01   3.2662884e-01  -1.2667833e-01   3.0440190e-01   1.2224995e-01  -2.9028879e-02   9.0175811e-02  -1.9045520e-01   3.6311898e-01   1.2765058e-01   4.9466536e-02   6.9317790e-02   1.8158313e-01  -2.2816940e-01  -1.6392935e-01   2.0910479e-01   3.4437989e-02   2.1150373e-01   7.7152908e-02  -2.7918846e-01   1.2381891e-01   1.2827392e-01   3.2869198e-03   2.2028896e-01  -1.8895362e-01  -2.6880694e-02  -1.7611238e-01   2.9509428e-01  -1.3699043e-01   3.0645214e-01   2.9495376e-01  -1.7058196e-02   9.0585403e-02   4.4085131e-02   3.9047496e-01   4.4836176e-02   7.7500209e-02   1.3470187e-01  -3.5139897e-01   3.9836958e-01   3.2406894e-01  -7.5103261e-02  -1.1974205e-02   3.8383704e-01   3.8847686e-02   4.0768628e-01  -3.1113138e-01  -1.8449524e-01   1.7394486e-01   2.8096120e-01  -2.3717858e-02   4.0618476e-01   1.4220012e-01   4.7562053e-01   3.5706251e-01   2.7656367e-01  -1.0738463e-01  -8.2829721e-02   3.6724966e-01   1.7691354e-01   1.3082247e-01  -1.6918079e-01  -1.8111665e-01  -1.7868803e-01   3.3306831e-01   9.8185626e-02  -6.9288688e-02  -2.0355393e-01   1.0884033e-02
  -2.3329020e-02   6.6997905e-01   5.4120625e-01   1.7234819e-02   6.2496814e-02  -5.2812267e-02   3.4410860e-01  -9.4278116e-02   3.1664384e-01   3.1920701e-02  -3.8419934e-01   0.0000000e+00  -2.7271430e-01  -2.5576950e-01  -4.0727939e-02  -4.4745045e-02   4.4180718e-01  -3.9707897e-01   9.2727344e-02   2.3839589e-01  -2.5001693e-01  -1.1065694e-01  -2.2353029e-02  -2.4514348e-01   3.4925222e-01  -4.5078839e-02   8.4297228e-02  -4.4714816e-01   9.5712613e-02   7.9122109e-03  -9.0965770e-02  -7.0015298e-02   7.4427037e-02   4.8455473e-01   1.4143346e-01   5.9699891e-02  -1.9252746e-01  -4.1607435e-01  -7.1539633e-02   6.3297430e-01  -2.9118683e-01   1.7779298e-01   6.6184196e-01  -2.0330513e-01  -2.2353459e-01  -5.4659698e-01  -2.2449071e-01   5.6637499e-02  -1.3782689e-01   5.5608779e-01  -3.4113864e-01  -6.2015454e-02   1.8881617e-01   4.7838811e-01   6.1938242e-02  -2.6430196e-01  -1.8399656e-01  -2.7266673e-02  -7.6234459e-02   6.4428107e-01  -3.4230720e-01   1.6391248e-01   5.0574605e-01  -1.1725368e-01  -3.7446076e-02  -3.5130919e-01   3.8844307e-02   8.0583079e-03  -1.9181625e-01  -5.3082602e-01   5.9066136e-01  -2.1342027e-01  -1.6440475e-01  -4.6786804e-02   2.4812581e-01   6.1934095e-02  -4.3560680e-01  -2.5111411e-04   4.1459523e-01   3.9876191e-01  -3.2059040e-01   1.9992024e-01   1.7149881e-01  -5.7376059e-02   9.3598247e-02   1.8908650e-01   3.9723978e-01  -1.0213484e-01   3.0749397e-01  -2.0436846e-02   2.7316376e-01   1.8949396e-01   6.0573099e-01   6.3748329e-01  -5.3732422e-01   1.1111411e-01   4.6198019e-02   1.2087811e-01   2.0230127e-01  -1.7461480e-01   1.6542299e-01   1.3542586e-01  -3.9069648e-01   4.2420198e-01  -2.7562468e-01   1.7819238e-01   4.4675399e-01   3.1588447e-03  -7.1366014e-02  -2.2468137e-01   5.1846517e-01  -2.3842026e-01   1.7345271e-01  -1.1308376e-01  -2.1808716e-01   3.7649847e-01  -1.7930080e-01  -1.0210580e-01  -1.9764768e-01   8.2883145e-03  -5.1482357e-01   4.5457724e-01   3.6693814e-01   1.5708579e-01  -3.8475079e-01  -3.8254984e-01   3.6754514e-01   2.9699194e-01  -1.2010006e-01  -1.0871120e-02  -1.8452128e-01   1.2367141e-01   9.3158580e-02   3.4335717e-02   4.0821202e-01  -1.8422946e-01   4.6996060e-01  -2.8001304e-01  -1.5216746e-01   1.4814879e-03  -1.8680710e-01  -2.3224271e-01  -2.5857893e-01   6.1796945e-02  -6.9439315e-02  -1.4233315e-01   7.6136593e-01  -2.8490071e-01  -9.8722895e-02   1.0916390e-02  -1.7812259e-01  -2.0940846e-01  -2.3508001e-01   6.2620466e-02   6.4190120e-01  -2.6036638e-01  -3.9230778e-01   2.1339197e-02   9.5016300e-03  -3.9322892e-01  -9.9126159e-02  -1.0702118e-01  -2.7155567e-01  -4.3970837e-01   1.7138811e-01   4.5228633e-01   5.9237443e-02  -3.3907000e-01  -1.1125454e-01   4.5592462e-01   4.4228987e-01  -3.6987541e-01  -8.7284501e-02  -2.2490652e-01   1.7687529e-01   2.9293441e-01   1.6767211e-01
  -2.5757256e-02  -2.6717348e-01  -1.8811577e-01  -2.4478225e-01   6.2247104e-02  -3.6672590e-02  -1.2269585e-01   1.2699499e-01  -5.7080907e-02   1.3502234e-01   1.8889881e-01  -2.7271430e-01   0.0000000e+00  -7.5982708e-02  -7.9104005e-02   3.1660422e-01  -1.9550990e-01   1.4612257e-01   2.0303047e-02  -7.6262680e-02  -2.7692946e-02  -3.3086861e-02   2.9310733e-02   1.7379112e-02  -2.4439785e-01   1.5688327e-02   5.7678746e-02   7.6039450e-02   9.5571689e-02  -1.4964393e-01  -2.4212341e-01  -3.0190430e-02   8.2227071e-02  -8.2233826e-02   5.8081828e-02  -1.0452034e-01   2.9409066e-02   8.5376518e-02   2.9579498e-01  -2.1937812e-01   5.3617188e-01   1.0464549e-01  -5.6929737e-02   3.1848557e-02   5.9153924e-03   7.3494669e-02  -7.9572882e-02  -2.0779123e-01   7.5540137e-02  -2.7072113e-02   1.3329470e-01   8.0162143e-02  -2.5150821e-01  -2.5879525e-01  -1.2402813e-01   8.9673929e-02   9.8950216e-02  -1.4652877e-01   2.0722182e-01  -6.3042641e-02   9.5818734e-02   3.9043738e-02  -1.7311922e-01  -7.0479147e-02   3.1886560e-02   9.8122442e-02  -8.8711175e-03   1.6330174e-01  -3.8695492e-02   5.2875763e-02  -4.2607023e-01  -5.5615528e-02   4.2875566e-01  -1.3454673e-02  -5.6272759e-02   4.2306831e-02   1.6572599e-01  -3.2383920e-02  -1.2537864e-01   5.8654743e-02   5.1803723e-02   2.7520133e-01  -1.6322528e-01  -1.4894586e-02  -2.0001529e-01  -3.5962621e-02  -2.8135419e-01  -1.3763550e-01  -9.3777948e-02  -2.3516496e-02   6.6491353e-02  -1.3560812e-02  -1.3540590e-01  -1.3007940e-01   1.7320014e-01   1.9026943e-01   3.2649246e-01  -1.6297224e-01   2.4912318e-02   1.5053177e-01  -1.5634473e-01  -1.1430735e-01  -7.7245234e-02  -2.3515364e-01   1.4432350e-03  -2.4308218e-01  -1.5910936e-01  -1.8047830e-02   2.0313466e-01  -4.5510520e-02  -4.2815998e-02  -1.9167036e-02  -2.0943951e-02   5.8765724e-02   7.0321266e-02  -1.4207706e-01   5.6899038e-02   6.6987207e-01  -5.8825086e-02  -1.7993497e-01   1.3747447e-01  -7.6124511e-03   8.3758664e-02  -4.5554971e-02   1.6001484e-02   1.3386668e-01   1.7372847e-02  -8.0551716e-02   5.2126571e-02  -1.2596426e-01   6.4384694e-01  -3.1297038e-02  -1.6650130e-01  -1.9152943e-01  -3.6371893e-02   4.1922863e-02  -1.2745787e-01  -2.2833958e-02   3.4353226e-02   4.5006748e-02  -1.0451723e-01   6.8685128e-01  -3.0172795e-02   1.4920150e-02   3.6860870e-03   5.4696324e-02  -1.8405522e-01   1.4683615e-01  -4.6068809e-02  -1.1937469e-01   1.8025538e-02   3.0482785e-02  -1.0467682e-02  -1.8159840e-01  -5.7621899e-02  -8.1567958e-02   1.1306409e-01   2.1170799e-01   3.2618721e-03   8.6678716e-02   3.7886841e-01  -1.6847552e-02   1.6867511e-01   5.0054030e-02  -1.7515745e-01  -7.3165265e-02  -6.1539116e-02  -8.3167431e-03   3.3571752e-03  -1.7073816e-01  -7.1157008e-02   2.7054551e-01   3.7518660e-02  -2.1381545e-02  -9.6337639e-02  -2.0661867e-02  -1.4574018e-01
   2.5802186e-01  -2.2126729e-01  -1.4541614e-01   3.0857243e-01  -2.1002827e-01   1.0805863e-01  -1.3634444e-02   4.3361862e-02  -1.2496201e-01  -3.2852051e-01   1.6752526e-01  -2.5576950e-01  -7.5982708e-02   0.0000000e+00   4.5550784e-01  -2.8484894e-01  -1.6491375e-01   1.3113349e-01   1.1971857e-02  -3.7666865e-01   2.9324784e-01   2.5522463e-02   2.5615422e-01   2.2790703e-01  -2.7185391e-02   1.4208296e-02  -1.6939902e-01   6.1019511e-01  -1.7267534e-01   2.5669531e-01   4.1114406e-01   2.5131751e-01   9.3696615e-02  -2.4191558e-01   1.0568459e-01  -1.0784807e-01   1.6874189e-01  -1.5028247e-02  -1.9654000e-01  -1.4150627e-01   1.4989200e-02   2.0986686e-01  -1.8010612e-01   3.1957170e-01  -6.8748829e-02   1.8046258e-01   2.3416724e-01   2.1770635e-01  -9.4555744e-02  -4.1862824e-01   2.1624083e-01  -1.0093441e-02  -1.2365800e-01   6.3096043e-02   7.1193745e-01   1.6180950e-01   4.4909481e-02   2.3090751e-01   2.2476593e-01  -1.2834837e-01   1.0449523e-01  -3.5798431e-01  -1.6918374e-01   1.7650740e-01  -3.7330768e-02  -1.1559210e-02   7.6793193e-02  -2.9353739e-01   2.7766057e-01   2.4667188e-01  -1.6988777e-01   4.0822395e-02  -6.1662201e-03   2.2720849e-01   1.4829103e-02  -1.5167446e-02   1.2266624e-02   7.6715046e-02  -3.1066526e-01  -8.9141132e-02   4.9592915e-01  -8.4551420e-02   1.3852100e-01  -1.4714751e-01   4.9699563e-01   6.3729588e-02   2.4417664e-01   5.2269273e-01  -2.8350084e-01   1.5475257e-01  -3.5279156e-01  -8.1904750e-04  -2.7483128e-01  -2.0887149e-01   1.4289858e-01  -3.9453865e-01  -2.0303320e-01  -7.4129299e-02  -1.3124729e-01  -1.3602552e-01   3.9893972e-01   5.5619080e-02   5.7077637e-01   3.8269027e-02   1.9441422e-01   1.0427702e-01  -2.5573922e-02  -2.3020983e-02  -1.6657476e-02   1.0973970e-01  -2.9709911e-01   1.6371070e-01  -6.5238735e-02   3.4050327e-01   5.2652842e-01  -3.3731261e-01   8.8403567e-02  -1.5146564e-03   3.7155029e-01   2.0913753e-01   1.4572315e-01  -4.5863920e-01  -2.0583934e-01  -2.8192235e-01   1.6737675e-01   5.0666926e-01  -1.6363123e-01  -3.8276707e-02   5.8837616e-02   2.3246954e-02  -2.0436486e-01  -2.2426961e-01   3.6978503e-01   2.3153663e-01  -1.0396019e-01   2.4525415e-01  -7.3534993e-02   6.1830610e-01   2.0039854e-01   1.4222920e-01   3.7808468e-01  -1.3179190e-01   1.8440384e-01   7.4328208e-02   5.2410428e-01   1.7929302e-01  -2.1990456e-01  -8.8514962e-02  -8.1486243e-02  -1.2019071e-01   5.7825094e-01   2.8839180e-01   4.2220551e-01   6.1687846e-02  -2.8870106e-01   6.9782312e-03   1.1186141e-01   2.0062140e-02   3.1257869e-02   3.3562399e-01  -1.3282391e-01   2.2362086e-01  -2.1405658e-01   1.3866549e-01  -1.6372025e-02  -4.1030735e-01  -1.4436678e-01   2.6511563e-01   2.0903933e-01  -2.1047722e-01  -4.1938056e-01  -2.8034449e-01  -1.2784488e-01   4.8563120e-02  -5.2324323e-03  -1.4789074e-01   1.4736744e-01
