   0.0000000e+00  -9.4900041e-02  -1.3096002e-01  -1.2278617e-01  -2.6142360e-01   5.1488502e-02  -3.3150815e-02   3.6355937e-02  -8.9381970e-02  -1.7113978e-01   2.4594420e-02   6.8190843e-02  -1.2035877e-01   3.0893392e-01  -2.6792724e-01  -2.7723229e-01  -1.2010989e-01  -8.0378218e-02  -4.3897825e-03  -2.1432650e-01  -1.0753196e-01   1.5331243e-01  -1.5435336e-01   5.1998572e-01   1.0980467e-02   6.2070967e-02   4.8115681e-02   1.8870788e-01  -6.5744398e-02  -1.5798440e-01  -2.6978543e-01   1.2892318e-02  -1.1106368e-01  -1.5829240e-01  -3.2151432e-02  -6.6768052e-03  -9.9343817e-02   6.9291009e-01  -1.2766072e-01  -2.8570703e-04  -1.0397893e-01   1.9334569e-02  -2.8545304e-01  -3.1735001e-02  -3.0753699e-01   4.3004208e-01   9.8184310e-02  -4.4877190e-02  -1.6322949e-01   1.4392548e-01  -3.4635857e-02  -4.1910190e-02  -8.9529674e-02   6.2588214e-02  -3.5622774e-02   2.4816064e-01  -5.2378316e-02   4.3763611e-02  -6.3865760e-02  -2.8641787e-01   7.6917653e-01  -1.6353388e-01  -1.0706064e-01   7.2310077e-02  -1.0503406e-01  -2.9776456e-01   9.9091866e-03  -2.2625831e-02  -1.1236006e-01   8.7924049e-02   2.7881636e-02  -1.4745317e-01  -6.3752024e-02   7.0074740e-01   1.0347485e-01   8.1193167e-02   6.7236634e-01  -3.2987725e-03  -1.6295057e-01   7.9362160e-03  -4.6433362e-02  -8.7221209e-02   1.0342010e-01   2.5188721e-01   5.2534646e-01   2.6493675e-01  -9.1280885e-02   1.2623186e-02  -3.2113086e-02   7.2642414e-01  -1.6830111e-01   6.1854097e-01   9.7645631e-02  -2.9138282e-02   8.0795842e-01  -2.4919167e-01  -8.0189795e-02  -2.0327358e-01  -1.9083069e-01  -1.3154030e-01   2.2060794e-01   1.8880200e-02  -1.4809134e-01  -3.6839050e-01  -1.0687506e-01   2.5881825e-01   9.1465657e-02  -1.3212519e-01  -2.4269864e-01   3.6254621e-01  -4.1841237e-02  -2.5249723e-01  -1.0192101e-01   5.9515980e-01   1.5627736e-01   5.9811793e-02   6.8417268e-02   6.7048823e-03   3.8101520e-01  -1.7414679e-01   4.1939033e-01  -3.2489839e-01  -8.1450122e-02  -2.8532362e-01   5.1637893e-01   6.7413231e-01  -1.3637018e-01  -6.7892920e-02  -1.2227493e-02   1.1058266e-01  -1.8175082e-01  -2.3427559e-01   4.6630713e-01  -1.4102186e-02  -2.2661677e-01   2.1621069e-01   8.7922934e-02   6.3355088e-02  -2.3548269e-02   8.0162532e-01   3.8180836e-01  -3.3024402e-01  -7.5623461e-03   1.5924116e-01  -1.8137120e-01  -3.0237826e-01   4.1447497e-02  -3.6213141e-02   2.1021431e-01  -7.6987508e-02   5.4455114e-01  -2.3355506e-02   4.6593053e-01  -5.4968796e-02  -3.3485331e-02   4.9870457e-01   5.8475891e-01  -6.6928019e-02   6.4683751e-01  -2.7943394e-01  -8.9007964e-02   9.0230059e-02  -7.9680416e-02  -1.4350418e-01  -4.5509261e-01   2.2968629e-02   9.3574358e-02   1.5230778e-01   3.5885502e-01   1.2086630e-03  -1.4239663e-01   2.4805652e-01  -2.0058810e-01   1.8105889e-01   5.0758594e-02  -1.9882296e-01  -3.0706697e-01
  -9.4900041e-02   0.0000000e+00   2.4992255e-01   4.8152294e-01  -3.0227708e-01   1.8345326e-01   3.5277941e-01  -1.7390557e-01   2.1474455e-01   3.4359124e-02   1.5114513e-01   5.6309566e-01   1.3820410e-01  -1.1450959e-01   4.1843132e-01  -9.2434050e-02   3.4815018e-01  -2.6397632e-01   2.2765900e-01  -4.1422476e-01   3.6487093e-01  -1.1912828e-01   1.7092494e-01  -2.7597817e-01   4.0656735e-02  -2.6005741e-01   4.9173905e-02  -1.5663022e-02   2.0171312e-01   4.5732336e-01   3.7133226e-01   3.1973092e-01  -1.3832996e-01   4.4511423e-01   3.6425132e-01   2.1960321e-01   7.0196415e-02  -3.7349356e-01  -2.6954778e-02   2.3651301e-01   1.3831981e-01   2.5915498e-02   2.8866217e-01  -2.0904764e-01   1.9301971e-02  -1.0825678e-01   1.7304317e-01   5.4392885e-01   4.5550320e-02   1.0700546e-02  -2.8712250e-01   2.4023457e-02   5.4177267e-01  -2.7914124e-02  -6.8079864e-02  -4.4933518e-02  -1.2373278e-01   4.6199423e-02   1.3933802e-01   1.5490144e-01  -2.0719618e-01  -3.9814052e-01   2.2823724e-01   7.7923507e-02   2.4754998e-01   1.3867039e-01   4.0824963e-01  -5.5504942e-01   2.9228015e-02   2.8276001e-01   4.0932159e-01  -3.2641487e-01   2.4293282e-01  -3.1791301e-02  -4.1956272e-02  -1.0520559e-01  -4.8592383e-01  -2.5632931e-01   7.6764089e-02  -6.7250533e-02   3.5893236e-01   1.8625529e-01   3.4092604e-01  -3.3064276e-01   1.4213106e-01   1.7351786e-03   1.7341118e-01  -1.1029329e-01   4.7416979e-01  -3.1003169e-02   1.4420356e-01   9.0802762e-03   2.9072948e-01   1.9779893e-01  -2.0344315e-01  -3.9697944e-01  -5.1589271e-01   5.1585884e-02  -2.3513085e-01   7.7321802e-02   1.2391890e-01   3.8017442e-01   2.3021062e-01   3.2511299e-01  -1.3405984e-01   2.4249416e-01   1.4288861e-01   2.4902403e-03   1.6025795e-01   2.5248766e-01   3.9793389e-01   3.0399414e-01  -1.9466415e-01  -9.8538245e-02   2.4530573e-02   4.0431415e-01  -1.9968177e-01   2.3934018e-01  -4.9810251e-02   5.1031162e-01  -5.4015074e-01   1.1459297e-01  -3.9100344e-01   3.3483218e-01  -3.0849183e-01  -7.7793497e-02   4.2725912e-01   1.1339723e-01  -7.3216910e-02   3.4218626e-01   3.6529100e-02   3.7692300e-01   3.9095493e-01   2.8001913e-01  -1.0696595e-01  -1.5488945e-01  -1.3416535e-01   3.8997860e-01   9.2225418e-02  -2.8928796e-02  -4.4378957e-02   6.1615157e-02   8.1087741e-03  -6.6875674e-02   4.2212116e-01   5.9721457e-02   1.9895219e-01   2.7186369e-01   2.4042586e-01   1.1349605e-01  -7.7271025e-02   2.9407451e-01  -1.7559625e-01   1.5373652e-01   2.5308067e-01  -3.4335399e-01  -3.9265571e-01   1.7177614e-01  -1.2824854e-01   2.8352654e-01  -5.2166496e-01   5.7139329e-02   1.4743375e-01  -1.0796662e-01   5.3594829e-02   2.5146322e-01  -4.8434660e-02   1.5406738e-01  -5.2194758e-01   4.1684647e-01   3.1598158e-01  -4.8912599e-01   1.0974445e-02  -1.2075022e-01  -1.3889258e-01   5.0828426e-01   5.4145456e-01
  -1.3096002e-01   2.4992255e-01   0.0000000e+00  -2.4967786e-03   1.5062581e-01  -3.5823164e-01   5.4114238e-01  -4.3209041e-01   9.1743636e-02   4.5793321e-01  -5.2062448e-01   1.6889803e-01   5.8129171e-02  -3.5225398e-01   3.9162306e-02  -5.4319880e-02   8.9544371e-01  -2.6102335e-01  -1.1702187e-01   1.6270004e-01  -8.3259801e-02  -2.5731755e-01  -2.5497827e-01  -2.0473020e-01  -1.0472960e-02  -3.2524796e-01   3.4877849e-01   5.9439373e-02   3.4913872e-01  -3.5329631e-02   3.8609157e-02   8.6840636e-03   5.9372326e-02   3.5288974e-01   3.3877461e-02   9.4730645e-02  -1.1283713e-01  -2.1099135e-01  -8.8882754e-02   6.6916970e-01  -3.6625942e-02   3.3728183e-01   4.7861739e-01  -2.8083828e-01   1.1067947e-01  -1.3614477e-01  -4.7998260e-01   3.5223147e-01   2.3049144e-01   7.0296642e-01  -4.9397786e-01  -3.3032114e-01   7.5413575e-02   4.5472814e-01  -2.1614662e-01  -1.3192883e-01  -3.1904553e-01  -2.5802781e-01  -6.2287115e-02  -1.4822029e-01   3.1679678e-02   5.1848271e-02   3.1573403e-01  -2.8462885e-01  -1.4505861e-01   2.5850992e-01  -2.3335703e-01   3.5681894e-02  -4.2656111e-01   6.1710525e-01   5.3086631e-01  -3.1429798e-01   1.3838913e-01  -2.5058446e-01   2.7625387e-01   5.3899165e-02  -2.4168180e-01  -2.1143940e-01   6.8740636e-01   1.1541706e-01  -1.0537098e-01   1.2685554e-01  -2.8175273e-02  -3.2579980e-01  -1.9026976e-01  -6.7381298e-02  -3.7223613e-01  -2.5231152e-01   5.2148547e-02  -2.8422442e-02   6.5322820e-01   4.5564049e-01   5.6543932e-01   3.4376262e-01  -2.8627532e-01   1.3003401e-01  -2.9892437e-02  -3.3263662e-01   4.0373829e-02   1.2287240e-01  -6.4534245e-02  -1.8877561e-01  -3.5189792e-01  -3.8797604e-02  -4.9230537e-01   1.5706556e-01   3.1794836e-01  -4.6911905e-01   1.2664788e-01  -3.6201897e-01   2.9413014e-01  -3.2720527e-01  -1.5922691e-02  -1.9325461e-02   9.8149521e-02   4.5208001e-01   6.0203135e-02   1.8923537e-01  -2.7726178e-01   7.4097921e-02  -4.3066173e-01   4.9956407e-01   4.8193813e-02   3.3477637e-01  -3.1468652e-01  -1.2949800e-01   2.7450565e-01   2.8057511e-01   8.8907691e-03   2.9957483e-01  -8.2355830e-02   3.1502101e-01  -1.2172857e-01  -4.1044784e-01   3.1073305e-02  -3.6264096e-01   3.2341668e-01  -3.3738218e-01  -3.4984851e-01   8.8299168e-02   1.0544445e-01   2.0639122e-02  -4.9437385e-01   1.6758444e-02   1.0677981e-01  -1.3571466e-01   5.1114757e-01  -2.3135802e-01  -3.1666719e-02  -4.3044381e-01  -2.5329942e-01  -3.0012224e-01   8.6322609e-02  -2.3308286e-01   7.5054147e-01  -1.2712927e-01  -2.8919821e-01  -6.9475742e-02   1.6583956e-01   5.4775342e-03  -7.0062984e-02  -3.7174988e-01  -1.6127216e-01  -4.8975097e-01   9.7085194e-02   4.3538470e-01  -1.1796540e-01  -2.1574140e-01  -2.7707506e-01   3.7605187e-01   6.3190167e-01  -1.6421140e-01  -2.5965555e-01  -4.1994653e-01  -7.7792142e-02   2.7096817e-01   9.1900081e-02
  -1.2278617e-01   4.8152294e-01  -2.4967786e-03   0.0000000e+00  -3.9032917e-01   3.0222843e-01   1.0944008e-01   1.2425899e-01   2.1118325e-01  -4.6993328e-02   2.3416363e-01   4.9816645e-01   2.2748713e-01   2.5372409e-02   3.6815628e-01   1.1732718e-01   5.7476205e-02  -1.4468970e-01   1.7498172e-01  -5.0355916e-01   3.6014103e-01  -3.7181871e-02   3.4676910e-01  -1.4316899e-01   1.3133085e-01   2.6840155e-02  -1.0279304e-01  -7.3290235e-02  -5.9540015e-02   2.0428264e-01   3.4491123e-01   6.6364432e-01   4.1964828e-03   2.2852711e-01   2.8512356e-01   2.4715781e-01  -1.6010534e-01  -2.6360515e-01   1.3742894e-01  -1.8696025e-02   2.8036480e-01   7.6309956e-02  -3.8020920e-02  -7.6508747e-02  -2.2072740e-01   6.4413181e-02   3.5083799e-01   2.9890661e-01  -1.4172207e-01  -1.5656677e-01  -1.3931896e-02   3.4953636e-01   2.0499241e-01   2.5660303e-02   8.6529036e-02   2.0220381e-01   1.0288418e-01   3.7368469e-01   3.9117290e-01   3.2957510e-01  -2.1444169e-01  -5.5710433e-01   9.4647764e-02   1.3083806e-01  -1.3714825e-03   1.9324708e-01   4.0900078e-01  -7.0506498e-01   1.6449766e-01   6.6799428e-02   4.7330071e-02  -3.2964859e-01   3.5675869e-01   9.4847901e-02  -2.1953205e-01   7.2540162e-02  -3.1296347e-01  -3.4108230e-01   1.0340007e-02   6.3829770e-02   2.5459056e-01   3.2480533e-01   2.4513320e-01  -6.3476310e-02   1.8738344e-01   2.6561839e-02   1.9278618e-01  -1.2454259e-01   4.0810526e-01  -1.6874510e-02  -8.2927702e-03   3.0085792e-02   1.2350420e-01   1.9067297e-01  -3.5572652e-02  -4.8214407e-01  -6.2243264e-01   1.3270633e-01  -4.9830492e-01  -3.3950641e-02  -8.2116755e-02   4.2361696e-01   1.8953429e-01   2.8894663e-01   2.1393547e-01   4.2338207e-01   1.1731926e-01   2.5413552e-01   1.5871088e-01   2.5675035e-01   2.4536876e-01   3.4069946e-01  -2.0033850e-01  -9.5265257e-02  -4.0270448e-02   5.9954816e-02  -1.6419395e-01   3.0247121e-01  -6.9756444e-02   8.0150808e-01  -1.8603392e-01   4.0978595e-02  -6.0404676e-01   2.4079235e-01  -4.5823228e-02   2.1041656e-02   3.3672797e-01   2.0287927e-01   1.7538175e-01   8.5959860e-02   6.3198000e-02   1.6086802e-01   1.8537834e-01   4.0449204e-01  -2.5225935e-02   1.6274453e-01  -1.7618970e-01   1.5723169e-01   2.6696483e-01  -1.7988687e-02  -1.2577559e-01   6.6900444e-02   1.8566313e-01  -1.5797643e-01   3.8996425e-01   3.0336696e-01  -2.2211519e-02   2.9851206e-01   3.6798873e-01   1.7989497e-01  -5.0167258e-03   2.9709106e-01   8.2516935e-02   1.7488122e-01  -4.5787970e-02  -3.5020418e-01  -8.6638394e-02   4.9316131e-01  -3.7047508e-02   1.3960984e-01  -6.6963859e-01   2.3244458e-01   3.4152661e-02   1.6530096e-01   3.9962700e-01   7.6010466e-03   7.7060325e-02   1.5997693e-01  -2.8593795e-01   1.9298273e-01   2.5563707e-01  -3.9761352e-01  -1.3235716e-01   2.8872227e-02   7.9170810e-02   4.6302251e-01   6.3600219e-01
  -2.6142360e-01  -3.0227708e-01   1.5062581e-01  -3.9032917e-01   0.0000000e+00  -4.0158195e-01  -7.8934411e-02  -1.2805156e-01   3.8457367e-01   4.2510412e-01  -2.3283524e-01  -3.5735711e-01   4.5378921e-02  -3.3397800e-01  -1.9078299e-01   1.1944441e-01   1.5136272e-01   5.5061198e-01  -3.9681429e-01   9.0218121e-01   1.0435496e-01   1.8477763e-01  -1.2878194e-01  -2.5036068e-01  -2.8197917e-01  -9.8760915e-02   2.8585201e-01  -2.6236404e-01   3.2374798e-02   1.6957362e-01  -6.1596195e-02  -2.1839903e-01   2.5120851e-01   4.0942625e-02  -2.9106339e-01   3.6675853e-01   8.8612390e-02  -1.6821939e-01   2.4568850e-01   1.3287495e-01   1.1595094e-01   1.0469537e-01   4.2014302e-01   8.2287720e-02   5.6308573e-01  -3.1834383e-01  -2.2794013e-01  -6.8431847e-02   2.8625993e-01   1.7509805e-01   4.1895601e-01  -2.4254904e-01  -4.0889473e-02   1.8027488e-02  -6.2151622e-03  -1.8436260e-01  -3.7417149e-01   7.8870510e-03   1.4658278e-01   1.7514522e-02  -4.0613725e-02   7.1328401e-01   3.5807811e-01  -1.5894175e-01   2.2636031e-01   2.6356920e-01  -2.9888429e-01   6.0796656e-01  -4.4750514e-03  -2.4843211e-01   3.7998801e-03   5.1273472e-01   4.2021356e-02  -3.5379486e-01   1.3209352e-01  -6.8560866e-02  -4.0998963e-02   7.0468375e-04   4.2032472e-01   2.9652169e-01  -4.5754218e-01  -3.5510734e-02  -5.2495404e-02  -7.2064999e-02  -4.4156879e-01  -9.1368698e-02  -2.0043046e-01  -2.9212179e-01  -4.3218427e-01  -3.1925184e-01   4.3667527e-01  -1.9916664e-01  -2.5519336e-02   1.0873274e-01  -3.3002283e-01   8.6524620e-01   6.5711355e-01  -6.6196943e-02   6.8844447e-01   4.4832378e-01  -2.4058749e-01  -2.9463800e-01  -1.7122404e-01   1.0328015e-01   1.3239509e-01  -1.8707581e-01   2.6907729e-01  -1.0060442e-01   1.5121358e-01  -1.7753848e-01  -7.5629797e-02  -3.6230065e-02   3.3647274e-01  -2.7732632e-01  -3.8091674e-01   1.6661177e-03   2.5895052e-02   1.0317494e-01  -3.3325768e-01  -4.0226941e-01  -8.4719101e-02   4.2585347e-01   5.8645103e-01   2.2253551e-01  -2.7944894e-01  -1.8638278e-01  -1.8131436e-03   6.9239260e-02   3.5742693e-01  -1.9690393e-01   9.6367514e-03   1.6308724e-01  -2.3008276e-01  -4.5912388e-02   4.1468260e-01  -2.0846033e-01   1.7545595e-01  -3.9482246e-01  -3.0926641e-01  -1.8914907e-01  -7.5617858e-02   1.2653351e-01  -1.7132746e-01  -1.7161193e-01  -1.7956699e-01   9.6736294e-02  -1.9815236e-01  -1.3289448e-02   7.4823452e-02   1.3876128e-01  -4.5341373e-01  -4.1726785e-01  -2.7257117e-01  -3.5841317e-02   8.9901304e-02  -3.6236463e-02  -1.7901338e-01   1.0775374e-01  -2.1876304e-01  -7.4678415e-02   6.2140399e-01  -2.6790046e-01   3.4712888e-01   1.2624375e-01   3.0701540e-02   7.2586479e-02   9.7141855e-02  -6.0654867e-01   2.8317705e-01  -1.0108041e-01   1.2975487e-01   1.2448443e-01   4.8122200e-01  -4.5815224e-01  -3.7330208e-02  -2.8626162e-01  -1.5595421e-01
   5.1488502e-02   1.8345326e-01  -3.5823164e-01   3.0222843e-01  -4.0158195e-01   0.0000000e+00  -1.1879277e-01   5.2121883e-01  -1.2194157e-01  -2.3754352e-01   5.7555395e-01   3.5262757e-01   1.7104277e-01   3.0661946e-01   2.2992199e-01   2.6986236e-01  -2.9344885e-01   2.0525306e-01   2.1071578e-01  -4.2901018e-01   1.2559669e-01   1.8420214e-01   2.9957610e-01  -9.9353854e-02   1.1849581e-01   3.8672688e-01  -2.5222904e-02   2.5857436e-01  -2.2455289e-01   1.6237291e-01   1.9272797e-01   3.0747653e-01   1.2573718e-01   3.0038076e-02   1.7335778e-01   3.5378245e-02   5.9310726e-02   5.8429056e-02   2.0387058e-01  -3.1177791e-01   2.0029708e-01  -1.7422657e-01  -1.9983995e-01   4.0048542e-01  -2.2401315e-01   2.2293887e-01   5.2486409e-01   6.2012545e-02  -6.7272582e-02  -4.3781625e-01   2.5006887e-01   5.5476998e-01   4.4562567e-02   4.9398120e-02   1.0315093e-01   2.5838143e-01   3.3828742e-01   3.2355986e-01   2.9201850e-01   3.7698412e-01  -9.2844333e-03  -4.1287756e-01  -4.2164363e-02   3.0322331e-01   8.5386203e-02  -1.2723630e-01   6.6234857e-01  -3.9392969e-01   4.7782408e-01   8.9875688e-03  -1.1480406e-01  -4.7977944e-03   7.3279719e-02   3.0303136e-01  -5.7950174e-02   1.8557807e-03  -2.6691492e-02   1.5579894e-01  -4.7349057e-01   1.8271641e-01   5.0581143e-01   5.3060454e-03   2.7244491e-01   2.8807714e-01   4.0207759e-01   1.4520520e-01   1.8138890e-01  -1.0185922e-01   1.0428667e-01   9.7216865e-02  -3.9306291e-01  -9.4061504e-02  -1.5350541e-01   7.3119211e-02   2.3681301e-01  -3.9281146e-01  -3.5997052e-01   3.9959255e-01  -1.8485407e-01  -1.5331210e-01   2.4951487e-01   3.8332843e-01   4.1043661e-01   2.9140396e-01   3.8066992e-01   6.5668788e-02   3.7675302e-03   6.1302779e-01  -7.3873334e-02   4.4445605e-01   7.8758702e-02   3.9353053e-01  -5.5469592e-02   1.8942853e-02   3.0594225e-01  -1.7902266e-01   8.0074225e-02   8.7194877e-02   3.0037698e-01   3.1748247e-01   3.0015636e-02  -3.6296488e-01  -4.3235825e-01  -2.3432513e-01   2.7932970e-01   7.0740443e-02  -3.0342556e-02  -5.9033753e-02  -7.3072049e-02   1.6057948e-01   2.7326496e-02   1.4134804e-02   3.3786196e-01   3.0241068e-01  -2.4194136e-02   2.9403216e-01  -1.4113626e-01   5.3659113e-01   3.9985264e-01  -1.2806752e-01  -1.2057004e-01  -2.8643547e-01   4.4522202e-01   2.0328471e-01   2.9856402e-01   1.5784455e-01   1.6332216e-02   2.0539951e-01   2.0642687e-01   2.9079535e-01   3.5411594e-01   4.7562005e-01   1.5715855e-01   2.8481071e-01  -1.5944037e-01  -3.0808320e-01   1.3583478e-01   3.4314835e-01  -3.7279781e-02   2.4214541e-01  -3.9250633e-01   5.2461714e-01   4.6221109e-02   3.8595796e-01   8.7432746e-02  -2.7732109e-01   2.4070723e-01   2.7862525e-01  -4.2401650e-03   4.0114521e-02  -3.2310462e-01  -3.1790362e-01   8.5590681e-02   4.4983543e-01  -7.7769939e-02   1.0347972e-02   2.6577303e-01
  -3.3150815e-02   3.5277941e-01   5.4114238e-01   1.0944008e-01  -7.8934411e-02  -1.1879277e-01   0.0000000e+00  -1.1911239e-01  -4.3132486e-02   4.2531457e-01  -3.5900716e-01   3.3306394e-01   3.5133004e-01  -2.6174565e-01   2.4850579e-01  -1.5347235e-03   5.2227876e-01  -3.1944444e-01   3.9130503e-02  -8.8849424e-02   5.6593141e-02  -3.4629725e-01  -2.3765150e-03  -1.3958782e-01  -1.4416379e-01  -1.8829597e-01   3.5908379e-01   1.6271083e-01   2.6130633e-01  -6.7231471e-02   7.7204957e-02  -2.5439163e-03  -3.0575244e-02   5.7562316e-01   2.1972387e-01  -1.8336551e-02  -1.1532485e-03  -1.0580722e-02  -1.3869586e-02   5.8530701e-01   2.2967304e-01   8.5771488e-02   1.2745615e-01  -1.3757108e-01   1.5958902e-02  -9.7994995e-02  -2.9028880e-01   6.7311656e-01   2.9722988e-01   5.7381997e-01  -5.0404693e-01  -4.6819678e-02   4.6570743e-01   1.0715724e-01  -1.3659068e-01  -1.4308888e-01  -2.3794328e-01  -2.9223560e-01   5.9621903e-02  -1.9469546e-01  -1.0824710e-01  -9.9660780e-02   1.1397240e-01   2.4011516e-02   2.0667528e-01   3.0098961e-01  -6.5348546e-02  -1.2095507e-01  -3.4512400e-01   5.8231694e-01   7.2657058e-01  -4.6944339e-01   3.6101892e-01  -1.4722131e-02  -4.0521780e-03  -1.0059961e-01  -3.2553418e-01  -1.1089999e-01   6.2092106e-01   1.9293674e-02   3.5716384e-01   1.7716468e-01   1.0688480e-01  -2.0792257e-01  -1.3159966e-01  -2.7344781e-02  -1.0432086e-01  -2.3893412e-01   1.6059633e-01   1.0357912e-01   4.3179384e-01   2.5397388e-01   5.8018831e-01   2.7936842e-01  -1.6272601e-01  -5.9846553e-02  -2.4011050e-01  -1.5173083e-01  -9.8852873e-02   2.5661821e-01   1.3965901e-01  -1.2630976e-01  -1.2253069e-01  -7.7782095e-02  -4.5176318e-01   4.9396395e-02   1.6997912e-01  -2.3635204e-01   2.5956648e-01  -2.2379332e-01   3.8437293e-01  -2.9267438e-01  -2.9478939e-01   1.2247114e-01   2.3382359e-01   6.5636706e-01  -9.3610056e-02   4.0563695e-01  -2.1411152e-01   1.7183458e-01  -4.9447173e-01   3.6821689e-01  -1.5269552e-01   3.8291475e-01  -1.6659415e-01  -1.7612714e-02   4.6569438e-01   8.4365811e-02  -2.0116712e-01   2.4303329e-01   1.9413612e-01   5.0444210e-01  -1.0244153e-01  -3.2350463e-01  -3.1821284e-01  -2.3154176e-01   2.3356223e-01  -1.7892314e-03  -2.2264511e-01   1.2454911e-01   1.4177303e-01  -5.2030468e-02  -3.7150766e-01  -2.5503339e-01   1.5418148e-01  -3.5397339e-01   6.1963728e-01  -1.5058627e-01   9.0125534e-02  -2.4871700e-01   1.1364774e-02  -5.2490038e-03   1.2365881e-01  -6.8417901e-03   5.8562210e-01  -1.8985928e-01  -3.1483841e-01   1.0033251e-01  -9.4668669e-03   3.8540873e-01  -2.2094445e-01  -2.9249252e-01  -9.1155976e-02  -5.2103791e-01   3.7031881e-02   6.8057798e-01   9.5151616e-02  -5.7170499e-03  -3.6558509e-01   4.3918409e-01   7.1658930e-01  -3.7343402e-01  -4.1989830e-01  -4.6368884e-01  -3.0380720e-01   1.1044250e-01   1.0923876e-01
   3.6355937e-02  -1.7390557e-01  -4.3209041e-01   1.2425899e-01  -1.2805156e-01   5.2121883e-01  -1.1911239e-01   0.0000000e+00  -1.3166940e-01  -2.2880527e-01   4.0661595e-01   4.6709087e-02   1.9337715e-01   2.7437634e-01   1.5690360e-01   2.9456241e-01  -4.0969871e-01   3.3370263e-01   8.1842086e-02  -1.2441567e-01  -2.1959778e-03   3.4191065e-01   2.2151816e-01  -9.8946931e-02   9.5003883e-02   6.2293179e-01  -3.8894420e-02   2.7806500e-01  -3.8244968e-01   2.4506838e-02  -8.1237907e-02   1.4471627e-01   2.0758494e-01  -2.7569914e-02   4.4250114e-02  -4.4727944e-02  -1.4915589e-02   1.2516752e-01   3.7211465e-01  -3.7410760e-01   2.4362181e-01  -1.7694675e-01  -3.1440039e-01   5.6375532e-01  -1.5319233e-01   5.2518046e-02   4.3973419e-01  -1.7343228e-01  -9.7821801e-02  -3.3113887e-01   3.8510750e-01   5.7092989e-01  -1.2573306e-01  -9.6044184e-02   2.0598772e-01   5.2041684e-02   2.7887804e-01   3.4305599e-01   3.3572590e-01   2.7215895e-01   2.1712541e-02  -3.1873964e-02  -1.3961814e-01   2.4657375e-01   4.0325455e-02  -9.9578537e-02   2.5887464e-01  -4.1703274e-02   4.5882895e-01  -1.7407943e-01  -2.4510306e-01   1.2198554e-01   3.8412671e-02   1.3789127e-01  -9.4109364e-02   1.4008068e-02   5.7119603e-02   4.0121994e-01  -3.3300016e-01   3.7548512e-02   3.0743389e-01   3.3825898e-02  -4.2252871e-03   5.4750958e-01   3.3223452e-02   1.6384700e-01   4.9133670e-02  -4.5052357e-02  -1.4467107e-01   3.0698031e-02  -3.5296211e-01  -1.4069338e-01  -1.4653188e-01  -1.0010128e-02   1.7363822e-01  -1.3516479e-01  -1.7008895e-02   4.9156710e-01  -3.3827966e-02  -7.3017382e-02   3.9359031e-02   1.1785308e-01   4.1197059e-01   7.7910832e-02   4.2303118e-01   4.5195966e-02  -3.6517463e-02   6.2520568e-01   1.7504550e-02   2.4193379e-01  -1.0822871e-01   2.4222135e-01  -1.1888523e-01  -9.5000441e-02   1.6481963e-01  -1.7884897e-01   1.9573448e-01   4.2235499e-02   1.2992106e-01   1.0585151e-01   1.5291927e-01  -3.3421391e-01  -9.0777904e-02  -1.5321176e-01   1.9183787e-01   1.1728314e-01  -7.6078971e-02  -1.0016015e-01   1.6244470e-01  -2.4785879e-01   2.5854413e-01  -4.7492823e-02   1.3551340e-01   1.6731526e-01  -4.7250765e-03   4.2074011e-01  -7.6548172e-02   1.9012512e-01   3.9291618e-01  -1.8672929e-01  -1.5789371e-01  -2.4999806e-01   3.4973950e-01  -9.9487477e-02   1.0530992e-02   1.0854045e-01  -3.5144933e-03   6.2480039e-02   6.3423526e-02   1.8779036e-01   1.6530388e-01   3.7609677e-01   5.1153125e-02   1.8423394e-01  -3.2262727e-01  -2.1297942e-01   1.2018840e-01   3.2062178e-01  -1.3349024e-01   2.2502470e-01  -3.9086188e-02   3.9047086e-01  -3.7448923e-02   4.1658364e-01   1.2782656e-01  -1.3012081e-01   1.7697825e-01   2.8244490e-01   2.2325609e-01  -2.4653931e-01  -2.5556807e-01  -2.1460333e-01   1.6557760e-02   2.1030531e-01   5.7395843e-02  -3.4731127e-01   1.3063229e-01
  -8.9381970e-02   2.1474455e-01   9.1743636e-02   2.1118325e-01   3.8457367e-01  -1.2194157e-01  -4.3132486e-02  -1.3166940e-01   0.0000000e+00   3.8801814e-02  -3.7717805e-02   1.2707974e-01   3.3732763e-02  -3.6442557e-02   7.8948254e-02   1.2017007e-01   1.9968680e-01   2.8542216e-01  -9.8200238e-02   2.4804334e-01   3.2025420e-01   2.7462998e-01   1.1287578e-01  -2.5062530e-01  -7.0173135e-02   4.2680000e-02   2.3547743e-01  -1.5888917e-01  -1.1401104e-01   4.1827352e-01   1.6077342e-01   1.3326726e-01   1.2035523e-01   1.1947556e-02   1.2928890e-01   4.6036590e-01  -7.5835063e-03  -2.9371284e-01   2.1359084e-01   1.4710951e-01   7.8188337e-02   1.5240355e-01   3.1423014e-01   4.0097708e-02   3.5864735e-01  -2.7670952e-01   6.6745625e-02   1.2432754e-01   9.6828773e-02  -1.1710293e-01   2.6667536e-01  -2.1503616e-01   1.3084305e-01   6.8101148e-02   8.5675231e-02  -5.1061409e-02  -1.2647418e-01   3.2934107e-01   2.8154153e-01   3.2304794e-01  -9.5564464e-02   2.2287416e-01   4.3819858e-01  -1.9369736e-02   2.4623135e-01   9.6147424e-02   5.3054517e-02   2.0991723e-01   1.1472837e-01  -2.4332617e-01   4.1418065e-02   2.7729187e-01   1.2751152e-01  -9.5770907e-02   8.4426791e-03  -1.9244981e-01  -2.1931492e-01  -6.7076953e-02   2.5774521e-01   2.8828790e-01  -2.1877885e-02   2.0400270e-01   9.3126552e-02  -2.5674551e-03  -9.7731727e-02  -1.0221336e-01   1.2052848e-01  -2.2730474e-01  -1.9671942e-01  -1.9704536e-01   1.6512228e-01  -1.5110484e-01  -1.4108440e-01   2.9757412e-01  -2.4648033e-01   2.9422601e-01   1.9544562e-01   6.1456251e-02   2.7648317e-01   2.1181051e-01  -2.6758870e-02   8.7177560e-02   4.5186957e-02   4.9866323e-01   2.3912917e-01   9.8077365e-02   2.7797873e-01  -1.5537224e-02   1.1754699e-02   3.5972612e-02   4.8765026e-02   2.9693177e-01   1.5603411e-01  -2.0293647e-01  -1.9818428e-01   3.2676540e-02  -1.3814999e-01   2.3203782e-01  -7.7883085e-02   9.9286882e-02  -1.5253307e-01   1.7407904e-01   2.5709545e-01   2.6255245e-01  -2.7416095e-01  -1.2577070e-01   3.1966780e-01   1.0004290e-01   4.0396658e-01   8.2696653e-03   1.6594030e-02   1.7512208e-01   1.5851896e-01   3.1390994e-01   3.6490980e-01  -1.0192777e-01   8.9813581e-02  -3.6921068e-02  -1.8464861e-01  -1.0779839e-01  -9.3502421e-02   2.9799145e-02  -8.7326948e-02  -7.0397096e-02   1.7779413e-01   2.3244435e-01  -8.2928150e-02   2.3981935e-01   1.8502654e-01   2.3947378e-01  -2.8811854e-01  -1.7822182e-01  -7.0784279e-02   4.4172183e-02   7.6263098e-02  -1.1724169e-01  -1.5512910e-01   2.6326555e-01  -1.9670087e-01   8.5006683e-02   2.4190766e-01  -1.3167967e-01   1.5991325e-01   2.1913442e-01   1.5873615e-01  -3.6041731e-02   6.1328273e-02  -4.3433775e-01   1.0582288e-01  -8.3036854e-02   9.7455098e-02  -1.8627877e-01   3.3176435e-01  -7.2302423e-02   1.4455592e-01  -1.1619896e-01   2.9939136e-01
  -1.7113978e-01   3.4359124e-02   4.5793321e-01  -4.6993328e-02   4.2510412e-01  -2.3754352e-01   4.2531457e-01  -2.2880527e-01   3.8801814e-02   0.0000000e+00  -2.8212045e-01  -5.3794932e-02   2.5356068e-01  -3.9613449e-01  -1.6690878e-02  -4.2598917e-02   4.0848498e-01   7.6483967e-02  -1.9196864e-01   4.0443981e-01   2.2694375e-01  -3.5577998e-01  -3.2928863e-02  -6.3875970e-02  -3.3708795e-01  -1.4623520e-01   3.2209782e-01  -2.0519290e-01   4.5600171e-01  -1.0386336e-01  -8.9570517e-02  -4.9107941e-02   1.3306274e-01   3.6087778e-01  -1.0193226e-01   1.5729154e-01   1.8034081e-01  -9.6014534e-02   2.5585546e-02   4.7877790e-01   3.3135601e-01   1.3789709e-01   3.7646343e-01  -7.2981442e-02   1.0173233e-01  -1.5458359e-02  -2.5354204e-01   2.7378033e-01   4.2374199e-01   4.4044257e-01  -8.0902564e-02  -8.5891298e-02   2.3821616e-01   1.1743284e-01  -1.7594848e-01  -6.5147711e-02  -4.5164594e-01  -2.5571807e-01   1.1693319e-01  -3.0945320e-02  -1.8072234e-01   4.2735325e-02   2.9160754e-01  -1.1107046e-01   3.6731423e-02   6.2923304e-01  -2.2153908e-01   2.5564542e-02  -2.9669912e-01   4.2269144e-01   3.7357124e-01  -1.8961829e-01   2.6191884e-01  -1.1215735e-01  -1.5806187e-01   6.3409083e-02  -2.3587148e-01  -3.2864148e-01   6.2986805e-01   1.2119953e-01  -3.1243780e-01   9.1683854e-02   2.5016275e-02  -2.4403062e-01  -1.4615966e-01  -3.8879529e-03  -3.0232189e-01  -3.0550308e-01  -1.0592971e-01   1.3562762e-02   7.0390235e-01   5.2613996e-02   4.2053592e-01   3.1094139e-01  -2.5843183e-01   4.2643277e-01  -2.5285547e-02  -1.9216403e-01   1.1506592e-01   4.7650003e-01  -2.3149110e-01  -2.2476894e-01  -3.5725723e-01  -2.3796465e-02  -2.5915771e-01  -1.8909789e-02   2.8189614e-01  -1.8253368e-01   2.4325405e-01  -1.4988475e-01   1.7477732e-01  -2.9357987e-01  -1.9054358e-01   8.2699218e-02  -1.5103349e-01   3.8715349e-01   1.7672413e-01   3.4351732e-01  -3.0787223e-01  -4.3992380e-02  -2.2016975e-01   5.9677002e-01  -5.6325671e-02   2.9424819e-01  -1.2913124e-01  -1.8895109e-01   1.5292456e-01   1.9402572e-01   9.1081992e-02   1.4874153e-01   1.1220846e-02   3.6112566e-01  -2.0116823e-01  -1.9791366e-01  -5.1723989e-02  -8.3744616e-02   1.8165250e-01  -3.8570738e-01  -1.6647172e-01  -2.5162613e-02   9.6862746e-02   3.2249911e-02  -3.4467435e-01  -2.1794645e-01  -2.3332599e-02  -9.1698191e-02   1.6282203e-01   1.8537611e-01   2.8140983e-01   8.5612249e-02  -1.2482014e-01  -3.2243475e-01   8.4650937e-02   1.7923299e-02   4.6313366e-01  -1.6184347e-01  -1.9029386e-01   1.6501654e-01  -7.2901374e-02  -6.3336750e-02  -6.3903125e-02  -1.7904279e-01   4.4677198e-01  -2.4468569e-01   2.5309014e-01   4.3113046e-01   1.7017893e-01  -3.5906453e-01  -7.3671696e-02   3.5540562e-01   5.9874025e-01  -2.0844315e-01  -1.5999720e-01  -5.0306040e-01  -2.6424972e-01   9.8157253e-02   3.4793549e-02
   2.4594420e-02   1.5114513e-01  -5.2062448e-01   2.3416363e-01  -2.3283524e-01   5.7555395e-01  -3.5900716e-01   4.0661595e-01  -3.7717805e-02  -2.8212045e-01   0.0000000e+00   2.1970842e-01  -2.7705767e-02   1.3935825e-01   2.9347926e-01   1.5408608e-01  -5.1882968e-01   3.0176366e-01   2.4581309e-02  -2.6254777e-01   2.5298332e-01   3.1872991e-01   3.5143211e-01  -3.0278312e-03   5.3034205e-02   1.8051986e-01  -1.4258865e-01  -1.3707499e-02  -3.7351862e-01   3.7932327e-01   1.6699268e-01   2.6383952e-01   4.9692556e-02  -4.8181465e-02   8.1284061e-02   1.6523811e-01   1.5636034e-02  -4.1442233e-02   1.0984299e-01  -4.8411265e-01   1.5565094e-01  -1.4339757e-01  -2.1515208e-01   1.5287174e-01  -1.9872741e-01   2.4107376e-01   6.4523573e-01  -1.6701932e-01  -3.7762825e-01  -6.2370749e-01   4.9923437e-01   4.0305009e-01  -6.0715491e-03  -2.7056117e-01   1.5207951e-01   3.8912464e-01   1.1690694e-01   3.8522761e-01   3.4630398e-01   3.6693144e-01  -4.7139647e-03  -3.8525730e-01  -2.3758401e-01   3.3216536e-01   2.9632133e-02   4.4493349e-02   5.2713753e-01  -3.5579129e-01   6.8293686e-01  -3.0254184e-01  -4.6060214e-01   1.5297180e-01  -9.2717675e-02   2.5853862e-01  -1.7324977e-01   1.9239264e-01   6.7467447e-02   2.6265542e-02  -6.2748231e-01  -4.5179535e-02   2.3282476e-01  -5.8717429e-02   2.8070849e-01   2.2073978e-01   2.4878301e-01   2.3582356e-01   1.3843148e-01   5.9324088e-02   6.9824036e-02  -2.5765098e-02  -5.0601927e-01  -2.4124590e-01  -3.0161042e-01  -5.8141388e-02   2.5337863e-01  -2.5449982e-01  -2.4547402e-01   2.4357307e-01  -1.8203079e-01  -1.8158374e-01   5.1473268e-02   5.9071276e-01   5.7297184e-01   1.7533368e-01   5.4632751e-01   9.4467580e-02  -1.3672444e-01   5.5547549e-01  -2.7231264e-01   4.2262604e-01   1.3762768e-01   6.0154808e-01  -4.6942042e-02  -7.9435625e-02  -1.0643637e-01  -4.0974010e-01   5.4316661e-02   7.8509793e-04   1.9156625e-01   1.5069505e-01   2.3326345e-01  -3.8721156e-01  -2.6556593e-01  -2.3889332e-01   2.1843335e-01   4.9868561e-02  -1.2442719e-01  -1.5897326e-01   1.8054631e-01  -1.2333510e-01  -7.3590140e-02   4.2181737e-02   2.4855878e-01   5.3446537e-01  -2.4244553e-02   5.4608158e-01  -2.1212903e-01   4.2763071e-01   6.6170367e-01  -1.4938765e-01  -1.3215292e-01  -1.5903757e-01   6.1545540e-01   9.8336672e-02   2.1971255e-01   4.2225819e-01  -4.5088279e-01   3.0370940e-01   2.4219905e-01   4.3270349e-01   1.2031600e-01   4.1248369e-01  -1.2191511e-01   4.8622414e-01  -5.0158197e-01  -1.4990760e-01   1.7785263e-01   2.9656639e-01  -5.7795863e-02   1.4861198e-01  -2.4506341e-01   6.8183120e-01   1.6861310e-01   6.7720613e-01   4.6824894e-02  -3.3499074e-01   2.5810605e-01   2.0312716e-01   1.1696855e-01  -1.3587444e-01  -4.4569276e-01  -2.8102161e-02   3.4505017e-01   3.1250905e-01   2.0580161e-01   3.1363454e-03   1.5363488e-01
   6.8190843e-02   5.6309566e-01   1.6889803e-01   4.9816645e-01  -3.5735711e-01   3.5262757e-01   3.3306394e-01   4.6709087e-02   1.2707974e-01  -5.3794932e-02   2.1970842e-01   0.0000000e+00   5.3680001e-03  -1.6639181e-02   4.0137849e-01  -3.3771478e-02   2.3780288e-01  -1.1115672e-01   1.6267389e-01  -4.0063949e-01   1.4511642e-01   5.7061215e-02   2.3472162e-01  -1.5642462e-01   9.3943977e-02  -5.6859613e-02   1.3049088e-01   2.1686810e-01  -6.9209470e-02   3.0604427e-01   4.1625401e-01   4.1817515e-01  -2.3973342e-02   3.0396682e-01   4.2954392e-01   1.9978246e-01  -7.9974508e-02  -1.4728422e-01   1.9473862e-02   6.8724649e-02  -1.8576063e-02   9.4735845e-02   3.4365622e-02  -8.7917545e-02  -8.0175089e-02   3.8438140e-02   2.5825733e-01   2.9665660e-01  -1.0560485e-01  -4.1999834e-02  -1.1271626e-01   1.0361141e-01   2.7658974e-01   2.0493112e-01   1.0504497e-01   9.8678817e-02  -1.3457538e-02   2.9554600e-01   2.3150923e-01   3.3171422e-01   5.9680775e-02  -4.0049383e-01   2.0408818e-01   2.4162923e-01   9.9377238e-02   5.7290257e-02   3.7559718e-01  -4.1262140e-01   1.9607277e-01   2.3450403e-01   1.5881079e-01  -2.6584002e-01   6.7597468e-02   3.1884964e-01   2.6379680e-02   2.4906023e-01  -1.9899626e-01  -1.9273617e-01  -3.6685200e-02   1.0362601e-01   4.7777719e-01   8.3198762e-02   2.9314621e-01  -7.7868073e-03   2.0423008e-01   1.9681000e-01   1.0767713e-01  -4.7672440e-02   3.1233957e-01   3.4928944e-02  -2.2666156e-02   1.8323094e-01   1.9198827e-01   3.5086160e-01   1.0788451e-01  -4.1275346e-01  -4.0519125e-01   4.0161999e-02  -2.7134750e-01  -7.3304870e-02   2.2996647e-01   2.8374269e-01   3.0115666e-01   1.9616435e-01   1.4358527e-01   2.6747422e-01   1.5107924e-01   8.5169567e-02   1.1965828e-02   2.5231996e-01   2.8988682e-01   3.7264287e-01  -1.2174358e-01   3.0999195e-02   1.9467759e-01   2.4357813e-01  -4.2298636e-02   9.2829496e-02   5.3213851e-02   4.4717223e-01  -2.7253973e-01  -3.2596905e-02  -3.2364095e-01   1.0213420e-01  -6.3678905e-02   1.6647120e-01   4.0036365e-01  -2.5006156e-02   8.9627286e-02   2.2886440e-01  -1.4964878e-01   2.2884192e-01   2.3165718e-01   1.9471444e-01  -1.0317753e-01   2.2654683e-01  -1.8978026e-02   3.6781040e-01   1.9145990e-01   6.9356390e-02  -8.9934445e-02  -1.5505280e-01   7.8022301e-02   1.4416030e-01   5.0918110e-01   7.0414822e-02   3.2583279e-01   9.5556837e-02   1.9761756e-01   5.8568294e-02   1.3045296e-01   2.3384601e-01   1.6757197e-01   1.7390593e-01   1.3089761e-01  -2.6767407e-01  -9.3341270e-02   2.1894355e-01   4.1708889e-02   3.3465616e-01  -4.2305952e-01   1.0178006e-01  -5.3031397e-02   7.0204021e-02   1.8083814e-01   1.1580776e-01   1.8968285e-02  -3.1053902e-02  -1.8955532e-01   3.0934975e-01   1.7288682e-01  -4.1032682e-01  -1.3277273e-02   6.3721002e-02  -7.8899602e-03   2.0384984e-01   3.4497791e-01
  -1.2035877e-01   1.3820410e-01   5.8129171e-02   2.2748713e-01   4.5378921e-02   1.7104277e-01   3.5133004e-01   1.9337715e-01   3.3732763e-02   2.5356068e-01  -2.7705767e-02   5.3680001e-03   0.0000000e+00  -5.4002393e-02   2.7357208e-01   2.6027027e-01   9.7979707e-02  -1.3935162e-01   1.1066465e-01  -7.1698950e-02   2.3413107e-01  -1.7308120e-01   2.2339737e-01  -3.1384974e-01  -2.1703931e-01   4.5085148e-02   1.4775135e-01   1.5294372e-01   8.8109219e-02  -1.0743908e-01  -1.0097718e-03   8.3575774e-02  -7.8540649e-02   4.0930398e-01   1.0431547e-01  -5.0536379e-02   2.5007278e-02  -1.2346083e-01   3.0758091e-01   1.6017319e-01   5.7807799e-01  -1.3487100e-01  -9.3548190e-02   2.7642110e-01  -6.4476502e-02  -2.5833276e-01   4.9108191e-02   3.6482020e-01   1.9133869e-01   1.8537749e-01  -1.1070396e-01   1.6062726e-01   2.8867585e-01  -8.2469977e-02  -7.1648298e-02  -5.3740570e-02   2.5749643e-02  -1.3287864e-01   1.5010638e-01  -1.0681589e-01  -1.8373573e-01  -6.0273921e-03   4.1672855e-02   1.1852236e-01   2.2125987e-01   2.7865158e-01   3.0232614e-02  -2.1700105e-01  -1.3490891e-01   1.8042449e-01   3.2369492e-01  -2.9415568e-01   5.7144535e-01  -2.7213456e-02  -2.1840263e-01  -9.8075026e-02  -3.3945862e-01   1.4112425e-01   2.4028928e-01   1.8700494e-02   2.3095326e-01   3.2533146e-01   1.4698282e-01  -8.2031990e-02  -4.8527597e-02   2.1883278e-01   5.5362605e-02  -3.8902797e-01   1.0391834e-01  -8.5860339e-02   2.6567883e-01  -5.2739933e-02   2.2309598e-01   4.3046101e-02  -1.6956061e-01   3.9624895e-02  -2.5658218e-01   1.0113128e-01  -5.7665698e-02   2.4162381e-01   1.3996206e-01   9.0269235e-02   1.2054348e-01  -4.3199982e-02  -7.6735422e-02   2.9294743e-02  -8.3844830e-03   1.0594259e-01   3.9098140e-01   7.1530953e-02   2.0146471e-01  -1.5321076e-01  -3.7032439e-01  -1.4569545e-01   1.5191713e-01   3.7737407e-01  -1.2018203e-01   5.6125149e-01  -9.2426432e-03   3.1326385e-01  -3.7844834e-01   2.0750939e-01  -2.3132168e-01   1.7047925e-01  -2.0463382e-01  -7.0336857e-02   1.3590173e-01  -4.8695492e-02  -1.8798219e-01   1.2273273e-01   5.1869536e-01   3.2461455e-01  -1.6016193e-02   1.4925276e-03  -2.3146104e-01  -9.6013655e-02  -1.3631174e-01   1.3284166e-01   1.7924316e-02  -1.4783978e-01  -1.0449640e-01   2.4696210e-01  -2.3010394e-02  -1.9553357e-01   1.1526146e-01  -1.4852376e-01   2.5718363e-01   8.8146785e-02   2.5201946e-01   1.3079234e-01  -5.4805802e-02   1.4554266e-01  -6.1110841e-02   4.8857368e-02   1.8575890e-01  -3.9104721e-01  -3.3953529e-01   3.5557655e-01  -2.8528720e-01   3.1016453e-01  -2.7424468e-01  -1.5302028e-02   1.5366924e-01  -1.8459069e-01  -6.8481922e-02   3.1068336e-01   1.4496565e-01   1.4485974e-01  -3.6174519e-01   1.5686495e-01   3.0822394e-01  -4.6486434e-01  -2.1254189e-01  -2.0118005e-01  -3.4768813e-01   1.2702471e-01   1.3971678e-01
   3.0893392e-01  -1.1450959e-01  -3.5225398e-01   2.5372409e-02  -3.3397800e-01   3.0661946e-01  -2.6174565e-01   2.7437634e-01  -3.6442557e-02  -3.9613449e-01   1.3935825e-01  -1.6639181e-02  -5.4002393e-02   0.0000000e+00   1.6609075e-01   1.2737327e-01  -3.2638982e-01  -4.3267801e-02   2.3881019e-01  -2.8289040e-01  -7.0288601e-02   2.1598998e-01   2.9110979e-01   1.4301533e-01   1.0267950e-01   2.6452340e-01  -2.0765171e-01   3.7397985e-01  -2.6954709e-01  -2.5209742e-01   8.4073074e-02   1.0180354e-01   1.6507259e-02  -2.3117268e-01   2.7863201e-01  -2.5225707e-01  -5.3256935e-02   3.2017590e-01   1.3709792e-01  -4.3162533e-01  -4.9980703e-02   7.1189797e-02  -4.8069544e-01   2.3856403e-01  -3.4569517e-01   9.7260901e-02   1.3814016e-01  -2.5143601e-01  -2.4153448e-01  -2.6499550e-01   1.7669234e-01   9.6538459e-02  -2.3481298e-01  -2.9713236e-02   3.3313305e-01   2.7382846e-01   3.2238042e-01   2.5189588e-01   8.8775727e-02   9.9288938e-02   1.2969083e-01  -1.1503296e-01  -1.7207492e-01   9.4311662e-02  -1.6357899e-01  -4.5816524e-01   1.2030059e-01   1.3476269e-02   1.6914893e-01  -1.5891639e-01  -2.1651619e-01   5.1272269e-02   6.2054117e-03   2.4643034e-01   3.0201397e-02  -2.3332650e-02   1.5396537e-01   2.5747922e-01  -4.5810950e-01  -2.7223901e-02   2.9479172e-01   3.6381227e-02  -3.7354453e-02   3.6218856e-01   3.2762210e-01   2.0412341e-01   4.1386472e-01   2.2045108e-01  -7.1776925e-02   1.6589772e-01  -4.2968153e-01   7.4783299e-02  -1.5407427e-01  -1.1788545e-01   2.8201905e-01  -2.8025864e-01  -6.8198095e-02   1.7147380e-01  -8.1890118e-02  -3.3068311e-01   3.6562386e-01   1.9768339e-01   2.2027386e-01   1.5254129e-02   2.7635437e-01   4.2719147e-03  -3.7433739e-02   2.4177298e-01  -1.1340251e-01   3.0889136e-01  -2.0203322e-02   1.4336816e-02  -5.2464813e-02   7.8428649e-02   3.6910981e-01  -2.2435797e-01  -5.9163608e-02  -6.7458235e-02   4.1810209e-01  -4.9901162e-02   2.1651274e-01  -5.7471546e-01  -1.7130161e-02  -2.7919482e-01   2.0939989e-01   3.6107131e-01  -1.1796174e-01  -2.3471343e-01  -4.3850509e-02  -6.3357635e-02   9.4827308e-03  -3.3768149e-01   3.5693567e-01   1.8386551e-01  -1.0075759e-01   8.6943994e-02  -3.5806699e-02   2.5194472e-01   1.3625692e-01   1.8925394e-01   3.7493930e-01  -1.7318474e-01   1.4661354e-01   1.3434948e-01   2.1488060e-01   1.6020074e-02  -2.5790386e-03  -6.4286098e-02   9.3542038e-03  -5.0640070e-02   2.9328619e-01   3.3830661e-01   2.0161003e-01  -5.3366616e-02  -2.3747050e-01   1.3602033e-01   2.6944678e-01   1.3357669e-01   7.4350598e-02   5.8922984e-02  -2.4634987e-02   2.5789263e-01  -2.2873180e-01   1.5961904e-01  -2.3503663e-01  -2.8359069e-01   1.1348460e-02   4.2107746e-01   2.7103755e-01  -1.6723966e-01  -4.0716531e-01  -6.7059827e-02  -9.5685850e-02   3.7370435e-01   8.2787463e-02  -2.0221389e-01  -4.0898103e-02
