   0.0000000e+00  -4.0698938e-02   1.6729053e-02   2.9431001e-02  -3.2478443e-01   1.8756688e-01  -2.6725392e-01   1.3601747e-01  -1.9456715e-01  -3.8372012e-01  -1.1139013e-01  -9.1101883e-02  -7.1843952e-03   3.9436316e-01   9.3075060e-02   4.4450535e-03   5.2791085e-02   1.7466961e-02   1.6071560e-01  -3.7091711e-01  -2.4704029e-01  -8.5691304e-02  -3.1409908e-01   6.7967923e-01   1.6634815e-01   1.3974180e-02  -7.5199031e-02  -1.1523660e-01   1.2867652e-02  -2.6529772e-02  -6.8663284e-02   2.1649484e-01   9.3715300e-02  -3.3552252e-01  -4.4899069e-02  -2.7240979e-01  -1.7685488e-01   6.5273479e-01   2.1209679e-02   8.3092160e-04  -6.3044374e-02   7.5397522e-02   3.0023523e-02  -1.1975345e-01   2.3655372e-01   5.7579973e-01  -1.9708329e-01  -2.1157437e-01  -1.8995592e-02  -3.7674197e-02   9.4735830e-02   1.9678844e-01  -2.1043008e-01   1.6545124e-01   4.3543764e-01  -4.1745992e-02   2.3978640e-01   2.7091611e-02   2.0445162e-01   8.3155558e-02   8.0231990e-02   2.0405838e-01   5.6392443e-03   9.5323041e-02  -3.6686906e-02  -8.7490497e-02   2.3954462e-02  -1.0316525e-02  -8.5198055e-02   3.6087381e-01  -2.2215978e-01   1.0090970e-02  -9.3814146e-03   4.8530848e-01  -1.6578360e-02  -3.5920530e-02   4.5617010e-01  -4.0622352e-02  -1.4167174e-01  -2.6971897e-02  -2.3951526e-01   8.6812061e-02  -3.2023182e-01  -1.0073120e-01   3.9249880e-02   1.6781705e-01   1.4315642e-02   4.0738977e-01  -4.9611348e-02   7.7094196e-01   3.0023912e-02   1.2670067e-01  -1.7093297e-01   2.9344131e-02   5.7871957e-01  -1.3303357e-01   1.8205667e-02   7.3344669e-02   2.2938277e-01  -1.9043039e-01   4.2779921e-01  -4.5440497e-02  -9.0230402e-03   1.0821778e-01  -1.9330519e-03  -4.7692424e-02   2.6281959e-01  -1.1903563e-01  -7.1766397e-02  -2.6681480e-01  -2.2664465e-01   1.8138454e-02   1.6404968e-02   7.7032529e-01   1.4302068e-02  -1.8207396e-01   2.3778838e-02   5.0491411e-02  -1.7610795e-02  -5.0666660e-02   6.5353379e-01  -2.4388997e-01  -1.7443109e-01  -2.1754340e-01   6.9225819e-01   3.7294803e-01   1.1521663e-02  -1.5090763e-02  -1.6670558e-01   1.6442712e-01  -1.2319143e-01  -5.0812360e-01   2.5038537e-01  -2.6081322e-01  -2.5157609e-01   3.9965467e-02   9.4479666e-03  -7.1044520e-02   1.4299810e-01   4.8847145e-01   6.5716570e-01  -6.0441200e-02  -2.8462111e-02  -5.4817913e-02   1.8982196e-03  -1.2377187e-01  -1.2745871e-01   1.1226216e-01  -1.1861258e-01  -3.2266582e-01   3.5793649e-01  -2.8079754e-01   6.1379240e-01  -1.6553046e-01  -1.9419803e-02   5.4358082e-01   4.4155767e-01   2.5059600e-01  -1.0922406e-01  -2.1511936e-01  -1.3041995e-01   3.1080552e-03  -4.1887700e-01  -1.8930280e-01   2.0415671e-01  -1.1028676e-01   3.7621899e-02  -1.4570759e-01   5.0545662e-01  -1.6230971e-01  -3.6977847e-03   3.2377007e-01  -9.3298523e-02  -7.7128464e-02  -1.7810710e-01  -1.7342473e-01  -1.8310135e-02
  -4.0698938e-02   0.0000000e+00   1.7307432e-01  -2.0876827e-01   1.8688770e-01  -4.0416676e-01  -4.3755503e-02  -6.4898464e-02   4.1231386e-01  -2.1786555e-01  -4.9101016e-01   5.4069655e-01  -1.7710218e-01  -1.6931562e-01  -2.6436601e-01  -1.9011221e-01   2.5233319e-01  -3.8314907e-01  -2.8159078e-02  -1.9771451e-02  -2.5766815e-01  -3.9432407e-01   1.5885370e-01   2.6211174e-02   2.2014096e-01  -1.0448966e-01   2.2855894e-01  -2.3645031e-01  -9.4221860e-02  -8.8188038e-03   2.4102819e-01  -2.7066039e-01   1.8192055e-01   3.4639305e-02  -1.4900367e-02  -1.7105525e-01   3.6817678e-01  -1.4290256e-02  -1.4173653e-01   5.7480908e-01   3.9392174e-02  -4.3132697e-02   3.4495021e-01  -2.0029751e-01  -3.4189675e-01  -1.1215126e-01  -4.5952732e-01   1.7422318e-01   3.0829442e-01   5.0199761e-01  -3.4390475e-01   1.4667633e-01   5.4435379e-01   7.8694583e-02   1.2857649e-01  -4.0223940e-01  -8.3885800e-02  -4.5552057e-01  -4.7399930e-02  -1.9051148e-01  -1.3977010e-01  -7.2895342e-02   4.8831561e-01  -2.3614015e-01   2.7505628e-01  -3.1519629e-01  -1.7574604e-01  -6.9630155e-02  -2.2749341e-01  -1.8543021e-01   6.7807890e-01  -3.3290068e-01  -8.5471917e-02   2.0653623e-02   1.7815434e-01   7.8680014e-02  -2.8137718e-01  -9.6990474e-02   4.1850135e-01   5.3485277e-02  -3.6916237e-01  -4.7635601e-02  -1.5386068e-01   1.8865909e-02   2.2917513e-01  -3.6416808e-02   2.1924023e-01  -6.5361259e-02   1.7283502e-01  -5.1864469e-02   4.4795164e-01  -1.7604048e-01   2.8155986e-01  -2.1844217e-02  -1.9759416e-01   2.6492115e-01   1.9359183e-01   1.1662110e-02   8.9518761e-02  -2.3184705e-01   1.5577172e-01  -4.2911067e-01  -1.2964551e-01  -5.5747476e-02  -3.6319562e-01  -1.9614179e-01   2.4940808e-01  -1.7335259e-01   3.0428985e-01   4.7725236e-01   6.8827198e-02  -3.7604991e-01  -1.1177182e-01  -3.1692209e-02  -3.4540408e-01   6.5497380e-01  -1.8947479e-01  -4.1238621e-02  -2.9205948e-01  -2.8427606e-01  -2.7103715e-01   1.2512844e-01   2.2251442e-01   5.4827296e-01  -1.4554922e-01  -2.1715174e-01  -5.6423671e-02   1.7762200e-01  -4.3954627e-01  -9.7305324e-02  -2.9400004e-01  -1.5535340e-01   5.1499068e-01   4.8320478e-01   7.2817497e-02  -1.7254070e-01   2.2095848e-01  -1.7921179e-01  -1.9333836e-01   1.8841590e-01   1.5085288e-01  -2.1363538e-01  -3.2191148e-01  -3.7613683e-01  -2.1169083e-01  -1.6168208e-01   4.0778080e-01   5.4869783e-01  -3.2522943e-01  -1.9858143e-01  -2.8638415e-01  -1.6948129e-01  -1.1306662e-01  -1.9122185e-01   1.2643579e-01   2.5973218e-01  -3.2524897e-01  -1.4527781e-01   8.1170870e-02  -3.0164876e-01  -2.5377150e-02  -1.7406499e-01  -6.8690875e-02  -5.4371561e-01  -1.1423925e-01   2.7966383e-01  -6.8805563e-02  -1.5241585e-01  -1.2485848e-01   5.8222511e-01   5.4281354e-01  -1.5095019e-01  -3.1268510e-01  -3.7481162e-01  -2.3383342e-02   1.5296654e-01  -1.5141877e-01
   1.6729053e-02   1.7307432e-01   0.0000000e+00  -1.5650682e-01   1.8193795e-01   1.2620830e-01   5.5564833e-02   1.7212746e-01   1.2451152e-01   2.1621286e-02  -1.8559695e-01   3.8065624e-01  -1.9519489e-01  -1.0346181e-01  -2.5372823e-02  -7.9058770e-02   7.9571504e-01  -1.0202258e-03  -1.7552819e-03   2.0917149e-01  -7.9245930e-02  -1.1369419e-01   1.0681785e-01  -1.5233351e-01   1.6093270e-01   1.2075944e-02   2.2969943e-01   1.1755816e-02  -1.1378269e-02  -1.9094572e-01  -7.1744964e-02  -1.4372199e-01   2.1936755e-01   1.8840372e-02   1.6593834e-02   2.1558168e-02  -1.9164098e-01  -1.6815014e-01   6.6219128e-02   6.5750228e-01  -2.7165741e-01   1.7451883e-01   1.8790542e-01   7.7059448e-02  -3.5528592e-01   1.4273295e-01  -4.9908012e-02  -1.2991330e-01  -1.7415801e-01   7.3569347e-01  -2.9587160e-01   1.0566412e-01   2.4892492e-02   2.2937477e-01   1.9829225e-01  -2.2562711e-03  -2.6844472e-02  -2.1538452e-01  -5.5220671e-02   3.1682434e-02   3.8448592e-01  -2.0006719e-01   2.9065182e-01  -1.6220125e-01  -2.1656773e-01  -1.0965931e-01   1.7339186e-01  -5.3809459e-02  -1.4003114e-01   5.2391282e-01   2.6535602e-01  -2.5706549e-01  -1.2471888e-01   5.1228537e-01   7.3996003e-02   2.9753090e-01   1.3360633e-01   1.5312885e-01  -6.6851254e-02  -4.0908197e-02  -1.5855987e-01  -9.9374746e-02   8.0401287e-02   2.7583399e-01   4.4079583e-01   1.7453422e-01  -5.8679012e-02  -1.5228131e-01   9.4897209e-02  -4.2823620e-02  -5.9544205e-02   3.3044554e-01   4.2246064e-01   1.3190721e-01  -2.3315792e-01   1.8169753e-01  -7.3005891e-02   4.2239090e-02  -1.9946414e-01  -6.4372607e-02   2.5677062e-01  -2.2338122e-01  -9.6092139e-02   6.3775875e-02  -2.7621933e-01   6.1423440e-02   4.0909505e-01  -3.8852876e-02   1.8419302e-01   5.2186186e-02   1.3784055e-01  -3.7841905e-01  -1.3119915e-01   7.2438361e-02   2.1941643e-01  -1.4082978e-01  -1.4346445e-02  -2.6929662e-01  -2.2558089e-03  -2.5181872e-01  -8.3561069e-02   5.8300662e-02   3.0095032e-01   5.0481629e-02  -6.0159834e-02  -6.3881702e-02  -3.5578984e-02   2.9486090e-01  -3.5035106e-02   5.1015175e-01  -1.2091390e-01  -2.1807747e-01   1.6421275e-01  -1.9259291e-01   5.6751877e-02   7.4594057e-02   3.0419320e-01   1.6524885e-01   2.9781382e-02  -1.7108411e-01  -4.7962902e-02  -1.0843027e-01  -1.3208224e-01   1.7806538e-01  -2.3266522e-01  -1.5049057e-01   4.9837367e-01  -7.2054093e-02  -8.9072593e-02  -2.9767155e-01   4.3970784e-01  -9.6840886e-02   5.6127382e-02  -7.3815769e-02   6.9861123e-01  -8.7017112e-02  -1.3571462e-01  -3.1648194e-01   3.8175535e-01  -2.6400091e-01  -3.4953021e-02   7.6215766e-03   1.2784221e-01  -1.1290105e-01   9.1304773e-02  -1.6661895e-01  -2.2148494e-01   1.2603080e-01   9.7952934e-02   8.1552701e-02   1.0808265e-01  -1.4966165e-01  -2.6115919e-01   5.6171305e-02  -1.2158648e-01   3.5085535e-01   1.4686781e-01
   2.9431001e-02  -2.0876827e-01  -1.5650682e-01   0.0000000e+00   1.3017095e-01   1.4766337e-01  -1.2078755e-01   1.8351378e-01   1.2410195e-01  -4.5931852e-02   1.1400381e-01  -1.9541143e-01   1.2827535e-01   2.9116760e-01  -1.0701145e-02   2.2539482e-01  -2.2246041e-01   3.1835256e-01   2.9379410e-01   8.8845289e-02   1.9066484e-02   2.7230553e-01  -2.0267276e-01   1.2413543e-01  -9.8224198e-02   1.4461607e-01  -5.8801563e-02   1.4313552e-01  -3.6094615e-02   1.7611351e-01   2.6582474e-02   2.1318976e-01   3.3315515e-01  -1.6644796e-01  -9.6012399e-03   7.4590345e-02  -9.9886698e-02  -2.6304084e-02   1.6479476e-01  -1.4470881e-01   4.2088527e-01   1.8764096e-01  -1.5332933e-01   1.7062506e-01   1.2652864e-01  -6.6291109e-02   1.7472606e-01  -2.3414962e-01  -1.0418592e-01  -1.6192857e-01   3.3090903e-01  -9.1784051e-02  -2.8053639e-01   2.4598000e-01  -3.5555176e-02   3.0578401e-02   1.1799221e-01   3.0324919e-01   3.2037458e-01   2.0952238e-01  -8.5039670e-02   1.5250773e-02  -2.8424084e-03   1.1517062e-01  -1.0014701e-01   9.2412873e-02   1.3570529e-01   1.4241469e-01   1.6503291e-01  -1.5967619e-01  -2.4841913e-01   3.5229130e-01   5.8065461e-02   2.5556185e-02   7.7654792e-02   3.2762836e-02   2.3038834e-02   2.1812493e-01  -2.4030765e-01   2.7207045e-01  -1.8121824e-02   4.6924436e-02  -3.3522901e-02   2.7244175e-01  -1.5952220e-01   8.1942389e-02  -6.0794225e-02   5.6947225e-02   2.3843732e-01   4.4518519e-02  -1.5970650e-01   1.8419606e-02  -1.6747201e-01   1.5522310e-01  -7.4764470e-02   3.1071286e-02   1.6123940e-01   1.6240144e-01   1.3236192e-01   9.9507691e-02  -9.9558441e-02   9.3733656e-02   1.6862410e-01   3.2138593e-01   2.9976780e-01   2.6751894e-01  -2.0847506e-02   7.3603329e-02  -2.5456934e-02  -1.7004970e-01  -2.1886791e-01   1.8950874e-01   5.8111766e-01  -4.3907435e-02  -8.0761043e-02  -2.1329093e-01   6.2716226e-02   1.6400322e-01   5.8468529e-02   5.4604903e-01   1.6387266e-01  -5.2731275e-02  -4.4905295e-02  -7.3424879e-02   1.2111402e-03   3.1598659e-01  -3.1326792e-02   5.6038594e-02   3.7187668e-01  -1.6930789e-01   1.2970255e-01  -3.0741663e-02  -8.1006436e-02  -1.6339995e-01   1.8149964e-01   1.2394865e-01   1.1319351e-01   7.5420554e-02   1.1163849e-01  -1.1119400e-01   7.4467420e-04   6.3233230e-02   7.1800028e-02  -4.2887239e-02  -8.8074763e-02   1.4491952e-01  -1.9393849e-01  -1.6913454e-01   1.2094819e-02   1.0079669e-02  -1.9534267e-02   1.6451701e-02   1.7767059e-01   9.1166821e-02  -1.9125552e-01   5.9615864e-03   9.3628789e-02   2.8429738e-01   1.4528131e-01  -3.3626617e-02   1.0271601e-01   9.4950921e-02   8.5401615e-02   2.4763472e-01   2.8425286e-01  -2.9487576e-01  -7.9467616e-02   3.1457068e-01   2.0141562e-01  -2.2464232e-01  -1.4882784e-01   4.5467407e-02   2.4207058e-01   7.5954874e-02   1.0239834e-01   7.4840996e-02   1.8464692e-01
  -3.2478443e-01   1.8688770e-01   1.8193795e-01   1.3017095e-01   0.0000000e+00  -9.6214457e-02   2.6105579e-01  -5.5539726e-02   3.4633419e-01   1.9600956e-01  -2.0303021e-01   1.4808565e-01   1.2798816e-01  -7.4803777e-02  -2.1790215e-01   8.0151046e-02   4.8703294e-02   2.2124307e-01  -7.1993926e-02   6.1258023e-01   9.7886927e-02   9.0624882e-02   1.2571439e-01  -2.8180316e-01   1.3704738e-02  -9.0887065e-02   2.5318340e-01  -1.1435183e-01   8.1727700e-02   5.5583317e-02   6.2213946e-02  -1.1159978e-01   1.7221876e-01   2.0804027e-01  -4.5214769e-02   5.8284596e-01   1.4605062e-01  -4.2595921e-01   1.6080043e-03   4.0057382e-01   2.9802526e-01  -5.7905216e-02   2.3672276e-01   2.1525267e-02  -1.0333148e-01  -3.9549281e-01   2.9573568e-02   9.3851564e-02   6.4171728e-02   2.4692424e-01   3.3915447e-02  -6.1607171e-02   1.2939579e-01   3.6063075e-02  -1.4519127e-01  -3.1171740e-01  -5.6370889e-02  -6.6932354e-03   5.4365135e-02   1.1544919e-02  -1.0224744e-01   9.1574308e-03   3.1441849e-01  -1.7000881e-01  -2.0845077e-02   1.1171316e-01   2.7681679e-02   1.3415537e-01   7.5734996e-02  -3.0485025e-01   2.5633331e-01   1.2014882e-01  -4.4268312e-02  -9.0095855e-02   9.5024468e-02   2.3549908e-01  -3.0032901e-01   3.2148967e-02   3.3307146e-01   2.1126604e-01  -2.0032984e-01   7.9278755e-02   2.9711273e-02   3.8427295e-02  -3.0271813e-02  -1.5858396e-01  -7.4147442e-02  -2.8359182e-01   2.1139430e-01  -4.4313531e-01   2.6303895e-01  -5.0579673e-02   3.7116034e-01   3.4400556e-01  -4.2662704e-01   5.1393716e-01  -2.8022199e-03   7.7835225e-02   1.1237695e-01  -5.9218349e-02  -2.6958173e-01  -2.5274972e-01  -3.6908297e-03   2.7186314e-01  -7.7939193e-02   2.1772083e-01  -3.3026671e-02  -3.5288531e-02  -6.4007691e-02   2.7841073e-01   1.6348733e-01  -1.3621885e-01   2.1128700e-01  -4.2029400e-01  -2.4050410e-01   1.9369563e-01  -9.6377674e-03  -3.1965454e-02  -1.8063304e-01  -1.3151556e-02  -4.6389066e-01   4.0663944e-01   3.8266875e-01   4.6963364e-02  -5.0255682e-01  -2.4797201e-01   6.8704656e-03   9.4151766e-02   2.2869594e-01  -1.3553494e-01   6.3739731e-02   2.0610100e-01  -2.2511489e-02   2.0609582e-01   5.0258783e-01  -6.8485035e-02   1.2269029e-01  -1.2268847e-01  -2.0290731e-01  -2.7727651e-01  -2.9581954e-01   9.5000679e-02  -1.9925948e-01  -1.3578699e-01  -7.0968675e-02   4.6803913e-03   3.3359727e-01   2.0379028e-01   5.0856110e-02  -1.5266499e-02  -2.1953836e-01   1.5882758e-02  -3.3659459e-01   1.6058983e-02   1.0826082e-01  -1.7692637e-01  -4.1064491e-01  -2.0990455e-01   9.0257541e-02  -1.2036959e-01   2.0900657e-01  -1.4423840e-01   3.9017100e-01  -5.9891997e-02   1.7512990e-01   1.2176928e-01  -1.0268435e-01   9.5020631e-02  -2.1168621e-01   1.6143679e-01   2.0693023e-01  -3.2276809e-01   1.3528002e-01   1.1855675e-03  -4.9865889e-03   2.7486764e-01   3.2650258e-01
   1.8756688e-01  -4.0416676e-01   1.2620830e-01   1.4766337e-01  -9.6214457e-02   0.0000000e+00  -3.3064906e-02  -1.1354071e-01  -2.1670268e-01   1.3380022e-02   2.7794802e-01  -2.5742442e-01  -8.2899780e-02   1.8032618e-01  -2.6534998e-02   8.3446349e-02   3.8032835e-02   3.5189843e-01   1.3144967e-01  -1.6616231e-02   1.2469236e-01   2.4925408e-01  -3.2716803e-01   6.2259610e-02  -1.5303641e-01   3.0382211e-02   4.1394731e-02   1.2127933e-01   1.6371468e-01   1.1400679e-01  -2.0336337e-01   5.4346917e-02   8.8503039e-02  -1.6066250e-01  -7.0937767e-02   1.1728149e-01  -3.6454730e-01   4.6013798e-02   1.3825553e-01  -1.1703472e-01  -1.3876236e-01   6.6068866e-02  -1.6343555e-01   2.3963125e-01   2.9252367e-02   1.2713946e-01   3.0119410e-01  -9.4365505e-02  -2.5166663e-01  -1.2553286e-01   1.9061721e-01  -1.4340858e-01  -3.5145180e-01   4.4536255e-03  -2.5210154e-03   2.3623997e-01   3.3870413e-01   2.0973328e-01  -2.2315487e-02   7.5731403e-02   5.3100200e-02   9.0297987e-02  -2.6396470e-01   7.3087202e-02  -1.9740437e-01   3.1008106e-01   4.0653133e-01   2.1004713e-02   2.4955835e-01   2.8651082e-01  -4.3648658e-01   6.4251399e-02   2.0553050e-03   1.3718302e-01  -9.0530496e-02   1.5508694e-01   1.3857281e-01  -1.2867916e-02  -2.4522156e-01  -1.0290349e-01   4.8484581e-02   1.7231370e-02  -4.3150951e-02   4.9080495e-02  -7.2768818e-02   1.5032406e-01  -1.6657349e-01   6.3847370e-02  -2.1811960e-01   1.6576248e-01  -1.4997375e-01   6.3258094e-02  -1.4941444e-01  -2.6196104e-02   6.3439565e-02  -1.8386003e-02  -2.5095654e-01   7.8102364e-02  -1.4914694e-01   3.0218916e-02  -7.8370604e-02   2.6161336e-01   6.3780601e-02   1.0424233e-01   6.2253740e-02   3.5927524e-02  -5.9645954e-03   4.4524401e-01  -2.6558065e-01  -1.9114797e-01  -1.7924770e-01   2.2427603e-01   2.8749654e-02   9.3757026e-02   2.5424414e-01  -4.7574568e-01   1.4826939e-01  -2.2186054e-01   2.0500157e-01   1.1512754e-01   2.0624602e-01   5.4129437e-02   1.4594299e-02  -3.7618324e-01   1.3808754e-01   1.2096507e-01  -1.7445104e-01  -2.0270716e-01   1.9020754e-01   2.3038037e-01   9.5699010e-02  -2.1876160e-02  -2.2912287e-01  -2.7754296e-01  -2.5393416e-02   4.3696890e-02  -1.0630017e-01   8.1836962e-02  -3.7880684e-02  -1.2424163e-01  -6.6535384e-02  -5.7912554e-02   1.7578753e-01   4.2325871e-01  -1.5792743e-01  -1.2695120e-01  -2.3924196e-01  -1.6038109e-01   2.8478124e-01  -1.3967045e-01   2.1476026e-01   3.8887564e-02   1.6471156e-01   1.7012775e-01   2.3024241e-01  -1.3143223e-01   1.6508403e-01   4.7503954e-02  -6.3942616e-02   8.9214643e-02   5.4343963e-02  -3.7344343e-02   1.6200099e-01   2.2092666e-01   4.1330861e-01  -2.1773235e-01   1.0898868e-01   2.7858204e-01   1.4869437e-01  -4.0420155e-01  -2.5201028e-01   2.5386807e-02   1.6575148e-01   5.6166905e-01   4.1873735e-02  -2.2022716e-01   3.1677408e-01
  -2.6725392e-01  -4.3755503e-02   5.5564833e-02  -1.2078755e-01   2.6105579e-01  -3.3064906e-02   0.0000000e+00  -1.6514623e-01   9.5356339e-02   5.8230793e-01  -1.5647522e-01   1.0542383e-01   5.8740423e-02  -2.1704288e-01  -1.3273841e-01   1.0096612e-01  -1.8292410e-02  -1.3338553e-01  -2.6086525e-01   3.0391159e-01   2.0254932e-01  -7.9709396e-02   2.9644880e-01  -2.2883145e-01  -1.8012479e-01  -1.7940671e-01  -3.6790123e-02  -1.7831825e-01   4.2831929e-02  -1.0354847e-02  -3.1667831e-01  -1.1849203e-01  -1.2602321e-01   7.7729784e-01   4.6335775e-01   6.2218002e-01   7.1217506e-02  -1.5629858e-01  -1.3777374e-01   1.0413307e-01  -1.6484703e-01   8.4580094e-02   2.0427735e-01  -2.0321424e-01   2.4322621e-01  -3.0367944e-01  -6.4647497e-02   4.9472777e-01  -2.0831697e-01  -1.2066221e-01   3.9442468e-02  -1.9840162e-01   1.1029224e-01  -1.5742046e-01  -1.5063173e-01  -5.0371609e-02  -2.5756890e-01  -3.2015118e-01  -2.7135479e-01  -1.9514342e-02  -3.3704154e-01   2.5418594e-01  -1.5867243e-01  -3.9363667e-01  -1.7730783e-01   4.2362825e-01   2.2833329e-03  -8.5519311e-02  -1.9226645e-01   6.2382568e-02   2.6381922e-01  -5.2889700e-02   1.7960623e-02  -2.3858053e-01   4.0913255e-03  -1.0852132e-01  -2.3969009e-01  -1.9575619e-01   3.1075816e-01  -2.8395005e-01   3.8413304e-01   2.3268973e-01   3.6036408e-01  -1.4126002e-01  -1.1661395e-01  -1.2387636e-01  -8.7244231e-02  -2.3725868e-01  -5.2739534e-02  -3.2073905e-01  -3.3190806e-01  -3.1828381e-01   3.5841941e-01   2.3887867e-01  -1.5414096e-01   9.1966135e-02  -1.6062164e-02  -3.1008379e-01  -1.9985126e-01   3.7056072e-01  -1.5353887e-01  -2.3355528e-01  -1.2078663e-01  -4.5672504e-03  -3.3345499e-01   1.3974450e-02  -2.4292139e-01  -2.5772324e-01   7.3770406e-02   2.1452686e-01   6.0672751e-01  -6.1676498e-02   6.3327518e-02  -1.9181329e-01   5.1784136e-02  -6.6345451e-02  -2.5976516e-01   1.1214064e-01  -2.8131697e-01  -1.9605982e-01  -2.2470881e-01  -1.8071069e-02  -1.0836402e-01  -3.5962535e-03  -3.9587625e-01  -3.2853997e-01   2.4466524e-01  -1.0084134e-01  -2.1949717e-01   1.1907210e-01   4.5579447e-02   5.2618110e-01  -2.5302132e-01   3.1362768e-01   1.7684253e-01  -2.2694190e-01  -2.8897565e-02   2.8258772e-02  -4.0312983e-01  -1.0153391e-01  -1.2063044e-01  -2.3552475e-03  -2.1960129e-01   1.2153033e-01   2.3744501e-01  -2.9025827e-01   4.7807471e-01  -1.0308997e-01   6.1547844e-01   3.5469382e-01   1.5109470e-01   2.5173745e-01  -2.5557368e-01   1.0780019e-01   5.6547030e-02  -1.4330000e-01  -2.4586483e-01  -2.3406032e-01  -3.4825857e-01   4.2334183e-01  -1.5528197e-01  -3.2016764e-01   1.8555570e-01  -6.3256595e-02   1.2958049e-01   3.2787400e-01   3.1798347e-01   1.9018768e-02  -3.0657844e-01   3.0718941e-02   1.0517163e-01  -9.1786565e-02   9.0676686e-02   9.8827511e-02   3.0355177e-01  -1.8842318e-02   5.6856636e-02
   1.3601747e-01  -6.4898464e-02   1.7212746e-01   1.8351378e-01  -5.5539726e-02  -1.1354071e-01  -1.6514623e-01   0.0000000e+00   5.6364609e-02  -8.3776415e-02   1.0735314e-01   1.5284237e-02   1.1645531e-01   6.7046365e-02   2.1625563e-01   1.9557964e-01   9.9098222e-02   1.6559098e-01   1.8049988e-01  -6.0201162e-02  -1.3970535e-01   1.4239131e-01  -1.1513740e-01   2.1346579e-01   1.3028441e-01   3.7960526e-01  -9.0922210e-02   1.4242278e-01   1.5816991e-02  -2.1307623e-01  -5.1671914e-02   1.5218110e-01   3.5783204e-03  -1.8504607e-01  -2.7234777e-01  -9.7128045e-02  -1.7815006e-01   1.4254659e-01  -7.7368822e-02   1.1421378e-01   1.2841864e-01   1.6124526e-01  -4.9158398e-02   2.6893700e-01  -7.5697045e-02   1.6278278e-01   1.6179571e-01  -3.8033346e-01  -6.2697121e-02   1.9347776e-01   9.7324160e-02   3.7078776e-01  -2.2034584e-01   1.0169629e-01  -7.5456688e-02   6.4502806e-02   3.7655680e-02   8.1371665e-02   2.7486788e-01   9.7474884e-02   1.8994994e-01  -3.1149901e-01   6.6541493e-02   1.1240979e-01  -3.1374451e-01  -3.5652171e-02   9.0503545e-02  -8.2482700e-02   8.1003184e-02   5.1411535e-02  -1.3937164e-01   2.1116227e-01  -1.9049441e-01   2.0244539e-01   1.4427745e-02   1.8616021e-01   2.6426200e-01   3.4520053e-01  -2.8448451e-01   1.2075729e-01  -5.9018006e-02   9.4343474e-02  -7.3527227e-02   4.8069882e-01  -6.0412114e-02   1.0965101e-01  -1.5552123e-01   1.7911267e-01   1.1984473e-01   1.7907248e-01  -1.0483811e-01   2.4247435e-01   9.7590088e-02  -8.8111824e-02   1.5083175e-01   2.0540809e-02   1.3793106e-01   1.5107225e-01   6.3494881e-02   2.1921211e-01  -1.6688529e-02   5.4757377e-02   2.3984233e-01   1.8018114e-02   1.9979070e-01   1.6938531e-01   1.6438795e-01  -1.0350555e-01  -2.4780182e-03  -1.5445837e-01  -9.4199198e-02   3.2841568e-02   1.1805390e-01   9.0546604e-02  -2.4923768e-02  -1.9558219e-01   1.3719114e-01   1.0700006e-01   9.5275038e-02   2.0539753e-01   2.1763503e-01  -1.2387807e-01   1.5933397e-01  -1.6006787e-01   2.6244842e-01   4.0631213e-01  -1.0384030e-01   2.7369695e-01   2.0440325e-01  -7.2285993e-02   1.4032760e-01  -3.2232522e-01  -4.5824663e-02  -3.3180560e-01   1.5809041e-01   4.0521947e-01   1.2390466e-01   1.3343828e-01   3.5151441e-01   6.1517467e-02  -5.4091237e-02   1.1790196e-02   1.8993156e-01  -1.7505905e-01  -1.2722373e-01   1.2668389e-01  -2.2346041e-02  -7.3204986e-02  -1.4323229e-01  -9.6439763e-02   7.0800015e-02  -2.2804625e-02   2.2416226e-01  -2.2630071e-01  -9.6194908e-02   1.2055757e-01   2.4218203e-01   2.3528027e-01   2.6916180e-01  -9.2457925e-02  -8.9918941e-02   2.9847283e-01  -8.6690816e-02   1.8588334e-01  -4.9305169e-03  -2.3099073e-01  -7.0546829e-02   1.4264950e-01   2.3638812e-01  -3.6097377e-02  -2.4336729e-02   2.1420733e-01  -1.1950813e-01  -1.3706933e-01   2.1520897e-02   2.0300517e-01  -1.3445317e-02
  -1.9456715e-01   4.1231386e-01   1.2451152e-01   1.2410195e-01   3.4633419e-01  -2.1670268e-01   9.5356339e-02   5.6364609e-02   0.0000000e+00   1.3388610e-01  -3.8272793e-01   3.3082275e-01   3.5813964e-02  -3.0864216e-01  -4.2062065e-01  -6.0945363e-02  -6.0342222e-03  -2.0544969e-01  -7.8872782e-02   3.4764520e-01  -2.5633746e-01  -1.9375901e-01   1.1477725e-01  -7.4907515e-02   1.8026025e-03  -8.1030824e-02   2.3733249e-01  -7.9690405e-02   2.6660646e-02  -4.7006377e-02   1.6066721e-01  -2.0246104e-01   1.5029055e-01   5.0289967e-02  -5.1742099e-02   1.8068681e-01   2.9428959e-01  -1.4919745e-01  -1.2401458e-01   3.3266359e-01   1.8816151e-01   1.4922775e-01   4.3406349e-01  -3.4731177e-02  -2.0203505e-01  -3.1563765e-01  -1.3265556e-01  -7.5094893e-02   1.9793523e-01   3.1098377e-01  -2.7540953e-01  -6.6537029e-02   1.1199274e-01   1.4462586e-01  -1.8120772e-01  -2.8399521e-01  -3.4411203e-02  -2.6860972e-01  -6.8689980e-02  -2.0835849e-01  -2.8799304e-01   1.1523598e-01   4.9046360e-01  -3.7653971e-01   1.7502601e-01  -4.0202371e-02  -5.6737898e-02   1.9474118e-01  -1.3969914e-01  -2.0907551e-01   2.5898930e-01  -9.5664799e-02  -6.8207862e-02  -1.2722818e-01   2.4155821e-01  -7.4911215e-02  -3.6851244e-01   2.6946576e-03   3.8225336e-01   1.4015736e-01  -2.7256247e-01  -1.8452292e-02  -2.5009585e-01  -1.4458647e-02  -5.8382474e-02  -9.5402452e-02  -8.6221531e-02  -3.4402895e-01   1.7688216e-01  -2.4973389e-01   4.0073268e-01  -2.0758344e-01   3.0174280e-01   2.9553424e-01  -3.3589046e-01   4.5209281e-01   8.1336027e-02  -4.0547429e-02   1.0264746e-01   7.0436010e-02  -1.8753563e-01  -4.7277468e-01  -3.7286588e-01   2.0356644e-01  -3.6186438e-01   5.7117484e-02   1.6347545e-02  -1.3280039e-01   2.7112801e-01   9.4981489e-02   1.2097110e-02  -4.3329590e-01   8.8637356e-02  -2.6411813e-01  -3.4347709e-01   4.5039166e-01  -4.8266960e-02   1.2802172e-01  -2.1255570e-01  -7.1320941e-03  -3.0625197e-01   3.4482135e-01   3.1846621e-01   4.2854586e-01  -3.2624169e-01  -3.5033450e-01   8.5311121e-02   1.1106924e-01  -7.1991129e-02  -2.2727621e-01   1.4699173e-03   4.9251286e-03  -3.6125043e-02   2.1862709e-01   4.8957448e-01  -1.6216307e-01   1.2164645e-01  -2.5245065e-01  -2.9749863e-01   1.7682985e-02  -4.6912666e-02   1.1467978e-01  -2.6219184e-01  -2.2885454e-01  -1.9975164e-01  -3.2757322e-01   2.5853228e-01   3.1344101e-01  -5.8491234e-02  -1.8501222e-01  -1.9200646e-01  -2.3041365e-01  -2.0681815e-01  -6.9884870e-02  -2.0452174e-02   3.4175727e-02  -3.5595285e-01  -1.3424387e-01   1.2812799e-02  -2.7498930e-01   1.9009683e-01  -2.3704004e-01   1.0242954e-01  -3.8344802e-01   7.4142750e-02   2.2828067e-01  -7.1615958e-02   9.5656278e-02  -1.4074380e-01   1.9953675e-01   4.8636444e-01  -1.5592031e-01  -1.7298966e-01  -9.5720671e-02   7.4073156e-02   1.8448798e-01   2.0882767e-01
  -3.8372012e-01  -2.1786555e-01   2.1621286e-02  -4.5931852e-02   1.9600956e-01   1.3380022e-02   5.8230793e-01  -8.3776415e-02   1.3388610e-01   0.0000000e+00   1.3686595e-01  -9.5148662e-02   1.1093161e-01  -4.4481132e-01  -1.6933394e-01  -1.5678013e-02   6.8592469e-03  -1.3360661e-01  -1.5879964e-01   2.6543105e-01   2.6280239e-01  -1.3363720e-01   2.4528611e-01  -3.1377608e-01  -2.8782431e-01  -7.4028150e-02  -1.9451572e-01   1.0510891e-01   5.8520526e-02  -2.6099680e-01  -3.0185560e-01  -2.3160459e-01  -3.7341930e-01   5.1754341e-01   2.7884147e-01   4.4115666e-01  -1.7423764e-02  -2.8662973e-01  -1.9145647e-01   9.7602922e-03  -1.9211849e-01  -1.7218434e-01   1.1304564e-01  -3.5549253e-02  -2.3272027e-02  -3.0956745e-01   1.7891526e-01   3.9663850e-01  -2.2657038e-01  -9.0794719e-02   4.4126901e-02  -3.2174157e-01  -1.8340436e-02  -2.7668753e-01  -4.0965644e-01   2.4431530e-01  -6.7590225e-02  -2.6286436e-01  -4.1202690e-01  -2.5006889e-01  -2.6982789e-01   9.7537354e-02  -6.7642526e-02  -3.1376907e-01  -3.4082150e-01   6.0226348e-01  -4.9568020e-03  -7.7666579e-02  -1.0511078e-01   1.2603670e-01   1.6929316e-01  -1.0247833e-01  -2.2880256e-02  -3.7691373e-01  -2.0292828e-01  -1.6172152e-01  -2.5305644e-01  -6.2320802e-02   1.4118748e-01  -3.8690542e-01   4.1423180e-01  -1.1877604e-01   4.4249172e-01  -5.8896415e-02  -1.0305851e-01  -1.4538519e-01  -1.5316830e-01  -3.6145654e-01   9.0898619e-02  -3.9777627e-01  -2.6944103e-01  -3.5069697e-01   2.3291285e-01   5.0939588e-03  -2.7831268e-01   2.7045853e-01  -5.1083857e-02  -2.2604848e-01  -3.5308587e-01   5.8337320e-01  -1.5484200e-01  -4.3782775e-02  -1.4532927e-01  -2.2471113e-01  -2.4256524e-01  -1.9666447e-01  -3.8662805e-01  -2.2435746e-01   9.3450774e-03   1.5773000e-01   4.5830721e-01  -1.5435871e-01  -7.2489684e-02  -3.5060579e-01   1.5411979e-01  -4.8567894e-02  -3.9187195e-03  -2.2081899e-02  -2.9118571e-02  -1.0421869e-01  -3.3209201e-01   1.0592535e-01   4.9242264e-02  -1.2862200e-01  -4.3450501e-01  -3.1456957e-01  -1.7447617e-02  -1.2479153e-01  -1.5322655e-01   1.3162103e-01   1.1354794e-01   4.8880160e-01  -4.1651735e-01   1.1954001e-01   2.5874736e-01  -9.4017595e-02  -2.9231416e-01   2.0078616e-01  -1.9716595e-01  -1.2632331e-01  -2.4734809e-01   1.3911886e-01   7.9593796e-03   3.0671528e-01  -1.2453402e-01  -3.5943478e-01   2.4217804e-01  -2.2076936e-01   5.4854993e-01   2.9245707e-01   6.1991180e-02   3.0987142e-01  -4.6142734e-01   1.1830504e-01   1.3137418e-01  -3.2120996e-01  -2.4061433e-01  -1.6691127e-01  -3.4089696e-01   3.0864838e-01  -1.0029620e-01  -1.7278768e-02   5.8446314e-01  -1.8777981e-02  -1.1076677e-01   9.0288929e-02   7.9002459e-02   2.0187745e-01  -5.3597937e-01  -3.6422405e-02   4.6572189e-04  -1.4135479e-01  -8.3061075e-02   2.9800976e-01   1.5529764e-02  -7.3099352e-02  -8.6849779e-02
  -1.1139013e-01  -4.9101016e-01  -1.8559695e-01   1.1400381e-01  -2.0303021e-01   2.7794802e-01  -1.5647522e-01   1.0735314e-01  -3.8272793e-01   1.3686595e-01   0.0000000e+00  -5.8516701e-01   4.8649108e-02   1.2521741e-01   3.1535851e-01   6.4251455e-02   1.0033435e-02   5.7829427e-01   1.2276652e-01  -2.3725087e-01   5.0589233e-01   4.6443259e-01  -3.6815893e-01  -3.2966057e-02  -2.7428324e-01   1.4210688e-01  -1.7777831e-01   3.2218085e-01  -8.6152013e-03   1.5213197e-01  -2.4093788e-02   3.3862536e-01  -1.9059906e-01  -2.2389401e-01  -1.4913805e-01  -1.0954876e-02  -5.0136926e-01  -4.8605391e-03  -3.3378082e-02  -4.8393028e-01  -6.1981850e-02  -2.0499045e-01  -5.8924629e-01   5.1431531e-01  -1.4004278e-02   1.6312764e-01   7.5337446e-01   3.0358704e-02  -2.3936672e-01  -3.4147989e-01   5.8839138e-01  -1.1407467e-01  -3.2257691e-01  -1.8518523e-01  -2.2175865e-01   5.5966880e-01   1.4687556e-01   4.2292480e-01   1.5610944e-01   2.3103276e-01   2.2420282e-01  -1.9427371e-01  -4.2372038e-01   5.3718774e-01  -2.2332272e-01   3.9877295e-01   9.6410925e-02  -2.0272861e-02   6.8692500e-01   1.0138504e-01  -4.2225587e-01   2.3990103e-01   2.9802743e-03  -2.3126282e-01  -3.3428339e-01  -1.4804853e-03   2.9659393e-01   1.1512722e-01  -4.1608744e-01  -1.0974274e-01   3.9796367e-01  -1.3431766e-01   2.5351679e-01   2.5260581e-01  -2.8201325e-01  -7.1972711e-02   1.6987335e-01   1.7140857e-01   2.0242092e-02  -2.8667538e-02  -2.5101575e-01   1.7687501e-01  -5.2062291e-01  -1.8699736e-01   9.4265362e-02  -3.0776435e-01  -2.4234845e-01  -2.0065785e-03  -1.9238812e-01   1.8524169e-01  -1.9551578e-01   7.7472862e-01   4.0931045e-01   2.9608272e-02   6.6984446e-01   5.7259274e-02  -2.7268212e-01   1.7555307e-01  -5.1593539e-01  -1.4561983e-01  -2.8840413e-01   5.9088158e-01   1.7049297e-02  -1.9432227e-01   2.2762119e-01  -4.8292524e-01   2.6258593e-01  -1.2862938e-01   4.2999722e-01   2.8277689e-01   1.7261220e-01  -1.6158133e-01  -9.4892910e-03  -3.6306366e-01   7.1404083e-02   3.6890636e-01  -3.6184133e-01  -4.2962398e-01   4.5618976e-01   1.2527458e-01   7.2862944e-02   1.9523796e-01  -3.4107747e-01  -1.5363009e-01  -1.6179433e-01   3.4416954e-01  -3.9448351e-01   4.0977388e-01   3.7307286e-01  -2.4876016e-01  -2.9908232e-01   2.1061379e-02   7.5515955e-01   2.9084235e-01  -1.2113879e-01   3.0585783e-01  -5.6416404e-01  -3.3599990e-01   2.6026705e-01   1.2034996e-01  -1.5688638e-01   4.8672939e-01  -2.8542310e-02   2.3593043e-01  -1.7990491e-02  -3.4329827e-01   2.9716210e-01   2.1044389e-01   1.0260805e-01   4.4104911e-01   9.9849779e-02   5.5506201e-01   3.4353068e-01   6.3721432e-01  -1.2717088e-01  -5.8397915e-01   5.5381126e-02   2.7793629e-01  -1.8954649e-02  -5.0722291e-01  -6.7556275e-01   1.3824111e-01   3.1220458e-01   3.7265534e-01  -4.5582350e-02  -8.5235223e-02  -1.4797589e-01
  -9.1101883e-02   5.4069655e-01   3.8065624e-01  -1.9541143e-01   1.4808565e-01  -2.5742442e-01   1.0542383e-01   1.5284237e-02   3.3082275e-01  -9.5148662e-02  -5.8516701e-01   0.0000000e+00  -9.3718142e-02  -2.8805902e-01  -1.5381430e-01   7.9075358e-02   2.3037557e-01  -3.5138478e-01   1.3966797e-02   2.2504522e-01  -3.6541753e-01  -4.1708385e-01   3.3676049e-01  -1.9209445e-01   2.1764863e-01   8.1568878e-02   3.0451737e-01  -3.2356363e-01   1.0763274e-01  -1.7931683e-01  -4.0596853e-02  -3.0891268e-01   2.0132916e-01   4.4221903e-02   9.1327978e-02  -2.2947988e-02   2.8949269e-01  -1.7371142e-01   9.8811237e-02   6.2459339e-01  -1.4835618e-01   3.2723987e-01   5.3186076e-01  -1.7748093e-01  -8.3215830e-02  -1.5403132e-01  -3.5757166e-01   3.0761182e-03   3.1254479e-01   5.1103838e-01  -5.7135772e-01   8.5471524e-02   3.8508218e-01   2.0181607e-01   1.3926316e-01  -4.0239590e-01  -1.4304686e-01  -5.3758606e-01  -2.7709845e-01  -7.5321867e-03   1.1109444e-01   1.0620677e-01   3.8292144e-01  -4.9865430e-01   1.5952617e-01  -2.9271791e-01   8.2715775e-02  -8.0673190e-02  -4.8349028e-01  -1.7509105e-01   3.1500298e-01  -3.3187181e-01  -1.7296284e-02   3.9765530e-01   3.2132882e-01  -1.0498967e-03  -1.5931261e-01   3.4562152e-02   4.8908336e-01   7.9836075e-02  -5.4517817e-01   4.0130758e-02  -1.3069672e-01   3.2995963e-02   3.4441851e-01   2.4026964e-02  -6.0136894e-02  -1.5000800e-01   9.3133356e-03  -9.9716614e-02   3.8903824e-01   5.2409858e-02   5.6079485e-01   7.1803849e-02  -2.4955536e-01   4.1673482e-01   1.3560884e-01  -1.4235937e-01   9.6560596e-02  -2.7382107e-01  -1.0930052e-02  -5.8224551e-01  -2.3606438e-01  -8.1958829e-02  -5.6576595e-01  -9.0157159e-02   2.4152499e-01  -1.8336427e-01   4.4460915e-01   3.3653217e-01   2.3811869e-01  -4.3406835e-01  -1.6217735e-01  -6.0529196e-02  -2.1093769e-01   4.4625340e-01  -3.7254793e-01   1.6509787e-01  -8.9087191e-02  -2.4273194e-01  -2.1585229e-01   4.5084201e-01   2.3961688e-01   2.5036844e-01  -1.6018238e-01  -2.3250649e-01   3.7817934e-01   3.4089911e-01  -3.3244611e-01  -2.2955988e-02  -4.6229544e-02  -2.0068888e-01   3.1894962e-01   1.4240924e-01   1.9528973e-01  -3.0818418e-01   3.2058831e-01  -2.4194635e-01  -2.9370125e-01  -5.5879779e-02   2.9960120e-03  -9.4502070e-02  -5.2480741e-01  -8.5596856e-02   5.1410137e-02  -2.6832128e-01   3.8517082e-01   4.0321542e-01  -1.9824522e-01  -3.1544225e-01  -6.0261564e-02  -3.1386342e-01   6.0275053e-02  -1.5411798e-01   3.3756501e-01   4.6238595e-02  -1.9873883e-01  -2.5888397e-01   1.5609650e-01  -4.9322262e-01  -8.5857971e-02  -4.2812025e-01  -1.4728803e-01  -3.6989751e-01  -2.1327528e-01   4.2464665e-01   1.2344489e-01  -5.9406692e-02   8.4634670e-02   4.6750789e-01   6.4264478e-01  -1.9256513e-01  -2.7501113e-01  -1.5053331e-01   6.4410975e-02   2.9592718e-01   8.2584156e-02
  -7.1843952e-03  -1.7710218e-01  -1.9519489e-01   1.2827535e-01   1.2798816e-01  -8.2899780e-02   5.8740423e-02   1.1645531e-01   3.5813964e-02   1.1093161e-01   4.8649108e-02  -9.3718142e-02   0.0000000e+00   3.6867877e-02   2.1252537e-01   1.3332679e-01  -2.7771163e-01   8.0811460e-02  -1.1404733e-01   2.1032382e-01  -5.8456464e-02   9.6155499e-02   1.0326474e-01  -2.1889663e-02   2.0761858e-01   1.5670535e-02   5.5458801e-02   1.7867037e-02   2.4886876e-03  -1.5391560e-01  -1.4612940e-02   1.0045598e-01  -4.2605968e-02   2.6122772e-02   2.3903695e-01   1.3459049e-01  -1.6466174e-01   2.7763555e-02  -4.1856692e-02  -1.4887821e-01   6.8500037e-02   6.1825156e-02   2.5405888e-01   1.2780532e-01   4.3551765e-01  -2.3016892e-01   9.4630527e-02  -1.6060753e-01   1.0813998e-01  -1.7377818e-01   2.1417062e-01   3.5160049e-02  -2.3951004e-01  -3.3915803e-02  -4.5139384e-02   1.4915237e-01  -4.1166780e-02   4.9671170e-02   2.0134789e-01   1.4797623e-01  -1.8481994e-01   2.7642533e-01   3.8910849e-02   1.0320534e-02  -7.1473804e-02   3.3557258e-01  -6.7744656e-02  -1.2601449e-01   1.3352188e-01  -2.0972784e-01  -2.0694908e-01   1.9155863e-01   1.0660541e-01  -1.5827449e-01  -5.8616176e-02   6.1501976e-02  -2.1835370e-01  -7.3581326e-02   6.2360083e-02  -2.4361753e-02   3.9897908e-02  -2.4970478e-02  -7.4787609e-02   6.4539026e-02  -2.9762317e-01   1.0786501e-01  -8.0152138e-02  -3.1571971e-02  -3.9234242e-04  -4.6331347e-02   1.3932629e-01  -1.2275248e-01   9.1588027e-02   1.1656022e-01   8.0936967e-02   2.9071787e-01   2.4783019e-01  -1.8071310e-01   2.7274669e-01   6.5035641e-02  -2.7723371e-01   1.6049328e-02   9.0876812e-03   1.0106458e-01   5.6369782e-02   1.1118541e-02  -1.8123139e-01  -8.0791125e-02   1.6176783e-01  -3.3026387e-02   8.2906434e-02   7.6910842e-02   1.8747056e-01  -9.6065825e-02  -1.5058886e-01  -2.8330616e-02   1.5354250e-01   5.2307699e-01  -1.4608484e-01   1.5194218e-01  -1.1906187e-02   2.3508425e-01  -1.5997354e-01  -2.2358501e-01  -6.5194236e-02  -2.7576534e-02   4.0444040e-01   7.4754252e-02   8.8929736e-02  -2.4431768e-01   4.1337944e-01   9.3036823e-02  -1.9080860e-01  -1.9803710e-01   1.4310508e-01   1.5231733e-03  -9.5375495e-02  -1.6663169e-01   8.0644002e-02   1.2230928e-01  -5.6434413e-02   4.3017184e-01   6.8879177e-02  -1.2640975e-01   3.9242044e-01  -4.1992500e-02  -9.5582994e-02  -2.2534905e-02   1.8704196e-01  -7.9401377e-02  -1.1500255e-01  -2.1063511e-02  -2.7830970e-02   5.7155015e-02  -2.7986536e-01   7.8944299e-03  -1.3450635e-01   4.4465283e-01  -2.6291781e-01   1.2513978e-01  -2.7503470e-01   8.6945716e-02  -1.8877771e-02   1.1581412e-01  -3.1653197e-02   7.6887822e-02   2.9885610e-01   8.0513277e-02  -9.7726854e-02  -1.1165554e-01   3.6316492e-02  -3.7074030e-02   8.4831762e-02  -1.3008212e-01  -4.0593698e-03  -6.3307061e-02   5.5932858e-02
   3.9436316e-01  -1.6931562e-01  -1.0346181e-01   2.9116760e-01  -7.4803777e-02   1.8032618e-01  -2.1704288e-01   6.7046365e-02  -3.0864216e-01  -4.4481132e-01   1.2521741e-01  -2.8805902e-01   3.6867877e-02   0.0000000e+00   3.3230412e-01   2.6263278e-01  -9.6061602e-02   4.3463138e-01   2.6045276e-01  -2.4988926e-01   2.0156005e-01   4.8996283e-01  -2.4840905e-01   2.5297898e-01   3.1001071e-01   1.0253404e-01  -1.9450645e-03   1.2694518e-01  -2.1523028e-01   5.2493826e-01   2.2945408e-01   3.5955971e-01   2.5087078e-01  -2.6051500e-01   7.3385325e-03  -5.4240744e-02  -2.1686489e-01   1.9333736e-01   1.3820082e-01  -1.7976414e-01   1.8910564e-01   1.1465784e-01  -3.3768774e-01   1.6461757e-01   2.6121271e-01   2.2042131e-01   7.1091627e-02  -1.0927513e-01  -1.0179413e-01  -2.0505509e-01   2.8766107e-01   2.2023243e-01  -1.8277715e-01   5.3332751e-02   3.8777338e-01   5.4230897e-03  -1.8345481e-02   4.1612215e-01   4.2688647e-01   4.9221784e-01   1.1249700e-01  -1.1807949e-01  -1.8626498e-01   5.5400438e-01   8.7356509e-02  -6.8274117e-02   1.6199863e-01  -1.5683744e-01   2.3823021e-01   5.3599440e-02  -2.4147759e-01   3.2457263e-01  -1.0898334e-02   1.1220029e-01  -4.0039653e-03   6.8262780e-02   1.8154635e-01   8.5600354e-02  -3.8396325e-01   8.7381904e-02   2.7127282e-02   1.5624907e-01  -4.4234367e-02   1.9360804e-01   2.7057795e-02   2.5400986e-02   2.5844598e-01   3.6625866e-01  -1.6621953e-01   2.4688100e-01  -1.5224458e-01   7.3999597e-02  -3.2775999e-01   1.4004534e-01   2.4247159e-01  -3.5569850e-01  -2.4017178e-03   1.6719610e-01   1.9010146e-01  -2.0995405e-01   2.2485759e-01   3.1436827e-01   3.9175514e-01   4.5570162e-01   3.7323244e-01   3.2261930e-01   2.5588568e-01   1.8916960e-01  -3.3977827e-01  -1.8035485e-01  -2.3126513e-01   4.9001040e-01   2.6051966e-01   3.5571319e-01   1.0517584e-01  -3.5326037e-01   1.2652649e-01   4.2816045e-02   5.4266601e-02   1.8309785e-01   2.8821737e-01  -3.1605640e-01  -1.3584383e-01  -7.0794145e-02   2.3700025e-01   5.0404339e-01   3.4644968e-02  -4.4710318e-02   2.0339351e-01   1.7554754e-02   7.1673376e-02  -1.3983870e-01   2.8737672e-01  -1.1474986e-01  -1.9555680e-01   1.5284001e-01   6.5258438e-02   5.5089614e-02   1.6132793e-01   8.5181822e-02   1.8350672e-01  -1.9302827e-01   1.5255380e-01  -6.2291659e-02   2.5269975e-01   4.5743408e-01  -2.2376428e-01  -6.5909410e-02  -1.7869384e-01   3.1228225e-02   1.1295162e-01   3.2537225e-02   2.5064120e-01  -5.3501762e-02  -2.1533756e-01   1.9116846e-01   1.8094407e-01   2.3835239e-01   5.0635540e-02   5.2966141e-02  -1.6152394e-01   9.9281949e-02  -1.9496794e-01   2.6208676e-01   3.1966835e-01  -2.8090044e-01  -1.9305811e-02   1.4697312e-02   2.3362390e-01  -2.5213156e-01  -3.6297619e-01   9.4849304e-02   1.9477240e-01   2.7460811e-03  -1.7732632e-03  -1.0312767e-01   1.5841366e-01
