   0.0000000e+00  -1.2732870e-01  -2.0391490e-01   1.8081721e-02  -8.5025859e-02   1.0660394e-02   6.9364509e-02   2.3543329e-01  -7.2561285e-02  -1.3206148e-01  -2.4105409e-01   9.2150433e-02   1.5872765e-01   2.2359254e-01   3.1673862e-01  -2.8675388e-01  -3.0226771e-02   1.8818623e-02   2.2846403e-01  -1.4619639e-01  -1.8823327e-01   1.3174546e-01   2.3845303e-01   6.8531277e-01  -1.4754773e-01   3.1115713e-01  -2.3519882e-01   3.2424531e-01  -8.2672212e-02  -2.2497053e-01   1.5646795e-01  -5.3372539e-02  -7.2659473e-02   2.6748224e-02   2.4321536e-01  -3.3304662e-01  -1.6906077e-01  -2.2407188e-01  -3.0109255e-01  -1.7002615e-01   2.0057477e-01  -2.8832964e-02  -1.5591193e-02   2.2348433e-01  -1.5930805e-01   7.5415542e-02  -2.6115781e-01  -1.5873224e-02   1.7057696e-02  -2.5581983e-01   6.4400989e-02   2.9745478e-01  -1.6249452e-01   1.3098288e-01   3.4233231e-01   3.0390459e-01   1.0342658e-01   8.4168164e-02   2.4867351e-01   1.1723347e-01  -2.5196515e-01   8.9028320e-02  -1.1751380e-02  -1.6689668e-01  -2.6088501e-01  -6.8190718e-02   6.8599491e-02   2.0300353e-02  -1.0211092e-01  -2.2430403e-01  -1.7923166e-01  -1.9617635e-01  -6.1803656e-02   6.6410007e-01   2.6578628e-01   5.8890925e-04  -1.4290357e-01   2.6040446e-01  -5.8774202e-02   2.3754382e-01   3.9624606e-01  -6.2928585e-02   3.2717360e-02   1.5193948e-01   1.3990836e-01   2.0425025e-01  -1.5594732e-01   5.5805144e-01   1.3404552e-01   7.6786295e-01  -1.1505015e-01  -2.5359220e-01  -1.0175916e-01  -8.4364622e-02  -1.0163728e-02   1.4127782e-01   4.3110401e-03   1.9980867e-01  -6.1174400e-02  -2.8590780e-02   3.9044985e-01   2.4298015e-01   1.3354995e-01  -8.0650816e-02  -2.9130237e-02  -1.1430562e-01   1.4507753e-01   1.2299473e-01  -4.0479427e-02  -1.6241268e-01   5.3844920e-02  -3.3847248e-02  -1.7188399e-01   7.1789917e-01   3.7437673e-01  -1.0514408e-01   1.7426842e-01  -1.6262937e-02  -6.0116711e-02  -2.9890903e-02   1.3302762e-01  -6.7220114e-02   2.5942715e-02  -2.9948022e-01   2.8462273e-01   3.7124351e-01  -2.5336463e-02   9.0613130e-02   3.0373058e-02  -3.2694388e-01  -2.2750200e-01  -1.2398914e-01   3.1633883e-01  -2.0599389e-01   9.2921160e-02   3.8219442e-01   2.9052143e-01   2.6938569e-01   2.0179455e-01   6.4144621e-01   7.0099275e-01   1.3631989e-01   6.6783701e-02  -1.4935010e-01   9.3931694e-02  -1.4374321e-01  -7.9752466e-02  -2.7163795e-01   7.4094904e-02  -2.3119972e-01   4.4737622e-01   2.2039187e-01   3.2553617e-01  -3.8119678e-01  -2.5087672e-01   2.9804772e-01   2.6690794e-01   1.7931533e-01  -1.8684817e-01   2.2245733e-01  -1.7799216e-01   8.3705820e-02  -3.1652964e-01  -8.2900416e-02  -1.6795219e-02  -5.1546432e-03  -9.8689053e-02   3.2772294e-01   2.6832273e-01   5.3941147e-02  -1.9698849e-01   7.2166905e-02  -1.3900119e-01  -3.9728894e-01   2.1261854e-02   1.5945305e-02   2.3443271e-02
  -1.2732870e-01   0.0000000e+00   1.2468886e-01  -1.7365601e-01   2.8303948e-01  -2.5526228e-01  -2.2547077e-01  -1.5966210e-01   7.3010276e-01   3.8519030e-03  -4.4462309e-01   4.0744474e-01  -2.0735636e-01  -2.1806634e-01  -3.4566657e-01  -3.4635029e-01   1.4533096e-01  -4.8606376e-01  -3.6324784e-02   3.0298053e-01  -1.4233213e-01  -2.2011936e-01  -3.6644471e-02  -1.6841826e-01   5.5400854e-02  -1.9651518e-02   1.9201746e-01  -4.4939753e-01   4.6831302e-02  -1.3442217e-01   4.4443331e-02  -3.8828720e-01  -1.3144422e-01   5.2684955e-02   2.0106229e-01   7.8799423e-02   2.0469266e-01  -2.7887423e-01  -2.7347782e-01   3.7134450e-01  -1.2994598e-01  -1.7262567e-01   4.8058867e-01  -4.2028847e-01   6.8280070e-02  -2.8427490e-01  -3.7473941e-01  -8.8161227e-02  -5.5854228e-02   2.1328887e-01  -4.2024790e-01  -5.9372831e-02   8.1170459e-01   8.6002560e-02   1.4333375e-01  -4.2200759e-01  -3.3614420e-01  -1.3717929e-01  -2.3780150e-01  -2.4313723e-01  -3.1557625e-01   1.5863411e-01   6.6914997e-01   4.0017907e-01   4.8488212e-01  -2.8692171e-01   1.9902558e-02  -2.1627048e-01  -4.1302862e-01  -7.0339504e-02   7.4289419e-01  -6.6844192e-02  -9.3984099e-02   1.3900046e-01  -1.1096488e-01  -1.4384869e-01  -2.5017235e-01  -1.8335175e-01   5.5121973e-01   3.7599141e-02  -2.7035012e-01  -2.3836933e-01   1.9677465e-01   7.8636499e-02   1.1772052e-01  -4.5761696e-01   6.9282674e-01  -2.5787038e-01   3.1433297e-01  -2.5922770e-01   5.3246336e-01  -2.3766253e-01   5.0694231e-02   2.1725187e-01  -2.9026430e-01   3.3007736e-01   6.6166370e-02   3.8572065e-02   3.9836020e-02   1.5494022e-01   8.5034388e-03  -3.6387015e-01  -3.4543566e-01   6.4599568e-01  -4.1696822e-01  -2.9238504e-01   3.3005939e-02  -1.2699764e-01  -2.3483028e-01  -1.1993114e-01   1.2996998e-01  -2.7391779e-01  -1.8696754e-01  -3.5671486e-01  -3.7431787e-01   7.1331592e-01  -2.1943110e-01  -1.6704638e-01  -2.8808285e-01  -3.2824850e-01  -4.2228572e-01   4.3705297e-01   1.3747344e-01   1.7814698e-01  -1.8502752e-01  -3.3430192e-01  -3.9069315e-01   2.0197389e-01  -3.0832638e-01   1.4577367e-01  -3.0256570e-01   1.9920274e-01   5.5160785e-01   2.7286469e-01   2.0197671e-01  -2.8253814e-01  -1.6633114e-02  -2.5147517e-01  -2.0742923e-01  -3.6698183e-01  -4.5261325e-02  -1.2879314e-01  -3.7222964e-01  -4.3055936e-01  -1.4990847e-01  -3.1646700e-01   2.6742972e-01  -9.2518273e-02  -2.9971046e-01   3.7828973e-01  -3.4823529e-01  -8.6233676e-02  -2.0443664e-01   2.9527649e-01   6.0855256e-01  -1.7963904e-01  -3.4060826e-01  -2.9609615e-01  -2.0574060e-01  -2.8734638e-01  -4.9820542e-02  -3.4013641e-01   1.1401259e-01  -4.8713259e-01  -1.8035231e-01   5.5392825e-01   1.4210544e-01  -2.7973482e-01  -3.0906045e-01   5.0749516e-01   3.4943927e-01  -1.4974155e-01  -2.7499203e-01  -2.0327659e-01  -2.5590480e-01  -1.3406982e-02  -1.5538557e-01
  -2.0391490e-01   1.2468886e-01   0.0000000e+00   9.3989535e-02   4.5498745e-01   1.0981576e-01  -4.4991748e-01   1.6164361e-01   1.7044083e-01  -8.2424224e-02  -2.9427539e-01   3.3245611e-02  -5.5888682e-02  -3.4086065e-01  -5.4146248e-01  -2.6817539e-01   8.3499802e-01  -2.1413851e-01   1.3940493e-01   4.5861847e-01  -3.4270374e-01   1.1986702e-01  -3.3153280e-01  -3.0563668e-01   1.1028003e-01   1.5449822e-01   3.6533808e-01  -6.9644300e-02   5.8723995e-02  -1.6307651e-01  -3.7572205e-01  -1.1664096e-03   8.9645458e-02  -2.1187902e-01  -2.3949048e-01   3.6571294e-03  -2.6347986e-01   1.8093217e-01  -1.4370037e-01   5.6188582e-01  -4.2031000e-02   1.0749103e-01   2.5794663e-01  -3.4037220e-01  -3.1806765e-01   3.9051658e-01  -1.8210012e-03  -5.0961908e-01  -1.4257090e-01   7.2549566e-01  -2.4242706e-01   8.0082332e-02   1.2951129e-01   4.4673571e-01   6.7595090e-02  -2.9383117e-01  -3.3913873e-02   2.9247459e-01   4.6684941e-02  -3.4262975e-01   3.8796498e-01  -4.6095607e-02   2.7630046e-01  -3.2108690e-01  -1.7121908e-01  -3.6233498e-01   2.1867710e-01   9.9160917e-04   1.4048514e-01   6.3365062e-01   1.9305218e-01  -4.9060450e-02  -1.6993043e-01   6.4410118e-02  -5.5032158e-02   9.2395256e-02   3.7871224e-01  -3.1334073e-02   2.6413220e-01  -2.2416517e-02  -2.8381973e-01  -2.8734778e-01  -5.6225085e-02   2.0948740e-01   3.5355138e-01  -3.0495471e-01   7.9871385e-02  -1.7235428e-01   1.5151539e-01  -2.0087165e-01   3.9233365e-01   5.4147244e-01  -9.2798943e-03   1.3685203e-01   3.1450946e-01   5.3233257e-01   9.1255981e-02   1.0730906e-01  -6.3904498e-02  -1.8617351e-01   1.1429097e-01  -5.4659902e-01  -9.6964207e-02   3.6813001e-02  -2.3161780e-01   2.0861960e-01   4.3758197e-01   1.4847202e-01  -1.7838186e-01  -1.8534108e-01  -1.0818966e-01   9.6598095e-02   7.3218545e-02   1.0146349e-01  -2.7543227e-02   1.5442685e-01  -5.2689541e-02  -1.9485601e-01   2.5414832e-03   8.8754291e-02   2.6484297e-01   4.6780051e-01   2.9036833e-01  -2.0508311e-01   3.4756014e-01  -4.2108097e-01  -3.6917086e-01   1.4578132e-01   1.9495668e-01   7.2269776e-01  -2.1562190e-01  -1.3621736e-01   1.9428042e-01  -1.0019612e-01   3.4001290e-01   3.2439508e-02   1.3611066e-01  -3.7938626e-01   1.3417520e-01   2.2071253e-02  -8.8741234e-02   1.5887047e-01  -9.0661947e-02   6.6111081e-02  -4.7786233e-01  -4.7329654e-01   1.0767875e-01  -2.0539101e-01  -3.6280151e-01  -1.4728304e-01   5.6027124e-03   2.2127412e-02   1.7390713e-01  -1.6765396e-01   5.9698769e-01  -9.5657857e-02   3.1341853e-01  -2.6030402e-01   5.8218592e-01  -3.7488205e-02   1.2572855e-01  -1.4019834e-01  -1.6498075e-01  -1.6561316e-01   3.9219413e-01   3.2514609e-02  -3.1286871e-01   9.6105168e-02   1.7870736e-01   3.0400052e-01   1.5177516e-02   6.1967028e-02  -7.4009577e-02   1.5520733e-01  -2.7659056e-02   2.9254260e-01   2.8854595e-01
   1.8081721e-02  -1.7365601e-01   9.3989535e-02   0.0000000e+00   1.8454530e-01   2.4624672e-01  -7.2104168e-02   2.3814521e-01   9.5778334e-02  -7.5991771e-02   2.9207529e-01  -7.2162837e-02   4.8416221e-01   1.1694522e-01   1.6760161e-02   9.3607991e-02   2.3932169e-02   4.1539489e-01   1.8258753e-01   5.9609887e-02   1.6041732e-01   3.4554118e-01   1.9481598e-02  -1.5980869e-01   2.0347505e-01   1.5847586e-01   9.6745022e-02   1.7373362e-01   1.3552484e-01   3.7312105e-01  -5.0873080e-02   4.4977593e-01   1.0966187e-01  -6.0911274e-02  -1.1564309e-01   2.8314686e-01  -1.4268930e-02  -1.7990572e-01   9.9036826e-02  -1.0710664e-01   5.4671699e-01  -3.8367612e-02  -1.0967262e-01   1.5038607e-01   5.8394714e-02   9.9728827e-02   4.8963688e-01   7.5620104e-03   6.8728683e-02  -2.1322108e-01   4.4637548e-01   1.7260569e-01  -1.5507004e-01   5.1931741e-03   7.8895387e-02   2.0891189e-01   1.7832871e-01   3.6317324e-01   6.4267140e-01   8.7169639e-02  -2.4945246e-02  -2.1417133e-03   9.0036678e-02  -3.9081341e-02   5.8410447e-02   2.0800748e-01   1.9379446e-01  -3.4461248e-01   5.0759294e-01  -1.0926812e-02  -1.4792430e-01   2.1837900e-01   4.0268657e-01  -4.1065986e-02  -4.1165560e-02   1.7248897e-01  -1.1920814e-01   2.7485235e-01  -1.3921910e-01   1.6827752e-01   1.2626433e-01   2.4869767e-01  -1.5164592e-01   1.3416937e-01  -1.6903357e-01   2.4828651e-01  -2.0390494e-01   2.8884854e-01  -1.9030576e-02  -6.2992730e-02  -2.8414111e-02  -4.9362688e-02  -1.5640935e-02   2.4644479e-01  -1.2796815e-01  -1.7027806e-01   2.8738158e-02   1.1528191e-01  -8.6305451e-02   5.0247487e-02  -8.1529242e-02   6.9650814e-02   3.9768119e-01  -4.5946598e-02   4.6938362e-01   5.5725158e-01   1.2167836e-01   3.5544222e-01  -2.5551089e-02   3.5472999e-01  -4.3257520e-02   5.0902193e-01  -8.8285726e-03   1.9231281e-02   3.1071063e-02  -1.5365752e-01   2.7938907e-01   4.7937151e-01   2.1180734e-02   6.4576317e-01   1.7836473e-01   4.7102192e-02   2.8446244e-01   1.4018525e-01   8.6610314e-02   1.6900654e-01   1.8100884e-01  -3.7436370e-02   6.1549407e-01  -1.0791945e-01   1.6047667e-01   6.7980824e-02   1.6128119e-01  -5.0472240e-02   3.0594734e-01   3.2423579e-01   2.2143219e-01  -9.7504823e-03   2.9683728e-01   5.8980136e-03   8.1722237e-03   1.2155392e-03   4.2654046e-01  -1.9815966e-02  -7.6027893e-02   2.8603740e-01  -2.4409289e-01   2.8421110e-01   1.5774972e-01  -1.1190111e-01  -2.1925071e-02   2.0023200e-01  -1.8729874e-02  -8.7017607e-02  -1.2853766e-01  -1.2704855e-02   1.0085395e-01   5.8601660e-01   4.0232814e-02   3.1431826e-01  -2.1838877e-01   4.0916840e-01   1.2952434e-01   5.2908483e-01   3.9610303e-01  -7.9357211e-02  -3.3715705e-02   3.2042345e-02   8.5849594e-02   1.8098727e-02   1.3486163e-02  -2.7882101e-01   4.3335842e-01   2.0278473e-01   2.0348672e-01   1.6318720e-01   4.3514077e-01
  -8.5025859e-02   2.8303948e-01   4.5498745e-01   1.8454530e-01   0.0000000e+00  -1.2297338e-01  -4.7506058e-01  -1.2816991e-01   3.5508341e-01   9.2297016e-02  -3.8341980e-01  -7.4567153e-02   1.2531585e-01  -2.6194906e-01  -5.5363164e-01  -3.0279579e-01   3.8349411e-01  -1.1873378e-01  -1.7058322e-02   7.5614877e-01  -8.3954132e-02   2.6947726e-02  -2.5370757e-01  -1.8067165e-01   6.4955746e-02  -3.4546427e-02   6.0890863e-01  -4.7399563e-01  -1.9314205e-03  -1.6115402e-01  -2.8233870e-01  -1.2213862e-01   1.6369612e-01  -2.6536685e-01  -1.6038550e-01   3.9265326e-01   1.0994727e-01  -2.4488262e-01  -1.2629985e-01   5.5410554e-01   1.1192158e-01   3.2506687e-02   3.2909430e-01  -5.1815724e-01   2.7169339e-02  -1.2599317e-01   1.2732378e-01  -4.3737072e-01   1.0771194e-01   4.9129704e-01  -2.3496978e-01  -1.1561059e-01   3.5947911e-01   2.6903147e-01   5.7512328e-02  -5.6940235e-01  -2.6102290e-01   7.8010125e-02   1.3420590e-01  -4.9599146e-01  -1.0209558e-01   2.0032161e-01   3.7234062e-01  -1.7880759e-02   2.6007620e-01  -2.4308172e-01   2.7925373e-01  -4.0253548e-02   5.5661629e-02   9.6948407e-02   3.3573581e-01  -4.6873396e-02   7.1551521e-02  -1.0128538e-01  -4.9986608e-02  -5.8264201e-02  -1.5039076e-01  -2.1541474e-01   5.7282470e-01   1.9861481e-01  -4.5932996e-01  -2.9438935e-01  -1.0176720e-02   4.3345697e-03  -4.7345414e-02  -3.9314297e-01   2.0325847e-01  -1.4502834e-01   3.1436160e-01  -1.5807260e-01   7.9005031e-01  -4.0900813e-02   1.0261020e-01   1.9386423e-01  -1.7115376e-01   5.8754470e-01   1.1875817e-01  -9.3001593e-03   5.9720363e-02  -4.4291537e-02  -1.4918088e-01  -6.8005987e-01  -2.4614869e-01   2.0574845e-01  -3.2175717e-01   4.6991236e-02   3.7142862e-01   7.9024544e-02  -1.8296370e-01  -4.9622321e-02  -1.6670973e-02  -1.0732070e-01   3.5677687e-03  -1.3518423e-01  -5.4798868e-01   5.9038411e-01  -2.9096294e-01   8.1024661e-02  -4.4669400e-01   3.4373175e-02  -1.5875935e-01   7.8829465e-01   2.7121992e-01   2.1987742e-01   3.7259063e-02  -4.5246835e-01  -2.4964413e-01   2.1108493e-01   2.7021703e-02   2.8862588e-01  -8.4636750e-02   2.4276851e-01   1.7884494e-01  -1.1222286e-01   2.6991384e-01  -1.1589195e-01   1.0050663e-01  -6.4000807e-01   9.7885247e-03  -2.5668135e-02  -1.6197457e-01   1.5294803e-01  -3.1229726e-01  -4.7720271e-01  -5.1015882e-01  -3.4047110e-01  -4.8758336e-02   1.3747438e-01  -3.7826077e-01   1.0471890e-01  -3.2447374e-01  -2.1923706e-01  -1.2134159e-01   2.0796988e-01   5.7646695e-01   4.0326711e-02  -1.3041241e-01  -1.5692946e-01   1.1572669e-01  -2.0834532e-01  -3.0387893e-02  -4.0937566e-01   1.8542870e-01  -2.3977860e-01   7.6530033e-02   5.0828322e-01   3.5000804e-02  -3.3131257e-01  -5.4023383e-02   6.2337635e-01   3.2774238e-01  -1.0579570e-01   7.0733365e-03  -1.4053684e-01   5.4324088e-04   1.4632648e-01   1.2395721e-01
   1.0660394e-02  -2.5526228e-01   1.0981576e-01   2.4624672e-01  -1.2297338e-01   0.0000000e+00   4.1574209e-01   3.4393966e-02  -1.6187535e-01   2.5602069e-01   1.7414611e-01   5.1281360e-02  -1.0947344e-01   1.6752510e-01   1.6723514e-01   2.1947945e-01   7.3002892e-02   3.1762452e-01   1.4242361e-01  -4.3606160e-02   2.7447388e-01   1.9369180e-01   1.2175794e-01  -1.9182737e-01  -1.1557423e-01   2.6429587e-01   7.4134381e-02   2.7362171e-01   6.6048194e-02   2.3452593e-01   6.3226737e-04   3.7253488e-01  -2.1362682e-01   2.7521188e-01   1.3802924e-01   6.5955973e-02   1.8418647e-02  -1.0951557e-01   1.2782212e-02   1.1213558e-01   6.6752440e-02  -2.7817349e-01  -1.7203046e-01   1.1272299e-01   1.8502610e-03   1.9597255e-01   2.5098032e-01   1.8586961e-01  -2.6395562e-02  -6.3851324e-02   2.6665920e-01   2.9054953e-02  -1.4760672e-01   4.1221081e-02  -4.5402078e-03   4.1653012e-01   3.4034720e-01   1.9948548e-01   1.6690626e-01   1.9475626e-01   7.4523861e-02   3.3205475e-02  -2.2973640e-01  -2.1850345e-01  -2.1457579e-01   3.8865073e-01   3.4994548e-01   1.2352841e-02   2.7082840e-01   2.2607781e-01  -7.8930364e-02   9.5137792e-02   1.0057126e-01  -3.1153882e-02  -8.4688167e-02  -3.2380940e-02  -3.1699109e-03   2.0777591e-01  -1.5140256e-01  -1.1431986e-01   3.3284452e-01   1.1805065e-01   1.6833278e-01   1.1544933e-01  -6.0175916e-02   1.8848413e-01  -4.4272559e-02   1.5713800e-01  -2.1477986e-01  -4.3993938e-02  -2.9141889e-01   5.8456486e-02   3.2277809e-01   1.1156264e-01   9.2328504e-02  -1.8449100e-01   2.1650238e-02   1.6456262e-01   8.7469046e-02  -7.6002194e-02   4.4048106e-02   2.1042148e-01   2.0810741e-01  -7.0707616e-02   2.8159960e-01   3.1248702e-01  -1.1199117e-01   3.2392648e-01   2.4454995e-01   1.9855314e-01   3.7862155e-01   3.3300885e-01   1.4062191e-01   1.1586110e-01   2.8679479e-01  -3.7548208e-01   6.4675505e-02   6.5613520e-02   9.0727730e-02   4.6483606e-01   7.1281408e-02  -1.2825908e-01   2.1000939e-02   1.0149852e-01   1.3316221e-02   1.4657658e-01   2.4224201e-01  -3.5249322e-01   1.8278991e-01   1.1870678e-01  -5.0514912e-02   1.2572121e-01  -9.5497064e-02   9.7920059e-02   1.0976514e-01   5.2187415e-03  -1.9373867e-01   9.8031307e-02  -9.1999767e-02   1.6155239e-01   5.4788421e-02  -3.5323370e-01   3.0422578e-01   3.6807648e-01   1.5165365e-01   1.1738812e-01   2.3202948e-01   1.1061550e-01   3.8917078e-01  -1.5674653e-02   1.1447800e-01   4.7316891e-02   1.1991679e-01  -9.9355827e-02  -4.7693012e-02  -9.9130555e-02   1.9575070e-01   1.7468093e-01   4.9046833e-02   1.2228751e-01   4.0706273e-02   1.8708086e-01   7.5597656e-02   2.3304327e-01   4.7891284e-01  -2.4297553e-01   4.7110064e-03   1.4137389e-01   1.4169533e-01  -1.4102323e-01  -3.1566879e-02  -3.0214399e-01   1.1745188e-01   4.3652715e-01   2.1301337e-01  -1.1931012e-01   3.4976459e-01
   6.9364509e-02  -2.2547077e-01  -4.4991748e-01  -7.2104168e-02  -4.7506058e-01   4.1574209e-01   0.0000000e+00  -3.6269379e-01  -2.5100573e-01   4.1617372e-01   3.4853200e-01   2.5980302e-01  -8.7656498e-02   3.5219053e-01   6.1942213e-01   2.6089802e-01  -4.7726805e-01   2.1664456e-01  -3.0554270e-01  -3.5658484e-01   3.8223978e-01  -2.4036134e-01   3.6427461e-01   3.1502877e-02  -2.0649246e-01  -1.7186397e-01  -2.8303992e-01   3.6140589e-01  -1.3862694e-01   1.1186164e-01   3.4136207e-01   9.9517351e-02  -2.5952266e-01   6.2651118e-01   4.4329186e-01   1.2692320e-01   2.0904986e-01  -7.7838093e-03   6.6689738e-02  -1.6576570e-01   2.7009492e-02  -3.2483812e-01  -2.2966344e-01   1.2019822e-01   3.1714621e-01  -1.3483038e-01   1.0000920e-01   7.2046658e-01   9.9568626e-02  -4.5147900e-01   3.7424918e-01  -2.9777400e-01  -8.3815006e-02  -1.9662373e-01  -1.7019490e-03   4.0732088e-01   3.8172613e-02  -1.8395478e-01  -1.0823891e-01   4.7211301e-01  -1.7391749e-01   8.9689923e-02  -4.3598524e-01   1.4064767e-01   4.5896661e-02   5.1795568e-01  -2.5251136e-01   2.7444046e-02  -1.7041184e-01  -5.1518102e-02   5.2037167e-02  -9.3727629e-02   1.7398603e-01   1.8261039e-02  -1.9229186e-01  -3.5360221e-01  -2.3025333e-01   3.3818222e-02  -1.7262448e-01  -3.3337870e-01   4.1805644e-01   3.3040962e-01   3.0008667e-01  -3.7715174e-01  -1.7326901e-01   1.8836540e-01   3.1043878e-02   1.2903814e-01  -2.3697359e-01   6.2305321e-02  -4.8928111e-01  -2.7491663e-01   4.2095471e-01   3.8901753e-02  -3.2965900e-02  -4.9811958e-01  -1.5691783e-01  -2.6170375e-01   8.2625267e-02   4.0924246e-02  -3.8316599e-02   6.5354482e-01   1.7507581e-02  -8.0547652e-02   2.2517703e-01   6.1080301e-04  -4.5216374e-01  -2.9935352e-01   4.4363927e-01   1.3813482e-01   5.5611795e-01  -5.7932568e-02  -6.9063137e-02  -1.6952567e-02   4.2186632e-01  -2.9544257e-01  -3.0946364e-02   1.7495747e-01   6.0529732e-03   1.8754610e-01  -1.4948407e-01  -3.8284685e-01  -1.7189580e-01   1.4776893e-01  -2.1492430e-01   4.5774702e-01   6.3555560e-01  -4.2973681e-01  -1.5959003e-01  -3.0751161e-01   1.4053236e-01   4.0777731e-01  -2.8397130e-01   9.2802026e-02  -2.0224772e-01  -2.4667372e-01  -4.0697461e-01   3.6112659e-01  -1.8516568e-01   1.3641727e-01  -4.6767322e-02  -2.9341971e-01   2.8363787e-02   3.1728039e-01   6.0705516e-01   4.0957558e-01   4.7452558e-01   5.4401715e-02   4.5819119e-01   1.9023833e-01   1.7868852e-01  -1.4154975e-01  -1.1385801e-01   1.0989698e-01  -3.0044931e-01  -5.7929945e-02  -1.4519377e-01   1.6411028e-01  -3.6383881e-01  -7.7117508e-02  -1.1676875e-01  -7.4940480e-03   9.5369179e-02   7.3076164e-02  -7.0699923e-02  -1.4911184e-01   3.6956278e-01  -1.4342327e-02  -1.7689959e-01  -2.9312569e-01   1.3083048e-01  -3.4655546e-01   6.0456773e-02   5.7330135e-02  -9.9726653e-04  -2.1339572e-01  -1.6094623e-01
   2.3543329e-01  -1.5966210e-01   1.6164361e-01   2.3814521e-01  -1.2816991e-01   3.4393966e-02  -3.6269379e-01   0.0000000e+00   3.0760152e-02  -3.6130283e-01  -8.9976882e-02  -2.2911248e-01   2.4346394e-01  -1.4076179e-01  -1.4666456e-01  -2.2914859e-01   2.4554935e-01   1.9274760e-02   5.5019306e-01  -7.8033318e-02  -2.5670766e-01   5.5300613e-01  -8.0271317e-02   1.5723650e-01   7.5967079e-02   5.8360125e-01  -2.2003732e-01   2.2410623e-01   1.5373267e-01  -5.8337074e-02  -2.2941803e-01   1.4227395e-01   8.6253915e-02  -4.1665266e-01  -1.9510984e-01  -4.8057672e-01  -2.2546226e-01   7.3796548e-02  -2.9536452e-01  -2.5606272e-01   1.5150633e-01   5.4347617e-02  -8.6022184e-02   4.3047325e-01  -4.3310515e-01   4.3101336e-01  -1.6508572e-01  -3.5289601e-01  -2.4002031e-01  -1.1790396e-01  -9.3684010e-02   7.5086567e-01  -3.5382082e-01   2.9895776e-01   6.4684720e-02   2.3562031e-01   3.3354717e-01   4.2632731e-01   2.4546397e-01  -8.6487648e-02   1.8760342e-01  -3.1931685e-01   1.9196847e-01  -3.0262014e-01  -4.4642164e-01  -2.2363396e-01   3.7482305e-01  -7.6233375e-02   3.2679747e-01   9.0821014e-02  -3.0608688e-01   9.7189263e-02  -3.1393309e-01   2.5699528e-01   2.1724275e-01   3.6602405e-01   2.9030551e-01   4.7965847e-01  -3.1219395e-01   2.4822367e-01   3.8451535e-01  -2.7766034e-01  -1.6668213e-01   6.8204340e-01   7.4965815e-02   2.0807107e-01  -3.1530341e-01   2.1436110e-01   1.4810003e-01   1.7315149e-01  -8.1560445e-02   2.6192061e-01  -4.2842346e-01  -4.6635079e-02   1.5881137e-01   2.1035396e-01   7.0011540e-02   6.3812516e-01  -2.0981437e-01   3.2428681e-02   2.9196474e-01  -8.1653308e-02   4.6705886e-01  -1.2894627e-01   2.2103045e-01   1.5091344e-01   3.2450666e-01   6.8768591e-01  -4.1344222e-01  -3.7361423e-02  -3.3183157e-01   2.6194808e-01   8.2371853e-02   3.2739200e-01   1.7029687e-01  -2.7546587e-01   3.7537854e-01  -1.3617647e-01   2.5701972e-01   1.0376882e-01   3.9726845e-01  -4.6303982e-02   2.5199421e-01  -4.0546756e-01   4.7364415e-01  -1.7215302e-02  -3.2503489e-01   3.1393374e-01   4.7173972e-01   2.3951730e-02  -2.6810028e-01  -5.3669886e-01   2.2800186e-01  -1.8755294e-01   2.9511641e-01   6.9335894e-01   3.8793982e-01   2.5272939e-01   4.0584535e-01  -2.6402351e-02   2.8236354e-01   2.4000833e-01   4.6036741e-01  -4.7898059e-02  -3.1723247e-01  -1.6634275e-01  -4.3940983e-01  -1.9418973e-01  -9.4696477e-02  -2.9851359e-01   1.6061967e-01   7.5127516e-01   2.6206018e-01  -4.0951913e-01  -1.9056171e-01  -8.0978650e-02   3.7459881e-01   7.4946800e-02   2.6455617e-01   5.2317672e-01   5.9339893e-02   5.1045999e-01  -3.6436443e-01   1.7091435e-01   3.2383041e-01  -3.3325178e-01  -4.1605632e-01   4.6157836e-01   1.9390632e-01  -8.6248822e-02  -4.3499030e-01   1.5323690e-01  -3.7661822e-02  -1.6414963e-02   4.6470376e-02   3.6007559e-01   3.7867524e-01
  -7.2561285e-02   7.3010276e-01   1.7044083e-01   9.5778334e-02   3.5508341e-01  -1.6187535e-01  -2.5100573e-01   3.0760152e-02   0.0000000e+00   5.7810269e-02  -4.2369748e-01   2.2298664e-01   3.0476220e-02  -2.8376521e-01  -3.2309573e-01  -3.1928268e-01   1.4160619e-01  -3.3676357e-01   1.0416612e-01   3.0737143e-01  -1.3488929e-01  -6.8581809e-02  -4.5378592e-02  -1.2613474e-01   1.3293233e-01   1.3229327e-01   1.5307637e-01  -4.2421702e-01  -1.0535243e-03  -1.3972381e-01  -5.5791721e-02  -2.6084853e-01  -3.3337188e-02  -1.6171563e-02   1.0329354e-01   1.3257561e-01   1.2622244e-02  -2.0301710e-01  -2.8049389e-01   2.4981319e-01   4.6750156e-02  -1.3664383e-01   4.2261004e-01  -3.3034700e-01   6.6550676e-02  -1.1051992e-01  -2.2428435e-01  -1.8636981e-01  -1.4741352e-01   9.5614828e-02  -3.1131494e-01   1.4759620e-01   5.8736133e-01   4.0968620e-02   9.7239614e-02  -3.5183057e-01  -2.0400773e-01   2.9980579e-02   2.1035505e-02  -1.8479655e-01  -2.5850287e-01   1.8595198e-04   7.1000901e-01   3.5558318e-01   4.5076092e-01  -1.1048915e-01   1.6500084e-01  -1.7255785e-01  -2.7960729e-01   2.7340703e-02   5.0706517e-01  -6.1779918e-02   1.3438884e-02   8.9139399e-02  -6.9913594e-02  -1.4173891e-01  -2.0189162e-01  -4.8448152e-02   4.1253321e-01   7.2919474e-02  -1.9200064e-01  -2.4484806e-01   6.2176259e-02   1.8370465e-01  -6.5781752e-02  -4.5478585e-01   5.3827732e-01  -1.9149698e-01   2.8240585e-01  -1.9491011e-01   4.7129908e-01  -1.8670618e-01  -2.1207582e-02   4.7333265e-01  -3.0261803e-01   2.7257402e-01   4.6480050e-02   1.6574540e-01   9.3971768e-02   1.0931470e-01  -3.1228154e-02  -3.2682703e-01  -2.2094583e-01   6.3876331e-01  -2.1473639e-01  -6.5476891e-02   4.5297715e-03   5.2794541e-02  -3.4433424e-01  -9.9646576e-02   1.3804690e-02  -1.7162633e-01  -1.0691881e-01  -2.5104338e-01  -3.2991608e-01   5.0625980e-01  -1.2230171e-01  -2.8907964e-02  -3.0324269e-01  -9.4056346e-02  -1.8480270e-01   4.0190419e-01   2.0538569e-01   1.7189056e-01   1.3601554e-02  -2.8020950e-01  -3.4710325e-01   1.9163730e-01  -1.6807071e-02   1.6864958e-01  -1.2825772e-01   1.3141066e-01   5.5631515e-01   1.9975690e-01   4.2647821e-01  -1.0064877e-01   3.9619808e-02  -2.5519811e-01  -6.1390631e-02  -2.1633514e-01  -7.5355688e-02   1.8542958e-02  -1.9438228e-01  -4.0889750e-01  -2.4731471e-01  -2.2701036e-01   4.2082766e-02  -4.1372197e-02  -2.6397892e-01   2.8269976e-01  -3.2116081e-01   7.6551717e-02  -2.0703044e-01   1.6119432e-01   4.3702888e-01   5.7919918e-03  -1.4145457e-01  -1.1273240e-01  -8.9471627e-02  -1.2154427e-01   3.0411665e-02  -2.7011405e-01   9.0432791e-02  -2.7788516e-01  -2.5644623e-02   3.3035518e-01   2.0903545e-02  -1.9137599e-01  -2.6101958e-01   3.6267871e-01   1.9132843e-01  -1.4883672e-01  -5.7047470e-02  -1.1791862e-01  -2.6624091e-01   5.6997178e-02   4.7407413e-02
  -1.3206148e-01   3.8519030e-03  -8.2424224e-02  -7.5991771e-02   9.2297016e-02   2.5602069e-01   4.1617372e-01  -3.6130283e-01   5.7810269e-02   0.0000000e+00  -1.0217564e-02   8.2682781e-02  -8.9146383e-02   5.9545750e-02   1.4226630e-01   1.1530312e-01  -1.8641761e-01  -6.2575781e-02  -2.0580931e-01   1.2826589e-01   2.5052543e-01  -2.2712076e-01   1.6306938e-01  -1.5804674e-01  -1.1616765e-01  -2.3858575e-01   1.3831387e-01  -1.2031826e-01   8.6993298e-02  -1.0629943e-01   2.0739019e-01   6.5585988e-03  -2.6620310e-01   5.9159523e-01   1.7398766e-01   2.7293810e-01   1.8017020e-01  -7.6686821e-02   5.4631347e-03   2.6891813e-01  -7.9528575e-02  -3.1805599e-01   5.9878306e-02  -3.2818161e-01   4.2751956e-01  -2.0949423e-01   3.4941563e-03   3.3891065e-01   1.2432584e-01  -9.8692260e-03   1.9595089e-01  -4.3783339e-01   2.0038438e-01  -1.1030303e-01   2.2830078e-02  -1.0461221e-01  -2.9367647e-01  -1.1896847e-01  -1.2982438e-01   4.7505104e-02  -1.8526668e-01   1.0327667e-01  -1.7191987e-01   9.7350547e-02   1.1536781e-01   4.9053414e-01  -3.9800340e-03  -4.2674342e-03  -2.8220364e-01   6.2167039e-03   2.5586744e-01  -2.5661339e-02   1.2843361e-01  -2.0105669e-01  -3.1261154e-01  -2.8897707e-01  -1.9373122e-01  -2.9135737e-01   3.1846682e-01  -1.9966637e-01  -1.1782267e-01   1.9872404e-01   1.1694197e-01  -2.9402518e-01  -2.7734523e-01  -1.0573664e-01   2.9542018e-01  -1.1535073e-01  -1.4807233e-01  -8.7767729e-02   1.8361836e-02  -2.0325236e-01   5.7615561e-01   8.6736116e-02  -1.3014168e-01  -6.2913948e-02  -2.1573495e-02  -2.1551518e-01   1.8631222e-01   8.5050089e-02  -1.7139517e-01  -6.0480189e-03  -2.7148469e-01   1.7004168e-01  -1.1531492e-01  -4.6822642e-02  -1.9869093e-01  -2.6296125e-01   3.9335523e-01  -6.3967034e-02   5.7941594e-01  -2.3414571e-01   6.2859662e-02  -1.1800348e-01   4.0095645e-02   7.5536486e-02  -3.7045021e-01   2.1053634e-01  -3.1617120e-01   7.5081635e-02  -2.9690317e-01   1.1396857e-01  -1.0673228e-01   1.8819842e-01  -2.0668705e-01  -1.2500772e-01   2.4847127e-01  -2.7927846e-01  -1.7333115e-01  -2.8158502e-02   9.7097548e-02   5.7925518e-01  -2.2330390e-01   1.9645965e-01   2.9623131e-02  -3.8340661e-01  -3.6413537e-01  -1.3598769e-01  -2.8744564e-01   6.1002754e-02  -2.0218786e-01  -3.4248647e-01  -3.1876238e-01  -4.0377389e-02   1.5030561e-01   9.0370930e-02   4.7357587e-01   5.7189769e-02   1.3802337e-01   4.0921922e-01  -2.0966996e-01  -2.3403315e-01  -2.0390868e-01   2.3326738e-01   1.0952220e-01   5.4728568e-03  -1.7389250e-01   3.3348282e-02  -3.2177302e-01  -3.4419496e-01  -1.3709181e-02  -3.5745489e-01   3.4475883e-01  -1.6903821e-01  -1.0392030e-02   2.0223197e-01   3.0647683e-01  -3.2422357e-01  -5.2175789e-02  -2.0081027e-02   2.8925340e-01  -3.6259227e-01  -5.1191195e-02  -9.2713590e-02  -6.7805553e-02  -3.2247336e-01  -6.1610224e-02
  -2.4105409e-01  -4.4462309e-01  -2.9427539e-01   2.9207529e-01  -3.8341980e-01   1.7414611e-01   3.4853200e-01  -8.9976882e-02  -4.2369748e-01  -1.0217564e-02   0.0000000e+00  -2.0491136e-01   9.6498118e-02   1.6938934e-01   4.1408663e-01   6.0403129e-01  -3.1096278e-01   6.1755600e-01  -1.6928132e-01  -3.5687618e-01   4.2778757e-01   5.3864297e-02   7.9673185e-02  -2.6516295e-01  -8.5375922e-02  -1.9375692e-01  -1.7798034e-01   2.7238037e-01  -1.0221660e-02   5.1718222e-01   1.4996401e-01   4.8946826e-01   1.4929473e-01   1.4431515e-01  -1.6878142e-01   2.3500415e-01   4.1358160e-02   2.7115314e-01   4.9367913e-01  -4.3550218e-01   1.8353032e-01  -4.9443726e-04  -5.3869650e-01   3.9559730e-01   2.5846081e-01   1.3800087e-01   6.2132546e-01   3.6907293e-01  -6.2998353e-02  -4.4460354e-01   5.7204474e-01  -1.0930202e-01  -3.6774163e-01  -2.9615395e-01  -1.8779148e-01   3.8025001e-01   1.7869386e-01  -3.3203445e-02   1.4902741e-01   3.9451298e-01   3.0989766e-01  -1.9738440e-01  -4.7494873e-01   1.6107027e-01   7.0005520e-02   4.6142897e-01  -1.2823134e-01  -2.4739115e-02   5.1057915e-01  -3.8873807e-02  -4.0332038e-01   3.5721650e-01   3.5000311e-01  -3.6649271e-01  -1.2931737e-01  -1.6909062e-02   1.5551811e-01   1.1422268e-01  -5.0587662e-01  -2.2359947e-01   8.2016487e-02   4.3642233e-01  -1.0010858e-01  -1.8085615e-01  -2.8982162e-01   4.6109712e-01  -3.9835244e-01  -2.5920933e-02  -3.6050764e-01  -1.9310129e-01  -4.6113981e-01   1.6011724e-01   3.1255978e-03  -1.1014035e-01   2.0755658e-01  -6.9247859e-01  -2.2597092e-02  -1.8466286e-01  -2.1902940e-03   5.2625864e-02  -1.8162023e-01   5.5664489e-01   2.5995943e-01  -2.8980094e-01   6.8046818e-01   3.1706168e-01  -3.8517638e-01  -3.2863765e-02   2.5150523e-01   5.1125487e-01  -5.4744047e-02   3.7528410e-01   1.1028843e-01  -1.6928956e-01   1.4872690e-01  -4.5974811e-01   1.9218505e-01   3.7239774e-01   3.1897201e-01   3.3139687e-01   1.4469893e-01  -5.1065468e-01  -2.5862885e-01   3.5997096e-01  -7.0208124e-02   3.2091411e-01   5.6239617e-01  -2.4427119e-01   2.5935432e-01  -2.1803597e-01   4.6542772e-01   1.3445557e-01  -3.0849845e-01   7.9793494e-02  -4.2509560e-01   7.0520647e-02  -1.9815201e-01   2.8294936e-01   4.7847835e-02  -1.3943822e-01  -2.0855257e-01  -2.0907404e-01   4.7858305e-01   3.6141289e-01   4.2381079e-01   6.9663625e-01  -2.2688124e-01   4.8095358e-01   4.5662449e-01  -3.5429048e-02   4.2984424e-02  -1.7216112e-01  -1.9568077e-01   3.1455777e-01  -5.2835126e-01  -1.8042625e-01   5.5375506e-05   4.2490110e-01   1.0414691e-01   1.1641030e-01  -1.7953982e-02   5.5856552e-01   2.7441438e-01   6.9617817e-01   3.8422149e-02  -3.7076454e-01   3.2393124e-01   1.5378513e-01  -1.4964850e-03  -4.6637688e-01  -1.4665420e-02  -1.2339922e-01   4.9631471e-01   2.9072151e-01   1.9589598e-01  -2.3811108e-01   1.0461081e-01
   9.2150433e-02   4.0744474e-01   3.3245611e-02  -7.2162837e-02  -7.4567153e-02   5.1281360e-02   2.5980302e-01  -2.2911248e-01   2.2298664e-01   8.2682781e-02  -2.0491136e-01   0.0000000e+00  -1.7053239e-01   1.2843448e-02   1.1820739e-01  -1.6549245e-01   2.7489776e-02  -1.8951081e-01   4.2281914e-02   6.5676774e-02  -2.1698699e-03  -2.2722233e-01   1.5831802e-01  -8.3670423e-02  -5.7013260e-02  -1.0071919e-01  -3.3118628e-02   1.2892816e-02  -7.4086076e-04  -3.2896764e-02   1.9294785e-01  -3.7880633e-01  -1.5547583e-01   3.3444742e-01   4.4430877e-01  -2.4155272e-02   6.0256819e-02  -2.1808351e-01  -1.4940308e-01   1.5750546e-01   4.5625275e-02  -7.1015225e-02   4.5450834e-01  -7.2252900e-02   1.6101195e-01  -1.4327431e-01  -2.5504557e-01   2.3526680e-01   1.8181290e-01  -5.9324254e-02  -8.0510959e-02  -2.0440681e-01   4.4402317e-01   1.2681053e-01   9.0089161e-02   6.0836169e-03  -4.0060263e-02  -2.5558273e-01  -8.8805277e-02   2.7948668e-01  -1.9108583e-01   1.7818297e-01   1.7805003e-01   1.8716787e-01   1.8293881e-01  -1.3298079e-01  -1.7777888e-01  -3.2392913e-02  -3.1263677e-01   7.5911875e-02   4.2882541e-01  -1.0250842e-01   5.6942330e-02   3.0326427e-01  -3.7817100e-03  -3.2020979e-01  -2.5174397e-01   5.8576672e-02   2.3726120e-01  -5.3973954e-02   8.6316994e-02   3.4826457e-02   2.3411508e-01  -1.7553687e-01   2.5500029e-01  -2.2975258e-01   2.5729249e-01   1.9099329e-02   7.9518698e-02  -5.3749810e-02   3.0671291e-02  -1.6847625e-01   3.0315293e-01   1.9769914e-01  -1.9484702e-01  -1.5550744e-03   1.9818819e-01  -9.0648165e-02   2.5605471e-01   2.6713119e-02   9.2140476e-02   1.3168157e-01  -1.8805291e-01   2.1061988e-01  -1.8312577e-01  -2.5971187e-01  -2.9313158e-02  -2.7295908e-01   9.5294748e-02  -1.2936946e-02   3.1623701e-01  -1.4163319e-01  -6.2480902e-02  -2.6768980e-02   1.7119291e-01   2.3937713e-01  -6.1968271e-02  -2.6587174e-03  -9.6466977e-02  -1.9383500e-01  -2.8736990e-01   8.5141885e-02   2.4111413e-02  -2.5903334e-02  -5.4891931e-02   1.7798360e-01   5.4962349e-02  -6.9675111e-02  -3.3396460e-01  -1.7569654e-02  -1.9163504e-01   2.1440990e-01   1.9069097e-01   1.0903304e-01   1.3739543e-01  -2.2340378e-01  -8.2283084e-02  -3.6942772e-03  -3.8533694e-01  -3.5018844e-02   9.9746350e-02  -1.0941123e-01  -1.0308421e-01   1.1921989e-01   2.3539367e-01  -1.3139648e-01   5.4903269e-01  -1.8456197e-01  -6.6648144e-02   1.0523725e-01   9.8562805e-02  -6.4334389e-02  -5.0488503e-03   5.1438576e-02   2.5158230e-01  -3.0686300e-01  -1.9553681e-01  -4.7528154e-02  -1.6115591e-01  -1.3668169e-01   6.2670168e-02  -1.4405815e-01  -2.9799193e-02  -2.7193852e-01  -2.2090919e-01   3.3064130e-01   7.0252593e-02  -4.7617470e-02  -4.1374717e-02   1.6899253e-01   3.6911501e-01  -3.9542161e-01  -1.0572937e-01   1.6786622e-03  -9.8373732e-02  -1.4507099e-01  -2.2259959e-01
   1.5872765e-01  -2.0735636e-01  -5.5888682e-02   4.8416221e-01   1.2531585e-01  -1.0947344e-01  -8.7656498e-02   2.4346394e-01   3.0476220e-02  -8.9146383e-02   9.6498118e-02  -1.7053239e-01   0.0000000e+00   8.2415803e-02   5.3305208e-02  -4.9979631e-02  -9.3178722e-03   1.7610004e-01   6.4641553e-02   6.5997459e-02   1.7266963e-02   7.9466540e-02  -2.8930737e-02   9.8024561e-02   1.5075645e-01   1.8907094e-01  -1.0292426e-01   7.2820933e-02  -9.7946072e-03  -2.5342553e-02   1.7992013e-02   1.1202332e-01   6.5287014e-02  -9.6092350e-02  -4.0537395e-02   1.1574577e-01  -2.1705800e-02  -6.5073370e-02  -2.8555060e-02  -2.3676270e-01   6.2844089e-01   6.9488166e-02  -7.3042562e-02   2.5417184e-01  -7.3983561e-02   1.0634275e-01   1.4667882e-01  -8.9053607e-03   1.5014946e-01  -2.3725296e-01   2.3502310e-01   2.2842206e-01  -1.6980129e-01   4.3353475e-02   6.4803692e-02   2.4417133e-02   3.3798726e-02   1.7930147e-01   4.1307730e-01  -5.9855569e-02  -1.6580136e-02  -2.9656522e-02   4.5324920e-02   9.9381364e-02   9.9551066e-03   4.5935203e-02   2.0962379e-02  -6.6648974e-02   2.5850865e-01  -1.1330956e-01  -1.4784785e-01  -8.2509335e-02   2.6846044e-01   3.7899427e-02   1.4902350e-01   1.1265076e-01  -3.0171648e-02   1.1466030e-01  -6.6245434e-02   2.3528582e-01   1.1507692e-01   1.0532952e-01  -5.4920769e-03   2.1536346e-01   1.5685360e-03   4.7947979e-02  -1.3902944e-01   1.6483160e-01  -6.1556318e-02   1.3843191e-01  -3.3323849e-02  -2.6939002e-02  -1.7360529e-01  -4.9879953e-03  -5.7738615e-02  -2.6257235e-02   1.1520626e-01   1.1351278e-01  -3.7760548e-02  -5.2290254e-02   2.1899705e-01   8.3307359e-02   1.4482982e-01  -2.2290675e-01   1.8523087e-01   2.4035189e-01   1.7074354e-01   2.1776556e-01  -4.8069964e-02   1.9893866e-02  -4.7199009e-02   6.6945036e-02  -1.9626485e-01   2.2565546e-01   4.1458882e-02  -3.7545923e-02   1.0332548e-01   5.6907185e-01   5.6003559e-02   3.0299939e-01   1.4664327e-01  -8.0944831e-03   2.0094777e-01  -3.4674877e-02   1.7152398e-01   9.4276976e-02   5.2356516e-02   1.4997972e-01   3.1236063e-01  -1.7506602e-01   1.9181029e-01  -1.1718420e-03   7.5016343e-02  -1.3180086e-01   2.2024620e-01   3.9818755e-01   4.5810779e-01   9.6174465e-02   4.0219450e-01   9.8189432e-02   1.2254603e-01   3.3712206e-01   1.6625969e-01  -1.0636889e-01  -1.2635042e-01   1.5923688e-02  -2.1982519e-01   4.7718768e-02  -3.5016473e-02  -8.8376352e-02   1.0920344e-01   1.9167071e-01   1.4780421e-01  -5.6499334e-02  -2.3728918e-01   6.0264662e-02   1.7369055e-01   4.9470222e-01   8.5036596e-02   2.5215840e-01  -1.0473285e-01   1.6395671e-01   2.5569285e-02   1.4146906e-01   2.3035968e-02  -6.0119392e-02  -2.1242889e-02   9.9626641e-02   6.3199321e-02   5.7437298e-02  -1.0780379e-01  -6.5370555e-02   1.3697273e-01  -7.4485684e-02   8.1155711e-02   2.6448051e-01   1.1406627e-01
   2.2359254e-01  -2.1806634e-01  -3.4086065e-01   1.1694522e-01  -2.6194906e-01   1.6752510e-01   3.5219053e-01  -1.4076179e-01  -2.8376521e-01   5.9545750e-02   1.6938934e-01   1.2843448e-02   8.2415803e-02   0.0000000e+00   4.7562859e-01   1.2704247e-01  -3.1816533e-01   2.2111487e-01  -2.2693848e-01  -3.7583125e-01   4.2610193e-01   8.9163138e-02   2.9248336e-01   1.5246802e-01   9.8850846e-02  -5.9033199e-02  -5.9167396e-02   3.6404485e-01  -1.2580775e-01   3.7408577e-01   5.7028140e-01   1.6818338e-01  -1.0897437e-01   2.2939037e-01   4.4600920e-01  -7.5743312e-02   6.3274950e-02  -2.8608547e-01   1.0751346e-01  -1.4905994e-01   2.0403501e-01  -1.9526032e-01  -1.5965189e-01   3.3950285e-01   2.5274636e-01  -2.5706578e-01   6.0457388e-02   5.3301440e-01   3.4731285e-01  -3.0732886e-01   2.6488033e-01  -5.5444315e-02  -1.6806604e-01  -2.7528378e-01   4.8738046e-01   3.3038892e-01  -1.3157348e-01   4.4525711e-02   1.8577592e-01   2.4905831e-01  -2.2947856e-01   2.5304905e-01  -4.2244156e-01   1.4338936e-01   4.5059583e-02   2.6551736e-01  -6.1408516e-02   9.5659309e-02  -3.9515965e-02  -3.5015721e-01  -1.4978536e-01  -1.3788771e-01   2.9871453e-01   9.1291664e-02   1.0295666e-01   3.5435667e-02  -3.3391607e-01   4.6344901e-02  -5.1130116e-02  -3.5579015e-02   4.1872436e-01   2.7555625e-01   1.8332341e-01  -1.9752727e-01   2.7542856e-02   2.8040211e-01   1.5663119e-01   2.8506321e-01  -9.0806420e-02   1.9887208e-01  -2.7616137e-01  -2.8547805e-01   9.1793749e-02   4.1617766e-02  -1.3931689e-01  -2.8426645e-01  -7.7210519e-02  -2.5268386e-01   8.7234452e-02   9.0606178e-02   1.3459839e-01   2.9885200e-01   4.0065673e-01   1.9773485e-02   1.2429743e-01   1.7604418e-01  -1.4629339e-01  -1.4063874e-01   4.2798813e-01   6.5661016e-02   1.5989203e-01   1.8864684e-01   3.1116856e-03   9.9999109e-02   3.3815310e-01  -1.5468134e-01   2.0642426e-01   2.4126491e-01   2.5210655e-01   1.4642769e-01  -1.4613327e-01  -2.3153283e-01  -9.6419702e-02   2.4096551e-01  -3.1231311e-01   5.2681989e-01   4.8804376e-01  -4.2028618e-01   6.7649277e-02  -3.4977885e-01   2.8014284e-02   2.0480290e-01  -3.0036617e-02   1.3702311e-01  -9.6707003e-02  -4.8083674e-02  -1.8292985e-01   4.5785786e-01  -3.7518055e-02   1.8779572e-01   1.8637903e-01  -1.0248691e-01   5.4474629e-02   1.6344003e-01   4.8198604e-01   4.8763103e-01   5.8022143e-02  -4.8124496e-02   1.8609604e-01   1.7603184e-01   1.7196971e-01   8.6757672e-02   9.9566228e-02   3.1253296e-02  -2.4882642e-01   4.2082543e-02  -1.0976883e-01   3.5146762e-01  -3.5459433e-01   1.7149713e-01  -2.0012913e-01   8.7423024e-02  -4.2565083e-02   2.1437494e-01   7.5232387e-02  -7.1047826e-02   7.6680282e-02   1.1050374e-01   6.1089585e-02  -9.6108302e-02  -1.1217473e-01  -2.7614071e-01   2.1016917e-02   1.4291404e-01   2.9328422e-01  -2.2407660e-01   6.5494262e-02
