   0.0000000e+00  -1.7779623e-01  -2.2171017e-01  -3.9283147e-01  -1.7725235e-01  -2.2081419e-01   1.8047551e-01   7.4994741e-02   3.0037588e-03  -2.1962039e-01  -2.4130575e-01   2.3961409e-02  -6.4060266e-02   2.9634990e-01   1.8523100e-01   2.9625629e-02  -1.9423282e-01  -1.8384058e-01   1.7587897e-01  -2.1068623e-01  -2.1356225e-01  -2.2672586e-01   7.9887841e-02   7.1621450e-01   1.2871434e-01   4.3333070e-02  -3.5787979e-01   2.4550896e-01  -1.1375723e-01  -2.0634090e-01   1.7284247e-01  -5.1203762e-02  -1.4673775e-01  -1.6800238e-01  -1.2206412e-01  -1.6989629e-01  -1.8440468e-01   4.2316487e-01  -9.0264954e-02  -3.1488008e-01  -2.1136099e-01   1.6863551e-03  -2.2181180e-01  -5.9980100e-02  -1.3880462e-01   2.5986292e-01  -2.7129511e-01  -1.6317845e-01  -2.1792966e-01  -2.6550229e-01  -1.0996045e-01   1.6972606e-01  -1.8870514e-01   2.0954705e-02   1.4643357e-01   1.1512988e-01   2.9657958e-01  -1.1001899e-01  -1.1912756e-01   1.7398743e-01   1.8896766e-01  -3.4295366e-02  -5.6278795e-02   1.7788327e-01  -1.0193691e-01  -1.1231131e-01  -4.0871734e-01   1.6185341e-01  -3.4900248e-01   2.6718683e-01  -4.3956467e-01  -1.1147522e-01  -3.2545496e-02  -1.2425120e-01   5.6651964e-02  -1.0815806e-01   1.5564924e-01  -6.5209626e-03  -3.8417625e-01  -1.7540249e-01   3.7269589e-01  -1.5547119e-01  -7.3356055e-02   1.6706047e-01   4.5408944e-01   3.4102378e-01  -1.7319092e-02   3.6397199e-01  -1.3496453e-02   7.5148224e-01  -2.1766376e-01   3.1664103e-02  -2.7952500e-01  -1.0552746e-02   3.4288211e-01  -3.0187963e-01   3.9462074e-02   3.5798208e-03  -7.6557673e-02   1.3718232e-02   3.1530124e-01   2.5893072e-01  -9.9831442e-02   2.5714216e-01  -7.8415298e-02  -1.2758037e-01  -1.2163561e-01  -2.3227494e-01  -2.1151529e-01  -4.4072406e-01  -2.2968686e-01  -7.5066970e-02  -9.6840998e-02   7.5780239e-01   5.6506813e-01  -2.8279766e-01   8.1129123e-02  -1.4154576e-01   2.2415942e-01  -1.0654522e-01   5.3015273e-01  -2.5951370e-01  -1.9764469e-01   1.8170657e-03   4.8602679e-01  -9.3256593e-02   1.1075889e-01  -5.5761313e-02  -1.7633983e-01  -7.5465585e-02  -1.9245943e-01  -1.9931148e-01   3.6692368e-01   5.4844874e-02  -9.7878072e-02   2.4184178e-02  -2.0334542e-02   2.8682484e-01   1.1256001e-01   3.3834252e-01   6.8712220e-01   1.9882515e-02  -1.1670929e-01  -2.6862565e-02   2.3017764e-01  -1.9966156e-01   8.0072481e-02  -2.3285043e-01  -2.0761029e-01  -1.2259153e-01   2.7252970e-02   4.8332061e-02   7.6512450e-02   2.2509552e-01  -3.3974476e-01   7.6165523e-01   5.4790261e-01   1.7972603e-02  -6.2893491e-02   1.8813258e-01   6.6189683e-03  -2.0491669e-01  -1.7778897e-01  -1.2288713e-01  -1.4219788e-01  -1.6098447e-01   2.5750609e-01  -2.0327302e-01   4.9984988e-01  -3.8332238e-01  -2.9094041e-01   3.3672568e-01   1.0901825e-02  -1.4180001e-01  -2.8123732e-01  -3.1915049e-01  -1.0111563e-02
  -1.7779623e-01   0.0000000e+00   2.2433663e-01  -1.2277799e-01   5.2936768e-01   4.5501000e-02  -5.2758849e-01   2.7735552e-01   2.5686421e-01  -3.1088885e-01  -2.8092563e-01   4.8220434e-02  -2.2647352e-01  -5.1441547e-01  -4.1153609e-01  -2.3267101e-01   3.8447521e-01  -2.9953210e-01   1.3195664e-01   2.1356326e-01  -2.6615325e-01  -1.3133897e-01  -4.6403990e-01  -3.4340499e-01   4.5578497e-02   2.5175413e-01   2.7976604e-01  -1.0784478e-01   1.9071545e-01  -1.9218883e-01  -3.9710817e-01  -2.1247690e-01   1.7124447e-01   1.6163019e-01   4.0572153e-01  -6.8188604e-02  -4.6189523e-02   1.1809546e-01  -2.5664198e-01   6.3933759e-01  -1.3047919e-01   5.1675788e-02   2.9187443e-01  -2.3530445e-01  -6.2816754e-03   9.0023008e-02  -2.5848926e-01  -1.2311748e-01  -3.8979609e-02   4.4304681e-01  -3.8807142e-01   1.9369882e-01   5.6038615e-01   2.6916870e-01  -3.1403030e-01  -6.3529617e-01   1.6802296e-01  -1.2840081e-01  -1.2537479e-01   2.7301964e-02   7.0731554e-02   4.6616719e-02   3.4018467e-01   1.0484783e-02   2.9601225e-01  -3.0687552e-01  -2.0875193e-04   1.3841779e-01  -2.4839295e-01  -5.1405770e-01   6.4065048e-01  -1.7927777e-01   1.0377066e-03   5.1678202e-01   2.8084358e-01  -1.9638747e-02   2.0464317e-01  -8.0300586e-02   6.4543392e-01   5.1083623e-02  -4.0589130e-01  -7.9697950e-02  -3.8625087e-02  -3.4739308e-02  -1.9863671e-01  -2.8795950e-01   4.8130430e-01  -4.7577756e-01   1.5293991e-01  -3.4135902e-01   6.3939061e-01   2.8603996e-01   3.4088886e-01   2.7074556e-01   4.2535449e-02   2.7555230e-01  -8.8691131e-02   1.8257074e-01   2.2844063e-01  -1.3171953e-01  -7.6556762e-03  -4.0323742e-01  -4.5251584e-01   5.5209366e-02  -2.9024082e-01  -8.8539752e-02   1.7099873e-01   1.2561997e-01   2.0319390e-01   2.6543011e-01   1.6401949e-01  -2.3601352e-01  -8.8978313e-02  -2.9599041e-01  -5.4922675e-01   7.3470526e-01  -1.7217893e-01  -9.5585501e-02  -5.1806539e-01  -1.3894491e-01  -1.5006853e-01   4.8945614e-01   1.6532802e-01   4.0855023e-01   2.3860104e-02  -1.6558664e-01   1.1671828e-01   6.0215851e-02   3.1752220e-02  -1.9473701e-01  -2.7917116e-01   4.0698753e-03   4.9967692e-02  -4.7326325e-03   2.9081200e-01   5.9649484e-02   1.2112593e-01  -3.5272264e-01   1.7752339e-02  -3.5645890e-01  -1.7009132e-01  -3.9940618e-02  -2.9217402e-01  -4.3511582e-01  -3.6542514e-01  -3.2083562e-01  -1.1105445e-01  -1.0965313e-01  -3.0179689e-01  -1.5991885e-02   1.3971239e-01  -3.2580532e-01   1.9450816e-01   1.7415339e-01   4.7360260e-01  -2.2303788e-01  -1.3156534e-01  -2.3472489e-01   3.8536933e-01  -3.4094004e-01  -4.8151564e-02  -4.0378536e-02  -9.6456690e-02  -3.0789562e-01   3.1039829e-01   5.0759760e-01  -7.2063359e-02  -1.5974229e-01  -1.1987739e-01   6.1065912e-01   6.3477487e-01   9.2840252e-02  -1.5458103e-01  -2.8665887e-01   2.9377576e-02   2.0846687e-01   2.0087882e-01
  -2.2171017e-01   2.2433663e-01   0.0000000e+00  -1.3939283e-01   3.7144970e-01  -4.0821812e-02  -2.3169648e-01  -1.2676529e-01  -1.7221931e-01   1.0129375e-01  -1.1961210e-01   8.0225747e-03   1.3433587e-01  -4.3535229e-01  -5.0360978e-02  -7.2761871e-02   7.1096833e-01  -2.5122815e-01  -1.9937556e-01   5.4498752e-01  -3.2909249e-01  -6.2615452e-02  -8.3046061e-02  -2.3183529e-01  -1.6144550e-01  -1.1407678e-01   5.4335721e-01  -1.2031057e-01   2.6317034e-01  -2.2781422e-01  -2.8538075e-01  -2.0581740e-01   1.4362077e-01   1.7781904e-01   2.5460054e-01   7.9582845e-02   1.8697099e-01  -1.3802749e-01  -1.3331983e-02   7.3136454e-01  -7.3401258e-02   5.7528635e-02   3.3469639e-01  -1.4938578e-01  -1.2166776e-01  -3.0917259e-02  -1.1576423e-02  -3.1003006e-01   1.8760347e-01   7.5358572e-01  -1.4432302e-01  -2.1079251e-01  -1.1928148e-02   2.2517214e-01  -1.4893047e-01  -3.2668783e-01  -2.0815943e-01  -1.7652595e-01  -2.3363316e-01  -2.0140291e-01  -5.8849358e-02   2.3054868e-02  -1.2132565e-02  -8.6421481e-02  -3.4439995e-01  -1.7697404e-01   1.1485759e-01   7.0330463e-02  -9.4398795e-02   4.1659947e-01   2.7979067e-01  -7.0170267e-02  -2.6604846e-01   4.3466827e-01  -7.8061677e-02  -1.5768639e-01   2.4214998e-02  -3.5224689e-02   3.2083401e-01  -9.5408428e-02  -3.8523003e-01   7.1313464e-02  -1.6687738e-02  -1.5582053e-01  -1.0848189e-02  -3.3657603e-01  -2.7947694e-02  -1.7270356e-01  -8.5254730e-02  -3.6221856e-01   2.2639530e-01   2.5438133e-01   5.1499918e-01  -5.5655966e-03  -1.4050535e-01   6.4689001e-01   2.0010108e-02  -1.0131544e-01   2.3547526e-01  -2.7831371e-01  -2.4761241e-02  -2.6432165e-01  -4.0081761e-01  -2.2290459e-01  -1.9875292e-01  -9.2802025e-03   1.8169135e-01  -8.4696727e-02  -5.3946748e-02   8.4101140e-02   2.9911779e-01  -2.8059228e-01  -2.0926651e-01  -2.7798468e-01  -1.1029593e-01   2.3007282e-01  -2.4567033e-01  -1.4725232e-01  -3.0488056e-01   9.0462983e-02  -2.5549118e-01   4.0284378e-01   2.3242178e-01  -2.4294195e-01  -1.7800978e-01   6.0506244e-02  -3.7067382e-01  -1.0179293e-01  -1.0309663e-01   6.3522263e-01   2.0313006e-02  -1.5958525e-01  -6.7176057e-02  -8.7935414e-02  -2.2048957e-02  -1.3666739e-01   3.2484507e-01  -1.9178749e-01  -3.2748237e-01  -1.0057174e-01  -3.7898473e-01   3.2850112e-01  -2.8959201e-01   1.4379452e-01  -3.0143862e-01  -4.2715256e-01  -1.3395346e-02  -2.8632940e-01  -2.7792315e-02  -4.0692750e-01   4.9677401e-01  -2.2238297e-01   1.8383531e-01  -2.9772625e-01   7.9297231e-01  -2.0825885e-01  -2.8860618e-01  -2.0871884e-01   1.7315293e-01  -3.7849835e-01   4.9431080e-02  -1.4880671e-02  -3.0633302e-01  -7.3145738e-02   7.6057945e-02   1.1157607e-01  -2.1978718e-01  -1.2439087e-01  -3.4015232e-02   1.5619162e-01   3.4268237e-01  -1.9519680e-01  -1.1444815e-01  -1.7206895e-01   1.9984582e-01   1.8344791e-01   1.2352503e-01
  -3.9283147e-01  -1.2277799e-01  -1.3939283e-01   0.0000000e+00  -4.0154962e-02   2.7592768e-01   2.0798145e-01  -7.8424765e-02   2.2498929e-01   3.4798028e-01   5.5968763e-01  -2.2105804e-01   2.4848783e-01   2.3837056e-01  -2.2379707e-02   1.5441827e-01  -3.3518552e-01   5.5917748e-01  -1.9810667e-01   5.3100362e-03   4.5791089e-01   4.9209420e-01   4.1484886e-01  -3.2043136e-01   1.4829355e-02  -1.0669159e-01   1.9605171e-01  -9.4948182e-02  -1.2439514e-01   5.4649526e-01   1.3734937e-01   4.1843107e-01   1.8381634e-01   2.5353770e-01  -1.7973378e-01   3.5165487e-01   4.2919961e-02  -5.4730675e-01   3.0485767e-01  -1.9047968e-01   5.9817688e-01   8.7012421e-03  -4.5360129e-02   5.0747843e-01   2.5437128e-01  -5.1684212e-01   5.5419225e-01   3.2622381e-01  -3.7458667e-02  -2.6286128e-01   5.4621311e-01  -1.0698823e-01   8.2295306e-02  -1.3529425e-01   1.0644274e-01   3.2796755e-01  -1.6828574e-01   3.5677215e-01   6.1984331e-01  -1.8070126e-01  -4.5297449e-01   4.3790692e-02   1.2953628e-01  -3.0739148e-02   1.0760299e-01   3.6488502e-01   4.2073507e-01  -2.9968306e-01   5.9616257e-01   4.5495021e-03   3.6282479e-02   3.4254610e-01   5.1807183e-01  -3.6121911e-01  -1.2438082e-01   1.6661226e-01  -5.2030799e-01   4.0891909e-01   9.3048709e-02   2.6459806e-01   8.3526628e-02   4.5499962e-01   1.8494071e-01   3.4501320e-02  -2.6360675e-01   1.2210090e-02  -1.4695387e-01  -5.9551634e-02  -2.5736909e-02  -3.2003426e-01   7.5609446e-02  -4.6522419e-01  -9.5675679e-02   9.5062136e-02  -5.3884920e-01  -1.8048372e-01  -2.9479028e-02   8.4853015e-02  -1.9669048e-01   2.8370304e-01  -2.8002301e-01   5.6868964e-02   4.9772740e-01  -1.3837936e-01   4.7028876e-01   4.9626475e-01  -6.3855163e-02   3.6401514e-01   3.0876103e-02   3.5502858e-01   5.7480960e-02   3.3691572e-01   1.5641569e-01  -2.1826368e-01  -1.2911434e-01  -3.7273187e-02   2.2160437e-01   4.1716368e-01   2.5432704e-01   3.1031717e-01  -5.2796858e-01   7.9090741e-03  -6.4906602e-02   3.0749638e-02  -5.7367096e-01   8.7319301e-02   2.2113773e-01   1.8091262e-01   4.1361951e-01  -2.6128822e-02   5.4754694e-01   4.1454294e-01  -2.6637241e-01   6.4624915e-02   2.0064497e-01  -1.4425626e-01  -1.8691927e-01   1.4940130e-01  -2.8957888e-02  -2.0932046e-01  -3.7281211e-01  -3.2386131e-02   3.9524968e-01   3.1755574e-02   1.7711920e-01   4.7399910e-01   1.3388406e-01   5.0958894e-01   3.3675153e-01   1.6176433e-01  -2.5067341e-01   3.8334333e-01  -2.7429222e-01  -7.1486988e-02  -5.8333339e-02  -3.3019208e-01  -4.5752258e-01   5.4086125e-01  -3.8565194e-01   2.3417495e-01  -3.0346665e-02   2.6848634e-01   2.9237731e-01   4.1434299e-01   7.4246253e-02  -8.3683070e-02  -2.7648580e-02   4.2011402e-01  -3.9855544e-01  -2.8288498e-02  -2.1724212e-01  -4.7786413e-01   8.2591947e-02   3.3475643e-01   7.5835241e-02   2.5670915e-01   3.2080698e-01
  -1.7725235e-01   5.2936768e-01   3.7144970e-01  -4.0154962e-02   0.0000000e+00   1.5455223e-01  -4.5456716e-01   1.5234577e-01   6.0146166e-02  -1.0053036e-01   9.8737947e-02  -2.8925949e-03  -6.7111255e-02  -6.2056770e-01  -3.1033508e-01  -1.3149889e-01   4.0504565e-01  -7.8841031e-02  -1.8644872e-02   6.6351655e-01  -2.7441961e-01   1.0794214e-01  -3.2337898e-01  -3.9341420e-01   8.4760235e-02   1.3893580e-01   4.7783620e-01  -1.5880053e-01   4.3719024e-01  -1.8231354e-01  -3.6344009e-01  -6.8151991e-02   1.0551876e-01   1.0305283e-01   3.0894710e-01   3.0927609e-01   2.5067371e-01  -1.6186905e-02  -3.0171022e-02   6.4693672e-01   3.3379538e-02   5.4624296e-02   3.2169320e-01  -3.6407153e-02   2.4362804e-01   3.7033152e-02   1.5475986e-01  -3.3302941e-01   3.0908666e-01   5.0162555e-01  -1.0239480e-01   1.3412820e-01   1.3918572e-01   1.2800808e-01  -4.3905579e-01  -5.6492238e-01  -4.0706691e-02   3.0133994e-02  -8.6749013e-02   5.2613645e-02   8.5476793e-02   4.2779332e-01   2.2522559e-01  -6.0497808e-02   9.8455932e-02  -6.5553796e-02   1.8189475e-01   1.3513645e-01   3.4331080e-02  -2.2438915e-01   3.3218886e-01   1.0021075e-01  -1.1306467e-01   3.3904908e-01   1.0510352e-01   7.4472400e-02   1.5047559e-01   5.0937075e-02   6.9532877e-01   1.9481310e-01  -3.3898365e-01  -1.1389939e-01  -7.4552377e-03   1.0086899e-01  -3.1589021e-01  -1.9841494e-01   1.1017302e-01  -2.7347184e-01  -9.7145645e-02  -4.5275649e-01   7.2459034e-01   1.9340152e-01   4.2512146e-01   1.9972684e-01  -8.4446618e-02   5.8026988e-01   1.1554442e-01   1.1465624e-01   4.5933343e-01  -9.4026330e-02  -2.1249518e-01  -3.5150053e-01  -3.6417387e-01  -4.0710214e-02  -1.2739855e-01   9.2840195e-02   1.1689334e-01   1.8443959e-01   1.4116112e-01   2.0920142e-01   7.7880613e-02   8.1988721e-03   6.7701265e-02  -2.5786053e-01  -5.1849576e-01   5.8066580e-01  -1.5204397e-01  -1.9039148e-01  -4.1309885e-01   1.5435645e-01  -1.7609300e-01   7.4925910e-01   1.3847201e-02   1.4659559e-01  -8.6602426e-02  -8.2836661e-02  -4.7270919e-02   1.7948591e-01   1.6138616e-01   5.1499257e-02  -2.4231395e-01   8.3778569e-02  -1.2356193e-01  -8.3939468e-02   2.2767439e-01   4.9025413e-02   3.3244230e-01  -4.0893384e-01  -1.7438685e-01  -1.5387374e-01  -3.5288220e-01   2.1106130e-01   4.7554180e-02  -1.4694432e-01  -3.3008234e-01  -3.0447493e-01  -2.1777624e-01   5.1098800e-03  -8.0287034e-02  -1.7110256e-01   2.1100720e-01  -3.2152399e-01   3.4485521e-02   1.3037592e-01   4.9880578e-01  -2.2725783e-01  -1.6121508e-01  -1.5074686e-01   2.3325311e-01  -3.0177399e-01   1.0509392e-01   9.4690631e-02  -7.9897085e-02   8.7059342e-02   3.8653435e-01   3.6027079e-01  -2.2833684e-02  -8.8516232e-02  -1.0325333e-01   4.2724234e-01   5.5930729e-01  -1.5495415e-01   1.1737025e-01  -9.4165002e-02   3.3706341e-01   2.8699445e-01   3.2049362e-01
  -2.2081419e-01   4.5501000e-02  -4.0821812e-02   2.7592768e-01   1.5455223e-01   0.0000000e+00  -8.1807019e-02   4.1680922e-01   3.6474686e-01   1.3335264e-01   1.3800095e-01   4.2516867e-02  -6.4946295e-02  -1.2072635e-01  -1.7991845e-01  -5.5247687e-02   4.5431573e-02   5.2673452e-02   1.1879646e-02   1.3612157e-01   9.6343318e-02   2.8558495e-01  -1.4435441e-01  -2.1951776e-01   1.4895474e-01   3.5203653e-01   1.9009380e-01   1.4085150e-01   6.9357196e-03   2.6343920e-01  -1.7080567e-01   1.0022313e-01   1.0156355e-01  -9.9916352e-02   1.6430231e-01   1.3076422e-01  -3.4391315e-03  -2.2402746e-03   9.6270524e-02   1.2317976e-01   1.1260559e-01   2.0049292e-01   6.9327922e-02   1.1364626e-01  -1.6068462e-02   5.3241338e-02   2.0415390e-01  -7.8385807e-02  -2.9136309e-01   5.3941997e-02   8.0515079e-02   3.5848549e-01  -2.1833320e-02  -1.4023555e-01  -2.1624794e-01  -1.1164933e-01   2.9249959e-01   3.7881986e-01   5.2073827e-02   1.0324161e-01   7.3839570e-02   1.3659226e-01   2.2328456e-01  -1.1624451e-01  -8.2260527e-02   1.0283446e-01   3.9826264e-01  -5.4007963e-03   2.8984666e-01  -6.6386458e-02   1.7777476e-02   2.1537457e-01  -2.5543727e-02  -2.2636732e-02   1.4559022e-02   9.1212651e-02   9.3716767e-02   5.4666563e-02   1.9858418e-01   9.4960054e-02   6.3019224e-02  -1.5519390e-01  -6.5366502e-02   3.0389495e-01  -2.5524460e-01  -6.7776475e-03   3.1694889e-04  -1.5884203e-01   3.8499868e-02  -2.3358868e-01   1.7271810e-01  -4.2209530e-02   4.5278466e-02   2.1877723e-01   2.8453051e-02   1.8025873e-01  -4.8028918e-02   4.8208518e-01   1.3856094e-01  -5.9501057e-02  -2.2661967e-01  -1.2285294e-01   1.3388199e-01   2.2490638e-01   1.3750376e-01   1.5165828e-01   1.6550584e-02   5.1427753e-01  -4.3177507e-02   1.4740572e-01  -1.1312864e-01   2.2446166e-01   1.8306574e-01  -1.8804259e-01  -2.8876596e-01  -2.8301024e-04   2.0956059e-01  -1.0596544e-01  -1.6594189e-03   2.8968554e-02  -1.9424685e-01   2.5182628e-01   2.2242307e-02  -1.0809611e-01  -7.0104337e-03   1.3666597e-01  -4.3401225e-02   3.7551583e-03   3.2951282e-01   5.5815572e-02  -7.3292179e-02  -3.6897791e-03   2.5142956e-02  -2.5381591e-01   1.6515622e-01   3.6531094e-01   5.4266252e-02  -1.6157956e-01   1.9737877e-01  -7.6263989e-02  -1.6057677e-01  -1.5391995e-01   3.0688230e-01   1.0478890e-01  -3.3482157e-01   8.8132704e-02  -2.8120479e-01   2.4262312e-01   9.8776398e-02  -8.1156573e-02  -1.5292501e-01   2.2792553e-01  -2.3498154e-01   6.0149125e-02   6.8096936e-02  -2.9224029e-01  -1.1538332e-01  -1.1307263e-02   1.5842326e-02   2.1710661e-01  -5.7511488e-02   2.6358756e-01   1.4242103e-01   1.9448320e-01   3.8095840e-01  -6.0111389e-02  -2.1825201e-01   1.0705625e-01  -2.6511216e-01   1.1820788e-02   7.4666224e-02   7.0759649e-03   1.0539893e-01   2.3665493e-01   1.4110491e-01   5.4774317e-02   3.9361119e-01
   1.8047551e-01  -5.2758849e-01  -2.3169648e-01   2.0798145e-01  -4.5456716e-01  -8.1807019e-02   0.0000000e+00  -4.3075361e-01  -2.5365985e-01   4.2889772e-01   1.6100754e-01   2.6048403e-01   2.3111968e-01   4.8479089e-01   1.8816821e-01   2.9024238e-01  -5.1966889e-01   3.1243090e-01  -1.0017843e-01  -2.1047630e-01   3.6451322e-01   5.0836257e-02   5.4606802e-01   2.7949227e-01  -1.5432475e-01  -3.3576835e-01  -8.9644084e-02   3.1737444e-01  -3.0783733e-01   3.5737068e-01   1.4548170e-01   2.7782524e-01  -1.6827359e-01   1.9594661e-01  -1.8435643e-01   2.6225066e-01  -2.6648843e-01  -2.4819326e-01   1.7193895e-01  -5.4650263e-01   2.1639401e-01  -9.9160195e-02  -3.9835968e-01   2.4499874e-01   1.3748147e-01  -3.0972638e-01   1.8953487e-01   4.3022412e-01  -1.4961321e-01  -6.0318055e-01   3.9974509e-01  -3.1737194e-01  -2.8676129e-01  -2.5563916e-01   3.3329950e-01   5.4683739e-01  -2.7872209e-01   1.0368324e-01   2.0051112e-01  -3.9190191e-02  -3.4295414e-01   1.5955072e-02  -2.3164595e-01   8.9167424e-02  -1.2705978e-01   4.5013451e-01   2.6707056e-02  -2.4645490e-02   1.3496300e-01   5.1801957e-01  -3.4994692e-01   2.6100928e-01   1.6030504e-01  -4.8600547e-01  -2.3938884e-01   2.7577471e-02  -3.9597719e-01   1.4738227e-01  -4.4099862e-01  -2.6567888e-01   4.9658155e-01   2.0310675e-01   5.7122181e-02  -1.2599789e-01   3.5574221e-02   1.3412616e-01  -4.0277519e-01   3.2541252e-01  -1.0661340e-01   1.9458322e-01  -5.5740886e-01  -4.9476770e-01  -2.4625530e-01  -1.2250102e-01  -2.6870100e-01  -3.2538613e-01   7.8260482e-02  -2.4250158e-01  -9.2814991e-02   3.2616143e-01  -8.3449408e-02   3.4074050e-01   4.3948379e-01  -1.1907774e-03   2.9975828e-01   1.9920030e-02  -1.7297425e-01  -2.2241505e-01  -1.5710602e-01  -1.0974951e-01  -1.5873561e-02   1.2996629e-01   7.9248860e-02   3.0650448e-01   6.6636676e-01  -6.0303490e-01   1.3549947e-01   2.8127434e-01   5.7872898e-01  -9.8327584e-03  -1.4396674e-01  -5.1861787e-01  -2.9689690e-01  -3.0011944e-01  -2.0230599e-01   2.0368182e-01  -6.4855316e-03  -1.6931746e-01  -9.5771080e-02   1.7415463e-01   2.7177736e-01   2.8637849e-01  -1.2782205e-01  -7.8495507e-02  -2.4440654e-01  -3.7311793e-01  -1.9076377e-01   4.8730840e-01  -1.4386467e-01  -1.4812511e-02   7.5802216e-02  -1.1960921e-01  -3.9551487e-03   3.2934738e-01   4.1517735e-01   1.8855001e-01   6.3766608e-01   2.2059191e-01   3.4322991e-01   1.8031799e-01  -1.1834264e-01   3.6314530e-01  -2.7622174e-01  -1.6253228e-01  -3.5348893e-01   2.6504174e-01  -9.6864047e-02   3.1287014e-01  -6.0346263e-01   4.2690976e-01  -1.1079967e-01   2.5264799e-02   2.8680010e-01   2.4051433e-01  -3.0092890e-01  -2.3536558e-01   8.0212738e-02   3.9130519e-01  -1.0782209e-01  -5.5584585e-01  -6.1312955e-01  -3.1029051e-01   2.1630283e-01   1.0440822e-01  -1.5160604e-01  -2.3631439e-01  -1.8316201e-01
   7.4994741e-02   2.7735552e-01  -1.2676529e-01  -7.8424765e-02   1.5234577e-01   4.1680922e-01  -4.3075361e-01   0.0000000e+00   3.7797208e-01  -3.7352213e-01  -3.9045699e-03  -1.3894914e-01  -3.3928493e-01  -1.1452425e-01  -2.3560418e-01  -4.7552168e-01   2.2480033e-01  -2.8335548e-01   6.6965196e-02  -1.8427106e-01  -2.3686075e-01   2.6066408e-02  -3.2379862e-01   1.2902110e-01   1.2049638e-01   6.2687741e-01  -1.3536985e-01   8.7060410e-02   3.1803510e-03  -1.9853778e-01  -1.3213703e-01  -1.0389964e-01  -1.3170615e-01  -1.7673087e-01   1.7895415e-02  -2.8301607e-01  -1.3856840e-01   5.1726020e-01  -2.1132695e-01   1.8501209e-01  -1.8985423e-01  -4.4473195e-03   5.7568657e-03  -8.5527584e-02  -3.6374712e-01   4.7101145e-01  -1.8928677e-01  -2.0834772e-01  -3.0401993e-01   9.8044791e-02  -3.8834575e-01   6.4203961e-01   1.4923510e-01   9.4515074e-02  -5.0115197e-02  -2.1657442e-01   5.0204020e-01   1.1951800e-01  -2.1740652e-01   1.8813194e-01   4.1385594e-01  -9.7828559e-02   3.0894977e-01   5.9265122e-02  -7.1058116e-02  -3.7181129e-01   1.8091333e-01   3.8002831e-02  -1.0545958e-02  -3.8194584e-01   1.2530629e-01  -2.6799079e-01  -1.0097929e-01   2.9455184e-01   4.0815789e-01   1.9128030e-02   4.6117136e-01  -1.0199419e-01   1.9618884e-01   7.2026111e-02   1.2379340e-01  -4.1943984e-01   8.5355966e-03   5.5672556e-01   1.3988974e-01   1.2498287e-01   2.4211113e-01  -1.1436020e-01   1.8534385e-01   1.2544642e-01   3.4951595e-01   3.7780377e-01  -5.5712953e-02   9.8184124e-02   4.7466746e-01   2.2666124e-02  -1.2390912e-01   5.3791996e-01  -7.3711499e-02  -2.0338594e-01   2.6226973e-01  -5.8319297e-02  -1.5083447e-01   2.7971881e-01  -2.0823870e-01   9.1032882e-02  -3.8025894e-03   5.5165908e-01   3.8961948e-02   8.1209645e-03  -7.5133917e-02   4.6465488e-02   2.9835048e-03  -2.8003974e-02  -2.7232449e-01   2.6894048e-01   2.6813407e-01  -4.2358556e-01  -2.8028601e-01  -2.8022964e-01   2.7061837e-01   2.0518714e-01   1.1849899e-01   1.4900953e-01   5.0282762e-01  -1.6806075e-01  -9.8194600e-02   1.1297113e-01   1.8073817e-01  -2.6370210e-01  -4.2583359e-01  -2.4158809e-01   3.8852348e-01  -9.9659572e-02   2.3534519e-01   6.1249038e-01   1.0426780e-01  -8.9123123e-02   4.9489660e-01  -5.6855884e-02   1.6748515e-01  -2.2741802e-01   3.0987655e-01  -2.2377581e-01  -3.2533512e-01  -1.2296381e-01  -3.4560427e-01  -2.4739110e-02  -1.8803268e-01  -2.0761315e-01  -4.3254424e-02   1.7733778e-01   1.0046639e-01   3.5774512e-01   2.6259296e-02  -3.9364398e-02   3.1151663e-01  -2.2909688e-01   3.5895960e-01   1.7616411e-01  -5.3552282e-02   2.0584592e-01  -1.1041737e-01  -2.4557872e-01   2.6136980e-01  -4.2147103e-02  -1.1855126e-01  -2.6004273e-01   9.7600853e-02   2.4226195e-01   1.5919895e-01   4.6971614e-01  -2.0602229e-01   1.7485620e-01   8.9972996e-02  -7.3180241e-02   2.8618840e-01
   3.0037588e-03   2.5686421e-01  -1.7221931e-01   2.2498929e-01   6.0146166e-02   3.6474686e-01  -2.5365985e-01   3.7797208e-01   0.0000000e+00  -1.4354560e-01  -3.5424264e-02  -4.7797670e-02  -2.6814157e-01   4.4520519e-02  -6.5282279e-02  -2.1200225e-01  -1.0755688e-02   3.1877070e-02   2.7156277e-03  -4.9697995e-02  -9.5543649e-03   2.1213197e-01  -2.1907315e-01  -1.6799711e-02   3.2946948e-01   3.9654365e-01   1.0982081e-02  -7.4411579e-02  -1.1202231e-01   1.5432386e-01   1.5168668e-02  -2.0964495e-02   6.7610017e-02   5.8402129e-02   2.5786540e-01  -1.6163549e-01  -1.8527139e-01   8.4565003e-02  -2.7334377e-02   2.2624024e-03  -1.4070965e-01   1.5716839e-02   1.7203480e-01   2.2792472e-02  -4.6725755e-02  -1.0466856e-02  -3.2630313e-02  -1.0504768e-01  -2.9533377e-01  -8.7986579e-02  -7.7476807e-02   4.4397020e-01   2.4535190e-01   3.4084674e-02  -1.0423532e-02  -7.4048274e-02   2.5819245e-01   1.8252833e-01   1.0967815e-01   1.6987240e-01   8.4490428e-02  -4.5285194e-02   5.5481566e-01   8.6017880e-02   2.0809606e-01  -7.3404832e-02   2.6929107e-02   1.2206636e-01   8.6941989e-02  -4.0484220e-01   8.2281614e-03   1.5261222e-02   1.2041852e-01   1.3988106e-01   1.5157969e-01   1.0782340e-01   4.0031600e-02  -1.2964063e-01   1.5922883e-01   1.4738133e-01  -2.7130729e-02  -1.0780911e-01   3.0861647e-02   3.1386084e-01   5.0333228e-04   5.7998175e-02   4.7235765e-01  -3.7492445e-02   3.5700061e-01  -6.6726656e-03   2.8219487e-01   4.1830861e-02   2.1896442e-02   4.7759805e-01   2.3818693e-02  -1.1131017e-01   4.7140466e-02   4.6491008e-01  -1.0565921e-01  -7.4823146e-02  -7.4657757e-02  -1.5311375e-01  -4.8261802e-02   4.7998284e-01   1.8512734e-02   5.6344880e-02   1.2426558e-01   3.7943483e-01   2.9628771e-02   3.8110507e-02  -8.9035400e-02   9.7822969e-03   2.9763050e-01  -1.3363049e-01  -2.8046980e-01   2.5962005e-01   1.9521985e-01  -7.3756072e-02  -5.5797817e-02  -8.1051428e-02  -3.9770276e-02   1.2805048e-01   8.1433772e-02   3.2860733e-01   5.4284602e-02  -2.5892606e-02   2.5492496e-01   8.4720872e-02   3.9801407e-01  -3.4145117e-01   1.6171225e-04  -1.1541393e-01   3.0037169e-01  -1.2827712e-02   3.9317330e-01   2.7509031e-01  -1.3580853e-01  -1.9818377e-01   1.6942038e-01  -1.3973524e-01   7.3845511e-02  -2.2566806e-01   9.1603361e-02  -2.1028788e-01  -8.5469353e-02   1.2261942e-02  -2.2370766e-01   1.1337042e-01  -1.6048879e-01  -9.5094868e-02  -1.4263203e-01   1.6259219e-01   5.0071215e-02   1.7559095e-01  -9.8288024e-02  -1.6675316e-01   5.1935476e-02  -3.0394020e-02   1.5557636e-01   7.7483964e-02   2.1939723e-01   9.8878673e-02  -5.0203842e-03   4.9831213e-02   1.7639894e-01   1.4217535e-01  -1.0180253e-01  -6.1156122e-02  -3.9569753e-02   8.7471207e-02   1.1339865e-01   1.6013920e-01   2.0180048e-01   1.3862820e-01  -5.2279686e-02  -7.5998824e-02   3.1360386e-01
  -2.1962039e-01  -3.1088885e-01   1.0129375e-01   3.4798028e-01  -1.0053036e-01   1.3335264e-01   4.2889772e-01  -3.7352213e-01  -1.4354560e-01   0.0000000e+00   2.3655360e-01   1.7116897e-01   3.3120652e-01  -4.9570069e-02  -9.1340962e-02   7.6942075e-02  -1.9467605e-01   4.1647466e-01  -1.5140124e-01   2.4256505e-01   3.9839830e-01   9.4853978e-02   4.2288103e-01  -1.4546644e-01  -2.1505202e-01  -3.8567948e-01   3.1980373e-01   1.9150638e-02   1.4919745e-01   3.3237913e-01   7.5679610e-02   1.0141293e-02  -1.1618938e-01   3.1482122e-01   1.1108765e-01   4.0240686e-01   1.7169178e-01  -4.1520048e-01   4.3476445e-02  -8.1019346e-02   1.9677363e-01  -1.3515498e-01  -1.6552677e-01   2.8784259e-02   2.8325002e-01  -2.7287834e-01   3.5387790e-01   7.5089355e-02   1.9856195e-01  -1.2188174e-01   4.6788402e-01  -4.0893774e-01  -4.7361270e-02  -2.7482962e-01  -1.3029763e-01   1.5241627e-01  -3.9709008e-01   1.5543846e-01   1.5185083e-01  -1.1057929e-01  -3.8544619e-01   9.2877720e-02  -3.7330407e-02  -1.1289617e-01  -4.5418642e-02   6.3707889e-01  -8.7992514e-03  -2.9797784e-01   3.2307778e-01   3.6442442e-01  -7.0968092e-02   3.6183492e-01   7.6275475e-02  -4.0255080e-01  -2.6156394e-01   2.0306452e-02  -4.4691000e-01   1.4831392e-01  -4.9309573e-02  -1.0074117e-01  -1.1565032e-01   1.9591672e-01  -2.7151845e-01  -2.2673661e-01  -4.1508492e-01  -2.7572703e-01  -3.0741851e-01  -4.2158478e-02  -1.9795485e-01  -1.9233085e-01  -1.2657535e-01  -4.4867434e-01   8.8737168e-02   6.9921257e-02  -3.6178099e-01   1.8717830e-01  -1.4663022e-01  -1.1417350e-01   7.2472317e-02   4.5610071e-01  -4.3666437e-01   9.4053647e-02   6.5547027e-02  -2.4598498e-01   1.8232235e-01   8.2639947e-02  -2.0134260e-01  -5.8512082e-03   1.8440914e-02   1.5154594e-01   2.4473212e-02   6.4452951e-02   5.9831473e-02  -3.6202603e-02   6.5420868e-02  -1.5325369e-01  -1.1017230e-01   3.9485296e-01   1.5342823e-01   2.6227727e-01  -3.8544480e-01  -1.2651161e-02  -4.4399880e-02  -1.9475030e-01  -3.9456556e-01  -5.5041424e-02  -5.0935043e-02  -1.8987970e-01   4.8734346e-03   3.6465363e-01   2.7030123e-01   4.3136289e-01  -4.4213779e-01  -1.0297125e-01  -1.4888649e-01  -2.1963313e-01  -9.6185996e-02  -3.6294921e-02  -2.4087760e-01   2.7146916e-02  -2.0207463e-01   5.5020683e-02   1.7642618e-01   1.7586636e-01   2.6913178e-02   1.6215651e-01   2.1382397e-01   3.6328789e-01   5.1582138e-01   3.4183914e-01  -1.7844922e-01  -4.2097041e-02  -2.6705410e-01  -1.8974710e-01   5.2395633e-04  -8.1426435e-02  -3.5107059e-01   2.0956761e-01  -4.4898359e-01  -3.7914261e-02  -2.5742553e-01   1.1975698e-01   5.5339614e-01   2.8405115e-01  -1.5796690e-01   6.9272756e-02   3.1708249e-02   3.5304555e-01  -2.9389874e-01  -2.7386986e-01  -2.0558365e-01  -3.7025470e-01   2.6153427e-01  -1.9451267e-02   1.7465239e-01   1.5746208e-02   8.2987801e-02
  -2.4130575e-01  -2.8092563e-01  -1.1961210e-01   5.5968763e-01   9.8737947e-02   1.3800095e-01   1.6100754e-01  -3.9045699e-03  -3.5424264e-02   2.3655360e-01   0.0000000e+00  -1.9914827e-01   1.4126621e-01   9.7217823e-02   9.5066147e-02   1.2905650e-01  -2.2399748e-01   5.8783011e-01  -1.9860837e-01   2.1328925e-02   2.7275290e-01   2.7174033e-01   3.2921625e-01  -2.4513413e-01  -1.1732873e-01  -1.1065124e-01   1.4720711e-01  -4.1533207e-02   6.1584971e-02   2.3968578e-01   2.8476950e-01   3.9696623e-01   3.1621110e-02   2.0311925e-01  -2.8941684e-01   3.9377109e-01   2.6128958e-01  -2.7238651e-01   2.1785109e-01  -1.2973841e-01   4.1298574e-01  -8.6173872e-03  -2.2417652e-01   4.3270863e-01   1.5533792e-01  -1.7497001e-01   6.1424123e-01   2.9594119e-01   8.0251534e-02  -1.6630608e-01   4.1086479e-01  -8.2428487e-02   4.1782240e-02  -3.1420343e-01   1.1706015e-01   3.5055491e-01  -2.2713234e-01   2.2759124e-01   3.3132491e-01  -1.9565759e-01  -1.0682877e-01   1.2045562e-02  -1.3205761e-01   2.3353841e-02   1.4672565e-01   3.2525772e-01   3.1402738e-01  -2.5825877e-01   5.6878152e-01   5.8246890e-02   9.6182422e-03   1.5524604e-01   3.3427549e-01  -2.6345590e-01  -9.6555388e-02   1.1070541e-01  -1.9832524e-01   2.4434350e-01   8.9110176e-02   8.4474438e-02   1.0239894e-01   1.9140707e-01   1.6468398e-01   2.1417092e-01  -1.2184642e-01   9.3250826e-02  -2.3313803e-01   8.8757697e-03  -1.5306310e-02  -1.9955305e-01   1.7676773e-01  -1.9449443e-01  -2.6600902e-02  -1.7833859e-01  -1.8728278e-01  -5.5349848e-02  -1.0446802e-01  -5.7896937e-02  -6.2620904e-02   1.6093903e-01   4.4285674e-03   2.9518551e-01   3.5414734e-01  -1.9549962e-01   3.7605039e-01   3.3771495e-01  -7.7265776e-02   2.3843079e-01  -1.5027057e-03   2.5360174e-01   1.1087981e-01   3.4208648e-01   9.1325724e-03  -1.5188791e-01  -4.8098149e-02  -1.4025332e-02   3.0331146e-01   2.3847296e-01   3.0036775e-01   1.5418864e-01  -2.5288217e-01   2.5186372e-02  -7.6546272e-02  -1.7147114e-02  -3.0922511e-01   5.3931842e-02  -1.2870162e-02   9.9251240e-02   1.7990550e-01   1.1731057e-01   3.9839303e-01   5.8696351e-01  -1.5530094e-01   2.3039222e-01  -4.4414773e-02  -1.9499627e-02  -8.4015242e-02   2.4919900e-01   1.0932272e-01  -3.7233524e-02  -2.9557010e-01   4.3250175e-02   6.0580608e-01   1.9442369e-01   1.5063067e-01   3.2172571e-01   1.9716864e-02   5.5436292e-01   4.1826883e-01   2.0006234e-01  -7.3252136e-02   2.7251869e-01  -2.9608763e-01   1.8636792e-01  -1.7115897e-02  -1.9229235e-01  -1.6437848e-01   2.6040557e-01  -1.8054224e-01   2.1930930e-01  -1.3702667e-01   4.0075345e-01   4.1642729e-01   3.6689788e-01  -9.1110811e-02  -1.6718553e-01   2.5731703e-01   2.3433778e-01  -1.8687735e-01  -1.8581243e-02  -2.2105566e-01  -3.6258937e-01   1.5758287e-02   4.2133655e-01   1.9188947e-01   2.6319102e-01   1.5786173e-01
   2.3961409e-02   4.8220434e-02   8.0225747e-03  -2.2105804e-01  -2.8925949e-03   4.2516867e-02   2.6048403e-01  -1.3894914e-01  -4.7797670e-02   1.7116897e-01  -1.9914827e-01   0.0000000e+00   2.7447360e-02  -2.0498008e-02  -2.6857776e-01   5.9016724e-02  -1.1406893e-01   7.6858312e-02  -1.0814115e-02   1.2190928e-01   1.1403112e-01   2.0283579e-02   1.5198963e-02   2.6106898e-02   7.2257628e-02  -1.3624465e-01   3.0477670e-02   5.9896854e-03   5.0340328e-02   2.2374986e-01  -2.1399449e-01   1.1612343e-02  -3.4352084e-02  -5.7537138e-02   1.8203631e-01   1.5804533e-01  -1.4248941e-01   6.8414496e-02  -1.2283072e-02  -7.0793219e-02  -1.4530792e-02   3.3124688e-02  -1.1128459e-01  -1.0043571e-01   2.1520325e-01   1.9457479e-02  -1.0009322e-01  -6.5379480e-02   2.8214703e-02  -1.0497994e-01  -3.2646300e-03  -2.1808911e-01  -2.0847783e-01  -9.8580939e-03  -1.0647354e-01  -2.0490245e-01  -6.3899931e-02   4.2478097e-02  -1.1613286e-01   3.0457502e-01   1.7222267e-02   1.3307262e-01   5.0611812e-02  -1.5901483e-01   6.6693944e-02   1.4167958e-01  -9.6801431e-02   2.7465713e-01  -1.3870035e-02   2.5228192e-02  -9.6254815e-02  -2.3841430e-02  -1.5180032e-01   3.2827395e-02  -9.3948380e-04   1.4262221e-01   2.8000469e-02  -3.2675846e-02  -2.1054066e-02  -4.5453891e-02  -1.1150127e-01  -2.3124547e-01  -1.8558328e-01  -1.7122406e-01  -1.3923472e-01  -1.2706173e-01  -1.8601049e-01  -1.2586165e-01  -1.5888930e-01   9.6896736e-03  -1.5274389e-01   3.2245312e-02   9.1960712e-03   8.5968526e-02  -7.9622605e-02   9.4541537e-02   2.9458070e-02  -2.5322887e-02   3.5672192e-01   1.9549286e-01  -2.8226933e-01  -1.1831766e-01  -2.4636122e-03   2.2284565e-01   5.0779652e-03  -8.5495637e-02  -1.3954252e-01  -8.0701133e-02   3.0219904e-02   1.8005785e-03  -1.1310553e-01   2.0031883e-01   1.0678659e-01  -1.4843591e-02   6.9566069e-02  -1.2347583e-01  -2.2330145e-01  -6.2273771e-02  -1.2456793e-01  -8.1858048e-02  -6.3255602e-02   3.2330823e-02  -9.0879294e-02  -3.2051300e-02   7.9546697e-02   3.8214335e-03   1.5560805e-01  -1.0628156e-01   1.0228814e-01  -3.1443846e-02  -1.1198506e-01   1.3114118e-01  -8.2258610e-02  -2.4160484e-01  -2.1527381e-02   4.7348363e-03   5.0957199e-02  -4.9791356e-02   2.0356827e-05  -1.3054631e-01   6.2001846e-03   3.1889276e-02  -1.1964264e-01   9.8878423e-02   9.6085940e-02  -1.2324148e-01   1.9446936e-01  -5.1216381e-02   9.6487238e-02   8.8986972e-02  -1.1301281e-01  -2.0001791e-01  -3.5646999e-02   1.5227425e-02  -4.9141016e-02   6.6365710e-02  -3.9169625e-03  -1.6619142e-01  -5.1252992e-02   7.0908510e-03  -2.1948714e-01   1.5019116e-02   8.7794274e-03   3.6253290e-02   1.5655521e-01   3.2687445e-01  -7.1904201e-02  -4.2779235e-03  -1.0414181e-01  -1.4915268e-01   1.2667833e-01  -1.3949679e-02   2.2768731e-01  -1.4479053e-01   1.4074395e-02  -2.3193961e-01   6.3141146e-02
  -6.4060266e-02  -2.2647352e-01   1.3433587e-01   2.4848783e-01  -6.7111255e-02  -6.4946295e-02   2.3111968e-01  -3.3928493e-01  -2.6814157e-01   3.3120652e-01   1.4126621e-01   2.7447360e-02   0.0000000e+00   7.8403177e-02  -4.1748082e-02   3.0301776e-01  -1.2296234e-01   2.8478641e-01  -1.6492406e-01   1.2113124e-01   3.0186062e-01   8.0434906e-02   2.5726427e-01  -1.1408571e-01  -1.6369959e-01  -2.4770883e-01   1.0281508e-01  -5.8172705e-02   6.7741557e-02   1.7823572e-01  -4.3699516e-02   2.2601392e-01  -1.2528214e-01   3.9052511e-02  -1.4265564e-01   2.1571759e-01   1.4270627e-01  -2.9846953e-01   1.7481932e-01  -1.2965050e-01   3.6004920e-01  -1.2935076e-03  -1.5111042e-01   2.4591859e-01   3.9375430e-02  -2.6115656e-01   2.5875005e-01  -9.1362214e-02   1.5084980e-01  -8.7038859e-02   2.8661229e-01  -3.0837514e-01  -1.7969523e-01  -1.4884475e-02   4.7034295e-02   8.8368399e-02  -2.5780580e-01   8.3953410e-02   2.0189907e-01   6.7355636e-02  -3.0149776e-01   5.8159535e-02  -1.3660382e-01   1.0187565e-01  -9.1253729e-02   2.6498921e-01   1.9853172e-01  -1.4573921e-01   1.8619888e-01   3.2683189e-01  -2.2885255e-01   1.0005136e-01   2.3987069e-01  -3.4377135e-01  -5.0254712e-02  -4.3193538e-02  -3.4096024e-01   1.7639823e-01  -1.3396991e-01   8.1676490e-02   3.4204854e-02   1.4046679e-01  -1.1115056e-03  -2.2622188e-01  -9.7061192e-02  -1.0607157e-01  -2.6303480e-01  -8.0440008e-02  -1.5781326e-01  -1.1080741e-01  -1.4688242e-01  -3.0665661e-01  -5.8931012e-02  -6.7017840e-02  -3.5010638e-01   7.3856171e-02  -2.6001201e-02  -7.3255021e-02  -5.6196573e-02   2.3315225e-01  -3.0702454e-01   8.2831993e-02   1.5119811e-01  -1.2705748e-01   9.6277449e-02   1.5672859e-01  -2.6790247e-01   1.7703099e-02  -9.0272757e-03   2.1552633e-02  -1.9068140e-01   1.7948845e-01  -1.0827693e-01  -1.0266178e-01   1.1356054e-01  -1.9081144e-01  -1.3682432e-01   4.5246180e-01   3.1051952e-02   8.8484438e-02  -1.5199811e-01  -1.0608008e-01  -6.0435487e-02  -2.8072464e-02  -2.7947024e-01  -1.5056746e-01  -5.1846176e-02  -1.6028416e-01  -4.9073945e-02   2.9405820e-01   4.3486692e-01   1.3832285e-01  -2.8997693e-01  -1.3858721e-01  -1.8238201e-01  -2.7513656e-01  -3.2396389e-02  -8.6287901e-02  -2.7601160e-01  -5.0527440e-02  -8.4093173e-02   4.7212429e-01   3.2933476e-02   1.2057037e-01   8.9280886e-02   4.4387980e-02   1.4206673e-01   1.7630115e-01   6.3907357e-02   2.9448918e-02  -1.8011566e-01  -4.5278381e-02  -3.9537862e-02  -8.4119239e-02   1.0596910e-02  -6.8125477e-02  -2.0161365e-01   2.8799112e-01  -2.9877762e-01   2.7388549e-02  -1.4663641e-03  -9.6676804e-02   1.0358026e-01   1.8281913e-01   9.3689920e-02  -3.3206107e-02  -1.3604100e-01   1.7053103e-01  -1.4063746e-01  -2.1242469e-01  -2.0033314e-01  -2.6227238e-01   6.4137065e-02  -7.5504631e-02  -1.8326777e-01  -7.9050065e-02   7.1573945e-02
   2.9634990e-01  -5.1441547e-01  -4.3535229e-01   2.3837056e-01  -6.2056770e-01  -1.2072635e-01   4.8479089e-01  -1.1452425e-01   4.4520519e-02  -4.9570069e-02   9.7217823e-02  -2.0498008e-02   7.8403177e-02   0.0000000e+00   3.3485321e-01   1.7333636e-01  -4.6314873e-01   2.2654516e-01  -3.4208854e-02  -5.0582531e-01   3.5751071e-01   1.3917129e-02   4.4861206e-01   4.4047478e-01   1.8387411e-01  -3.7418425e-02  -4.2163690e-01   2.0100883e-01  -3.9042902e-01   1.4617837e-01   4.2760601e-01   2.4921511e-01  -4.7930045e-02  -5.1631246e-02  -4.9555622e-01  -1.1475868e-01  -2.9520191e-01  -1.0394115e-01   1.8705527e-01  -6.6797208e-01   1.3583942e-01  -4.6383006e-02  -3.1238275e-01   3.8373721e-01  -1.4114598e-01  -2.3946932e-01   4.5347129e-02   3.6191505e-01  -2.8520745e-01  -5.4490594e-01   2.0219417e-01  -1.6170352e-02  -1.6463368e-01  -7.3606406e-02   7.0749978e-01   5.7863834e-01   6.7646791e-02  -4.6188307e-02   2.9746095e-01   1.1124211e-01  -9.5217228e-02  -2.2589109e-01  -1.7690823e-01   2.0318330e-01  -1.2641261e-01  -3.1454405e-02   5.0322887e-02  -8.7656652e-02   7.6779596e-02   1.9473003e-01  -4.4749223e-01  -5.4682872e-02   2.3169002e-01  -3.4434231e-01   6.2989884e-02  -4.3602722e-02  -2.0816392e-01   1.6172961e-01  -5.8574964e-01  -1.9901682e-02   4.5201386e-01   9.0990182e-02   3.4416864e-01   5.9961054e-02   4.4660266e-01   2.6928923e-01  -3.7183051e-03   3.8545951e-01  -5.4012315e-03   4.6161364e-01  -5.5159686e-01  -2.3843098e-01  -3.8266970e-01  -2.0354684e-01  -4.9664976e-02  -5.9665414e-01   5.1665698e-02  -3.7730239e-03  -4.4011341e-01   2.0783099e-01   2.1471585e-01   2.4164505e-01   6.4251397e-01   5.1700064e-02   6.6160427e-02   1.7481940e-01  -3.6458752e-02  -5.1594178e-02   8.2008598e-03  -5.4349634e-02   2.1094907e-03   6.9193083e-02  -1.5878329e-02   3.3374096e-01   5.4250858e-01  -5.6943208e-01   2.8306923e-01   1.8364817e-01   6.1743819e-01  -8.2113202e-02   9.7505491e-02  -5.7824061e-01  -1.6203520e-01  -5.2760085e-02   2.0624274e-02   6.3103746e-02   1.1322864e-01   7.1006141e-02   3.3712456e-02  -2.2588960e-01   2.0825632e-01  -1.2046513e-02   2.9080514e-01   2.1197823e-01  -2.0287788e-01  -6.8726455e-02  -2.7460045e-01   4.7138281e-01   1.1576618e-01   1.3190510e-01   2.7528231e-01  -1.7290298e-01   1.1695646e-02   2.8831223e-01   4.8021260e-01   3.5799806e-01   2.6606343e-01   4.2565026e-04   3.7304995e-02   3.4603053e-02  -1.5078569e-01   5.2664612e-01   1.2567057e-02  -2.9834968e-02  -5.0107882e-01   2.6340812e-01   1.3707400e-01   3.5012270e-01  -2.8857048e-01   4.5001069e-01   7.5068614e-02   3.7778956e-02  -4.1127825e-02   1.2301512e-01  -2.7074459e-01  -4.3318789e-01  -9.4967152e-02   1.2765218e-01   6.6383345e-02  -3.2219189e-01  -6.2710814e-01  -1.8149106e-02  -2.3881265e-03   3.6031074e-01  -3.3943584e-01  -1.8843296e-01  -1.8472090e-01
