   0.0000000e+00  -1.5585392e-01   2.6577649e-02  -1.4027539e-02  -2.3327258e-01   1.8011396e-01  -2.2168557e-01   2.9151846e-01  -8.4618849e-02  -1.0358523e-01   1.3906760e-01  -8.1137685e-02   1.5773259e-01   3.3609809e-01   2.8602661e-02   1.8840983e-01  -1.3772309e-01  -6.5311597e-02   1.3211175e-01  -1.4762171e-01  -1.4373344e-01   6.9703828e-02   3.8859058e-02   5.4280729e-01  -7.2624987e-02   2.6267535e-01   3.8308669e-02   4.0403375e-01   2.8519101e-02  -1.0848830e-01  -7.0312366e-02   3.6360157e-01   1.3186972e-01  -2.3729401e-01   2.8074104e-01  -1.1725902e-01  -1.6652268e-01   3.9456333e-01   8.8921545e-02  -1.2161356e-01   1.3674547e-01   7.1177863e-02   7.4204192e-02  -1.7567874e-03   3.1608150e-02   6.6574810e-01   3.5026059e-02  -2.8713646e-01   1.9760291e-02  -1.6933172e-01   2.5633029e-01   3.9206988e-01  -2.9904505e-01   4.3621654e-02   3.0182318e-01   2.4784454e-01   2.1548918e-01   2.2375238e-01   2.2711222e-01   3.2215531e-01   2.4841459e-01  -5.9263161e-02   1.9305552e-01   2.7744075e-01  -1.5328750e-01  -8.8811094e-02   1.2337343e-01  -1.9793784e-01   6.4916586e-02   4.6727017e-01  -2.9558561e-01  -7.3172905e-03   8.4326713e-02   6.0253212e-01  -2.9533862e-02   1.6439214e-01   3.3213213e-01   5.7016829e-02  -3.5566840e-01   1.5764833e-01   1.6359846e-01   2.0363410e-01  -1.3293507e-01   3.2269087e-01   1.8074190e-01   1.6882646e-01  -2.0614602e-01   4.8973020e-01   2.6220393e-01   8.5149101e-01  -2.6062273e-01   2.8080521e-01  -2.2467716e-01   2.6670320e-01   4.8696183e-01  -1.0930245e-01   7.2808487e-02   1.0461495e-01  -1.6580342e-01  -1.1272201e-01  -1.0572113e-01   3.3508328e-01  -5.7432401e-03   5.0611913e-01  -1.1264122e-01   4.4428977e-01   1.4011407e-01   1.7622178e-01  -1.0643692e-01  -3.6439789e-01  -2.4300733e-01  -1.6646324e-02  -9.8275070e-02   8.6132560e-01   3.0557788e-01  -3.2363939e-01   1.7529229e-01   8.4180956e-02   2.4960018e-01   2.3593040e-01   7.4889147e-01  -1.6178608e-01   6.7978172e-02  -1.9283887e-02   7.1803478e-01   7.1033861e-01   7.2032056e-02   1.2013226e-01   1.8669853e-01   2.0634728e-02  -2.1178385e-01  -3.3215108e-01   3.5182176e-01  -1.0102801e-01   2.4160527e-01   2.1953866e-01  -4.9184592e-02   4.7883974e-02   3.0540921e-01   7.7932665e-01   7.1832229e-01  -1.0898069e-01   1.2072327e-01   1.3991060e-01   3.9059602e-01   9.2810783e-02  -3.5558721e-01  -1.0853733e-02  -4.7932164e-02  -1.3792699e-01   6.1364823e-01   8.9096632e-02   7.0347532e-01  -1.9841073e-02  -5.9088818e-02   4.9090168e-01   6.7785078e-01   3.3011963e-01   2.3207256e-01   1.5212902e-01   2.7802243e-02   4.7110436e-02  -1.8415531e-01  -1.2572525e-01   2.9181378e-01  -2.3774800e-01  -2.5162621e-02   2.2022083e-01   6.0360340e-01  -2.0214538e-01  -1.1056558e-01  -1.4078842e-01  -6.3283254e-02  -1.4471929e-01  -4.3522460e-02  -1.0146876e-01   3.6417781e-01
  -1.5585392e-01   0.0000000e+00   6.8700863e-01   6.5061755e-03   4.0961374e-01  -2.1289936e-01  -8.1423743e-02   1.5948941e-01   6.6990034e-01   1.6969419e-01  -2.3154011e-01   6.5978614e-01   7.5067165e-02  -3.1323824e-01  -3.9275872e-01  -1.8172930e-01   8.1259280e-01  -5.3380945e-02   9.0185881e-02   3.7225433e-01  -2.1763695e-01  -2.3106830e-01  -2.0837102e-01  -2.7609471e-01   9.4571997e-02  -1.1002921e-01   2.4185155e-01  -3.8465859e-01  -1.1754082e-01  -3.0080736e-02  -4.6483558e-02   7.8900212e-02   1.9993541e-01   3.9333139e-01   2.7741124e-02   3.7316144e-02  -9.1221188e-02  -1.2028511e-01   1.0616081e-01   6.7772985e-01  -1.2832408e-02   2.3002101e-01   1.8162447e-01  -1.8716881e-01  -1.1494046e-01  -4.0173317e-02  -1.7059110e-01   6.6817044e-02   1.3265569e-01   7.4639372e-01  -2.3771285e-01   8.7871142e-04   5.0714387e-01   2.6672311e-01  -6.3634118e-02  -3.0610919e-01  -1.6205931e-01  -2.1516156e-01   1.1715658e-01   8.9659714e-02   5.0734173e-01   5.3352946e-02   3.0823505e-01   2.8192713e-02   1.3918770e-01   5.9954140e-02  -2.2388426e-02  -1.9312520e-03  -2.0442958e-01   7.0693678e-02   7.8003523e-01  -2.8514860e-01   2.9101210e-01  -2.7012128e-02   8.1568912e-02   1.8608706e-01  -8.8520406e-03   8.4094301e-03   5.7027762e-01   1.7921810e-01  -3.2101737e-01   4.7399328e-02   2.4298309e-01  -2.8111497e-02   1.0021370e-01   1.7452364e-01   3.8564998e-01  -3.0714258e-01  -1.9486805e-01  -8.3919893e-02   7.1271516e-01   4.4455725e-01   3.1964982e-01  -3.7219038e-02  -1.3738610e-01   2.8858263e-01  -1.2075918e-01  -6.7072369e-03   1.4603394e-01  -2.9884084e-01   4.6802774e-01  -6.4229523e-02  -3.7897859e-01   7.3762933e-02  -2.0748210e-01   3.0007035e-02   4.3463314e-01  -7.4998903e-02   1.8674620e-01  -7.0898237e-03   9.5127153e-02  -3.1537206e-01   5.1303159e-02  -8.3009799e-02  -2.7508689e-01   6.5628434e-01  -3.6051425e-02   2.1888791e-01  -2.6071665e-01  -7.0752005e-02  -1.0260042e-01   5.3303654e-01   7.7837621e-02   3.1694783e-01  -1.3151651e-01  -2.2313738e-01  -1.1345115e-01   3.6533394e-01   1.0030281e-01   6.8083976e-02   3.1832190e-02   5.9980059e-02   1.1108381e-01   2.8745873e-01  -1.1063209e-01   1.8943878e-01   6.6554422e-02  -1.0802023e-01   7.7994538e-02  -1.4430126e-01  -2.3284103e-01   6.6844303e-02  -2.0568725e-01  -1.7193863e-01  -1.8498388e-01  -2.4108993e-01   2.8985929e-01   6.2052011e-02  -6.8300286e-02  -1.6695147e-01  -9.4489176e-02  -3.4847187e-01   4.5979819e-02   5.5488551e-02   5.7096552e-01  -3.2168314e-01  -1.0306068e-01  -6.4621721e-02   5.7533557e-01  -3.9361909e-01  -5.8346300e-02  -2.6233619e-01   2.7601870e-01  -3.7126928e-02   1.7626296e-02   4.9768478e-01  -1.7157726e-01  -7.6082896e-02   6.4370152e-02   3.4960468e-01   3.7855898e-01  -2.8500299e-01   2.0467359e-02  -1.9435353e-01  -1.6947123e-01   2.4430062e-01   1.4892287e-03
   2.6577649e-02   6.8700863e-01   0.0000000e+00   1.3295564e-01   4.3682857e-01   7.5055267e-02   2.4310106e-02   2.2592610e-01   3.9548633e-01   3.1529088e-01  -1.7185974e-01   6.3790051e-01   1.5261583e-01  -3.7976857e-01  -3.3814836e-01   1.0709441e-01   8.2291835e-01   1.0942430e-01   2.4442023e-01   4.3364919e-01  -4.0474032e-01  -1.0852631e-01  -9.5788741e-02  -2.1300279e-01  -4.5113575e-02   3.5632162e-02   2.9827502e-01  -1.9714632e-01   5.8760295e-02  -1.2459412e-01  -1.5871681e-01   2.0663966e-01   3.9552233e-01   3.4421046e-01   6.7357362e-02   2.2033445e-01  -9.9532802e-02   1.0110308e-01   1.4750521e-01   6.8119730e-01   1.1470666e-01   2.8440356e-01   3.9209130e-01  -1.7298897e-02   6.0524594e-02   2.5360208e-01  -6.8988268e-03  -8.9292548e-02  -3.5280925e-03   6.9337250e-01  -2.7544546e-02   3.2994323e-02   2.9788041e-01   2.5899566e-01  -5.1900652e-02  -1.7011930e-01  -1.2690797e-01  -4.0548169e-02   1.9361788e-01   2.3238660e-01   6.9391713e-01   1.9904111e-01   2.2847375e-01  -5.6970168e-02   1.7253573e-02   8.2715298e-02   1.4382614e-01  -1.0462030e-01  -1.3793710e-01   4.0337597e-01   4.3727819e-01  -1.2258531e-01   2.5559490e-01   2.1078744e-01   1.2698828e-02   8.5645483e-02   2.3396638e-01   1.2837494e-01   4.7765079e-01   1.9061661e-01  -1.0184009e-01   7.1766614e-02   1.9193422e-01   5.3646139e-02   1.2880524e-01   9.3760306e-02   1.9875100e-01  -3.7413477e-01  -1.2745246e-01  -2.4625629e-02   3.9397710e-01   7.0415276e-01   3.1136959e-01   1.9924096e-01   1.1121935e-01   3.4389666e-01  -1.0964183e-01   1.1885684e-01   1.9897457e-01  -1.2546220e-01   3.3221022e-01  -3.5269717e-02  -3.0565653e-01   7.5488756e-02  -1.3701589e-01   2.2556408e-01   4.7754329e-01   5.4521170e-02   1.6882850e-01   3.7800928e-02   2.3672849e-01  -2.6702511e-01  -1.5440529e-01   1.3065578e-01  -2.1798122e-01   2.8347111e-01   1.1710999e-01   1.9506264e-01  -1.5611291e-01   2.0386494e-01   1.5337749e-01   5.0341695e-01   1.6586841e-01   1.4160461e-01   9.5992444e-02   3.3934351e-03  -4.2638940e-02   3.2689524e-01   1.6043922e-01   2.0644370e-01  -2.0814511e-02   4.9532419e-02   1.8925495e-01   6.5316064e-02   6.3901407e-02   1.2227020e-01   9.1988448e-02  -2.1455553e-01   1.0478396e-01   6.8411187e-02  -1.3018804e-01  -4.1154490e-02  -1.5561031e-01   3.6505365e-02  -6.7867122e-02  -1.9335918e-01   3.4111483e-01  -5.1823755e-02  -1.6646541e-02  -3.2075583e-01   1.2808797e-01  -3.3807897e-01   2.4903219e-01  -1.7066886e-02   6.4218031e-01  -2.5801511e-01   1.3159060e-01   9.1573409e-02   6.9001128e-01  -2.2495546e-01   4.2034181e-02  -1.7497386e-01   2.5622981e-01  -1.7179213e-02   1.7593905e-01   3.3712479e-01  -9.9308749e-02   9.1223692e-02   2.2369806e-01   2.4607504e-01   2.8900238e-01  -3.1368568e-01   8.7117905e-02  -1.6163792e-01  -1.7100099e-01   5.3045402e-02   1.0290863e-01
  -1.4027539e-02   6.5061755e-03   1.3295564e-01   0.0000000e+00   2.0923075e-01   8.3111931e-02  -5.8990743e-02   2.5263626e-01   1.3022613e-01  -8.5874859e-02   3.4880496e-01  -1.8934727e-01   2.0991779e-01   1.4131498e-01   8.0868745e-02   4.2834011e-02   6.7734444e-02   4.5243719e-01   1.8495326e-01   7.0909295e-02   1.5235595e-01   4.9138150e-01   2.5213848e-01  -2.5300721e-01  -9.9213814e-02   4.0159635e-01   3.1659201e-01   1.6761712e-01  -4.9561838e-02   3.9719459e-01   2.8601785e-02   2.4939555e-01   4.2070285e-01  -1.3209397e-01   3.1966280e-02   1.8392306e-01   8.3016793e-02  -5.9715591e-02   8.3769953e-02  -2.3252622e-02   3.8503536e-01   3.2338246e-01  -4.5790547e-02   3.0979901e-01   2.0418652e-02   1.8778811e-01   5.2266688e-01   7.4488979e-02   1.0136694e-01  -3.6689925e-02   2.6587465e-01   2.9183619e-01  -1.1194319e-01  -1.4928833e-02  -2.0068005e-01   2.2618235e-01   1.1577784e-01   3.7488599e-01   5.2140905e-01  -3.9421407e-02   1.7878340e-01   1.7134892e-01   2.2820149e-01  -2.5268892e-02   1.8867560e-01   2.8393933e-02   3.1055731e-01  -1.8324334e-01   4.3145426e-01   5.7517334e-02  -1.9332319e-01   1.3856699e-01   1.5598592e-01   8.9427185e-02  -2.3360615e-03   3.4519460e-01   1.1373837e-01   3.3043065e-01   9.1821215e-02   1.0605215e-01   3.0322198e-01  -6.6746998e-03   1.1186767e-01   2.9395182e-01   1.9010397e-01   1.7727526e-01   4.4640613e-02  -4.5264796e-02  -1.2733010e-01  -9.2902855e-02  -3.6990944e-03   2.5044718e-01  -2.0926694e-02   5.8974111e-02   6.2768507e-04  -1.0022754e-02  -4.2044692e-02   3.2928461e-01   3.9644763e-01   7.4327219e-02   3.0054857e-02   9.2674513e-02   3.2296572e-01   3.0932835e-01   3.3922156e-01   5.2812240e-01   4.7004248e-02   2.9157193e-01   5.1698209e-03   1.0515303e-01   8.3129850e-02   1.9629348e-01   6.9328629e-02   7.4568490e-02   4.2533785e-02  -7.2493574e-02   3.2673838e-01   1.5328177e-01   3.0338311e-01   4.8446336e-01   1.1006351e-01  -8.3384380e-02  -1.0394609e-01   1.2665978e-01   4.2939732e-02   1.2244759e-01   8.5813680e-02  -3.0832870e-02   5.6440997e-01   1.2265994e-01  -8.7389731e-02   2.8879577e-02   2.8511241e-01   1.3112076e-01   9.2233341e-02   7.4937338e-02   1.6335472e-01   1.0661704e-01   1.8519886e-01  -2.0347506e-01  -1.6336914e-01  -1.4467027e-01   2.3709885e-01   1.4082134e-01   1.5727089e-01   3.7191920e-01  -1.6560505e-01   2.1829503e-01   2.5131889e-02   2.5882641e-02   1.6800413e-01   3.1804893e-01   6.2264468e-02   1.0627035e-01   1.9489690e-02  -3.2507026e-01  -2.5672577e-02   2.9054080e-01   2.6687030e-01   2.0019283e-01  -9.8525829e-02   3.4520970e-01  -9.1350906e-02   5.8612480e-01   1.2312307e-01  -1.7779588e-01   8.7469867e-03   3.1211401e-01   1.6847929e-01   3.0464323e-02  -9.0913938e-02  -4.5682998e-01   3.4490693e-01   2.6554952e-01   7.4536515e-02  -1.5032018e-01   3.7514377e-01
  -2.3327258e-01   4.0961374e-01   4.3682857e-01   2.0923075e-01   0.0000000e+00   9.3361597e-03   2.5296995e-01  -9.6266151e-02   3.2725046e-01   4.6225559e-01  -1.0486492e-01   3.8361958e-01   1.4555662e-01  -4.4182408e-01  -3.0582135e-01   1.5926051e-01   4.3529597e-01   3.6292493e-01   2.5894739e-01   8.5109172e-01  -1.7717040e-02   9.5053279e-02   1.3227958e-01  -3.4218418e-01   1.6142536e-01   9.9250602e-02   3.8387743e-01  -2.6193127e-01   7.0782061e-02   5.3664100e-02  -3.1360607e-01   3.3060263e-01   1.9435815e-01   2.7540934e-01   2.0830659e-01   7.2750501e-01   3.2187318e-01   3.8352990e-02   2.5924606e-01   3.7289706e-01   1.3601413e-01   1.8977882e-01   1.4319301e-01  -2.0555060e-01   3.6111926e-01  -2.2908347e-01   7.3034519e-02   1.0226412e-01   4.8377823e-02   3.2057973e-01   2.2767189e-01  -8.8328362e-02   3.9530989e-03   1.4652906e-01  -2.5096055e-01  -1.9202958e-01  -1.0729601e-02  -1.0197404e-02  -5.3806006e-02   7.5598311e-02   1.8970425e-01   4.9631390e-01   3.2698662e-01  -3.9821405e-01   3.6422652e-01   3.6787316e-01  -5.6315715e-02   2.0482764e-02  -1.0661631e-01  -1.3047190e-01   2.7153650e-01   1.5998169e-01   2.5563394e-01  -1.2311939e-01  -3.5237263e-01  -4.8143132e-02   1.2577731e-01   3.0059598e-02   7.5295950e-01   3.5007541e-01   1.3595733e-02   2.8063420e-01  -1.1716267e-01  -5.9753891e-02  -1.9197398e-01  -2.0562240e-01   1.1124989e-01  -4.1828932e-01   2.2095873e-02  -3.0676625e-01   6.2518435e-01   2.8139199e-01   3.1366837e-01   4.2913870e-01   2.4573362e-02   7.5693487e-01  -2.5856764e-02  -2.0966862e-03   3.7738056e-01   8.4338737e-02  -1.0662312e-01  -2.5908352e-01  -2.5313521e-01  -3.3646170e-02   1.8634231e-01   1.0757714e-01   2.4442000e-01  -8.6076351e-02   2.0860211e-01   1.7632744e-01   1.7223738e-01  -6.4804171e-02   2.5395873e-02  -1.3912361e-01  -3.6954211e-01   4.8839060e-01  -1.1328382e-01   3.4186576e-01  -3.1141714e-01   3.4886348e-01  -1.1546316e-01   7.6780223e-01  -5.2805415e-03   3.1542503e-01  -2.3406684e-01  -2.6255106e-01   3.5834313e-01   1.3089566e-01   2.3993680e-01  -1.9171670e-01   8.5927345e-02   3.6889963e-01  -2.1639149e-01  -9.3191723e-02   1.7203680e-01  -2.0186329e-01  -1.9729383e-01  -1.7253139e-01  -2.1441093e-01  -1.5469366e-01  -2.4669640e-01  -2.2709418e-01  -7.4591123e-02  -1.9769901e-01  -1.8167041e-02   1.2546513e-02   2.5961064e-01   2.3535716e-01   1.9780125e-01  -9.3896758e-02  -2.6954580e-01  -1.8215273e-01  -4.4324351e-02   1.9861898e-01   9.1136854e-02  -2.6331835e-01  -2.4598797e-01   1.7255825e-01   2.5632088e-01  -2.0414562e-01   6.6998679e-02  -8.3136319e-02   3.2309367e-01   2.3277261e-01   3.6128517e-01   4.4144578e-01   1.4645202e-01  -2.1502843e-01  -1.5872397e-03   3.6400392e-01   5.4843630e-01  -2.3244072e-01   2.6095750e-01  -6.7187330e-02  -2.2863956e-02   9.7217343e-02  -4.4295748e-02
   1.8011396e-01  -2.1289936e-01   7.5055267e-02   8.3111931e-02   9.3361597e-03   0.0000000e+00  -9.0861934e-04   2.2612150e-01  -1.8118142e-01   4.2808323e-02   2.6126166e-01  -6.1372094e-02   2.5550346e-01   5.0641072e-02   2.8717778e-02   2.8811813e-01  -9.4329478e-02   6.9801878e-02   3.1703404e-01   1.9139322e-02  -7.4048309e-02   1.4440405e-01  -1.2447982e-02  -9.0001463e-02  -1.7439781e-01   2.7092235e-01   2.8253426e-01   2.2078509e-01   1.8888002e-01   4.6429173e-02  -1.3709917e-01   3.3073359e-02  -3.1693429e-02  -5.3769318e-02   1.7678194e-01   1.4964831e-01  -1.5882846e-01   1.5270235e-01  -1.0795604e-02   7.3513917e-02   2.5342057e-01   4.5797355e-02   1.2575105e-01   4.2450160e-01  -4.0791232e-02   2.0100100e-01   1.9706295e-01  -1.4016284e-01  -3.2347270e-02  -8.4920066e-02   2.8366248e-01   1.8554489e-01  -1.9537415e-01  -8.3495443e-03  -3.2042817e-01   3.4512685e-01   3.6188845e-01   1.3302632e-01   9.9534042e-02   1.6029616e-01   3.0641538e-02  -1.1869765e-01  -1.0615227e-01   1.9726302e-02  -6.7683253e-02   2.5908934e-01   5.3216759e-01  -1.4597322e-01   2.5404957e-01   2.7150917e-01  -2.5647110e-01  -5.2768518e-02  -9.3540142e-03   3.3622402e-01  -2.6406266e-02  -7.1483046e-02  -7.0204503e-03   3.0090438e-01  -9.9478825e-02  -9.9625172e-02   2.8632311e-01  -4.1529634e-02   4.5145578e-02   3.3634297e-01   2.2193704e-01   7.0311075e-02  -8.7170919e-02  -1.4241920e-01  -2.1018380e-02   9.5363761e-02  -1.2362109e-01   7.1315880e-02  -1.3556185e-01   1.8436230e-01   4.9409139e-02  -2.6810278e-02  -4.9176981e-02   4.2421513e-01  -8.7906319e-03   1.1710361e-01   2.2755579e-02   2.2205181e-01   1.6504586e-01   1.9276089e-01   9.5452370e-03   6.2450950e-02  -2.1221866e-01   4.4265165e-01  -1.3628567e-01   7.0893225e-02   8.5840139e-02   9.1418589e-02  -2.9704742e-01   1.5969697e-01   2.0897707e-01  -2.8158477e-01   2.6025993e-01   9.9788233e-02   3.6439460e-01   1.7880324e-01   1.6870721e-01  -6.7158869e-02   6.0955692e-02  -1.7643828e-01   1.9087521e-01   3.2299048e-01   3.1865489e-02  -2.1652199e-01   5.7696479e-02   3.0648712e-01  -7.5575939e-02  -4.5460513e-02   3.2153777e-01  -1.7756362e-01   8.2466974e-02   1.4661229e-01  -4.8537383e-03   5.3629551e-02   2.0665301e-01   6.8662909e-02   9.3867752e-02  -5.4190317e-02   1.3125049e-01   4.3495478e-01   9.0238955e-02  -1.6507676e-02   5.8213286e-02   1.9979673e-01   2.5270754e-01  -2.0172023e-01   3.2755465e-01   2.3408628e-01   7.4754586e-03  -2.2750355e-02   2.4442178e-01  -7.7221534e-02   6.7902982e-02   2.3650912e-01  -3.4759430e-02   1.1614172e-01   6.0519585e-02   2.8522507e-01   5.5541368e-02   2.5102758e-02   6.4412809e-02  -1.6941769e-01   2.7556999e-01   3.0024158e-01  -1.7591652e-02  -5.4307164e-03  -1.6773598e-01  -1.0615341e-01  -3.2957523e-02   4.0036828e-01  -1.3399166e-01  -2.9770373e-01   7.6039910e-02
  -2.2168557e-01  -8.1423743e-02   2.4310106e-02  -5.8990743e-02   2.5296995e-01  -9.0861934e-04   0.0000000e+00  -1.7542138e-01   1.2997517e-01   4.4148972e-01  -2.0226079e-01   3.4776966e-01   2.4437596e-01  -1.5116739e-01   1.1018508e-01   1.7605569e-01  -1.1527324e-01   7.1100565e-02  -2.3782030e-02   2.7239518e-01   1.1979311e-01  -1.5270373e-01   3.8226405e-01  -3.8157867e-01   1.7796312e-02  -1.4454700e-01   1.1335744e-01  -5.8289179e-02   2.8243417e-01   2.0717404e-02  -1.2283446e-01  -1.2683166e-02  -3.5696641e-02   5.7149556e-01   4.3707434e-02   3.8212792e-01   1.7932898e-01   6.9888548e-02   8.4403617e-02   1.5719229e-01   2.2749912e-01  -5.0712466e-02  -6.6071228e-02  -1.1626945e-01   2.9007701e-01  -2.1059493e-01  -1.9855800e-01   5.0042123e-01  -5.9983892e-02  -1.0534233e-01   1.0728037e-01  -1.2981304e-01   1.8716576e-01  -3.5094767e-03  -1.9238673e-01  -8.9330928e-02  -1.8855513e-01  -2.9920356e-01   9.7793374e-02  -2.1978050e-01  -2.0459913e-01   3.5710911e-01  -1.4455653e-01  -2.5885196e-01   2.2052609e-01   2.6671105e-01  -7.0044292e-02  -3.4312533e-02  -3.1882623e-01  -1.9005033e-01   2.3307484e-01  -1.8737537e-03   1.8120971e-01  -1.1939991e-01  -2.5537907e-01  -3.6980274e-01  -1.1454910e-01  -1.0882941e-01   3.8964820e-01  -6.5584940e-02   3.9338702e-01   2.9768466e-02   1.3809401e-01  -1.1686993e-01  -3.4916725e-02  -3.4980411e-01   1.3915922e-01  -3.8370518e-01  -2.1679984e-02  -2.7942122e-01   7.9063822e-02  -2.1176676e-01   5.6809539e-01   1.0944433e-01  -4.1072901e-02   1.4198909e-01  -3.6543531e-04  -1.5494907e-01   2.9128643e-01   5.2872951e-01   1.2972808e-01  -9.1250174e-04  -7.9987374e-02  -1.7370427e-01  -3.4424610e-02  -1.5518510e-01  -7.3581486e-02  -2.8332241e-01   1.8060882e-01   3.4763019e-01   6.2261020e-01  -1.4660699e-01  -6.1493120e-02  -1.3637100e-01  -2.2716639e-04   6.1857711e-02  -1.1148005e-01   1.0334513e-01  -2.5688119e-01   1.0584090e-02  -2.6927844e-01   2.0504036e-01  -6.2603521e-02   1.2410773e-01  -1.7164703e-01  -2.7886556e-01   3.2911903e-01  -2.2302519e-01  -1.4232253e-01  -2.9369565e-02  -2.3184199e-02   6.8569524e-01  -1.9544252e-01   6.7193844e-02  -7.8555503e-02  -2.3382287e-01  -1.0052923e-01   2.3038586e-01  -1.4993080e-01  -8.4163523e-02  -1.8116560e-01  -1.9882259e-01  -3.4909220e-01   3.4660677e-02   1.3292777e-01  -5.5163080e-02   6.7979419e-01  -2.0768785e-02   1.4010791e-01   1.6216839e-01   2.7881407e-02   1.5208520e-02  -3.0077669e-01   1.7996864e-01   4.5403567e-02  -1.6238390e-01  -2.0412918e-01   7.9346828e-02  -2.8483763e-01   3.4950684e-01   1.7751663e-02  -1.8483149e-01   4.3789575e-01   5.0746702e-02  -8.3871440e-02   3.4435550e-01   2.8314648e-01  -2.3540818e-01  -2.7770623e-01   1.9154846e-01   5.0051625e-01  -2.1866404e-01   1.1537887e-01  -1.3582619e-01  -1.9115485e-02  -2.2897408e-01  -2.1753316e-01
   2.9151846e-01   1.5948941e-01   2.2592610e-01   2.5263626e-01  -9.6266151e-02   2.2612150e-01  -1.7542138e-01   0.0000000e+00   2.6897508e-01  -1.3079751e-01   9.9385000e-02   1.6524059e-01   2.6955330e-01   1.3306273e-01  -2.0469801e-01  -1.4636791e-01   3.8362986e-02  -8.0173011e-02   2.1907986e-01  -1.1199669e-01  -1.4945094e-01   8.7476156e-03  -4.0955300e-02   7.0317933e-03   4.9592819e-02   3.3912798e-01   1.1980030e-01   1.7542305e-01  -2.2337850e-01   4.8152542e-03   2.8781534e-01   1.8267589e-01  -1.4115534e-02   9.5240992e-02   5.0251238e-02  -1.9453321e-01  -1.2241783e-01  -9.9333556e-02  -3.6405484e-01   1.1195793e-01   2.1503007e-01   2.4122602e-01   1.0556902e-01   4.3733866e-01  -2.8488732e-01   4.1700402e-01   4.8203197e-02   4.1960444e-02   3.5936110e-01   4.9220108e-02  -4.7821416e-02   7.9031025e-01   2.1278251e-01   3.3575914e-01  -3.7112226e-02   2.9980693e-01   1.0467406e-01   3.0773579e-01   3.0342766e-01   1.8071700e-01   2.6859363e-01  -1.5815935e-01   2.2447154e-01   5.8697255e-01  -1.1591435e-01  -1.3363683e-01   3.0664670e-01  -3.0122639e-01   1.1346030e-01   1.5566440e-01   4.6838837e-02  -4.0915592e-01   4.0077752e-02   1.8499322e-01   2.4681788e-01   5.6086924e-01  -1.1894129e-01   3.9650545e-01  -3.5510720e-02  -4.0271328e-02   1.4541420e-01  -1.6617998e-01   2.8289416e-01   6.5586063e-01   1.8539442e-01   6.6395475e-01   1.7655275e-01   4.4667958e-02  -2.6187434e-01   3.5278209e-01   7.4567929e-02   2.1582971e-01   1.6942643e-01  -6.9617256e-02   2.1722205e-02  -1.4994654e-01   4.5575602e-02   4.5201164e-01   2.4090533e-01  -1.2292419e-01   2.3450952e-01   5.5298533e-01   1.8310346e-01   4.7421387e-01  -1.1821730e-01   3.8481117e-01   1.5262403e-01   4.6415576e-01  -2.1011520e-01  -1.4432618e-01   4.9028873e-02  -2.4349773e-01  -9.7737690e-02   3.9253673e-01   2.0076404e-01   1.9551551e-02   5.0954400e-01   3.9457688e-02   1.8151184e-01   1.0747992e-01   4.3246640e-01  -7.1138178e-02  -8.6759829e-02   1.2863968e-02   4.6701357e-01   3.1054190e-01  -2.1382935e-01   3.3501041e-02   3.8240577e-01  -1.1997963e-02  -2.4280543e-01  -1.3437757e-01   4.2990789e-01   2.2694747e-01   2.4348297e-02   7.6216078e-01   1.8122866e-01   1.2975185e-01   7.8196757e-01   4.4161489e-02   1.9422893e-02  -1.4934838e-01   1.4499730e-01   7.9385896e-02   4.2387191e-02  -8.7252606e-02  -2.6652465e-02  -1.5349372e-01  -3.7758164e-03  -5.9278145e-03   3.7603939e-01   3.9601191e-01   3.3849842e-01   1.2702647e-01   2.0905644e-01  -2.7415803e-02   3.0045395e-01   9.6867257e-02   2.8054333e-01   3.5966188e-01  -5.8870117e-02   3.4760477e-01   6.9707511e-03   4.6415078e-02  -3.4621265e-02  -1.1834424e-01  -1.1627397e-02   2.2038169e-01   2.4341630e-01   3.7168539e-02  -1.7201374e-01  -4.8386848e-01  -3.0327041e-02  -1.6841045e-01  -5.6033659e-02  -1.0619035e-01   3.9420381e-01
  -8.4618849e-02   6.6990034e-01   3.9548633e-01   1.3022613e-01   3.2725046e-01  -1.8118142e-01   1.2997517e-01   2.6897508e-01   0.0000000e+00   1.3475760e-01  -1.5562279e-01   5.8294942e-01   2.1174182e-01  -1.0894053e-01  -1.2072420e-01  -2.2491382e-02   4.7065331e-01  -6.0387425e-02   4.6629160e-02   2.8396450e-01   7.3803849e-02  -1.8155567e-01  -1.7927837e-01  -2.9638679e-01   1.8457849e-01  -6.3789402e-02   3.6530197e-01  -2.4646423e-01  -1.2375242e-01   2.0878962e-01   1.8745805e-01   2.3336961e-01   2.1323067e-01   4.3843998e-01   2.0898282e-01   1.0009283e-01  -2.4113509e-02  -6.4046819e-02   1.6282169e-01   5.4365813e-01   2.1376131e-01   7.3937222e-02   2.8732148e-01  -5.8317174e-02  -1.3582195e-01  -1.1493802e-01  -1.3446136e-01   3.8290665e-01   1.4549384e-01   4.7587854e-01  -8.6539909e-02   1.0323858e-01   5.3910625e-01   2.3634285e-02  -1.1165008e-01  -2.9080577e-01  -8.8621489e-02  -1.5003110e-01   1.7468994e-01   1.1452599e-01   2.9210815e-01  -1.4519958e-03   3.6782613e-01   1.7634000e-01   1.2323278e-01   5.6969627e-02  -5.9986590e-02  -8.0239099e-02  -1.9904030e-01  -9.6702570e-02   6.7948788e-01  -2.8595814e-01   4.5313356e-01   1.9847927e-02  -8.9844582e-02   1.9165475e-01  -1.6360422e-01   9.1941140e-02   5.2741743e-01   1.4949517e-01  -1.9986257e-01   2.3664499e-01   3.3976598e-01   1.3706336e-01   7.0293622e-02   1.5189102e-01   6.0824031e-01  -2.6427584e-01  -1.6060108e-01  -4.1170956e-02   6.7829131e-01   2.2872468e-01   3.2203373e-01   1.6236392e-01  -1.9127595e-01   2.8429687e-01  -1.2384030e-01  -2.3826866e-02   1.6833574e-01  -2.2670191e-01   4.8661000e-01   1.6940843e-02  -2.2513112e-01   3.5621681e-01  -1.2967382e-01   9.7510327e-02   3.5820830e-01  -8.5675980e-02   1.2541915e-01   9.0271384e-02   1.4902870e-01  -2.0940496e-01  -4.9065886e-02  -2.3091878e-02  -2.0268038e-01   5.5507940e-01   2.0686275e-02   3.3512002e-01  -2.7759773e-01   9.3238352e-02  -5.5069423e-02   4.2727770e-01   3.4743001e-02   4.2914852e-01  -8.1450315e-02  -6.7548970e-02  -3.9485338e-02   1.4882226e-01   1.4222931e-01  -4.9521766e-04  -4.1088189e-02   2.0039467e-01   1.3708795e-01   4.6357481e-01   5.2586790e-03   1.9090338e-01  -1.1310566e-01   1.8507824e-01   1.7704150e-01  -1.8306944e-01  -1.9386167e-01  -5.7802369e-02  -1.5676801e-01  -1.3730891e-01  -6.3909513e-03  -1.1094453e-01   2.8430879e-01   6.0279523e-02  -4.2702562e-02  -6.1544208e-03  -1.0695947e-02  -1.0161301e-01   4.6076341e-02   1.5979188e-01   4.2475351e-01  -2.1939345e-01  -1.4638496e-01   1.9650611e-01   3.4238710e-01  -1.0415417e-01  -1.1685919e-01  -5.0581712e-02   2.8485970e-01  -2.0339513e-02   7.5127638e-02   4.1497757e-01  -1.0726412e-01  -1.5021666e-01   4.7142924e-02   2.7060315e-01   3.8880480e-01  -5.1925577e-01  -4.7032987e-02  -1.8907528e-01  -1.7227331e-01   2.5839900e-02   1.5256142e-02
  -1.0358523e-01   1.6969419e-01   3.1529088e-01  -8.5874859e-02   4.6225559e-01   4.2808323e-02   4.4148972e-01  -1.3079751e-01   1.3475760e-01   0.0000000e+00  -2.9447960e-01   4.2332496e-01   1.5972918e-01  -2.7265262e-01  -3.2285040e-01   2.6560003e-01   1.9542620e-01   1.6068843e-01   4.1599547e-02   5.4608997e-01   1.1980280e-02  -1.7697178e-01   2.2455615e-01  -3.2435913e-01   4.5899437e-02  -1.8313796e-01   2.5230446e-01  -2.3472654e-01   3.5964856e-01  -1.4425986e-01  -2.5430719e-01   1.8241342e-01   1.1704096e-01   2.6920356e-01   1.9374547e-01   3.5350183e-01   1.7419114e-01   2.5462817e-01   3.2382736e-01   4.1669221e-01   9.6256159e-02  -3.5535412e-02   3.1826252e-01  -6.4599297e-02   3.2562156e-01  -1.8835433e-01  -1.9722899e-01   1.3839003e-01  -1.4265506e-02   2.0423209e-01   2.6348372e-02  -1.8199271e-01  -9.1485419e-03   9.5219813e-03  -1.0992676e-01  -1.3741292e-01  -2.5342315e-01  -2.2629880e-01  -6.9159539e-02   7.0333985e-02   7.2002243e-02   4.6598270e-01   7.2910568e-02  -3.5625188e-01   2.2574951e-01   2.2223420e-01  -3.3110157e-02   5.4401960e-02  -3.1603215e-01  -5.6410109e-03   1.4110943e-01   3.1912078e-02   2.3069338e-01  -2.8381436e-02  -3.8865741e-01  -2.0946750e-01   2.1224343e-01  -7.5569412e-02   3.6495334e-01   2.9687338e-01   8.4030503e-02   1.8925017e-01   2.9848062e-02  -1.2198814e-01  -2.2210753e-02  -2.5377209e-01   2.1746240e-01  -3.8598070e-01   1.2694783e-01  -2.1282466e-01   2.3354361e-01   8.8644819e-02   3.5864678e-01   2.8389460e-01   7.9099514e-02   5.4744577e-01   1.8932932e-03  -1.3580478e-01   1.5789375e-01   2.8218514e-01   1.4660769e-01  -2.9542681e-01  -2.4099824e-01  -1.3019590e-01  -2.1210736e-01   2.6354178e-02   2.7830735e-01  -1.6393337e-01   2.1159162e-01  -1.5488648e-02   3.3589287e-01  -2.5264178e-01   1.2593138e-02  -8.9506257e-02  -1.1614265e-01   3.4784502e-03  -1.3507175e-01   1.1718636e-01  -2.6264079e-01   8.4277928e-02  -1.8692383e-01   5.2429918e-01   6.3469689e-02   2.0738255e-01  -1.7991680e-01  -2.2268539e-01   2.4411546e-01   3.7608371e-02  -5.9013903e-02  -6.7943100e-03   1.7886261e-01   3.0124880e-01  -2.1549367e-01   2.7093698e-02   1.7486551e-01  -1.8280269e-01  -3.5872648e-01  -1.5566395e-01  -2.2945899e-01   3.4189367e-02  -1.3335808e-01  -7.5740815e-02  -3.3980789e-01   5.7878683e-02   5.2997225e-02  -1.8919594e-02   5.6311188e-01  -4.6841120e-02   8.4383560e-02  -6.4468360e-03  -8.3138996e-02  -2.1029945e-01  -1.3726989e-01   5.7308281e-02   2.5632017e-01  -1.5402760e-01  -9.8266495e-02   2.7275264e-02  -2.7787797e-02  -7.4181573e-02   9.5364669e-02  -2.0252290e-01   5.7286846e-01  -4.7576610e-02   2.7575935e-01   2.1697486e-01   1.1994436e-01  -2.6442293e-01   9.8794736e-03  -1.0085698e-02   2.4608957e-01  -1.2350169e-01   2.5505325e-02  -8.2550815e-02  -7.4992367e-03   1.0074058e-01  -1.4176859e-01
   1.3906760e-01  -2.3154011e-01  -1.7185974e-01   3.4880496e-01  -1.0486492e-01   2.6126166e-01  -2.0226079e-01   9.9385000e-02  -1.5562279e-01  -2.9447960e-01   0.0000000e+00  -3.5413709e-01  -4.8190463e-02   7.6816399e-03   3.2867964e-01   7.0639867e-02  -1.5674844e-01   2.1897060e-01   3.2313697e-01  -1.8077505e-01   2.3088386e-01   4.9895327e-01   1.0201152e-01  -8.1095606e-02  -1.0391607e-01   2.1861167e-01   1.7565739e-01   1.5996066e-01  -2.2899442e-01   2.7877754e-01   2.7081716e-03   1.3166907e-01   1.7583763e-01  -1.4139083e-01   6.9784198e-02   1.5170612e-01  -1.1453395e-01   1.8178939e-01   6.4246271e-02  -2.8869979e-01   1.2683706e-01   1.0653709e-01  -2.2311244e-01   2.9033457e-01   6.0997126e-02   1.8802568e-01   6.7092540e-01  -1.4028149e-01  -1.2424523e-01  -2.4849373e-01   4.7166951e-01   9.8217284e-02  -1.8758649e-01  -1.0038939e-01  -1.2188157e-01   5.0905174e-01   1.0757329e-01   4.3028749e-01   2.6912453e-01   2.6919735e-01   1.6491317e-01  -1.4105397e-01  -1.1959250e-01   2.9600172e-01  -2.2118788e-03   1.9248656e-01   3.4932254e-01  -2.8816288e-01   7.5315257e-01   4.7313750e-02  -2.5800376e-01   1.6550542e-01   9.2641067e-02   9.8343159e-02   1.5001678e-01   1.4709349e-01   9.9929629e-02   3.6008065e-01  -2.1624879e-01   1.4165794e-01   2.4933712e-01   1.8749660e-01   8.7064808e-02   2.0409356e-01   5.7669315e-03  -3.6422251e-02  -2.5550174e-01   6.9066141e-02  -5.9532463e-02   1.4783017e-01  -2.3248037e-01   1.4254532e-01  -3.3519293e-01   8.2444069e-02   2.1015478e-01  -1.5382464e-01  -2.4697720e-02   1.8691793e-01  -7.9101090e-02  -5.6123841e-02  -2.5234061e-01   2.1592181e-01   1.7740697e-01   2.6395120e-01   3.7991232e-01   2.8446712e-01  -8.7354501e-02   4.0476949e-01  -8.1536960e-02   2.8736102e-01   2.5552102e-02   4.9297940e-01  -6.9539095e-03   9.9294794e-02  -6.2928941e-06  -3.0339840e-01   2.2751034e-01   1.5551598e-01   3.7576252e-01   2.2137168e-01   1.5444933e-01  -2.8356694e-01  -1.3124838e-01   4.5467713e-02   1.9991543e-01   3.2755905e-01   1.4442388e-01   8.4112042e-03   2.3153638e-01  -3.4865300e-02  -2.0550710e-01  -5.1123130e-02   1.8036695e-01   8.0444615e-02  -2.8065862e-02  -7.6854419e-02  -6.7784006e-03   7.1862611e-02   4.7185392e-02   5.9830129e-02   6.9524783e-02  -1.2760163e-01   6.6193715e-01   1.1585010e-01   3.2111543e-01   3.9539592e-01  -4.1367608e-01   3.2871016e-01   2.3186188e-01  -7.8655186e-02   9.7624585e-02   2.3284823e-01   1.0592957e-01   3.3549532e-01  -8.2823561e-02  -1.6783809e-01   5.8481732e-02   2.1384575e-01   1.6592376e-01   1.3846453e-01  -5.1354918e-02   6.0611339e-01  -1.4899680e-01   3.4924962e-01   1.9554004e-01  -4.2725406e-01   3.9743429e-01   1.8527756e-01   6.4592276e-03   1.1954377e-01  -2.4775463e-01  -1.5771305e-01   3.0047222e-01   2.8395404e-01  -9.4387891e-02  -4.4915049e-02   3.5358668e-01
  -8.1137685e-02   6.5978614e-01   6.3790051e-01  -1.8934727e-01   3.8361958e-01  -6.1372094e-02   3.4776966e-01   1.6524059e-01   5.8294942e-01   4.2332496e-01  -3.5413709e-01   0.0000000e+00   1.4443104e-01  -3.9070956e-01  -3.9391459e-01   5.2793564e-02   5.6319784e-01  -2.6007148e-01   4.5464143e-02   4.3084561e-01  -2.5854259e-01  -3.9861077e-01  -1.6356801e-01  -2.8939997e-01   7.4384139e-02  -2.0280327e-01   2.7737045e-01  -4.0594702e-01   9.0394946e-02  -1.6099157e-01  -4.4231328e-02   1.0447796e-01   5.5286462e-02   7.1060658e-01   1.7594767e-01   1.4079677e-01  -8.8706767e-02   3.8451834e-02   1.0136707e-01   7.5841903e-01  -1.6028077e-02   1.1062205e-01   3.7917396e-01  -2.1400189e-01  -6.9572553e-02  -1.4881127e-01  -3.3201285e-01   1.4268182e-01   5.5528618e-02   6.2322746e-01  -2.3392750e-01  -2.3439345e-02   5.5661883e-01   2.6047598e-01  -1.5178313e-01  -3.6824478e-01  -3.1229487e-01  -3.4516458e-01   4.6667397e-02   1.6886932e-01   2.6919764e-01   9.3891656e-02   2.6289029e-01  -1.1672056e-02  -5.0704854e-02   1.3314649e-01  -5.4031248e-02  -1.3500266e-02  -3.8526440e-01  -8.3291136e-02   7.4362461e-01  -3.1886949e-01   3.1073218e-01   9.5518255e-02  -1.1626742e-02  -8.5834534e-03  -1.1570971e-01  -8.1438714e-02   6.2490211e-01   5.1368315e-02  -2.1837167e-01   2.0739039e-01   2.2174611e-01  -4.5505400e-02  -2.6328343e-02   4.0771643e-02   3.7567026e-01  -4.0812660e-01  -1.1445923e-01  -7.3990338e-02   5.9592881e-01   2.5650161e-01   5.4387490e-01   1.3124960e-01  -1.5206716e-01   3.7210486e-01  -4.0927507e-02  -6.9832994e-02   1.7201608e-01  -3.2493842e-03   4.2114779e-01   1.0003862e-02  -4.4804170e-01  -1.6661624e-02  -3.7153581e-01  -1.2651425e-01   4.3097323e-01  -1.9098678e-01   1.3035814e-01   9.2817477e-02   3.6733765e-01  -3.4636928e-01  -1.2725998e-01  -4.4313599e-02  -2.6784768e-01   5.1173091e-01  -1.1180990e-01   1.6539978e-01  -4.3950188e-01  -5.1773999e-02  -1.1591263e-01   6.3336780e-01   1.4143937e-01   1.6830308e-01  -1.1052351e-01  -1.7337380e-01  -7.6263625e-02   3.0409961e-01  -1.6319745e-01  -1.0446076e-01  -6.2642539e-03   2.5434819e-01  -5.0762380e-02   1.6875157e-01   2.3306426e-02   1.6910390e-01  -9.5442029e-02  -1.3440767e-01   1.0754604e-01  -6.4717481e-02  -1.9246857e-01  -5.9721303e-03  -3.3973585e-01  -1.8800987e-01  -1.3476267e-01  -3.2392136e-01   6.3256120e-01  -1.4445890e-01   1.1543256e-01  -1.2475179e-01  -5.3477798e-02  -4.0556206e-01  -1.9912640e-02   1.2714105e-01   5.2039259e-01  -2.2670860e-01  -1.3690515e-01  -5.8363638e-03   2.7462638e-01  -1.3165681e-01  -3.2452299e-02  -3.6062536e-01   3.7558827e-01  -3.2117311e-01   6.2874039e-02   5.6495060e-01   3.1760240e-03  -2.8435196e-01   8.1101446e-03   3.9784571e-01   5.4812660e-01  -3.3871252e-01  -1.7166036e-01  -3.7664598e-01  -1.4512734e-01   9.9135324e-02  -1.4064423e-01
   1.5773259e-01   7.5067165e-02   1.5261583e-01   2.0991779e-01   1.4555662e-01   2.5550346e-01   2.4437596e-01   2.6955330e-01   2.1174182e-01   1.5972918e-01  -4.8190463e-02   1.4443104e-01   0.0000000e+00   1.2212107e-01   3.0843067e-02   3.4662563e-01   5.8701399e-02   1.2399826e-01   1.5743657e-01   2.4807823e-01  -1.7249975e-01  -7.3063407e-02   1.1698082e-01  -1.2228059e-01  -4.1248079e-02   1.7462088e-01   3.0066765e-01   1.7540485e-01   1.5631709e-01  -3.0716986e-02  -3.7350610e-02   9.6357264e-02  -3.3230994e-02   1.7816279e-01   6.1848813e-02   9.8940852e-02  -1.0466603e-01  -4.8102006e-03  -7.8550076e-02   2.7378532e-01   5.2789014e-01   2.0615899e-01   1.2913390e-01   9.7885967e-02   4.5298386e-02   6.8847432e-02  -3.5458261e-02   1.2063904e-01   2.1905054e-01   1.0942646e-01   9.4565512e-02   3.3528424e-01   7.5264309e-02  -2.2949411e-02  -2.2495228e-01   8.8298398e-02   1.3864707e-01  -2.7172573e-02   3.4982380e-01  -3.0020382e-02   1.0069491e-01   1.5734642e-01   2.9626579e-02  -5.4503061e-02   1.6778072e-02   2.1343949e-01   1.1722362e-01  -1.1623834e-01  -2.2635735e-02  -2.9262611e-02   4.5314457e-02  -2.1952773e-01   1.8752533e-01   1.3063743e-01  -1.1463208e-01  -5.3096526e-02  -1.1830609e-01   1.0214682e-01   1.7234146e-01  -1.0947171e-02   2.9577588e-01   1.3637278e-02   9.8795661e-02   1.4166221e-01   1.5595448e-01   2.2784680e-01   2.1750258e-01  -4.7015392e-03   3.6931478e-02   1.6093883e-01   1.0732320e-01   5.2168649e-02   2.7681764e-01   4.3423792e-02  -7.9697832e-02   1.2151655e-01   1.1764583e-01   2.4624333e-01   3.1159616e-01   2.4221579e-01   8.6109446e-02   3.6623399e-01   9.7928031e-02   2.1554137e-01  -1.1521493e-01   7.4685659e-02   1.5665523e-02   1.6678511e-01   9.7960837e-02  -2.6728051e-02   2.2590702e-01  -2.1351264e-01  -2.1510369e-01   2.7960246e-01   2.0121847e-01   1.2036208e-01   2.0728758e-01   3.4255608e-01   1.2356075e-01   9.3379117e-02   1.9017049e-01   1.7912854e-01   3.1616079e-02  -1.6507118e-01   1.3960848e-01   5.8435548e-02   1.1579272e-01  -2.4610577e-01   1.3786929e-01  -3.6074229e-03   1.7228163e-01   1.7144002e-01   2.6485804e-01  -8.3112679e-03   8.3437313e-02   1.7257318e-01   1.4491073e-01  -1.5783342e-02   3.1897682e-01   9.7604877e-02   1.3251923e-01   9.2755114e-02  -9.3140794e-02   3.8597379e-02   1.1577125e-01  -2.6929670e-01   2.4753386e-01   4.8669621e-02   1.3394239e-01   3.9296135e-02   2.1590166e-01   1.4784149e-01   1.1380195e-01   1.6267446e-01   8.2243433e-02  -4.2908832e-02   8.8338417e-02   3.7794427e-01   2.3994353e-02   2.4308639e-01  -3.6997802e-02   1.6973877e-01   8.6779102e-02   4.8738898e-02  -7.5522024e-02   2.3342089e-01   1.1580382e-01   7.8830216e-02   5.4877195e-02   6.2091130e-02   1.8271672e-01  -3.5232115e-01  -9.3654821e-02  -1.9853731e-02  -8.2120657e-02  -3.0679145e-01   1.0747910e-01
   3.3609809e-01  -3.1323824e-01  -3.7976857e-01   1.4131498e-01  -4.4182408e-01   5.0641072e-02  -1.5116739e-01   1.3306273e-01  -1.0894053e-01  -2.7265262e-01   7.6816399e-03  -3.9070956e-01   1.2212107e-01   0.0000000e+00   1.7678318e-01  -4.1688150e-03  -4.1882158e-01  -1.8260178e-01  -1.5723867e-02  -3.7459247e-01   1.3833245e-01  -8.5595035e-03   1.3844115e-01   3.9193818e-01  -1.9306529e-01   1.5032985e-01  -1.5412990e-01   3.7824075e-01  -1.3644911e-01   5.5905771e-02   3.7079365e-01  -6.5213344e-02  -1.6919098e-02  -3.5571442e-01  -3.5560994e-02  -2.7635971e-01  -1.8991420e-01  -1.1719407e-01  -7.1156780e-02  -2.4146264e-01   2.6798536e-01   2.0040629e-02  -2.2162989e-01   1.1049506e-01  -1.7461116e-01   1.7935945e-01  -9.9241894e-02   1.0239533e-01   2.3199057e-01  -3.0482847e-01  -1.2258988e-01   1.4652397e-01  -4.9810997e-02  -1.3782614e-01   2.7638600e-01   4.2431663e-02   2.4559659e-01  -8.7907065e-03   1.8833976e-01  -2.4949387e-01  -2.0610322e-01  -2.3967684e-01  -1.2570064e-01   2.3020210e-01  -2.0385898e-01  -1.6785876e-01   7.2077528e-02  -1.5264328e-01   4.5326834e-03   1.0129606e-01  -3.5134562e-01  -1.4236536e-01  -1.1394596e-01   3.2686207e-01   1.7946850e-01   1.7562395e-01  -1.3915439e-01  -1.4219132e-01  -4.1357733e-01  -2.9860460e-01   1.7295147e-01  -1.4262063e-01   1.0282872e-01   1.2833755e-01   5.0601312e-01   1.8233939e-01   1.5610809e-01   5.7505793e-01  -1.1615024e-02   3.6547115e-01  -3.8578429e-01  -2.2212396e-01  -1.7035932e-01  -2.0799946e-01  -1.1458460e-01  -4.4692782e-01   7.5452405e-02   2.2084456e-01  -1.4256143e-01   7.2281078e-02   1.8031639e-01   1.5067048e-01   5.2242731e-01   3.3374773e-01  -1.4993856e-01   1.1323684e-01   3.5868337e-02   3.2894439e-02  -5.3579996e-02  -2.3968623e-01  -1.2738846e-01  -6.6532584e-02  -1.6865566e-01   2.7535851e-01   5.6361234e-01  -2.7113087e-01   1.7507517e-01  -2.4448552e-02   2.8525224e-01  -4.2483964e-02   1.5747519e-01  -5.4832073e-01  -1.7115704e-02  -2.0890645e-01   1.3602677e-01   3.8690949e-01  -1.6068603e-01  -7.2620855e-02  -3.6966021e-02   3.0013278e-01  -7.4664199e-02  -1.8687470e-01   3.6043053e-01   1.5097390e-01  -1.3086430e-02   2.3419535e-01   2.5018956e-01   3.2039342e-01   2.5226761e-01   1.6446629e-01   4.1068272e-01   8.3807104e-02  -7.7519475e-02   3.6294948e-01   8.6823732e-02   1.1088339e-01  -2.2551106e-01   9.1869294e-03  -1.3856584e-01   2.0147812e-01   4.2938542e-01   3.8938438e-01   1.6463277e-01   4.7861454e-02  -1.6856593e-01   3.3710646e-01   3.1458024e-01   1.1948024e-01  -1.1476420e-01   2.8047451e-01  -8.0807254e-02   2.7759567e-02  -3.0922535e-01  -1.3290252e-01  -2.1662541e-01  -3.0951220e-01  -1.9358262e-01   1.3479270e-01   2.3504969e-01  -1.8432077e-01  -3.6753979e-01  -1.1778339e-02  -2.3613015e-01   1.2199681e-01  -8.2424321e-02  -2.8316251e-01   9.8879939e-02
