   0.0000000e+00  -3.2196830e-01  -1.8050842e-01   2.3647603e-01  -4.4236083e-01  -1.4276881e-01  -7.0923998e-02   2.0073881e-01  -7.1139023e-02  -2.2810179e-02  -2.9880426e-01  -4.4410727e-01  -1.1484060e-02   6.5515179e-01  -1.3399537e-01  -3.7293868e-02  -1.8350379e-01  -1.0213266e-01  -1.5784166e-01  -5.2947681e-01  -7.4455649e-02   8.8064779e-02  -2.5770063e-01   8.2431141e-01   2.3173475e-01  -5.6970397e-02   5.8699812e-02   2.9401341e-01  -6.4489437e-02   2.5678581e-01  -3.7022802e-01   1.8654222e-01   8.3602710e-03  -3.8032049e-01   5.1386101e-03  -4.5968657e-01  -1.3746043e-01   7.7898378e-01  -1.8219209e-01  -3.0179999e-01  -3.7680380e-03   9.7833630e-02  -2.9096997e-01  -8.9115548e-02   5.8267906e-02   5.1024492e-01  -3.2015862e-01   7.6241160e-02   2.3205420e-01  -4.5019201e-01  -5.0160576e-02   8.9232418e-02  -2.8435928e-01   2.4110938e-01   2.7994219e-01   1.8350180e-01  -1.0065634e-01   1.6150691e-01   1.5213427e-01   1.7386580e-01   2.7077751e-01   1.8768667e-01  -1.2136437e-01  -3.8180701e-01   1.4919413e-01  -5.6060098e-01  -1.0439969e-02  -7.1853332e-02  -3.4473426e-02   3.4205661e-01  -4.6647372e-01   3.7840340e-03  -1.4535515e-01   4.0071747e-01   2.0209756e-01   2.7107832e-01   4.9197585e-01   4.1075247e-02  -4.6975257e-01   1.9256485e-01   2.0214289e-01  -1.8444608e-01  -2.3270222e-01  -6.2359187e-02   2.9974039e-01  -5.7122300e-02  -3.0497818e-01   5.4703928e-01  -1.9274726e-01   7.9738585e-01  -3.7858199e-01   2.0954070e-01  -4.7310962e-01   3.3002049e-01   6.4039081e-01  -2.8626110e-01  -3.6283366e-03   6.1762796e-02  -2.1150777e-01   2.6383265e-01   7.9113241e-02   8.4010777e-02   4.4021016e-01   9.1020588e-02   1.2938414e-01   2.2514130e-01   5.4527826e-02   1.7263884e-02  -5.1552546e-02  -1.6588431e-01  -3.7810849e-01   2.5935109e-01   2.0292841e-01   8.4725309e-01   4.6216163e-01  -2.9459014e-01   2.0107242e-01  -1.7411910e-01   2.5108740e-01  -1.4593937e-02   7.8807685e-01  -4.5470053e-01   2.9681380e-02   2.2385164e-01   6.5132336e-01   5.8644804e-01   5.0412972e-02   2.0808927e-01   3.1082803e-01  -2.0395434e-01  -3.3135140e-01  -3.3373294e-01   4.5271720e-01  -1.9275231e-01   2.2215198e-01   2.9341119e-01   1.2827240e-01   2.7269115e-01   2.6724123e-01   6.4731565e-01   6.0568980e-01  -7.2417500e-02   2.1828558e-01   9.0827676e-02   2.8942095e-01   1.0332390e-01  -4.4623475e-01  -4.2900566e-01  -1.2475119e-01   4.2533386e-02   4.2526702e-01  -5.7634557e-02   6.9887179e-01  -3.5584038e-01  -9.7907363e-03   8.1338227e-01   6.9361200e-01   1.9302079e-01   7.5915372e-02   2.5266444e-01  -5.0918200e-02   7.2444478e-02  -5.2930559e-01  -3.7766116e-02  -3.8494525e-02  -4.1976677e-01  -3.1813919e-01   1.0669759e-01   6.7785530e-01  -4.2780475e-01  -3.2151579e-01   6.9668561e-01  -1.2734382e-01  -6.7519754e-02   2.1764107e-01  -2.6547219e-01   1.3581259e-01
  -3.2196830e-01   0.0000000e+00   3.8790252e-01  -2.5451756e-01   4.0172068e-01   1.0094026e-01   1.6498757e-01  -1.9841621e-01   5.3464274e-01   1.5259388e-01   2.5480004e-01   7.2282752e-01   2.3666818e-02  -4.3058761e-01   4.2138403e-01  -3.4340931e-02   3.7241675e-01   1.1261240e-01   1.9927073e-01   2.8863458e-01  -2.8143537e-01  -3.4832212e-01  -1.1961784e-01  -2.3291026e-01  -1.0963465e-01  -1.7607262e-01  -1.0921819e-03  -4.1169346e-01   1.6092557e-01  -1.9345236e-01   6.2936629e-01  -2.1500776e-01   5.5712842e-02   2.6004843e-01   2.6898690e-01   2.8430743e-01  -5.1488798e-02  -2.7523414e-01   7.7605442e-02   4.1333098e-01   4.2349697e-03  -6.4031434e-02   4.3729685e-01  -5.7031073e-02   2.5789451e-01  -3.0222350e-01   3.5089249e-02   2.9505842e-02  -1.4065989e-01   3.5136907e-01  -1.3937610e-01  -2.5840782e-01   2.3534928e-01   1.1850522e-01  -1.0883575e-01  -4.8399717e-01   1.6539487e-01  -2.4695767e-01  -1.3609410e-01  -1.6195496e-01  -1.1782603e-01   1.2037676e-01   3.5416962e-01   6.0006741e-01   4.8546478e-02   1.7620529e-01  -2.0500867e-01  -1.8134608e-02  -2.7172835e-01  -1.8308850e-01   4.9712707e-01  -3.1432672e-02   8.6717354e-02   4.2750112e-02   1.8163466e-01  -1.7562674e-01  -3.7607642e-01  -6.2484823e-02   5.8338947e-01   2.8472534e-02  -2.2612521e-01   1.3224230e-01   1.0332212e-01  -1.6576957e-01   5.1986478e-02   6.6163730e-02   6.7531715e-01  -1.8947902e-01   2.8319631e-01  -3.1066572e-01   3.7457452e-01  -1.1366447e-01   7.5762050e-02  -3.0852397e-02  -3.4021026e-01   3.9701605e-01  -1.0091522e-01   1.1365660e-01   1.8029634e-01   5.2050976e-02   1.0632690e-01  -1.6174932e-01  -2.5733513e-01   1.1823959e-01  -2.7509366e-01  -1.5067114e-01   1.6068838e-01  -8.9395058e-02  -1.5774472e-01  -1.1923066e-01   1.8529121e-01  -3.1029934e-01  -1.0356825e-01  -3.9658842e-01  -2.7753765e-01   6.2426582e-01  -2.5070786e-01   1.8104839e-01  -4.4888577e-01  -1.6873606e-01  -2.8566724e-01   2.1636667e-01   1.6947096e-01  -9.3379046e-02  -4.1693034e-01  -2.9140681e-01   8.4580371e-04   7.2626641e-02  -2.2409822e-01   2.3626639e-01  -7.9073259e-02   4.6016159e-01  -7.6105926e-03  -6.6097763e-02  -2.7946319e-02  -1.5787757e-01   4.3642646e-02  -2.9409227e-01  -1.1757116e-01  -3.2517684e-01  -3.0829198e-01  -7.7174249e-02  -3.0522051e-01  -2.3817073e-01  -3.5654322e-02  -1.4723650e-01   4.3574385e-01   4.0839226e-01  -1.9736031e-01   1.9237046e-01  -9.4489816e-02  -9.2152014e-02  -2.9271919e-01   4.4008915e-01   2.1009743e-01  -3.1848633e-01  -2.4606513e-01  -2.2376043e-01  -1.6995972e-03  -3.3942525e-01   8.0166553e-02  -8.4352346e-02   2.3563388e-01  -9.5969382e-02   4.2662824e-03   5.8208308e-01   2.8031518e-01  -3.8724127e-01  -2.7425316e-01   1.5573876e-01   5.7432388e-01  -2.8585583e-01   2.1763841e-01  -1.1213871e-01  -7.6402740e-02   5.4536427e-02  -1.4962809e-01
  -1.8050842e-01   3.8790252e-01   0.0000000e+00  -8.4513392e-02   1.5388225e-01   9.9419898e-02  -1.8448277e-01  -9.9210751e-02   2.3759771e-01  -4.3751589e-02   1.5192968e-01   5.3819583e-01   3.0188492e-02  -2.4785792e-01  -7.8650065e-02   1.4933250e-01   8.5412329e-01  -2.6214508e-01   8.0289965e-02   2.6528554e-01  -4.1586944e-01  -2.5814905e-01  -4.1942886e-01  -1.3267039e-01  -2.2018302e-01   1.2280165e-01  -3.8977952e-02  -1.5490046e-01   2.5139098e-01  -4.2040415e-01   2.7280993e-01  -2.0210449e-01   1.5777641e-01   1.2740724e-01  -2.6012794e-01   1.8799170e-01  -5.0599953e-01  -9.8537849e-02   1.1682099e-01   6.3426286e-01  -6.7566951e-02   1.5249618e-01   4.4650997e-01   1.0639680e-01  -2.6811668e-01   1.0091868e-01   3.3313356e-02  -4.1309566e-01  -3.2681569e-01   6.9841246e-01  -3.0585929e-01  -3.6230144e-02  -4.5587573e-02   2.6810391e-01   1.5640743e-01   4.1956641e-02   1.9227881e-01  -1.6257179e-01  -2.4883893e-01  -2.3313976e-01   3.7511709e-01  -1.2954771e-01   3.4620935e-01   1.4377114e-01  -5.5848625e-01  -1.2337887e-02   9.9256723e-02  -1.6642736e-01   2.2351286e-03   4.0407001e-01   1.3527169e-01  -3.2324655e-01   7.8883267e-02   6.0158457e-01   1.8113541e-02  -1.1233757e-01   5.9441845e-02   1.1516919e-02   4.0365734e-01  -6.2933872e-02  -3.7234096e-02  -1.3708052e-02   4.2522001e-01  -4.2521466e-02   5.6049875e-01   1.2273721e-01   1.2262954e-01   2.6558688e-02   3.2716105e-02   1.3931991e-02   1.6089444e-01   5.7154155e-01   2.6862458e-01  -2.7299511e-02   1.3473446e-02   3.4504200e-01  -4.6082822e-02  -1.1184585e-02  -1.2420686e-01  -5.1346488e-01   3.9426776e-01  -1.5672165e-01  -1.4175698e-01  -1.7484175e-01  -4.1542218e-01  -2.0441574e-01   4.4260473e-01  -5.8232736e-02  -4.3159266e-01  -1.1394325e-01   4.7918125e-01  -3.6709973e-01  -1.4979332e-01  -2.1769748e-01   2.1195459e-01   9.4302787e-02  -4.6746789e-02   1.4825357e-02  -9.5891509e-02  -7.3973795e-02  -5.5862751e-02   2.3327704e-01   1.3209838e-01  -3.6704722e-01  -1.3889230e-01  -1.0612264e-01  -3.9104670e-01   1.1089867e-01  -2.9254755e-01   5.8563020e-01   4.7489296e-02   1.7444819e-01   3.5162238e-02  -5.3166106e-02  -4.9193640e-02  -9.9433138e-02  -1.3214189e-02  -2.3283540e-01  -1.2128726e-01  -3.1672072e-01  -1.9112783e-01  -5.7979984e-03  -2.5225242e-01   3.9481984e-01  -2.9146327e-01  -5.1339207e-01   3.9354943e-01  -6.5811469e-02  -3.0357587e-01  -3.1597645e-01   4.6668551e-01  -1.1576666e-01   1.6956950e-01   9.7090559e-02   7.2939756e-01  -2.0255952e-01   7.3022841e-02  -2.0082643e-01   4.6710339e-01  -4.3592043e-01   1.4324222e-01  -5.9139295e-02   6.4213941e-02  -4.8983458e-01   1.7438080e-01   1.6963912e-01   9.3230088e-02  -2.4401775e-01   2.2508653e-01   2.1265095e-01   1.6441577e-01  -8.7406629e-02  -1.6511136e-01   1.1813397e-01   8.0245129e-02   1.1333971e-01  -1.6149636e-01
   2.3647603e-01  -2.5451756e-01  -8.4513392e-02   0.0000000e+00  -2.0770990e-01  -1.4397804e-01  -7.9735730e-02   8.6976376e-02   1.3750040e-01  -6.8388786e-03  -3.0263861e-01  -2.6905067e-01   3.6434494e-01   3.2671684e-01  -9.9526312e-02   2.5839350e-01  -1.5333986e-01   3.0257795e-01  -2.0598083e-01  -7.9055258e-02   1.9349204e-02   5.1204604e-01  -4.3162880e-02   1.2101538e-01   1.6220333e-01   1.3175810e-01   1.1020432e-01   1.5485182e-01   1.2776534e-02   2.4927907e-01  -2.4300086e-01   2.8113828e-01   3.3777894e-01  -3.0343620e-01   7.3241317e-02  -6.8709329e-02  -1.4319300e-01   1.1374644e-01   2.1180626e-01  -2.7839040e-01   3.1493565e-01   3.2066967e-01  -1.6062063e-01  -9.5835813e-02   8.0815907e-02   1.6797085e-02  -4.0455080e-03  -2.5880135e-01   1.0563563e-01  -2.6572000e-01   4.2212558e-01   1.4480659e-01  -3.7552273e-01   6.7976542e-02   1.1121673e-01   1.4516480e-01   5.0735336e-02   3.2593335e-01   4.5101581e-01   1.2771602e-01   6.5916892e-02   8.8892507e-03   1.4671639e-02  -4.5277945e-01   2.8821550e-01  -2.4850463e-01   5.9086111e-02  -9.1574236e-02   2.3826553e-01  -8.3930827e-02  -4.6954714e-01   4.2382287e-01  -2.3311265e-01   3.5996042e-03   1.6991201e-01   3.8310917e-01   1.2108674e-01   3.0072334e-01  -2.6528605e-01   2.6007310e-01   5.4687357e-02   1.2902901e-01  -3.8947038e-01   1.7307106e-01  -7.2303644e-02   1.0326942e-01  -2.4764725e-01   1.9390250e-01  -1.4284936e-01   4.3496379e-02  -2.4566871e-01   8.3864195e-02  -2.3308556e-01   3.3682992e-01   1.0696839e-01  -3.4742617e-02   8.7512905e-02  -6.0751160e-03  -4.1310950e-02   9.9010746e-02  -2.4412583e-01  -5.6148754e-02   2.4619818e-01   1.0452809e-01   3.9780669e-01   3.0387356e-01   1.5259711e-01   1.1639508e-01  -1.2483624e-01   2.4790319e-01  -3.6050094e-01   4.0761343e-01   3.7227788e-01   1.2130388e-01   1.4137189e-02  -2.6167299e-01   3.1647362e-01   7.4724552e-02   1.4864286e-01   6.1298328e-01   1.8286293e-01  -2.3733014e-01   4.2692633e-02   2.6923588e-01   8.1263949e-02   4.3650478e-01   2.2082691e-01   1.0176059e-01   5.1764439e-01  -2.7485174e-01   6.2885609e-02  -4.0400862e-01   1.8853357e-01   5.0282650e-02   4.4139076e-01   5.3277925e-02   2.3900408e-01  -1.9740351e-02   1.1077463e-01   2.3519885e-01   1.8432062e-01   1.7145229e-01   9.6712127e-02   3.6555854e-02   2.4533332e-01   2.1402642e-01  -3.5023595e-01  -1.0334249e-01   7.8566471e-02  -2.3181583e-02  -1.2860623e-02  -2.3924181e-02   2.3613524e-01  -1.6311236e-01  -9.1195987e-02   1.4523952e-01   1.5174794e-01   3.7330057e-01   2.7303310e-01   1.8109635e-01   1.4726423e-02   9.7815798e-02  -1.7732061e-01   5.3511403e-01   1.8508185e-01  -4.6096890e-01  -2.8932475e-01   1.6723599e-01   2.7617431e-01  -4.8315183e-01  -1.7593542e-01   9.2442758e-04   2.0245039e-01  -8.2554695e-02   1.9712977e-01   1.2441705e-01   3.7385801e-01
  -4.4236083e-01   4.0172068e-01   1.5388225e-01  -2.0770990e-01   0.0000000e+00   1.2820378e-01  -1.3110123e-01  -3.2496746e-01   3.2465913e-01   3.3731647e-01   1.3806474e-01   4.3075746e-01   1.5837096e-01  -4.5586450e-01   7.3750433e-02  -8.2794261e-02   1.0334767e-01   4.1861686e-02   1.3832740e-01   7.2521617e-01  -1.4372394e-01  -2.7521811e-01   2.9159861e-02  -2.6102949e-01  -2.9154709e-01  -1.0687637e-01   1.4239125e-01  -4.0451249e-01   1.6205597e-01  -1.3554771e-01   1.8942790e-01  -2.5741615e-01   4.9089559e-02   1.5743601e-01  -1.5834304e-02   5.6301481e-01   2.5981148e-01  -3.5772118e-01  -2.8532301e-02   4.3615297e-01   1.4410148e-01  -4.3269125e-03   3.3883546e-01  -1.6342760e-01   2.7249924e-01  -2.8294813e-01   3.4536639e-01  -4.6424667e-02  -8.8417343e-02   3.1756440e-01   7.8822061e-03  -2.1989665e-01   4.8591399e-01  -4.0956696e-02  -4.2054259e-01  -3.9553376e-01   2.5022234e-02  -3.5491627e-01  -7.0693198e-02  -7.6655119e-02  -2.7305023e-01   2.8365094e-02   2.2947509e-01   2.5337819e-01   9.2222539e-02   3.2799493e-01  -1.8331961e-02  -3.7878824e-02   6.6647233e-02  -3.0762208e-01   3.2425788e-01  -6.5144954e-02   1.0204004e-01  -1.8649396e-01  -6.1580126e-02  -3.5759419e-01  -3.6586409e-01  -1.3018650e-01   7.1371449e-01  -4.4380489e-02  -4.4343823e-01  -3.2749216e-02   1.0111640e-01  -1.7961318e-01  -2.4733947e-01  -8.2239948e-02   3.5862750e-01  -3.8349371e-01   2.6877808e-01  -3.6181786e-01   7.2898500e-01  -1.9317032e-01   4.2243086e-01  -1.6965868e-01  -2.3347498e-01   7.5017665e-01   9.4465743e-02  -9.4490894e-02   2.7845333e-01   2.2969078e-02  -2.1650299e-01  -2.5130401e-01  -5.0269374e-01   7.9844540e-02  -2.7882841e-01  -1.8929564e-01   5.6701491e-02  -1.0267048e-01   1.5355271e-01   2.6423681e-01   9.3177013e-02  -2.4245368e-01  -1.3573130e-01  -4.2747027e-01  -5.0249465e-01   5.0109288e-01  -3.0219264e-01   2.9890932e-01  -2.2727359e-01  -2.8282663e-01  -3.0170649e-01   5.7505244e-01  -2.3930096e-02  -1.2517346e-01  -2.9712394e-01  -2.6216934e-01   9.2199521e-02  -4.1634764e-03  -2.6269690e-01  -6.4271749e-02   2.4880179e-01   3.5416991e-01  -2.8365418e-02  -4.8575334e-02  -2.1869406e-01  -2.5517702e-01   1.8035845e-02  -3.6597589e-01  -1.5846961e-01  -2.2303716e-01  -3.0644751e-01   2.1706371e-01  -2.0966223e-01  -1.3696813e-01  -3.5731734e-01  -2.6710957e-01   2.1683651e-01   5.4214632e-01   2.5090310e-01  -1.5975953e-01  -4.2966893e-01  -1.7778407e-01  -3.3272932e-01   5.8445759e-01   1.3707958e-01  -3.2841820e-01  -2.6750043e-01  -1.4573609e-01  -8.0401620e-03  -5.0128283e-01   8.1358115e-02  -1.6103829e-01   4.3825005e-01  -1.2662290e-01  -8.0101214e-02   5.7697735e-01   3.8628269e-01  -1.4863707e-01  -3.2036320e-01   4.8920545e-01   6.4142619e-01  -2.3927333e-01   2.1519073e-01   1.0545361e-01  -4.4642029e-02   2.9648081e-01  -1.4219970e-01
  -1.4276881e-01   1.0094026e-01   9.9419898e-02  -1.4397804e-01   1.2820378e-01   0.0000000e+00  -1.3723165e-02   1.7568499e-01   7.3439388e-02  -1.8789416e-01   2.3461603e-01   3.5935585e-02  -1.5371637e-01  -1.7278132e-01   2.6750958e-01   2.9927559e-02   5.1948157e-03   1.6099215e-01   4.7282824e-01  -4.8476460e-02  -2.3077133e-01   2.4004320e-01  -5.5746176e-02  -1.7991447e-01  -7.2719828e-02   2.8322060e-01   4.9493512e-01  -2.5011211e-01  -5.5900248e-02   2.2046346e-01   1.8490889e-03   1.2003614e-01  -1.0433390e-01   2.0586426e-01  -1.2186930e-01   1.5837785e-01   5.4425154e-02  -1.4763944e-02   1.5951876e-02   1.2004070e-01  -1.5066246e-01  -1.9368622e-01   8.8811295e-03  -1.5765441e-01   1.4258889e-01   8.2229908e-03   2.3231883e-01  -7.3737923e-02   2.9820813e-02   6.6637867e-03   1.7158031e-01   1.1033159e-01   2.1847223e-01  -3.9406057e-01  -2.9217036e-01  -1.1971272e-01   5.1809349e-01   2.1782469e-01   1.4634090e-01   1.7660148e-01  -7.4842971e-02   4.0490424e-02  -1.9681849e-02   1.4131792e-01   4.2745781e-02   1.0644182e-01   4.8426222e-01   4.6687323e-02   3.5801695e-01  -9.8118102e-02  -5.7778839e-02   2.1095490e-01   1.0802499e-01  -9.4293300e-02  -5.0410002e-02   2.3607858e-01  -8.7894511e-02  -8.4036681e-02   1.7184469e-01  -4.0631599e-02  -1.5488267e-01   9.2591029e-02   5.6088079e-02   9.4223126e-02  -1.0683058e-01   1.4104714e-01  -9.2711785e-02  -3.5142629e-01   1.3441816e-01  -9.6182774e-02   5.4942235e-02  -3.3352797e-02   1.1147141e-01   1.0256473e-01   4.2131090e-02   5.9975112e-02  -6.1573060e-03   5.1474787e-01   6.1409479e-02  -1.2511651e-01  -2.0071753e-01   1.1973803e-01   6.8572854e-02   1.5815324e-01   1.4833752e-01   2.2254968e-01  -2.9712466e-01   5.1260959e-01   1.0943334e-01   1.1951510e-01   1.2028474e-02   2.2447535e-01   1.4147637e-02  -8.4212934e-02  -2.0104656e-01   1.3004352e-01   8.9340017e-02  -1.6152464e-02  -2.7355322e-02   3.6700750e-02  -1.7425422e-01  -1.0417033e-02   1.9395965e-01  -1.2450240e-01   6.1827265e-02  -2.0518930e-01   4.6822387e-02  -1.2014905e-01   1.4273677e-01  -5.5694052e-02  -4.0606830e-05   3.2043649e-01  -2.1410144e-02  -1.2053251e-01   6.9047663e-02   2.7968049e-01   3.4629590e-02  -2.9110370e-01   3.3834533e-01   6.2947891e-02  -3.6356627e-01  -1.8684074e-01   3.6241575e-01   8.8728200e-02  -4.0635932e-02  -7.3104597e-02  -4.9022676e-02   1.7426638e-01   9.2542113e-02  -5.6398919e-02  -2.0943482e-01  -5.1604964e-02  -1.9041667e-01   3.0314566e-01   2.2316613e-01  -3.3411397e-02  -1.7853485e-01   1.1093162e-01  -1.4273734e-01   1.0540682e-02   1.6667676e-02   3.4460434e-01  -1.0778074e-01  -2.4464301e-02   3.5373915e-01   1.6810666e-01   2.4456195e-01  -2.6991933e-02  -2.0772118e-01   8.7511601e-02   1.5974661e-01  -1.2825522e-01   2.5739218e-02   4.9056624e-01  -1.3477942e-01   9.6662341e-04   2.7582361e-01
  -7.0923998e-02   1.6498757e-01  -1.8448277e-01  -7.9735730e-02  -1.3110123e-01  -1.3723165e-02   0.0000000e+00   1.7003436e-01   6.5135889e-04   6.7284029e-02   2.2836624e-01   1.6290906e-01  -1.8351854e-02  -5.7100385e-02   5.6425120e-01  -1.1184906e-01  -2.2161557e-01   1.8030845e-01  -1.5366388e-01  -8.0897434e-02   1.0718306e-01  -7.4425689e-02   4.8314576e-01   8.1969697e-03   5.5083923e-02  -1.6364699e-01   1.8312572e-01   2.5434266e-01  -1.5467314e-01   8.8019244e-02  -1.7675975e-02   9.8434643e-02  -4.5982011e-02   3.4395476e-01   3.7739883e-01   6.6643184e-04   1.9562300e-02   1.7890043e-02  -3.2095962e-02   2.0266307e-02  -4.8692933e-03   9.1389497e-02  -1.3283685e-01   1.1119237e-01   1.6468919e-01  -2.0014205e-01   1.2031593e-01   3.7445786e-01  -5.7241616e-02  -3.1354576e-01   1.7485801e-01  -5.5824969e-02   2.4882855e-03  -9.4456663e-02  -1.8849361e-01  -8.5730398e-02  -1.7347950e-01   4.4703095e-02   1.5953047e-02  -1.0952611e-02  -1.5683413e-01   1.3813026e-01  -7.6872078e-02   8.8672380e-02   1.1165315e-02   2.2371447e-01   1.4895545e-01   2.3922382e-01   3.2522579e-02  -6.9992462e-02   1.8100984e-01   1.3431596e-01   1.2109642e-01  -2.6632621e-01   1.7561140e-01   3.8943961e-02  -1.5080273e-01   2.0323802e-01  -4.9687867e-02  -4.9789781e-02   3.8070537e-01   3.6870491e-02  -1.6925713e-01   1.6850485e-01  -3.9310640e-01   3.6873250e-02   1.5173341e-01   6.9267339e-02  -1.5100352e-01  -1.1938461e-01  -2.3933991e-01  -3.3191096e-01   2.1657321e-01   2.0730971e-01  -2.0704337e-01  -3.0937795e-01  -8.3930732e-02   9.9349059e-03   1.4477118e-01   3.1759317e-01  -4.0985308e-02   9.6523502e-02   7.8966494e-02  -7.8611024e-02   1.0702226e-01   1.2229299e-01  -1.7401407e-01   1.8633465e-01  -3.1978077e-03  -8.6153156e-02   2.3425231e-01   1.4467817e-01   9.3504945e-02  -5.9723929e-02   1.4350960e-01   9.5682363e-02  -2.7803897e-02   2.4668359e-01  -2.4321267e-02   9.2803885e-02  -1.7903489e-02  -1.4878500e-01   2.0027234e-01  -3.3051806e-02  -1.6300110e-01  -1.3935603e-02   6.6148632e-02  -9.0179894e-02  -2.4930254e-03  -1.4669228e-01   3.3640311e-03   2.7105524e-01  -1.3771528e-02  -6.0360877e-02   1.4951754e-01   1.9576826e-02   2.2827298e-01   2.0234522e-01  -5.3561980e-02  -1.5848284e-01   1.0550837e-01  -9.9923854e-03  -2.1579000e-02  -2.3520363e-01   4.7078229e-01   1.5437338e-01   4.3431792e-01  -8.7461851e-02   1.1979303e-01   6.8874198e-02   6.0134181e-02   1.5692074e-01  -1.7453489e-01   4.2795216e-02  -2.1674386e-01  -1.5627524e-02  -1.1424284e-01   6.6657063e-02  -2.6664310e-01   3.5542006e-01  -7.1826409e-02  -6.6358773e-02  -2.9537421e-02   3.8216844e-02   3.9498048e-02   2.3280981e-01   1.9656491e-01   2.7212846e-02  -1.9811212e-01  -3.8513261e-02   5.8968051e-02  -9.2126579e-02  -2.9068240e-02  -1.8217467e-01   1.2068832e-01  -2.6542924e-01   7.3761741e-02
   2.0073881e-01  -1.9841621e-01  -9.9210751e-02   8.6976376e-02  -3.2496746e-01   1.7568499e-01   1.7003436e-01   0.0000000e+00  -8.8099657e-02  -1.1199709e-01   1.8268054e-01  -1.5020222e-01   8.4891224e-02   1.9403992e-01   2.1636802e-01   1.3940628e-01  -1.5097193e-01   2.7905949e-02   1.1917453e-01  -3.7165649e-01   9.6829006e-02   2.5868723e-01   1.8585303e-01   1.6260246e-01   1.3048943e-01   3.3097578e-01   1.8695184e-01   2.6850276e-01  -3.6728570e-01   2.0356614e-01  -1.7104853e-01   4.1128694e-01  -1.5697456e-01  -7.3976107e-02   6.6507472e-02   1.0703645e-02  -1.4202444e-01   2.5152417e-01   2.0197201e-01  -1.3058875e-01  -4.7844253e-02  -1.6275962e-01  -1.9877564e-01   2.2912519e-01   1.0782425e-01   2.0922143e-01   1.3454333e-02   1.3389602e-01  -1.8334867e-02  -3.3198651e-01   1.7598004e-01   4.8341028e-01  -1.8999580e-01  -1.6754191e-01  -5.6311336e-02   1.9915743e-01   4.4479000e-03   5.3755999e-01   2.6939466e-01   3.4827795e-01  -1.4011970e-02   5.4689933e-02  -1.0512388e-01  -5.3934323e-02  -6.1733313e-02  -1.2703579e-01   1.7593333e-01   3.1601370e-03   2.9432206e-01   6.7424173e-02  -2.4491102e-01   3.0047419e-01   2.5457249e-01  -2.3185480e-02   1.5261719e-01   5.0796345e-01   1.7631719e-01   9.6656605e-02  -2.4990570e-01   1.8634966e-01   4.2184546e-01   2.9028569e-01  -6.8786003e-02   5.2735106e-01  -1.6632387e-02   4.0796202e-01  -1.7114770e-01   1.2624694e-01  -2.3752535e-01   1.6445197e-01  -2.4578345e-01  -5.7781814e-02  -2.1090576e-01   3.8330084e-01   2.4458246e-01  -3.9067567e-01  -9.9938828e-02   3.0636113e-01  -1.0493598e-02   3.7086909e-02  -9.4131099e-02   2.8606371e-01   4.4401753e-01   3.6547108e-04   2.9070653e-01   3.5230757e-01  -2.8653666e-01   5.6468142e-01   5.5128384e-02  -2.9375179e-02  -1.0997743e-03   2.7394605e-01   2.3775532e-01   2.0491364e-01   1.5419994e-01  -1.1977032e-01   2.2083184e-01   1.1318437e-01   3.8877171e-02   2.4681226e-01   1.8854067e-01  -3.1211020e-01   7.8901635e-03  -5.8749758e-02   2.4113449e-01   1.7257994e-01   1.0388852e-01   1.3503101e-02   2.8465379e-01  -1.8132668e-01   3.4488120e-02  -7.9003306e-02   8.9594020e-02   1.5034712e-01   2.5070562e-01   6.4840245e-01   3.7132856e-01   1.0735481e-01   4.5420862e-01   1.7458893e-01   1.0114963e-01  -1.1285369e-01   4.0910306e-01  -1.0545984e-06   4.7437123e-01   2.1145334e-01  -1.3656146e-01  -1.2621486e-01   1.6760235e-01   1.1254976e-02   7.1183461e-02   4.9021287e-01  -3.2330597e-03  -1.5738268e-01  -9.7555456e-02   2.3584313e-01   1.4197117e-01   2.0514560e-01  -1.8418090e-01   3.7651676e-01  -1.7436720e-01   4.2149035e-01  -3.1924608e-01  -3.0752019e-02   4.2151691e-01  -1.9642987e-01   3.4174295e-02   2.4145332e-02   4.9408525e-02  -2.8426069e-01  -1.1908475e-01   6.9079945e-02   9.7716218e-03   6.0492285e-02   5.8449056e-02  -9.1617055e-02   2.7467789e-01
  -7.1139023e-02   5.3464274e-01   2.3759771e-01   1.3750040e-01   3.2465913e-01   7.3439388e-02   6.5135889e-04  -8.8099657e-02   0.0000000e+00   2.5009350e-01  -5.4301630e-02   4.8621512e-01   2.9321888e-01  -2.6822175e-01   2.2147455e-01  -1.1031684e-01   1.6558198e-01   2.3536365e-01   9.3585108e-02   2.4966886e-01  -4.2189570e-01   1.8599082e-02  -2.5294934e-01  -9.6443149e-02  -1.1144020e-01   5.2230440e-02   1.0641121e-01  -3.9730805e-01   3.4108755e-01  -1.6876366e-01   2.6518044e-01  -1.8616788e-01   7.3245642e-02  -7.4664821e-03   3.0648839e-01   1.2570793e-01   1.4112793e-01  -1.7447485e-01  -3.1336204e-02   3.6167842e-01   1.7419979e-01   8.4667748e-03   4.3291109e-01  -2.6510707e-01   4.5104396e-01  -3.4988458e-01  -4.7120770e-02  -2.3075603e-01   1.7902207e-01   1.6934574e-01   1.0292604e-03  -2.6168796e-02  -1.4416661e-02   2.3887258e-01  -1.4425394e-01  -4.3629652e-01   1.3031871e-01  -3.4096395e-02  -7.0863642e-03  -1.5873020e-02  -2.3576788e-01   2.5276614e-01   4.9519904e-01   2.9160035e-01   2.3101233e-01  -4.6210591e-02  -2.6498268e-02   2.4930359e-01  -1.6180434e-01  -3.2077018e-01   2.1015833e-01   8.1241205e-02  -7.8368504e-02   7.7003034e-02   1.6637142e-01  -1.3285460e-02  -3.8667905e-01  -1.9827255e-01   2.8175799e-01   7.6118213e-02  -2.7938867e-01  -8.3050599e-02  -7.6172067e-02  -1.8965067e-01  -1.2865720e-02   1.5014862e-01   4.6528814e-01  -4.3529541e-03   2.2427473e-01  -2.6031367e-01   2.8808894e-01  -2.4328599e-02   8.8623863e-03   2.8641872e-01  -2.2580388e-01   3.9482305e-01  -7.2445467e-02   7.8376098e-02   5.3216350e-02   1.3579167e-01  -1.2092344e-01  -2.1637059e-01  -2.2465477e-01   3.0591968e-01  -1.4837312e-01  -4.8621676e-02   2.2826451e-01  -7.1113440e-02  -1.6833697e-01  -1.4021469e-01  -7.6957411e-02  -1.4179722e-01   3.1051829e-01  -2.2461232e-01  -2.9858770e-01   3.7915486e-01  -3.1643817e-01   1.2808306e-01  -4.2614839e-01   9.0939341e-02  -1.2955967e-01   1.4879182e-01   3.4812167e-01   1.5484424e-02  -3.0263417e-01  -1.5336470e-01  -2.7515662e-02   2.1618254e-01   1.1553793e-01  -7.1299973e-02  -7.8059476e-03   2.4536234e-01   1.8553973e-01  -8.9214861e-02   4.0423454e-01   6.0495665e-03   2.4589195e-01  -4.1166440e-01   7.3060758e-04  -1.6316088e-01  -1.2241993e-01   2.5870349e-01  -2.5774918e-01  -3.0742652e-01  -2.0756469e-01  -2.1282957e-01   1.7307938e-01   1.5456596e-01  -1.7714096e-01   1.4099905e-01  -1.5506719e-01  -2.7793915e-01  -5.8063030e-02   2.1661349e-01   1.7064325e-01  -1.7868095e-01  -2.4572445e-02   1.6279242e-02   1.2487846e-01  -2.8732798e-01   7.3358669e-02  -1.3596487e-01   6.7346888e-02   8.3771586e-02  -3.8241349e-02   3.1000001e-01   8.1120693e-03  -2.6904969e-01   5.6890979e-02   1.3061917e-02   4.4950308e-01  -1.2859669e-01   3.3894646e-01   5.1836977e-03  -5.3715842e-02   2.7120724e-02   4.3982246e-02
  -2.2810179e-02   1.5259388e-01  -4.3751589e-02  -6.8388786e-03   3.3731647e-01  -1.8789416e-01   6.7284029e-02  -1.1199709e-01   2.5009350e-01   0.0000000e+00  -1.1454035e-02   1.1551291e-01   6.1354900e-02  -2.3929184e-01   6.1761206e-03  -1.9766288e-01  -1.1733954e-01  -7.3892038e-02  -1.5956366e-01   2.9317737e-01  -6.0605519e-02  -2.1968092e-01   1.9743169e-01   6.5874858e-02   3.3000134e-02   1.2813838e-01  -1.4919015e-01  -5.1178134e-02   2.3058037e-01  -5.6852810e-02   8.0727992e-02  -2.1886271e-01   3.4710638e-03   1.7568608e-01   1.1689103e-01   1.0755593e-01   1.8056907e-01  -2.3212705e-01  -1.0933044e-01   1.2032720e-01   6.7022907e-03  -1.3311659e-01   1.5531707e-01   7.6373964e-02   1.0753886e-01  -2.1721017e-01  -1.5953767e-02   8.9354984e-02   1.0590294e-01  -3.6538014e-02   7.6643880e-04   1.7855066e-02   1.6414444e-01   1.1360127e-01  -1.2613993e-01  -1.2528055e-01  -1.4813575e-01  -2.4073088e-01  -4.7882068e-02  -7.6617933e-02  -2.7661710e-01   5.6646153e-02   2.1606546e-01   1.9462877e-01   1.8915934e-01  -6.8125781e-02  -1.6781458e-01   3.2287970e-02  -2.8908319e-02  -9.6229110e-02   2.8239217e-01  -7.7093860e-02  -1.2075136e-01  -8.8240114e-02  -4.0315305e-03  -1.9950480e-01  -2.2082365e-01   3.8900273e-02   9.3858084e-02  -7.5845941e-02  -8.2478669e-02  -2.6924034e-01  -3.6801947e-02   3.6600867e-03  -1.6083750e-01  -1.1662828e-01   2.6948294e-01  -8.2373727e-02   2.2295569e-01  -1.1080101e-01   3.1046871e-01  -2.1178173e-01   2.7987281e-01  -2.2740813e-02  -2.0237037e-01   3.6948916e-01  -1.5105199e-01  -2.6440570e-01   5.6488185e-02   4.7265179e-01   4.1089111e-02  -2.5828012e-01  -2.3043711e-01  -5.8824096e-02  -1.6930329e-01  -3.3785714e-02  -7.7656121e-02  -1.5530257e-01   1.0143863e-01   7.4625457e-03   1.3644236e-01  -1.8872032e-01   2.4423698e-02  -1.0130899e-01  -7.4573633e-03   1.5189515e-01  -2.9617690e-01   9.2547819e-02  -1.5500836e-01  -1.9604018e-01  -4.0399975e-02   3.1652380e-01  -2.7251613e-02  -8.7839530e-02  -1.6844419e-01  -8.1380294e-02  -7.6565759e-02   1.7635302e-01  -4.7763733e-02  -1.8008287e-02   5.1433603e-02   2.3021811e-01  -4.4017173e-02   1.4973914e-01  -8.0959430e-02  -7.3599543e-02   1.7053022e-01   1.1326904e-01  -2.7819561e-01  -1.9237324e-01   9.5192467e-02   3.3541893e-01  -2.3096745e-01  -2.6105166e-01   4.9952374e-02  -7.9276486e-02   1.6815300e-01   6.3700909e-02   1.1229586e-01   2.5351767e-01  -3.6289262e-03  -5.7505788e-02  -1.0045968e-01   8.5350599e-02  -1.0296041e-01  -9.4227980e-02  -1.0126500e-01  -1.9021089e-01  -1.2165643e-01  -1.6567196e-01  -6.9142080e-02  -2.4511157e-01   2.8104701e-01  -1.0129585e-01  -1.8570716e-01   1.6045012e-01   2.0293187e-02   3.8435042e-02  -7.0220295e-02   1.5631086e-01   1.2940623e-01  -1.3717264e-01  -1.3854488e-02  -1.5963892e-01  -2.1051230e-01  -1.7940669e-02  -4.4335363e-02
  -2.9880426e-01   2.5480004e-01   1.5192968e-01  -3.0263861e-01   1.3806474e-01   2.3461603e-01   2.2836624e-01   1.8268054e-01  -5.4301630e-02  -1.1454035e-02   0.0000000e+00   1.8327108e-01  -1.8817205e-01  -2.3034429e-01   2.9539684e-01  -8.4653507e-02   2.1214877e-01   8.4919751e-02   9.1562733e-02   1.0457326e-01   1.5791532e-01  -2.8180761e-01   1.7097008e-01  -3.3942952e-01  -1.2101182e-01   1.5836030e-02   1.9760058e-01  -8.6831150e-02  -3.6291360e-01  -1.3912970e-01   4.9678784e-01  -1.8609070e-03  -8.5069482e-02   6.0200020e-01  -2.5093972e-01   3.4243017e-01   4.7566084e-02  -1.7636287e-02  -4.8999420e-02   2.3692878e-01  -3.5926878e-03  -2.2289692e-01  -2.3858064e-01   4.4913404e-01  -2.1704388e-01   6.7582126e-02   4.3888827e-01   3.2944167e-01  -1.4126781e-01   9.5679114e-02   3.3577175e-02   8.9310915e-02   4.6424890e-01  -2.7389708e-01   6.9631163e-03   2.3904909e-01   9.7184563e-02  -1.0730596e-01  -6.1056928e-02  -7.1839786e-02   6.3247774e-02  -1.5960695e-01  -2.0037543e-01   5.2227027e-01  -3.2941251e-01   2.7260145e-01   2.0732093e-01  -2.2973861e-01   1.4521015e-01   2.6290855e-02   3.9458992e-01   2.8990775e-02   1.8558046e-01  -1.0243643e-01  -6.5479385e-02   4.9686434e-02  -4.0589056e-03  -5.6840694e-02   3.5609306e-01  -2.0146025e-01   5.2878937e-02   5.0372553e-02   5.9636069e-01   3.6444890e-02   1.2113198e-01   1.9939177e-01   1.3448396e-01  -1.3080474e-01  -1.7542159e-01  -1.0456475e-01   1.3749221e-01   1.6836248e-02   3.4142282e-01  -1.0798539e-01  -7.2058104e-02  -1.1587173e-01  -1.9755056e-01  -1.9957449e-02   1.4237367e-01  -6.8082988e-02   2.9761338e-01   2.6990144e-01   4.4910560e-02  -2.7147322e-01  -2.3265664e-01  -2.9386330e-02  -2.3632581e-01   2.2747741e-01   3.7511630e-03   4.5091521e-02   5.4301772e-01  -1.3775318e-01  -2.8643614e-01  -2.2924874e-01  -1.3843118e-02   3.0841311e-01  -6.8745672e-02   5.2473201e-02   2.7429927e-02  -1.3848035e-01  -2.3077266e-01   3.0682041e-02  -1.6000397e-01  -2.5509684e-01  -3.6371676e-02  -4.2142534e-01  -3.8613556e-02  -1.6299697e-01  -3.5000991e-01   4.1048048e-01   1.1545638e-02   5.1527246e-01  -2.0866596e-01   2.9708234e-01  -3.3599303e-01   1.4810954e-01   2.9202369e-03   1.5083426e-01   1.2529233e-01  -2.9236533e-01  -2.0369467e-01  -2.4189772e-01   1.5140780e-01   1.6015845e-01   3.7086707e-02  -3.6650403e-02   2.4926451e-01   2.6688632e-01   1.3634849e-01   5.2630097e-02   6.3009397e-02   2.1764851e-01  -2.0358354e-01   4.4952800e-01   2.6086310e-01  -2.7372688e-01  -1.8323636e-01   4.9739324e-03  -1.4475688e-01  -3.6514458e-03  -3.1032347e-02   2.7078545e-01   2.7527718e-01  -2.7578815e-01  -6.8447674e-03   3.3982003e-01   5.1228695e-01  -1.6754588e-01  -2.3120417e-01   4.8063146e-01   3.9826134e-02  -1.1139033e-01  -1.7609164e-01   7.9704086e-02  -2.4075032e-02  -1.0673646e-01  -2.2627867e-01
  -4.4410727e-01   7.2282752e-01   5.3819583e-01  -2.6905067e-01   4.3075746e-01   3.5935585e-02   1.6290906e-01  -1.5020222e-01   4.8621512e-01   1.1551291e-01   1.8327108e-01   0.0000000e+00  -1.3064528e-02  -5.1945196e-01   3.3460845e-01  -1.0832385e-01   4.0223266e-01  -5.4983937e-02   1.9430989e-01   4.5969701e-01  -3.6706007e-01  -3.6407258e-01  -6.8228215e-02  -3.6063836e-01  -1.1225253e-01  -3.1001285e-02  -8.2861210e-03  -2.9477671e-01   2.6950338e-01  -4.0817869e-01   4.4227304e-01  -2.0349174e-01  -3.4258257e-02   2.7643077e-01   2.5951577e-01   2.8214545e-01  -3.7705607e-02  -3.2592546e-01  -8.7491384e-02   5.6864372e-01  -1.5645629e-01  -7.0792326e-02   5.4901686e-01  -1.0664553e-02   1.0264749e-01  -2.6049147e-01   6.1487226e-02  -8.6065212e-02  -2.4484277e-01   4.4550446e-01  -1.7013944e-01  -1.2141932e-01   1.3779524e-01   6.0360248e-02  -2.0782230e-01  -4.2133730e-01   9.7412264e-02  -2.3544894e-01  -3.0960333e-01  -6.8623964e-02  -1.0314269e-01  -9.3507412e-02   4.2822615e-01   4.4916838e-01  -2.1838288e-01   2.4479710e-01  -3.4683457e-02   1.0900728e-02  -1.6497494e-01  -4.5364266e-02   5.5014380e-01  -8.3357761e-02  -4.9684633e-03   1.7388395e-01   1.2679782e-02  -2.5033003e-01  -3.7251630e-01   7.2247076e-02   4.9328851e-01  -1.7319641e-01  -1.5140977e-01   4.2861708e-02   1.5169218e-01  -7.0785922e-02   5.5659380e-02   1.2405521e-01   6.4359005e-01  -1.7567121e-01   2.1325950e-01  -4.1975703e-01   4.1078321e-01  -1.6589704e-02   3.0783324e-01  -9.1502370e-02  -3.2611283e-01   4.2079201e-01  -9.5369155e-02   4.8002316e-03   5.8019757e-02  -1.4374650e-01   8.4441782e-02  -1.1826646e-01  -3.9105631e-01   6.3771905e-02  -2.6503956e-01  -2.8251171e-01   1.2412492e-01  -1.0110508e-01  -1.1727805e-01  -1.6873029e-01   3.6966489e-01  -3.3748440e-01  -1.1298076e-01  -4.6535183e-01  -2.4126150e-01   4.2452559e-01  -2.7697733e-01   2.0836372e-01  -4.2705813e-01  -1.4702369e-01  -3.5595523e-01   4.0824750e-01   1.6221857e-01  -3.9945673e-01  -4.0894671e-01  -3.1023092e-01  -8.4329284e-02   2.7377634e-02  -2.4246248e-01   2.2013578e-01  -4.1837936e-04   4.0209240e-01  -5.6632439e-02  -7.4226750e-02  -1.3673085e-02  -9.8824437e-02  -1.2591037e-03  -3.1801868e-01  -5.3417288e-02  -4.1602891e-01  -3.4030018e-01   6.2841499e-02  -2.6658582e-01  -1.6134033e-01  -2.4823472e-01  -3.6102180e-01   6.1540967e-01   1.3406070e-01  -9.4923149e-02   4.5447591e-02  -4.1288250e-02  -7.1911758e-02  -2.7748921e-01   2.8747781e-01   2.7475433e-01  -4.0694811e-01  -2.1799931e-01  -2.6233530e-01   6.3615910e-02  -4.3004962e-01   1.2225461e-01  -1.1116075e-01   2.8520405e-01  -2.4018932e-01   8.6614075e-02   5.4664191e-01   2.1156484e-01  -2.3873409e-01  -3.0097194e-01   2.4831990e-01   5.4144089e-01  -3.2422905e-01   5.4165473e-02  -5.6068764e-02   1.3085768e-03   7.1605364e-02  -1.9490497e-01
  -1.1484060e-02   2.3666818e-02   3.0188492e-02   3.6434494e-01   1.5837096e-01  -1.5371637e-01  -1.8351854e-02   8.4891224e-02   2.9321888e-01   6.1354900e-02  -1.8817205e-01  -1.3064528e-02   0.0000000e+00   1.1082310e-01   4.9194440e-02   3.1895093e-01  -5.3651154e-02   2.8945290e-01  -1.0374381e-01   1.4883352e-01   6.3007677e-02   1.8440032e-01  -4.9775913e-02   4.4582360e-02  -3.3251256e-01  -5.5330619e-02   3.0236725e-02  -3.0430053e-02   1.7965795e-01   1.0072551e-01  -1.3409740e-01   1.6613649e-01   3.0993444e-01  -1.2920863e-01   1.4235781e-01   1.0707666e-01   4.6980712e-02   2.0931004e-02   2.6068840e-01   3.6579037e-02   5.9674165e-01   3.7480968e-01  -2.1242317e-02  -2.9261484e-02   3.1202787e-01  -1.1571138e-01   1.7839845e-01  -2.0294930e-01  -4.5077717e-02  -4.2315236e-02   2.7764738e-01  -5.2079090e-02  -8.6490694e-02   1.2427269e-01  -7.4949749e-02  -9.6544072e-02   4.9801093e-02   1.9884167e-01   5.0133691e-01   1.8034713e-01   9.3244944e-03   2.1130133e-01   1.0175418e-01  -1.2754422e-01   2.1899202e-01  -1.2825830e-02   2.8126154e-02   4.8927123e-02   1.5331552e-01  -2.0432167e-01  -2.6562033e-01   7.8040019e-02   1.2559715e-01  -8.2580580e-02   4.8038472e-02   2.5611212e-02  -3.9725088e-03  -1.4169701e-02   8.3945620e-02   2.2223700e-01  -1.9684134e-01   9.5818121e-02  -1.5623259e-01  -4.2986160e-02  -1.3418562e-01   1.4366711e-01  -9.5654607e-02   6.6289897e-02  -1.4929172e-02  -5.5529580e-02   6.0719621e-03   9.1229835e-02  -1.6898501e-03   2.5418289e-01  -1.8679985e-03   9.8881466e-02   1.9471314e-01   5.6934069e-03  -5.9173546e-03   1.3990898e-01  -3.2014522e-01  -1.8327670e-01  -9.2790451e-03   7.7542090e-02   2.0632686e-01   1.2659313e-01   2.4262253e-01  -4.2841506e-02  -2.7984652e-01   2.0715902e-01  -2.1260337e-01   1.0183203e-01   1.1571221e-01  -1.0162055e-01  -2.0007981e-01  -1.1447135e-02   2.7114469e-01   4.4972980e-01  -6.0699937e-02   3.5320265e-01   6.9964732e-02   8.3335111e-03  -1.8303672e-01   2.5955788e-01  -8.0409123e-02   1.4599768e-01   2.4597314e-01  -1.3591482e-01   2.1964239e-01  -2.4504048e-01   4.4341892e-01  -2.0127692e-01   9.6445844e-02  -2.0307318e-02   2.1979400e-01  -3.9546464e-02   2.1644953e-01  -3.5867967e-01  -5.2083899e-03   1.8959192e-02   2.2018007e-02   4.1001317e-01   1.3773601e-02  -2.0251567e-02   2.7310333e-02   5.4097539e-03  -1.4055548e-01   8.9819351e-02   1.5960661e-01  -2.0692654e-01  -1.2750841e-01  -1.2563253e-01   1.0498632e-01   5.2065328e-02   1.5677309e-02   1.4709200e-02   1.2670600e-01   3.6101624e-01   3.6154871e-01   2.5738246e-02   2.3848888e-02   8.4728724e-02   1.2552599e-01   2.3713071e-01   3.2647375e-02  -5.5230808e-02  -9.0196556e-02   1.1173859e-02   1.8618235e-01  -1.5136071e-01   1.3180982e-01  -1.3841732e-01   2.8871056e-01   1.0146459e-02   1.4249761e-01   9.1275255e-02   6.1823826e-02
   6.5515179e-01  -4.3058761e-01  -2.4785792e-01   3.2671684e-01  -4.5586450e-01  -1.7278132e-01  -5.7100385e-02   1.9403992e-01  -2.6822175e-01  -2.3929184e-01  -2.3034429e-01  -5.1945196e-01   1.1082310e-01   0.0000000e+00  -2.2544750e-01  -5.7886829e-02  -2.4663886e-01   5.9061319e-02  -1.4808645e-01  -5.0178987e-01   2.5589624e-01   3.0820664e-01  -1.5885413e-01   5.5550580e-01   7.0877169e-02  -1.1624360e-01   1.2781978e-01   5.6280376e-01  -1.3548390e-01   4.2890901e-01  -3.9807194e-01   3.4931763e-01   1.9983133e-01  -3.0503870e-01  -3.3950101e-02  -3.7481048e-01  -9.5535093e-02   5.7680542e-01  -1.3593657e-01  -3.5161314e-01   1.6267721e-01   2.1779896e-01  -3.6011830e-01   1.3633144e-01  -3.3696336e-02   3.9072158e-01  -1.2560429e-01   2.8328734e-01   2.3616200e-01  -5.6069902e-01   5.3805005e-02   1.3291257e-01  -2.0631570e-01   1.7333206e-01   4.3476846e-01   4.5996349e-01  -9.7806698e-02   2.1727936e-01   2.8666106e-01   1.3847833e-01   2.7736285e-01   2.1145621e-02  -2.8130335e-01  -4.3519730e-01   9.5465507e-02  -4.3885264e-01   1.2670973e-01  -5.9169520e-02   1.4850224e-01   2.2408041e-01  -5.2978281e-01   1.0795403e-01  -2.0206598e-01   2.5041452e-01  -2.2913138e-02   2.7096594e-01   4.5405169e-01   1.8562990e-01  -4.2917502e-01   1.4057268e-01   3.6122460e-01  -1.0023779e-01  -1.2367155e-01  -1.0741215e-01   2.1552186e-01   2.4874976e-02  -3.7560099e-01   5.6914482e-01  -2.5674340e-01   5.4060931e-01  -4.0202763e-01   1.2871942e-01  -3.6514812e-01   3.0756544e-01   5.1107806e-01  -4.0425366e-01   9.7862264e-02  -5.1652666e-02  -1.6553933e-01   7.9171320e-02   8.5869594e-02   2.3081543e-01   6.0448987e-01  -9.0844280e-02   2.6434070e-01   3.0308073e-01   8.0498162e-02   3.1845707e-02  -1.4011715e-01   1.3503394e-01  -3.3637577e-01   4.5932665e-01   1.9121690e-01   6.0646398e-01   4.0476387e-01  -4.5237689e-01   4.3095113e-01  -5.6880434e-02   5.3821206e-01   2.3396419e-01   5.6009871e-01  -4.7570511e-01   1.5716434e-02   3.3642733e-01   4.6694352e-01   6.6758901e-01   1.3640327e-01   4.8535761e-02   2.3948957e-01  -9.0142538e-02  -1.8936125e-01  -4.5221176e-01   3.8077708e-01   7.1238181e-02   1.2867208e-01   2.2372241e-01   3.6883740e-02   4.2456409e-01   2.6002342e-01   4.9592115e-01   6.1623529e-01  -3.1299501e-03   3.3899151e-01   2.9087219e-01   3.4259220e-01   3.3423678e-01  -5.6522701e-01  -3.7441720e-01   3.2466646e-02  -1.0497991e-01   2.6160469e-01   2.1698983e-01   5.6750799e-01  -3.5517486e-01  -8.1674178e-04   4.8283938e-01   5.7304349e-01   2.8683413e-01   3.8767859e-02   4.0409292e-01   1.3972412e-03   2.4615791e-01  -3.8359926e-01   1.4627072e-01  -1.4939547e-02  -4.7927639e-01  -2.5212243e-01   2.3837068e-01   5.8006345e-01  -3.3795602e-01  -3.2432415e-01   4.1238002e-01  -7.2876241e-02  -1.1929781e-01   2.3946966e-01  -1.7957539e-01   1.6478443e-01
