   0.0000000e+00  -3.2830237e-01   1.0897459e-01   4.8705091e-02  -6.5842421e-01  -2.3935084e-02  -3.5198164e-01   3.7687280e-01  -3.1883254e-01  -1.9376085e-01   1.0286722e-01  -1.6162922e-01  -1.3607438e-01   4.6781179e-01  -1.5954745e-01   3.8523714e-02   7.4098518e-02  -6.6615820e-02  -9.4339348e-02  -4.3399300e-01  -3.3821435e-01  -1.1944219e-01  -1.8559190e-01   7.0648115e-01  -8.3372914e-02   1.3448825e-01  -2.8131413e-01   2.1642127e-01  -1.7484411e-01  -9.6686781e-02  -3.6699505e-01  -8.3049988e-03  -5.3772099e-02  -1.1288825e-01  -3.8656811e-01  -4.0713208e-01  -1.5923008e-01   6.2016372e-01  -9.3056820e-03  -1.7184670e-03  -8.2878947e-02   1.2371480e-01  -2.8779498e-01   7.0646709e-02  -4.3278640e-01   7.1105404e-01  -1.9251599e-01  -4.0335369e-01  -1.8259602e-01   2.4732291e-02  -1.0269440e-01   2.8100169e-03  -3.0889066e-01   1.2059284e-02   1.2173162e-01   3.2814069e-02  -1.7215484e-01  -1.0356656e-01   1.5717516e-01  -1.2238593e-01   5.0364371e-01  -1.8061682e-01  -1.6459558e-01  -2.1027683e-02  -3.9953208e-01  -1.5147810e-01  -1.2384267e-01  -1.3068217e-01   3.7986546e-02   3.1593865e-01  -1.0422900e-01  -1.5125239e-01  -2.1992004e-01   2.2850182e-01   1.3984832e-01  -3.1394020e-02   4.5748755e-01   1.5476681e-01  -4.3214678e-01  -1.7715557e-01   1.1189672e-01   8.2963993e-02  -2.3339001e-01   9.2068705e-02   2.1395297e-01   1.4948444e-01  -3.0470041e-01   3.6942100e-01  -3.0137451e-01   7.3931224e-01  -2.8547997e-01   2.8199178e-01  -1.7937597e-01  -2.0225441e-01   6.8836747e-01  -5.4123262e-01  -3.0860984e-01  -4.4160549e-02  -5.0996214e-01  -2.8941950e-01   3.9616795e-01   3.7201378e-01  -1.8697647e-01   7.7608451e-02  -5.3145934e-02   2.0953074e-03  -1.6613741e-01  -8.3452013e-03  -1.0153730e-01  -2.4452696e-02  -2.0571186e-01  -2.3348414e-02  -2.5326179e-01   7.9133837e-01   3.5406788e-01  -3.9278311e-01  -1.0282186e-01  -2.7069946e-01   5.0435375e-01  -6.3024429e-02   5.4702325e-01  -4.3194001e-01   2.8187799e-03  -2.1255948e-01   7.4508872e-01   2.9752564e-01  -1.6093306e-01  -3.0354461e-01  -4.0117641e-02   8.9644038e-02  -1.8655805e-01  -5.2113012e-01   2.7007781e-01  -1.6048418e-01  -2.3084739e-01   1.0405262e-01  -1.8425146e-01   2.6052862e-02   7.6167666e-02   5.1512043e-01   6.4896723e-01  -1.2948584e-01   1.9297333e-01  -1.7880738e-02  -6.1415019e-02  -2.7832815e-01  -1.5349166e-01  -2.3044178e-01  -1.5902224e-01  -4.6498129e-01   3.3737454e-01  -1.0036714e-01   3.9561089e-01  -2.1320976e-01  -1.8354732e-01   7.2151098e-01   4.5895290e-01   2.7620655e-02   4.1549560e-01  -5.4755867e-02  -2.9370781e-01   2.2375613e-01  -3.2941533e-01  -1.6212136e-01  -1.8105487e-01  -1.7368780e-01  -8.8463243e-02   2.0993481e-01   3.2402225e-01  -3.9103091e-01  -1.7317128e-01   4.0395098e-01  -4.4871788e-01   1.0422073e-02  -1.3880080e-01  -2.5389227e-01   9.5347168e-02
  -3.2830237e-01   0.0000000e+00   2.9236921e-01   1.0656431e-01   5.0496515e-01  -1.4903621e-01   2.4556322e-01  -1.8662983e-01   7.0293946e-01  -1.7956416e-01  -4.2607666e-01   4.7876173e-01   2.1637236e-01  -2.6930409e-01  -7.9142452e-02   1.1526110e-01   2.7957938e-01  -4.2019187e-01  -2.6796704e-01   2.0930970e-01  -2.4156408e-01  -2.6356089e-01  -4.9000985e-01  -2.0883580e-01  -2.3457640e-01   4.3817957e-02   4.0145751e-01  -3.0001535e-01   2.1024633e-01  -1.4774885e-01   9.1983037e-02  -1.6599555e-01   5.8759709e-02  -3.0812632e-01   4.3568994e-01  -2.2746612e-01  -4.3030954e-02  -3.6197240e-01  -8.7202147e-03   5.3102377e-01   7.3937447e-02   5.2932372e-02   5.7590925e-01  -4.3287723e-01   6.4085519e-02  -2.4931555e-01  -3.3248001e-01   2.2284522e-01  -1.2194957e-02   4.6478350e-01  -2.9433635e-01   4.4277633e-02   1.9778678e-01   1.7399654e-01  -2.0888513e-01  -3.8953483e-01  -9.0466577e-02  -2.3992704e-01  -1.7258974e-01   5.1393620e-02  -2.6453451e-01   2.3542656e-01   7.7953325e-01   6.7922737e-02   4.7298285e-01  -1.9860616e-01  -6.1594513e-02  -8.0677518e-02  -3.0460191e-01  -1.3527633e-01   7.4583443e-01  -2.9243453e-01   8.0567062e-02  -2.0753078e-01  -9.7238341e-02  -3.4670042e-01  -3.2825119e-01   2.1037292e-02   6.5479393e-01   1.8177669e-01  -2.7210100e-01   9.1975432e-02  -1.3899526e-01   6.2062111e-02  -2.7194177e-01  -2.1750888e-01   4.7640167e-01  -6.5021180e-02   6.3972906e-01  -1.6852005e-01   6.2377215e-01   1.2779528e-01   3.5033389e-01   2.3347439e-01  -3.5696172e-01   4.2579892e-01   1.9509296e-01  -1.3664483e-01   1.4830139e-01   4.2743748e-01  -3.0739566e-01  -3.8364874e-01  -2.7573728e-01  -6.0500253e-02  -3.8907310e-01  -3.2647904e-02   2.7123696e-01  -1.9698896e-01  -5.7090610e-01  -2.8649861e-01   1.7885729e-01  -4.8726002e-01   4.2117054e-01  -1.9573224e-01  -1.0630359e-01   6.7756846e-01  -1.2543032e-01   2.9400523e-01  -2.2382023e-01   1.5579642e-02  -2.5672223e-01   4.4207632e-01   2.4807892e-02   5.7609014e-02  -1.7479774e-01  -3.2935730e-01  -4.2553858e-01   4.6165648e-01  -2.1868233e-01  -1.7823577e-01  -3.5585572e-02   1.5971764e-02  -3.6420875e-01  -4.8531151e-01   2.0981770e-01  -1.4265542e-01   9.3638822e-02  -1.2833445e-01  -2.0210023e-01  -1.2761173e-01  -1.0566688e-01   2.5811347e-01  -3.1230688e-01  -3.7410108e-01  -2.2735140e-01  -5.1645563e-02   6.4747787e-01   2.6998886e-01  -3.0085200e-01   1.3255830e-01  -2.7881715e-01  -9.9294320e-02  -1.0198796e-01   2.5429672e-01   4.7692461e-01  -2.0570612e-01  -3.5667664e-01  -4.8144843e-02  -4.1115749e-02  -6.5800678e-02   3.1331741e-01  -2.0774216e-01  -3.8667940e-02  -2.7122090e-01   8.6428319e-02   2.0311078e-01   1.3520191e-02   3.3192683e-02  -1.3046821e-01   5.4687168e-01   3.2825306e-01  -2.4276730e-01   2.1940045e-01  -3.6290036e-01   2.6591486e-02   3.7254231e-01  -9.4474685e-02
   1.0897459e-01   2.9236921e-01   0.0000000e+00  -1.3074467e-02  -7.4918724e-02   3.1256983e-01   4.4109542e-02  -2.0504077e-01   1.3590793e-01   7.9024462e-02  -3.4111488e-01   3.9558783e-01  -5.6190571e-02   2.1956116e-02  -7.9792103e-02   1.9231914e-01   8.6444029e-01  -4.9383135e-01  -1.8905416e-01   2.6195279e-02  -5.1026176e-01  -1.9732050e-01  -4.0581035e-01   1.0540110e-01   9.8644602e-03  -1.1586653e-02   4.4387440e-01   2.9028739e-02   2.3975238e-02  -4.2300448e-01  -6.5511670e-02  -2.5134438e-01   1.2828347e-01  -1.5036049e-01   1.1159275e-01  -3.8032023e-01  -1.9631852e-01  -1.6263367e-01  -2.8482658e-02   7.8169862e-01  -2.1132131e-01   2.7492622e-01   3.9992665e-01  -2.8274756e-01  -3.0195800e-01   2.4448710e-01  -3.2250913e-01  -1.0411986e-01  -3.3432739e-01   7.2242098e-01  -3.3377655e-01  -9.5064750e-02  -3.6404906e-01   6.3841503e-01  -9.6441900e-02  -2.5363278e-02   5.1559214e-02  -4.8142015e-01  -2.0708405e-01  -2.5590908e-02   3.1112833e-01  -1.4760534e-01   3.9437474e-01  -3.5189916e-01  -3.2789439e-01  -1.3474829e-01   3.0755685e-01   2.4690568e-02  -2.7359964e-01   6.4194875e-01   4.6016984e-01  -1.5501712e-01  -2.4797170e-01   4.3347296e-01   1.7562625e-01  -2.5876242e-01   4.1501059e-02   1.3897259e-01  -2.5627572e-02   6.9742204e-02  -6.4881528e-02  -1.1593176e-01  -1.2796947e-01   2.9565737e-02   4.5100271e-01  -2.4009983e-01  -6.9357298e-02   3.3748649e-01   2.3992220e-01   1.2723540e-01  -1.8565422e-02   6.2547534e-01   4.1767367e-01   7.8689123e-02  -1.1658281e-01   6.7050878e-02  -5.2162789e-02  -1.5623227e-01  -2.6986524e-01   2.1052061e-01   4.5383937e-01   1.3420259e-02  -4.4131151e-01  -5.6723053e-02  -3.5193975e-01  -2.5187767e-01   3.1633357e-01  -1.6526851e-01  -5.3969722e-01  -3.2175640e-01   3.3877990e-01  -4.8444399e-01   2.6918075e-02  -2.0098394e-02   3.1717376e-01   2.4963912e-02  -1.6378941e-01  -5.8648044e-02   2.9356861e-01   1.0982803e-01   1.8845279e-01   1.8256249e-01   1.2462268e-01  -3.1354431e-01   1.6556431e-01  -1.1665608e-01  -4.7031844e-01   1.5502573e-01  -1.3562189e-01   5.1856898e-01  -3.2559967e-01  -2.9481095e-01   1.5988256e-01  -3.8809559e-01   2.0168494e-01  -3.2778128e-01   2.0985781e-01   7.7184007e-02  -2.1444784e-01  -2.1820505e-01   1.0369675e-01  -1.0826109e-01  -2.0344647e-01   2.8904259e-01  -1.5173965e-01  -4.6279705e-01   5.9244961e-01   3.0495132e-02  -2.3014234e-01  -1.5458608e-01   3.7756325e-01  -8.4767645e-02   5.7363800e-01  -2.8985992e-01   7.7270263e-01   2.1150546e-02  -4.9566139e-02  -1.4477468e-01   3.8647929e-01  -1.2439887e-01   1.2888144e-01  -1.0566296e-01  -1.1257068e-01  -4.1349819e-01   6.2098455e-02   8.6115837e-02  -1.0850731e-01   2.4076379e-01   2.8897360e-01   1.9879636e-01   2.1912519e-01   5.4234989e-02  -4.4058929e-01   1.5209981e-01  -1.9875665e-01   4.4889828e-02   7.8602636e-02
   4.8705091e-02   1.0656431e-01  -1.3074467e-02   0.0000000e+00  -4.1150854e-02   1.2201557e-01   1.1762501e-01  -6.4165268e-02   1.6665162e-01  -2.2135744e-01   1.0502055e-01   1.3566789e-01  -3.7451441e-03   4.7976093e-02   5.0861709e-02   2.5041951e-01   4.1078561e-02   1.3409483e-01  -2.0980275e-01  -1.4841002e-01   2.7370358e-01   2.6799549e-01   2.6212565e-01  -1.1469772e-01  -1.7913295e-01   1.0102451e-01   6.3078210e-02   2.1108232e-01  -9.6334537e-02   3.1508628e-01   5.6568088e-02   5.3626997e-01   3.9813399e-01   4.8815322e-02   2.4630899e-01   3.8167905e-02  -1.5746193e-02   5.5020975e-02   9.5757316e-02  -9.4480919e-02  -1.9157793e-01   4.5453034e-01  -1.6168285e-01   7.1860846e-02  -1.9548604e-01   1.3357870e-01   9.3815466e-02   1.7422278e-01  -6.0818463e-02  -1.7120503e-01   5.4998138e-01  -4.6078185e-03  -1.0337957e-01  -9.9829000e-02   6.2376830e-01   8.2395720e-02   6.3544615e-02   3.6355377e-01   1.6942587e-01   1.5536073e-01  -8.9846998e-03  -6.8817582e-02   6.3801235e-02   2.5422649e-01   1.0296513e-01   1.7204548e-01  -4.1921175e-02  -5.0987654e-01   1.3407286e-01   6.5999515e-02   7.8236349e-02  -2.3314849e-01  -8.4967794e-02   8.5768855e-02  -1.0039723e-01  -1.3361596e-01  -2.3396051e-01  -5.6910926e-02  -1.4720102e-01   7.6369435e-02   1.8038292e-01  -1.2047515e-01   1.9582187e-02   5.7921673e-02   1.6772146e-02   1.7072917e-02   9.7363086e-02   9.1837516e-02  -2.4891782e-02   1.3762286e-01  -1.4740147e-01   6.8009588e-02  -1.8509527e-01   4.3594699e-01  -1.6008910e-03  -3.0722658e-01   5.9008262e-02   1.4615923e-01  -2.7404176e-01  -1.1986846e-01  -1.0082948e-02   1.7807976e-01  -5.7238228e-03   1.6773146e-01   4.6960192e-01   3.4586619e-01   3.6030397e-01   1.9601744e-01  -1.4891890e-01  -2.3643559e-02   1.1030947e-02   8.0545671e-02   5.2279618e-01   1.4214851e-02   9.5098433e-02  -1.4382998e-01   6.2686025e-02  -1.8963003e-01   5.1801933e-02   4.4264027e-01   2.9262966e-01  -2.4756753e-01  -2.4008243e-01   2.6958298e-01   1.0699073e-01   3.5845055e-01   2.7839573e-01   1.2851936e-01   1.6240541e-02   8.3471951e-02  -5.5704563e-01  -1.1450077e-02   3.7155670e-02   1.2157661e-02  -1.6540726e-01  -8.0439533e-02  -9.5758757e-02   1.4559321e-01   1.3072337e-01  -2.4954410e-02   1.6493612e-01  -2.2552770e-01   5.3656493e-03   3.7229229e-02   3.2697260e-02   2.9745233e-01  -4.7148135e-02  -2.1231875e-01  -6.4547642e-02   1.2266539e-01   1.8431980e-01  -8.1529044e-02   2.4966143e-01   6.2320109e-02  -9.8069073e-02  -1.4405644e-01   2.6393131e-01   5.2679241e-01   1.4178802e-01   9.9530456e-02  -1.5245794e-01   7.1409976e-02  -3.0538731e-02   3.8340755e-01   1.8172332e-01  -3.0350331e-01   7.0558941e-02  -4.9449330e-02   4.0869361e-01  -1.8722695e-01  -1.9156078e-01  -2.4826139e-01  -6.6112629e-02   1.0199022e-01   2.0468732e-02   2.4167010e-01   3.0796431e-01
  -6.5842421e-01   5.0496515e-01  -7.4918724e-02  -4.1150854e-02   0.0000000e+00  -2.0107926e-01   1.4068957e-01  -1.5116717e-01   4.9531917e-01  -5.1116509e-02  -1.8112289e-01   2.0246591e-01   2.5330772e-01  -4.3735048e-01  -1.1147609e-01   7.9766652e-02  -1.2599161e-02  -1.5544912e-02   3.0570834e-02   5.9752508e-01   2.2064084e-01   9.5486488e-03  -2.9095157e-02  -5.5631028e-01  -4.4644268e-02  -2.0791333e-02   4.3749801e-01  -4.0295670e-01   3.0999768e-01  -7.4412555e-03   2.1709230e-01  -4.2659530e-03   7.1246372e-02  -1.4593755e-01   3.5050647e-01   3.1876982e-01   2.4737033e-01  -4.2854858e-01   1.0735843e-01   1.4963139e-01   1.8075400e-01  -2.6856874e-02   4.1967095e-01  -2.7419454e-01   4.5151469e-01  -5.3425356e-01   6.2085913e-02   2.8778301e-01   2.8025538e-01   1.9537026e-01  -6.3955032e-02  -9.7676811e-02   4.2091094e-01  -2.3552932e-02  -1.5455349e-01  -3.2515626e-01   1.6233652e-01   5.9648198e-02  -8.2704235e-03   1.0988389e-01  -2.8005888e-01   3.3359900e-01   3.9567451e-01   2.5440390e-02   4.3495623e-01   1.6154272e-01   8.3240896e-02   1.7601575e-01   9.8266861e-03  -3.5815076e-01   3.6829663e-01   2.4224065e-03   2.8633956e-01  -3.6877819e-01  -3.2089302e-01  -4.3252578e-02  -2.1828503e-01  -7.8346486e-02   7.6844002e-01   1.8268104e-01  -3.6005864e-01   8.3073893e-03  -2.3333062e-02   3.8604857e-02  -3.9227947e-01  -2.5610828e-01   3.2109010e-01  -4.0861398e-01   4.4646199e-01  -5.7196373e-01   6.8347335e-01  -3.9219480e-02   1.8447872e-01   2.8695429e-01  -4.8121763e-01   7.6172498e-01   4.3671165e-01   1.1315578e-02   5.4349709e-01   2.7957814e-01  -5.3590928e-01  -5.0307004e-01   7.0694376e-02  -5.0108641e-02  -6.2697523e-02  -7.3774648e-02   1.8261614e-01   4.0607229e-02  -1.0559878e-01   5.4173668e-02   3.1821494e-02  -1.1284195e-01   1.9140333e-01  -4.9971457e-01  -4.2009292e-01   6.7560050e-01  -1.4936913e-01   2.8529748e-01  -4.9554740e-01   6.1139727e-02  -3.5561743e-01   7.3247641e-01   4.1455953e-02   2.5287462e-01  -4.8932581e-01  -3.6399665e-01   2.7975764e-02   2.7164157e-01   5.0665956e-02  -2.9850144e-01   2.7382583e-01   3.7612376e-01  -4.6786049e-01  -1.7774439e-01   2.3398908e-01   1.7116942e-02   8.7824688e-02  -1.8749920e-01  -9.0714838e-02  -3.4541250e-01  -4.3983435e-01   2.3156923e-01  -1.7950761e-01  -3.7774517e-01  -1.4262714e-01   8.7062604e-02   1.8444486e-01   4.2732026e-01   9.8966614e-02   2.4556834e-01  -5.1609296e-01   1.4760712e-03  -3.3015400e-01   2.9678524e-01   2.3316546e-01  -5.7620364e-01  -3.1331228e-01  -5.3775122e-02  -1.0598586e-01  -1.0166579e-01   4.1382022e-01  -1.7357078e-01   2.1234103e-01   8.5672108e-02   1.5744051e-01   3.1607493e-01   2.2000988e-01  -1.0901989e-01  -1.8489281e-01   4.8178166e-01   4.7570679e-01  -3.4003204e-01   5.7813571e-01  -1.5541354e-01  -4.3384105e-02   1.9874072e-01  -1.4847769e-01
  -2.3935084e-02  -1.4903621e-01   3.1256983e-01   1.2201557e-01  -2.0107926e-01   0.0000000e+00   2.1812266e-01  -2.8093968e-01   4.8477969e-02   7.4385158e-02  -1.0376200e-01   1.2819662e-01  -1.7751053e-02   1.6952844e-01   5.8017351e-02   2.6392310e-01   3.4051211e-01  -3.3503631e-02   3.0423482e-03  -5.0861460e-02  -1.3703510e-01   1.8813486e-01   4.4897075e-02   3.3691097e-02   1.2376421e-01   1.4984850e-01   3.1577283e-01   5.0069521e-01  -3.0135550e-01   1.2183536e-01  -2.0495319e-03  -5.0437026e-02   1.2947357e-01   2.0342402e-01  -8.3903317e-02   7.2190321e-02  -1.3353901e-02  -2.1124704e-01   2.1484721e-01   1.1897818e-01  -2.9305674e-02   9.4563007e-02  -1.9461512e-02   1.4172825e-01  -8.4329064e-02   7.4184127e-02   1.4796606e-01   1.1780539e-01  -4.1638605e-02   7.3078385e-02   2.3947841e-03  -3.0092711e-02  -4.1207397e-01   3.8476360e-01   2.8153753e-02   3.6603006e-01   4.9278522e-01  -8.4586064e-02   1.7986685e-01   2.9291608e-01   1.1860804e-01  -1.5398240e-01   5.4317090e-02  -1.8883908e-01  -2.0870799e-01  -1.8352112e-01   5.5180943e-01  -2.0405310e-01   1.3159135e-01   4.4258429e-01  -1.4669809e-01   1.2027672e-01  -1.0194296e-01   5.7611504e-01   1.0957600e-01  -1.4032915e-01  -1.5486213e-01   5.0747114e-02  -2.6815607e-01   2.6134680e-01   4.1701561e-01   7.2971804e-03  -3.8117727e-02  -1.0726587e-02   4.7910558e-01   9.4316674e-02  -4.5627871e-02   1.5353613e-01   1.7101797e-02   6.9967669e-02  -3.0402587e-01   1.8056590e-01  -1.8254158e-01   1.2787374e-01  -2.2762121e-01  -1.2964943e-01   1.0881549e-01   3.0902698e-01  -9.3966331e-02  -2.1171669e-01   4.5540827e-01   1.4178306e-01   1.7464648e-02   2.5023076e-01  -1.1818694e-02   1.0395433e-01   2.3292853e-01   2.0483181e-01   5.3195969e-02  -1.2845863e-01  -1.2788006e-03   2.4819622e-01   2.3244313e-01  -2.0844676e-01   3.4421176e-01  -3.8464065e-01   2.3664534e-01   4.1781114e-02   3.6995865e-01   2.9836532e-01  -1.4800978e-01  -1.8893114e-01  -1.9635715e-03  -1.4658333e-01   4.7610608e-02   2.5776420e-01   1.0847208e-01   7.8300581e-02   5.4099327e-02   4.8661069e-01  -1.6507508e-01  -2.0812526e-01   3.3027627e-01   1.7283954e-02   1.0431055e-01  -3.0745562e-01   2.1833364e-01   2.8525462e-01   8.3200886e-02  -2.8239786e-01  -5.4386370e-02  -1.9760187e-01  -1.8933399e-02   6.3417775e-01  -7.2978374e-02  -7.1434956e-02   2.7706085e-03  -3.0918347e-01  -5.5257361e-02  -9.5066948e-02   4.7063825e-01  -7.6290836e-02   2.8344821e-01  -3.2959663e-01   1.8250338e-01  -1.4133150e-01  -6.6614073e-02   9.1170764e-02   5.8212989e-02   2.4049222e-01  -1.3057422e-01  -1.0145709e-01  -1.1446976e-01  -2.3077289e-02   3.5795480e-01  -4.1564994e-01  -1.8839214e-01   9.8926915e-02   1.9010693e-01  -2.7997083e-01  -1.0796418e-01  -6.0314097e-02  -2.1979654e-01   6.3909934e-01  -2.3279471e-02   1.2026390e-01   4.9782203e-01
  -3.5198164e-01   2.4556322e-01   4.4109542e-02   1.1762501e-01   1.4068957e-01   2.1812266e-01   0.0000000e+00  -3.1941638e-01   2.9364878e-01   3.8184993e-01   1.0093880e-01   3.9505689e-01   1.0549819e-01  -2.6243896e-02   6.4375216e-01   3.3565816e-01  -3.7582657e-02   1.0350075e-01  -1.8333465e-01   1.2138590e-01   1.8852894e-01  -7.0714485e-03   3.8226366e-01  -1.8335195e-01   3.8466981e-02  -1.3011670e-01   1.2736767e-02   9.5453206e-02  -1.6709616e-01   1.3364227e-01   4.2143581e-01  -7.2953478e-02   1.9949346e-01   4.0016125e-01   3.7702355e-01   1.2971166e-01   1.0826795e-01  -3.7758582e-01   1.0349395e-01   3.3928430e-02   1.7228309e-02   8.7021861e-02   9.6362982e-02   2.5494976e-01   2.8132908e-01  -3.5714300e-01   2.0659661e-02   6.7834669e-01  -4.7698201e-02  -1.6005484e-01   1.5014089e-01  -7.2636231e-02  -1.4361671e-02   1.1519679e-01   7.2017785e-02   1.5347289e-01   8.6387742e-02  -2.7328082e-01  -6.8542993e-02   2.3407677e-02  -2.9203799e-01   1.4325161e-01   8.6125279e-02   1.2408549e-01   2.9076813e-01   1.9558043e-01   2.6927907e-01  -2.3381505e-01  -1.8614013e-01  -1.3910169e-01   3.5364266e-02  -5.9200663e-02   1.4588367e-01   2.0356258e-01   1.0175115e-01  -2.6356668e-01  -4.3947470e-01  -2.1543058e-02   9.4259531e-02   2.1403718e-01   3.0491976e-01   7.9145595e-02   3.1658765e-01  -2.2269470e-01   1.4857795e-01  -1.4410469e-01   3.9239581e-01   8.9095939e-02   9.5543165e-02  -1.6222522e-01  -1.6717430e-01  -1.9316555e-01   1.6982838e-01   1.5692975e-01  -4.4219692e-01   4.3973616e-02   4.2719879e-02   1.1621852e-01  -4.0607385e-02   4.3500343e-01   6.9275598e-02   2.1477154e-01   3.2891260e-02   2.0651104e-01   4.4101143e-02  -2.2673245e-01   3.5762544e-01  -1.0591114e-01   1.4154488e-02  -1.0025725e-01   4.7995475e-01  -1.5629387e-01   2.8106050e-01  -3.4591585e-01   1.2699923e-01  -7.1667878e-02   3.2489753e-01   3.1859921e-01  -2.0074253e-02   4.6074212e-02  -2.2115863e-01   6.6310862e-02   2.4185568e-02   2.0282577e-02  -2.3552602e-01   8.2886107e-02   2.4561014e-01   2.3764121e-01  -3.7041961e-01   7.1608025e-02  -4.4497105e-02   4.8752716e-01  -3.4901292e-02   1.8304062e-01  -5.4924765e-02  -2.2659078e-01   1.1770597e-01   2.0140930e-01  -2.3578005e-01  -4.3222782e-01  -2.1344930e-01  -1.0535280e-01  -9.8403570e-02   1.5337339e-01   4.0101811e-01   2.7915253e-01   3.8510870e-01  -9.4745653e-02   1.4233383e-01   4.5994126e-01   1.1926534e-01   1.4722251e-01  -9.9465951e-02   1.7741158e-01   8.9083729e-02  -3.5608065e-01  -2.1645903e-01   8.0287542e-02  -2.6584127e-01   1.8637072e-01   1.4286579e-01  -1.2084117e-01   2.7709274e-01  -3.8645539e-02   3.7006917e-02   1.5614631e-01   8.0178100e-02  -1.5974312e-01  -7.5658442e-03   4.8614862e-02  -1.1434071e-01  -2.3808512e-01   6.4747043e-02   7.4824183e-02   5.5619958e-02   1.4968267e-01   6.0656715e-02
   3.7687280e-01  -1.8662983e-01  -2.0504077e-01  -6.4165268e-02  -1.5116717e-01  -2.8093968e-01  -3.1941638e-01   0.0000000e+00  -2.6286656e-01  -3.4144595e-02   2.4619103e-01  -3.3661584e-02   1.3663238e-01  -1.0636996e-01  -1.4779471e-01   2.4848930e-02  -2.7128419e-01   1.7986510e-01   1.8195296e-01   3.6041954e-02  -4.3957754e-02   8.3219706e-02  -5.8147192e-02   1.9067869e-01  -4.2610915e-03   4.1551209e-01  -1.9875136e-01  -2.2192263e-01  -3.1430855e-02   6.1260974e-02  -3.1932594e-01   1.2315434e-01  -1.2822479e-01   3.9340030e-02  -1.1781550e-01   1.1118217e-02  -9.3734039e-02   3.6055258e-01  -1.2853675e-02  -1.5674707e-01   1.0449133e-01  -8.0677328e-03  -2.4014536e-02   2.3441298e-01   2.0550623e-02   1.7710698e-01   2.3759805e-01  -3.4859937e-01  -4.4989493e-02  -9.8910118e-02   1.7320933e-01   5.4564122e-01   1.6634388e-01  -2.4352528e-01   2.3327280e-02  -1.5440889e-01  -2.0021464e-01   1.5331064e-01   1.6408688e-01  -3.4802398e-02   1.4985800e-01   2.7158933e-03  -1.9449953e-01   1.7580742e-02  -1.4312612e-01   1.5323112e-01  -1.7710105e-01   2.9079642e-04   2.0054728e-01  -1.9379125e-01  -1.3880020e-01   1.2538049e-01   1.2540548e-03  -2.4105928e-01   7.4418577e-02   1.3768410e-01   3.5913591e-01   2.4838474e-01  -1.7582633e-01  -8.7094598e-02  -1.6473532e-01   3.9424701e-02  -1.7531221e-01   4.0979460e-01  -2.9640039e-01  -5.4747154e-02  -1.8598559e-01  -9.3174009e-02  -2.8801620e-01   1.2821278e-01  -2.3510010e-02   6.2999553e-02  -3.4713045e-02  -1.0380225e-01   3.8666800e-01  -7.4396985e-02   1.6311963e-02   2.2439022e-01  -6.3104976e-02  -1.0130042e-01  -1.8684661e-01   1.1500977e-01  -1.7920219e-02   7.6010027e-02   9.8545300e-02   1.0557507e-01  -1.5410656e-01   3.4771038e-01   2.1589749e-01   3.3034568e-01  -1.9266717e-01   3.9692179e-02  -2.3890776e-01   3.7198978e-01  -2.8314707e-01  -8.7312501e-03   1.8960177e-01  -2.0450256e-01   1.3252211e-02   2.5146458e-02   2.7462686e-01  -5.5270141e-02  -1.8611475e-01   5.3455166e-02   1.9574734e-01   1.0862240e-01   7.2782404e-02   6.0114629e-02   1.8452812e-01  -3.3517438e-01   4.5032294e-02  -2.2137893e-01  -9.1735551e-02   6.1554697e-02  -4.4827561e-02   3.7572644e-01  -8.8262582e-02  -2.7643694e-01   2.8648427e-01   2.9008675e-01   2.1881660e-01   7.9322149e-02   3.7160047e-01  -3.8367362e-01  -9.4761982e-02  -1.1482710e-01  -1.1558863e-01   1.5122865e-01   9.0323766e-02  -1.9181616e-01  -2.4930818e-01   8.3905038e-02  -7.5583583e-02   7.4510539e-02  -2.6075741e-01   2.2468927e-01   2.5129230e-01   9.5119576e-02   1.4301196e-01  -1.3024313e-01  -2.0238964e-01   4.3894166e-01  -8.4413116e-02   1.5904371e-01   9.3482692e-02   7.6852073e-02   1.0331275e-01  -2.8581044e-02   2.9709735e-02  -8.3913780e-02   2.6016784e-02   1.5472525e-01   6.9294822e-02  -1.0237346e-01   2.0518318e-01  -9.6319693e-02   4.1299212e-03
  -3.1883254e-01   7.0293946e-01   1.3590793e-01   1.6665162e-01   4.9531917e-01   4.8477969e-02   2.9364878e-01  -2.6286656e-01   0.0000000e+00  -2.3774424e-01  -4.3060704e-01   3.7095092e-01   2.0329840e-01  -6.5647806e-02  -1.1461089e-01   2.2387827e-01   2.1513275e-01  -3.4931845e-01  -2.4951685e-01   1.9078353e-01  -9.2772643e-02  -1.5021201e-01  -2.3992433e-01  -1.6548854e-01  -1.9449097e-01   8.3413958e-02   3.0334787e-01  -8.0826741e-02   1.7445765e-01  -3.3300799e-02   5.7866819e-02  -4.7095870e-03   1.6525147e-01  -3.9786204e-01   4.1915859e-01  -2.2348412e-01  -5.7160453e-02  -3.9299363e-01   3.1953513e-02   2.9427269e-01   3.9414753e-02   1.0486725e-01   4.2949877e-01  -3.0461640e-01   1.4814236e-01  -2.0607152e-01  -3.0512066e-01   2.7655343e-01  -8.2319988e-03   2.4018612e-01  -1.9649811e-01   4.1416916e-02  -6.3589770e-02   2.1575215e-01  -6.7421748e-02  -2.5701110e-01   1.5354761e-01  -1.4694524e-01  -2.7861055e-02   1.8637940e-01  -3.0565705e-01   1.7351601e-01   7.2178531e-01   1.6436677e-01   4.7541880e-01  -2.3298705e-01   6.0188683e-02   1.7828263e-02  -1.8379597e-01  -1.2467012e-01   4.3393973e-01  -1.0525439e-01   1.3388997e-01  -1.6607290e-01  -1.4582790e-01  -4.1543929e-01  -3.8728334e-01  -1.2154893e-01   5.8719548e-01   2.7743644e-01  -3.3392552e-02   1.6274240e-01  -1.9132269e-01   1.2565187e-01  -1.8133144e-01  -1.7148036e-01   4.7063694e-01  -1.1704052e-02   5.9534140e-01  -1.3266758e-01   5.1776374e-01   2.6187703e-03  -2.4696112e-02   4.2390780e-01  -3.8138719e-01   3.5463701e-01   2.7209073e-01  -3.5620658e-02   2.6658489e-01   2.2645732e-01  -2.3935562e-01  -3.3941507e-01  -1.2987928e-01   1.3788735e-01  -1.9736561e-01  -1.0909811e-02   3.5461524e-01  -1.4720005e-01  -4.3895821e-01  -3.4756395e-01  -6.6965126e-02  -2.6417912e-01   4.0524242e-01  -2.0977153e-01  -3.2463768e-02   3.8722290e-01  -3.9242920e-02   2.7825832e-01  -1.5684770e-01   1.3423909e-01  -2.8322956e-01   2.8246758e-01   3.6173871e-02   1.7566638e-01  -1.7435423e-01  -2.1549580e-01  -1.5668760e-01   4.5085282e-01  -1.3604089e-01  -9.0106218e-02   5.2623706e-03   4.6516101e-02  -4.4898145e-01  -4.5636457e-01   2.2823201e-01  -1.6317164e-01   8.0045637e-02   4.3820535e-02  -1.6689827e-01  -1.4897096e-01  -5.0915009e-02   2.9909139e-01  -2.9192687e-01  -2.7072927e-01  -1.7247490e-01   6.0135748e-02   3.6989890e-01   6.9904972e-02  -3.2464928e-01   8.6422228e-02  -2.2237740e-01   4.9464633e-02  -4.9484769e-02   2.9002398e-01   2.8225602e-01  -2.4407425e-01  -2.6325862e-01   2.4017323e-02  -9.1187242e-02   1.8440434e-01   2.9450133e-01  -2.7906542e-01  -1.7389797e-01  -5.2952102e-02   1.7906005e-01  -5.2598947e-02  -7.5725126e-02  -7.3684575e-02  -2.4653344e-02   2.5823155e-01   1.6119326e-01  -3.3854033e-01   3.0677113e-01  -2.3819402e-01  -1.2345914e-01   3.4452882e-01   5.4924936e-03
  -1.9376085e-01  -1.7956416e-01   7.9024462e-02  -2.2135744e-01  -5.1116509e-02   7.4385158e-02   3.8184993e-01  -3.4144595e-02  -2.3774424e-01   0.0000000e+00   1.8996758e-01   8.1778704e-02   1.2901808e-01  -1.7648733e-01   4.3671359e-01  -2.9001753e-02  -9.5274425e-02   1.7254216e-01   4.5174930e-02   3.5633823e-01   1.9291274e-01   7.2831291e-02   3.9969014e-01  -3.2558593e-01   1.9173782e-02  -2.4797249e-01   1.4818136e-02  -1.4272821e-01  -2.1661510e-02  -1.1002316e-01   2.4036885e-01  -2.3831224e-01  -1.4392343e-01   5.4615079e-01   5.4001742e-03   2.0929052e-01   4.2508735e-01  -2.0226632e-01  -8.7437911e-02   7.9033208e-02   9.5501128e-02  -2.0663642e-01  -3.7640661e-02   2.6144065e-01   2.7211395e-01  -4.5362521e-01   2.5648366e-01   1.7444094e-01   1.2760525e-01  -2.6630058e-02   7.8718007e-02  -5.4149486e-02   1.7503628e-01  -7.6926511e-02  -8.0588949e-02   2.8290705e-01  -1.8706707e-01  -2.4790730e-01  -1.8647551e-01  -1.2794218e-01  -2.9798436e-01   8.4494188e-02  -2.3922737e-01   1.0962864e-01   3.7524815e-02   4.8298366e-01   1.6688251e-01  -2.4205854e-02  -7.5948492e-02  -5.6089441e-02  -1.1157390e-01   1.1283647e-01   9.9032888e-02   1.3241951e-01   2.3030095e-01   4.5968811e-02  -2.1908044e-01   2.0132095e-01  -1.1788968e-01  -5.0917958e-02   6.1782307e-02  -1.3137273e-01   3.0824914e-01  -2.1617631e-01   1.2796703e-01  -2.1106624e-01  -1.5805070e-02  -1.2763195e-01  -2.4648947e-01  -3.9665612e-01  -3.0451503e-01  -1.8308812e-01   4.8424059e-01  -1.7632682e-01  -3.1126487e-01   6.8711908e-02  -7.2550940e-02   3.4503727e-02  -5.9105857e-02   5.2617150e-01   9.2000826e-02   1.8411975e-01  -2.7116677e-02   5.2798097e-02  -7.4424632e-02  -2.9098844e-01   1.8738793e-02  -7.9022015e-02   2.3495250e-01   1.6966220e-01   6.2745745e-01  -7.1169582e-02  -1.0110327e-01  -3.8477293e-01  -7.6427522e-02  -1.0812295e-01   1.3968874e-01   1.8360229e-01  -2.1070706e-01  -1.2407226e-01  -2.1746694e-01   9.6472555e-02   7.6187151e-02  -1.0313264e-01  -4.7199785e-01  -9.4127410e-02   1.5586016e-01  -5.5510763e-02  -1.6181869e-01   1.8827095e-01  -3.3800976e-03   4.1350436e-01   1.2796457e-01   4.1175529e-01   1.3089200e-02  -5.9964787e-02   1.6030164e-01  -1.4308792e-02  -2.4837599e-01  -4.6157853e-01  -4.3897116e-01  -7.5319931e-02   1.9919225e-01   2.3085791e-01   3.2953531e-01   4.5746983e-02   2.0743407e-01   2.1611828e-01   4.5055189e-01   5.2452313e-01  -3.5371826e-02   9.6511090e-02  -1.8085553e-01   4.1522669e-02   1.3525340e-01  -4.3783953e-01  -3.2174601e-01  -8.6274229e-02  -2.9059537e-01  -1.6991874e-01   9.7506264e-02   1.2720319e-01   5.6500787e-01  -1.2940546e-01  -7.2133903e-02   4.1056663e-01   1.6105588e-01  -2.9787952e-01  -1.7996706e-01   5.2934920e-02   2.3294784e-02   3.4285559e-02  -7.3308514e-02   1.3878691e-01   1.4271160e-01  -1.1031807e-01   1.2475790e-01
   1.0286722e-01  -4.2607666e-01  -3.4111488e-01   1.0502055e-01  -1.8112289e-01  -1.0376200e-01   1.0093880e-01   2.4619103e-01  -4.3060704e-01   1.8996758e-01   0.0000000e+00  -1.8429705e-01  -1.4276802e-02  -4.9595533e-02   3.0352607e-01   1.5699905e-01  -3.9945027e-01   7.0243003e-01   1.2150361e-01   1.9495127e-02   2.9254958e-01   2.6096139e-01   4.4561489e-01   8.2067407e-02   2.3521411e-01  -4.1756068e-02  -2.3922617e-01   6.4670256e-02  -1.1744915e-01   4.6163828e-01   5.3782621e-02   2.0517218e-01  -1.1386107e-01   3.1838534e-01  -7.5705756e-02   3.8239897e-01   1.4958706e-01   3.6271654e-01   3.4352349e-02  -4.8105047e-01   1.3129730e-01  -3.8673667e-02  -3.6846193e-01   2.5136497e-01   2.4594489e-01   8.2026061e-02   5.2333182e-01   1.9178398e-02   7.7245756e-02  -4.7189759e-01   4.8162871e-01   6.0959286e-02   1.5790912e-01  -3.6423221e-01   1.4676836e-01   2.9130812e-01  -1.2248998e-01   2.2371931e-01   1.7318718e-01  -3.8433926e-02   4.9185482e-02   9.1960965e-03  -5.5665984e-01   2.7586971e-01   2.9771230e-02   3.2145856e-01  -1.4259196e-01  -1.2730684e-01   4.7150192e-01  -1.4528164e-01  -4.4382189e-01   1.4386364e-01   7.2771661e-02  -1.2086276e-01   8.3038598e-02   3.0499892e-01   1.9768599e-01  -2.3957523e-02  -3.2927962e-01  -8.8711499e-02   1.5497458e-01  -5.6838509e-02   6.9092349e-02  -1.1528451e-01  -1.1813042e-01   2.1740157e-01  -9.5205869e-02  -7.5109686e-02  -4.8999588e-01   1.5914927e-02  -3.2009326e-01  -2.5591214e-01  -1.8980173e-01  -1.0172930e-01   3.1795232e-01  -1.1302877e-01  -1.8391961e-02   1.9444923e-01  -2.3592067e-02  -9.9535555e-02  -1.2540521e-01   5.4782375e-01   1.0286153e-01   1.8713178e-01   4.3920730e-01   9.1728348e-03  -2.1887056e-01   1.7871099e-01   4.7113049e-01   3.9150025e-01   1.4364081e-02   2.7644917e-01  -1.3273954e-01   1.1921544e-01  -1.1033039e-01  -3.1302015e-01   1.3021722e-01   3.2046015e-03  -4.3491241e-02   3.3284344e-02   1.6206755e-01  -1.6465743e-01   6.0851693e-02   2.6135523e-01   1.2851070e-01   3.2209386e-01   6.0645600e-01  -1.4644850e-01   3.3996080e-02  -1.6030090e-01  -8.7581952e-03   2.9762661e-01   1.4839599e-02   4.4772782e-01  -2.9922148e-01   4.1267486e-01  -6.2203201e-02  -1.0646659e-01   3.8191297e-01   7.3543648e-02   8.1686170e-02  -2.9816796e-01   5.2940951e-01  -9.5264937e-02   4.5238148e-01   1.7269242e-01  -3.5077518e-01  -1.3121203e-01   3.1738244e-01   4.8853263e-02  -8.0328916e-03  -1.7174172e-01  -2.0828072e-01   1.7828330e-01  -4.8423292e-01   5.5887860e-02   3.1219401e-01   1.7981704e-01  -3.6937000e-02  -1.3911017e-03  -1.1589312e-01   5.7061141e-01   1.0719851e-01   3.5239791e-01  -8.2602460e-02   1.1180997e-01   4.3048865e-01  -1.0061013e-01  -6.3458382e-02  -3.6593874e-01  -1.4454148e-01   2.9691179e-01   1.3136050e-01  -7.9003972e-02   1.0990022e-01  -2.2693079e-01  -3.3712388e-02
  -1.6162922e-01   4.7876173e-01   3.9558783e-01   1.3566789e-01   2.0246591e-01   1.2819662e-01   3.9505689e-01  -3.3661584e-02   3.7095092e-01   8.1778704e-02  -1.8429705e-01   0.0000000e+00   2.9057063e-01  -7.8241176e-02   2.4599360e-01   3.1593956e-01   2.9254799e-01  -2.1629997e-01  -2.4147368e-01   2.8467913e-01  -1.9084959e-01  -1.4874837e-01  -1.5013635e-01  -1.0365576e-01  -7.5266235e-02   1.1423791e-01   2.4544631e-01  -1.5863217e-01  -1.5109582e-02  -1.7270179e-01  -5.0375158e-02  -9.2661911e-02   2.0757914e-01   1.0667596e-02   5.0156342e-01  -8.5524163e-02  -7.3067344e-02  -3.1890130e-01  -7.2732802e-02   3.9020032e-01   1.0390954e-02   2.3454848e-01   4.5563962e-01  -2.5546873e-02   2.0535256e-01  -1.7638518e-01  -1.5294796e-01   7.3090491e-02  -1.5662450e-01   2.8857373e-01  -5.1620197e-02   9.5617846e-02   6.5816660e-03   3.9952693e-01  -5.5416119e-03  -5.8599865e-02  -3.8968119e-02  -2.1032543e-01  -6.3741441e-02   3.6678991e-01  -1.1571364e-01   1.3542609e-01   4.0848851e-01   1.2918826e-01   6.4532229e-02   1.0917043e-01   3.6392076e-01  -3.3023936e-02  -2.0447915e-01  -8.7185426e-02   2.8296762e-01  -6.2484215e-02   4.5270266e-03   2.8190540e-01   1.4975808e-01  -2.5531889e-01  -2.0415253e-01  -1.4934807e-03   2.7805570e-01   2.1687273e-01   1.2421971e-02   8.8621456e-04  -1.1828983e-02   6.9860846e-03   1.1776150e-01  -2.7749735e-01   2.5041959e-01   1.6575650e-01   3.3996562e-01  -8.6463191e-02   1.4292111e-01   3.0334430e-01   3.8549450e-01   3.1923978e-01  -3.3836279e-01   2.3899088e-01   2.2020004e-01   8.3346510e-02  -4.3253695e-03   2.7157682e-01  -1.9177495e-04   3.6124764e-02  -1.8849600e-01   3.0729450e-01  -1.8892772e-01  -1.4978515e-01   4.5338886e-01  -5.4990916e-02  -2.4501725e-01  -1.7687378e-01   2.9986443e-01  -2.7099066e-01   2.8839510e-01  -2.0200260e-01  -3.9487515e-02   2.3331023e-01   2.2245378e-01   1.6331836e-01   6.8283046e-02   2.2598013e-01  -6.8604242e-02   3.0794176e-01   1.2081837e-02   2.0282039e-03  -9.5245243e-02   9.7221359e-03  -8.2367899e-02   3.4104851e-01  -2.4763500e-01  -9.6278364e-02  -1.1159479e-01  -6.3973203e-02  -2.0446555e-02  -2.7106668e-01   3.1443499e-01  -2.2087550e-01   4.3603263e-01  -6.4393187e-02  -2.9203338e-01  -2.6294609e-01  -1.2374058e-02   1.5959363e-01  -1.8305218e-01  -7.2260015e-02   3.2072645e-02  -6.9825243e-02   4.8424841e-01   5.0513036e-02  -1.5085854e-01   4.1396018e-02   1.9217104e-02   6.7432077e-03   1.8773483e-01   3.5522629e-02   4.4491597e-01  -2.0915886e-01  -2.1466616e-01   1.5047943e-01   1.2989554e-01   4.6540175e-02   1.4541705e-01  -2.2966179e-01  -5.0963517e-02  -1.5660457e-01   1.8382890e-01   2.3224549e-01   4.8490720e-02   1.1709138e-01   1.4430820e-01   2.3643467e-01   2.1951185e-01  -1.5265304e-01   1.7493871e-02   2.0407199e-02  -4.3165949e-03   2.0849355e-01   7.5451817e-02
  -1.3607438e-01   2.1637236e-01  -5.6190571e-02  -3.7451441e-03   2.5330772e-01  -1.7751053e-02   1.0549819e-01   1.3663238e-01   2.0329840e-01   1.2901808e-01  -1.4276802e-02   2.9057063e-01   0.0000000e+00  -1.5361024e-01  -7.9728417e-02   4.8454326e-02  -1.6238647e-02  -7.1382579e-02  -2.8586765e-02   5.0109107e-01  -9.2218513e-02   4.6287959e-02   3.8960297e-02  -7.4796661e-02  -4.9906447e-02   2.1530097e-01   1.5776811e-01  -2.8479333e-01   4.6825844e-02  -1.3314294e-01  -1.5204641e-01  -6.2137714e-02   8.9152411e-02  -5.7795352e-02   9.6460276e-02   2.2626111e-02   5.6455884e-02  -1.5254874e-01  -6.6025749e-02   1.0250681e-01   4.2362783e-01  -1.1893707e-01   4.1115745e-01   9.4043162e-03   3.4768431e-01  -2.3466179e-01   6.7717621e-02  -9.7878211e-02   1.4423994e-01   7.9311728e-02   9.9174127e-02   2.2921887e-01   1.0129560e-01  -1.9068807e-02  -4.2238268e-02  -1.8178832e-01  -8.4453510e-03  -8.9682843e-02   8.7746215e-02   2.4026072e-01  -1.5560085e-01   3.3574822e-01   1.9479267e-01   1.3052683e-01   2.2216819e-01   9.6627926e-02   6.3494447e-02   6.6871469e-02   7.5254468e-02  -3.2253489e-01   5.2712698e-02   1.7600156e-01   1.8944634e-01  -1.5963756e-01   2.1585141e-02  -2.0118259e-01  -4.4628445e-02   1.0867638e-01   2.4366643e-01   2.2097850e-01  -1.8640285e-01  -5.9854727e-02  -1.7028845e-01   1.3821058e-01  -2.5821383e-01  -3.2162652e-01  -3.1696061e-02  -1.8349925e-01   1.6146345e-01  -1.3415099e-01   2.3118189e-01   3.3254535e-02   1.0714285e-01   1.2103054e-01  -1.9470617e-01   2.6875933e-01   3.2702101e-01   2.2224642e-01   2.0921639e-01   2.2392406e-01  -3.0398596e-01  -1.2423595e-01  -1.1630482e-01   1.0134687e-01  -2.4299780e-02   1.9286538e-02   2.3419032e-01   1.3977810e-01   6.3673903e-02  -1.6038887e-01  -7.8148810e-02  -6.5373642e-02   1.8038188e-01  -1.6794370e-01  -2.4357001e-01   2.2953328e-01   2.0192012e-01   3.5514503e-01  -1.6027413e-01   4.4490464e-02  -1.5181635e-01   3.4622162e-01   3.7390137e-02   2.0368707e-02  -2.1545919e-01  -8.3367529e-02   1.4582974e-01   3.0813245e-01   1.0581979e-01  -2.8502389e-01   2.1694516e-01   3.1583713e-02  -2.5623119e-01  -1.5562275e-01   3.1592903e-01  -5.7166858e-02   3.3198486e-01  -2.1372738e-01  -9.4692057e-02  -1.8985579e-01  -9.7837297e-02   3.6677356e-01  -7.0688311e-03  -3.2200435e-01  -7.5434112e-02   1.0978924e-02   1.1869663e-01   1.2191176e-01  -1.0384306e-02   1.3884832e-01  -3.6985212e-01  -2.8060173e-02  -1.3739075e-01   2.6958431e-01  -8.9228433e-03  -2.1088466e-01  -2.0884274e-01   3.2819898e-01   1.5149492e-02  -3.4705615e-02   2.1767095e-01  -6.1010605e-02  -4.9508675e-02  -5.5976775e-02   2.5378170e-01   1.2276915e-01   1.0646764e-01  -1.1556025e-01  -8.5760772e-02   4.3180862e-02   1.8245496e-01  -4.0770563e-02   2.2676602e-01  -1.5252330e-01  -1.0669315e-02   1.3747889e-01   2.3253986e-01
   4.6781179e-01  -2.6930409e-01   2.1956116e-02   4.7976093e-02  -4.3735048e-01   1.6952844e-01  -2.6243896e-02  -1.0636996e-01  -6.5647806e-02  -1.7648733e-01  -4.9595533e-02  -7.8241176e-02  -1.5361024e-01   0.0000000e+00   8.0612786e-02   1.3645755e-01   8.5712133e-02  -2.4666537e-01  -1.5784120e-01  -5.4484888e-01  -1.9943711e-01   7.5989845e-02  -9.6739951e-02   6.4573287e-01  -1.2112091e-01   1.4008499e-01  -4.1494852e-01   5.9998997e-01  -1.2861814e-01  -1.8337234e-02   1.1660480e-01  -8.5553198e-02   7.9443100e-02  -2.6561493e-01  -4.0914665e-01  -3.8560542e-01  -1.9938445e-01   2.5455247e-01   1.2652396e-02  -5.0400020e-02   1.0828148e-02  -3.8853368e-03  -3.4331169e-01   1.8737493e-01  -2.4401710e-01   3.4170988e-01  -4.3195145e-01  -1.2107929e-02  -1.8847266e-02  -9.7510974e-02  -2.0079183e-01  -1.0842992e-01  -3.9976373e-01   2.5822028e-01   1.3410734e-01   1.8411464e-01  -1.1041999e-02  -1.3483210e-01   1.6797430e-01  -6.4930918e-02   2.9874163e-01  -6.9232307e-03  -1.2143124e-01  -7.3722389e-02  -2.0069795e-01  -4.3473624e-01   1.3570405e-01  -5.2001175e-02  -1.9805832e-01   2.1016708e-01  -2.2106447e-01  -5.1015304e-02  -1.3257176e-01   4.9592391e-01   1.8043591e-01  -2.4513544e-01   1.3787425e-01  -1.2329318e-02  -2.9219740e-01   1.0249182e-01   5.7778025e-01   1.3392129e-01   3.3816734e-02   9.7587277e-02   5.2131410e-01   3.4419322e-01   6.8546641e-02   5.6060595e-01  -1.0339953e-01   6.9258793e-01  -2.2299830e-01   1.2517732e-01  -3.5003001e-01  -3.0334427e-01   2.9221105e-01  -4.8859360e-01  -1.7908674e-01  -1.2729073e-01  -2.9522096e-01  -3.6857687e-01   6.0062790e-01   3.1305233e-01   2.6469340e-01   1.0552901e-01  -1.3982888e-01   1.9856027e-02   1.1885474e-02  -1.3524815e-01  -2.3935657e-02  -3.5402097e-01  -2.4307971e-01   1.9891896e-01  -6.8095486e-02   4.6847661e-01   7.5716317e-01  -4.0389501e-01   6.1526569e-02   3.0279450e-03   6.7928341e-01  -5.0096456e-02   1.9831295e-01  -4.4399103e-01  -1.2326237e-01  -1.9974287e-01   5.0007959e-01   4.2209403e-01  -6.4837802e-02  -9.4614699e-02  -3.2758918e-02   7.4124980e-02  -1.1231879e-01  -3.0645700e-01   3.4032131e-01  -5.1817401e-02  -2.0890657e-01  -2.6333859e-01   4.2626028e-02   5.5987398e-01  -1.7511270e-01   2.4111801e-01   2.6254905e-01  -7.4140204e-02  -2.6460913e-01   2.6741789e-01   3.6641833e-01   7.2864644e-02  -1.7403307e-01  -3.7970657e-01  -3.7530274e-01  -2.5248027e-01   6.0155839e-01   3.7524838e-01   3.1136188e-01  -2.9438616e-01  -1.0917938e-01   5.1019265e-01   1.7157598e-01   2.9455872e-02   2.1760786e-01   6.2382911e-01  -2.6343674e-01  -2.3943806e-01  -3.6535059e-01  -1.9816108e-01   5.1967360e-02  -4.1326810e-01  -2.7770428e-01   1.2377640e-01   1.2679251e-01  -3.1499100e-01  -4.5039135e-01   2.4633699e-01  -3.4330618e-01   7.9487690e-02  -1.6161550e-01  -1.5498775e-02   2.4044860e-01
