   0.0000000e+00   2.2915977e-02  -2.8692540e-01  -1.8467538e-01   7.5775608e-02  -1.3596254e-01  -1.1921683e-01   2.1677104e-01  -6.4210299e-02  -6.0679947e-02  -1.1357333e-01   5.6463980e-02   2.9979084e-04  -2.2581385e-01   2.1861417e-01  -4.0808896e-01  -2.4058294e-01  -1.0792631e-01  -1.8774389e-01  -1.4134186e-01  -2.9967361e-01  -4.1239342e-01   3.0034291e-02   6.6012583e-01  -1.9538452e-01  -1.3588378e-01  -4.4986809e-02   5.7795993e-02  -9.7829720e-02  -2.4080279e-01  -7.8440638e-02  -1.2160763e-01  -2.6164710e-01   2.2257035e-01   8.3109223e-02  -4.8962154e-02  -2.3655484e-02   4.5300888e-01  -4.2670529e-01  -6.4086021e-02   4.5604994e-03   2.3416602e-02   1.4483790e-01  -1.3957298e-01   1.3540300e-01   2.9256920e-01  -1.6041910e-01  -5.4754132e-02  -1.6486115e-02  -1.8467584e-01  -2.2127165e-02   1.0251481e-01   1.0170081e-01   2.9081860e-03  -8.7619674e-02  -8.0947478e-02  -2.1013466e-01  -9.3976893e-02  -2.2876745e-01   1.9176916e-01  -3.5330014e-02   1.0691344e-01   4.1712674e-02   4.9323937e-02   1.4565761e-01   6.7848965e-02  -2.6984936e-01   6.4437992e-02  -3.4110818e-01   2.5915473e-01  -7.7501671e-02  -2.0868354e-01   1.5329713e-01   4.1664418e-01   1.2513220e-01   7.0042067e-02   8.6923779e-02  -3.1263578e-01   2.6164049e-01  -1.8328642e-01   1.1791453e-02  -6.1747394e-02  -1.9262013e-01  -2.2240344e-01   3.2047562e-01   3.9350799e-01   5.3068312e-02   4.5979900e-01   4.0204987e-02   8.1275300e-01   2.6796130e-01  -1.2414361e-01  -7.4628228e-02  -1.1727706e-01   2.3700053e-02  -1.7981980e-02   1.4406981e-02  -1.3926700e-01   3.6868980e-02   3.2703348e-03   3.3353845e-01   3.0512785e-01  -1.4449856e-01  -2.0143427e-01  -1.3108499e-01  -1.4836114e-01  -1.9812124e-01  -4.9615671e-01  -1.1916106e-01  -4.8093497e-02   6.0042880e-03  -2.6980264e-01  -1.2587335e-01   8.1453305e-01   2.2418606e-01   1.1799061e-01  -3.2131470e-01   1.6362687e-01  -2.3180645e-01  -1.0705397e-01   3.3818813e-01   1.8174997e-01  -3.1555685e-03  -1.2621368e-01   5.7504661e-01   2.0414350e-01   1.9280045e-01   5.3524631e-02  -3.4401498e-01   7.8519009e-02  -1.9993677e-01  -3.6712817e-02   1.6047035e-01  -9.1407675e-02  -1.3524677e-01  -4.0397123e-02  -1.3447860e-01  -1.8396307e-01  -3.4008832e-02   5.8460118e-01   6.6425668e-01   2.4062395e-02  -2.9880695e-01  -3.3467146e-01   2.0305278e-02  -1.5250094e-01   3.7618208e-02   2.2723758e-01  -1.3624710e-01  -1.9442045e-01   3.6304111e-01   1.0488093e-01   5.7478550e-01   9.3166904e-02  -1.2842850e-01   5.1410812e-01   2.6268290e-01   5.0279937e-02  -6.7576923e-02   2.7564612e-02  -3.7668763e-02  -3.7710461e-01   4.7817241e-02  -1.9357710e-01  -2.3548298e-01   2.3313103e-01   2.1644487e-01  -1.4829306e-01   3.0509879e-01  -2.2643736e-02   3.8346571e-01  -1.4783875e-04   4.5531985e-02  -2.5335393e-01  -2.4884076e-01  -2.2446909e-01  -2.8090727e-01
   2.2915977e-02   0.0000000e+00   2.6694022e-01  -1.8619592e-01   6.7530657e-01  -3.4983549e-01  -2.8118622e-01   4.3218398e-02   2.0740361e-01   3.3191045e-01  -4.2384627e-01   2.3792763e-01  -6.1742324e-02  -2.6864389e-01  -1.2563166e-01  -4.0365346e-01   4.5511194e-01  -4.8288505e-01  -4.3556298e-02   8.2626668e-02  -5.7017783e-01  -2.5478724e-01  -4.7051085e-01  -7.1528303e-02   1.3950781e-01  -1.5987265e-01   1.4770144e-01  -3.5778646e-02   2.2118832e-01  -4.8215742e-01   4.0802053e-01  -1.5438455e-01  -1.3275526e-01   5.2260342e-01   2.8140836e-01  -2.6487599e-01   1.7937913e-01  -1.9648356e-01  -6.9919185e-02   5.3936753e-01  -1.9357452e-02  -2.4072745e-01   3.4235582e-01  -2.7301435e-01  -2.2147578e-01  -4.0734921e-01  -5.6033756e-01   2.4816705e-02  -6.5369982e-02   3.6764039e-01  -3.0700757e-01   4.1998993e-02   8.6050014e-01   1.9747009e-01  -2.9480528e-02  -3.9299142e-01  -1.9462138e-01   2.4770716e-02  -1.0317055e-01  -3.4883857e-01  -2.3848007e-01  -1.9943478e-01   5.5464938e-01   3.3476072e-01   1.8847097e-01  -2.2224956e-01  -1.7500817e-01  -2.6696301e-01  -2.7053356e-01  -2.6391054e-01   8.6700406e-01  -2.6797433e-01   5.4931160e-02  -1.3554316e-01   1.4496862e-01  -1.0742702e-01  -3.0502058e-01  -1.7623376e-01   5.9478562e-01   2.1503663e-02  -2.5243026e-01  -5.9079101e-02   3.3822986e-01  -3.1794867e-01   2.2303333e-01  -1.3468541e-01   4.0965041e-01  -1.1939626e-01  -1.2346686e-01   4.0057758e-02   6.1767212e-01  -3.0385151e-01   2.6641174e-01   1.6417358e-01  -3.4162027e-01   2.4163496e-01  -3.9433864e-01  -6.9243621e-02  -6.7934410e-02   9.4786727e-02   2.8828089e-01  -2.7291659e-01  -7.9306853e-02   4.7395233e-02  -4.7173144e-01  -3.4295452e-02   4.0885036e-02  -1.0421888e-01  -2.9419962e-01   4.0481665e-02   1.1142869e-01  -3.3113653e-01  -4.1549979e-01  -1.2147675e-01   2.8459594e-01   6.4824966e-01  -3.3731322e-01   2.9214507e-02   7.1323035e-02  -1.9617402e-01  -2.1533089e-01   3.3381492e-01  -2.1344911e-01   4.5969806e-01  -1.9901572e-01  -4.1976973e-01  -4.1942538e-01   1.6232531e-01  -2.1053447e-01  -7.0163449e-02  -9.6584238e-02   1.7046582e-01   2.8182025e-01   3.2867775e-01  -9.9457030e-03  -2.6158538e-01  -8.9684996e-02   1.1032553e-01  -3.2012117e-02  -3.3633936e-02  -6.9461426e-02  -6.3325120e-02  -5.0398823e-01   1.2383632e-02  -1.1821535e-01  -3.7577346e-01   5.2833758e-01  -1.8445852e-02  -4.2798274e-01   4.0853768e-01   1.8863914e-02   2.0431326e-01   1.4714332e-01   9.7315923e-02   7.3381179e-01   6.9782072e-03  -4.5221256e-01  -2.4730577e-01  -1.5486722e-01  -1.9067460e-01  -2.1909372e-01  -3.3086597e-01   2.4683539e-01  -5.0359137e-01   7.3036634e-02   4.2223049e-01  -4.7614200e-01  -4.1815812e-01  -1.5401382e-01   6.1339778e-01   1.8092018e-01  -3.1096289e-01  -4.3679740e-01   1.1237452e-01  -9.0643111e-02   9.7737239e-02  -1.3370429e-01
  -2.8692540e-01   2.6694022e-01   0.0000000e+00  -1.2420844e-02   2.4599002e-01   3.6239028e-01  -3.1751491e-01  -7.3240726e-02   1.6451819e-01  -1.1510218e-02  -4.2683779e-01   4.6147891e-01   7.2425159e-02  -3.0765301e-02  -2.4340838e-01   1.9933364e-01   8.7349343e-01  -2.4624060e-01   2.7752907e-01   3.5178681e-01  -2.9476634e-01  -1.6468599e-01  -5.6266154e-01  -2.2971705e-01   2.5018353e-01  -1.2255616e-01   2.3332005e-01  -3.8524667e-02  -2.5586212e-02  -2.5313133e-01   2.0120088e-03  -8.2467529e-02   1.6745148e-01   4.4715511e-01   1.5920912e-01  -2.5167413e-01   6.1711148e-02  -2.7466760e-01   1.9183608e-01   6.3819810e-01  -9.5500937e-02  -4.9815796e-02   2.1996305e-01   8.5101610e-02  -4.4948060e-01  -2.5361599e-01  -2.0161728e-01  -3.0247813e-01  -1.3866523e-01   7.8904664e-01  -4.0804694e-01  -1.5065075e-02   1.5417324e-01   4.6816909e-01   4.8799130e-02  -1.4957951e-01   2.8916965e-01   3.2167730e-02  -1.0943032e-01  -1.3721342e-01   1.1400216e-01  -1.5398979e-01   1.8144848e-01  -1.8994540e-01  -2.9828139e-01  -3.5135063e-01   3.1855530e-01  -1.3319394e-01  -6.1460760e-02  -2.9837120e-02   3.8299909e-01  -2.3277741e-01  -1.2257986e-01   1.4733428e-02   2.3375824e-01   7.1486330e-02   1.8854681e-01  -8.6574057e-02   3.9567376e-02   2.0161710e-01  -2.0170082e-01  -8.8474368e-02   2.4375729e-01  -1.4212847e-01   2.1314910e-01  -2.1979958e-01  -1.6201139e-02  -1.3979539e-01  -1.5521386e-01  -1.7567359e-01   1.9603249e-03   5.1244931e-01   6.6483249e-01   1.3600096e-01  -2.2763896e-01   4.2798082e-01  -3.7923932e-02  -2.2617556e-03  -1.7012147e-01  -2.3362707e-01   5.7356367e-02  -2.8782069e-01   5.1964254e-02  -3.1007298e-02  -3.7302942e-01  -8.5737726e-03   3.7238760e-01  -7.3791350e-02   7.6630459e-02   2.8989802e-01   1.6169322e-01  -2.2123775e-01  -2.7697477e-01  -2.4832972e-01   2.8229625e-01  -8.4743907e-02  -1.6312411e-01  -6.6735674e-02   1.6979018e-01  -1.5632959e-01  -2.3377765e-02   3.4494866e-01  -2.3231588e-02   3.1080766e-02  -2.7667997e-01  -3.2067624e-01  -4.7609881e-01   1.9759297e-01  -5.1468567e-02   1.4866624e-01   2.4927879e-01  -2.5889806e-01   2.5677707e-01  -9.6577024e-02   1.1377257e-02  -7.0793230e-02   1.2241635e-01   4.3541194e-03  -1.5025753e-02  -9.2231970e-02  -2.1378065e-01   3.3563822e-02  -3.7650980e-01   4.6984558e-01  -2.4888093e-01  -3.0127800e-01   5.2742474e-01  -2.6037639e-01  -2.1797374e-01   1.9414035e-02   1.7875977e-01   1.0434541e-01   2.3981997e-01  -2.5619147e-01   6.9423703e-01  -1.3198790e-01  -1.8903883e-01  -2.2077063e-01   3.9993469e-01  -1.0151531e-01  -7.8981444e-02  -3.2785200e-01  -2.0259932e-01  -3.6426030e-01   3.6378178e-02   1.1417004e-01  -4.2243252e-01  -1.0566663e-01  -5.4639492e-02   1.9215107e-01  -6.4600118e-02  -1.4261014e-01  -4.0160008e-01   4.2146813e-01   7.8877502e-02   2.9407467e-01  -7.6346804e-02
  -1.8467538e-01  -1.8619592e-01  -1.2420844e-02   0.0000000e+00  -1.6062796e-01   2.0432441e-02  -1.4801855e-01   1.5895779e-01  -1.0137452e-01  -1.3658195e-01   1.4032007e-01  -2.9621520e-01  -2.0789218e-01   3.9074917e-01  -2.7052293e-01  -1.2752037e-01   3.6091715e-02   3.5329067e-01   2.6901904e-01  -2.3631358e-02   4.3310624e-01   5.6962613e-01   2.7242221e-02  -4.0408559e-01  -7.2870151e-02   2.2018229e-01  -1.4406004e-01  -2.4611261e-01  -1.3439745e-01   3.2772819e-01   4.7919406e-02   3.1396240e-01   1.1639302e-01  -3.2858246e-01  -8.7854713e-02   1.1429363e-01  -1.4306992e-01   7.4792446e-02   7.8249990e-02  -1.1121511e-01  -9.1788401e-02  -2.0115314e-02  -9.2363330e-02   2.1676652e-01  -4.8565103e-02   4.9052842e-02   3.9731641e-01  -9.9090224e-02  -1.1220311e-01  -2.0951814e-01   2.0806653e-01   1.4967618e-01  -1.6520142e-01   4.8954478e-02  -5.2537926e-02   2.0895303e-01   8.4937956e-02   4.1824439e-01   2.8735548e-01  -1.4553703e-01   2.0442337e-01  -1.3530349e-02   1.5479889e-01  -2.0769888e-01  -7.8667170e-02  -6.4256717e-02   1.2638261e-01  -2.5292256e-01   2.6877697e-01  -1.4154404e-01  -2.0798127e-01   4.0088199e-01  -1.8245919e-01   2.0094760e-01  -1.1529859e-01   2.1414381e-01   1.7172730e-01   1.3706755e-01  -3.1709790e-01   1.2593269e-01   1.9796456e-01  -2.2946931e-01   9.1296086e-02   2.1812613e-01  -1.8494151e-01   8.1793884e-02  -2.0854647e-01  -1.1734182e-01  -5.3046787e-02  -3.4047987e-01  -8.2857470e-02  -2.8719467e-02  -1.1229544e-01   8.3570861e-02   1.5224122e-01  -1.6175782e-01  -1.6103272e-01   6.7018486e-02  -8.6147593e-02  -2.1667060e-01  -1.7569610e-01  -5.3492736e-02   5.1982359e-01   4.4915134e-02   4.1030293e-01   5.5269686e-01  -1.3284173e-02   1.5616212e-01  -1.3117436e-01   2.0517583e-01  -2.7968873e-01   5.6649618e-01   1.7065217e-01  -9.1544875e-02  -3.2537107e-01  -2.8467933e-01   2.2940134e-01  -2.6774081e-01   1.3037728e-01   2.9749689e-01  -3.4292903e-02  -9.1098580e-02  -2.7576430e-01   4.2412220e-02  -1.7597177e-01  -3.6580835e-02  -9.6597979e-03   2.2316657e-01   5.4187910e-01  -1.0163143e-01  -3.0996342e-01  -3.2746901e-01   2.3543418e-01   1.4458143e-01   3.4691833e-01   2.4925376e-01  -2.9087696e-02   2.2173234e-01   1.1647123e-01   6.9162231e-02  -1.5618449e-01  -2.0347731e-01   2.3740515e-01  -3.3918569e-02  -1.5702043e-01   3.9910906e-01  -4.1658492e-01   8.6231877e-02   3.1538394e-02  -1.3895960e-01  -2.1420885e-01   2.5698375e-01  -1.5535238e-01  -1.1745666e-01  -1.4634806e-01  -4.0155606e-01   3.5370813e-02   3.2110347e-01  -5.5570601e-02   3.8630189e-01  -3.1107996e-01   2.5844065e-01  -1.5303278e-01   5.1392342e-01   5.0266188e-01  -3.4676927e-01  -3.0688184e-02   4.0390353e-01  -3.8109758e-02  -1.7919696e-01  -2.2714479e-01  -4.2742822e-02   4.9843019e-02   1.1167932e-01   1.7999672e-01   3.3576963e-02   3.4507014e-01
   7.5775608e-02   6.7530657e-01   2.4599002e-01  -1.6062796e-01   0.0000000e+00  -9.5234534e-02  -3.4491615e-01   1.7114357e-01   1.5885212e-01   3.0661230e-01  -2.6723298e-01   2.6770477e-01   1.7066500e-01  -3.2295442e-01  -2.7393450e-01  -1.9833345e-01   3.8042375e-01  -2.5587024e-01  -9.3201671e-02   3.9286745e-01  -4.2488313e-01  -2.7700528e-01  -3.9560229e-01  -4.2300730e-02   2.3056437e-01   8.0747709e-03   1.8929634e-01  -2.1576758e-01   1.8805341e-01  -2.9450193e-01   1.7136235e-01  -9.0403714e-02  -1.1356961e-01   4.4500935e-01   1.3054016e-01   1.6106215e-01   3.7897370e-01  -1.4302408e-01  -6.9390787e-02   4.2047515e-01   1.9115019e-01  -1.3409320e-01   1.9879343e-01  -1.8338164e-01  -6.4296370e-02  -3.0381033e-01  -2.6650494e-01   4.6365213e-02   2.3244535e-01   3.3066240e-01  -1.7654507e-01   7.5018130e-02   6.6675264e-01   2.9166364e-02  -2.1458559e-01  -3.8709329e-01  -9.9948552e-02  -2.0609917e-01  -1.1427809e-02  -1.5907315e-01  -1.8358827e-01  -5.6137737e-02   2.9456185e-01   1.0498345e-01   2.1655691e-01  -1.8936036e-02  -3.7376238e-02  -7.5952298e-02  -1.7173428e-01  -2.7508771e-01   6.5943326e-01  -1.6830257e-01   9.9552745e-02  -1.2756965e-01   3.6095633e-02  -1.8604549e-01  -2.5320571e-01  -1.4599054e-01   7.7629391e-01   1.5142294e-01  -3.4646863e-01  -9.0032401e-02   1.6212151e-01  -1.4015562e-01   9.7278800e-02  -2.2092969e-01   1.9294439e-01  -1.6581953e-01  -9.5004796e-02   5.5938303e-02   7.2811517e-01  -2.3739894e-01   3.3623973e-01   5.9878401e-02  -2.8727421e-01   5.4325199e-01  -2.2563132e-01   6.6820188e-02   2.4294166e-01  -4.4800839e-02   1.1718136e-01  -3.1139295e-01  -1.7966654e-01   6.1555876e-03  -3.1379410e-01  -2.0493408e-01  -1.1347902e-01   1.6011159e-02  -5.4879869e-02   1.9251646e-01  -2.6690917e-02  -3.3361614e-01  -3.3796754e-01  -8.4069991e-02   3.3011156e-04   6.4945727e-01  -3.2330287e-01   1.3854278e-02  -2.0495519e-01  -1.4062145e-01  -2.3310472e-01   7.1300422e-01  -1.3555753e-01   3.7906290e-01  -1.2592715e-01  -4.1406235e-01  -1.8580015e-01   4.3346632e-02  -2.4718721e-01  -1.2992760e-01   7.0356687e-02   2.0560753e-01   1.1371814e-01   4.0341795e-02  -1.2926551e-01  -1.3548003e-01   8.1279184e-02  -1.7039805e-01  -2.1916097e-03   2.1599190e-03  -1.5293577e-01   9.5772542e-02  -3.1237528e-01  -1.4025208e-01  -3.0706143e-01  -3.9371691e-01   3.6761034e-01   3.6509574e-01  -2.7524171e-01   2.7307236e-01  -7.1850329e-02   1.5691937e-01   1.2110621e-01   2.2501578e-01   5.5578429e-01  -7.3622573e-02  -3.5255240e-01  -6.4731019e-02  -1.6708762e-01  -1.7397011e-01  -1.1602831e-01  -1.5682002e-01   3.5437158e-01  -3.2155321e-01  -5.0570388e-02   4.5279954e-01  -1.9209849e-01  -3.1236678e-01  -1.9748980e-01   4.8785458e-01   4.1837737e-01  -3.6473766e-01  -1.9401534e-01  -5.1560458e-03  -2.6242232e-01  -2.0290943e-02  -8.9533130e-02
  -1.3596254e-01  -3.4983549e-01   3.6239028e-01   2.0432441e-02  -9.5234534e-02   0.0000000e+00   1.4939473e-01  -7.7626078e-03  -3.8405594e-02  -1.5486030e-01   1.2467737e-01   2.6736768e-01   5.1012355e-02   1.4609746e-01  -3.3020386e-02   3.7404541e-01   2.1580680e-01   9.8584727e-02   2.0782669e-01   1.8911198e-01   2.1958584e-01  -2.8485128e-02   1.0225801e-01  -1.9726653e-01   1.7623376e-01   3.4848881e-02   2.8452276e-01  -5.8229204e-02  -5.3758692e-03   3.5563762e-01  -3.5130341e-01  -1.0784839e-02   3.2435399e-01  -4.4667008e-04  -1.7055118e-01   3.0819928e-01  -1.9505696e-02   1.7846151e-01  -4.1069273e-02   1.0702752e-01   3.1179863e-02   1.5355812e-01   2.6228988e-02   3.7783499e-01   1.7621165e-01   2.6933611e-01   3.2380151e-01  -1.2779496e-01   2.2494289e-02   2.1984984e-01   4.9268010e-02  -1.6773553e-02  -3.9980911e-01   7.6347248e-02  -6.7665697e-02   1.6439475e-01   5.2362869e-01  -1.0041857e-01   7.9077400e-03   4.1251209e-01   3.0493339e-01   1.6927306e-01  -1.0205759e-01  -2.9834526e-01  -1.1778208e-01   1.4060425e-01   5.8146637e-01  -9.4020033e-03   2.4503463e-01   4.5841255e-01  -3.1456846e-01   4.8037215e-02  -2.2776109e-01   2.6151159e-01  -1.9734553e-01  -1.3119606e-01   3.3616520e-01   1.6663565e-01  -4.8602641e-02   1.3458072e-01  -5.1569161e-02  -5.8714106e-03  -2.6205767e-01   3.2139085e-01   2.3843056e-01  -1.0543661e-01  -2.1756329e-01  -1.7274116e-01  -1.6481894e-01  -2.9533559e-02  -2.2534200e-01   3.6815109e-01   1.3886486e-01   2.1175485e-01   1.7087178e-01   7.9290526e-02   1.0080874e-01   2.1585808e-01   2.4033335e-02  -1.9019577e-01  -8.1696379e-02   2.0861527e-01  -9.1825591e-02   2.1990605e-01   1.3492714e-01  -1.0017010e-01   9.5402945e-02   2.1863006e-01   1.2038572e-01   1.6772902e-01  -5.0954180e-03   8.8845268e-02   5.2150968e-02   8.9870111e-02  -9.2201484e-02  -3.3477914e-01   1.4086898e-01   5.5777306e-02   3.4554995e-02   7.5402257e-02   2.6009053e-01   2.0160661e-01  -1.3540578e-02  -7.3050153e-02   1.8109357e-01   1.5783600e-01   2.5914519e-01  -1.3384125e-01   4.1853199e-02   3.4892174e-01  -7.1679094e-02  -1.7112109e-01   8.9138075e-02  -2.9243107e-01  -5.1062991e-03   3.5067289e-02  -3.7063131e-02  -1.8490865e-01  -8.3602817e-02  -1.3699521e-01   3.5897664e-03  -1.3300844e-01   2.2597447e-01   3.6190968e-01   5.6332667e-02   5.7077830e-02  -1.5356703e-02   5.9132196e-02   3.0830306e-01  -2.2584557e-01   1.1874511e-01  -8.4113589e-02   1.3005173e-01  -1.5705872e-01  -3.7855193e-02  -1.5304102e-01   3.1122379e-01   1.3621458e-01   3.7679888e-01  -1.4111013e-02  -1.2968721e-02   1.6037332e-01  -1.9873627e-01   1.7114171e-01  -1.5316027e-01  -1.0654751e-01   3.4932616e-01   1.0235986e-01   1.3403444e-01  -3.0845209e-01   1.1276941e-01  -1.7735758e-02   6.9607689e-02   3.2364997e-01   8.4634519e-02  -6.7410612e-02   2.8623737e-01
  -1.1921683e-01  -2.8118622e-01  -3.1751491e-01  -1.4801855e-01  -3.4491615e-01   1.4939473e-01   0.0000000e+00  -1.9235458e-01  -1.8037953e-01   1.0003080e-01   3.5660037e-01   1.6859481e-01   2.3883900e-01   2.1017750e-01   6.3321165e-01   2.9032185e-01  -4.2114167e-01   5.3659507e-02  -2.4137679e-01  -2.8505910e-02   2.3900508e-01   5.8369530e-02   6.6398586e-01   7.2656244e-02   4.5166768e-02  -2.0599714e-01   1.5063885e-01   6.1188393e-01   1.6805814e-03   2.4685313e-01  -1.0941838e-01  -3.5389958e-02  -5.6747303e-03  -4.5460602e-02  -5.9352696e-02   1.0616983e-01  -1.4432412e-01   3.3497927e-02  -1.4239155e-01  -1.7772319e-01   7.3349322e-02   9.1406687e-02   4.8410470e-03   1.0281952e-01   3.7488921e-01   1.8898792e-02   1.6168389e-01   3.3775835e-01  -9.0654968e-02  -2.7623268e-01   2.5763157e-01  -2.0696030e-01  -3.3101487e-01  -2.6440489e-01   2.3548215e-01   2.5548777e-01   1.5282040e-02  -6.5113505e-02   1.5149448e-01   2.0294759e-01  -1.3210414e-01   2.7637167e-01  -2.6187114e-01  -3.9667970e-02  -2.3296423e-01   4.4714306e-01   5.8962970e-03  -8.7777562e-02   1.4918025e-01   2.7640034e-01  -3.4045386e-01   2.7439290e-01  -8.7596470e-02   4.1788239e-02  -1.1469986e-01  -1.9990363e-01  -9.0345626e-02   1.7776233e-01  -2.2489610e-01  -1.6845336e-01   5.7182836e-01   2.1628071e-01  -9.5471463e-02   9.3800647e-02  -6.7342240e-03   1.3333887e-01  -2.2592489e-01   2.9306443e-01  -9.0495962e-03  -4.2448966e-02  -4.4904743e-01  -6.7747212e-02  -1.2426947e-01  -1.8304034e-02   7.7203683e-02  -2.8551102e-01  -4.5626019e-02   6.2365675e-02   6.5187449e-02   4.3071078e-01   7.5420389e-02   3.8263335e-01   5.6373093e-02   1.9474838e-01   2.9580995e-01   5.1608178e-03  -2.2513490e-01  -2.0858318e-03   1.3047634e-01  -3.7565075e-01   4.7080529e-01   1.6738441e-01   1.4361782e-01  -6.6882692e-02   3.2728440e-01  -2.8808736e-01   1.6097995e-01   4.2208596e-01   1.0607554e-01   4.5906842e-02   1.0132525e-02  -2.5344805e-01  -2.3171974e-02  -3.0793451e-01   9.0614149e-02   4.8396063e-01   3.6602007e-01  -4.5214488e-01   9.3701455e-02   2.3920570e-02  -1.9579676e-01   2.2323712e-01  -2.0951918e-01  -2.5277105e-02  -5.1862643e-02  -6.5893363e-02  -2.3666940e-02   2.4356349e-01  -1.2105468e-01  -2.8706466e-01   2.2302645e-02  -7.1797020e-02   2.4550477e-01   2.3294789e-01   6.9037948e-01   1.9810672e-01   5.7144464e-02  -2.2562760e-01   4.8476316e-01  -1.5211595e-01   1.7027659e-01   5.3126586e-02  -1.0228112e-01  -2.1410463e-01  -3.7742138e-01   1.7041580e-02  -7.9650658e-04   2.3917320e-01  -1.7178084e-01   1.4912761e-01  -3.2102331e-02   1.7613371e-01  -8.4574923e-02   1.8032885e-01  -1.2793355e-01   1.0072771e-01   4.5897299e-01   1.9355083e-01  -1.8115951e-02  -2.4572512e-01  -2.6261244e-02  -3.5660717e-02   1.0896562e-01  -1.3586788e-02   2.4491288e-01  -2.3803700e-01   8.1643512e-02
   2.1677104e-01   4.3218398e-02  -7.3240726e-02   1.5895779e-01   1.7114357e-01  -7.7626078e-03  -1.9235458e-01   0.0000000e+00   1.4261251e-02  -4.2064424e-02   1.0929031e-01  -6.0626272e-02   3.0553843e-03   6.7115805e-02  -2.1118238e-01  -7.7262343e-02  -1.9139562e-02  -7.3625931e-02   5.4546444e-02  -6.8653569e-02  -7.8648411e-02   3.0397936e-02  -4.0532964e-02   1.3748858e-01  -6.4784626e-02   1.2381530e-01  -1.0464917e-01  -9.6215721e-02  -2.2940381e-02   9.5518749e-02  -1.2930929e-01   1.4556713e-01   6.6214856e-02   3.6806521e-02  -1.7066194e-01   1.0274187e-01  -1.4163869e-01   1.2828965e-01  -2.2269948e-01  -9.3524340e-02   5.2659485e-02   1.6245973e-01   1.9450791e-02   1.9275454e-01   2.4325124e-02  -1.3817098e-02   1.3926524e-01  -6.5356240e-02  -8.8274693e-02  -1.2329571e-01   1.0539530e-01   4.8889258e-01   9.1979849e-02   9.4909514e-02  -1.6476353e-01   1.4027589e-01   5.4173088e-02   7.3199130e-02  -1.4186912e-01   5.8527503e-02  -7.2346952e-02  -1.5011553e-01   8.2168037e-02   6.3775901e-02   1.4045490e-02   4.2010087e-03   2.6800736e-02  -1.3543017e-01   2.7196305e-01  -9.9765202e-02   1.9475141e-02  -6.7602863e-03   1.9270662e-02  -7.1627104e-02  -8.2557252e-02   3.4024389e-02  -9.0448298e-02  -5.2130012e-03   2.1838180e-01  -7.4156124e-02   4.8018395e-02  -5.2281677e-02   6.8449530e-03   2.5991337e-01   5.3807756e-02   1.5910896e-01  -4.7478276e-04   1.7173325e-01   6.7956824e-02   1.4732053e-01   2.8929348e-01  -2.3663770e-01   1.0757297e-01   8.9452851e-02  -1.0481519e-01   2.6251298e-02  -1.5662661e-01   1.2396416e-01  -6.0545426e-02  -1.1994713e-01  -6.6941243e-02  -4.2099880e-03   2.3250275e-01  -8.1480934e-02   1.2030865e-01   6.9192030e-02  -2.5021633e-01   1.3953479e-01  -2.6214447e-01   8.2547282e-02  -5.8751541e-02   1.0123190e-01   4.7699199e-03   1.5335306e-01  -1.2408748e-01   1.2258314e-01   1.5580230e-01  -7.8587430e-02  -1.6554040e-01   1.5876815e-01  -1.5980303e-01   2.0955670e-01  -1.3449027e-01   1.5246826e-01   5.5047895e-02   7.7623767e-02   4.3234396e-02   6.1014034e-02  -5.6266191e-02  -3.0839480e-01  -6.9624959e-02  -5.1480961e-02   8.6201465e-02  -1.3084290e-01   5.3983102e-02   2.5322948e-01  -1.2767931e-01   4.5819074e-02   8.1868757e-02   5.5012780e-02  -5.8690808e-02  -1.1419735e-01   4.8124304e-02  -2.2060827e-01  -1.6148272e-01  -7.0201888e-02  -1.0897526e-01   2.6996454e-01  -1.9385396e-02  -1.4305440e-01   8.6049314e-02   4.0242023e-01   9.2915111e-02   1.7415138e-01  -8.8796342e-02  -4.5003900e-02  -6.7681313e-02   1.1436906e-01  -1.9757854e-01   2.6530450e-01  -1.2645264e-01   5.7704861e-02  -2.5490554e-02   1.1313494e-01   1.3242301e-01   8.5359749e-02   1.2407364e-01   1.1827847e-02  -4.3595362e-03  -8.1285454e-02   1.7167404e-01  -1.8932144e-01   4.0993570e-02  -3.5180318e-02  -1.3270103e-01  -3.1946532e-03   8.2092729e-02
  -6.4210299e-02   2.0740361e-01   1.6451819e-01  -1.0137452e-01   1.5885212e-01  -3.8405594e-02  -1.8037953e-01   1.4261251e-02   0.0000000e+00   2.6295638e-02  -2.9530821e-01  -6.3111812e-02  -1.6419307e-01  -1.1672048e-01  -6.5092101e-02   8.9966513e-02   1.6007330e-01  -2.6085559e-03  -1.5698332e-01   7.0958619e-02  -8.6460405e-02  -6.8244638e-02  -1.6340287e-01  -1.2866551e-01   1.2349880e-01  -1.6176320e-02   2.1066093e-01  -3.2995076e-02  -2.6740465e-01  -9.7000477e-02   1.8924031e-01   1.3142596e-01   2.6658228e-02   5.8546813e-02   3.0745698e-01   8.8411614e-02  -2.2014797e-02   7.3948019e-03   3.6033116e-02   2.2989533e-01   1.0832827e-01   8.6659976e-02   1.5978869e-01   2.6675105e-02  -1.4754795e-01  -1.3958524e-01  -1.6693748e-01  -4.2230682e-03  -5.9084559e-02   1.6462048e-01   2.6563666e-02   1.3123858e-01   2.3761882e-01   2.7068029e-01  -4.7845442e-02  -5.8842171e-02  -5.4309390e-02   3.4555696e-02  -2.3327632e-02  -2.1161059e-04   5.0067391e-02  -1.9846342e-01   3.8223347e-01   4.5069326e-01   2.4585363e-01  -3.0646704e-02   3.4506931e-02  -1.2430719e-01  -1.1591940e-01  -1.1370975e-01   1.6884274e-01  -2.1279546e-01   1.3872478e-01  -2.4353929e-01   3.4558142e-01  -7.7545720e-02  -3.5315203e-02  -1.1916506e-01   2.2173537e-01   5.9804334e-02  -1.1789224e-01   1.0699321e-01   1.5518594e-01  -8.3275294e-02  -1.8226845e-01  -1.6544583e-01   5.4863796e-01  -7.5438802e-02   2.9867051e-01  -2.1015687e-02   1.8927170e-01  -1.0084183e-01   1.3592233e-01   1.9650547e-01   1.4639813e-03   6.6111149e-02   4.4941805e-02   2.8584767e-02  -8.8106435e-02   1.7828828e-01  -8.1309898e-02  -3.1101356e-01  -8.8878682e-02   2.2068917e-01  -1.1153324e-01   2.3238138e-02   9.4490671e-02   1.1423311e-01  -2.3759459e-01   4.4399163e-02  -3.7878448e-02  -1.4848012e-01  -3.7551184e-02  -1.9590329e-02   3.2792878e-03   1.6136894e-01   1.7488870e-02   4.0819301e-02  -8.0221226e-02   7.3822077e-02  -1.7098560e-01   1.3640522e-01  -2.9704064e-03   3.3173674e-01  -3.5958219e-02  -3.1927679e-01  -4.5192515e-02   2.4126122e-01   6.4823408e-02  -6.7251976e-02   1.1945364e-01   8.1320005e-02  -6.5005226e-02   1.0803244e-01   1.3459284e-01  -8.3378046e-02   3.8236460e-01   3.7427604e-02   6.5843738e-02   6.3120032e-02  -1.1563650e-01  -6.0042080e-02  -1.9457027e-01  -1.4699983e-01  -6.6469268e-02   3.5703446e-02   1.1803909e-01   1.2747736e-02  -1.3405159e-01   1.8379746e-01  -1.0615360e-01  -1.2860256e-02  -7.8707443e-02   2.6143360e-01   1.8675384e-01  -5.9324405e-02   2.9878427e-02  -1.0297178e-03  -2.4632717e-02  -1.6247315e-02   6.0579829e-02  -8.7129046e-02   8.8870940e-02  -6.5179528e-02   4.6237019e-02   1.8299380e-01  -3.0249813e-01  -1.7039970e-01   3.1884421e-02   2.1597594e-01   1.5562886e-01  -1.1723280e-01  -9.5202409e-02  -1.3290775e-01  -1.1899224e-01   1.7689524e-01  -9.4473804e-02
  -6.0679947e-02   3.3191045e-01  -1.1510218e-02  -1.3658195e-01   3.0661230e-01  -1.5486030e-01   1.0003080e-01  -4.2064424e-02   2.6295638e-02   0.0000000e+00  -1.5232269e-01   2.3175515e-01   2.9900137e-01  -1.4932487e-01   2.0053726e-01  -1.7388537e-01   1.0252692e-02  -1.5473840e-01  -2.9812425e-01   3.0492719e-01  -5.2820999e-02  -1.9936252e-01  -1.6031651e-02  -1.7904471e-02   7.3944720e-02  -1.8656006e-01   1.2665711e-01   1.8369171e-01   4.8517295e-02  -2.7671523e-01   2.5178505e-01  -4.0425727e-01  -4.8604656e-01   3.9495006e-01   1.9293676e-01   7.4503014e-02   4.0165161e-01  -2.2585863e-01  -4.5839573e-03   2.0044151e-01   2.8695719e-01  -2.8620901e-01   1.0819365e-01  -9.0489781e-02   2.2136573e-01  -1.8704734e-01  -2.2693899e-01   7.8583056e-02   2.6573317e-01   6.3748977e-02  -1.9212071e-01  -2.2753743e-01   3.3230853e-01  -2.9869810e-01  -1.2090996e-01  -9.2523579e-02  -2.0899217e-01  -1.9545073e-01   9.2267575e-02  -2.0952854e-01  -4.0458315e-01   2.3046865e-01   1.1482628e-01   1.4006198e-01  -2.9163428e-02   4.5020088e-01  -2.6714448e-01  -1.5812126e-01  -2.9634376e-01   1.5876575e-02   2.7381877e-01  -8.9129227e-02   6.5325472e-02  -5.6360350e-02   6.4535843e-02  -3.2810157e-03  -3.1966835e-01  -1.4356432e-01   2.4988172e-01   8.3270846e-02  -1.3213191e-01  -5.5469655e-02   2.4464264e-01  -3.4305485e-01   1.3697906e-01  -4.1270065e-02   7.2399703e-02  -4.1672900e-02  -1.6353520e-01   1.3445903e-02   1.6896511e-01  -1.6281287e-01   3.3902069e-01   5.0113254e-02  -2.2397235e-01   2.4681319e-01  -2.5774947e-01  -4.8046574e-02   3.2934806e-01   4.5423496e-01   9.1741580e-02   3.4671904e-02  -1.3956910e-01   3.8029548e-03  -3.3427703e-01  -1.8042345e-01  -4.7081019e-02  -1.4489828e-01   6.5746159e-02   1.2500212e-01   3.9889617e-01  -3.2877471e-01  -1.9372104e-01  -2.5076088e-01   1.4665751e-01   2.5960887e-01  -2.0865030e-01   3.8394895e-01   4.0880571e-02  -3.3406070e-01  -2.5044298e-01   1.5828286e-01  -1.1809718e-01   1.0062634e-01  -1.0964998e-01  -1.7029683e-01  -1.4529961e-01  -2.4495485e-01  -4.6818110e-02   1.9913586e-02  -2.1996984e-02   3.5891250e-01  -8.8905663e-02   3.1780005e-01   7.9235282e-02  -3.4503080e-01   4.3777765e-02   7.6661672e-02  -7.2736477e-02  -1.4350560e-01  -1.0061237e-01   2.4231819e-01  -2.8999885e-01   1.0215107e-01   1.3941370e-01  -9.7438560e-02   3.5916976e-01   3.5397379e-02   8.7662268e-02   3.2784223e-01   7.1030929e-02  -9.1241538e-02  -1.3792691e-01  -5.8013701e-02   1.5609635e-01   1.5723934e-01  -3.1197840e-01   6.7424452e-02  -2.5003086e-01  -3.2659662e-01  -9.9916327e-02  -1.7422350e-01   5.5795968e-01  -2.9851305e-01  -1.3905703e-01   4.6562818e-01  -8.8760694e-02  -2.7297613e-01  -2.6192821e-01   3.5071329e-01   2.9034231e-01  -1.1559120e-01  -1.8130756e-01   3.0604919e-02  -1.2353301e-01  -4.3773891e-02  -1.3099855e-01
  -1.1357333e-01  -4.2384627e-01  -4.2683779e-01   1.4032007e-01  -2.6723298e-01   1.2467737e-01   3.5660037e-01   1.0929031e-01  -2.9530821e-01  -1.5232269e-01   0.0000000e+00  -2.1673758e-01   9.7870522e-02   1.3866031e-01   1.9696850e-01   2.1376090e-01  -4.3821995e-01   3.8252222e-01  -4.7411618e-02  -1.6191789e-01   3.6200236e-01   3.8594470e-01   6.4439070e-01  -4.8523346e-02   7.5160719e-02   1.9524859e-01  -5.5050596e-02   1.4091903e-01   1.3880390e-01   4.4721702e-01  -2.2976734e-01   2.4652232e-01   1.0382914e-02  -3.7600036e-01  -3.3268828e-01   3.6896615e-01  -9.5715067e-02   1.4572467e-01   6.7325537e-02  -4.7366770e-01   1.2731750e-01   2.0904091e-02  -2.6380691e-01   1.9952686e-01   2.4322995e-01   3.0262244e-01   6.7408893e-01   6.9792525e-02   6.1818789e-02  -4.4968895e-01   3.9999794e-01  -4.6749457e-03  -4.3988911e-01  -2.7541401e-01  -2.1645934e-01   3.2126757e-01   6.9236971e-02   5.7899016e-02   2.6406348e-01   2.7110634e-01   2.8627956e-01   6.5776104e-02  -2.5774256e-01  -5.4604335e-02  -7.3675412e-02   2.8748013e-01   1.7864580e-01  -1.4692356e-02   6.0677093e-01   2.7676602e-01  -4.7205127e-01   4.8215560e-01  -4.9392356e-02   1.0848756e-01  -2.8191042e-01  -4.6512149e-02   2.0130415e-01   4.2383720e-01  -2.5148925e-01  -1.7281336e-02   3.2409195e-01   9.6202889e-02  -3.0463325e-01   4.9586463e-01  -6.4665623e-02   2.0804370e-01  -2.8820215e-01   7.4594417e-03  -2.0478055e-03  -1.3063139e-01  -2.1209622e-01  -3.7736150e-02  -3.9285564e-01  -1.0693445e-02   2.6494254e-01  -3.3218511e-01   1.7389581e-02   1.6250772e-01   7.2566246e-02  -4.9357050e-02  -1.1819073e-01   3.5896682e-01   6.6096869e-02   2.5859718e-01   6.1506304e-01   1.1527917e-01  -2.8929335e-01   3.6014581e-01   6.8592720e-02  -2.5270253e-01  -1.0392408e-01   4.6979538e-01   2.2615373e-01  -5.2936978e-03  -1.6461871e-01  -2.4663974e-01   2.6523411e-01  -5.2447613e-02  -1.1883231e-01   2.3780019e-01   2.7186018e-01  -2.5038780e-01   2.1537444e-02  -2.0163236e-01   1.5741388e-01   5.0280774e-01   4.1676318e-01  -3.9084410e-01   2.4179923e-01  -6.1006916e-02  -1.6289858e-01   9.2865250e-02  -5.5390016e-02  -1.2963069e-01  -5.4091874e-02   3.3145407e-01  -2.0875802e-01   4.0714436e-02   1.3643480e-01  -3.4255718e-01  -2.0046365e-02  -1.0896713e-01   7.1892705e-01  -7.8045991e-02   2.4021883e-01   1.8601423e-01  -4.2444326e-01   2.1848472e-02   4.8136501e-01  -1.0888212e-01  -3.5918685e-02  -3.4161519e-02  -1.0832831e-01   1.5485385e-01  -5.7746722e-01  -1.2786205e-01   2.1414622e-01   3.1327864e-01  -3.2522621e-02   2.3727922e-01  -5.6365999e-02   6.5716927e-01  -7.7351887e-02   5.5736298e-01   1.1515153e-01  -3.5173538e-01   5.7703525e-01   4.3671053e-01   1.1252336e-01  -4.3751188e-01  -1.0527222e-01   2.0103133e-01   3.6840814e-01  -1.8440818e-01   1.7361119e-01  -3.6752227e-01   3.2434121e-01
   5.6463980e-02   2.3792763e-01   4.6147891e-01  -2.9621520e-01   2.6770477e-01   2.6736768e-01   1.6859481e-01  -6.0626272e-02  -6.3111812e-02   2.3175515e-01  -2.1673758e-01   0.0000000e+00   2.9404923e-01  -3.2790700e-01   2.1125051e-01   1.0632210e-01   4.1766981e-01  -2.3556168e-01  -1.3692318e-01   4.0957876e-01  -3.9019779e-01  -4.4160765e-01  -7.2884089e-02   6.5959991e-02   1.9569872e-01  -2.4536556e-01   4.9755380e-01   1.7422142e-01   2.1384787e-01  -3.4439983e-01  -1.3928874e-01  -2.7497541e-01  -8.7049804e-02   6.0840093e-01   4.3137890e-01  -2.3752042e-02   1.2001777e-01  -2.3622053e-01  -1.3315138e-01   5.3992422e-01  -7.7971041e-02  -1.2156780e-01   2.5002259e-01  -1.2168347e-01   6.3076634e-02  -1.3209377e-01  -2.0913170e-01  -1.2609527e-01   7.8689968e-02   5.0332563e-01  -3.0823151e-01  -1.2256891e-01   1.5385811e-01   1.2692193e-01  -1.4196781e-01  -3.3429054e-01   9.0635739e-02  -2.9110224e-01  -1.6627298e-01   1.1826273e-01  -1.1696057e-01   2.8755867e-02   9.5346791e-02  -9.3443931e-02  -2.0429374e-01   7.2249615e-02   7.1966710e-02  -1.0818074e-01  -1.2071435e-01   1.8374326e-01   2.4585710e-01  -8.6628808e-02  -7.8481589e-02   1.9521416e-01   1.5929526e-01  -2.5152831e-01   2.7936350e-02  -3.1925980e-02   1.8718274e-01  -1.3926661e-01  -1.6282118e-01  -2.2435272e-02  -7.1439947e-02  -1.6535663e-01   2.9838861e-01  -1.8819568e-01  -6.5939766e-02  -6.3696643e-02  -1.2856307e-01   1.2606701e-01   1.1996897e-01   2.9853651e-01   4.7486388e-01   6.5616625e-02  -1.8059203e-01   3.5332558e-01  -1.7527324e-01   5.5983450e-02  -6.4865036e-02  -1.5478599e-02   5.2659307e-02   1.4324634e-01  -2.9280659e-01   8.4594430e-02  -2.8359552e-01  -1.8436294e-01   5.1721353e-02  -1.4493903e-01   1.3182410e-01   2.6153750e-02   4.2071014e-01  -3.8523307e-01  -1.2701525e-01  -4.9674708e-02   3.7311490e-01  -3.6742202e-02  -2.5318132e-01   2.9714796e-01  -1.5970136e-01  -2.1896134e-01   2.2020917e-02   4.6592847e-01   4.5926465e-02  -1.2233608e-01  -5.2190567e-02   8.7763048e-03   2.5834256e-02  -1.5940190e-01  -1.2687430e-01   2.8375313e-01   2.3705308e-03   5.8993140e-02   6.5103554e-02  -1.0091458e-01   1.2242968e-02  -2.6234459e-01   1.2194369e-02  -1.7935332e-01  -9.3763713e-02  -8.1635941e-02   6.8088005e-02   7.3847031e-02  -2.1813104e-01   2.0587449e-01   1.6521962e-01  -4.6732660e-01   6.5371722e-01  -1.4304451e-02   1.0321096e-02  -9.6135691e-02   1.9222341e-01  -4.4757758e-03   2.9369352e-01  -1.6812248e-01   3.6128732e-01   8.2926838e-02  -1.1001370e-01  -1.7763861e-01   9.4689005e-03  -2.1518990e-01  -5.0873797e-02  -2.0867563e-01   1.2803755e-02  -3.5341834e-01  -1.8024512e-01   3.2650310e-01   1.3536957e-01  -2.7651668e-01   4.4039773e-02   6.0118242e-02   3.1302436e-01  -1.0561460e-01  -1.9174151e-01  -2.3730184e-03   9.9759914e-02   2.3427785e-02  -8.5363464e-02
   2.9979084e-04  -6.1742324e-02   7.2425159e-02  -2.0789218e-01   1.7066500e-01   5.1012355e-02   2.3883900e-01   3.0553843e-03  -1.6419307e-01   2.9900137e-01   9.7870522e-02   2.9404923e-01   0.0000000e+00  -8.9495264e-02   1.7716455e-01   9.4588366e-02  -1.5545035e-02   1.1774277e-01  -2.3417806e-01   3.2978486e-01  -8.5483686e-02  -1.6391474e-01   1.2733075e-01   8.8890736e-02   3.5375596e-01  -1.4904600e-02   3.9321799e-02   2.6524038e-01  -1.8633154e-03  -1.4696686e-01  -1.0297749e-01  -2.0135688e-01  -1.5494828e-01   2.1111687e-01   7.8860583e-02  -2.3099601e-02   2.2050051e-01  -1.5175575e-01   5.4212552e-02   1.7443250e-01   4.2304522e-01  -2.4554161e-01   8.0327586e-02  -1.0810484e-01   2.3891132e-01  -4.6774432e-02  -3.6773525e-02   1.4617027e-03   1.6167528e-01   1.0066842e-01  -1.9990619e-01  -2.8371485e-02  -7.4097452e-02  -2.8759599e-01  -7.8288617e-02  -1.1470646e-01  -4.1778417e-03  -2.4811667e-01   2.1001281e-01   1.2635392e-02  -1.4195528e-01   2.4178842e-01  -1.5258023e-01  -1.2422193e-01  -1.0560071e-01   2.2221751e-01  -3.0330570e-02   4.4599616e-03   8.3046516e-02   5.5480473e-02  -4.7747647e-02   1.2136959e-01   2.4482587e-02  -7.9524709e-02  -4.1655326e-03  -1.2876953e-01   1.0987960e-02  -4.0262394e-02   5.6346724e-02   1.4614017e-01   7.9881930e-02   7.4866073e-02  -6.3516826e-02   6.4046621e-03   5.7825010e-02  -9.3211866e-02  -1.5252135e-01   1.2972532e-01  -9.5878123e-02   6.6483035e-02   7.0795353e-03   4.1027141e-02   2.8074176e-01  -1.8473586e-02  -4.8930897e-02   3.2592569e-01   6.2056301e-02   2.6136121e-01   3.2963177e-01   2.4623331e-01  -4.5937905e-02  -4.9065132e-02  -1.8747454e-02   5.0646217e-02  -1.4631492e-01  -7.4563541e-02  -3.3548550e-02   8.2084245e-03   4.4630392e-01  -1.1737250e-01   3.1082579e-01  -1.4131182e-01  -6.3267634e-02  -9.3927121e-02   1.7967762e-01  -4.1728803e-02  -8.8850841e-03   4.8033535e-01  -1.7009533e-01  -2.1405087e-01  -2.2961659e-02   2.5965514e-01   8.4021151e-02   1.5772759e-02   2.9037238e-02   1.0353068e-01  -2.3506454e-02  -3.7886207e-01  -5.6972531e-02  -1.6293595e-02   4.6787858e-02   1.7296458e-01  -1.1402669e-01  -3.5786611e-02  -1.6798241e-01  -7.7077574e-02   1.4083659e-01  -4.6645550e-02  -1.5897877e-01  -5.2440555e-02  -9.5427988e-02   3.6939090e-01  -2.3614180e-02   1.1368702e-01   2.4022509e-01  -8.8710986e-02   3.0414459e-01  -1.1575272e-01   1.4852798e-01   3.7661849e-02   1.5657435e-01   9.7323673e-02  -9.5215854e-03   2.5105245e-02   3.0306767e-02   7.3085794e-02  -9.9089008e-02   3.9246589e-02  -1.3940838e-01  -8.2498027e-02  -2.3845795e-02   4.8527448e-02   1.6128522e-01  -9.8051567e-02  -7.2635966e-02   2.9954984e-01   1.1796425e-01   7.1883614e-02  -2.1407562e-01   6.8598518e-02   1.8751559e-01  -6.7951991e-02   4.0617622e-02  -2.0169390e-01  -1.1496516e-01   1.9005261e-02  -1.6174126e-03
  -2.2581385e-01  -2.6864389e-01  -3.0765301e-02   3.9074917e-01  -3.2295442e-01   1.4609746e-01   2.1017750e-01   6.7115805e-02  -1.1672048e-01  -1.4932487e-01   1.3866031e-01  -3.2790700e-01  -8.9495264e-02   0.0000000e+00   6.9589591e-03   2.0045051e-02  -1.6595672e-01   1.2830531e-01   2.3614540e-01  -2.8733370e-01   5.9308788e-01   3.4324469e-01   1.4658855e-01  -1.5414629e-01   1.7943372e-02   4.9520957e-02  -1.8245624e-01   1.2647894e-01  -2.7525452e-02   6.1674093e-01   1.3233270e-01   2.1868677e-01   2.0724963e-01  -2.8011162e-01  -3.0131031e-01  -9.5110369e-03  -2.5259088e-01   2.1058065e-01  -7.0738834e-02  -3.4688060e-01   7.7227515e-02   1.9459685e-01  -2.6270814e-01   3.7402203e-01   5.7624168e-02  -7.8263936e-03   2.4852721e-01   3.4124110e-01  -2.8458024e-01  -2.6787621e-01   3.1590128e-01   2.0937850e-01  -2.9033897e-01  -8.3582740e-02   5.7324452e-01   4.8719513e-01   1.9516241e-01   2.0160745e-01   1.4650382e-01  -4.6136734e-02   3.6593286e-02   5.1135342e-02  -6.4769635e-02  -1.2091076e-01  -9.9474249e-02  -9.0314126e-02   1.2297917e-01  -1.0743288e-01   3.7793905e-01   1.1984733e-01  -2.9581996e-01   1.4072969e-01  -2.2520063e-02   1.0980695e-01  -2.5967807e-01   1.0912725e-01   3.7023172e-04   1.7726024e-01  -2.8888908e-01   5.9259354e-02   4.7140877e-01  -3.4924977e-03   2.5529659e-01   1.9211590e-01   4.2966360e-02   1.0360123e-01  -1.0603259e-01   2.4713029e-01  -3.3171635e-03  -2.6949298e-01  -3.1000262e-01  -1.5639567e-01  -2.0267133e-01   6.8117263e-02   1.8308595e-02  -3.8495800e-01  -1.1539906e-01   9.2522349e-02   1.3357621e-01   4.5401451e-02   2.5966728e-01  -1.8385014e-02   7.2570062e-01  -4.5598621e-02   3.3997355e-01   2.5498564e-01  -2.0700230e-01   6.2180226e-02  -1.3553696e-01   1.5279815e-01  -1.1385252e-01   3.9625800e-01   1.5775328e-02   1.6005862e-03  -1.3139960e-02  -1.9075957e-01   3.5992472e-01  -7.5643725e-03   6.4301895e-01   2.6782000e-01  -1.0015370e-01  -3.0234948e-01  -1.9228799e-01   1.5582495e-02  -6.5521337e-02   2.2362444e-01   3.0140310e-02  -5.7907794e-02   8.2975609e-02  -6.7831760e-02  -1.5386956e-01  -1.9946978e-01   3.3200308e-01   1.3727666e-01   3.5502399e-02   1.9448249e-01  -2.1317347e-01   6.6655556e-01  -1.2592103e-01  -5.1769819e-02  -1.0773082e-01  -2.9240720e-01   1.3864969e-01   4.2098241e-01   1.9940606e-01   6.7496154e-01  -3.1202158e-01  -1.0595799e-01   2.0930345e-01  -6.3714579e-02   1.7248221e-01   5.1166405e-01  -1.7528357e-01  -2.2963647e-01  -1.2953458e-01  -2.7027818e-01   3.6534783e-02   1.7724018e-01  -1.4334183e-01   4.6797276e-01  -2.4646359e-01   1.6256008e-01  -1.8197072e-01   4.2671381e-01   1.5585257e-01  -1.7812927e-01   7.8476313e-03   5.9738585e-01   4.1631398e-02  -1.1201252e-01  -3.4805210e-01  -1.9320244e-01  -1.8161868e-02   4.5401125e-01  -9.8463741e-02  -2.1143376e-01   2.1818452e-01
