   0.0000000e+00  -6.7733771e-02  -2.4552448e-01   3.6245267e-02  -2.1712229e-01  -1.5024413e-01   1.6915151e-01  -1.3982627e-03   6.4877316e-02  -9.7131650e-03   1.7879305e-02   2.1855811e-02   1.8914024e-02   3.6374411e-01   2.0363851e-01  -3.0201385e-01  -2.7494446e-01   2.4142316e-01  -2.1149968e-01  -2.2360061e-01   1.2741587e-01  -5.8678523e-03   6.5612188e-02   5.7313653e-01   2.2878683e-01  -1.9570463e-01  -8.0301521e-02   8.9395609e-02  -1.9240030e-01   1.6886986e-01   3.9689653e-01   2.0045955e-01  -8.3352775e-02  -8.2724512e-02  -3.3103499e-01  -7.0797467e-02   1.7787534e-01   3.9825808e-01  -1.0875686e-01  -2.8476168e-01  -4.8723210e-02  -1.6140703e-01  -1.0613600e-01   3.2449283e-01  -1.3369385e-01   4.9424068e-01  -4.0697287e-02   3.0399517e-01  -8.0008966e-02  -4.2844702e-01   2.5035674e-01  -2.7012115e-02   3.0064067e-01  -4.6936568e-02   3.0320089e-01   3.2236265e-01  -1.2497974e-01   1.5878745e-01  -4.1524275e-02   8.0608477e-02   4.9954740e-02  -1.1745103e-01  -2.5047284e-01  -1.5090972e-01   2.2272075e-03   2.8553762e-02  -1.7306342e-01  -1.9598624e-01  -2.8926811e-01   1.7072783e-01   3.4818524e-01   2.0697091e-02   1.6495217e-01   6.1777874e-01  -4.6058241e-02   9.7177569e-02  -1.6837928e-01   1.3615689e-01  -1.9086115e-01  -2.6869748e-01   2.7101675e-01   2.3446365e-01  -1.8487824e-01  -1.7776290e-01   3.1379477e-01   2.0890647e-01   1.1542040e-03   6.0590644e-01  -2.5789893e-01   6.1711923e-01  -2.2515120e-01  -1.8069480e-01  -7.8458283e-02  -3.1599042e-02   2.9500341e-01  -1.1375346e-01  -9.0836157e-02  -3.1966231e-01  -1.3562207e-01  -6.9119542e-02   6.4949778e-01   2.0707641e-02   1.3303213e-01   1.3793684e-01   1.2178368e-01  -2.2907857e-02   3.1155478e-01  -2.8738354e-01  -2.3424747e-01   1.5069945e-01  -1.4189843e-01   2.7350453e-01   6.9955657e-02   6.6509707e-01   5.1061630e-01  -2.3695576e-01   2.7930092e-01   6.6238953e-02   2.1558156e-01   2.3893246e-01   4.0722630e-01  -3.6428274e-01  -2.5741557e-01  -1.7744991e-01   4.0159293e-01   4.5874951e-01  -6.2932675e-02  -2.3295980e-01   1.3221783e-01   1.8015379e-01  -2.2132160e-01  -5.3030690e-02   1.9923157e-04  -8.2796553e-02  -3.1813799e-01  -6.2774924e-02  -4.0547126e-01   2.6475788e-01   1.2898275e-01   3.2195587e-01   4.6452665e-01   1.0991429e-01   6.6588455e-02   1.7382671e-01  -1.2719891e-01   1.1414472e-01  -4.2642979e-02  -1.0226036e-01   1.2860924e-01   8.3341865e-02   5.7044261e-01  -1.1636849e-02   4.8663704e-01  -2.8861467e-02  -2.9756098e-01   4.4761815e-01   4.2251280e-01   1.7875542e-01  -3.3428352e-03   2.7201499e-01  -3.7895438e-01  -1.8613575e-02   1.2528754e-03   7.1511758e-02   1.5666285e-01  -2.5563957e-01   1.7036768e-02  -9.2496951e-02   6.6958469e-01  -9.6319029e-02  -3.8390369e-01   7.2598806e-02  -8.7900358e-03   1.2413534e-01   2.8123629e-01  -1.5553584e-01  -4.5597229e-02
  -6.7733771e-02   0.0000000e+00   2.6397445e-01  -1.7321690e-01   2.1555224e-01   1.3934567e-01  -7.8340177e-02  -2.0375168e-01   2.2816178e-01  -2.4985555e-01  -3.9251677e-01   2.0962285e-02   6.6525229e-02  -2.3928527e-01   4.2960775e-03  -1.1112237e-01   4.4358433e-01  -2.8538872e-01   3.0295936e-02   1.9735322e-01  -5.6054832e-02  -3.2959228e-01   2.2435629e-02  -3.5740588e-02   5.7475980e-02  -1.0897352e-01   1.2111085e-01  -3.2847009e-01   2.3258997e-01  -1.7833907e-01  -7.6160855e-02  -1.9395943e-01   6.0066692e-02   2.0166386e-01   2.6088659e-01   9.8777351e-02  -4.5713143e-03  -2.1509107e-01   2.1149083e-01   3.2143105e-01   1.9607411e-01   3.0293656e-02   3.3034791e-01  -1.8523571e-01   1.3070268e-01  -6.9003902e-02  -4.5268339e-01  -1.6646594e-01   1.8018235e-01   1.9178275e-01  -4.2486489e-01  -2.0978757e-01   1.3702777e-01   2.7026590e-01   1.8041802e-02  -7.4593269e-02  -2.4156367e-02  -1.1985709e-01  -1.8194401e-01  -1.6046757e-01   5.3641923e-02   2.4971182e-01   3.7733737e-01   5.9854894e-01   1.7927410e-01  -1.0124874e-01   2.1606443e-01   2.2721067e-01  -3.3232832e-01   4.6890748e-02   3.9340614e-01   1.2609986e-01   3.1009145e-01   1.2931938e-01   3.2397223e-01  -4.3722984e-02  -8.2022941e-02  -3.0727096e-01   2.6328853e-01   1.7268425e-01  -4.3522259e-01   1.1102268e-01   4.9964446e-01  -1.5843053e-01   2.5730491e-01  -1.6092999e-01   3.1893872e-01  -1.0340282e-01   2.5556463e-01  -8.4267547e-02   3.7321529e-01  -6.9257866e-02   1.4076385e-01   8.9747598e-02  -1.7411579e-01   4.9886693e-02   1.0556364e-01  -2.6849508e-01   3.3841681e-01   1.2302443e-01  -1.9263906e-01  -5.7198275e-02  -3.3067988e-01  -1.1375418e-01  -4.6629647e-01  -2.4530550e-01   7.9762140e-02  -3.0915058e-01  -1.3227212e-01  -4.3498318e-01   1.1026277e-01  -2.8949955e-01   1.3361945e-01  -8.0154778e-02  -8.8282946e-02   4.8678476e-01  -2.9908911e-01   1.1202739e-01  -2.5695737e-01  -1.0615417e-01  -1.6173790e-01   1.5007146e-01   8.7101899e-02   4.3064314e-01  -1.1339464e-01  -7.6792421e-02  -1.9414454e-01  -7.1552274e-03  -2.8444374e-01   1.8351887e-01  -1.4486840e-02   3.6091579e-01   4.0514649e-01   3.7979721e-01   2.4359682e-01  -6.8940813e-02   1.8496110e-01  -2.7612087e-01  -5.8789767e-03  -1.5879150e-01   3.6064189e-02  -2.6818741e-01  -5.1523118e-01  -2.3493322e-01   1.7397894e-01   1.2910230e-01   2.0146696e-01   1.1627605e-01  -1.6021628e-01   4.8534246e-01  -1.1150060e-03  -3.2184044e-01   4.4937668e-02   3.8585449e-01   4.7826752e-01  -3.5679206e-02  -1.1299217e-01  -1.1103736e-01  -2.6671103e-02  -3.4843164e-01   3.2723056e-01  -2.7862817e-01   2.1663749e-01  -4.5391949e-01  -8.1630225e-03   2.6425553e-01  -7.2391193e-02  -2.1052631e-01   1.7967346e-03   4.4197568e-01   1.4414432e-01  -1.1470816e-01   1.2014767e-02  -3.9865797e-02   1.8115085e-02   1.2486152e-01  -9.1000940e-02
  -2.4552448e-01   2.6397445e-01   0.0000000e+00  -2.5709342e-01   2.4840869e-01   3.1324334e-01  -1.3426331e-01  -2.7844656e-01  -4.8809447e-02  -1.1737108e-01  -4.8421027e-01   2.6803606e-01   1.9874870e-01  -3.8147433e-01  -2.6315407e-01   2.5523998e-01   8.6120900e-01  -6.0146908e-01  -3.2219866e-01   3.9612175e-01  -3.1209843e-01  -3.3827157e-01   1.3376091e-01  -2.5752561e-01  -1.5682091e-01  -1.6609566e-01   2.6153136e-01  -1.2212669e-01   2.6743098e-01  -2.7134242e-01  -4.0333757e-01  -3.9032834e-01   2.2038100e-01   1.7236477e-01   4.1252057e-01   1.7599170e-01  -3.5395933e-01  -1.7103529e-01   1.5615506e-01   6.9528386e-01   1.8779279e-01   4.0570116e-01   4.0761355e-01  -1.3172635e-01  -1.2617711e-01   5.7188819e-02  -1.6744094e-01  -2.1689013e-01  -4.3359357e-02   7.8363229e-01  -5.3677632e-01  -2.6389126e-01  -2.4128689e-01   4.4393567e-01  -8.9393092e-02  -6.9192277e-02  -2.7303896e-01  -2.1760377e-01  -1.6445561e-01  -2.8405894e-01   5.7772488e-01   1.4571052e-01   3.5907768e-01   4.1608676e-02  -3.2432019e-01  -2.9650915e-02   1.9034909e-01   1.7607145e-01  -1.0491718e-01   6.2356344e-01   7.1254799e-02  -8.5630146e-02  -2.4782062e-02  -6.0801472e-02   2.8016681e-01  -2.4821694e-01   5.1381679e-01  -3.5107223e-01  -1.6378906e-01   3.2745444e-01  -2.1311256e-01  -2.0646121e-01   3.9533234e-01  -1.6289363e-01   1.5491010e-01  -3.7626907e-01  -9.3729121e-02  -3.3669886e-01   1.2874970e-01  -4.5063190e-01   4.0017746e-02   5.7407567e-01   4.2073960e-01   5.7263923e-02  -6.7527887e-02  -6.5996079e-02   2.0407694e-01  -2.9286766e-01  -6.1012930e-03  -9.9764794e-03  -1.4978052e-01  -1.2382798e-01  -3.8321627e-01  -2.9010100e-01  -5.5134708e-01  -2.5288621e-01   2.9872939e-01  -2.2228890e-01  -1.0500593e-01  -3.9264909e-01   5.1409808e-01  -3.0907003e-01  -1.6860905e-01  -3.8764557e-01  -1.0658674e-01   1.6933382e-01  -2.3444837e-01  -6.2037770e-02  -1.1450284e-01  -3.3738885e-01  -1.3654157e-01   2.6970514e-01   1.0437892e-01  -9.1281655e-02  -1.5523788e-01  -4.3457762e-01  -3.7647817e-01   2.8625056e-01  -3.7806545e-01   5.2004718e-01   1.5079576e-01  -1.2438843e-01   3.2464772e-01   1.8092292e-01   2.5840703e-01  -3.0494183e-01   5.5683315e-01  -3.1685102e-01  -2.2556765e-01  -1.7181780e-01  -2.9083431e-01   7.7562852e-02  -3.7584771e-01  -1.5657432e-02  -1.4178112e-01  -2.3538227e-01   4.6850235e-01  -1.0968361e-01  -4.1481953e-01  -1.7389361e-02   6.1314057e-03  -2.7228357e-01  -1.2582006e-01  -2.3506523e-01   8.1366852e-01  -2.6083151e-01  -4.8593166e-02  -2.4419084e-01   4.4836549e-01  -3.4161262e-01   2.7876621e-01  -4.7701437e-01   8.7236551e-02  -5.6467944e-01  -2.6770098e-01   3.6483928e-01   5.1699357e-02  -5.4817120e-02  -1.5419627e-02   2.4043093e-01   2.8924887e-01   2.8212896e-01  -3.5635737e-01  -1.2928514e-01   4.3383766e-02   3.3786257e-01  -1.9902165e-01
   3.6245267e-02  -1.7321690e-01  -2.5709342e-01   0.0000000e+00   1.4396058e-02   2.1019920e-01  -5.6878829e-03   2.6809654e-01   3.2393813e-01  -5.3388298e-02   2.7321606e-01  -1.1242234e-01   1.7650574e-01   4.6050941e-01  -3.8336739e-02   1.4816418e-01  -2.4489703e-01   5.3098940e-01   2.6874396e-01  -6.0058098e-02   7.6086208e-02   5.1288917e-01  -4.4798276e-02  -1.4304089e-01   1.5312830e-01   2.0625225e-01   1.4330314e-01   3.2825630e-01  -1.4561386e-01   4.3423033e-01  -4.6277723e-02   5.6045398e-01   1.8051749e-01  -1.8389226e-01  -1.6062268e-02  -1.1690736e-02  -5.9213160e-03  -1.2884159e-01   2.0979385e-01  -1.8583431e-01   2.1526178e-01   3.7060286e-03  -2.6342739e-01  -5.2461411e-02   4.6365884e-02  -1.3794466e-01   3.1819767e-01   5.3493786e-02   1.4805565e-01  -2.7479921e-01   4.9197364e-01   1.8214565e-01   9.2861929e-02  -2.3503350e-01   2.8645676e-02  -1.2178381e-01   2.7978361e-01   3.9499182e-01   4.7989812e-01   3.0542168e-01  -1.3405113e-01   1.5015511e-01   6.9064117e-02  -3.3137788e-01   1.4214472e-01  -1.4979360e-01   2.3975246e-01  -1.3464980e-01   3.3721081e-01  -2.1466698e-01  -3.4477464e-01   3.7502156e-01   7.1153257e-02  -2.2217730e-01  -3.1643508e-04  -3.7444515e-04  -1.3766081e-01   6.1369035e-02   3.2399498e-02   2.2603854e-01   2.5826999e-01   7.3891846e-02  -1.4012652e-01   4.0818545e-01  -2.6706968e-01   2.7043947e-01   1.2260106e-01  -1.0101946e-01   1.1508643e-01  -1.3706544e-01  -1.6083015e-01  -1.6010127e-01  -1.6844024e-01   7.0085630e-02  -8.6416246e-02   1.8164946e-02   6.4376318e-02   4.2622048e-01   1.1915362e-01   5.1203357e-02  -5.6157566e-02  -9.1946103e-02   2.3936190e-01   4.2081478e-01   5.9606454e-01   4.4844481e-01  -1.3099661e-01   4.1331311e-01   1.2661385e-01   2.8174416e-01  -3.0439303e-01   4.9294854e-01   4.2369102e-01  -1.3559873e-01  -2.4266712e-01  -1.6742146e-01   1.7582067e-01   1.5293680e-01   3.3626563e-01   5.2041455e-01  -8.3675680e-02  -4.7940371e-02  -1.8706688e-03  -4.0614379e-02  -8.1216426e-02   1.8451230e-01   2.9169735e-01   5.7345708e-02   5.6611144e-01  -1.3825352e-01  -1.0909669e-02  -1.3238516e-01   1.6554712e-01  -1.7170036e-01  -1.8393365e-02   1.9015531e-01  -1.9356747e-01   3.1036151e-01   9.3868591e-02   1.4484753e-02  -1.3507242e-02   2.5753109e-01   2.5860324e-01   1.1921796e-01  -5.2605750e-02  -6.1061269e-03  -3.1903335e-01   1.3771653e-01   2.7780709e-01  -2.8344175e-01  -2.9527697e-01   2.6516207e-01  -3.9668848e-02  -1.8065269e-01  -2.5297120e-01  -4.6667730e-02  -1.1277298e-01   4.5271868e-01  -9.7534580e-02   2.0973981e-01  -1.0195743e-01   2.3267181e-01  -8.3341455e-02   5.7168475e-01   4.1962271e-01  -2.9173049e-01  -8.0258457e-02   4.2443791e-01  -1.1655775e-01  -9.6172408e-02  -1.9554434e-01  -2.9498430e-01   2.6089912e-01   4.6095237e-01  -5.4397978e-02  -7.1292601e-02   5.5741804e-01
  -2.1712229e-01   2.1555224e-01   2.4840869e-01   1.4396058e-02   0.0000000e+00  -6.8973866e-02  -3.4281183e-01  -2.0561906e-01  -2.3604669e-02   1.1105313e-01  -2.1190131e-01  -1.3239136e-01   3.7211378e-01  -2.6306393e-01  -2.9593740e-01  -1.8274088e-01   3.4981416e-01  -3.6009531e-01   2.8231423e-02   7.1694837e-01  -2.6677774e-02  -2.8212750e-01   4.9623258e-02  -1.5466891e-01   4.8154471e-02  -2.6207678e-01   1.0557724e-01  -2.6397220e-01   3.2568421e-01  -3.5442617e-01  -2.9524124e-01  -1.9560169e-01  -3.8838237e-03  -3.6120195e-01   1.9978840e-01   6.5542081e-01  -1.3482520e-01  -2.4105974e-01   2.1845397e-02   3.3187760e-01   3.6372477e-01   8.5516246e-02   8.7900417e-02  -3.5341628e-01   2.3680001e-01  -1.6602318e-01   1.1514467e-01  -2.8397860e-01   3.5626678e-01   3.6692538e-01  -3.4693664e-01  -5.8628089e-02  -2.5874855e-01   2.2879545e-01  -8.3038798e-02  -3.4401121e-01  -7.2174372e-02  -1.4221992e-01   6.3314935e-03  -2.4017955e-01   9.6476555e-02   1.9432553e-01   3.5040033e-01   4.1141304e-02   2.3234556e-01  -2.2360292e-01   3.3889986e-02   1.2758641e-01  -8.4104123e-02  -9.6776408e-02  -2.1411526e-01  -1.4894280e-01   1.7531540e-01  -2.8938274e-01   2.0880538e-01  -1.2506205e-01   1.2349636e-01  -1.8950554e-01   6.4312068e-01   3.2832115e-01  -3.2834279e-01  -1.0981729e-01   3.2135846e-01  -2.2879039e-01  -8.0230140e-02  -1.2055793e-01   2.3657233e-01  -2.0948367e-01   3.6543380e-02  -1.9189177e-01   6.8858114e-01   1.0925667e-01   1.0793008e-01  -3.6989596e-02  -2.6656179e-02   5.9437360e-01   1.8253966e-02  -3.9635589e-02   3.1882035e-01   8.4492320e-02  -3.7411733e-01  -1.8797080e-01  -1.5012685e-01  -1.8006106e-01  -2.3510819e-01  -2.2290461e-01   3.2583398e-02  -1.0530112e-01   8.7761888e-02  -2.3671076e-01   2.1251449e-02  -3.1316591e-01  -9.3656045e-02  -2.3885817e-01  -1.5391105e-01   6.2460393e-01  -2.9864254e-01   5.2017567e-02  -3.8563863e-01  -1.9088164e-01  -2.8240893e-01   7.6874811e-01   7.5184055e-04   5.7343338e-02  -1.9192259e-01  -3.8871611e-01  -1.6860038e-01   2.4009969e-01  -2.7462114e-01  -9.0306908e-02   1.5257759e-01  -2.8738557e-02   1.8393028e-01  -1.1681178e-01   1.9051487e-01  -7.0175029e-02   2.6863566e-01  -3.7040570e-01  -4.7290832e-02  -1.3509067e-01  -1.8500143e-01   1.4834183e-01  -2.6132885e-01  -3.2019248e-01  -1.6938211e-01  -2.0555035e-01  -8.4751167e-02   1.4860060e-01  -2.2926430e-02   1.8836182e-02  -2.7718322e-01  -1.9912579e-01  -2.5185000e-01   2.6884887e-01   3.5645377e-01  -1.6170715e-01   5.4275347e-02  -8.6769385e-03   8.0762575e-02  -2.1215864e-01   2.4132443e-01  -1.5863482e-03  -9.3876607e-02  -2.6423562e-01  -2.6250902e-01   3.7581980e-01  -4.0798951e-02  -2.4611480e-01  -8.3378453e-02   3.4238929e-01   5.6584908e-01   4.9106104e-02   2.3489432e-01  -2.1782965e-01   5.0152565e-02   1.0139516e-01  -1.8671900e-01
  -1.5024413e-01   1.3934567e-01   3.1324334e-01   2.1019920e-01  -6.8973866e-02   0.0000000e+00   3.0514175e-01   2.8012545e-02   1.6597665e-01   4.6867552e-03   1.3521078e-02   2.3422749e-01   5.1726976e-02  -4.1935484e-02  -1.2101916e-01   4.1426220e-01   2.5948647e-01   6.3209935e-03   1.1846159e-01   9.0635085e-02   7.7583503e-03   2.2216342e-01   2.4815619e-01  -3.9936368e-01  -1.2055387e-01   4.1638471e-01   4.4795657e-01   3.0036475e-01   7.7319509e-04   2.8837608e-01  -2.6918064e-01   8.9262872e-02   1.1674397e-01   2.5388198e-01   2.5814609e-01   1.6316000e-01   3.9228423e-02  -1.7028518e-01   1.3977403e-01   3.7845994e-01   9.5193629e-03   4.5357105e-02   1.2278673e-01   9.7769203e-02  -1.9937652e-03  -1.3155985e-01   1.8663660e-01   4.1413649e-02  -5.3478257e-02   1.6507320e-01   6.1782596e-03   1.7699426e-02   1.0795912e-01  -2.3287833e-02  -2.5140987e-01   5.6493758e-02   2.3939207e-01   2.8195261e-01   8.2183962e-02   1.0834601e-01   1.1279404e-01   1.4932345e-01   9.8341182e-02  -1.4953868e-01  -1.4336609e-01   5.2942414e-02   5.2667605e-01   2.3029649e-02   3.5199118e-01   2.2591289e-01  -5.2314780e-02   1.6421162e-01   1.1691633e-02  -5.2935517e-03   7.1034997e-02  -1.9350584e-02   1.5387474e-01  -6.7619140e-02  -1.9945391e-01   2.8916335e-02   2.1668853e-01   1.3151817e-01   2.2702994e-01   3.1947651e-01  -1.0339229e-01  -2.4444595e-03  -1.2693523e-01  -2.5822071e-01   1.6114000e-02  -3.9310205e-01  -3.3031641e-01   6.7075641e-02   2.3611374e-01   1.7932623e-01  -1.9723989e-01   1.1952673e-02   6.2512443e-02   2.2168128e-01  -1.2363834e-01   1.5702104e-01  -1.2511122e-01   2.1850072e-02   1.1185058e-01  -4.3053876e-02   1.3163419e-01   1.9169068e-01  -1.3699318e-01   3.7720652e-01  -1.8958858e-01   3.9190641e-02   1.9235258e-01   3.4090781e-01   3.6720266e-03  -3.7606175e-01  -2.1246002e-01  -1.4347432e-01   9.2898591e-02   1.4882431e-01   3.0723514e-01   3.2150278e-01  -2.1877567e-01  -1.0341925e-01  -1.1779585e-02  -5.9764237e-02  -2.0102817e-01  -5.8988650e-02   2.2167968e-03  -1.6336771e-01   2.1805549e-01   2.3817671e-01  -1.4873162e-01   9.4636674e-02   2.2156144e-01   3.9345288e-02   1.6181446e-01  -7.7765416e-03   7.2828955e-02   1.8689170e-01  -1.1103561e-01  -9.6465638e-02  -2.5688938e-01  -1.4507730e-02   2.0256442e-02   3.1144741e-01   2.0435778e-01   9.0860934e-04   2.6373347e-01  -5.7467299e-02   9.3547498e-02  -1.3415413e-01  -1.1579982e-01   1.2263548e-01  -1.5885787e-01  -2.0177166e-01   3.0597932e-01  -3.6029686e-01  -1.9170879e-01   6.0932252e-03   2.6542501e-02   8.7181416e-02   9.2649111e-03  -2.2501386e-01   1.8978380e-02  -5.1662283e-03   3.6303824e-01   1.1736004e-01   2.6929748e-01   4.0853079e-01  -2.3784495e-01   1.3520143e-01   2.4712267e-03  -1.3334014e-01  -1.8205171e-01   4.4843954e-01   1.0830894e-02  -6.8941675e-02   3.5280874e-01
   1.6915151e-01  -7.8340177e-02  -1.3426331e-01  -5.6878829e-03  -3.4281183e-01   3.0514175e-01   0.0000000e+00  -3.8751498e-02  -3.4277753e-02   3.2852508e-01   2.5156083e-01   3.6046255e-01  -3.9937733e-01   9.3663625e-02   1.6107794e-01   1.3451437e-01  -2.5553682e-01   2.4339234e-01   4.3329230e-02  -2.0245834e-01  -2.4085814e-02   1.5983449e-02   5.5278013e-01  -2.1910967e-02  -1.4235471e-01  -9.9670386e-03  -8.9928757e-02   2.3957484e-01  -2.7285715e-01   1.4306370e-01   1.6989893e-01   1.1833739e-01  -2.0222750e-01   6.2094904e-01   1.4154774e-02   5.5302901e-02   2.7729846e-01   2.2176077e-02  -1.3367005e-01  -1.8685844e-01  -2.5239145e-01  -1.8353265e-01   2.0374201e-01   4.4273200e-01  -1.1297599e-01   1.0089620e-01   5.9701009e-02   3.3076435e-01  -5.7249975e-01  -2.4896663e-01   3.5111698e-01   3.3939842e-02   2.8928976e-01  -2.7008682e-01  -2.0916423e-01   5.9872493e-01   1.6821041e-01   5.3270643e-02   1.9350330e-03   8.0606556e-02  -6.0583689e-02  -1.9684796e-01  -3.0532511e-01  -8.0710367e-03  -4.9024693e-01   4.5762521e-01  -3.0205288e-02  -3.0994067e-01   9.5494589e-02   2.9931462e-01   2.6753914e-01  -1.3088639e-01  -1.5452753e-01   4.7989398e-01  -2.8049795e-01   1.5447487e-01  -1.0237240e-01   1.0917899e-01  -4.0511158e-01  -2.8705648e-01   4.6450350e-01   1.6986275e-01  -1.6109438e-01   1.1228281e-01   1.0638639e-01   2.1107083e-01  -3.5205276e-01   1.4332866e-01  -2.2943226e-01   8.9243016e-02  -5.7601965e-01  -1.1844004e-01   3.6800046e-01   3.8044203e-03  -2.7746885e-03  -1.2367115e-01  -3.3463444e-01   1.3534692e-01  -4.7535955e-01   3.2794829e-01   3.0189440e-01   5.9244459e-01   1.9285479e-01  -1.5444852e-01   1.9184085e-01  -2.4655803e-02  -2.5015440e-01   1.2057435e-01  -1.8339310e-01   2.8986286e-01   3.0334098e-01   2.7356359e-01  -1.6286331e-01   5.3237676e-02   3.3928270e-01  -5.2365612e-01   3.8935888e-01   6.1353465e-02   3.2834874e-01   1.4907913e-01   1.8025069e-01  -3.3303133e-01  -1.2747007e-01  -3.9311664e-01   3.7695703e-02   7.1268468e-02   4.2023767e-02  -3.7617859e-01   1.4418968e-01   2.0728685e-01  -1.7265231e-01   4.6681797e-01  -2.7332096e-01   1.4053766e-01  -1.5658589e-01  -4.4703003e-02  -2.7854056e-01   2.6979926e-01   3.4353826e-02  -9.8023041e-02  -7.1250645e-02  -3.1850733e-01   1.9500114e-01   4.2786633e-01   4.9178711e-01  -2.5896822e-02   6.0072935e-01  -7.5880324e-02   2.7467499e-01   2.5422006e-02   4.3262992e-01   6.1546274e-02   7.1475572e-03  -2.8668503e-01  -2.0151753e-01  -1.0060402e-01   9.6882765e-02   2.9304741e-02  -1.2888678e-01   4.0576574e-01  -3.7016005e-01  -1.5646452e-01   1.1392825e-01  -3.7714738e-02   1.9037633e-01   9.9645889e-02   3.8916645e-01   2.7284878e-01   2.6107509e-02  -4.4558623e-02  -9.4599174e-02  -7.3442892e-02  -4.6674206e-01   2.0098198e-01   8.4501763e-02  -2.7177776e-01   8.9737004e-02
  -1.3982627e-03  -2.0375168e-01  -2.7844656e-01   2.6809654e-01  -2.0561906e-01   2.8012545e-02  -3.8751498e-02   0.0000000e+00   3.2149532e-02  -3.0539446e-02   4.6543827e-01   1.6016720e-01  -1.1648015e-02   2.7793668e-01   2.5198558e-01   8.6383685e-02  -2.5789299e-01   4.7655457e-01   1.7150493e-01  -2.3523708e-01   1.5195623e-01   5.0046102e-01  -1.5506800e-01  -5.5421420e-02   8.1366530e-02   4.1838677e-01   1.4366527e-01   3.1570520e-01  -1.7789319e-01   3.5485711e-01   2.5686812e-01   3.5435468e-01  -7.2367290e-02  -1.5769536e-01  -2.2286458e-01  -1.3557061e-01   5.0667878e-02   7.2609165e-03   2.6992918e-01  -1.7122536e-01  -5.6049843e-02  -2.2568028e-01  -3.3156368e-01   2.4948192e-01  -6.7795649e-02   7.0420270e-02   3.9549681e-01   3.3198045e-01   2.9005735e-02  -3.0078180e-01   4.1736479e-01   5.0050022e-01   9.2066107e-02  -2.9087091e-01   1.8142185e-02   6.0438218e-02   6.4679553e-02   3.2966470e-01   3.2925988e-01   2.6733930e-01  -9.2944239e-02  -7.0272281e-04  -2.6648179e-01  -1.9388439e-01   3.4287955e-03  -8.4073091e-02   2.1937358e-01  -7.0035318e-02   3.9993870e-01  -2.5293511e-02  -2.4238163e-02   9.4992409e-02  -5.5645321e-02  -2.7364489e-02  -1.8083868e-01   4.1601078e-01  -1.1276638e-01   3.1270148e-01  -4.9022890e-02  -9.5147157e-02   3.3502335e-01   2.6294999e-02  -1.4818451e-01   6.4485554e-01  -1.1274026e-01   4.6055447e-01   1.4127876e-02   1.0917926e-02   7.3607679e-02   8.0670205e-02  -2.0366647e-01  -2.1472096e-01  -3.0598979e-01  -1.2549775e-01   1.2548427e-01  -9.8849376e-02  -7.7686325e-02   3.5107120e-01  -9.2590991e-02  -6.6539474e-02   2.1434760e-01   1.1927918e-01   4.9706773e-01   3.5500482e-01   4.3527274e-01   4.8545932e-01  -4.3855684e-02   4.4035629e-01   1.8940882e-01   3.8996946e-01  -1.1973257e-01   3.1635656e-01  -3.8143206e-02   1.9133379e-02   3.0405710e-02  -2.4374033e-01   1.7173626e-01  -1.1815609e-01   3.2043656e-01   1.5502393e-01  -3.0810367e-02  -2.4458791e-01   1.4595007e-02  -8.4356754e-02   2.4804437e-02   2.9718723e-01   1.8996113e-01  -1.9856313e-01   4.6552318e-01  -1.2749604e-02   3.1709288e-02  -1.3664474e-01  -8.7630149e-02  -1.3015779e-01  -5.3260236e-02   5.7227655e-01  -1.9556992e-01   6.1777401e-01   4.0975556e-01  -5.9667008e-02  -3.6261346e-02   8.4227810e-02   5.6406499e-01   1.0097156e-01  -1.6788996e-01   7.4927736e-02  -2.1392124e-01   1.2879704e-01   1.0369574e-01  -1.8059560e-01  -6.1592220e-02   6.5415068e-01   1.1140574e-01  -2.1003135e-02  -2.5823951e-01   7.3950173e-02   3.1193861e-02   2.5410420e-01  -8.7292882e-02   3.6217594e-01  -2.3197437e-01   4.5388292e-01   5.1855595e-03   4.9936677e-01   2.9257339e-01  -2.5437693e-01   1.0592643e-01   2.6329482e-01  -6.8556364e-02  -3.4878888e-01  -1.1326269e-01  -1.6666206e-01   8.6878565e-02   2.9791650e-01  -1.1573127e-01  -2.8514117e-01   3.1497134e-01
   6.4877316e-02   2.2816178e-01  -4.8809447e-02   3.2393813e-01  -2.3604669e-02   1.6597665e-01  -3.4277753e-02   3.2149532e-02   0.0000000e+00  -2.2307253e-01  -1.4771170e-01  -5.5173234e-02  -9.9435364e-02   2.7122544e-01  -5.7466353e-03   1.3243049e-01  -7.4339445e-02   1.4679771e-01   1.0778256e-01   4.1013799e-02   1.1516851e-01   1.9413428e-01  -2.5673481e-02  -3.0326542e-02   2.5763887e-01   2.1708160e-01   1.5400781e-01  -8.1179362e-02  -7.8645273e-02   1.5549927e-01   2.5462545e-02   1.8882032e-01   1.7694800e-01  -9.0968628e-02   2.4849143e-01  -7.6847840e-02   8.6745596e-02  -1.1954122e-01   9.9089586e-02   1.1157999e-01   1.3425612e-01   1.7788644e-01  -1.3362813e-02  -3.1148245e-01   1.8320785e-01  -9.6598503e-02   5.8211803e-02  -2.3418736e-01   1.4709887e-01  -7.2481639e-02  -1.2880196e-02   4.1551779e-04  -1.1431286e-01   2.6762943e-02   3.1415529e-02  -2.0780161e-01   7.9807143e-02   4.4581928e-01   1.5239719e-01   4.1845238e-01  -1.7647522e-01   2.5289455e-01   2.8166908e-01   3.0023949e-02   2.1305429e-01  -2.1087180e-01   2.7997095e-01   1.7035065e-01   1.7963513e-02  -1.8538297e-01  -5.6122430e-02   3.5256906e-01   7.7998998e-02  -1.3907186e-01   1.8420221e-01   2.8134291e-02  -1.9570531e-01  -1.2492726e-01   1.7723444e-01   1.9121518e-01  -1.2007086e-01  -1.0570001e-02  -1.4168808e-01   1.3431396e-01  -3.2459167e-01   1.6282900e-02   4.4524926e-01  -2.2471547e-01   2.6973134e-01  -7.3520219e-02   2.3148814e-02  -2.0307813e-01  -1.4879986e-01   4.6924137e-01  -1.9005723e-01   4.4518980e-02   1.4079403e-01   6.0043678e-02   2.3776718e-01   2.2563287e-01  -3.1433236e-01   2.2362552e-02  -4.7460594e-02   4.9121751e-01   1.9526969e-01  -3.7743761e-02   6.2052583e-02   2.7017033e-02   5.5842609e-03  -1.2302942e-01  -1.9560981e-01   1.8013577e-01   3.4484986e-01   3.2482345e-03  -2.3619617e-01   1.0730298e-01  -6.7630697e-02   1.0096317e-01   9.5648870e-03   2.8657902e-01  -1.4298833e-01   3.7517175e-02   1.9538911e-02   1.1310663e-01  -4.5278065e-02   3.3736201e-02   3.7438205e-01  -3.4437780e-02   3.5853348e-01  -2.4780306e-01  -4.5839209e-02   1.6005267e-03   2.5664861e-02  -2.0877944e-01   2.6951302e-01   1.4385705e-01   2.4818678e-02   2.1510383e-02   2.1935828e-01   2.1157541e-01   2.0757579e-01  -5.5674491e-02  -8.3017967e-02  -1.6062044e-01   1.6082785e-01  -1.1524533e-02  -1.0216615e-01  -4.2617646e-02   1.4019351e-01  -3.5832227e-02  -2.6458525e-01  -8.7238500e-02   1.1066266e-02  -1.2409085e-01   1.1061463e-01   3.0282488e-02  -1.3529574e-01   9.6926829e-02  -1.7708654e-01  -1.2059952e-01   1.8147409e-01  -2.6515882e-02  -9.6325912e-02   1.4757154e-01   4.1028445e-01  -3.1379942e-02  -5.6032340e-02   1.6883728e-01   1.2664793e-02  -1.3905998e-02  -9.8187457e-02  -2.8573930e-01   2.6287090e-01   3.1285984e-01   1.8050940e-01  -1.6461367e-01   3.5332128e-01
  -9.7131650e-03  -2.4985555e-01  -1.1737108e-01  -5.3388298e-02   1.1105313e-01   4.6867552e-03   3.2852508e-01  -3.0539446e-02  -2.2307253e-01   0.0000000e+00   3.4327985e-01   1.1762852e-01  -1.4734202e-01   5.7042033e-02  -3.3186974e-02  -9.7735832e-02  -1.7192536e-01   1.8225297e-02   1.7402114e-02   9.3917736e-02  -1.4574083e-01  -7.8186823e-02   3.4028200e-01  -6.9832181e-02  -1.0682683e-01  -2.4553001e-01  -2.0734962e-01   7.7268957e-02  -2.1515894e-01  -1.2352597e-01  -1.3076419e-01  -6.4952534e-02  -2.6645932e-01   2.1141847e-01  -1.3396767e-01   2.9984055e-01   2.8374903e-01   4.8952102e-02  -3.5929532e-01   5.5096832e-03  -1.7515984e-01  -4.3160345e-01  -4.4874264e-02   5.2879516e-02  -1.1152590e-01   2.1600194e-02   3.2225797e-01  -4.1332024e-02  -3.2325277e-01  -1.3853654e-01   1.7982978e-01  -3.2700058e-02  -1.3007011e-01  -2.3594279e-01  -1.6680709e-01   2.5042390e-01   1.5572773e-01  -2.4219903e-01  -9.9611354e-02  -1.2491875e-01  -4.6231014e-02  -3.3327369e-01  -2.7911877e-01  -2.1576371e-01  -2.5912420e-01   3.0688073e-01  -8.4927340e-02  -3.1723686e-01   2.2666142e-01   1.9983576e-01  -1.4162086e-01  -4.5825507e-01  -1.6747673e-01   1.2954512e-01  -2.8609735e-01  -5.5166157e-02   9.9441405e-03   7.3264482e-02   7.5969562e-02  -3.1859694e-01   1.3719606e-01   1.5469269e-01  -2.7367291e-01  -1.3155393e-01  -1.1319431e-01   2.2617012e-02  -1.6241336e-01   2.2264815e-02  -2.5803597e-01   1.6947615e-02  -1.6154370e-01  -4.7891839e-02   3.5690792e-01  -1.5509439e-01   1.1500559e-01   3.1615283e-01  -4.3624459e-01   1.8865231e-01  -3.9050730e-01   4.0099183e-01   1.2752084e-01   3.7694379e-01  -2.3132821e-02  -8.4732331e-02   9.9669695e-02  -4.3318137e-02  -1.9339676e-01   2.4333963e-01   6.7689375e-02   3.7670899e-01   2.2559315e-01   4.2613673e-02  -3.4420994e-01  -5.8506155e-02   1.2311295e-01  -2.8855065e-01   1.7189776e-01  -6.6093111e-02   1.9684917e-01  -1.1010545e-01   5.4672028e-02   1.4272838e-01  -1.2851344e-01  -3.9806703e-01  -3.0100336e-02  -1.1770247e-01  -5.6380113e-02  -1.1677620e-01   7.2499096e-03   1.0328948e-01  -4.8703347e-02   1.9580128e-01  -3.9982846e-01  -2.0926239e-01  -2.2250172e-01  -3.8394196e-02  -2.9045227e-01   6.4502688e-02  -1.5216265e-01  -8.1080013e-02  -9.2894916e-02   1.9484007e-02   2.2501987e-01   2.6553839e-01   4.4675352e-02  -2.8781318e-01   1.9032660e-01   8.5777342e-02   2.6097869e-01  -1.0017884e-01   9.6834439e-02   6.4070984e-02  -1.0218767e-01  -1.1124703e-01  -1.1289260e-01  -6.5478865e-02   1.8498774e-01   7.2198106e-02  -9.5033874e-02   1.3553540e-01  -2.2678088e-01   8.1543179e-02   3.0933357e-01   7.3956189e-02  -7.2449638e-02   1.2173534e-01   2.1172768e-01   8.7475331e-02  -3.9875525e-02  -2.0239944e-01   2.5116107e-01   3.5957320e-02  -1.3628155e-01   5.9340678e-02  -2.6926346e-02  -2.2896510e-01  -1.6731594e-02
   1.7879305e-02  -3.9251677e-01  -4.8421027e-01   2.7321606e-01  -2.1190131e-01   1.3521078e-02   2.5156083e-01   4.6543827e-01  -1.4771170e-01   3.4327985e-01   0.0000000e+00   1.3227873e-01  -8.9670852e-02   3.8559047e-01  -2.1327650e-02   1.3654480e-01  -5.3764046e-01   5.2226870e-01   1.8217226e-01  -3.9129601e-01   1.5007438e-01   5.5792093e-01   5.4585148e-03   3.8702236e-03   1.1856420e-01   2.8225184e-01   8.0255436e-02   5.1587751e-01  -3.5902157e-01   3.6685369e-01   1.6391843e-01   4.6853749e-01  -1.7445126e-01   8.6700036e-04  -3.2382618e-01  -2.3605296e-02   2.1807967e-01   1.5812574e-01   1.3571366e-01  -2.7150165e-01  -1.2979904e-01  -4.8915159e-01  -3.8820705e-01   2.9011989e-01  -6.4335022e-02   2.7289347e-02   6.6971873e-01   2.7548791e-01  -1.6665110e-01  -5.3270268e-01   5.8713400e-01   3.1641258e-01   6.4383292e-02  -6.4956384e-01  -2.2774594e-01   2.1680970e-01   2.1887083e-01   1.7528545e-01   2.5988130e-01   2.7145292e-01  -2.2172256e-01  -2.5323541e-01  -4.3737607e-01  -2.7974106e-01  -5.0060703e-02   1.1186319e-01   3.7403275e-02  -2.1480823e-01   6.2056418e-01  -6.5179264e-02  -1.9708997e-01  -4.7510940e-02   5.9557138e-02  -4.6809892e-02  -3.7969075e-01   2.8628613e-01  -1.1364679e-01   4.3053932e-01  -1.0123419e-02  -3.5553643e-01   4.9533448e-01   1.4647191e-01  -3.5362421e-01   3.6045053e-01  -3.1973951e-01   3.6044675e-01  -6.1238357e-02   8.0396391e-02  -1.0652235e-01   1.1768285e-01  -2.8223157e-01  -3.6934350e-01  -1.5562840e-01  -1.6951014e-01   1.9593874e-01  -1.5341794e-02  -3.7734331e-01   4.8262762e-01  -2.1694098e-01  -2.2449232e-02   2.9765580e-01   2.7517387e-01   3.8087455e-01   3.2389809e-01   6.4590238e-01   4.2395917e-01  -4.2509630e-01   5.9137821e-01   1.4511668e-01   7.4749808e-01  -1.1355648e-01   5.1651756e-01   5.9953280e-02  -5.8117038e-02   1.3194851e-01  -4.0980128e-01   4.5852270e-01  -1.3661482e-02   5.3435027e-01   2.2439524e-01   1.8706951e-01  -2.5417719e-01   1.5498798e-02  -2.2285269e-01   9.5482845e-02   3.1198525e-01   2.6733667e-01  -4.5800554e-01   4.7649693e-01  -6.0077602e-02  -1.6285185e-01   5.3224800e-02  -3.9125086e-01  -3.0778677e-01  -3.4547538e-01   4.1501192e-01  -4.9985352e-01   5.8737634e-01   1.1152451e-01  -8.2599713e-02  -6.7984760e-02  -3.2667029e-02   7.2357808e-01   4.2413414e-01  -7.6585373e-02  -5.9545389e-02  -1.5247833e-01   1.9493799e-01   4.2641556e-01  -3.7808355e-01  -9.7504128e-02   4.1826393e-01   3.2422860e-02   8.9997389e-02  -5.4332463e-01  -1.7830496e-03   2.3203375e-01   2.7446963e-01  -2.7805174e-01   4.9544865e-01  -3.4715699e-01   6.7697330e-01  -9.1796675e-03   6.9446283e-01   3.5028732e-01  -2.7928193e-01   1.6243369e-01   3.7168273e-01  -6.2320386e-02  -3.2949826e-01  -1.5371237e-01  -1.3297118e-01   2.4429812e-01   3.4219944e-01  -5.5162788e-02  -4.2860955e-01   3.7035658e-01
   2.1855811e-02   2.0962285e-02   2.6803606e-01  -1.1242234e-01  -1.3239136e-01   2.3422749e-01   3.6046255e-01   1.6016720e-01  -5.5173234e-02   1.1762852e-01   1.3227873e-01   0.0000000e+00  -1.7366550e-01   7.1690166e-02  -1.0259298e-01   1.9769903e-01   1.1661851e-01  -6.7502213e-02  -2.4029422e-01  -1.1783551e-01  -3.2006306e-01   5.8215971e-02   6.5163916e-02  -1.2760363e-01   8.9176932e-02  -3.0488358e-02   2.8965332e-01   2.3994286e-01  -1.1882043e-01   1.6005919e-01  -1.0304740e-01   9.6256459e-02  -2.8853676e-02   2.9701167e-01   2.1898519e-01   4.4178122e-02   6.1847607e-02   2.2187860e-04   8.4552875e-03   1.7740851e-01  -6.1051540e-02  -5.7863361e-02   2.1705369e-01   2.3580452e-01   9.8498114e-02   1.9278492e-01   1.5810737e-01   1.2136895e-01  -1.7935364e-01   1.0698321e-01   1.2355572e-02   2.3004218e-01   8.0603120e-02  -2.0021293e-01  -1.9623086e-01   2.4862647e-01  -4.0074035e-03   9.5547425e-02  -6.6555371e-02   2.0955519e-01   2.9226170e-01   1.2228764e-01  -1.6949975e-01  -1.5076759e-01  -3.4252110e-01   2.7888520e-01   1.5636747e-01  -2.5694062e-02   2.4363724e-01   4.1926509e-01  -4.6808987e-02  -4.0364796e-02  -9.3962217e-02   1.8421161e-01  -1.0596618e-01   2.2509443e-03   2.3533416e-01  -9.8252497e-03  -9.8368340e-02  -1.5846151e-01   3.8149305e-01   2.0543194e-01   4.2895425e-02   1.5798428e-01  -4.6034529e-02   5.3725480e-02  -2.0156646e-01  -1.1735862e-02  -6.6942553e-03  -1.5450431e-01  -2.9504781e-01   2.0960529e-01   2.9116733e-01   7.5629656e-02   2.2764760e-01   1.2274279e-01  -3.9275705e-02   2.6012969e-02  -1.9950845e-01   1.2125060e-01   1.1583852e-01   3.5714313e-01   5.2918738e-02   4.3768490e-02   8.2163392e-02   3.4552534e-02   1.1268825e-02   1.7117857e-01   1.7543189e-01   1.9506799e-01   4.9661536e-01   2.0041934e-01  -1.5313290e-01  -2.2855372e-01   1.4112333e-01  -2.4717702e-01   2.1726729e-01  -6.3579460e-02   3.6649158e-01   2.0251535e-02  -9.4042253e-02  -4.2939500e-03   1.9545843e-01  -3.7042796e-01   1.1104629e-01   9.8174615e-02   1.4982591e-01  -1.6805666e-01   5.8871076e-02   3.0143331e-01  -2.8012992e-01   5.7994136e-02  -8.1787518e-03  -2.0446365e-01   8.8088575e-02  -4.6805307e-02  -9.2645012e-02   3.3170955e-01  -1.9566383e-02  -1.4058913e-01  -2.7236792e-01  -5.0518725e-02   2.0108825e-01   5.4395842e-01   5.0369343e-02  -2.4992049e-01   3.6046212e-01  -1.2585878e-01  -1.3861401e-02  -3.4804190e-01   1.1858025e-01   1.5685168e-01  -2.0191154e-02  -1.8145256e-01   2.8940744e-01  -1.9842220e-01   1.6056231e-01   1.2714290e-01   2.2798248e-01   2.4985156e-01  -1.5757408e-02  -3.1441173e-02  -5.8457624e-02  -3.8882545e-02   2.0212160e-01   2.1952676e-01   2.4667960e-01   1.5426247e-01   9.7001910e-02  -1.0296152e-01   2.1253388e-01  -9.5890903e-02  -3.1412447e-01   1.2214625e-01   2.2535333e-01  -1.2102274e-01   5.9456550e-02
   1.8914024e-02   6.6525229e-02   1.9874870e-01   1.7650574e-01   3.7211378e-01   5.1726976e-02  -3.9937733e-01  -1.1648015e-02  -9.9435364e-02  -1.4734202e-01  -8.9670852e-02  -1.7366550e-01   0.0000000e+00  -1.2439438e-01  -3.1180466e-01   8.5783582e-02   2.3055671e-01  -6.0421207e-02  -7.3886747e-02   4.4089981e-01   7.7912292e-02   1.1349114e-01   6.7497141e-02  -1.7838117e-01   1.2649454e-01  -1.3190871e-02   3.9686001e-01  -8.2496088e-02   2.2786775e-01   1.2018259e-01  -2.2497430e-01   1.9675567e-02   3.2316132e-01  -3.5952661e-01  -4.8963489e-02   3.8450069e-01  -2.6343251e-01  -1.4061074e-01   4.0252743e-01   2.7890251e-01   5.0530034e-01   1.7118003e-01   1.0307287e-01  -1.1850580e-01   1.2589165e-01  -1.6415951e-01   1.7258492e-01   4.4537800e-03   3.2356304e-01   3.0663379e-01   2.1991899e-02  -1.1216973e-01  -6.4770321e-02   4.4559894e-02   1.1890625e-01  -2.6532819e-01  -1.6842375e-01   4.5630957e-02   2.4253894e-01  -9.1380197e-02   9.6828819e-02   2.0421054e-01   8.5957620e-02  -1.7850337e-01   2.7633694e-01  -2.8470500e-01   2.6378019e-01   3.6626567e-02   8.6254572e-02  -4.0502675e-02  -6.8171120e-02   3.3659010e-02   3.1309687e-01  -2.3739003e-01   2.5960714e-01  -4.9362545e-02   1.5428878e-01   5.7730690e-02   1.6160564e-01   4.7612401e-01  -1.8300912e-01   3.0513669e-02   1.9806246e-01   7.8976060e-02  -4.5069438e-02  -1.8769883e-01   1.3754995e-01  -2.6501908e-01  -1.7410840e-01  -1.9269360e-01   2.2567705e-01   7.4722941e-02  -8.5925132e-02  -1.7191089e-02  -4.6681630e-02   1.0726858e-01   2.2678496e-01  -1.0267565e-01   2.9895420e-01  -5.3173465e-02  -8.4620292e-02  -4.3047712e-01  -1.4684659e-01  -4.3047072e-02   5.5633107e-02   1.6886839e-01   2.0256189e-01  -1.6697156e-02   7.5077259e-02  -1.2793132e-01  -2.0151597e-01  -2.7115268e-02   2.7877383e-02  -1.9655552e-01  -1.8926332e-01   2.4002453e-01  -2.2546209e-01   3.4355377e-01  -1.0888704e-01   9.8821696e-02  -1.0206764e-01   2.1721222e-01   1.5842047e-01   1.9685984e-01  -1.4762944e-01  -7.8990462e-02  -1.0872116e-01   2.9418558e-01  -4.0572924e-04   6.5923720e-02   2.5149708e-01  -1.0931639e-01   3.8906873e-01   1.2554522e-02   1.3765747e-01  -3.2989068e-03   3.3808814e-01  -1.3757271e-01  -1.2142706e-01  -5.9211355e-02  -1.7418323e-01   5.4759536e-01  -9.7929076e-02  -2.0322165e-01  -2.9775086e-01   1.2505173e-01  -2.1810705e-01   3.8403439e-02  -1.3978050e-01   9.1218001e-02  -2.7138882e-01  -8.3136052e-02  -1.9417071e-01   6.7208923e-02   9.1155172e-02  -2.5713998e-02  -3.2617779e-02   2.2431704e-01   1.1367339e-01  -1.9470434e-01   1.8588150e-01  -9.1168251e-03  -4.1488261e-02   3.7447595e-02  -5.2458388e-02   5.4515575e-02  -1.2307656e-01  -1.4772612e-01  -1.0474496e-01   1.5848600e-01   2.4639180e-02   9.7090923e-02   2.1213518e-01  -5.9024376e-02   9.0345632e-02   2.7278526e-01   6.5278511e-02
   3.6374411e-01  -2.3928527e-01  -3.8147433e-01   4.6050941e-01  -2.6306393e-01  -4.1935484e-02   9.3663625e-02   2.7793668e-01   2.7122544e-01   5.7042033e-02   3.8559047e-01   7.1690166e-02  -1.2439438e-01   0.0000000e+00   2.0408025e-01  -1.5305935e-02  -4.2274873e-01   4.6950939e-01   4.3996420e-02  -2.9087196e-01   1.0461956e-01   4.1784645e-01  -7.2926292e-02   2.4374004e-01   3.0297506e-01   1.6185827e-01  -9.5668527e-03   3.4276107e-01  -2.5970944e-01   4.5258914e-01   2.9022653e-01   3.5994799e-01  -1.2125571e-02  -8.8805601e-02  -1.8861602e-01  -8.8478328e-02   2.8274542e-01   7.5000521e-02  -5.5669980e-02  -3.7571981e-01  -7.2418081e-02  -2.6012797e-01  -3.4525786e-01   1.4289583e-01  -9.1426397e-02   1.3500154e-01   3.3267489e-01   2.1697560e-01   1.6527418e-02  -5.4811638e-01   4.0733905e-01   3.3391911e-01   2.6705185e-01  -3.0769702e-01   3.5738554e-02   1.4540711e-01   2.2561955e-01   2.7347339e-01   2.4908812e-01   4.7729909e-01  -2.3951456e-01   2.8633851e-02  -1.3364987e-01  -2.2117319e-01   1.4861496e-02   4.6479563e-02   4.8119536e-02  -1.2290153e-01   2.3385106e-01  -1.1713623e-01  -1.6051602e-01   2.1680818e-01  -3.5235193e-02   1.1425022e-01  -1.0968246e-01   5.8241925e-02  -2.7802556e-01   1.4803703e-01  -4.2851771e-02  -9.4393485e-02   3.9823745e-01   9.9419886e-02  -3.3209428e-01   1.7730443e-01  -1.2919736e-01   2.7985486e-01   1.8698239e-01   2.7951951e-01  -4.3237586e-02   2.7063186e-01  -2.5515428e-01  -3.2055958e-01  -1.1679777e-01   7.5159933e-02   1.0836395e-01  -8.4243513e-03  -3.3347365e-02   2.5861756e-01  -8.9195293e-02  -6.8417744e-02   2.7709870e-01   2.4518194e-01   3.5632374e-01   5.5172452e-01   4.3894340e-01   2.6229223e-01  -4.7768629e-02   3.1954655e-01   3.2154581e-02   4.8866632e-01  -1.3709728e-01   5.0191093e-01   3.6257535e-01   2.5183040e-01   7.0512971e-02  -3.2443923e-01   3.8686672e-01  -2.3956620e-02   3.6314360e-01   3.3120006e-01   2.0073111e-02  -2.5332272e-01  -6.9936899e-02  -2.4289910e-01   1.2397167e-01   4.8927402e-01   2.3543944e-01  -1.5141171e-01   4.3075368e-01  -7.9174535e-02  -2.0630483e-01  -1.7319435e-01  -2.4147240e-02  -2.8996831e-01  -1.5594253e-01   1.3627040e-01  -2.9226754e-01   5.3469792e-01   4.4697619e-02   1.3498975e-01   2.9039037e-01   7.1843744e-02   4.0713884e-01   2.9321753e-01  -1.1887956e-01   3.0905391e-02  -2.3649838e-01   4.8596760e-02   2.9565562e-01  -3.3774635e-01  -7.3504957e-03   3.0876474e-01   8.3609874e-02  -1.4575844e-01  -3.4896587e-01   2.8709643e-01   1.2612420e-01   3.0716950e-01  -2.1147132e-01   3.4512167e-01  -2.1731505e-01   2.8991424e-01  -7.8051389e-02   4.9976455e-01   3.6786186e-01  -3.0850091e-01  -3.4701106e-02   3.2748796e-01   1.2646809e-01  -2.0838120e-01  -3.0199222e-01  -2.9739549e-01   1.9142416e-01   3.0448326e-01   1.5117311e-02  -3.3061304e-01   3.4373803e-01
