   0.0000000e+00  -6.8635344e-02   2.4893298e-02   4.2529435e-02   6.1512901e-02  -3.3493814e-01  -3.0898976e-01   7.9190583e-02   3.6133561e-02  -2.7085763e-02   4.1229536e-02  -1.4686545e-01   2.2131977e-02   7.0162433e-01   9.9961984e-02  -8.8883802e-02   9.6999286e-02   1.1292000e-01   9.5499340e-02   9.3739390e-02  -2.7340271e-01  -2.1655693e-01  -2.8373901e-01   6.0059404e-01  -1.4811711e-01  -3.7357578e-02   3.8981972e-02   9.4266817e-02   3.7536672e-02  -2.0734678e-01   1.7788952e-01  -1.9383944e-02   2.1482981e-01  -1.0713884e-01  -2.2222916e-01   7.8987002e-02   3.9367114e-02   3.9140039e-01   3.5571236e-02   2.9593992e-02  -1.6899058e-01   1.6006142e-01  -6.6000389e-02  -5.1465551e-02   4.7829905e-02   2.6002875e-01   6.8756620e-02  -2.2991825e-01  -3.7736315e-02   1.5556985e-01  -5.2843310e-02   9.4617741e-02  -1.1255469e-01  -1.1210775e-01   3.2043112e-01  -8.9174287e-02  -8.6789107e-02  -1.7850585e-01  -6.1758194e-02  -3.0911932e-01   3.2693049e-01  -6.0705631e-02   7.3932856e-02   2.2961211e-02   6.4952832e-02   5.3680857e-02  -1.4150442e-01   2.3470947e-02   4.6684099e-02   1.8847962e-01  -1.1189141e-01   1.4739856e-01  -1.1567384e-01   3.2348026e-01  -5.7377224e-02   6.9365761e-02   2.5644816e-01  -8.2920498e-02   7.8945269e-03  -9.1318496e-02  -3.8499377e-01  -7.6621824e-03  -3.7779426e-01   1.0968046e-01   4.1518203e-01  -2.9292836e-03  -2.5033208e-01   4.2076845e-01   2.4169391e-01   7.4041108e-01   4.9852577e-02   1.2203887e-01  -2.0060796e-01  -5.6679471e-02   2.6537589e-01   8.0394704e-02   1.5668223e-02  -1.3469007e-01   8.2867845e-02  -7.6036300e-02   3.4052634e-01  -3.0452141e-02  -1.3862375e-01  -6.4804187e-02  -1.7447835e-01   7.9681928e-02  -7.3341147e-02  -1.6446731e-01  -1.2011211e-01  -2.8735902e-01  -3.6507680e-01  -2.1335669e-01   2.6899261e-01   7.6324070e-01   3.8684569e-01  -5.5623171e-02  -1.3185159e-01  -1.3414422e-01   4.4432143e-01   5.7585343e-02   2.5368159e-01   1.0570755e-01   1.2760431e-02  -1.6404841e-01   4.1186808e-01   1.6939057e-02  -3.4054053e-01   6.4292228e-03  -1.2505314e-01   1.1714558e-01  -1.4785224e-01  -3.2414399e-01   1.5337615e-01  -1.2826258e-02   5.0530957e-02  -3.0900345e-03   1.1978036e-02   7.2800040e-02   9.2220808e-02   3.9533015e-01   7.0727148e-01  -9.1354386e-02   9.6804497e-02  -2.3961595e-01  -2.7322599e-01  -1.4472816e-01  -2.2719236e-01   1.5591357e-01  -1.1679401e-01  -1.7083473e-01   4.8188421e-01   4.7683448e-02   4.1943198e-01  -6.3552404e-02  -7.4149086e-03   6.1529528e-01   3.2742060e-01   7.4112731e-02   3.3108671e-01  -2.0847230e-01   1.0759985e-01   1.4479175e-01   7.6514985e-03  -6.8360420e-02   1.9206471e-02  -2.0519632e-03   2.8218371e-02   3.5850208e-02   4.9276151e-01  -3.4595629e-01   1.8342356e-01  -9.4985603e-02   9.7306907e-02  -1.7725609e-01   8.1367419e-02  -3.4163967e-02   2.0272535e-02
  -6.8635344e-02   0.0000000e+00   2.7999619e-01  -6.8154738e-02   6.5710820e-01  -1.4455337e-01   3.1826968e-01   5.8134742e-02   2.6151309e-01  -9.2186059e-02  -5.0433893e-01   5.8317969e-01  -1.0980228e-01  -1.6964017e-01  -4.4702469e-01  -7.9692906e-02   2.8671595e-01  -3.7111063e-01  -9.1208231e-02   2.6245164e-01  -5.2008608e-01  -1.7858923e-01  -6.1594878e-02  -1.9142591e-01   2.2185525e-01   3.7751542e-02   1.1234619e-01  -2.7547775e-01  -2.7217092e-02   1.3415658e-01  -2.3375386e-01  -9.4107207e-02  -2.7676573e-02   3.2422767e-01  -3.5172440e-02  -1.1993975e-01  -2.4123711e-01  -3.3622619e-01  -8.6337147e-02   6.6640483e-01  -1.6626927e-01   1.8587674e-02   5.8747813e-01  -3.8309781e-01  -1.5931190e-01  -5.6867045e-01  -4.2584715e-01   3.6472244e-01  -1.8948581e-01   5.7517310e-01  -5.2588576e-01   2.1104426e-01   5.3470089e-01  -4.4328440e-02   8.1586621e-02  -1.8741056e-01  -2.0847240e-01  -9.7185943e-02  -6.2274895e-02  -1.2385709e-01  -2.9307781e-01  -2.3304623e-01   5.5928548e-01  -3.6198663e-01   1.5427911e-01  -2.5374586e-01   6.3054157e-02   3.9612752e-02  -2.8127852e-01  -4.1248180e-01   8.4129040e-01  -3.3457858e-01  -4.4945439e-02  -3.5656947e-01   7.0522485e-03  -8.5672728e-02  -4.4105715e-01  -1.6965517e-01   6.3208489e-01   1.3147483e-01  -3.2438673e-01   6.7837729e-02  -3.7148324e-01   1.1395745e-01  -3.6163276e-01   1.5619064e-01  -1.2577610e-01  -3.3721526e-01   1.8896757e-01  -2.2944841e-01   6.2177264e-01   1.3200109e-02   4.6107066e-01  -1.3422549e-02  -4.4084923e-01   2.9344174e-01  -1.2030112e-01   8.3845758e-02  -1.0127417e-01  -2.3270437e-01  -4.9236154e-02  -1.8803000e-01  -4.1447508e-01   2.0084826e-02  -3.8896253e-01   1.3433634e-01   2.1169368e-01  -3.1578423e-03  -1.0439794e-01   5.8815085e-01  -2.1808187e-01  -3.9205893e-01  -3.3488228e-02  -1.3617651e-01  -2.2524295e-01   8.1260879e-01  -1.4085960e-01  -3.8455495e-02   2.1010161e-01  -1.9395675e-01  -3.6007217e-01   5.6533840e-01   2.7472670e-01  -5.5795306e-02  -5.4066839e-01  -3.6927303e-01  -4.1605662e-01   2.4619825e-01  -8.9697149e-02  -1.7214126e-01   8.7718673e-02  -2.0235812e-01  -7.8564409e-02   5.2451564e-01   1.0965058e-01  -4.9836001e-02   3.2703933e-02   2.3523961e-02  -6.9890535e-02  -1.1653469e-01  -1.3999789e-01  -7.2942299e-03  -1.0711023e-01  -1.7558835e-01  -2.9424432e-01  -3.7606465e-01   2.8180109e-01   2.9899595e-01   1.1233292e-01  -8.3424202e-02  -3.3901093e-01  -1.1588649e-01  -2.2856021e-01  -2.1665622e-01   7.2489248e-01  -2.7196071e-01  -4.6617464e-01  -2.2762545e-01  -8.2056761e-02  -3.4156921e-01  -4.2190484e-03  -1.2869017e-01  -2.5855791e-01  -4.8004433e-01  -1.0595876e-01   3.6152080e-01   1.5388826e-01  -1.6916055e-01  -2.7098564e-01   6.1318984e-01   4.8259051e-01  -1.1648747e-01  -4.5025549e-01  -3.4325716e-01   9.3978593e-02   1.5287735e-01  -3.9682073e-02
   2.4893298e-02   2.7999619e-01   0.0000000e+00  -1.0851051e-01   5.3703712e-01   7.4158910e-02  -1.2270225e-01   1.9869788e-01  -4.2225616e-01  -1.0016279e-01  -1.2015025e-01   4.6138519e-01   1.3259608e-01  -2.1325066e-01  -4.2759755e-01  -9.8460675e-02   8.6905234e-01  -9.9300285e-02  -6.2701420e-02   4.5517258e-01  -2.2651085e-01  -3.5214903e-01   2.3030685e-03  -1.0058145e-01   2.2559825e-01   5.8036424e-02   1.4200545e-01  -2.9543457e-01   8.7870502e-02  -3.7867470e-01  -1.2428188e-01   3.9477040e-02   2.6668299e-03  -5.4261541e-02  -5.1285960e-01   2.2929654e-01  -4.3956515e-02  -5.1822203e-02  -8.1455664e-02   5.1879040e-01   7.8701157e-03   2.2906250e-01   3.3164637e-01   8.4708807e-02  -1.5507977e-01   2.3133911e-03  -3.2833229e-02  -1.1986541e-01  -2.8725429e-01   7.8518168e-01   7.1762533e-02   1.2117147e-01   3.4047987e-01   2.4306035e-01  -2.5947297e-02   6.0254445e-02   5.2139597e-02  -1.7854392e-01   2.0690968e-02  -3.3218279e-01   4.5561692e-01  -5.5176830e-02   5.7222557e-01   2.7900362e-02  -1.9546145e-02   1.1506596e-01   2.0454867e-01   2.3482433e-01  -6.1857115e-03   2.5694176e-01   3.3677734e-01   9.7877750e-02  -2.6435863e-01  -1.6535148e-01   1.0147266e-01  -1.5402901e-02   1.7284373e-01  -1.6212224e-01   2.3404164e-01  -2.6001028e-02  -4.1810548e-01  -1.0101507e-01  -2.2628120e-01   1.1084182e-01  -2.8582045e-02   2.0187490e-01  -5.9569611e-01  -3.2317833e-01  -8.5960095e-02  -5.2176961e-02   3.4624331e-01   7.3422714e-01   4.1514478e-01  -3.6894444e-01  -2.4191205e-01   4.5793472e-01  -8.1803142e-02   5.8878903e-02   1.5044178e-01  -1.9204403e-01  -4.9044371e-02  -1.5473134e-01  -3.5917403e-01  -2.7802784e-01  -1.5965439e-01   2.0315715e-01   4.8500015e-01   1.8543245e-02  -3.8496143e-01   4.2081765e-01  -1.7019319e-01  -2.5531331e-01   1.1288261e-01  -6.1199035e-02  -1.8701417e-01   1.0933687e-01   9.3149907e-02  -4.5216447e-02   3.5649524e-01   5.4708286e-02  -4.9725425e-02   6.4908527e-01   3.0459249e-01  -4.9999505e-01  -1.4044202e-02  -5.2880508e-01  -3.9864883e-01   4.5857314e-01   1.8007958e-02   3.8407164e-01  -2.1379532e-01  -4.0342976e-01  -3.5492853e-01  -1.5631663e-02   4.2941843e-02   2.4677590e-02   2.1727407e-01  -1.0002446e-01   2.1853967e-01  -1.5579826e-01  -7.3054721e-02   3.4823006e-02   5.1924029e-02   3.5280440e-01  -3.8901333e-01  -3.3229154e-01   1.2063502e-01   3.4238614e-01   5.7392239e-01  -1.4154181e-01  -1.8107815e-01  -1.9737089e-01   3.1281846e-01  -3.2117990e-02   6.3581292e-01  -2.6461187e-02  -2.0030274e-01  -7.8198909e-02   5.8320528e-01  -3.3181687e-01   1.0226661e-01  -6.9531434e-02  -1.0129851e-01  -1.7014997e-01   6.5357635e-03   1.0312247e-01   8.5971205e-03  -1.0941633e-01   9.6207727e-02   2.9499795e-01   2.5458670e-01  -4.9970804e-02   2.2314910e-02   1.1874199e-01  -2.6018931e-02   3.9187038e-01  -6.1792219e-02
   4.2529435e-02  -6.8154738e-02  -1.0851051e-01   0.0000000e+00  -1.6941185e-01   2.1241351e-01  -1.5947058e-01   1.9531870e-01   2.3986897e-01  -2.4254814e-02   2.4866451e-01  -1.9252288e-01  -5.3473643e-02   2.1795614e-02   2.5775907e-01   2.4410521e-01  -1.9897782e-01   2.7781100e-01   8.9237854e-02  -1.8358294e-01   1.4302849e-01   4.9433725e-01  -9.7609494e-02  -1.6355265e-02  -7.7576559e-02   1.8314559e-01   2.1315380e-01   9.8492161e-02   6.8167814e-03   5.4408025e-02   2.0804055e-02   3.8540933e-01   2.4184355e-01  -1.6591132e-01  -2.4725236e-01   5.7824963e-02   7.9805608e-02   7.9598772e-02   1.8185032e-01  -2.5526372e-02   2.5414282e-01   3.1755795e-01  -1.0533227e-01   2.2221305e-01  -1.2360587e-01   6.7086360e-02   2.4109601e-01  -1.9407184e-01   2.6879910e-01  -1.6103959e-01   2.2939714e-01   1.0025553e-01  -1.4552885e-01  -1.1980198e-01   3.2796558e-03  -7.5548757e-02   1.6978582e-01   5.6582556e-01   4.4962355e-01   1.0157472e-01  -8.8886304e-02   3.3962523e-02   6.2199121e-02   1.5312032e-01  -6.0871047e-02   5.6647415e-02   2.5789715e-01  -4.6914443e-01   5.0424837e-01   1.8126055e-02  -1.7333453e-01  -7.7339501e-02   1.8223976e-01   2.2188101e-01  -1.4138175e-01   3.8599472e-01   9.0919751e-02   2.9536319e-01  -1.2818801e-01   1.4627807e-02   7.5429264e-02   1.4450647e-01  -1.9688051e-01   4.0259262e-01  -1.3684793e-01   1.9103832e-01   1.2066680e-01   7.1207415e-02   6.2885732e-02   6.7905374e-02  -2.6391969e-01  -8.9432744e-02  -2.5181163e-01   2.8463619e-01   1.3788969e-01   2.0817024e-03  -1.1481435e-01   1.2119834e-01  -7.6148577e-02   8.0906399e-02  -1.9889916e-01   3.6308647e-01   3.4065863e-01   2.0861171e-01   3.5913433e-01   4.1441987e-01   1.2805922e-02   4.1248038e-01   8.9997294e-02  -1.6715760e-01  -9.3561975e-02   3.7401798e-01   2.2177276e-01   7.4096436e-03  -1.2706870e-01  -1.7419512e-01   1.1152219e-01   3.2781151e-01  -2.8799045e-01   5.2950586e-01  -1.1560802e-01  -1.8172665e-01  -1.6737378e-01   1.2783127e-01   8.0126986e-02   2.7171632e-01   2.2172543e-01  -1.0172337e-02   5.7239611e-01  -1.8616241e-01  -7.6244636e-02  -3.4092919e-02   3.0957004e-01  -8.3801099e-02   4.9144141e-01   3.8222930e-01  -2.0514716e-01  -6.5385277e-03   3.7221444e-02  -8.9454315e-03   1.7532740e-02  -1.2164494e-01   1.5285808e-01  -9.5490270e-02   1.4663491e-01   1.9277755e-01  -2.9862299e-01  -1.1054303e-01  -2.4832248e-01   1.5018360e-01   3.0847220e-02   8.0791213e-02   7.0721032e-02  -6.3618678e-03  -1.6041957e-01  -7.6094933e-02   1.8284245e-01   3.7341282e-01  -7.0976092e-02   1.2191535e-02  -3.3420427e-01   2.7926770e-01   7.8608080e-02   3.5211788e-01   3.1530518e-01  -9.7004354e-02   7.4926691e-02   1.4312940e-01   8.3100034e-02  -2.3279827e-01  -1.9765270e-02  -3.3263727e-01  -6.4557096e-02   1.3947746e-02  -1.6070020e-01   5.5508724e-02   3.1933344e-01
   6.1512901e-02   6.5710820e-01   5.3703712e-01  -1.6941185e-01   0.0000000e+00  -1.5098358e-01   3.7966566e-02   8.0847419e-02  -1.8621336e-02   1.4117646e-02  -2.5101608e-01   4.9236182e-01   1.0147574e-01  -2.9184956e-01  -4.8541985e-01  -1.0397016e-01   5.0039376e-01  -8.3196966e-02  -1.6221555e-01   6.8341324e-01  -4.3793390e-01  -2.9262789e-01  -8.4756141e-02  -1.3016691e-01   1.9003732e-01   1.0180067e-01   2.5134786e-01  -4.9409006e-01   1.5045003e-01  -2.7969265e-02  -2.8693330e-01  -6.8307722e-02   2.8878101e-02   1.6076538e-01  -3.1868075e-01   2.7698069e-01  -5.0456514e-02  -1.6483392e-01   3.5098013e-02   7.8104045e-01   1.7847894e-02   1.3934380e-03   5.4023394e-01  -1.6478753e-01   5.4659135e-02  -4.1393575e-01  -1.1569383e-01   1.1362800e-01  -2.3868604e-01   7.7842150e-01  -2.6311681e-01   1.0872056e-01   4.9821879e-01  -4.9989017e-02  -5.0970125e-02  -2.4402824e-01  -1.6111858e-01  -1.8800580e-01  -6.1951733e-02  -3.6435276e-01  -4.8805843e-02   8.5342166e-03   5.9715430e-01  -1.2480245e-01   2.1306645e-01   7.9372213e-03   1.7191803e-01   2.5843157e-01  -8.9674599e-02  -1.6974053e-01   6.3829962e-01   9.8222794e-02  -1.3426731e-01  -3.7733964e-01   1.8216494e-02  -5.4990078e-02  -2.2197704e-01  -1.7295563e-01   7.9828583e-01   1.2026369e-01  -5.8028420e-01  -7.9616795e-02  -4.3858557e-01   7.5435011e-02  -2.8093572e-01   2.4577764e-01  -4.9880204e-01  -4.3235221e-01   3.5690897e-02  -2.1498775e-02   7.0192897e-01   2.3022511e-01   3.9699666e-01  -1.7753975e-01  -2.9710666e-01   6.5648347e-01   1.4184372e-02   9.7346876e-02   3.1785898e-01  -1.5766071e-01  -1.7133343e-01  -2.1339407e-01  -5.3535879e-01  -9.3434664e-02  -2.6235714e-01   1.2396980e-01   2.3243252e-01   3.4708016e-02  -2.5635648e-01   4.7238068e-01  -3.9978469e-01  -3.4194744e-01   7.9837736e-02   1.7631862e-02  -3.1653250e-01   6.7931361e-01  -5.9235000e-02  -2.3323055e-02   3.3501534e-01  -4.8211810e-02  -2.7078939e-01   7.4629972e-01   3.4550128e-01  -2.8660688e-01  -3.0173359e-01  -5.8064101e-01  -4.3554407e-01   2.7694768e-01  -5.1415674e-02   1.0100899e-02   6.3208957e-02  -1.5766215e-01  -3.5577387e-01   4.1764431e-01   4.6268961e-02  -1.2055055e-01   8.4587296e-02  -2.0332347e-01   6.9252180e-02  -1.1966306e-02  -7.6571068e-02   1.0503500e-01   2.4691542e-02   5.4941278e-03  -5.2910136e-01  -4.0675991e-01   1.0850076e-01   5.2991696e-01   3.2439628e-01  -8.3982221e-02  -3.8384347e-01  -3.6977168e-01  -4.8861294e-02   2.9299386e-02   7.6938729e-01  -1.1657241e-01  -3.9283760e-01  -1.6419119e-01   1.2993159e-01  -5.6566616e-01   1.1229327e-01  -2.7952934e-02  -2.6582757e-02  -3.8564551e-01  -6.9799725e-02   4.5428142e-01   7.1536601e-03  -6.3350297e-02  -1.7487830e-01   4.0197898e-01   5.6438377e-01  -7.9962119e-02  -9.2922483e-02  -2.0170236e-01   1.5345163e-01   1.5217635e-01  -6.5643718e-02
  -3.3493814e-01  -1.4455337e-01   7.4158910e-02   2.1241351e-01  -1.5098358e-01   0.0000000e+00   1.3987657e-01   1.1603821e-01  -2.9411483e-01  -4.6056468e-02   2.4406421e-01  -8.7647631e-02  -1.9545522e-01  -2.5795026e-01   1.9835589e-01   1.0232458e-01   9.2218072e-03   1.0730402e-01   6.9755622e-02  -7.5136511e-02   4.3544713e-01   1.6911506e-01   3.1282309e-01  -3.9532558e-01   1.9384500e-02   4.5603938e-02   3.7483021e-01   1.6001931e-01  -3.4513486e-02   9.7362880e-02  -1.1387344e-01   1.2702948e-01  -5.6360843e-02   2.4944336e-02  -5.3130609e-02   2.1829216e-01  -2.8185745e-02  -6.5916036e-02  -1.2473051e-01  -5.1599156e-02   1.0818811e-01   1.8177197e-01  -1.2525190e-01   3.1774301e-01  -1.2986919e-01   1.0166192e-02   3.1004561e-01  -9.1377678e-02   1.4006354e-01  -1.3760250e-01   1.7010980e-01  -1.0927629e-01  -8.2354099e-02   2.6418976e-01  -1.4410087e-02   1.4830003e-01   4.2672311e-01   1.4929655e-01   5.1299735e-02   1.7854936e-01  -9.4627290e-02   7.0853283e-02  -3.2796848e-02   4.0237961e-02  -1.0319451e-01   3.9997434e-01   5.5258885e-01  -1.1640446e-01   2.0554197e-01   8.8297096e-02  -1.6023287e-01  -3.8644282e-02  -1.1960542e-01   1.3073756e-01  -9.1812335e-02   5.0917792e-02  -2.5505498e-02   4.2045031e-02  -2.7694137e-01  -9.6762104e-02   3.7325577e-01   4.7415844e-02   2.6808205e-01  -1.1487091e-02  -5.4259095e-02   4.7972946e-02   4.9659483e-02  -1.5085835e-01  -1.8606996e-01  -3.8514671e-01  -2.6264083e-01  -4.2574743e-02  -3.5774765e-02  -3.3090577e-02  -1.0632861e-01   9.6594435e-03  -1.1303150e-01   9.5471789e-02  -5.5855864e-02   1.1468046e-01  -2.9624051e-01   3.5639405e-01   4.4403013e-01  -5.7897452e-02   3.4128577e-01   4.2635737e-02   1.8068890e-01   2.7369033e-01  -6.2672585e-02   8.2928109e-02   3.6509989e-01   5.4757801e-01  -9.1636786e-02  -4.1242579e-01  -9.3449319e-02  -1.6696836e-01   2.7928660e-01   9.1215131e-02  -1.9416548e-01   3.5373806e-01  -1.8288633e-01  -1.6059197e-01  -1.8324602e-02  -4.4276666e-02  -1.1451789e-01   1.9219977e-01   2.4746463e-01   6.7268965e-02   2.6659364e-01   6.3183597e-02  -1.3538542e-01   1.4321766e-01   3.5194023e-02  -1.8467838e-01   5.1646778e-02   2.3836736e-01   5.9398174e-02  -2.8679020e-02   1.4188560e-01  -2.3650224e-01  -2.6224399e-01  -1.8363475e-01   4.9415498e-02   4.0881529e-01   1.4066434e-01   3.0385539e-02  -5.1001178e-02  -1.3832305e-01   2.8092638e-01  -1.0679960e-02  -1.1892387e-01   2.9384601e-02  -1.0488994e-01   2.8375297e-02  -1.2601089e-01  -2.7836828e-01  -4.3534872e-02   1.2652532e-01  -5.6926540e-02   2.2838411e-01  -1.7827276e-01   1.0513400e-01   7.3840699e-02   2.4584418e-01   1.3846270e-01  -1.2106006e-01   6.0092947e-02   2.1683090e-01  -3.6880466e-02   6.1870803e-03  -1.3503047e-01  -2.8239124e-01   1.1291498e-01   5.0972205e-01  -1.3535129e-01   1.1146738e-01  -4.1331907e-02
  -3.0898976e-01   3.1826968e-01  -1.2270225e-01  -1.5947058e-01   3.7966566e-02   1.3987657e-01   0.0000000e+00   5.2811911e-02   9.5047396e-02  -2.9867291e-01  -2.5612805e-01   3.6591406e-01  -2.4209852e-01  -2.2119798e-01  -1.5005727e-01  -1.2424763e-01  -5.3733634e-02  -3.5945619e-02  -1.1062877e-02  -1.4841116e-02   3.1126630e-01  -3.3442747e-02   5.4883299e-01  -2.4873603e-01   1.4344854e-01  -1.4660429e-02   2.3841898e-02  -6.3436375e-02  -2.4815380e-01   4.3353294e-01   1.2297055e-01   1.5366990e-02   1.9182382e-02   6.6983858e-01   4.1446742e-01  -3.7774153e-02  -3.8725968e-01  -2.4240955e-01  -3.8333168e-02   1.1714077e-01  -8.1994049e-02   1.2240544e-01   2.4530445e-01  -1.3076514e-01  -9.7447667e-02  -2.8583842e-01  -4.0537486e-01   6.8167735e-01  -7.2426894e-02  -9.4150441e-02  -1.6806853e-01  -1.1395569e-01   2.5890021e-01   1.5749454e-01   6.2335799e-02  -3.2240809e-02  -5.2302086e-02  -7.9079375e-02   7.5013121e-02   2.9527843e-01  -3.2322884e-01   8.9211112e-02   6.0672063e-02  -3.1487593e-01   9.6344585e-02  -1.9103724e-01   1.9166163e-02   7.1104360e-02  -2.7942614e-01  -2.6019308e-01   4.1470201e-01  -3.1412939e-01   2.2627218e-01  -1.2860742e-01   2.2873668e-01  -7.1292953e-02  -4.0877259e-01  -2.3154340e-01   2.0776720e-01   3.7567153e-02   3.6529305e-01   8.1895967e-02   3.0709899e-01  -9.9177294e-02  -1.0516578e-01  -9.2881875e-02   3.3006564e-01  -2.5959384e-01  -2.3167492e-02  -4.1428135e-01   1.9275540e-01  -1.3023818e-01   3.3023927e-01  -7.8003416e-03  -1.4889620e-01  -1.1834685e-01  -6.0989693e-02   7.2625490e-02  -4.4358763e-03  -3.5844485e-01   5.6546809e-02  -1.5941697e-01   1.2272112e-01  -9.9150639e-02  -2.6263807e-01  -1.7982878e-01   1.1304505e-01  -9.8408407e-02  -7.9291266e-02   3.4600129e-01   3.6466557e-01  -7.1158325e-02  -5.7124219e-02  -3.2165805e-01   1.4253398e-03   3.6976750e-01  -5.1739561e-02  -5.1335795e-02  -7.0516772e-02  -1.4774409e-01  -1.5041126e-01  -3.1453621e-02   2.8563264e-01   2.8969739e-01  -3.9721226e-01  -1.0510394e-01   1.6207012e-01   6.3708705e-02  -1.9529317e-01  -1.2177606e-01  -4.9008778e-02   4.0800474e-01  -2.0004920e-02   4.7274987e-01  -5.4147347e-02  -3.6939650e-02   2.9023016e-02   3.1248029e-01  -2.4423736e-04  -3.9108582e-01  -3.2764404e-01  -3.3844941e-01  -2.0598508e-01  -5.0195860e-02   2.5874246e-01   3.4573396e-02   5.2161744e-01  -3.2367454e-02   2.8397924e-02  -5.6875671e-02  -1.9291699e-01   2.3332958e-01  -1.6726308e-01   2.2144170e-02  -4.6390399e-03  -3.1430281e-01  -3.4231425e-01  -3.1314845e-02  -1.5548651e-01   1.5408952e-01   7.6554597e-02  -7.6001590e-02  -2.9291179e-01  -1.9564537e-01  -2.0630341e-01   2.3926347e-01   1.3625206e-01  -6.4427578e-02  -1.2285079e-01   4.7970232e-01   7.4981535e-02  -2.5141931e-01  -8.5704406e-02  -9.6382881e-02   1.1995757e-01  -6.8361914e-02  -8.1331230e-02
   7.9190583e-02   5.8134742e-02   1.9869788e-01   1.9531870e-01   8.0847419e-02   1.1603821e-01   5.2811911e-02   0.0000000e+00  -2.2253870e-01  -2.1317599e-01   3.8185352e-02   2.3057715e-01  -1.4172482e-01  -1.2166237e-02  -1.4867027e-01   1.3332959e-01   6.7764919e-02  -1.0480729e-01   3.0923900e-01  -6.4026130e-02   2.3140226e-03   7.1710195e-03   1.2067008e-02  -8.5076468e-02   7.3136133e-02   5.1015216e-01   1.3224869e-01  -1.2926417e-02  -2.9054907e-02  -2.2185548e-01   9.5401510e-02   1.4079363e-01   2.3536511e-01   7.3548406e-02  -3.5330129e-02  -7.4254728e-02  -9.9455754e-02  -4.0811870e-02   1.5345996e-01   1.4446490e-01  -1.1298451e-01   6.8055910e-03   2.9664241e-02   4.3572618e-01  -2.9678285e-01  -8.6366694e-03  -1.0036162e-01   1.3085888e-01  -1.0526065e-01   1.4426136e-01  -5.2979054e-02   4.6425842e-01  -8.5849399e-02   1.5383166e-01   6.2010915e-02   1.7306246e-01   1.7350438e-01   2.6791777e-01   2.9667531e-01  -1.7732371e-01  -2.8219681e-02  -2.6579460e-01  -4.6369540e-02   6.3981040e-02  -2.1926670e-02  -1.9992196e-01   1.5145274e-01   1.9413436e-02   2.7274342e-01  -1.0304110e-01   1.2437122e-01  -2.0967749e-03  -5.2773506e-02  -6.8588872e-02  -1.6764481e-02   1.8199293e-01   5.9994121e-02   2.5160726e-01  -1.4496392e-01  -2.5240016e-02  -1.2900024e-02  -4.1081804e-02  -1.6361335e-01   5.5149715e-01  -1.8731439e-01   3.7274339e-01  -5.7610795e-02  -8.3096238e-02  -1.5602945e-01  -9.3746351e-02  -1.3964322e-02   1.5541692e-01   3.0060416e-01  -1.2185135e-01   5.8525517e-02  -1.2920923e-01   6.7421480e-02   4.9670769e-01  -1.2363710e-01  -2.3319129e-01   8.6327845e-02   1.7262175e-01  -2.9786849e-02  -1.9602827e-01  -1.0689278e-01   4.0599767e-01   3.1886065e-01   5.7694101e-01  -1.9040218e-01   1.1957492e-01  -8.7481954e-03  -8.3698186e-02   1.5559016e-01  -2.9863659e-02  -1.0625894e-01  -2.1357789e-02   2.8243390e-01  -1.0483283e-01  -6.7771657e-02   7.0085074e-02  -2.0100071e-01   1.7596139e-01   5.5539984e-02  -6.6052038e-03  -5.2785149e-02  -1.1480480e-01  -1.2358020e-01   3.3791376e-01   3.4300302e-01  -7.9026699e-02  -2.2605314e-01  -1.5588101e-01   3.1621127e-02  -9.1005322e-02   3.3423781e-02   3.3760702e-01   1.4847041e-01   8.1910302e-02   1.9771696e-01  -2.9621573e-02  -1.1051363e-02  -2.9805606e-01   2.1802365e-01  -1.8320556e-01  -9.8115257e-02   3.9269718e-02   1.5543233e-01  -1.5145641e-01   8.4431860e-03   1.8471128e-03  -4.0502369e-02   2.8904792e-01   1.4450251e-01   1.0013016e-01   4.5114833e-02  -6.9563896e-02  -6.9695587e-03   5.9084188e-02   2.6623327e-01  -9.7615206e-02   5.7698042e-02   1.4596626e-01  -2.2609931e-01  -3.7210467e-02   3.0748036e-01  -7.9331695e-02   1.3143307e-01   2.9865383e-01   1.1340014e-01   1.5768639e-01   4.1932788e-02  -2.5697294e-01  -6.4355820e-02  -1.4422240e-01  -2.0729940e-01   8.8519210e-02   2.9824742e-01
   3.6133561e-02   2.6151309e-01  -4.2225616e-01   2.3986897e-01  -1.8621336e-02  -2.9411483e-01   9.5047396e-02  -2.2253870e-01   0.0000000e+00  -1.4812511e-01  -1.4372927e-01  -3.3358825e-02   2.4046496e-02   3.2468696e-02   1.8300104e-01  -2.5023957e-02  -4.3846864e-01   4.2020685e-02  -4.9372682e-02  -1.9595518e-01  -1.4591002e-01   4.7315759e-01  -1.6030741e-01   2.1294458e-01  -1.2599809e-01   4.8674478e-02  -1.5472598e-01  -3.7957460e-02  -8.9426020e-02   5.2264812e-01   2.3099481e-02   1.5475907e-01   2.0566793e-02   1.1122145e-01   2.8772687e-01  -3.4615050e-01  -4.1942480e-02  -6.1335383e-02   1.4056220e-01   1.6593502e-02   1.2189879e-01  -1.3297578e-01   7.6683822e-02  -2.8596848e-01   3.1827070e-02  -2.9077209e-01  -2.6850203e-01   2.3155898e-01   9.4494649e-03  -2.0768028e-01  -1.2738763e-01   6.8443417e-03   1.2139383e-01  -3.8572944e-01  -2.4844639e-02  -2.2377724e-01  -1.9024487e-01   3.2428583e-01   2.0826207e-01   2.8777698e-01  -4.2927011e-01  -8.5569150e-02  -2.7647889e-02   2.0075194e-02   1.3655226e-01  -3.3154844e-01  -8.7539123e-02  -1.2105471e-01  -7.0333012e-02  -2.3576299e-01   1.7383702e-01  -5.3330054e-02   3.2859996e-01   1.1046061e-01  -1.6850368e-02  -2.3112352e-02  -2.8695167e-01   2.0202458e-01   1.8755291e-01   2.3957204e-01   8.1326407e-02   1.4162148e-01  -8.9564962e-02   1.2699042e-02  -1.8756070e-02   7.8769670e-02   3.6341805e-01   1.3217894e-01   2.8706761e-01   4.0798031e-02  -7.1959857e-02  -3.7757372e-01  -1.9864993e-01   5.2595882e-01   7.1992098e-02  -1.5136191e-01   2.7892369e-01  -4.5470346e-02  -5.1437962e-02  -1.3225556e-01   7.6382166e-02   9.8714063e-02  -2.4292058e-02   5.7412591e-01   9.9342689e-02  -1.2545448e-02  -3.1884583e-01  -1.8820225e-02   5.1580090e-02  -1.0199917e-01  -1.5332512e-01   1.1728486e-01   1.7522815e-01   1.3660724e-01   5.3496379e-02   2.5177663e-01  -8.5446841e-02   2.2721569e-01  -1.0238951e-01  -6.6004797e-04  -1.0991515e-01  -2.6711509e-01  -1.3150352e-01   4.9172255e-01  -1.2940106e-01   1.3801669e-01   2.9409902e-02  -2.2492682e-01   8.7371421e-02  -3.0776131e-01   2.2125014e-01   8.1902172e-02   3.7414607e-01   3.9627069e-01   2.6438413e-01  -8.3881416e-02  -5.6565352e-02   1.1655804e-01  -9.0148351e-02   5.3345762e-02   4.5401290e-02   2.2250337e-02  -9.6907651e-02  -3.7198713e-01   1.9721018e-01   1.6950733e-02  -2.9794851e-02  -1.0987536e-01  -5.2719350e-01   6.8947297e-03   1.1285318e-01  -2.1906629e-02  -2.2270449e-01  -3.1401028e-02  -6.1437713e-02  -7.8765293e-02   5.3587385e-03   2.9648473e-01  -4.6043905e-01  -7.1473031e-02   3.8989422e-02   2.6991196e-02  -1.5321459e-01   6.3760934e-03   1.7903676e-01  -4.6883663e-02  -5.0634691e-02  -1.1056521e-01  -1.1837886e-01  -3.7548379e-02  -6.5184635e-02  -1.2052029e-01  -1.5754002e-01  -1.6969328e-01  -1.2764398e-01  -2.6659150e-01   3.2104026e-01
  -2.7085763e-02  -9.2186059e-02  -1.0016279e-01  -2.4254814e-02   1.4117646e-02  -4.6056468e-02  -2.9867291e-01  -2.1317599e-01  -1.4812511e-01   0.0000000e+00   2.1459489e-01  -2.1654619e-01   6.7659784e-02  -2.0446898e-02   8.8707563e-02  -1.0036581e-01  -1.2079268e-01   1.7734160e-01  -4.1292518e-02   1.9368787e-01  -2.9066600e-02  -1.7354265e-01  -3.4956898e-02  -1.2657306e-01  -2.4442628e-01  -2.7362961e-01  -1.4376199e-02  -5.6439634e-02  -5.9147732e-02  -1.1094221e-01  -2.5026246e-01  -1.7950552e-01  -2.2772981e-01  -1.0287954e-01  -1.5422340e-01   3.4338077e-01   5.6118115e-01  -2.6267995e-02  -1.8513970e-01  -5.6508269e-02   2.9511428e-01  -1.4928501e-01  -1.7976603e-01  -6.2195103e-02   3.7494466e-01   7.0608587e-03   3.4316844e-01  -3.8985153e-01   4.7535931e-01  -4.7727594e-02   1.4046041e-01  -2.5522978e-01  -2.3104724e-02  -2.9087759e-01  -1.9762989e-01  -1.5469720e-01  -3.6329344e-02  -1.6624088e-01  -8.4626273e-02  -1.9069851e-01  -4.2154495e-02   2.4021461e-01  -1.4128083e-01   3.8119857e-02   2.3956454e-01   5.0097296e-01  -1.3403434e-01  -2.4773745e-01   5.0079569e-02  -4.7650883e-02  -1.9862190e-01   2.8496160e-02  -1.6381274e-01  -1.8918881e-01  -2.4305456e-01   5.8133154e-02  -1.7557420e-02   4.1984591e-02   1.2288027e-01  -1.2101202e-01  -2.5967466e-01  -3.5475574e-02  -8.4182113e-02  -1.0357932e-01  -1.3928164e-01  -7.3129027e-02  -3.1455204e-01  -1.6497969e-01   1.7885360e-01   7.0173975e-02   1.6515022e-01  -2.6794720e-01  -2.0105843e-01  -1.8967128e-01  -1.1185769e-01   2.9728776e-01  -2.5505679e-01  -1.4552523e-01  -4.1980680e-02   9.0344000e-01  -3.9552470e-01   9.1903708e-02   5.8819023e-02  -7.5661100e-02   2.3945740e-01  -3.0361340e-01  -4.3031778e-01  -6.4021003e-02   5.7138809e-01  -2.0419165e-01  -1.2730237e-01  -1.2655644e-02  -2.0416190e-01  -1.1148514e-01  -2.6351076e-01   2.0613799e-02  -8.3700183e-02   4.3928236e-03   3.0084504e-02  -2.0723987e-02  -4.5492696e-02   1.2446236e-01  -2.3017520e-01  -2.4059625e-01   6.9388300e-02   3.1695847e-02   5.5860551e-02  -3.6051897e-01  -9.8296814e-02  -1.9386352e-01   1.2358745e-01  -8.5810116e-02  -1.9262607e-01  -1.3502141e-01  -1.0724808e-01   9.6139783e-02  -3.2580145e-01  -3.7318643e-01  -9.3303836e-02   1.8630431e-01   8.4608313e-02   9.2070060e-02   1.0449528e-01   7.4440209e-02  -2.1748389e-01  -1.5077374e-01  -3.9781180e-01   3.6289856e-01   2.6448249e-01   6.4713251e-01  -1.9302068e-01  -2.5754946e-01  -2.6457360e-01   1.9132415e-01   1.9370999e-02  -1.4035260e-02  -1.3686120e-01  -7.3459701e-02  -3.1868986e-01  -1.2368703e-01  -2.2213648e-01   1.1458622e-01   7.8145210e-01   3.8586782e-02  -3.7164322e-01   2.7674384e-01   1.0502769e-01   3.7625736e-02  -2.9324149e-01  -3.5261432e-01   3.2673231e-01  -8.8813698e-02   1.1448406e-01   1.7226472e-01   2.6806856e-01  -2.2414356e-01  -1.8782534e-01
   4.1229536e-02  -5.0433893e-01  -1.2015025e-01   2.4866451e-01  -2.5101608e-01   2.4406421e-01  -2.5612805e-01   3.8185352e-02  -1.4372927e-01   2.1459489e-01   0.0000000e+00  -4.2980332e-01   1.0738513e-01  -1.0799087e-01   4.0904071e-01   3.2157191e-01  -1.8578558e-01   5.2448187e-01   2.8797533e-02   2.8050910e-02   3.4371007e-01   1.6903063e-01  -1.7825704e-02   3.7298183e-02  -1.6929435e-01  -2.0729118e-02   2.3822026e-01   9.8850409e-03  -2.9964018e-02   8.4779192e-03  -3.4647453e-02   2.5173996e-01   1.1865866e-01  -2.1032358e-01  -1.0291992e-01   4.0054908e-01   3.8398682e-01   3.0636105e-01   9.3337338e-02  -2.6516309e-01   2.5470726e-01   8.8014189e-02  -4.3306620e-01   3.3135516e-01   2.4704503e-01   4.4973149e-01   6.5764971e-01  -3.1103794e-01   3.0267241e-01  -3.6011407e-01   5.5254325e-01  -8.7799085e-02  -3.0803937e-01  -4.2044452e-02  -1.2011865e-01   2.2630133e-01   2.2311173e-02   3.3820106e-01   1.0725313e-01  -6.3669200e-02   1.9690717e-01   3.2977063e-01  -2.7836123e-01   2.6320060e-01  -5.6348276e-03   4.0661296e-01   8.6664003e-02  -1.6905080e-01   5.7312982e-01   3.4011398e-01  -5.4229690e-01   3.1847086e-01   7.0989239e-02   2.1331401e-01  -1.1180084e-01   1.3492264e-01   3.7719219e-01   1.3529331e-01  -3.3520784e-01  -2.2175809e-01   9.3783169e-02   4.9004401e-03   1.2593248e-01   3.7708681e-02   5.3431489e-02  -3.3969413e-02  -1.4997367e-01  -2.0242544e-02  -2.0081660e-01   1.3462248e-01  -4.4546202e-01   2.1183722e-02  -4.1773686e-01   1.7420716e-01   3.7413879e-01   2.7323260e-02  -2.1284235e-02  -8.8700379e-02   1.2629112e-01   3.9026434e-01  -1.8233126e-01   5.4738509e-01   3.4604367e-01  -8.9914300e-02   4.9371103e-01   4.9873239e-02  -2.1794797e-01   2.0237761e-01   1.5885806e-01  -4.4156723e-01   1.4996656e-01   3.7260031e-01   1.2397013e-02   1.4782331e-01  -1.6061489e-02  -4.5077997e-01   2.0501580e-01   1.2063532e-01  -1.0022392e-01   2.3384492e-01   1.8297618e-01  -3.6831783e-01  -2.1881935e-01  -3.7725528e-02   4.2780452e-01   2.6593075e-01   3.3485271e-01  -2.7292951e-01   2.3161282e-01  -2.6387654e-02  -3.7137670e-02   2.9112797e-01  -8.3068670e-02  -2.4309193e-01  -5.0462362e-03   3.1208628e-01  -1.2880665e-01  -7.9380822e-02  -9.9726136e-03   3.0649736e-01   1.8475434e-01  -2.8396905e-02   2.8714443e-01   7.8214209e-02   1.4293841e-01   1.3421907e-01  -3.7436311e-01  -1.1613057e-01  -1.2298360e-02   2.6515211e-01   2.0550330e-01  -1.7681695e-02   1.4034478e-01   4.3476754e-01  -4.2219361e-01   1.3280529e-01   4.3790454e-01   1.8938894e-01   7.7351884e-02   1.9120544e-01  -1.8244874e-01   4.1078344e-01   4.2392512e-01   5.1758461e-01   1.4205595e-01  -2.0282017e-01   2.3997639e-01   2.9469378e-01   1.4756580e-01  -4.3774821e-01  -1.7023051e-01  -1.3681914e-01   3.3792765e-01   2.5549552e-01   3.8640360e-02  -1.7215789e-01   1.4137072e-01
  -1.4686545e-01   5.8317969e-01   4.6138519e-01  -1.9252288e-01   4.9236182e-01  -8.7647631e-02   3.6591406e-01   2.3057715e-01  -3.3358825e-02  -2.1654619e-01  -4.2980332e-01   0.0000000e+00  -8.1661385e-02  -2.1492540e-01  -3.7399859e-01  -4.3868804e-02   3.6271939e-01  -3.9432412e-01  -3.2260106e-02   2.5565871e-01  -3.7141511e-01  -2.5689498e-01   1.3020930e-02  -2.7029239e-01   2.8820677e-01   1.2745795e-01  -4.4851806e-02  -2.3794986e-01  -2.1218827e-01  -6.3274533e-02  -1.2824855e-01   3.5952725e-02   2.5975709e-02   4.2103240e-01   6.4199420e-02  -1.0894111e-01  -2.9613538e-01  -2.6642232e-01  -9.8885864e-03   4.3183971e-01  -1.0701566e-01   9.1071456e-02   5.7209786e-01  -1.1508203e-01  -1.7538181e-01  -4.2257449e-01  -4.4335022e-01   2.1568468e-01  -3.3399070e-01   5.0853445e-01  -2.9470970e-01   2.1713698e-01   5.0022566e-01   2.0461716e-01   1.0820230e-01  -2.8304799e-03  -6.7408149e-02  -1.0014520e-01   1.9292995e-01   3.7503528e-02  -1.5814946e-01  -1.9554679e-01   4.2917149e-01  -1.2513730e-01   2.7161368e-02  -2.8740755e-01  -3.6941569e-02   1.0495400e-01  -2.0543563e-01  -4.1310499e-01   5.5823832e-01  -2.0465295e-01   2.7303857e-02  -2.5598933e-01   8.2214958e-02   5.4612743e-02  -4.0438143e-01  -2.1574807e-01   4.6223087e-01   1.6416259e-01  -1.7791480e-01   1.1794761e-01  -1.7105254e-01   1.4100929e-01  -1.2055676e-01   1.3459718e-01  -1.5068192e-01  -3.9811036e-01   8.1414873e-02  -3.4988259e-01   5.2791072e-01   2.8100797e-01   7.4021162e-01  -1.0735124e-01  -3.1515092e-01   2.7890807e-01  -9.7880273e-02   2.0084344e-01  -6.9911540e-02  -4.2329019e-01   4.2847231e-02  -3.2103976e-01  -2.9465843e-01  -5.3667489e-02  -3.1560186e-01   2.0863405e-01   4.3273259e-01   5.1648533e-03  -1.8501793e-01   4.7803813e-01  -8.4748105e-02  -3.3396690e-01   4.0569863e-02  -1.5677535e-01  -1.5883506e-01   4.9157028e-01   9.3587189e-02   2.7508454e-02   6.2246185e-02  -2.2417670e-02  -3.0077117e-01   5.9548417e-01   3.4114867e-01  -1.4079475e-01  -4.3427036e-01  -3.8493895e-01  -1.9778439e-01   4.2147155e-01  -3.0859938e-03  -1.1606590e-01  -3.1738717e-02  -2.0984290e-01  -6.3218420e-02   2.2759700e-01   8.3435309e-02  -6.0946146e-02   1.9291996e-01  -6.1010471e-02   1.8132759e-01  -3.2222805e-01  -2.5052354e-01  -1.7457344e-01  -4.5396009e-02  -1.0361902e-01  -1.1424189e-01  -2.5672166e-01   5.4833125e-01   1.4133253e-01   2.9912221e-01  -2.0321689e-01  -3.6303197e-01  -1.5181969e-02  -7.8808619e-02  -1.2634892e-01   5.7322066e-01  -3.7389912e-01  -4.7248266e-01  -6.5680137e-04   1.4596237e-01  -1.7618640e-01   3.5219280e-02  -1.2881277e-01  -3.6257964e-01  -3.2006526e-01  -2.8556875e-02   3.6522430e-01  -6.3388469e-03  -1.9794638e-01  -1.8488855e-01   5.2668333e-01   3.1275069e-01  -9.0624732e-02  -3.2395234e-01  -1.7856605e-01  -1.4272561e-01   2.5387862e-01   1.7043724e-02
   2.2131977e-02  -1.0980228e-01   1.3259608e-01  -5.3473643e-02   1.0147574e-01  -1.9545522e-01  -2.4209852e-01  -1.4172482e-01   2.4046496e-02   6.7659784e-02   1.0738513e-01  -8.1661385e-02   0.0000000e+00  -5.8189491e-02   9.6318417e-04  -7.0057053e-02   6.4095747e-02   3.6644348e-02  -3.6201042e-03   1.4942248e-01  -1.1133630e-01  -7.3626628e-02  -1.2616822e-01   6.0745149e-02   8.5823638e-02   1.9820804e-03  -6.7103118e-02  -1.6426350e-01   8.9890687e-02  -2.1231950e-01   3.8119388e-02   9.6533606e-02  -1.4892839e-01  -1.6169848e-01  -2.3814001e-01   8.3682566e-02   2.7443431e-01  -5.8951742e-02   2.8002230e-01   1.1437383e-01   4.5931363e-01  -2.2291841e-01   1.8316864e-02  -8.2005491e-02   1.4164439e-01  -7.4062977e-02   1.2128281e-01  -3.2708271e-01  -1.9240954e-01   1.0765028e-01   1.9049833e-01  -6.4844046e-02  -8.4653813e-04  -1.2123754e-01  -3.0386024e-01  -1.4923517e-01   2.5175536e-02   9.3278535e-02   2.4585203e-02  -1.8375572e-01   1.2249517e-02   9.3634363e-02  -2.1030819e-02   1.0648612e-01  -1.5209127e-01  -2.5888873e-02  -6.7852625e-03   7.7878534e-02   7.6198596e-02   9.7819829e-02  -6.3239005e-02   1.7788266e-01   8.2046459e-02  -9.4850545e-02  -2.6839713e-02  -7.0341075e-02  -4.9979182e-03  -8.7578475e-02   1.2133879e-01   9.3281706e-02  -2.2854354e-01   1.5169615e-01  -4.6834191e-02  -2.0155458e-01   3.1729883e-02   3.1300527e-02  -1.9254720e-01   2.0507611e-03  -1.7836119e-01   1.3297197e-01  -2.7757084e-02   1.2184102e-01  -1.2137875e-02  -4.5531789e-02  -1.4475227e-01   8.8911600e-02   2.1456832e-01  -9.8863902e-02   2.1921747e-01   3.3886652e-02  -1.8339682e-02  -1.8742615e-01  -4.8080827e-02  -5.8439843e-02   1.9974397e-02  -2.4463177e-04  -2.1482541e-01  -1.0356965e-02  -6.2867483e-02  -1.0769990e-01  -1.4799417e-01  -5.9376588e-02  -3.2282509e-02   6.1456434e-02  -7.2287226e-02  -1.1996024e-01  -8.1564988e-02   4.2350497e-01   1.0707163e-01  -4.2160346e-03  -1.7517657e-01   1.1768418e-01  -2.3008604e-01  -1.4211449e-01   4.4499628e-02  -7.4299662e-02  -2.7301740e-02  -2.7232017e-01   1.3354381e-01   7.1721965e-02   4.7098380e-01  -1.1898342e-01  -2.3541818e-01  -1.3456002e-01   3.9238761e-02   9.6518233e-02  -1.7829482e-01  -1.0362911e-01   6.3724349e-02   1.6095365e-01   9.3528459e-02   5.5387887e-01   3.0017029e-03   1.1371185e-01  -2.1070147e-01   2.3521862e-02  -1.3844563e-01   5.1401155e-02   7.8083150e-02  -7.5731692e-02   6.3271881e-02  -2.9430874e-01   1.2931829e-01  -7.2802707e-02   1.3293251e-01   3.0061933e-02  -2.8584889e-02   1.1965207e-01   4.8989858e-02  -1.5371238e-01  -3.3792131e-02  -1.4537833e-02   2.5928129e-02  -1.0010048e-01   2.2250169e-01  -5.9583124e-04  -7.3620393e-02   1.6060462e-01  -1.2461889e-01  -2.0696111e-01   7.3531154e-02   2.9806552e-02   8.9227548e-02   3.3974566e-02  -8.1374332e-03  -7.0925469e-02   1.0062875e-03
   7.0162433e-01  -1.6964017e-01  -2.1325066e-01   2.1795614e-02  -2.9184956e-01  -2.5795026e-01  -2.2119798e-01  -1.2166237e-02   3.2468696e-02  -2.0446898e-02  -1.0799087e-01  -2.1492540e-01  -5.8189491e-02   0.0000000e+00   2.1644262e-01  -1.4451215e-01  -9.8066321e-02  -1.9549683e-01   2.0230409e-01  -2.0782858e-01  -2.4808712e-01  -8.9612998e-02  -2.2716855e-01   5.0431972e-01  -9.7047170e-02  -1.4035869e-01  -1.2213453e-01   4.5960147e-01   6.6462210e-02  -2.4060951e-01   2.9139273e-01  -1.5481339e-01   1.5597696e-01  -1.1389906e-01  -2.3372565e-02  -2.1094328e-01  -3.9417984e-02   1.8641796e-01  -3.8318861e-02  -2.2114708e-01  -2.0719716e-01   6.2217767e-02  -1.9105579e-01  -2.9930365e-02  -7.8690441e-02   2.3965861e-01  -7.6073206e-02  -2.2986155e-01  -1.0448014e-03  -1.2856578e-01  -1.8042935e-01   3.5571296e-03  -2.4232084e-01  -9.0431857e-02   5.1925840e-01   9.5063935e-02  -3.5839264e-02  -1.5537501e-01  -1.1304730e-01  -2.2033507e-01   2.4571947e-01  -2.4422346e-01  -1.7958266e-01   5.6000318e-02  -8.6173794e-02  -3.3206891e-02  -1.1050767e-01  -9.5226869e-02  -1.1399220e-02   5.2055612e-02  -2.1373565e-01  -6.5628229e-02  -1.5005998e-01   4.1622204e-01  -5.2331091e-02   1.1408951e-01   1.6152106e-01  -1.7890682e-02  -2.8484983e-01  -3.3054270e-02  -8.6861266e-02  -3.7941697e-02  -1.3319630e-01   9.6676365e-02   5.6593618e-01  -2.6344327e-01   1.0371717e-02   6.8966007e-01   1.9150496e-01   5.4554939e-01  -1.3411045e-01  -1.1590412e-01  -2.2224328e-01  -1.8708922e-02   2.5028773e-01  -1.9839393e-01  -2.1878340e-02  -9.0570751e-02  -1.5665765e-01  -4.4708725e-02   5.2029035e-01  -5.9964887e-02   8.5793229e-02  -5.3945435e-02  -1.9036972e-01  -4.1257110e-02  -9.1537567e-02  -1.9709783e-01  -3.8956202e-03  -3.0670447e-01  -1.6042534e-01  -1.9635002e-01   8.1937760e-02   5.6732412e-01   5.6605637e-01  -1.8694088e-01  -1.7644862e-01  -1.7902352e-01   4.2568220e-01  -7.2573843e-02   2.3985816e-01  -1.1478035e-01  -8.8888197e-02  -1.4539983e-01   2.6286798e-01   3.8569909e-01  -1.8036976e-01  -1.5496030e-01  -2.0622907e-01   2.2854533e-01  -1.4409504e-01  -3.9606757e-01   3.8373409e-01  -2.3485414e-01   3.1358471e-02  -4.3778539e-02  -6.1986633e-02   1.3966009e-01  -6.7843293e-02   3.5123804e-01   6.3364823e-01  -7.2645470e-02  -6.3470480e-02  -1.3104732e-01  -1.5410881e-02   2.5718780e-02  -9.3810288e-02  -8.2749296e-02  -1.5226050e-01  -2.1493254e-01   5.4914467e-01   3.7062479e-01   2.7749278e-01  -2.3814960e-01  -1.5356739e-01   4.7636378e-01   3.7340317e-01  -1.1130675e-01   1.8358254e-01   1.1995315e-01   5.1774759e-02   8.1137386e-03  -7.1405879e-02  -3.6667778e-02  -1.0435354e-01  -1.7722661e-01  -1.4568778e-01   5.0509196e-02   5.3041534e-01  -3.3371627e-01  -4.2274357e-02  -1.8207302e-03  -9.2968459e-02  -1.5294378e-01   2.0486778e-02  -2.1315950e-01  -4.4362965e-02
