   0.0000000e+00   2.2722933e-01  -2.5778686e-01   1.5633941e-01  -2.6580687e-01  -2.9470236e-02   1.0146554e-01   1.8854815e-01   1.7384715e-01  -1.3955341e-01  -2.0563036e-02  -1.7718977e-02  -1.4200293e-01   1.5230105e-01   3.1278130e-01  -1.8180099e-01  -3.3187043e-01   2.1016384e-02  -8.0116656e-02  -1.8782787e-01  -2.4701809e-01  -1.2035821e-01  -3.5452321e-02   6.1055784e-01   2.0902605e-02   1.2893163e-03  -3.5711738e-02   1.4284083e-01   7.0328076e-02   7.8038690e-02  -1.8112566e-01   1.0867831e-01  -3.4369032e-02  -1.1557872e-01   1.5585368e-01  -1.3324110e-01   9.4087477e-02   2.4723724e-01  -1.7707232e-01  -2.5854705e-01  -8.4096334e-02  -8.5800438e-03  -1.7780313e-01  -8.5914729e-02   2.6165285e-01   2.8155222e-01  -1.1509313e-01   1.5320841e-02  -1.6344868e-01  -1.7728836e-01   1.0546760e-01   3.5465690e-01  -1.0150295e-01  -1.1104938e-01   6.4649286e-02   2.9570004e-01  -8.3005932e-03  -2.8488565e-02   6.9263635e-02   3.6774432e-01  -1.1113898e-01   9.6754766e-02   6.1547186e-02   1.9575222e-01   2.5593820e-01   3.8793885e-02  -3.0714467e-01  -8.9367644e-02  -8.5211553e-02  -1.0730378e-01  -8.7018355e-02   3.0083689e-02  -8.2849161e-02   5.2401484e-01   9.8051039e-02  -6.8419980e-02   1.9175177e-01  -3.2786612e-02  -4.7595159e-03  -2.2424244e-01   3.0359520e-01  -8.2911941e-02  -3.7064590e-01   4.7159063e-02   1.8425513e-02   7.2335748e-02   5.5690181e-02   1.6756303e-01  -2.0313319e-03   7.0404191e-01   1.6625659e-02  -1.8912665e-01  -1.1628089e-01   2.7914671e-02   3.2581517e-01  -2.0734531e-01  -4.8820078e-03   9.9879071e-03  -2.3380840e-01   5.2983523e-02  -6.7194359e-02   3.1103152e-01  -1.3245397e-01   2.2612104e-01   1.2718549e-01   3.0800497e-02  -1.7981866e-01  -1.9744558e-01   4.1215974e-03  -3.7976058e-01  -3.9557400e-02   1.4372953e-02  -1.3322035e-02   7.4474483e-01   4.7777447e-01  -1.6900342e-02   5.5776440e-02   1.4583714e-01  -1.0154109e-02  -1.9985651e-02   4.0283895e-01  -2.4567807e-01  -1.3861764e-01   1.0005099e-01   4.8307594e-01   4.1194950e-01   9.1780510e-02   1.1539456e-01  -1.0500163e-01  -1.2859493e-01  -2.0569270e-01  -4.7825999e-02   1.1734468e-01  -7.8363184e-02  -1.3178066e-01   4.0280863e-02  -4.1485812e-02  -1.2846920e-01   5.5841720e-02   5.1379305e-01   6.6656054e-01  -1.3622469e-01  -1.3749490e-01  -1.9420536e-01   2.2896287e-01  -5.7593943e-02  -1.9894599e-01  -2.4385641e-01  -2.7724248e-01   6.5519604e-02   6.7344834e-01   1.1305388e-01   3.8365809e-01  -5.8381009e-02  -3.0091320e-01   3.6890315e-01   3.8028203e-01   1.2591435e-01  -2.0660098e-01   2.1888590e-01  -1.5776448e-02  -1.7782264e-01  -4.4397153e-01  -8.7955334e-02  -3.0336772e-02   3.9933479e-02   5.4304952e-02   2.1384047e-01   1.9082921e-01  -3.0104406e-01  -6.9183659e-02  -5.6629670e-02  -1.5085623e-02  -2.1687835e-01   1.5828966e-01  -1.7393730e-01   1.6885907e-01
   2.2722933e-01   0.0000000e+00  -1.6333918e-01   1.2858541e-01  -3.6717917e-01   3.6647726e-01   4.6068745e-01   2.1112661e-02   1.5756845e-01   3.6339683e-02   2.1484858e-01   3.1487168e-01  -2.2536897e-01   2.2388146e-02   3.2223649e-01  -6.9132227e-02  -3.2543843e-01   1.3278455e-01   2.1411105e-02  -3.1856999e-01   7.8481872e-02   1.4858065e-01   4.8434313e-02  -3.2196083e-02  -1.8579081e-01  -1.6153062e-01   3.2433921e-01  -9.4536440e-03  -6.8656658e-02   5.9543136e-01   4.5538857e-03   1.4335058e-01   2.2133134e-01   2.1181787e-01   2.7262998e-01   5.0184293e-02  -3.3247487e-02   6.8634469e-02  -2.3559423e-01  -2.1140896e-01  -9.3411057e-02  -1.7559727e-02  -2.5792642e-01   6.5111779e-02   2.9049613e-01   6.6243108e-02   1.0492642e-01   8.3477568e-02  -2.5475439e-01  -2.4555137e-01   2.7159149e-01   1.0152651e-01  -8.9566579e-02  -4.9968331e-02   1.4201215e-01   6.1753813e-02   1.1774841e-01  -2.7267898e-02   1.7119807e-01   4.5876544e-01  -1.5201034e-01   2.8388025e-02   1.0437903e-01   1.6673471e-01   2.4172654e-01   3.6508594e-01   2.6838135e-01   1.4902748e-02   1.4564204e-01   1.4947718e-01  -5.4577550e-02   5.5247069e-02  -4.6003230e-02   1.8786069e-01   2.0673442e-01   5.9461881e-02  -1.5259860e-01   1.8630707e-01   1.4345527e-01  -3.2314133e-01  -1.0935464e-01  -1.4608760e-01  -8.8511864e-02   2.8613993e-02  -5.5031243e-02   9.0582641e-02  -5.0914293e-02  -3.2942536e-01   2.2449046e-01   2.0151285e-01  -1.5452804e-01  -2.5393737e-01  -1.9351883e-01   2.0632843e-01   4.1895817e-02  -3.9628454e-01   9.7531666e-02   8.9474359e-02   4.7280845e-03   5.3400375e-02  -2.4490061e-02   1.5657815e-01   1.4280179e-01   3.1458374e-01   3.3701062e-01   1.1082088e-01  -1.2422390e-01   3.0749701e-02  -2.8259239e-01  -1.6103944e-01   5.9712097e-02   1.7295444e-01  -4.0938809e-02   1.7647300e-01   5.4945872e-02  -1.6441401e-01   2.9566927e-02   7.3109330e-02   1.2723222e-01   1.7900435e-01   2.5822580e-01  -1.9764643e-01   1.7621636e-02   2.8898547e-01   3.5167920e-01   1.9980933e-01   5.1838757e-01  -8.0485926e-02   1.2514810e-01   4.2887859e-02  -3.8973861e-01   1.9878989e-01   3.9954856e-01   8.9808449e-02  -2.1444261e-01   2.8831243e-02  -3.6051247e-02  -1.3750926e-01   1.1099014e-01  -1.1127388e-01   1.0218558e-01  -2.4887158e-01   8.9358424e-02   2.1797889e-01   2.5217770e-01   2.8891270e-01  -7.6541761e-02  -3.9361514e-02  -5.0902149e-02   1.5138837e-01   2.9496169e-01  -1.1351707e-01   2.9416449e-01   6.9393965e-02  -8.6463735e-02   2.4622721e-02   3.1344517e-01   3.2108619e-01  -1.7624866e-01   2.8042628e-01  -4.9030887e-02   2.6915015e-01  -2.9167183e-01   1.8185333e-01  -5.1794390e-02   2.0973305e-01   4.8746298e-01  -1.2688462e-03   1.7759580e-01  -3.6353864e-01  -1.0373142e-01  -3.1660850e-01   6.6814049e-02   1.5200023e-01   3.6529107e-01  -3.5941196e-01   4.7016736e-02
  -2.5778686e-01  -1.6333918e-01   0.0000000e+00  -1.8850725e-01   6.5238016e-01   7.4962898e-02  -2.3704050e-01  -7.6187553e-03   6.9981687e-02   2.4494201e-04  -3.2195742e-01   5.6844239e-01  -1.5187981e-01  -2.2365035e-01  -3.8292379e-01   2.2265737e-01   8.8143543e-01  -3.8607087e-01   1.0786103e-01   2.8618510e-01  -1.0192594e-01  -2.2808928e-01  -3.7424012e-01  -2.8431497e-01  -7.6245724e-02   2.8541170e-03   1.0312334e-01  -2.9945910e-02   6.4496861e-02  -3.8068351e-01  -1.9858712e-01  -3.5207053e-01   1.4508684e-01   3.5032707e-01  -3.2060781e-01   1.0490023e-01  -2.9175069e-01  -8.9056496e-02   2.7677255e-01   7.6038138e-01   2.7658572e-01   2.9252670e-01   3.6624483e-01   9.5677523e-02  -4.7816576e-01   2.0032457e-01  -2.6451367e-01  -1.1157580e-01  -8.1415825e-04   7.8431447e-01  -4.8216788e-01   6.3042269e-02   4.4877276e-01   5.5853879e-01  -1.8973115e-01  -1.6847096e-01   3.8187181e-02  -2.5441474e-01   5.5551929e-02  -3.8459292e-01   3.6498612e-01  -2.9562569e-01   2.6991338e-01  -2.4702425e-01  -3.2470851e-01  -2.1451867e-01   4.0693034e-01  -7.8250694e-02  -1.3021211e-01   4.2645924e-01   3.7918316e-01  -5.0529831e-01   2.5232689e-01   2.1392373e-01  -3.3371299e-02  -1.2839383e-01   1.7586831e-01   3.9803981e-02   2.3065849e-01   2.3619832e-01  -1.4544100e-01  -4.3413936e-02   4.8743278e-01  -7.9628486e-02   7.0623996e-01  -2.0659474e-01  -4.9298277e-02  -2.1352539e-01  -8.2074758e-03  -2.9843463e-01   3.8846776e-01   5.2886990e-01   6.0086826e-01  -1.9649704e-02  -5.9756016e-02   6.6147119e-01  -2.4142450e-01   5.1183875e-02   1.2326960e-01  -4.5990458e-01   4.9892312e-01  -2.6041360e-01  -1.1450995e-01  -3.4477558e-01  -4.7163269e-01  -2.3328601e-01   5.1387042e-01   3.8744410e-02  -7.8748297e-02   6.5228402e-01   6.5239095e-02  -4.0731597e-01  -3.2951520e-01  -2.3769616e-01  -8.9129376e-02   1.7573329e-01  -1.1018651e-01   9.6887797e-02   2.2980587e-01  -1.1428361e-01  -3.9686963e-01   6.1851113e-01   1.5567407e-01  -2.4154502e-01  -2.6376614e-01  -3.1920409e-01  -3.7271326e-01   1.4899385e-01  -1.3157551e-01   5.3303509e-01  -1.0800526e-01  -3.3840179e-01   2.6325915e-02  -3.3018950e-02  -1.1473644e-01  -7.3976027e-02   4.6438286e-02   1.9665425e-01  -7.0697089e-02  -1.7283029e-01  -4.2006321e-01  -1.0882757e-01  -1.8372299e-01   2.8436570e-01  -4.5533608e-01  -3.3159527e-01   6.8975743e-01   2.8704050e-01   5.4578421e-01  -4.7605524e-01  -1.6238272e-01   8.4369278e-02  -5.0471960e-02   1.0617378e-01   9.1258167e-01  -1.0117821e-01  -2.4036920e-01  -9.6166353e-03   3.8300464e-01  -4.0655382e-01   5.9207811e-02  -1.8198291e-01   4.6317879e-01  -4.4486164e-01  -1.0265903e-02   1.1205967e-01  -9.0591106e-02   9.1118010e-02   2.3766885e-01   5.9249881e-01   4.0575497e-01  -2.3323644e-01  -3.8059076e-01   5.2484015e-01   1.1142335e-02   2.2722160e-01   4.1712004e-02
   1.5633941e-01   1.2858541e-01  -1.8850725e-01   0.0000000e+00  -1.3381223e-01   2.2107849e-01   3.3752509e-02   3.4083693e-01   2.1133822e-01  -2.1257103e-01   2.9137180e-01  -1.7007906e-01  -1.6985049e-01  -2.3318770e-02   7.5670933e-02   1.3892194e-01  -1.7111586e-01   4.5058625e-01   5.4886929e-02   1.7471290e-02   2.2402672e-01   4.3888820e-01   2.1887457e-02  -9.6243648e-03   6.3270441e-02   2.9804319e-01   2.3747095e-01   1.7805458e-01   1.3746974e-01   2.9104678e-01   2.0455251e-02   6.3834660e-01   2.2356510e-01  -2.0236062e-01   2.9747586e-01   3.3626863e-01  -1.0802387e-01  -3.2606485e-01   2.1800739e-01  -2.4251877e-01   1.6041440e-02   4.3861651e-01  -1.5815557e-01   1.3987320e-01   2.7738223e-01  -8.7474585e-02   4.7612937e-01  -9.5476962e-02  -1.7205239e-01  -2.9117586e-01   4.7730336e-01   2.2809521e-01  -2.4991798e-02   1.3186338e-01   3.0116830e-02   3.1003923e-01   8.4130533e-02   4.8465767e-01   5.4886184e-01   2.4363987e-01   8.1503156e-02   1.3915747e-02   2.9752055e-01   1.2811726e-01   1.4927393e-01   1.2520942e-02   7.6656363e-02  -2.0748178e-01   5.2150184e-01  -3.0772160e-01  -1.6199535e-01   3.5552675e-01  -1.2014639e-01  -6.6271991e-02   2.4328822e-01   2.1754067e-01   4.8765108e-02   3.2604505e-01   2.9451780e-02   1.0473081e-01   2.6632828e-01  -9.3020273e-02   1.5553162e-02   2.0799258e-01  -2.5643075e-01   3.0257368e-01  -2.5836467e-01   4.6308269e-02  -1.0708646e-01  -1.2273487e-02  -6.5101985e-02   1.7117426e-01  -2.3875328e-01   3.2921730e-01  -1.9321663e-02  -2.5444945e-01  -8.9588795e-02   1.9740025e-01  -1.0813289e-01   4.4146393e-02  -2.4367189e-01   3.5463629e-01   1.5892171e-01   1.9855126e-01   5.8008553e-01   4.8293727e-01   1.4065566e-01   3.4810978e-01  -2.3373612e-01  -9.2448577e-02  -3.2748298e-02   4.4024719e-01   3.1475099e-01  -9.5406546e-02  -8.7559804e-02  -1.1102337e-02   3.0304050e-01   2.8842342e-01  -2.1402423e-01   6.9914355e-01   1.1542114e-01  -1.9292131e-01  -3.6581453e-01   2.6279994e-01   1.3826745e-01   2.7681614e-01   2.6391887e-01   2.7981993e-01   5.7563822e-01  -3.6392030e-01  -1.1998468e-01   9.4791690e-02   1.4939169e-01   3.4776654e-02   2.8573116e-01   2.4861256e-01   2.4446138e-01  -1.5315556e-01   2.9394600e-01   6.8669269e-02   9.7954414e-02  -2.9506245e-01   2.8365188e-01  -2.1622370e-01   1.5456179e-01   3.5177138e-01  -3.1135024e-01   2.0788539e-02  -2.6993983e-01   1.6162882e-01   7.7750276e-02  -6.5595896e-03   7.6010976e-02   6.2538059e-02  -2.4515653e-01  -4.3386318e-02   1.7242460e-01   3.6387959e-01   3.0782111e-01   2.5341873e-01  -2.2637820e-01   2.1093011e-01  -1.5638489e-01   6.2955768e-01   5.1098002e-01   1.0133968e-01   3.8433826e-02   6.4595669e-02   1.1197552e-01  -1.7993608e-01  -2.4923116e-01  -2.1866296e-01   1.3909237e-01  -1.9357056e-01   7.1957190e-02   7.3810720e-02   4.3655759e-01
  -2.6580687e-01  -3.6717917e-01   6.5238016e-01  -1.3381223e-01   0.0000000e+00  -2.6354540e-01  -4.5805113e-01  -8.3964175e-02   2.0997465e-01   3.8611883e-02  -3.5953482e-01   1.3694236e-01   6.0216362e-02  -3.0435918e-01  -5.4158771e-01   1.5687624e-01   7.3205517e-01  -2.0201886e-01   1.2388125e-01   6.0370689e-01  -1.8680170e-01  -4.0179289e-01  -5.0302428e-01  -7.7478289e-02   6.3419090e-02   3.8211178e-02   9.1334006e-02  -2.1422574e-01   1.5911809e-01  -4.5756328e-01  -2.8537975e-01  -3.0640661e-01  -9.0853240e-03   9.9436230e-02  -3.4006294e-01   3.1832828e-01  -1.4791314e-01  -2.7554991e-01   4.2633284e-01   5.9274991e-01   2.9873563e-01   7.8697281e-02   4.7336177e-01  -1.1666393e-01  -3.9495905e-01  -4.6818900e-03  -2.0011799e-01  -8.0693941e-02   1.1752408e-01   6.3764294e-01  -4.1205263e-01  -3.4381645e-02   5.0112670e-01   3.2388209e-01  -2.7958935e-01  -2.5871017e-01  -1.7492473e-01  -2.8993472e-01  -1.4303392e-02  -5.5468974e-01   3.0306149e-01  -2.8487703e-01   2.8015217e-01  -3.3989520e-01   3.0320252e-03  -3.7987897e-01   1.8870535e-01   6.0758803e-02  -2.6047016e-01   3.9232721e-03   4.4079096e-01  -3.0154884e-01   4.3195667e-01  -1.2258570e-01  -8.1885715e-02  -1.6102568e-01   2.4224150e-02  -1.6842316e-01   3.9399039e-01   2.8598124e-01  -2.0149767e-01   1.9222500e-01   2.8631112e-01  -1.9412882e-01   5.0907538e-01  -2.1054965e-01   1.4376789e-01  -1.6072704e-01   5.8840035e-02  -2.0824985e-01   6.7440432e-01   4.9872327e-01   5.5298479e-01  -2.4328029e-02  -2.8712369e-01   8.5700986e-01  -3.4215293e-01  -2.3109601e-02   2.3652754e-01  -5.2990423e-01   2.9990321e-01  -3.9594123e-01  -3.6958930e-01  -2.9430389e-01  -5.2861650e-01  -9.1870746e-02   3.9208576e-01  -8.4797631e-02   7.7388833e-02   6.1396022e-01  -1.5016321e-01  -5.7428635e-01  -7.2952214e-02  -2.1835841e-01  -2.2422038e-01   5.4314378e-01  -1.9896202e-01   8.1171546e-02  -9.7162495e-02  -1.6285820e-01  -4.2924074e-01   7.9717041e-01   2.5390327e-01  -7.3386498e-02  -3.7359983e-01  -5.6469352e-01  -4.7344607e-01   1.2804814e-01  -1.4200961e-01   2.2949150e-01   1.6912794e-01  -1.6929220e-01  -3.6886039e-01  -2.9695503e-02   7.5703282e-02  -1.2899524e-01  -8.4056779e-03   2.6423577e-02  -1.4129636e-01  -1.0950749e-02  -3.2816346e-01   1.2950568e-01  -2.8982601e-01  -1.5498911e-01  -6.2637782e-01  -2.6771654e-01   3.5603921e-01   3.9037791e-01   2.9741936e-01  -3.2994132e-01  -3.6966287e-01   4.5549528e-02  -2.1703574e-01   3.0697724e-01   5.9216950e-01   3.7851985e-02  -4.2653878e-01  -2.5130803e-01   4.3753019e-01  -6.4530056e-01   1.3026450e-01  -2.9596634e-01   5.5393675e-01  -3.5948762e-01  -7.4272209e-02   3.0807752e-01  -1.8622142e-01  -6.9369861e-02  -2.5320182e-02   5.2804167e-01   5.2239639e-01  -9.1254678e-02   4.0080645e-02   1.4470593e-01  -2.3791355e-01   3.8508289e-01   1.4317051e-02
  -2.9470236e-02   3.6647726e-01   7.4962898e-02   2.2107849e-01  -2.6354540e-01   0.0000000e+00   2.0535293e-01   2.4875746e-01  -2.0704285e-01  -5.3548464e-02   4.7897911e-01   1.7748276e-01  -1.6398440e-01   1.5699926e-01   2.4962264e-01   2.6103813e-01  -4.0346385e-02   1.0100077e-01   2.1738590e-02  -1.1894390e-01   3.5627077e-01   5.2062781e-01   1.3358465e-01  -3.4461930e-01   1.3930524e-01   1.2941517e-01   7.2166984e-02   4.8008322e-01  -9.8688476e-02   3.5945089e-01   8.7289980e-02   2.3864604e-01   8.8561839e-02  -3.2833036e-02   8.5936188e-03  -1.9314141e-02  -3.9118398e-01  -9.7559598e-02  -5.1503837e-02  -4.1473727e-02   8.3254498e-02   1.9993998e-01  -2.4868581e-01   4.8280366e-01   7.6832663e-02   1.0225523e-01   2.8324630e-01  -2.5797828e-01  -4.3610908e-01  -1.5454796e-01   2.9145597e-01   2.6719593e-01  -4.0411532e-01   1.4680394e-01   1.2924925e-01   3.8572032e-01   3.6914787e-01   2.9688214e-01   4.2596967e-01   3.2681696e-01  -5.1655365e-02  -5.9504868e-02   2.5413163e-02   1.1845406e-01  -3.8529697e-01   3.9003509e-01   5.2993581e-01  -3.0732868e-01   5.0659401e-01   3.3900907e-01  -3.7128486e-01  -6.0060118e-03  -2.1199952e-01   1.3178141e-01   4.2869660e-02   2.4678085e-01  -2.3060525e-02   4.2248634e-01  -2.1296267e-01   8.2772244e-03   1.9294882e-01  -2.2149452e-01   2.0622343e-01   3.0522504e-01  -1.0512321e-01   1.6486509e-01  -4.9554751e-01  -1.1600818e-01  -1.9806518e-01  -2.0685278e-01  -3.2341725e-01  -6.3793423e-02  -2.5738376e-01   6.8723124e-03   6.8809140e-02  -2.3921447e-01  -8.5533021e-02   2.8597539e-01  -1.8735467e-01   1.7334362e-01  -5.1789537e-02   4.5351873e-01   6.2512927e-01   1.0753504e-01   3.9833969e-01   3.5140326e-02   4.3487822e-02   3.3547499e-01  -1.8644706e-01  -4.6401025e-02   2.3153049e-01   5.1073549e-01  -1.3344278e-01  -7.5396009e-02   9.8275162e-03  -5.7703889e-01   3.4572159e-01   2.1645087e-02   3.5740813e-01   2.4974865e-01  -1.8102980e-02  -2.3562569e-01  -3.1016976e-01  -2.0547169e-01   1.2555068e-01   4.4707222e-01   1.6041782e-01   1.1735005e-01   2.1292233e-01   1.8954372e-01  -1.4813729e-01  -2.2448940e-01   6.5088009e-01  -3.5292561e-01  -1.5300890e-02   2.2932059e-01   3.7179434e-02   2.3748746e-01   2.4965296e-01  -1.0208452e-01   1.0299030e-02  -3.3142934e-01   4.3777823e-01   5.5861580e-01   7.8380690e-02   2.8061604e-01   2.3154192e-03   7.7788044e-02   2.9314880e-01  -1.8115195e-01   1.5267869e-01   2.3577849e-01   1.3821202e-01  -1.6913809e-01   9.1104291e-02  -2.3886899e-01   2.0224602e-01   4.1477849e-01  -9.7372076e-02   5.5407412e-01  -4.0653678e-01   4.3835198e-01  -1.2573445e-01   2.5256827e-01   2.7113797e-01  -2.7500760e-01   1.5458172e-01   2.8000663e-01   2.0026876e-01  -2.1339165e-01  -3.7199040e-01  -4.0032713e-01  -2.6574325e-01   5.5670519e-01   1.2550801e-01  -9.7775356e-02   1.8662190e-01
   1.0146554e-01   4.6068745e-01  -2.3704050e-01   3.3752509e-02  -4.5805113e-01   2.0535293e-01   0.0000000e+00   4.0239317e-02  -5.2470452e-02   3.5375504e-01   1.0596012e-02   3.5866627e-01   1.8541189e-02   1.9681156e-01   4.1344056e-01   8.5980513e-02  -4.2568683e-01   2.3526628e-01   1.5053706e-02  -1.7322059e-01   3.1876699e-01   2.0433125e-01   6.7991730e-01  -2.3562840e-01  -8.0769273e-02  -2.4203586e-01   1.4117523e-01  -5.1785844e-02  -7.2291139e-02   7.3754989e-02   3.5033649e-01   1.2895004e-01   2.9308849e-01   5.8930405e-01   4.9820639e-01  -7.9501238e-03   1.2803258e-01   6.9927980e-02  -1.8054508e-01  -4.8860346e-02  -9.7703881e-02   1.0164806e-01  -1.2011814e-01  -1.3744691e-02   4.6830550e-01  -1.8338737e-01   1.3803969e-02   4.2135328e-01   5.5313757e-02  -1.7074585e-01   3.4411272e-01  -4.7275329e-02  -2.1276745e-01  -1.6901028e-01   6.5850149e-02  -5.0983528e-02  -1.3428998e-01  -2.5477706e-02   6.6468116e-02   5.2954497e-01  -3.4066170e-01   4.8859470e-01  -1.1076894e-01   2.2412073e-01  -4.4392911e-02   4.8245809e-01   6.2417670e-02  -1.6321093e-01  -5.0075096e-02   2.3528923e-01   2.8523573e-02   1.3006786e-01  -8.6771094e-02   8.8702129e-02   1.3240285e-01   3.9293738e-02  -2.4473427e-01   1.2437401e-01   2.3858174e-01  -1.8162078e-01   7.4654637e-02   1.9426434e-02  -1.5576557e-01   4.1816956e-02  -2.5919685e-01   4.1899408e-02   4.5442515e-02  -1.4228617e-01  -1.0595827e-01   1.9793987e-02  -5.1023886e-01  -4.4545872e-01   1.4204029e-01   1.3714986e-01   8.5537984e-02  -4.7302670e-01   2.8343964e-01   3.1828279e-03  -6.7673541e-02   6.7412399e-01   1.3237030e-01   7.9130694e-02   2.5923126e-01   1.4280021e-01   2.8318826e-01  -9.6939518e-02  -1.9937942e-01  -1.1061685e-01   2.3994536e-01  -2.9791297e-01   5.2975770e-01   2.6140095e-01  -1.9562754e-01   1.5691940e-04   2.3168045e-01  -3.6071416e-01  -6.9903579e-02   1.5050355e-01   8.7373010e-02   1.3971351e-01   2.4647796e-01  -3.8693560e-01  -1.2245372e-01   1.2609555e-02   2.1216208e-01   1.7842375e-01   5.3819831e-01  -1.2157723e-01  -9.4475130e-02  -2.8370200e-02  -1.9371297e-01   2.9651482e-01   2.6061802e-01   3.3865065e-01  -1.1049794e-01   2.4685568e-03   1.0229229e-02   1.5219349e-01   1.4264435e-02  -1.2007646e-01   7.1018040e-02  -1.7371820e-01   3.7046695e-02   2.1019051e-01   7.3080731e-01  -4.9750717e-02   3.3368947e-01  -3.8596918e-01   1.3714301e-01   3.5354242e-01   2.3576529e-01  -6.1065575e-02   2.3865555e-01  -4.3838225e-01  -8.8798931e-02  -2.5333076e-01   3.2081685e-01   3.7280717e-01  -4.4385439e-01   4.4941531e-01  -1.4985168e-01   5.0160411e-03  -2.6424654e-01   5.4895698e-02  -5.0254544e-02   1.0016398e-01   1.2256442e-01  -2.0966573e-01  -1.1775616e-02  -1.1722120e-01  -3.1591549e-02  -2.6755405e-01  -9.6619249e-02   4.8204387e-03   5.0794601e-01  -2.5014047e-01  -4.0171867e-02
   1.8854815e-01   2.1112661e-02  -7.6187553e-03   3.4083693e-01  -8.3964175e-02   2.4875746e-01   4.0239317e-02   0.0000000e+00  -1.6789582e-02  -6.9590477e-02   1.6648115e-01   1.9874133e-02  -7.4774793e-02   4.0880157e-02   1.2176743e-01   7.0625492e-02  -1.1729500e-01   2.1817888e-02   1.4776456e-01  -7.9908717e-02  -1.6849858e-02   3.7846128e-01   5.3328218e-02  -1.6875042e-02  -1.1650949e-01   4.7079454e-01  -1.1026768e-01   3.3541005e-01   1.7623085e-02   1.3490959e-01   4.3353361e-02   3.2173944e-01   2.0039146e-01  -6.4584302e-02   1.2901755e-01  -4.1344517e-02  -1.0637577e-01  -6.1543149e-02  -2.0871657e-02  -1.3584897e-01   3.6774405e-02   4.2890904e-02  -5.2019098e-02   5.3621888e-01  -1.5910192e-03  -1.9422001e-01   2.3412419e-01  -1.8006398e-01  -2.1866031e-01  -1.0877144e-01   1.9949484e-01   4.7502491e-01  -1.1181266e-01   1.4219383e-01  -1.4084672e-01   5.0844984e-01   8.1993580e-02   3.9789031e-01   4.5462037e-01   1.1168219e-01  -1.3240928e-01  -7.4236095e-02   1.1353981e-01   1.2169351e-01  -9.1653123e-02  -7.6948048e-03  -3.0177353e-03  -2.2457991e-01   4.6476134e-01  -2.3374181e-01  -1.8616522e-01  -1.4571818e-02  -9.2902873e-02  -3.5055143e-02   2.5615677e-01   3.8447357e-01  -2.8544207e-02   3.2810468e-01  -7.2706124e-02   6.7920560e-02   4.4502128e-01   7.1303649e-02   3.3075715e-02   3.6942100e-01  -8.9808359e-02   3.9651324e-01  -2.2568276e-01  -1.7193815e-03  -4.0111751e-02  -1.9194346e-02  -6.1515468e-02  -1.0804878e-01  -1.2386146e-01   1.3540174e-02   6.5084138e-02  -1.2117562e-01  -1.5345563e-01   4.0561841e-01  -2.4522905e-01   7.2889369e-02  -1.8521727e-01   5.1282315e-01   3.5904274e-01   1.2077307e-02   3.4279053e-01   1.4384850e-01   3.8279167e-02   3.8454760e-01   6.9570783e-03  -1.5498419e-01   1.5174588e-01   2.7877467e-01   6.3214278e-02  -1.8476578e-03   6.8492478e-02  -1.6746217e-01   3.7739300e-01   2.9849271e-01  -1.2007563e-01   2.5156400e-01  -4.6982573e-02  -1.6310317e-01  -2.8591033e-01  -1.3718094e-01   3.7552128e-02   2.2662667e-01  -8.3089354e-02   1.0113510e-01   3.5736681e-01  -3.2976908e-01  -1.2257630e-01  -1.5981245e-01   2.2390987e-01  -2.2442476e-01  -2.3360155e-02   5.3019272e-01   1.2022370e-01   8.5304035e-02   5.3321329e-01   3.8130197e-01   2.3077857e-01  -3.2260132e-01   4.2196708e-01  -1.1032164e-01   8.8022233e-02   2.5452584e-01  -7.9578984e-02  -1.1065135e-01  -9.1736064e-02  -5.9510706e-02   8.3590093e-02   4.2115830e-01  -5.0674476e-02  -1.7633534e-01  -9.2470429e-02   8.8747111e-02  -2.6111172e-02   2.3427452e-01  -1.8165128e-01   3.9970617e-01  -2.3162538e-01   2.4650081e-01  -2.1403759e-01   1.3060260e-01   2.6602520e-01  -1.2599418e-01   2.8210046e-02   2.8369867e-01  -9.5524033e-02  -1.6455464e-01  -1.6642633e-01  -2.9552290e-01  -1.6141505e-01  -4.8000038e-03  -1.6716408e-01   5.2335078e-02   3.2997936e-01
   1.7384715e-01   1.5756845e-01   6.9981687e-02   2.1133822e-01   2.0997465e-01  -2.0704285e-01  -5.2470452e-02  -1.6789582e-02   0.0000000e+00   1.2143957e-02  -2.7340632e-01   1.0255435e-01  -2.0791603e-01  -3.8778873e-01  -3.9717731e-01  -3.2214540e-01   2.8805880e-02  -3.6614667e-02  -8.9404479e-02   3.3887847e-01  -3.4807044e-01  -1.5099885e-01  -2.9874573e-01   1.3443408e-01   5.6968525e-02  -6.8339248e-02   4.1687929e-01  -2.6824304e-01   1.8348883e-01   1.5238292e-01  -3.4601309e-01  -3.3340530e-02   1.3349389e-01   2.1390122e-05   1.7921726e-01   2.1414760e-01   8.3225458e-02  -3.7809359e-01   1.5446670e-01   1.5808833e-01  -5.2953747e-02   2.9382632e-02   4.3738907e-01  -1.8985665e-01  -8.2736017e-02   1.9209442e-02  -1.5918076e-01   1.5371696e-01  -1.9369225e-01   1.4415518e-01  -6.5281501e-02   1.0623287e-01   3.4665844e-01  -6.8632245e-03  -1.8425861e-01  -1.9250137e-01  -2.0647673e-01  -7.3991651e-02   7.0806231e-02   2.4680755e-03   9.6424303e-02  -1.1833080e-01   4.2440280e-01  -1.7000230e-01   4.5209853e-01  -2.5915702e-01   2.3550392e-02   1.1324758e-01  -1.4872575e-01  -1.7096785e-01   2.0427532e-01  -1.3844221e-02   2.8847566e-01  -1.1459185e-01   1.1995674e-01  -8.6765724e-02   1.9363943e-02  -1.0827964e-01   3.2517402e-01   1.5008401e-01  -2.5181780e-01  -4.2339459e-03  -1.9293908e-01  -2.4650554e-01  -9.1072105e-02  -8.3897041e-02   3.2766319e-01  -5.5409752e-02   1.8961887e-01   4.1290910e-02   2.9191847e-01   2.4584764e-01   2.2391951e-01   4.2182292e-01  -1.5879793e-01   1.5846730e-01  -1.5047248e-01  -1.8768665e-01   7.1446221e-02  -2.6004862e-01  -2.2551924e-01  -3.0172729e-01  -3.8702334e-01   3.4336712e-01  -1.0650875e-01   1.7541304e-01   2.0458638e-02  -7.1923705e-02  -1.7523930e-01  -9.6803960e-02  -2.9769326e-01  -2.3086542e-01   4.4472508e-02  -5.2951139e-02  -1.7133478e-01   5.2201307e-01  -1.9000658e-01   4.0006355e-02  -3.6121185e-01   5.5803957e-02   1.2076603e-02   2.8019103e-01   1.9980833e-01   3.6659078e-01   2.1444312e-02  -2.3696906e-01   2.8219980e-03   7.9073349e-02   2.3764145e-01  -1.7283322e-01  -1.9640479e-03   4.0395869e-02  -3.1091061e-01   7.3521566e-02   2.6808853e-01  -6.5491718e-03  -4.8119224e-02  -3.9771039e-01  -5.4146874e-02   8.4681850e-02   1.3937056e-02   2.3049155e-01  -2.8925591e-01  -3.4695953e-01  -2.2512673e-01   5.1717018e-02  -5.2839871e-02   1.4651898e-02  -2.7720735e-01  -5.5760368e-02  -1.2837408e-01  -1.6465462e-01  -1.2941722e-01   2.4976961e-01   2.4264810e-02   5.4338059e-02  -3.2981742e-02  -1.0056851e-01   2.0627100e-01  -3.0694944e-01   1.3735707e-01  -2.4914742e-01  -1.7405581e-01   6.5876214e-02   7.4046100e-02   4.4649681e-01  -8.1184625e-02  -1.7181000e-01  -1.1920106e-01  -1.0871239e-01   2.3195454e-01  -4.7731975e-02   2.9811486e-01  -2.4619834e-01  -7.8061870e-02   2.5969818e-01   2.3368244e-01
  -1.3955341e-01   3.6339683e-02   2.4494201e-04  -2.1257103e-01   3.8611883e-02  -5.3548464e-02   3.5375504e-01  -6.9590477e-02   1.2143957e-02   0.0000000e+00   4.9061867e-03  -1.6887945e-03   8.8798284e-02  -1.1438109e-01   2.9490070e-03  -4.7778812e-02  -8.2288877e-02   1.9005274e-01   1.0948199e-01   2.9816349e-01   1.2104238e-01  -2.4177225e-02   4.1788567e-01  -1.6492929e-01   1.8298496e-01  -3.9500166e-01  -1.4948370e-01  -1.7883061e-01  -2.2796887e-01  -2.7458391e-01   1.8285578e-01  -7.2631026e-02  -2.4432008e-02   4.8988138e-01   1.3085648e-02   3.2664772e-01   1.2101787e-01   9.6157850e-02  -8.6159748e-02   1.2968305e-01   8.7492725e-02  -6.3621405e-02   6.1622187e-02  -1.4310970e-01   1.3320905e-01  -2.3410802e-01   3.2704963e-02   3.0067090e-01   1.3901292e-02   8.0251515e-02   9.8230470e-02  -1.9062584e-01  -1.0965154e-01  -2.3251348e-01  -1.5028411e-01  -1.5473431e-01  -2.9284191e-01  -5.3470549e-02  -1.6650267e-01  -6.4969177e-02  -3.0230680e-02   2.7718732e-01  -1.4188158e-01  -1.6838517e-01  -2.5520725e-01   4.0810700e-01   5.1499285e-03  -3.9385415e-01  -2.1942406e-01   1.5203098e-01   1.5041958e-01  -5.5330996e-02   6.2861921e-02  -2.6868712e-01  -1.6230398e-01  -1.7275817e-02  -2.1488854e-01  -1.0832274e-02   1.8708714e-01  -6.1321143e-02  -9.9631950e-02  -2.5781683e-02   1.8281485e-01  -2.4418603e-01  -1.2929814e-01   2.3402694e-02  -9.5932750e-02  -2.8634850e-02  -3.0551990e-01  -1.5417650e-01  -1.7474541e-01  -1.4344448e-01   2.6647503e-01  -8.7060363e-02  -1.1006971e-01   1.2426775e-01  -1.0167483e-01  -3.8843911e-02  -4.9870075e-02   3.7980576e-01   1.8591952e-01  -2.9171313e-01  -1.0273234e-02  -1.7474778e-01  -1.8705268e-01  -1.7883460e-01  -2.1552866e-01  -2.3295420e-01   2.9838658e-01   5.9265638e-02   4.0819736e-01  -2.1336123e-01  -2.6319554e-01  -1.3287389e-01  -7.0085249e-02  -1.8086817e-01  -2.3036833e-01  -1.2957545e-01   1.3972352e-01  -1.8790550e-01  -2.5809660e-01   1.4047860e-02  -9.8223421e-02  -2.8992782e-01  -1.9096283e-01  -2.8199232e-01  -8.1787106e-02  -2.8424061e-01  -1.4928126e-01   1.3602624e-01   2.9981238e-02   8.2860438e-02  -3.7255994e-02   8.3880597e-02  -2.7646114e-02   6.3411237e-03  -1.8801208e-01   2.2884685e-01  -4.1793494e-02  -1.4036766e-01  -1.5214799e-01   6.9741309e-02  -1.8208712e-01   2.0736966e-01   1.1609957e-01  -2.7730604e-01   2.2287292e-01   1.1247591e-01   4.4184754e-01   1.4101618e-01  -1.2459370e-01   6.9801274e-02  -3.0844610e-01  -2.6170606e-01   1.4381202e-01  -1.5745794e-01  -1.1956330e-01  -6.4431523e-02  -3.0136737e-01   5.6626575e-03  -2.3618677e-01  -1.3225040e-01   4.0269602e-01  -2.2000110e-01  -1.9234437e-01  -8.8451017e-02   7.0278160e-02  -2.2035144e-01  -3.2523629e-01   1.0189249e-01  -4.6723393e-02  -6.1926524e-02  -2.3477315e-01   1.0673898e-01   4.7471936e-02   9.5828638e-02  -6.8015515e-02
  -2.0563036e-02   2.1484858e-01  -3.2195742e-01   2.9137180e-01  -3.5953482e-01   4.7897911e-01   1.0596012e-02   1.6648115e-01  -2.7340632e-01   4.9061867e-03   0.0000000e+00  -2.7739642e-01  -1.9361201e-01  -2.4253686e-02   3.9420787e-01   1.3571824e-01  -2.3626639e-01   4.6012528e-01   1.0983906e-01  -3.3920013e-01   2.8473228e-01   4.4617747e-01   1.4532862e-01  -1.3497237e-01   8.3801009e-02   1.2300086e-01  -1.2759081e-01   2.9915222e-01  -1.0472125e-01   4.9621739e-01   1.1741369e-01   3.9041288e-01   5.5199617e-02  -2.7686675e-01  -1.9554403e-01   2.6484563e-01  -2.7738573e-01  -7.4736936e-04  -6.6535105e-02  -4.8815855e-01   4.4087406e-02  -4.1925915e-03  -5.6209010e-01   2.7897394e-01   3.2170722e-01   5.3976778e-02   7.4215143e-01  -2.9963724e-01  -4.2788651e-01  -4.1574377e-01   5.8669937e-01   1.7861861e-01  -2.7906098e-01  -1.5370966e-01   2.1248246e-01   4.2253961e-01   2.8307839e-01   4.1082039e-01   3.5148719e-01   1.3359572e-01   1.3155134e-02  -1.1980086e-01  -1.3246662e-01   3.5121600e-01  -9.6392864e-02   4.4937950e-01   3.0966291e-01  -3.9978235e-01   5.2797792e-01   1.7262827e-02  -4.2873567e-01   2.1561588e-01  -1.7277259e-01  -6.5150178e-02   3.5233654e-02   3.8125344e-01   1.0149281e-01   3.1471258e-01  -1.6837292e-01  -1.6234364e-01   1.0916050e-01  -2.6287278e-01   1.0984414e-01   1.7401738e-01  -2.9931564e-01   4.7667128e-01  -5.8545986e-01  -9.2508461e-02  -2.2434506e-01  -3.8190685e-02  -1.9109666e-01  -2.0663503e-01  -6.4041795e-01  -1.5763594e-01   1.2966549e-01  -3.4495838e-01  -1.6631430e-01   1.8141243e-01  -1.7573198e-01   8.4637990e-02  -1.7242012e-01   5.4513348e-01   3.3199454e-01   8.0029293e-02   5.6467848e-01   1.4034986e-01  -1.5879143e-01   2.6292733e-01  -2.9231007e-01   6.4155596e-02   2.7876133e-02   4.7151868e-01   5.8567693e-02   3.2225086e-03  -5.4957627e-02  -3.4986987e-01   3.5493174e-01  -2.5267803e-02   1.6768480e-01   2.6763546e-01   3.1487793e-02  -2.1227694e-01  -3.7564727e-01   1.5024409e-01   1.3109396e-01   3.4611752e-01   2.6397609e-01  -8.3169840e-02   2.5737769e-01   2.0644987e-02  -3.9621006e-02   2.1728151e-01   3.1208583e-01  -1.4525623e-01  -7.8793792e-02   3.5728283e-01  -8.1687125e-03  -1.0465136e-02   4.2584701e-01  -4.4084198e-02   1.0888824e-01  -3.7684342e-01   5.2084968e-01   2.6522721e-01   1.0144209e-01   4.8585299e-01  -4.9830431e-01   4.1826351e-01  -4.4299399e-02   8.8949932e-02   1.8325008e-01  -6.5625665e-02   4.2707257e-02   2.2630765e-01  -2.4722464e-01  -2.0174827e-01   1.6908436e-01   3.4704357e-01  -5.4692243e-02   4.7626875e-01  -3.5810574e-01   6.9556471e-01   8.2442256e-02   4.7531983e-01   2.4243864e-01  -2.4458338e-01   5.1964469e-01   2.3256346e-01   1.0189061e-01  -3.4522215e-01  -5.6190966e-01  -5.0150475e-02   5.3050978e-03   1.7787751e-01  -1.1418428e-01  -7.8585057e-02   1.3189059e-01
  -1.7718977e-02   3.1487168e-01   5.6844239e-01  -1.7007906e-01   1.3694236e-01   1.7748276e-01   3.5866627e-01   1.9874133e-02   1.0255435e-01  -1.6887945e-03  -2.7739642e-01   0.0000000e+00  -1.5203683e-01  -6.5027376e-02  -5.6582467e-02   3.8767972e-02   3.4454320e-01  -2.6731865e-01  -3.0098322e-02  -2.9714268e-02  -9.4125715e-02  -2.1134341e-01  -6.1248507e-02  -2.2693703e-01  -1.5574690e-01  -1.7035691e-01   2.2362489e-01  -2.0950091e-01   4.8122588e-02  -9.6363708e-02  -5.1471028e-02  -3.7413105e-01   2.6622981e-01   6.1727506e-01   1.0604093e-01  -2.8420437e-02  -5.8696275e-02  -5.3615201e-02  -3.9015516e-04   4.6643129e-01   1.6511655e-01   2.4879868e-01   2.5060148e-01   1.0186183e-01  -1.3327187e-01  -2.5711198e-02  -2.9117099e-01   1.5299636e-01  -6.3541391e-03   4.6597778e-01  -2.8222327e-01   3.4071015e-02   2.6866785e-01   3.5389682e-01  -1.3721345e-01  -1.4097336e-01  -5.3431121e-02  -3.9785676e-01   3.3777839e-02   1.3705451e-01   4.7745426e-03  -6.6620008e-02   2.8572415e-01   1.2277511e-02  -6.0859572e-02   6.2738144e-02   2.8967675e-01  -2.1762346e-02  -1.8889773e-01   3.5241316e-01   3.5730306e-01  -3.9492079e-01   2.0060708e-01   3.8419735e-01   1.1180404e-01  -8.1803647e-02  -7.5191398e-02  -2.2757584e-02   2.5256314e-01   5.8361580e-02  -2.1506561e-01  -2.9143823e-03   2.1486893e-01  -1.1573022e-01   4.2355640e-01  -2.0221123e-01   9.4473614e-02  -2.7738388e-01   6.1104315e-02  -7.0058283e-02   1.0860446e-01   6.3899006e-02   5.1861137e-01   1.6915906e-01  -4.2480716e-02   2.1574217e-01  -2.8703410e-02   5.6603694e-03   1.0817823e-01  -1.2777282e-01   3.4184015e-01  -1.4125010e-01  -3.4390288e-02  -1.2629414e-01  -2.0267734e-01  -2.4673077e-01   3.5254075e-01  -1.2297334e-01   6.0843749e-03   2.0281419e-01   3.2905885e-01  -2.7875845e-01  -3.2193061e-01  -9.6705529e-02   6.9328005e-02   5.5497183e-02  -2.1770948e-01   2.7834199e-01   2.1795742e-01  -1.0563835e-01  -8.1165268e-02   3.0170630e-01   2.7758977e-01  -4.8582398e-02  -6.4383343e-02  -1.6540469e-01   1.3482489e-01  -2.5165277e-04  -2.5237840e-01   3.2373010e-01  -2.8151606e-01  -9.9764944e-02   1.1278190e-01   1.3136977e-01  -2.0712589e-01  -2.7586937e-02  -9.1859279e-02   1.1720039e-01  -8.5637938e-02  -1.7559790e-01  -1.7514543e-01  -1.6145822e-01  -1.6734761e-01   3.1552759e-01   1.3775027e-02  -1.4132672e-01   7.0704762e-01  -2.8278639e-02   4.3942911e-01  -1.8167173e-01   6.2345675e-02  -2.1811982e-02   2.3646232e-01  -3.3614215e-02   5.9665377e-01  -1.6620029e-01  -2.5664791e-02   1.4190119e-01  -2.5496625e-02  -1.3822881e-01   1.1982270e-01  -6.2729078e-02   4.1751017e-02  -4.0998861e-01  -1.0949366e-01   3.5673731e-01   2.4101674e-01   1.9956638e-02   2.2600985e-01   2.4458911e-01   4.7788919e-01  -3.4495011e-01  -2.2193346e-01   4.2154099e-01   3.4576681e-01   1.5025375e-03  -3.9071592e-02
  -1.4200293e-01  -2.2536897e-01  -1.5187981e-01  -1.6985049e-01   6.0216362e-02  -1.6398440e-01   1.8541189e-02  -7.4774793e-02  -2.0791603e-01   8.8798284e-02  -1.9361201e-01  -1.5203683e-01   0.0000000e+00   1.8275247e-01   4.4043206e-02   6.0849321e-02  -1.0899422e-01  -9.4091090e-02  -8.2961173e-02   2.3809711e-01  -1.6134126e-02  -7.4039986e-02   1.0806503e-02  -2.2813464e-02   1.5919375e-01  -1.4668514e-01  -1.2838024e-01  -1.2336151e-01   7.0760495e-02  -3.1498490e-01   3.1459110e-02  -1.0371079e-01  -4.1037727e-02  -9.3089870e-02  -1.3542956e-02  -1.4840802e-01  -5.8740839e-02   1.4314574e-01   8.3235179e-03  -2.4440700e-02   1.8441174e-01  -1.4765132e-01   1.6876671e-01  -1.3094204e-01  -9.9873606e-02   8.5826960e-02  -5.3877987e-02  -9.7822412e-02   2.7186829e-01   3.3819061e-02  -2.6834491e-02  -1.8734773e-01  -3.3150941e-01  -1.2632858e-01  -2.1964652e-01  -1.9150679e-01  -1.4265820e-01  -4.7671256e-02  -1.4612223e-01  -1.4428305e-03   1.7337467e-01   2.6381981e-01  -1.9041875e-01  -1.2033435e-01  -2.9560287e-01  -1.6460531e-01  -2.9426805e-01  -3.8522906e-02  -2.8519801e-01   6.0747244e-02  -2.6498319e-01  -4.6255801e-02  -1.1929897e-01  -8.7297767e-02   5.3496996e-02   5.5657069e-02   8.1999239e-02  -1.7754196e-01  -5.8241190e-02   1.5488500e-01   9.1909955e-03   1.3354130e-01  -7.4531392e-02  -2.3151196e-01  -6.8724204e-02   3.2702897e-02   4.7323010e-02   3.2588510e-02  -1.3658230e-01   6.7209013e-02  -1.1840385e-01   1.2036083e-01  -2.0578388e-02   1.0545819e-02   1.7065796e-01   4.1953053e-02   1.3236605e-01  -5.8246524e-02  -3.5027594e-02   1.4445327e-01  -2.2520406e-02  -1.3542797e-01  -3.6347810e-02  -2.3460840e-03  -2.1270861e-01   6.9401664e-02  -1.0028972e-01  -2.5804250e-01   2.7640470e-01  -2.2031886e-01   5.4807300e-02  -1.1231277e-01  -1.2705063e-01   8.0256609e-02   2.2216807e-01  -9.1101615e-02  -9.8516812e-02   1.4009928e-01   7.9823057e-02  -1.0616539e-01   8.9403218e-02  -1.2998335e-02   9.0305548e-03  -2.8530833e-01   3.7320699e-02  -7.6731075e-02  -1.5862195e-01   1.6828090e-01  -1.3510751e-01  -6.3426493e-02   3.6392608e-01  -8.9262162e-02  -1.7418703e-01  -1.3330498e-01   1.2219124e-01  -5.4357226e-02  -2.5668729e-02   1.2536141e-02  -3.0964833e-02   3.0598246e-02   6.3692561e-02   3.6773387e-01  -2.7571607e-01   4.2345423e-02   3.3872437e-02  -1.2011249e-01   1.5551181e-02  -3.5386366e-01  -3.8282090e-02  -1.6413935e-01  -4.1338700e-02  -4.5782586e-02  -6.1982924e-03  -1.9483207e-01  -1.3020341e-01  -1.4852392e-02   5.7840149e-02  -1.0039012e-01  -8.0853229e-03  -1.2134223e-01  -8.0453214e-02  -2.7824817e-01  -2.2290142e-02  -1.7478294e-01  -1.6478168e-01  -1.5531181e-01  -1.7941486e-01  -6.7167699e-02  -1.0582931e-01  -6.6364035e-02   3.3225444e-02   2.5845723e-01  -1.0180055e-01  -6.6158285e-02   6.7864873e-02  -5.0201979e-02  -3.2280391e-02
   1.5230105e-01   2.2388146e-02  -2.2365035e-01  -2.3318770e-02  -3.0435918e-01   1.5699926e-01   1.9681156e-01   4.0880157e-02  -3.8778873e-01  -1.1438109e-01  -2.4253686e-02  -6.5027376e-02   1.8275247e-01   0.0000000e+00   3.8378548e-01   2.0128340e-01  -2.5154539e-01   1.0640729e-01   9.0141771e-02  -3.1811783e-01   4.3589058e-01   1.0421513e-01   3.7136971e-01   6.7355843e-02   6.4756829e-02  -1.4753306e-01  -3.8880965e-01   4.0128149e-01  -2.0358146e-02  -8.6503434e-02   5.8067216e-01   6.0607202e-03   9.9952659e-02   4.5325973e-03   3.3463406e-02  -2.4650410e-01   7.1936307e-02   3.7649884e-01  -1.1752822e-01  -1.7166486e-01   6.2304179e-02   4.5890560e-02  -3.4463347e-01   1.1196645e-01   3.1288053e-02   1.1885984e-01   4.7515265e-03   2.6003699e-01   2.7209528e-01  -3.3664264e-01   3.8997358e-02  -1.6574574e-02  -2.8952351e-01  -1.0684351e-01   2.6807328e-01   2.4993001e-01   1.2094810e-01  -8.5666919e-02   2.5152097e-02   6.7107351e-02  -1.3173055e-01   1.9403825e-01  -1.2502204e-01   2.7551670e-01  -2.4314908e-01   4.7303749e-02  -1.3141769e-01  -6.3371541e-02   6.0629158e-02   1.3517102e-01  -1.8133487e-01  -8.9943219e-02  -3.0939879e-01   2.6849301e-01  -6.9780085e-02   1.2378526e-02   1.3899564e-01   2.8186359e-02  -2.0173427e-01  -1.1922428e-01   4.8318431e-01   8.1390993e-03   2.1936969e-01   2.1569525e-01  -1.7544838e-02  -2.2901583e-02   1.5946118e-01   3.1886896e-01  -2.3686678e-01   1.9219595e-01  -2.6753529e-01  -2.7561741e-01  -1.5846653e-01  -2.9133150e-01   3.5242102e-01  -3.1536278e-01   5.7309609e-02   5.9192045e-02  -2.2283513e-02   2.5980131e-01   3.0015741e-01   2.0319782e-01   5.0564951e-01  -9.9020941e-02   6.9316432e-03  -1.6760056e-01   5.6595661e-02  -7.3834696e-02   6.2588907e-02  -1.4103467e-01   4.0199873e-01   1.7569665e-01  -1.3161977e-01   2.2332361e-01   5.2297871e-01  -4.1308870e-01   1.2225890e-01   1.0189745e-01   4.3829694e-01   6.4845660e-02   2.1058705e-01  -4.4271050e-01  -2.8699647e-01  -2.3675090e-01   2.5455122e-01   3.3702107e-01   7.1296969e-03   1.4465555e-01  -2.2191945e-01   8.9314026e-02  -1.7024801e-01  -5.3580329e-03   3.9518564e-01   4.9089976e-02  -3.2603805e-01  -1.3277448e-02  -2.2510598e-02   5.3956175e-01   3.5504465e-02   1.6704674e-02   2.4070500e-01  -2.2102052e-01   3.8476756e-02   3.3219682e-01   3.0749352e-01  -4.2135793e-02   1.0610486e-01  -2.2230133e-01   5.2728025e-02   1.2837079e-01   3.8487303e-01   3.5782814e-01   3.0792831e-01  -1.7642044e-01  -1.8218591e-01   2.4022718e-02   1.8057046e-01   1.6026692e-01  -2.8941430e-01   4.5157286e-01  -1.7987771e-01  -4.6269392e-02  -1.3444634e-01  -7.6331476e-02  -2.0016444e-01  -3.5448067e-01  -1.8511222e-01   1.7772921e-01   2.0856999e-01   8.3545521e-02  -2.8848033e-01   1.1445781e-01  -2.6203775e-01   6.6572701e-02   1.2131057e-01  -4.1525124e-01  -2.2829073e-01
