   0.0000000e+00  -1.5507501e-01  -2.4091748e-01   2.5343433e-01  -3.4860802e-01  -4.4751195e-02  -1.5361562e-01   1.6080740e-02   2.2546825e-01  -2.2357177e-01   5.5512897e-02  -6.2801885e-02   1.4806472e-01   1.8409745e-01   5.2887521e-01   1.9350141e-02  -1.9652232e-01  -8.4731427e-02  -9.8912668e-03  -3.3232572e-01  -4.3501086e-01   4.2770774e-02   9.5377609e-02   7.2028506e-01  -2.5628962e-01   3.6574863e-01  -4.6910417e-01   2.2446869e-01  -1.8838306e-01   1.9227582e-01  -5.9697341e-02  -1.0552529e-02  -2.2099628e-02  -5.8737639e-02   2.2875900e-01  -3.8031582e-01  -2.2095377e-01   1.6338076e-01  -6.8950546e-02  -2.7458610e-01   2.7012644e-03  -6.2562864e-02  -3.0459569e-01  -7.6935090e-02  -9.2905962e-02   2.6293348e-01  -1.9513036e-01  -3.0312217e-01  -8.9280518e-02  -2.8252572e-01   1.4625776e-01   6.3578680e-02  -3.2022781e-01  -1.2089780e-01   1.3106878e-01   1.4852748e-01  -4.5033653e-03   1.9774565e-01   3.8528318e-03   4.7351526e-01  -1.0254069e-01   7.9548366e-02   5.2805380e-02  -2.3585517e-02  -2.7402546e-01  -1.6784540e-01  -1.4832308e-01  -1.0881425e-01  -2.3815769e-02   1.9105410e-01  -4.1182244e-01   6.7727857e-02  -2.8348876e-03   6.1394061e-01   3.2487685e-02  -2.3844031e-01   7.5460381e-02  -8.7727249e-02  -2.8142424e-01  -9.6043695e-02   6.1578188e-01   2.2626413e-01  -3.3550920e-01  -1.0654129e-01   1.3643690e-01   1.3427198e-01   2.8609942e-02   6.0882525e-01   1.9844180e-02   7.4505259e-01  -3.3035447e-01  -8.5695669e-02  -4.1874694e-01   2.5777276e-01   4.5529960e-01  -2.6654232e-01  -3.9016068e-02  -8.8280903e-02  -2.7364998e-01   1.9037846e-03  -6.9264016e-03   3.5116371e-01  -1.6273444e-01   2.9672469e-01   2.4694749e-01   2.3483681e-02  -2.9567022e-01  -4.5795654e-02   4.9688068e-02  -5.4052697e-01  -1.1913857e-01   3.2860824e-01   1.8518527e-01   8.2194983e-01   4.0084970e-01  -3.5788565e-01  -2.6694433e-01   9.0674580e-02   2.1668843e-01   2.1780298e-01   4.2427636e-01  -4.5977290e-01  -8.7897371e-02   1.8983340e-01   6.5747225e-01   7.4638691e-01   4.0244178e-01  -5.5187892e-02   8.7321211e-02  -4.3159464e-02  -5.3570246e-02  -3.0256024e-01   5.1594259e-01   5.8416320e-02   5.8209872e-02   1.9260377e-02   2.0421315e-02   8.7417654e-02   5.8972617e-02   7.2058920e-01   6.7107613e-01   4.5372800e-02   1.5168477e-01   1.9442995e-01   5.4111844e-01   1.0264766e-01  -2.7884151e-01  -4.2827363e-01  -3.6963962e-01  -2.0487936e-01   5.2029428e-01  -1.5054473e-01   4.8800475e-01  -3.0953435e-01  -2.9587370e-01   6.8742878e-01   4.7599086e-01   9.3791324e-04  -2.8853940e-02   3.3238021e-01  -3.5250039e-01  -5.3219523e-02  -4.9772955e-01   4.3657941e-02   1.7500695e-01  -3.0868766e-01  -7.2498257e-03   2.7540895e-01   3.3552685e-01  -3.5302757e-01  -3.3509682e-01   2.9224806e-01  -1.6078882e-01  -6.4451860e-02  -4.3282330e-02  -1.1835272e-01   4.6626825e-01
  -1.5507501e-01   0.0000000e+00   1.5024714e-01  -1.3572685e-01   4.2952122e-01  -8.6827073e-02   1.1289251e-01  -2.5313095e-01   1.3720424e-01  -2.2812850e-02  -3.8889153e-01   9.9725205e-02  -1.5230906e-01   9.6028132e-02  -5.9243720e-02  -2.6437125e-01   2.3713999e-01  -3.3503662e-01   1.7055540e-01   1.3764875e-01  -1.6191112e-02  -4.1728995e-01  -4.3069031e-01  -2.1314352e-01  -4.2027282e-02   6.0805209e-02   1.8894845e-01  -1.4776023e-01   1.7814511e-01  -3.2155275e-01   7.9826866e-02  -3.7719072e-01  -1.1941847e-01  -3.0458644e-02   3.0024556e-02   3.8031010e-02   1.7688693e-02  -4.5788403e-01   6.1937083e-02   3.3172051e-01   7.2514837e-02  -3.1022855e-02   3.7875320e-01  -2.5747429e-01  -8.8637933e-02  -4.3720527e-01  -3.6034003e-01   5.0931546e-01   2.3529536e-01   2.9704348e-01  -6.1161050e-01   3.8660161e-02   5.1012063e-01  -4.7398306e-03   1.6277021e-01  -2.6522819e-01   2.3280644e-01  -3.8714407e-01  -1.9711284e-01  -3.3201673e-01  -3.4631332e-01   3.3705540e-02   5.7694801e-01   2.3811490e-01   4.0822579e-01  -4.2734803e-01   7.9013834e-02  -5.5728418e-02  -3.9939231e-01  -2.7759868e-01   6.4472903e-01  -3.2696225e-01   1.0718198e-01  -1.3483838e-01  -6.3779125e-02   1.1888411e-02  -4.2498194e-01  -1.0320193e-01   6.6362364e-01   1.5158282e-01  -2.0194705e-01  -4.7274015e-02   2.1486816e-01  -3.4530474e-02   1.9167627e-01   1.1188898e-01   4.5314971e-01  -3.6377853e-02   3.3661361e-02  -1.0606721e-01   4.9074069e-01  -2.9484136e-01   1.8405066e-01  -8.5672515e-02  -4.7594829e-01   4.0733295e-01   1.0096147e-01   6.0600491e-02   1.4951955e-01  -4.7436211e-01   1.3343775e-01  -5.8601435e-01  -2.0781196e-01  -1.7548553e-01  -4.5439478e-01  -2.6985451e-01  -6.1711833e-02  -2.2166139e-01   9.9829725e-02  -4.6191639e-02  -1.7311352e-01  -4.2505069e-01   8.8760887e-02  -3.2531184e-01  -1.8550367e-01   6.1669086e-01  -5.2350527e-02  -1.6792158e-01  -2.9908145e-01  -1.5543771e-02  -2.3900736e-01   2.7995634e-01   2.2688279e-01   8.9644629e-02  -3.2110039e-01  -2.4413665e-01  -2.9447458e-01   1.5657856e-02  -1.9760555e-01  -1.0946248e-01  -1.5653169e-01   1.9930826e-01  -1.6123939e-01   2.2339357e-02   6.3324309e-02  -2.2993110e-01  -1.9404739e-02   7.3876362e-04  -2.7166490e-02  -1.9939875e-01   8.5995459e-03   2.5092560e-02  -5.4332099e-01  -3.4582626e-01  -3.3673590e-01  -1.2553984e-01   3.5032630e-01   7.8598216e-02  -1.1397507e-01   2.2883003e-02  -2.4747743e-01   3.8436638e-02  -2.1307911e-01   2.4882617e-01   3.2428645e-01  -7.9377536e-02  -4.3377290e-01  -4.4020269e-02  -2.2206668e-02  -1.4073241e-01   2.3272473e-02  -4.7010328e-01   3.9482095e-02  -5.1157198e-01  -2.2756425e-02   4.8303448e-01  -1.2884081e-01  -3.0976012e-01  -2.4808788e-01   5.1514872e-01   3.4021815e-01  -3.9235106e-01  -1.7491268e-01  -2.1307754e-01   1.5267162e-01   3.7910668e-02  -1.6003788e-01
  -2.4091748e-01   1.5024714e-01   0.0000000e+00  -5.5520713e-02   3.4603784e-01   1.2838225e-01  -5.8705054e-02  -2.0951869e-01  -1.7138127e-01   6.6792862e-02  -3.2556863e-01   1.9113136e-01  -6.5369231e-02  -6.7714710e-02  -2.4363218e-01  -1.4361744e-01   8.8705748e-01  -4.9957278e-02   8.2942683e-02   3.0243899e-01   2.8061493e-02  -2.6810960e-01  -3.3920191e-01  -2.9361828e-01  -7.4855752e-02  -3.4586932e-01   3.1254819e-01  -1.8659839e-01  -4.9196771e-02  -4.3982779e-01  -3.0483665e-02  -3.6131622e-01   1.8585141e-01  -9.5427744e-03  -1.8711058e-01  -6.1517645e-04   5.3352751e-02  -1.9533885e-01  -1.1086750e-01   7.8531815e-01   1.4237643e-03   2.1095737e-01   2.1514875e-01   2.7575280e-02  -1.6682492e-01   6.4310787e-02   5.0988611e-02  -7.2789161e-02   3.2525372e-02   7.3121156e-01  -2.7332573e-01  -2.0908458e-01   3.1719382e-01   3.1452019e-01  -1.0352098e-01  -8.7064840e-02   7.8015356e-02  -2.5686687e-01  -1.0422084e-01  -4.1940717e-01   3.4946317e-01  -1.6506390e-01   2.1549919e-01  -2.2705289e-01  -1.1657403e-01  -1.4338016e-01   5.0302976e-02  -9.9732518e-03  -2.1162332e-01   2.5461991e-01   4.0537188e-01  -3.0590165e-01  -1.7696259e-01   1.6981074e-02   1.2808143e-02  -1.3916644e-01   2.5693904e-02   5.5239308e-02   4.2903241e-02   4.6190555e-02  -2.9693383e-01  -4.2342542e-01   5.7122405e-01  -1.1195501e-01   5.7233628e-01   8.0946804e-02  -7.8214216e-02  -1.7024562e-01  -1.8041958e-01  -3.5310806e-01   2.4216815e-01   5.3005047e-01   2.4968670e-01  -1.9180666e-01  -2.7900431e-01   3.8982039e-01   2.8057204e-02  -6.1033275e-03  -1.4551494e-01  -4.1409918e-01   4.2519957e-01  -3.7637950e-01  -1.4537389e-02  -2.9468334e-01  -4.1479832e-01  -1.7960580e-01   2.4053286e-01  -2.7368610e-01  -1.5826319e-01   4.8306620e-01   3.0198011e-01  -3.8955723e-01  -1.7270165e-01  -2.7526860e-01   3.7263580e-02  -3.1933988e-02   7.2829986e-03  -3.0722596e-01   9.1319646e-02   4.5507873e-02  -2.5752821e-01   3.7203196e-01   2.2235241e-01  -3.4792525e-01  -2.3035514e-01  -3.3484387e-01  -3.1164220e-01   2.0659441e-01  -1.2060406e-01   4.6991814e-01  -1.4277670e-01  -1.6323219e-01  -6.0213326e-03   4.2686815e-03   6.6972493e-02  -1.9294807e-01  -3.2271120e-02   4.5924577e-02  -3.7410590e-03  -4.4621300e-01  -2.0795689e-01  -2.9806572e-02  -3.5608859e-01   1.9603781e-01  -2.8566385e-01  -3.6288130e-01   6.5838693e-01  -4.7391995e-02  -2.8056242e-02  -3.4921153e-01   2.4338653e-02  -2.7880159e-02   7.6552620e-02  -1.6540836e-01   7.3852315e-01  -2.9293253e-01  -1.6671961e-01  -1.6726960e-01   6.3349125e-01  -2.6662291e-01   1.3287053e-01  -1.2115738e-01   1.3574510e-01  -2.8748769e-01  -1.5484142e-01   6.4017956e-02  -2.9400592e-01  -6.4356194e-02   1.6577449e-01   3.1224582e-01  -9.9075429e-02  -1.2552689e-01  -3.1176003e-01   2.5663206e-01   9.1609699e-02   3.2128918e-01  -2.1987158e-01
   2.5343433e-01  -1.3572685e-01  -5.5520713e-02   0.0000000e+00  -8.3089405e-02   1.4713052e-01   1.3911749e-02   1.0603611e-01   1.0769261e-01  -1.7690647e-01  -1.2430657e-01   2.1694926e-01   9.5742236e-02  -8.9314616e-02   2.3722817e-01  -2.0587015e-01  -7.6851670e-02   1.5324570e-01  -6.4997110e-02  -1.5247025e-02  -1.5099064e-01  -6.4022677e-03   1.6481592e-01   1.1422156e-01  -2.0727956e-02   1.9563595e-01   4.1694591e-02   8.8833275e-02  -2.8874606e-01   5.8165785e-02  -1.8410851e-01   2.7428587e-01  -1.0301753e-01  -1.9914177e-02  -3.5596499e-02  -2.1727528e-01  -1.3465941e-01   1.0869294e-01  -2.4901116e-01  -7.0078763e-02  -1.6414777e-01   1.0430959e-01  -3.5224714e-01  -1.3992993e-01   6.4939674e-02   3.0272322e-01   6.7909364e-02  -3.4040093e-01  -1.8010231e-01  -2.7292741e-01   1.9530642e-01   1.4998674e-01  -1.9504344e-01  -5.9939824e-02  -2.2780779e-01   7.7102028e-02   1.4486727e-02   1.5082191e-01  -1.1829722e-01   3.7997649e-01   3.8960379e-02   1.3697150e-01   3.1092690e-01  -3.7268318e-02  -2.7108013e-01   2.1974185e-01   8.9417664e-02  -1.4943916e-01   1.4367450e-01   2.7485348e-01  -2.8129615e-01   3.1418216e-01  -2.4414872e-01   3.0121733e-01   1.2844571e-01   1.9312438e-01   6.3634283e-02   2.4040860e-01  -3.0243205e-01  -3.0632642e-01   2.1797307e-01  -1.2556154e-01  -2.3910697e-01   7.4728045e-02   7.1106376e-02   1.7536279e-01  -1.0472535e-01   1.5716337e-01  -1.0012380e-01   6.4474819e-02  -2.0144916e-01   1.5101301e-03  -1.8230492e-01  -1.1143692e-01   3.9697649e-01  -2.2480824e-01   1.6841645e-01   5.7174346e-02  -1.4106227e-01   9.7640153e-02  -1.4315137e-01   1.5406974e-01   1.1369630e-01   1.4280011e-01   4.8868826e-01   2.9014801e-01  -2.4686666e-01   1.8965608e-01   1.0868076e-01  -1.4069856e-01   1.2057155e-01   3.3874872e-01   5.7840756e-01   3.0753799e-01   9.8274344e-02  -3.8192241e-01   3.8077411e-02  -5.1056250e-03   8.8177624e-02   7.7471197e-01  -1.5150996e-01  -6.5523320e-02  -1.8686901e-02   3.4144291e-02   2.8357261e-01   3.2823396e-01   2.3872081e-01  -5.1528604e-02   7.3568314e-01   8.3001962e-02  -3.1599159e-01  -3.2568856e-01   3.0889942e-01  -1.4194624e-01   2.0317461e-01   2.4853330e-01   1.1035871e-01  -8.0071236e-02   3.0781044e-01   1.1785480e-01  -7.7442094e-04   2.3679372e-01   2.2266752e-01   1.5635288e-01   1.0963565e-01   1.1794921e-02  -1.6544062e-01  -1.7309504e-02  -9.3154757e-02  -3.7215817e-01   2.8923955e-01  -1.0434396e-01   1.2179067e-02  -3.0131329e-01  -1.4121409e-01   1.2844150e-01   1.6523480e-01  -9.1445338e-02   2.9918919e-01   7.8204554e-02  -2.9107721e-01   5.4966156e-02  -2.8397420e-01   3.3323061e-01   5.4131388e-01  -3.6117125e-01   4.6343189e-02   2.0778124e-01  -4.8270006e-02  -1.3324656e-01  -2.3762108e-01   2.2857358e-01  -1.7709528e-02   9.8348410e-02   9.0769990e-02   1.2672603e-01   3.5902223e-01
  -3.4860802e-01   4.2952122e-01   3.4603784e-01  -8.3089405e-02   0.0000000e+00  -1.4480369e-01  -2.6378709e-01   8.5204584e-02   4.6182128e-02  -1.6876816e-01  -1.6712796e-01   8.1993932e-02   4.2319028e-02  -2.1265395e-01  -2.7215336e-01  -1.6551706e-03   4.1589417e-01  -7.6189567e-02  -9.2275765e-02   6.8332332e-01  -8.0008144e-02  -3.2477317e-01  -5.5101162e-01  -3.0077179e-01  -5.9117784e-02  -9.1098459e-02   4.0093021e-01  -3.7308008e-01   2.6722455e-01  -3.5745245e-01   1.2041680e-02  -9.3319689e-02   5.7875541e-02  -2.8318146e-01  -1.0558537e-01   4.5850323e-01  -1.9867927e-02  -2.7062742e-01   1.9910720e-01   5.4125822e-01   2.7603565e-01   1.8382401e-01   4.6045593e-01  -1.2208502e-01   1.4512816e-01  -1.7639326e-01  -5.7634281e-02   5.7335814e-02   1.1978839e-01   5.6265155e-01  -2.8028690e-01   1.3651143e-01   2.8389410e-01   2.6046944e-01   4.4141230e-02  -2.2601162e-01  -1.3478397e-01  -2.8439333e-01  -1.7786712e-01  -3.7714212e-01   1.9507288e-01   1.6495711e-01   3.9324454e-01  -1.3020712e-02   4.6083304e-01  -2.9951220e-01   1.9717127e-01   9.4435394e-02  -1.3263881e-01  -3.4419945e-01   3.7316729e-01  -1.8279927e-01  -1.9972469e-02  -4.1105499e-01  -1.4196810e-01   1.9663303e-01  -1.6352832e-01   1.9175759e-02   6.3480876e-01   2.0254814e-01  -5.3824908e-01  -1.8022092e-01   2.4624308e-01   2.6556437e-02   1.5356804e-01   2.4836081e-01   6.0400448e-02  -1.5936493e-01   8.4103344e-02  -1.6741488e-01   7.2930071e-01   2.1056299e-01   1.6252316e-01  -1.7680765e-01  -2.8937186e-01   7.8543565e-01   2.0577504e-01  -2.0004964e-02   4.2386085e-01  -4.4468661e-01   4.8426897e-02  -4.4030494e-01  -1.1565050e-01  -2.3228199e-01  -2.5155184e-01  -1.3325626e-01   1.7781057e-01  -8.6439938e-03   3.7509625e-02   1.7568517e-01  -3.0736186e-01  -4.5593824e-01   1.3689335e-01  -3.7242235e-01  -4.8273669e-01   5.7230319e-01   2.0632612e-01  -1.6957089e-01  -3.0797704e-01  -4.3626024e-02  -2.8907419e-01   7.7730107e-01   4.8641725e-01   1.3662609e-02  -3.4080427e-01  -3.6502078e-01  -2.1470711e-01   2.3559578e-01  -1.0439526e-01  -1.4486892e-01   2.1961725e-02   1.8876231e-01  -2.7081342e-01  -2.3237241e-02   2.1109103e-01   1.6286210e-02   2.6401700e-01  -2.9904096e-01   1.5480036e-01  -3.1845505e-01  -3.1053743e-01   3.4081729e-01  -3.5396193e-01  -4.7784218e-01  -4.2801061e-01  -5.6675851e-02   2.0366272e-01   2.9384404e-01   2.0260203e-02  -5.9945784e-02  -4.0210493e-01  -2.5686321e-02  -1.5901502e-01   3.3132038e-01   3.9501679e-01  -2.5794969e-01  -4.1911563e-01  -1.3493178e-01   3.9458595e-01  -4.6292654e-01   3.3375305e-01  -2.0837121e-01   2.0893201e-01  -1.7042652e-01   3.8943096e-02   5.5070702e-01  -1.6722003e-01   1.7266296e-02  -1.6280539e-01   3.1678504e-01   3.8578371e-01  -3.3199611e-01   1.6399421e-02  -2.7556220e-01   2.6423619e-02   3.7119258e-01  -2.2337263e-01
  -4.4751195e-02  -8.6827073e-02   1.2838225e-01   1.4713052e-01  -1.4480369e-01   0.0000000e+00  -3.0010536e-03   4.1195169e-02  -2.2531715e-01  -6.6154385e-02   1.3110679e-01   8.1610774e-02   3.9949685e-02   9.6664546e-02  -1.4082781e-01  -1.2004666e-01   6.7092614e-02   2.4326965e-01   4.5087188e-02  -1.2062841e-01   2.6746849e-01   8.1134949e-02   4.5251538e-02  -2.0658860e-01   7.2807404e-02  -1.9885131e-01   2.3862703e-01   1.5433312e-01  -2.6924425e-01   1.4550421e-01  -2.0875599e-01   7.7308179e-02   5.0641483e-02  -8.3294705e-02  -3.1504649e-01  -2.0857330e-02   1.2992926e-01  -6.0562332e-02  -9.6020698e-02  -1.0661493e-02   3.8113414e-02  -6.5641965e-03  -2.2650464e-01   1.5590860e-02  -7.1639894e-03   2.0824633e-01   3.6558814e-01  -6.1193919e-02   2.1558243e-02  -1.1032575e-01   9.3570539e-02  -6.6022845e-02  -1.4811100e-01  -1.3121422e-02  -1.6258447e-01   4.2271735e-01   3.5840125e-01   6.8070740e-02  -5.3535261e-02   1.8598315e-03   5.3775600e-02   9.5390313e-03   3.3177728e-02  -1.1245149e-02  -1.8658975e-01   3.2363409e-01   3.7403397e-01  -1.4045576e-01   4.7511551e-01   3.0509760e-01  -1.1215038e-01   1.4598527e-01   5.5814914e-02   3.1069982e-01   2.0674157e-02   1.7615074e-01   3.2497135e-02   5.9809847e-02  -1.7677825e-01  -3.1799194e-02   4.9514265e-03  -9.7805084e-02   1.0564770e-01  -1.8558572e-01   1.1668585e-01  -1.1035537e-02  -2.7295880e-01  -5.0005570e-02  -1.0103583e-01  -1.1253350e-01  -1.0555231e-01   9.8446333e-02  -1.0621976e-01  -1.0895847e-01  -1.2904892e-01  -1.2919491e-01   9.5473521e-03  -3.9857004e-03  -4.4903716e-02   1.5379138e-01  -5.3647278e-02   9.8246009e-02   3.1066374e-01  -1.3321399e-01   9.2861299e-02   2.5652751e-02  -6.4208984e-03   2.1665527e-01  -1.4374041e-01   3.0682070e-01   1.9934425e-01   3.1647603e-01  -4.6972726e-03  -9.6826517e-02   8.5879120e-02  -1.3986704e-01  -1.2077692e-01  -1.0453778e-01   1.5600487e-01   2.2052567e-01  -1.8184594e-02  -1.2320041e-01  -2.3238357e-01  -2.5453602e-01  -7.4451052e-02   3.5767162e-02  -1.1096935e-01   1.5461802e-01   2.4059996e-01   2.3452773e-01  -8.9368063e-02  -5.9885642e-02   5.2643246e-02  -2.4711579e-01  -1.4264191e-01   3.1029617e-02  -1.1540790e-01  -1.0281038e-01   4.8522780e-02  -2.8053446e-01  -1.6886373e-01  -1.9759699e-01   1.8952671e-01   3.0700542e-01  -9.7992538e-02  -8.9867253e-02   4.7634945e-02   3.1525073e-01   2.0455592e-01  -9.8646495e-02   2.8013230e-01  -1.0599710e-01   1.0994150e-01  -1.6439983e-02   1.3283732e-01  -1.1045878e-01   2.0326949e-02   6.9299123e-03   6.5447233e-02   1.0618596e-01  -1.7543380e-01   3.3143574e-01   1.9397732e-01   1.4906954e-01   1.2340987e-01  -1.6754492e-01   7.5014080e-02  -1.1464398e-01  -4.7004864e-03  -4.6848483e-02  -1.2169747e-01  -1.6677676e-01  -2.3603202e-02   4.5091180e-01   3.2253157e-02   1.3815992e-02   1.5055134e-02
  -1.5361562e-01   1.1289251e-01  -5.8705054e-02   1.3911749e-02  -2.6378709e-01  -3.0010536e-03   0.0000000e+00  -2.7149315e-01   1.8783068e-01   6.2646468e-01  -1.1953227e-01   3.9029964e-01  -1.5878827e-01  -7.8955544e-02   1.9535807e-01   5.2625163e-02  -2.6812363e-01   1.1935400e-01  -6.0580420e-02   1.4887447e-01   9.4696944e-02  -1.6247488e-02   4.9903436e-01  -8.4573685e-02   3.8448296e-02  -3.4460744e-01   1.1439921e-01  -1.2878779e-01   1.0796541e-01   5.9484019e-03  -9.7557363e-02  -1.8339595e-01  -2.0541306e-01   6.8258158e-01   3.6905470e-01   1.2202805e-01   1.0071852e-01  -1.0964834e-01  -1.8869611e-01  -3.3722723e-02  -1.6894085e-01   6.4112076e-02   1.4360179e-01  -1.8006273e-01   6.5936175e-02  -9.4418266e-02  -1.0942612e-01   3.0512716e-01  -2.1102965e-01  -3.4065841e-01   1.9739814e-01  -1.9309219e-01  -8.8266165e-02  -2.1119179e-02  -2.5810198e-01  -1.7872723e-01  -7.4090848e-02   7.5124723e-02   1.8020078e-01   2.7367512e-01  -2.8170390e-01   1.0520406e-01   5.0329227e-02  -4.5455821e-02  -1.2570802e-01   4.9563716e-01  -2.8272278e-01  -2.8955471e-02  -1.3603733e-01   2.6090960e-01   6.1289533e-02   1.2467890e-01  -5.4566698e-02   3.5090517e-02  -1.4938031e-02  -8.1353952e-02   1.0345998e-02  -4.5435606e-02  -2.9246966e-02  -2.0342121e-01   1.7875312e-01   3.0424847e-01  -1.1276532e-01  -3.3913360e-01  -2.1813706e-01  -2.6308076e-01   1.1319644e-01  -2.7254652e-01   2.0054675e-01  -1.3304264e-01  -1.3210412e-01  -1.5380038e-01   4.6535427e-01   4.6679952e-01  -2.0801893e-02  -3.1652816e-01   5.8994041e-02  -2.0389263e-01   2.2856246e-02   4.0275361e-01  -1.5719986e-01   5.9710767e-02  -1.6043425e-01   7.0422376e-02   9.2860816e-02   9.0907414e-02  -1.3963063e-01  -3.5804293e-01   1.4163706e-01  -1.1474989e-02   4.3947359e-01  -7.9933864e-02   5.6322522e-02  -1.1133288e-01   2.6492167e-01  -8.9998335e-02  -6.6585960e-02   2.8599584e-01  -1.0560577e-01   6.8586327e-02   3.2774245e-02   4.3289470e-02  -3.9628232e-02  -1.5949712e-01  -9.4686229e-02  -6.2171160e-02  -3.4036525e-02  -2.2895962e-01   1.2279410e-01   1.3228245e-01  -4.9045600e-02   1.5573766e-01  -2.1916401e-01  -1.5162471e-01  -5.5754621e-02  -1.4677753e-01  -2.2565043e-01  -5.8218545e-03  -2.2714709e-01   1.0852034e-01  -3.9438145e-02  -1.6197663e-01  -4.3183999e-02   1.5798620e-01   2.3664534e-01  -2.8010098e-01   4.3748322e-01   1.9245373e-02   4.3544914e-01   1.8592618e-01   3.7717566e-02  -1.2610929e-01  -9.8552787e-02  -6.0507879e-03  -1.0740857e-01   3.9326702e-02   6.4524190e-02   2.5273652e-01  -3.1137042e-01   2.0390341e-01  -1.2329923e-02  -2.0166943e-01   1.8629852e-01   2.6924168e-03   1.6001935e-02   7.6229490e-02   3.0262026e-01  -2.7851151e-01  -1.0960092e-01  -1.3970768e-01   1.8917548e-01  -4.3955554e-02  -8.2665705e-02  -3.3663386e-02   6.3034642e-02  -2.8473539e-01  -1.4176616e-01
   1.6080740e-02  -2.5313095e-01  -2.0951869e-01   1.0603611e-01   8.5204584e-02   4.1195169e-02  -2.7149315e-01   0.0000000e+00   1.0210280e-01  -1.6499927e-01   2.4045140e-01  -6.2720033e-02   2.4727724e-01  -3.0535970e-01  -1.1422895e-01  -9.1299731e-02  -2.4004142e-01  -4.7183499e-02  -2.0672179e-01  -1.4313673e-02  -2.2384097e-01   1.4077468e-01  -7.2426211e-02   5.0579884e-02   9.8591310e-02   2.9319891e-01   3.8768317e-03  -1.6892457e-01   3.8026689e-04   1.9425116e-01  -2.9666198e-01   4.2124586e-01  -7.8045325e-02  -1.8419313e-01  -6.7434650e-02   8.4009835e-02  -2.0654771e-01   2.6571614e-01  -1.2565153e-02  -2.6140921e-01   1.9492812e-01   1.3771377e-01   3.1419793e-02  -6.5690969e-04   1.4705445e-01   2.1091589e-01   1.5822294e-01  -3.7144690e-01  -1.4761838e-01  -1.0455012e-01   1.6497968e-01   5.9873159e-01  -3.0696311e-01   2.6792039e-02  -2.9256197e-02   7.0201204e-02  -9.7787942e-02   3.0424017e-01  -1.5011310e-01   1.6175813e-01   2.1141096e-01   1.2084075e-02  -6.0282698e-02   1.5538834e-02  -6.8562813e-02   4.4340883e-02   1.9560782e-01   2.5665805e-01   3.4786313e-01  -1.5968062e-01  -3.4543010e-01   1.3224524e-01  -1.8102818e-01  -1.7187662e-01   1.6659052e-01   3.7389704e-01   1.3928090e-01   2.4476167e-01   2.8402396e-03   3.0193131e-02  -1.9636624e-01  -1.2888724e-01  -2.8853458e-01   4.3226422e-01  -2.8627538e-01   3.7570202e-01  -1.8853314e-01   1.1898169e-01   2.8567889e-01   9.3650616e-02   3.8448426e-02   2.7816104e-01  -3.8132965e-02  -5.1034523e-02   2.7332611e-01   1.7343219e-01   7.1256664e-02   4.0197811e-02   9.9225819e-02   1.2065876e-01  -4.5656087e-01   3.2884662e-01  -1.2033144e-01   1.4622994e-01   2.7177396e-01   1.4655277e-01   5.2953145e-02   5.6094790e-01  -3.8092097e-02  -1.2235554e-01  -2.4670582e-01   2.6320268e-01   2.3106869e-01   6.1206045e-02  -3.4534367e-01  -3.0257003e-02   2.0725024e-01  -2.4307182e-02  -2.4848210e-01   8.8530586e-02   2.2513165e-01   1.1438960e-01   2.0105815e-01  -3.7495879e-02   1.9881396e-01   4.2279184e-02  -4.8856190e-02   9.5820430e-02   1.5919499e-01  -3.7745476e-01  -4.4307144e-02  -2.0148842e-01  -3.5890540e-02  -2.9076870e-01   7.4533396e-02   5.3488096e-01   2.1020129e-01  -3.7326569e-01   4.8510383e-01   2.6177253e-02  -1.8162967e-01   2.2928020e-01   4.4937633e-01  -3.1315138e-01  -1.1253820e-01   2.7249925e-02  -3.5715460e-01   2.5723562e-02  -3.8242300e-02  -1.9597775e-01  -6.4706697e-02  -1.5342455e-01  -3.2154186e-03  -6.1669485e-03  -3.6920845e-01   2.1566314e-02   3.6439449e-02  -6.8277587e-02   1.0771327e-01  -1.5704255e-01   1.2130106e-01   3.8965155e-01  -1.4070760e-01   1.7658063e-01   3.0502353e-01  -1.5053614e-01  -8.5807282e-02   3.6033936e-01  -4.7247554e-02  -1.6930834e-01  -1.9070021e-02   1.0601841e-01   8.6268323e-02  -2.1097778e-01   3.7115420e-02   1.4219679e-01   2.4240955e-01
   2.2546825e-01   1.3720424e-01  -1.7138127e-01   1.0769261e-01   4.6182128e-02  -2.2531715e-01   1.8783068e-01   1.0210280e-01   0.0000000e+00   5.4025145e-02  -6.9135651e-03  -1.2891202e-01   1.5786033e-01  -7.6093445e-02   1.3476685e-01   2.3452100e-01  -2.0494568e-01  -6.2339215e-03  -1.8349346e-01   2.6837137e-01  -2.2790522e-01   1.2131092e-01   3.7613209e-02   1.0997779e-01   1.5852672e-01   1.2207265e-02  -9.7030007e-02  -3.2527604e-01   8.9258363e-02   3.3954729e-01  -2.5097380e-01   8.0418613e-02  -1.1366046e-01   1.2037190e-02   5.4074541e-01   7.3171051e-02  -2.8882945e-01  -3.4432773e-02   2.1373013e-01  -4.6974342e-02   2.3319541e-01   2.5440730e-01   2.9794735e-01  -2.1881712e-01   2.2156306e-01  -8.7234838e-03  -2.9993140e-01  -1.3541598e-01  -7.7734255e-02  -1.0698113e-01   2.2815513e-01   2.2538389e-01  -1.4519518e-01   6.6736284e-02   5.0431971e-02  -2.5161314e-01  -1.3538906e-01   2.9377539e-01   1.4523728e-01   4.0986953e-01   5.7791531e-03   3.1980610e-01   1.3515882e-01   3.8915701e-02   2.2219789e-01  -2.1742080e-02   5.3199968e-02   2.5534280e-01  -3.8770946e-02  -8.7421416e-02  -1.7990894e-01   1.3021386e-01   1.7651773e-01  -1.0059039e-01   5.4277094e-02  -9.9967301e-02   1.1108636e-01   5.8565065e-02   4.6567591e-02   2.1709267e-01   9.4832772e-03   3.4505435e-01  -2.9516688e-01  -3.9449886e-02  -1.7117739e-01   3.9282646e-02   3.9518912e-01   5.9660678e-02   1.7454593e-01   2.0463766e-01  -3.9238539e-02   7.3881646e-02   2.5304765e-03   4.8028773e-01   2.8408997e-01   4.0403979e-02   3.3033000e-01  -5.6563670e-02   3.1273577e-01   1.2878818e-01  -2.0716189e-01  -8.1087004e-02  -3.4226518e-01   6.4065508e-01   1.1137562e-01   1.6473430e-01   1.5941572e-01  -1.8448056e-02   5.1315691e-02  -3.8586515e-01  -1.5648037e-01  -6.4565809e-02   1.6161648e-01   1.2058772e-01  -9.0544205e-02  -5.5909041e-03   2.0446166e-01   2.5616356e-01  -2.8632233e-01  -7.5537366e-02   2.8825254e-01  -2.8978619e-03   1.8533163e-01   4.3691753e-01   1.5824330e-01   1.4721436e-01   2.0455289e-01   9.1299346e-02   1.4164958e-01  -2.0215474e-01   2.2272592e-01  -1.2015148e-01   1.1773907e-01  -4.9428753e-02   4.1150590e-01   9.2703511e-02   3.0260261e-01  -6.3259653e-02  -1.0450573e-01   3.4153090e-01   1.2380832e-01   1.5731665e-01   1.4083805e-02  -2.7497116e-01   3.0136826e-01   5.2280657e-02  -5.8898051e-02  -1.9208405e-01   2.6401185e-02   5.4776004e-02  -1.5297181e-01  -1.8183767e-01   1.1063526e-01   3.1065542e-02  -1.6946524e-01   1.8901269e-02   1.8115449e-01   1.7929663e-01  -5.8652902e-02  -1.2654037e-01   1.5923546e-01  -1.4467084e-01  -2.3854555e-01  -3.5486693e-02   2.0455465e-01  -1.5022050e-02  -1.4501404e-02  -4.4292258e-02   1.9012612e-01  -2.1195931e-01   5.1751238e-02   1.2780997e-01   1.3214729e-01  -4.3853091e-01  -4.7854279e-02   1.0061562e-01   2.8308445e-01
  -2.2357177e-01  -2.2812850e-02   6.6792862e-02  -1.7690647e-01  -1.6876816e-01  -6.6154385e-02   6.2646468e-01  -1.6499927e-01   5.4025145e-02   0.0000000e+00  -1.4857031e-01   1.3304050e-01   5.1883850e-03  -2.8189006e-01  -7.1505339e-02   8.4504808e-02  -7.9385763e-02  -2.1101202e-02   7.9060190e-02   1.8126123e-01   5.6624655e-02   3.8534653e-02   2.7640837e-01  -8.5980785e-02  -3.5138377e-02  -3.7928593e-01   1.4519102e-01  -2.1014989e-01   1.3974586e-01  -1.7140570e-01  -1.4312770e-01  -1.4932029e-01  -1.7959957e-01   5.9230570e-01   3.2618923e-01   1.0159190e-01  -3.1922405e-02  -1.0503467e-02  -1.0481943e-01   9.4610211e-02   1.8091537e-02   7.0854226e-03   3.6004526e-01  -2.3409468e-01  -8.2973432e-02  -2.9400148e-01  -1.3116981e-01   1.5113995e-01  -2.4174318e-01   1.4758851e-03   7.7211027e-02  -9.2071196e-02   8.5970533e-02   1.3393806e-01  -4.6999367e-02  -3.0163998e-01  -6.5935528e-02   6.7689328e-03   2.4879067e-01   3.9953369e-02  -1.2350979e-01  -8.8723198e-02  -8.7192107e-02  -2.1820272e-01  -1.6673423e-01   3.2778524e-01  -1.3023660e-01   1.4150089e-01  -1.3836819e-01  -4.6483026e-02   1.2130908e-01  -2.9578765e-02  -4.4427916e-02  -2.2569249e-01   1.1130936e-01  -1.3018457e-01   4.2230274e-02  -4.9152560e-02   3.0477608e-02   6.1435323e-02  -1.6961561e-01   2.8412587e-01   1.3877188e-02  -1.5833058e-01  -1.8860045e-01  -1.9859598e-01   9.3315102e-02  -2.5365096e-01   1.2011762e-01  -1.5774459e-01  -8.3508126e-02  -7.0308886e-02   5.6154307e-01   3.4268586e-01  -5.6860529e-02  -6.7073624e-02   9.9552237e-02  -6.8403967e-02   5.8376716e-02   2.8561623e-01  -9.1679438e-02  -1.2922926e-01  -3.2254427e-01   1.1998170e-01  -1.4776569e-01   5.0866774e-02   1.0224116e-01  -1.8837788e-01  -4.0321805e-02   8.0700156e-02   3.7041897e-01  -2.9718046e-01  -8.2586647e-02  -2.6517218e-01   1.3744238e-02  -3.9761211e-02   5.8061179e-02   1.9646887e-01  -3.2746336e-01  -1.6663586e-01  -6.9682268e-02   1.0700906e-01   1.4263232e-01  -2.2212069e-01  -2.1225644e-01  -2.4964303e-01  -2.0353785e-01  -7.2829293e-02  -8.6674138e-02  -4.2786310e-02   6.4939260e-02   1.0602184e-01  -3.4500574e-01  -8.3196036e-03   1.5138005e-01  -1.0195099e-01   2.7699715e-02  -1.1351745e-01  -2.0117669e-01   2.8970612e-02  -1.2740883e-01  -7.7256654e-02  -1.3227191e-01  -1.0940346e-01   1.1188575e-01  -3.9814548e-01   4.5701483e-01  -5.4562252e-02   3.5325040e-01   1.8668009e-01  -2.8785481e-01  -1.8539215e-01  -1.0242125e-01   3.4413438e-02   3.2907822e-02  -1.5214341e-01  -7.5285421e-02   3.5167107e-01  -1.9004335e-01  -1.1996490e-03   2.5227599e-01  -2.6105487e-01   2.9910366e-01  -2.3760983e-01  -6.3775515e-02   1.3724914e-01   8.6444779e-02  -3.7315915e-01  -4.5208781e-02  -2.6496031e-02   2.0168672e-01  -7.5424051e-02  -3.7079450e-02  -2.0255447e-01   1.4362458e-01  -1.5944024e-01  -1.3317019e-01
   5.5512897e-02  -3.8889153e-01  -3.2556863e-01  -1.2430657e-01  -1.6712796e-01   1.3110679e-01  -1.1953227e-01   2.4045140e-01  -6.9135651e-03  -1.4857031e-01   0.0000000e+00  -1.7872224e-01   3.8646731e-02   1.6720704e-02   7.5499761e-02   3.6072174e-01  -3.5237868e-01   5.0823534e-01  -7.1473717e-02  -1.0321656e-01   2.7390253e-01   3.6282738e-01   1.9851438e-01   5.3086611e-02   2.2670364e-01   2.0732339e-03   2.4504591e-02   1.8266569e-01  -2.9555102e-02   5.0205313e-01   1.0251011e-01   4.0426566e-01   1.0585318e-01  -2.8555838e-01  -1.5930638e-01   3.2820151e-01   1.4440282e-01   1.5361282e-01   2.3083827e-01  -4.4694401e-01   1.1708020e-01   1.5936055e-01  -3.6199013e-01   4.5244123e-01   1.7952378e-01   3.7599092e-01   6.0507217e-01  -1.7381142e-01  -9.6516094e-02  -3.9583013e-01   5.7088879e-01   8.0639874e-03  -4.5794396e-01  -2.5006230e-01  -6.0423074e-02   4.2458069e-01  -7.5989999e-02   2.4325373e-01   1.3792192e-01   2.0352609e-01   2.3104363e-01   4.6337280e-02  -3.0959086e-01   2.8451749e-01  -8.7654145e-02   2.7971886e-01   1.6386829e-01  -2.5813621e-02   5.2544425e-01   1.3413212e-01  -4.9244059e-01   1.8792186e-01   1.3543356e-01   5.1568455e-02  -1.0531361e-01   1.2038404e-01   3.0141688e-01   1.1716398e-01  -3.0668100e-01  -5.2297449e-02   1.5888862e-01   1.7068420e-01  -1.6729958e-01   4.2366602e-02  -2.7856465e-01   5.2389336e-02  -2.7934179e-01  -2.9268847e-02  -8.1364967e-03   1.6032159e-01  -3.0913863e-01   2.0303255e-01  -3.7725335e-01   1.0720938e-01   2.0254060e-01  -2.7152976e-01  -2.2198869e-01   4.0116504e-02   1.1836499e-01   2.3254569e-01  -1.1125274e-01   6.2512985e-01   2.4178333e-01   3.0255113e-02   4.3611864e-01   5.6555631e-02  -1.4741901e-01   3.3843700e-01  -1.1868179e-01   1.8611492e-02  -1.0703126e-01   3.7813491e-01  -1.4735629e-01   1.9110609e-01   8.8572839e-02  -2.0601258e-01   9.7626063e-02   1.5802258e-01   2.6924908e-01  -1.9762746e-01   3.4600533e-01  -1.9840229e-01  -2.4390690e-01   3.1028695e-02   2.6058062e-01   1.3314948e-01   1.8447981e-01  -3.6438700e-02   4.8260217e-02   6.3105986e-02   1.9514591e-01   2.3727984e-01   7.5100144e-02   9.5934219e-03  -2.4190260e-01   1.8692707e-01  -1.1197004e-01   8.8842053e-02  -7.7502360e-03   1.2862197e-01   6.5168256e-02  -1.7221506e-01   5.2889901e-01   1.5611662e-01   1.7483905e-01   3.7269479e-01  -4.7843608e-01   4.0007369e-01   1.8215097e-01   2.0402542e-01   2.1100754e-01   7.2655187e-02   2.5099545e-01   3.5690908e-01  -2.9016373e-01   1.0294610e-01   3.2452668e-01   1.3451524e-01  -2.3136108e-01   1.8997915e-01  -9.0145563e-02   6.1680640e-01   2.3536469e-01   4.8930709e-01  -1.0168363e-01  -1.4145875e-01   5.0356289e-01   2.4297889e-01   2.4279705e-01  -3.6265821e-01  -1.2914243e-02   1.1831060e-01   2.9632144e-01   7.2834245e-02  -2.0348307e-01  -2.1135647e-01   5.9833928e-02
  -6.2801885e-02   9.9725205e-02   1.9113136e-01   2.1694926e-01   8.1993932e-02   8.1610774e-02   3.9029964e-01  -6.2720033e-02  -1.2891202e-01   1.3304050e-01  -1.7872224e-01   0.0000000e+00  -1.2438991e-01  -1.5346616e-01   2.6603025e-01  -1.4322395e-01   9.2750317e-02   1.2588774e-01   9.1821758e-02   2.8405369e-01  -5.4268093e-02  -1.7968296e-01   1.4804086e-01  -1.3692346e-01  -2.2488024e-01  -5.9960139e-02   1.8963295e-01  -1.1599901e-01   1.3534672e-01  -1.6630984e-01  -1.9247210e-01  -8.7074316e-02  -8.1948575e-02   2.5789019e-01   1.3728505e-01   1.5414958e-02   1.1495722e-01  -2.2171373e-01  -2.1004217e-01   1.1528801e-01  -1.6734197e-01   1.0536561e-01   1.8619160e-02  -1.5056857e-01   1.4367263e-01  -2.4114668e-02   1.6473580e-02  -9.9331462e-02  -1.4869820e-01  -1.1546962e-01   2.5039973e-02  -1.8934965e-02  -2.0404873e-02   4.3531497e-02  -2.1407809e-01   9.6075409e-03  -1.1624584e-02  -1.8514098e-01  -5.6681209e-02   2.2603954e-01  -1.9121266e-01  -1.0390335e-01   4.1471597e-01  -5.5756152e-02  -1.5503936e-01   3.0356233e-01  -4.0595216e-02  -1.3042081e-01  -1.3776045e-01   6.5816643e-02  -5.2360486e-02   1.2341810e-01  -2.4293996e-01   2.2097274e-01   7.5130318e-02   9.1066296e-02  -2.2987386e-01   3.4200933e-02   3.2096438e-02  -1.8973629e-01  -2.6423994e-02  -5.5171445e-02   9.6293094e-02  -7.9387147e-02   2.3442270e-01  -5.9553503e-02  -8.2069147e-02  -1.8282485e-01   4.1296083e-02  -1.5962970e-01   1.9509828e-02  -5.2483509e-02   3.4584209e-01   1.3317587e-01  -7.5434194e-03   1.2196311e-01   7.7620647e-02  -1.5657219e-01  -7.1909468e-02   1.7783807e-02  -1.2683113e-01   8.3003373e-02  -6.0900638e-02  -1.3613353e-01   2.2576394e-01  -1.4174414e-02  -1.9701407e-01  -1.5088845e-01   1.3806362e-01   1.9686034e-01   1.4570608e-01  -2.3811930e-02   2.6856837e-01  -2.1462027e-02  -3.7048471e-03  -1.4638361e-01   3.1391231e-03   2.3646332e-02   6.3310511e-02   3.7095531e-01  -1.7623810e-01   2.7354929e-01   3.2727340e-01  -2.0237309e-01  -6.6686496e-02   3.3303618e-02   1.1069402e-01   1.4451162e-01   2.9152786e-01   3.3622749e-02  -1.8585159e-01  -7.5070225e-02   1.6818397e-02  -2.2220614e-03   7.5553279e-02   6.4600448e-02   7.0300864e-03  -2.8759103e-01   1.6885392e-01  -3.0718626e-02  -2.6158792e-01   2.4209652e-03   2.2760498e-02   1.2110723e-01   3.4983595e-04  -2.4886046e-01   4.0726282e-01   1.6783508e-01   3.9623239e-01  -2.4550905e-01   5.7062753e-02  -1.0288821e-01  -2.6524065e-02  -8.8784984e-02   1.2207693e-01   5.0067418e-02  -1.4069261e-02   1.1080295e-01   9.5518478e-02  -1.6680811e-02  -2.3356287e-02  -1.2387335e-02  -5.4525895e-02   4.7556065e-02   1.4871766e-01   2.8177785e-01   1.7102675e-01   8.2056989e-03  -2.9807350e-02  -9.4777997e-02   3.0871463e-01  -2.2189543e-02  -1.9407672e-01   1.5177932e-01   4.8219750e-02   3.3322235e-02  -2.6194446e-01
   1.4806472e-01  -1.5230906e-01  -6.5369231e-02   9.5742236e-02   4.2319028e-02   3.9949685e-02  -1.5878827e-01   2.4727724e-01   1.5786033e-01   5.1883850e-03   3.8646731e-02  -1.2438991e-01   0.0000000e+00  -2.0647628e-01  -1.7601607e-01   2.3865006e-01  -1.0518180e-01  -8.4589574e-02  -2.2994511e-01   1.4541256e-01  -2.6234710e-01   7.3176735e-02  -8.8582883e-02   1.4169059e-01  -1.8461246e-03   4.9717956e-02   1.1070565e-01  -1.6899166e-01  -3.5992123e-02   1.5186947e-01  -2.9385098e-01   2.7519477e-01   1.7649938e-01  -1.2250064e-01   1.0980810e-01  -6.7514486e-02  -2.9979125e-01   1.3920250e-01   2.3081900e-01  -9.1130389e-02   6.4194425e-01  -1.6366848e-02   9.9396267e-02  -2.2842583e-01   3.9920238e-02   1.0461321e-01  -4.0969939e-02  -3.2696363e-01  -1.9479465e-01   3.5996189e-02   1.3146175e-01   1.5901654e-01  -2.4532479e-01  -1.0129342e-01  -1.0630344e-01  -1.3041991e-02  -6.8551686e-02   1.3901922e-01   1.6792843e-02   1.9447714e-01   1.0016549e-01   4.4416829e-02  -1.7075925e-01   4.1237629e-03  -1.3065067e-01  -5.8750962e-02   1.8114182e-01   2.6291516e-01   2.2129990e-01  -4.9429676e-02  -2.7151435e-01   2.1890032e-01   2.0969347e-01  -9.5815874e-02  -3.4016094e-02  -9.1385206e-02   1.5960808e-01  -2.5154915e-02  -1.5960863e-01   3.0724724e-01  -6.8416767e-02   1.8182952e-01  -3.2665697e-01   1.4243359e-01  -1.8711178e-01   4.8578821e-02   3.0510179e-02   1.0373765e-01   2.8780728e-01   1.1293422e-01  -8.2225814e-02   1.2035050e-01  -1.6472547e-01   2.6337119e-02   2.8980685e-01   2.7605617e-02   2.4822787e-01   1.3420734e-02   9.2604334e-02   1.7469268e-01  -2.8779138e-01   7.8429306e-02  -1.2726875e-01   2.9295415e-01   2.0297374e-01   1.3512648e-01   7.1032265e-02   2.3276534e-01   1.3595655e-01  -2.5015829e-01  -1.2601861e-01   1.4260491e-01   2.3476530e-01  -9.5280310e-04  -2.6113442e-01  -1.6773668e-01  -1.5614943e-02   4.3649277e-01  -2.5101655e-01   8.6626929e-03  -2.1104182e-03   3.9510677e-02   2.5486934e-01   1.2599788e-01   3.6747723e-02   1.6566675e-01   6.4612302e-02  -8.4897382e-03   1.5309556e-01  -2.1199952e-01   4.3611719e-01  -3.2340848e-01   6.5947284e-02  -1.6043596e-01   1.3119711e-01   1.9050124e-01   2.0894416e-01  -2.6727851e-01   1.3068173e-01   6.0033120e-02  -4.1916195e-02   5.1061153e-01   1.8297078e-01  -1.6653867e-01  -1.8777241e-02  -1.0518798e-01  -2.0381428e-01  -1.0823570e-01  -1.7955369e-01  -1.6772566e-01  -1.1096076e-01  -2.3284960e-01  -1.5945945e-01   1.5911389e-02  -1.7570993e-01  -5.8874467e-02   7.5451638e-02   1.5192863e-01   2.7532879e-02  -1.4083696e-02   1.5173274e-01   1.0730784e-01  -1.9545635e-01   5.5302763e-02   2.1253020e-01  -1.0787857e-01  -1.7410461e-01  -5.3804085e-02  -5.9151675e-02  -2.4775362e-01  -1.2742506e-01   1.2266175e-01  -6.5212480e-02  -2.4275768e-01   7.3639328e-02   1.7844684e-01   1.9994502e-01
   1.8409745e-01   9.6028132e-02  -6.7714710e-02  -8.9314616e-02  -2.1265395e-01   9.6664546e-02  -7.8955544e-02  -3.0535970e-01  -7.6093445e-02  -2.8189006e-01   1.6720704e-02  -1.5346616e-01  -2.0647628e-01   0.0000000e+00   2.2430908e-01  -3.7682841e-02   1.1174853e-01   2.0168621e-01  -2.0882180e-01  -4.0034140e-01   3.7113273e-01   2.8155596e-01   7.4235217e-02  -7.0131091e-02   1.7760601e-02   1.9149767e-02  -2.1687021e-01   4.7804153e-01  -3.0225741e-01   2.2138695e-01   5.8533384e-01   5.8719513e-02   2.8584900e-01  -7.0683770e-02  -2.9345242e-03  -3.9156309e-01   7.5055815e-02  -3.2782034e-01   1.4558781e-01   4.2657591e-02   1.5235864e-02  -1.0059558e-01  -2.3531243e-01   3.6953039e-01  -2.5839581e-01   1.5401743e-03  -9.1221394e-02   4.6932070e-01   4.4432681e-01  -1.4483717e-01  -5.5106253e-02  -2.2123680e-01   3.4124433e-01  -1.7568431e-01   5.8419804e-01   2.7735218e-01   3.1873461e-02   1.9221385e-01   2.6750018e-01  -1.2095151e-01  -2.8155207e-01  -1.1503850e-01   4.2724150e-02   2.3914011e-01   8.4572131e-02  -2.4035891e-01  -4.1398793e-03  -2.3751002e-01  -3.4071931e-03   1.3953835e-01   2.4279206e-01  -1.0662562e-01   2.1719150e-01   4.1330473e-01   8.8040029e-02  -1.6493338e-01  -2.9490376e-01  -6.8247701e-02  -9.2213562e-02   1.9175651e-01   4.8381816e-01  -5.7817866e-03   3.0603753e-01   3.0593868e-02   3.9480967e-01  -2.8910274e-01   3.9471032e-01   8.3984519e-02  -5.9325661e-02  -1.4413789e-02  -1.1031434e-01  -3.1485415e-01  -2.4992591e-01   2.0607067e-02  -2.8465200e-01  -2.9537008e-01  -3.9802818e-02  -2.2937358e-01  -1.4449154e-01  -1.3877096e-01   6.8035657e-01   1.9324799e-02   6.0369969e-01  -3.5919071e-02  -1.6290962e-01   3.7529573e-02   1.2949240e-01  -1.4710925e-01  -1.7157283e-02   5.3439676e-02   1.2965767e-01   2.2936021e-01  -1.2887649e-01   8.6534492e-02   3.4730137e-01   4.6703872e-02  -2.5424600e-01  -1.2994492e-01   5.3681750e-01  -3.5851428e-02   2.5149010e-02  -4.9395051e-01  -4.3850366e-01   3.9652166e-01  -7.6708586e-02   2.4793884e-01   9.0898113e-02   1.3441019e-01  -8.9613040e-02   3.5725408e-01  -5.8659910e-02   1.0480797e-01   3.9463688e-01   4.1918617e-01  -7.7698859e-02  -3.3252109e-01  -8.0866335e-02   7.4259369e-01  -1.5022020e-01   2.4263516e-02   5.0811246e-01  -1.8865758e-01  -1.9136550e-01   1.9574443e-01   2.3123658e-01   5.7805691e-01  -4.5800594e-02  -1.5338844e-01  -2.6369417e-01   7.8182169e-02   2.7531174e-01   6.2234976e-01   3.4162714e-02  -2.1488566e-01   2.3837635e-01   1.2107342e-02   3.8623869e-02   7.8686986e-02  -9.6084404e-02   4.3465045e-01  -4.9917781e-01  -1.2053989e-01  -6.8666448e-02   1.3074279e-01  -2.3270241e-02  -1.5241574e-01  -2.0768367e-01   1.7422878e-02   2.8136753e-01   3.1197404e-01  -3.8906264e-01  -2.0131370e-01  -5.0443005e-02   1.9916126e-01   1.1035572e-01  -1.3204272e-01   1.2639586e-01
