   0.0000000e+00  -1.7476077e-01   2.4181119e-01   1.5625972e-03  -2.9433801e-01   1.2848214e-02   7.0040848e-03   2.2262905e-01  -2.1462831e-01  -6.3359832e-02  -1.9343414e-01   5.8940995e-02  -1.8571551e-01   4.7394225e-01   1.1996970e-03   1.8481119e-01   2.8002103e-02  -1.8277623e-01  -6.0916594e-02  -2.2484461e-01  -3.5090408e-01  -2.1306118e-02  -1.9166951e-02   5.1605042e-01   2.0606213e-01  -2.1773328e-02  -3.3956169e-01   5.4003578e-01  -1.0748100e-01   7.2238339e-02  -4.8152784e-02  -1.5265434e-01  -5.8740275e-02  -5.5305722e-02   1.0367315e-01  -3.7770201e-01   1.3685177e-02   7.3862942e-01   7.4450217e-03   1.0772656e-02  -2.5533089e-01  -1.1720771e-01  -2.3830107e-01   4.0139483e-01  -1.9770223e-01   5.8331198e-01  -2.5582031e-01  -1.1954647e-02   1.5707426e-01  -2.0782409e-01  -3.8191243e-02  -1.8184996e-02   1.9363754e-03   2.9617156e-01   2.3534057e-01   2.2971360e-01  -3.0172615e-02  -1.4550370e-01   8.9001769e-02   1.9645267e-02   7.0631999e-01   1.6584158e-01  -2.0753386e-01   2.9306196e-01  -1.3628862e-02  -1.6301959e-01  -1.4638565e-01  -6.3446190e-02   9.5255626e-02   5.8143677e-01  -1.8017347e-01  -1.8405317e-01   6.8603197e-02   5.7864830e-01   2.0476214e-02  -1.8004641e-01   6.6732661e-01   4.5516121e-02  -3.7357263e-01   1.5039802e-01   3.1567145e-01  -1.7901565e-01   1.7215767e-01   9.2567001e-02   3.3494733e-01  -2.5787917e-01  -7.7286043e-02   4.2619346e-01   3.3985133e-02   7.2683619e-01  -3.6635936e-01   6.0273525e-01  -1.5412592e-01  -1.6412212e-01   7.7956966e-01  -1.0119701e-01  -2.7391804e-02  -7.4751459e-02  -1.7552574e-01  -1.9895554e-01   3.3914412e-01  -4.9997046e-03   6.6268280e-02   8.4379512e-02  -1.8270355e-01  -4.6146965e-02   9.2411428e-02  -1.5672261e-02   5.3100101e-02   5.6065420e-02   6.5651183e-02   7.3232083e-02  -1.3432803e-01   7.6510419e-01   4.1568360e-01  -3.2326495e-01   1.9275770e-01  -5.2929398e-02   5.3735267e-01  -1.1198927e-02   6.7433013e-01  -2.6534906e-01  -3.8494866e-02  -9.1825377e-02   7.0111135e-01   3.4788207e-01  -1.1153054e-01  -1.0896976e-01  -1.7433217e-01   1.7724510e-01  -8.8369341e-03  -2.1781295e-01   5.7436127e-01  -8.6305938e-02  -3.0783827e-02  -1.8236585e-01  -2.4118985e-01   6.1265128e-01  -3.0955757e-01   5.9140673e-01   6.3170401e-01  -1.7582999e-01  -1.0340130e-01   1.4944177e-01   8.3579627e-02  -5.9891112e-02  -7.0437373e-02  -1.9604389e-01  -1.8032416e-01  -2.4908905e-01   6.9653465e-01   2.6723985e-01   6.6253947e-01  -2.4840350e-02  -1.9733252e-02   5.4492481e-01   6.9270441e-01  -1.0863870e-02   5.2169426e-01   4.8180921e-02  -1.1940898e-01  -1.0505484e-01  -2.1582340e-01  -1.0552916e-01  -1.4303853e-01  -1.4818356e-01  -2.5351863e-03   3.5991838e-01   6.7718490e-01  -6.6540179e-02  -3.0290114e-01   5.1857961e-01  -2.2443814e-01   1.1049946e-01   1.6922165e-01   5.1428313e-02   1.3381561e-02
  -1.7476077e-01   0.0000000e+00   5.4491863e-02   8.2876557e-02   5.3560547e-01  -4.8510575e-01  -7.7824004e-02  -1.8192805e-01   5.4284337e-01   1.6604180e-01  -4.6736316e-01   1.0697846e-01  -2.3443848e-01  -1.4951881e-01   1.2534619e-01  -3.9643970e-02   4.7306566e-01  -2.1643030e-01  -1.5375235e-01   3.5274364e-01   1.0085072e-01  -1.5781336e-01  -3.0381617e-01  -2.2194116e-01   4.1750863e-02  -2.1418229e-01   2.0639609e-01  -3.4546505e-01   1.9563440e-01   1.8908945e-01   4.7687970e-01   2.6861537e-02  -1.2197643e-02  -5.3688959e-01  -1.4254444e-01   9.0988690e-02  -1.5069544e-02  -4.0407794e-02   3.5070084e-03   3.3277163e-01   3.5662512e-02  -2.1888899e-01   1.6168574e-01  -3.6481424e-01   2.2122447e-01   1.3503544e-01  -2.9958357e-01   4.6797468e-01   3.6626782e-01   3.6018949e-01  -3.5628902e-01  -9.8894865e-02   3.3091545e-01   2.7672605e-02   9.3991876e-02  -4.5955831e-01  -1.7190710e-01  -2.7828230e-01  -2.5378147e-01   5.0245383e-02  -1.1559863e-01   1.6266140e-01   2.4982388e-01  -9.2495349e-02   4.2879716e-01  -4.2888745e-01  -1.1913413e-01  -1.0428010e-02  -4.3940178e-01  -1.4262755e-01   7.3188748e-01   1.5562797e-02   2.3243936e-01  -1.6276001e-01   9.0519790e-02  -2.5274240e-02   1.2040915e-01  -1.8392576e-01   6.4263462e-01   3.1335547e-02  -3.6491267e-01  -7.9882592e-02   4.5770125e-02   2.2054052e-01   2.7841487e-01  -2.0469648e-01   3.8154430e-01  -2.8783919e-01   1.7690638e-01  -1.0963831e-02   7.4466901e-01  -1.2145758e-01   1.6460604e-01  -2.3745747e-01  -4.6900161e-02   5.3412980e-01   1.4668982e-01  -1.9450614e-01   3.7793004e-01  -1.2851567e-01   1.4893767e-01  -4.1262695e-01   4.4677768e-02   2.1915391e-01  -2.9322812e-01   2.8347962e-02   1.7181315e-01  -1.4684288e-01   2.6965352e-02   3.4675608e-01  -1.8135362e-01  -4.9946224e-01   2.5779558e-01  -2.0698929e-01  -4.1399378e-01   6.4649563e-01  -3.7127189e-01   7.5187969e-03  -2.9998686e-01  -7.7407835e-03  -3.7140317e-02   6.0168607e-01   2.6065954e-01   6.3941022e-01   1.5888630e-01  -1.6355485e-01   1.6850228e-01   2.0520163e-02   1.4241628e-02   1.9851037e-01  -1.0142218e-01   3.7946157e-01   1.4844473e-01  -1.8393825e-01   3.6364023e-01  -6.6723099e-02  -8.1938884e-03  -1.3306921e-01  -4.6031777e-02  -2.4074272e-01  -2.2756447e-01   2.5359347e-02  -4.4366665e-01  -3.6178768e-01  -1.4265541e-01   1.3016184e-01   1.6689573e-01  -8.1179489e-02  -2.6642579e-01   3.2355796e-01  -2.6304141e-01  -9.7359492e-02  -3.3005510e-01   4.6212531e-02   4.5383240e-01  -1.7102037e-01  -4.1589226e-02  -2.2906995e-01  -1.7729752e-01  -1.0410084e-01   2.0844669e-01  -4.8850724e-01   1.4358251e-02  -2.4397206e-01  -5.6137276e-02   3.0356412e-01   9.0736513e-03  -2.0293593e-01  -1.2644926e-01   4.4358678e-01   3.2832470e-01  -1.7812984e-02   1.1096035e-01  -2.3813287e-02   5.8656615e-02  -6.7720586e-02  -8.5977009e-04
   2.4181119e-01   5.4491863e-02   0.0000000e+00  -2.0185814e-01   1.8942015e-01   2.3642523e-01   2.0451293e-02  -2.8071004e-01   5.7875356e-02   1.2247643e-01  -2.0776988e-01   1.5525462e-01  -1.1991237e-01  -1.3496011e-01  -7.1818717e-02   5.4376452e-02   7.5091134e-01  -2.2829856e-01   2.9398030e-02   1.3498383e-01  -4.1191296e-01  -3.7303673e-02  -2.8411320e-01  -1.8818513e-01   7.5164591e-02   6.4682632e-02  -2.2545992e-02  -1.3160523e-01   2.0096083e-01   1.1690347e-01  -2.2429460e-01  -2.7872534e-01   1.6694927e-01   1.0905535e-03   1.7537399e-01  -1.8180382e-01  -1.4970292e-01   1.2494440e-01   4.9194997e-02   6.3291282e-01   1.0825729e-01   1.5831063e-01   1.7531559e-01  -2.3279748e-02  -2.3771137e-01   5.8777418e-01  -2.0116902e-01  -8.7158303e-02   1.0727802e-02   5.0459061e-01  -2.5856774e-01  -1.9145231e-02  -4.6038963e-02   3.1636720e-01   8.8244280e-02   1.4964547e-01   9.0262214e-02  -1.8462675e-01  -1.0943472e-01   3.4343909e-03   5.5787287e-01   2.1244992e-01   1.1531378e-01  -6.7769655e-02  -2.6467539e-01  -1.1128418e-01   1.6550279e-01   2.5519764e-01  -5.3012341e-02   6.2322458e-01   2.9521502e-01  -3.0644350e-01   1.2553721e-01   1.1963195e-01   3.1987791e-02  -1.6505146e-01   3.9116228e-01  -2.6575124e-01  -1.7939880e-02   7.3546051e-02  -1.1418066e-01  -3.1356953e-02   7.5540124e-02   8.3609747e-02   5.0013889e-01  -1.7022126e-01   1.4977655e-01  -9.4797636e-02  -1.1444036e-01  -8.6925115e-02  -7.2415945e-02   5.9529558e-01   2.5948442e-01   8.0795996e-02   2.3917078e-01   1.8589911e-01   1.6151742e-01  -1.0963405e-01   1.4254171e-01  -2.8098186e-01   2.9108788e-01   8.8531293e-03  -3.4442576e-02  -8.4152694e-02  -4.4776310e-01  -8.1634536e-02   2.4653265e-01  -4.6955510e-02  -9.1612380e-02   1.1206393e-01   3.5864315e-01  -2.8118641e-02  -5.9449353e-02   3.2145661e-02   5.4883216e-02  -1.6495597e-01   9.6815757e-02  -2.5605921e-01   3.0261288e-01  -2.6804951e-01   2.2647671e-01   2.3499141e-03   1.2145057e-01  -2.2653241e-01   3.4203580e-01  -2.3475229e-01  -2.8920903e-01  -1.0753975e-01  -1.6151320e-01   7.7558172e-01   2.0806627e-02  -1.5477192e-01   2.0583460e-01  -1.9682902e-01   1.6779171e-03  -1.0277883e-01  -3.9613862e-02  -9.6916700e-03  -2.1387933e-01  -2.7479311e-02  -1.2497592e-01   3.7595305e-02  -2.1520927e-01   5.6344160e-01  -2.7485189e-01  -2.7613185e-01   2.0698317e-01  -1.8406745e-03  -1.5890039e-01  -1.8796467e-01   1.3711333e-01  -1.4008319e-01   1.8559504e-01  -2.7547974e-02   7.4518366e-01  -1.6398061e-01   2.4483513e-01  -8.3351917e-02   5.0620028e-01  -2.3173165e-01   2.4333067e-01  -1.4661105e-01  -1.2331732e-01  -3.1701515e-01  -9.0094364e-02  -4.7599615e-02  -3.2770880e-02   8.7490031e-02   1.7629376e-01   8.3935596e-02  -2.6798241e-01   9.3726019e-02  -1.4784723e-02   4.9482930e-01   7.8673602e-02  -1.1472582e-01  -8.4350307e-02
   1.5625972e-03   8.2876557e-02  -2.0185814e-01   0.0000000e+00  -3.1618328e-01   8.4143678e-02   2.1801520e-01   2.2583703e-03   2.6921831e-01   1.8793132e-01  -3.6976657e-02   4.5077421e-01  -8.1990722e-02   8.8738584e-02   9.9176158e-02   1.4791832e-01  -1.4828279e-03   2.8476703e-01  -6.6547693e-02  -1.2890192e-01   2.4083439e-01   2.7422233e-01   2.9620329e-01  -3.5476883e-02   1.9118746e-01  -6.2046010e-03   2.1741475e-01   1.1760678e-01  -1.0625258e-01  -1.0173753e-01   2.3240063e-01   5.4562156e-01  -5.9969890e-01   1.7740211e-01  -1.5634212e-01   2.9784306e-01   3.4002711e-01   4.2260733e-02  -1.7997693e-01  -2.7104165e-01   1.4595573e-02  -5.8056835e-01  -2.4104615e-01  -1.8824103e-02  -2.8222569e-01   9.0842902e-02   7.1650283e-02   6.1300305e-02   2.4045683e-01  -3.2481081e-01   2.3842743e-01   9.2906735e-02  -2.3361532e-02  -2.3568101e-01   4.9749372e-02   4.0527938e-02   1.4038947e-01   2.3724677e-01   2.6018257e-01   3.2749962e-01  -1.3935593e-01  -4.2647127e-02   3.5378346e-01  -2.2378062e-02   1.5180423e-01   1.2267927e-01   2.0053961e-01  -6.6626161e-01   1.0495656e-01  -8.8383421e-02  -8.9775449e-03   4.6255802e-01  -2.3411131e-01   4.1066076e-01  -2.4385862e-01   4.3097856e-01   4.4767828e-02  -8.5186316e-02  -1.0782045e-01   7.4773925e-02   2.8340201e-01  -2.4047084e-02  -8.8234436e-02  -7.2426014e-02   1.4833519e-01   2.2341073e-01  -6.1857978e-02   1.6861032e-01   6.9236473e-01   4.3305028e-02  -1.2625680e-01  -3.1814473e-01  -8.7651582e-02  -1.8144945e-01  -2.7331398e-02  -1.4886438e-01  -3.3845913e-01   1.1805809e-01  -3.7302134e-01   2.5811353e-01   6.8141774e-02   2.0036420e-02   4.6482255e-01   3.3254411e-01   3.7871714e-01   6.6804028e-01  -2.4067266e-01   1.7937451e-01   2.3500154e-01  -5.3490613e-02  -5.6182840e-02   6.2189662e-02   3.5178096e-01  -3.5495597e-02   1.2649356e-01  -4.0228939e-02   1.1956948e-01   8.8391362e-02  -1.2539556e-01   8.4736139e-01  -3.1533746e-01  -2.7145595e-01   2.4399461e-01   4.5288627e-02  -8.9773096e-03   3.4989753e-01   1.6013534e-01  -2.0616203e-01   5.2687516e-01  -1.2089362e-01  -4.7136680e-01   6.0804504e-02   1.4266943e-01   3.1685198e-01   2.7273460e-01   2.6421433e-01  -1.5847363e-01   2.5042359e-01   3.1476681e-01   3.4048213e-02   1.5287623e-02  -4.0923231e-01   1.3457326e-01  -1.1509077e-01   2.4574793e-01   3.6065554e-01   1.2892782e-01  -5.2652602e-03   4.0913839e-02   2.4923322e-01   2.2662166e-02   6.4996401e-03  -3.0764368e-01  -1.2060710e-01  -1.5869185e-01   2.5957679e-02   4.8180373e-02   8.4292518e-02  -2.8214731e-01   4.1121442e-01  -4.3262119e-01   1.7492138e-01   1.3456105e-01   5.2978142e-01   4.2071661e-01  -9.5598557e-02  -3.0573087e-02  -3.9826816e-02   1.9799424e-03  -1.0236508e-01   2.7228053e-02  -1.3307557e-01  -1.2862896e-01   3.5947779e-03   1.2859770e-01   6.7234972e-01   7.3187857e-01
  -2.9433801e-01   5.3560547e-01   1.8942015e-01  -3.1618328e-01   0.0000000e+00  -2.8940510e-01  -2.2589955e-01  -8.9530229e-02   2.4749172e-01   9.3009206e-02   4.1762795e-03  -1.0316116e-01  -6.1095437e-02  -2.9080903e-01   1.0383073e-01  -2.2031523e-02   3.9256201e-01  -2.8538775e-02  -8.1842569e-02   7.6243907e-01   5.8107759e-02  -3.4224884e-01  -3.7466424e-01  -3.3835746e-01   2.4540125e-02  -9.3370008e-03   2.8340844e-01  -4.1798055e-01   2.1671914e-01   1.7726011e-01   1.6972717e-01  -1.3216661e-01   3.6270729e-01  -3.8179839e-01  -5.8991659e-02   3.0176234e-01  -9.2826424e-02  -1.0019580e-01   1.7163428e-01   5.2329281e-01   2.2486995e-01   2.6282651e-01   3.7383815e-01  -2.9888349e-01   4.6381252e-01  -3.8090408e-03   7.3134811e-02   1.6278790e-01   1.5545237e-01   5.3014964e-01  -1.3001223e-01   8.6631648e-02   1.7915804e-01   1.3507442e-01   2.6097249e-02  -2.9756247e-01  -1.8096732e-01  -4.0258537e-01  -1.1728646e-01  -8.6345175e-02  -2.2696512e-02   3.4381938e-01   2.2581994e-01  -7.8003773e-02   1.3376976e-01  -2.5401462e-01  -1.1783015e-03   4.3012398e-01  -2.6709525e-01  -1.3280262e-01   4.6477882e-01  -1.5933123e-01   2.8196650e-01  -3.7191224e-01   2.1468791e-01  -2.5064946e-02   6.3894238e-02  -1.6280494e-01   7.0761893e-01   4.7073655e-02  -5.0210881e-01   1.7802646e-01   3.4159305e-02   1.4545304e-01   9.3889563e-02  -4.7920689e-02   3.2392492e-01  -5.3026330e-01  -2.5405464e-01  -1.7030498e-01   7.0344498e-01   4.4259165e-02   2.1811641e-01  -3.2496563e-02  -8.2888920e-02   8.0590969e-01   3.8960792e-01  -1.6212404e-01   6.2314423e-01  -1.8775320e-01  -7.7704301e-02  -2.2543887e-01  -1.9795460e-01  -1.7420474e-01  -2.3760235e-01  -2.5447020e-01   3.5822532e-01  -1.0197466e-01  -9.2247997e-02   4.4272512e-01  -1.3498955e-01  -3.7359622e-01  -3.6044800e-02  -2.4843483e-01  -4.0253141e-01   4.6764034e-01  -1.4517270e-01   1.3875355e-01  -3.3875162e-01  -3.7351886e-01   9.6457826e-02   7.9332816e-01   1.3433232e-01   3.7009434e-01  -5.9259445e-03  -2.9883998e-01   2.0868204e-01   9.5308059e-02  -1.3135963e-01   1.7315758e-01   1.6342522e-01   3.4305088e-01  -1.8024344e-01  -2.1234196e-01   8.1915094e-02  -8.3940520e-02   1.0376201e-01  -4.0491977e-01  -1.9792982e-02  -2.1609545e-01  -2.9847106e-01   3.6726986e-01  -3.0032018e-01  -2.1564024e-01  -1.4480009e-01   3.1873527e-02  -1.1406042e-02   1.8181580e-01  -3.9799411e-02   8.2266478e-02  -2.9220695e-01  -1.8269237e-01  -2.2748361e-01   1.9888193e-01   4.2798260e-01  -1.8882297e-01  -2.3694203e-02  -2.4679650e-02  -2.5588584e-02  -1.6923177e-01   4.7074232e-01  -3.2555433e-01   1.7901328e-01  -2.9841659e-01  -1.5906467e-01   2.1664608e-01   4.1895000e-02  -2.4359784e-01  -9.5698518e-02   4.4486847e-01   2.7766039e-01   5.0475528e-02   3.4778846e-01  -1.0551945e-01   7.4466274e-02  -3.0878614e-01  -2.5935364e-01
   1.2848214e-02  -4.8510575e-01   2.3642523e-01   8.4143678e-02  -2.8940510e-01   0.0000000e+00  -6.9375772e-02  -7.9186775e-02  -2.5372852e-01  -6.4920081e-02   3.3060005e-01  -6.7705696e-02   1.1550523e-01  -1.7271918e-01  -3.3824349e-01   8.8106789e-02  -1.1714299e-02   2.1849569e-01   3.0068783e-01  -1.2100967e-01  -1.2651469e-01   4.3254584e-01  -2.7078964e-03  -1.5674145e-01   3.1635391e-02   3.1433463e-01   1.4119105e-01   2.2455673e-02  -3.1707150e-02   8.3286404e-02  -5.7636108e-01   2.3154206e-01  -6.3811633e-02   5.8965733e-01  -2.5283563e-02  -3.3653838e-02  -4.3590336e-02  -9.2343112e-02  -2.1955783e-02  -5.5234129e-02   7.0111227e-02  -7.5879911e-02   5.8155912e-02   3.1952878e-01  -3.6947667e-01   8.2748919e-02   3.4403247e-01  -4.7510880e-01  -3.7400649e-01  -1.3161799e-01   4.0418274e-01   1.6331045e-01  -2.8251999e-01  -6.6611416e-02  -9.0445311e-02   4.5425823e-01   6.4242767e-01   2.9016901e-01   2.2835522e-01   9.9950378e-02   1.5512086e-01  -1.1753899e-01   2.0154102e-01  -1.0439071e-01  -4.9618505e-01   2.9936169e-01   6.6862225e-01  -1.5394289e-03   6.1772891e-01   1.6690988e-01  -4.6745334e-01   1.1766161e-01  -1.4775342e-01   1.7124878e-01  -1.6237058e-01   4.4471853e-03  -2.6749771e-02   1.4326729e-01  -4.1215685e-01  -1.9590397e-02   2.5168749e-01  -5.5016577e-02  -1.0947069e-01  -7.6965315e-04   2.5289392e-02   1.1158684e-01  -3.0066879e-01  -4.8949123e-02  -3.2688642e-02  -2.0429342e-01  -5.2997442e-01   1.4427124e-01  -7.2295676e-02   2.7167505e-01  -5.1315461e-02  -2.9325936e-01  -7.4059140e-03   5.3975368e-01  -2.5792030e-01  -5.3225514e-02  -3.7028430e-01   3.0552860e-01   7.4934458e-02  -5.9486735e-02   3.3338906e-01   1.5814488e-01  -1.8085834e-01   5.7210862e-01  -1.5337885e-01  -7.4867288e-02   1.4225277e-01   5.4553539e-01   8.3985340e-02   5.2673985e-04   9.2017195e-02  -5.4848757e-01   2.6642927e-01  -1.9335975e-01   2.4401958e-01   1.4397867e-01  -6.6349348e-02  -4.3870322e-01   5.7096788e-02  -4.8786210e-01  -7.5219056e-02   7.8132488e-02  -3.0948667e-01  -1.0318238e-01   3.0433917e-01   9.5640396e-02  -1.3459076e-01  -3.3009135e-01   1.0558150e-02   2.8822131e-01   1.2193350e-02   5.0457681e-02  -6.0324381e-02  -7.1908500e-02   1.0195266e-01   6.7522282e-02  -1.2702596e-02  -1.4786796e-01   4.1757432e-01   4.3245523e-01  -9.9905083e-02  -8.1415198e-02  -2.1268502e-01   2.3620373e-01   3.2660377e-01  -3.0130712e-01  -2.8792313e-03  -4.6494997e-02   9.6283907e-02  -2.7216406e-02  -5.0247650e-02  -2.4921759e-01   5.9357275e-02   4.0639213e-01   7.0053557e-02   1.4030470e-01  -3.7072456e-02   5.1688039e-01   9.3051540e-02   3.9495314e-01   5.1252601e-01  -2.4695887e-01  -1.4232289e-02   3.6818018e-01   4.3911039e-02  -3.8638404e-01  -4.1536619e-01  -1.6691488e-01   1.2560818e-01   5.6560987e-01   1.1095757e-02   9.1266052e-02   3.4744746e-01
   7.0040848e-03  -7.7824004e-02   2.0451293e-02   2.1801520e-01  -2.2589955e-01  -6.9375772e-02   0.0000000e+00  -1.0673496e-01   9.6751009e-02   4.7305254e-01   1.2798055e-01   2.8963885e-01   6.5823955e-02   1.6466552e-01   5.5408495e-01   1.3095619e-01  -9.6246580e-02   3.9871200e-02  -2.9735920e-01  -1.0050336e-01   2.7820667e-01  -2.4110148e-01   7.4906533e-01  -5.8058217e-02  -1.0415979e-01  -2.2010687e-01  -2.5145786e-02   7.0218350e-02  -5.2158587e-02   1.8204121e-02   3.6105330e-01   1.6940889e-02  -2.5103984e-01   2.7568212e-01   3.1836677e-01   2.2349097e-01  -3.9182370e-02   1.0407556e-01  -6.9932420e-02  -3.4065062e-02   1.2435229e-01  -2.2723737e-01  -1.3422113e-01   1.0972309e-02   4.4412888e-02   3.8784084e-02  -8.5962020e-02   4.4566381e-01  -4.7299757e-02  -2.6192338e-01  -4.7241201e-02  -1.7887071e-01   1.0249847e-01  -3.8699984e-01  -6.2669196e-02   3.0804880e-03  -2.6001316e-01  -1.0139160e-01  -3.3771808e-02   1.0224269e-01  -1.2747668e-01   1.2306695e-01   5.2176358e-02   8.5878416e-02   1.8663776e-01   4.5038213e-01  -8.6468462e-02  -2.6463533e-01  -2.4090312e-01   2.4193714e-01   1.3232885e-01   1.0548414e-01  -1.7492920e-03   1.4591842e-01  -2.5924423e-01  -8.5888674e-02   6.8036746e-02  -1.4988832e-02  -9.1936721e-03  -2.5068420e-01   2.0348711e-01   1.8856248e-01  -7.2115561e-03  -3.2558815e-01   6.4949948e-02  -1.4549456e-01   3.4668189e-01  -2.6750143e-02   3.1443014e-01   4.2360275e-02  -1.3811700e-01  -1.8328010e-01   2.8548243e-01  -7.5176071e-02   7.1350046e-02  -3.2724422e-01  -3.8794154e-01  -2.5347274e-01  -1.9246397e-01   5.1408309e-01   2.3208108e-01   3.6021164e-01   1.0085745e-01   1.1689204e-01  -3.8909516e-02   4.1270447e-02  -3.5730736e-01  -2.1637260e-01   9.3322988e-02  -2.5344268e-01   4.3770847e-01  -2.4989822e-01   1.6618197e-01  -2.6183257e-03   4.2905179e-01   2.6563903e-02  -9.2027436e-02   1.4681121e-01  -8.8286990e-02   1.7698809e-01  -1.3582622e-01  -2.3128017e-01   8.7722444e-03   9.5463285e-02   9.8394100e-02  -1.3012759e-01   2.9837722e-01  -4.2811232e-01  -3.0225698e-02   1.1234967e-01  -2.0223729e-01   3.7251590e-01  -1.1706984e-02   6.9191723e-02  -1.6290468e-01  -1.0900770e-01  -3.9645179e-01   3.0343595e-01  -9.8241716e-02  -7.2836659e-02  -2.8974678e-02  -2.0405288e-01  -1.5537646e-01   7.1456680e-02   3.8794495e-01   7.9729631e-02   6.6565055e-01  -1.6181240e-01   3.6790010e-01   2.2876873e-01   1.0170134e-01  -1.1136197e-01  -1.4287737e-01  -9.9937216e-02   1.7292500e-02   5.3894154e-02   6.2221379e-02   3.3487236e-03  -2.2602345e-01  -7.8899370e-02  -2.2793176e-01  -1.9250201e-01   1.2174941e-01   4.8375943e-02  -1.2558081e-01   4.4291126e-02   1.3206954e-01  -1.7914262e-01  -6.1463655e-02  -1.9485760e-01   2.1778732e-01   1.5635994e-01  -1.0766237e-01  -1.1442699e-01   4.9107580e-03   9.2770825e-02   1.4953756e-02
   2.2262905e-01  -1.8192805e-01  -2.8071004e-01   2.2583703e-03  -8.9530229e-02  -7.9186775e-02  -1.0673496e-01   0.0000000e+00  -1.6476609e-01  -2.9254038e-01   1.5691120e-01  -2.3412039e-01   2.1206632e-01   2.9067435e-01  -5.0612556e-02  -4.3322373e-02  -2.5723526e-01   5.9444562e-02   6.6828564e-02  -2.0283737e-01   1.3083710e-01   2.2245808e-01   7.6317253e-02   3.3975423e-01  -1.5126324e-01   3.4373295e-01  -6.5657891e-02   4.1990443e-01  -1.3932321e-01  -8.9728542e-02  -8.3157229e-02   1.0996122e-01   7.8531176e-02  -3.7065382e-02  -4.5335834e-02  -1.9744197e-02   1.7265603e-02   1.8633740e-01  -4.8382109e-02  -2.9439178e-01   2.3884148e-02  -4.3178028e-02  -2.4755362e-01   4.0300270e-01   1.5977988e-01   8.0201745e-02   1.0822481e-01   1.8109175e-02   6.3871029e-02  -2.4113645e-01   2.2367696e-01   2.6190397e-01  -1.2616427e-02  -1.0708309e-01  -1.7656743e-02   6.8341918e-02   1.5108747e-01   3.4573084e-01   2.1117048e-01  -1.8305309e-01   1.8432554e-01   3.1113143e-02  -1.8211741e-01   2.6917812e-01  -3.2087357e-02  -8.5614892e-02  -1.2559844e-01  -1.0470353e-01   2.1803645e-01   1.4762794e-02  -3.8208089e-01   1.4671679e-01  -1.1791680e-02   4.9665482e-02  -1.5926651e-02  -3.4153318e-02   5.9248021e-02   3.0965022e-01  -1.7367946e-01  -3.9735006e-03   2.7800666e-01   3.4304034e-02   6.8396279e-02   3.7980130e-01  -3.1774806e-01   1.8832623e-01  -1.6559965e-01   2.2898831e-01  -3.8819737e-03   2.4918310e-01  -8.7612250e-02   1.4961199e-01  -2.0289539e-01   3.4325337e-02   1.4192910e-01  -1.1627474e-01  -1.1357834e-01   1.8485687e-01  -9.5355022e-02   1.0836206e-01  -3.3502589e-02   5.1631619e-02   4.7085067e-02  -1.4535939e-01   2.9916212e-01   1.3159301e-01   2.1730462e-02   1.1625714e-01  -7.0598796e-03  -3.7197538e-03  -2.0761272e-01   3.3230515e-01   2.4224221e-02   2.6182667e-01   1.0722428e-01  -4.0433614e-02   1.1242293e-01   1.9737807e-01   9.0410419e-02  -3.7047276e-02   1.3004552e-01  -1.1439092e-01  -1.6615011e-01  -1.7568332e-01   1.8227672e-01   3.8708722e-01  -5.5618915e-03   4.9843499e-02   9.7771721e-02  -3.2028434e-01   9.1462255e-02  -1.0840090e-01   1.6699419e-01   7.5025349e-02   7.4257699e-02   2.2608561e-01   4.7033288e-02   1.3798843e-01   9.6683863e-02   2.8920395e-01   4.2503585e-01   5.0920516e-02   3.5361534e-01  -3.0016034e-01   7.6311637e-02  -9.6252777e-02  -2.9311304e-01  -9.6204536e-03  -4.9811541e-03   1.1033407e-01   2.8469360e-01   4.2158097e-01   2.3803326e-01   4.4758250e-02  -3.4034045e-01   2.9004330e-01   1.0575936e-01   2.1388239e-01   2.1933174e-01   2.8163475e-01  -2.0490075e-01   2.5152212e-01  -3.5902174e-02   1.6963094e-01   8.2626111e-02  -6.8653450e-02   3.4081734e-02   1.5970056e-01  -1.9910586e-02   1.4893989e-02   6.2589131e-02  -6.3431688e-02  -9.4031093e-02  -2.2833996e-01  -8.5983088e-02  -1.3311878e-02   3.9051916e-02
  -2.1462831e-01   5.4284337e-01   5.7875356e-02   2.6921831e-01   2.4749172e-01  -2.5372852e-01   9.6751009e-02  -1.6476609e-01   0.0000000e+00   2.4966398e-01  -1.3482267e-01   6.4943288e-02  -1.2313322e-01  -9.8146450e-02  -1.0116188e-02  -2.1939320e-01   2.8093863e-01  -7.0686486e-02  -1.6852836e-01   8.2799305e-02   3.4499559e-01  -4.5735943e-02  -1.5482632e-02  -2.1728349e-01   1.2314559e-02  -1.2214893e-01   1.9385030e-01  -3.0726386e-01   2.8033892e-01  -4.0445988e-02   2.6716273e-01   1.5864726e-01  -1.4279210e-01  -2.1950805e-01   6.9440250e-02   2.6587055e-01  -1.1027954e-01  -1.9751113e-01  -2.3543780e-01   3.1166436e-02   1.6298451e-01  -2.0547919e-01   2.0627366e-01  -4.6477369e-01   2.5834253e-02   7.8421666e-02  -1.4962706e-01   3.1340644e-01   1.1919029e-01   1.6150863e-01  -1.4581732e-01   1.8689398e-01   2.3868562e-01  -2.4491244e-01   1.6348083e-01  -2.8998262e-01  -6.4090424e-02   3.0367567e-02  -1.7079290e-01   1.6216209e-01  -1.3294119e-01  -1.1322240e-01   3.6834830e-01   4.1929802e-02   2.3782030e-01  -4.5144032e-03  -3.2721400e-02  -2.1661288e-01  -2.4463874e-01  -1.3319728e-01   5.0608514e-01   3.4468334e-02   2.9524113e-03  -2.1519450e-01  -2.7545309e-03   1.3477219e-01   4.3284824e-02  -1.9275407e-01   5.4617890e-01  -2.0757839e-02  -1.9275233e-01  -6.5911179e-02  -8.2517195e-02   2.3249907e-01  -4.8511660e-02   7.2754496e-02   3.5541506e-01  -7.8245833e-02   2.6463344e-01  -1.9255171e-01   5.3066887e-01  -1.7075717e-01   6.9501408e-02   1.4327613e-01  -1.9242360e-01   1.6336005e-01  -7.1114088e-02  -1.5713591e-01   4.7198802e-02   4.0994090e-02   3.9030913e-03  -1.7035149e-01   1.5037146e-02   2.3354790e-01  -1.2487745e-02   2.3257500e-01  -1.0700741e-01  -8.4353026e-02  -1.0834295e-01   1.5142544e-02  -1.0728528e-01  -3.4516309e-01   7.7959031e-02  -3.2454129e-01  -3.2343340e-01   4.4533545e-01  -7.8896514e-02  -9.6792488e-02  -3.8722958e-01   2.0119901e-01  -2.3966284e-01   4.0516333e-01   2.0174093e-01   4.1417288e-01  -3.3745013e-02  -2.0360205e-01   1.1764082e-01  -9.3864884e-02   3.2134291e-01   1.5518405e-01  -2.5891996e-01   4.0462876e-01  -1.9310182e-01  -1.7622578e-01   5.0228970e-01   1.6210721e-01   7.1705514e-02  -1.9699640e-01   1.6305723e-01  -9.1113718e-02  -2.1447604e-01  -6.6509993e-02  -1.5436947e-01  -2.2760721e-01  -7.7418472e-03   4.8158261e-03   1.3799446e-01   1.4463649e-02  -6.8072348e-03   2.3141657e-01  -3.8626752e-01  -2.2498186e-01  -3.6407174e-01   1.5284942e-01   2.5671551e-01  -2.1293067e-01  -1.0840924e-01  -9.2108536e-02  -1.9155640e-01   9.8594094e-02  -2.0802454e-02  -1.2269717e-01   1.0945418e-01   1.8115135e-02   1.0627649e-01   1.4234328e-01   1.5965630e-01  -1.6692740e-01  -2.6505420e-01   1.7035570e-01   2.9674319e-01  -1.7011954e-01   2.4468062e-02  -9.2954626e-02   5.5977754e-02   1.6617080e-01   1.2320309e-01
  -6.3359832e-02   1.6604180e-01   1.2247643e-01   1.8793132e-01   9.3009206e-02  -6.4920081e-02   4.7305254e-01  -2.9254038e-01   2.4966398e-01   0.0000000e+00   5.5104973e-02   1.7006948e-01  -1.4922381e-01  -1.5543882e-01   2.1738954e-01   2.5898812e-02   1.1934032e-01  -2.5606493e-02  -1.1663066e-01   2.1788213e-01   1.7327794e-01  -3.1399214e-01   2.0942516e-01  -2.2242588e-01   1.3967087e-01  -2.6274654e-01   2.8882868e-01  -1.9081933e-01   1.0694020e-01  -2.8045470e-02   2.4519370e-01  -6.3859172e-02  -2.1359677e-01   1.2778447e-01   1.2420693e-01   2.9080505e-01   1.0045451e-01  -4.5679720e-02  -6.8063723e-02   2.3253515e-01  -8.4583093e-03  -3.0380513e-01   2.4502605e-01  -2.6080494e-01   7.5650268e-02   1.1428649e-01  -3.9925675e-02   2.8271794e-01   1.4342137e-01   4.7604918e-02  -1.7754166e-01  -8.6096791e-02   2.2122575e-01  -9.0785047e-02  -1.7869367e-01  -1.2161994e-01  -1.3127720e-01  -2.5298290e-01  -1.8301846e-01  -9.3810753e-02  -2.4830020e-02   9.6976810e-02   2.6955234e-01  -2.0237950e-01   2.6023854e-01   3.7719430e-01   9.0097167e-02  -1.1461235e-01  -2.1975410e-01   6.0264452e-02   3.8627192e-01  -2.4261448e-02   8.1497503e-02  -1.5625054e-01  -1.8654235e-02  -4.1182012e-02   7.9080839e-02  -1.7569758e-01   3.2400140e-01  -3.5653776e-02  -3.0930281e-01   1.4881600e-01   1.7309269e-02  -2.8935266e-01   5.2669467e-02  -2.8125622e-01   1.5219447e-01  -1.7526911e-01   1.8319596e-01  -3.0639846e-03   1.8543841e-01  -7.6222316e-02   4.8304294e-01   3.3695152e-02  -1.3607901e-02   1.2130293e-01  -1.0780693e-01  -1.4013301e-01   1.6293210e-02   3.5378718e-01  -6.3099668e-02   1.8887371e-01  -1.4735369e-01  -1.1247863e-01  -2.2204274e-01  -8.3417773e-02  -2.0857774e-01  -8.1351029e-02   1.1708456e-01   1.0221744e-02   4.8760773e-01  -3.3767141e-01   1.8312082e-01  -3.5948427e-02  -1.9454202e-02   2.1605906e-01  -3.0051883e-02   4.1423200e-02  -2.9947341e-01   1.9822217e-01  -1.0851564e-01   2.7395951e-01   2.0039896e-01   2.9045194e-01   5.1645564e-02  -3.2901914e-01   1.6970545e-01  -2.7892592e-01  -1.3133616e-02   4.7091086e-02  -1.2970870e-01   5.1924915e-01  -1.3139140e-01  -1.9210483e-01   2.7110127e-02  -2.7256688e-01  -1.8267411e-01  -2.9662553e-02  -1.3190384e-01  -2.2016716e-02  -1.0242204e-01  -1.0443712e-01  -2.3337239e-01  -1.5275689e-01  -3.5714306e-02   1.7392950e-02   4.3874039e-01   6.0456480e-02   2.7949652e-01   2.7732301e-01  -1.2303241e-01  -3.3546611e-01  -1.7398490e-01   6.3113076e-02   6.7827126e-02  -1.0234044e-01   2.1270979e-02  -2.1536188e-01  -1.4009384e-01  -2.2816150e-01  -2.8817375e-02  -2.1288827e-01   3.2057651e-01   1.4132017e-02  -1.0032488e-01   2.5488533e-01   1.7686469e-01  -1.2574931e-01  -4.9381233e-03  -1.2080029e-02   3.7603163e-01   7.5895978e-02   9.9382311e-02  -1.0436663e-01   2.1312195e-01   1.0259878e-01  -8.5077642e-02
  -1.9343414e-01  -4.6736316e-01  -2.0776988e-01  -3.6976657e-02   4.1762795e-03   3.3060005e-01   1.2798055e-01   1.5691120e-01  -1.3482267e-01   5.5104973e-02   0.0000000e+00  -1.8491491e-01   1.7981564e-01  -1.3376730e-01  -3.4975129e-02   1.4081450e-01  -3.6981103e-01   5.7827598e-01  -5.1134034e-03   4.0380387e-02   3.9890387e-01  -2.3800219e-02   3.3483884e-01  -1.0196940e-01  -1.1673553e-01  -2.7419856e-02   2.6734961e-01   8.1625381e-03  -7.9560249e-02   5.5563057e-02  -1.2239033e-01   2.9668481e-01   1.3229344e-01   4.4366815e-01  -3.0691820e-03   3.3527033e-01   3.6663113e-02  -1.0404344e-01   1.4279772e-01  -2.1660795e-01   2.6676434e-01   2.2112111e-01  -5.0365373e-02   8.4453183e-02   2.1225572e-01  -1.9688483e-01   5.8232131e-01  -1.1898405e-01  -2.8868623e-01  -3.2839359e-01   6.0708590e-01   1.9194782e-01  -2.3036039e-01  -2.2237893e-01  -2.0378280e-01   2.3260950e-01   1.7408695e-01   5.3290908e-02   2.4111048e-01  -7.6717496e-02  -4.0634186e-02  -2.0490733e-02   1.4818488e-01   1.2051274e-01  -6.1590913e-02   4.5902851e-01   1.6510696e-01   6.2397761e-02   4.5116235e-01  -1.3136725e-01  -3.8539062e-01   2.4478906e-01   2.2048197e-02  -2.2301409e-01  -4.7497090e-02   2.0440387e-01  -9.4863167e-02   1.4971702e-01  -1.4248106e-01  -1.1756855e-01   4.4537021e-02   3.0717691e-01  -7.0665299e-02  -1.2464712e-01  -4.1203996e-01   2.8610048e-01  -1.3650395e-01  -1.1999751e-01  -5.5053512e-02  -1.0341469e-01  -1.8173343e-01  -1.2508278e-01  -3.4140115e-02   2.0741736e-01  -1.2941420e-01  -1.6047497e-01   1.4996223e-02   2.2245507e-01  -2.0346578e-02   2.6528178e-01  -3.6445642e-01   4.7256708e-01   7.3808429e-02  -3.1211951e-01   5.7992703e-01   4.9377869e-02  -2.2082628e-01   3.0729367e-01  -1.3479477e-01  -3.1342726e-02   1.4671995e-01   3.6318638e-01  -6.7907105e-02  -2.7581922e-02   5.3530006e-02  -2.6452943e-01   2.8869591e-01   5.6893459e-02  -1.6013230e-01   1.1953295e-01  -7.7612683e-02  -8.6132484e-02  -5.2404113e-02  -8.9639336e-02  -2.0224019e-01  -2.4080058e-02   1.7616848e-01  -9.9513991e-02   2.2880089e-01  -2.9263737e-01   4.5009088e-04   2.1030630e-01  -4.0383650e-01   2.8659785e-01  -1.1331863e-01   2.1523050e-01  -1.5822256e-01  -1.3116828e-01   3.0317810e-01   7.4858507e-02   2.6367120e-02   1.3482398e-02   5.5335123e-01  -7.2802005e-02   1.8550930e-01   1.1555481e-01  -1.2121329e-01   2.5438606e-01   4.9916398e-01  -9.4881814e-02  -9.3817530e-02   1.7723364e-02  -1.1185306e-01   3.5839417e-01  -3.7925705e-01  -5.2052059e-02  -5.3174525e-03   3.7248873e-01  -1.4046747e-01   1.4030151e-01  -9.1522333e-03   5.1366193e-01   4.0960768e-01   4.9838504e-01   7.6359095e-02  -7.2282126e-02   1.5687570e-01   1.9950971e-01  -3.6941641e-02  -2.4946233e-01  -7.6706459e-02  -3.4634646e-02   3.2917216e-01  -1.0540253e-01  -4.2693632e-03  -3.9169069e-02  -1.3833345e-02
   5.8940995e-02   1.0697846e-01   1.5525462e-01   4.5077421e-01  -1.0316116e-01  -6.7705696e-02   2.8963885e-01  -2.3412039e-01   6.4943288e-02   1.7006948e-01  -1.8491491e-01   0.0000000e+00  -2.0002031e-01   2.5632566e-01   1.8207125e-01   2.2242045e-01   1.5157490e-01   3.2700623e-02  -2.2533692e-01   5.6703917e-02  -5.8086843e-02  -5.1787158e-02   1.5231578e-01  -1.2204585e-01   2.5087574e-01  -1.7001964e-01   3.6189932e-02   3.9397128e-02  -8.3421061e-02   1.2690351e-01   2.6714880e-01   1.8570229e-01  -3.3103245e-01   3.8100524e-02   8.2064200e-02  -2.7514837e-02   3.9032729e-01   1.4105003e-01   2.0573895e-02   1.7875450e-01  -1.4417200e-02  -2.0017569e-01  -5.2437676e-02   6.4119714e-02  -1.4785311e-01   7.5885467e-02  -3.4464246e-01   1.4543866e-01   3.1109675e-01   1.4357512e-02  -1.8126473e-01  -6.1688092e-02   1.5345087e-01  -2.4852175e-03   1.9552862e-01   6.3230222e-02  -1.1531109e-01  -1.7635512e-01   1.2159670e-01   3.6465750e-01  -8.9239782e-02   2.0506187e-01   2.1852979e-01   9.0603477e-02   2.1899194e-01  -1.6817126e-01  -2.8126803e-02  -2.1928522e-01  -1.8986873e-01   1.0807742e-01   1.5352575e-01   1.8108127e-02  -1.6400455e-01   4.4263361e-01  -2.5332665e-01   2.9495407e-01   8.0388805e-02  -1.9727590e-01  -3.0311076e-02   2.3568992e-01   1.3975603e-01  -2.6799031e-02   2.4935805e-01  -2.3927826e-01   2.5496837e-01  -8.7276607e-02   1.9498102e-01   6.3792709e-02   3.3273538e-01   3.8224159e-02  -5.9924157e-02  -9.1018706e-02   2.3597557e-01  -2.4748948e-01   7.7025599e-02   7.2845326e-02  -8.3042200e-02  -2.3084847e-01  -5.1538959e-02   1.2025357e-01   3.0229072e-01  -1.1857533e-01   2.5858755e-01   1.3190764e-01  -1.5701207e-01   2.9744919e-01   1.5666040e-01  -1.4045146e-01   3.1565363e-01  -2.3284262e-02   1.7540805e-01  -1.4100880e-01   1.4403928e-01  -6.6326647e-02   2.5919992e-01  -3.7326967e-02   2.0075313e-01   8.9519238e-02   1.1672325e-01   4.6892705e-01  -1.3022635e-01  -2.0498153e-02  -1.2365038e-02   1.5620505e-01   7.3442524e-03   1.8896964e-01   1.4997409e-01  -3.8531882e-02   5.1493456e-02   2.2311749e-01  -2.7291470e-01   7.9795159e-04   3.1994760e-01   1.0732264e-01   2.6759698e-02   1.0301573e-01  -1.2928727e-01   1.5471366e-01  -1.7004137e-01  -8.7878082e-02  -8.8024754e-02  -2.6936668e-01  -2.2892429e-01   9.4692220e-02   1.5064535e-01   3.3369365e-01   4.0236624e-01  -1.9909555e-01  -1.9555610e-01   1.7281462e-01   2.2609359e-01   1.1066411e-02  -2.6319708e-01  -1.7098306e-01   1.2166819e-01   2.3023348e-02   5.4244743e-02  -2.0500200e-01  -1.1214204e-01   2.1055650e-01  -1.2396275e-01  -1.9843498e-01  -1.6570827e-01   5.8213998e-02   5.6278394e-02   3.1221835e-02   6.0164198e-02  -1.4145261e-01   1.1782012e-01   3.7219674e-03  -3.2113490e-02   1.5720881e-02  -5.5216722e-02   4.5407452e-03   9.7756923e-02   4.3646979e-01   3.1586998e-01
  -1.8571551e-01  -2.3443848e-01  -1.1991237e-01  -8.1990722e-02  -6.1095437e-02   1.1550523e-01   6.5823955e-02   2.1206632e-01  -1.2313322e-01  -1.4922381e-01   1.7981564e-01  -2.0002031e-01   0.0000000e+00  -1.9835071e-01   6.5244828e-02  -1.9054152e-01  -1.6834200e-01   2.4929953e-01   1.5053195e-02  -3.5793497e-02   1.6261842e-01   3.5335831e-01   2.7940681e-01  -1.2617545e-01  -5.6199981e-01   2.0223421e-01  -8.3859064e-02  -7.7961117e-02   5.2962954e-03  -1.5491905e-01  -3.0546698e-01   4.9872707e-02   1.5861463e-01   3.5065523e-01   6.3131860e-02   2.1642460e-01  -5.9520668e-02  -5.2213474e-02  -8.8445884e-02  -1.3965908e-01   5.1962016e-01   1.3352444e-01  -2.6728954e-01   1.6422979e-01   1.6015412e-01  -2.4074833e-01   2.3526860e-01  -1.7144920e-01   6.8128720e-02   6.5438967e-03   1.9370357e-01   1.4709464e-03  -1.3649930e-01  -2.7769424e-01  -3.2786466e-01   4.2501745e-02  -4.4633146e-02   3.4783286e-01   5.5762618e-02  -1.6145460e-01  -1.5072315e-01  -6.3140377e-02  -2.9174648e-01  -1.4150363e-01  -1.4154009e-01   3.5199297e-01   2.0750752e-01  -1.8252691e-01   2.1105006e-01  -1.8119073e-01  -2.4409025e-01   1.5693738e-01  -1.8381415e-02  -1.7441228e-01  -8.3137181e-02  -9.5211280e-02  -2.6038765e-01   1.5587142e-01  -5.3401352e-03  -3.5403196e-01   1.3848164e-01   5.8788370e-02  -7.5363206e-02  -5.5248597e-02  -1.1609832e-01   1.4817470e-01  -1.6720809e-01  -9.5894023e-02   2.0648215e-02  -1.9004849e-01  -5.8437057e-02  -4.2299201e-02   1.3456811e-01   2.1622356e-01  -1.7040216e-01  -2.0323076e-01  -3.0702295e-01   1.6327160e-01  -2.6158450e-01   2.8041432e-01  -1.8012069e-01   2.3136252e-01   4.9670484e-02   5.6814321e-02   2.6258942e-01   1.8254768e-01  -1.6102799e-01   6.0214017e-02  -2.0848895e-03  -1.3808365e-01   1.0447434e-01   3.0039118e-01  -7.5330111e-02  -1.3670613e-01  -7.4938355e-02   3.9434332e-02   8.1784597e-02   4.2765965e-01  -1.0299559e-01  -1.9412729e-01  -1.6994217e-01  -1.4342607e-01  -1.6801674e-01  -2.2488667e-01  -2.4315127e-01  -6.4770092e-02   1.8900573e-01  -3.0443590e-03   1.1273447e-01  -2.0598575e-01   1.5971911e-01  -4.8174617e-02  -1.6435106e-01   1.3189836e-01  -6.4209526e-02   1.5679545e-01   7.4327025e-02  -1.2362817e-01   1.0970104e-01  -4.6973864e-02  -8.7121277e-02   4.5103635e-01   4.1531650e-01  -3.8509410e-02   1.2273743e-01  -1.2429864e-01  -4.8189721e-02   5.9569773e-02   2.6594775e-01   9.5012034e-02  -1.2183309e-01  -2.0636941e-03  -1.3802775e-01  -1.8189748e-01  -9.4401459e-02   7.7023383e-03  -1.3107602e-01   2.8559225e-01   5.2997068e-02  -1.3842102e-02  -2.5517413e-01   3.1206984e-01  -5.4767971e-02   2.6415011e-01   3.6476450e-02   1.6862483e-01  -2.4713886e-02  -3.2466047e-02  -3.1050660e-01  -9.9975032e-02   1.3612372e-01  -6.5255627e-02   7.9958736e-03  -5.2753538e-02  -4.1838890e-01   1.0278673e-02   6.9597915e-02
   4.7394225e-01  -1.4951881e-01  -1.3496011e-01   8.8738584e-02  -2.9080903e-01  -1.7271918e-01   1.6466552e-01   2.9067435e-01  -9.8146450e-02  -1.5543882e-01  -1.3376730e-01   2.5632566e-01  -1.9835071e-01   0.0000000e+00   2.1150777e-01   1.1802581e-01  -2.2929717e-01  -1.5635741e-01  -1.4453294e-01  -2.0263814e-01  -1.1175822e-01  -5.1331510e-02   2.7712705e-01   4.9657352e-01   1.8947491e-01  -1.3700555e-01  -3.2780117e-01   5.3354236e-01  -1.9425276e-01   1.1763030e-01   2.1771357e-01  -8.5456325e-02  -1.9821566e-01  -9.3860272e-02   2.4027968e-01  -3.2347565e-01  -2.1119032e-02   3.9957389e-01  -7.7800721e-03  -1.5374796e-01  -3.0408001e-01  -1.1220795e-01  -1.3743183e-01   3.1129479e-01   8.4361304e-03   4.9539181e-02  -3.5652706e-01   1.6706971e-01   1.2756232e-01  -2.7255565e-01  -9.5438572e-03   5.6966089e-02   4.7010917e-02   1.5708733e-01   4.4547225e-01   2.0213367e-01  -1.1041171e-01  -8.5632256e-02   4.1533758e-02   2.4000227e-01   2.0248872e-01   1.1701112e-01  -5.9058169e-02   3.7152390e-01   2.4227791e-01  -2.2190952e-01  -3.0906063e-01  -1.0051206e-01  -1.8150011e-01   2.6457118e-01  -2.0061516e-01   1.3667236e-02  -1.6429084e-01   4.7541740e-01  -1.8041381e-01  -2.8548202e-02   2.1958847e-01   3.2858478e-02  -2.6074071e-01   1.4596162e-01   3.4924240e-01  -3.7346354e-02   1.9900779e-01   6.3047118e-03   2.5723773e-02  -7.4829711e-02   1.7259597e-01   4.6985399e-01   6.7318366e-03   5.6856843e-01  -2.3522831e-01   1.1493663e-01  -1.0938281e-01  -2.5997228e-01   3.6511282e-01  -1.0978658e-01  -1.7983342e-02  -1.9825240e-01  -4.8600077e-02   3.8900904e-02   3.3571703e-01  -8.6762184e-02   7.0636368e-02   2.0805663e-01  -4.3088996e-02  -6.1154528e-02   9.6059319e-02  -1.9671175e-01   2.0498381e-01  -1.4515754e-01  -5.2332542e-02  -5.6880156e-03  -6.9107303e-02   4.4550515e-01   5.6251176e-01  -1.4863872e-01   8.2077703e-02  -4.1382359e-02   3.0680186e-01   1.4502294e-01   3.4793077e-01  -1.9296166e-01  -2.0931092e-01   1.0968249e-01   2.4325580e-01   5.5523628e-01   8.5733385e-02   6.4789885e-02  -9.2862042e-02  -3.9309382e-02  -1.6192285e-01  -1.2888168e-01   4.9492477e-01  -4.6737012e-02  -3.9338852e-02  -4.4141669e-02  -9.5266321e-02   5.0045755e-01  -2.7522801e-01   4.1003797e-01   5.6785378e-01  -1.8194568e-01  -2.0437039e-01  -4.9347283e-02   4.1305216e-01   2.4671704e-01  -6.1316285e-03  -4.3332126e-01  -2.3556249e-01   4.1287257e-02   5.5818588e-01   2.5027486e-01   3.4934065e-01  -3.0717097e-02  -2.4956014e-01   5.4505501e-01   2.9602784e-01  -9.3900583e-02   1.4391912e-01   1.8859695e-01  -1.5803022e-01  -2.7110215e-01  -3.9284325e-01  -1.0604331e-01  -1.2156313e-01  -7.7568851e-02  -4.2540676e-02   1.4118315e-03   3.8427849e-01  -8.6903238e-02  -1.3019517e-01   2.4435146e-01  -6.8217883e-02  -3.4526177e-01   1.1943909e-02   1.2235121e-01   3.6797720e-02
