   0.0000000e+00  -2.5388140e-02  -5.8979978e-02  -2.6758307e-01  -2.9043804e-01  -2.7560305e-01  -2.9540329e-01  -6.9164513e-02  -1.9593445e-01  -2.7505864e-01  -1.2671736e-01   5.5732144e-02  -1.3366949e-01   7.0426276e-01  -1.5902229e-01  -2.2556398e-01  -8.4004681e-02  -5.2593429e-02   2.0642897e-01  -3.5403390e-01  -1.2997167e-01  -1.1902766e-01  -1.1644192e-01   6.8410043e-01  -1.4787125e-01  -1.0613582e-01  -1.1609193e-01   3.6783483e-01   1.6814701e-01  -6.4036577e-02  -1.0297803e-01  -2.5018602e-01   4.9128626e-02  -4.7040762e-01  -6.9223447e-02  -4.4886968e-01  -1.6656639e-01   5.9676818e-01  -2.6030503e-01  -2.3896050e-01   7.5597082e-02   2.2970263e-01   6.9082677e-02   1.4631673e-01  -1.3747412e-01   3.1883932e-01  -1.4226059e-01  -3.0775726e-01  -5.5191949e-02  -1.9368922e-01  -9.7000915e-02   4.9964024e-02  -3.1614260e-01  -3.5281842e-02   1.5599980e-01   1.6483563e-02  -3.3142814e-03  -7.3034733e-02  -6.0878167e-02   8.3905670e-02   2.0175387e-01  -2.1845991e-01   1.7267599e-01   1.3160635e-02  -1.4778038e-02  -3.5705814e-01  -5.2992177e-02   4.6737251e-02  -1.3907322e-01  -1.5118465e-01  -2.3934737e-01  -1.8535292e-01  -1.7600492e-02   2.8754628e-01  -2.9860842e-01  -2.5082219e-01   2.3613820e-01   5.9937110e-02  -2.9654524e-01   6.2784479e-02   1.8976099e-01  -1.9777825e-01  -3.1466576e-01   1.2135869e-01   4.5125600e-01  -5.6765534e-02  -7.1348759e-02   2.8079428e-01   1.6218210e-01   7.8547202e-01  -1.6021870e-01   8.7679060e-02  -3.2148587e-01  -4.9501778e-02   4.7342948e-01  -1.1011069e-01  -9.6619321e-02  -1.1670979e-01  -1.0700242e-02  -2.9421587e-01   3.7774438e-01  -1.2230423e-01   6.2934711e-02   1.3925199e-01  -1.8024183e-01  -2.0433993e-01   3.9913240e-02  -2.7395123e-01  -1.9667914e-01  -5.8255417e-02  -3.8541129e-01   2.2327830e-02   3.0124344e-03   7.4598582e-01   3.2220978e-01  -1.5012325e-01  -1.4675456e-01  -1.0065717e-01   3.5010275e-01  -3.7674336e-01   6.8804818e-01  -1.6753447e-01   2.5083713e-01   4.2378081e-02   6.4254655e-01   3.6860626e-01   4.2367317e-02  -2.5923094e-02  -2.3008690e-01  -2.0401537e-01  -1.2056912e-01  -4.2733632e-01   2.1457606e-01  -1.5683454e-01  -2.0054460e-01  -1.8951777e-01   2.7521238e-02   3.7310844e-01  -4.7245086e-02   7.7251155e-01   6.0018237e-01  -1.3302647e-01  -7.7941097e-02   3.0128895e-02   6.4930716e-02  -1.1995422e-01  -3.3889842e-01  -1.9766685e-01  -2.6361116e-01  -2.8084681e-01   4.1530043e-01   1.5104853e-01   4.2765208e-01  -1.8497021e-01  -1.6770401e-02   6.9733456e-01   4.3532162e-01  -8.6679456e-02   1.3845066e-01   5.2998899e-02  -1.7599533e-01  -5.4079334e-02  -2.5039721e-01  -2.7999466e-01  -2.7833207e-02  -2.7500490e-01  -2.2633481e-01   5.8269676e-02   5.9137758e-01  -1.9151849e-01  -7.2479224e-02   5.1227399e-01  -2.0883444e-02   8.8356353e-02  -4.1361389e-02  -5.3506262e-02  -1.7139183e-01
  -2.5388140e-02   0.0000000e+00   5.7509408e-01  -2.5884766e-01   3.5282937e-01  -1.5516509e-01   2.2472897e-01  -1.8821399e-01   3.4055722e-01  -1.5663850e-01  -5.3855629e-01   4.0836333e-01  -3.7855296e-02  -2.2584043e-01   1.7697894e-01   1.4645098e-01   5.7465486e-01  -4.6453885e-01   4.2491122e-04   3.5200337e-01  -4.8438930e-01  -4.3315617e-01  -4.7053300e-01   4.3252569e-02   3.0176682e-02  -1.9065575e-01   2.1163384e-01  -1.6415122e-01  -1.1629712e-01   2.3496117e-01   1.6330062e-01  -8.5663750e-02   5.6448073e-02   9.8319894e-02  -2.5155829e-01   4.4324152e-02  -8.6467955e-02  -2.7240610e-01   3.0667194e-03   6.5176495e-01  -2.3718764e-02  -2.1129797e-02   5.8971102e-01  -2.4743109e-01  -1.1835744e-01  -4.1044986e-02  -4.6237379e-01   3.2624150e-01  -1.7692737e-01   5.9128316e-01  -4.8945565e-01  -9.3441267e-02   3.1928567e-01   4.1286959e-01  -1.8693764e-02  -2.8490530e-01  -8.3421436e-02  -4.0530083e-01  -2.4418860e-01  -3.5904983e-01   3.4642138e-03  -2.5451169e-01   6.2190325e-01   4.9999942e-01   5.7574683e-02  -2.2483033e-01  -1.6485556e-01   2.9033475e-02  -3.3147222e-01  -4.0695926e-02   6.8184643e-01  -3.8924256e-01   2.1672537e-01  -1.2396196e-02  -4.0247477e-02  -1.7943802e-01  -3.9672980e-02  -2.3882827e-01   1.6785635e-01   1.0172988e-01  -3.7027861e-01   1.6032001e-01   3.6227168e-01  -1.1336087e-01   4.2913343e-01  -1.4702853e-01  -2.9163073e-01   1.6468345e-02   7.6937310e-02   3.4046906e-03   4.4661107e-01   3.5739827e-01   5.1351963e-01  -1.6344051e-01  -4.7650404e-01   3.7763296e-01   1.4200956e-01  -1.6466954e-01  -5.3035879e-02  -1.3009011e-01   4.8164109e-02  -2.2755192e-01  -4.6836540e-01  -1.2435448e-01  -5.4580750e-01  -1.6910294e-01   3.6295665e-01  -3.6146400e-01  -1.8619811e-01   2.3009097e-01   3.3078292e-01  -5.1732885e-01  -1.1821122e-01  -2.4012776e-02  -1.8113483e-01   5.3547531e-01  -1.2603882e-01   2.0277628e-01   1.7179795e-02  -1.4612606e-01  -1.4046390e-01   4.3172021e-01   4.5243640e-02  -2.8578342e-02  -2.9783329e-01  -4.1856381e-01  -2.7221552e-01   2.1151595e-01  -3.7774333e-01   3.1002887e-01   4.7426847e-02  -2.2252939e-01   5.1557734e-02  -1.0154088e-01  -2.5034055e-01  -1.4144306e-01   1.7673209e-01  -1.0301796e-01  -3.8084891e-01  -1.0983419e-01  -1.1593642e-01  -3.4746635e-03  -5.1341152e-01  -5.0948590e-02  -2.9374333e-01   1.1567748e-02   4.7078169e-01   2.6259936e-01   2.1396113e-01   2.6106553e-01   5.7425461e-02  -2.8316594e-01   1.3324476e-01   5.3427049e-02   6.7868157e-01  -2.8582792e-02  -4.2386040e-01  -7.2405579e-02   3.2298127e-01  -3.9006435e-01  -4.7348623e-02  -5.5141654e-01  -3.0597693e-02  -3.6683149e-01  -2.9251267e-01   4.2094436e-01  -1.1731908e-01  -2.6143065e-01   3.4294255e-02   6.1927090e-01   4.4658881e-01  -2.7540487e-01  -1.6011145e-01  -1.8857546e-01  -8.0583820e-02   1.4683977e-01  -4.6215343e-01
  -5.8979978e-02   5.7509408e-01   0.0000000e+00  -1.5871360e-01   3.9054640e-01  -7.4634702e-02   4.7694458e-03  -1.0144054e-01   1.7788514e-01   3.1112551e-02  -5.4810003e-01   1.8808269e-01  -1.3889994e-01  -1.8981685e-01   9.3034938e-02   3.5119168e-02   9.0422856e-01  -4.0135872e-01  -2.6146718e-02   4.3905384e-01  -6.0678837e-01  -3.7044800e-01  -4.6797910e-01  -1.1097326e-01   8.0042206e-03   1.9458781e-03   1.4146466e-01  -4.1359957e-02  -9.9766705e-02  -1.5898450e-01  -4.9546939e-02  -2.0879601e-01   6.4244101e-02   4.2908049e-02  -4.4623874e-01   1.0565000e-01  -2.4411475e-01  -3.4387125e-01  -1.2881585e-01   6.4643750e-01  -8.8107438e-02   8.9093796e-02   6.1454283e-01  -1.3842892e-01  -3.2003629e-01   4.3631175e-01  -4.1654718e-01   8.7885457e-02  -4.0409234e-01   7.8660401e-01  -4.4105129e-01   4.0456659e-02   5.8243520e-02   4.8065037e-01  -2.2854353e-01  -2.4052835e-01  -1.5452131e-01  -3.0299424e-01  -2.4548534e-01  -3.9835311e-01   3.6821455e-01  -2.2570353e-01   4.0791547e-01   1.7762045e-01  -5.0063762e-01  -1.6687202e-01  -1.9447368e-01   5.6026388e-03  -3.0616913e-01   4.4811421e-01   4.6843246e-01  -3.5633155e-01  -4.6197104e-02   2.4642028e-01   4.8983963e-02  -4.3471215e-02   3.9861268e-01  -1.7739558e-01  -9.4994808e-02   8.3253327e-02  -1.9117225e-01  -1.6330788e-01   3.4001915e-01   9.4668038e-02   4.4482533e-01  -1.7576408e-01  -4.4047539e-01   9.5665538e-02   1.0040602e-02  -1.1596065e-01   2.3851508e-01   7.0638368e-01   6.4676841e-01  -4.4529547e-02  -3.6518595e-01   4.8238712e-01   1.3752398e-01  -4.0001945e-02  -1.2010379e-01  -2.8037668e-01   7.2870010e-02  -3.3818052e-01  -4.9658881e-01  -1.3113865e-01  -5.0855185e-01  -7.8902165e-02   4.2199706e-01  -3.0549767e-01  -2.0916006e-01   4.2830909e-01   3.2456738e-01  -4.5374801e-01  -9.8781244e-02  -1.8503101e-01   5.1582957e-03   2.1060307e-01  -5.0379961e-02  -1.3152236e-01   2.2938497e-01   1.1029388e-02  -1.2422152e-01   4.3125470e-01   2.4588562e-02  -4.7013890e-01  -1.1856692e-01  -4.1491682e-01  -5.1868943e-01   3.3049839e-01  -3.7952981e-01   6.4907726e-01  -7.3194170e-02  -3.4927411e-01   4.6874356e-02  -2.3775114e-01   9.8942429e-04  -1.0961157e-01   3.6526362e-01  -4.7505612e-02  -3.7741167e-01  -1.7015801e-01  -1.6501840e-01  -1.3481304e-01  -4.4270146e-01   2.6800830e-01  -3.5351814e-01  -2.0781041e-01   5.4590735e-01   1.9190079e-01   4.2882203e-01  -1.8748698e-01   1.6746564e-01  -2.5959614e-01   3.0160189e-01   3.4447176e-02   7.7222793e-01  -1.9204063e-01  -2.0114104e-01  -1.1982678e-01   6.3421335e-01  -2.7649584e-01  -1.4769484e-01  -5.1772577e-01   3.0342497e-02  -4.7343274e-01  -1.0885429e-01   3.3776412e-01  -1.5475784e-01  -1.1840294e-01   5.2110127e-02   5.4314154e-01   3.1323262e-01  -3.0169986e-01  -1.4827155e-01  -2.0122304e-02  -1.7942221e-01   3.3692369e-01  -2.4771126e-01
  -2.6758307e-01  -2.5884766e-01  -1.5871360e-01   0.0000000e+00  -2.7259545e-01   4.2162822e-01   9.3213636e-02   2.6527843e-01  -1.1993099e-01   3.6687346e-02   5.0134504e-01  -9.5339804e-02   1.0805996e-01   1.1527413e-02  -1.4407776e-01   1.8207201e-01  -1.6921658e-01   3.1369667e-01  -2.2311384e-01  -2.4810697e-01   4.0905297e-01   4.5191551e-01   2.6429442e-01  -3.9541025e-01   1.0641340e-01   1.6662627e-01  -3.0106865e-02   7.1960023e-02  -1.7671830e-01   1.4594284e-01   2.7641527e-01   3.8322310e-01   1.6758447e-01   2.3421637e-01   2.3906393e-01   1.4008779e-01  -9.0113422e-02  -1.6372105e-01   3.4311228e-01  -1.8339715e-01   1.1294459e-01   4.6968128e-02  -2.9956420e-01   3.6495698e-01  -8.2330104e-02  -7.7439924e-02   3.4461925e-01   1.7521668e-01   5.2307940e-02  -2.8631161e-01   1.9568868e-01   1.3256466e-01   2.2676485e-01  -1.9040944e-01   1.7411820e-01   4.1056231e-01   5.1012299e-02   4.1286325e-01   3.8547323e-01   2.9515802e-01   2.7771530e-02   6.3674776e-02  -3.2455053e-01  -5.0671381e-02  -1.1233322e-01   2.7264522e-01   2.8449846e-01  -3.6501730e-01   4.4347930e-01   2.6448312e-01  -1.2253583e-01   7.6261487e-02  -3.1318659e-02   7.9783921e-02   2.5552221e-01   1.6313991e-01  -2.4893217e-02   2.5078181e-01  -1.2004387e-01  -2.1349015e-01   2.8052971e-01   8.5671959e-02   2.2465219e-01   1.5250356e-01  -2.4211663e-01   1.8699461e-01   2.9350008e-01  -7.6537843e-02   2.8495980e-01  -4.1611602e-01  -4.1138805e-01  -1.0664402e-01  -1.0493348e-01   2.0201376e-01  -5.0267248e-02  -2.5283448e-01  -3.1415605e-01   4.5391315e-02  -2.5495507e-01   2.2726639e-01   1.6792234e-02   2.0085899e-01   4.8447346e-01   1.4906419e-01   3.5141177e-01   4.8618455e-01  -3.0522305e-01   2.7628142e-01   1.2821317e-01   8.2666014e-02   1.0790149e-01   4.5543866e-01   2.1468048e-02  -3.8751546e-01  -2.7006537e-02  -2.9314278e-01   3.4881298e-01   2.2081569e-01   4.2026764e-02   4.3336229e-01  -1.2834884e-01  -3.1952577e-01   1.7116997e-01   3.8939611e-02  -1.0657906e-01   2.3737230e-01   2.4076904e-01  -6.7485697e-02   4.6752142e-01   1.1687068e-01   3.0186594e-01   3.2216989e-01   1.3336963e-01   3.4079691e-01   3.8847960e-01   1.6808721e-01  -4.2863217e-02   1.4360666e-01   2.5648208e-01  -2.8140943e-01  -1.3612893e-01  -3.2154751e-02   2.2334313e-01   2.6356903e-01   1.0683339e-01   2.0955221e-01  -1.0961773e-01  -1.4078377e-01   8.9049801e-02   1.0050745e-01  -1.1337903e-01   4.3785603e-01  -2.9736425e-01   6.4999237e-02  -1.1699661e-01  -4.2433625e-01   2.4702855e-02   1.6889055e-01  -1.2166610e-01   3.0571262e-01  -2.1506888e-01   3.5633575e-01   1.7454282e-01   4.0069974e-01   1.3348922e-01  -2.8646406e-01   3.3915120e-02   2.2601295e-01   3.5947630e-02  -5.4465627e-02  -4.3375673e-01  -2.2424242e-01  -7.3980110e-02   2.5765594e-01   1.3228342e-01   1.4913986e-01   3.7574887e-01
  -2.9043804e-01   3.5282937e-01   3.9054640e-01  -2.7259545e-01   0.0000000e+00   4.2754143e-03   1.0480312e-01  -1.1760806e-01   5.4754555e-02   3.6361462e-01  -3.0005575e-01  -6.4306070e-02   6.0863201e-02  -3.5480123e-01  -7.9796015e-02   2.2731948e-01   5.1925051e-01  -1.7375030e-01   7.9772109e-02   7.8909780e-01  -3.3502398e-01  -5.0765231e-01  -1.8124499e-01  -2.5217476e-01   1.1468392e-01   8.8586859e-02   2.2035661e-01  -2.2992070e-01  -1.4701607e-01  -2.9120858e-01  -2.2403808e-01  -1.5004976e-01   1.5702035e-01   2.1777181e-01  -4.2179746e-01   6.4102526e-01   2.9251879e-01  -2.6096888e-01   1.6443321e-01   4.5609426e-01   1.3594250e-01  -8.1759432e-02   2.3335723e-01  -2.1662198e-01   8.1472599e-02   1.3175209e-01  -1.9835269e-01   6.8764152e-02  -5.2082864e-02   5.9696888e-01  -2.5021617e-01   5.3772362e-03   2.3266901e-01   4.7764656e-01  -2.5363326e-01  -4.0604471e-01  -9.4409947e-03  -3.0358535e-01  -1.3740365e-01  -4.7781471e-01   2.0541742e-01   1.7859757e-01   2.1734646e-01   2.8294257e-03  -9.6978108e-02   2.8773179e-01  -2.1854789e-01   1.2109545e-02  -3.2376362e-01  -2.7254719e-02   3.2098083e-01  -1.5984444e-01   1.9311113e-01  -2.3033190e-01   1.0629209e-01  -6.3394528e-02   2.1683188e-01  -1.0642574e-01   2.8287219e-01   1.7001178e-01  -4.8542262e-01   6.2186227e-02   2.0055243e-01  -5.7778131e-02   1.5110164e-01  -2.5767126e-01  -4.4454466e-01  -8.0858992e-03  -1.8259643e-01  -2.9234830e-01   6.3391500e-01   4.0471555e-01   6.4299238e-01  -4.0256526e-02  -2.3172047e-01   7.4886233e-01   3.3144561e-01   1.3385813e-01   2.0951239e-01   1.2764952e-01  -1.6074444e-01  -3.1842693e-01  -4.3835287e-01  -2.9730574e-01  -2.6911632e-01  -1.4480784e-01   3.5796834e-01  -2.1342816e-01   7.9480960e-02   4.2308183e-01   2.8103405e-01  -4.5636834e-01   4.2637024e-03  -2.3160513e-01  -9.7521614e-02   2.3108810e-01  -1.3598230e-01   1.3746938e-01   1.5643893e-01  -4.3100656e-02  -2.7937877e-01   6.6737228e-01  -3.4344656e-01  -3.3582589e-01  -3.3681781e-01  -4.8850079e-01  -2.9698240e-01   2.1078729e-01  -2.2381348e-01   2.3880562e-01   1.1876548e-01  -1.1480698e-01  -5.5570348e-02  -8.5085452e-02  -5.3566879e-02  -6.6811176e-02   2.7003924e-01  -2.0222111e-01  -3.3004028e-01  -2.2443683e-01  -3.1332457e-01   4.1502453e-02  -3.2234282e-01  -5.7873022e-03  -1.5728914e-01  -3.1613320e-01   3.8292030e-01   6.4524334e-01   4.9179475e-01   1.0557344e-01  -1.0553102e-01  -4.4377515e-01   1.7907309e-01   2.7556026e-01   3.8962854e-01  -2.1853612e-01  -5.4746994e-02  -7.6688964e-03   4.9951857e-01  -3.2031131e-01  -2.5322445e-02  -3.7781283e-01   3.6182990e-01  -3.5119316e-01   3.3134077e-02   2.9694609e-01   2.2232457e-01  -1.6663557e-01  -7.2549443e-02   5.9445597e-01   3.9349852e-01  -1.5770628e-01   1.8061183e-02  -3.4082011e-01  -3.3988225e-02   4.3361390e-03  -1.1149541e-01
  -2.7560305e-01  -1.5516509e-01  -7.4634702e-02   4.2162822e-01   4.2754143e-03   0.0000000e+00   2.3336577e-01   2.0275732e-01  -2.3139968e-01   7.1250643e-02   3.6123015e-01   1.4964645e-01  -1.8248357e-03  -1.6128076e-02   5.2165667e-03   1.7153679e-01  -6.1898806e-02   2.5298462e-01  -7.6646522e-02  -5.0293205e-02   2.9382427e-01   2.1411530e-01   3.4236346e-01  -2.2285363e-01   2.1618985e-01   2.6998818e-01   1.6016696e-01   1.1199377e-02  -1.5522767e-01  -3.7911662e-02  -1.2682985e-01   2.3403402e-01   2.1324043e-01   2.9054691e-01   2.2919552e-01   2.1315107e-01  -8.0731447e-02  -1.3273240e-01   1.0309952e-01   4.8685010e-03   1.7016997e-01  -3.7369011e-02  -1.7453488e-01   2.1734021e-01   2.2435820e-02  -1.1349275e-01   3.0803645e-01   1.8924450e-01  -5.4711953e-02  -1.4810390e-01   2.3067705e-01   1.2550971e-01   2.4400005e-01  -1.2855215e-01   1.0499678e-01   2.9523375e-01   1.5440026e-01   2.3101514e-01   2.1857550e-01   2.5266784e-01  -7.2574775e-02   9.9604325e-02  -1.0720066e-01  -1.9703754e-01  -4.3195901e-02   3.3272800e-01   4.5605578e-01  -1.0425385e-01   3.4035573e-01   1.4719703e-01  -1.0169675e-01   1.3346956e-01  -3.9928389e-03   9.5834079e-02   1.1193263e-01   6.9978426e-02  -1.0363539e-01   1.7046596e-01  -1.6080224e-01  -1.0113552e-01   9.4004228e-02   6.2172634e-02   2.1321957e-01   1.2970944e-01  -2.4320427e-01  -4.4124887e-02   2.6696479e-01  -1.7244545e-01   2.5571363e-02  -2.5278000e-01  -2.5291532e-01  -5.2817273e-02   9.4745928e-02   2.0819804e-01  -6.7488961e-02  -4.4184035e-02  -1.5153089e-01   1.0122131e-01  -1.1619450e-01   8.0946956e-02  -1.1904709e-01   1.0481520e-01   2.1825295e-01  -1.7863103e-02   3.4644543e-01   1.2057655e-01  -8.2529902e-02   4.6121871e-01  -1.3434446e-02   1.6149919e-01   6.3655166e-02   3.6951846e-01   4.0292197e-02  -2.5689717e-01  -8.9210163e-02  -2.7178009e-01   2.7471512e-01   1.6644446e-01  -2.9263079e-03   2.0826259e-01  -1.0161083e-01  -2.0176855e-01  -7.5294498e-03  -1.0385237e-01  -1.8716430e-01   2.3823397e-01   9.1119189e-02   2.6585539e-02   3.6341306e-01   6.5912752e-02   5.6135369e-02   7.9344669e-02   1.7761524e-01   3.2160166e-02   3.4897259e-01   6.1650461e-02  -1.8433078e-01  -6.9436479e-02   2.2411142e-01  -1.8499900e-01  -1.3761005e-01  -9.0289094e-02   4.2473846e-01   1.8848003e-01  -1.1899432e-01  -1.5144518e-01  -1.1974860e-02  -1.7347467e-02   2.1543348e-01   1.0583257e-01  -1.7113051e-01   2.5080541e-01  -1.1735311e-01   3.4046610e-02  -6.0468523e-02  -2.6935445e-01   3.2399561e-02   1.7511103e-01  -1.7141208e-01   2.0663454e-01  -1.3166850e-01   2.0613851e-01   5.7441804e-02   3.6719371e-01   1.1754128e-01  -6.7732305e-02   1.6364445e-01   1.8649753e-01  -8.3387356e-02   3.8724958e-02  -7.1391676e-02  -6.3458019e-02   7.5917866e-02   2.0681613e-01   1.3696718e-01   1.8988886e-02   2.1007033e-01
  -2.9540329e-01   2.2472897e-01   4.7694458e-03   9.3213636e-02   1.0480312e-01   2.3336577e-01   0.0000000e+00  -9.3267531e-02   1.3069150e-01   1.1233195e-01   1.7687585e-02   3.5855017e-01  -2.4499958e-02  -1.1857652e-01   2.9370889e-01   1.2116586e-01  -3.2054061e-02  -3.2524386e-02   4.4783833e-02   6.8419981e-02   5.1053677e-02  -1.5838305e-01   1.6099213e-01  -1.2373773e-01   2.4254667e-02  -8.6673461e-02   5.9460879e-02  -7.5162927e-02  -6.2840180e-02   4.0756899e-01   2.4110802e-01   8.3509436e-03   1.9748798e-02   5.8557005e-01   1.8072627e-01   1.3112649e-01   2.3667562e-01  -1.8192579e-03   1.6799317e-02   2.2625061e-01  -9.0537826e-02   7.5045172e-02  -8.8498109e-02  -1.6294131e-02   5.4305644e-02  -3.2786487e-01  -2.6036947e-02   6.3257396e-01   1.9683175e-02  -9.6035331e-02  -1.8238597e-01  -8.3443715e-02   3.5071271e-01   5.2174628e-02   2.3521775e-01   1.0195701e-02   1.6327004e-01  -1.8330566e-01  -6.4504696e-02  -1.3765895e-01  -2.8781527e-01  -1.2859455e-02   9.9254706e-02   2.4771983e-01   2.3007960e-01   2.5333229e-01   4.1331298e-02   4.5179266e-02  -1.3685234e-01   1.9656414e-01   3.6048468e-01  -1.5262507e-01   4.5338432e-02  -2.0402485e-03   5.1735620e-02  -1.4981617e-01  -2.3347041e-01  -8.7165523e-02   1.3163893e-01  -1.1435172e-01   6.6904061e-02   1.5824210e-01   4.3237212e-01  -1.5414092e-01  -7.6959847e-02  -1.2509499e-01   2.1593087e-01   1.6338747e-01   1.9558082e-02  -2.3467532e-01   1.1064829e-01  -1.9698573e-01   1.9245384e-01   2.8157289e-02  -1.6581034e-01  -1.2338945e-01  -5.2373778e-02  -4.8398772e-02   1.2045863e-01   2.6265662e-01   3.3841010e-02   4.0778516e-01  -2.9567058e-02  -1.4152660e-01  -1.1485948e-01  -1.2285515e-01   2.5541424e-02  -4.2328103e-03   1.8458658e-02  -5.0905466e-02   4.0290446e-01  -1.1699552e-02  -1.6362228e-01  -2.8569918e-01   1.3967865e-01   9.2968888e-02  -1.4862019e-01   2.1461904e-01  -1.2158925e-01   2.4262607e-02  -1.1742336e-01  -7.6758225e-02  -5.6488838e-02   2.2193771e-02  -2.9235300e-01  -9.8404270e-02   9.4232370e-02  -5.5636576e-02   3.5610227e-04   9.6962753e-02   1.2912404e-02   1.9030087e-01   1.1494956e-01   2.9211577e-01  -2.7038437e-02  -1.5776362e-01  -1.6657050e-01   6.7580376e-02  -1.2911443e-01  -2.4256721e-01  -1.5864783e-01  -1.2392974e-01  -1.1694567e-01  -4.0503843e-02   1.5688747e-01   1.6110148e-01   4.7971379e-01   2.0607659e-01   5.3264354e-02   2.3230157e-01   1.4317593e-01   1.0031421e-01  -4.6996155e-02   3.2192797e-01   1.3291306e-02  -1.7180106e-01  -1.2473501e-01   9.0176125e-02  -1.9580958e-01   2.0579067e-01  -1.0619191e-01  -7.5528698e-02   1.1455909e-02   1.7584662e-01  -8.1673769e-02   1.4778521e-01   3.5214823e-01  -1.9813926e-01  -1.3199050e-01   1.0072442e-01   1.0230541e-01  -6.2793443e-02   1.2775241e-01  -1.8168672e-01   1.5886503e-01  -1.7380142e-01  -1.0865132e-01
  -6.9164513e-02  -1.8821399e-01  -1.0144054e-01   2.6527843e-01  -1.1760806e-01   2.0275732e-01  -9.3267531e-02   0.0000000e+00  -2.0205392e-01   5.9957069e-02   2.0117042e-01  -6.9993421e-02  -8.3606205e-02  -3.2015933e-02  -1.0187542e-01   1.3530558e-01  -1.3913724e-01   1.5380864e-01   1.4125860e-01  -1.1025215e-01   1.6119243e-01   1.2252937e-01   1.9253096e-01  -6.4746362e-02   3.9918609e-02   2.8512933e-01   5.4491750e-02   3.1972370e-01   1.6710175e-02  -9.2977556e-02  -9.9337006e-02   1.6022279e-01   1.2401285e-01   8.9122091e-02   5.3025881e-02   2.5451794e-02  -4.0119656e-02  -1.2877174e-01   5.9225618e-03  -1.6641903e-01   3.1246025e-01   8.1039158e-02   9.4535125e-03   4.4668986e-01  -3.2752433e-02  -1.7355251e-01   1.5490950e-01  -1.2224864e-01  -1.0993188e-01  -2.0531388e-01   2.0180185e-01   3.6017002e-01  -2.6948940e-02   1.4221518e-02  -1.8912393e-02   2.3439672e-01   1.6182736e-01   2.4669917e-01   3.7577470e-01   1.0451650e-01  -1.0085601e-01  -3.7812452e-02  -1.4013798e-01  -1.2136214e-02  -9.9652619e-02   1.4880812e-01   1.6006321e-01  -2.5409713e-01   3.4614725e-01  -7.7311637e-02  -2.5055664e-01   3.3027407e-02   1.0801187e-01  -6.4888963e-02   1.5085586e-01   1.4042358e-01  -1.6855711e-02   3.1294363e-01  -1.0354157e-01  -8.9629814e-02   2.0992408e-01  -1.8796262e-01  -4.6329444e-02   5.2211263e-01  -2.1103724e-01   9.3825186e-02  -4.4277910e-02  -1.1612007e-01   2.2001935e-01  -1.5952253e-01  -1.2753166e-01  -1.1512670e-02   6.4931770e-02   8.0439907e-02  -1.1233971e-01   8.1296655e-02  -1.2302600e-01   3.7745510e-01  -1.8451607e-01   6.3979655e-02  -2.1701449e-01   4.7317009e-02   2.1291254e-01  -8.4981687e-02   3.1581746e-01   1.6997615e-01   4.4483501e-02   3.4554943e-01  -1.6874657e-01   5.9135407e-03   5.7902589e-02   2.3926844e-01  -6.5987589e-02  -1.1826738e-01   6.6386942e-02  -2.2531622e-01   2.3353826e-01  -3.7322760e-02   5.6487229e-02   4.8294364e-02  -1.0169636e-01   4.0384788e-02   6.5052478e-02  -2.9627240e-02  -1.3607415e-02   2.0909953e-01   3.8617538e-02   1.0389854e-01   3.4682910e-01  -1.5380629e-01   1.5350330e-01  -6.9124129e-02  -6.2008301e-02  -5.0709199e-03   6.2005749e-02   2.9124791e-01   1.6437429e-01   1.0886232e-01   3.9551838e-01  -2.0887470e-01   8.8648254e-02   2.1790555e-02   3.3117736e-01   1.1630783e-01  -1.6215297e-01   1.6425023e-04  -1.0246693e-01  -1.1050998e-01   1.3516013e-01   4.2024776e-02  -1.0737124e-01   3.5052409e-01  -1.7886290e-01  -6.3127192e-02  -1.7001560e-01  -1.2477221e-01  -9.2934365e-03   2.8501951e-01  -3.3669313e-02   2.4342267e-01  -1.8246268e-01   2.7341576e-01   1.4888378e-02   2.7197499e-01   2.8321745e-01  -1.6904694e-01   7.6626830e-03   3.9875854e-01   3.5908133e-02  -4.4109332e-02  -6.2452328e-03  -1.3411060e-01   3.5833750e-02   1.6196644e-01  -3.3308654e-02   2.5828870e-01   5.1760489e-02
  -1.9593445e-01   3.4055722e-01   1.7788514e-01  -1.1993099e-01   5.4754555e-02  -2.3139968e-01   1.3069150e-01  -2.0205392e-01   0.0000000e+00  -2.1737318e-01  -2.0995129e-01   1.3919682e-01  -1.4498364e-01  -1.2340673e-01   3.3144140e-01   1.2157395e-01   5.9122267e-02  -2.4548728e-01  -4.5583552e-02   2.5346094e-01  -2.0927225e-01   7.5480425e-02  -3.9157004e-01  -2.9015272e-02  -5.1192860e-02  -1.4658784e-01   1.0482470e-01  -1.9382863e-01  -1.3618755e-01   4.1410703e-01   2.6639363e-01   1.7084434e-01  -1.2811840e-01  -5.2805566e-02   1.1674814e-01  -5.5565212e-02   1.3569018e-02  -1.7149759e-01   3.3058428e-02   7.5638766e-02  -2.3482849e-01  -7.3144873e-02   4.1111719e-01  -2.6702831e-01  -1.2120503e-01  -1.3657265e-01  -1.5452041e-01   6.5650614e-02  -1.2716727e-01   1.7851995e-01  -2.4623772e-01  -1.3131386e-01  -1.2304263e-01   8.8873915e-02   3.4784880e-03  -1.8325075e-01  -2.5927440e-01  -3.4723433e-02  -2.2183617e-01  -1.3409656e-01  -2.1728268e-01  -9.9189473e-02   2.8455126e-01   3.8931301e-01   1.4198897e-01  -2.6533056e-01  -7.0930039e-02   3.8361319e-01  -1.2802009e-01   3.1809889e-02   1.8921206e-01  -4.4643519e-02   6.6444046e-03  -2.0723279e-01   1.4630917e-01   8.5473494e-02  -1.5091183e-01  -1.8345747e-01   3.7310447e-01   1.4342277e-01  -1.0906542e-01  -9.0548768e-02   5.4654366e-02  -2.0975276e-01  -2.1100817e-01   1.4987711e-01   1.0241436e-01   3.8757097e-02  -3.0398282e-02  -8.9241436e-02   3.1875045e-01  -1.0603911e-01  -4.3412308e-02  -3.8067544e-02  -1.6514913e-01  -1.0686241e-01   1.3484654e-01  -8.9679631e-02   1.8826533e-01  -2.9902520e-01  -1.0498206e-01   7.1005601e-03  -2.1099443e-01   3.4041293e-01  -2.3997619e-02   9.0965259e-02   9.3346383e-02  -5.8268062e-02  -1.0849480e-01  -2.4508712e-01   4.0271034e-02  -1.9869523e-01   1.3084496e-01  -1.5352062e-01  -1.1368064e-01   4.6418150e-01  -7.6904520e-02  -8.3015673e-02  -2.9513896e-01   2.0609343e-01  -1.2469260e-01   2.1709051e-01  -2.9544950e-02   2.4465633e-01  -2.5990933e-01  -1.5108890e-01  -8.7065024e-02  -8.8793690e-02   1.4840472e-02   5.9111684e-02   1.6745230e-03   1.1790850e-01  -3.1093248e-01  -1.7394655e-01   2.5711598e-02   9.0285641e-02   1.2675678e-01  -2.8509378e-01  -2.2392236e-01  -1.3990555e-01   3.7770509e-02   7.8750924e-04  -2.5819896e-01  -3.2313522e-01   2.4155942e-02   4.8828026e-01   2.2915906e-01   3.6283942e-02  -2.6828772e-01  -1.7592807e-03  -1.0846046e-01  -2.5831446e-01  -2.4083177e-02   2.5690135e-01   1.8758814e-01  -1.1392658e-01  -2.5046703e-01  -1.5078004e-01  -1.3691746e-01  -1.4748773e-01   2.6902526e-01  -1.8724684e-01  -1.5785350e-01   5.3341030e-02  -2.4858001e-01   3.4663437e-01   1.1802631e-01  -3.1622860e-01  -1.3295074e-01  -2.1047618e-02   2.1561677e-01  -9.9262994e-02  -1.8435145e-01  -2.5143842e-01   4.9487108e-02  -5.9289524e-02  -1.1743921e-01
  -2.7505864e-01  -1.5663850e-01   3.1112551e-02   3.6687346e-02   3.6361462e-01   7.1250643e-02   1.1233195e-01   5.9957069e-02  -2.1737318e-01   0.0000000e+00   1.0094107e-01  -1.8986943e-01  -3.6534957e-02  -1.6094658e-01  -3.5246443e-01  -1.1920022e-02   1.6149904e-01   2.0230598e-01   1.7334979e-01   1.8865366e-01   1.5487615e-01  -2.9722669e-01   3.4369494e-01  -2.5738690e-01  -6.6768033e-03   1.3730164e-01  -8.2456887e-02  -1.1663695e-01   9.4064598e-02  -2.9672995e-01  -1.4187127e-01  -2.1156055e-01   2.2553826e-01   4.2565204e-01  -2.6043076e-01   3.4431040e-01   3.1332284e-01  -5.6496761e-02   1.0939090e-02   2.2405679e-01   6.2773734e-03  -9.5608647e-02  -2.5735817e-01   5.3667312e-02   4.1176731e-02   1.2375538e-01  -5.5537184e-03   2.3977857e-01   9.9867041e-02   1.2566058e-01   2.0993398e-01   5.3311902e-02   2.9627790e-01   1.8660228e-01  -1.1854125e-01  -2.2869544e-01   9.7476706e-02  -1.1539527e-01  -3.2439623e-02  -2.8335521e-01   2.9722824e-02   1.9320761e-01  -2.0714384e-01  -1.7435959e-01  -1.7395847e-01   6.1178688e-01  -1.2525569e-01  -1.8180914e-01  -1.8133916e-01   2.8298150e-01   1.3460828e-01  -6.9253789e-02   1.9494998e-02  -1.4682387e-01   3.9192808e-02  -1.0470784e-01  -1.9493221e-02   1.3038064e-01  -1.5139488e-01  -1.9945032e-01  -1.7713459e-01  -1.7293189e-01   2.8702388e-01   1.3873438e-01   1.1575993e-01  -3.4588063e-01  -6.1751814e-02  -7.8439130e-02   4.4470049e-02  -3.1766823e-01   1.9294506e-02   6.7460084e-02   3.0622112e-01   1.0847333e-01  -3.9659019e-02   4.0168539e-01  -1.1908255e-01   2.9641948e-01  -1.3215740e-01   5.6983736e-01  -2.0067787e-02  -1.0864531e-01  -1.1506295e-01  -2.5316632e-01  -2.4872300e-01  -1.4030037e-01   1.8175549e-01  -1.5368646e-01   2.0701235e-01   4.3031241e-01   3.8127311e-01  -2.4989891e-01  -1.2172695e-02  -2.3138802e-01  -7.7104242e-02  -3.6161444e-01  -8.8475720e-02  -5.9685619e-02   2.7299996e-01  -2.0286736e-01  -2.6164686e-01   6.0056203e-02  -5.1597812e-02  -3.6805652e-01  -9.5172773e-02  -3.2665145e-01  -2.9702748e-01   1.3066051e-01  -3.7752618e-02   3.0512518e-01  -7.5090192e-02   9.4966417e-02   1.6719269e-01   2.9347901e-01   4.7507383e-02  -6.0636422e-02   6.4419178e-02  -1.7271380e-02  -1.7390619e-01  -1.5205023e-01  -1.3423059e-01   2.4685907e-02  -1.4959397e-01   3.2768615e-01  -1.8128499e-01  -3.4365335e-01   1.6534258e-01   3.6930205e-01   4.0184474e-01   1.0062244e-01  -1.8124580e-02  -9.4561323e-03  -9.1182340e-02   1.1806410e-01   3.9312260e-03  -2.8653649e-01   4.7363861e-02  -1.1260965e-01   2.4386604e-01  -3.7190584e-02  -1.3056340e-01   2.5412466e-03   6.4489779e-01  -1.2012925e-01   2.3387476e-01  -7.8385382e-02  -4.7600404e-02   5.1027380e-02  -6.8509496e-02   1.9920205e-01  -4.9505106e-02  -1.8713515e-02   1.2628005e-01  -1.6766287e-01   4.9909737e-02   1.3389754e-01   7.0058043e-02
  -1.2671736e-01  -5.3855629e-01  -5.4810003e-01   5.0134504e-01  -3.0005575e-01   3.6123015e-01   1.7687585e-02   2.0117042e-01  -2.0995129e-01   1.0094107e-01   0.0000000e+00  -2.2429670e-01   3.8500899e-02   9.9265526e-02  -1.8042289e-01   2.3408890e-01  -4.5634804e-01   6.9717737e-01  -4.0602030e-02  -3.0079634e-01   5.9832808e-01   4.3211157e-01   4.9210416e-01  -2.5063753e-01  -7.3922712e-02   5.2913661e-02   6.3995829e-02   5.5187423e-02  -3.4594470e-02   1.2464988e-01   9.7450325e-02   2.3846698e-01   2.0701535e-01   2.1422923e-02   4.0814103e-01   1.3811683e-01   9.0618286e-02   6.0114450e-02   2.6635028e-01  -4.3665127e-01   1.0106802e-01  -6.2754369e-02  -4.7327181e-01   4.0402058e-01   1.6227063e-01  -8.3944672e-02   7.2423879e-01   6.1607039e-02   1.2111818e-01  -5.4174270e-01   5.2709181e-01   1.2535910e-02  -3.5065995e-02  -3.8982968e-01   1.2809280e-01   4.3205919e-01   2.3944320e-01   3.8953160e-01   4.6132641e-01   4.5991210e-01  -4.2172321e-02   1.7398223e-03  -3.6003437e-01  -1.2564662e-01   9.3220037e-02   3.6497063e-01   3.3679972e-01  -2.3908846e-01   5.5202883e-01   6.7573784e-02  -4.0333083e-01   2.8442071e-01   6.4727708e-02  -6.4091481e-03   1.2926932e-01   1.1557792e-01  -8.1005705e-02   3.1269091e-01  -1.6871047e-01  -1.4503793e-01   2.5465356e-01   5.0064887e-02  -2.6900447e-02   6.9637073e-02  -2.9042324e-01   7.9032706e-02   4.6536389e-01  -8.3032980e-02   1.1973225e-01  -1.9838682e-01  -3.4026524e-01  -3.3402444e-01  -4.4015493e-01   2.1097934e-01   2.2616700e-01  -3.0150126e-01  -2.6018322e-01   1.4455574e-01  -4.0749059e-03   1.3143616e-01   3.9796200e-03   4.0634827e-01   5.0906135e-01   2.1810960e-01   5.8717979e-01   1.0095476e-01  -3.3581950e-01   5.3770053e-01   7.5477352e-02  -4.4076173e-02  -1.5676341e-01   5.2472643e-01   1.3312730e-01  -9.3530818e-02  -3.7776526e-02  -4.3893594e-01   3.3869099e-01   1.5670639e-01   8.0445206e-02   1.4285632e-01   2.9839460e-02  -3.8050686e-01   7.7091436e-02   2.5078535e-01   1.1399685e-01   3.6934490e-01   3.2741578e-01  -1.3593822e-01   5.1181395e-01  -1.2926992e-01   2.5200962e-01   3.1413308e-01   1.0579679e-01   3.5405668e-01   2.7251094e-01   1.8934575e-01  -1.6710530e-01   1.6594425e-01   4.4532854e-01  -9.0971970e-02   1.1862648e-01  -4.0710594e-02   5.6974220e-01   1.7759008e-01   1.5516510e-01   1.9869735e-01  -3.9291993e-01  -1.6022905e-01  -6.2549234e-02  -1.0194935e-01  -1.0713608e-01   3.4546442e-01  -2.3244821e-01   2.7059078e-01  -3.6807611e-01  -1.6754541e-01   2.4211192e-01   2.1171987e-01  -3.7042682e-01   3.1790524e-01  -8.4615029e-02   7.6935420e-01   1.1426738e-01   6.3091787e-01   1.6520973e-01  -5.0582301e-01   2.8232122e-01   2.3753045e-01  -7.8467382e-02  -3.3738287e-01  -3.4104228e-01   8.2774542e-02   1.1462363e-01   3.0450932e-01   2.4014338e-01  -8.8677569e-02   2.8592998e-01
   5.5732144e-02   4.0836333e-01   1.8808269e-01  -9.5339804e-02  -6.4306070e-02   1.4964645e-01   3.5855017e-01  -6.9993421e-02   1.3919682e-01  -1.8986943e-01  -2.2429670e-01   0.0000000e+00  -5.0498820e-02  -2.0923232e-02   5.3215504e-01   1.2376616e-01   3.6283393e-02  -1.2804904e-01   3.7406184e-02  -7.2400008e-03  -7.1177261e-02  -1.5469315e-01  -1.7254965e-01   1.0262395e-01   5.6255549e-02  -1.3511577e-01   7.6755729e-02  -1.3445207e-01  -1.0040135e-01   2.3222132e-01   7.3036346e-02  -9.8075064e-03   1.1834191e-01   1.4480441e-01   2.2219055e-01  -2.2090878e-01  -1.1072562e-01   2.0141605e-01  -9.2864873e-02   1.5379855e-01   2.1139706e-02   1.8842315e-01   3.0245366e-01  -1.2764221e-01   9.6194807e-02  -7.5971197e-02  -1.7233289e-02   1.4281934e-01  -5.0876066e-02  -5.9916621e-02  -2.2084971e-01  -2.0354579e-01   2.1873862e-01  -3.1482436e-02   5.7814104e-02  -1.4762819e-02  -1.0954975e-02  -2.9431228e-01  -1.9122012e-02   7.0633384e-02  -1.9172135e-01  -1.8735366e-01   3.1333159e-01   1.9309850e-01   2.5205369e-01  -5.5177950e-02   1.7503823e-01   1.3420247e-02  -1.2940083e-01  -7.7134358e-02   1.9132531e-01  -2.6617173e-01  -4.7475002e-03   2.2444631e-01  -1.7445684e-01  -6.5356641e-02  -1.5531055e-01  -8.3365098e-02   9.6446694e-02  -3.0054704e-02  -2.0690369e-01  -4.0286149e-02   1.0937234e-01  -1.7884798e-01   5.4014516e-02  -9.6637743e-02   9.1463003e-02   2.1297168e-02   1.9152950e-01   1.1261877e-01   8.2613212e-02  -4.9375036e-02   1.0747536e-01   1.0433568e-01   7.2091743e-03  -7.6217360e-02  -5.7025063e-02  -2.0973066e-01  -3.3690217e-02  -1.5241391e-01  -9.1503839e-02  -9.1660650e-02  -1.2695634e-01   1.0369473e-02  -1.3018992e-01  -2.4063465e-01   1.3361193e-01  -1.0568760e-01  -2.7035615e-01   1.5702420e-02   6.2590614e-02  -1.0250958e-01  -8.2110447e-02   6.9367547e-02  -1.4163059e-01   2.5111618e-01  -1.0086576e-01   1.5646018e-01  -1.5105894e-01  -1.1814193e-01   8.5323861e-02   9.7484216e-02   1.6499438e-01   2.4178948e-01   4.6016201e-02  -9.7006695e-02   1.4347817e-01   1.8283846e-01  -2.1004554e-01  -5.2814058e-02  -7.4425772e-02   6.9305122e-02   1.9215019e-01  -7.4641039e-02  -1.8864787e-01  -2.5701694e-01  -4.7399193e-02  -6.2912147e-02  -9.0980973e-02  -3.7412482e-03   7.6053937e-02  -8.6416050e-03  -7.5078388e-02  -2.1825748e-02   3.4694488e-02   8.1786947e-02   2.5645389e-01  -4.8965735e-02   7.8197342e-02   1.0895220e-01  -8.0910344e-03  -1.3797934e-01   9.0078373e-02   4.7214834e-02   1.4240273e-01   7.4491918e-02  -1.3516069e-01   2.8924119e-02  -1.5604198e-01  -2.5799362e-01   1.9042764e-03  -1.9383215e-01  -3.4627578e-01   2.2501840e-03  -1.3699471e-01   3.2151491e-01   7.8676591e-02  -1.0787093e-01   3.5021137e-02   7.6628811e-02   3.6866960e-01   1.2367763e-01  -2.7995030e-02   1.2678522e-01   2.0158225e-01  -1.8808803e-02  -1.8309061e-01
  -1.3366949e-01  -3.7855296e-02  -1.3889994e-01   1.0805996e-01   6.0863201e-02  -1.8248357e-03  -2.4499958e-02  -8.3606205e-02  -1.4498364e-01  -3.6534957e-02   3.8500899e-02  -5.0498820e-02   0.0000000e+00  -3.2554317e-02  -5.0981599e-02   1.1445850e-01  -1.0139878e-01  -1.5790400e-01  -1.9488703e-01   4.4891950e-02   3.5776570e-02  -1.7364839e-01  -1.9017906e-02  -1.1178400e-01   1.7401854e-01  -4.8946081e-02  -4.4250837e-02  -6.8820860e-02  -1.5091553e-01  -2.3975007e-01  -1.4189511e-01   2.9654708e-02  -1.1759517e-01  -5.8114459e-02  -6.5873594e-02   1.3281600e-01   1.5912591e-01  -1.0623792e-02   1.2062634e-01   6.0649437e-02   3.8584457e-01   1.3635015e-01  -1.0768284e-01  -8.5614398e-02   2.1832590e-01  -1.3961639e-01  -4.1284283e-02  -2.0328920e-01   2.6391323e-01  -4.9436360e-02  -1.7481249e-01  -3.2828242e-02   5.2585649e-02  -6.6667099e-03  -7.1667539e-02  -1.3153314e-01   1.4303684e-01  -1.0782478e-01   1.3120638e-01  -1.2850512e-01   1.1107216e-02   2.2200848e-01  -4.1835644e-02  -1.2500900e-01   1.9764145e-01   4.2849261e-02  -9.9697499e-02  -8.0228033e-03  -1.9679529e-01  -1.9218432e-01   2.1106344e-02  -1.9126729e-01   1.9639154e-01  -1.1752752e-01   1.8281148e-01  -1.8872811e-01  -4.6323802e-02  -1.2876704e-01   2.1915956e-01  -1.0745701e-01  -9.2946547e-02   2.9350063e-01  -1.5687456e-01  -1.7537750e-01  -2.6947819e-02  -3.6520738e-02  -1.9922657e-01  -2.8106086e-02  -2.9910507e-02  -6.3935742e-02   2.0789578e-01  -6.2511202e-02   5.8507798e-02  -2.7408459e-02  -4.3879032e-02   3.7810864e-03   2.0733982e-02   7.3628115e-02  -1.2208325e-02   2.2764358e-01  -2.8420056e-02   1.2711134e-01  -8.4793863e-02  -3.2185397e-01  -8.7636242e-02  -5.1202011e-02  -1.3431382e-01  -1.9582902e-01   2.4711059e-01  -1.6239063e-01   1.1059120e-01  -1.1037463e-01  -2.3620190e-01  -1.4469886e-01   1.4737561e-01   2.2745491e-01  -1.5872999e-01   3.5470816e-01  -9.1215341e-02   2.7163464e-02  -1.2945718e-01   2.2432768e-01  -3.4917510e-02   1.0263408e-01  -2.8948060e-03  -7.9559363e-02   1.5826657e-01   1.7296616e-01  -2.0158745e-01  -2.1073605e-01   3.4888585e-01   9.0775030e-03  -3.0255696e-02   1.4538836e-01  -2.3335742e-01  -2.0935399e-01   8.9821870e-02  -9.6116578e-02  -6.1874554e-02  -2.2597083e-01  -2.8153258e-01   3.7350072e-01  -2.2010891e-02  -2.5181048e-01   1.4239609e-01   6.2740109e-02   1.0285469e-01   4.6582390e-02  -7.5011454e-02   2.4396124e-01   4.7439338e-02  -2.5410498e-01  -1.2946423e-01  -6.1442379e-02  -5.9308490e-02  -9.6282246e-02  -7.6215543e-02   1.2320950e-01  -9.9894661e-02  -1.5498401e-01  -3.0883342e-02  -4.3405984e-03   9.4475390e-03  -1.5618518e-01   5.4674837e-02   1.8243700e-01   4.6577004e-02   2.0292096e-02  -1.3921187e-01   8.5358351e-02   1.4137212e-01  -1.3551448e-01   2.2031672e-01  -2.2227523e-02  -2.3437843e-01   1.2166588e-01  -1.1353584e-01
   7.0426276e-01  -2.2584043e-01  -1.8981685e-01   1.1527413e-02  -3.5480123e-01  -1.6128076e-02  -1.1857652e-01  -3.2015933e-02  -1.2340673e-01  -1.6094658e-01   9.9265526e-02  -2.0923232e-02  -3.2554317e-02   0.0000000e+00  -1.9163648e-01  -1.5457892e-01  -1.8752922e-01   8.5027497e-02   1.9165915e-01  -4.2392496e-01   1.3520569e-01   3.5203359e-02   8.6422579e-02   4.4905260e-01  -2.3717419e-02  -3.1237384e-02  -1.8021906e-01   4.5115759e-01   6.4555038e-02   7.2398799e-04   1.5629803e-02  -2.2760386e-02   4.2550267e-02  -2.1561127e-01   6.7988615e-02  -2.7968218e-01  -4.8069406e-02   4.8162995e-01  -1.9241239e-01  -2.9084496e-01   1.0727589e-01   1.3591823e-01  -4.3183297e-02   2.3996223e-01  -2.4386522e-01   1.1961645e-01   1.3886783e-03  -1.2525035e-01   3.2586469e-02  -3.8661618e-01  -7.5130978e-02   2.7361000e-02  -7.7214997e-02  -1.4281911e-01   1.2769539e-01   8.3988851e-02   1.7233894e-01   1.1407796e-01  -1.8084652e-02   1.0548244e-01   1.0679200e-02  -7.4723142e-02   3.1522280e-02  -1.0360403e-01  -1.3261257e-02  -2.1208778e-01   3.8887251e-02  -1.1871932e-01  -3.4986995e-02   1.5931423e-02  -2.0382529e-01  -1.2711876e-01  -1.5159585e-02   1.8842848e-01  -2.2075499e-01  -2.8451373e-01   4.5955805e-02   2.0513183e-01  -3.0620498e-01  -1.2969459e-01   3.4391452e-01  -1.8163990e-01  -1.1376790e-01   1.7592962e-01   3.0404539e-01  -1.1630934e-01   2.5569662e-01   3.7191607e-01   2.7754761e-01   4.7380229e-01  -2.3175699e-01  -1.5078915e-01  -3.7966637e-01   6.5216411e-02   3.8888149e-01  -2.5970116e-01  -3.0674869e-01   9.5303634e-03  -1.0358323e-01  -1.7237822e-01   4.5272392e-01   2.3303133e-02   3.1187649e-01   1.8576294e-01  -4.8989621e-02  -1.2226767e-02  -1.8014315e-01  -1.9137536e-01  -1.3012997e-01  -6.5804252e-02  -1.8056569e-01   2.1419079e-01  -2.4777479e-02   4.7617862e-01   4.1537137e-01  -2.8244512e-01  -1.3037832e-01  -1.0986091e-02   3.3953566e-01  -1.8826763e-01   4.9735549e-01  -3.3346867e-01   2.9068963e-01   1.4460261e-02   4.3661813e-01   5.0691537e-01   3.1849153e-03  -7.8315091e-02  -5.3834886e-02  -1.1155979e-01  -5.1997909e-02  -2.4764067e-01   2.9873894e-01   6.5121149e-02  -2.2041860e-02  -1.9034766e-01  -4.2560277e-02   4.9879635e-01   1.6328552e-02   5.2105583e-01   4.8775103e-01  -1.4412540e-01   6.1037643e-03   2.2976449e-02   1.7453320e-01   1.5541332e-02  -2.9979123e-01  -9.2398761e-02  -2.4261216e-01  -1.3016289e-01   3.7976827e-01   3.7379785e-01   1.6902277e-01  -1.6118651e-01  -1.8905451e-01   4.3798977e-01   4.3578352e-01  -1.1728454e-01  -1.0949049e-01   3.0794321e-01  -2.0253381e-01   4.6772350e-02  -1.3606965e-01  -1.4963652e-01   9.7706810e-02  -3.0341417e-01  -8.6521631e-02   1.6693503e-01   3.1809809e-01  -2.2648562e-01  -2.3610910e-01   4.4956840e-01  -9.0086668e-02   1.1540206e-01  -9.9926304e-02  -8.4141932e-02  -9.2972157e-02
