   0.0000000e+00  -3.4729526e-01  -1.8921374e-01   9.6183927e-02  -9.9617744e-02   1.7929850e-01  -4.6091683e-02   2.8408982e-01  -3.0908312e-01  -3.2115431e-01   2.5229967e-01  -3.4833359e-01   8.3678865e-02   3.0092958e-01   1.7489082e-01  -3.7237366e-02  -2.1395007e-01   3.0270307e-03   3.2569747e-01  -1.2110164e-01   4.4042082e-02   6.0822531e-02   7.9992850e-02   8.4809559e-01   7.3264150e-02   9.7857440e-02  -2.7988526e-01   4.5811798e-01   1.4395045e-01  -3.3708391e-01   5.8973408e-02   1.2370715e-01  -2.7467848e-02  -3.0123609e-01  -3.1911324e-01  -1.7388407e-01  -1.3393011e-01   2.8457650e-01  -1.4533239e-01  -2.8412750e-01  -8.7307431e-02   7.8930005e-02  -2.1161657e-01   1.2597802e-01   1.7038035e-01   3.4073107e-01   8.9947584e-02  -1.9309208e-01   1.5668287e-01  -1.5636548e-01   8.5431080e-02   2.9849809e-01  -3.5438784e-01   1.2032870e-01   5.0637650e-02   9.3738474e-02   3.0903140e-01   6.0477054e-02  -5.6289657e-02  -1.2049913e-01   1.9139117e-02   1.2336648e-02  -1.7725286e-01  -1.7744603e-02   2.5471402e-02  -2.5079115e-01   1.9751299e-02   1.3283311e-02   1.3366778e-01  -1.9566117e-01  -3.4354017e-01   4.4749168e-02  -1.1288604e-01   3.4559961e-01  -7.7976120e-02   3.4728725e-01   1.7699277e-01   1.7260008e-01  -1.9456079e-01  -1.9735759e-01   4.5452253e-01  -1.2309463e-01  -1.4266426e-01   2.5513061e-01   2.7726885e-01   2.8818129e-01  -3.3138493e-01   4.9478868e-01  -1.0782519e-01   8.6037427e-01  -6.6187067e-02   1.6242213e-01  -2.4741353e-01  -1.3234625e-01   5.6571627e-02  -1.5622738e-01  -1.2032676e-01   3.0728688e-01  -1.5934479e-01  -1.5197175e-01  -3.2509145e-02   6.3872387e-02   8.6612780e-02  -2.5105025e-01   1.9400319e-01   1.8004163e-02   6.9670757e-02   1.7946473e-01  -6.1482594e-03  -1.1432337e-01  -3.4607370e-01   1.3659866e-01  -4.5476473e-02   8.0070794e-01   1.5971964e-01  -8.2123552e-02   7.3177604e-02  -4.7416020e-02  -3.1995811e-02  -6.1560014e-02   6.3030279e-01  -1.5946316e-01  -9.1887463e-02  -3.4085328e-03   6.2954444e-01   2.4858695e-01   1.9799421e-01  -4.2571634e-02   3.2896135e-02  -3.8713184e-01  -9.1300549e-02  -1.5110293e-01   1.2975322e-01  -1.3765399e-01   2.4491811e-02   2.7988911e-01   6.9578275e-02   3.3587601e-01   3.9899334e-01   4.2947674e-01   5.6501075e-01   9.7890709e-02   2.4585150e-01  -1.9820316e-01   1.8523722e-01   6.6802525e-02  -2.5865105e-01  -1.3533997e-01  -1.8866446e-01  -1.7509764e-01   4.8311952e-01   2.5007616e-01   3.5401290e-01  -8.0977018e-02  -4.3320199e-01   7.3272009e-01   2.3878208e-01   1.0002777e-01   1.3696347e-01   1.2846227e-02   3.8323295e-02   7.9665207e-02  -3.2169469e-01   1.0302918e-01   5.5916958e-02  -1.4323290e-01  -1.0756447e-01  -5.5845424e-02   4.6372858e-01  -2.4723070e-01  -6.7528753e-02   2.3569262e-01   9.8563406e-02  -2.9247673e-03   2.9900531e-02   4.3532632e-02   2.4322376e-02
  -3.4729526e-01   0.0000000e+00   4.4300290e-01  -1.7833521e-01   4.0144694e-01  -1.4786833e-02  -2.5920612e-01   7.1951797e-02   3.0997992e-01   2.1152477e-01  -4.6646436e-01   6.8320655e-01  -3.4895666e-01  -1.3520320e-01  -3.9980606e-01  -2.9555930e-01   3.4537246e-01  -4.7057837e-01   1.3721623e-01   2.9877117e-01  -5.5601649e-01  -4.8564734e-01  -5.4131432e-01  -3.4965143e-01   6.9279365e-02   1.9606866e-02   2.3809795e-01  -3.1233338e-01   3.4863846e-01  -1.0884023e-01   1.9884618e-01  -8.5721253e-02   1.1521103e-01   2.5030641e-01   3.8623443e-01  -2.0137500e-03   2.2290545e-01  -2.7529420e-01  -1.3486883e-01   6.3954880e-01  -3.8966665e-01  -2.5979432e-01   3.0747022e-01  -1.4582312e-01  -3.4109037e-01  -2.6305376e-01  -4.7652587e-01  -2.8523935e-02  -1.8573910e-01   3.1214787e-01  -5.3647557e-01   3.7929397e-02   7.0231064e-01   7.9752750e-02  -1.2109315e-01  -2.5827607e-01   1.0372796e-01  -4.1081745e-01  -3.2833041e-01  -2.2250999e-01  -6.8912883e-02  -2.9151147e-01   4.7208144e-01   3.9009374e-01   2.4510910e-01   2.3769352e-01   2.9296532e-01  -9.7760611e-03  -1.9074716e-01   8.3381865e-02   7.2430076e-01  -5.7612493e-01   9.2487755e-02  -1.7210046e-01   1.8471479e-01  -8.0618534e-02  -2.3421557e-01  -9.5126458e-02   5.7899565e-01  -1.9488275e-01  -5.4843779e-01  -2.5574736e-01   3.7121117e-01  -1.1502494e-01   3.2401265e-02  -2.5958833e-01   6.7483450e-01  -4.4381934e-01   5.9830196e-01  -3.1104917e-01   5.7891046e-01  -1.2036677e-01   2.3057599e-01  -1.9271108e-01  -2.8776757e-01   2.1197743e-01  -2.2511628e-01   9.5860789e-02  -1.6792002e-01  -3.4689139e-01   1.7630603e-01  -4.6574460e-01   1.3965266e-02   2.2499180e-02  -6.0980358e-01   1.0726936e-01   1.9902548e-01   2.9157671e-02  -2.4639981e-01  -3.0290232e-01   4.9033590e-01  -5.5445025e-01  -3.7533957e-01  -3.3222491e-01  -1.9469650e-01   6.7863013e-01  -4.2821112e-02  -1.4182821e-01  -1.2588456e-01  -2.7066258e-01  -2.7345976e-01   4.0083970e-01   5.5304385e-01  -3.3177929e-02  -2.9737293e-01  -4.2959439e-01  -6.4042867e-01   2.3605055e-01  -1.9376842e-01   4.1713011e-01  -3.1675383e-01   3.0571004e-01   3.4556382e-01  -2.7683241e-01   1.0431788e-01   5.4515710e-04  -1.7522767e-01  -3.6638068e-01  -5.0743867e-01  -4.7158626e-01  -1.7435495e-01  -1.6012493e-01  -5.9756535e-01  -2.2081145e-01  -6.1397142e-01  -2.4972414e-01   5.9188244e-01   4.2500100e-01  -3.8610517e-02   1.3829233e-01  -1.3808284e-01  -9.5700079e-03  -1.9115113e-01   2.6115327e-01   6.3327689e-01  -3.5220289e-01  -1.8362216e-01  -3.9398962e-01  -3.6566253e-02  -2.1089397e-02   2.3596870e-01  -3.2986529e-01   2.0200059e-01  -4.8595952e-01  -3.7348396e-02   6.7861099e-01   8.1147203e-02  -4.3713570e-02  -2.5968330e-01   5.2010487e-01   3.7165800e-01  -9.9298232e-02  -4.0812852e-01  -5.3370608e-02   3.2158824e-02   2.4004155e-02  -3.4946969e-01
  -1.8921374e-01   4.4300290e-01   0.0000000e+00  -2.2808663e-01   1.7243193e-01   2.2870530e-01  -3.4508056e-01  -8.3477758e-03  -1.6166802e-01   6.9171890e-02  -4.4444212e-01   4.3035932e-01  -3.1488051e-01  -3.0597847e-02  -1.5611242e-01  -3.9461675e-02   8.6432757e-01  -4.6201690e-01   2.0633025e-02   1.6784632e-01  -4.8329744e-01  -4.0275239e-01  -5.1984049e-01  -7.6943506e-02  -1.1149899e-01  -2.2430078e-02   9.1550927e-02  -2.3331218e-01   1.8075054e-01  -2.3233462e-01  -1.9528499e-01  -1.9409573e-01   3.9728548e-01   8.0650872e-02   1.5083154e-01  -1.0584309e-01  -1.2952926e-01  -2.2312086e-02  -5.0821801e-02   7.0987767e-01  -3.1838192e-01   2.1374611e-01   1.0217569e-01  -2.3860423e-02  -4.4199480e-01   1.0982071e-01  -2.9804619e-01  -1.4641543e-01  -3.5353990e-01   7.7168563e-01  -4.4532538e-01  -3.3726908e-02   2.2408297e-01   4.6700515e-01   1.2146010e-01   1.5446031e-01   4.0523206e-02  -3.5093889e-01  -3.3288806e-01  -9.4485317e-02   4.3144635e-01  -2.8508579e-01   1.9088112e-01  -1.3089635e-01  -3.5238874e-01  -2.2696632e-02   2.3236276e-01  -1.1323739e-01  -1.7734313e-01   4.9970033e-01   2.8698937e-01  -4.9710032e-01  -5.0137314e-02   4.2293113e-01   9.2756588e-02  -5.5061061e-02   1.5706828e-01   9.4261446e-02   1.2876285e-01   4.0284253e-02  -2.7909737e-01  -1.5580077e-02   3.9494742e-01  -2.1314946e-01   4.0660577e-01  -3.8398621e-02   1.1965582e-01   1.1612510e-03   3.3550884e-01  -9.3070815e-02   1.7048874e-01   4.4987103e-01   4.3449261e-01  -3.2417470e-01  -1.5158570e-02   3.5686202e-01  -2.1657779e-01  -5.9802802e-02  -3.1738384e-01  -2.0891707e-01   3.6670801e-01  -3.7633449e-01   7.7542729e-02  -9.7015347e-02  -6.2836129e-01  -6.6922945e-02   5.0783762e-01  -1.4062715e-02  -1.6613505e-01  -1.5552880e-02   5.6163897e-01  -3.5464741e-01  -2.3697061e-01  -1.8344618e-01   1.9462679e-01   1.9299446e-01  -3.4485708e-02  -2.6790731e-01   3.4366982e-01  -3.4700396e-01   7.1127013e-02   1.7815049e-01   3.2984961e-01  -3.3941224e-01  -1.0404517e-01  -1.4823949e-01  -4.2489129e-01   2.9174100e-01  -2.0639550e-01   6.7783930e-01  -5.9760223e-02  -3.1507490e-01   4.9465804e-01  -3.8988234e-01  -3.1488517e-02  -6.6945539e-02  -4.0883186e-02  -1.1771278e-02  -3.2778097e-01  -2.8481256e-01  -1.4844178e-02  -7.7604108e-03  -3.5130015e-01   3.1793697e-01  -5.4291763e-01  -4.4329553e-01   3.9227395e-01  -1.6770478e-01   8.9024417e-03  -3.8939901e-01   3.1174321e-01   3.2924614e-02   3.0331567e-01  -1.9871142e-01   8.2124370e-01  -1.8855330e-01   1.3803097e-01  -3.3368656e-01   4.0600524e-01   3.0357276e-02   8.4606807e-02  -1.5111858e-01   6.1943042e-02  -3.8154452e-01  -7.8330917e-02   3.4448786e-01  -4.9079152e-02   8.1392130e-02   1.4923201e-01   4.6184662e-01   5.0715694e-02   1.1842807e-01  -6.5865001e-01   2.8172488e-01   5.6875314e-02   2.2381907e-01  -3.9608907e-01
   9.6183927e-02  -1.7833521e-01  -2.2808663e-01   0.0000000e+00  -1.7638265e-01   8.6996963e-02   7.6070539e-02   1.5484010e-01   1.0529786e-01  -2.7056134e-01   5.6721211e-02  -3.0462478e-01   1.0210163e-01   2.4990605e-01   6.2844351e-02   1.6723702e-01  -1.8530784e-01   2.4424069e-01  -1.4505389e-01  -4.5943725e-02   1.3616548e-01   4.9511701e-01   1.2866511e-01   4.7230847e-03   1.4637190e-01   7.0262641e-02   2.4178728e-01   2.4778830e-01  -4.9740254e-02   2.9828141e-01   1.0560232e-01   2.1397198e-01  -1.4700060e-01  -2.3110311e-01   1.8486667e-02  -1.3501089e-01  -2.6711060e-01   4.9695978e-02   1.3466545e-01  -1.7574448e-01   1.9052530e-01  -9.2751342e-02   6.4250758e-02   1.2211296e-01   8.2690826e-02   1.1077526e-01   1.7912076e-01  -1.2208260e-02   1.5954238e-01  -2.8144153e-01   1.2426304e-01   1.5539062e-01  -2.3485147e-01  -1.7131253e-01   1.1145014e-02   1.4103256e-02   6.6134550e-02   4.6834755e-01   2.9850165e-01   3.4967331e-01  -4.3612801e-02   2.3942521e-01   7.6151824e-04   1.6605671e-02   7.0065609e-02  -2.4891293e-01   7.5888774e-02   4.2450051e-02   4.3488758e-01  -1.7839657e-01  -2.6489007e-01   7.2371129e-02  -2.3346798e-02  -3.5469401e-02  -3.0111293e-01   2.3676322e-01  -3.8296153e-02   1.7257397e-01  -7.6989424e-02  -4.6920695e-02   2.5051799e-01  -4.5737219e-02  -1.4828645e-01   3.1561177e-01  -7.0711276e-02   2.5329657e-01  -1.6197251e-02   5.8758687e-02  -5.6061086e-02   9.8951888e-02  -1.7503897e-01  -1.8543899e-01  -3.7981359e-01   4.5755990e-01  -1.1661805e-02  -3.3396539e-01  -1.1328346e-01   3.9180863e-02   6.6022870e-04   1.3664778e-01  -1.4824915e-01   1.6357497e-01   1.5411063e-01   2.3718847e-01   2.9611325e-01   2.7826757e-01  -1.0364097e-01   3.1098548e-01   5.2636302e-02  -1.4486614e-01  -4.0058793e-01   4.3267011e-01   1.3184995e-01   1.5314862e-01  -1.1775200e-01  -3.3295310e-02   1.3287782e-01   9.3795844e-02   6.8414911e-02   3.3914585e-01  -3.8182824e-02  -1.7947186e-01  -7.1359095e-02   1.9578858e-01   1.1780621e-01   2.5438423e-01   2.3356772e-01  -2.4576612e-01   3.3449871e-01  -2.7026899e-01  -1.8084020e-02  -2.3641689e-02  -7.5669043e-02  -1.1923017e-02   2.9065004e-01   1.6375150e-01  -9.4686963e-02   2.3698750e-01   3.0671043e-01   1.2487794e-01  -2.7655849e-03   2.1595818e-01   2.0492167e-01  -5.4666990e-02   1.6410952e-01   1.8996042e-01  -2.7886048e-01  -1.5690396e-01  -3.3649570e-01   7.0589214e-03  -1.1991928e-01   1.2464349e-01  -2.0933934e-01   1.7455721e-02  -2.3047531e-01   1.1207948e-01  -3.5730395e-02   1.7015808e-01  -6.7634810e-02   1.2900900e-01  -2.0658314e-02   2.2166721e-01  -3.5352617e-01   3.5989599e-01   3.6163783e-01  -7.7916892e-02  -1.6200416e-01   3.6013359e-01  -1.5112367e-01  -1.8664579e-01  -3.7499866e-02  -1.2897591e-01   1.5407812e-01   1.3986501e-02   2.9034756e-02  -2.3736004e-01   4.5997493e-01
  -9.9617744e-02   4.0144694e-01   1.7243193e-01  -1.7638265e-01   0.0000000e+00  -1.7384617e-02  -2.3236080e-01   1.3939712e-02   1.2079479e-01  -5.1521390e-03  -1.9023609e-01   4.0944868e-01   1.0741508e-01  -3.1838453e-01  -2.3641857e-01  -8.4240234e-02   1.4520366e-01  -1.4722841e-01   5.0300180e-02   7.7130404e-01  -1.5189736e-02  -3.1655741e-01  -8.8861881e-02  -4.5729855e-02   7.8841533e-03  -6.7878006e-03   5.0530756e-01  -1.5821605e-01   4.5916141e-01  -1.9943239e-01  -2.0848345e-01   1.3800501e-01   2.0588220e-02   2.9727952e-01   1.4833222e-02   5.7560048e-01   5.1568406e-01  -2.0208646e-01  -1.7661197e-01   5.4956035e-01   1.3641514e-01  -6.9922604e-02   3.2137056e-01  -3.2139081e-01  -1.0750840e-03  -2.9621490e-01  -5.4952551e-02  -3.2605482e-01   2.7567054e-01   2.6439847e-01  -1.6764236e-01   2.3606256e-02   3.4815787e-01   2.1677567e-01  -2.0358232e-01  -2.0973359e-01   2.8506738e-03  -2.0241435e-01  -1.4922325e-01  -1.7987237e-01  -1.8213818e-01   1.7050739e-01   3.0764187e-01  -5.9020949e-02   3.9001005e-02   3.3995726e-01   1.3309818e-01   2.3511587e-01  -7.9673102e-02  -7.4027988e-02   1.6087089e-01  -2.2477419e-01   1.7536815e-01  -5.6823175e-02   9.3532581e-02  -4.3750837e-02  -3.5096679e-01  -1.2321503e-02   7.4501921e-01   4.1207765e-02  -3.8814248e-01   7.8971493e-02  -5.9176322e-02  -1.2916708e-01  -2.7251334e-01  -7.4346705e-02   2.0288999e-01  -3.7019521e-01   2.8819465e-01  -7.0006554e-02   5.7884802e-01  -1.7127448e-01   4.9674885e-01  -1.3424949e-01  -3.8526426e-01   6.5412575e-01   7.9191297e-02  -3.3404892e-02   2.9040974e-01   2.1511457e-02  -3.5009424e-01  -3.3196123e-01   1.9543035e-02  -1.8253589e-01  -2.4864979e-01   1.2470268e-01   1.5950151e-01  -3.4121711e-02  -2.2052445e-02   1.4628498e-01   3.4069430e-01  -3.3424919e-01  -2.1754589e-01  -2.3298825e-01  -3.3281521e-01   5.3247573e-01   2.3939901e-02   2.2555824e-01  -4.0117556e-01  -2.9639724e-01  -2.0440003e-01   7.6272004e-01   4.4164818e-01  -4.9138297e-02  -2.3723527e-01  -3.7076900e-01  -2.3949242e-01   2.9203623e-01  -4.4087345e-03   3.7597529e-02   5.8188848e-02   1.3823314e-01  -9.8974276e-03  -4.0308312e-01   2.5999393e-02  -8.7379137e-02   7.6601434e-02  -3.4766749e-01  -4.6850429e-01  -2.7648958e-01  -2.4449567e-01   1.7628008e-01  -4.1694143e-01  -3.9017354e-01  -2.4212398e-01  -4.0119272e-01   3.8879123e-01   2.4246455e-01   3.2478902e-01   6.0264024e-02  -2.1755083e-01  -9.0540431e-03  -1.3544623e-01   3.6927212e-02   2.0900775e-01  -1.8924489e-01  -2.8178910e-01  -2.5644551e-01  -6.4995182e-02   4.1926410e-02   3.8268998e-01  -4.0789996e-01   2.3871724e-01  -1.6665577e-01   8.7781240e-02   5.1528298e-01   3.7045702e-01  -1.8023025e-01  -2.5017654e-01   3.0996379e-01   4.9512600e-01  -2.1565249e-01  -3.5837159e-02  -1.4304768e-01  -1.2202663e-01   1.0181432e-01  -1.5348462e-01
   1.7929850e-01  -1.4786833e-02   2.2870530e-01   8.6996963e-02  -1.7384617e-02   0.0000000e+00  -1.6682717e-01   5.2976684e-01  -7.2750917e-02  -1.3633602e-01   8.2193098e-02  -1.0149298e-01  -1.4713575e-01   3.7153762e-01   3.1598753e-02  -1.4873702e-01   1.7055546e-01   4.9439930e-02   3.6482579e-01  -1.8899507e-01  -5.5862321e-04   1.5777177e-01  -2.3837500e-02   1.7356751e-01   9.8778868e-02   4.9050524e-01  -1.6189638e-01   4.0651985e-01   1.8063535e-01   3.7046135e-02   1.8833632e-03   3.6338530e-01   2.4815241e-01  -2.1032377e-01  -1.4722918e-01  -2.2443989e-01  -1.8362336e-01   9.2257141e-02  -3.2389993e-01   8.5957929e-02  -2.3412546e-01  -1.5765907e-01   8.9773903e-02   3.0834837e-01  -2.9197534e-01   1.5667666e-01  -9.0653676e-02   4.3649162e-02  -9.7795582e-02  -3.7666988e-02  -8.3706905e-02   5.8851304e-01  -9.0449559e-02   1.9953218e-01   1.6383424e-01   3.2733473e-01   6.1022293e-01   1.5074068e-01  -7.3459316e-03   1.2383083e-01   2.1763169e-01  -2.4847367e-01  -6.7404165e-02   1.1412772e-03  -6.7933489e-02  -1.9579110e-01   5.8193646e-01  -1.2776643e-01   2.8583233e-01   7.8536179e-02  -8.4338338e-02  -6.4085146e-02   5.8499587e-03   1.7626913e-01  -1.8442239e-01   4.8494435e-01   1.0091117e-01   3.2589237e-01  -1.2426599e-01  -4.4199866e-02   4.1945342e-01  -1.7848717e-01   2.2779362e-01   5.1178944e-01   2.4855326e-01   5.0521559e-01  -2.2415844e-02   3.1326214e-02   1.5653504e-01   3.0420148e-01   4.0334866e-02   2.2236286e-01  -5.1922855e-02  -2.8827850e-01  -1.2127297e-01  -1.2362346e-01  -2.1280086e-01   4.5976972e-01  -2.0605558e-01  -2.0556889e-01   1.8774719e-01  -3.7816550e-02   5.6613141e-01  -8.3306727e-02  -1.1889091e-03   4.5553513e-01   2.2824234e-01   5.8089275e-01  -2.2729372e-01  -4.9949660e-03   8.3806903e-03   2.2595112e-01   4.5884005e-02   1.8156453e-01   2.0590139e-01  -6.5902223e-02   2.0312795e-01  -1.9465482e-01   2.9868350e-01  -3.0871389e-02   3.0101545e-01  -1.3258454e-01   4.0141855e-02  -4.9475492e-02   2.0596482e-01   8.2787730e-02  -8.0505210e-02   1.2124667e-01   2.4974575e-01   8.9794012e-02  -3.4991860e-01  -2.4463415e-01   2.8691222e-01  -1.3121462e-01  -2.5772765e-02   5.1270500e-01   3.0712218e-02   4.3843099e-01   3.1573267e-01  -7.9855352e-02   4.3318558e-02  -1.6725768e-01   6.5396299e-03   1.0480603e-01  -1.6887832e-01  -2.2731824e-02  -1.4285934e-01  -8.3327852e-02  -1.4713337e-01  -2.6905047e-01   1.5847281e-01   6.3519004e-01   2.7305260e-01  -6.0070296e-03   2.0460327e-01   1.7410343e-01   7.9884827e-02  -1.8703805e-01   1.5872897e-01   4.6907991e-01  -6.0795537e-02   8.4628512e-02  -5.7036635e-02   1.3026490e-01   4.1203121e-01  -1.1933755e-01   6.6809803e-02   4.1857100e-01   2.5600186e-01   4.5100204e-02  -2.0142559e-01   6.1175510e-02  -1.5736588e-01   5.8832878e-01  -1.6388546e-02   1.3146218e-01   1.5309363e-01
  -4.6091683e-02  -2.5920612e-01  -3.4508056e-01   7.6070539e-02  -2.3236080e-01  -1.6682717e-01   0.0000000e+00  -2.9276604e-01  -1.1551484e-01   3.0906919e-01   1.2650900e-01   3.4831396e-02   2.8053993e-01   1.4905180e-02   3.9514550e-01   2.7756041e-01  -3.4087394e-01   1.9968690e-01  -3.1796920e-01  -6.4013011e-02   2.3055442e-01  -1.4263024e-02   4.3035924e-01  -5.1951681e-02  -1.5268758e-01  -2.8421037e-01  -3.1547677e-01  -3.9358347e-02  -2.1212756e-01   4.1947572e-01  -4.4199338e-02  -1.7485182e-01  -2.5467534e-01   4.6406046e-01   1.6867869e-01   7.9722926e-02  -6.9896341e-02  -3.1265826e-01   5.7611339e-02  -4.3978609e-01   2.1103157e-01   1.0500068e-01   7.7435325e-02   2.4546271e-01   3.3633815e-01  -1.2505630e-01   2.2110209e-01   5.6273313e-01  -1.6321645e-01  -4.2575444e-01   3.3641901e-01  -2.8416308e-01  -1.4663668e-02  -1.0534699e-01   1.8955332e-01   4.2541001e-01  -3.4734481e-01  -3.3302880e-02   1.0252855e-01   1.2116879e-01  -2.3184538e-01   2.7797472e-01  -4.0828702e-01  -4.3373399e-02  -1.8451608e-01   3.0580649e-01  -3.5334351e-01  -1.5189895e-01  -2.3442285e-01  -1.3076942e-01  -6.3694993e-02   1.8772154e-01  -1.0899964e-01   1.3430787e-02  -1.2821396e-01  -3.2083087e-01  -1.8768313e-01  -6.3418336e-02  -2.1448720e-01  -7.0853203e-02   2.6245066e-01   1.8570513e-01  -2.3222562e-02  -2.4034027e-01   7.2608962e-02  -7.4746224e-03  -4.9203559e-02   3.0578043e-01  -2.2083895e-01  -7.6822917e-02  -4.6074911e-01  -1.0250832e-01   1.6896594e-02   1.0475198e-01  -1.7334818e-01  -1.4317443e-01   1.9188204e-01  -2.3868933e-01   1.4794887e-01   3.0804212e-01   1.0898678e-01   6.4890912e-01  -1.4102298e-01  -1.1092215e-01   4.3657954e-01  -3.2724406e-01  -2.5091531e-01  -3.4830228e-01   1.7325899e-01   1.5971923e-01   1.2542769e-01   4.1058496e-01   1.3798768e-01  -1.7953879e-01   4.5825448e-01  -4.0563913e-01  -3.7074142e-02   3.6305634e-01   1.8041606e-01   1.6883135e-01  -1.7539054e-01  -1.8427565e-01  -1.8763579e-01  -1.3880130e-01  -1.4998619e-01   3.5846185e-01   6.4644806e-01  -3.4993663e-01  -1.8390398e-01  -2.0198672e-01   1.1954058e-01   3.4563142e-01  -1.6562671e-01   3.8234875e-01  -3.3860930e-02  -3.2079874e-01  -9.4045908e-02   7.1343683e-02   9.8513810e-03  -1.1377341e-01  -5.4236271e-02   8.6488350e-02   1.9153454e-01   3.2193488e-01   6.5596844e-01   3.2613161e-01   1.8285359e-01  -7.3048185e-02   1.8538885e-01   3.0587680e-01   1.8887403e-01  -2.4329127e-01  -8.4746011e-02  -2.3441276e-01  -3.0853460e-01  -7.6713853e-02  -1.2858233e-01   1.8068271e-01  -1.5520089e-01  -1.7288532e-01  -3.5132815e-01  -4.5972533e-02   6.5113291e-02   8.5995420e-02  -3.3550953e-01  -1.5794399e-01   7.2951847e-02  -8.6042287e-02  -1.5242703e-01  -1.3115369e-01  -7.0364356e-02  -3.4346331e-01   1.8067133e-01  -2.2109275e-01  -1.0389899e-02  -1.0649502e-01  -2.3136965e-02
   2.8408982e-01   7.1951797e-02  -8.3477758e-03   1.5484010e-01   1.3939712e-02   5.2976684e-01  -2.9276604e-01   0.0000000e+00  -7.0701989e-02  -2.8178357e-01   6.5010510e-02  -1.6660460e-01  -2.0565948e-01   3.2430438e-01  -1.5154919e-01  -1.8903803e-01   4.8851097e-03  -1.0921950e-01   4.9321054e-01  -2.4210107e-01  -1.2334618e-01   2.9833925e-01  -2.0362407e-01   1.7843857e-01   1.7642572e-01   5.5735843e-01  -1.8651793e-01   5.6479419e-01   1.5622899e-01  -1.3236693e-01   1.2692469e-01   5.6570666e-01   2.8121417e-01  -3.5414356e-01  -1.8623821e-01  -4.1762299e-01  -5.8878247e-02   1.6805794e-01  -2.7361754e-01   2.7035189e-04  -2.2065713e-01  -1.4601480e-01  -8.3939438e-02   4.1231600e-01  -2.1165653e-01   1.4468930e-01  -2.5257882e-01  -1.6885219e-01   6.7791996e-02  -3.8456545e-02  -2.1340059e-01   8.2870821e-01  -1.7527205e-01   8.9013084e-02  -9.4579580e-03   2.1665851e-01   5.9639398e-01   3.0890175e-01   1.5353778e-01  -9.5057533e-02   1.8262457e-01  -2.9383868e-01   1.4863554e-01   1.7624175e-01   1.7062985e-01  -3.8046967e-01   4.8933448e-01  -1.8124384e-01   4.5679449e-01  -3.0156864e-01  -1.1334040e-01  -2.1294396e-01   6.7238453e-02  -4.4530400e-02  -3.5722390e-02   7.5242957e-01   1.4004641e-01   5.0286988e-01  -2.3156782e-02   1.5560188e-01   4.4343286e-01  -2.3710288e-01   1.2016791e-01   6.5128685e-01   3.7921899e-02   6.2033792e-01  -8.7753681e-02  -3.8884007e-02   2.2627513e-01   2.4415540e-01   3.3864175e-01   4.7292248e-02  -2.7964433e-01  -2.4195797e-01  -2.3884701e-05  -1.8857624e-01  -1.7737954e-01   7.1575215e-01  -2.3105354e-01  -3.3157386e-01  -2.3422264e-02  -2.2067506e-01   6.8897470e-01  -9.6097138e-02  -8.7487045e-02   5.7951727e-01   1.7822734e-01   8.1665074e-01  -8.6579549e-02  -1.6411034e-01  -1.3740425e-01   1.6550023e-01  -4.3564105e-02   3.1251849e-01   2.7426218e-02   2.2646176e-01   4.6244842e-01  -2.5674389e-01   1.4937929e-01   1.4795374e-02   2.6429741e-01  -1.5216043e-01  -1.9028214e-02   2.2671717e-01   2.5314475e-01  -1.5259776e-02  -1.6050405e-01   1.6924072e-01   4.7140839e-01  -2.0565148e-01  -2.9094508e-01  -2.3878805e-01   1.7810611e-01  -1.5355367e-01  -2.5584103e-02   8.3133703e-01   2.7264069e-01   5.0833671e-01   4.8244871e-01   5.5907318e-02   8.5853394e-02  -2.1657952e-01   1.6925454e-01  -2.7200477e-01  -2.7690548e-01   1.1139393e-01  -2.0974753e-01  -7.5911594e-03  -3.3754398e-01  -2.0599774e-01  -1.4212335e-02   8.2102791e-01   1.1649890e-01   6.1133448e-02   1.5727934e-02   1.7709504e-01   1.4509434e-01  -8.2957936e-03   1.1762301e-01   6.1677531e-01  -5.3780749e-02   4.0770218e-01  -2.1547030e-01   2.0002297e-01   4.9975307e-01  -2.3626455e-02  -8.2640756e-02   3.7547822e-01   1.7880621e-01   2.4474966e-02  -9.1761068e-03   1.0279948e-01  -1.1083256e-01   3.6150509e-01   1.3550940e-01   2.4952612e-01   1.3332590e-01
  -3.0908312e-01   3.0997992e-01  -1.6166802e-01   1.0529786e-01   1.2079479e-01  -7.2750917e-02  -1.1551484e-01  -7.0701989e-02   0.0000000e+00   1.5900120e-01  -1.3364866e-01   2.1909321e-01  -4.7930347e-02   1.2857197e-01  -4.7816054e-02  -6.7975190e-02  -1.0147951e-01   7.0834894e-02  -7.6423499e-02   1.4567183e-01  -8.4537737e-02   2.7404710e-02  -3.7427319e-02  -2.7146406e-01   8.8294298e-02  -9.6397850e-02   4.1820932e-01  -3.6011678e-01   4.1217117e-02   1.6446091e-01   2.3469197e-01  -1.3142726e-01  -1.1866518e-01   6.2661965e-02   4.5728331e-01   1.1709782e-01   1.5134894e-01  -1.1413784e-01   2.7219223e-02   9.4866808e-02  -8.0779263e-02  -3.0558073e-01   3.4863067e-01  -3.3486836e-01   4.1889507e-02  -1.2015737e-02  -8.9837914e-02   1.0631276e-02   7.0290643e-02  -1.7397344e-01  -2.2213444e-02   1.1084863e-01   1.2403453e-01  -2.3980020e-01  -2.0440742e-01  -3.4603069e-01  -7.5974472e-03   4.9705997e-02  -6.9253168e-02   3.6760162e-01  -1.2617972e-01   1.2406500e-01   4.3469243e-01   2.2296798e-01   3.4444634e-01   1.6214404e-01   2.0302177e-02   1.8822937e-01  -4.2949912e-02   4.7273650e-02   2.6151560e-01   2.3146278e-02   3.2863357e-02  -4.3368105e-01  -5.8066112e-02  -1.3495519e-01  -1.2961358e-01  -1.4094579e-01   3.0034768e-01  -2.3054385e-01  -3.4035097e-01  -9.4240299e-02  -2.9006920e-01  -5.2582572e-02  -4.7208677e-01  -2.7694596e-01   4.4517543e-01  -3.6363258e-01   2.3449953e-01  -3.4686877e-01   1.0490645e-01  -1.9514862e-01  -2.5954685e-01   5.2123130e-01   1.2250998e-02  -8.8263874e-02   6.9951280e-02  -9.0796853e-02   2.7385293e-01  -1.3637598e-02  -2.5227591e-01  -5.6487602e-02  -1.6468318e-01   6.3455978e-01  -7.7005832e-02   8.3262515e-02  -3.0009203e-01  -1.3974638e-02  -2.4363478e-02  -3.3675188e-01  -1.8056673e-01  -1.8794904e-01   1.8591555e-01  -2.3449823e-01  -3.9564948e-01   1.3625784e-01  -9.6263980e-02   9.6659726e-02  -4.2288747e-01   3.5734480e-02  -1.9523231e-01   9.6608714e-02   1.1511495e-01   2.0436734e-01  -1.7326129e-01  -8.8549997e-02  -1.9018852e-01  -4.3823765e-02   1.7796833e-01   8.1741876e-02  -2.6069095e-01   2.6558797e-01  -2.2774659e-01  -1.0231022e-02   3.7647808e-01  -9.8654105e-02  -1.5213138e-01  -3.0683080e-01  -2.5571844e-01  -8.8223338e-02  -1.4759830e-01  -1.0117395e-01  -1.9822206e-01  -2.7071907e-01  -7.3617501e-02  -4.9193163e-03   6.5783157e-02   3.0853959e-01  -3.5979236e-02   1.8967644e-01  -4.4822874e-01  -1.6966937e-01  -2.3581955e-01   2.5397498e-01   4.6891282e-02  -2.0051697e-01  -8.5258577e-02  -1.8839699e-01  -2.0330624e-01  -4.3025538e-05   1.3220845e-01  -8.1841226e-02   3.0873069e-02  -8.7076210e-02   7.3833241e-02   1.6938584e-01   1.0044327e-01  -8.6775377e-02  -9.3242593e-02  -2.4489085e-01   1.4878211e-01  -1.6754682e-01   2.3195423e-01  -5.2018707e-02   9.1323814e-02  -2.1445413e-01   1.9531565e-01
  -3.2115431e-01   2.1152477e-01   6.9171890e-02  -2.7056134e-01  -5.1521390e-03  -1.3633602e-01   3.0906919e-01  -2.8178357e-01   1.5900120e-01   0.0000000e+00  -1.2730027e-01   3.9592017e-01   6.8366171e-02  -1.4130292e-01   1.1761700e-01  -9.8610251e-02   1.1695551e-01  -1.8264781e-02  -2.0307389e-01   1.9616951e-01  -5.8182284e-03  -3.7133593e-01   9.3635316e-02  -2.1665780e-01  -3.4298351e-02  -2.6528264e-01  -8.0648726e-02  -3.2452397e-01   1.8832184e-02   1.5370693e-02  -6.3921133e-02  -2.5028349e-01  -2.4250008e-01   6.0843825e-01   2.1932651e-01   1.9673132e-01   2.0236716e-01  -3.0749070e-01  -6.7837669e-02   1.5150224e-01   3.0729640e-03  -1.8887727e-01   2.8591059e-01  -1.9029626e-01   5.3539338e-04  -4.3910120e-02  -6.4061222e-02   2.1580985e-01  -3.2745698e-01  -1.7518054e-02   6.7496825e-02  -2.6426533e-01   2.7234080e-01  -2.0506504e-01   3.0877106e-02   2.8352214e-02  -2.3303926e-01  -3.4501081e-01  -1.0082760e-01  -3.8846824e-02  -1.1213490e-01  -9.9086613e-03  -9.0200326e-02  -1.3795945e-01  -2.2168097e-01   7.1825929e-01  -2.5093288e-01  -1.5876627e-01  -4.3753004e-01   3.6650698e-01   4.0771479e-01   9.7896504e-03  -2.4443851e-01  -1.0811038e-01   2.0243473e-02  -4.0301568e-01  -1.0286692e-01  -1.1522143e-01   2.2649394e-02  -1.3697190e-01  -2.1174534e-01   4.8076035e-02   7.4320711e-02  -3.9236854e-01   1.9666882e-02  -4.1445857e-01   2.0387922e-01  -9.8869880e-02   1.8525120e-01  -2.9937375e-01  -1.4748510e-01  -4.9635636e-02   3.8589887e-01  -1.4808444e-02  -2.0165878e-01   2.9975430e-01   1.9218095e-01  -2.8185223e-01   9.8228185e-02   1.6344135e-01   1.9759246e-01   2.5936824e-01  -2.5923979e-01  -2.5811401e-02  -2.2891263e-02  -2.9307889e-01  -2.4745437e-01  -4.3579844e-01  -3.7875079e-02   1.9741981e-01   4.6038878e-01  -2.7255618e-01   1.2554305e-01  -3.5735425e-01   2.1437986e-01  -1.7383523e-01  -1.5397955e-01   1.9992777e-01  -3.8941329e-02  -6.1740938e-02  -1.6683149e-01   1.3540159e-01   1.9222908e-01  -3.9451167e-01  -2.5878502e-01  -6.1799181e-02  -3.3683922e-03  -1.3404545e-01  -3.1515614e-01   3.9535565e-01  -5.0020020e-02   2.2580979e-01  -1.0387098e-02   9.8684797e-02   1.5164096e-01  -3.5500258e-01  -1.4683485e-01  -2.0591389e-01  -3.0872594e-01  -4.4743881e-01  -1.0355724e-01   4.3369130e-03  -2.1278051e-01   2.4859398e-01   5.5092861e-02  -2.0255414e-01   4.7797413e-01   2.0569461e-01   4.5128696e-01   1.7123342e-01   6.4998867e-02  -3.0744225e-01  -7.2051677e-02  -1.7528412e-01   2.4097555e-01  -3.7448491e-01  -8.8652183e-02  -1.8872216e-01  -8.1576914e-02  -2.9743861e-01  -1.8355995e-01  -3.5736137e-01   6.0130355e-01  -3.5553130e-01  -4.3595100e-01   5.9676882e-02   2.2217085e-02  -1.8956901e-01  -1.4388887e-01   1.0901798e-01  -1.3779579e-02  -2.5704592e-01  -1.0636941e-01  -1.5906031e-01  -4.7058877e-03  -3.4568736e-02  -2.3196852e-01
   2.5229967e-01  -4.6646436e-01  -4.4444212e-01   5.6721211e-02  -1.9023609e-01   8.2193098e-02   1.2650900e-01   6.5010510e-02  -1.3364866e-01  -1.2730027e-01   0.0000000e+00  -3.5518251e-01   3.0904723e-01  -1.7247589e-02   2.0453788e-01   2.2456337e-01  -3.6423572e-01   5.8524907e-01   2.9709787e-02  -3.2058711e-01   5.2852823e-01   3.0331331e-01   4.1927609e-01   2.0879025e-01   4.4145091e-02   8.5137546e-02  -2.4473942e-01   3.7568566e-01  -2.6743147e-01   1.5867086e-01   4.8449489e-02   3.0931628e-01  -8.9871396e-02  -1.7127153e-01  -3.1829825e-01   8.9562653e-02  -1.0573590e-01   1.9626786e-01   5.2647868e-02  -4.3487969e-01   2.7239629e-01   3.5550609e-02  -2.3101592e-01   2.4403600e-01   1.5446993e-01   2.1340742e-01   5.0266377e-01   1.1344927e-01   1.2044377e-01  -3.8529479e-01   5.6164683e-01   1.3936088e-01  -2.0907202e-01  -1.0450989e-01  -1.9785500e-01   1.8371408e-01  -4.0458253e-02   1.8309384e-01   2.5505833e-01  -1.0269845e-02   4.9831968e-02  -1.0028786e-01  -2.5879307e-01   1.0304192e-01   8.5836496e-02  -8.2423826e-02  -8.2424578e-02  -1.5348457e-01   2.8954090e-01  -1.0769410e-01  -3.2811961e-01   4.1871335e-01   6.0451870e-02  -1.5823874e-01  -2.6027948e-01   1.0543466e-01   1.4600454e-01  -1.2133699e-01  -2.6332372e-01   1.6195413e-02   4.3745994e-01   5.2320472e-02  -1.5766510e-01   1.4094376e-01  -1.1812608e-01   2.7194671e-01  -3.3415167e-01   1.4047399e-01  -3.1907412e-01   2.5424337e-01  -1.2757275e-01  -5.5129930e-02  -1.9909968e-01  -5.0182345e-02   1.7176868e-01  -1.8932569e-01   1.9466082e-02   2.3870318e-02   1.2465093e-01   2.5351539e-02  -2.5085736e-01   4.5909706e-01   1.2706142e-01  -1.6117022e-01   6.0021652e-01   5.0652436e-02  -2.1253389e-01   9.9375052e-02  -3.1944381e-02   3.5436019e-01  -3.5154340e-01   3.4795249e-01   4.5939580e-02   2.8065039e-01  -3.7811763e-04  -4.0134708e-01   7.9428077e-02   1.5513128e-01  -2.2703916e-02   2.4082687e-01   2.1570518e-01  -1.8338880e-01  -3.9040103e-01   5.2972192e-02   2.8124179e-01   2.6723300e-01   3.3200895e-01  -1.0037773e-01   1.2307586e-01  -3.0855526e-01   4.3374543e-02   4.1783755e-02  -3.3003279e-01   2.5877688e-01  -1.2669629e-01   1.7854875e-01  -3.5861599e-02   2.4409640e-01   4.3951387e-01   3.3562198e-01   2.5401418e-01  -8.6237572e-02   6.2145232e-01  -7.6949331e-03   2.3667338e-01   2.8044615e-01  -3.6537828e-01   1.9649994e-01   1.1030331e-01   2.4844041e-02   1.7912970e-03   1.3171251e-01   1.0177851e-01   2.0884680e-01  -4.3885286e-01   3.3872064e-01   1.7445383e-01   3.8376837e-01   9.5831360e-03   2.0773478e-01  -2.7521731e-01   3.5871111e-01   1.3927688e-01   5.0755469e-01   4.5678288e-02  -4.6026170e-01   1.1905648e-01   3.3147990e-02   2.4075406e-01  -2.4053745e-01  -2.8353167e-01   4.8219058e-02   5.4573647e-01  -3.9904602e-02  -1.0499615e-01  -1.4115641e-02   9.2632756e-02
  -3.4833359e-01   6.8320655e-01   4.3035932e-01  -3.0462478e-01   4.0944868e-01  -1.0149298e-01   3.4831396e-02  -1.6660460e-01   2.1909321e-01   3.9592017e-01  -3.5518251e-01   0.0000000e+00  -9.5906076e-02  -2.3565460e-01   5.6006266e-02  -1.2141036e-01   3.0730835e-01  -2.7649883e-01  -1.5015626e-01   3.7820685e-01  -3.3338759e-01  -5.3921209e-01  -2.6907520e-01  -2.2817924e-01  -1.7143920e-01  -2.2302451e-01   1.3716231e-01  -5.2335524e-01   3.0689743e-01  -6.6826151e-02  -2.6401165e-02  -1.2828046e-01   1.1354167e-01   4.6072701e-01   5.8378204e-01   1.7635642e-01   1.7620438e-01  -3.8063927e-01  -1.0439501e-01   5.4971317e-01  -1.3633017e-01  -1.2266973e-02   5.2410209e-01  -1.6900366e-01   4.2442193e-02  -2.6826088e-01  -2.5859601e-01  -1.9342319e-02  -1.8717670e-01   2.4966318e-01  -1.8311060e-01  -1.8044256e-01   4.7114755e-01   2.0984505e-01  -2.0136700e-02  -8.6769396e-02  -1.0990320e-01  -5.2262690e-01  -2.5122298e-01   1.3635852e-03  -6.4532608e-02  -1.1393140e-01   2.7881236e-01   9.0619644e-02  -4.8597456e-02   5.4257620e-01   6.6716016e-02   1.9180861e-02  -3.6024436e-01   2.1405267e-01   4.3535473e-01  -3.4352475e-01  -2.4744170e-02   3.2970000e-02   9.7693236e-02  -2.4644856e-01  -2.7368374e-01  -9.1104481e-02   5.5386112e-01  -7.7159306e-02  -4.6712300e-01   6.4369398e-02   1.1332920e-01  -3.5923738e-01   4.1267048e-02  -2.7800943e-01   4.2838520e-01  -1.9517006e-01   4.0186102e-01  -2.8014143e-01   3.6026406e-01  -5.3261621e-02   4.2200265e-01  -6.8020198e-02  -3.3980319e-01   4.0191255e-01   5.6587040e-02  -1.4540320e-01   1.4281050e-01  -4.8735436e-02   1.0751058e-01  -5.0136055e-02  -1.0868066e-01   7.3772498e-03  -3.6378990e-01  -7.1281203e-02   1.0159963e-01  -2.0684460e-01  -2.0881982e-01  -4.6143833e-02   5.4089748e-01  -4.9460101e-01  -2.0510048e-01  -4.6250700e-01  -7.1991673e-03   2.8439533e-01  -1.7759004e-01   1.1732376e-01  -6.3246431e-02  -2.8452864e-01  -2.8216414e-01   4.3317782e-01   3.8950227e-01  -2.8663311e-01  -3.8441762e-01  -1.4595524e-01  -2.8702481e-01   1.6252572e-01  -3.1727187e-01   4.4986108e-01  -1.5459130e-01   2.2814227e-01   1.8690800e-01  -2.7530799e-01   1.4625519e-01  -2.3677051e-01  -1.2799855e-01  -2.4959277e-01  -5.4825666e-01  -4.5560571e-01  -2.0039278e-01  -6.4133012e-02  -4.0654759e-01   4.4270923e-02  -2.6272144e-01  -3.6917166e-01   6.3727562e-01   3.4691153e-01   2.6225332e-01  -2.4929637e-04   5.4401748e-02  -2.0563393e-01  -5.6435525e-02  -1.4453874e-02   5.9705263e-01  -3.3818913e-01  -2.3229565e-01  -2.0256364e-01  -7.1788155e-02  -1.4494835e-01   1.9400025e-01  -3.6077863e-01   2.6261895e-01  -4.6637763e-01  -2.4845096e-01   6.3046825e-01   2.1833804e-01  -1.7879899e-01  -2.5984603e-01   2.9407885e-01   5.0509441e-01  -2.9817820e-01  -2.7950561e-01  -5.8111515e-02   2.2430528e-02   1.0337733e-02  -3.7116583e-01
   8.3678865e-02  -3.4895666e-01  -3.1488051e-01   1.0210163e-01   1.0741508e-01  -1.4713575e-01   2.8053993e-01  -2.0565948e-01  -4.7930347e-02   6.8366171e-02   3.0904723e-01  -9.5906076e-02   0.0000000e+00  -8.3965633e-02   2.6752136e-01   2.0141454e-01  -2.4668139e-01   3.7012827e-01  -2.4623148e-01   1.6175471e-01   4.4081543e-01   5.0483609e-02   4.1649994e-01   1.0109475e-01   6.0147135e-02  -1.6236361e-01   1.0165209e-01   1.7505115e-02  -8.7828803e-02  -4.0785209e-02  -2.0912423e-01   1.0924134e-01  -2.5672405e-01   1.4836276e-01  -1.1085049e-01   3.4910380e-01   2.0447159e-01  -1.0474465e-01   1.1067619e-01  -1.7134996e-01   6.2608072e-01   1.5632936e-01   1.2444843e-02  -6.8008991e-02   4.5135711e-01  -8.4808046e-02   4.1538787e-01  -2.2852622e-01   2.4917561e-01  -1.7955439e-01   5.3430756e-01  -1.2139537e-01  -2.0845909e-01  -5.3625578e-02  -1.4134069e-01   1.0590147e-01  -1.8914344e-01   8.0502302e-02   2.5971123e-01   7.8880564e-02  -2.1700978e-01   3.6533130e-01  -1.2281271e-01  -1.6963517e-01   1.6103602e-02   1.5666272e-01  -2.6208288e-01   1.0216128e-01   1.9309441e-02  -7.1470881e-02  -3.0269910e-01   3.1574603e-01   2.2182758e-01  -9.0585603e-03  -1.7350224e-01  -1.6404721e-01  -1.7989688e-01  -3.7212972e-02   4.8742949e-02   1.4604677e-01   8.9266460e-02   3.8455425e-01  -3.2097615e-01  -4.3360556e-02  -2.6949600e-01  -1.9863493e-02  -2.3141160e-01   1.0871344e-01  -2.5548603e-01   1.1778209e-01  -7.9463816e-02  -1.8613246e-01   1.1157064e-01   1.6743234e-01  -1.3061958e-01   1.6036020e-01   1.6389573e-01  -2.0671720e-01   3.7216904e-01   4.3134903e-01  -3.3239149e-01   3.4910401e-01  -2.0693748e-01  -9.8578865e-02   4.2103858e-01  -2.0539424e-01  -2.7913045e-01  -1.6792736e-01   3.1838251e-01   3.3203060e-01  -1.5000663e-01   2.4178722e-01   3.1664336e-01  -4.7944753e-02   4.5961298e-02  -1.3820647e-01   1.4067636e-01   5.7057949e-01  -1.8205101e-01   2.0104719e-01  -1.2547402e-01   1.0490489e-03  -2.0172711e-01  -9.9944394e-02  -6.3083590e-02   6.7673207e-02   3.5280180e-01  -6.8458209e-02  -9.2432369e-03  -2.7539045e-01   4.0242937e-01   7.5804592e-02  -3.8023109e-01   1.2219007e-02   9.0324116e-02  -1.7408680e-01   7.4138177e-02  -7.9631810e-02   1.5007541e-02  -6.9767655e-02  -9.3860924e-02   2.7855437e-01   4.0511632e-01   1.7816447e-02   4.1795774e-01  -8.1711453e-02  -6.8282908e-02   1.3644715e-01   2.6957257e-01   1.0731832e-01  -1.1411501e-02  -2.2833450e-01  -5.6478382e-02  -7.0558683e-02  -3.2598034e-01   1.0833449e-02  -1.4317426e-01   4.4116362e-01  -1.8482789e-01  -1.1461005e-01  -8.7351587e-02   9.7129654e-02   1.7336696e-01   1.9554132e-01  -3.6443222e-02  -1.6142120e-01   1.9180969e-01  -9.5863890e-02  -1.2789890e-01  -2.5149358e-01   7.6517863e-02  -2.8330086e-01   4.0897490e-01  -1.3698170e-01  -2.3197851e-01  -8.6772932e-02   1.0173841e-01
   3.0092958e-01  -1.3520320e-01  -3.0597847e-02   2.4990605e-01  -3.1838453e-01   3.7153762e-01   1.4905180e-02   3.2430438e-01   1.2857197e-01  -1.4130292e-01  -1.7247589e-02  -2.3565460e-01  -8.3965633e-02   0.0000000e+00   1.3151841e-01  -8.9699255e-02  -2.8397472e-02   5.3689610e-03   2.7262085e-01  -3.8925282e-01  -1.7279886e-01   2.6458045e-01  -7.6286948e-02   2.4460287e-01   1.6909998e-01   6.1798265e-02  -2.1623910e-01   2.9847950e-01   1.1272837e-01   2.3442998e-01   2.1401483e-01   7.7654487e-02   1.2567046e-01  -2.5013304e-01   9.0830424e-03  -3.7992354e-01  -3.7286071e-01  -1.2232046e-01  -1.4768178e-01  -2.0911207e-01  -9.1002981e-02  -1.3067426e-01  -1.0226487e-01   3.9010717e-01   1.5048528e-02   1.0421707e-01  -2.1337736e-01   1.7828524e-01  -7.2682393e-02  -1.4288115e-01  -7.2288569e-02   4.3633273e-01  -2.1369517e-01  -7.4560212e-02   3.7545064e-01   2.7990008e-01   3.4639518e-01   2.1646429e-01   4.7473966e-02   2.4820134e-01   4.2868810e-02   1.4205426e-02  -1.0535567e-01   2.0368989e-01   1.3666445e-01  -3.1632249e-01   2.1449242e-01  -1.6926686e-01   1.0501928e-01  -1.4040703e-02  -6.9304169e-02  -1.0115204e-01  -1.0011415e-01   9.6268247e-02  -6.3963989e-02   4.0239100e-01  -4.1287821e-02   3.7508395e-01  -2.4697072e-01  -1.3120646e-01   4.4461626e-01  -9.5753674e-02   4.9843508e-02   2.7877607e-01   2.1436255e-01   3.6634733e-01   1.1383284e-01   3.5631476e-01   8.6580318e-02   2.3483512e-01  -1.4943334e-01   8.1697885e-02  -4.5083458e-01   2.0093141e-02  -1.6105205e-01  -4.7194076e-01  -1.0288312e-01   2.0061719e-01  -2.1315801e-01  -1.8222492e-01   2.4459809e-01   7.2461747e-02   4.3864718e-01   1.6551397e-01  -3.4891786e-03   2.5379378e-01   4.5117054e-02   3.2735821e-01   2.7905127e-02  -2.6891361e-01  -3.1663297e-01   3.1192151e-01   3.5323299e-02   1.5794264e-01   3.7177649e-01  -1.3765804e-01   1.8970395e-01  -1.0667338e-01   1.9416303e-01   7.7362119e-02   1.8209849e-01  -3.7065535e-01   2.9696025e-02   1.0769598e-01   7.0944557e-02   3.1198006e-01   1.0266614e-01  -1.1652556e-01   1.8831751e-01  -1.1179347e-01  -2.4477897e-01  -9.9365619e-02   2.0114837e-01   1.3745869e-01   4.3008399e-02   3.9085232e-01   6.2575039e-03   4.5969962e-01   3.7388297e-01   2.8948072e-02   1.3412532e-01  -1.0651908e-01   2.6846457e-02   9.7751501e-02   7.5790562e-02   2.7685745e-01  -2.6493883e-01  -1.1986721e-01  -3.8794564e-01  -1.6860232e-01   2.0651149e-01   4.2956871e-01   5.6271969e-02   1.0934216e-01  -7.5096279e-02   1.9217760e-01   3.6034293e-02  -5.3310963e-02   7.7308108e-03   3.6658420e-01  -1.3357035e-01   2.7008011e-01  -2.9131718e-01   1.5244242e-01   2.7184825e-01  -1.8823906e-01  -1.5996781e-01   2.7205804e-01   1.4179125e-01  -2.1439440e-01  -1.8616606e-01  -1.3072288e-01   3.3351708e-03   2.5339581e-01   2.2123214e-01  -1.1310396e-02   1.1046907e-01
