   0.0000000e+00  -3.4354419e-01  -3.3402520e-01  -1.9478840e-01  -2.8728354e-01  -3.3888665e-01  -2.0149708e-01  -9.4208047e-02  -2.0409711e-01  -2.3640849e-01   1.1158407e-01  -3.4733215e-01   7.4606372e-02   4.3746365e-01   8.2270750e-02  -4.5994601e-01  -1.9244471e-01   1.8118326e-01  -1.8895692e-01  -3.0569887e-01   1.2852780e-02  -2.5229576e-01   4.7412034e-02   8.2614318e-01  -2.5165973e-01  -1.3140262e-01  -3.6668333e-01   5.3899609e-01  -2.4653051e-02  -3.8916552e-01   1.9675906e-01   1.1764788e-02   1.0774176e-01  -3.6386992e-01  -3.5288287e-01  -1.2479225e-01  -2.7337191e-01   4.9610248e-01  -3.2358544e-01  -3.6691798e-01   4.9639880e-02  -1.6969870e-01  -4.3017822e-01   2.7826998e-01  -1.5397649e-01   5.6087594e-01  -2.3722781e-02  -3.4010168e-01  -9.6540634e-02  -3.7936368e-01   6.3032751e-02   5.1408722e-02  -9.8824623e-02  -3.1404643e-01   8.1358428e-02   2.6005990e-01   3.4717117e-01   8.0711277e-03   6.4749846e-02  -3.4468690e-01   3.0300641e-01   3.3915713e-02  -3.5699902e-01   2.4290524e-01  -1.5300091e-01  -1.8632365e-01  -3.9121976e-01  -1.1812832e-01  -1.0124109e-01   2.3140312e-01  -2.6481671e-01  -5.6716080e-03  -1.3859857e-01   4.8851430e-01   1.3064507e-01  -1.1397108e-01   3.5183499e-01  -6.2080612e-02  -2.7449050e-01  -2.0692782e-01   5.0498950e-01  -1.3212631e-01  -2.7408422e-01   7.4310504e-02   6.5568473e-01   8.7826076e-02  -2.8067374e-01   2.8825352e-01  -2.3070951e-01   8.5982381e-01  -1.3953256e-01  -1.9375433e-01  -4.5988846e-01  -1.3971418e-01   2.2537950e-01  -3.4369457e-01   8.0104391e-02  -7.1756119e-02  -9.7971686e-02  -1.8143597e-01   7.5006756e-01   5.6150247e-03   1.3889391e-01  -1.9580673e-01   8.2253132e-02  -1.0929059e-01  -9.8558209e-02  -3.1535299e-02  -6.4651284e-02  -3.1936425e-01  -4.0647939e-01   4.3705188e-02  -2.7211027e-01   8.5043166e-01   7.1651710e-01  -3.2458343e-01  -8.9448527e-02  -1.1000963e-01   4.0050714e-01   8.6484651e-02   5.6693326e-01  -2.6798691e-01  -2.6471793e-01   2.2591950e-02   8.7048425e-01   3.4862635e-01   3.3681469e-02  -2.2833978e-01  -1.4423126e-01   2.6944340e-01  -6.1780557e-02  -3.0231992e-01   4.4018262e-01  -2.4371786e-01  -6.0835937e-02   7.1560229e-02  -2.6598898e-01   2.9668614e-01  -1.0993750e-01   6.5797405e-01   7.0584150e-01  -2.9543868e-03   1.3175701e-01   1.1635884e-02   8.4986527e-02   1.4394171e-02  -1.9965205e-01  -8.3755947e-02  -1.1148475e-01  -1.0541556e-01   5.3389590e-01   2.5900593e-01   2.0326238e-01  -1.6221744e-01  -4.6082761e-01   7.3194349e-01   5.4351875e-01   1.3956289e-01  -2.4045094e-01   2.8076383e-01  -2.2293752e-01   3.1314310e-01  -2.3227043e-01   6.3094144e-02  -1.3880732e-01  -3.9542059e-01  -2.9411934e-02   2.7132645e-02   5.6701987e-02  -3.7441335e-01  -3.4050166e-01   2.8238743e-01  -4.7460245e-02   1.7760318e-02   1.2043483e-01   2.0900764e-03  -1.0221372e-01
  -3.4354419e-01   0.0000000e+00   5.7642428e-01   8.0912022e-02   1.5333729e-01   3.3255505e-01  -1.0571380e-01  -1.3766724e-01   3.6448032e-02  -2.2933726e-01  -6.3004902e-01   4.0943486e-01  -1.3267865e-01   1.1478366e-01  -9.6796113e-02   8.3240395e-03   5.5620221e-01  -5.1442523e-01  -4.0624440e-02   1.1169466e-01  -1.3259244e-01  -2.4594161e-02  -4.2850627e-01  -2.3909257e-01   2.6924996e-01  -2.0274814e-01  -4.5441608e-02  -3.3593376e-01   2.6281844e-01   6.3053962e-01  -5.2752929e-02   2.6549986e-02  -2.5222510e-01   8.7136669e-02   8.1324778e-02  -2.3926302e-01   6.8520455e-02  -1.2972875e-01  -4.1079603e-02   4.9805524e-01  -3.5026108e-01  -9.0654123e-02   3.1523275e-01  -3.3624748e-01  -2.2075551e-01  -3.2098232e-01  -4.9630860e-01   4.8148680e-01   2.2803696e-01   5.0026801e-01  -5.2344166e-01  -1.8743102e-01   2.1216684e-01   4.4103782e-01   2.9789967e-01  -2.8133711e-01   2.0413195e-03  -3.4454441e-01  -2.8355560e-01  -1.0122665e-01  -2.0747221e-01  -1.5486910e-01   4.4672473e-01  -3.7785046e-01   2.7094280e-02  -3.5911101e-01   5.2284628e-01  -3.6064707e-02  -4.3759952e-01  -1.3351579e-02   7.0477079e-01  -1.9727259e-01  -2.2008846e-01   1.1012152e-01   2.2548669e-01  -1.3920742e-01  -4.0865286e-01  -2.7232685e-02   3.6130347e-02   1.9431904e-01  -2.8547295e-01  -4.2575716e-02   4.0078913e-01  -3.1810751e-01   7.3589631e-02  -1.6798841e-02   5.0285212e-01   1.6469844e-01   1.0157478e-01  -2.4789955e-01  -1.3976952e-01   2.5017005e-01   1.8103151e-01  -2.5100904e-01  -3.7677214e-01   2.6979206e-01  -1.9923111e-01   6.0700310e-02  -2.4282724e-01  -2.6691863e-01  -2.6049319e-03  -4.0598266e-01   7.3361287e-02   1.6006924e-01  -3.9747708e-01   9.8701934e-02   3.3686263e-01  -1.1145715e-01   7.3525174e-02   1.2789884e-02   1.8504148e-01  -3.3645350e-01  -4.8370471e-02  -4.6105119e-01  -1.8891704e-01   2.0819751e-01  -2.7240977e-01  -9.5005173e-02   1.3903086e-01  -6.2392388e-02  -3.5461728e-01   9.3152134e-02   1.3986625e-01  -2.2599294e-01  -3.1335474e-01  -1.4070816e-01  -3.8424734e-01   1.9730539e-01  -2.0691328e-01   6.4894841e-02  -2.7805711e-01  -1.2450457e-01   1.5842086e-01   3.5553383e-01   1.7066669e-01   1.9345531e-01   2.1080873e-01   9.6703065e-02  -8.9588869e-02  -5.1007462e-01  -2.1406716e-01   1.1841119e-01  -4.9736797e-01   1.1721279e-01  -1.3215489e-03  -3.6060085e-01   3.5046633e-01  -3.4436966e-01  -3.9635708e-01  -2.2308635e-01   1.3318598e-01   7.5604441e-02   6.3167393e-02  -9.3474943e-02   5.3421941e-01  -3.8823344e-01  -5.5444831e-01  -2.9526227e-01   1.6265788e-01  -3.9692696e-02  -9.7619224e-02  -5.6703619e-01  -1.0510159e-01  -3.4050246e-01  -5.6271995e-02  -1.4134813e-01  -4.8223573e-01   2.1677811e-02   2.3474333e-02   3.9462870e-01   2.5764174e-02  -2.9626007e-01  -2.6363744e-01   3.5030617e-01  -1.4891741e-02   9.4587916e-02  -2.8922556e-01
  -3.3402520e-01   5.7642428e-01   0.0000000e+00  -1.7225521e-01   1.0175200e-02   3.8569472e-01   6.5676405e-03  -9.3819413e-02  -1.2293468e-01   5.7957407e-02  -5.0511357e-01   4.1402020e-01   1.7753995e-02   4.3907610e-02  -1.1769216e-01   1.8181857e-01   8.4748740e-01  -3.6431765e-01   1.1777794e-01   9.5671204e-02  -1.9492606e-01   2.3172045e-02  -3.5448905e-01  -3.8250276e-01   1.7548679e-01  -1.3029025e-01  -1.0200475e-01  -2.5892400e-01   1.7108229e-01   2.5965260e-01  -1.6715540e-01   8.5256921e-02  -2.2123866e-02   2.2698701e-01   5.7421926e-02  -2.4639289e-01   9.7356716e-02  -2.4280053e-01  -1.4551051e-02   6.4320049e-01  -1.5710692e-01   8.8521444e-02   2.5362744e-01  -2.0024914e-01  -1.7196425e-01  -1.3965616e-01  -3.6710859e-01   2.6587833e-01   9.8702826e-02   6.7416869e-01  -2.6390576e-01  -1.6024219e-01   2.1469396e-01   4.9489146e-01   2.4212793e-01  -1.2739673e-01  -2.8328462e-03  -1.5193726e-01  -2.2700772e-01  -7.2404948e-02   2.2523647e-01  -1.0489243e-01   2.9219636e-01  -3.6776713e-01  -2.4466468e-01  -3.6588408e-01   5.7995277e-01  -7.4534829e-02  -2.2433355e-01   2.9259048e-01   6.3033782e-01  -1.8419404e-01  -2.6236083e-01   1.9212363e-01   2.1007831e-01   1.6089165e-05  -1.0504092e-02  -5.4466047e-02  -8.8463866e-02   2.2044818e-01  -3.2534122e-01  -8.5084538e-02   4.2406183e-01  -3.0934015e-01   1.1911444e-01  -7.5975396e-02   2.4294438e-01   7.1417207e-02   4.6979020e-03  -3.5967897e-01  -2.2822520e-01   5.8103875e-01   2.6246218e-01  -1.8168345e-01  -1.4677827e-01   2.8747594e-01   1.1743547e-01  -4.9648535e-02  -2.7228415e-01  -9.6603758e-02  -2.5065664e-03  -2.1112775e-01  -8.3220353e-02  -1.0805231e-01  -3.4965219e-01   1.8012469e-01   4.7585255e-01  -9.3433412e-02   1.6694961e-01  -2.2699697e-01   4.5582631e-01  -3.1183285e-01  -9.6706721e-02  -3.6905669e-01  -2.1112832e-02   6.1378141e-02  -1.5814988e-01   8.0979595e-02   2.8471613e-01  -8.6978768e-02  -3.0952995e-01   3.3532769e-02   1.6058682e-01  -3.2202645e-01  -3.4006622e-01  -2.7325166e-01  -3.2955414e-01   1.4206174e-01  -5.6648686e-02   3.6134409e-01  -1.0656791e-01  -7.3886557e-02   6.6523774e-02   1.1369779e-01   1.9651188e-02   1.6084500e-01   3.0843008e-01   1.7011976e-01  -7.4237982e-02  -3.9171408e-01  -1.7361464e-01   7.9627946e-02  -3.8444992e-01   4.1896337e-01  -1.0397023e-01  -3.2543030e-01   5.2290397e-01  -5.0182944e-01  -4.5535864e-01  -2.7716747e-01   1.5471962e-01   1.1482066e-02   2.9258906e-01  -1.9883157e-01   6.5648417e-01  -5.1100452e-01  -3.1765833e-01  -1.2333186e-01   5.8946432e-01  -1.5052311e-01   3.7228565e-02  -4.7864584e-01  -2.4305956e-01  -3.0171214e-01   1.0603538e-01  -3.6006809e-02  -3.1876258e-01   6.1048716e-02   2.2150238e-01   3.6330742e-01  -5.7914053e-02  -2.9424759e-01  -3.3358200e-01   4.7193029e-01   5.7877161e-02  -1.1881992e-01  -7.5989788e-02
  -1.9478840e-01   8.0912022e-02  -1.7225521e-01   0.0000000e+00   1.5829964e-01  -2.8226350e-02  -8.2768485e-04   2.2116039e-01   3.9605897e-01  -7.2219511e-02   3.7465462e-03  -5.3798518e-02   6.0594575e-02  -9.9946204e-02   8.5899004e-02   1.0951303e-02  -1.7800889e-01   1.0671948e-01   2.0071074e-02   2.4733684e-01  -3.2397375e-02   2.1239485e-01   4.1215737e-02  -1.3516932e-01  -7.7654292e-02  -5.1382323e-02   2.5311722e-01  -2.9068950e-01   3.6461467e-02   2.0121509e-01   3.4790835e-03   1.0695541e-01  -2.8519995e-01  -8.1483527e-02  -3.9203105e-02   2.2371454e-01   4.3768268e-02  -7.8925416e-02   4.1972203e-02  -3.0745651e-02   1.1471991e-01  -9.0128660e-02   2.2820553e-01  -4.4119795e-02   2.2698657e-01  -1.6608689e-01   1.3516802e-01   5.9144744e-02   5.3151989e-02  -4.6541946e-02   1.9252818e-01   2.8599000e-02  -7.1990864e-02  -3.9218232e-02  -1.6655122e-02  -1.1331366e-01  -8.2286821e-02   8.2973464e-02   1.2598110e-01  -5.2720138e-02  -1.8239188e-01   1.4020006e-03   9.9130093e-02  -1.3967156e-01   2.3933275e-01   2.1349352e-01   7.7529394e-02  -3.2621108e-01   1.3650785e-01  -1.1438387e-01   1.1772578e-02   3.9814502e-01  -9.2835579e-02  -1.6304086e-01   2.0234591e-01   8.2596537e-03  -2.5337592e-01   2.8639129e-02   1.3602113e-01   5.9953416e-02  -1.1869640e-01   6.2864709e-02  -1.6068716e-01   1.3087144e-01  -2.8495948e-01   2.8756791e-01   2.2144569e-01  -1.3842538e-01  -2.1538365e-02  -1.4560039e-01   1.0687554e-01  -4.5827528e-02   5.3476167e-02   1.5339167e-01  -2.4086534e-01   2.0475228e-01  -9.8243131e-02  -8.0774526e-02  -8.0430084e-02   7.9269960e-02  -1.3908673e-01  -6.0464828e-02  -1.2574637e-02   1.3695575e-01   1.8397050e-01   2.0160928e-01  -9.2494252e-02   1.8802242e-01  -1.8743703e-02   9.7196411e-02  -1.2055205e-01   1.9574765e-01   8.2530449e-02  -3.0813332e-01  -3.3161887e-01   1.3390643e-01  -2.0506053e-02   5.3189361e-02  -3.1208094e-01   4.2141423e-01  -2.4768168e-01   8.2358027e-02  -3.5455749e-01  -2.2225257e-02  -2.0132905e-01   9.3413249e-02   1.8103745e-01   5.4346784e-02   3.9166273e-01  -2.7885940e-01  -1.9435502e-01   4.6544843e-03  -1.6414080e-01  -8.0083308e-02   5.4951145e-01   1.9887772e-01   8.9310958e-02  -2.6997873e-01   9.0321612e-02  -1.1422179e-01  -9.6979761e-02   3.7586775e-01  -1.6316431e-02  -2.0370608e-01  -3.6841262e-02   5.5186446e-02  -9.0552471e-02   1.5894720e-01   2.1715182e-01   3.5836087e-02  -1.8181900e-01  -5.7203011e-02  -1.9474884e-01   1.5597408e-02  -7.6016968e-02  -9.6895144e-02  -2.2143697e-01   1.5136312e-01   5.9069744e-02   9.5177134e-02  -3.1270476e-01  -5.8656502e-02   1.5317669e-01   3.3040557e-01   1.0661422e-01   9.4064917e-02  -1.2241977e-01  -1.9861180e-01  -2.8699039e-01   6.1669687e-02   1.8361847e-01  -1.2298548e-01   1.9709801e-01  -2.0956952e-01   1.0918212e-02   4.2195558e-01   9.0868291e-02
  -2.8728354e-01   1.5333729e-01   1.0175200e-02   1.5829964e-01   0.0000000e+00  -4.0462798e-02   1.2179435e-02   2.2466722e-03   5.4403773e-01   2.6285525e-02  -8.6967434e-02   6.1386471e-02   8.6903244e-02  -4.1235884e-01  -3.8766687e-01   2.0250983e-01   8.8766226e-02  -1.2309215e-01   8.8788921e-02   7.4232514e-01  -1.5913620e-01  -1.4201242e-01  -1.7734984e-01  -2.3195692e-01  -1.3873247e-03  -1.6022687e-02   4.7293198e-01  -2.5630393e-01   2.0241931e-01   3.6425092e-01  -3.5571768e-01  -6.0851077e-02   1.7755535e-01   8.2192119e-02   4.3515648e-02   5.7952666e-01  -5.8739561e-02   3.8244168e-02   3.9199660e-01   4.0277178e-01  -8.8777732e-02   1.5828976e-01   1.5471893e-01  -2.3891583e-01   1.1027479e-01  -4.0230779e-01   5.9692834e-02   4.9408336e-01   2.5620687e-01   3.8483523e-01  -1.7869985e-01  -5.4294441e-02   4.1384081e-01  -9.3058448e-03  -3.0210601e-01  -2.9591939e-01  -2.8067637e-01  -1.3806006e-01   6.8949456e-03  -1.8096981e-01  -3.4507627e-01   2.2097336e-02   5.3661287e-01  -1.9216418e-01   2.2802539e-01   3.0059843e-01   7.8673467e-03   1.8982094e-02  -9.0733981e-02  -2.6612954e-01   2.7067733e-01  -1.5742651e-01   3.6610618e-01  -3.7974079e-01  -4.1353304e-02  -3.0594458e-01  -4.2996121e-01  -7.6407899e-02   7.5614843e-01  -8.5309661e-02  -2.0330618e-01   2.4769776e-02   1.8185591e-01  -2.0278876e-01  -5.0531126e-01  -2.2538023e-01   3.1487141e-01  -1.9156828e-01   2.7286193e-01  -8.0385589e-02   7.2737416e-01  -1.2303840e-01   2.9777483e-01   3.0769037e-01  -3.4661642e-01   5.8110717e-01  -2.6876735e-01  -1.4041034e-02   3.0981298e-01   1.0495062e-01  -3.1905512e-01  -3.4432100e-01  -3.2809026e-01   6.8899985e-02  -3.8788565e-01  -3.3495900e-02   4.9557372e-02  -1.1653231e-01   1.0162471e-01   3.8810938e-01  -1.4174136e-02  -3.5835855e-01   1.1736036e-01  -3.3596916e-01  -3.5715405e-01   6.3739149e-01   1.5420536e-02   1.1757284e-01  -3.4515553e-01   1.7953842e-02  -2.8251031e-01   7.0097566e-01  -5.6548992e-02   2.3549446e-01  -2.3003479e-01  -3.6397499e-01  -8.0719020e-02   3.8353954e-02   1.0218275e-01  -2.5192768e-01   2.3189134e-01   5.2659578e-01  -4.4543809e-01   2.2419079e-01   9.8709206e-03  -6.7078077e-02  -5.8105053e-02  -2.7858282e-01  -2.3322154e-02  -3.3684380e-01  -2.4072823e-01  -1.2745809e-01  -2.9403081e-01  -3.3815403e-01  -2.1227437e-01  -4.2850893e-01  -2.0865080e-02   3.4806343e-01   1.8874619e-01  -1.5545356e-02  -3.1580492e-01  -3.6508017e-01  -1.5936585e-01   5.2594165e-01   3.5813195e-01  -1.5136212e-01  -3.8588739e-01  -1.0023555e-01   2.5628005e-03  -2.4118695e-01  -1.8617359e-02  -2.6232270e-01   2.8283033e-01  -2.2270375e-01  -1.3579282e-01   3.7761611e-01   2.1205904e-01  -1.1440388e-01  -2.0986956e-01   6.3313215e-01   6.1675073e-01  -2.4093313e-01   1.6972065e-01  -1.6474600e-01  -2.9277826e-01   5.0795605e-02  -4.3055186e-03
  -3.3888665e-01   3.3255505e-01   3.8569472e-01  -2.8226350e-02  -4.0462798e-02   0.0000000e+00  -1.4978258e-02   2.2165977e-01   6.5935480e-02   1.5156222e-01  -2.6916293e-02   3.7007787e-01  -1.0182780e-01   9.1661680e-02   2.5373210e-01   2.4416306e-01   2.4403200e-01  -5.6728671e-02   2.1600198e-01  -1.9401793e-02   6.3535423e-02   2.4489537e-01  -2.4102915e-02  -4.1807938e-01   6.6130851e-02   1.4577408e-01   9.5557178e-02  -6.3942649e-02   4.8072296e-02   2.3814536e-01   1.1796429e-01   6.4914780e-02   3.4260050e-02   2.9474910e-01   3.2437280e-01  -1.0517017e-01  -8.7416451e-02  -2.7989245e-01   1.1524146e-01   6.6251228e-02   1.1289482e-01   1.2870224e-01   2.0684991e-01   2.2643469e-01   1.4534201e-01  -2.6645320e-01   1.0047201e-01   3.2074086e-02   1.7911623e-03   1.1493482e-01   2.2219485e-02   1.8365179e-01   2.7274100e-02   1.8779695e-01   5.0479686e-02   1.6260465e-01   2.3813685e-01   4.6516460e-02   1.6238117e-01   3.0262598e-01  -2.0342372e-02   2.4671396e-02   1.0056229e-01   1.7177038e-01  -5.0014735e-02  -2.8189398e-02   5.7077186e-01  -1.1620982e-01   1.9325458e-01  -3.0516746e-02   1.5035663e-01  -5.0083421e-02   4.2322423e-02   2.7563698e-01   1.6555670e-02   8.3594838e-02  -6.8899136e-02   1.9869094e-01   1.0812621e-01   1.3159745e-01  -1.7542969e-01   1.7611246e-01   3.2514931e-01   9.0225989e-02   5.0146372e-02  -3.5248776e-02   2.1604061e-01   2.0256838e-02   9.3544658e-02  -4.1850222e-01  -1.1359945e-01   2.1369915e-01   2.5473000e-01   2.0737366e-01  -2.8629916e-01   3.3449107e-02  -3.2984461e-02   9.5935859e-02   2.9087879e-02  -7.4266516e-02  -1.1802906e-01   1.4389957e-01   6.5840249e-02   2.8801166e-01   1.6863339e-02   1.7442517e-02   1.5132426e-01   2.0600089e-01  -3.1664993e-02  -3.1057110e-02   4.0926586e-01   1.3553899e-01  -3.1237597e-02  -2.5656863e-01  -7.6784031e-03  -4.1939174e-02   1.5364648e-02   1.4693904e-01   1.6855417e-01   6.9283223e-03  -2.9820414e-01   2.7808982e-02   8.6231279e-02   6.4311874e-02  -3.3275607e-01   6.5324876e-02   5.7771912e-02   6.8787219e-02   8.7440294e-02  -1.3080532e-02   5.3500591e-04   2.0085812e-01   1.6350282e-01   1.7784314e-01  -6.1263635e-02   9.0500142e-02   1.0079199e-01   6.4447988e-02   2.3930210e-01  -3.8619115e-01  -1.8115676e-01  -1.1816881e-01   4.9110407e-02   3.3626506e-01   2.2059509e-01   7.0870060e-02   1.8612590e-01  -1.4000667e-01   9.2845387e-02   2.3628393e-02   1.3109756e-01  -2.9586898e-02   1.9202372e-01   9.2402291e-02   2.8309899e-01  -5.7580154e-01  -3.0541496e-01   5.0911724e-02   1.8716358e-01  -4.6798459e-02  -1.0206106e-02  -1.4828137e-01  -1.5632561e-03  -7.0186075e-02   1.8803145e-01   4.8235680e-02  -2.8526782e-02   2.9194651e-01   1.7796412e-01   2.1657532e-01   4.2595175e-02  -4.3555009e-01  -7.4601362e-02   3.9013417e-01  -1.6406407e-01  -2.6269803e-01   1.0439005e-01
  -2.0149708e-01  -1.0571380e-01   6.5676405e-03  -8.2768485e-04   1.2179435e-02  -1.4978258e-02   0.0000000e+00   8.0191090e-02  -7.3681167e-02   4.5867004e-01  -1.2534081e-03   5.3169889e-01  -9.2485148e-02  -2.7043966e-02   2.4951260e-01  -4.1288694e-02  -1.1378262e-01  -1.3894932e-01  -8.3350369e-02  -1.1139940e-01  -7.6090156e-02  -2.7703723e-01   4.5619994e-01  -2.8611700e-01  -8.7770299e-02  -1.8039726e-01   1.1863569e-01   4.8363724e-02  -2.2612239e-01  -4.6306102e-02  -2.2196911e-02  -3.0087027e-01  -7.3487686e-03   6.8869569e-01   2.9043032e-01   9.9133119e-03   2.1227735e-01  -2.1615411e-01   1.4157369e-02   1.9974645e-01  -8.4990000e-02   2.8954155e-02   1.9443363e-01   1.7617155e-02   2.0411529e-01  -3.4952158e-01  -1.0536619e-01   4.1442720e-01  -2.5543172e-01   7.9096267e-02   3.3971976e-02  -1.4068715e-02   3.7213193e-01  -1.6309464e-01  -1.6749194e-01  -1.3021159e-01  -1.7834736e-01  -2.3148714e-01  -1.4842501e-01   1.6409601e-01  -3.1615758e-01   8.7460986e-02  -8.9664278e-03   2.6822781e-01   7.1181801e-02   6.7702131e-02  -5.0960548e-02  -1.3156559e-01   5.3941766e-03   4.4690848e-02   2.1690169e-01  -4.2013080e-02  -6.4413051e-02  -1.8953701e-01  -6.0998173e-02  -1.6063060e-01  -3.2935737e-01   1.6727048e-01   3.6865889e-03  -2.9356244e-01   2.2572146e-01   3.3296904e-02   2.6398029e-01   4.5263410e-02  -2.3525387e-01   1.2839497e-01   1.3171081e-01  -1.0452005e-02  -6.3984854e-02  -2.0836558e-01  -2.0745979e-01  -3.8973663e-01   5.7971571e-01   1.4658164e-01  -1.8228675e-01   8.7245391e-03  -1.0582993e-01  -2.9475880e-01   2.0691196e-02   5.3662172e-01  -7.5445159e-02   2.7838866e-01   3.4252828e-02   1.9809645e-02  -3.0737119e-02  -3.6480984e-01  -1.2977033e-01  -2.0635655e-01  -8.7323537e-02   1.8881418e-01   3.5714038e-01  -8.8171064e-02   8.0793684e-02  -2.0871679e-01  -2.4796009e-02   1.8827883e-01  -1.2198837e-01  -1.6640416e-02  -6.7205318e-02  -1.9221228e-01  -3.5736884e-01  -2.2423922e-01  -1.0988296e-01  -7.8780730e-02  -2.5559952e-01   7.6846013e-02   1.6710848e-01  -1.7364524e-01  -8.8947474e-02   2.2252992e-02  -1.1946232e-02   3.8796295e-01  -2.2108219e-01   2.4312700e-01  -1.8618166e-02  -2.3678672e-01  -2.4241214e-01   2.6948779e-01  -4.8144428e-02  -2.2064184e-01  -3.1513900e-01  -1.0975784e-01   6.3010712e-02   3.5110799e-02   2.1477116e-01  -9.5483729e-02   6.1521923e-01   1.7842064e-02   9.8360135e-02   3.2047277e-01  -4.2936842e-02   2.2502202e-01  -2.5736122e-01   1.0284156e-02   4.2434547e-01  -1.8551065e-01  -1.1950417e-01  -2.0140676e-01  -1.0747927e-01   1.5640977e-01  -6.2907881e-02   6.8797656e-02   1.6132618e-01  -1.9920464e-01  -2.1114955e-01   4.8169357e-01   1.7740164e-01  -1.8839023e-01  -1.7391354e-01   1.3938240e-01   1.7658104e-01  -2.2254744e-01  -4.7126839e-02  -1.3623256e-01  -5.4331508e-02   1.0143078e-01  -1.8637347e-01
  -9.4208047e-02  -1.3766724e-01  -9.3819413e-02   2.2116039e-01   2.2466722e-03   2.2165977e-01   8.0191090e-02   0.0000000e+00   1.4421766e-01   7.1962403e-02   3.1492925e-01   1.9527518e-01   7.9867991e-02  -1.2816332e-01   9.0466240e-02   1.5540315e-01  -2.0363668e-01   6.1922918e-02   1.3336691e-01   7.3797961e-02   7.4021083e-02  -6.9438078e-03   8.5322561e-02  -2.3426841e-01   9.8524650e-02   3.7464731e-01   1.5635057e-01   1.2155168e-02  -2.5736450e-03   4.3291733e-02   1.0712607e-01  -8.8365627e-02  -1.2415140e-01   2.1128049e-01   2.3475323e-01   9.9008773e-02  -9.6433648e-02  -3.0743763e-01   2.2198175e-01  -4.0469003e-02   1.8801231e-01   4.0220223e-02   1.9661210e-01   3.8432917e-01   1.5614042e-01  -1.6402734e-01   2.0009066e-01  -6.5779414e-02   6.2155408e-02  -8.6423329e-02   3.7321206e-02   6.2238430e-01  -4.0720786e-02   3.0522952e-02  -1.1550313e-01   1.5714530e-01   2.3271036e-01   1.1590882e-01   2.2337231e-01   9.6457186e-02  -1.2636938e-01  -7.8288448e-02   1.1182747e-01   3.4113591e-01   1.0274824e-01   1.3809701e-01   3.0928840e-02   7.5808460e-02   4.1070331e-01  -1.9683965e-01  -6.5170886e-02   6.4998245e-03   2.1606924e-01  -2.1485997e-02   2.0784486e-02   2.0454387e-01  -8.6160371e-02   1.7613045e-01   2.3646492e-01   1.2669360e-01  -4.0410527e-03   2.3716585e-01   1.2552742e-01   4.2845061e-01  -2.1026145e-01   1.8382858e-01   4.1478481e-02  -1.3315276e-01   1.2856397e-01  -1.5355380e-01   8.8072090e-02  -1.0997424e-01   1.8307170e-01  -5.5789215e-03  -2.9341485e-01   1.9961165e-01  -3.3994066e-02   2.2756278e-01   7.0972470e-02  -3.3621674e-02  -1.5267623e-01   3.5805408e-01   6.4798257e-02   7.4876524e-02   1.1931146e-02  -2.9260596e-02  -4.2093911e-02   4.9996672e-01   2.2252086e-03   1.8918933e-02   1.8537219e-01   1.1991421e-01   1.8105247e-01  -1.3934027e-01  -5.4064448e-02   1.1497232e-01   1.9088341e-01   1.6553468e-03  -2.9388684e-01   8.0372897e-02  -8.1228282e-02   7.7533622e-02   2.5374533e-02  -9.9496605e-02  -1.3046138e-01  -2.1209403e-02   3.5054759e-02   1.8444857e-01   7.5255639e-02  -4.3190720e-01   9.1614551e-02   2.4943279e-01  -7.3607792e-02   4.8351476e-02   1.2049165e-01   1.9839513e-01   5.9794134e-02  -1.4054213e-01   4.0257303e-01  -1.0928823e-01  -2.6991655e-02  -2.2568960e-02   3.8557669e-01  -2.2710140e-01   7.6186886e-02   2.0833803e-01  -1.2352832e-02   1.0148964e-01   3.0446604e-01  -1.2602599e-02  -1.0015433e-01   1.6817195e-01  -4.0763774e-02   3.2592510e-01  -6.8570357e-02  -2.4206643e-01  -8.4519643e-02   1.2806653e-01  -4.5374135e-02   6.9076199e-03   2.1058691e-02   3.0891786e-01  -1.5219413e-02   7.8303575e-02   8.7183208e-02   2.4982087e-01   2.5213475e-01   8.5651253e-03   3.6868705e-02   1.8340067e-01   2.5427486e-01  -3.5262094e-01   1.7819378e-01  -3.5396521e-01  -6.0605395e-02   4.4002195e-03   2.0309717e-02
  -2.0409711e-01   3.6448032e-02  -1.2293468e-01   3.9605897e-01   5.4403773e-01   6.5935480e-02  -7.3681167e-02   1.4421766e-01   0.0000000e+00  -3.4719173e-02  -5.4137096e-02   1.5321153e-01   1.2484716e-01  -3.2760068e-01  -1.3605092e-01  -1.2383937e-01  -6.2887034e-02  -7.4466334e-02   2.0075154e-02   5.5720407e-01  -7.6993508e-02  -7.5759130e-03  -2.1116417e-01  -1.5555627e-01  -1.7341707e-01   3.9830230e-02   2.4499485e-01  -2.1968043e-01   3.0711846e-01   2.6410565e-01  -2.5767270e-01   8.6956038e-02   9.2114531e-03   4.4963354e-02   3.3410283e-01   2.9598341e-01  -1.7274748e-02   1.2739489e-01   4.8840933e-02   1.1286510e-01   2.6655131e-01   7.5095927e-02   2.3046771e-01  -1.0611172e-01   2.2600494e-01  -3.6867950e-01   1.7522794e-03   3.1761032e-01   3.0820313e-01   9.3662072e-02  -2.6905045e-02   1.4964474e-01   1.8183204e-01  -1.1200587e-01  -2.2482266e-01  -2.3822932e-01   4.0349545e-02  -1.3737880e-02   2.9029757e-01   6.9627439e-02  -3.5410856e-01   5.3918903e-03   4.3195574e-01  -3.1989885e-02   3.0748593e-01   2.9297724e-01  -4.4244859e-02  -2.4694360e-01  -1.7571276e-03  -2.5228065e-01   7.2681688e-02   1.2264601e-01   2.5118580e-01  -2.8270775e-01   5.1751825e-02  -1.1932939e-01  -3.4131843e-01  -1.7783261e-01   6.0354135e-01   1.4094270e-01  -1.1913999e-01   9.2651508e-02  -1.3118313e-01  -2.0281495e-01  -4.2126352e-01  -1.5843305e-01   4.0058073e-01  -2.2848945e-01   1.8885208e-01  -2.3490960e-02   5.4501336e-01  -9.7106692e-02   4.7978801e-02   4.8058831e-01  -4.3744697e-01   4.2213157e-01  -1.5677243e-01  -5.6867666e-02   1.6450903e-01  -3.0964536e-02  -2.8350873e-01  -1.6062732e-01  -2.8122506e-01   7.5296364e-02  -8.2842765e-02   3.4162040e-02  -5.7770384e-02   8.1786956e-02   3.4611014e-03   9.4717726e-02  -1.7286091e-01  -1.4961224e-01  -4.8165994e-02  -2.5451227e-01  -3.2298057e-01   3.4674826e-01  -1.1394961e-01   1.4995692e-01  -4.3193006e-01   4.2290210e-01  -2.5047394e-01   5.1766342e-01  -2.2308555e-01   1.4272291e-01  -2.2980042e-01  -1.9655607e-01   7.7880302e-03   3.0657622e-02   2.3391433e-01  -3.8450592e-01  -1.2178067e-01   2.8998331e-01  -3.3472456e-01   1.6701219e-01   4.1584085e-01   7.7384601e-02  -2.7577793e-02  -3.0971385e-01   2.2237596e-01  -1.8111655e-01  -9.1451975e-02   7.0753019e-02  -1.4822413e-01  -4.3574902e-01   1.1904760e-02  -1.9384216e-01  -1.7189789e-01   2.2859092e-01   1.7727475e-01   1.4490793e-01  -3.0428658e-01  -2.7266211e-01  -3.1812898e-01   3.6527241e-01   1.3890058e-01  -8.1099749e-02  -3.3461638e-01   2.0893191e-01  -5.0392893e-02  -9.6694278e-03  -1.2916250e-01  -1.2746618e-01   2.0758464e-01   3.3097690e-02  -6.1822623e-02   3.0962358e-01   1.4577665e-01  -1.1508787e-01  -3.3493786e-01   2.6191296e-01   4.8484439e-01  -3.0230068e-01   1.9182191e-01  -2.9358095e-01  -1.3160362e-01   3.4417884e-01   4.6770924e-03
  -2.3640849e-01  -2.2933726e-01   5.7957407e-02  -7.2219511e-02   2.6285525e-02   1.5156222e-01   4.5867004e-01   7.1962403e-02  -3.4719173e-02   0.0000000e+00   1.8072420e-01   2.9741757e-01   5.3079286e-02  -2.4488656e-01   2.7133773e-01   1.6873961e-01  -2.4998724e-02   1.2055754e-01   3.7541104e-02   9.2801918e-02   9.3101918e-02  -4.2979189e-02   3.8420129e-01  -4.6009781e-01  -1.6718401e-01  -1.1922402e-01   2.4548155e-01  -9.4191363e-03  -1.7512675e-01  -1.0266023e-01  -1.0099328e-01  -1.9055059e-01   3.3468213e-02   6.4957628e-01   2.9018582e-01   2.3023223e-01   2.9723962e-02  -1.1178510e-01  -3.2141898e-02   4.9558658e-02   1.1388500e-01   3.5585010e-02  -2.2423362e-02   1.0991818e-01   5.0605540e-01  -2.9856689e-01   1.7979978e-01   1.6960958e-01  -2.8365863e-01  -4.5387508e-02   2.9071250e-01   6.3371725e-02   2.2527320e-01  -1.6210185e-01  -3.1130570e-01  -2.2701793e-02  -1.0101124e-01  -7.2803425e-02   5.7389814e-02   2.4430574e-01  -2.2628911e-01   1.7739378e-01  -2.5102651e-02   2.4546450e-01   2.0239942e-01   3.5063932e-01  -6.6177850e-03  -5.4430532e-02   3.7400149e-02   1.9025571e-01  -5.7980521e-02   1.4576278e-01   1.7199436e-01  -3.3714161e-01  -2.2930525e-01  -1.2746377e-01  -1.4022055e-01   1.4202735e-01   7.5599837e-02  -2.2512665e-01  -5.3689180e-02   7.1980503e-02   6.1251993e-02   3.3403360e-02  -2.7590797e-01   1.5624905e-02  -1.7645745e-01  -3.8287262e-01   1.0425428e-01  -3.3852195e-01  -2.7240712e-02  -1.1415574e-01   3.3571333e-01   1.8702904e-01  -1.9391599e-01  -1.8815132e-02  -3.0240407e-03  -3.3693583e-02   2.5145045e-01   6.1422310e-01  -1.7888085e-01   2.9726911e-01  -7.3123130e-02   1.0519256e-01   1.7920702e-01  -3.4044040e-01  -2.9493734e-01  -7.6008367e-02  -5.6663020e-02   1.5131174e-01   3.2244217e-01   7.6630717e-02   1.5054345e-01  -1.7033810e-01  -4.1766731e-02   3.3781982e-02   5.4785660e-02   3.2356096e-01  -9.4484638e-02  -3.5023971e-02  -4.3787196e-01  -6.3983795e-02  -4.4824966e-03   2.5488136e-01  -3.5431106e-01  -1.5354272e-01   4.1232938e-01  -2.0918597e-01   2.9421130e-02   1.3213499e-01   1.3418761e-01   4.0989206e-01  -3.0124325e-01   3.2231231e-01  -1.2494765e-01  -2.4763329e-01  -3.2321224e-01   6.3089514e-02  -2.0607738e-02  -2.0330781e-01  -2.7393449e-01  -1.2221050e-01   2.0497274e-01   1.3167323e-01   2.5960644e-01   6.2969440e-02   2.8013013e-01   1.8732851e-01   2.9716365e-01   4.1812791e-01  -2.3149965e-01   3.8655368e-02  -2.6679695e-01   7.8119775e-02   3.1942246e-01  -3.2554978e-01  -2.4297786e-01   4.7575519e-02  -4.5445347e-02  -9.3817586e-02   4.9182560e-02   1.0293645e-01   4.6477182e-01  -6.9941477e-02  -1.5193038e-02   4.2154286e-01   2.9775578e-01  -2.8429310e-02  -2.6804598e-01   5.8870918e-02   1.4511084e-01  -3.1092301e-01   1.3106262e-01  -5.6069700e-03  -7.1624374e-02  -6.7331081e-02  -8.9985310e-03
   1.1158407e-01  -6.3004902e-01  -5.0511357e-01   3.7465462e-03  -8.6967434e-02  -2.6916293e-02  -1.2534081e-03   3.1492925e-01  -5.4137096e-02   1.8072420e-01   0.0000000e+00  -3.3319414e-01   1.4802435e-01  -2.0744640e-01   1.8944494e-01   9.3174023e-02  -4.9630917e-01   6.9834185e-01   5.5432764e-02   2.5768721e-02   1.7493617e-01   3.5188224e-01   5.6177398e-01  -3.1173479e-02   1.2523985e-02   3.3783555e-01   2.7566729e-01   2.5547071e-01  -2.1653393e-01  -2.8317188e-01   2.2338017e-01   1.0116445e-02   1.6152060e-02  -1.5736592e-01  -1.2161829e-02   3.9057425e-01  -1.0555000e-02   2.9893521e-02   1.3534756e-01  -5.6767438e-01   4.4677619e-01   1.9877909e-02  -2.0095999e-01   4.8711602e-01   3.4410559e-01   2.0792494e-01   7.8800205e-01  -5.4130337e-01  -2.2138720e-01  -6.1788984e-01   5.9102886e-01   2.4552269e-01  -4.0153208e-01  -3.6050817e-01  -4.1816210e-01   3.7764513e-01   2.2098184e-02   4.9819394e-01   4.8180258e-01   2.8947982e-01   1.7244065e-01   2.9371079e-01  -3.5997445e-01   5.5779143e-01  -8.1077079e-02   5.0444401e-01  -2.1639635e-01   5.0178401e-02   7.3283918e-01  -3.0900979e-02  -7.3009538e-01   3.8100967e-01   3.0037309e-01  -1.4853141e-01  -3.4846865e-01   3.5345124e-01   3.4351287e-01   2.3898385e-01  -8.8061481e-03  -1.1580697e-01   2.0170439e-01   2.1644332e-01  -2.8462211e-01   4.6292953e-01  -1.3890579e-01   1.0185478e-01  -4.4201831e-01  -2.4306810e-01   1.2725412e-02  -3.5535337e-02   2.0329882e-01  -1.9101297e-01  -1.9057909e-01   1.9361718e-01   1.8298462e-01  -3.3156781e-01   2.1613440e-01   6.6614612e-02   3.5755395e-01   2.4232753e-01  -2.4583289e-01   5.1139676e-01   5.9719083e-02   2.1566896e-01   5.6465462e-01   1.6005980e-02  -3.1911613e-01   3.2698861e-01  -8.1959785e-02   1.9424916e-01  -1.4012973e-01   6.2394168e-01   2.0213995e-01   2.0484911e-01  -4.8376303e-03  -2.5474574e-01   3.4517886e-01   1.3642783e-02  -2.5395416e-01   2.0253271e-01   1.6429426e-01   5.5518679e-02  -5.3180064e-02   2.9569763e-01   1.0422847e-01   1.8745840e-01   4.4094593e-01  -1.8364113e-01   3.2601476e-01  -1.8320004e-01   2.5854064e-01   1.4924115e-01  -1.3846107e-01  -3.3315753e-01  -4.4171137e-02  -3.4480311e-02  -1.7299098e-01  -2.3660658e-01   9.6065285e-02   3.7071719e-01   5.1921578e-02  -6.7145362e-02   6.7704563e-01  -6.4394637e-02   4.3124088e-02   5.9724014e-01  -4.4942691e-01   5.8902455e-01   6.6897166e-01   8.6321695e-02  -2.5557739e-01  -7.6502972e-02  -1.6129886e-01   3.2090158e-01  -5.4530060e-01   1.3515556e-01   3.0728827e-01   3.2401399e-01  -2.1221579e-01   4.8534276e-02   6.7569463e-02   7.3984493e-01   2.0758146e-01   5.7596294e-01   2.3383169e-01   1.6061344e-01   5.3634863e-01   1.4032315e-01  -6.6868290e-02  -3.6047840e-01   6.8232477e-02   9.7413726e-02   4.9592031e-01  -2.5961935e-01   3.7730090e-02  -2.1384419e-01   4.1000199e-01
  -3.4733215e-01   4.0943486e-01   4.1402020e-01  -5.3798518e-02   6.1386471e-02   3.7007787e-01   5.3169889e-01   1.9527518e-01   1.5321153e-01   2.9741757e-01  -3.3319414e-01   0.0000000e+00  -3.7769775e-02  -2.2421480e-02   2.6572554e-01   3.3498321e-04   2.1159036e-01  -4.6424989e-01   2.0300260e-01  -8.4535267e-03  -2.2750814e-01  -2.6782417e-01  -6.2119834e-02  -4.4155449e-01   8.4483634e-02  -3.8517071e-02  -9.6047999e-04  -1.0919045e-01   4.5215637e-02   2.7389315e-01  -1.5372783e-01  -3.2255629e-01  -1.1593885e-01   6.9673914e-01   5.3577166e-01  -2.1077710e-01   5.9145641e-02  -3.0417289e-01  -4.9280428e-02   4.9112589e-01  -8.1698136e-02   2.4957916e-02   5.1030074e-01  -8.3386745e-02   1.7366413e-01  -5.0119774e-01  -3.1001415e-01   5.3256134e-01   1.0651094e-01   3.8950064e-01  -3.2429779e-01   1.3351344e-01   3.7364729e-01   1.9537892e-01  -3.1258464e-02  -1.5671185e-01   8.7842524e-03  -4.4197049e-01  -1.1986233e-01   3.5551436e-01  -3.2851153e-01  -5.2840419e-03   3.8659812e-01   7.0090587e-02   1.8156685e-01  -1.2318118e-01   2.1911222e-01  -8.5898177e-02  -1.5548061e-01  -7.5740349e-02   5.6175918e-01  -2.2048761e-01  -2.8954072e-02   3.0281814e-02   1.2588499e-01  -2.1832628e-01  -4.2807502e-01   7.9727224e-02   2.0471002e-01  -4.8263146e-03  -1.2317367e-01   8.3359655e-02   3.3896284e-01  -1.0483481e-01  -1.6081908e-01  -1.8599026e-02   4.9353426e-01  -1.9004092e-02   1.4513178e-01  -3.1708168e-01  -1.6681531e-01  -1.1246332e-01   5.8873462e-01   1.0139470e-01  -4.4311841e-01   3.2756468e-01  -2.0803099e-01  -7.3899573e-02  -8.1797541e-02   1.4854512e-01  -8.6837090e-02   1.6853405e-01  -3.7420052e-02   1.6260609e-01  -2.6842937e-01  -2.8679010e-01   1.1872361e-01  -4.1809932e-02  -3.7543167e-03  -1.5247346e-02   4.8257992e-01  -2.2951165e-01   6.3712667e-02  -3.7612966e-01  -8.6288421e-02   2.9587538e-01  -1.9145462e-01   6.2836809e-02  -4.6286438e-02  -1.8080432e-01  -4.6528457e-01   3.1445164e-03   2.4968518e-02  -2.2784972e-01  -4.0177361e-01  -4.5806755e-02  -6.6232922e-02   6.5769840e-03  -2.6661941e-01  -1.1596495e-01  -5.5213953e-02   2.9753542e-01  -1.0671204e-01   4.8882316e-01   5.1670097e-02  -1.4081990e-03  -7.3642996e-02   2.0336740e-01  -6.0446664e-03  -4.9397674e-01  -2.9656830e-01  -5.9232858e-02  -8.3375707e-02  -3.3553522e-02   2.9433556e-01  -2.9047707e-01   7.0036344e-01  -2.7963279e-01  -1.4481532e-01   6.6505430e-02   7.4034201e-02   2.1552197e-01  -1.0722084e-01  -3.7151287e-02   6.6943803e-01  -4.9424919e-01  -4.3229916e-01  -2.2711029e-01   3.9720076e-02   9.6465676e-03   3.4971181e-03  -1.6949175e-01  -6.6066020e-02  -4.2644374e-01  -2.5444773e-01   3.8583202e-01   4.3260051e-02  -7.9101840e-02   1.2141407e-02   3.2238612e-01   3.2486936e-01  -5.1230855e-01  -1.8020625e-01  -1.1240786e-02  -1.3994600e-01   6.3887479e-02  -2.7601666e-01
   7.4606372e-02  -1.3267865e-01   1.7753995e-02   6.0594575e-02   8.6903244e-02  -1.0182780e-01  -9.2485148e-02   7.9867991e-02   1.2484716e-01   5.3079286e-02   1.4802435e-01  -3.7769775e-02   0.0000000e+00  -2.1389794e-01  -2.5300751e-01   2.1420518e-01   6.9095074e-02   3.5348802e-01   3.9585362e-02   3.3161082e-01  -1.5492734e-01   1.3281510e-01   8.7872843e-03  -5.7961402e-02   7.7224387e-02   1.1442262e-01   4.8851241e-02  -2.8297573e-02   3.7573428e-01  -1.0316917e-02  -7.8682994e-02   3.0072505e-02   1.5068135e-01  -7.8516688e-02   2.6729687e-03   1.2126117e-01  -7.9194288e-03   2.3466113e-02   1.4590749e-01   1.1253156e-02   5.0530837e-01   2.5540032e-01   1.2875075e-01   1.2526498e-01   1.7465235e-01  -3.2988529e-03   1.5677466e-01  -1.3442434e-01   3.9150897e-02  -1.5860137e-03   1.5385940e-01   1.6233277e-01  -2.0503605e-01   3.6549389e-03  -2.9017623e-01   8.5692069e-04  -2.2633517e-02   2.2357130e-01   2.9428474e-01   1.0331971e-01   8.8754377e-02   1.7437580e-01   4.9673457e-02  -3.4149155e-04  -1.3820023e-01   2.1253552e-01   6.9258557e-02   6.3000508e-02   8.1839183e-02   9.6489638e-02  -8.9705241e-02   1.2216500e-01   4.1762045e-02  -2.2756859e-02  -1.9371864e-02  -1.7411304e-02   7.6455937e-02   1.7418212e-02   9.1373400e-02  -5.6249038e-03  -6.6408590e-02   5.5987159e-02  -1.5427785e-01  -1.0766365e-01  -1.4653029e-01  -1.3201259e-01  -1.6575199e-01  -1.7042635e-01   1.6374556e-01   8.4409037e-02   1.5776059e-01   2.1997127e-01  -7.4181461e-02   1.7541442e-01  -7.5680809e-02   1.8847736e-01   2.9623266e-01   2.7150737e-02   1.1472708e-02   1.5411136e-01  -4.8669649e-02   7.7673352e-02  -2.1604146e-01  -4.1204088e-02  -1.8576253e-02   2.5064921e-01  -3.3435081e-02   1.8863413e-01   1.4857634e-01  -1.0635956e-01  -8.1025489e-02   3.3466814e-02   8.9273784e-02   6.5434295e-02  -6.4652916e-02  -4.7379130e-02   1.5887113e-01   4.3224875e-01  -2.2702681e-01   1.4672685e-01   1.1271577e-02   3.1206980e-01   1.0520977e-01   7.1112892e-02   5.4207485e-02  -1.2373101e-01  -5.4718347e-02  -3.9659971e-02   2.2189280e-01  -7.4664904e-02   2.6782476e-01  -2.8805482e-03  -2.2547967e-01  -2.5511498e-01   9.3066284e-02   1.1922303e-01   3.0590388e-02  -2.2111690e-01  -6.8146583e-03   6.7220761e-02   4.2881837e-02   4.9001730e-01   1.7599248e-01  -1.1915623e-01  -1.2521644e-01  -1.2166611e-02  -1.0757593e-01   1.8867398e-01   1.7351014e-01  -1.8360436e-01  -1.0047531e-01  -1.5375265e-01  -4.1227615e-03  -1.0097561e-02  -3.1665423e-02  -9.8834903e-04   3.4842014e-02   2.8148163e-01   1.5906166e-01   8.6004755e-03   1.5780844e-01   1.2354900e-01   1.4281513e-01   1.2835568e-01   1.4927068e-01   8.1834173e-02   1.1354731e-01  -2.0954344e-01   4.5889865e-02  -3.1382833e-02   2.3274441e-01  -9.3957909e-02   1.8461439e-01  -1.9246831e-01   5.2996943e-04  -8.5782314e-03   2.5537242e-01
   4.3746365e-01   1.1478366e-01   4.3907610e-02  -9.9946204e-02  -4.1235884e-01   9.1661680e-02  -2.7043966e-02  -1.2816332e-01  -3.2760068e-01  -2.4488656e-01  -2.0744640e-01  -2.2421480e-02  -2.1389794e-01   0.0000000e+00   4.3036217e-01  -2.5254254e-01   2.4363828e-02  -1.9624501e-01  -3.6106900e-02  -6.2849136e-01   3.6052078e-01  -1.8683092e-01  -3.1103032e-02   4.4333141e-01  -2.6199631e-01  -2.7334183e-01  -4.2902920e-01   4.5284653e-01  -1.6859610e-01  -2.4702167e-01   4.6252109e-01  -1.1415951e-01   1.7965849e-01   8.3988143e-03  -1.1166521e-01  -4.9849068e-01  -1.7522406e-01   1.4856121e-01  -1.0935015e-01  -1.7838596e-01  -1.7107997e-01  -8.7447340e-03  -1.6447068e-01   2.9163108e-01  -2.3231400e-01   6.6657365e-02  -2.0013444e-01  -1.4276762e-01   9.3119822e-02  -1.1550084e-01  -1.2978225e-01  -1.1219992e-01   5.2293239e-02   3.7375853e-02   4.3720570e-01   3.0225361e-01   1.7946366e-01  -2.4585121e-01  -1.1140293e-01  -2.6173464e-01   9.9887238e-02  -5.3981907e-03  -3.5045582e-01   1.2149607e-01  -4.0831529e-03  -5.8956353e-01   1.2787358e-01  -2.8540771e-01  -1.9762061e-01  -4.3044990e-02   1.3661026e-01  -2.1270713e-01  -1.4439561e-01   6.4638245e-01   2.0042920e-01  -2.0969189e-01   9.5082203e-03   1.5660457e-01  -3.5940396e-01  -1.5288873e-01   5.0486514e-01  -9.9207975e-03   2.6016201e-01   8.7756635e-02   6.9656205e-01   5.3667025e-02   1.8131060e-01   6.6648264e-01  -2.5461525e-01   3.6968562e-01  -5.4702009e-01  -1.3583660e-02  -2.1466964e-01  -1.4116942e-01  -2.5983740e-02  -2.1370920e-01   4.6249776e-03  -3.9774905e-02  -3.0644595e-01  -1.7032743e-01   6.9145746e-01  -4.6203036e-03   5.7252909e-01  -6.4333179e-02  -5.7101472e-02  -9.4208126e-02   2.3583774e-01  -1.4922765e-01  -8.8078658e-02  -1.9543589e-01   5.3154158e-02  -7.1832785e-02  -2.8197015e-01   2.6731299e-01   6.4280381e-01  -9.2004294e-02  -1.3056157e-01  -1.5669336e-01   5.7159138e-01  -1.7048453e-01   1.0545349e-01  -4.8666139e-01  -2.2499020e-01  -7.7470086e-02   3.5203179e-01   6.2764912e-01   1.0381259e-01   7.5066747e-02  -2.3326915e-01   2.1928103e-01  -1.7303244e-01  -2.1982490e-01   7.6028287e-01   1.5992023e-01  -1.4421238e-01   4.6906210e-02  -5.8748994e-02   6.6355509e-01  -6.9823051e-02   5.6689952e-02   2.7263679e-01  -8.6906451e-02  -3.6724462e-02   2.3419977e-01   3.8120898e-01  -1.2344564e-02   2.5182504e-01  -4.9048258e-01  -4.0876564e-01   1.3001555e-01   7.6721766e-01   6.1564390e-01   4.8892895e-01  -1.5443724e-01  -1.1283608e-01   2.3901062e-01   1.1486631e-01  -9.3429925e-02   4.2988785e-02   3.0442166e-01  -1.7962492e-01  -1.0766892e-01  -2.4152063e-01  -1.2824416e-01  -2.2610718e-01  -4.1925719e-01  -2.7454134e-01   1.8675259e-01   2.2539146e-01  -1.9230869e-01  -5.4935346e-01   1.4598304e-02  -4.5130551e-01   2.7685466e-01   2.1816644e-01   2.2511750e-03  -3.5700911e-01
