   0.0000000e+00  -3.1582640e-02   1.4197289e-01  -3.6840734e-02  -1.6768072e-01   6.5791356e-03  -5.0227398e-01   2.4112749e-01   8.1431088e-02  -1.3971483e-01  -2.7100051e-01  -3.1814659e-01  -7.5939820e-03   4.5024757e-01   9.0376266e-02  -3.5802626e-02   8.7878151e-02  -3.1538465e-01   3.2829607e-01  -2.9841098e-01  -7.6839288e-02   5.1676185e-02  -2.3881502e-01   5.6096894e-01  -1.5818743e-01   2.0400204e-01  -2.1862324e-01   3.7264224e-01   6.6892723e-02  -1.2911262e-02   2.5669643e-01   1.4953259e-01   1.9569135e-01  -4.2883144e-01  -1.8130952e-01  -3.8612373e-01  -2.0594044e-02   8.0241419e-02  -1.2743329e-01  -1.8313888e-01  -3.0440465e-01   7.8485355e-02  -3.5904760e-01   3.3900521e-01  -2.1719116e-01   4.0709440e-01  -3.5930179e-01  -1.5602642e-01  -1.8989406e-01  -2.0370806e-01  -3.4663100e-01   4.0112273e-01  -3.7179194e-01  -4.0375075e-02   3.0246936e-01   2.0444562e-01   2.8407450e-01   4.6618159e-02  -1.5674628e-01   7.6423127e-02   2.1314161e-01  -2.8831398e-01   1.3594514e-01   2.5073458e-01  -1.2518126e-01  -3.6970803e-01  -1.1908713e-01   1.3078234e-01  -3.1727730e-02   1.4401908e-01  -3.9694558e-01  -2.1951327e-01  -2.0903161e-01   4.0585182e-01  -1.6630169e-02   2.3565456e-01   1.3303543e-01   2.8306498e-01   4.4437879e-02  -4.2587494e-03   1.5623213e-01  -7.1376699e-02  -2.3846705e-01   4.1975707e-01   2.1960587e-01   2.1471816e-01  -5.3773723e-02   4.2183220e-01   1.0324083e-01   6.5929956e-01  -2.2078296e-01   1.1376191e-01  -2.9353761e-01  -2.3812166e-01   2.8989183e-01  -9.6581082e-02  -4.2268936e-02   9.4592564e-02  -2.3786728e-01  -2.2936662e-01   4.2488365e-01  -4.6955839e-03   2.1345116e-01   3.1470310e-01  -2.0517842e-01   1.6054989e-02   3.8185737e-02   2.1354528e-01  -1.7877446e-01  -1.5384281e-01  -3.2518264e-01   9.6586063e-03   9.2520491e-02   7.3234814e-01   4.9067459e-01   1.1181016e-01   2.2251522e-01  -2.2989918e-01   9.1998040e-02  -3.0680226e-02   4.8756604e-01  -1.9570268e-01  -2.8605029e-02   1.3809584e-02   2.2276030e-01   5.8751282e-01  -3.0587553e-01   3.1900405e-01  -1.6953709e-02  -3.2400099e-01  -1.6319444e-01  -3.7019721e-01   4.9843102e-01  -2.2099044e-02   1.7440590e-01   1.9771552e-01  -2.6267427e-01   1.6822100e-01   2.5215207e-01   4.6740112e-01   6.3106333e-01  -2.6215501e-01  -5.8631477e-02  -3.2545556e-01  -4.5999953e-02   1.2094474e-01  -2.2756369e-01  -3.5226562e-02  -1.5524102e-01   2.1712870e-01   4.7790056e-01   3.7323795e-01   2.9586351e-01   4.5857173e-02   6.1414417e-02   4.7265347e-01   2.4392926e-01  -2.6225465e-01   2.1019466e-01   1.6069637e-01   6.1560649e-02   2.4563619e-01  -3.5495808e-01  -1.0112563e-01   1.2826837e-01  -5.9011250e-02  -2.6446602e-01   1.3681524e-01   3.4588295e-01  -1.1790171e-01  -7.8320905e-02  -2.1634923e-02  -4.8901975e-02   4.7193673e-03  -1.1558709e-01  -2.4638059e-01   5.7483670e-02
  -3.1582640e-02   0.0000000e+00   3.4284705e-01  -5.1214968e-03   3.1399556e-01  -1.8792850e-01   5.9052004e-02   2.0405868e-01   5.3423372e-01  -1.0109478e-01  -1.9228994e-01   2.9534661e-01  -1.7535853e-01  -4.9170406e-02  -2.0423187e-01  -1.9934791e-01   6.2314967e-01  -2.8552846e-01   1.0139712e-02  -8.7306634e-03   3.1174094e-01   1.2374671e-01  -3.2692380e-01  -2.3722308e-01   2.4255194e-01   6.2341299e-02   6.4233151e-02  -1.0343001e-01   1.3465938e-01  -3.3948591e-02   1.5394597e-01   1.8270467e-01  -1.4012976e-01  -2.0539382e-01   2.1334796e-01  -8.1034121e-02   2.3877551e-01  -3.4615088e-01  -1.6031047e-01   3.6531098e-01  -1.9027052e-01  -1.6632701e-01   1.4971373e-01   1.3458926e-01   1.4571246e-01  -1.5253561e-01  -2.1889716e-01   4.5693518e-01   1.0593648e-01   2.2599256e-01  -2.6570819e-01   2.6689152e-01   2.6847087e-01  -6.6729672e-03   4.7904465e-02   6.8750144e-02  -1.0086162e-01  -2.5962404e-03  -8.8158423e-02   3.2621035e-01  -7.5170138e-02  -1.8696050e-02   3.5759289e-01   2.3338322e-01   3.7038806e-01  -2.4425298e-01   7.3097089e-02  -1.0922150e-01  -6.0234479e-02  -1.3267177e-01   5.9422196e-01  -2.5178077e-01  -2.3162934e-02  -3.3517591e-01  -9.2113643e-02   1.9901367e-02  -3.5953788e-01   1.3728517e-01   4.3533625e-01  -8.4475342e-02  -3.3361998e-03  -1.2190676e-01   3.3865848e-01   1.1604768e-01  -5.2713241e-02   5.6528154e-02   1.8951382e-01  -2.9445211e-02   3.1552789e-01  -2.2382171e-01   3.8842281e-01  -1.4189527e-01   2.5001274e-02   1.6442304e-01  -2.8927777e-01   1.8465861e-01   3.0481497e-02   2.9443312e-03   1.7782739e-01  -2.0655640e-01   1.3364795e-01  -4.8034513e-02   1.5951573e-01   3.2900180e-01  -1.0718957e-01   6.9473891e-02  -3.5378833e-02   1.4749320e-01  -1.3037410e-01  -3.6534894e-01   7.2483827e-02  -1.8806055e-01  -9.6754360e-02  -2.4272902e-01   4.0126857e-02   4.8034446e-01   1.3986854e-01  -3.4035716e-02   3.1066012e-02  -5.6049324e-02  -3.2512592e-01   2.1560115e-01   1.5060590e-01   5.7136918e-01  -3.7192597e-01   4.4323597e-02  -9.0586589e-02   1.3490786e-01  -1.3451890e-03   2.0141689e-01  -1.4431244e-01  -9.0983269e-03  -5.2618531e-02   1.8002250e-01   1.8721565e-01   1.0502910e-01  -2.0344440e-01   2.3548308e-01   5.6091998e-02  -2.9692263e-01  -2.2289168e-01  -2.3597890e-01  -2.5370343e-01  -2.7206634e-01   1.7708689e-02   6.7858642e-02  -5.1229944e-04   3.4453691e-01  -2.3576677e-01   1.8144924e-01  -2.0695748e-01   2.1766354e-01  -3.4892146e-01   3.3841235e-01   7.6221327e-01  -3.3001577e-01  -3.2674205e-01  -4.6451693e-02  -4.0820947e-02  -3.5861654e-02  -2.9594142e-03  -1.2483262e-02  -2.6492645e-01  -1.0267674e-01   1.4445478e-01   2.6055790e-01   2.0197797e-01   2.5471084e-02  -2.2510082e-01   3.6522555e-01   1.8175571e-01  -3.1533165e-01  -5.6087699e-02  -9.9922155e-02  -1.5716417e-01  -1.5637077e-01   1.3307425e-01
   1.4197289e-01   3.4284705e-01   0.0000000e+00  -2.5796241e-02   2.0727353e-02   1.8370535e-01  -9.1150699e-02   2.8096423e-01   3.8844154e-01  -1.9579823e-01  -9.0961596e-02   3.7382184e-01  -1.8862363e-01  -1.1092363e-02  -1.4323507e-01  -2.5085488e-01   5.5647416e-01  -1.5655768e-01   1.0927251e-01  -8.6348694e-02  -1.5980231e-01   1.2949272e-01  -2.6799581e-01  -8.5606943e-02   3.4765411e-02   2.0725086e-01   2.7106518e-01   2.4683690e-01  -7.3550695e-02   4.3050602e-02   1.2259510e-01   1.7159147e-01  -1.8703940e-02  -1.3225436e-01   9.5951559e-04  -3.1166876e-01   9.2696566e-02  -2.9025436e-01  -2.7076688e-01   2.7883635e-01  -1.5079757e-01   1.4302382e-01   2.7202754e-01   2.5936928e-01   9.3593957e-02   1.3023324e-01  -1.4796361e-02  -6.4133169e-02  -2.0671230e-02   4.9716975e-01  -1.0146388e-01   2.5403306e-01  -1.1296664e-01   3.5192734e-01   2.3079640e-02   1.9762756e-01   1.5097587e-01   9.2083262e-03   4.2734702e-02   1.1075882e-01   3.2597681e-01   5.4448099e-02   1.6111126e-01   9.6544552e-02   3.1247896e-01  -3.2362217e-01   2.6440035e-01  -6.7051977e-02   1.4140819e-01   7.7298707e-02   1.7573410e-01  -1.4476537e-01  -1.1386366e-01   1.8501034e-01  -2.2442530e-01   2.7368851e-01   5.9140119e-02   1.8111373e-01   2.3250476e-01   1.0507153e-01   6.5347548e-02  -2.0323594e-01   3.4566834e-02   2.5285268e-01   3.4655695e-01   2.4414990e-01  -8.0250878e-03   2.6407980e-02   5.8682177e-02  -2.9055543e-02   8.6740273e-02   4.3556707e-01   3.4775876e-01   1.2265983e-01  -1.2879529e-01   6.1966033e-02  -6.3604766e-02   2.2199849e-01  -9.4446606e-03  -2.3747932e-01   2.1484246e-01  -6.1465882e-03   1.9319616e-01   1.3500724e-01  -5.1438332e-02  -8.8954042e-03   1.7131243e-01   2.7778704e-01  -9.6279186e-03  -2.0587832e-01   1.3447152e-01   3.5884279e-02   1.4329757e-01  -7.6568104e-02   3.9821534e-01   4.2620325e-01   2.0867526e-01  -1.6889407e-01   1.0662157e-01  -9.9602091e-03   2.3467654e-02   3.7195270e-02   1.5170828e-01   1.4276642e-01  -1.2082193e-01   9.8595424e-02  -2.6865893e-02   9.5921606e-03   1.7237266e-01  -3.2037356e-02  -3.0849423e-01  -2.8238707e-02   1.8785123e-01  -2.9963545e-03   1.6522955e-01   2.5288166e-01   1.8949812e-02   5.6921047e-02   2.2263491e-01  -4.0376068e-02  -2.0631775e-02  -5.8715117e-03  -1.6741590e-01  -8.9332868e-02  -9.0732175e-02   1.5111321e-01   1.6574941e-01  -1.1241538e-01  -1.9495108e-01  -8.8320526e-02   3.5489666e-02   2.0502614e-01   1.3246643e-01   2.1585081e-01   5.2128415e-01  -1.2198755e-01  -1.4089822e-02   6.8566355e-03   1.6865428e-01   1.4588350e-02  -1.5334076e-02   1.7152361e-01  -3.0597309e-01   2.3245581e-01   3.7172346e-02   4.1664551e-01   1.2360513e-02   1.5539545e-01   2.1943331e-01   2.8229155e-01   1.1569630e-01  -3.8785309e-01   1.5416913e-01   2.6926114e-01  -2.0335774e-02   4.5289610e-02   9.8474402e-02
  -3.6840734e-02  -5.1214968e-03  -2.5796241e-02   0.0000000e+00   2.1210803e-01   1.5727873e-01   2.1785926e-02   7.1949692e-02   3.0524569e-01   3.2830303e-02   3.4512135e-01   8.1240357e-02   1.3344903e-03   9.4005167e-02   1.6637580e-01  -3.7542005e-02   5.5530748e-03   4.5432405e-01   1.7847548e-01   2.5564764e-03   1.9046545e-01   2.6062092e-01   2.8525409e-01  -2.9073511e-01  -2.5004352e-01  -4.8557266e-02  -1.0671347e-01   8.2442117e-02  -2.9089194e-01   2.8809431e-01   2.1248456e-01   3.8627439e-01   9.1396881e-02   1.5075362e-01   2.2505600e-01   2.1746724e-01  -2.3297608e-01  -8.1754904e-03   6.3347297e-03  -2.0153141e-01   2.4892123e-01   1.5672357e-01  -8.4461207e-02   2.8419903e-01   1.5809969e-02  -1.4191193e-01   3.3935007e-01   1.3167449e-01   1.0896425e-02  -3.0767521e-01   4.4342448e-01   4.2359490e-02   2.1768472e-01  -6.4249920e-02  -9.5622035e-02   1.7222698e-01  -1.2609634e-01   3.9783419e-01   5.1582726e-01   2.7147082e-01   1.7713951e-01   2.5357367e-01   3.4913804e-02   2.0850145e-01   8.9411712e-02   2.7296534e-01   1.5156260e-01  -3.5947646e-01   1.7920051e-01  -1.3633611e-01   4.7001991e-02   9.1300840e-02   4.2050722e-02   1.3393040e-04   1.4929620e-01   2.5439985e-01   3.1281768e-02   8.1578365e-04  -8.5289824e-05  -5.0956354e-02  -1.0600471e-01  -3.1802355e-02   6.1187503e-02   3.8560622e-02   1.2810096e-01   1.6800622e-01   1.2644834e-01  -2.5865072e-01  -1.7388580e-02  -2.0010058e-01   1.1102791e-01   6.3910116e-03   2.1737164e-01   4.3906552e-01   7.2596239e-02  -2.4633561e-01  -1.4992809e-01   4.0749949e-02  -7.4064672e-02   1.6290847e-01   1.8261351e-01   1.1395372e-01   2.1793086e-01   8.5775384e-02   5.0230563e-01   4.4856226e-01   1.3298807e-02   1.2607961e-01  -1.7471763e-02   3.8348394e-01   9.2631836e-02   3.2017209e-01   1.9643742e-01  -4.1757539e-02   1.2264181e-01   9.8241079e-02   2.8898238e-02   2.9623452e-01   2.2158903e-01   6.0668861e-01  -1.8786570e-01   9.9792730e-02   1.6565168e-01   2.7513029e-01  -7.4449021e-02   3.6315153e-02   3.7608720e-01   1.6700784e-01   4.1893340e-01  -2.8950671e-02   7.6292217e-02   1.8848127e-01   1.2747546e-01   2.4352052e-01   3.2845948e-01   2.1879412e-01  -1.4367837e-03   1.8816769e-01   2.1627568e-01   3.0599045e-02  -9.6471513e-02   4.7823004e-02   1.8767635e-01   2.1112169e-01   3.0418498e-01   3.5892233e-01   6.9857361e-02   2.3755914e-01   3.2797590e-01  -9.6807522e-02  -6.1752599e-02   1.4191095e-01  -4.3785654e-04   9.5526063e-02  -1.1810233e-02  -2.5913334e-02  -5.3472530e-02   1.9270143e-01   2.6060158e-01   1.1416994e-01  -4.0798728e-01   1.3085194e-01   2.7933827e-01   4.4741268e-01   2.3954603e-01   7.4942058e-02   1.9077011e-01   2.7772314e-02  -6.2980370e-02   2.8620033e-01   1.2813050e-01  -2.7260480e-01  -2.6366068e-01   4.1826138e-02  -2.0242814e-01  -3.6461692e-01   1.5165984e-01
  -1.6768072e-01   3.1399556e-01   2.0727353e-02   2.1210803e-01   0.0000000e+00  -1.5113267e-01   1.6142039e-01  -1.1699074e-01   1.5818378e-01   2.0909038e-01  -1.3369046e-01   4.1812167e-01  -1.0527940e-02  -2.7810978e-01  -3.4599792e-02   1.0272026e-01   8.2561476e-02   2.4671084e-01  -1.0287238e-01   7.2405002e-01   1.7049926e-01   6.1491243e-02  -7.7016654e-02  -2.7159190e-01  -7.0854895e-02  -1.8586853e-01   1.8382269e-01  -2.6791826e-01  -8.5762269e-02  -1.2086091e-01  -2.3672209e-01  -1.0973521e-01   3.8015108e-02   1.4465094e-03   1.1607477e-01   5.3569413e-01  -4.3746818e-01   9.3634089e-02   2.4683763e-01   3.3687483e-01   3.2208427e-01  -1.2340897e-01   2.1674380e-01  -1.8061486e-01   4.7028022e-01  -3.2172945e-01   1.2031999e-01  -2.6877871e-02  -1.4232363e-01   1.9643018e-01   1.4341285e-01  -1.1588419e-01   2.4720743e-01  -1.1884036e-01  -1.7407264e-01  -2.8531335e-01  -5.0980559e-01   7.7897076e-02   2.2730169e-01   2.4550333e-01  -2.2266702e-02   1.6536552e-01   2.3420288e-01  -1.4492646e-01   2.5249795e-01   3.7240508e-01   4.5424970e-02  -1.9059976e-01  -1.2809779e-01  -1.5740343e-01   3.0840321e-01   2.4569249e-02   1.4893570e-01  -2.8859547e-01   8.9612192e-02  -2.8586233e-02  -2.4844853e-02  -2.3427333e-01   6.7741844e-01   2.8268712e-01  -4.5548469e-01  -5.8543167e-03   1.3533327e-01  -2.0321076e-01  -1.4647616e-01  -7.7436669e-02  -2.3696085e-01  -2.8692054e-01  -2.6120580e-02  -1.3726113e-01   7.4338065e-01  -2.4619536e-01   2.3026277e-01   3.2433137e-01   4.5425023e-02   6.8129545e-01   1.2244818e-01  -2.3343311e-01   3.1355497e-01   1.6601187e-01  -2.4039408e-01  -3.6256332e-01  -2.7389689e-01   3.2782181e-02   2.2109655e-03   1.1657307e-01   9.0342048e-02  -1.1219316e-01  -1.9540599e-01   6.9215028e-02   7.9214761e-02  -1.4527742e-01   1.0482022e-02  -1.2171572e-01  -3.4874893e-01   4.4496861e-01  -1.0852890e-01   2.4801401e-01  -1.0234533e-01   8.3048728e-02  -2.4305086e-01   8.1289802e-01   1.5528111e-01   2.1165274e-01  -2.1402527e-01  -1.5170981e-01   2.2858694e-01   7.0222084e-02   4.3837079e-02   7.7675946e-02   2.0857843e-01   3.6610957e-01  -2.3706706e-01  -6.4850293e-02   1.4303598e-01  -9.8014565e-02  -6.9210098e-02  -2.6333525e-01  -2.1212917e-01   6.3506096e-02  -2.5934510e-02  -1.1259474e-01  -1.1013805e-01  -1.2064737e-01   6.2492075e-03  -9.8974947e-02  -1.2669993e-01   4.0598860e-01   2.9754331e-01  -1.7202115e-01  -2.3604793e-01  -2.5298900e-01  -9.5324586e-02   1.5647423e-01   3.8748770e-01  -5.7110599e-03  -2.3399871e-01  -5.0186750e-02   2.2792176e-02  -2.6497652e-01  -2.7056767e-01  -1.1013411e-01   3.1001690e-01   1.1275837e-01   1.0920829e-01   4.6014784e-01   2.2450848e-01  -3.6338912e-01  -2.9447036e-01   3.5089315e-01   6.2842530e-01  -1.1974813e-01  -2.8199044e-02  -3.2620711e-01   8.3843309e-02  -8.4931726e-03  -1.8109354e-02
   6.5791356e-03  -1.8792850e-01   1.8370535e-01   1.5727873e-01  -1.5113267e-01   0.0000000e+00   2.6861792e-01   2.0561007e-01   7.8666191e-02  -1.4847061e-01   2.6386832e-01   1.4133727e-01  -2.7794160e-01   3.2108919e-01  -5.4014157e-02   5.1697260e-02  -1.1152158e-01   1.8257549e-01   1.5320425e-01  -9.1292955e-02  -4.2027457e-02   1.8494760e-01   1.2810957e-01  -2.3535146e-01  -1.2279079e-01   2.9550760e-01   3.7669639e-01   1.4798269e-01  -2.0535016e-01   3.9913891e-01   6.5333148e-02   2.3580856e-01   5.9261530e-02   2.3663702e-01   3.1637641e-01   1.2207886e-01  -1.9316725e-01  -2.2151850e-01  -9.2650051e-02  -6.9947315e-03   7.1188650e-03   1.8564245e-01   3.5576677e-01   2.5826500e-01  -1.1838622e-01  -1.2885589e-01   3.0005700e-01   1.6393546e-01  -5.9272785e-02  -7.6459669e-02   3.0352345e-01   2.7259512e-01   1.2657925e-01   1.3386938e-01   1.7240835e-01   3.5985196e-01   2.9191965e-01   2.4821997e-01   1.8960087e-01   1.1990455e-01   1.1541828e-01   1.1375966e-01  -7.1244575e-03   2.2402438e-01  -1.7714588e-01   6.6484770e-02   6.0087780e-01  -7.5669920e-02   3.8814755e-01   1.1775003e-01   1.2315761e-01   3.4880947e-02  -1.0394861e-01   3.5342846e-01   6.5193241e-02   2.2881227e-01  -1.2848441e-01   6.1799452e-03  -2.4978987e-01  -1.1336507e-02   2.9496202e-01  -6.9692413e-03   1.8948469e-01   1.1472869e-01   4.1011235e-01   2.2719608e-01   3.5654382e-01   3.1749421e-02  -1.0323674e-01  -1.2151899e-01  -1.0758821e-01   1.3733406e-01   4.7915265e-01   2.3115532e-01  -1.4473990e-01  -2.3539840e-01  -6.1566334e-03   2.7263303e-01  -8.1467170e-02  -2.3479585e-02   2.9130776e-01   2.0432635e-01   2.7732924e-01  -5.0286275e-02   2.5526146e-01   2.9852026e-01   1.6278024e-01   3.0162043e-01  -7.0663236e-02   3.3321646e-01   2.2232722e-01   4.1299078e-01   1.8537999e-01  -1.0629356e-01   2.7673205e-01  -2.2967811e-01   2.6280283e-01  -1.5806476e-02   4.2571009e-01   2.3321863e-01  -2.0383202e-01  -1.9184349e-01   3.7699989e-02  -1.7105879e-01  -3.6447768e-02   8.1727495e-02   9.1120406e-02  -5.5800108e-02   2.6515251e-01   1.5724750e-01  -2.3600465e-01  -3.5361746e-03   2.5474815e-01   1.6593239e-01   2.0299391e-01   2.6831351e-01   2.3461959e-01   2.5956525e-01   2.8582681e-01  -7.6482998e-03  -6.7740314e-02   4.9587634e-02   1.9817624e-01   6.3264534e-01  -6.0374252e-03   2.3987023e-01   5.9327758e-01  -8.1643243e-02   3.1335246e-01  -6.6459132e-02  -4.8777177e-02   3.6097856e-01  -8.1415468e-02  -8.5431523e-03  -3.5590095e-02  -1.1236495e-01  -1.9214551e-01   1.1527532e-01  -7.9561905e-02   5.3220304e-01  -2.8404381e-01   8.4120048e-02   1.0894122e-01   2.1428034e-01   3.5208951e-01  -4.4101947e-02  -2.4232813e-02   9.7117426e-02  -1.3241957e-01   1.5075941e-01  -1.0427528e-01  -3.8355870e-01  -1.3007167e-01   4.2893439e-01  -2.1392904e-01  -1.8093332e-01   1.2459731e-01
  -5.0227398e-01   5.9052004e-02  -9.1150699e-02   2.1785926e-02   1.6142039e-01   2.6861792e-01   0.0000000e+00  -3.0802853e-01  -7.5340233e-02   2.1746971e-01   4.0476877e-01   5.1644153e-01  -8.3616525e-02  -1.4426604e-02   2.4187686e-01   1.6966226e-01  -1.5055759e-01   4.4783161e-01  -3.9176670e-01   2.5601265e-01   7.9809490e-02  -4.8535361e-02   5.2393427e-01  -5.1310057e-01  -7.7144608e-02  -1.9549105e-01   2.5477440e-01  -2.6005532e-01  -3.9661717e-02   1.2111976e-01   1.0078304e-02  -9.6943987e-02  -4.8431192e-02   7.1950909e-01   3.9430763e-01   5.0777945e-01  -9.5408890e-02  -1.6846608e-01   5.4741213e-02   1.9640511e-01   2.1156700e-01  -1.4813014e-01   3.6467063e-01  -1.0224861e-01   3.9055523e-01  -5.3274089e-01   2.2261594e-01   4.4378169e-01   2.1991055e-01   4.1672387e-02   5.1618991e-01  -2.1641863e-01   5.7080013e-01  -1.8261413e-02  -2.2132275e-01  -6.6440213e-02  -2.4408693e-01  -2.5658859e-02   1.7152575e-01   1.9216659e-01  -2.3048839e-01   4.0410185e-01  -5.7411572e-02   1.0694700e-01   1.7297249e-01   4.6324964e-01   3.2886331e-01  -4.0379767e-02   1.2530202e-02  -1.9832773e-01   5.2170772e-01   9.4436549e-05   1.7727452e-01  -2.4587895e-01  -6.9879183e-02  -2.2709578e-01  -2.6957010e-01  -3.1355403e-01  -2.8272493e-02   2.6034133e-02   2.6313753e-01   1.9931841e-01   5.1613009e-01  -3.8788096e-01   1.2396536e-01  -1.7162700e-01   2.4916914e-01  -2.7756055e-01  -5.6169978e-02  -5.2897383e-01   2.0872699e-01  -2.5366114e-01   4.2533578e-01   3.7668996e-01  -3.5808858e-01   1.9876378e-02   9.8403769e-02  -2.3356344e-01   1.5570936e-01   5.1654800e-01  -1.5544179e-01   1.5440910e-01  -5.7107407e-02  -1.3509588e-01   2.1427596e-01   4.1213815e-02   1.0083893e-01  -2.1330033e-01   3.7714261e-01   3.4155873e-01   6.6783793e-01  -7.9161597e-04  -3.5106279e-03  -5.0024608e-01  -2.7829629e-01  -1.4003935e-01  -1.2841120e-01   2.1871391e-01  -6.9311001e-02  -2.7047217e-02  -5.4826585e-01   1.1730355e-01  -1.1088671e-02  -4.2870386e-02  -2.9877138e-01  -3.9446759e-01   5.6203333e-01  -7.6511787e-02  -6.0376854e-02   2.7863126e-01  -4.3709198e-03   4.8108874e-01  -3.4249193e-01   2.8797590e-01  -2.9612711e-02  -1.5247487e-01   2.7901658e-01   1.3764659e-02  -1.8872148e-01  -1.8548806e-01  -4.3554220e-01   1.5750176e-01   1.3069579e-02   3.4079710e-01   4.7418263e-01  -7.4646885e-02   6.7233480e-01   9.8494820e-02   3.4181924e-01  -2.2075406e-01  -3.2004183e-01  -5.8937749e-02  -2.0330606e-01   2.7618217e-02   6.0976795e-02  -2.9086690e-01  -3.1298301e-01   1.6498792e-01  -3.0359041e-01   3.4634863e-01  -1.1247045e-01  -8.1487524e-02   3.6001143e-01   1.5690209e-01  -1.0047489e-01   1.6930768e-01   6.3854911e-01  -2.2448288e-01  -4.1521497e-01   2.6565563e-01   2.5218286e-01  -2.5875707e-01  -2.7614166e-02  -1.2737212e-01  -5.0820033e-02  -1.1645271e-01  -8.5684671e-02
   2.4112749e-01   2.0405868e-01   2.8096423e-01   7.1949692e-02  -1.1699074e-01   2.0561007e-01  -3.0802853e-01   0.0000000e+00   4.2379981e-01  -4.1005037e-01  -9.6994092e-02  -1.6879571e-01   9.7889684e-03  -8.9498089e-02  -2.5330089e-01  -3.9131327e-01   1.3671022e-01  -3.4607087e-01   5.4478856e-01  -3.7043636e-01  -6.5296396e-04   4.1486167e-01  -5.0344838e-01  -4.7061082e-03   1.3018075e-01   4.7999671e-01   9.8728355e-02   4.3442728e-01  -5.7888700e-02   3.0440526e-01   1.4011418e-01   5.6089913e-01  -9.3840309e-02  -3.8585180e-01   4.6516577e-02  -4.3682131e-01   1.1160740e-01  -5.7833463e-01  -4.3791197e-01  -1.3433009e-01  -2.3293395e-01   7.6743465e-02   2.4828383e-01   4.8973628e-01  -2.4971206e-01   1.6356973e-01   1.3975760e-02   2.1787028e-02  -2.4621374e-01  -4.4817207e-02  -3.4719731e-01   7.5407681e-01  -3.0791060e-01   1.9929177e-01   1.8566464e-01   5.0878203e-01   5.3783817e-01   4.2989623e-01   7.6808171e-02   2.9321148e-01   1.6831233e-01  -1.7914090e-01   3.7933425e-01   2.6401196e-01  -7.8717651e-02  -5.6749202e-01   1.8443612e-01   1.4361900e-02   4.3516357e-01  -4.4014006e-03  -1.3022320e-01   1.6685283e-01  -4.7212800e-01   8.1061833e-02   2.6588995e-01   5.4417322e-01  -2.3488699e-01   4.5137617e-01   6.3412623e-03   1.2033915e-01   1.8763329e-01  -2.9630403e-01  -2.0068226e-01   6.8921686e-01   3.2844134e-02   5.6925120e-01   6.9314388e-02   8.2456139e-02   2.8427136e-01   1.3575441e-01  -2.0451002e-01   2.0426690e-01  -1.2506564e-01   1.4264201e-01  -2.5351316e-01  -1.4729938e-01   2.5243452e-01   6.5441265e-01   7.6728197e-02  -5.3815892e-01   2.8415720e-01   2.4177432e-01   5.7866660e-01   4.1739750e-01   6.1079475e-02   3.6379003e-01  -1.7646007e-02   8.3260238e-01  -5.3519190e-01  -2.4583316e-01  -3.8920393e-01   2.6912973e-01   3.7888545e-01   9.2749206e-02   3.6454191e-01   1.8275142e-01   5.4862067e-01  -3.2838180e-01   2.9377418e-01   2.2444700e-01  -3.9585574e-02  -2.5467800e-01   2.8605861e-01   1.3310433e-01  -7.8123269e-02   2.6271497e-01  -4.5716595e-01   4.6433643e-01   3.5631075e-01  -2.0794674e-01  -4.1393141e-01  -5.3155321e-01   2.1420456e-01  -6.7453156e-02   4.8188404e-01   7.3710965e-01   4.1527896e-02   2.5261451e-01   6.0710118e-01  -3.1150974e-01  -9.8409999e-02  -3.8720079e-01   2.8351614e-01  -5.9850943e-02  -3.1296513e-01   3.9733702e-01  -7.2758129e-02  -1.1415419e-01  -3.1270005e-01   2.9724024e-01  -1.6014519e-01   5.4990162e-01  -5.8206476e-02  -4.0660739e-02   2.0908809e-01  -2.4273113e-01  -1.5275638e-01  -1.4579574e-02   2.1391562e-01   2.1951354e-01   4.8386508e-02   4.2405697e-01  -4.9978413e-01   4.3361380e-02   6.0405625e-01  -9.0462240e-02  -3.8123711e-01   4.6038283e-01   8.9897632e-02  -9.1653873e-02  -2.5459714e-01  -5.0535611e-01   7.5413656e-02   2.9065512e-01  -5.5236351e-02  -1.2805098e-01   5.8350259e-01
   8.1431088e-02   5.3423372e-01   3.8844154e-01   3.0524569e-01   1.5818378e-01   7.8666191e-02  -7.5340233e-02   4.2379981e-01   0.0000000e+00  -3.6088089e-01   5.4552837e-02   1.1847800e-01  -1.2256419e-01   4.4237480e-03  -9.0265524e-02  -3.5500087e-01   4.0601796e-01  -1.4030226e-01   3.1637321e-01  -2.4204146e-01   2.3451395e-01   3.7182023e-01  -2.7164772e-01  -1.9660337e-01   1.3170166e-01   3.2005933e-01   4.7736286e-02   1.6112645e-01   1.0576237e-01   2.6169060e-01   1.7685212e-01   5.6256186e-01  -3.0141073e-02  -1.9232015e-01   2.4418204e-01  -1.7207811e-01   2.2476011e-01  -4.1421348e-01  -4.4029747e-01   1.0420922e-01  -1.4943876e-01   4.9848631e-02   9.7423581e-02   2.2236384e-01   5.8792540e-03  -4.2064067e-02   5.7378020e-02   2.9048564e-01  -1.0282057e-01   3.3982719e-02  -5.8331070e-02   4.4351899e-01   4.3432613e-02   3.8958101e-02   1.0886775e-01   2.7115155e-01   2.0022619e-01   3.2432522e-01   1.4457569e-01   4.1462407e-01  -9.3249008e-03   9.2519440e-02   4.8678042e-01   2.6941044e-01   1.3217772e-01  -3.3832512e-01   1.4206832e-01  -1.1687362e-02   2.2650397e-01  -8.3107764e-02   2.2309665e-01  -1.9041473e-02  -3.4724054e-01  -1.5176509e-01  -3.6960504e-02   3.3726507e-01  -3.6444553e-01   1.7775204e-01   2.4958212e-01  -8.6922521e-02   5.5913202e-02  -2.7233499e-01   2.3913005e-02   2.7126651e-01   1.7194511e-02   3.9355076e-01   2.5541372e-01   6.0933722e-02   4.6149689e-01  -1.0948583e-01   7.2114766e-02  -3.0587503e-03   6.1981534e-02   3.6136704e-01  -3.1589924e-01  -1.6729725e-01  -5.6532903e-02   3.8348500e-01   5.7857618e-02  -2.5631840e-01   1.4408706e-01   2.4497414e-01   3.5993007e-01   5.8318179e-01   2.2753527e-01   1.9497530e-01  -1.2301483e-02   4.4698723e-01  -1.3187308e-01  -1.3617102e-01  -7.3241100e-02   1.9910815e-01   2.4353989e-01  -1.3969328e-01   2.1832129e-01   4.9439236e-01   3.4542063e-01  -4.6503400e-02   2.3749275e-01   3.6095138e-01  -3.0009348e-01   1.2482334e-03   3.2925192e-01   4.9085821e-01  -3.1305214e-01   1.7193733e-01  -6.9122058e-02   1.9620505e-01   3.5683174e-01   2.7065765e-02  -3.4341581e-01  -1.1441090e-01   1.0501136e-01   6.9271765e-02   6.0260181e-01   4.6915165e-01  -1.7260570e-01   1.8461106e-01   4.4973204e-01  -2.8258759e-01  -1.8690033e-01  -2.3115410e-01   2.2485544e-01  -9.3557825e-02  -8.6744392e-03   4.8766138e-01  -2.6208247e-02   7.2224517e-02  -1.9135240e-01   3.0682922e-01  -1.6645506e-01   3.7185426e-01  -2.2407100e-01   2.4129299e-01   5.1583900e-01  -2.8990612e-01  -2.6550800e-01   3.2921141e-02   4.4615794e-02   1.7840997e-01  -2.4397042e-02   3.2081686e-01  -4.4819287e-01   1.8569900e-01   3.2607121e-01   2.8326671e-01   3.5126914e-02   2.2847687e-01  -2.2644531e-01   2.1094908e-01   5.3175191e-02  -4.2284874e-01   1.9250873e-03   8.9760272e-02  -6.7638775e-02  -2.8363910e-01   2.5390667e-01
  -1.3971483e-01  -1.0109478e-01  -1.9579823e-01   3.2830303e-02   2.0909038e-01  -1.4847061e-01   2.1746971e-01  -4.1005037e-01  -3.6088089e-01   0.0000000e+00   5.6397504e-02   1.5736686e-01  -3.7260381e-02  -1.2623380e-01   8.8016167e-02   2.2759378e-01  -1.2731352e-01   9.0049380e-02  -2.8642008e-01   3.1181344e-01  -3.9088479e-02  -2.4563689e-01   2.9618526e-01  -1.5184815e-02  -7.1737503e-02  -2.4811850e-01  -5.2807850e-02  -2.7450377e-01   1.5239203e-02  -2.7490398e-01  -1.5169255e-01  -3.9882334e-01   1.2910447e-02   2.1721838e-01  -5.2980837e-02   3.4782090e-01  -5.3863908e-02   2.3634080e-01   2.7707557e-01   8.9744128e-02   3.7450877e-02  -1.2556646e-01  -9.3307633e-02  -2.2174355e-01   1.3610467e-01  -9.3122619e-02  -5.5921067e-02  -6.3952416e-02  -7.8012916e-02  -6.8067894e-02   6.2946958e-03  -3.5237052e-01   1.8548334e-01  -1.4197100e-01  -3.3616130e-01  -1.0339403e-01  -4.3642554e-01  -2.7179233e-01  -1.4479487e-01  -3.1358400e-02  -7.2660601e-02  -2.5570925e-02  -2.7579394e-01  -1.8706807e-01   1.5259816e-02   6.1208611e-01  -1.1131893e-01   2.1994940e-02  -3.4732287e-01   3.3371460e-02   1.0136721e-01  -2.7377815e-01   1.2234077e-01   6.4352939e-03   9.4749779e-02  -3.9550001e-01   1.7449748e-01  -2.3231946e-01   6.1470241e-02  -1.6502732e-01  -1.5266491e-01   2.0470191e-01   1.1137272e-01  -3.0213014e-01  -1.4528868e-01  -4.1405440e-01  -2.5640438e-01  -1.1611451e-01  -9.7347443e-02   1.7985691e-02   3.3088666e-01  -1.4349568e-01   1.2067524e-01  -5.7542243e-02   1.2097478e-01   2.2370447e-01  -1.3416316e-01  -4.5599685e-01  -1.9215923e-01   4.1351320e-01  -1.4369628e-01  -2.7261852e-01  -2.9513101e-01  -2.2947998e-01  -1.1902887e-01  -5.9782032e-02  -1.9089074e-01  -3.2371487e-01   1.4144411e-01   2.1115713e-01   2.5302718e-01  -1.1563968e-01  -3.0565007e-01  -4.0509035e-02  -1.4575711e-01  -1.4832534e-02  -2.8998794e-01   5.3172936e-02  -1.4388508e-01  -2.7966433e-01   5.6317478e-02   3.9241737e-01  -1.0427819e-01  -1.5274500e-01   4.7095127e-02  -1.3801202e-01   1.5563099e-01  -2.3054218e-01  -3.2222574e-01   1.7179389e-01   3.2905807e-01   2.1411697e-01  -2.0186747e-01  -3.3266976e-02  -3.8453047e-01  -4.3574958e-01   4.4464509e-02  -1.2928721e-01  -3.8442885e-01   4.8979779e-02  -7.1933085e-02   1.4683316e-01  -2.1984026e-01   4.5343422e-02   1.8893006e-01  -3.2381812e-01  -4.6054021e-02   2.6827734e-01   3.7670346e-01  -1.6405628e-01   5.9176003e-02  -3.0970101e-01   1.4828860e-01   5.4088544e-02   5.3457416e-03   3.1613792e-02   1.5989589e-01  -9.5708449e-02  -1.3920540e-01  -2.5914606e-01   1.0944439e-01  -2.5221911e-01   5.7651102e-01  -2.0165396e-01  -2.8828734e-01   6.1894236e-02   2.2420086e-01  -2.5935074e-01   1.8847991e-02   4.2510531e-02   3.0740948e-01   2.2121479e-01  -3.0218111e-01  -1.7611726e-01  -7.7161589e-02  -1.0247808e-02  -3.6235835e-01
  -2.7100051e-01  -1.9228994e-01  -9.0961596e-02   3.4512135e-01  -1.3369046e-01   2.6386832e-01   4.0476877e-01  -9.6994092e-02   5.4552837e-02   5.6397504e-02   0.0000000e+00  -5.4135431e-02   4.5461944e-02   1.7111352e-01   3.2898025e-01  -1.0416328e-01  -2.0680984e-01   4.9562999e-01  -1.3299578e-01  -8.0514382e-02   7.4017307e-02   3.4048504e-01   5.7430759e-01  -4.3944053e-01   8.3651188e-03   3.8948218e-02  -4.2194687e-04   8.4585915e-03  -9.9086679e-02   4.8517739e-01   2.6273469e-01   2.7641768e-01   1.4994336e-03   5.1833784e-01   3.7358305e-01   3.1929353e-01   1.5589618e-02  -1.5217745e-01  -9.9001418e-02  -3.0302365e-01   2.4112516e-01   2.1345594e-03  -1.4730146e-02   1.2038618e-01   3.3257249e-03  -2.2589633e-01   6.9196751e-01   2.8089032e-01   1.8229710e-01  -2.0850682e-01   5.5207799e-01  -5.3571138e-02   2.4994627e-01  -5.2752059e-02  -1.0923321e-01   3.0643914e-01   2.0256352e-02   3.4442998e-01   3.0869807e-01   1.4055244e-01   3.9655557e-02   2.1803652e-01  -2.3674443e-01   1.2350418e-01   9.0280587e-02   2.4729800e-01   4.4108603e-02  -1.0213458e-01   4.7016155e-01  -9.8672594e-02  -6.1937083e-03   9.9505996e-02   4.4672908e-02  -1.0520818e-01  -6.7907580e-02   1.7540717e-01  -7.3699205e-02  -1.4451428e-01  -3.2437697e-01  -1.9400457e-01   1.7974506e-01   6.0496613e-02   9.1560144e-02  -3.4176934e-02   1.2154226e-01   2.5911411e-01   3.5985419e-01  -1.8879235e-01  -4.1249780e-03  -3.6828436e-01  -1.3942495e-01   8.7324962e-02   2.6592141e-01   3.1019932e-01  -1.8217293e-01  -3.3466205e-01  -1.2852245e-01   1.8356089e-02  -1.2347633e-01   4.2371559e-01  -3.9497570e-02   4.7063272e-01   2.4895959e-01  -1.2418121e-02   6.7349446e-01   2.8085627e-01  -1.4709276e-01   1.0558431e-01   2.7521088e-01   6.0451124e-01   2.1036412e-01   4.3004987e-01   7.6535781e-02  -3.2614146e-01  -5.6588542e-02  -2.3601258e-01   1.6891391e-01   2.9359892e-01   2.1795978e-01   2.4974124e-01  -2.8251426e-01  -1.4913057e-01  -2.0733590e-01   1.0723568e-02  -9.9178266e-02  -1.5045873e-01   4.7179050e-01  -1.9145197e-01   3.4494033e-01   8.9331077e-02  -7.4766599e-02   2.9386431e-01  -2.9265753e-02   3.6740307e-01  -2.1902178e-02   2.1270710e-01   2.8764677e-01   2.0709638e-01   2.6389951e-01  -1.5572771e-01  -3.4725694e-01   1.3127063e-01   5.0316496e-01   4.3945488e-01   4.7593140e-01   4.2701339e-01   3.5032730e-01   1.2089514e-01   4.5924686e-01  -1.3250507e-01  -1.8262187e-01   1.4753668e-01  -8.3046378e-02   6.1894517e-02  -2.4480067e-01  -2.0235225e-01  -1.4250133e-01   2.8363745e-01   7.1293783e-02   4.0773300e-01  -2.3829519e-01   3.7396235e-01   3.3178295e-01   4.7662565e-01  -9.6880543e-03  -5.3125618e-02   3.3438719e-01  -1.4574468e-03  -7.3192925e-02   5.7270552e-02  -3.4808369e-02  -2.7936656e-01  -1.1529396e-01   2.1171890e-01  -1.4138804e-01  -3.4625364e-01   2.2752337e-02
  -3.1814659e-01   2.9534661e-01   3.7382184e-01   8.1240357e-02   4.1812167e-01   1.4133727e-01   5.1644153e-01  -1.6879571e-01   1.1847800e-01   1.5736686e-01  -5.4135431e-02   0.0000000e+00  -1.3121430e-01  -1.7637957e-01  -1.1984221e-01   3.7422289e-02   2.5650555e-01   2.1798014e-01  -3.3755609e-01   4.3561950e-01  -1.8497686e-01  -2.7043712e-02   2.3329643e-03  -4.4283473e-01  -4.9602562e-02  -1.2723822e-01   4.7112096e-01  -3.0905576e-01  -5.5772024e-02  -1.3885194e-01  -1.2855029e-01  -8.1237910e-02   9.5405133e-02   3.0415418e-01   1.8786027e-01   2.8812591e-01  -1.9940720e-01  -6.7835137e-02  -2.7797792e-02   5.1992420e-01   5.4840892e-02  -2.1196655e-02   5.2612427e-01  -9.7943575e-03   5.4843112e-01  -5.4429905e-01   9.7233648e-02   8.5250624e-02   1.5215748e-01   4.5273405e-01   2.0609569e-01  -1.0458001e-01   4.6440116e-01   4.3152665e-02  -2.9905854e-01  -8.5441089e-02  -3.4227759e-01  -9.6751222e-02   1.4236675e-01   1.8422186e-01  -2.1727768e-01   4.1854407e-01  -4.6749416e-02  -8.1293577e-02   4.5576652e-01   3.5330679e-01   2.4411747e-01   4.4171893e-02   1.2380305e-02  -3.0650294e-01   5.6805934e-01  -1.7853491e-01   1.4962938e-01  -2.2040394e-01  -1.5591097e-01   7.6606579e-02  -2.0783177e-01  -1.9937822e-01   4.8997420e-01   1.1798814e-01  -1.4829021e-01  -4.0570395e-03   3.3634245e-01  -2.2338761e-01   8.1705263e-03  -4.3453345e-02  -5.0616381e-02  -3.7524889e-01  -8.1652608e-02  -4.2010330e-01   5.1378923e-01  -2.7157112e-01   5.5725563e-01   4.7087774e-01  -3.3994973e-01   3.2281778e-01   5.0486390e-02  -1.8560904e-01   2.6494986e-01   2.6569877e-01  -2.4884180e-01  -2.8453076e-01  -1.7244974e-01  -2.0905410e-01  -1.1913077e-02  -2.1118781e-03   1.6403694e-01  -8.7971633e-02   2.4461678e-01   4.1694573e-02   5.8324870e-01  -1.4815720e-01  -3.0380206e-02  -3.7229968e-01  -1.6896568e-01   4.1876501e-01  -8.2142633e-02   1.6139617e-01  -9.8389859e-02  -1.0057413e-01  -4.1777902e-01   3.5406971e-01   2.9387310e-01   1.3501017e-01  -4.7144159e-01  -3.0250330e-01   3.4143143e-01  -3.2317854e-02   1.0779642e-01   1.0312382e-01  -1.3820787e-02   4.8171118e-01  -3.4482410e-01  -5.8435181e-04   5.1526515e-02  -7.8952946e-02   1.1503423e-01  -1.9721312e-01  -1.1086532e-01   4.5381956e-02  -2.0287277e-01   2.4808620e-01  -2.5995680e-01   1.7197822e-02   2.0304806e-01  -8.3283031e-02   3.7155141e-01   1.8066520e-01   1.6239130e-01  -4.9744806e-01  -4.4075201e-01  -1.3323978e-01  -1.1640416e-01   2.4597894e-01   4.6752092e-01  -6.1298392e-02  -3.0972973e-01   5.2873445e-02  -3.4606540e-01  -1.0103406e-01  -5.4559801e-02  -9.7152306e-02   2.1235270e-01   2.3192724e-01  -2.9994776e-02   6.0433467e-01   4.5947762e-01  -1.2123431e-01  -3.6773833e-01   5.7342525e-01   5.7776965e-01  -2.0771834e-01   1.2429859e-01  -3.2134772e-01  -5.7998141e-03   6.8752040e-02  -7.7926939e-02
  -7.5939820e-03  -1.7535853e-01  -1.8862363e-01   1.3344903e-03  -1.0527940e-02  -2.7794160e-01  -8.3616525e-02   9.7889684e-03  -1.2256419e-01  -3.7260381e-02   4.5461944e-02  -1.3121430e-01   0.0000000e+00  -2.2444508e-01  -1.1544025e-02   6.9261409e-02  -9.6350134e-02   1.4397631e-01  -1.3931573e-01   1.3827150e-01  -1.1182385e-01  -1.5647711e-02  -2.6604347e-02   1.0888382e-02  -1.4933174e-01  -1.7752206e-01  -1.2323546e-01  -1.3412413e-01  -2.7154577e-02  -1.7166849e-01  -1.4421242e-01  -1.0259531e-01   4.9490128e-02   5.3985453e-02  -1.6828145e-01   7.8965427e-02  -8.5639886e-02  -2.7486727e-02   1.9134507e-01  -2.3120802e-01   3.8526066e-01   1.5855829e-01  -1.3007323e-01  -6.7920313e-02   2.6627926e-02   1.1314882e-01   9.1878450e-02  -9.6381683e-02   2.5178973e-02  -5.7375209e-02  -2.3066527e-02  -1.0829464e-01  -1.2100458e-01   9.9488573e-02  -2.2160019e-02  -7.0309362e-02  -2.1885560e-01  -4.5554263e-02   4.8600727e-02  -1.6985872e-02  -2.8898017e-02   9.4336395e-02  -1.5440890e-02  -3.8565274e-02  -1.1737187e-01   1.2136504e-02  -2.9233486e-01   1.2015191e-02  -8.9436786e-02   6.1386170e-02  -1.2632847e-01   3.4758458e-01   1.3017606e-01   4.8136058e-02  -4.4853724e-02   3.5350219e-02   4.8761417e-02  -1.2237734e-02   7.0634459e-05   1.8035513e-01  -1.7065998e-01   2.6851676e-01  -2.4154071e-01  -3.7899340e-02  -1.4682634e-01   7.1712516e-02  -1.7327211e-01  -6.8193627e-02  -2.1010312e-02   1.2567555e-01  -1.4442763e-01  -5.9520185e-02  -7.1972418e-02  -1.1526881e-01   4.4208433e-02   2.0418469e-01   2.9498775e-03  -7.4069829e-02   1.2822907e-01   9.8666388e-02  -1.7441308e-01   5.0699105e-02  -1.5324211e-01  -2.0365858e-02   3.6483182e-02  -5.1964670e-02   1.3339602e-01  -6.2899683e-02  -4.1648890e-02   1.0644521e-01  -1.2544068e-01  -5.5787068e-02   1.9138919e-01   6.3921308e-02  -1.1097844e-01   2.1347899e-02  -1.1539152e-01   3.2722454e-01  -1.0431988e-01  -3.2275661e-03   3.1002501e-02   1.3164750e-01  -1.5043500e-01  -1.6289974e-01   1.2674752e-01  -1.0533339e-01  -6.9846090e-02   2.0830686e-01  -1.5395432e-02  -6.7025412e-02   2.3035600e-01   8.6599857e-03  -1.8373982e-02  -6.4803249e-03  -5.5994367e-02  -1.8624123e-03   1.2847305e-01  -2.1755856e-01  -6.4671659e-02  -6.3228648e-02  -6.9787851e-02   8.1654337e-02   2.6113188e-01  -1.0257816e-01   4.5662320e-02  -1.0441076e-01  -1.7264771e-01   4.5059819e-02   6.8203706e-02  -3.4902691e-02  -3.9128183e-02  -2.1504863e-01   1.5382758e-01  -1.1345244e-01  -2.7726415e-01  -2.3860221e-02   5.6476555e-02   8.2484052e-02  -8.9831675e-02  -2.3197819e-01   2.5504231e-02   1.3164566e-01  -6.5885754e-03  -6.9165018e-02  -1.8980487e-02  -8.0771045e-02  -4.3556258e-02  -8.5683936e-03   4.8474915e-02  -8.3925172e-02  -5.0562502e-02   5.5952305e-02   1.8238495e-01  -2.0220417e-01  -1.7330658e-02   2.0376411e-01   7.3478430e-02
   4.5024757e-01  -4.9170406e-02  -1.1092363e-02   9.4005167e-02  -2.7810978e-01   3.2108919e-01  -1.4426604e-02  -8.9498089e-02   4.4237480e-03  -1.2623380e-01   1.7111352e-01  -1.7637957e-01  -2.2444508e-01   0.0000000e+00   2.6885897e-01   7.0795856e-02  -3.1826376e-02   5.9191791e-02   1.2419139e-01  -2.0997142e-01   1.0768532e-01   2.3234985e-01   1.9142603e-01   7.1094449e-02  -5.6642887e-02   1.5146808e-01  -1.0747810e-01   2.6839939e-01   5.2891161e-02   3.7290116e-01   5.2950289e-01   2.1634814e-01   2.5781044e-01   6.0181794e-02   1.0613998e-01  -1.8996106e-02   1.6154470e-02  -1.0527019e-01  -1.8958817e-02  -2.0490803e-01  -1.6413224e-01   2.5346281e-02  -2.7736199e-01   2.2584768e-01  -1.3149287e-01   1.1259925e-01   2.3881780e-02   2.1508981e-01   1.3699037e-01  -2.1828967e-01   1.1676808e-01   1.4407577e-01   4.7924777e-02  -3.2735729e-02   3.6000992e-01   2.8501011e-01   1.5855620e-01   1.8400093e-01   4.9264439e-02   1.1241953e-02   1.1729450e-01   3.2067346e-02   2.6051607e-02   3.0752988e-01  -1.4441399e-01  -7.6479570e-02   1.5403014e-01   5.6682278e-02   2.3307080e-01   5.6733190e-02  -1.3187968e-01  -1.2244646e-01   8.1927588e-04   3.1853791e-01  -1.4314383e-01   6.6630003e-02  -2.7056543e-02  -1.6926572e-03  -2.5099025e-01  -5.0798623e-02   4.4108919e-01  -1.0312596e-01   1.6636238e-01   7.9669163e-02   4.2854588e-01   1.0907497e-01   5.0120899e-01   4.5416495e-01   8.1172634e-02   3.0349500e-03  -3.2111236e-01   1.3311741e-01   3.9440584e-02  -5.7661936e-02   5.8870305e-02  -3.6238253e-01   5.1350547e-02   1.2264946e-02  -1.8011941e-01   2.7369441e-02   4.9525889e-01   2.8244202e-01   3.8984001e-01   1.1222590e-01   1.6612114e-01   1.2639269e-01   4.0909854e-02   1.1013455e-02   1.3474851e-01   2.0656078e-01   3.1230909e-02   2.9343714e-01   2.7167928e-02   1.0955480e-01   3.3312415e-01  -2.2868230e-01   9.3813073e-02  -1.2722767e-01   2.5619067e-01   1.4439598e-01   5.9248836e-02  -3.2028719e-01  -2.5453716e-01  -8.2126521e-02   3.1456603e-02   3.7593299e-01   1.3686549e-01  -7.1836635e-02   7.0336192e-02  -8.6620208e-02  -2.1579892e-01  -2.5317706e-02   5.9806456e-01   3.5371508e-01  -5.9626627e-04   1.5981068e-02  -7.5306095e-02   4.2028606e-01   2.5590534e-01   1.2302784e-01   2.2747515e-01  -1.2504430e-01   1.2491448e-02   1.1912671e-01   1.8185530e-01   1.9541491e-01   2.5452091e-01  -2.6351917e-02   6.9298586e-02   1.3046445e-01   3.0809850e-01   3.9982378e-01  -2.7821011e-02   8.5536506e-03  -1.0302206e-01   3.5820463e-02   7.6081939e-02   3.3636072e-02   7.1871222e-02   5.3918314e-01  -7.9711158e-02   6.0818180e-02  -1.3468936e-01   1.2429752e-01   8.3664390e-02  -2.1057209e-01  -6.3025376e-02   1.4356554e-01   1.4667181e-01   4.1419523e-02  -2.1994090e-01  -1.6884503e-01  -1.8478676e-01   1.9810118e-01  -2.0426586e-01  -3.2259234e-01   2.2427450e-02
