   0.0000000e+00  -3.3211267e-01  -1.0338527e-01  -2.0215307e-01  -3.2192855e-01   5.8458906e-02  -4.0837673e-01   1.1923204e-01  -2.5002928e-01  -2.0124368e-01   1.6883743e-01  -1.0747343e-01  -1.5220451e-01   4.0295522e-01   9.9183866e-02   3.0866955e-02  -2.4738026e-01  -1.2149409e-01  -1.4437444e-01  -2.4078752e-01  -1.2420106e-01  -1.1118878e-01  -1.5684081e-01   4.4786023e-01   5.7149378e-02   2.3971596e-01  -3.0851859e-01   3.1011169e-01  -3.1365099e-02  -1.3987897e-01  -4.1028995e-02   3.1077158e-02   8.7459405e-02  -2.8550417e-01   3.6943825e-02  -2.5103571e-01  -1.0359679e-01   5.1527808e-02  -5.8735935e-02  -4.5708998e-01  -3.8087245e-02   1.1503418e-01  -3.5611748e-01   2.7581997e-01  -1.5858105e-01   5.1741550e-01   2.7882801e-02  -6.6699593e-02   8.1226112e-02  -3.0433906e-01   3.4277218e-02  -1.1187693e-03  -1.2806684e-01  -1.4409846e-01   1.2011693e-01   3.6807157e-01  -4.5571318e-02   3.7779768e-02   2.7285878e-02  -8.7368116e-03   9.8688774e-02  -1.3582032e-01  -1.9504908e-01  -6.9253098e-03  -1.7929128e-01  -2.1782001e-01   1.7478397e-02  -3.2887905e-03   6.9329885e-02   2.6023210e-01  -2.9849118e-01  -9.1936870e-02   2.8596116e-02   6.5560010e-01  -3.1285252e-02  -1.4753457e-01   2.4388379e-01   1.6702716e-01  -4.8547109e-01  -1.7287431e-02   2.1751168e-01  -1.4102761e-01  -1.0496072e-01   1.3200647e-01   3.0880497e-01  -8.8811912e-02  -2.4643576e-01   4.3759205e-01  -6.2261602e-02   4.5411077e-01  -3.0638254e-01   1.3368036e-01  -3.2275122e-01  -2.4970349e-01   4.1193315e-01  -3.5870395e-01  -1.1163292e-01   1.2539383e-01  -1.1633070e-01  -2.2877158e-01   1.9487752e-01   3.6107809e-01  -4.6988920e-02  -1.8487728e-01   8.1203291e-02   2.1842820e-02   1.0297169e-01   1.1062240e-01  -2.5662622e-01  -1.3391486e-01  -2.6877914e-01   1.2627115e-01  -3.1770143e-02   6.2947974e-01   4.3872376e-01  -3.1634606e-01   1.1017417e-01  -1.5891443e-02   3.8258982e-01   2.0690971e-01   3.5796859e-01  -3.7509818e-01  -3.1711328e-01  -2.0986836e-01   5.2971457e-01   3.6093589e-01  -1.5770970e-01  -5.4769974e-02  -1.6006127e-01   9.0183275e-03  -2.4417282e-01  -3.6311056e-01   1.0053094e-01  -2.0349051e-01  -1.5969745e-02   1.6802274e-01  -1.5492505e-01   2.2765174e-01   1.2027599e-01   4.9666640e-01   5.4098373e-01  -1.6769037e-01   3.9763112e-01   4.0505685e-01   4.0389295e-02  -1.0244740e-01  -2.6397737e-01  -2.3607954e-01  -1.5829358e-01  -9.3672715e-02   6.9303001e-01   8.0114053e-02   4.8511172e-01  -1.3792679e-02  -2.8441569e-01   1.4208165e-01   5.1028286e-01   1.1129759e-01   1.3642816e-01  -2.3386489e-02  -1.6742952e-01   2.4702065e-01  -1.7841652e-01  -1.3099876e-01  -6.8051893e-02  -3.1100330e-01  -1.0588573e-01   1.8022808e-01   2.9992109e-01  -3.2246814e-01  -3.8995562e-01   2.8340943e-01  -1.1900306e-01   2.6540196e-01  -2.1171849e-02  -5.1130036e-02   1.1174380e-01
  -3.3211267e-01   0.0000000e+00   5.2652217e-01   1.7592120e-02   2.4448524e-01   5.4406135e-02   5.8869103e-01  -9.3076657e-02   4.2887590e-01   7.0448151e-02  -1.6517987e-01   4.6847104e-01  -1.6519895e-01  -2.1183380e-01  -9.4538659e-02  -1.8634964e-01   5.4730654e-01   3.1376750e-02   1.7324903e-02   7.5174303e-02   5.3929688e-02   1.0146196e-01  -9.5730543e-02  -3.8846828e-01   1.7342629e-01  -2.9467469e-01   2.1417565e-01  -1.7069072e-01  -7.4698455e-03   2.0072870e-01   8.1182979e-02  -2.0341122e-02  -3.9811011e-02   2.2960452e-01   1.3364521e-02   1.0134611e-01   1.2217287e-01  -4.9854612e-01   1.2201475e-01   5.3254758e-01   2.5788076e-02  -2.9658943e-01   5.2001081e-01  -2.3552834e-01   3.2537699e-02  -3.2900936e-01  -9.0820920e-02   2.5662703e-01  -9.6605611e-02   4.4018417e-01  -1.2086959e-01  -1.5892045e-01   4.9525850e-01   1.9497403e-01  -2.2145449e-01  -3.9583521e-01   7.2373224e-03  -1.6603462e-01   9.5902610e-02  -9.3766185e-02   1.1240201e-01   7.2362549e-02   2.8530905e-01   1.7163228e-01   3.2457677e-01   5.8845900e-02   2.4655817e-01  -2.8301833e-01  -9.1643881e-02  -1.4312585e-01   5.5050649e-01  -1.5656922e-01   2.0079426e-01  -3.7260164e-01   1.7864076e-01  -1.5055000e-02  -2.9686552e-02  -7.2366839e-02   4.7262035e-01   1.7624659e-01  -2.4874270e-01   1.8766383e-01   2.0891253e-01  -8.4869057e-03   7.2715629e-02  -7.4965208e-02   5.9815018e-01  -2.8057110e-01   1.9736265e-01  -2.8469056e-01   3.7226282e-01  -9.2923502e-02   3.5055604e-01   2.0424143e-01  -1.1343856e-03   2.5215464e-01  -1.7341632e-01  -7.8452346e-02  -5.5558721e-02   1.8446593e-02   4.8041868e-02  -2.1793994e-01   1.4169942e-02   3.3509113e-01  -1.7890097e-01  -1.8570376e-01   3.9859783e-02   2.1577564e-02  -6.7215753e-02   2.2031574e-01   3.5360109e-01  -1.9144823e-01  -2.5649274e-01  -3.2474471e-01  -2.5444064e-01   4.1837838e-01  -2.4035917e-01   4.3918530e-02  -1.5662706e-01  -3.4401976e-01  -2.1649886e-01   2.3853710e-01   2.0636006e-01   2.4399308e-01  -4.1627945e-01  -3.1563376e-01   1.0715244e-01   1.6711180e-01   6.6586466e-02   9.5532417e-02  -5.5346007e-02   3.0802706e-01   4.9826276e-01   2.5870698e-01   7.7130516e-02  -1.2189880e-03   2.2772388e-02  -1.5784731e-01  -1.9087459e-01  -1.6773406e-01  -2.3014313e-01  -3.9797472e-02  -3.6314075e-01  -1.8523725e-01  -1.0375478e-01  -1.5810117e-02   4.4602875e-01   2.7844718e-01  -4.2990147e-02   1.5910412e-01  -3.9217100e-01   8.3040194e-03  -1.2354101e-01   6.7312956e-02   6.3390254e-01  -1.1563160e-01  -2.5200337e-01  -2.4191192e-02  -1.3206805e-01  -1.0078429e-01  -5.4832881e-02  -3.6454221e-01   2.0684268e-01  -5.5328501e-02   7.3905484e-02   2.0797866e-01  -1.9016953e-02  -1.8180865e-01  -1.5721882e-01   4.0779108e-01   2.7975640e-01  -1.1067924e-01  -8.5806418e-02  -1.0076267e-01  -5.9172905e-02   1.8363320e-02   6.8077964e-02
  -1.0338527e-01   5.2652217e-01   0.0000000e+00   2.1710177e-01   1.6712638e-01   3.8276055e-01   2.8406886e-01  -6.3852276e-02   4.1413886e-01   6.0902738e-02  -1.6321064e-01   3.2471075e-01  -8.1632808e-02  -2.6618446e-01  -9.4291735e-02   1.4798127e-01   7.2527364e-01   1.7792047e-01   3.4665160e-02   3.0703788e-01  -1.0149564e-01   2.8858637e-01  -2.3078287e-01  -3.2182679e-01   1.8343195e-01  -4.6752067e-02   9.0161271e-02   9.1672179e-03   7.7927404e-02   5.8109988e-03  -9.7623416e-02   2.3734826e-01  -8.1967338e-02  -1.1882730e-01  -8.3715623e-03   2.1506246e-01   1.1665138e-01  -3.8689014e-01   1.7090522e-01   4.5501132e-01  -1.0686838e-02  -1.4644985e-01   4.8074412e-01  -2.2450218e-01  -5.4371700e-02   1.1261495e-01  -1.1610409e-02  -6.8495136e-02  -3.3339420e-02   4.0611031e-01   1.3559940e-01   4.6055532e-02  -3.0118334e-02   2.6719576e-01  -2.2650161e-01  -1.0467344e-01   9.2267848e-02   1.0791704e-01   8.8210665e-02  -1.5499735e-01   6.4586200e-01   1.9432661e-01   4.6990589e-01  -1.1684364e-01  -6.1111431e-02   7.6984623e-02   2.1010789e-01  -8.8318608e-03   1.2750662e-01   4.0036509e-01   1.7223987e-01  -5.5112413e-02  -3.0214369e-03  -4.4072234e-03   1.5125677e-01  -5.2223545e-02   3.5707131e-01   2.1188179e-01   1.6305342e-01   2.8364059e-01  -1.4727686e-01  -1.3867792e-01  -3.4989408e-02   5.9946482e-02   1.8953148e-01   2.1932979e-02   2.0249521e-01  -9.6982149e-02   3.0541402e-01  -3.1042886e-01   6.5836146e-02   5.1623324e-01   5.2240188e-02   6.1649759e-02   1.2829831e-01   1.5933982e-01  -1.5228452e-02   4.2417050e-03   4.3953914e-02   1.4988452e-02   4.5055805e-02   9.0355084e-03   6.3125428e-03   3.3689828e-01   2.0628677e-02  -3.8619847e-02   6.2275899e-04   2.1792964e-01  -2.0134590e-01  -6.7644054e-02   1.5425652e-01   1.0812787e-01  -1.4292147e-02  -2.9407596e-01   6.0850675e-02  -5.7588432e-02  -8.3306395e-02  -8.2604289e-02   1.1780625e-01  -1.7882982e-01   1.7620474e-01   7.4532613e-02   2.4097614e-01  -1.1169721e-01  -1.9490532e-01  -8.4660766e-02  -1.2474935e-01   9.4062932e-02   3.6677648e-01   5.4034155e-01  -9.3426143e-02  -5.9374971e-02   3.2300607e-01  -1.6126613e-01   2.3702082e-01   4.2533004e-02  -8.8296479e-02  -1.1828001e-01  -3.5848491e-03  -2.4539263e-01  -2.1112552e-01   3.9148669e-02  -1.0966868e-01   2.4462535e-01  -1.2887403e-01  -3.0803140e-01   1.8793098e-01   1.1322416e-01  -1.4741762e-01   5.9634619e-02  -4.5539800e-02  -4.5025865e-02   2.6057847e-01  -2.0795554e-01   5.8705691e-01   3.0052735e-02   2.1759316e-01   3.0205897e-02   9.5563462e-02   2.6372266e-02   5.4479875e-02  -3.0724809e-01   1.0674640e-01   8.0267869e-02   1.2056548e-01  -1.3764189e-01  -1.3608424e-02  -5.0234328e-03   1.4729778e-01   3.4035483e-02   1.7350989e-01   4.3800699e-03  -1.9680148e-03   2.6568691e-01  -6.0545032e-02  -2.7013593e-01   2.1184356e-01
  -2.0215307e-01   1.7592120e-02   2.1710177e-01   0.0000000e+00  -1.2286090e-03   3.9737077e-01  -1.3197688e-01   6.3337996e-02   2.7053787e-01  -2.2004119e-01   1.1358261e-01  -2.2468217e-01   9.1464531e-02   1.1472557e-02  -1.8616834e-01   1.9707344e-01  -1.8768842e-02   4.8086177e-01   1.8644378e-01   2.3536209e-01   1.1887167e-02   6.3862688e-01  -3.6246521e-02  -2.4836215e-01   2.3527328e-01   3.7736449e-01   2.6109014e-01  -2.7069762e-01   1.9906935e-01   2.6523924e-01  -1.1214163e-01   5.2814795e-01  -8.3247449e-02  -4.0887504e-01  -3.6639959e-02   2.3025606e-01  -1.5018485e-01  -1.5981919e-02   2.2659494e-01  -5.3192251e-02   8.7639104e-02   1.0425390e-01   7.9821124e-02  -5.8439665e-02  -7.4121502e-02   1.0601756e-01   3.0052791e-01  -2.7057202e-01  -1.4848678e-01  -7.9519204e-02   4.1047260e-01   3.6229474e-02  -3.2092667e-01   2.6363636e-01   1.1018540e-01  -8.0704811e-02   2.8594633e-01   4.8741267e-01   3.5446701e-01   8.8538371e-02   4.0223691e-01   6.6168917e-02   3.6013745e-01  -2.0718251e-01  -4.0927579e-02  -2.0324058e-02   2.7968953e-01   1.2045059e-01   4.5592151e-01   9.6026269e-02  -4.2045097e-01   3.7122532e-01  -3.2805358e-02  -1.2015985e-01   7.6414211e-02   2.2935502e-01   1.1514081e-01   2.5006573e-01   7.9449514e-02   2.4498794e-01  -2.5874749e-01  -1.7014783e-01  -2.7372374e-01   3.3057396e-01  -2.4634062e-01   2.8686969e-01  -4.2754612e-02  -7.3592705e-02  -1.1470599e-01  -2.8193629e-01  -1.2396207e-01   4.7814935e-01  -2.8862864e-01   1.4076916e-01  -8.8451433e-02  -1.6448156e-01   2.3071329e-01   3.8122862e-01   9.5045668e-02  -1.4981848e-01  -2.8241541e-01  -1.5086185e-01   1.3598039e-01   5.5385633e-01   4.9686815e-01   3.1078222e-01  -1.5884333e-02   3.7600213e-01  -1.5582158e-01  -1.8245221e-01  -3.6860762e-01   5.0153568e-01   3.4546725e-01  -3.8381946e-01  -2.2144730e-01  -2.1482484e-01   3.0409153e-01   2.4332733e-02  -2.4415426e-02   1.1082245e-01   3.0772379e-01   2.7354187e-02   6.8091487e-02  -5.3007212e-02  -1.5688122e-01  -8.5616227e-03  -7.5249257e-02  -2.7787731e-01   7.5010368e-01   9.2523109e-02   5.0822193e-02  -9.8956473e-03   3.2084687e-02  -1.1499226e-01   3.4619840e-01   2.1341858e-01   1.6733163e-01  -1.2835666e-01   2.9911317e-01  -3.8756076e-01  -2.7111400e-01  -7.7795777e-02   1.6939041e-01   5.1641567e-02  -9.3179377e-02   1.1160361e-01  -3.1756195e-01  -1.2385288e-01   5.7183396e-02  -1.6975158e-01  -2.0064713e-01  -3.1406387e-02   1.3500213e-01  -2.9347601e-02  -6.1611431e-02   1.9218728e-01   7.6925895e-02   3.3034000e-01   3.5724140e-01   1.0443844e-01   5.2691282e-02   1.1713219e-01  -2.0524469e-01   5.8766143e-01   2.7701621e-01  -2.6252526e-01  -2.0605559e-01   3.4791727e-01   3.0666415e-01  -2.4236593e-01  -9.4594395e-02  -9.9260444e-02   3.4868290e-01   3.3910595e-01   4.5515548e-02  -2.5504673e-01   3.8159006e-01
  -3.2192855e-01   2.4448524e-01   1.6712638e-01  -1.2286090e-03   0.0000000e+00  -1.5257816e-01   5.0853994e-02  -2.6115124e-01  -2.3182060e-02   4.4058829e-01  -2.0561317e-01   1.4119549e-01   3.6607491e-01  -3.4727585e-01  -8.1216714e-02   1.5766583e-02   3.9208432e-01   2.5157905e-01  -1.3234831e-01   7.5984758e-01   9.7442666e-02  -9.0290437e-02   5.6220731e-02  -5.0072270e-01   1.1065821e-01  -3.2298135e-01   4.2039834e-01  -2.2085177e-01   6.5797452e-02  -2.5327402e-01  -3.4487659e-02   2.7570165e-02  -1.6704032e-01   3.8263428e-01  -1.0540897e-02   6.2570237e-01   3.5076036e-01  -2.3738119e-01   2.0081250e-01   4.6797561e-01   2.4371902e-01   1.4844340e-01   4.2143279e-01  -3.8545981e-01   4.1160664e-01  -2.8803026e-01   2.8721556e-01   1.8113402e-02   1.4462120e-01   3.7955446e-01   2.1123567e-01  -2.5012036e-01   2.4214313e-01   1.9324986e-01  -2.0059248e-01  -3.9519191e-01  -3.4066444e-01  -8.1028596e-02  -7.9449631e-03   2.1524422e-02  -9.7182168e-02   2.0478956e-01   3.3808899e-01  -1.4525301e-01   4.5727718e-01   4.9220654e-01  -1.8546014e-01   1.4579213e-01  -2.2245922e-01  -1.8577821e-01   2.4829646e-01   3.3448421e-01   1.6400532e-01  -3.7477698e-01  -3.5572375e-02  -2.7891992e-01  -2.2811553e-01  -9.9071938e-02   6.7807017e-01   3.6110728e-01  -2.8800186e-01   2.2049361e-01  -1.7275213e-02  -2.4255819e-01  -1.4322479e-01  -2.3405794e-01   5.7090595e-02  -6.0580843e-01   1.3861476e-01  -2.5981545e-01   7.0976434e-01  -2.2426052e-02   6.6130593e-01   2.1200393e-01  -6.8327710e-02   7.8088797e-01   3.7797275e-01  -1.6285137e-01   4.9688205e-01   3.1858475e-01  -3.2170091e-01  -3.3613091e-01  -3.5429310e-01   3.3260659e-02  -1.4185567e-02  -5.1969398e-02  -2.4126802e-01  -2.5070924e-01   1.6903955e-01   5.3559491e-01   3.3041891e-01  -3.2742155e-01   3.6282619e-01  -1.5087010e-01  -3.6535993e-01   6.3733631e-01  -3.5682992e-01   7.6210567e-02  -3.2592539e-01  -1.1594060e-01  -1.3536000e-01   8.2840288e-01   4.1486184e-01   1.7597597e-01  -1.2409726e-01  -3.5633577e-01   3.6070188e-01   1.2779132e-01   7.4015324e-02  -1.0589924e-01   1.4688214e-01   4.2837576e-01   6.7056697e-02   1.5664306e-01   1.0270047e-01  -4.0583314e-01   3.9872652e-01  -5.2069785e-01  -4.8672255e-01  -1.9095507e-01  -2.8623909e-01   4.3014176e-01  -3.0946881e-01  -3.7135712e-01  -7.1903686e-02  -7.5868510e-02   1.6890656e-01   5.1034168e-01   3.4307698e-01   3.1145799e-01  -3.1261978e-01  -3.4520109e-01  -1.5221603e-01   2.6365589e-02   2.5869520e-01  -6.8839791e-02  -2.2011576e-01  -2.5663464e-02  -8.1767616e-02  -3.1279877e-01   4.3631888e-01  -2.4618896e-01   5.3772410e-01   1.6703160e-01  -8.1826713e-02   5.4212537e-01   1.8243355e-01  -2.6754546e-01  -1.9988402e-01   4.0206084e-01   6.7075198e-01  -1.7451481e-01   3.2857578e-01  -3.1300987e-01  -2.5205651e-01  -1.3061097e-01  -2.4032196e-01
   5.8458906e-02   5.4406135e-02   3.8276055e-01   3.9737077e-01  -1.5257816e-01   0.0000000e+00   4.1087712e-02   2.0453664e-01   2.2688778e-01  -3.1569776e-01   1.5364437e-01   3.3411154e-02  -2.3761421e-03  -4.3390022e-02  -2.8381472e-01   2.6243926e-01   1.2572542e-01   2.3491018e-01   2.3191742e-01  -1.8388868e-03  -2.1037782e-01   5.3213887e-01  -1.9454065e-01  -2.3202432e-01   1.7376542e-01   3.6760825e-01   2.2717659e-01  -2.3285433e-01  -1.0869190e-02   2.0207145e-01  -4.5447082e-01   3.7030177e-01   8.1950534e-02  -4.5827987e-01  -3.3158564e-01   9.3957648e-02  -1.1987523e-01   4.0635098e-02   1.9281642e-01  -2.0716426e-01  -1.1276611e-02  -1.0204796e-02  -6.1962766e-02   8.6448756e-02  -1.6396919e-01   4.3205021e-01   3.5407415e-01  -5.2847458e-01  -1.4034920e-01  -1.5617088e-02   2.9323851e-01  -3.3966291e-02  -5.3025544e-01   8.2978839e-03  -2.2701901e-01   4.9745289e-02   5.5836075e-01   5.2927815e-01   8.3329736e-02   3.0484503e-01   6.3092388e-01  -3.1423226e-02   3.1846552e-01  -2.8213321e-01  -3.6901902e-01  -3.5231742e-02   6.5495920e-01   9.0963993e-02   4.8114558e-01   5.1319811e-01  -4.9415467e-01   1.4546002e-01  -2.3174376e-01  -3.0201238e-02   4.5715273e-02   1.7016038e-01   5.4303761e-01   5.8786532e-01  -1.5412727e-01   2.8590428e-02  -2.4868774e-01  -1.3371025e-01  -3.4859138e-01   4.5886352e-01  -2.3115865e-01   3.7566575e-01  -4.4796268e-02  -7.8099851e-02   1.3428493e-01  -2.4280608e-01  -2.4430845e-01   4.7950783e-01  -2.9075580e-01   1.9970122e-01   2.7449099e-01  -3.0124701e-01  -5.1697863e-02   4.4947140e-01   7.1605542e-03  -4.5513910e-01  -3.9312043e-01   6.6234923e-02   1.1001762e-01   4.5873636e-01   3.6116974e-01   3.0792984e-01  -4.8357111e-02   5.6680357e-01  -4.2487802e-01  -1.2359936e-01  -4.3072474e-01   6.2574679e-01   1.8703714e-01  -3.0114052e-01  -1.4483506e-01  -4.8473276e-01   1.9748021e-01  -2.8060605e-03   2.9092257e-02   1.3027502e-01   4.1560559e-01  -1.6336364e-01   1.2151955e-02  -4.2146170e-01  -1.0175535e-03   3.2006178e-02  -2.7199634e-01  -1.9774299e-01   4.4203319e-01   4.2165622e-01  -9.9894783e-02  -3.6968445e-01   1.1345370e-01  -4.8114173e-01   3.8828473e-01   3.4598139e-01  -1.1403745e-01  -9.0565169e-02   3.4530830e-01  -2.1844877e-01  -3.6656781e-01  -8.3322923e-02   3.6833086e-01   2.3884887e-01  -3.1160129e-01  -2.8810200e-01  -2.7454161e-01  -1.7365042e-01   5.6421252e-02  -4.5134576e-01  -1.4322379e-01   1.7407680e-01   2.4127497e-02  -1.0824167e-01   8.9014161e-02  -1.3876075e-02   2.9930666e-01   2.0148086e-01   1.8294393e-01   1.8079896e-01  -9.4972845e-02   2.7478207e-01  -1.9836831e-01   2.9087708e-01   3.7754919e-01  -4.8341919e-01  -1.4307581e-01   3.8634857e-01   7.9766957e-02  -4.7656879e-01  -2.5134491e-01   1.8897647e-01   1.4079643e-01   6.6301803e-01   4.1727436e-02  -8.5407664e-02   6.2636718e-01
  -4.0837673e-01   5.8869103e-01   2.8406886e-01  -1.3197688e-01   5.0853994e-02   4.1087712e-02   0.0000000e+00  -2.8066023e-01   3.3300537e-01   2.4220604e-01  -2.4734165e-01   4.7851545e-01  -1.8469245e-01  -2.6920781e-01   4.3789850e-02  -5.5273158e-02   2.6029431e-01  -7.6586042e-02  -5.8102209e-02   6.3487954e-03  -1.5207852e-01  -6.2693067e-03   3.4747918e-02  -2.7868088e-01   3.0127241e-02  -3.2129780e-01   7.7049064e-03  -4.6132337e-02  -1.0112378e-01   3.5397869e-02   6.6508800e-02  -3.2265063e-01  -2.6432920e-02   4.8293996e-01   8.8125705e-02   3.0222121e-02  -3.7991682e-02  -3.1258386e-01  -7.0794409e-02   4.1117445e-01  -2.5134368e-01  -2.8833283e-01   3.6324441e-01  -3.2172083e-01   1.0778290e-01  -2.9589412e-01  -1.7373396e-01   2.3753703e-01  -1.6695198e-01   2.2295274e-01  -1.7805574e-01  -1.1288244e-01   3.4580424e-01  -6.9403577e-02  -2.4876547e-01  -2.4807656e-01   7.3320879e-03  -3.0472596e-01  -3.0503786e-01   2.2281090e-01  -7.6970789e-02   1.2533574e-01   5.8830158e-02  -8.5664355e-03   3.6128742e-02   7.5277096e-02   8.6623977e-02  -7.3224038e-02  -3.2124811e-01  -7.3100631e-02   4.6894422e-01  -1.2381567e-01   2.7022027e-02  -3.3678666e-01   1.4822886e-01  -1.8726266e-01  -1.5959091e-01  -8.5500303e-02   4.1961400e-01  -1.5727751e-01   5.7105193e-02   1.4486823e-01   1.1786083e-03  -1.7018232e-01  -1.6269859e-01  -1.7603242e-01   4.4413179e-01  -2.5806793e-01   3.5951459e-02  -3.2184741e-01   1.2143213e-01  -1.8133983e-01   2.7136696e-01   2.3120261e-01  -2.2449138e-01   1.4734681e-01  -1.3265613e-01  -3.2098436e-01   8.7775373e-03   1.9181782e-01  -8.1080698e-02  -3.6707627e-02  -6.0017977e-02   8.9885083e-02  -2.2454817e-01  -3.0044448e-01  -5.3180242e-02  -2.0208811e-01   1.9133832e-01   5.4934847e-02   3.7099790e-01  -1.7950005e-01  -2.2339352e-01  -4.3260493e-01  -1.3296544e-01   3.4351370e-01  -1.5981991e-01  -1.1165657e-01  -2.3930836e-01  -1.6413702e-01  -2.3489618e-01   1.1848505e-01   2.4548255e-01  -6.6081284e-02  -3.9641977e-01  -1.0742753e-01   3.2431469e-02  -2.3699683e-02  -1.2354946e-01   9.3307895e-02  -1.7680028e-01   4.0096431e-01   1.1965139e-01   5.1066737e-02  -2.3339245e-02  -2.8230691e-01  -1.5022532e-01  -1.5658589e-01  -1.7311504e-01  -3.1780109e-01  -3.9118173e-01  -2.0703464e-02  -3.6361880e-01  -1.1671353e-01   1.5745716e-01  -1.7874285e-01   5.5329384e-01  -2.4320466e-02  -2.4616710e-02   1.3297786e-01  -3.3645316e-01  -5.6905013e-02  -3.5203571e-01  -1.3380437e-01   5.0040565e-01  -2.1047576e-01  -3.2797011e-01  -3.7146191e-01  -2.7609246e-01   1.9016860e-01  -1.0347967e-02  -4.0491303e-01   1.3184238e-01  -2.6725844e-01   1.6271874e-02   2.9445999e-01   1.7012896e-01  -1.8855689e-01  -2.5649056e-01   1.6526320e-01   3.3161401e-01  -1.4964982e-01  -7.5410388e-02  -1.6499563e-01   7.7218100e-02  -5.1773942e-04   1.7886611e-02
   1.1923204e-01  -9.3076657e-02  -6.3852276e-02   6.3337996e-02  -2.6115124e-01   2.0453664e-01  -2.8066023e-01   0.0000000e+00  -2.1855665e-01  -4.1388792e-01   1.5697078e-01  -1.5520271e-01  -4.7526884e-02   1.8605785e-01  -3.0831937e-01   6.9815171e-02  -3.3993434e-03  -1.7783290e-01   1.5683629e-01  -3.5458692e-01  -6.4571694e-02   2.1487575e-01  -7.3773607e-02   1.0469567e-01  -2.2163076e-01   3.2844377e-01  -3.5344843e-02  -1.7425686e-01   1.3434538e-03   3.4056274e-01  -1.8107911e-01   1.3063421e-01   2.2040465e-01  -3.3217063e-01  -4.3392023e-01  -3.6932636e-01  -1.4594146e-01   3.5873903e-01   2.4495223e-01  -2.0623097e-01   3.0847428e-01   7.9788476e-02  -2.4274380e-01   5.9925838e-01  -3.1632481e-01   2.3938840e-01  -1.0521805e-01  -9.2796925e-02   1.8789815e-02   1.5577023e-02  -6.9886181e-02   4.6953381e-01  -1.2599359e-01   2.2756214e-01   4.1477775e-02   1.9519564e-01   2.1724355e-01   3.5309336e-01   3.4241969e-01   1.4239523e-01   2.5687013e-01  -2.6901285e-01  -7.2820149e-02   2.4411389e-01  -3.1821320e-01  -2.7741229e-01   3.2605319e-01  -1.8478428e-01   4.7246638e-01   3.1594240e-02  -1.5338131e-01  -1.7703174e-01   1.3093664e-01  -1.7099505e-02   4.4751853e-02   1.6776417e-01   4.1824787e-01   4.1950047e-01  -3.5922493e-01   1.3481540e-02  -1.2330227e-01   6.7664296e-02   2.3295034e-01   5.6369648e-01  -1.5143697e-01   3.0733157e-01  -1.6252070e-01   1.9934496e-01  -3.5666345e-02   6.3620866e-02  -3.1228493e-01  -4.6408796e-03  -3.3453310e-01  -5.3338236e-02   3.0555157e-01  -2.1151518e-01  -2.8944457e-01   5.4295224e-01  -2.7528363e-01  -4.2292103e-01  -5.8049793e-03  -3.5864750e-02   5.5815002e-01  -3.5747144e-02   5.9814162e-02   1.6101068e-01   3.3979210e-01   6.7228435e-01  -4.3575515e-01  -9.8927882e-03  -3.8422323e-01   3.2745939e-01  -2.4452490e-01  -5.4865615e-02  -2.1877596e-01  -3.4197678e-01   3.4647836e-01   2.7559633e-01   5.6101712e-02   1.5853690e-02   2.1459804e-01  -3.9234997e-01  -2.1589362e-01  -1.6807340e-01   8.9606392e-02   1.1771135e-01  -2.4369383e-01   1.2394347e-01  -4.5745538e-02   1.5770152e-02   1.8618647e-01  -4.8215240e-01   8.5374907e-02  -6.9884230e-02   1.1215653e-01   5.8648064e-01   7.6667961e-02   3.0650995e-01   3.5989077e-01   1.1558072e-01  -7.5001242e-03  -1.0547431e-01   3.4733555e-01  -1.1093436e-01  -3.2111220e-01   4.2444704e-02  -3.0497585e-01  -1.3480895e-01  -1.5806213e-01  -4.2180465e-01  -7.3225966e-02   6.6750426e-01   1.4386398e-01   1.6783957e-01  -7.5438546e-02  -1.5099423e-01   2.9331870e-01   3.5182360e-01   6.2560429e-02  -3.2371568e-02  -3.3104167e-01   4.3268590e-01  -2.7729794e-01   8.5631173e-03   3.8614607e-01  -4.1342812e-01  -2.0580320e-01   3.4456690e-01   1.4740553e-02  -5.6652366e-02  -4.0887622e-01   3.8976055e-01  -2.4109586e-01   1.3544169e-01  -4.4224341e-02   2.8237647e-01   4.4028086e-01
  -2.5002928e-01   4.2887590e-01   4.1413886e-01   2.7053787e-01  -2.3182060e-02   2.2688778e-01   3.3300537e-01  -2.1855665e-01   0.0000000e+00   1.3593371e-02  -1.1087008e-01   1.6748272e-01  -9.2584073e-03  -6.8868069e-02  -1.8082432e-02  -5.7469379e-02   1.7031589e-01   2.8127648e-01   5.7210916e-02   4.4267824e-02   9.8011571e-02   3.0600731e-01   5.8481625e-03  -2.3331329e-01   1.8799496e-01  -3.9979748e-02   1.4149695e-01  -2.4960225e-03   7.0843985e-02   2.8235974e-01   1.3669485e-01   6.1049790e-02   1.2118923e-01   3.6911336e-02   1.4950174e-01   1.1854111e-01   5.7782974e-03  -2.5152772e-01  -3.2125150e-02   2.2637406e-01  -1.1491690e-01  -3.0075893e-01   3.1169400e-01  -3.3669370e-01   1.0602001e-01  -9.7107510e-02   4.4230417e-02  -1.9269706e-01  -1.3079832e-01   7.4008387e-02   9.1323229e-02  -6.3608641e-02   3.2909569e-02  -1.0254217e-01  -5.1553994e-03  -1.9384511e-01   2.2828200e-01  -3.8774996e-02   4.4290403e-02   9.1766296e-02   2.2887097e-01   5.7241548e-02   2.5307344e-01  -2.1115243e-01   1.2986165e-01   1.3985130e-01   1.8585676e-01  -1.5922200e-01   1.5076272e-02   2.4500926e-01   3.5938313e-02  -1.1609250e-01  -1.0062560e-02  -2.0584407e-01   3.3710708e-02   1.5244023e-01  -6.0586748e-02   1.4336271e-01   3.0528745e-01   3.3314980e-02  -1.0286688e-01  -7.3265014e-02  -2.0038974e-01  -1.4978735e-02  -8.4835384e-02   1.5099748e-01   4.2609336e-01  -1.2451598e-01   1.2279145e-01  -3.4199932e-01   1.4111752e-01   1.0614772e-02   7.0694204e-02   2.4201193e-01  -1.6836091e-01  -1.1838469e-01  -2.0411668e-01  -1.6078920e-01   1.3350186e-02   1.6452952e-02  -7.4689875e-02  -6.7025065e-02   5.4758433e-02   5.5629795e-01   1.8291541e-02   2.5231162e-01   3.8729011e-02  -2.1862489e-02   1.4775490e-01  -6.0881928e-04   1.0283423e-01  -1.1078579e-02   3.6618096e-02  -3.3061314e-01  -7.9515148e-02   1.1766346e-01  -1.1113261e-01  -1.0447249e-01  -4.9417715e-02  -8.3821632e-02  -2.4271317e-01   1.0004183e-01   9.5923396e-03   1.8411559e-01  -3.8844298e-01  -1.2934847e-01   1.0458932e-01   2.7159915e-02   3.5909347e-01   2.5558877e-01  -2.3760937e-01   2.3735001e-01   1.0227055e-01   7.9939676e-03   7.6679622e-02   6.3386091e-02  -1.5071456e-01  -9.9606403e-02   2.2981539e-02  -2.5925189e-01  -2.6499468e-01  -1.0718625e-01  -1.1272917e-01   1.2283124e-01   1.5709334e-01   8.6148443e-02   1.7846509e-02  -6.1884672e-04   7.7152943e-02   1.0991148e-01  -2.7420348e-01  -2.4334136e-02  -2.1964353e-01  -1.0783068e-02   2.4080211e-01  -7.5879488e-02  -2.1657890e-01  -2.2854471e-01  -6.2676840e-02   3.8754571e-02  -1.1114572e-01  -2.6798735e-01   1.7460476e-01   1.3372103e-01   5.6752434e-02   5.2736577e-02  -1.9207791e-01  -3.8438448e-02  -1.2559408e-01  -7.6968587e-02   1.0035773e-01  -1.8086008e-01  -1.0506647e-03   1.9157708e-01   5.2731529e-02  -9.8179093e-03   2.1395471e-01
  -2.0124368e-01   7.0448151e-02   6.0902738e-02  -2.2004119e-01   4.4058829e-01  -3.1569776e-01   2.4220604e-01  -4.1388792e-01   1.3593371e-02   0.0000000e+00  -1.8294960e-01   6.0282086e-02   2.1578125e-01  -3.8331883e-01   2.8590556e-01   8.6605086e-02   9.2319668e-02   3.6783657e-02  -1.6001958e-01   3.8682411e-01   1.7269308e-01  -3.3725882e-01   4.0329850e-01  -2.7980107e-01  -1.2918468e-01  -4.6385110e-01   5.0089409e-02   1.8618872e-01   1.9193381e-01  -2.7461407e-01   8.1924678e-02  -1.3275109e-01  -1.3726415e-01   6.0680603e-01   1.3429558e-01   3.9501003e-01   5.8259138e-01  -1.9553380e-01  -2.0632615e-01   3.1503699e-01   2.4945938e-02   4.6800592e-02   2.9574068e-01  -4.1613378e-01   4.9666874e-01  -2.3599249e-01   5.9640029e-02   1.8809001e-01   2.4012700e-01  -8.2677453e-03   1.3173675e-01  -2.2621004e-01   1.5469633e-01  -3.4826122e-02  -2.7925367e-01  -1.3956745e-01  -2.7251464e-01  -2.3368571e-01  -1.6828350e-01  -1.0858892e-01  -3.2309826e-01   4.3162260e-01   1.1827242e-01  -1.5485362e-01   4.0721483e-01   6.4886332e-01  -4.1216847e-01  -2.3098733e-02  -4.0517510e-01   3.1889190e-02   3.4445499e-01  -2.3204765e-02   4.0842265e-02  -1.0564260e-01   1.7582197e-02  -1.7776261e-01  -3.1255559e-01  -3.0120128e-01   4.4128808e-01   1.6850981e-01   1.5081941e-01   1.3501184e-01  -1.0818322e-01  -5.1463923e-01  -5.2658501e-02  -1.0555491e-01   8.2696392e-02  -3.6587227e-01   6.4671795e-02  -3.6082592e-02   4.4594313e-01  -1.7549975e-01   4.6320089e-01   1.2658694e-01  -1.6689529e-01   3.5703262e-01   6.5356063e-02  -3.2636738e-01   3.0513880e-01   7.4859778e-01  -5.9677843e-02  -8.6903427e-02  -2.4380284e-01  -9.6668854e-02  -6.0950729e-02  -1.0859456e-01  -2.7427803e-01  -3.6276867e-01   5.2892630e-01   2.4568544e-01   3.7349192e-01  -4.2379392e-01   3.1537855e-02  -5.6942589e-02   9.4874325e-02   4.9371897e-01  -4.0665521e-01   1.9781132e-02  -8.9686388e-02  -2.1950252e-01  -2.6696305e-01   4.3261734e-01   1.4646513e-01   1.8713279e-01  -3.3912037e-03  -2.5170490e-01   4.0307057e-01  -8.9697636e-03  -5.8602722e-02   2.1480629e-02  -1.1790119e-01   3.5184454e-01  -2.5880781e-01   1.6932314e-01  -8.4253307e-02  -3.5648397e-01   6.1668224e-02  -3.0189661e-01  -3.0672553e-01  -1.3248528e-01  -1.4599386e-01   1.1378231e-01  -3.6378368e-01  -4.6629953e-02   4.0449751e-01  -9.7550688e-02   3.5815051e-01   2.8106767e-01   3.3726966e-01   6.1770433e-01   4.9475630e-03  -4.1123310e-01  -1.1690255e-01  -1.4252576e-01   3.4215262e-02  -1.8191674e-01  -2.7256290e-01  -2.6227006e-01  -3.0889072e-01  -6.6461246e-03   5.6943471e-02  -4.0229679e-01   5.7860485e-01  -1.1337110e-01  -2.9437773e-01   4.6990324e-01   2.8565378e-01  -3.0517334e-01  -2.7025612e-01   9.1702572e-02   6.7093043e-01  -3.1427204e-01   8.5398062e-02  -4.0817486e-01  -1.6839196e-01  -1.9885351e-01  -3.9054191e-01
   1.6883743e-01  -1.6517987e-01  -1.6321064e-01   1.1358261e-01  -2.0561317e-01   1.5364437e-01  -2.4734165e-01   1.5697078e-01  -1.1087008e-01  -1.8294960e-01   0.0000000e+00  -3.2484130e-02   5.1697827e-02   2.6355441e-01   2.0768177e-01   1.8583491e-01  -3.3559573e-01   3.3306666e-01   4.6995813e-02  -2.4955511e-01   5.0260164e-01   4.1386089e-02   4.3593051e-01   1.8519502e-02  -5.8313771e-02   3.9775827e-02   2.1624150e-01  -2.1864814e-02  -1.0098409e-01   4.5723498e-01   1.6351419e-01   8.9330034e-02   1.4821951e-01  -1.8776743e-01  -2.8428615e-01   2.0466797e-01   1.7525278e-02   1.0764921e-01   2.3757094e-01  -3.3100934e-01   2.6189564e-01   1.4351949e-01  -3.1933858e-01   3.4244293e-01   1.8163194e-01   1.9835093e-01   5.2170176e-01  -2.6606110e-02  -1.6422607e-02  -3.8997364e-01   3.3194104e-01   1.6025789e-01  -1.1808764e-01  -2.1546751e-01   1.0591536e-01   2.5423309e-01   5.2835458e-03   1.9737350e-01   3.2083039e-01   1.7331872e-01  -3.3045048e-02  -1.4308360e-01  -1.5521945e-01   3.9894789e-01  -6.8674057e-02   1.8266059e-01   2.3981565e-01  -2.3665266e-01   4.1023734e-01   2.2990692e-02  -3.6563814e-01   5.9713353e-02   2.8535514e-01   2.2468453e-02  -1.2218414e-02   1.0919214e-01   2.5807288e-01   3.1003424e-02  -2.2988259e-01  -2.5804397e-02  -5.1036336e-02   7.7389808e-02   1.4829887e-01   1.5057302e-01  -8.7675983e-02   2.5330519e-01  -7.2214435e-02   5.7916979e-02  -2.1022120e-02   3.6929928e-01  -1.6191878e-01  -4.2141253e-02  -1.2386887e-01   6.2555227e-02   3.2317289e-01  -3.3921727e-01  -1.7059298e-01   1.6129090e-01  -2.5684667e-01  -1.9006263e-01  -9.2120683e-02   3.7498730e-01   1.4419428e-01   2.7740925e-02   4.9572382e-01   9.9858540e-02   2.6239827e-02   1.8917731e-01   2.7626449e-02   2.2197731e-01  -2.0963824e-01   3.5877975e-01  -1.7866498e-01   1.6123150e-01  -4.7326181e-02  -1.5345960e-01  -1.5643273e-02   2.8054348e-01   5.9419639e-02   8.1295254e-02   4.9939662e-02  -1.1577881e-01  -2.4391508e-01   9.8631439e-02   2.0031436e-01   1.0712242e-02   4.0825994e-02  -1.8309213e-01   6.3801042e-02  -1.1172602e-01   1.1387958e-01  -5.1262390e-02   2.0086470e-01   2.5094170e-01   8.6503919e-02   2.6398044e-01  -7.4397006e-02   2.0600308e-01   4.4523681e-01   3.0162509e-01   6.9826734e-02  -2.9251620e-01   5.1383517e-01   8.7760179e-03   1.2184892e-01   3.7351183e-01  -4.9908221e-01   1.7234887e-01   4.6980197e-01  -1.8513538e-01   8.9923577e-02  -9.2284124e-03   3.2620175e-02   5.7120240e-01  -3.1115564e-01   6.5411565e-04   1.7807624e-01   3.2532036e-01  -6.6237006e-02   2.2072086e-01  -2.4193450e-01   3.5361175e-01   4.3643715e-02   3.5426404e-01   1.0713552e-01  -1.8115260e-01   1.4108887e-01   1.2545410e-01  -1.3066346e-02  -1.5503321e-01  -1.6422621e-01   1.8153456e-01   6.6802679e-02   8.1488317e-02  -6.9947679e-03  -1.0559109e-01   1.4872452e-01
  -1.0747343e-01   4.6847104e-01   3.2471075e-01  -2.2468217e-01   1.4119549e-01   3.3411154e-02   4.7851545e-01  -1.5520271e-01   1.6748272e-01   6.0282086e-02  -3.2484130e-02   0.0000000e+00   7.0925531e-03  -3.4076523e-02  -1.1614549e-01  -1.5395244e-01   3.5358553e-01  -1.8101679e-01   2.9936118e-02  -1.0764950e-01  -3.7173892e-03  -2.1518390e-01  -1.3800064e-01  -8.2441193e-02  -9.7442640e-02  -3.0643505e-01   4.2930723e-02   1.9412386e-02  -7.7741846e-02  -3.8156021e-02   2.0473308e-02  -3.1496446e-01   7.1753319e-02   3.0872745e-01   1.3121576e-03  -5.5321296e-03  -2.8867580e-02  -1.8457739e-01  -5.3300819e-02   3.9848104e-01   1.3431633e-01  -1.3015885e-01   4.6243353e-01  -1.6349337e-01   5.5904011e-02  -2.0269195e-01  -9.2047145e-02   5.9192419e-02  -5.0800364e-02   4.5158491e-01  -2.2895914e-01  -1.3001999e-02   3.7437528e-01  -1.3609410e-01  -7.9687190e-02  -1.8742120e-01   1.3386511e-02  -2.6268714e-01  -4.1959675e-02   1.0102819e-01  -6.3063798e-02  -2.6990418e-02  -5.4767349e-02   2.6479979e-01   6.4725426e-02  -3.9684087e-03   8.2125121e-02  -2.8868585e-01  -2.9252489e-01  -3.4850517e-02   3.7608839e-01  -3.7462173e-01   1.8915614e-01   6.5174755e-03   4.0434331e-02  -3.2125990e-01   4.3939125e-02  -1.4531449e-01   2.2097886e-01  -1.1339888e-01  -1.0538159e-01   2.0697858e-01   2.7310404e-01  -1.6473856e-01   3.1253325e-01  -2.2880957e-01   2.6752057e-01  -1.0416242e-01   1.2160330e-01   3.8364912e-02   2.9707419e-01  -1.8238802e-01   3.9266089e-01   3.3593277e-01  -1.6926379e-02   2.9231546e-01  -3.3853422e-01  -2.3832939e-01  -1.0351977e-01   2.0939299e-02   1.3657904e-01   4.7690994e-02  -2.4924667e-01  -7.7509861e-02  -3.4225697e-01  -2.1593990e-01   4.9060567e-02  -1.9296829e-01  -5.2865607e-02   2.0234346e-01   4.7303231e-01  -2.4573424e-01  -2.9206335e-01   2.5966693e-03   3.3964210e-02   2.6100790e-01  -2.9220615e-01   3.4367642e-02  -5.5914342e-02  -2.2060587e-01  -2.9202579e-01   1.2393516e-01   7.3001164e-02  -1.5222754e-02  -1.1938971e-01   8.2737984e-02   1.1790183e-01   1.7583120e-01  -3.1761582e-01   5.9564658e-02   7.0763467e-02   1.1182598e-01   6.1116524e-01   8.9374045e-02  -4.3599463e-02  -1.8486053e-01  -4.5992258e-02  -1.4629306e-01  -1.8910582e-01   3.9563403e-02  -7.6489024e-02  -3.6195254e-02  -2.8848162e-01  -7.4889500e-02  -1.9529031e-03  -1.5768230e-01   5.3192512e-01   2.6504881e-01  -4.8036431e-03  -1.2736592e-02   3.5228215e-02  -1.3553464e-01  -8.5048472e-02   1.2850600e-01   5.4349528e-01  -1.9950754e-01  -2.1310797e-01  -3.0451826e-01  -1.5199337e-01  -4.8661526e-02  -1.1619046e-01  -3.1942088e-01   1.9158566e-01  -3.3837465e-01   2.3367126e-02   3.0847245e-01   1.5649303e-01  -2.0669374e-01  -2.5531753e-01   4.0825380e-01   2.1128769e-01  -1.4913866e-02  -3.7268270e-01  -1.1454560e-02  -2.1094982e-01   2.7625417e-01  -1.2384045e-01
  -1.5220451e-01  -1.6519895e-01  -8.1632808e-02   9.1464531e-02   3.6607491e-01  -2.3761421e-03  -1.8469245e-01  -4.7526884e-02  -9.2584073e-03   2.1578125e-01   5.1697827e-02   7.0925531e-03   0.0000000e+00   3.2355365e-02  -7.0311605e-02   3.9760658e-02   2.2898904e-02   1.0680033e-01   1.3202443e-01   2.0682473e-01   2.7093008e-01  -7.3523625e-02   9.2959807e-02  -2.3949105e-01  -1.0008095e-01   1.9870456e-01   1.5196359e-01  -1.0922076e-01   1.4195750e-01   1.2206058e-02  -3.8340879e-02   5.1368055e-02  -3.2272549e-02   8.9555765e-02  -8.9543099e-02   2.3668928e-01   1.4403864e-01  -6.2289013e-02   1.5644574e-01   2.1389105e-02   5.4633822e-01   1.3319071e-01   1.4487822e-01  -1.5282556e-01   2.6716304e-01  -9.4057049e-02   3.3866117e-01  -1.4013382e-01   7.5131800e-02   1.1254154e-01   1.5626562e-01   4.9613032e-02  -1.0527654e-02  -6.7426224e-03  -3.5072955e-02  -9.9912342e-02   3.2709756e-02   2.1300406e-02   2.9136747e-01  -9.7027413e-03  -9.2196070e-02   8.5004136e-04   4.0487035e-02  -1.3610117e-01   2.5602125e-01   2.4898934e-01  -3.6633554e-03  -6.6546501e-03  -4.0062820e-02  -1.4515052e-01  -3.3492082e-02   5.2766369e-02   3.3511076e-01  -4.9830956e-02  -1.0184255e-01   2.4480488e-02  -9.2079772e-02  -1.6449292e-02   1.4572987e-01   3.0457417e-01  -1.0062470e-01   2.4015650e-01  -4.0676873e-02  -2.3689797e-03   1.0871519e-03  -1.4553973e-02  -7.4969608e-02  -2.0827357e-01  -1.6807165e-02  -1.4360674e-01   3.2381183e-01  -6.1865146e-02   2.5359075e-01   2.1432738e-01  -1.1430245e-01   3.1165067e-01   5.9101460e-02   1.2700863e-01   1.6526181e-01   1.8857324e-01  -1.8125853e-01  -1.4266389e-01  -1.6073950e-01   6.2887206e-02   9.7435892e-02   8.0310590e-02   1.0285982e-01  -3.5845709e-02   4.2491481e-02   2.8569617e-01   2.2594026e-02  -1.4693989e-01   2.9217422e-01   9.6648137e-02  -2.2509021e-01   1.8083104e-01  -4.7471371e-02   5.0108311e-01  -1.3995269e-01  -1.1876023e-01  -2.6807085e-01   3.2062784e-01  -9.5095758e-02   2.2951321e-01   6.1652157e-03  -1.1465063e-01   3.0525775e-01   9.4529431e-02   3.1116887e-02  -1.7566576e-01   4.1423024e-01   9.2840773e-02  -5.1451061e-02   8.6034869e-02  -3.3981196e-02  -8.3406901e-02   2.7279939e-01  -2.4325646e-01  -4.0217174e-03  -8.2141060e-02  -1.0621330e-01   2.2565635e-01   7.8370788e-02  -2.2912408e-01   3.6397006e-02   1.6745276e-01  -9.7012086e-03   3.0488864e-01   2.7162316e-01   1.5477072e-01  -9.7997108e-02  -2.3921428e-01  -1.2817341e-01   2.6747952e-01  -1.4858028e-01  -1.1765761e-01  -2.4245809e-01   1.8141639e-01   4.4058914e-02  -2.8712352e-01   1.6921715e-01   1.5888173e-01   2.5627794e-01   2.2972856e-01   2.8004139e-02   2.6769432e-01   1.5629418e-01  -4.7588726e-02  -5.9011579e-02   1.2485152e-01   2.4160357e-01  -2.2390076e-01   1.2071188e-01  -1.1933806e-01  -2.2186100e-01   1.0479170e-01  -2.4157734e-02
   4.0295522e-01  -2.1183380e-01  -2.6618446e-01   1.1472557e-02  -3.4727585e-01  -4.3390022e-02  -2.6920781e-01   1.8605785e-01  -6.8868069e-02  -3.8331883e-01   2.6355441e-01  -3.4076523e-02   3.2355365e-02   0.0000000e+00   2.0428646e-02   8.5889650e-02  -2.6680364e-01   1.1568553e-01   3.1109285e-02  -3.1644486e-01   1.3641303e-01   1.2507337e-01  -1.2618125e-02   1.8175302e-01  -1.2534198e-01   2.3988667e-01  -9.3114344e-02   1.7966287e-01   4.7649017e-02   3.3658576e-01   3.2115748e-01  -9.5198917e-02   3.0250054e-01  -2.8262088e-01   2.0460310e-02  -2.1546723e-01  -2.0521685e-01   7.4536688e-02   2.3743912e-01  -3.4311927e-01   2.0421084e-01   1.8236321e-01  -3.4373002e-01   3.7661083e-01  -9.1969794e-02   2.1160153e-01   9.2370678e-02   1.6546686e-01   2.3907290e-02  -2.8589997e-01   4.6445792e-02   1.6262624e-01  -1.2542727e-02  -1.5559658e-01   4.5410982e-01   2.9699349e-01   1.7138644e-01   1.8255988e-02   1.1822654e-01   5.3819647e-02  -4.0399521e-04  -1.4571155e-01  -2.2612039e-01   3.0211937e-01   1.2762538e-02  -3.1458070e-01   1.5482064e-01  -1.3561257e-01   2.2486271e-01  -2.4668619e-02  -1.4318972e-01   4.8309512e-02   1.6000412e-01   2.4589366e-01  -1.2439521e-01   9.3449506e-02   8.7653524e-02   7.4724491e-02  -3.0162650e-01  -1.2357097e-01   2.2145669e-01   9.0649093e-02   1.4212549e-01   2.3027964e-01   2.6227946e-01  -4.3806457e-02   1.5427977e-02   2.3637328e-01  -2.2205525e-01   1.4317204e-01  -2.6810189e-01  -4.3646480e-02  -3.3339237e-01  -1.1646091e-01   3.5379865e-02  -4.2569743e-01  -8.9892623e-02   2.5328055e-01  -1.8364125e-02  -3.0854924e-01   3.5520010e-01   2.6441409e-01   2.6658833e-01  -4.3600488e-02   1.2512562e-01   1.2930105e-01   1.9317809e-01   1.3481272e-01  -1.6868073e-01  -4.2648619e-02  -2.5889256e-01   1.4542718e-01   3.4666528e-02   2.2211126e-01   2.3850338e-01  -1.4683795e-01   2.5394599e-01   1.3739238e-01   3.1391195e-01   1.6145149e-01  -1.3999369e-02  -3.2791734e-01  -4.0404616e-01   1.7199099e-01   1.5434593e-01   3.5802854e-01  -2.0086823e-02  -6.8832218e-02  -1.5247825e-01  -7.1345994e-02   1.2406186e-02  -5.4634336e-02   2.2258204e-01   1.5809606e-01  -5.0181681e-02   1.2074864e-01  -1.1031244e-01   4.4083412e-01   2.2381638e-01   1.7118813e-01   3.6611530e-01  -1.1052395e-01   4.0673933e-01   1.1674932e-01   3.7388714e-02   4.0981298e-01  -3.3062872e-01  -2.3826348e-01  -1.4307729e-01  -5.7778347e-02   2.8374325e-01   1.5407418e-01   7.0552973e-02   2.8980783e-01  -2.5975873e-01   1.9614526e-02   1.5304859e-01   2.0282902e-01   1.6829240e-01   1.4180977e-01  -7.4956565e-02   3.1826286e-01  -1.7271996e-01   1.3047754e-01   2.3530482e-02  -1.9321931e-01  -2.0111224e-01   2.2124236e-01   2.9426539e-01  -5.9593771e-02  -4.2607665e-01   2.0231605e-01   6.1081189e-02   2.6280707e-01   4.8891736e-03   1.3208902e-01   1.8806541e-01
