   0.0000000e+00   1.5869700e-02  -3.3755184e-01   3.0298882e-01   9.3776045e-03  -1.8880560e-02   2.6180996e-02   2.1989650e-01   3.0659789e-01  -1.9295331e-01  -2.8753534e-02  -3.6644236e-01  -1.7288301e-01   3.8023803e-01   2.4664031e-01  -1.0869909e-01  -3.1408925e-01   1.8128665e-01   5.9969294e-02  -2.7233248e-01   2.5200473e-02   1.3165863e-01  -1.9971755e-01   8.3074954e-01   1.1480849e-01   1.1077421e-01   3.8232771e-02   1.1753839e-01   2.4028212e-01   1.9518105e-01   4.0684965e-01   1.8316200e-02   3.4129922e-02  -3.2649280e-01   1.2706312e-01  -1.1253374e-01  -4.2592685e-02   1.2494067e-02  -1.5438056e-02  -3.0277413e-01   4.5815064e-02   6.0948215e-03  -3.0774396e-02   2.7011745e-01   1.3054834e-01   1.9071283e-01  -1.0556483e-01   1.2944666e-01  -1.7844571e-02  -3.8778554e-01   6.3413797e-02   2.6033061e-01  -2.5695130e-01  -1.5288590e-01   2.1538167e-01  -4.4971270e-03   5.1736888e-03   2.0045602e-01   3.5117282e-01   2.3330729e-01  -1.8534583e-01   3.8668449e-02   4.6282460e-02   3.0393244e-01   2.2925433e-01  -3.3380608e-01  -1.8503822e-02  -2.9027889e-02   9.9599938e-02  -2.2507378e-01  -1.3489357e-01   1.5639637e-01   2.4393746e-01   1.1754532e-01   1.2829160e-01   1.2836123e-01  -4.0715963e-02   2.7408391e-01  -8.4586631e-02  -2.5590743e-02   2.2472794e-01   2.0755773e-02  -4.1251936e-01   6.2635599e-02   3.9997927e-01   1.2284462e-01   3.4034930e-01   5.2204393e-01   3.3660541e-01   7.5804467e-01  -1.9206521e-01  -2.5585565e-01  -5.3520897e-01   4.4568582e-01   1.9142101e-01  -3.2318010e-01   9.2816744e-02   2.0742088e-01   1.6451602e-01   9.7847512e-02  -4.6331486e-02   7.8719833e-02   2.4827765e-01   1.2074452e-01   3.3480880e-01   1.1720463e-01  -1.0993153e-01   1.9802766e-01  -3.0885039e-02  -7.3992878e-02  -5.2050970e-01   1.7130158e-01   2.9469416e-02   7.6516272e-01   3.4474684e-01   6.7555166e-02   6.2966613e-02   8.1307996e-02   2.3522322e-01   2.9963126e-01   1.4074767e-01  -3.1154920e-01   2.3812594e-01   3.2021633e-01   2.4491043e-01   5.2272211e-01   6.1132853e-02   1.1149514e-01   1.6475268e-01  -2.6758751e-01  -1.0678031e-01  -2.5188861e-01   3.2860246e-01  -1.1975007e-01   2.9648067e-01   1.5517931e-01  -8.9154888e-02   3.5385421e-01   1.9279714e-01   4.1009114e-01   8.0412828e-01  -7.4317687e-02  -1.7833724e-02  -3.6358404e-01  -8.3424640e-03   4.4218085e-01  -1.5892143e-01  -1.2452561e-01  -1.8135796e-01  -9.7166719e-02   3.4517069e-01   2.4096652e-01   3.4162193e-02   2.5130089e-02  -4.3306139e-01   4.0643689e-01   1.9313350e-01   1.7970567e-01  -2.7550564e-01   2.3356003e-01   4.4818497e-02  -3.8268996e-03  -1.8022469e-01   3.2866061e-01  -7.8733309e-02  -4.7344405e-02   1.2103584e-01   2.2258039e-02  -2.4967261e-03  -3.6287045e-01   1.6347687e-02  -2.7995836e-01   2.0865285e-01  -5.2423766e-02   2.4581003e-01   8.2409114e-02   8.3275352e-02
   1.5869700e-02   0.0000000e+00   3.8622819e-01   8.9781598e-02   5.2775780e-01   2.9211756e-01   1.1339631e-02   1.4516679e-01   3.5872924e-02  -1.7891298e-01  -3.0412275e-01   1.8438551e-01  -3.3600891e-01  -7.2173705e-02  -2.0809598e-01  -8.4438728e-02   4.2921657e-01  -1.5955390e-01   7.8004326e-02   4.3085468e-01  -2.7660013e-01  -3.5611834e-02  -1.5630432e-01  -1.7203164e-02   3.7044316e-01  -1.2154193e-01   1.4482119e-01  -6.4279419e-02   1.3357723e-01   1.2905809e-01   6.8652706e-02  -5.1775496e-02  -1.1482657e-01   2.2774584e-02   2.3677853e-01   4.4415589e-01  -1.6121673e-01  -4.4156702e-01  -6.8055285e-02   4.6101660e-01  -1.0854315e-01  -9.7193247e-02   1.8343135e-01  -1.3224886e-01  -1.9320153e-01  -1.4136263e-01  -1.9808204e-02  -6.2221654e-02   1.3229175e-01   2.0976082e-01  -2.3914580e-01   3.9324461e-02   7.3157677e-02   1.0789695e-01  -1.4915988e-01  -2.9031350e-01  -2.3365765e-02  -1.2948167e-01  -3.5167203e-02   8.0715914e-02   8.2117453e-02  -4.6820630e-02   4.5956417e-01  -5.3417069e-02  -1.0839146e-01   7.4860308e-02   2.4284748e-01  -2.5856173e-02  -8.4716055e-02   2.5917062e-01   5.5681294e-01  -1.7558297e-02  -1.5721628e-02   1.8950057e-01   2.0715703e-01  -1.0480559e-01  -1.9656806e-01   5.3499111e-02   2.8238505e-01  -1.8087816e-01  -2.7794830e-03  -1.6917030e-01   2.5181440e-01  -1.5960733e-01   2.0569503e-01   2.6303216e-01   2.4804961e-01  -6.7458716e-02   2.8837040e-01  -5.0169017e-02   3.6703635e-01   3.5662302e-02   1.4622128e-01   9.2419450e-02  -2.6319189e-01   2.9506000e-01   3.4481877e-01   3.1131681e-01   1.6710804e-01   5.4282255e-02   4.2213315e-02  -2.1780841e-01  -5.3812484e-02   3.3901182e-01  -2.0057884e-01   3.2959450e-01   1.5040952e-01   7.7489784e-02  -6.2380823e-02   2.7621244e-02   5.7771479e-02   9.0221464e-02  -3.9547192e-01  -1.1596693e-01  -5.6905124e-02   1.6890472e-01  -2.7096698e-01   1.0410851e-03  -3.6644992e-02   2.1455478e-01  -5.1403907e-01   3.6978553e-01   3.7210656e-01   2.9142231e-01  -2.2673475e-01  -1.8378313e-02  -9.1274941e-02   1.9351168e-01  -1.6451661e-01   4.4879679e-01  -2.3994959e-01  -2.8771494e-02   2.4741792e-01  -2.1545960e-01  -2.5365880e-01   1.7212801e-01  -1.4333907e-02  -1.2946040e-01   1.8312394e-01  -3.0871927e-01  -2.7657074e-01  -1.9529732e-01  -1.0666504e-01   2.4983860e-02  -1.1453961e-01  -1.7687223e-01   9.7341760e-02   1.8205921e-01   1.3524106e-01  -2.7943641e-02   4.7137326e-02  -2.2452086e-01  -3.6540825e-01   2.4570608e-02   3.4175245e-01  -1.3460201e-01  -4.9714168e-01  -8.9554512e-03   4.4957499e-02   1.3993215e-01  -6.6880152e-02   2.7584790e-02   3.1604982e-01  -9.8084938e-02   3.4744449e-01   3.2288352e-02  -2.2467798e-01  -2.4611674e-02  -2.6596342e-01   5.5074581e-01   1.3874490e-01  -3.8232940e-01  -2.1315572e-01   1.5442303e-01   2.7838527e-02  -1.2328623e-01  -3.0316366e-02
  -3.3755184e-01   3.8622819e-01   0.0000000e+00  -4.4022545e-01   2.2963190e-02  -1.3460137e-02  -2.4318166e-01  -1.8288850e-01  -1.8839594e-01  -1.0404360e-01  -2.4023144e-01   5.4173196e-01   1.5873751e-01  -3.1978818e-01  -3.4179322e-01   1.3543416e-01   9.2093358e-01  -4.4218086e-01  -6.0823033e-03   4.8637513e-01  -3.7782627e-01  -2.6212442e-01  -1.1052861e-01  -3.0866997e-01   6.4269862e-02  -3.0737966e-01  -2.0593898e-01  -3.7695869e-01   9.3704447e-02  -4.1468664e-01  -2.8535481e-01  -2.2528912e-01   1.4210803e-01   1.0487876e-01  -1.1154652e-01  -2.6352819e-02  -2.4863959e-01  -2.8709190e-01   2.0027775e-01   6.5208019e-01   7.7270313e-03   3.0645392e-01   4.6086725e-01  -2.5387620e-01  -3.9558870e-01   6.6021354e-02  -2.2564688e-01  -3.8945111e-01  -2.3255120e-01   7.7864972e-01  -2.9911478e-01  -3.3515100e-01   1.2754340e-01   6.7894465e-01   1.6195196e-02  -1.9918003e-01  -2.7951876e-02  -4.0585300e-01  -1.8226552e-01  -2.0642071e-01   5.0419318e-01  -2.1820778e-01   2.7332131e-01  -2.7255831e-01  -5.6616603e-01   1.3044456e-01  -3.1675702e-02   1.6173884e-01  -2.5693532e-01   6.3776158e-01   5.1961230e-01  -1.6387548e-01  -7.4525534e-02   4.1502818e-01   1.4102375e-01  -4.7626218e-01   2.3240010e-01  -2.0270987e-01   4.7913585e-02   2.3401706e-01  -3.9338291e-01  -8.1263746e-02   5.7588242e-01  -3.7374746e-01   1.8809307e-01  -9.7516796e-02  -2.3408374e-01  -2.1083509e-01  -1.3276497e-01  -3.5142126e-01   1.6621542e-01   6.4492678e-01   3.5887142e-01  -4.1458461e-01  -7.2168760e-02   6.2302951e-01   1.7427977e-01  -1.8367672e-01  -1.4992642e-01  -2.8050074e-01   2.9350534e-01  -1.7714626e-01  -4.7372509e-01  -2.8384482e-02  -6.0940768e-01  -2.2484827e-01   5.6934154e-01  -2.2638317e-01  -1.2913431e-01  -1.6369232e-01   5.1999065e-01  -3.3940544e-01  -1.6095757e-01  -3.2052247e-01   4.6857637e-02  -1.5471991e-01  -3.3850200e-01   6.7964464e-02   7.8665298e-02  -2.7538791e-01  -8.1230131e-02   5.6072995e-01  -6.4992758e-02  -4.6710189e-01  -1.4991220e-01  -3.4033920e-01  -4.4499821e-01   3.4028511e-01  -4.9699504e-01   7.4412618e-01   1.5377143e-01  -4.2532378e-02  -4.1079753e-02  -3.8975372e-01  -1.7584012e-01  -1.8043690e-01   3.9517040e-01  -4.8095720e-01  -3.4694010e-01  -2.1484960e-01  -3.9731569e-01   2.6456418e-01  -1.5522852e-01   3.1713346e-01  -1.0850082e-01  -5.6003646e-01   4.2749285e-01  -1.4067599e-01  -4.8439890e-02  -4.4539563e-02   1.6775107e-01  -6.1508149e-01   1.4897005e-01  -3.4652672e-01   7.7715197e-01  -1.3983744e-01  -1.7102498e-01  -2.4814493e-02   6.1604783e-01  -2.8822092e-01   1.2683477e-01  -1.2804112e-01   3.5782598e-01  -5.3434247e-01   2.5602003e-02  -1.2832912e-01  -3.5401225e-01  -3.3150408e-01   3.1622584e-01   3.5680546e-01  -1.3546468e-01   1.9230124e-02  -5.0027038e-01  -4.7356902e-02   6.9956773e-02  -1.1951696e-02  -1.1794451e-01
   3.0298882e-01   8.9781598e-02  -4.4022545e-01   0.0000000e+00   1.6549189e-01   2.1981939e-01   3.8821816e-02   3.0790695e-01   2.0953696e-01  -1.7179251e-01  -7.9403809e-03  -3.4866454e-01  -1.5611984e-01   3.8499051e-01   3.4713749e-01   1.3004733e-01  -3.7213903e-01   4.8782505e-01  -1.6368108e-02  -2.3033420e-01   1.6964686e-01   4.5328845e-01  -3.9532971e-02   1.4793640e-01   1.6501817e-01   3.3041782e-01   4.8066153e-01   4.4398776e-01  -1.0231512e-01   5.8862713e-01   6.4394816e-02   4.4864759e-01  -8.9043597e-03  -8.3349013e-02   7.1038815e-02   2.0353455e-01   2.1518803e-03  -1.7763228e-01   2.4475555e-02  -1.3589305e-01   4.6822157e-02  -1.3889668e-01  -3.7789997e-01   3.8309246e-01   7.5690465e-02  -4.1951848e-02   3.9479637e-01   2.5006825e-01   1.4291928e-01  -4.6590726e-01   3.6543686e-01   3.8093727e-01  -1.5604384e-01  -3.1145236e-01   2.5727802e-02   1.6925153e-01  -3.1398151e-02   6.2278465e-01   3.1392228e-01   3.7454378e-01  -2.7721372e-01   1.5031904e-01   1.7531207e-01   3.0020796e-01   3.5785174e-01  -1.3371305e-01   3.2706188e-01  -2.6300434e-01   4.3637225e-01  -2.4733418e-01  -2.2121515e-01   2.2949006e-01   1.4989714e-01   2.6650229e-02   1.6769509e-02   3.0036190e-01  -1.5467133e-01   4.3248082e-01   9.3964371e-02  -1.5155084e-01   4.1751152e-01   3.2935355e-02  -2.2803954e-01   2.8952968e-01   2.5155452e-01   1.2340971e-01  -3.7981324e-02   1.5957024e-01   3.3591880e-01   3.2636059e-01  -3.9221553e-02  -3.2756157e-01  -2.1107944e-01   6.2352610e-01   3.4695249e-02  -3.9537694e-01   2.9686060e-02   2.5353429e-01   1.9838519e-01   1.4991800e-01  -1.6659686e-01  -1.3698594e-01   4.8952234e-01   5.3851413e-02   5.1983836e-01   5.2406020e-01  -1.8433186e-01   4.2830599e-01   1.5766117e-01   3.5527685e-01  -3.0722330e-01   6.6244878e-01   1.6391356e-01   2.5353895e-01   1.6508996e-01   2.0783559e-01   2.4339478e-01   4.9060151e-02   1.9416512e-01   6.3170005e-01  -3.3019567e-01  -2.5045955e-01   2.9341198e-01   4.4778289e-01   1.1583192e-01   5.4995842e-01   2.9428480e-01  -1.0766867e-01   5.7808713e-01  -2.7451205e-01  -1.2486775e-01   4.9172559e-02   2.8662644e-01   1.9795409e-01   3.9931945e-01   1.9850408e-01  -2.5141184e-01   3.8228219e-01   2.7582563e-01  -9.7954174e-02   2.3034518e-01  -3.0865665e-01   1.1348078e-01   5.2046951e-02  -1.2209303e-01   2.3306026e-01  -2.5328295e-01   2.6164687e-02   2.0596070e-01   6.9070800e-02   6.8487706e-02   4.2211725e-01  -2.3654938e-01   1.3212538e-01  -2.4560181e-01  -9.5537350e-02  -1.3315696e-01   3.0362604e-01  -3.8100288e-01   3.7914467e-01  -3.6061568e-01   1.2756443e-01  -1.2932610e-01   6.2696437e-01   3.8286335e-01  -5.4616072e-02   1.0524980e-01   3.6034039e-01  -2.7899500e-01  -7.1635707e-02   8.0327731e-03  -5.3751152e-01   2.1919406e-01   4.2583567e-01   6.1685843e-02   1.5025563e-01   4.6565663e-01
   9.3776045e-03   5.2775780e-01   2.2963190e-02   1.6549189e-01   0.0000000e+00   2.1364348e-01  -2.1184660e-01   2.5286099e-01   2.1410972e-02  -8.7435597e-02  -2.1303758e-01  -1.7537891e-01  -2.4532811e-01  -6.9992184e-02  -2.9694328e-01  -1.4404155e-01   1.3681765e-01   4.3960598e-02   1.7679270e-01   6.4718896e-01  -2.4978337e-01   1.1554018e-01  -3.0588324e-01  -3.3377044e-02   2.9090213e-01  -1.8025225e-01   2.6130862e-01   8.1557693e-03   1.0556024e-01   5.1085832e-02  -1.5515213e-03   9.9573382e-02  -1.4492725e-02  -1.3330165e-01   3.0273914e-01   7.2108649e-01   1.3834360e-01  -1.7986233e-01  -1.0616615e-02   2.7261516e-01  -6.7053765e-02  -1.6842422e-01   1.3059837e-02  -1.8118068e-01   7.5287493e-02  -9.4921718e-02   1.6693867e-01  -1.2100371e-01   4.9223870e-01   1.5746600e-02  -7.9882068e-02   5.0401871e-02  -1.6907125e-01  -9.3186209e-02  -3.2943917e-01  -1.8591247e-01   7.5349123e-02   1.8110028e-02   1.1755451e-03   5.5011146e-02   4.1019833e-02   3.2511431e-01   2.8884030e-01  -1.0064572e-01   6.4468210e-02   2.0629783e-01   2.7977718e-01   1.7696729e-01   1.2512565e-01  -1.9143373e-01   1.7200808e-01   1.8165572e-01  -1.0652586e-01  -4.6858894e-02   8.7949973e-02   1.4803006e-01  -1.1455144e-01   1.2382881e-01   5.8880674e-01  -3.7184151e-02  -1.4866208e-02  -2.2233618e-01   8.4146924e-03  -1.3835625e-02  -2.8657484e-02   2.8194107e-01   1.1227369e-01  -1.5529989e-01   3.1002802e-01   7.6407274e-02   7.7388996e-01  -1.8969453e-02   1.9278970e-01   1.1330889e-01  -1.4887440e-01   4.0630961e-01   2.9655571e-01   3.0888193e-01   4.4324028e-01  -8.3859571e-02  -2.2144979e-01  -3.9426448e-01   8.5208676e-02   2.1902821e-01   5.0879052e-02   3.1780966e-01  -1.6121866e-02   2.2387212e-02   8.8358021e-02   1.2744174e-01  -2.5768169e-01   1.2161316e-01  -2.4716195e-01  -7.9615435e-02  -3.4691734e-01   4.0749091e-01  -1.7948390e-01   2.9165625e-02  -1.3421694e-01   2.1075490e-01  -3.4609253e-01   5.3326418e-01   2.2277314e-01   4.5879190e-01  -1.0717792e-01  -9.4217434e-02   8.7566485e-02   5.2355265e-02  -3.8759726e-03   2.2481526e-02  -3.6796579e-02   9.0923297e-03   3.2504338e-02  -1.5210339e-01  -1.7063477e-01   1.5177370e-01   1.0856021e-02  -9.7603557e-02   2.6899587e-01  -2.9876902e-01  -2.2521428e-01  -1.9871334e-01  -1.8307053e-02  -1.7921397e-01  -3.1552440e-01  -3.7171943e-02  -3.0801597e-01   3.2707761e-01   2.3020801e-01  -1.8712037e-01  -2.0116823e-01   2.9371352e-02  -3.3468756e-01   2.2345781e-01   1.1703135e-01  -7.2380780e-02  -3.0267280e-01  -1.6106121e-02   7.0121046e-02   1.1976358e-01   2.9729876e-02   2.1815197e-02   1.9307984e-01   1.1277096e-01   2.9741128e-01   2.1896749e-01  -2.8216940e-01  -5.2939128e-02  -2.5198620e-01   4.9664416e-01   3.4065913e-01  -2.9619480e-01   9.7534241e-02   1.0195743e-01  -4.7561741e-02   7.8326261e-03  -1.3389494e-01
  -1.8880560e-02   2.9211756e-01  -1.3460137e-02   2.1981939e-01   2.1364348e-01   0.0000000e+00   7.1326002e-02   4.4256399e-01   2.4803236e-02   4.2854635e-03   3.3393625e-02   3.4695043e-02  -9.4780902e-02   1.7328069e-01   1.0417248e-01   5.7015286e-02  -2.8490697e-04   5.9971655e-02   3.0415749e-01   6.3615625e-02  -1.7946154e-01   2.0281502e-01   6.3470744e-02  -5.1757078e-03   1.8953208e-01   3.3003883e-01   3.1416484e-01   2.7662721e-01   8.0850301e-02   2.8684072e-01   1.9950958e-01   1.7834974e-01  -2.2158242e-01   9.6214370e-02   7.8042099e-02   2.0830479e-01  -8.5758231e-02  -4.4316978e-01  -2.5851902e-02   5.1677471e-02   1.4944444e-02  -1.2019843e-01  -1.3529329e-02   2.0532585e-01  -1.7823947e-02  -1.1955885e-01   9.5240800e-02  -1.6043081e-01   7.8260886e-02  -1.5894242e-01   1.0909774e-01   2.9694714e-01  -2.3752482e-01  -5.8355022e-02   6.7349407e-02   1.5757888e-01   4.3104865e-01   1.5023905e-01   2.2989916e-01   1.9964280e-01  -2.1940640e-01  -1.7311824e-03   1.1367919e-01   3.8401460e-02  -5.4475382e-02   1.2844113e-01   6.0583333e-01  -2.4433597e-01   3.2149723e-01   5.8150970e-02  -9.5365399e-02   6.9319612e-02  -3.4175299e-02   1.7555153e-01   1.3381340e-01   2.0489085e-01  -3.6610586e-01   3.3736377e-01   1.5511338e-01  -1.4618080e-01   2.8868602e-01  -1.4159871e-01  -1.6055636e-02   2.0658761e-01   2.3133866e-02   4.2660305e-01   4.0066552e-02   1.4099785e-01   2.0017512e-01  -7.8426779e-03   1.0236780e-01  -1.4991347e-01   1.3283866e-01   1.7791925e-01  -3.2006813e-01  -2.1711914e-03   3.5160639e-01   5.4216424e-01   1.4537497e-01   1.4022472e-01  -1.9771506e-01  -1.4333128e-01   1.8080900e-01   2.2099731e-01   2.0453574e-01   4.1404366e-01  -6.4294310e-03   4.3814853e-01   2.0933640e-01   1.5810288e-01  -5.8758830e-02   3.2846922e-01  -1.1507566e-01  -2.0475826e-01   1.6879480e-01   8.4964308e-02   2.5894653e-01   2.8224341e-02  -1.1687477e-02   3.4212788e-01  -3.6918920e-01   1.0192422e-01   1.4910441e-01   7.1919829e-02  -6.7957932e-02   2.2883019e-01   1.5866620e-01   5.0460858e-02   1.9214814e-01   3.1468337e-02  -2.1570128e-01  -1.1401281e-01   4.1707998e-01  -8.3151665e-02  -4.7583352e-02   4.0360515e-01   1.3575690e-02   7.5473885e-02   4.4160874e-01  -3.5804658e-01  -2.1762202e-01  -3.3611910e-01   1.4398441e-01   1.7642657e-01   6.5727856e-02   4.1261485e-02   1.0529723e-02   1.6849669e-01   3.6214361e-01  -2.0820204e-01   7.6156151e-02   1.9131575e-01  -2.4011105e-01  -4.9675428e-02   1.4152174e-01  -1.2985294e-01  -4.1113996e-01   1.9378279e-01  -1.1174542e-01   3.3358915e-01  -2.8932792e-01   2.1147091e-01  -5.6315489e-02   1.4704288e-01   3.3348701e-01   9.3038079e-03  -1.5347634e-02   2.1465835e-01  -2.2533463e-01   1.4460847e-01   2.3458443e-01  -4.6716678e-01  -3.2089425e-02   3.9552359e-01   7.8227321e-02  -1.3720076e-01   1.7870940e-01
   2.6180996e-02   1.1339631e-02  -2.4318166e-01   3.8821816e-02  -2.1184660e-01   7.1326002e-02   0.0000000e+00  -9.8985288e-02   1.0265348e-02   4.0628109e-01   2.5050760e-01   4.0525392e-01  -9.1673393e-02   5.1720894e-02   3.1275642e-01  -6.9290118e-02  -3.9544897e-01   3.6418580e-02  -4.0502429e-02  -3.0827756e-01   4.5121581e-01  -2.4754920e-01   7.5015504e-01   6.2163772e-02   1.5616798e-01   2.5893861e-02  -1.5593287e-01   9.5061434e-02   9.8110468e-02   7.3236198e-02   3.2784261e-01  -1.3003843e-01  -2.1800898e-01   5.1076045e-01   9.0914576e-02   9.7012001e-03  -1.0355522e-01  -1.6189701e-01  -2.1591032e-01  -3.0974697e-01  -4.7219727e-03  -1.6972036e-01  -9.7519174e-02  -4.8538575e-04   1.5952415e-01  -2.4142264e-01  -1.3997200e-02   6.3864591e-01  -1.1838226e-01  -3.7525902e-01   1.7519121e-01   4.1405594e-03   3.0129439e-01  -3.7267285e-01   6.6923879e-02   1.5393684e-01   8.9812202e-02  -1.8955138e-01  -1.5747994e-02  -4.1568107e-02  -4.4583117e-01   1.4305369e-01  -3.1396574e-01   1.5805025e-01   2.7774633e-01   2.7865121e-01  -4.3918671e-02  -5.6894387e-02  -1.2308585e-01   7.4020339e-02   1.0878035e-01  -2.4919577e-01  -1.8866782e-02  -3.0182562e-01  -6.1639356e-02  -3.3696461e-02  -3.9314341e-01  -1.6551363e-01  -7.9588242e-02  -2.6177659e-01   3.2990830e-01   1.5165189e-01  -1.7244617e-01  -8.9062108e-02  -1.9249793e-01   1.8964933e-02   4.0119365e-01   6.6518129e-02   2.5833092e-02  -9.8560191e-02  -2.1765865e-01  -5.4031623e-01   2.8996197e-02   2.1885829e-01  -2.2797451e-01  -4.4542084e-01   1.7851687e-02   2.5894105e-01  -1.5295139e-02   2.1625809e-01   1.4294215e-01   5.3757383e-01   1.3901524e-01  -9.1191631e-02   2.0972106e-01   2.9951590e-02  -4.2673873e-01  -4.5978239e-03   1.3374057e-01  -9.1276964e-02   8.9451844e-02  -8.9775442e-02  -1.6475449e-01  -8.6167348e-02   2.6688148e-01  -1.1391817e-01  -7.6975208e-02   8.5641614e-02  -1.2485044e-01   2.1952012e-02  -2.1950405e-01  -4.3141684e-01   1.7314786e-01   9.4665533e-02  -9.7161533e-02   1.6671289e-02   3.6372746e-01  -1.9313207e-01  -3.2803455e-02  -1.4867289e-01  -3.2333050e-01   2.4854865e-01  -2.6520835e-02   4.9976038e-01  -1.8509502e-01   2.2000786e-02  -2.1006959e-01   4.7247250e-01   3.2944718e-02  -5.4782366e-02   1.9635378e-02  -1.7888630e-01  -1.3050788e-01  -8.2501887e-02   7.6716466e-01   2.0736460e-01   5.4927074e-01   6.9976317e-02   7.5324375e-02   2.3600614e-01   1.5185244e-01   1.3080864e-01  -3.4679259e-01   1.2679704e-01  -3.1620414e-01  -1.2901139e-01  -2.4450264e-01   1.4571915e-03  -5.5758080e-01   2.2126184e-01  -2.1891353e-01  -6.6089814e-02  -1.0771112e-01   6.5395246e-02  -1.1188242e-01   1.6607280e-01   4.5501648e-01   1.2817332e-01  -4.5959888e-01  -1.5820631e-01   2.1195689e-01  -1.8162509e-01  -7.3271018e-02  -8.7388460e-02   8.1004487e-02  -2.0466543e-01  -1.9101416e-02
   2.1989650e-01   1.4516679e-01  -1.8288850e-01   3.0790695e-01   2.5286099e-01   4.4256399e-01  -9.8985288e-02   0.0000000e+00  -8.9528325e-02  -1.2897822e-01  -1.7204492e-02  -1.9220946e-01  -1.2710679e-01   1.0038189e-01   7.0661103e-02  -4.4170971e-02  -1.7227571e-01   1.8898529e-01   5.7472830e-02   4.1673974e-03  -1.3034044e-01   2.8420499e-01  -2.0815684e-01   1.6508291e-01   2.6415878e-01   3.2985377e-01   3.6870562e-01   2.6343084e-01   1.8211607e-01   2.7228875e-01   1.7338247e-01   1.9615973e-01  -2.3214000e-01  -2.9238936e-01   7.7418231e-02   1.4572174e-01  -4.3827651e-02  -1.2951031e-01  -3.3997812e-02  -1.6252497e-01  -8.2671909e-02  -2.9941882e-01  -2.3735283e-01   3.6611573e-01  -3.9785696e-02  -9.8793780e-02   1.1700895e-01  -1.2529111e-01   1.7647915e-01  -2.9804480e-01   1.9036050e-01   4.2408685e-01  -3.8567039e-01  -2.4071785e-01   3.3846300e-02   6.5062247e-03   1.4598204e-01   2.2116712e-01   2.9847626e-01   8.3770023e-02  -1.7352752e-01   1.5465173e-01   1.3261877e-01   1.0165840e-01   1.3495913e-01  -6.8696924e-02   3.3706672e-01  -1.9054469e-01   4.2090321e-01  -1.8754732e-01  -2.0268453e-01   1.7150841e-01   1.0824293e-02   6.3066335e-02   3.4584065e-02   3.5790686e-01  -2.0363830e-01   6.0716883e-01   2.5376962e-01  -4.4646367e-02   2.4875624e-01  -1.7162067e-01  -2.6757153e-01   4.8587156e-01   1.1252964e-01   3.9585528e-01   6.1880360e-02   1.3718670e-01   3.7299978e-01   3.0580276e-01   1.7467648e-01  -1.5886787e-01  -1.5428271e-01   1.5599247e-01  -9.1794795e-02  -1.0799581e-01   3.2376851e-01   3.9706598e-01   2.8449739e-01   5.4226868e-02  -2.4609313e-01  -1.7862978e-01   3.4746679e-01   1.7900985e-01   2.8907067e-01   5.1522597e-01  -2.3840270e-01   5.0544949e-01   1.2099867e-01   7.7710830e-02  -3.0433223e-01   2.8689149e-01  -1.4073663e-01   1.9672192e-01   1.0309437e-01   2.8869040e-01   1.3519573e-01  -4.0440686e-02   8.5935953e-02   2.9926452e-01  -1.2606086e-01   6.2633082e-02   1.7486641e-01   3.1025746e-01   4.2736134e-02   2.5287111e-01   1.2378185e-01  -1.0076773e-01   2.9856842e-01  -1.6466066e-01  -2.3715035e-01  -1.5516031e-01   3.2094229e-01  -5.4817075e-02  -1.2738905e-01   5.3776349e-01  -4.5619561e-02   2.0435135e-01   4.3159530e-01  -1.4009675e-01   2.0122800e-02  -2.6864539e-01   1.3280200e-01  -9.2224828e-02  -1.2879944e-01   3.3940337e-01  -2.4400074e-01   1.5489690e-01   1.2448710e-01  -1.6199565e-01   4.9238207e-02   5.1488966e-01  -2.0183649e-01   6.6410010e-02  -6.6927235e-02   3.4118428e-02  -1.7864240e-01   1.4239058e-01  -1.8607679e-01   3.2318668e-01  -1.9064795e-01   1.8204793e-01  -9.3138051e-02   3.7351445e-01   2.3047276e-01   9.8407062e-02  -4.8355791e-02   2.5397397e-01  -2.6123308e-01  -1.1786270e-01   1.9972901e-01  -3.8835678e-01   1.4487590e-01   2.1217004e-01  -3.8000468e-02  -5.3767562e-02   1.1526361e-01
   3.0659789e-01   3.5872924e-02  -1.8839594e-01   2.0953696e-01   2.1410972e-02   2.4803236e-02   1.0265348e-02  -8.9528325e-02   0.0000000e+00  -8.8012867e-02   1.9768487e-01  -1.0337481e-01   4.6616186e-02   1.2688513e-02   1.5537784e-01   2.6207424e-01  -1.5708691e-01   1.8129929e-01   1.8797980e-01  -2.0730255e-01  -4.1685059e-02   1.1025428e-01  -4.0331357e-02   1.5621130e-01  -1.4382749e-01   2.4691754e-01   2.8830036e-01  -9.0470514e-02  -5.6566106e-02   3.5832477e-02   1.7807551e-01   9.0905647e-03   3.3712612e-01  -1.2984974e-01   1.4988046e-01  -1.4024660e-01  -1.4387462e-01  -1.0125093e-01   2.4135218e-01  -1.4521883e-01   2.0399835e-01   2.3576599e-01   1.9354305e-01   4.0075522e-03   3.5895971e-01   5.9393881e-02  -5.6855130e-02   6.2183916e-02   5.2357400e-02  -1.2329714e-01   9.6717900e-02   1.6431956e-01   1.1436482e-02  -4.8213238e-02   1.0620739e-01  -1.4078519e-02   1.5695640e-01   1.6072048e-01   4.5221699e-01   2.5215650e-01  -7.0021095e-02   1.7265823e-01   3.3467493e-01   2.8991513e-01   3.4050337e-01  -1.2717980e-01  -1.2477843e-02  -1.0228516e-01   7.8974591e-02  -2.9742554e-01  -9.9744769e-02   3.1295390e-02   1.2055152e-01   3.6633370e-02   1.6133005e-01   4.1067566e-02   7.1293837e-02   6.9754182e-02   1.5913299e-01   3.4936806e-01   3.3976229e-03   2.1145099e-01  -3.0489748e-01   4.7693108e-02  -3.8296600e-02  -1.8179034e-01   1.4225871e-01   3.8794679e-02   4.2046627e-02   3.3790260e-01  -7.0024108e-02  -1.4624309e-03  -2.2908678e-01   3.6126198e-01   5.3793481e-02  -1.2766492e-01  -1.1033695e-01   7.9921952e-02   6.1013610e-02   1.2749166e-01  -7.3762980e-02   1.7668553e-01  -4.9877384e-02   4.5347570e-01   2.3462986e-01   3.2796805e-02   6.9242826e-02   1.7531734e-01  -1.0517930e-01  -1.5563245e-01  -1.9628742e-01   9.6820647e-03   1.9183845e-01   2.9810078e-01  -1.0557967e-01   3.6753018e-01   1.8562150e-01   2.7078576e-01  -1.8498532e-01   1.7591099e-01   1.5845977e-01  -1.2359251e-01   6.5928905e-02   3.8360564e-01   9.3943298e-02   1.3138076e-01   1.2764075e-01   2.4305942e-01   3.7623291e-01  -3.8721701e-01   1.7543306e-01   9.9518119e-02   1.7761965e-01  -1.3452226e-01   4.2298767e-01   1.0566545e-03   1.9993505e-01   7.3372622e-02   6.1220573e-02   4.4854101e-02   3.0253213e-01  -7.0639310e-02   2.2309985e-01  -3.2531002e-01  -2.3612021e-02   2.9858330e-01  -8.4017000e-02  -7.0742305e-02  -9.9764924e-02   1.5588134e-01  -1.5798102e-02   2.6518521e-02   2.3424361e-01   8.4570458e-02  -3.3650821e-01   1.7818818e-01   1.5477711e-01   2.5500288e-01  -2.4764146e-02  -5.3699721e-02  -1.4683776e-02   2.2257059e-01  -3.2311943e-01   1.7139832e-01   4.1368414e-03   3.4179326e-01   2.6984542e-01  -1.0914888e-01   8.0921237e-02  -2.5636920e-01   1.6900436e-01  -1.6458092e-01   2.6913746e-01  -3.0689401e-01   2.9065917e-01   2.9326718e-01   3.1863235e-01
  -1.9295331e-01  -1.7891298e-01  -1.0404360e-01  -1.7179251e-01  -8.7435597e-02   4.2854635e-03   4.0628109e-01  -1.2897822e-01  -8.8012867e-02   0.0000000e+00   2.9625338e-01   2.6729279e-01   1.0945426e-01  -2.4359024e-01  -7.4361827e-03  -3.1479990e-02  -2.3458276e-01  -1.9972675e-02   1.6915974e-01  -3.1589359e-03   2.7647865e-01  -3.0828117e-01   5.4650824e-01  -1.4731247e-01  -1.2673587e-01  -2.2594204e-02  -3.3553841e-01  -1.3978953e-01   2.3551103e-01  -2.9847269e-01   8.6425109e-02  -1.7411693e-01  -2.0187848e-01   4.7129179e-01  -7.0706346e-02  -5.7989589e-03   1.6029842e-01  -9.1673674e-04  -1.5631880e-01  -2.1165473e-01   1.0624556e-01  -6.0374495e-02   7.3766637e-02  -9.9798430e-02   1.3222801e-01  -1.4813534e-01   4.2611891e-02   1.8359088e-01  -9.6392978e-02  -1.6032451e-01   5.5914298e-03  -1.5456402e-01   3.0864015e-01  -2.0413181e-01  -9.5831476e-02   1.8932607e-01   2.8293621e-01  -2.2061187e-01  -1.1135972e-01  -3.0967559e-01  -1.8755809e-01   5.9689405e-02  -2.4213787e-01  -5.5908442e-02   1.0588138e-01   3.0691824e-01  -8.8563318e-02  -3.3126401e-02  -2.7721036e-01  -9.1021872e-02   3.2743810e-02  -2.5764048e-01  -2.3490196e-03  -1.7097541e-01  -1.9143783e-01  -1.3298328e-01  -1.5220139e-01  -1.8696102e-01   8.3294443e-02  -1.1078499e-01  -1.2427782e-01   2.2297334e-01   8.4636249e-02  -9.2212362e-02  -2.7154127e-01  -1.4609464e-01   4.7847433e-03  -1.9786329e-01   5.0314662e-02  -1.9911870e-01   2.0105185e-02  -1.4408458e-01   3.9289660e-01   6.0439247e-02  -1.5382185e-01  -2.7314663e-02  -9.1713018e-02   1.5105212e-01   1.5198422e-02   3.4451763e-01   1.5420843e-02   4.2742525e-01  -1.9014635e-01  -1.9108849e-01  -2.9326767e-02  -1.4375262e-01  -1.6700785e-01  -2.3752215e-01   1.8642251e-01  -1.0526861e-01   3.5845224e-01  -2.4528741e-01  -1.2974735e-02  -2.1708405e-01   1.8901644e-02  -1.6890078e-02  -7.4199940e-02   7.4757125e-02  -1.9336698e-01  -2.5582042e-01   9.5889092e-03   8.4392208e-03   3.2150540e-02  -5.2085168e-02  -2.6592675e-02  -3.7880550e-01   7.3581969e-02  -2.0273044e-01  -2.8136244e-02  -1.9606224e-01  -1.3554118e-01   4.0759996e-01  -9.4259977e-02   3.0476537e-01   1.1816530e-02  -1.9234198e-01  -8.2840796e-02  -7.2205809e-02  -1.6839207e-01  -1.3582008e-01  -1.0642116e-01  -2.0195192e-01  -6.2368471e-02   3.3659226e-02   3.7928491e-01  -6.8011884e-02   3.2145299e-01   4.3754612e-02   8.4721992e-02   2.4269144e-01  -1.4904443e-01  -8.1820457e-02  -1.0634087e-01   1.0509702e-01  -1.1136515e-01   7.8452048e-02  -2.7574563e-02  -8.1492415e-02  -1.3909620e-01  -1.1881919e-01  -5.6116993e-03   2.0780762e-03   8.6521584e-02  -1.5898211e-01  -2.3963691e-01   2.6052091e-01   2.3866930e-01   6.9685710e-02  -6.2111452e-02   7.2753129e-03   2.1911328e-01   2.6369238e-02  -1.6373140e-01  -1.2907551e-01  -9.9529597e-02   6.0971699e-02  -6.5673982e-02
  -2.8753534e-02  -3.0412275e-01  -2.4023144e-01  -7.9403809e-03  -2.1303758e-01   3.3393625e-02   2.5050760e-01  -1.7204492e-02   1.9768487e-01   2.9625338e-01   0.0000000e+00   4.3059686e-03   4.2790548e-02  -1.3608009e-02   2.0387006e-01   2.0877752e-01  -3.1526319e-01   2.9434628e-01  -9.6378959e-03  -2.4952754e-01   2.1472689e-01  -6.1017019e-02   3.8290920e-01  -2.3255050e-02  -2.9787292e-01   2.4373549e-01   1.1739057e-01   1.2996112e-02  -2.2238439e-01  -7.0692481e-02   1.5397828e-01  -9.8726072e-02   1.5270560e-01   5.3835852e-02  -5.1637672e-02   3.1336232e-02  -9.2421929e-02   1.8641248e-01   1.0048410e-01  -3.5339483e-01   1.1180217e-01   1.5135928e-01  -9.4971579e-02   1.9646456e-01   1.9200362e-01   4.8884592e-02   4.4450284e-01   1.3283312e-01  -7.2411101e-02  -2.4346140e-01   4.3356782e-01   1.3685782e-01  -9.4788455e-02  -1.3051544e-01   3.3859752e-02   4.0434197e-01   1.3865504e-01   4.3814219e-02  -2.0951468e-02   2.9706198e-02  -1.4874221e-01   6.4958455e-02  -3.3575835e-01   3.3660223e-01   1.3360820e-01   2.5909951e-01  -1.1608233e-02  -2.7345354e-01   2.2785845e-01  -8.0620284e-02  -3.6041059e-01  -7.6917091e-02   1.5348341e-01  -1.7519001e-01  -2.8598165e-01   5.2482377e-02   5.1123377e-02   9.9090276e-03  -1.0343704e-01  -6.0527668e-02   1.3856406e-02   2.4930906e-01  -1.6999342e-01   1.5917070e-01  -1.6153301e-01   4.5936140e-03  -9.8615591e-02  -2.0277757e-02  -1.4722858e-01   7.0192447e-02  -2.8648380e-01  -5.7849188e-02   4.0656683e-02   1.2674663e-01   1.4049882e-01  -1.7987566e-01  -3.6217087e-01   4.1431922e-02  -1.7527676e-02  -1.6900332e-02  -1.2401666e-01   3.9724976e-01  -1.7644962e-02  -5.1631050e-02   1.5734829e-01  -1.1672713e-01  -7.5407045e-02   1.1127166e-01  -8.1609437e-02   1.6337207e-01  -1.7181938e-02  -5.1275317e-02   1.0571330e-01   2.0032860e-02   1.4901609e-01  -2.4783348e-02   1.8306874e-01   2.6938522e-02  -9.4928782e-02  -9.4250770e-02   2.1718941e-01  -2.6621666e-01  -2.1194377e-01  -1.9920798e-03   1.7999569e-01  -7.0636785e-02   6.8176197e-02  -1.6408138e-01   1.1833459e-01  -3.1962413e-01   1.5099423e-01   1.9015178e-01  -1.2057440e-01   2.2306245e-01   8.8756459e-02  -5.3852834e-02  -1.4119561e-01   1.4309724e-01   5.7569973e-02   1.3932882e-01   1.5892266e-01  -1.0026627e-01   3.5247962e-01   3.0724583e-02   3.1463190e-01   3.0191497e-01   5.2697469e-02   2.6240531e-01   2.6661207e-01  -1.5572936e-01   5.1321927e-02   1.7030323e-01   2.0420407e-01   3.4163176e-01  -2.3852765e-01   2.5932169e-01   2.6324846e-01  -3.6070302e-04  -5.0397345e-02  -1.6968135e-02  -1.8917676e-01   5.0822189e-01  -8.0376669e-02   2.5228507e-01  -2.2897571e-01   1.4554712e-01   3.2802657e-01   1.5310959e-01   1.5136612e-01  -2.0368984e-01  -1.5361144e-02   5.3599295e-02   3.1628839e-01  -1.6179395e-03  -5.1925837e-02   1.2201098e-01   9.8724191e-02
  -3.6644236e-01   1.8438551e-01   5.4173196e-01  -3.4866454e-01  -1.7537891e-01   3.4695043e-02   4.0525392e-01  -1.9220946e-01  -1.0337481e-01   2.6729279e-01   4.3059686e-03   0.0000000e+00   2.3567838e-01  -2.4575458e-01   4.5551875e-02   1.6994325e-01   3.5058955e-01  -3.7706791e-01   2.4947889e-02   1.1380442e-01  -5.0537143e-02  -5.0081139e-01   3.9856136e-01  -3.5444354e-01   1.0783758e-01  -1.6647923e-01  -2.9242252e-01  -3.0049155e-01   1.3540276e-01  -3.9509083e-01  -5.9144753e-02  -3.8076019e-01  -3.5909326e-02   5.9055502e-01   1.2513453e-01  -7.2327412e-02  -3.7768069e-01  -3.0465763e-01   6.4130956e-02   1.6346020e-01   1.1244489e-01   1.3446976e-01   4.3735137e-01  -1.3691784e-01   1.4190452e-02  -2.6153661e-01  -2.6099710e-01   4.3503978e-02  -1.7136210e-01   3.0027559e-01  -1.2499736e-01  -3.7137617e-01   3.7522230e-01   2.2651361e-01   7.9524996e-02   2.1913320e-02   1.1357037e-01  -4.8295032e-01  -1.6294005e-01  -2.4243114e-01  -3.3932534e-02   3.9910307e-02   9.8822207e-02  -8.1088411e-02  -1.8073334e-01   3.2712789e-01  -5.7115370e-02   1.3525473e-01  -3.5558242e-01   3.6471383e-01   4.3576955e-01  -3.1087071e-01  -4.8450100e-02   2.4152454e-01   1.7572651e-01  -4.4093552e-01  -2.0525283e-01  -3.2023099e-01   1.4802940e-01   9.0233573e-02  -2.6757849e-01   1.7549827e-01   3.9649565e-01  -1.6521296e-01  -4.8819994e-02  -2.0282862e-01   8.7710317e-02  -9.7691596e-02  -7.2342239e-02  -4.4656481e-01   9.4944269e-03   1.3071334e-01   5.8098124e-01  -1.8423580e-01  -2.8857273e-01   1.3883681e-01   1.1086673e-01  -1.0277880e-01  -1.2584513e-01  -1.4171234e-02   3.0125509e-01   3.5602191e-01  -3.9628202e-01  -1.8504836e-01  -3.9700927e-01  -2.9722882e-01   1.4484744e-01  -2.4859869e-01   9.9040140e-02  -2.5773631e-01   6.7253812e-01  -3.7330746e-01  -1.3450394e-01  -4.2711077e-01   1.2852781e-01  -1.2255876e-01  -3.2721292e-01   2.1838381e-01  -5.3825914e-02  -3.3111084e-01  -2.5764274e-01   1.8407516e-01   1.0980699e-01  -2.4631639e-01  -2.6940970e-01  -2.2580453e-01   9.3456678e-04   3.1344087e-02  -3.5506945e-01   3.7931119e-01   3.4025409e-02   3.6561567e-01  -9.2717757e-02   1.6091710e-01  -2.1402130e-01  -3.1191376e-01   2.6269303e-01  -1.5481769e-01  -4.1467168e-01  -3.0467873e-01  -3.4560654e-01   4.0850086e-02  -8.6366946e-02   3.6402056e-01   4.7690168e-01  -3.6118071e-01   7.6695468e-01  -1.6163375e-01   8.2424610e-03   1.4137433e-01   1.3105105e-01  -3.9687892e-01  -3.1869022e-02  -1.9475220e-01   4.6230933e-01  -2.3480953e-01  -3.2205597e-01  -5.1289199e-02   5.9525214e-02  -2.8796067e-01   1.4231937e-01  -1.8228473e-01  -2.6012683e-02  -3.8880658e-01  -2.5052714e-01   2.5722210e-01   2.1802670e-01  -1.4297384e-01  -4.3292813e-02   1.1458311e-01   9.5988100e-02  -6.8040664e-02  -5.2699109e-01  -1.0134726e-01  -1.6992284e-03   9.8664310e-02  -1.9709796e-01
  -1.7288301e-01  -3.3600891e-01   1.5873751e-01  -1.5611984e-01  -2.4532811e-01  -9.4780902e-02  -9.1673393e-02  -1.2710679e-01   4.6616186e-02   1.0945426e-01   4.2790548e-02   2.3567838e-01   0.0000000e+00  -1.5197268e-01  -1.1234518e-01   5.3033431e-01   1.5845134e-01  -1.8874570e-01   2.1211734e-01   7.0751796e-02   1.7641461e-02  -2.6160968e-01   9.1817689e-02  -3.2321823e-01  -3.3669915e-01   1.1136828e-01   3.0147946e-02  -1.6572950e-01  -7.9287716e-02  -3.3565357e-01  -3.6492325e-01  -1.1301429e-01   4.7322831e-01   2.0944820e-01  -2.5977718e-01  -3.3976835e-01   1.0733324e-01  -4.0058912e-02   4.8409429e-01   4.8588323e-02   4.5464542e-01   3.6254068e-01   2.5271934e-01   1.8895778e-02  -1.6965867e-03  -1.9287532e-01  -1.2796537e-01  -1.0041763e-01   2.9278379e-02   3.4288032e-01  -1.2750052e-01  -2.0223907e-01   3.2640991e-01   2.9938655e-01  -6.9428951e-02   5.8853695e-02   1.3692732e-01  -1.7556901e-01   1.2010441e-01  -3.0262153e-01  -8.4171591e-03   1.5218671e-01   3.4377325e-02  -9.4492226e-02  -1.3724037e-01   4.2329510e-02  -1.5168917e-01  -2.2585360e-02  -2.0971664e-01  -6.2450218e-02   3.9322745e-02  -2.5472266e-01   2.6545352e-01   8.9313083e-02   1.6596109e-01  -1.6183980e-01   1.2775202e-01  -6.2500878e-02   8.9149801e-02   4.4215987e-01  -2.5764578e-01   4.5821748e-01   2.6114467e-01   2.0204461e-01  -1.4457555e-01  -3.4825374e-01  -2.2886631e-01  -2.0532322e-01  -2.7094432e-01  -2.4073707e-01  -4.8788294e-02   1.9671745e-01   1.6796795e-01  -3.2459740e-01  -5.5093069e-02   3.2674028e-01  -2.0565268e-01  -1.5915993e-01  -2.5534770e-01   8.6711828e-02   1.6794620e-01   1.3447649e-01  -4.0405996e-01  -2.4208146e-01  -2.3205826e-01  -3.8277442e-01   9.7954156e-02  -1.9088735e-01   3.6513629e-02  -6.1781470e-02   2.9554871e-01  -2.6943206e-01   2.0274484e-01  -2.3043742e-01  -7.8344471e-02   7.3391275e-02   9.7806790e-02   4.8963920e-01  -2.6786833e-02  -3.4936271e-01   1.1631632e-01   1.3492436e-01  -3.1089880e-01  -3.2363375e-01  -9.8111061e-02  -1.1329969e-01  -1.9982912e-01   5.3054813e-02  -6.9054288e-02  -5.1495473e-02   6.5317237e-01   3.5807777e-01  -1.5370541e-01  -2.2472780e-02   2.0303609e-01  -3.9419373e-01   2.6223144e-01  -3.0508866e-01  -4.2539140e-01  -1.0598262e-01  -9.6480228e-02   5.2124579e-01  -1.1424155e-01   1.2602528e-01  -1.8252595e-01  -3.1127093e-01   1.5882028e-01  -1.9366859e-01  -1.5097451e-01   2.4097982e-01  -2.0457269e-01  -1.0637394e-01   2.8723142e-01  -1.1143078e-01   9.9211448e-02  -1.3029923e-01   8.5294342e-02   5.7659782e-02   1.7748420e-01  -3.8201954e-01   9.0529913e-02  -1.3020334e-01  -1.1190612e-02  -2.4275123e-01  -3.2947758e-01   9.5319470e-02   5.1318771e-02  -1.5275696e-01   2.1030319e-01  -6.7784168e-02  -6.3036357e-02   1.3459318e-01  -2.7205091e-01  -1.1264806e-01  -1.7291056e-02   5.0220727e-01  -1.8262134e-03
   3.8023803e-01  -7.2173705e-02  -3.1978818e-01   3.8499051e-01  -6.9992184e-02   1.7328069e-01   5.1720894e-02   1.0038189e-01   1.2688513e-02  -2.4359024e-01  -1.3608009e-02  -2.4575458e-01  -1.5197268e-01   0.0000000e+00   3.1863108e-01   3.2733632e-02  -2.4637012e-01   2.0453457e-01  -1.0158799e-01  -3.3925549e-01   1.5052434e-01   3.1006810e-01   4.4259990e-02   4.5833216e-01   1.0236721e-01   4.2882994e-01   2.8748425e-01   5.8037273e-01   3.5255664e-02   4.6562843e-01   2.1362638e-01   3.0942393e-01   6.3425174e-02  -8.7189255e-02   9.8340481e-02  -8.2033903e-02   9.4062450e-02  -1.2743293e-01   1.1567256e-01  -1.6111408e-01  -5.0281319e-02   8.5113007e-03  -4.0046659e-01   5.4707577e-01   1.0573316e-02  -9.1078633e-03   1.6923806e-01   1.5174937e-01   9.8707565e-02  -4.0566818e-01   1.6704737e-01   3.2107671e-01  -2.1299997e-01  -8.1634633e-03   5.1714180e-01   3.7339729e-01  -4.8767335e-02   3.8958951e-01   1.9080614e-01   1.2115349e-01  -2.8159688e-01  -3.3247618e-02  -7.9837293e-02   1.5909566e-01   6.3201351e-02  -1.0711863e-01   2.3450418e-01  -1.7815713e-01   1.3914154e-01  -1.0473579e-01  -2.1458978e-01   1.0820885e-01   2.1404349e-01   1.8412115e-01  -9.7855268e-03   3.6459073e-01  -1.6916995e-01   3.3306106e-01  -1.0588879e-01  -5.2926407e-02   5.5227639e-01  -4.0925893e-02  -1.4707828e-01   2.7152802e-01   3.3418800e-01   2.7492599e-01   3.2485284e-01   6.9491197e-01   2.0190737e-01   2.3725551e-01  -1.6697451e-01  -2.8553213e-01  -2.5125561e-01   1.7675055e-01   2.0585921e-02  -3.2920615e-01  -1.0284527e-02   2.2634620e-02   4.2822706e-02   7.3097075e-02   2.5353199e-01  -4.1104326e-02   5.8806299e-01  -8.9179922e-02   3.4943829e-01   2.1907015e-01  -4.6342837e-02   1.8238019e-01   1.4794412e-01   2.3047876e-01  -3.5239476e-01   6.2273324e-01   6.9354218e-02   1.7455006e-01   5.0608799e-01  -6.9584883e-02   3.4469169e-01  -8.3711750e-02   5.9418102e-01   5.0818843e-01  -1.1808735e-01  -3.4131407e-01   7.0105560e-02   1.0806153e-01   6.0654818e-02   6.5075246e-01   2.2396471e-01   4.5940227e-03   9.4146727e-02  -7.7113432e-02  -2.9313353e-02  -1.8791305e-01   2.9600866e-01   2.7123739e-01   6.3666800e-02   5.3531355e-02  -2.4238142e-01   5.4633251e-01   2.3688424e-01   9.1778281e-02   3.1103547e-01  -8.0345716e-02   9.2353247e-02   1.1237598e-01   6.2239651e-02   2.4246015e-01  -1.6504678e-01  -7.5435376e-02   7.9480690e-02  -2.0812053e-01   3.3518119e-01   4.7244045e-01   8.0630811e-02  -1.3435458e-01  -1.9580657e-01  -2.3862600e-02  -1.5573728e-02   8.8017914e-02  -3.0634244e-01   5.7541709e-01  -9.2338917e-02  -1.1535141e-01  -2.5311464e-01   3.2197383e-01   8.0065958e-02  -1.7842438e-01   9.0254232e-02   3.5686456e-01  -2.0043214e-02  -2.6639390e-01  -8.6546614e-02  -3.2093778e-01   6.7089251e-02   4.1968283e-01   1.5071117e-01   1.9515712e-02   1.5913135e-01
