   0.0000000e+00  -1.3172140e-01  -1.1722531e-02  -1.3210312e-02   6.5607804e-02  -1.0805851e-01  -2.1018126e-01  -1.1729069e-01  -1.2899451e-01  -8.2950515e-02  -1.1230594e-01   1.0000024e-01   1.8477595e-01  -9.1227099e-02  -2.6993379e-01  -8.3265853e-02  -1.1016379e-01  -2.8296650e-01   1.0352477e-03   7.7659135e-02  -3.4481521e-01  -1.4813026e-01  -3.9708342e-01   6.7029536e-01  -9.6115101e-02  -1.7090399e-02  -1.1087589e-01   1.3957655e-01  -4.9674405e-02   1.5092235e-01  -2.7239935e-01   3.9326761e-02  -5.5828974e-02  -9.8490384e-02  -1.9913058e-01  -1.1039867e-01  -2.2440287e-02   4.9272324e-01  -3.1090675e-01  -2.0106381e-02  -1.1298235e-01  -2.9268862e-02   2.3706446e-01  -2.6080817e-01  -1.3541130e-01   4.1516499e-01  -2.4375847e-01  -3.4546165e-01  -1.7885950e-01   7.7838730e-02  -6.5539031e-02   6.8097486e-02  -2.4647564e-01   1.2037633e-01  -2.5625921e-01  -2.5174191e-01  -1.3159465e-01  -5.3906756e-02  -1.2846573e-01   2.4532272e-01   3.1200825e-01  -1.5911632e-01   1.6655179e-01  -1.9287154e-01  -3.3218373e-01  -1.3799060e-01  -2.7339659e-01   8.5761043e-02  -1.4977380e-01  -8.2271703e-02  -2.2676329e-01   1.0860031e-02  -1.8602137e-01   2.5130833e-01   1.1414248e-01  -1.4187341e-01   3.1410502e-01  -3.9132311e-02   5.7003095e-02   9.8458049e-02  -3.0559439e-01  -6.0301808e-03  -3.4685849e-01  -1.6076461e-01   3.4944532e-01   1.2263001e-02  -2.8512642e-01   2.9696342e-01   1.3191573e-02   6.3574249e-01   4.8512540e-02   3.2174747e-01  -1.9485856e-01   1.1500444e-01   2.0190612e-01   2.1897710e-01  -5.7921008e-02   3.3064745e-02   7.8025345e-02  -1.5556216e-02   1.0013657e-01   1.7604454e-02  -3.0203555e-01   5.1282904e-02  -2.5589226e-02   2.3290717e-01   2.3591510e-05  -1.1433636e-03  -6.1628279e-02  -3.7722120e-01  -3.9485148e-01  -1.4792707e-01   1.4045244e-01   6.8068337e-01  -2.8902557e-01  -9.5204289e-02   7.8253156e-02  -7.2769179e-02  -4.9694818e-01   2.1901437e-02   5.8689072e-01   1.4713455e-01   8.0071837e-02  -1.0949104e-01   5.8265629e-01   3.0736380e-01  -6.1544057e-02   2.2455571e-01  -5.8582814e-02  -2.4389653e-01  -1.3823566e-01  -5.2413677e-01   3.8342258e-01  -4.3840494e-01   2.2370348e-01   1.8640628e-01   1.2955018e-01  -3.7932101e-01  -7.8693422e-02   3.7839526e-01   6.8246054e-01   3.1090274e-02   1.1814380e-01  -3.7896994e-01  -3.2538160e-01  -1.3982337e-01  -1.0634504e-01  -1.2410749e-01  -9.3623601e-02  -2.1682142e-01   2.0275273e-01  -4.5426468e-01   4.3019591e-01  -8.4325017e-02  -1.3748032e-01   6.6715183e-01   4.6958422e-01   1.8338204e-02   2.6675236e-01  -2.4075245e-01   7.7929737e-02   6.9547931e-02  -1.8814074e-01  -1.3623072e-01   1.2097817e-01  -7.4892508e-03  -4.4868971e-02  -1.1511310e-01   3.3278698e-01  -3.1996491e-01   1.4436948e-01   1.7107947e-01  -1.1605098e-02  -3.1611198e-01   9.0640575e-02   1.7631602e-02   1.8972912e-01
  -1.3172140e-01   0.0000000e+00   3.1136522e-01   1.7942844e-01   3.1165000e-01   1.7340449e-02  -8.4836723e-02  -1.7507060e-01   2.5598901e-01   1.5887139e-02  -3.5728936e-01   1.3377754e-01   1.5672630e-01  -1.2171503e-01  -1.0220043e-01  -4.3182310e-03   2.7210132e-01  -1.7009837e-01  -3.7199280e-02   3.2033608e-01  -1.9405713e-01  -1.0917916e-01  -3.1629353e-01  -2.4387623e-01   4.4607869e-02   2.2216166e-02   2.1401956e-01  -2.5403170e-01   2.6997989e-01   4.6359555e-01  -2.9986778e-01   7.8056404e-02   1.2141971e-01   2.1733656e-01   9.3715653e-02   9.1628570e-02   1.2752396e-01  -2.7133029e-02   7.0194420e-02   3.6726165e-01   3.4998130e-02   3.4777831e-01   3.6637836e-01  -8.1736463e-02   1.2307557e-01  -1.9825244e-01  -8.9365355e-02   4.2187550e-01   1.5535575e-01   2.9404480e-01  -1.9502523e-01  -1.3578380e-01   1.6862522e-01   2.0621615e-01  -4.3084173e-02  -1.6632278e-01  -4.7905603e-02   1.2747230e-01  -1.0564932e-01   9.5148469e-02   2.8838352e-02   9.2434875e-02   3.2574772e-01  -4.3817854e-01   2.3378639e-01  -1.7365064e-01   2.4179608e-01   2.5726392e-01  -1.0238939e-02  -3.4915654e-01   4.9626339e-01  -1.3311500e-01   7.1812077e-02   1.7533725e-02   1.1196790e-01  -3.8907759e-02  -2.2216212e-02   6.1738593e-02   2.5174995e-01   2.8609724e-01  -2.8996446e-01  -1.8201812e-01  -2.7935286e-02  -2.5428313e-01  -1.3411749e-01  -1.0346692e-01  -3.3421746e-02  -5.4934956e-03   2.3656677e-01  -1.5767132e-01   2.5391588e-01   2.0002833e-01  -3.4267462e-03   3.0435644e-01  -1.8621421e-01   2.2227684e-01   2.4120443e-01  -8.6007221e-02   3.4607476e-01  -2.0779089e-01  -1.6798040e-01  -1.9922293e-01  -1.4360006e-01   3.2503351e-01  -1.2681024e-01   8.4142909e-02   4.0120509e-01  -2.1654137e-02   1.1547310e-01  -1.2335812e-01   1.3307315e-02  -3.9504137e-02   4.7969610e-02  -5.6307395e-02  -2.1326221e-01   3.0715356e-01   9.0634708e-02   1.6314699e-01  -1.0196009e-01   1.5674042e-01  -1.4655467e-01   2.3113962e-01   2.8146013e-01   2.1687981e-01  -1.7130230e-01  -1.9180493e-01   1.0876063e-01   3.6805704e-01  -7.8986351e-02  -2.4252753e-01   3.9721056e-02   7.8582983e-02  -1.1765822e-01  -6.8105298e-02   3.7966387e-01  -4.9884866e-02   3.2193127e-01  -2.0356395e-01  -8.2285485e-02  -2.7914500e-01  -2.0480484e-01   3.7138262e-02  -3.0599844e-01  -1.0449892e-01  -1.9141501e-01  -3.5849662e-01   2.4471086e-01  -2.4689778e-02  -2.7132295e-01  -1.7985800e-01  -2.2000360e-01  -2.5975786e-01   3.5038218e-02  -1.7794991e-02   3.3025676e-01  -7.0945916e-02  -1.3489612e-01   1.3427361e-01   1.6074852e-01  -1.2225578e-01   6.7725268e-02  -3.2412995e-01  -8.8836729e-02  -2.5454688e-01   3.2001171e-01   2.3620535e-01  -9.6601720e-02  -2.1078660e-01  -1.0879238e-01   4.1691551e-01   1.7889859e-01  -1.6685469e-01  -1.3557630e-01   1.8089752e-01   6.2951856e-02   2.8432811e-01   2.3178607e-01
  -1.1722531e-02   3.1136522e-01   0.0000000e+00  -8.4597678e-02   5.1068624e-01  -3.0890752e-01  -7.5380239e-02  -3.0570283e-01   4.6937948e-01  -9.1458546e-02  -5.3101993e-01   6.1766797e-01  -1.8298674e-02  -4.5640277e-01  -7.2597326e-02   5.9232838e-02   8.4929519e-01  -5.2930497e-01   1.2298574e-02   6.4470011e-01  -6.8448342e-01  -4.3188160e-01  -4.4493328e-01  -8.7147414e-02  -1.3117384e-01  -3.3687499e-01   4.0848924e-01  -5.9860269e-01   4.4562577e-01   1.8628537e-01  -9.6752215e-02  -2.9481845e-01   2.0257885e-01   3.8456571e-01   3.2984121e-01   2.4047519e-01  -1.4641133e-02   1.9694320e-01   9.1640297e-02   8.2283005e-01  -2.4664261e-01   3.3883445e-01   5.6350940e-01  -1.6249511e-01  -5.2501517e-02  -1.5168341e-01  -3.2510891e-01   3.5126402e-01  -3.2936431e-01   8.4057984e-01  -6.3556628e-01  -3.3159168e-01   3.7792721e-01   2.4653837e-01  -3.5008573e-01  -4.4723191e-01  -1.9702561e-01  -2.1484456e-01  -3.8697249e-01   2.7341268e-01   4.2352745e-01  -2.3029767e-01   6.0848830e-01  -1.9473244e-01   1.6025101e-01  -4.4407550e-01   1.6723530e-01   4.4635170e-01  -3.9921395e-01   8.2603938e-02   6.6867911e-01  -5.5237936e-01   3.1121882e-02  -3.2936009e-01   3.6098182e-01  -2.2793935e-01   3.4958738e-01   5.7799601e-02   3.8437374e-01  -1.0750360e-01  -3.8252188e-01  -1.8417727e-01  -3.4590005e-02  -5.1362902e-01  -3.0155730e-01  -7.1914064e-02  -2.5420589e-02  -1.9170383e-01   1.6865390e-01  -1.1820994e-01   3.7612417e-01   6.7010598e-01   3.4501498e-02   6.0477688e-01   1.7342756e-01   5.4530180e-01   1.8222621e-01  -8.9584534e-02   1.8945963e-01  -6.6021242e-01  -1.7627478e-02  -5.0749142e-01  -5.9650908e-01   2.7325574e-01  -5.5597098e-01   7.5059240e-02   4.2607576e-01  -3.0439935e-01  -6.5840290e-02  -4.4927316e-01   1.6350428e-01  -5.1547355e-01  -1.7829084e-01   1.1361240e-03  -2.3518543e-01   4.1294334e-01  -1.1300742e-01   8.3095251e-03  -2.4820014e-01  -2.8744037e-01  -3.8919970e-02   4.9941222e-01   6.0292133e-01   2.7243797e-01  -7.2781771e-02  -3.9033507e-01  -1.0149692e-01   3.5588143e-01  -2.6957944e-01  -6.9256462e-03  -4.4287792e-03   4.8923451e-03  -3.6173582e-01   1.3636142e-01   2.4170431e-01  -4.9503539e-02   1.3141199e-01   2.7157584e-02  -8.5937298e-02  -1.8255821e-01  -1.1644237e-01   1.3481998e-01  -5.3671627e-01   3.8276151e-03  -2.1896257e-01  -6.3581224e-01   7.6939666e-01  -9.7968242e-02  -6.9209830e-01  -1.3527313e-01  -2.1652849e-01  -3.7586862e-01   1.3467549e-01   1.1455275e-01   8.4567976e-01   1.9125420e-01  -1.7542781e-01  -3.8124561e-01   4.2438305e-01  -4.5643955e-01   1.9561941e-01  -2.7364255e-01  -3.0464082e-01  -6.3675264e-01  -6.3545031e-03   4.6414831e-01  -1.3268014e-01  -3.5241474e-01  -2.3663370e-01   3.8109253e-01   3.2063675e-01   1.8527122e-01  -3.3069739e-01  -6.4865884e-04  -3.6166069e-02   3.4260450e-01   9.1482376e-02
  -1.3210312e-02   1.7942844e-01  -8.4597678e-02   0.0000000e+00  -8.4868558e-02   2.7088559e-01   7.9023280e-02   3.5212554e-02  -1.2538276e-01  -1.2317635e-01   1.1266232e-01   7.1263726e-02   2.1240336e-01   9.9374186e-02   1.0219039e-01  -2.2887988e-02  -3.3787467e-02   1.6854879e-01  -9.3469436e-02  -1.4600011e-02   2.0705467e-01  -3.7289462e-02   1.4483163e-01  -7.9982859e-02   8.6274315e-02   1.2572718e-01  -1.0287410e-01   2.4641600e-04  -1.2603077e-01   1.5673006e-01   2.5104870e-02   5.2111483e-01  -1.0356054e-01  -1.0975496e-01  -9.3436662e-02   2.3179677e-02  -2.5650348e-01   1.2566822e-01  -9.9713333e-03  -7.3821672e-02   2.3084883e-01   2.3192651e-01  -7.2232110e-02   2.0554347e-02  -9.2586111e-02   4.1556645e-02   2.5164921e-01  -3.2829784e-02   7.2554527e-02  -1.6143074e-01   3.3627769e-01   1.5489563e-01  -9.4885735e-02   9.3113000e-02   2.1478830e-01   4.7286479e-02   1.4980748e-01   2.3771095e-01   3.9996178e-01   8.2970960e-02   1.2117950e-01  -7.3815845e-02  -2.1660169e-02   2.2940475e-02  -2.2547189e-01  -2.6073830e-02   3.0001137e-03  -3.3744125e-01   2.8732547e-01  -2.1522608e-01   1.3118067e-02   5.3806853e-01  -1.2021836e-01   5.3198252e-02  -1.1140576e-01   2.0884811e-01  -4.5103029e-02   1.1646421e-01  -1.8437653e-01   8.9717598e-02   6.4632764e-02  -2.8138865e-01   1.0771813e-01   6.6871857e-02   9.3844413e-02   3.0790129e-01   9.7697044e-02   4.8805615e-02  -2.5744475e-02  -4.5139788e-02  -1.1718013e-01  -4.6511702e-02  -1.1844648e-02  -6.1933867e-02  -2.0227088e-01  -8.8888891e-02  -2.0059528e-01   9.0332064e-02  -1.3892025e-01   1.7656498e-01  -5.6614068e-02   9.6980664e-02   3.1125128e-01   3.4728084e-02   6.2586194e-01   4.3183900e-01   1.2709887e-01   4.0784518e-01  -2.4700615e-02   6.5143148e-03  -6.6553853e-02   2.5760552e-01   5.3857987e-01  -1.0288113e-02  -5.6644855e-02  -2.0931051e-01   9.8566276e-02   9.5852166e-02  -2.1954310e-02   7.9164505e-01  -1.3046518e-01  -1.0225132e-01  -3.3723945e-01  -2.4474469e-02   1.7730952e-01  -1.2688250e-02   2.3315816e-01   1.3576246e-01   2.1015341e-01  -1.4205523e-01   9.7907407e-02  -1.0596758e-01   1.1202207e-01  -1.3598802e-01   5.0647618e-01   4.8807733e-01   1.3270053e-01  -1.9113424e-01   5.6152857e-01  -2.1344501e-01  -1.8550739e-01  -2.8337376e-02   1.4260895e-01  -6.0916761e-02   1.3447670e-01   2.1030970e-01  -1.1867079e-01   1.3886029e-02   1.8937565e-01  -8.1495832e-04  -1.7696965e-02   9.1947099e-02  -2.0782316e-01  -8.7739134e-02  -9.1245142e-02  -8.9994083e-02  -4.7623379e-02   4.0803089e-01   6.9417225e-02   1.3911209e-01  -4.7130913e-01   7.1011404e-02   1.8807662e-01   5.2028228e-01   4.3201547e-01  -2.3279969e-01   1.6558424e-02   8.9774581e-02   4.8216892e-02  -1.3983005e-02  -2.8664703e-01  -2.3214491e-01   2.7742131e-01  -2.0661006e-02   9.7139429e-02   5.0924440e-01   4.9200351e-01
   6.5607804e-02   3.1165000e-01   5.1068624e-01  -8.4868558e-02   0.0000000e+00  -3.7168280e-01  -2.2079007e-01  -3.7920982e-01   5.3637697e-01  -1.0177028e-01  -1.8018003e-01   2.9882819e-01   1.6641179e-01  -5.0375793e-01  -4.3250235e-01   6.2648646e-02   4.2731011e-01  -2.8853849e-01   9.3000074e-02   7.3209225e-01  -3.7816098e-01  -2.8990530e-01  -5.8137227e-01   2.3099646e-02  -1.5032157e-01  -3.2064111e-01   5.5277946e-01  -4.9079122e-01   3.7389907e-01   2.9892208e-01  -3.1075261e-01  -3.1525024e-01   3.7468404e-02   2.8520881e-01  -5.7085038e-02   5.4288488e-01   4.3808762e-02   1.2680008e-01   1.4679995e-01   6.5679856e-01   1.9273181e-01   2.0174862e-01   5.4809259e-01  -1.9475496e-01  -6.1253220e-02  -1.4521511e-01  -2.0933481e-01   4.0269948e-01   3.8413091e-03   6.7894151e-01  -4.1825075e-01  -2.5931131e-01   3.8609943e-01   1.7998352e-01  -3.4995444e-01  -4.3465651e-01  -3.6959222e-01  -7.8502017e-02  -1.2249761e-01   1.2622817e-01   2.8594177e-01  -1.0439356e-01   6.2832356e-01  -1.1594881e-01   3.0744389e-01  -6.9546079e-02   4.4676655e-01   3.1744769e-01   4.7933669e-03  -2.9503271e-01   4.0552887e-01  -4.7510626e-01   2.6753733e-01  -4.0545698e-01   3.3656540e-01  -2.8448335e-01   2.0463346e-01   7.4254546e-02   7.6628474e-01  -2.9556477e-02  -5.6287958e-01  -1.1405164e-01   4.7574742e-02  -5.1609380e-01  -2.5046530e-01  -8.5425052e-02  -8.6357250e-02  -1.4364432e-01   2.4073329e-01   4.0454659e-02   8.4516651e-01   3.2667236e-01  -6.9491165e-02   5.4702393e-01   2.6973598e-02   6.2666091e-01   6.1508372e-02  -3.9823880e-02   4.0075705e-01  -4.4088483e-01  -2.0862280e-01  -4.9222714e-01  -5.8026305e-01   1.8540693e-01  -3.6801959e-01  -7.0752319e-02   2.1701193e-01  -8.3056956e-02  -9.2299325e-02  -2.8292270e-01  -1.8055363e-01  -3.7761976e-01  -2.8203928e-01   1.2703063e-01  -4.5193758e-01   6.9092582e-01   2.4776915e-02   1.6442878e-01  -4.7946396e-01  -2.6366423e-01  -1.1852434e-02   8.4652448e-01   4.4473255e-01   4.9218333e-01  -1.2179902e-01  -4.1579146e-01   2.1876944e-03   2.8481333e-01  -1.2604404e-01  -3.1771030e-01   2.5243949e-01   4.0689663e-02  -2.9623978e-01  -5.3463457e-02   1.2113063e-01  -2.4939037e-01   3.5718855e-02  -2.6629652e-01  -1.2492233e-01  -1.1773831e-01   2.3641426e-02   2.1278461e-01  -2.9645643e-01  -4.2333899e-01  -5.0133373e-01  -5.7381045e-01   4.6245584e-01   3.2384992e-01  -5.4169623e-01   2.0277448e-02  -3.2796753e-01  -5.7301241e-01   3.4286108e-02   4.1769763e-01   5.7707729e-01   2.3217781e-01  -1.7819481e-02  -4.3668106e-02   3.4743374e-01  -4.7882604e-01   4.7956967e-02  -1.7487074e-01   3.1117892e-02  -4.5359933e-01   7.0693879e-03   4.5639059e-01   1.1233053e-01  -4.0841825e-01  -9.9440760e-02   4.9350586e-01   4.8863981e-01   4.0025628e-02  -9.5572573e-03  -1.6290090e-01  -3.9139524e-02   1.0357821e-01   5.8243572e-02
  -1.0805851e-01   1.7340449e-02  -3.0890752e-01   2.7088559e-01  -3.7168280e-01   0.0000000e+00   2.5309460e-01   1.3556239e-01  -2.6050818e-01   1.1287681e-01   2.2897722e-01  -2.0273330e-02  -5.9759971e-03   2.1762964e-01  -3.1241257e-03  -1.2007386e-01  -3.4835804e-01   3.3052709e-01   1.6972407e-01  -3.6632867e-01   3.5978814e-01   1.8398995e-01   2.6875577e-01  -2.9314649e-01   7.6740820e-02   2.7546410e-01  -1.0209534e-01   3.5701177e-01  -1.3110222e-01   1.0328781e-01  -1.0934376e-01   2.6623835e-01  -1.5304387e-01  -1.1860159e-01  -2.5019613e-01  -1.0063415e-01  -4.8803887e-02  -2.5589231e-01  -1.5620563e-01  -4.1486878e-01   1.5074630e-01   1.3590247e-02  -3.3770619e-01   1.4652735e-01  -2.2921836e-01   5.9715333e-02   3.4621235e-01   8.4973309e-02   1.5759842e-01  -5.0340205e-01   3.6698833e-01   2.4682906e-01  -3.7731959e-01  -1.7538158e-01   2.2087289e-01   4.7277107e-01   6.2355367e-01   7.4643000e-02   2.6665589e-01   1.3740354e-01  -1.8982511e-01   1.1869528e-01  -4.0901411e-01  -3.1555056e-02  -3.9430961e-01   3.1383485e-01   2.3670890e-01  -3.1440108e-01   1.5437041e-01   3.0670573e-01  -2.2512538e-01   4.4973693e-01  -1.2288962e-01   4.0444596e-01  -1.8672981e-01   1.0899515e-01  -2.8291609e-01   2.1364527e-02  -2.5365679e-01  -3.0837402e-02   4.3029238e-01   1.1686168e-03   2.1505223e-01   3.1844087e-01   2.4185630e-01   1.8399951e-01  -1.6850054e-01  -5.9173101e-02  -4.9943967e-02  -4.7667474e-02  -3.2076272e-01  -1.9810370e-01   3.4379033e-01  -3.1958914e-01  -4.4405057e-01  -1.4268588e-01  -5.0017656e-02   1.0715933e-01  -1.6370106e-01   3.5373929e-01   1.0182987e-01   2.7470222e-01   4.7057399e-01  -4.7203292e-02   3.6762294e-01   1.6797110e-01  -1.3927992e-01   2.7447721e-01  -3.6499987e-02   4.2769312e-01   1.0116558e-01   3.0510672e-01   2.5943891e-01  -2.4239773e-01   2.7707432e-01  -5.4108550e-01   1.9463222e-01  -7.5401309e-03   2.8293859e-01   3.6760538e-01  -1.2154249e-01  -3.3175427e-01  -2.4366891e-01  -3.6633088e-01   1.0182394e-01   2.2250242e-01  -2.0544165e-02  -2.3828536e-01  -5.0418268e-02   3.8160766e-01  -9.2716198e-02  -5.3491468e-02   1.9613614e-01  -1.9722396e-01   7.1799611e-02   2.4592953e-01  -9.3480212e-02   1.1029015e-01   3.0757877e-01  -2.0555964e-01  -2.5244125e-01  -3.5839059e-01   1.9264874e-01   4.2281963e-01   1.6233262e-01   2.7008089e-01  -2.2624463e-01   1.5652441e-01   6.2270545e-01  -1.5008018e-01   3.4034950e-01   3.2547967e-01  -7.0711216e-02  -1.4188753e-01  -2.2780266e-01  -4.0029258e-01  -4.3397487e-02   2.1959401e-01  -1.2508918e-01   3.7644762e-01  -1.4108790e-01   8.4375823e-02   2.5458220e-01   4.2392380e-01   7.5175458e-02  -3.9916041e-01   1.9743874e-01   1.8587542e-01   1.5901690e-01  -2.8521571e-01  -2.3476935e-01  -3.0586166e-01   8.3168775e-02   4.6576196e-01   7.2617892e-02  -8.4354871e-02   1.2581201e-01
  -2.1018126e-01  -8.4836723e-02  -7.5380239e-02   7.9023280e-02  -2.2079007e-01   2.5309460e-01   0.0000000e+00  -1.3760404e-01   6.4457483e-02   6.4772684e-01  -7.7297356e-02   8.2908564e-02  -9.9715457e-02  -1.5422901e-01   3.7986028e-01  -2.5526734e-01  -2.0095342e-01   1.0380940e-01   4.3098951e-02  -2.4463863e-01   4.0619989e-02  -1.3940907e-01   5.1133448e-01  -1.6129313e-01   1.2787366e-01  -1.0648568e-01   2.5645177e-02   1.0935719e-01  -1.8199843e-01   2.5829726e-02  -2.8654433e-01  -9.7849378e-02  -2.0812831e-01   4.8450804e-01   2.7411251e-01   7.2350720e-02   1.0785305e-01  -1.4609358e-01  -2.1374501e-01  -1.0610265e-01   5.0399165e-02  -1.6863753e-01   1.1130710e-01  -8.3752153e-02   3.1224342e-01  -8.2602230e-02  -7.8261704e-02   3.9239277e-01  -5.1800926e-02  -2.6121787e-01   1.1225085e-01  -2.1349343e-01  -5.1896544e-02  -2.6042052e-01  -1.4191791e-01   9.3273225e-02   2.0297796e-01  -2.5398836e-01  -5.2798995e-02   4.6588848e-03  -3.0233651e-01   2.5071491e-01  -4.0029512e-01  -1.7197354e-01   1.3591009e-01   5.4307861e-01   4.5921888e-02  -2.9299399e-01  -2.1026339e-01   2.3879847e-01  -1.5118035e-01   3.1160935e-01   1.3783004e-01   1.2445447e-02  -2.2592013e-01  -1.2090023e-01  -2.8313572e-01   5.4378436e-02   8.1729019e-02  -2.3914753e-01   2.2308125e-01   2.8281710e-01  -5.0307835e-02   2.2424508e-02  -8.0929130e-03   6.7326909e-02  -1.2674648e-01  -3.7621632e-01   5.2745632e-02  -5.3885192e-02  -1.0204742e-01  -2.6866807e-01   4.8988928e-01   3.6328633e-02  -3.2564409e-01  -1.9864332e-01  -1.0920746e-01   8.2979203e-03  -1.2973978e-01   5.0642284e-01  -1.8394738e-01   2.6447193e-01   7.1289481e-02  -3.6523265e-02   1.2112769e-01  -3.0456680e-02  -2.0802967e-01  -7.9349418e-02   3.7737035e-01   1.0830585e-01   4.2342259e-01  -3.4550783e-02   8.4155025e-02   4.3848439e-02   1.4643993e-01  -1.0067223e-01  -1.2874184e-01   2.6419488e-01   6.0885770e-02   2.9654180e-03  -2.7346545e-01  -1.0738495e-01  -9.9687619e-02  -9.2644736e-02   4.3289183e-02  -1.4914256e-01   2.3615771e-01  -2.7776015e-01  -1.7151383e-01   2.1537763e-01  -1.4070305e-02   4.9223885e-01  -1.9664272e-01   3.8131914e-02  -6.0220842e-02   8.0767793e-02  -3.1012802e-01   2.1793112e-01  -1.0299178e-01  -2.7533305e-02  -9.6094444e-03  -3.0234859e-01  -2.0748173e-02   1.6999582e-01   3.7166100e-01   2.1938291e-02   3.1860130e-01  -8.1207113e-02   3.9889893e-01   2.0958556e-01   2.3877442e-02   1.0926052e-01  -3.3510476e-01  -5.8873270e-02  -1.5857799e-01  -1.2591968e-01  -1.8943203e-01   4.6890785e-02  -3.3320428e-01  -2.5334561e-02  -1.4116660e-01  -3.8116643e-02   2.9730375e-01  -3.0123118e-02  -2.4184753e-01   1.3306829e-01   2.9142326e-01   6.8665731e-02   6.1628327e-02  -2.9372059e-01   2.9308808e-01  -4.1658744e-01   2.1887363e-02  -8.0062750e-02  -1.1547689e-01  -1.2366784e-01   1.5390635e-02
  -1.1729069e-01  -1.7507060e-01  -3.0570283e-01   3.5212554e-02  -3.7920982e-01   1.3556239e-01  -1.3760404e-01   0.0000000e+00  -2.7296917e-01  -2.5217379e-01   3.8660224e-01  -7.6055905e-02  -2.1755985e-02   3.4765807e-01   1.7408526e-01   1.2718231e-01  -2.9061641e-01   3.1524486e-01   3.8008365e-02  -3.6578252e-01   3.2529447e-01   5.3882100e-01   2.3918026e-01  -1.0236242e-01   2.6803104e-01   5.3746071e-01  -3.2606103e-01   2.8697666e-01  -1.0321043e-01  -2.7636756e-01   3.8969715e-01   3.7981900e-01   1.1306900e-01  -3.2236166e-01  -1.2494435e-01  -2.5812769e-01  -9.3625109e-02  -2.5467433e-01   1.6894666e-01  -3.5331734e-01  -8.6970403e-03   4.3701986e-02  -4.8755870e-01   7.3858518e-01  -1.6262068e-01  -2.8924720e-01   3.0034980e-01  -2.5976825e-01  -9.3304629e-02  -3.6813227e-01   3.2133037e-01   5.4105689e-01  -1.2132815e-01   7.0344247e-02   4.7886066e-01   4.6251429e-01   2.2687790e-01   3.4135286e-01   3.4773569e-01  -2.5013232e-01  -2.3637587e-01  -3.8564908e-02  -2.8193742e-01   3.8638053e-01  -2.0326689e-01  -1.3976509e-01   2.8909796e-03  -6.9119808e-02   2.5803497e-01  -3.5474242e-03  -1.9715004e-01   7.1366071e-02  -1.3451703e-02   7.9513440e-02  -1.8495809e-01   5.6145713e-01  -2.9059136e-01   2.0123598e-01  -4.4422478e-01   1.5759902e-01   6.0797914e-01   4.7955403e-02   3.1523819e-01   6.4854630e-01  -9.8091947e-02   1.0885748e-02   7.7757048e-02   2.5633202e-01  -1.7521218e-01  -1.0536678e-01  -3.5537777e-01  -2.4903140e-01  -1.0964615e-01  -3.2932276e-01  -2.1406093e-01  -2.7763673e-01  -4.8059406e-02   1.9479003e-01  -1.8383265e-01   6.8582901e-02   2.0102887e-02   1.4691051e-01   5.5346658e-01  -1.1413757e-01   1.4253826e-01   3.1016762e-01  -1.4046993e-01   3.5100499e-01  -5.4929515e-02   2.8562655e-01   9.9682891e-02   2.7391261e-01   3.6975600e-02  -3.4135110e-01   3.6349114e-01  -3.4594234e-01   2.3508700e-01  -9.0225911e-02   3.7504894e-01   1.7591277e-01  -9.3951436e-02  -4.2001257e-01  -2.5662710e-01  -2.5146812e-01  -3.2283129e-01   2.2210477e-01  -1.6133432e-01  -1.6401111e-01   4.2498307e-01   2.0276779e-02   1.1072141e-01  -5.1308583e-02   3.5339312e-01   1.7109050e-01  -2.4952869e-01   1.6430917e-01   8.7014753e-02   2.4462781e-01   2.6011472e-01  -1.8892644e-01  -2.0112816e-01   1.6435682e-01   1.9015750e-01   2.9179068e-01   2.5058190e-01   3.9994642e-01  -2.8840202e-01   1.1779958e-01   2.1392184e-01  -1.1220867e-01   1.3143419e-01   6.6327906e-01  -4.5871542e-02   1.4912134e-02  -1.5109562e-01  -2.6404445e-01  -9.8965240e-02  -7.4446255e-03  -1.7675993e-01   6.1809216e-01  -2.4016417e-02   2.0966804e-01  -1.1849055e-03   4.7232248e-01   6.7159854e-02  -3.9825201e-01  -1.8311492e-01   4.4393249e-01  -1.2190412e-02  -2.0678111e-01  -5.5247288e-01   5.5988513e-02   7.5744420e-02   2.4040448e-01   1.0869473e-01  -1.3024564e-01  -2.1691800e-02
  -1.2899451e-01   2.5598901e-01   4.6937948e-01  -1.2538276e-01   5.3637697e-01  -2.6050818e-01   6.4457483e-02  -2.7296917e-01   0.0000000e+00   9.6704042e-02  -3.0275650e-01   3.3289303e-01  -1.5154087e-01  -3.8360662e-01  -2.9399884e-01   5.6077832e-02   3.6375898e-01  -2.1659159e-01   8.1301186e-02   3.2075886e-01  -4.1553248e-01  -3.2342574e-01  -4.1098541e-01  -6.9385906e-02  -2.1991859e-02  -1.7295813e-01   3.8026044e-01  -4.7366663e-01   2.5069760e-01   3.7758353e-01  -2.0028249e-01  -2.8477691e-01  -8.7994226e-02   3.7615051e-01   2.7513107e-01   2.8710253e-01   3.9133480e-02   4.8894057e-02   1.8019411e-02   5.0368233e-01   4.8088684e-02  -2.1862369e-02   4.5560114e-01  -6.5798425e-02  -3.1616888e-02  -2.5532364e-01  -3.4701818e-01   6.1130128e-01  -1.3566075e-01   4.2110806e-01  -4.4616288e-01  -3.5815484e-01   6.7095814e-01  -1.3524567e-01  -2.4625252e-01  -3.2906771e-01  -2.9722400e-01  -2.6456950e-01  -1.9024094e-01   1.1772295e-01  -6.7435970e-02  -1.6418648e-01   5.2848611e-01  -2.1287908e-02   4.8242536e-01   2.5323068e-02   3.3468638e-01   1.8102417e-01  -3.2346039e-01  -1.0651140e-01   4.0150070e-01  -4.8550760e-01   2.3449680e-01  -4.1193164e-01   1.4539892e-01  -3.0588155e-01  -1.0508188e-01   1.6137393e-01   5.7058942e-01  -2.3786051e-01  -3.6123054e-01  -2.3770902e-02   1.2637192e-01  -4.0504966e-01  -4.3300194e-01  -2.2764712e-01   1.1358561e-01  -2.8910215e-01   3.5653245e-01  -1.9642434e-01   5.4035448e-01   3.7060927e-02  -7.5209859e-03   5.4849385e-01   2.5825124e-02   1.9323595e-01  -8.6555000e-02  -2.0019697e-02   1.2974258e-01  -4.3552691e-01  -1.7351881e-01  -3.9373333e-01  -5.5152892e-01   6.1173323e-01  -3.9879001e-01  -2.5654713e-02   9.5563942e-02  -1.7095491e-01  -1.7810797e-01  -1.3724661e-01   5.3769857e-02  -4.9463628e-01  -2.9260704e-01   1.0366358e-02  -3.5432487e-01   6.1234757e-01  -7.0544991e-02   5.9551782e-02  -2.5841016e-01  -1.9618079e-01  -2.4145109e-01   4.1531139e-01   3.5709430e-01   7.0191308e-01  -2.2996431e-01  -4.1219308e-01  -4.1811264e-02   3.8877144e-02  -1.0452849e-01  -1.0754322e-01   1.1943040e-01   2.5157882e-01  -3.6477680e-01   2.2698217e-01   8.8049045e-02  -4.1426076e-01  -2.1739233e-01   1.7903541e-01  -2.4961436e-01  -6.4035310e-02  -5.4100267e-02  -3.9981051e-02  -3.9328140e-01  -1.4276244e-01  -3.5859196e-01  -5.1026679e-01   5.2354370e-01   2.5886833e-01  -4.5842996e-01  -3.6939399e-02  -3.9542502e-01  -3.3680218e-01  -2.5704880e-01   4.2395810e-01   5.6800588e-01   2.1785754e-01  -2.8475170e-01  -1.8749604e-01   4.0270842e-02  -4.4953945e-01   7.9333314e-02  -7.8383178e-02   1.9183714e-01  -4.3177982e-01  -7.5981890e-02   4.3506886e-01   1.7686868e-01  -3.5829254e-01  -3.0355558e-01   3.2643588e-01   4.6126587e-01  -6.9276044e-02  -1.0286503e-01  -7.8558152e-02  -2.2845419e-01  -4.2640878e-02  -5.8845045e-02
  -8.2950515e-02   1.5887139e-02  -9.1458546e-02  -1.2317635e-01  -1.0177028e-01   1.1287681e-01   6.4772684e-01  -2.5217379e-01   9.6704042e-02   0.0000000e+00  -2.2393940e-01  -1.6195334e-02   1.2996709e-01  -1.8565536e-01   3.4767173e-01  -2.3948380e-01  -2.8431565e-01  -1.9888457e-02   9.1334959e-02  -1.1930049e-01  -9.4612208e-02  -1.1522605e-01   3.1591959e-01  -1.0321540e-01   7.9454634e-03  -2.5598972e-01  -3.3954982e-02   3.3296399e-02  -2.0827722e-02   2.1334604e-02  -3.0966508e-01  -1.7003259e-01  -2.2607469e-01   6.0714091e-01   3.3445917e-01  -1.1455425e-01   3.2488532e-01  -1.6769022e-01  -4.4590760e-01  -1.0249522e-01   4.6403881e-02  -1.7182619e-01   2.4807384e-01  -5.1440925e-02   5.4826047e-01  -1.5529711e-01  -3.5691081e-01   2.5251835e-01   9.0262260e-02  -2.6139382e-01   3.4490792e-02  -3.1219152e-01  -1.8795751e-03  -2.7002100e-01  -2.1208632e-01   7.1923719e-02  -4.0107053e-02  -2.5530910e-01  -2.4823555e-01   1.0192442e-01  -4.3506648e-01   4.2916077e-01  -2.8245923e-01  -3.2623173e-01   3.0486395e-01   5.5484463e-01  -1.1448961e-01  -2.1830680e-01  -2.9055916e-01   3.6463816e-02  -1.0209527e-01   1.1586092e-01   1.3951886e-01   9.5084830e-02  -9.8611363e-02  -2.0394452e-01  -2.6776279e-01  -4.2728281e-02   1.5938607e-01  -1.4087311e-01  -1.1433976e-02   2.7455290e-01  -2.4519043e-01  -1.7355089e-01  -2.6643722e-02  -7.0545646e-02  -2.4781232e-01  -2.2497602e-01   1.0970773e-01  -1.9342137e-02   3.4817580e-02  -2.5851983e-01   4.7847453e-01   2.0824933e-01  -3.6805371e-01  -6.3073903e-02  -7.1804154e-02  -1.3522517e-01   1.6299731e-02   4.1262166e-01  -3.3237215e-01   2.7145581e-01  -9.8441556e-02   6.6136899e-02  -6.3807254e-02  -2.2968059e-01  -1.0666960e-01  -2.3290053e-01   5.6499655e-01   1.5471921e-02   3.6258937e-01  -1.0610568e-01  -4.3512938e-02   4.5490376e-02   6.6451341e-02   4.9942714e-02  -1.4960629e-01   3.4173973e-01  -2.3386548e-02  -1.2785957e-01  -1.9931080e-01   5.0416443e-02   1.6250476e-02   1.1456278e-02  -4.1775055e-02  -5.6988003e-02   4.4180500e-01  -2.1676803e-01  -1.4764606e-01  -2.9390285e-02  -1.3121491e-01   4.3203717e-01  -1.5379198e-01   2.4587027e-02  -4.1284851e-02  -2.5143924e-01  -1.8931464e-01   2.2839678e-02  -3.0424909e-01  -9.1817449e-02   7.9130887e-02  -2.7403521e-01  -2.2722504e-01   1.1327152e-01   3.3713975e-01  -1.3074807e-01   2.4956364e-01  -1.7269913e-01   2.3082384e-01   1.5017980e-01   4.4796172e-02  -1.1442256e-01  -2.0802321e-01  -1.5582837e-01  -2.6666333e-01  -1.3241050e-02  -1.2122665e-01  -5.6767910e-02  -3.0726962e-01  -1.2987422e-01  -1.0110153e-01  -1.1934449e-01   2.9404567e-01  -2.0960061e-01  -1.9159696e-01   3.9245169e-01   3.0606140e-01  -2.6062774e-02   1.2451755e-01  -2.1929455e-01   4.8889663e-01  -4.0893373e-01  -9.4921223e-02  -1.9607674e-01  -7.6011629e-03  -1.7179204e-01  -2.5711690e-02
  -1.1230594e-01  -3.5728936e-01  -5.3101993e-01   1.1266232e-01  -1.8018003e-01   2.2897722e-01  -7.7297356e-02   3.8660224e-01  -3.0275650e-01  -2.2393940e-01   0.0000000e+00  -3.7215723e-01  -1.4776591e-01   3.3932577e-01   7.9558406e-03   3.0290399e-01  -4.2066746e-01   5.5821462e-01   1.5082519e-01  -3.4458960e-01   4.9524025e-01   4.4375153e-01   3.3827988e-01  -5.6641750e-02   1.6387489e-01   2.7276705e-01  -2.7295398e-01   4.4792616e-01  -2.2640095e-01  -1.2708375e-01   1.3654197e-01   2.0259364e-01   1.2905504e-01  -3.1743606e-01  -3.5737033e-01  -3.2906134e-02  -1.9171438e-01  -2.5004936e-01   2.4135890e-01  -5.2391259e-01   1.3626760e-01  -7.7427939e-02  -5.4211184e-01   2.8048563e-01  -1.2206195e-01  -9.1043902e-03   4.7416565e-01  -2.7951923e-01   7.0594490e-02  -4.7830023e-01   6.0286801e-01   4.4328215e-01  -1.7416607e-01   3.6764616e-02   3.0859940e-01   6.0575953e-01   2.9788840e-01   3.3909404e-01   4.2453192e-01  -3.6641281e-01  -6.4078770e-02  -2.9271396e-02  -2.7470354e-01   4.9563211e-01  -3.0205045e-01   3.7234999e-01   2.4476363e-01  -3.1243928e-01   5.8563613e-01   7.3582643e-03  -4.3921215e-01   3.4439831e-01   6.9971322e-02   1.0603508e-01  -1.8214864e-01   3.0916802e-01  -1.0727027e-01   1.5521513e-01  -1.8955065e-01  -7.7007598e-03   5.1250723e-01   3.5418048e-02   4.2800698e-01   5.3124385e-01   1.2904311e-01   3.1180058e-02   2.9131241e-02   1.6510958e-01  -1.4694388e-01   4.5825750e-02  -1.0731106e-01  -3.1196999e-01  -6.0776173e-02  -4.4973359e-01  -1.2765259e-01  -4.6779773e-01  -1.8088265e-01   1.1895619e-01  -2.3835897e-01   3.5708346e-01   1.8598667e-01   3.9348664e-01   5.3254012e-01  -4.1366878e-01   4.6733708e-01  -5.8137803e-02  -2.2165960e-01   3.1073986e-01  -1.9582171e-01   4.6663921e-01   1.2622388e-01   4.7922415e-01   1.4509967e-04  -2.1521299e-01   3.3082129e-01  -2.8928149e-01   1.8214971e-01  -4.3013435e-02   3.9684577e-01   1.4660422e-01  -7.4989686e-02  -2.7193855e-01  -4.9127473e-01  -2.6594692e-01  -1.1344143e-01   2.6791208e-01  -3.1558273e-02  -3.5412332e-01   2.4162974e-01   1.4894858e-01   1.4947644e-01   4.7367211e-02   3.0777768e-01  -8.5845497e-02  -3.0773293e-01   7.6869201e-02  -1.4130007e-01   1.6216640e-01   1.8303907e-01   3.3958846e-03  -1.3095968e-02   3.8593054e-02   5.4230421e-01   2.0739654e-01   1.6907659e-01   4.0972617e-01  -4.5181399e-01   4.2403114e-01   5.0283783e-01  -1.1783854e-01   2.9463435e-01   4.0502734e-01  -1.3258885e-01   3.3309444e-01  -3.5855887e-01  -2.2696344e-01  -2.7570306e-02   3.1303815e-01  -6.3454496e-02   5.3074684e-01  -2.0787513e-01   3.7004020e-01   3.9138401e-01   5.2711835e-01  -1.4069487e-01  -4.8306440e-01   2.5215420e-01   4.4738365e-01   1.2441088e-01  -1.8152861e-01  -4.2635669e-01  -3.8870829e-02   4.0723483e-01   2.4510071e-01   7.6447592e-02  -2.8147064e-01  -3.8753529e-01
   1.0000024e-01   1.3377754e-01   6.1766797e-01   7.1263726e-02   2.9882819e-01  -2.0273330e-02   8.2908564e-02  -7.6055905e-02   3.3289303e-01  -1.6195334e-02  -3.7215723e-01   0.0000000e+00  -1.6659975e-01  -4.1690214e-01  -1.5227723e-01  -1.3710416e-01   4.5211792e-01  -4.4239096e-01  -4.1729706e-02   2.9344923e-01  -4.9389439e-01  -2.3611169e-01  -3.8276820e-01   1.0015462e-01  -9.1325238e-03  -6.0629315e-02   2.7567441e-01  -3.5382387e-01   3.7688021e-01   1.2069986e-01  -1.1279806e-01  -1.9396711e-01  -2.2676133e-02   3.9573749e-01   2.6286037e-01   4.5905205e-02   3.4927131e-02   1.8498243e-01  -1.2437041e-01   5.2556299e-01  -1.4594710e-01   2.5141437e-01   4.5695264e-01  -8.1798734e-02  -1.0338297e-01  -1.4080897e-01  -2.6116859e-01   3.1648090e-01  -2.0071756e-01   4.8053566e-01  -3.4011568e-01  -9.7797729e-02   3.7289487e-01   6.2013884e-02  -2.6414483e-01  -3.1781454e-01   3.8656883e-02  -1.7371279e-01  -2.2331647e-01   4.3661156e-01   2.1533982e-01  -3.3374757e-01   4.4261232e-01  -1.0835238e-01   7.2416585e-02  -2.9075683e-01   6.5207365e-02   6.6314596e-02  -3.1268908e-01  -2.7562722e-02   4.2334329e-01  -2.2206433e-01  -1.3082635e-01  -1.9661858e-01   2.3874902e-01  -1.5406058e-01   1.2026311e-01   9.2470393e-02   2.9716552e-01  -6.8266103e-02  -2.1692091e-01  -5.3448567e-02  -2.5558018e-02  -3.3696324e-01  -1.4902261e-01   1.2064810e-02  -9.6755960e-02  -1.5202927e-01   2.5327614e-01   9.2970346e-02   1.8340808e-01   4.1256929e-01   3.1774378e-01   3.6489257e-01  -1.0530437e-01   4.2616892e-01  -2.1317609e-01   1.2775559e-02  -9.8136462e-02  -3.6407588e-01  -1.7143599e-01  -4.3159301e-01  -3.6742691e-01   2.8078410e-01  -3.7176961e-01   1.1995956e-01   1.5966790e-01  -7.9557428e-02  -8.8312641e-02  -2.6143768e-01   1.4840281e-01  -3.8272026e-01   1.6373103e-01   1.4338155e-01  -3.3749118e-01   3.3408674e-01  -6.9572002e-02  -6.4733625e-02  -3.4878450e-01  -1.2369975e-03  -4.1850892e-02   3.0812064e-01   4.1981824e-01   1.3059401e-01   7.5062364e-02  -2.5133357e-01  -8.3649193e-02   2.7000679e-01  -1.7370891e-01  -1.3850774e-01   2.1007469e-02   9.0068712e-02  -1.1254211e-01   4.3303993e-02   2.7847234e-01   8.0771050e-04   3.9007934e-02  -8.3270011e-02   2.0618990e-01  -1.6621153e-01  -6.3799999e-03   3.7045490e-03  -3.8653259e-01  -6.8769872e-02  -1.9624516e-01  -4.0273112e-01   5.6948412e-01  -1.1244586e-01  -3.4954556e-01  -1.4216931e-01  -1.4831141e-01  -2.5648128e-01   2.9592482e-02  -4.0497303e-02   5.0292417e-01   1.7269492e-01  -1.2785250e-01  -2.8276218e-01   2.0265920e-01  -3.0206100e-01  -8.7672282e-02  -2.3271916e-01  -2.1696081e-01  -3.4553278e-01   1.3741372e-02   4.4038750e-01   1.1408705e-03  -1.8993761e-01  -9.0951304e-02   2.5339310e-01   2.6539443e-01  -2.5220880e-02  -1.8469306e-01  -2.8570936e-02   5.0522938e-03   3.4798995e-01   2.5999492e-01
   1.8477595e-01   1.5672630e-01  -1.8298674e-02   2.1240336e-01   1.6641179e-01  -5.9759971e-03  -9.9715457e-02  -2.1755985e-02  -1.5154087e-01   1.2996709e-01  -1.4776591e-01  -1.6659975e-01   0.0000000e+00  -1.5686325e-02   6.8378273e-02  -4.5653663e-02  -1.4943315e-01   6.3441059e-02  -1.0781220e-01   3.1193817e-01   9.2901320e-03   3.9671893e-02  -5.5658455e-02   2.3172756e-02  -7.5247738e-02  -1.3914879e-01   5.7183971e-02  -1.3761981e-01   2.0240901e-01   1.0206319e-02  -1.3125177e-01   1.9879458e-01   1.3146813e-01  -1.6659196e-02  -5.2234775e-03   9.7499892e-02   1.1424547e-01   4.2152171e-02   6.6660042e-03   3.6397734e-02   3.9463037e-01   2.8908480e-01   1.6226697e-01   2.9847226e-02   1.8310798e-01  -6.5207973e-02  -6.7577980e-02  -1.3054495e-01   1.8391462e-01   1.9979591e-02   6.8752015e-02  -1.4873430e-02  -2.4969354e-01   2.1590742e-01   1.1318957e-01  -1.2042969e-01  -2.4902327e-01   4.4718147e-02   1.3167644e-01  -9.4989589e-02  -8.5837148e-03   4.7263653e-01  -1.2958765e-02  -1.7141321e-01  -5.0166071e-02  -1.1055086e-02  -8.0481015e-02   2.2299214e-01   1.0206014e-01  -2.8366373e-01  -3.0796031e-02   6.6151061e-02   3.1277540e-01   1.3183814e-01  -7.9060732e-02   3.1895754e-02  -1.1901475e-02  -7.4538500e-02   2.7737926e-02   2.6750460e-01  -8.7941200e-02   6.7947798e-02  -2.3152479e-01  -1.2185511e-01   3.0937901e-02  -9.2626560e-02  -2.1804403e-01   2.3747441e-01   5.8700933e-02   6.7581039e-02   1.3303650e-01   5.6017844e-02  -8.2895700e-02   2.4986048e-01  -1.6207871e-01   3.7644673e-01   3.3305444e-01  -2.3391519e-01   3.9036944e-01   1.2915213e-01  -1.6834898e-01   5.6929663e-02   2.5637825e-02   4.5912734e-02   1.2231886e-01   2.1355312e-01   1.7883343e-01   7.2855787e-02   3.2075026e-01  -1.2229749e-01  -2.3484345e-01   6.6526717e-02  -2.2467063e-02   6.9229416e-03  -7.7737874e-02  -9.9505482e-02   9.4492359e-02   6.0069069e-01  -1.5669264e-01   1.9498092e-01   7.5342618e-02   2.7120251e-01   1.2752176e-01   4.4516518e-02  -2.2639678e-02   9.7108735e-02   2.6119059e-01   1.3568773e-01   1.8322089e-01  -2.9102835e-01   2.5186171e-01  -2.5643370e-01   1.1401851e-01  -1.2783736e-01   2.4529488e-01   2.1311960e-02   3.0171758e-01  -3.9589522e-01  -6.5660045e-03  -1.7402011e-01  -9.2603103e-03   2.9512833e-01  -1.1078585e-01  -2.3282092e-01   3.4160511e-02  -3.5940314e-02  -7.2300381e-02   1.1484472e-02   3.5164362e-02   6.3258963e-02  -2.0848268e-03  -1.0861460e-01   1.1690638e-01  -1.4447564e-01  -8.8497979e-02   1.9304904e-02   2.0201678e-01   1.8132435e-01   3.6783186e-02   5.3420430e-03   2.0745814e-01  -1.2126542e-01   1.2947992e-01   9.7309047e-02   3.4660670e-01  -4.9895969e-03  -1.0207578e-01   1.6418043e-02   1.0375628e-01  -7.5677280e-02   9.5551260e-02  -3.3373667e-03   1.6511981e-02  -2.7390399e-01   2.1196068e-01   1.2361774e-01   2.4431691e-01
  -9.1227099e-02  -1.2171503e-01  -4.5640277e-01   9.9374186e-02  -5.0375793e-01   2.1762964e-01  -1.5422901e-01   3.4765807e-01  -3.8360662e-01  -1.8565536e-01   3.3932577e-01  -4.1690214e-01  -1.5686325e-02   0.0000000e+00   2.4690099e-01   6.2916480e-02  -2.8320164e-01   3.8398963e-01  -7.4071126e-02  -5.0979210e-01   5.7044116e-01   4.0510640e-01   4.3400442e-01  -2.0699390e-02   2.6884379e-01   2.9208141e-01  -4.4161962e-01   5.4403923e-01  -1.9226368e-01  -2.8820216e-01   3.9614919e-01   2.6765480e-01   1.5885904e-01  -4.0518519e-01   1.4178940e-02  -3.7262369e-01   6.9355233e-02  -2.7746512e-01   1.5645157e-01  -4.8069032e-01  -9.8008376e-02  -3.3884763e-02  -6.0255884e-01   2.8877893e-01  -2.3870298e-02   3.1695981e-02   1.5731083e-01  -3.6626648e-01   3.0114116e-01  -5.1717939e-01   3.9659167e-01   1.7255883e-01  -2.0207313e-01  -4.6572995e-02   6.2629214e-01   3.3772297e-01   2.1637752e-01   1.3756432e-01   3.0340666e-01  -2.8283134e-01  -1.1554616e-01   1.9316513e-01  -4.3258016e-01   4.3071997e-01  -2.0219679e-01   1.9904148e-02  -2.0240808e-01  -1.4828625e-01   2.1799809e-01   7.5645676e-02  -2.9360107e-01   2.4471550e-01  -9.4884029e-02   3.8120575e-01  -3.6098356e-03   2.5980280e-01  -1.5145322e-01  -1.5097194e-01  -5.4016731e-01   1.7239116e-01   3.4987707e-01   9.6451474e-03   1.9954682e-01   5.2568062e-01   3.7042200e-01   4.3632134e-02   4.2753143e-01   2.9705390e-01  -1.8064620e-01   1.1781680e-01  -5.2546409e-01  -2.0583081e-01  -1.9141498e-01  -4.4537677e-01  -8.6101874e-02  -5.0355481e-01   8.0293253e-02   9.2347390e-02  -1.9741300e-01   2.5985312e-01   3.7000240e-01   3.4378826e-01   5.7089105e-01  -2.3848745e-01   2.7097592e-01   5.2289856e-02  -4.3545602e-03   2.2781388e-02   1.4722774e-01   3.1786663e-01   4.0024724e-02   3.1716646e-01   4.5420591e-02  -1.3455522e-01   4.4492444e-01  -4.2512359e-01  -8.5908219e-02   2.9156182e-02   5.4780574e-01   2.0581953e-01   9.9702624e-02  -6.0525551e-01  -3.2939886e-01  -2.1603820e-01   2.8162264e-02   5.2283917e-01  -2.8829390e-03  -1.1359952e-01   2.4721698e-01   1.7434925e-01  -8.5008225e-02  -1.5074348e-01   4.8483792e-01   5.7675745e-02  -2.6747517e-01   6.5937047e-02   1.5107277e-01   1.8173235e-01   6.8370476e-02  -3.3500063e-02   2.6193363e-02  -6.6068106e-02   2.3640852e-01   2.9530703e-01   3.2261438e-01   5.2357856e-01  -4.6982534e-01  -3.4312941e-02   4.1214915e-01  -7.5217214e-02   4.0196703e-01   5.1131592e-01   1.4053338e-01  -9.7489841e-02  -4.0152360e-01  -2.1359913e-01   5.4166024e-02   9.7256613e-02  -3.7586324e-02   4.1929795e-01  -1.2463711e-03   1.4330031e-01   1.3215696e-02   4.1380647e-01  -1.5500100e-02  -4.2809203e-01  -3.3920696e-02   4.3523377e-01   2.5507219e-01  -1.8278435e-01  -4.8428893e-01  -1.5343089e-01  -8.2720649e-02   2.4268063e-01   1.1756036e-01  -1.6915389e-01  -8.5838190e-02
