   0.0000000e+00  -7.3168985e-02   2.0918104e-01  -9.3921640e-03  -2.0781168e-01   1.4847235e-01  -1.9063437e-01   6.6024779e-04   1.2620073e-01  -3.1095504e-01   6.5954265e-02   6.3464964e-02  -2.0526366e-01   3.4755699e-01  -7.6648844e-02   7.1706585e-02   9.5687792e-02  -2.9928897e-02  -2.9305894e-02  -1.9345202e-01  -4.2719639e-01   2.0276896e-01  -2.8341419e-01   5.3262129e-01   7.5480921e-02   1.1220957e-01  -1.8438762e-01   3.9037173e-01   7.4259750e-03   1.6364243e-01  -2.7692922e-01   1.4267509e-01   2.3544844e-01  -2.4641847e-01  -8.3835625e-02  -2.5011444e-01  -1.9838934e-01   3.4951216e-01  -1.4887868e-02  -1.7490846e-01  -1.7908856e-01   2.8684731e-01   8.3633671e-02   1.2869245e-01  -2.4360188e-01   4.1491848e-01  -1.8373615e-03  -1.7811624e-01  -3.9499135e-03  -2.9255038e-02   2.0157605e-01  -6.2365937e-02  -1.9850946e-01   2.5108089e-01   9.1122621e-02   1.6892119e-01   1.0588212e-01   2.9440891e-01  -7.1702550e-02   2.8254362e-01   4.6243233e-01  -6.6026221e-02  -1.3046682e-02  -9.3678778e-03  -1.3748663e-01  -1.7640581e-01   6.3763669e-02   5.2445652e-02  -1.9763392e-02   4.0999155e-01  -2.6173171e-01   4.3624249e-02  -3.9651367e-02   6.7905308e-01   2.3343766e-01  -1.0308585e-01   3.9365719e-01   1.1991468e-01  -1.8161836e-01  -5.1084531e-02   1.6887865e-02   1.2068688e-02  -1.4032353e-01   3.6198968e-02   1.2517775e-01   8.0281207e-04  -2.7860102e-01   4.6284291e-01  -7.4554953e-02   7.0839497e-01  -2.6129219e-01   5.5206563e-01  -1.1631016e-01   2.3341751e-01   4.9740058e-01  -2.7226424e-01   5.2548533e-02  -1.0678371e-01   1.7397320e-02  -2.9917363e-01  -1.2489387e-01   1.2923402e-01   1.0455868e-01   7.4337045e-02  -1.5077430e-03   1.3887374e-01   2.2934386e-01  -4.0044140e-02  -1.6605088e-01  -3.7917176e-03  -1.5988326e-01   1.6044884e-01   2.5476495e-02   7.3926437e-01   3.5237861e-02  -3.2004152e-01   4.9007438e-02   9.3468870e-03   3.8989616e-01   5.5404214e-02   4.9897983e-01  -1.9702804e-01  -1.6661609e-02  -1.1667269e-01   5.0760481e-01   2.4181010e-01   1.0680081e-02   8.7229281e-02   2.5578452e-01   2.2993421e-01  -1.6859814e-01  -3.3320766e-01   3.2112405e-01  -2.7615502e-01   2.0287751e-01  -4.7181547e-02   5.1731491e-02   6.6785034e-02  -7.0267072e-02   5.6485418e-01   4.2931652e-01  -2.7733933e-01   4.8056488e-02   1.5134677e-01   1.8785193e-01  -3.9117305e-02  -2.3815425e-01  -4.0647702e-01  -1.6957456e-01  -3.7712755e-01   5.4729200e-01  -9.2663991e-03   6.6465189e-01  -1.7579954e-01   5.3110894e-02   5.5566510e-01   5.6165539e-01   7.3374284e-02   5.2300689e-01  -6.1121973e-02   2.5035195e-02   2.5711316e-02  -2.5615801e-01   4.5729281e-02   3.5129846e-01  -3.8003705e-01   3.4971652e-02   4.7385850e-01   6.9266368e-01  -7.7493727e-02  -2.1883482e-01   4.2753024e-01  -7.6075477e-02   1.0462875e-01   7.0479863e-02   2.2513632e-01   1.8490514e-01
  -7.3168985e-02   0.0000000e+00   2.5426805e-01   1.0143330e-01   1.9980299e-01  -1.3367243e-01   7.8960993e-02  -2.5505335e-01   4.0314706e-01   1.3356512e-01   1.1750133e-01   4.6588432e-01   1.7766449e-01  -3.4428098e-01  -2.3852531e-02   6.7996521e-03   3.2932041e-01  -5.6663558e-03   1.1032702e-01   5.8786692e-02   2.8438035e-01  -2.0826101e-01  -1.4710820e-01  -2.3423760e-01   1.3794179e-01  -3.0196055e-01   2.0640032e-03  -2.9544285e-01   9.2972869e-03  -1.4152292e-01   1.7122223e-01  -2.5639528e-01   7.0483392e-02   2.6781320e-01   1.6418929e-01   3.3339412e-01  -4.5275904e-02  -5.8014349e-02  -6.7172429e-02   3.3745756e-01   3.7133243e-02  -1.4734631e-02   9.8637129e-02  -1.3510270e-01  -5.5152903e-03   1.4948351e-03   3.7289412e-02  -2.3073765e-01   3.2015729e-01   4.5447718e-02  -2.9336636e-01  -2.4545744e-01   1.9924251e-01  -5.7744106e-02  -2.1507718e-01  -3.5669000e-01  -2.2517092e-01  -1.9355687e-01  -2.1243029e-01  -1.9624134e-01  -4.9578174e-02  -1.2378425e-01   4.3138455e-01   2.8325064e-01   7.5161920e-02   1.2283293e-01  -1.8762732e-01  -1.4033819e-01   4.7750229e-03  -2.3118516e-02   6.5377673e-01  -1.6732016e-01   1.7629647e-01  -2.4423250e-02  -1.6919023e-01  -1.9899371e-02  -3.3289109e-01  -1.8994072e-01   2.5572591e-01  -6.4438805e-02  -2.2438461e-01   3.5356948e-02   2.2216826e-01  -3.2832219e-01   1.8272696e-01  -7.1654251e-02   2.6891864e-01  -1.6227638e-01   3.7361772e-01  -8.2916024e-02   3.3249594e-01  -1.5392303e-01   1.5387575e-01   9.9323617e-02  -1.3329044e-01   2.2920763e-01  -2.3524448e-01  -6.6608470e-02   1.8756348e-02   1.1324984e-01   8.6796859e-02  -4.2289528e-02  -4.3686398e-01   8.3754184e-02  -2.8346874e-01  -8.1588510e-02   2.3461480e-02  -1.2672767e-01  -1.7152690e-01   2.1710279e-01   3.0114324e-01  -9.4040863e-02   2.7799241e-01  -3.3675394e-02  -1.0604198e-01   5.5708366e-01  -2.7471095e-01   8.5244736e-02  -2.5685100e-01   8.6733509e-02  -4.3971089e-01   2.4237305e-01   4.0834748e-01   2.7632150e-01  -7.2215311e-02  -2.3938402e-01  -2.1974445e-01  -1.3473451e-02  -5.9382670e-02  -3.7604719e-02   1.4257014e-01   3.9597783e-01   2.9105373e-02   5.2695192e-02   2.2512804e-01  -6.6849182e-02  -3.5569902e-01  -3.8784220e-01  -1.7844466e-01  -3.0596470e-02  -2.0467092e-01  -8.3269423e-02  -1.9433139e-01  -1.2572932e-01  -1.4911086e-01   1.7234965e-01   4.7611051e-01   4.6971950e-01   1.6672129e-01   2.4962833e-01  -1.5029729e-01  -4.3994951e-01  -1.9517786e-01   2.5238493e-01   2.7415459e-01  -6.2844929e-02  -1.3108537e-01  -6.5565891e-02  -6.7996970e-03  -2.7584011e-01  -1.8921802e-01  -1.3995985e-01   3.6582254e-01  -1.3278928e-01  -5.3256604e-03   5.1077557e-01   9.5562373e-02  -2.7905411e-01  -9.2331285e-02   2.4675507e-01   2.3083764e-01  -2.4512483e-01   7.9894326e-02  -7.2223412e-02  -2.6443354e-01   1.7519784e-01   2.3125534e-02
   2.0918104e-01   2.5426805e-01   0.0000000e+00  -1.8688251e-01   2.1526230e-01   2.7489621e-01  -3.9011245e-02  -1.8122295e-01   7.9569257e-02   6.8522960e-02  -2.2433639e-01   6.2029233e-01   8.5205808e-02  -2.6613956e-01  -2.4868802e-01   1.7576846e-01   8.6563024e-01  -2.5524080e-01  -1.5690999e-01   2.2494790e-01  -3.1324333e-01  -1.2237810e-02  -2.7093148e-01  -1.5468794e-01   6.5590244e-02  -7.7917128e-02   3.5926269e-02   4.1766132e-02   9.1347224e-02  -4.4152919e-02  -1.4325452e-01  -8.7253303e-02   2.7635973e-01  -3.5814605e-02  -2.2472929e-01  -9.5537584e-02  -2.4781410e-01   1.8594752e-02   9.5151695e-02   6.6509448e-01  -2.4399938e-01   3.5385254e-01   2.8954891e-01  -7.8966006e-02  -2.1817390e-01   5.5241905e-01  -1.4053675e-01  -3.5299607e-01  -3.0279161e-03   6.6963492e-01  -1.7869385e-01  -2.0819429e-01  -2.9543878e-02   4.5712497e-01   2.9267105e-02  -7.1869353e-02  -4.0500106e-02   3.7891104e-02  -1.3344966e-01  -1.7489995e-02   6.4809330e-01  -3.3273245e-01   2.5040292e-01  -1.1121930e-01  -2.7705816e-01   2.5199196e-01   3.5634013e-01   1.3419376e-01   6.2096028e-02   6.2575076e-01   2.4765466e-01  -2.2023233e-01  -3.6245394e-02   3.8093699e-01   4.9822369e-02  -1.7946181e-01   2.8594420e-01  -6.9780863e-02   2.6303213e-02  -1.2690008e-01  -2.4678943e-01  -1.2975291e-01   4.1072360e-01  -2.3502081e-01   6.6359800e-01  -1.6699888e-01  -1.2376556e-01  -1.8849616e-01   8.0356017e-02  -1.5549189e-02  -2.7622938e-02   6.4547132e-01   3.8841099e-01  -7.9473727e-02   1.4464963e-01   1.2412892e-01   1.1016466e-02  -1.7443913e-01   4.2577163e-02  -1.9327169e-01   4.2617983e-01  -6.8264874e-02  -1.4640651e-01  -3.4142724e-01  -3.0656419e-01  -1.0621962e-01   3.9736319e-01   1.9256463e-02  -2.5303870e-01  -4.6572780e-02   5.0337919e-01   7.7647509e-02  -2.6554998e-02   1.3796720e-01   4.4196276e-01  -4.2428167e-02  -2.3251049e-01  -1.3772703e-02   2.3056807e-01  -1.3895998e-01   1.0710022e-01   8.1589879e-02  -1.8644571e-02  -4.2197419e-01   1.4819103e-01  -3.4968569e-02  -3.4027526e-01   1.5418854e-01  -2.9194211e-02   6.4153716e-01  -8.0855988e-02  -4.2310029e-03   3.6017682e-01  -8.7793725e-02   1.6730339e-01  -1.3984021e-01  -1.3019952e-01  -1.6233964e-01  -1.4718137e-01   7.0610404e-02  -1.1789895e-02  -1.9027832e-01  -1.7436010e-02   4.3794024e-01   2.5015066e-02  -2.9366687e-01   4.7573703e-01  -8.2625192e-03  -2.3193803e-01  -1.2723491e-01   4.1911246e-01  -2.9348678e-01   3.9928581e-01  -3.2720189e-01   8.7832297e-01   2.6464970e-02   3.4630145e-02  -9.3598687e-02   6.6392564e-01  -2.9946490e-01   6.7825983e-02  -1.1026023e-01   1.8088376e-01  -9.6804168e-02   1.4446082e-01  -6.4640448e-02  -7.7997944e-02   2.7084923e-03   1.7963773e-01   2.7682983e-01  -1.4310495e-01   1.2743570e-01  -1.3834938e-01   2.1148308e-01  -8.9923500e-02   1.5802299e-01  -3.3128178e-02
  -9.3921640e-03   1.0143330e-01  -1.8688251e-01   0.0000000e+00  -3.1746686e-01   1.6727518e-01   4.2126584e-01   3.7407949e-01   5.4458241e-02  -8.1271418e-02   3.9390928e-01  -3.2783026e-05   1.5660500e-01   1.0730494e-01   3.3038285e-01   1.4764341e-01  -2.1011415e-01   4.6352187e-01   2.9727767e-01  -4.3412797e-01   2.4228233e-01   4.7612978e-01   2.7119643e-01  -1.3138405e-01   3.1887164e-01   1.0965523e-01  -2.6907041e-01   5.1540723e-02   6.3216990e-02   3.5518638e-01   1.9148970e-01   6.0522253e-01  -8.4522879e-02   2.7757217e-01   5.0692005e-02   2.9952559e-01   1.8553288e-01   6.1061439e-02  -1.9612539e-02  -3.1164350e-01   3.8116822e-01  -1.4289302e-01  -5.6009775e-02   1.3761825e-01  -3.8481498e-01  -8.8618947e-02   1.6615030e-01   2.6906717e-01   1.0725363e-01  -5.8125207e-01   3.6734472e-01   2.2837310e-01   2.1855121e-01  -1.1402413e-01  -1.7534777e-01   2.2647389e-01   2.8454653e-01   4.3549438e-01   3.8222803e-01  -9.2331765e-02  -2.7438240e-01   1.5090181e-01   5.0682111e-01   1.3791240e-01  -3.6239836e-01  -3.5427148e-02   3.1878112e-02  -5.4861147e-01   4.5007059e-01  -2.5020095e-02   6.6266988e-02   3.5231894e-01   8.3411035e-02   1.2294456e-01  -8.3735313e-02   4.2213844e-01  -3.5288782e-01   1.5736271e-01  -5.1815904e-01   7.1899685e-03   3.0016160e-01   3.5606577e-02  -6.4725039e-02  -2.3232292e-03  -2.2508903e-01   2.2499512e-01   1.1703864e-01  -1.7332422e-02   5.6875175e-01  -1.0000558e-01  -2.2250101e-01  -1.1330004e-01  -1.1194872e-02   1.4886466e-01  -6.7402407e-02  -2.4550566e-01  -1.9095979e-01   2.0139010e-01  -1.5762255e-01   1.5292298e-02  -5.2028300e-02   3.5197643e-01   4.2890637e-01   4.9623332e-01   1.9984444e-01   7.4031636e-01  -2.1311488e-01   4.8788390e-01   1.2757739e-01   2.2566541e-01  -1.6814152e-01   2.9734291e-01   6.3253357e-01  -1.7661177e-01  -5.2029031e-02  -3.2906732e-02   2.4590072e-01   1.0228036e-01  -1.9692382e-01   8.9686794e-01  -3.0772654e-01  -4.3743189e-01   6.3013004e-01   1.9213107e-01   2.7010171e-02   2.0359871e-01   1.3207645e-01  -6.7884983e-02   6.6782295e-01  -2.1105428e-02   1.2099074e-01  -4.3571325e-02  -2.5566803e-02   2.7305331e-01   4.6295336e-01   4.8972592e-01   2.1109030e-02   1.2593916e-01   5.8022739e-01  -1.3851887e-01  -3.5208300e-01  -2.0487046e-01   4.4932781e-01   1.9185993e-02  -8.7057330e-02   4.3717163e-01  -2.5932802e-02  -8.0987796e-02   3.4284672e-01  -1.9406797e-01  -6.1069129e-02   2.0031874e-01  -2.4408713e-01   1.6120964e-01  -2.6405967e-01  -1.5195247e-01  -7.4644545e-02   2.2324708e-01  -1.3871860e-01   4.6928008e-01  -6.1558761e-01   4.4316489e-01  -1.7833870e-01   2.3844767e-01   4.7309298e-01   4.5003403e-02   1.3324252e-01   1.0213864e-01  -1.3534866e-01   4.4122448e-03   1.2445649e-02  -2.8554658e-01  -1.2211106e-01   1.5834961e-01   9.3028841e-02   1.9629676e-01   5.2200207e-01
  -2.0781168e-01   1.9980299e-01   2.1526230e-01  -3.1746686e-01   0.0000000e+00  -2.4951990e-01  -2.8023763e-01  -8.5733129e-02   3.3581260e-01   2.1446613e-01  -1.9290399e-01   1.0116484e-02   1.3644263e-01  -2.3646712e-01  -3.1061383e-01   7.6497586e-02   3.7660122e-01  -1.6053136e-01  -1.5883328e-01   6.9938747e-01   3.4264426e-02  -3.0241185e-01  -1.5403716e-01  -1.0245731e-01  -8.1198290e-02   1.6880631e-02   3.3051895e-01  -1.9656873e-01  -1.0753212e-01  -3.8586709e-01  -1.0977847e-01  -2.7527552e-01   2.4213628e-01  -8.6558415e-02   1.1488521e-01   3.7900287e-01   2.5486701e-02   8.5783853e-02   1.1252143e-01   5.8427363e-01   2.0889924e-01   1.1769903e-01   1.8464277e-01  -4.3187970e-01   3.9695626e-01   2.1925729e-03  -9.9967962e-03  -3.9659157e-01   2.7992685e-01   5.3784240e-01  -1.3123609e-01  -2.7589280e-02  -1.0795916e-01   1.3282623e-01   3.6773867e-02  -4.5124192e-01  -2.2172483e-01  -1.7459216e-01  -3.5612022e-02  -1.3532251e-01  -3.9522174e-03   7.0971191e-03  -4.7008342e-02   2.4773506e-02   3.6119214e-01   1.4445276e-01   1.2071891e-02   3.6452291e-01  -2.2711702e-01   9.5557087e-03   3.3478079e-01  -1.6441584e-01   1.2827059e-01  -3.4798538e-01   5.5303516e-03  -6.8736576e-02   1.1396610e-01  -2.8179279e-01   6.5415297e-01   1.7599663e-01  -3.1858126e-01   7.1954586e-02   1.4667719e-01   1.9263448e-02   7.2395214e-02  -2.4125487e-01   1.5154269e-01  -1.7686813e-01  -1.6262016e-01   3.1387804e-02   6.8248224e-01  -5.6972411e-02   8.5838696e-02  -1.0550047e-02   1.1291068e-01   7.3476072e-01   2.6163259e-01   8.2880436e-02   4.0915672e-01   2.2288614e-01   1.4636706e-01  -1.5686515e-01  -3.7163433e-01  -1.3242111e-01  -1.9098369e-01  -2.4850956e-01   2.7386628e-01  -7.4568692e-02  -1.1804223e-02  -6.3108484e-02   2.0289695e-01  -2.8110218e-01  -2.3225116e-01  -2.6321523e-02   9.3658994e-03   3.9331478e-01  -1.7352954e-01   1.1846200e-01  -3.1338295e-01  -3.5812839e-01  -5.6939912e-03   7.4239582e-01  -1.4851510e-01   1.1079522e-01  -3.5225528e-02  -4.0922797e-01  -1.5573194e-01   1.5540831e-01  -3.1904444e-01  -1.2624526e-01   6.9594343e-02   3.0249179e-01  -2.6921664e-01  -1.0719961e-01  -6.0374827e-02  -6.5336045e-02   2.0751817e-02  -2.7314007e-01  -3.4012494e-01  -1.4694793e-02   1.0246085e-01   2.0988286e-01  -2.4211695e-01  -4.1028539e-01  -1.8613423e-01  -2.6744532e-01   2.7326431e-01   3.7285405e-01  -4.7512101e-02   3.1678713e-01  -2.2180084e-01  -2.8943753e-01  -7.5083031e-02   1.5176263e-01   3.1953369e-01   9.8688813e-02   6.4788947e-02   4.2124859e-02   1.3418575e-01  -3.1635059e-01   3.1704074e-01  -2.4571320e-01   3.6448115e-01  -1.4822540e-01  -1.2068967e-01   3.3336347e-01  -8.5828490e-03  -1.4437560e-01  -3.7363057e-02   2.6587090e-01   3.9751667e-01   5.3231173e-02   1.1084674e-01  -4.1785598e-01  -6.7114328e-02  -7.5246484e-02  -1.2056166e-01
   1.4847235e-01  -1.3367243e-01   2.7489621e-01   1.6727518e-01  -2.4951990e-01   0.0000000e+00   3.9457535e-01   3.1733074e-01  -2.1968348e-01  -1.8134898e-01   3.2190423e-01   3.1689887e-01  -1.2651534e-01   1.0765533e-01   1.1743211e-01   3.0407637e-01   8.7022700e-02   4.3549024e-01   7.9491542e-02  -2.7341597e-02  -2.3517497e-01   4.4070947e-01   3.5680785e-02  -2.6938765e-01   3.1367708e-02   2.0645289e-01   1.9642580e-01   2.1865846e-01  -1.9675930e-01   5.5890051e-01  -1.9603855e-01   3.5554296e-01   9.7254380e-02   4.9878147e-02  -7.1766702e-02  -8.2800429e-02   1.5373417e-01   9.4729254e-02   1.8641370e-01  -1.3975163e-01  -8.6080441e-02   1.8040746e-01   2.0465685e-01   2.6592072e-01   6.8351021e-02   3.1732545e-01   2.9172169e-01   4.4998906e-01  -1.3141808e-01  -4.2806085e-02   5.0029311e-01   1.3149102e-02  -2.3521018e-01   1.6860764e-01   6.4796806e-02   3.2239741e-01   6.5677364e-01   2.4128066e-01   2.3394374e-01   3.9172840e-01   3.4344993e-01   1.0987410e-01  -1.7600524e-01  -2.4036844e-01   1.5519245e-02  -6.4455850e-02   5.6873393e-01  -1.4816264e-02   4.6419582e-01   3.9364774e-01  -3.1482476e-01   5.0574468e-01  -8.6006812e-02   4.2886265e-01  -5.1572959e-02  -6.1538046e-02   3.0630790e-01   3.4950271e-01  -3.1989712e-01   7.6961469e-02   6.9443561e-02  -1.3369973e-01  -2.5463055e-01   1.9711495e-01   1.4692049e-01   6.2711887e-02  -1.5019689e-01  -1.5413447e-02  -4.0573293e-02  -2.7716910e-01  -3.3792194e-01   4.1174656e-01   1.9054243e-02   2.4475739e-01   1.4727529e-01  -4.3835762e-01   1.0236238e-01   1.4679128e-01   7.5518264e-03  -3.0371214e-01  -1.3716606e-01   4.7296372e-01   4.0540553e-01   7.0299029e-02   5.4993902e-01   2.7820759e-01   1.5252244e-01   4.2716497e-01  -1.0280342e-01   1.3870678e-01  -9.1566891e-02   5.7634010e-01   1.0363886e-01  -1.3956698e-01   8.6920684e-02  -4.9265588e-01   2.5570341e-01  -3.9091571e-02   3.4065377e-01   2.4437048e-01   1.6321168e-01  -3.2344703e-01   2.7118769e-03  -1.0490373e-02   1.3665683e-01   3.5833283e-01   4.1154960e-01  -1.1024699e-01   3.2988266e-01   3.5619301e-01  -1.4614178e-01  -3.5589975e-01   5.2672664e-01   1.4379190e-02   1.8019019e-01   5.0689434e-03   2.4025799e-02   1.0603275e-01   3.6404455e-01  -2.7555081e-01  -5.5463591e-02  -1.2631182e-01   4.7705729e-01   5.9679037e-01   4.2848101e-01   2.5904188e-01  -1.5354190e-01  -4.5852636e-01   8.1397197e-02  -4.3840027e-01   1.5874638e-01   2.7298042e-01   2.5945194e-01  -2.2883635e-01   1.7997781e-01  -3.1593978e-01   1.2253173e-01   1.2759959e-01   1.5964729e-01   2.4690667e-01   8.5428863e-04   4.1239925e-01  -4.4044683e-01   6.2662678e-01   2.5306548e-01  -3.4099225e-01   1.6490064e-01   1.4533792e-01   1.2413343e-01  -1.8956508e-01  -2.3098892e-01  -3.9286241e-03   2.7822438e-01   6.2139864e-01   5.7268972e-03   9.6651963e-02   1.6603448e-01
  -1.9063437e-01   7.8960993e-02  -3.9011245e-02   4.2126584e-01  -2.8023763e-01   3.9457535e-01   0.0000000e+00   6.5849571e-02  -1.5509866e-01   2.4660405e-01   2.1608912e-01   2.8927734e-01   1.6066083e-01  -1.0033959e-01   6.1482582e-01   2.1027537e-01  -1.8034491e-01   4.2687690e-01   1.5897499e-01  -1.5402268e-01   3.5734149e-01   8.8045824e-02   5.2871116e-01  -4.4460197e-01   1.3192546e-01  -5.8001386e-02  -2.0429930e-01   1.2169581e-01  -2.1367472e-01   1.8492191e-01   2.0371381e-01   1.6084996e-01  -6.0440837e-02   5.9013796e-01   2.1147788e-01   1.2030144e-01   3.1198368e-01   9.7308817e-02   6.2681187e-02  -8.3446183e-02   2.2568589e-01  -1.5534981e-02   1.5222233e-01   1.1285171e-01  -1.2127347e-02   1.3877860e-02  -9.5438199e-02   5.0812182e-01  -1.2198953e-01  -3.7658854e-01   2.7448368e-01   7.4116000e-02   2.2484931e-01   1.2064088e-01   5.0608032e-02   2.5979536e-01   2.1735628e-01   5.0897878e-02   9.1964746e-02   6.8631408e-02  -1.4415613e-01   3.8838727e-02   1.6769133e-01   9.1795575e-02  -6.9517196e-02   2.3908010e-01   6.1695523e-02  -2.8134389e-01   1.0970709e-01  -9.2196251e-03   1.8634231e-01   3.4037487e-01   1.8359621e-01   1.3757261e-01  -1.3713718e-01   1.2824487e-01  -7.7343067e-02  -6.8841197e-02  -3.2752730e-01  -1.5513296e-02   2.2105288e-01   1.8589375e-01  -4.9311813e-02  -1.2909210e-01   1.0605205e-02   8.8275971e-02   9.8061445e-02  -1.5585425e-01   3.0175005e-01  -2.9227067e-01  -3.0667824e-01  -1.3103227e-01   2.3978549e-01   1.5145009e-01   7.2816278e-02  -1.9839500e-01  -1.8762319e-01   2.7954603e-02  -1.5354593e-01   2.3011245e-01  -1.6309637e-02   5.9682322e-01   1.6420737e-01   5.5696463e-02   3.2333363e-01   2.5889323e-01  -6.0561313e-02   7.3544424e-02  -7.0892695e-02   1.1492113e-02   1.9941056e-01   1.2940648e-01   3.6006382e-01  -2.0829820e-01   2.2667067e-01  -4.8389447e-02  -6.8887462e-02   1.1550704e-01  -1.2086028e-01   3.8353387e-01  -1.9785134e-01  -2.9202528e-01   3.3944833e-01   4.7185817e-02   1.5969395e-01   3.0983324e-01   3.3098154e-01  -7.3317480e-02   3.1276160e-01  -3.7446903e-02   1.6692282e-01   1.7481023e-01   1.3718551e-02   3.8064439e-01   3.2071196e-01   2.4178691e-01   4.2143145e-02   1.8463351e-01   2.5462730e-01  -2.1519641e-01  -2.5677048e-01   4.7032945e-02   1.2036037e-01   1.1392590e-01   2.1467259e-01   2.0563635e-01   3.7454653e-01  -8.6094850e-02   3.9715665e-01   1.5999934e-02   4.8139142e-02   8.7652272e-02  -1.1777999e-01   4.7690928e-02  -9.2301172e-02  -3.5751954e-01  -3.0797064e-02   1.0477573e-02  -2.1191556e-01   3.0727691e-01  -3.8452741e-01   1.1584953e-01  -1.6295591e-01   2.8083059e-01   3.1941516e-02   1.8838243e-01   5.1066254e-01  -1.8808457e-01  -1.2597400e-01  -1.3016464e-01   4.8897011e-02  -3.0614795e-01   9.4521027e-02   1.0659934e-01  -1.7362352e-01   1.6537196e-01   1.0394821e-01
   6.6024779e-04  -2.5505335e-01  -1.8122295e-01   3.7407949e-01  -8.5733129e-02   3.1733074e-01   6.5849571e-02   0.0000000e+00   1.0075194e-01  -2.5507248e-01   3.4347465e-01  -2.3195093e-01  -1.3438033e-01   2.6094528e-01   5.4793530e-03   3.5399934e-01  -2.1210293e-01   4.0672477e-01   4.9267511e-02  -1.6683034e-01  -1.1537959e-01   3.9504536e-01   2.6481566e-02   3.9345610e-02   4.3058980e-02   7.0398540e-01   7.3509634e-02   2.0405451e-01   4.1295979e-02   2.0228296e-01  -6.1939718e-02   5.8036461e-01   1.3202950e-01  -1.1647386e-01   1.3890127e-01   3.4175492e-02   1.9251671e-01   1.1559433e-01   3.2393517e-01  -3.0731478e-01   2.8885015e-01   9.3828315e-02   3.7828213e-02   2.8998546e-01  -1.2077652e-02  -4.1099521e-02   3.0824399e-01   2.4246993e-01   1.8264153e-02  -2.6223814e-01   5.1226663e-01   7.4108996e-01  -3.2426854e-02  -9.8238774e-02   3.9620524e-02   3.5712828e-01   3.5882064e-01   3.8095350e-01   5.4383372e-01   1.5928100e-01   7.9183301e-02   3.2036911e-01  -6.4555629e-02  -1.4718665e-01  -6.8704941e-03  -3.4079450e-01   2.5576603e-01  -1.1417350e-02   3.6408581e-01   2.2202704e-02  -2.7039445e-01   3.7104207e-01   1.3054038e-01  -9.7269656e-03   1.5189316e-01   5.8399211e-01   1.8544015e-01   4.3748757e-01  -1.8883934e-01   3.0596784e-01   3.6183735e-01   3.0936183e-02  -1.6121709e-01   6.5108092e-01  -1.5986827e-01   4.0016278e-01   8.6740845e-02   8.8360445e-02  -9.0315850e-02  -8.8883006e-02  -2.2181039e-03   1.0945334e-01  -2.6034026e-01   1.3267407e-01   5.2982109e-02  -1.7258768e-01   2.8160688e-01   3.6569252e-01   2.8825573e-01  -1.5237715e-01  -1.3314531e-02   2.3450566e-01   4.9068781e-01   4.9711539e-01   4.5283515e-01   5.1872370e-01   1.0754702e-01   6.1866896e-01   5.5195273e-02   1.5658148e-01  -3.1475134e-01   2.1342344e-01   3.4109687e-02  -2.0350774e-01   1.4497637e-02  -2.4118213e-01   5.1982805e-01   9.3399822e-02   9.9931396e-02   3.5854743e-01   2.2988256e-01  -1.9118086e-01  -9.2994500e-03   2.3983784e-01  -1.8461385e-02   3.2237672e-01   2.4596965e-01   2.9169730e-03   3.5444908e-01   6.6053058e-02  -3.8330983e-03  -3.0796880e-01   4.1810434e-02  -2.1373747e-02   4.1837342e-02   5.6738308e-01   2.6715313e-01   2.6552782e-01   5.8889118e-01  -1.9239049e-01  -2.8486460e-02  -8.2851423e-02   5.7624596e-01   4.9967099e-02   6.0826013e-02   3.7046690e-01  -4.1277583e-01  -3.1092344e-01   2.4333512e-02  -3.0452245e-01  -1.0969721e-01   5.2147270e-01  -5.6995554e-02   8.5648653e-02  -1.8133582e-01  -1.5456054e-01   2.3620418e-01   3.4067099e-01  -5.0896939e-02   4.5959193e-01   1.9769457e-02   5.8066023e-01  -3.6867704e-01   4.6140723e-01   3.6769668e-01  -3.5962748e-01  -1.2971064e-01   2.5082612e-01  -2.7696031e-02  -1.9229875e-01  -4.1974349e-02  -7.7227050e-02   9.7093392e-02   1.1673022e-01   2.6839828e-01  -6.9228506e-02   2.9985922e-01
   1.2620073e-01   4.0314706e-01   7.9569257e-02   5.4458241e-02   3.3581260e-01  -2.1968348e-01  -1.5509866e-01   1.0075194e-01   0.0000000e+00   8.1631606e-02  -4.5552472e-02   2.2548685e-02   1.8161498e-02   1.3418722e-01  -9.5315651e-02   2.3100431e-01   1.4659915e-01  -4.7094847e-02  -1.1971331e-02   8.6612847e-02   2.1305668e-01  -5.0746437e-02  -1.6470236e-01   7.9182817e-02  -2.7366996e-02   1.4178077e-01  -5.6679822e-02   1.0972328e-01   1.0390870e-01  -1.6404022e-01   1.1886258e-01  -4.5257761e-02   3.6829416e-01   6.6465420e-03   1.2693801e-01   4.4295053e-02   5.5766302e-02   1.1627797e-01   1.5227762e-01   1.8571232e-01   3.0918755e-01   1.8598337e-01   1.5153557e-01   7.4823355e-02   8.2393968e-02  -9.5522045e-02  -1.6685330e-01  -1.1590300e-01   4.1788449e-01   9.0597099e-02  -2.9123054e-02   1.5012842e-01   2.2402320e-01   3.8621228e-02   1.5332106e-01  -1.1390274e-01  -2.3144468e-01   1.3706893e-01   8.4819072e-02   5.5976652e-02   8.4769274e-02   3.0677320e-02   1.3008710e-01   4.3537718e-01   2.7584785e-01  -5.6762686e-02  -1.1356597e-03   1.7143360e-01  -2.2580086e-01  -1.1727965e-01   3.5653412e-01  -1.3556637e-01   3.3804435e-01   4.3040711e-02  -6.4061138e-02   3.4282798e-02   8.1926657e-03  -6.3730264e-02   3.9899852e-01   2.6795996e-01  -3.7950786e-02   7.6924020e-02   3.0168362e-01   1.6704713e-01   2.1600196e-01  -7.6754677e-02   4.1883608e-01   2.2306188e-03  -8.4442382e-02   1.6204736e-01   4.3367823e-01   7.4949316e-02  -1.3921757e-02   2.1188725e-01   3.3001497e-02   2.1944396e-01   2.4512183e-01   1.2944851e-02   3.6989884e-01   9.8453615e-02   3.2583188e-01  -5.9134315e-02  -1.5301018e-01   3.4743572e-01  -4.8459737e-02   1.0733921e-01   3.1073048e-01   5.7964980e-02  -1.8388235e-01   4.2075819e-02   1.4637468e-01  -1.1035266e-01  -1.1147160e-01   6.9593967e-02   6.9855231e-02   4.5503486e-01  -9.2877086e-02   2.5044158e-01  -1.5186687e-02  -1.1972010e-01   7.5447288e-02   2.7016950e-01  -2.9717087e-02   4.7382857e-01   6.0742450e-02  -3.7397993e-02  -1.2485852e-01   5.6440122e-02   8.4936152e-02  -6.2740942e-02  -2.1807322e-02   3.0500241e-01  -5.4753809e-03   4.5159855e-02   1.4864717e-01   7.3335717e-02   2.0658129e-02  -9.6714822e-02  -1.2105785e-01   3.3116552e-02   2.1873718e-01  -1.3057463e-01  -1.5553864e-01  -2.8405815e-01  -9.8383537e-02   1.6247024e-01   1.6958873e-01   3.1165480e-01   1.7235858e-02   2.3501278e-01   2.8817443e-03  -1.1690256e-01   3.5853838e-02   3.6459309e-01   1.9165772e-01   1.1732633e-01   2.4616146e-01   1.9014656e-01   1.0917564e-01  -5.8839075e-02   1.9555871e-01  -6.1802001e-02   2.7724531e-01   3.5215320e-02   1.4713242e-01   1.8649028e-01  -2.1272356e-01   5.7259144e-02   3.0560935e-01   1.4760021e-01   1.6186808e-01  -1.0853627e-01  -1.0499928e-01  -1.6369782e-01   2.8848044e-02  -2.6920243e-02   2.1056214e-01
  -3.1095504e-01   1.3356512e-01   6.8522960e-02  -8.1271418e-02   2.1446613e-01  -1.8134898e-01   2.4660405e-01  -2.5507248e-01   8.1631606e-02   0.0000000e+00  -1.3062834e-01   2.0068515e-01   2.2401567e-01  -3.0069532e-01   4.0660724e-01  -9.0533636e-02   7.8533579e-02  -6.6372064e-02  -1.2319430e-01   2.6783990e-01   5.0071940e-01  -4.2574258e-01   3.4891407e-01  -2.4038083e-01   2.3337910e-02  -1.8582641e-01  -2.8375747e-01  -3.6310521e-02  -1.6036077e-01  -3.6639117e-01   3.1368940e-01  -2.5591350e-01  -2.4156008e-01   3.0894950e-01   1.1503446e-02   1.8823177e-01   4.2064693e-02   9.0215333e-02  -1.5570828e-01   3.2245792e-01   1.3708016e-01  -1.8059197e-01   3.8744361e-02  -5.5193113e-02   9.2823599e-02  -3.3470451e-02  -1.9681996e-01  -5.7986732e-02   1.3752847e-01   4.4624514e-02  -1.5899694e-01  -1.1047240e-01   3.5483606e-01   1.9184352e-01   4.7853408e-02  -6.9685075e-02  -2.4857674e-01  -1.4311308e-01  -1.8257231e-01  -1.9417011e-01  -1.3546780e-01  -3.5133284e-02   2.1178789e-01   2.0218940e-01  -4.5339989e-02   5.2699190e-01  -1.6500026e-01   5.2585504e-02  -2.5151881e-01  -1.1659245e-01   4.2135491e-01  -1.6706418e-01  -2.1898124e-02  -2.0203929e-01  -7.3308068e-02   3.6461981e-02  -1.8088159e-01  -2.9151865e-01   5.5549262e-02  -2.2845388e-02  -7.6388493e-02   4.1635161e-02   3.7690644e-01  -2.2551419e-01   1.7979693e-01  -2.6100855e-02   2.9586380e-01  -2.9873397e-01   1.7873994e-01  -1.5472748e-01   6.9175771e-02  -2.4605797e-01   3.9713440e-01  -2.6092901e-01   2.8112329e-02   3.6685642e-01  -7.3171895e-02  -6.8243324e-02   2.0233246e-02   4.2266097e-01   3.5175166e-01   9.5332248e-02  -2.5739318e-01  -2.3345801e-01  -2.3098888e-01  -2.0223361e-01  -1.3041613e-02  -2.3761657e-01  -1.1554191e-01   3.4922870e-04   4.8096222e-01  -3.1132299e-01   1.0365692e-01  -6.3025088e-02   3.2311025e-01   2.4256309e-01  -3.3843560e-01  -8.5184266e-04  -2.1745958e-01  -1.2220290e-01  -2.3016537e-01   1.9265094e-01   1.3451365e-01  -6.9744272e-02  -5.5946005e-02  -2.5978093e-01  -2.1392359e-01  -7.0645790e-03  -1.7160458e-01  -7.4253472e-02  -6.2387940e-02   4.6089976e-01  -3.3914256e-01   2.5589637e-01   6.2726577e-02   3.4487711e-02  -4.2713213e-02   1.1713547e-02  -9.2754417e-02  -1.6674590e-01  -1.8220396e-01   1.9370432e-01  -1.5284525e-01  -1.5101691e-01  -6.5999446e-02  -1.3680564e-01   5.1849776e-01   3.2037695e-01   1.3897390e-01   4.9466507e-01   2.6611473e-02  -2.6219532e-01  -2.7144713e-01   1.3239476e-01   8.5997646e-02  -6.4497495e-02  -1.5908694e-01  -1.5754622e-01  -1.8903925e-01  -1.2454704e-01  -6.5285370e-02  -1.3933821e-01   4.4212871e-01  -1.4313183e-01  -4.0963922e-01   2.6193638e-01   1.3949391e-01  -2.6593386e-01  -2.6389653e-01   1.8179566e-01   5.3992234e-02  -8.9746921e-02  -5.0255248e-02  -3.3912316e-01  -2.5153683e-01   1.6472182e-01  -2.6718451e-01
   6.5954265e-02   1.1750133e-01  -2.2433639e-01   3.9390928e-01  -1.9290399e-01   3.2190423e-01   2.1608912e-01   3.4347465e-01  -4.5552472e-02  -1.3062834e-01   0.0000000e+00  -1.1651026e-02  -7.1491218e-02  -3.6877675e-02   1.8433202e-01   1.9869059e-01  -2.8269288e-01   5.6992948e-01   1.8886133e-01  -1.6913083e-01   1.4055001e-02   1.8573040e-01   9.3801352e-02  -7.8365365e-02   6.9036130e-02   3.4033632e-02   1.5849403e-02   1.0630741e-02  -1.1817656e-01   2.0466408e-01  -7.9093675e-02   2.3614860e-01  -5.8138257e-02   2.6605611e-01   2.5698306e-01   5.4549715e-01   3.9889811e-02   1.1778943e-01   1.1851330e-01  -3.7666078e-01   1.2378441e-01  -6.5564310e-02  -2.1284029e-01   1.9023891e-01   6.1182472e-02   1.5718117e-01   7.6098294e-01   2.0112218e-01   1.1136521e-01  -4.7347845e-01   5.1892767e-01   1.1292076e-01   8.2614139e-02  -1.7451414e-01  -3.6332198e-01   3.0909069e-01   2.8060363e-01   1.1486591e-01   3.2789336e-01   6.5159794e-02  -8.4771907e-02   2.0146656e-01   3.4394560e-02  -1.9299778e-02  -4.6431545e-03  -2.0941111e-01   1.4323277e-02  -1.8370826e-01   6.0349088e-01   3.6908341e-03  -7.6717121e-02   4.0040740e-01   7.3966440e-02   3.9085254e-02  -4.2966264e-03   3.7134794e-01   7.3282716e-02   2.0716498e-01  -2.1702467e-01  -3.9698269e-02   1.5560167e-01   1.1330728e-01  -3.5866829e-01   8.0570921e-02  -2.9301151e-01   2.8859248e-01  -1.9838336e-02   3.7276854e-02   2.0701534e-01  -2.1938460e-02  -1.0183696e-02  -4.1950611e-02  -2.5225937e-02   2.2801068e-01   1.0857187e-01  -2.0003543e-01  -4.4424273e-02   3.6390220e-01  -2.4459980e-02  -2.2401772e-01  -2.9031303e-01   5.0007268e-01   1.6900630e-01   3.0389953e-01   4.1466522e-01   3.2471251e-01  -2.4294442e-01   4.1197060e-01   4.6948027e-02   5.1740767e-01  -2.7365436e-01   1.8092418e-01   2.7262106e-01  -2.6226871e-02  -2.4330416e-01  -1.3742650e-01   2.5149110e-01   1.4752080e-01   7.9091492e-02   4.2588772e-01  -6.7221337e-02  -1.1439656e-01   3.0698116e-01   3.2370213e-01   2.0836554e-01   5.1245204e-02   3.1236345e-01  -2.8910472e-01   3.1987377e-01  -1.1841872e-01   1.0547080e-01  -3.8119130e-02  -1.1898994e-01  -9.6075030e-02   4.9927138e-02   2.5941811e-01   1.3400940e-02   8.7525001e-03   3.5240290e-01  -7.7303822e-02  -9.7625179e-02  -3.6761744e-01   4.8252612e-01   1.9095856e-02   8.7530931e-02   3.1488495e-01  -2.6211829e-01  -1.5695842e-01   4.8000047e-01  -3.0228136e-01  -1.1566608e-01   1.1381852e-01  -5.2639961e-02   3.1327949e-01  -3.4677275e-01  -9.9789109e-02   1.2510919e-01   1.8291712e-01  -1.1105675e-01   2.4836536e-01  -2.0777898e-01   5.5851828e-01  -3.5265518e-01   4.3331432e-01   5.7691538e-02  -5.4149424e-02   3.7998408e-01  -9.0610278e-02  -6.1714353e-02  -2.5896823e-02   1.7622757e-01  -9.0910308e-02   2.3639958e-01   1.3669115e-01   1.7077567e-03   1.2263509e-01   9.2367383e-02
   6.3464964e-02   4.6588432e-01   6.2029233e-01  -3.2783026e-05   1.0116484e-02   3.1689887e-01   2.8927734e-01  -2.3195093e-01   2.2548685e-02   2.0068515e-01  -1.1651026e-02   0.0000000e+00   7.9290583e-02  -4.0413808e-01   3.7353980e-02  -7.9932791e-03   5.7623754e-01  -3.4830766e-03  -9.5008550e-02   2.3066252e-01  -8.0941342e-02   2.8904377e-02  -1.0434037e-01  -3.7325778e-01   1.9463715e-01  -1.9559643e-01  -9.6020707e-02  -1.6305684e-01  -1.6254886e-01   1.2686386e-01  -9.2031494e-02  -3.9818736e-03   4.6003520e-02   1.4593285e-01   3.9047197e-02   7.2161861e-02  -1.4240764e-02  -3.8768735e-02  -9.7334543e-02   4.7476526e-01  -1.1415918e-01   1.4262696e-01   4.2460219e-01  -1.5191620e-01  -1.2510315e-01   4.0357376e-01  -8.5630821e-02  -8.6349225e-02  -5.5673331e-02   2.3189720e-01  -4.9160099e-02  -2.5676881e-01  -8.0484569e-02   4.1881626e-01   1.6971574e-02  -1.2584743e-01   3.3260602e-02   1.0191191e-01  -1.6706887e-01   2.3689604e-01   3.0976196e-01  -1.8706731e-01   1.8488959e-01  -1.6393335e-01  -1.6738593e-01   1.4330714e-01   2.2239640e-01   8.3913902e-02   1.0122076e-01   4.3378510e-01   2.5911196e-01  -4.4299297e-02   5.4620647e-02   3.4292073e-01  -3.9732886e-02   4.8960236e-02   8.3714196e-02  -1.0620070e-01   7.7911185e-03  -1.6434648e-01  -3.6975923e-01  -9.1868570e-02   9.0857185e-02  -2.5352590e-01   3.0963956e-01   1.0733700e-01  -4.8281641e-02  -3.4066381e-01   2.1883285e-01  -1.7628172e-01  -6.7514833e-02   2.4161616e-01   2.0930306e-01   2.3515439e-01   8.7938021e-02  -2.7255651e-02  -2.5817056e-02  -1.5925689e-01   1.5986376e-02  -1.0043618e-01   5.3792566e-02   1.6133691e-01  -1.7678283e-01  -1.5504638e-01   9.2292143e-04   3.8248654e-02   2.6959362e-01  -3.0925073e-02  -1.8610354e-01   7.2397722e-03   3.0035714e-01   2.4423778e-01   2.2013911e-01   1.6649036e-02   9.1403470e-02  -4.6596804e-02  -2.1059454e-01   6.4081407e-02   3.9764687e-02   2.1265436e-02  -9.2522802e-02   7.6789700e-02   1.8655891e-01  -8.9741161e-02   1.0253939e-01  -1.6588476e-02  -9.2453394e-02   5.4635880e-02   1.5632173e-01   3.1362401e-01  -6.7742240e-02  -7.0647816e-02   2.7115632e-01   7.5035501e-02   3.4199913e-01  -3.7468022e-02  -1.1200203e-01  -3.2209604e-01   2.2806210e-02  -8.2033053e-02  -2.1106359e-01  -6.6055159e-02   3.1902806e-02   3.7810646e-01   3.3788036e-01   1.9388142e-02   4.8746140e-01  -1.0266430e-01   4.1264809e-03  -1.3962823e-01   6.6425267e-02  -3.6993061e-01   1.7788933e-01  -2.1340082e-01   5.2059064e-01  -1.8417150e-01  -8.0093563e-02  -1.4294185e-01   2.5802231e-01  -3.5717198e-01   3.3669661e-03  -6.2911848e-02  -7.8799057e-03   1.0797778e-01   9.9141997e-02   5.2176691e-02   1.2671841e-01  -1.8914650e-01   1.1217942e-02   4.8986867e-02  -2.8803526e-02  -1.0641187e-02   1.0085156e-02   2.4417011e-01  -8.0714883e-02   3.9208719e-01  -9.0170019e-02
  -2.0526366e-01   1.7766449e-01   8.5205808e-02   1.5660500e-01   1.3644263e-01  -1.2651534e-01   1.6066083e-01  -1.3438033e-01   1.8161498e-02   2.2401567e-01  -7.1491218e-02   7.9290583e-02   0.0000000e+00  -1.4480232e-01   4.0041188e-02   4.6526004e-02   7.0380411e-02   4.9019731e-02  -1.5962863e-01   7.6915373e-05   2.9984129e-01  -1.5496612e-01   3.4541045e-01  -2.2995272e-01  -2.5757526e-02  -2.3187269e-01   4.3224741e-03  -1.3743892e-01   9.1416594e-02  -7.6405924e-02   2.1884426e-01  -1.3134920e-01   4.3806624e-03   1.4710092e-01  -6.2486787e-02   1.6544101e-01  -9.1687183e-02  -3.2305172e-02   5.3810983e-02   1.8008998e-01   4.4523416e-01  -9.7086841e-02   7.4730583e-02  -5.8982079e-02   4.5005656e-03  -7.2376579e-02  -9.0970079e-02   6.6386221e-02   8.1855270e-03   2.1893376e-02  -5.7431489e-02  -2.1461120e-01   1.3878388e-01  -1.0276800e-01  -1.0729054e-01  -1.5234395e-01  -6.7979628e-02  -1.9098608e-01  -9.1737790e-02  -1.3996035e-01  -1.2451743e-01  -7.3148171e-03   3.4991184e-01   1.3112243e-01  -7.0980445e-02   3.7297916e-01  -1.8643960e-02  -2.4905193e-01  -6.5401378e-02  -8.4846631e-02   2.1030111e-01  -1.6227393e-01   2.2150923e-01  -4.4126790e-02  -1.2780740e-01  -9.8809283e-02  -2.0037437e-01  -1.3258125e-01   4.4645130e-02   8.2655637e-02  -1.8962370e-01   2.2318084e-01   1.7726980e-01  -2.5028798e-01   1.1556225e-01  -1.7435709e-01   2.0219194e-01  -2.1653283e-01   1.1808580e-01  -1.7739428e-01   1.1608230e-01  -6.4018670e-02   1.9706322e-01  -3.4204629e-02  -1.0814769e-01   1.6656284e-01  -8.8404951e-02  -6.5753014e-02   3.5211116e-02   2.3073844e-01   1.3085950e-01   6.3343905e-02  -7.2854840e-02   6.1036211e-02  -1.6528294e-01  -1.5060537e-03  -9.2405496e-02  -1.3067562e-01   1.2570620e-01  -1.0380991e-02   2.1717358e-01  -1.2702331e-01   5.9268252e-02  -8.8373255e-02  -1.0868529e-02   2.4258814e-01  -1.7580316e-01   3.0623206e-01  -1.8997210e-01   1.0868432e-01  -1.8193638e-01   6.2933781e-02   8.5344827e-02   1.0415834e-01  -6.0389858e-02  -7.5013580e-02   1.5413001e-01   4.3375727e-02   4.5336972e-02  -2.7228473e-02   5.2421785e-01   2.2764671e-01  -1.0499936e-01   3.6660425e-01   2.8857466e-02   4.0167421e-03  -5.6123651e-02   2.0270825e-02  -1.1185217e-01  -1.5125263e-01  -2.2559018e-01   3.8913579e-01  -7.1747088e-02  -9.4296247e-02  -5.0492786e-02   1.4753326e-01   2.4897111e-01   2.2552766e-01   1.7981504e-01   1.2577337e-01  -1.9167375e-02  -1.6239601e-01  -8.1923897e-02   1.2810458e-02   8.2089646e-02  -9.9710615e-02  -1.2444988e-01   9.5219541e-03  -6.2082140e-02  -1.2545461e-01  -1.4603781e-01  -1.0529225e-01   1.9256466e-01  -1.4497523e-01  -1.4505812e-01   2.9820001e-01   2.1550001e-01  -1.0639716e-01  -8.3866844e-02   1.3696938e-01   7.5237609e-02  -1.1525746e-01  -1.7598863e-01  -1.2851068e-01  -1.1815538e-01  -3.8107068e-02   2.8673647e-02
   3.4755699e-01  -3.4428098e-01  -2.6613956e-01   1.0730494e-01  -2.3646712e-01   1.0765533e-01  -1.0033959e-01   2.6094528e-01   1.3418722e-01  -3.0069532e-01  -3.6877675e-02  -4.0413808e-01  -1.4480232e-01   0.0000000e+00   1.4041850e-02   9.2976467e-02  -3.1553771e-01   1.7895997e-01   1.2687618e-02  -3.0426855e-01  -4.6416454e-02   3.3910290e-01  -1.2280855e-02   3.9254464e-01  -1.0842682e-01   3.9296804e-01  -5.9556726e-02   4.5601143e-01  -4.3181017e-02   4.4753503e-01   1.2374517e-01   2.9070732e-01   2.1018506e-01  -2.7372436e-01  -2.0664180e-02  -2.8879470e-01   5.0729389e-02   4.3235103e-02   2.1947016e-01  -4.9599455e-01  -8.4253256e-03   1.4867160e-01  -2.0667563e-01   5.3137254e-01  -1.0573141e-01  -1.5958249e-01  -3.8508154e-02   4.4855595e-01  -6.7513028e-02  -2.2741542e-01   2.2139227e-01   2.1856471e-01  -1.8487027e-02  -1.3023844e-01   1.6535114e-01   4.4338086e-01   2.1974774e-01   1.9807145e-01   1.6064598e-01   3.4082655e-01   6.0106188e-02   1.9703445e-02  -1.6954376e-01   2.0497354e-01   1.0158255e-01  -3.2023697e-01   1.8408543e-01   4.7192873e-02   6.3543579e-02  -1.0360993e-01  -4.3482211e-01   1.8947972e-01  -4.7222028e-02   2.0573147e-01   1.0494567e-01  -2.4626390e-02   5.1457064e-02   4.1494686e-01  -1.2667439e-01   1.9663176e-01   5.2860140e-01   1.3948387e-01  -1.0988195e-01   4.5677578e-01  -5.9059566e-03   1.0500283e-01   1.6813006e-01   5.1499851e-01  -1.9754900e-01   2.1382533e-01  -1.6832633e-01   1.3876482e-01  -3.4793486e-01   8.2869493e-02  -8.7481525e-02  -3.9794254e-01   2.2822649e-01  -5.7784025e-02   1.0184361e-01  -1.8318439e-01   5.1539677e-02   3.4019149e-02   5.4488160e-01   2.6865852e-01   2.7502747e-01   2.1179614e-01   1.2053434e-01   1.6005819e-01  -1.9391826e-01  -7.8304312e-02  -4.2001636e-01   3.8219501e-01  -7.1655040e-02   9.0040920e-02   1.0043771e-01  -2.3089700e-01   4.3636302e-01   8.3042906e-02   4.2705985e-01   5.6504683e-02   1.7453436e-01  -2.9401194e-01  -1.8105051e-01   9.4653195e-02  -7.1648351e-02   6.2380062e-01   2.4898012e-01   8.9079702e-02   2.1761647e-01   8.2618216e-02  -1.4945061e-01  -2.6209128e-01   3.5345843e-01  -1.1687055e-02  -2.9494577e-02   1.3745355e-02   2.8980262e-01   6.1599758e-01   2.5596740e-01   7.2530787e-02   4.6830307e-01  -1.7729727e-02   5.2551077e-02   9.0204257e-02   2.0770468e-01   2.5715706e-01  -5.1008229e-01  -2.4793529e-01  -1.3288127e-01  -2.2691791e-01   3.2157843e-01   6.5191406e-01   3.4182846e-02   2.7347302e-02  -2.6181466e-01   1.3933844e-01   4.4849611e-02   1.7329195e-01  -5.4471066e-02   5.0833709e-01   2.7324686e-02   1.5363568e-01  -1.4318194e-01   1.5295085e-01   2.2731543e-01  -3.9154587e-01  -1.7461446e-01   6.0302857e-01   2.3092879e-01  -1.9614346e-01  -2.9901885e-01   3.0290367e-02  -9.6835178e-05   2.1745349e-01   1.1522968e-01  -7.3381320e-02   2.6062694e-01
