   0.0000000e+00  -2.3217125e-01  -1.7198626e-01  -9.1339436e-03  -7.1745396e-02  -2.3907679e-01  -2.5733284e-01   1.0249084e-01  -7.3883322e-02  -5.4393865e-03   5.7747481e-02  -2.3159235e-01  -1.4346674e-01   5.0576537e-01  -7.6661576e-02  -1.4840176e-01  -1.8161572e-01   1.0749638e-01  -2.5716148e-02  -1.2916470e-01  -8.4943042e-02  -4.8150127e-02  -7.5597909e-02   5.2348551e-01   1.3931389e-02  -9.3597124e-02  -1.0884908e-01   2.8309085e-01   7.1047371e-02  -1.1303345e-02  -5.9766750e-03   1.6637536e-01  -1.1739682e-01  -1.3647515e-01  -1.0536830e-01  -8.7270820e-02  -2.0843617e-02   2.5528485e-01  -2.5360486e-01  -1.5239803e-01   4.2296559e-02  -4.6007215e-02  -1.0126506e-01  -6.4991962e-02  -4.5019596e-02   8.7625982e-02   1.5628732e-02  -1.4765951e-01   2.2752674e-01   1.4958068e-02   2.3755575e-01   1.9728514e-01  -3.3275630e-02  -1.1840448e-01  -2.4798616e-02  -1.0755502e-01  -5.1655674e-02   1.8502485e-01   1.3835599e-01  -1.4008052e-01  -1.8086499e-02  -1.0597268e-01  -5.7135264e-02   8.7815142e-02   1.5071569e-01  -1.4680592e-01   1.2847318e-01   2.2462008e-01   1.5002798e-02  -1.3588931e-01  -3.5397215e-01   5.0119473e-02  -9.6129584e-02   8.2183530e-02  -3.0196531e-02   9.6553565e-02   5.0443872e-02  -1.6721498e-01  -3.3031196e-02  -3.6790650e-02   1.1907495e-01   1.8261529e-02  -1.4548229e-01  -1.1615686e-01   4.7123075e-01   1.9365303e-01  -1.3129807e-01   4.6948714e-01  -1.9321504e-02   6.3218630e-01   5.6846357e-02  -3.5383453e-02  -2.6955266e-01  -4.9107096e-02  -2.7848127e-02   1.3649119e-01   1.9565314e-02   1.7843991e-01   1.1961527e-01  -1.7642620e-01  -1.2889025e-01   4.2006566e-02  -1.6247393e-01   8.7022761e-02   2.2500179e-01   9.9764090e-02  -5.6757909e-02   2.4981952e-01   6.4766722e-02  -1.7065867e-01  -2.2875101e-01   3.8184853e-02   1.4093557e-01   4.5255074e-01   1.3699765e-01   1.7702020e-03  -1.2274147e-01  -1.3975093e-01  -3.3542417e-01   7.8247019e-02   1.6616857e-01  -3.8132391e-02   6.7507246e-02   4.1766469e-02   1.0265721e-01   5.2450063e-01  -5.0495119e-02   3.8714089e-02   1.2923718e-01  -7.1264313e-02  -1.0667227e-01   2.8389710e-02   2.9564722e-01  -1.5065234e-01   8.0771209e-02   2.7211366e-01   1.3639255e-01  -1.3979682e-01   3.4885791e-01   7.9354410e-02   4.0168381e-01  -1.2631001e-01   2.4343616e-01  -3.2285568e-01   1.1477563e-01   8.8262338e-02  -3.2365763e-01   1.2190163e-01  -7.6776261e-02   1.2290243e-01   3.4174977e-01  -2.0888528e-01   2.3198860e-01  -7.0956774e-02  -2.8182833e-01   5.5878724e-01   2.6649946e-01   1.8621123e-01  -1.2584653e-01   1.2970380e-01  -6.7558311e-02   3.2732597e-02   1.1037605e-01   1.7054704e-01   9.0566416e-02  -8.9519958e-02  -1.1227047e-01   1.8636806e-01  -2.6381838e-02  -2.5561944e-01   2.7266352e-02   5.4269761e-02   1.7015608e-01  -3.4925352e-01  -6.1966996e-02   2.2877818e-02   1.7046845e-01
  -2.3217125e-01   0.0000000e+00  -4.8875321e-02   2.8817589e-01   1.1179640e-01  -3.0360958e-02   5.1566537e-02  -3.2466128e-01   3.3744381e-01  -2.7153482e-01  -9.2008156e-02   3.2828832e-01  -2.0567886e-01  -2.5681115e-01  -1.2765312e-01  -4.2250303e-02   9.2237391e-02   2.2999036e-02  -2.9971956e-02  -3.4161641e-01   1.6021639e-01   1.5324169e-01  -8.8165811e-02  -2.5863793e-01   1.2374689e-01   1.0113605e-01   7.0829652e-02  -1.4001108e-01  -1.2087915e-01   4.9392050e-01   4.3869870e-01   6.9285557e-02   1.5188835e-01  -3.6046220e-03   9.6645574e-02   3.2382099e-01  -1.5620854e-01  -4.2171718e-01  -5.9639813e-02   1.3989202e-01  -1.9315871e-01  -3.6584769e-01  -2.1579465e-02   2.5205613e-01  -2.9996510e-01  -2.3339016e-01   3.0109071e-01   4.2864208e-01  -4.0829484e-02  -1.4206689e-02  -2.7397472e-01  -2.2240000e-01   2.7471130e-01  -1.5367975e-01   1.4801323e-01  -1.2378340e-01   2.2054485e-01  -6.1697247e-02  -1.9075785e-02  -6.5273148e-02  -2.4012521e-01  -7.8555335e-02   9.2528764e-02   6.1934010e-02   2.5646589e-01   1.9571861e-02   2.5630788e-02   3.2747528e-01   9.2485543e-02   1.7317512e-02   3.0918497e-01  -1.9175770e-01  -5.3816906e-03  -1.4041098e-01   1.5747733e-01   1.5687458e-01  -2.5932175e-01   2.3886088e-02   1.6021667e-01  -1.6867120e-01  -1.4373858e-01  -2.8369273e-01   1.8132608e-01   1.4706287e-01   8.1517422e-02  -2.1843656e-01   5.4001618e-01  -2.2369228e-01   4.1528010e-01  -2.6969026e-01   5.7423246e-02  -4.0571416e-01  -1.4369623e-01   3.4959930e-02  -1.9486699e-01   5.9921863e-02  -2.9333638e-02  -1.4624441e-01   1.6741208e-02  -2.3398569e-01   2.0119189e-01  -5.6298757e-02   3.0737460e-01  -1.2486713e-02  -8.9674353e-02   1.3600672e-01  -1.8758758e-01  -3.0083203e-01  -1.9390383e-01   1.3732618e-01  -1.2807469e-01   2.2052831e-01   2.8249367e-01  -3.7285898e-01  -4.1708967e-02   1.6431293e-01  -6.4081925e-02  -4.8113610e-02   1.9683654e-01   3.5900870e-02  -3.1940535e-01  -1.2272508e-01  -2.4573723e-01   2.7891300e-01  -2.3910176e-01  -2.7497215e-01  -2.0602094e-01  -1.0351894e-01  -2.6672060e-01   6.5389206e-03  -1.4252286e-01   8.9291215e-02  -1.8068772e-01   3.5936034e-01  -3.4416379e-02  -1.3867165e-01  -2.4268138e-01   1.6260791e-01  -9.6343550e-02   2.2298968e-01  -1.3478453e-01  -7.9774418e-02   2.0307508e-01  -4.7464297e-02  -1.4502394e-01   3.3952798e-01  -8.6433317e-02   2.5121151e-01   3.7605820e-02   3.4866160e-02  -4.3324895e-04   3.4743113e-01  -2.6177662e-01   1.6394790e-01   1.8466070e-01  -1.3002574e-01  -2.2743381e-01  -1.2835707e-01  -3.3303623e-01  -1.7850606e-01   3.2961976e-03   2.5983010e-01  -2.4658487e-02  -1.4590318e-01  -3.7369100e-02  -1.0843346e-01  -8.4467960e-02  -2.9925561e-02  -3.5262174e-02   2.3485215e-01   1.7716977e-01   1.4585622e-01   9.4510358e-02   1.0095139e-01   2.6550723e-01   1.6584572e-01  -1.8407730e-01
  -1.7198626e-01  -4.8875321e-02   0.0000000e+00  -3.9579488e-01  -3.0197957e-01   2.5671143e-01   3.0784987e-01  -1.7444605e-02  -9.1182226e-02   2.0079528e-01  -4.1579171e-01   4.6034895e-01  -1.3620502e-01  -2.7737483e-01   1.6352900e-01   1.3896971e-01   7.9030064e-01  -5.0213923e-01   2.0326375e-01  -1.1271153e-01  -2.0039834e-01  -4.1554889e-02  -2.9205301e-01  -2.7223556e-01  -1.9362270e-01  -3.8326962e-02  -1.0147989e-01  -9.8445765e-02  -6.7168123e-02  -2.7679571e-01  -1.9576184e-01  -5.3341738e-03   2.8858346e-02   1.1446761e-01   5.2644962e-02  -4.0614232e-01  -4.5614921e-02  -1.8863640e-01  -1.0909994e-01   3.4797909e-01  -1.6122995e-01   3.8037602e-01   2.0349093e-01  -4.1378670e-02  -1.0240507e-01  -2.5097854e-02  -3.7917341e-01  -9.9664396e-03  -1.5827831e-01   4.6437887e-01  -2.6773555e-01  -8.1268826e-02  -1.6284789e-01   5.8230504e-01   5.6965412e-02   1.1053322e-01  -1.2563682e-02  -1.4580081e-01  -1.5236880e-01   3.1593147e-02   4.3431517e-01  -2.8660766e-01   2.8104434e-01  -1.9856038e-01  -2.1915290e-01  -1.2227126e-01  -1.1232075e-01  -8.2274091e-02  -1.4822434e-01   5.1599843e-01   4.8866772e-01   1.2104880e-01  -2.9122469e-01   2.0677093e-01   5.6516663e-02  -1.8600179e-01   4.1603608e-02   2.6014570e-01  -1.4093641e-01   2.5103593e-01  -9.7181342e-02   7.7851538e-02   2.0504800e-01   1.0862411e-02   3.5665416e-03   1.5653872e-01  -3.6704234e-01  -1.7287073e-01  -2.6177820e-01  -2.8903941e-01  -2.6534913e-01   4.6667325e-01   1.8218239e-01  -1.8946477e-01  -2.1962410e-01  -2.6033920e-01   1.9640505e-02  -1.5908784e-01  -1.7785977e-01   3.9598584e-02   2.9325562e-01   7.4328189e-03  -1.5411392e-01  -3.3836902e-02  -2.0699025e-01   4.7035473e-02   4.5362558e-01  -6.9958217e-02   3.6350754e-02  -3.2266867e-01   4.2638580e-01  -2.3298238e-01  -8.7327139e-02   1.7891885e-02  -2.0048679e-02  -2.2660589e-01   9.9993977e-02  -1.8811006e-01   1.8676770e-01  -1.3521973e-01  -1.1311828e-01  -1.0341202e-01   1.4367653e-01  -2.0881906e-01  -1.1891312e-03  -3.3250206e-01   7.8436962e-03   3.4676911e-01   1.5038646e-01   4.4682069e-01  -6.1694224e-02  -4.5498475e-01  -1.3728109e-01  -7.8885951e-02   2.7206607e-01   1.7763538e-01   4.0679652e-01   1.8476581e-01  -1.7102039e-01  -1.1302236e-01  -3.2984751e-01  -6.0954157e-02  -1.2048738e-01   5.0982489e-01   6.9890734e-02   5.5721699e-02   6.4959200e-01  -2.9805032e-01  -3.8722908e-01  -2.5670029e-01   9.9269434e-02  -1.5130209e-01   3.4558143e-01  -4.1820132e-01   6.0525670e-01  -3.2983233e-01  -2.2957110e-01  -1.2825184e-01   5.5884897e-01  -3.0926385e-01   5.0977460e-02  -6.9126070e-02  -3.1857838e-01  -2.0958801e-01  -8.9084453e-02   5.9743751e-02   1.3415375e-02  -2.8756784e-01   2.2330354e-01   9.9092111e-02  -4.7265921e-02  -1.8820623e-01  -3.1255645e-01   1.1335353e-01   1.0102961e-02   1.1400083e-01   1.2663858e-01
  -9.1339436e-03   2.8817589e-01  -3.9579488e-01   0.0000000e+00   7.8682550e-02   2.7511735e-02  -3.6320936e-01   1.5917398e-01  -7.5116289e-03  -5.5837641e-02   3.8803050e-01  -3.3009882e-01   2.1366922e-01   2.5838422e-01  -1.6034234e-01  -1.0731691e-01  -3.9227812e-01   6.3724770e-01   4.8788914e-02   1.5668587e-01   2.6986328e-01   2.2113020e-01   3.5585929e-01   6.0767836e-02   1.8067561e-01   3.1251875e-01  -1.6091869e-02  -4.3318769e-03   7.9949196e-02   2.7325995e-01   2.7595356e-01   4.4786912e-01   1.2647835e-01  -6.2012065e-02  -2.9583862e-01   1.2998827e-01  -2.6623391e-03  -2.8059475e-03  -1.0014954e-01  -4.1665594e-01   3.0917898e-01  -3.4382542e-01  -4.5453942e-01   6.5515870e-02  -1.7796460e-01   2.7151448e-02   3.1792884e-01  -1.9931479e-01  -1.2328105e-01  -3.3416422e-01   4.3271271e-01   9.9477006e-02   3.5139552e-02  -4.9599406e-01   1.3408283e-01   5.6795079e-02   3.5674895e-01   5.0544102e-01   4.6642998e-01   2.1389467e-01  -2.1503436e-01   1.1519883e-01  -1.8990509e-01   1.6817418e-02   1.6890116e-01   1.5346917e-01   2.4681199e-01   1.0649685e-01   3.9730787e-01  -1.6640112e-01  -3.5962653e-01  -3.0310652e-01   5.1256803e-02  -6.9638385e-02   3.0481141e-02   3.6525866e-01   4.6014626e-02  -4.6156818e-02  -1.4004329e-01  -2.0023941e-01   2.5552793e-01  -1.8463054e-01  -1.2396098e-01   1.2318766e-01   1.3131609e-01  -3.0301873e-01   3.5952438e-01   5.3471908e-02   4.5793023e-02   2.9330572e-02   3.9336699e-02  -2.3453989e-01  -1.5083732e-01   5.8784845e-02   1.7220938e-01   7.1191562e-02  -3.2125657e-02  -4.4853550e-02  -6.1751439e-02   5.8234873e-02   4.7131928e-03   2.0940459e-01   2.0501063e-01  -2.5457076e-01   5.4395126e-01   3.2984628e-01  -2.2552792e-01   1.7847041e-01  -1.9039986e-02   3.3729146e-02  -3.2246638e-01   4.2594075e-01   1.8638728e-01  -2.2408731e-01   8.1840250e-02   2.4342936e-02  -9.1841590e-02   2.9547900e-01  -2.3304214e-02   6.1130500e-01  -1.0623085e-01   3.1581782e-02   1.5543141e-01   4.3041998e-01  -6.5092679e-02   1.7836439e-01   2.4126839e-01  -3.1057167e-01   1.0389940e-01  -2.7990336e-01   5.1128512e-02   2.7471157e-01   2.3238922e-02   9.9570383e-02  -1.7663438e-01  -5.8292567e-02  -2.8585760e-01  -2.5597584e-01   2.3293656e-01   1.7201695e-01   3.9403695e-02   4.4540860e-02   2.7513710e-01  -2.3682147e-01   2.3663390e-01   4.1260734e-01  -4.3871653e-01   8.7830135e-02   2.6568017e-01   1.8557742e-01  -4.9062044e-02   2.2791034e-01  -1.2502757e-01   8.3718130e-02  -4.1667061e-01   1.5034090e-01   2.1009919e-01   4.0917085e-01  -2.5268251e-01   3.2409982e-01  -2.3753121e-01   2.2138175e-01   2.4725669e-01   3.2129915e-01   3.6331160e-01  -8.2445757e-02   9.8833151e-02   2.0555660e-01  -5.7596375e-03  -2.4229098e-01  -8.2717485e-02   1.4643920e-01   1.0173809e-02  -1.6181659e-02   2.4969552e-02  -1.6280238e-01   9.7848889e-02
  -7.1745396e-02   1.1179640e-01  -3.0197957e-01   7.8682550e-02   0.0000000e+00  -2.4255733e-01  -5.9097921e-02  -1.3093821e-01   3.9330016e-01  -1.0957393e-01   2.1918061e-01  -7.8570652e-02   9.9784296e-02  -5.8989237e-02  -2.2578520e-01  -6.5771808e-02  -5.4768849e-02   2.8660436e-01  -1.2614061e-01   5.1353417e-01  -8.2774627e-02  -2.0915340e-01  -1.9791365e-01  -6.2859882e-02   9.1439975e-02  -4.7184185e-02   4.1565594e-01  -2.9007988e-01  -1.2943588e-01   2.6471780e-01  -5.9278003e-02   2.2515598e-02   6.7402800e-02   1.4370696e-01   1.3613128e-02   3.8508865e-01  -1.7064798e-01  -1.1893023e-01   1.3382391e-01   2.5169011e-01   3.2039616e-02  -1.9725753e-01   1.1292166e-01  -1.1928755e-01  -1.9487609e-02  -1.7492705e-01   1.1515506e-02   4.6287918e-01   2.5995310e-01   2.2754090e-01  -4.9873441e-02  -1.4322989e-01   4.7774776e-01  -1.4735115e-01  -2.3245362e-01  -1.5641028e-01  -3.1789266e-02  -9.4424403e-02   2.4701214e-02   3.5088365e-02  -2.6650538e-02   3.2435239e-01   2.7870330e-01   2.7146650e-01   1.6941907e-01   9.0306619e-02  -8.6026435e-02   2.7956819e-01  -1.0611747e-01  -5.5606753e-01   8.7250378e-02  -1.5326706e-01   6.6816794e-02  -3.5118128e-01  -1.0445638e-01  -7.0446354e-02  -1.1329513e-01  -8.9727372e-02   5.3634116e-01  -1.3390451e-01  -4.5048599e-01  -1.7162614e-01   1.9013541e-01  -2.3859181e-01  -2.5222608e-01  -1.7431449e-01  -1.8412502e-03  -1.9433088e-01   3.9208873e-01   1.1410753e-01   6.9242217e-01  -5.7830365e-02   6.6447064e-02   4.1585522e-01  -5.3236911e-02   6.4684325e-01  -6.6432848e-02   1.0187770e-01   2.6041524e-01  -3.6174769e-01  -3.9388882e-01  -1.2837720e-01  -2.2580171e-01  -7.3156793e-02  -9.5864860e-02  -2.6337841e-02  -7.2454251e-02  -1.1317148e-01  -1.5057333e-02   2.9447797e-01   1.4080495e-02  -2.6512879e-01  -4.2761135e-02  -2.4010149e-01  -3.3155253e-01   5.7236363e-01  -8.6603164e-02   1.5302307e-01  -3.3210457e-01  -1.1412571e-03  -6.4647625e-02   6.6740889e-01   6.4712003e-02   2.1454010e-01  -2.2359202e-01  -1.0532928e-01  -5.2678216e-02  -5.9439476e-02   7.2379602e-02  -2.9983929e-01   6.8466173e-02   4.7921078e-01  -2.6358036e-01  -3.5962941e-02  -8.2195889e-02  -3.4721296e-01  -2.0095379e-01  -2.2079166e-01  -2.9345477e-01  -5.3501894e-02   3.8386870e-03   1.7139546e-01  -9.9207682e-02  -4.0466348e-01  -3.9487067e-01  -2.3483850e-01  -2.7822313e-01   4.3633498e-01   8.9935867e-03   1.6592346e-01  -2.3774114e-01  -3.0024218e-01  -2.0208312e-01   4.1639026e-01   7.9573382e-02   9.2135204e-02  -1.4936981e-01   5.6647214e-02  -1.5585687e-02  -2.1288465e-01   7.8876357e-02  -1.1248738e-01   5.0923271e-01   1.5571998e-01   2.4300596e-02   2.6503818e-01   3.4503489e-01  -1.3840611e-01  -1.4515380e-01   3.8503120e-01   5.6139816e-01  -8.6185617e-02   2.6917566e-01  -2.0674497e-01  -1.3328941e-01  -1.7826412e-02  -1.3829787e-02
  -2.3907679e-01  -3.0360958e-02   2.5671143e-01   2.7511735e-02  -2.4255733e-01   0.0000000e+00   3.2998026e-01  -1.8803854e-01  -4.5428689e-01   1.9560842e-01  -1.1763683e-01   3.6943747e-01   7.8247883e-02  -2.9219457e-01   2.2151459e-01   3.0002035e-01   1.2167438e-02   2.5263367e-02   2.8389899e-01   1.4838019e-01   3.9121612e-01   1.8311982e-01   3.2439437e-01  -2.6140251e-01   1.0665711e-01   8.4695637e-02   1.2717706e-01  -6.8353412e-03   1.8531114e-01  -2.7635812e-01  -8.7211813e-02  -1.2711556e-01   2.4290854e-01   2.8119031e-01   7.2789937e-02   6.5086571e-02  -1.4975210e-02  -1.5036151e-01   8.6878631e-02  -1.7939554e-01   2.4660156e-02   8.3659829e-02  -5.4179534e-02  -2.0982151e-01  -5.6978252e-02  -3.9948744e-02   7.6380530e-02  -2.5080024e-01  -4.3027023e-01  -1.7455831e-01   1.7352706e-01  -1.6890606e-01  -3.3125011e-01   1.3001131e-01  -1.1633950e-01   5.6248567e-02   2.6035576e-01  -1.4425057e-01   1.2105131e-01   2.9239643e-01  -6.4123223e-02   2.8965652e-02  -2.9158923e-01  -5.1032986e-01  -3.6519536e-01   3.9613353e-01   4.1695674e-01  -2.5304110e-01   2.4557014e-01   5.5204169e-01  -7.8012276e-02   1.2436336e-01   7.3979974e-02   1.5621282e-01   7.4922671e-02  -5.0408739e-02  -7.7868644e-02  -8.7174432e-02  -7.1731182e-02   2.4224533e-01   3.0698067e-01   3.2023492e-04  -3.0415854e-01  -8.0245335e-03  -1.4964877e-01  -1.1928297e-01   6.2283411e-04  -2.0422755e-01  -2.8085778e-01  -3.0998674e-01  -3.7377096e-01   5.5814664e-02   3.9896242e-01  -1.3743882e-01  -9.1752424e-02  -1.3889895e-01   1.5551399e-01  -8.1212884e-02  -1.7595624e-01   2.3825507e-01   3.1830714e-01   3.9490959e-01   2.9037648e-01   8.7605277e-03   6.6066219e-02  -8.6668200e-02   4.2649723e-02   4.5347120e-02  -1.2537195e-01   3.5884534e-02   1.6475264e-01   2.7242718e-01  -7.0884978e-02  -1.3630114e-01   5.3066799e-02  -3.5944803e-01  -1.5562967e-01   1.1351991e-01   3.2068450e-01   1.3031099e-02  -3.0178558e-01  -1.5584594e-01  -3.6558173e-02  -2.6332867e-01  -1.5241202e-01  -2.8579126e-01   1.8390699e-01   4.1947076e-03  -1.0832116e-01   3.5732213e-01  -6.8660881e-02  -7.6246804e-02  -1.3155909e-01  -4.5196535e-03   1.6196223e-02   2.0158702e-02   4.7070745e-02   1.0946364e-01   3.6883866e-02   1.1413787e-01  -1.7522130e-01   1.9833215e-02   3.5032141e-02   5.1016546e-01   1.5089410e-01  -3.3505162e-02   3.2499029e-01  -4.4076507e-01   2.8219726e-01  -2.9623591e-01  -1.7225766e-01   2.2456640e-01  -4.4503039e-02  -3.4139355e-01   1.8788546e-01  -3.5001122e-01  -1.6724565e-01   3.7666496e-02  -1.3405001e-02   2.8247999e-01  -5.3541704e-02  -3.5845757e-02  -3.5025174e-01  -2.1583401e-01  -2.1145108e-01   1.6940197e-01  -4.5949456e-02  -1.6641167e-01  -1.3439363e-01  -1.7557110e-01  -2.4536982e-01  -1.0712477e-01  -2.3690364e-01   5.3967499e-01   1.5140911e-01  -8.7331900e-02  -4.8329675e-02
  -2.5733284e-01   5.1566537e-02   3.0784987e-01  -3.6320936e-01  -5.9097921e-02   3.2998026e-01   0.0000000e+00  -3.0285181e-01   8.3198208e-02   1.7975469e-01  -4.7349266e-01   5.8678345e-01  -9.3360975e-02  -5.1397031e-01   5.6584805e-01   1.9872923e-01   2.1935864e-01  -3.8791300e-01  -4.2722054e-02   4.5561209e-02  -8.5317133e-02  -2.7430342e-01   5.7718569e-03  -3.2547337e-01  -9.1311384e-02  -1.9756861e-01  -6.6388491e-02  -9.1976581e-02  -2.0911845e-01  -2.2142358e-01   8.4576939e-02  -4.2846800e-01   8.3410559e-02   6.8102211e-01   4.8802112e-01   3.0567999e-02  -1.0927604e-01  -3.1765910e-01   1.2404200e-01   3.4899061e-01  -3.7572045e-01   6.1347491e-02   3.8003999e-01  -2.3093532e-01  -5.7252143e-02  -2.5069111e-01  -3.2903798e-01   3.8949968e-01  -3.0940624e-01   1.5501993e-01  -4.5446902e-01  -3.4356671e-01   1.2179579e-01   3.2483686e-01  -2.0000231e-01  -8.5521198e-02  -1.6681121e-01  -4.4500987e-01  -2.5696680e-01   5.4420563e-02  -1.2505732e-01   5.4626394e-02   7.1520248e-02  -3.0277945e-01  -1.1110753e-01   4.1687052e-01  -2.0584182e-01  -4.0393455e-02  -3.1202849e-01   2.2142706e-01   4.5735592e-01  -7.5461653e-02  -9.3429635e-02  -3.2264416e-02   6.1116632e-02  -3.5889758e-01  -2.3900518e-01  -6.6138926e-02   3.3450335e-01   1.2803460e-02   1.2427838e-01   4.7432523e-02   2.4638133e-01  -1.8167339e-01  -2.4821479e-01  -6.1090736e-02  -2.1974652e-02  -3.3433371e-01   2.1758515e-01  -3.3620488e-01  -2.3895728e-01   1.1742115e-02   5.8854435e-01   2.8148425e-03  -2.2528661e-01  -8.8272534e-02  -8.8129411e-02  -1.1190590e-01  -1.2818143e-01   2.7241001e-01   1.2213769e-01   3.1842451e-01  -5.3707152e-02  -9.5082042e-02  -5.1904409e-01  -2.6338090e-01   1.2094112e-01  -2.8873569e-01   6.1341397e-02  -2.0871912e-01   6.6360282e-01  -1.0779854e-01  -1.0019731e-01  -2.0281871e-02  -1.3032534e-01   8.6267429e-02  -1.4334296e-01  -1.6565555e-02   7.4577225e-02  -2.4481578e-01  -3.6673654e-01  -5.0018262e-02  -2.5610858e-01  -3.4752398e-01  -2.6521607e-01  -4.3024326e-01   4.3469994e-02   7.2329677e-02  -2.1758295e-01   1.3157898e-01  -1.9356240e-01   2.1980690e-01  -2.5268378e-01   2.2200477e-01  -3.7028940e-02  -5.9325888e-02  -1.8155220e-02   4.9530240e-01  -4.2118472e-01  -6.3634223e-02  -1.2302313e-01  -8.5216730e-02  -2.1874174e-01   2.7314879e-01   1.5569874e-01  -2.1543380e-01   7.0263768e-01  -3.4151803e-01  -7.8535695e-02  -8.3401209e-02  -1.9159465e-01   9.9700766e-02  -3.3940209e-02  -1.3157280e-01   4.0421713e-01  -3.9602719e-01  -3.6019792e-01  -2.5140942e-01   4.0764291e-02   1.5603247e-01  -1.8615386e-02  -3.5086234e-01  -4.3824062e-01  -5.4923776e-01  -4.0359610e-01   6.8103603e-01   2.5823097e-01  -3.1376275e-01  -1.2988307e-01   3.3846752e-01   1.5395832e-01  -1.3909950e-01  -2.1244379e-01   3.4344578e-02   2.6513928e-01   7.9143570e-02  -2.8673311e-01
   1.0249084e-01  -3.2466128e-01  -1.7444605e-02   1.5917398e-01  -1.3093821e-01  -1.8803854e-01  -3.0285181e-01   0.0000000e+00  -6.8504041e-02   1.2115091e-01   1.4722705e-01  -3.7168424e-01   6.9286161e-02   2.0670422e-01  -8.9893222e-02  -6.4172623e-02  -2.5655539e-02   6.1756671e-02   2.6929694e-01   5.9801659e-02  -1.6860895e-01  -4.3398906e-02  -4.5210498e-02   1.4158206e-01   2.7413263e-02   2.3991785e-01  -2.3306215e-01   1.1050487e-01  -5.6073610e-02  -2.6814787e-01  -4.4943673e-02   1.3124961e-01  -1.2208126e-01  -2.6477398e-01  -1.7054347e-01  -3.2941178e-01   7.9048378e-02   2.6604852e-01   1.4572497e-02  -8.0982021e-02   1.0658432e-01   2.5364759e-03  -6.5443353e-02   1.7344835e-01   3.6812643e-02   1.4858866e-01  -1.1435434e-01  -2.4606922e-01   4.8443999e-02   5.7510217e-02   1.9187862e-01   2.5509048e-01  -1.2457065e-01  -6.9182024e-02   9.9145548e-02   1.6400879e-01  -1.5711027e-01   1.6697744e-01   2.2261899e-01   3.3840328e-02   1.5998642e-01  -2.4977922e-01   3.3594449e-02   1.4136825e-01   1.2895815e-01  -2.1306254e-01   5.3271188e-03  -2.0670862e-04   5.3609525e-02  -8.8191359e-02  -1.4326517e-01  -5.7095499e-02  -1.1184708e-01   3.9113794e-02  -1.2116865e-01   3.8510648e-02   1.4710061e-01   2.0809254e-01  -2.7321339e-01  -9.9351276e-02   4.6452813e-03  -5.9559977e-02   6.0092314e-02   2.4157191e-01   9.6273730e-02   8.9178053e-02  -1.2421432e-01   6.7861317e-02  -1.0516680e-01   1.7754619e-01  -7.7609825e-02   2.2578697e-01  -1.6387498e-01  -5.2732665e-02   1.5078328e-01  -9.8477976e-02  -1.5324694e-01   3.4387924e-01  -1.1292916e-01   8.2724054e-02  -1.2908660e-01  -1.4908300e-01  -2.1189231e-01  -2.3613664e-01   1.9083612e-01   2.0516954e-01   5.3395818e-02   3.2030260e-01   7.3891873e-02  -8.0886514e-02  -4.7200154e-02  -7.3994866e-02  -8.7287792e-02   1.9566364e-01   2.3044954e-02  -5.6190598e-02   2.0094979e-01  -7.0618272e-03  -1.2497559e-01   1.7806148e-01   2.7748661e-01  -1.0117569e-01   1.8483764e-01   3.1634680e-02   2.1363582e-01   1.8734591e-01  -7.2765859e-03   3.1294537e-02   2.6519612e-01  -1.8400755e-01   2.0157351e-02  -4.6613005e-02   1.6702800e-01  -9.3778105e-02   5.1800717e-02   2.7850939e-01  -1.1593999e-01  -1.2496949e-01   2.9923881e-01   3.3541740e-03   1.1809537e-01  -1.8751875e-02   1.2316738e-01  -4.0042809e-02   1.3776799e-01   7.9600530e-02  -1.3299268e-01  -2.1980809e-03  -1.9342939e-01   1.0152215e-01   1.1802677e-01  -1.0834508e-01   8.5082402e-02  -5.2190289e-03  -2.5019963e-01   2.8112846e-01   1.2721450e-01   1.8004729e-01   2.2455693e-01  -6.4976145e-02  -1.0467771e-01   1.6439872e-01   1.0159594e-01   1.7848462e-01   1.9655893e-01  -1.0553695e-01   1.9396142e-03   1.6447351e-01   1.0906837e-01  -6.9162375e-02  -1.5510908e-01  -1.9713683e-02  -5.8440366e-03  -1.2847688e-01  -1.7476394e-01  -1.0254377e-01   2.2724237e-01
  -7.3883322e-02   3.3744381e-01  -9.1182226e-02  -7.5116289e-03   3.9330016e-01  -4.5428689e-01   8.3198208e-02  -6.8504041e-02   0.0000000e+00  -1.5151543e-01  -8.1746314e-02  -7.2247392e-02  -2.7913633e-01  -1.5797904e-02  -1.6679868e-01  -3.5169689e-01   2.5277422e-01  -4.6588616e-02  -1.5970623e-01  -2.8946678e-02  -4.4214071e-01  -3.5571851e-01  -5.2456331e-01   1.0503401e-02   3.8865250e-02  -1.0897039e-01   2.4639307e-01  -2.3759386e-01  -3.4550999e-01   4.2618899e-01   1.4192618e-01  -9.9111500e-02  -1.9285030e-01   7.4479948e-02   2.0323182e-01  -6.9789533e-02  -1.1011484e-01  -2.7791286e-01  -4.0087003e-02   6.2979987e-01  -1.0211885e-01  -2.2721106e-01   2.3074494e-01  -2.2297910e-03  -1.1372787e-01  -2.5450342e-01  -2.6819148e-01   6.9934122e-01   2.8514723e-01   3.9655549e-01  -4.3293338e-01  -2.4809053e-01   7.6372468e-01  -6.7304443e-02  -2.2853081e-03  -3.2540527e-01  -2.0454340e-01  -1.8913354e-01  -1.3685395e-01  -2.2484162e-01  -9.7980470e-02  -7.2144549e-02   4.6568875e-01   6.3515573e-01   4.3587066e-01  -1.9224477e-01  -4.2951860e-01   1.6869909e-01  -2.8265095e-01  -4.3560654e-01   5.3189518e-01  -1.4203250e-01  -7.9208872e-02  -3.7481990e-01  -7.6381264e-02  -1.9108187e-01  -1.9861748e-01  -7.0176869e-02   3.4629510e-01  -2.1313983e-01  -4.7268938e-01  -2.7261525e-01   6.0369994e-01  -4.2282918e-02  -6.6668422e-02  -1.9379657e-01   2.6449401e-01  -1.1717124e-01   4.8926706e-01   8.2273263e-02   3.2243334e-01  -1.0417877e-01  -1.4881757e-01   4.4461887e-01  -1.5850073e-01   1.4207805e-01  -3.8757342e-01   2.8932897e-02   8.8573365e-02  -3.2757668e-01  -1.2415672e-01  -3.1803253e-01  -2.0813715e-01   2.1125717e-02  -3.3395995e-01  -8.2052397e-02  -3.9762572e-02  -2.4087284e-01  -4.2998224e-02   6.4763097e-02   1.7253904e-01  -4.6872896e-01   2.3874100e-02  -1.0449912e-01  -2.4315942e-01   6.2637199e-01  -1.1129793e-01  -4.6203546e-02  -2.2295565e-01  -6.9307761e-02  -9.7792823e-04   2.5286873e-01   9.3403365e-02   3.4506691e-01  -1.9142966e-01  -1.5502288e-01  -1.4712525e-01  -7.5007835e-02   1.7989895e-02  -1.0145107e-01  -1.2212655e-01   2.7623093e-01  -2.0409778e-01   1.7846613e-01   1.3626014e-01  -2.4112399e-01  -2.7986453e-01   3.1578041e-01  -3.5830353e-01  -1.2654415e-01  -8.9050630e-02   5.9161258e-02  -1.8959467e-01  -3.5465278e-01  -4.3674587e-01  -2.1259205e-01   1.7847145e-02   4.5173409e-01  -4.7534847e-01   3.7678808e-01  -8.3990297e-02  -9.0086069e-02  -1.5838110e-01   4.8494286e-01   3.0634586e-01   1.6092043e-01  -2.2758638e-01  -1.1891533e-01  -4.4752397e-02  -4.5267966e-01  -5.7059956e-02  -1.1118387e-01   2.7486076e-01   1.3414532e-01   2.7941029e-02   2.4695321e-01   1.9935538e-01  -1.1713888e-01  -1.0177954e-03   5.8564052e-01   4.2086757e-01   8.1369355e-02   2.3643984e-01  -3.5406455e-01   1.1226703e-02   7.1452739e-03  -2.2346993e-01
  -5.4393865e-03  -2.7153482e-01   2.0079528e-01  -5.5837641e-02  -1.0957393e-01   1.9560842e-01   1.7975469e-01   1.2115091e-01  -1.5151543e-01   0.0000000e+00  -9.3288043e-02   6.1462815e-02   8.4925612e-02  -1.4031515e-01   1.0178306e-01  -2.3753119e-01   3.6870972e-02   2.6231891e-02   9.4469834e-02   2.2946542e-01   8.3316200e-02  -1.2190361e-01   7.8880797e-02  -2.3125359e-01  -1.6576698e-01  -2.8676356e-02   1.3148665e-02  -1.5734093e-01   2.8892620e-01  -2.4343147e-01  -1.0436303e-01  -3.5004988e-02  -2.6702853e-02   2.9731176e-01   1.4360906e-01  -1.4003221e-01   4.2037499e-02   8.5269909e-02  -1.5997839e-01  -9.9555754e-03   2.0219123e-02   1.2796067e-01  -2.3751340e-01  -1.2911455e-01   3.3789930e-01   1.9479212e-01  -2.5204292e-01  -9.9371011e-02   1.0429987e-01  -1.0371114e-02   1.5777909e-01  -2.4169312e-01  -9.5132441e-03   2.6769927e-02   4.3539824e-02  -1.5926337e-02   2.0227970e-01   2.3850944e-02  -5.7784564e-02   2.0345805e-01   1.8524535e-01  -5.2677503e-02   6.9786491e-02  -2.2467492e-01   9.6163049e-02   2.1661415e-01   1.3952509e-01  -8.0094415e-02  -1.9673523e-01   1.7910049e-01   7.1513029e-02   1.4685954e-01  -8.1151050e-02  -1.5763201e-01  -1.1944869e-01  -2.6461593e-01   2.6567460e-01   8.8487601e-02   1.0965105e-01  -3.1809285e-02  -4.9958487e-02   1.0973762e-02   1.0114003e-01  -9.3528712e-02  -1.0999578e-01  -1.7252858e-01  -1.7165254e-01  -3.0179330e-01  -3.3603569e-01  -1.5285834e-01  -3.2238665e-02   2.7463022e-01   4.5677259e-01  -3.3818574e-03   1.1482485e-01  -1.5587018e-01   2.7900588e-02  -7.8720933e-02   8.9249179e-02   5.4772692e-01   6.9695817e-02  -6.5599270e-02  -8.4579372e-02  -2.2306984e-01   1.0282886e-02  -1.0002842e-01   3.1790249e-02  -2.4397250e-01   5.2740554e-01   2.8862245e-04   2.1528130e-01  -1.7650845e-01   7.2863240e-02  -1.4893637e-01  -1.2711922e-01  -1.5523050e-01   9.6432110e-03   5.5664732e-03   3.9462954e-02   2.6595835e-01  -4.3856495e-02   1.7592062e-01   1.7535110e-01  -1.4758776e-01   1.9088620e-02  -2.5305078e-01   2.5326004e-01  -3.6483861e-02   8.5074145e-02   2.1427973e-01  -8.1784517e-02   6.4658146e-03  -3.4609880e-02   3.1901490e-02   2.4710131e-01  -2.5456544e-02   2.1520709e-01   5.1715990e-02  -1.9831465e-01  -1.0130462e-01  -1.8502559e-02  -7.9065823e-02  -1.1776726e-01   1.8208094e-01   5.8405252e-02  -5.2424943e-02   1.8598823e-01  -3.1493558e-01   9.9842522e-02   3.5594867e-01  -1.4334869e-01  -8.3199287e-03  -6.2233064e-02  -3.6161540e-01   1.4750175e-01  -1.7148097e-01  -4.6489470e-02  -2.6756824e-02   1.1861389e-01   3.0499601e-02  -3.5568119e-01  -1.9720789e-01   1.6549172e-01  -1.1625025e-01   9.3197450e-02   2.0173639e-01   9.5427440e-02   1.3442057e-02   1.0854820e-01   3.1883910e-02  -5.6623275e-02  -9.2445188e-03  -3.0334238e-01   1.5993727e-01  -1.8009852e-01  -1.4377559e-02   7.0658481e-02
   5.7747481e-02  -9.2008156e-02  -4.1579171e-01   3.8803050e-01   2.1918061e-01  -1.1763683e-01  -4.7349266e-01   1.4722705e-01  -8.1746314e-02  -9.3288043e-02   0.0000000e+00  -5.0202257e-01   3.6657090e-01   2.6098339e-01  -1.2571118e-01  -5.0195512e-02  -3.8180315e-01   6.8767610e-01   4.1241928e-02   2.7660522e-01   2.7160507e-01   1.6990574e-01   2.6031215e-01   1.2809887e-01   2.0084729e-01   1.7276514e-01  -5.4752866e-02   1.3113162e-01   4.1312503e-02   1.1557212e-01  -7.5699108e-03   2.8916747e-01   1.1739089e-01  -2.0917727e-01  -3.3804792e-01   1.0821142e-01   1.4406183e-02   3.4614370e-01  -1.7797252e-03  -3.9151497e-01   3.8802174e-01  -6.8380922e-02  -3.7652482e-01   2.2297189e-01   5.4116828e-02   1.9494611e-01   3.6538346e-01  -2.5834254e-01   4.7911523e-02  -3.3705989e-01   5.5350555e-01   2.0013690e-01   7.9568772e-03  -4.1525470e-01   5.7168239e-02   2.9470840e-01   5.1939805e-02   1.5524153e-01   3.1392640e-01   1.2821557e-01   6.7860817e-02   9.1783839e-02  -3.2078193e-01   2.6348733e-01  -4.7309532e-02  -3.6520395e-03   1.2987762e-01  -5.7257393e-02   4.0545665e-01  -2.6026253e-01  -4.5439084e-01  -2.8517393e-01   1.8840488e-01   1.2369215e-01  -5.7446397e-02   7.0450173e-02   3.3813822e-01  -1.7343615e-01  -1.7253230e-01  -1.1444017e-01   1.8224769e-01  -1.0909921e-01  -7.2526874e-02   8.9503058e-02   8.4249699e-02  -8.3609360e-02   3.5317548e-02   5.3896369e-02  -1.4387552e-01   2.3166938e-01   2.9958029e-01   2.4656582e-03  -1.3036714e-01   1.2472428e-01   3.7077736e-01   1.1717405e-01  -1.8945920e-01   8.6724091e-02  -1.3596445e-01  -4.5829357e-02  -8.1611180e-02   1.7160774e-01  -2.0000148e-02  -9.7595946e-02   2.6226795e-01   1.5048747e-01  -1.7510244e-01   2.2399987e-01  -5.7402115e-03   4.1227119e-01  -2.1763786e-01   4.8701420e-02  -2.3320942e-01  -8.3391597e-02   1.9949701e-01   1.2098114e-02   1.5540098e-02   4.4635737e-01  -3.9623229e-03   2.1919642e-01   2.1930243e-01   1.3980821e-01   2.0916444e-01   3.6714837e-01   1.9747867e-01   2.0005834e-01   1.2623269e-01  -1.5724847e-01   1.8474671e-01  -1.3914658e-01   2.2702357e-01   3.2892772e-01   1.4368990e-01   1.2011116e-02  -3.7856133e-01  -2.3381113e-01  -3.4339888e-01  -2.8033598e-01  -1.8557856e-02   1.7684857e-01   2.1038362e-01   2.2926097e-01   8.3295580e-02  -8.1752481e-02   4.4372613e-02   5.1891303e-02  -4.2778285e-01   2.1386347e-01   2.4386794e-01   9.4636698e-02   8.8192568e-02   5.9948429e-02  -3.6193201e-02   4.5298858e-01  -3.9546852e-01   1.9886912e-01   3.6741521e-01   2.2405807e-01   7.7818030e-03   2.1595750e-01  -8.8358891e-02   2.2847814e-01   4.7354166e-01   4.9230750e-01   2.9599024e-01  -1.9661644e-01   2.1928011e-01   2.7637352e-01  -1.1161498e-01  -1.7334129e-01  -1.8134912e-01   8.9344574e-02   1.3058993e-01   9.4660984e-02  -4.4052373e-02  -3.5417398e-01   1.6141527e-01
  -2.3159235e-01   3.2828832e-01   4.6034895e-01  -3.3009882e-01  -7.8570652e-02   3.6943747e-01   5.8678345e-01  -3.7168424e-01  -7.2247392e-02   6.1462815e-02  -5.0202257e-01   0.0000000e+00  -2.0980169e-01  -5.5063496e-01   1.7925156e-01   2.5116550e-01   3.4967736e-01  -3.4106531e-01   1.5686391e-01  -1.3668294e-01   7.8339754e-02  -1.4970485e-01  -6.1498713e-02  -3.1453623e-01  -1.0560353e-01  -7.1888478e-02   7.9374156e-02  -5.7363286e-02  -2.8357543e-02  -1.4065013e-01  -3.0495211e-02  -2.7669621e-01   6.1755165e-02   4.2083855e-01   2.6835895e-01   2.1744741e-01  -2.1555307e-01  -3.8824835e-01   7.2760063e-02   1.4759157e-01  -3.8686325e-01  -3.6656755e-02   2.7635779e-01  -7.2732585e-02  -7.7882274e-02  -1.3272047e-01  -3.0249942e-02   2.8141129e-01  -2.3689855e-01   1.3510941e-01  -4.1543777e-01  -2.6730621e-01  -4.0956190e-02   3.4904039e-01  -1.5790788e-01  -4.9669740e-02   1.0913822e-02  -4.8604464e-01  -3.0492243e-01   9.0390117e-02  -3.8969692e-02   4.8621784e-02   1.1891020e-01  -3.6362527e-01  -1.7586651e-01   3.2581474e-01  -5.3400419e-02   1.3817911e-01  -2.4393981e-01   4.1935628e-01   3.7407255e-01   1.4915869e-01  -1.4267839e-02   1.4779880e-01   1.3248809e-01  -2.7635996e-01  -2.4093898e-01   8.6772550e-02   2.7606698e-01   8.3049521e-02  -5.4910958e-02   7.3602056e-02   8.0844961e-02  -1.3169295e-02  -6.5686314e-02  -8.9869561e-03  -1.3059089e-01  -2.6802594e-01   1.3834026e-01  -3.2752513e-01  -9.1453366e-02  -9.7014440e-02   3.6519773e-01  -4.0353922e-02  -3.0510685e-01   6.4648155e-03   1.9654100e-02  -3.0431514e-01  -2.2183719e-02   1.9502083e-02   1.6413516e-01   2.0343393e-01   2.6994702e-02  -3.3524000e-02  -3.7625674e-01  -2.3420781e-01   1.0008007e-01  -3.6836384e-01  -1.3178927e-01  -7.8857732e-02   3.2975235e-01   8.7867656e-03   6.7034108e-02  -1.7706207e-01  -9.4242849e-02  -8.1732027e-02  -8.4476674e-02  -8.8558402e-02   1.8387180e-01  -2.8964376e-01  -3.5102283e-01   3.8322821e-02  -1.9141713e-01  -2.6158429e-01  -2.1757112e-01  -4.1681658e-01  -1.0519424e-01   4.4295702e-02  -3.9811287e-01   2.7671474e-01  -1.7377126e-01  -8.0755460e-02  -3.0247408e-01   9.2889634e-02   1.1171325e-01  -5.5931196e-02   1.6195096e-01   1.9026717e-01  -1.9947280e-01  -2.2164370e-02  -1.8641874e-01  -1.9869255e-01  -9.9084653e-02   4.3086209e-01  -1.9657672e-02  -5.3533007e-02   4.7133262e-01  -9.8632332e-02   6.3037801e-02  -2.0516913e-01  -5.0754931e-03   9.4003763e-02  -4.6918489e-04  -1.9761754e-01   5.4243295e-01  -3.9449681e-01  -3.9234490e-01  -2.6181338e-01  -3.2990946e-02  -8.7476399e-02   9.9261406e-02  -7.6269978e-02  -3.4806894e-01  -4.8530950e-01  -3.9051080e-01   2.7401821e-01   1.5653866e-01  -2.9883433e-01  -2.3607772e-02   1.0878011e-01   2.4782562e-01  -1.8413434e-01  -1.3589205e-01   3.1172112e-01   2.3879319e-01   2.1691555e-01  -3.1251473e-01
  -1.4346674e-01  -2.0567886e-01  -1.3620502e-01   2.1366922e-01   9.9784296e-02   7.8247883e-02  -9.3360975e-02   6.9286161e-02  -2.7913633e-01   8.4925612e-02   3.6657090e-01  -2.0980169e-01   0.0000000e+00   9.9982055e-02   8.9924135e-02   5.6522551e-02  -2.4279342e-01   3.4663421e-01   4.2832426e-02   4.5351344e-01   2.3845927e-02  -1.5011013e-02   3.1535290e-01   4.5846656e-02   2.0608450e-01   1.1110051e-01  -5.6740233e-02   4.1400195e-02   2.0757893e-02  -1.6826143e-01  -2.1745008e-01   9.9324636e-02  -3.9164947e-02   5.9462227e-02  -1.2897468e-02  -4.7244682e-02   4.3852501e-02   2.4685425e-01   4.2994891e-02  -2.8115671e-01   4.4441228e-01   2.3007900e-01  -1.0669605e-01  -1.7047892e-01   5.2343116e-02   6.3418416e-02   1.3698921e-01  -3.1956244e-01  -2.7128797e-01  -2.0656283e-01   5.1352247e-01   4.4172989e-02  -2.3881060e-01  -1.1771034e-01   3.7717915e-02   1.6229276e-01   1.1260026e-01   1.1161507e-01   1.7674586e-01   2.2291169e-01   4.3417722e-02   1.4096471e-01  -1.3318013e-01  -9.0809902e-02  -2.1176138e-01   1.0209517e-01   8.6880326e-02  -2.9700195e-01   1.1855268e-01  -1.1107783e-01  -2.9578905e-01  -9.9065229e-02   2.2850499e-01   9.3747749e-02  -1.1229567e-01  -8.6343351e-03   2.1462616e-01  -9.6747355e-02  -1.7468827e-02   3.0773894e-02   2.1764174e-01   1.8961168e-01  -1.9264234e-01  -2.1958846e-01  -7.3210150e-02  -2.0683000e-01  -2.8558284e-02  -2.8445076e-02  -1.9409804e-01  -1.2878940e-02   8.8464041e-03   2.2516168e-01   1.3624928e-01   1.4721900e-01   3.0773585e-01   2.1022220e-01  -1.4485151e-02   7.4139222e-02  -3.8592006e-02   1.7368305e-01  -1.0524973e-01   1.9973104e-01  -1.2312750e-01  -1.5212246e-01   2.4289135e-01   1.4965902e-03   9.6017836e-02   1.3702523e-01   5.3761987e-02   1.0769188e-01   7.3182262e-02   2.6991622e-02  -1.8015742e-01  -7.9260858e-02   1.2118695e-01  -8.2936580e-02   1.2151543e-01   3.4108629e-01  -5.9031033e-02   3.1885565e-01   2.9503410e-02   1.6577155e-01   9.9609576e-02  -5.4416247e-02   4.0834119e-02   4.5327222e-02   3.7612647e-01   1.2313704e-01   1.9171622e-01  -1.8497335e-01   2.1445945e-01   1.1757708e-01   8.9960580e-03  -2.3022317e-01  -1.4372390e-01  -1.7156077e-01  -1.0087561e-01  -2.6172360e-01  -5.6481911e-02  -4.2381196e-03   1.6924429e-01   5.8115800e-01  -1.0943221e-01   2.3182358e-02   2.1522386e-01  -5.1640024e-02  -5.1612835e-02  -1.7278041e-01   2.3992524e-01  -6.8034880e-02  -3.8775819e-02  -1.2383701e-01   2.1116295e-02   2.2888362e-02  -2.0173143e-01   7.9409552e-02   2.9096851e-01   3.1782479e-01   1.7450317e-01   2.6851598e-01  -5.2307044e-02  -1.2890343e-01   9.1178228e-03   2.2648348e-01   1.1415911e-01   8.0994681e-02   1.3705382e-01   6.7196407e-02   5.8610219e-02  -1.2022187e-01  -5.8675522e-02   1.2459867e-01  -1.1828570e-02  -1.7154044e-02  -1.2916993e-01  -1.5455160e-01   8.2645374e-02
   5.0576537e-01  -2.5681115e-01  -2.7737483e-01   2.5838422e-01  -5.8989237e-02  -2.9219457e-01  -5.1397031e-01   2.0670422e-01  -1.5797904e-02  -1.4031515e-01   2.6098339e-01  -5.5063496e-01   9.9982055e-02   0.0000000e+00  -1.6818774e-01  -1.0048210e-01  -3.0331223e-01   2.7392841e-01   2.5723126e-02   4.6382635e-02  -1.5580446e-01  -6.8971839e-02  -3.3926487e-02   7.0220878e-01  -1.6831272e-01  -1.1281721e-01  -1.7953412e-01   4.0543459e-01  -2.4240825e-02  -3.8964872e-02  -2.2356615e-01   1.9881686e-01  -1.7469295e-01  -3.0754559e-01  -2.9406217e-01  -2.0160433e-01  -8.1095399e-02   4.5795327e-01  -1.5140221e-01  -3.5474167e-01   2.8470194e-01   2.1934466e-02  -1.0913610e-01   3.2200707e-02  -4.0504650e-02   1.7493133e-01  -5.9266436e-03  -4.1131428e-01   1.2525667e-01  -2.6421513e-01   3.5302014e-01   1.9219399e-01  -1.7565696e-01  -1.6902774e-01   2.5824913e-01   1.0253979e-01  -8.5776485e-02   3.5785207e-01   2.2015679e-01  -3.9682651e-02   7.8683761e-02   1.1388158e-02  -1.3067718e-01   2.2803734e-01  -9.9352537e-02  -2.7105040e-01  -4.6563313e-02  -7.8949331e-02   1.0345259e-01  -1.4241938e-01  -4.2765361e-01  -1.2480897e-01  -1.8023339e-03   2.7386815e-01  -2.1270985e-01   1.8487152e-01   2.4164765e-01  -1.1634996e-01  -3.4232292e-01  -2.4542214e-01   2.7887484e-01  -6.4677322e-02  -1.9568408e-01  -4.2240093e-02   5.0097294e-01   2.1705512e-02   2.8093755e-02   5.9137865e-01  -1.6036020e-01   6.3322247e-01  -6.1352894e-02   3.0815389e-02  -2.9436263e-01  -7.2520285e-03   3.2835915e-01   3.4403353e-02  -1.2093315e-01   2.3979620e-01   5.1074445e-02  -1.5334964e-01   1.2564096e-03  -3.3524551e-02  -1.7288928e-01  -1.4500797e-02   1.6180667e-01   2.0133488e-01  -4.9278091e-02   2.3908427e-01  -3.4540194e-02  -2.9243829e-02  -2.8887850e-01  -2.5400597e-03   9.3533201e-02   4.1052427e-01   3.5120977e-01  -1.6352711e-01   9.7603861e-03  -2.5481847e-02  -1.2339072e-01   2.6081528e-01   4.6732038e-01  -4.4982120e-02   1.3961384e-01  -1.1401382e-02   2.4350159e-01   7.3868290e-01  -6.7123868e-02  -1.1071830e-01   2.4263081e-01  -1.5875425e-01   7.5308803e-02  -1.5883045e-01   4.4147998e-01  -3.2615100e-01  -9.1234561e-03   1.4026404e-01  -1.1541293e-01  -2.9783602e-01   3.6100280e-01  -1.3650366e-01   3.1293378e-01   8.9825134e-02   1.1498803e-01  -2.2036806e-01   9.0831321e-02  -1.7176913e-02  -3.2097789e-01   4.3740967e-02  -4.4504538e-02   5.6862717e-03   4.4491909e-01  -1.1307326e-01   2.5891839e-01   4.2963678e-02  -3.7080068e-01   5.9643888e-01   4.5151632e-01   2.5934311e-01  -1.7423411e-02   1.8950133e-01  -1.6505552e-01   1.1051190e-01   1.8805639e-01   3.2161645e-01   3.6181862e-01  -2.8856818e-01  -1.4607990e-01   4.1876996e-01   2.6778573e-01  -3.1292932e-01  -2.2054199e-01   3.2636141e-01   1.7013146e-01  -1.6931224e-01  -2.6123687e-01  -1.6403907e-02   1.8077678e-01
