   0.0000000e+00  -6.9202647e-02   5.7530323e-03  -4.8774045e-02   7.8568824e-02  -1.8229384e-01  -2.8743305e-01   1.8805275e-02  -9.0656392e-04   2.0603846e-01  -2.1369951e-01   2.5536700e-02   7.9638482e-03  -5.3759632e-03   9.1383275e-02  -1.9282592e-01   1.5461498e-02  -1.8480327e-01  -1.0792086e-01   1.5312740e-01  -4.6921654e-01  -2.5102917e-01  -1.5479705e-01   6.9535799e-01  -7.9434776e-02   2.1471885e-01  -2.2520581e-02   3.9197333e-01   1.6372247e-01  -1.4294079e-01  -4.4173080e-01  -1.9624202e-01  -1.8612982e-01  -1.2623931e-01   5.2626541e-02  -1.5964957e-01  -2.5722523e-01   6.1330437e-01  -3.4916169e-01  -4.7057044e-02  -3.1979153e-02   1.4392543e-01   1.9268327e-01  -3.9699197e-01  -1.7536636e-02   6.9425817e-01  -1.8852056e-01  -3.9256618e-01  -1.7458594e-01   3.8371762e-02  -2.6045391e-01   3.5982462e-01  -3.6281809e-01  -3.1365069e-01  -1.4418378e-01   1.9159562e-01   5.9211984e-02  -1.0915771e-02   7.4397283e-02  -4.5069675e-02   3.4521378e-01   9.9576477e-02   8.8369548e-02  -3.0217428e-02   2.4221499e-02  -3.4709770e-02  -1.1969816e-01  -5.4525641e-02  -2.3070376e-01   4.6276115e-01  -4.0112647e-01  -1.5922889e-01   3.0746859e-02   5.9075802e-01  -6.3088473e-02  -2.0205526e-01   6.1712742e-01  -9.7928184e-02   1.8784997e-01  -2.1904038e-02  -1.0214439e-01  -7.6072530e-02  -3.5064859e-01   7.1704544e-02   2.8179088e-01   1.0966746e-01  -2.3190153e-01   3.3821674e-01  -1.0474670e-01   7.9180276e-01   1.5280481e-01   3.2408913e-01  -4.5866722e-02   6.8786717e-02   5.8364149e-01   1.7615775e-01  -1.2993147e-01   1.0464154e-01   2.3530708e-02  -1.7044765e-01  -3.6141849e-02   1.3066526e-01  -3.4631349e-01  -6.9110047e-02  -2.0084544e-02  -1.6438286e-01  -8.1953369e-02  -2.0983300e-01   1.3020998e-02  -2.4076856e-01  -1.7801319e-01  -1.9792288e-01  -1.6612909e-01   8.3760587e-01   2.2942641e-01   1.3704833e-01  -1.0170944e-01   1.4677243e-01  -2.8393896e-01  -2.0408971e-01   7.4238133e-01   2.4094259e-01   6.3694021e-02  -1.9721066e-01   8.5414408e-01  -1.1615295e-02  -2.2406596e-01  -1.3201788e-01   3.9788603e-02  -6.9997608e-02  -1.3073276e-01   1.9204075e-02   2.0855057e-01  -4.6154933e-01  -5.3962078e-03   1.3105981e-02   6.1467076e-03  -5.4956741e-02   2.8433392e-01   4.6575222e-01   6.8769126e-01  -7.6688940e-02   3.4627713e-01  -1.3143705e-01  -1.2348150e-01  -2.4625064e-01  -2.5162713e-01   6.8610688e-02  -1.0008151e-01  -2.9655881e-01   5.9401136e-01  -2.9848781e-01   5.1390379e-01  -2.7862946e-01  -6.1712336e-02   5.8090038e-01   6.6294316e-01   1.4898858e-01   2.6059648e-01  -1.1289339e-01  -2.5168497e-02   6.9718038e-02  -9.4889419e-02  -1.7779848e-01  -2.1706805e-01   1.3042935e-01   7.7008065e-02  -1.2800907e-02   4.7196884e-01  -3.2354925e-01   1.2277433e-01   5.3481721e-01  -9.0690236e-02  -1.3850404e-01   3.8503021e-02  -1.2808684e-01  -3.3996211e-02
  -6.9202647e-02   0.0000000e+00   1.8345040e-01  -1.2336728e-01   4.8756156e-01  -1.8631565e-01  -6.0502466e-02  -1.1379361e-01   4.4617308e-01   5.8113783e-02  -1.4770348e-01   4.4917743e-01  -1.9583366e-02  -3.7444999e-01  -1.6652334e-01  -1.4537034e-01   3.2468070e-01  -1.9158429e-01   1.6622492e-01   4.4095116e-01  -3.2263478e-01  -1.7499621e-01  -4.4371314e-01  -2.5734435e-02   2.5304724e-01   4.4339232e-03   3.7740368e-01  -2.2285691e-01   1.4490812e-01  -1.0686029e-01  -3.1576210e-01  -1.7442714e-01   2.5747524e-02  -1.8222276e-01   3.1580717e-01   2.7025372e-01  -2.0514893e-01   5.9050382e-02  -1.4616287e-01   6.2630072e-01  -1.1055254e-01   3.1548985e-02   5.7936431e-01  -1.1680813e-01  -8.5483430e-03  -4.6710597e-02  -6.9699964e-02  -7.1648110e-02   1.0186488e-01   4.7962011e-01  -2.8452339e-01   7.5652405e-03  -5.8968799e-02   1.8037197e-01  -1.0898291e-01  -2.4820140e-01  -1.4744919e-01  -3.0148728e-01   1.0359391e-01  -1.1461609e-01   6.0896427e-02   1.2401490e-01   5.8170336e-01   3.6386211e-02   1.9586180e-01  -1.5150920e-02  -5.8638570e-02   1.4464580e-01  -1.8721294e-01  -9.4651165e-02   4.1228227e-01  -1.5790495e-01  -4.1307601e-03  -1.4268171e-01   7.8637156e-02   1.9163592e-02   6.9400521e-02  -1.1241844e-02   5.3150333e-01  -3.4814670e-02  -4.0456490e-01   1.8493527e-02   1.8846915e-01   1.0755845e-02   1.5381744e-02  -2.1192052e-01   3.0334664e-01   8.3232208e-02   2.9297146e-01   2.0929966e-02   4.6078626e-01   1.0406989e-01  -8.7728956e-03   9.5724047e-02  -2.9059375e-03   4.4324541e-01   9.5837237e-02   1.2593923e-01   2.2010507e-01  -2.6597628e-01   3.1292928e-02  -2.8176401e-01  -1.3867359e-01  -9.4844433e-02  -4.1670468e-01  -1.0474537e-01   3.2910892e-02  -1.5243055e-01  -1.7862438e-01  -3.0981648e-01  -3.9593676e-02  -4.0374430e-01   1.0763593e-02  -1.8269828e-01  -2.3817256e-01   5.3367530e-01  -9.2397279e-02  -1.0672703e-01  -2.2007719e-01  -1.7294537e-01   3.1369922e-02   4.5395264e-01   3.9894647e-01   1.1779589e-01   5.5035250e-02  -4.1039102e-01  -2.2673384e-01  -1.5061531e-02  -2.8331738e-01   7.6820303e-02  -2.1004506e-01   3.2833751e-01  -8.3501054e-03  -3.0085333e-01  -1.9395138e-01  -2.4536189e-02   7.7697132e-02  -2.1344088e-01   2.8963715e-02  -1.0662070e-01  -6.5268277e-02  -7.4892253e-02  -2.5076369e-01  -1.4384349e-01  -3.4213721e-01  -1.7032869e-01   3.5803450e-01   3.6298441e-01  -2.4120260e-01  -4.9121032e-01  -1.2509916e-01  -1.7716807e-01   6.7076531e-03   1.0046985e-01   5.6653324e-01  -3.1470627e-02  -4.9155931e-02   5.2136137e-03   2.1707058e-01  -7.6202771e-02   3.3864913e-01   3.9635395e-02   1.5619231e-01  -1.9785126e-01   3.5377471e-02   3.4514402e-01   1.2392047e-01  -1.4025149e-01   7.6400941e-02   3.9962370e-02   2.7113406e-01   7.9173073e-03   1.0339449e-01  -2.8507218e-01  -1.3039584e-01  -1.4432363e-01  -1.8883276e-01
   5.7530323e-03   1.8345040e-01   0.0000000e+00  -2.2151318e-01  -1.5800961e-02   3.9348732e-01  -4.3169876e-02  -2.3748736e-01  -3.4545308e-01  -1.6150127e-01  -1.1226262e-01   5.1552904e-01  -5.0478254e-03  -2.9932233e-01   2.2286631e-02   2.7192798e-01   8.0479821e-01   6.5269331e-02  -6.6681192e-02   4.4858552e-02  -1.0314870e-01  -1.1371643e-01  -1.6664656e-01  -2.4578957e-01   7.6559362e-02  -1.4798271e-01   2.1946627e-01   3.4492080e-01  -5.1056344e-02  -2.4151103e-01   8.4466389e-02  -1.8951828e-01   8.8151339e-02   1.7271002e-01  -5.3029090e-02   4.1266654e-02  -3.1382188e-01   1.3355772e-02   2.5268054e-01   5.4281661e-01  -2.6730083e-01   4.1437993e-01   1.5177401e-01  -6.3509014e-02  -3.6465381e-01   8.0089842e-02   2.5023422e-01  -1.3455297e-01  -2.8369629e-01   6.2874857e-01  -3.7497979e-02  -3.7134629e-02   3.3326804e-02   1.7720477e-01   9.8103462e-02   4.5039617e-01  -2.3836050e-02  -3.0936968e-01  -1.4802357e-01  -1.3939209e-01   5.3510651e-01  -3.1612534e-01   2.9226627e-02  -2.7028012e-01  -3.5607228e-01  -9.2847366e-02   3.2121386e-01  -1.9704006e-02   1.6673779e-01   4.9713906e-01   7.1996841e-02  -1.6071931e-01  -3.5308415e-01   2.7996957e-01   7.2176334e-02  -6.7582377e-02   2.8669738e-01   2.6252411e-01  -4.6349853e-02  -7.9491220e-02   1.0200895e-01  -2.4335548e-01   9.1021898e-02  -2.2397938e-01   4.1623780e-01  -3.9818730e-02  -3.0333586e-01   3.7858792e-02  -1.2296745e-01  -8.2682491e-02  -3.4005767e-02   7.0886022e-01   5.6961515e-01  -2.4693628e-01   1.7087626e-01  -6.7793844e-02  -1.3056766e-01  -2.1483478e-01  -1.7388535e-01  -3.5552938e-01   4.0466388e-01   1.5163788e-01  -1.0461838e-01  -1.5565139e-01  -2.6697170e-01  -1.8271263e-01   3.3637425e-01  -5.4582443e-02  -3.2407546e-01   2.9365226e-01   2.9752707e-01  -1.8955266e-01  -2.9856570e-02  -3.1229287e-04   7.5149281e-02  -7.0430067e-02   3.6915007e-02  -2.1923318e-01   2.4845763e-01  -2.4154327e-03   8.6640564e-02   5.0617906e-02   1.5373688e-01  -3.6923615e-01  -2.1392308e-02   2.4580314e-02  -1.1020719e-01  -1.1456818e-01  -2.2158873e-01   8.3502616e-01  -2.0140093e-01  -2.9615655e-01   3.2991137e-01   8.6371120e-02  -1.2772722e-01  -7.8106523e-02  -2.1657239e-01   2.4216439e-01   1.2370297e-01  -1.5046837e-01  -1.9236210e-01  -5.2999812e-02   5.5044500e-02   7.2683473e-01  -3.4890091e-02  -2.2802538e-01   3.6915340e-01  -1.1970832e-01   3.7162423e-02  -1.5582813e-01   1.1661923e-01  -4.4460108e-02   3.1919847e-01   3.1585894e-04   6.6920044e-01  -1.7163658e-01   1.0469472e-01  -1.9641579e-01   5.7548815e-01  -1.6792466e-01  -2.3247590e-02   1.7794421e-01  -2.2472568e-01  -1.6810262e-01  -2.8146457e-01  -2.1672988e-01   7.6006259e-02  -1.5915731e-01   1.8654223e-01   3.8168308e-01  -1.1805357e-01   1.8145740e-01  -9.3752211e-02   4.7592330e-01  -1.9916967e-01   3.4896384e-02  -2.6803626e-01
  -4.8774045e-02  -1.2336728e-01  -2.2151318e-01   0.0000000e+00  -1.4613517e-01   2.1092932e-02   1.4198307e-01   8.3354230e-02   1.7961242e-01   2.5857198e-02   1.8165122e-02  -2.2190047e-01  -6.1863001e-02   2.5058996e-01   4.5327489e-02   4.3610631e-02  -2.4475667e-01   1.8675680e-01   2.6636495e-01  -1.1259857e-01   1.7277735e-01   2.8769674e-01   2.7522500e-01   7.9216758e-02   2.0182245e-01   1.8958109e-01  -2.6002953e-02  -4.3115678e-02  -4.6027254e-02   1.9269407e-01  -4.8830378e-02   2.9272020e-01   2.0585379e-01   8.4423614e-03  -8.0700748e-02   3.4159313e-03  -2.4296239e-02   9.8187414e-02  -1.7035491e-01  -1.5664195e-01   3.2825556e-01   9.3868285e-03  -1.3278400e-01  -1.8643175e-02   1.8191423e-01  -3.9320522e-02  -7.7818709e-02   8.6571972e-02   3.9113820e-02  -3.6638736e-01   4.3329965e-01   4.0308370e-02  -7.6557294e-02  -6.3920824e-02  -9.0610377e-02  -1.9633870e-01  -7.2586092e-05   4.4795960e-01   3.9341509e-01   1.7747065e-01  -2.2064924e-01   1.1012649e-01   1.6973491e-01   3.8533887e-03   1.6328290e-01   1.0126368e-01   4.9281306e-02  -1.9591377e-01  -5.4297761e-02  -2.2431830e-01  -4.5280901e-02   1.3453896e-01   9.7165184e-02  -9.1328535e-02   2.1187296e-01   4.6396657e-02  -2.1458443e-01  -3.6384857e-02  -3.6551060e-02   2.8594108e-01   1.6846682e-01   1.8399169e-01  -1.1596076e-01   2.6793492e-01  -1.8310472e-01   1.1797485e-01   1.3679954e-01  -5.0608287e-02   1.0494204e-01   7.8868017e-02   3.8373093e-02  -1.9122064e-01  -4.8203919e-02   3.0404107e-01   3.3270147e-03  -1.0312334e-01   8.8099764e-03   1.4492033e-01   6.2331623e-02   1.4548916e-01  -1.7214315e-01  -9.3201542e-03   2.5466109e-01   1.5084242e-01   3.8242640e-01   4.4072364e-01   1.6335915e-01   4.3740200e-02   2.8469866e-01  -7.4312336e-02   3.9971667e-02   3.9733742e-01   4.9529451e-01   4.3704080e-02   1.0619387e-01  -1.3731901e-01  -6.8668948e-02   2.8473747e-01  -1.5506653e-01   6.2953687e-01  -5.1414023e-03   2.1501181e-02  -1.3246453e-01   4.0031762e-01  -6.0243181e-02   1.2530069e-01   3.1029511e-01   1.5228454e-01   5.8576102e-01  -3.0516910e-01   1.5413677e-01   7.7121910e-02  -2.0390593e-01   9.8418568e-02   4.5144251e-01   2.0759876e-01   8.4318469e-02  -1.3452213e-01   9.9188722e-02   1.7253727e-01  -3.4213158e-02  -1.2035757e-01  -1.3988320e-01  -2.1023861e-01   2.2849489e-01   9.6080428e-02   2.3635680e-03   3.0761500e-02   1.3523587e-01   1.1665868e-01   1.0972068e-02   1.0390807e-01   4.3736460e-02  -2.8866173e-02  -2.0151135e-01   3.8773276e-02   7.1595516e-02   2.9234678e-01  -1.2857716e-01   2.7429563e-01  -2.0077491e-01  -2.1655794e-01  -4.3204134e-02   4.2429367e-01   3.2880789e-01  -1.4875669e-01  -1.1777216e-01   2.3877244e-01  -1.4182336e-01  -7.2532323e-02   8.0009165e-03  -1.8493612e-01   1.5776970e-01  -1.6280801e-02   1.5762471e-01   4.1114700e-01   4.1555132e-01
   7.8568824e-02   4.8756156e-01  -1.5800961e-02  -1.4613517e-01   0.0000000e+00  -3.8463550e-01  -5.7293506e-01  -2.6798422e-01   2.4904800e-01   2.7230760e-01   1.0688072e-02   2.2991103e-01   1.7861025e-01  -4.4806522e-01  -4.3510557e-01  -2.7664252e-01   2.6143998e-01   1.7502203e-01  -1.1208788e-01   8.6480368e-01  -3.3195051e-01  -1.8454409e-01  -5.5552100e-01   1.9390555e-01   6.3857417e-02  -1.8721631e-01   1.4457390e-01  -4.0236359e-01   1.4662382e-01  -3.3310695e-01  -4.4801242e-01  -2.3548182e-01  -1.0913995e-01  -3.0673893e-01   1.6606044e-01   5.6061878e-01  -7.8444622e-02   1.9399692e-01  -5.7685312e-02   3.2164598e-01   1.2307001e-01  -8.2668050e-02   5.9572992e-01  -1.9110555e-01   3.2450571e-01   1.9652063e-02   8.5958718e-02  -4.6003146e-01   4.6431797e-01   4.7336200e-01  -1.7731535e-01  -7.3053789e-02  -3.5092025e-03   4.9032669e-02  -3.0540034e-01  -2.3694277e-01  -3.2666389e-02  -3.0681660e-01   5.6941147e-02  -2.0993499e-01   8.6991937e-02   3.7960255e-01   5.4383338e-01  -1.1397567e-01   5.5593466e-01   4.0703458e-02  -3.1057481e-01   3.1364601e-01  -1.9918474e-01  -3.4166158e-01   1.4021691e-02   2.1965580e-01   1.4860078e-01  -2.0105333e-01  -1.3529624e-01  -3.8653021e-02   1.7110660e-01  -9.6491332e-02   7.8380923e-01  -1.5192107e-02  -6.2633368e-01   7.3084939e-02   1.1386665e-01  -2.0735399e-01  -1.4340875e-01  -1.1369885e-01  -8.3891934e-02   1.6807586e-02   1.1452532e-01   1.0561332e-01   7.8744778e-01   6.8180070e-02  -2.3066344e-02   2.3121007e-02   7.4785021e-02   8.4267140e-01   3.6337991e-01   1.2558878e-01   6.9255110e-01  -3.7170398e-01  -1.7524076e-01  -3.2172974e-01  -2.4520454e-01  -2.9962224e-01  -4.2842523e-01  -1.8084617e-01  -1.4231476e-01  -2.3033474e-01  -9.8779950e-02  -2.7750165e-02  -3.3495993e-01  -3.9504506e-01  -2.0126647e-01  -4.7399266e-02  -4.7170175e-01   7.1419964e-01  -8.1056978e-02  -4.0752310e-02  -2.0458920e-01  -4.7112547e-01   1.4287315e-01   7.2467697e-01   2.3153491e-01  -1.3690666e-02   1.4352625e-01  -4.1536340e-01  -2.9102846e-01  -3.7617475e-02  -3.1829523e-01  -1.6500573e-01  -1.4635949e-01   3.8568043e-01  -1.6257257e-01  -3.5914912e-01  -1.8964099e-01  -2.2967384e-01   2.4551424e-02  -3.7409450e-01  -9.2439516e-02   1.5379677e-02   5.0653626e-02   8.2523202e-02  -2.7143647e-01  -3.7646402e-01  -5.1931431e-01  -3.0533560e-01   2.7770655e-02   6.7158292e-01  -1.0278897e-01  -2.4038180e-01  -2.5355849e-01  -3.5424440e-01   2.7046772e-02   1.4837528e-01   4.1537271e-01   1.6692315e-01   9.7709115e-02  -3.3601537e-02   2.6572991e-01  -2.4605688e-01   5.4393149e-01   2.6052240e-02   1.8089097e-01   2.9564207e-03  -1.5975718e-02   4.2347099e-01   2.6275698e-01  -2.1438158e-01   1.7847134e-01   1.2326849e-01   4.0763425e-01  -2.5032753e-03   3.9917987e-01  -4.3315164e-01   1.0255115e-02  -3.0979010e-01  -1.8058339e-01
  -1.8229384e-01  -1.8631565e-01   3.9348732e-01   2.1092932e-02  -3.8463550e-01   0.0000000e+00   2.9170307e-01   3.5988158e-02  -2.8917602e-01  -3.4911304e-01   1.1522336e-01   1.2103979e-01  -2.8892067e-01   1.6582064e-01   6.9495139e-02   3.8772429e-01   2.3881900e-01  -1.6564875e-03   7.3767158e-02  -4.1362483e-01   3.7437654e-01   3.7918784e-02   2.2221245e-01  -3.4329266e-01   2.1840812e-01   3.8999160e-02   1.5966081e-01   2.5066374e-01  -1.2529729e-02   2.8578442e-01   2.8504782e-01   2.2594830e-02   1.4870404e-01   2.9500890e-01  -2.9659235e-02  -1.1729146e-01  -5.4189835e-02  -9.7036434e-02   2.3282377e-01   9.5411518e-02  -1.8436714e-02   1.5192900e-01  -2.2990931e-01   3.4277201e-01  -3.0660524e-01  -5.5719338e-02   1.2625071e-01   2.7722171e-01  -1.7386335e-01  -1.7075295e-02   1.0553826e-01   4.6586370e-02   1.8626132e-01   1.0403160e-01   3.2858318e-01   3.5654542e-01   4.4259076e-01  -5.1951201e-02   1.5588953e-02   1.4350447e-01   1.5777647e-01  -2.3407279e-01  -2.0384559e-01   1.5813154e-02  -3.7860830e-01  -1.6877105e-01   6.7390031e-01  -7.1941898e-02   2.7689076e-01   3.9861683e-01   1.1340525e-01  -1.1466608e-01  -1.9612469e-01   3.4399578e-01   1.9300363e-01  -2.5763643e-02  -5.1004586e-02   2.8492466e-01  -3.5679367e-01  -8.3958773e-02   4.1756627e-01  -2.2692420e-01   1.8173327e-01   2.4814321e-02   3.6057910e-01   2.6157193e-02   3.3622073e-03  -7.6476426e-02   6.3867636e-02  -2.3324401e-01  -4.0447028e-01   2.0701011e-01   3.2564291e-01  -1.7056982e-01   1.0635615e-02  -4.3979761e-01  -1.7744534e-01  -3.6777881e-02  -3.6579025e-01  -3.3549824e-02   2.8823128e-01   3.1601963e-01   1.6020339e-01   1.3912430e-01   1.2093972e-01   1.4476371e-02   2.3436007e-01   3.2325426e-01   6.7947449e-02   3.5246236e-01   3.6541548e-01   2.7613919e-01   1.3649741e-01  -1.4208155e-01   3.1391351e-01  -3.1206388e-01   1.0949433e-01  -1.4335874e-01   3.8261510e-01   2.3523356e-01  -1.8232917e-01  -3.6176475e-01  -5.8154353e-02  -2.7812715e-02  -1.1995243e-01   4.0539907e-01   2.5203737e-01  -5.1730731e-02   1.3932029e-02   4.9010359e-01  -2.6255934e-01  -2.4552890e-01   3.8982377e-01   2.2872146e-01   2.4425937e-02   1.0400274e-01  -1.7219657e-01   3.4139552e-01   1.5743823e-01  -2.7843701e-01  -3.1570267e-01   4.3858186e-02   1.0913771e-02   5.7543144e-01   2.5670312e-01   1.1636160e-01   1.5079330e-01  -3.4314761e-01   1.2816304e-01   1.3977235e-01   1.7258855e-01   2.4628505e-01   8.7227671e-02   1.9632991e-01   2.3311763e-01  -3.0183824e-01  -1.2710442e-01  -2.6324679e-02   4.7332929e-02  -2.6561911e-02  -1.3616802e-01   1.7615589e-01  -2.7877166e-01   1.1483771e-01   4.4716190e-02  -3.6632058e-01  -5.4216496e-02   1.3753220e-01  -1.7830280e-02   3.5858223e-01  -3.0998318e-01  -1.4729755e-01  -2.7565298e-01   7.4700453e-01  -8.2172111e-02   5.6581311e-02  -3.3068501e-02
  -2.8743305e-01  -6.0502466e-02  -4.3169876e-02   1.4198307e-01  -5.7293506e-01   2.9170307e-01   0.0000000e+00   7.8215560e-03   1.9281228e-02   3.7103708e-02   1.0705751e-01  -3.2783945e-02  -2.8836901e-01   2.3605794e-01   3.3670634e-01   2.7205969e-01  -3.1642150e-01  -1.6441888e-02   1.7425637e-01  -5.0655073e-01   5.2914811e-01   8.5601969e-02   7.1831365e-01  -3.6652565e-01   3.8000154e-02   1.2682972e-01   1.5161369e-01  -1.5089719e-02   4.6421705e-02   3.7323977e-01   3.3795561e-01   1.0857175e-01   1.0975630e-01   5.0469462e-01   1.1709438e-01  -1.4698075e-01   1.1509997e-01  -2.6462974e-01  -2.8515027e-02  -1.8678322e-02  -1.7273784e-01  -4.7011029e-02  -3.4912409e-01   9.5413572e-02  -6.4492758e-02  -1.7486936e-01  -2.7411430e-02   7.1057062e-01  -3.8859579e-01  -4.3078394e-01   3.6050412e-01  -2.2435815e-01   3.1281609e-01   3.1796016e-02   8.4186488e-02  -9.8004397e-02  -6.0521457e-02   1.4063807e-01   9.2556174e-02   2.3102734e-01  -3.0956087e-01  -2.7094795e-01  -2.7205511e-01   1.3068121e-01  -3.1703245e-01   3.2360233e-01   2.8398309e-01  -7.7748762e-02  -1.6514798e-02   1.6296580e-01   3.2826492e-01  -5.0312017e-02  -1.7266495e-01  -1.8492861e-01   7.1743672e-02  -1.6432485e-01  -3.2001440e-01  -3.8641844e-02  -4.5973537e-01  -9.2628487e-02   4.3810082e-01   1.1406214e-01   2.9485421e-02   1.3769038e-01  -7.3462207e-02  -1.6766799e-01   4.2402954e-01  -2.9410636e-01   7.4853924e-02  -3.1031039e-01  -4.4912446e-01  -3.1798266e-01   1.2934767e-01   5.5493270e-02  -2.0923727e-01  -4.7536523e-01  -2.6667242e-01  -3.7125686e-02  -5.9069164e-01   6.2654927e-01  -3.3022362e-02   1.3730346e-01   1.1138208e-01   3.6556973e-01   4.2741381e-01   1.5703428e-01   2.3589800e-02   1.2308725e-01   3.0155447e-01   2.1224532e-02   5.5361597e-01   2.3860719e-01   2.5060892e-01  -2.8702878e-01   2.2148852e-01  -4.1902254e-01  -1.8668306e-01   6.2432422e-02  -6.0643133e-02   3.2719243e-01  -3.2647070e-01  -4.5213133e-01  -1.5006186e-01   2.8989553e-01  -2.9200943e-01   1.6378230e-01   4.2722361e-01  -7.8297819e-02   2.1010053e-01   1.2972231e-01  -3.2412943e-03  -4.7221723e-02  -8.6943991e-02   3.2351376e-01   1.1381629e-01  -1.1056091e-01  -3.9296596e-02   4.0379441e-02  -2.2114001e-01  -1.8024422e-01  -2.1139806e-01  -1.6984560e-01   5.2732661e-02   3.2980798e-01   4.8253311e-01   2.9587104e-01   2.3539370e-01  -3.5874659e-01   3.1806341e-01   3.0315388e-01  -2.5969667e-02   8.2587042e-02  -2.8730462e-01   2.2153884e-02  -2.0244581e-01  -1.6373825e-01  -3.3049691e-01  -5.4942901e-02  -4.9174168e-01   4.3381003e-02  -3.4321487e-01  -1.4613772e-01   4.5418585e-02   1.3295005e-01   9.6945288e-02  -1.5373949e-01  -1.9510142e-02   4.7447527e-02  -3.5800426e-01  -4.9194957e-02  -1.8633582e-02  -2.7194447e-01  -2.6686036e-01   2.3297302e-01  -7.2679703e-03   7.7789038e-02   1.3636347e-01
   1.8805275e-02  -1.1379361e-01  -2.3748736e-01   8.3354230e-02  -2.6798422e-01   3.5988158e-02   7.8215560e-03   0.0000000e+00   1.4169698e-01  -2.1548361e-01  -9.6637841e-03  -4.0277926e-01   7.1828264e-02   2.0195620e-01  -4.0015011e-02   1.4117112e-01  -2.5439286e-01  -1.8222693e-01   1.6401452e-01  -3.4348372e-01  -9.1304922e-02   4.8051108e-01  -2.3288621e-03   2.2046961e-01   3.1862267e-03   2.2546178e-01   2.0275759e-02   6.5201297e-02   4.5693790e-02   1.8738655e-01  -6.5351261e-02   3.8625824e-01   7.5026177e-02  -2.6787113e-01   5.0171940e-03  -2.3445417e-01  -5.0010902e-02  -6.6588614e-02   1.7465289e-01  -2.2705967e-01   1.8330674e-01  -1.5942647e-01  -2.6130585e-01   3.6255000e-01  -2.0248036e-01   7.5154833e-03  -3.0866925e-02  -8.7959789e-03  -2.9706424e-02  -3.0067843e-01  -6.5051464e-02   3.1437928e-01  -2.4322844e-01  -6.4705294e-02   6.4516175e-02  -1.5309826e-01   1.1500385e-01   5.1008133e-01   1.6687757e-01   1.5171567e-02  -9.2091007e-02  -1.0557804e-01  -9.6727206e-02   2.3598425e-01  -8.2151621e-02  -3.5723617e-01   1.3331585e-03  -9.3669889e-02   1.5618486e-01  -1.3800731e-01  -1.1474764e-04  -4.3473900e-02   6.1271368e-02  -5.4743539e-02   6.2992707e-03   3.1703829e-01  -2.7086569e-02  -1.2820477e-01  -2.7806484e-01   3.7910854e-02   2.4584754e-01   1.1709837e-01  -2.7824702e-02   4.8567953e-01  -1.4470478e-01   2.6709807e-01  -5.4546130e-03   1.3318258e-01  -8.4090393e-03   1.3833297e-01  -2.5721919e-01  -1.6411264e-01  -4.7077444e-01   1.5456223e-01  -4.0565236e-02  -2.6288038e-01   3.9397823e-03   2.9502394e-01  -1.2998441e-01  -3.0742821e-02  -3.6940941e-02  -5.1540273e-02   4.2863594e-01  -2.3037350e-02   2.1982831e-01   4.3199987e-01  -8.6780554e-02   4.8550290e-01   1.1905657e-02  -1.8714402e-01  -2.6864978e-01   3.3257148e-01   1.6934815e-01   1.6550803e-02   1.7679629e-01  -1.5473426e-01   3.0763975e-01  -6.9192856e-02   2.1362026e-01   1.8228238e-01   2.6618998e-02  -2.4754414e-01   1.8104799e-02  -1.0469883e-01  -1.0831389e-02   1.6988599e-01  -2.0307619e-01   1.3084189e-01   4.0935090e-01  -2.8046245e-01   1.8125777e-01  -2.1722028e-01   3.0680644e-02  -1.0858325e-01   1.8287474e-01   5.8002420e-01   1.3610135e-01   1.0385998e-01   3.8559548e-01   1.3917566e-01   1.3706986e-01   2.4897958e-01   3.0855206e-01  -2.3424788e-01   3.2870859e-03   3.1372265e-01  -1.1821800e-01  -1.7418445e-01  -1.5775809e-01  -3.4182688e-02  -4.7233440e-02   5.3560443e-01  -1.2797575e-01  -1.7435217e-01  -3.0088702e-01   1.7924913e-01  -9.6749280e-03   1.0289079e-01  -1.3375868e-01   4.0738975e-01  -6.1856996e-03   8.3986366e-02  -1.3566350e-01   1.8290574e-01   3.3519186e-01  -2.8981028e-01  -2.4487673e-01   2.8807881e-01  -1.7434789e-01  -2.7317293e-01  -3.2573069e-01  -2.2966780e-02  -1.0172996e-01  -4.5283409e-02   1.0684328e-01   1.5907317e-01   2.6641140e-01
  -9.0656392e-04   4.4617308e-01  -3.4545308e-01   1.7961242e-01   2.4904800e-01  -2.8917602e-01   1.9281228e-02   1.4169698e-01   0.0000000e+00   1.2931257e-01   1.9731670e-02   6.6046322e-02  -7.1184543e-02   1.7551827e-02  -1.3932285e-02  -1.1937374e-01  -1.8303458e-01  -1.5169961e-01   1.7736758e-01   2.1134322e-01  -2.4394256e-01   1.7903521e-02  -2.5519044e-01   3.2581561e-01   7.1683845e-02   2.0629472e-01   1.8228963e-01  -2.7387185e-01   1.8083970e-01   1.6385616e-01  -3.2473202e-01   2.1207916e-01   1.9101873e-01  -2.8919723e-01   3.3711907e-01   6.9854808e-02   1.8726318e-02   1.9147536e-02  -5.8110226e-02   2.0211712e-01   1.1913815e-01   5.1837591e-02   2.7452017e-01  -1.7425956e-01   2.5717523e-01  -1.4993177e-01  -2.6439417e-01   9.6672728e-04   1.6521795e-01  -1.3157775e-02  -1.2639687e-01   1.9009375e-01  -1.8685063e-01   6.6318079e-03  -1.8094291e-01  -3.9179370e-01  -3.4422086e-02   1.3118097e-01   2.2279137e-01   2.5322976e-01  -3.3212079e-01   4.0120479e-01   4.6336700e-01   1.4943166e-01   2.7528264e-01  -1.6949324e-02  -1.7894981e-01   1.2765523e-01  -2.7733390e-01  -3.5433752e-01   2.6711242e-01   2.4006296e-02   1.2150882e-01  -2.1735723e-01   1.6878161e-02   5.1131044e-02  -1.6017758e-01  -1.9359132e-01   3.2648326e-01   2.1390907e-01  -2.4548763e-01   1.1921277e-02  -3.6895046e-02   2.8588649e-01  -1.3824679e-01  -3.4451033e-02   3.6201990e-01  -2.1495968e-02   2.0024222e-01   1.9979072e-01   2.7061369e-01  -3.9031773e-01  -4.0777485e-01   3.1289587e-01  -1.0784535e-01   2.3816925e-01   1.9687111e-01   3.1287499e-01   2.7736737e-01   7.7882032e-02  -1.0751071e-01  -1.7420714e-01  -8.3605996e-02   1.3222713e-01  -7.2191966e-02   3.3379733e-01  -1.2675784e-02   2.3352380e-04  -2.3418456e-02  -5.0372205e-01  -2.5338200e-01  -1.1466866e-01   2.0507940e-01  -1.5502584e-03  -2.0489225e-01   3.4209886e-01  -1.8184653e-01   8.1176262e-02  -3.1486684e-01   3.5797471e-02   2.4308840e-02   2.2743260e-01   2.3601771e-01   3.8338677e-01   1.2327811e-02  -1.3645167e-01   2.5034594e-02   2.1572513e-01   9.2795999e-02  -3.6085434e-01   7.1023768e-02   3.8845546e-01  -1.9966680e-01  -2.6009847e-01   1.3502577e-01   7.4486295e-02   3.5451326e-01  -3.5510250e-01   2.2099087e-02   2.9285654e-01   2.7539865e-01  -1.1088452e-01  -9.0771761e-02  -4.8232809e-01  -2.1150571e-01   5.4904616e-03  -9.6243124e-03   2.8599634e-01  -3.5356738e-01  -3.0907862e-01  -9.7974304e-02  -8.2936536e-02  -2.7302978e-01   1.1766648e-01   4.4726474e-02   2.4758873e-01  -5.2529103e-02   4.3576150e-02  -1.2756979e-01  -9.6859982e-03   2.8737407e-01   1.9107575e-02   2.3541836e-01   7.3823138e-02   4.0094249e-01   2.4602820e-01  -3.6284769e-02   1.1395178e-01  -1.6374389e-01  -3.4888617e-01   1.0348182e-01  -9.9263945e-02   8.7162869e-02  -4.0254241e-01   1.3150700e-01  -4.5679644e-02   2.0859772e-01
   2.0603846e-01   5.8113783e-02  -1.6150127e-01   2.5857198e-02   2.7230760e-01  -3.4911304e-01   3.7103708e-02  -2.1548361e-01   1.2931257e-01   0.0000000e+00   3.4425842e-03  -1.2942581e-01   1.5120154e-01  -1.6176092e-01   6.0524999e-02  -2.9150019e-01  -1.9435649e-01   9.8195324e-02  -1.0924035e-01   4.0531771e-01  -5.9565819e-02  -2.9299638e-01   2.7165272e-02   1.4095159e-01  -1.1929616e-01   3.9480672e-02   5.7378305e-02  -1.1103780e-01   1.7857517e-01  -2.5159569e-01  -2.6172757e-01  -2.3996491e-01  -1.9692996e-01   1.6627559e-01   8.9719023e-02   3.4842240e-01   1.6066486e-01   2.1117497e-01  -3.5258330e-01   5.2255104e-02   1.2790085e-01  -1.3161785e-01   2.3445977e-01  -3.9574096e-01   3.4935448e-01   1.5263269e-01  -4.5279276e-02  -1.1454995e-01   2.3495516e-01  -1.3404325e-01   3.4691544e-02  -1.2425668e-01   3.0503556e-02  -2.1581009e-01  -3.8675964e-01  -1.0665166e-01  -1.4384756e-01  -4.7513365e-02  -3.5294161e-02  -1.8777645e-01  -1.4086361e-01   4.1681549e-01  -3.0325921e-02  -5.5164859e-02   2.6402694e-01   6.1006984e-01  -3.6010479e-01  -6.9074872e-02  -2.6691392e-01  -5.9899695e-02  -5.0623959e-03  -4.7102215e-02  -4.7192521e-04  -1.6867992e-01  -2.5568280e-01  -5.0010366e-02   8.6190572e-02  -1.6580446e-01   3.0713059e-01  -1.3936615e-02  -2.3938468e-01   2.2409697e-01  -5.2116907e-02  -1.1200521e-01  -2.0062866e-01  -1.7363284e-01  -1.5693046e-02  -1.9102735e-01   7.8421406e-03   1.6936983e-01   4.0603852e-01  -1.1425101e-01   1.3320707e-01   1.1968042e-01   8.0149478e-02   4.3619028e-01   7.2612561e-02  -4.0494987e-02   1.8896612e-01   3.0956768e-01  -2.5484844e-01  -1.0643138e-01  -3.5820617e-01  -9.2264984e-02  -1.7596473e-01  -2.5976250e-01  -3.5090458e-01  -2.5577556e-01   2.7177680e-01  -1.3822854e-01   7.8929604e-02  -2.4823534e-01  -1.3853117e-01   1.4151495e-01  -1.5815113e-01   2.6436123e-01  -8.2654739e-02   2.0068340e-01  -4.0561986e-01  -2.5658079e-01   1.1954941e-01   4.2217106e-01  -5.5118198e-03   5.8516105e-02   1.4658545e-01  -3.2627256e-01  -1.1967650e-01  -1.7039021e-01  -1.2778782e-01  -1.7190360e-01  -7.9119897e-02   4.2999177e-01  -2.8876530e-01  -1.3237058e-01  -7.4530944e-02  -2.4488191e-01   8.2120346e-03  -3.0370111e-01  -1.5352703e-01   1.4326914e-01   1.6821490e-01  -1.4021255e-01  -1.5834608e-02  -1.2711191e-01  -2.4896112e-01  -1.9610460e-01   1.0865688e-01   3.4066553e-01   2.0264828e-01   1.8319474e-02  -1.1589002e-01  -4.3974306e-01  -6.1538956e-02  -3.4847301e-02  -1.0670597e-01   2.4935950e-01   1.0083516e-01   7.9205405e-03  -1.6232952e-01  -2.4600867e-01   7.2777856e-02  -1.4389910e-01   4.3663425e-01  -1.5119936e-01  -2.1428158e-01   4.0352746e-01   1.9476367e-01  -1.4821443e-01  -7.2917151e-02  -1.3217400e-01   5.2256473e-01   3.6400558e-02   1.0875783e-01  -4.0072462e-01   9.7930891e-02  -1.0678551e-01  -1.6001889e-01
  -2.1369951e-01  -1.4770348e-01  -1.1226262e-01   1.8165122e-02   1.0688072e-02   1.1522336e-01   1.0705751e-01  -9.6637841e-03   1.9731670e-02   3.4425842e-03   0.0000000e+00  -2.9680589e-02  -2.1567833e-01  -1.4129371e-01  -5.8030207e-02   2.7853582e-01  -4.7385416e-02   5.7549926e-01   8.5242691e-02  -6.4909710e-02   2.2392223e-01   5.6040048e-03   1.7879312e-01  -1.0302889e-01  -4.2822481e-02   9.3936663e-03   2.6225407e-01  -2.0863936e-01  -1.7005524e-01   3.1421239e-01   8.2025169e-02   1.1471235e-02   1.7231731e-02   4.3259653e-01   1.0326501e-01   5.2324395e-01  -1.1327756e-01   2.9193903e-02   2.7774412e-01  -1.7610707e-01   1.6643208e-01  -2.5383157e-01  -2.1066820e-01   3.6660789e-01   3.3420856e-01  -2.2461394e-01   6.4063439e-01   2.4860002e-02  -5.2891471e-02  -1.5895333e-01   2.9319918e-01  -1.0724567e-01   4.7614641e-01  -3.1896865e-01  -1.2120513e-02   2.3603121e-01   5.5873244e-02  -1.1483373e-02   1.1330018e-01   4.7145042e-02  -1.1513934e-01   7.5129070e-03  -2.3250486e-01   2.7136238e-01   3.2913879e-01   3.3476895e-01   1.0636233e-01  -2.0082216e-01   4.8145809e-01  -2.5204575e-01  -1.3047960e-01   2.0644992e-01   2.8462915e-01  -1.9182252e-01  -2.4764320e-01  -1.7974820e-01  -1.4936172e-01   1.7273429e-01   1.1896043e-01  -2.0956525e-01   9.4233836e-02   7.5666318e-02   1.5386465e-02   3.4023806e-02  -3.2177737e-01  -1.6294227e-01  -2.7550762e-01  -2.3460239e-01   3.6463530e-02  -5.9188686e-02  -3.5480656e-02  -8.2835549e-02   1.6145956e-01  -9.9502138e-02   4.4366194e-02   5.1107397e-02  -2.2410122e-01  -6.0711046e-02  -2.1710793e-02   2.0266222e-02   5.4300621e-02   4.0200895e-01   1.4263707e-01  -4.5347535e-02   1.2380652e-01  -1.2274782e-02  -2.5154109e-01   3.3157124e-01  -1.7655187e-02   5.2974531e-01   8.6249167e-02   1.1336148e-01  -5.8957856e-02  -1.2668325e-01  -2.1739243e-01   2.3366595e-01   1.5920853e-01   1.6660541e-01   2.1729875e-01   7.9118716e-02  -1.9574424e-01   1.4013604e-01  -1.3999121e-01   1.8511736e-01  -2.7062124e-01   4.3421218e-03   9.4585477e-02  -2.9189319e-01   4.4630581e-02   3.4221781e-02   6.9348948e-02   3.5914123e-01  -2.8778360e-01   1.2138870e-01  -1.8242374e-01   7.7458862e-03  -3.8417800e-01  -6.6191241e-03  -1.0297890e-01  -1.9855725e-02  -2.0213064e-01  -7.8600542e-02   2.5659216e-01   4.8335185e-02   8.3734589e-02   2.4588177e-01  -2.7168623e-01   4.5849036e-01   5.2670675e-01   2.8742873e-01  -2.6596810e-01   1.5758679e-01  -2.1729400e-01   4.8819565e-01   5.1313676e-02   2.7523640e-02  -1.9308658e-01  -1.3774307e-01  -1.1703139e-01   7.0366436e-02  -1.1686395e-01   4.7029356e-01  -1.0183592e-01   3.3143786e-01   3.5276546e-02  -4.3664532e-02   3.9048552e-01   5.2105634e-02  -2.9320058e-01   1.3228256e-01   1.8066705e-01  -1.3146100e-01   3.0781993e-01   1.2526902e-02  -9.6125585e-02  -3.4599697e-02  -2.7216921e-02
   2.5536700e-02   4.4917743e-01   5.1552904e-01  -2.2190047e-01   2.2991103e-01   1.2103979e-01  -3.2783945e-02  -4.0277926e-01   6.6046322e-02  -1.2942581e-01  -2.9680589e-02   0.0000000e+00  -5.9847442e-02  -3.7100633e-01  -1.1238285e-01   1.7708461e-02   4.7721275e-01  -4.7907418e-02   1.2499232e-01   2.7202544e-01  -2.5159057e-01  -3.0640487e-01  -2.7457711e-01  -1.1937570e-01   1.4103695e-01  -1.7740547e-01   1.5901725e-01   2.9977674e-02  -3.7002154e-03  -1.4787806e-01  -1.2985389e-01  -3.0411569e-01   1.0466712e-01   9.9480224e-02   3.8874157e-01   1.2532174e-01  -3.2987923e-01   1.6098383e-01  -2.9860818e-02   4.5312070e-01  -2.4181742e-01   3.8334590e-01   5.2145321e-01  -1.7948430e-01  -1.9343894e-02  -2.0742231e-02   9.5201388e-02  -1.0394774e-01  -2.5281248e-01   4.7851986e-01  -2.7541258e-01   6.5263135e-02   1.9783832e-02   1.7259306e-01   6.5224691e-02   2.3146441e-01  -9.3902352e-02  -4.6909249e-01  -1.3112346e-01   2.2402699e-01   2.4675903e-01  -7.4999881e-02   3.2409602e-01  -2.9029673e-01  -4.0050967e-02   5.0753122e-02   7.2978083e-02   1.9433685e-01  -1.0720494e-01   2.2253485e-01  -3.6744300e-02  -7.6736585e-02  -1.9720504e-01   2.0726424e-01   1.4267342e-01  -1.4217596e-01   1.2423374e-01   3.4584218e-01   3.1494389e-01   5.3532535e-03  -2.8427093e-01  -3.7877163e-01  -8.6437398e-02  -1.4921564e-01   2.0874334e-01  -2.8568838e-01  -1.1105461e-01   6.9313531e-02   1.4791428e-01  -4.6708291e-02   2.0817902e-01   4.2901983e-01   3.2848851e-01   3.6737987e-02   1.1303398e-01   1.6566709e-01   2.3399482e-02   1.5034852e-02   7.8936279e-02  -3.1957081e-01   1.5882657e-01   1.8303550e-01  -2.8262211e-01   7.5028428e-02  -4.0996935e-01  -1.0818126e-01   1.9264604e-01  -1.7140593e-01  -3.7769706e-01   6.2664207e-02   1.2432162e-01  -4.4666585e-01   3.6813927e-02  -3.2639358e-02  -1.7313167e-01   2.2864641e-01  -1.2703610e-01  -4.1354742e-02  -3.1501934e-02  -6.5088992e-02   1.3353383e-02   2.7542663e-01   4.0128241e-01  -2.0999599e-01   5.1710729e-02  -1.2672199e-03   2.6435115e-02   5.2979263e-03  -3.4763339e-01   4.1567990e-01  -1.8716021e-01  -7.7710603e-02   2.0101076e-01  -1.9176231e-01  -1.5535988e-01  -1.5566751e-01  -7.6296300e-03  -1.9569897e-02  -1.1388008e-01  -6.9889076e-02  -1.1137745e-01  -9.8899656e-02  -2.1740206e-01   3.8780305e-01  -7.6111572e-02  -4.0561024e-01   3.4301541e-01   8.1768766e-02  -1.4215475e-02  -3.0318385e-01   7.3193411e-02  -2.0269703e-01   1.3371979e-01   2.4449179e-02   6.0827219e-01  -4.7303949e-02  -2.5276612e-02  -2.5738188e-01   3.6796881e-01  -3.1659381e-01   2.4545240e-01   8.8591707e-02  -2.8058246e-01  -3.0711209e-01  -1.6190562e-01   1.5984189e-01   3.7927895e-01  -2.0931727e-01   1.3427722e-01   1.4853265e-01   1.9851582e-01   9.4931358e-02   4.4666456e-02   1.7109938e-01  -1.7125709e-01  -1.0041159e-01  -1.9427348e-01
   7.9638482e-03  -1.9583366e-02  -5.0478254e-03  -6.1863001e-02   1.7861025e-01  -2.8892067e-01  -2.8836901e-01   7.1828264e-02  -7.1184543e-02   1.5120154e-01  -2.1567833e-01  -5.9847442e-02   0.0000000e+00  -2.7468717e-02  -7.8219956e-03  -1.6155127e-01   2.2697813e-02   8.7256131e-02  -1.6439226e-02   2.5378374e-01  -8.6107520e-02   1.3600901e-01  -1.6528839e-01   3.8030729e-02   4.1600245e-02   8.7560044e-02  -2.3434537e-01  -1.9785680e-02  -3.3959297e-02  -3.0541982e-01   3.2136423e-02   1.7750641e-01   1.3359747e-01  -1.7018744e-01  -4.4375151e-02  -2.8773996e-02   7.2796357e-02  -5.8918959e-02   1.7472463e-02  -9.6249204e-02   2.0629770e-01   1.0387880e-01   1.6324619e-01  -1.4836093e-01   6.6652504e-02   6.1616894e-02  -3.4594594e-02  -1.7119462e-01   1.9555105e-01  -2.0561932e-02   6.0072653e-02   3.9093436e-02  -1.7099844e-01   6.4605532e-03  -4.3726774e-02  -7.4564003e-02  -3.1473595e-02   1.2129164e-01  -6.8035550e-03  -2.0406656e-02  -9.7296555e-03   1.8840841e-01   4.2081477e-02  -1.1655120e-01   5.8541399e-04  -8.7604689e-02  -2.5548516e-01   1.7785583e-01  -5.1925847e-02  -9.7946903e-02  -2.1785530e-02   1.7842752e-02   1.7319901e-03  -3.3990035e-02   7.6812854e-02   1.4511558e-01   7.1902360e-02  -1.2037095e-01  -3.2125705e-02   1.8773801e-01  -4.7611178e-02  -2.2369216e-02   2.3997687e-02   7.6668380e-02   3.3269723e-02   1.5810527e-01  -8.1152326e-02   1.4043532e-01  -2.9613385e-02  -1.1203026e-02   6.9916818e-02  -1.9366477e-02  -9.8005133e-02   1.4021647e-01  -6.2435551e-03   1.2312159e-01   1.6231831e-01   1.2441016e-01   2.5725245e-01  -7.4050489e-02  -1.0235130e-01  -1.8823036e-01  -1.0741348e-02  -5.4138379e-02  -7.5630906e-02  -4.8306351e-03   1.1019657e-02  -6.6922464e-02  -3.6804227e-02  -8.7717914e-02  -2.1852692e-01  -5.5595204e-03  -6.7147773e-02   6.2698661e-02   7.5747519e-03  -5.6794114e-02   2.0268526e-02   2.3838164e-01  -7.6212788e-02  -1.2853706e-01   2.9802411e-02   8.3026337e-03  -3.5656688e-02  -1.3724797e-01   4.0971274e-02   6.9882478e-02  -7.7910573e-02   8.7207666e-02  -2.3813521e-03  -1.5250260e-01   2.2443185e-01  -1.1251558e-01  -8.9894856e-02   9.7416534e-02   8.3438143e-02  -5.3867798e-02   2.4955506e-01   2.7607612e-02   9.7448462e-02   7.7733738e-02   4.2409880e-02   4.0130678e-01  -5.8730399e-02  -1.0462280e-01  -1.3302308e-01  -1.3598174e-01   3.2253658e-02  -8.6021493e-02  -1.8593709e-01  -3.4830473e-02   3.8066441e-03  -3.1706839e-02   4.4972417e-02  -1.5848715e-01  -8.2348397e-02  -5.7063038e-02   4.0305813e-02   1.4959333e-01   5.9235521e-02   2.8460794e-02   1.6732166e-01  -6.4963566e-02   2.0569257e-01  -3.6386303e-02   9.0857958e-02   4.5801662e-02  -1.8763891e-01   8.4165007e-02   2.5991910e-02   2.1016661e-02  -5.4429155e-02   4.9289926e-02   2.2350059e-02  -1.9888391e-01   4.1658035e-02   1.6056364e-02   1.7720450e-01
  -5.3759632e-03  -3.7444999e-01  -2.9932233e-01   2.5058996e-01  -4.4806522e-01   1.6582064e-01   2.3605794e-01   2.0195620e-01   1.7551827e-02  -1.6176092e-01  -1.4129371e-01  -3.7100633e-01  -2.7468717e-02   0.0000000e+00   3.0492828e-01   1.7917175e-01  -3.2016409e-01  -2.4449512e-01   2.1065131e-01  -4.5523773e-01   2.7601859e-01   3.0731558e-01   3.2770336e-01   2.8372698e-03   1.2496735e-01   8.9365267e-02  -4.8264483e-01   3.3876113e-01   1.3863873e-01   2.3309419e-01   3.9587058e-01   4.1842657e-01   1.3699916e-01  -2.6326984e-01  -2.3369005e-01  -5.1820409e-01   3.4726528e-01  -1.8525658e-01  -2.6176657e-02  -4.3789694e-01   1.2905415e-01   4.0837312e-02  -4.1861733e-01   1.8384978e-01  -2.4583543e-01  -1.5841303e-01  -4.4258575e-01   4.3833241e-01   5.1178056e-02  -4.5438200e-01   1.0795711e-01   5.8726487e-02  -4.5152531e-02   9.7662909e-02   3.9476752e-01  -5.7672597e-02   2.0155615e-01   3.9472759e-01   9.9416233e-02   2.9229772e-01  -2.6475878e-01  -7.5836994e-02  -1.7434656e-01   9.7350069e-02  -4.0876498e-01  -2.5384440e-01   6.9911662e-02   1.4502709e-02  -1.8608334e-01   1.1436854e-01   7.9937345e-02  -6.4273768e-03   1.3346104e-01   2.5974883e-01   2.8281765e-01  -1.9941686e-03  -2.6175989e-01  -4.8245485e-02  -5.1953709e-01   3.1886628e-01   5.1394962e-01   7.7001248e-02   6.9338893e-02   1.7117468e-01   2.6228590e-01   1.5198895e-01   4.2280219e-01   1.3650828e-01  -7.7858082e-02  -1.0786176e-02  -4.8009337e-01  -3.0531971e-01  -1.7564455e-01   1.1247090e-01  -1.8323949e-01  -4.9822180e-01   2.1741896e-02   1.6733322e-01  -2.7548846e-01   2.9465436e-01   7.0198621e-02  -2.3389176e-02   2.9590694e-01   4.1705768e-01   3.5253857e-01   3.0507101e-01   3.3039176e-01   1.1242190e-01   8.9167366e-02  -1.8823824e-01   8.2525069e-02   4.2758507e-01   2.0440823e-01   1.1495871e-01   6.4309366e-01  -6.1063517e-01   7.8670100e-02   1.1027192e-01   1.1229882e-01   2.4039740e-01  -1.6030618e-01  -6.0555061e-01  -1.2369877e-01   1.0952539e-01  -1.0632044e-01   5.9896715e-01   2.6563748e-01   3.1811718e-01   2.9279446e-01  -2.5488539e-01   1.0454349e-01  -3.8221879e-01   3.7180242e-01   2.9081902e-01   2.2476206e-01   6.2880107e-02   3.1202789e-01   3.0274434e-01   1.0936687e-02  -1.0559227e-02   7.2508639e-02   1.5131214e-02  -5.1530511e-02  -2.4971694e-02   4.4409608e-01   2.4362430e-01  -5.3904599e-02  -4.7988058e-01  -2.5731074e-01   1.0998168e-01   4.2447077e-01   3.7842197e-01  -1.2050151e-01  -2.9410899e-01  -3.6778508e-01  -1.5623153e-01  -1.1930509e-01   1.2757337e-01  -2.5226680e-01   4.6186264e-01  -2.5098391e-01  -1.7632807e-01   1.5270693e-02   3.6457215e-02   2.5648236e-01  -4.6424331e-01  -5.5287636e-01   2.7849693e-01  -2.1000965e-02  -5.9247892e-02  -5.2185048e-01  -1.9786466e-01  -4.9662062e-01   1.3228357e-01   2.1257652e-01   7.4921185e-02   4.3598648e-01
