   0.0000000e+00  -8.5771186e-02   1.6950088e-02  -2.0143020e-01  -1.3609026e-02   2.0183529e-01   3.1217344e-02   3.4877221e-02  -2.2527318e-02   2.8226136e-01  -2.0612730e-01  -7.4994258e-02   2.3001252e-01  -1.1311014e-01   1.1899697e-02  -8.4326959e-03   9.9278283e-02  -3.4531021e-01  -9.7260725e-02  -9.6007786e-02  -3.5602318e-01  -1.7703972e-01   3.0989953e-03   7.7791844e-01  -2.1489340e-01  -1.7790779e-01   2.2832850e-02   1.9513957e-01   3.8573257e-02  -1.6491350e-01  -3.1614038e-01  -4.0572655e-02   4.3772805e-02  -1.5481454e-01  -1.4086030e-01  -1.0484845e-01  -2.5627257e-01   5.3782621e-01  -2.1844871e-01   7.7115039e-03   2.8251299e-02   9.4472869e-02  -1.0449469e-01  -4.6141984e-02  -2.2196452e-01   4.6192144e-01  -2.9036738e-02  -3.1719879e-01  -5.2718664e-02   4.3995321e-02  -1.2225861e-02   2.3154964e-01  -2.2304950e-01  -1.2911941e-02  -2.5554961e-01   1.3634558e-01   1.1584823e-01  -1.5388092e-01  -1.0795356e-01  -1.1723708e-01   2.4814631e-01  -1.6758740e-02  -2.1141527e-01  -3.0947927e-01  -2.0086686e-01   1.8775968e-01  -1.8126912e-02  -5.0046607e-02   5.4835635e-02   1.9045340e-01  -1.7992391e-01  -1.9076395e-01  -2.0454941e-01   4.0853224e-01  -9.4086650e-02   1.0420487e-02   3.5673003e-01  -7.9615068e-02  -2.5570201e-02  -9.4275965e-02  -1.3511220e-01  -2.3564722e-01  -2.8356779e-01  -1.2644155e-01   1.4229679e-01  -5.0909656e-02  -3.4961485e-01   4.8337684e-01   1.8256924e-01   7.7130415e-01   1.1341915e-01  -1.7932209e-03  -5.9991100e-02   3.9933950e-02   4.2806186e-01   1.4642327e-01  -2.0574233e-01  -7.2888423e-02  -1.5284713e-01   1.2384337e-02  -2.0040664e-01  -2.0834012e-02  -2.7540575e-01  -2.9634491e-01  -8.0390945e-02  -1.0185987e-01  -4.5865301e-02  -2.1304521e-01   3.7456561e-02  -8.3772878e-02  -2.2066974e-01  -8.3869550e-02  -2.9201226e-01   8.5135946e-01   4.4237872e-02   6.0375956e-02   1.2387803e-01  -5.1664338e-02  -1.4564549e-01  -1.8145629e-01   5.6046635e-01   1.0319523e-01   1.8314275e-01  -1.1420263e-01   6.7464066e-01   2.1060468e-01  -3.1121624e-02  -1.2178929e-01  -1.0714542e-01  -1.2165301e-01   1.1666764e-02  -2.3002191e-01  -1.1018614e-01  -2.7082472e-01  -2.2790636e-01  -7.7498928e-02  -3.2592900e-02   1.9108096e-02   9.7115581e-02   6.5454031e-01   7.3186115e-01   2.2281277e-02   1.1193102e-01  -1.2897012e-01  -3.6470742e-01  -3.4432879e-01  -2.2153709e-01  -6.9001686e-02   1.2313394e-01  -1.8839004e-01   2.7609798e-01  -2.2293468e-01   7.4344566e-02  -2.1464575e-01  -8.5922465e-03   7.0327549e-01   2.6872761e-01  -1.1115771e-01   3.2077801e-02  -1.1920453e-01  -5.9700656e-02  -9.6910548e-02  -1.4099589e-01  -2.6933753e-01  -1.5998258e-01  -6.4721109e-02  -5.5707711e-02  -1.2753379e-01   1.8709595e-01  -2.0006760e-01   4.8060613e-02   2.8113913e-01  -2.4830271e-01   2.3097158e-01  -4.0678114e-02  -1.9409681e-01  -7.7895915e-02
  -8.5771186e-02   0.0000000e+00   3.7744081e-01  -2.7627069e-01   4.3882610e-01  -4.5803568e-01  -1.4524227e-01  -2.9924308e-01   5.0010029e-01   1.1924857e-01  -2.9627353e-01   4.2763546e-01  -9.3889493e-02  -3.8265904e-01  -4.5610967e-01  -2.1844665e-01   4.5044941e-01  -2.7012186e-01  -9.9368666e-02   1.7754122e-01   3.6018854e-02  -2.0749794e-01  -2.6918032e-01  -1.3864019e-01   4.3461741e-03  -2.0826750e-01   6.0933395e-02  -5.2101732e-01   1.6813828e-01  -8.8636308e-02   2.9783113e-01  -3.3442293e-01   2.7909011e-01   1.3797022e-01   2.1893251e-01  -4.0588245e-02   3.5214725e-01  -3.0354760e-01  -1.3225832e-02   4.2289399e-01  -1.6118665e-01   1.0397533e-01   4.1401229e-01  -1.7999505e-01   3.2249972e-01  -2.8800731e-01  -4.4172091e-01   1.2583799e-02   2.8728919e-01   6.2555751e-01  -5.4265237e-01  -4.2760651e-01   6.6211246e-01   2.8888704e-01  -5.4902211e-02  -5.0126409e-01  -3.2494171e-01  -1.6824906e-01  -2.6486684e-01   6.8903310e-02  -1.5892029e-01  -6.1228160e-02   3.9970765e-01   2.6107574e-01   2.5518388e-01  -3.9816770e-01  -3.9335680e-01   1.7786300e-01  -4.7711601e-01  -3.3891486e-01   6.1563719e-01  -1.2760876e-01   2.0240852e-02   6.1524855e-02   3.9477643e-01  -2.8222951e-02  -2.6358892e-01  -4.3880418e-01   6.5117771e-01  -3.2623190e-02  -4.7751094e-01  -1.4501408e-01   6.5073899e-01  -1.7325562e-01   3.1493082e-02  -3.8226149e-01   1.4137752e-01   1.7064508e-02   3.0988093e-01  -8.5527151e-02   5.8822255e-01   1.2023968e-01   2.7030968e-01  -5.1078040e-03  -2.3246837e-01   3.6386097e-01  -2.6214048e-01  -3.2017285e-01   2.0623767e-01   3.8605545e-02   6.7459076e-02  -4.7119388e-01  -4.0565717e-01   6.1406478e-01  -6.1979461e-01  -2.0063146e-01   3.5899303e-01  -3.9894383e-01  -2.1857941e-01  -4.0632130e-01   1.7284903e-01  -4.6027800e-01   2.5140551e-02   5.7447445e-02  -4.2611900e-01   5.5798661e-01  -5.1819020e-01   5.3783849e-02  -2.9000786e-01  -2.5337491e-01  -2.4247793e-01   5.6167315e-01   2.7214669e-01   3.3792151e-01  -2.0448302e-01  -3.9466357e-01  -4.3944947e-01   3.5298318e-01  -1.8558520e-01   6.7087692e-02   1.1900572e-01   4.2625442e-01   9.6840956e-02   4.7068514e-01   3.2221112e-01   2.0091253e-02   2.5757535e-01  -3.9984822e-01  -2.5716950e-01   1.0389615e-02  -9.0168706e-02   2.4911554e-02  -3.5361489e-01  -4.4105411e-01  -5.4144671e-02  -1.4697727e-01   7.8945420e-02  -2.6888939e-01  -4.2116100e-01   5.2569896e-01  -2.2265054e-01  -3.0819740e-01  -6.0407792e-02   8.5138679e-02   4.9885698e-01  -1.1915293e-01  -2.3763282e-01  -3.8705819e-01   1.3507630e-01  -3.6975368e-01   2.0321621e-01   1.1058037e-01   4.0713043e-01  -4.7999649e-01  -1.2039299e-01   4.1152360e-01   2.8700624e-01  -3.7549958e-01  -2.1242810e-01   7.2623108e-01   2.2445687e-01  -1.7791248e-02  -1.0786354e-01  -3.8957907e-01   3.0429609e-01   1.9839191e-01  -1.4471857e-01
   1.6950088e-02   3.7744081e-01   0.0000000e+00  -3.0234589e-01   5.0474039e-01  -5.3107916e-02  -9.1759423e-03  -1.6192477e-01  -8.7717420e-02   3.3227648e-01  -1.6705936e-01   6.1581122e-01   1.4707427e-01  -4.5851496e-01  -1.2549301e-01  -3.3364558e-03   8.2295804e-01  -4.0676820e-02  -1.5822342e-01   5.7894270e-01  -2.2249274e-01  -3.1968011e-01   2.6447372e-03   4.9121101e-02   1.6036485e-01  -4.5137044e-01   2.7791587e-01  -3.5980760e-01   3.1094589e-01  -2.7698076e-01  -2.4338994e-01  -4.2278914e-01   1.2866939e-01   1.9439230e-01  -1.1433607e-01   3.1529266e-01  -1.4981958e-01   5.2137063e-02   4.4949773e-03   6.2639543e-01  -1.0705167e-01   4.7254412e-01   4.1077586e-01  -1.5923392e-01   1.2970491e-01   2.2658081e-01   1.4888448e-02  -4.1283227e-01   7.2208500e-02   6.9196578e-01  -2.1194847e-01  -3.2163047e-01  -2.9525464e-02   3.0004518e-01  -3.4436205e-01  -3.5305377e-01  -2.5439901e-01  -2.7564223e-01  -2.4835838e-01   4.2643389e-02   4.1394081e-01   2.8654725e-01   2.1500550e-01  -2.0009262e-01  -3.6165498e-01  -8.8574223e-02  -1.3082662e-01   4.1322564e-02  -3.4781562e-01   4.5950731e-01   6.6105994e-02  -9.2439942e-02  -1.9076420e-01   3.3683799e-01   2.5492046e-01  -3.0144374e-01   2.3901922e-01  -3.2478675e-01   4.2573931e-01  -6.0302656e-02  -4.2359047e-01   1.3262244e-02   1.0827487e-01  -1.6887856e-01  -1.2860342e-01  -4.0257277e-01  -3.8714923e-01  -8.6199012e-02   1.3918601e-01  -1.5228770e-02   3.2125692e-01   6.1248023e-01   5.3065598e-01  -8.8287536e-03   1.1560774e-01   7.3818286e-01  -5.5649494e-03  -4.0108852e-01   1.6693932e-01  -1.1365501e-01  -1.1690172e-01  -2.5424160e-01  -4.0759336e-01  -1.1786736e-02  -4.1739172e-01  -2.3941935e-01   3.2655091e-01  -4.2756652e-01  -5.7272441e-02  -1.9875490e-01   1.5132664e-01  -4.5693207e-01  -1.0383544e-01   1.9368386e-01  -2.2702495e-01  -3.3428692e-02  -3.5853107e-01   1.0188655e-01  -1.0700328e-01  -4.8239913e-01   1.2854347e-01   5.7877215e-01   3.2769536e-01  -1.7756315e-01   7.6622181e-02  -3.4024809e-01  -2.9071052e-01   3.2570093e-01  -3.6164420e-01   3.9390201e-01   1.6748944e-01  -2.1789251e-02  -2.2127095e-01   1.9381413e-02   2.9000891e-01  -3.7983948e-01   4.1742796e-01  -3.7240771e-01  -3.6021976e-01   5.6019589e-02   1.4471304e-01   2.5841901e-01  -1.2301885e-01  -1.4811569e-01   2.1465530e-02  -5.5526480e-01   3.1949714e-01  -1.1585912e-01   4.7076286e-02  -1.1538604e-01   1.8946975e-02  -3.6440146e-01   9.0283423e-02  -1.4139981e-01   7.0083900e-01  -3.0868176e-02   7.4101558e-02  -3.2275650e-01   5.5449202e-01  -4.6160736e-01   1.8396258e-01  -7.4891437e-02  -1.7735146e-02  -4.8875531e-01  -1.8653559e-01   3.8289902e-01   2.7986155e-01  -3.9664322e-01   8.4579282e-02   1.5142819e-01   2.8057484e-01   1.2906966e-01  -1.5396163e-01  -8.2180098e-02   2.5659238e-01   2.7763471e-01  -1.5121548e-01
  -2.0143020e-01  -2.7627069e-01  -3.0234589e-01   0.0000000e+00  -3.5952379e-01   2.9688936e-01  -6.6438358e-02   3.9391868e-01   2.3074846e-01  -2.7704096e-01  -1.4046684e-02  -1.0493213e-01  -6.0261055e-02   2.5529098e-01   2.9961438e-01  -1.1896957e-01  -3.0533517e-01   2.2344630e-01   3.4571257e-01  -1.8782352e-01   1.8455649e-02   5.4415815e-01  -4.5100248e-02  -1.3782125e-01   1.2939939e-01   3.7659279e-01   6.1500217e-02   1.9151071e-01   6.7740901e-02   2.5090492e-01  -3.4127006e-02   6.2449185e-01  -1.2733603e-01   7.6240641e-02   1.7714628e-01  -2.0779668e-01   5.1926256e-02  -2.4348931e-01  -1.2909956e-01  -2.3058982e-01   9.2953767e-02  -6.3967249e-02  -6.6128156e-02   2.0481363e-01  -1.5001425e-02  -4.0297577e-02   1.3140381e-01   8.8248243e-02  -6.2287122e-02  -3.2854787e-01   4.3704140e-01   4.0026693e-01  -1.4297161e-01   1.9646782e-01   3.3030927e-01   1.4222959e-01   5.4279668e-01   7.3278476e-01   5.4121574e-01   1.3256986e-01  -9.7661700e-02  -1.4290934e-01   1.3366976e-01   1.2305267e-01   9.2442816e-03  -2.1387937e-01   4.6675132e-01  -1.5120554e-01   4.4459360e-01  -1.8032834e-01  -2.4945395e-01   4.1273404e-01  -4.6293241e-02   3.4048788e-03   1.3421111e-01   4.2770805e-01  -1.0076940e-01   2.9931407e-01  -2.7913238e-01   2.7291051e-01   2.4391492e-01   1.0815569e-03  -2.2060651e-01   3.7721801e-01   1.3913404e-01   2.3811329e-01   2.1201745e-01  -2.8307551e-01   3.7105616e-02  -7.5585549e-02  -3.5353838e-01  -6.3147857e-02  -2.9873296e-01   3.9798042e-01  -1.0478801e-01  -4.2398642e-01   2.4854022e-01   5.5106163e-01  -6.7250950e-02   1.2501057e-01  -9.8469312e-02   3.3065475e-01   2.8615428e-01   9.4241148e-03   5.4034040e-01   6.5933290e-01   3.8054160e-02   6.3599817e-01  -1.7026385e-01  -7.5945238e-02  -6.5099200e-02   4.5737017e-01   3.2779321e-01  -1.5814007e-01   1.0928156e-01  -2.5226140e-02   3.3559023e-01  -9.1155029e-02   9.5170649e-02   8.5968970e-01   8.0931281e-02  -2.9894833e-01  -8.9763994e-03   7.7466807e-02  -1.3519698e-02   5.4746311e-02   3.4493928e-01   9.1820004e-02   6.8761736e-01  -3.0326431e-01  -3.7417952e-01  -1.9014924e-01   2.3741696e-01  -1.4071966e-01   3.5466180e-01   3.1619626e-01   1.0919364e-01   1.6374778e-01   4.1413367e-01  -1.9976612e-01  -4.8186762e-02   9.2841430e-02   5.2625236e-02   1.6154123e-01   1.9871771e-01   2.7169784e-01  -1.0930906e-01  -2.0736024e-01  -2.0362932e-01   2.3209952e-02  -3.6892701e-02   2.4158809e-01   2.0191468e-01  -1.1184406e-01  -3.4553904e-01  -9.9605365e-02   7.9097397e-02   4.2030774e-01  -1.5220251e-01   2.3639603e-01  -7.7457020e-02  -8.2607587e-03  -2.2755838e-01   6.0230802e-01   6.3445895e-01  -3.4070740e-02  -2.1646976e-01   4.2327783e-01   9.4601284e-02  -2.8587880e-01  -1.9611181e-01  -4.4830532e-01   1.7651841e-01   4.2640922e-01  -2.9018898e-02  -1.8699063e-02   6.5633930e-01
  -1.3609026e-02   4.3882610e-01   5.0474039e-01  -3.5952379e-01   0.0000000e+00  -1.1676319e-01  -2.3413889e-01  -4.1704483e-01   1.1789516e-02   1.0166591e-01  -4.8424926e-03   2.0198658e-01   7.1471542e-02  -3.0919635e-01  -4.3508609e-01  -3.2812606e-03   5.3725573e-01   7.9471359e-02  -2.4685967e-01   7.1308582e-01  -1.6383846e-01  -2.3056511e-01  -2.4823994e-01  -1.5666521e-02   1.0619465e-01  -3.4855451e-01   4.3272412e-01  -3.5465407e-01   3.2279303e-02  -6.4532839e-02  -9.8655177e-02  -3.5081302e-01   1.2960471e-02  -1.2723400e-01  -3.4510407e-01   6.2886309e-01   1.0325537e-01  -5.0212668e-02   1.7153744e-01   4.6193070e-01  -9.2405402e-02   1.0041234e-01   2.0836567e-01  -2.6769736e-01   2.2184940e-01  -7.5509454e-04   1.6785477e-01  -4.2550845e-01   5.5304987e-01   5.5356616e-01  -2.3563117e-01  -4.2056884e-01   2.5264611e-01   1.7294709e-01  -2.5929838e-01  -4.4651684e-01  -3.5084229e-01  -1.5631618e-01  -1.2747238e-01  -6.3397256e-02   1.6318830e-01   4.7873949e-01   2.4386849e-01  -7.3597631e-02   1.5654733e-01   4.3496518e-02  -8.5532308e-02   1.3747746e-01  -2.7143280e-01   8.9114755e-02   2.3575274e-02  -8.8401017e-02   3.0192453e-02  -8.6429649e-02   2.5802929e-01  -4.1613127e-01  -2.3805274e-02  -2.6594885e-01   5.7215808e-01   4.3223400e-02  -4.6183084e-01  -7.1632265e-03   8.7636531e-02  -3.1488844e-01  -2.9047280e-01  -4.4535073e-01  -2.7466226e-01  -7.8800263e-02   3.5157943e-02  -8.4699662e-02   7.1507637e-01   4.1872017e-01   3.0899421e-01  -1.0573829e-01  -4.9398639e-02   7.2582522e-01   9.2232406e-02  -4.8927096e-01   4.0301213e-01  -3.2929808e-01  -1.4320943e-01  -4.6703690e-01  -3.3107949e-01   5.7448279e-02  -2.5759050e-01  -1.4667384e-01   3.5032685e-01  -3.7490070e-01  -4.9711820e-03   5.2356504e-02  -1.9866451e-01  -2.5514587e-01   3.9154294e-02   8.1208961e-03  -4.1482101e-01   3.1226932e-01  -4.5489282e-01   6.6951718e-02  -1.8336082e-01  -4.4243833e-01  -6.6019862e-02   5.1659661e-01   1.1356231e-01   2.4184817e-01  -8.7868409e-03  -3.1141747e-01  -7.4406149e-02   1.9648666e-01  -3.8683238e-01   2.1130942e-01   9.8915068e-02   2.9320696e-01  -1.5945967e-01  -4.3831911e-02   4.9391515e-03  -3.6232575e-01   1.9802597e-01  -4.6137275e-01  -4.1681063e-01   2.3769959e-02  -2.6704365e-02   2.2277505e-01  -1.8119658e-01  -3.5258015e-01  -2.3203264e-01  -3.8425232e-01  -1.3003771e-01   2.9900685e-01   3.5659847e-02  -1.0078255e-01  -2.8651798e-01  -3.7409502e-01  -1.3628775e-02   3.3196717e-01   4.3058269e-01  -4.4459133e-02  -1.7225173e-02  -2.4760901e-01   4.4999366e-01  -3.7258247e-01   1.4053351e-01  -1.7814641e-02   5.0091026e-02  -2.0132657e-01  -4.8110098e-03   1.2360860e-01   2.0272650e-01  -3.6090634e-01   1.2593241e-02   4.2185487e-01   3.6360607e-01   1.8802946e-01   1.5224188e-01  -2.3839505e-01   2.6363893e-01   1.7201008e-01  -8.9049588e-02
   2.0183529e-01  -4.5803568e-01  -5.3107916e-02   2.9688936e-01  -1.1676319e-01   0.0000000e+00   1.0240090e-01   2.2569063e-01  -3.5581907e-01  -2.7258733e-01   1.0796500e-01  -2.5362788e-01  -3.1408027e-02   1.5963642e-01   1.3051507e-01   1.0134172e-01  -6.5259310e-02  -4.4826156e-02   2.3686714e-01  -1.9863965e-01  -9.5640172e-02   2.2204548e-01   1.0408033e-01   2.2866624e-01   9.8385117e-02   2.7839262e-01   3.2950978e-01   5.0373693e-01   8.2619290e-02   1.0755489e-01  -2.9122436e-01   4.2557629e-01  -1.7385501e-01  -1.8381774e-01  -1.9591734e-01   1.4259043e-01  -2.1186015e-01   1.5046428e-01  -1.1507562e-01  -7.1005406e-02   3.6548189e-02  -2.3893989e-02  -4.7223704e-01   1.8808160e-01  -4.0788920e-01   5.1031376e-01   4.5662149e-01  -1.3467685e-01  -1.5768077e-01  -3.4493677e-01   3.0685159e-01   3.9143160e-01  -3.4437625e-01  -1.6860129e-02   4.2702704e-02   2.3457777e-01   5.9369314e-01   1.0286482e-01   2.7876839e-01  -1.3959546e-01   3.0533965e-01   5.0639872e-02  -2.8706293e-01  -3.1189634e-01  -3.0399992e-01   2.1947805e-01   6.8103188e-01  -3.5116329e-01   6.5805910e-01   4.4133792e-01  -3.8106903e-01  -8.3494603e-02  -1.9159710e-01   2.0313896e-01  -2.8259037e-01   1.4034817e-01   3.3478820e-01   3.8704422e-01  -3.9697393e-01  -1.3654961e-01   3.2042839e-01  -7.8618488e-02  -6.0602446e-01   2.0079680e-01   9.6127927e-02   2.1363553e-01  -1.1753970e-01  -2.0531903e-02  -1.0893069e-01   2.1296076e-01  -1.9102959e-01   4.9431496e-02  -1.3596838e-01  -8.6639736e-02   1.8726367e-01  -1.6832314e-01   1.6756967e-01   4.3138741e-01  -3.5698029e-01  -3.3913206e-01  -1.7086681e-01   2.3133364e-01   3.0320037e-01  -3.5816472e-01   4.5568004e-01   3.0441050e-01  -2.7867246e-02   5.3620450e-01   8.7193715e-02   4.2091579e-01  -2.4697687e-01   5.3055396e-01  -1.8916715e-01   9.8185128e-02   2.3444236e-01  -2.3637147e-01   5.1368767e-01  -7.6027444e-02   3.6171579e-01   2.4845643e-01   4.2718987e-01  -3.5588625e-01  -8.8665821e-02  -2.0042048e-01   4.0634055e-01   2.8667343e-01   2.2027626e-01  -2.4367149e-01   2.0177225e-01  -2.4408193e-02  -2.6009080e-01  -2.2837303e-01   9.7321739e-02  -4.2652053e-01  -3.6299772e-01  -1.0042483e-02  -2.4900279e-01   2.8954783e-01   3.3364150e-01  -1.4061309e-02   2.2022228e-01  -1.5567442e-01   2.8212487e-01   4.9418765e-01  -1.8377703e-01  -3.3232225e-02  -2.6504946e-02   1.5730659e-01   4.3666439e-01  -4.7762347e-01   2.1845469e-01   1.7324144e-01   1.4015404e-01  -2.7539774e-02  -1.8170490e-01   1.1691967e-01   3.2690245e-01   2.7890177e-01  -4.5111229e-02   2.5315554e-01  -3.6505471e-01  -1.4660045e-01  -3.9802120e-01   3.2352415e-01   2.5593311e-01  -3.6696690e-01  -1.8663848e-01   4.4949145e-01   3.4004630e-01  -4.9868058e-01  -1.7659625e-01  -2.9214859e-01  -1.5229457e-01   7.0921046e-01  -3.2031129e-03  -3.3249151e-01   2.7672275e-01
   3.1217344e-02  -1.4524227e-01  -9.1759423e-03  -6.6438358e-02  -2.3413889e-01   1.0240090e-01   0.0000000e+00  -6.3727419e-02  -8.3369240e-02   3.2951229e-01   2.2000126e-01   2.7647835e-01  -6.4767774e-03  -1.9413717e-02   4.0798470e-01  -3.5881730e-02  -1.3639796e-01  -5.6704312e-02  -1.2285176e-01  -9.0982446e-02   2.9555826e-01  -1.2626743e-01   7.2709185e-01   1.9406866e-02  -2.7741332e-01  -8.9785107e-02   4.8340506e-03   6.7322254e-02  -2.7168004e-02   1.3481439e-01   3.5076603e-03  -1.9257769e-02  -7.8107146e-03   5.0381369e-01   3.2652539e-01   5.0483577e-02   8.6250878e-03   1.1431531e-01  -2.9229183e-01  -5.8520225e-03  -1.1600328e-01  -6.9022970e-02  -2.5964602e-01  -5.3011705e-02  -1.7505741e-02  -3.7136404e-02   1.5405445e-01   3.9569878e-01  -2.7670099e-01  -3.0480908e-01   2.8276568e-01  -1.4632883e-02   5.8529906e-02  -2.1025894e-01  -1.4082634e-01   2.0612597e-01  -6.2702406e-02  -1.1700263e-01  -2.2867703e-01   2.8584823e-01  -1.2568222e-01   3.6349512e-03  -4.1464763e-01  -1.1424346e-01  -2.9005102e-01   4.9157698e-01  -5.4298439e-03  -2.1014074e-01   3.3150320e-02   1.8465213e-01   1.9423596e-01  -2.2550693e-01  -3.2977738e-01  -1.5002689e-01  -1.7641972e-01   2.1196110e-02  -2.4634256e-02  -7.9932551e-02  -3.0069444e-01  -3.2211807e-01   3.0608302e-01  -2.0399358e-01  -6.8290055e-02  -1.4651331e-01  -6.5430314e-02   2.0214483e-01   1.2256887e-01  -1.3833108e-01   9.8650368e-02  -1.0425033e-01  -2.9172873e-01  -3.0801157e-01   2.7212476e-01   2.3496826e-02  -1.3924147e-02  -1.1505559e-01  -3.3674257e-01  -1.5575849e-01  -4.0938986e-01   4.4487557e-01   7.2939652e-02   3.4001941e-01   1.4446673e-01   9.3020638e-02   1.3372990e-01  -7.0273446e-02  -2.4553828e-01  -7.4050379e-02   1.2441832e-01   2.2327779e-01   3.6043206e-01  -4.2875907e-02  -3.7274386e-01  -9.7692174e-02   3.4557773e-01  -3.7544825e-01   5.5439877e-02   6.4453282e-02   1.4273967e-01  -6.6619730e-02  -1.1814898e-01  -1.2161406e-01   2.0484916e-01  -3.9767550e-01  -7.6207543e-02   3.8822067e-02   9.7447940e-02  -1.5581292e-01  -8.6447716e-02   1.7405796e-01  -1.9180874e-01   4.9312052e-02  -2.5271917e-01  -7.4380277e-02  -2.4197025e-01  -3.1397274e-02  -2.7340534e-01   2.3713272e-01   7.0495531e-02   2.3560067e-02  -9.6549339e-02  -1.1791040e-02   1.3813821e-01   1.5655575e-01   4.3088214e-01   5.8765936e-02   6.0962175e-01   1.5246880e-01   3.1795653e-01  -1.2018424e-01   1.0007968e-01   1.2090515e-01  -3.3226420e-01  -1.2661325e-01  -1.9323293e-02   1.0951875e-01  -1.3062096e-01  -1.0398801e-01  -2.3102365e-01   2.0180099e-01  -2.8699925e-01  -6.6815437e-02   2.5378046e-01  -2.7433937e-02  -1.6400268e-01   8.0344983e-03   2.5707577e-01  -9.6178711e-02  -2.5235338e-01  -2.1784788e-01   2.5008574e-02  -8.7815571e-02  -3.4969391e-01  -3.7123748e-02  -8.5579386e-02  -1.0221861e-01  -2.0197643e-01
   3.4877221e-02  -2.9924308e-01  -1.6192477e-01   3.9391868e-01  -4.1704483e-01   2.2569063e-01  -6.3727419e-02   0.0000000e+00   3.9719778e-02  -3.5806025e-01  -2.6281745e-01  -2.5365139e-01   4.3841770e-02   1.2872855e-01   1.6128281e-01  -1.1300493e-01  -1.9609937e-01  -1.1431628e-01   4.9316548e-01  -3.4602481e-01  -8.3546256e-02   2.0604243e-01  -1.7471040e-02   1.8732570e-01   7.4492048e-02   3.9700528e-01  -2.3725127e-01   3.7747592e-01   1.0877697e-01   2.1445115e-02  -2.2406534e-01   4.9274986e-01  -9.3289396e-02  -1.2046407e-01   3.6339053e-02  -3.7812922e-01  -1.9183580e-01   1.2163644e-01  -2.6888859e-01  -3.5279335e-01   1.3252873e-01   2.5490213e-02   6.9194764e-03   3.2036144e-01  -3.6952127e-01   3.6234212e-01  -3.6984118e-02   8.2795084e-02  -1.7793983e-01  -3.2330287e-01   1.5176861e-01   8.0150292e-01  -2.7616652e-01   1.3020792e-01   8.5727719e-02   2.7054280e-01   5.9514178e-01   3.1940354e-01   3.2431592e-01  -9.4359991e-02   3.0596465e-01  -1.8746992e-01   3.5192585e-02   1.1170959e-01  -1.9706642e-01  -2.2382579e-01   2.3936141e-01  -1.9402273e-01   3.0518857e-01  -2.7476663e-02  -2.1735912e-01   1.4237532e-01  -8.8488378e-02   1.6971434e-01  -5.0184488e-02   5.7713634e-01   4.1415527e-01   3.7691631e-01  -3.1081794e-01   1.0980398e-01   3.4571900e-01  -5.0559787e-02  -1.3908479e-01   7.2010448e-01   1.0657610e-01   3.9247063e-01  -6.3842169e-02   5.2877643e-02   1.0162402e-01   2.5489612e-01  -3.2111629e-01  -1.9266061e-02  -2.3120614e-01   1.4485657e-01   3.3884068e-01  -3.3225243e-01   1.6974375e-01   6.2799514e-01  -1.5335621e-01  -1.4346971e-02  -1.3345950e-02   3.0506060e-01   2.2391886e-01  -2.7459295e-01   2.8748632e-01   3.2832411e-01  -8.5208023e-02   4.5851192e-01  -1.6831665e-01  -2.3373733e-01   1.4732713e-02   1.8913536e-01   4.0495292e-02   1.7192340e-01   3.2437462e-01  -9.7731000e-02   4.2105927e-01  -1.2857850e-02   5.1926123e-02   4.1917301e-01   5.0218956e-01  -3.5546794e-01  -3.8883872e-02  -1.6320735e-01   4.5324314e-01   1.8185821e-01   2.7637561e-02   1.2285405e-02   4.8116346e-01  -3.2880123e-01  -1.8964851e-01  -4.5168677e-01  -4.3541877e-02  -2.0252689e-01   1.6299390e-01   5.6874658e-01   9.4847495e-03   3.5740098e-01   5.3562361e-01  -8.4184720e-02   2.5137407e-01  -8.6605126e-02   1.6823823e-01   1.0634193e-01  -1.2627256e-01   1.2663917e-01   5.0597966e-02  -2.2631636e-01  -1.0151748e-01  -2.4403763e-02   1.9612287e-01   3.2290371e-01   3.0469659e-01  -2.5820625e-01  -3.8529613e-01   7.1518741e-02   3.6329214e-01   1.9615451e-01  -8.9856369e-02   2.7660423e-01  -4.0803587e-02   1.0267085e-01  -2.8148193e-01   2.5485109e-01   1.1546473e-01  -2.4146775e-01  -4.6534188e-01   3.6529548e-01   2.2782346e-01  -3.0597439e-01  -2.8926389e-01  -2.6371032e-01  -5.1887294e-02   4.1269319e-01   5.2824206e-04  -8.5086357e-02   2.3977619e-01
  -2.2527318e-02   5.0010029e-01  -8.7717420e-02   2.3074846e-01   1.1789516e-02  -3.5581907e-01  -8.3369240e-02   3.9719778e-02   0.0000000e+00   6.2747687e-02  -1.2322343e-01   2.4434679e-01   4.7310611e-03  -1.7068660e-01  -9.6573253e-02  -1.6930075e-01  -9.6603464e-02  -8.4753113e-02   1.1444145e-01  -1.0395528e-01  -1.3221680e-01   1.9674027e-01  -2.2530681e-01  -1.9899873e-02   1.8996381e-02  -2.6444090e-02  -1.6250337e-02  -3.1163979e-01   6.8893031e-02   3.4757144e-01   1.1863995e-01   6.3272004e-02   1.5431472e-01   1.3624054e-01   3.8453216e-01  -2.3105676e-01   1.9630883e-01  -2.6577652e-01  -2.0276260e-01  -1.6159233e-01   2.4386579e-02  -2.3436807e-02   4.1424121e-01  -2.5668698e-01   3.2125260e-01  -3.4757480e-01  -2.7748056e-01   8.9237184e-02   6.7867684e-02   7.1817732e-02  -9.7209402e-02  -9.1771813e-03   4.6266482e-01   1.2152425e-01   1.0332352e-01  -2.6625538e-01  -4.0002966e-02   2.1366764e-01   1.3329158e-01   3.5401358e-01  -3.2812234e-01  -4.0363948e-02   4.5002303e-01   4.2913891e-01   5.0714260e-01  -1.9921193e-01  -1.5839381e-01   5.0327274e-02  -9.4412182e-02  -5.5311177e-01   1.8682551e-01   8.2616569e-02   1.0249277e-01  -2.2651745e-02   3.4347818e-01   3.1229816e-01  -2.9257404e-01  -1.6869854e-01   4.8778197e-01   1.7560991e-01  -2.3570135e-01  -6.7203235e-02   2.1896209e-01   2.3492273e-02  -5.8344020e-02  -3.9661108e-02   1.9332631e-01   1.6418635e-02   4.8440077e-01   3.9650153e-02   3.2678216e-01  -2.3670786e-01  -9.6300701e-02   5.3004483e-01  -1.7265365e-01  -6.3100055e-02  -1.4752989e-01  -5.5597596e-02   9.3018362e-02   2.2295582e-01  -1.3759360e-01  -1.9467064e-02  -1.7029035e-01   5.5941523e-01  -1.1181889e-01   1.5025800e-01   8.8697632e-02  -3.9968110e-02  -4.3664808e-01  -4.7146499e-01  -4.1630698e-02  -9.8760797e-02   1.1113204e-01   1.3405101e-01  -2.6560300e-01   6.4573502e-01  -1.9099152e-01  -1.7237722e-02  -3.9678053e-01   2.7948304e-01  -5.4431909e-02   2.1756852e-01   4.5313131e-01   5.1074689e-01  -8.6910625e-02  -2.0991395e-01   4.7224180e-02   1.3429067e-01   3.4795091e-01  -3.9825209e-01  -9.1411969e-02   3.7568082e-01   7.7209254e-02   1.4237584e-01   4.3047394e-01   3.2144368e-01   9.5139997e-02  -2.3928090e-01   1.1999429e-01   3.6547946e-02  -3.0037396e-02  -2.5599889e-02   1.7340403e-02  -3.7449933e-01   3.7619027e-02   5.4519170e-02  -2.0033376e-01  -1.7699164e-01  -3.0492791e-01   3.6203083e-01  -2.6486275e-01  -1.1251047e-01  -1.4205130e-01   2.5836266e-01   8.5333459e-02  -3.1519639e-02  -1.2944033e-01  -5.8451969e-02  -2.3175425e-01  -8.6965625e-02   9.7954101e-02   3.3308799e-01   1.8116888e-01  -4.6380296e-02   1.4688765e-01   3.0710261e-01   2.8176846e-01  -2.2584949e-01  -2.6048797e-01   1.9781587e-01   3.2928856e-01  -2.0463417e-01   1.7744361e-01  -1.3491970e-01   2.1304759e-01   1.4162055e-01   2.2326184e-01
   2.8226136e-01   1.1924857e-01   3.3227648e-01  -2.7704096e-01   1.0166591e-01  -2.7258733e-01   3.2951229e-01  -3.5806025e-01   6.2747687e-02   0.0000000e+00   2.4080991e-01   4.6602002e-01   3.0462126e-01  -4.3714793e-01   2.4314549e-01   1.7383018e-01   3.2824036e-01   8.9000614e-02  -3.3599251e-01   3.2764442e-01  -1.2228949e-01  -4.0216541e-01   3.9658485e-01   7.8937859e-02  -1.9628808e-01  -4.4526889e-01  -6.6141925e-02  -3.7735765e-01  -1.2491517e-01  -1.1266198e-01  -1.8833049e-02  -4.4334288e-01   1.9418599e-01   4.6734656e-01   1.4581917e-01   2.2421603e-01  -2.1498258e-02   1.9384125e-01   5.7542237e-02   3.6376386e-01   7.8092496e-02   2.0181637e-01   1.5260110e-01  -2.3092701e-01   3.0859593e-01  -3.9325057e-03  -4.8432239e-02  -2.0548725e-01   1.0288234e-05   2.4944546e-01   9.9115667e-02  -3.7899205e-01   1.5863551e-01  -1.7760302e-01  -4.2021177e-01  -1.3555324e-01  -4.4656328e-01  -3.3882055e-01  -3.0771572e-01   1.2543895e-01  -1.1784117e-01   2.5020655e-01  -2.3334208e-01  -1.0475558e-01  -4.3992480e-02   4.7342219e-01  -3.6049243e-01   2.1746762e-01  -3.6787317e-01   2.7021814e-01   5.7442736e-02   1.2341775e-02  -2.1791961e-02   1.5938440e-02  -4.2782651e-02  -3.0693389e-01  -1.0648174e-01  -3.8267621e-01   1.2225915e-01  -5.8701699e-02  -3.4659329e-01   2.0514326e-01   8.5286881e-02  -2.9431423e-01  -2.5472824e-01  -3.2154836e-01  -2.5287573e-01  -1.7413637e-02   3.2130496e-02  -4.1440299e-02   1.2462926e-01  -1.0505857e-01   5.3838258e-01   1.9901230e-01   5.4348884e-02   4.3096793e-01  -1.9908587e-01  -5.4927886e-01   1.6478157e-01   5.1828662e-01  -2.5449705e-01   5.8267467e-02  -3.8815793e-01  -5.2729411e-02  -2.8126265e-01  -4.1090336e-01  -3.0280054e-02  -5.2424487e-01   2.0857051e-02   7.7281461e-02   3.0179673e-01  -4.4500071e-01  -1.2136632e-01   1.9690739e-01  -1.8220994e-01  -3.4652591e-02  -3.0141265e-01   1.6746778e-01  -2.2291526e-01  -3.9092950e-01  -1.0690415e-01   3.8621043e-01   2.2442782e-01  -1.6343770e-01  -1.2058141e-01  -3.1541625e-01  -3.6649930e-02   1.6366029e-02  -3.3697730e-01   3.5496654e-01   2.9875635e-01   2.5338498e-01  -3.6814070e-01   1.7570846e-01  -1.6701156e-03  -3.1879694e-01   5.7219515e-04  -3.3549061e-01  -4.1706660e-01   3.7685969e-01   9.3021096e-02   2.3041057e-01   5.7963712e-03  -1.3873309e-01   2.6673554e-01  -3.9665261e-01   2.7531964e-01   2.2392009e-01   3.1628291e-01  -8.9594740e-03  -1.3524265e-01  -3.2544829e-01  -2.4965407e-01   6.2504113e-02   4.6832497e-01   1.6581164e-01  -1.9607472e-01  -2.0649146e-01   1.8499192e-02  -3.3752770e-01   1.5534192e-01   5.5239981e-02   4.3233635e-01  -4.2080432e-01  -3.4716229e-01   3.2295053e-01   4.1225256e-01  -4.1977775e-01  -2.2974657e-01   2.6534668e-02   2.4234522e-01   3.1458416e-01  -4.3284506e-02  -2.8937624e-01  -9.8681174e-02   8.8881013e-02  -2.9791194e-01
  -2.0612730e-01  -2.9627353e-01  -1.6705936e-01  -1.4046684e-02  -4.8424926e-03   1.0796500e-01   2.2000126e-01  -2.6281745e-01  -1.2322343e-01   2.4080991e-01   0.0000000e+00   3.3976638e-02   6.5293504e-02   3.5466027e-02   3.7621051e-01   3.9527388e-01  -1.4186094e-01   4.5039976e-01  -2.5744003e-01   8.6519676e-02   1.6770109e-01  -9.2459488e-02   3.2105462e-01  -2.9552353e-01  -1.2743245e-01  -1.8399920e-01   3.3005189e-02  -1.3110625e-01  -3.4397764e-01   3.5576361e-01   2.9423710e-01  -4.8270325e-02   1.4183437e-03   1.7529786e-01   1.7872312e-01   5.4537681e-01   1.2998333e-01   1.4006910e-01   3.7078768e-01  -2.2711761e-02   2.1335160e-01  -1.0403835e-01  -3.8214399e-01   1.8719980e-02   1.3771371e-01  -1.3258283e-02   5.1725304e-01   1.3833630e-01   2.5736902e-02  -3.4158004e-01   4.8341441e-01  -2.7835313e-01   1.8905686e-01  -3.9091246e-01   2.8656461e-02  -3.7437119e-02  -3.1959114e-01  -2.1501508e-01   1.5770000e-01   1.8505726e-01  -8.0641546e-02   1.7834434e-01  -4.0917413e-01   2.2986267e-01   2.5616873e-01   5.5491047e-01   1.2570617e-01  -7.4095248e-02   2.9591201e-01   1.5623550e-01  -4.8877811e-02  -5.0580030e-03   2.4671001e-01  -2.6941392e-01  -4.4452983e-01  -4.0592552e-01  -5.4805429e-02  -1.0684683e-01  -1.9233582e-01  -1.6978266e-01  -1.0261998e-01   3.8711726e-01  -1.1647232e-01  -3.2607884e-01  -6.6996136e-02  -1.2201844e-01   1.7348403e-01  -2.9071784e-01  -1.9382205e-01  -3.3459871e-01  -9.1490337e-02  -2.8242412e-01   1.3151517e-01   4.8138064e-02   1.0918463e-01  -1.5454296e-01   7.3460795e-02  -1.8670662e-01  -4.9501343e-02   7.5961423e-02  -5.6231591e-02   4.2081958e-01   7.3035433e-02  -5.5307741e-02   3.0347070e-01  -1.6442367e-01  -2.4766588e-01   1.1868917e-02   5.9466594e-02   5.1833325e-01   1.5617709e-02   1.0475746e-01  -1.0855487e-01  -2.6953056e-01  -9.5445829e-02  -1.9323366e-01  -8.7124616e-02   2.0293916e-01   1.6072865e-01  -4.9299573e-02  -2.7284311e-01  -1.8411110e-01  -9.7860862e-02   2.9292884e-02  -2.0707374e-01  -1.2523458e-01   4.0443056e-01  -4.5434292e-01  -1.5537909e-01   2.0556616e-01   2.9725546e-02   4.2234185e-01  -1.3875058e-02   2.0408814e-01  -4.2193301e-01  -3.1134770e-01  -4.5775392e-01  -4.5716188e-02  -2.3533751e-01   6.4343017e-02  -1.7088035e-01  -3.4754584e-02   4.4824611e-01   1.9134816e-01   3.8518556e-01   1.4437122e-01   2.0993012e-02   6.0291114e-01   4.7647826e-01  -7.1434324e-02  -2.5814925e-01  -1.4821946e-01  -3.9154166e-01   5.5502881e-01   4.1056511e-02  -1.1964360e-01   2.4587575e-03   2.1114589e-01  -2.6955326e-01  -1.0401861e-01  -2.2254856e-01   3.2849859e-01   3.0819389e-01   2.5693993e-01  -1.5494993e-01  -8.1243540e-02   2.5107846e-01  -5.8860176e-02  -9.0158780e-02  -1.5249748e-01   4.7756139e-02  -1.1192844e-02   2.3823799e-01   4.5307295e-02  -1.4862534e-01  -9.2821423e-02  -1.5558037e-01
  -7.4994258e-02   4.2763546e-01   6.1581122e-01  -1.0493213e-01   2.0198658e-01  -2.5362788e-01   2.7647835e-01  -2.5365139e-01   2.4434679e-01   4.6602002e-01   3.3976638e-02   0.0000000e+00  -5.6660637e-02  -4.5551667e-01   3.5030107e-02   1.3651351e-02   4.0158031e-01   1.3580780e-02  -1.8856631e-01   4.5046146e-01  -1.2964681e-01  -2.4599695e-01   7.2962608e-02  -1.8452427e-01  -6.5129075e-02  -3.4226721e-01   8.5796665e-02  -4.8717034e-01   2.2664131e-01  -2.4229600e-02  -6.5966295e-02  -2.8442364e-01   5.7701254e-02   6.0893964e-01   3.1262157e-01   1.0622949e-01  -4.5525366e-02  -9.7014772e-02  -4.7476936e-02   3.2459568e-01  -1.6840164e-01   3.1009541e-01   5.8564335e-01  -2.9839782e-01   5.3376042e-01  -2.2189879e-01  -1.1869846e-01  -1.2567181e-01  -6.6761546e-02   3.9395441e-01  -1.5860826e-01  -4.0946008e-01   2.7626192e-01   2.0170023e-01  -3.1642290e-01  -3.6425934e-01  -3.4799517e-01  -2.1079011e-01  -2.1692735e-01   5.3702993e-01  -7.0129564e-02   2.7562375e-01   2.3409430e-01   6.9997075e-02  -7.0491610e-02   1.4328404e-01  -2.3790494e-01   3.6054992e-02  -3.7912999e-01   4.5315643e-02   2.1875587e-01  -3.1263892e-02  -1.9712212e-01   2.1172271e-01   1.5338473e-01  -1.8732798e-01  -1.8859424e-01  -4.1845151e-01   5.3141732e-01  -7.1042611e-02  -3.4975812e-01   1.6003853e-01   1.9626858e-01  -1.8214090e-01  -9.1010739e-02  -3.5335385e-01  -3.7373562e-02  -3.2562478e-01   2.9112750e-01  -1.8563276e-01   1.9883006e-01   1.5741841e-01   5.0370822e-01   3.6258301e-01  -1.3122791e-01   4.3707864e-01  -4.2441761e-02  -3.5852947e-01   1.4470984e-01   2.1604495e-01  -1.4031514e-01   8.0437244e-03  -3.4811593e-01   3.3129890e-01  -2.8728943e-01  -2.0730755e-01   9.0274111e-02  -3.2273982e-01  -1.7539086e-01  -2.4421563e-01   3.2614404e-01  -4.0919364e-01  -4.6509670e-02   2.0674887e-02  -3.3165894e-01   1.1010271e-01  -4.1192017e-01   6.3996505e-02  -1.4174707e-01  -2.2879369e-01  -2.5349229e-01   5.5861491e-01   5.1115414e-01  -5.0968099e-02  -2.5844623e-01  -5.1122842e-01  -6.3747923e-02   1.0217425e-01  -2.4085507e-01   1.6618312e-01   1.2407076e-02   2.6447364e-01  -1.2734064e-01   1.4430738e-01   4.2213729e-01  -2.1757135e-01   2.6588429e-01  -3.7976195e-01  -3.2557497e-01   1.0900378e-01  -5.2637053e-02   1.4548564e-01  -5.4313477e-02  -1.6942138e-01   3.2815768e-01  -3.8086142e-01   2.8494018e-01  -1.0898310e-01   2.8403646e-02   9.8521114e-02  -1.5003575e-01  -2.6783516e-01  -1.1713760e-01  -5.3258492e-03   5.5271835e-01  -9.9627721e-02  -2.3905985e-01  -2.2793727e-01   9.3312644e-02  -2.9725346e-01   1.5477176e-01   5.0309904e-03   2.3486707e-01  -3.3551206e-01  -1.4372900e-01   7.6467668e-01   6.0984930e-01  -3.8182496e-01  -2.7377410e-01   1.8323828e-01   5.7678282e-01  -5.8402684e-02  -6.7167339e-02  -2.3446477e-01   1.0209701e-01   2.5819275e-01  -1.8685096e-01
   2.3001252e-01  -9.3889493e-02   1.4707427e-01  -6.0261055e-02   7.1471542e-02  -3.1408027e-02  -6.4767774e-03   4.3841770e-02   4.7310611e-03   3.0462126e-01   6.5293504e-02  -5.6660637e-02   0.0000000e+00  -1.5252356e-01   1.2606954e-01   2.8270227e-01   6.7280792e-02   1.0624425e-01  -3.2344374e-02   1.4758177e-01  -1.6450843e-01  -2.6228006e-01   1.2619992e-01   1.9619206e-01  -2.0519146e-02  -2.0869262e-01  -1.3742776e-01  -3.1525402e-02  -2.0804430e-02  -1.2318035e-02  -1.5463238e-01  -2.3710220e-01   3.6355225e-01  -2.8571368e-02  -7.5422515e-02   9.1297243e-02  -8.4644365e-02   1.4686082e-01   1.8164659e-01   9.0021279e-02   6.0911031e-01   4.1452581e-01   2.4231672e-02  -3.3980124e-02  -6.9905898e-02   6.3054729e-02  -1.7823882e-02  -1.1496368e-01   6.3714930e-02   1.4413864e-01   1.8548252e-01   4.5768008e-02  -1.9190762e-01   1.9353941e-02  -2.1309877e-01   6.1141195e-02  -6.5775391e-02  -1.7057242e-01   8.0422990e-02  -1.2957673e-01   4.2174440e-02   1.3494715e-01  -2.0735983e-01  -2.0858924e-01  -1.2215348e-01   1.9217874e-01  -2.3891093e-01   3.7753145e-01  -1.1545954e-01   1.6452421e-01  -1.5738876e-01   1.1786379e-01   1.9217435e-01   1.4640603e-01   1.5598300e-01  -1.4728567e-01   1.2849977e-01  -1.0518418e-02  -5.5692160e-02   3.3395350e-01  -1.1627279e-01   2.5473250e-01  -1.3810605e-01  -1.3675871e-01  -2.3743092e-01  -1.6099644e-01  -3.1270546e-01   1.0167552e-01   1.3695183e-01   1.3494445e-01   9.7712522e-02  -1.0760912e-02   7.3209119e-02   1.9274755e-01   2.2997313e-01   2.6037234e-01  -1.3060510e-01  -1.6685729e-01   1.0566435e-01  -1.8576564e-02  -2.6182941e-01   1.0363719e-01  -2.5434755e-01  -3.0845968e-01  -1.0377951e-01  -2.1740941e-01   2.1625036e-02  -2.0576560e-01  -5.6295018e-02  -5.0414467e-02  -3.9355908e-02  -2.2315671e-01   7.9038264e-02   1.7061615e-01   2.1093617e-02   3.3204981e-04  -2.5258709e-02   5.5192673e-01  -1.4749456e-01  -3.1833932e-02   1.7917167e-01   2.4494776e-01   1.9331158e-01  -9.1500457e-02   1.6167664e-01  -1.1161268e-02   2.8123214e-02   1.8011140e-01  -1.2134646e-01  -3.9277743e-02   5.4451273e-01  -3.8572064e-02  -2.3815744e-01  -5.4564033e-02   5.1095962e-02  -8.4044990e-02   2.9766821e-01  -1.9192637e-01  -1.0306299e-01   2.4029714e-01   1.5442138e-01   4.1583813e-01   2.0131769e-01  -2.6755627e-02  -8.6839663e-02  -2.0476302e-01   3.3673884e-02   9.6946871e-02   1.3505167e-01  -1.2031295e-01  -7.0458115e-05  -2.5131659e-01  -1.5528750e-01   2.1020280e-02   1.7673188e-01   9.5672232e-02   1.9505230e-02   2.9130414e-01  -1.3849166e-02  -1.9290839e-01   2.6264016e-01   1.7625286e-01  -3.7248834e-02  -1.4911093e-01  -2.6428176e-01  -5.0153077e-02   4.6592965e-02  -1.9715810e-01  -1.1137725e-01  -6.5837533e-02   3.6986045e-02   2.5881167e-01   6.5855765e-02   6.7316513e-02   2.9706333e-02   2.6677090e-01  -1.3921352e-01
  -1.1311014e-01  -3.8265904e-01  -4.5851496e-01   2.5529098e-01  -3.0919635e-01   1.5963642e-01  -1.9413717e-02   1.2872855e-01  -1.7068660e-01  -4.3714793e-01   3.5466027e-02  -4.5551667e-01  -1.5252356e-01   0.0000000e+00   1.0970816e-01  -1.8097415e-01  -3.2268129e-01   1.7423601e-02   1.1193558e-01  -3.7130566e-01   3.6412397e-01   3.8394915e-01   7.3990513e-02   5.7336490e-02   1.7182355e-01   2.3989742e-01   3.9514088e-02   5.5436195e-01  -2.9403033e-02   1.9246963e-01   2.7528584e-01   4.1899601e-01  -2.3069858e-01  -2.4766360e-01  -8.4849250e-02  -1.7516791e-01  -1.1884688e-01  -1.0131621e-01  -2.0570693e-03  -2.8652300e-01   1.1611299e-01  -3.2884606e-01  -3.4843329e-01   4.3037487e-01  -2.8865135e-01  -1.6139157e-01   1.6647133e-01   4.4117868e-01   3.0877334e-02  -4.1457100e-01   1.1880091e-01   1.9771252e-01  -1.5041892e-01   8.2041774e-02   6.0974339e-01   3.8223044e-01   1.9925652e-01   3.3508431e-01   1.9248928e-01  -1.5562370e-01  -7.9104402e-02  -2.7522149e-01  -7.7565379e-02   2.3541896e-01  -3.8644112e-02  -2.3868389e-01   2.7115238e-01  -2.8424144e-01   4.0054942e-01  -6.7314592e-02   6.7665207e-02  -6.8132151e-02   1.2738047e-01  -9.5404236e-02  -1.3958881e-01   2.4460033e-01  -1.3673874e-01   4.2359589e-01  -3.7180171e-01   1.3079830e-02   5.3814957e-01  -8.6172992e-02  -9.8315244e-02   7.5732766e-02   4.4424748e-01   4.8881350e-01   4.0757791e-01   1.8181280e-01  -1.6096311e-01   2.9362113e-03  -3.5928592e-01  -1.7144867e-01  -3.9441616e-01  -2.5583872e-01  -1.1642594e-01  -5.0470105e-01   1.2242944e-03   2.4835363e-01  -2.7423089e-01  -1.3188637e-01   6.2947037e-01   2.1885572e-01   7.3519645e-01   6.9769690e-02   3.4125066e-01   3.3991726e-01  -1.1140095e-01   3.3200821e-01  -1.5162385e-02   1.6477561e-01  -1.2265299e-01   4.8549261e-01  -1.5071337e-01  -2.3161740e-01   5.2597486e-01  -1.8405007e-01   3.4793734e-01  -1.2822223e-01   3.2461275e-01   4.1925303e-01  -9.3141877e-02  -5.5673033e-01  -2.2457393e-01   7.8839957e-02  -1.3607710e-01   6.6458125e-01   4.3433355e-02  -5.2736871e-02   3.3096364e-01  -7.2738147e-02  -2.9565551e-01  -3.1809666e-01   5.0913411e-01   6.3881910e-02  -2.3035429e-01   2.3406907e-01  -1.4535864e-01   6.9197764e-01   3.3567817e-01  -2.3871926e-01  -1.2406464e-01  -1.7655492e-01  -8.3964308e-02   2.6943071e-01   1.5402305e-03   6.0415548e-01  -2.7860262e-02  -3.6200957e-03  -1.8395180e-01   2.7744973e-03   2.8583099e-01   5.3259782e-01   4.2484821e-02  -9.5098711e-02  -4.4988862e-01  -1.0151086e-01  -1.2552090e-02   1.8005316e-01  -1.2839455e-01   5.2415905e-01  -3.7284395e-01  -1.5617231e-01  -1.3341566e-01   3.4969360e-01   3.0236981e-01  -4.0056602e-01  -4.3299739e-01   3.7358759e-01   8.7787460e-02  -2.7414211e-01  -3.6878609e-01  -3.8728026e-01  -7.4891457e-02   1.7653299e-01  -1.3652529e-01  -2.3918563e-01   2.1910732e-01
