   0.0000000e+00  -2.3739166e-01  -3.1031465e-02   5.2071864e-02  -3.3800520e-01  -8.8775761e-02   2.2542575e-01   7.0031524e-02  -2.5586424e-01  -2.6776848e-01  -3.5474261e-01   5.2812789e-02   1.9765296e-01   7.1921084e-01   3.2003511e-01  -1.6916632e-01  -2.8282116e-02  -1.9806194e-01  -5.8265895e-02  -2.5978360e-01  -9.6220602e-02  -2.5155111e-01  -5.0873920e-02   6.5491900e-01   1.4132015e-01  -9.2609386e-02  -1.2955112e-01   3.5023900e-01  -5.4245292e-02  -6.4824048e-02   6.8402777e-02  -1.7796443e-01  -2.5441953e-01  -3.1517387e-01  -1.2080894e-01  -3.7941185e-01  -1.2356949e-01   6.7279858e-02  -3.0257636e-01  -6.3422493e-02   3.0491031e-02  -2.3811471e-01  -3.0299546e-01   5.5204268e-02  -6.7549904e-02   2.6038878e-01  -2.3102531e-01  -2.3059499e-01   2.3790098e-02  -6.4076363e-02  -1.3191059e-01   7.4628648e-02  -2.3427794e-01   1.5043084e-01   4.6739724e-01   4.0928521e-02  -3.2851364e-02  -3.3738122e-01  -1.0509426e-01  -2.7473627e-01  -4.2215311e-02   1.6470948e-01   1.5838461e-01  -7.0057023e-02  -6.6256783e-02  -2.0744243e-01  -1.1196333e-01  -2.3382882e-01  -1.4526682e-01   3.3929232e-01  -1.8701471e-01  -2.5457882e-02  -1.3351515e-01   6.5489268e-01   5.1093970e-02  -2.3249972e-01   3.1075532e-02  -9.1268634e-02  -4.0967716e-01  -1.4490685e-01   2.2839177e-01  -2.7355503e-01  -2.3529671e-01  -9.6847194e-02   3.3228853e-01  -2.9469942e-03   9.4101820e-02   6.7174960e-01   1.8479216e-01   7.0291838e-01  -2.5812013e-01   3.0244818e-02  -1.4600603e-01  -2.9121186e-01   1.7961738e-01  -2.6684855e-01   3.3885913e-02  -1.0419161e-01  -1.8590170e-01  -1.4714610e-01   3.4918147e-01   3.4128049e-01   1.6581607e-01  -3.7608681e-01   6.2212806e-02  -3.1792821e-01  -7.5216769e-02  -2.0813038e-01   8.9079270e-02  -1.4393352e-01  -1.2963241e-02   3.0328094e-02  -2.7711344e-02   8.0597545e-01   7.2834655e-01  -1.3906211e-01  -1.2662508e-01  -1.1434888e-01   6.7764900e-01   8.9965252e-02   2.7612402e-01  -2.4173731e-01  -5.2397256e-02  -1.2343544e-01   4.1525686e-01   5.4342652e-01   2.1065528e-01  -9.3077435e-02  -3.6131684e-01   2.4330140e-01  -2.4348566e-01  -3.9531616e-01   2.5355638e-01  -2.0380943e-01   5.1934462e-02   3.4290611e-02   3.2532035e-02   3.0007052e-01   1.0166978e-01   6.3247701e-01   6.8416994e-01  -6.0188560e-02  -8.5227051e-02   2.3726213e-01   1.5273220e-01  -1.0477789e-02   3.8619859e-02  -4.2243009e-01  -1.4033087e-01  -2.8452559e-01   6.6443754e-01   4.0680304e-02   4.8400049e-01  -2.8531013e-01  -1.6552757e-01   5.1498668e-01   2.4467195e-01  -3.9116537e-02   8.3715912e-02   2.7588007e-01  -1.4306041e-01  -1.8127653e-01  -3.1040021e-01  -1.6881377e-01  -1.2924822e-01  -1.3006185e-02  -1.2088136e-01   2.1943677e-01   1.7385946e-01  -2.0500147e-01   6.3681393e-02   1.3448086e-01  -1.9718661e-01  -1.8575690e-01  -1.4540105e-01  -2.4050544e-01  -1.1766880e-01
  -2.3739166e-01   0.0000000e+00   3.5203436e-01  -8.6587751e-02   5.2361619e-01   3.0217529e-02  -4.2009373e-01  -2.1325217e-01   4.4617575e-01   4.5600254e-02  -1.6966543e-01   5.8300872e-01  -2.4977319e-02  -2.7213928e-01  -2.5666029e-01  -8.8041123e-02   5.0476998e-01  -2.1746672e-01   1.6426069e-01   3.1408151e-01  -2.6247335e-01  -2.3046288e-01  -5.2144180e-01  -2.1188092e-01   1.0321097e-01  -4.3397969e-02   2.5741295e-01  -5.8377305e-01  -4.5673492e-02  -1.9621183e-01   1.5269680e-01  -8.4243807e-02   1.4501080e-01   1.0483034e-01  -7.1820303e-02   3.3343529e-01  -9.7590301e-02  -4.0339776e-01   1.4282230e-01   4.5509433e-01  -2.6713208e-02  -6.2148953e-02   3.8728112e-01  -4.3417098e-01   2.7909773e-02   1.1082896e-02  -2.5129530e-01   2.3677510e-01  -2.0885917e-02   3.3297011e-01  -4.8382377e-01  -2.6700648e-01   6.2504826e-01  -2.5707252e-01  -2.4365731e-01  -5.7342320e-01   1.3744714e-01   5.7957212e-02  -3.2244037e-01   3.4550271e-01   2.8354051e-01  -1.3226939e-01   3.2688566e-01   2.9442137e-01   3.3197532e-01  -3.3920591e-01   3.9102155e-01   3.3247547e-01  -3.2054145e-01  -1.9588932e-01   6.9411873e-01  -1.2271127e-01   1.9677473e-01  -3.6992599e-01  -5.9027499e-02   1.3405796e-01  -1.6560029e-02  -3.9746159e-01   5.9572165e-01  -1.0325584e-01  -5.6387245e-01  -1.6878112e-02   2.2689534e-02  -4.3212613e-02   1.5570926e-01   3.7032199e-02   2.5406986e-01  -3.0590052e-01   1.3046482e-01  -1.9227122e-01   6.3312052e-01   1.4966453e-01   2.7831525e-01   1.5162968e-01  -2.8018152e-01   5.1848868e-01  -1.0904549e-01   1.7158495e-01   6.0731918e-02  -1.0654797e-01   6.7568897e-02  -3.8837870e-01  -2.0028986e-01   2.8610570e-01  -4.6905571e-01   4.1848412e-03   1.4736301e-01  -2.8411385e-02  -4.9477584e-02  -3.8883211e-02  -3.3336846e-02  -3.1685409e-01   1.3246833e-01  -2.7804161e-01  -4.4836056e-01   6.6478510e-01  -3.0059890e-01   1.4902486e-01  -4.3934479e-01  -1.8241898e-01  -1.9387627e-01   5.5983643e-01   5.4730564e-02   4.3898252e-01  -2.3754841e-01  -4.4736623e-01  -4.3477857e-01   3.7305672e-01   3.6554878e-02  -2.1068005e-01  -3.9678975e-02   4.2511592e-01  -2.2734000e-01  -4.3298945e-02   1.5042613e-01   5.4371666e-02  -2.7330649e-01  -3.0798889e-01   5.2392722e-02  -2.4632027e-01  -1.5894344e-02   3.6298501e-01  -2.9159217e-01  -3.4454724e-01  -2.8162251e-01  -1.9250792e-01   4.3427391e-01   9.0946618e-02  -4.2728817e-01   1.2074218e-01  -3.4789055e-01  -2.8226593e-01  -2.6039165e-01   3.3728346e-01   4.5798429e-01  -1.3733652e-01  -2.4759220e-01  -2.8748719e-01   1.9063888e-01  -2.6026182e-01   1.5520034e-01  -2.8700503e-01   8.2464829e-02  -1.2722245e-01   1.7828440e-01   5.7363083e-01  -2.7025455e-01  -3.8085491e-01  -8.1847861e-02   5.4189619e-01   2.5701970e-01  -1.1873734e-01   1.8426912e-01  -7.7856269e-02  -1.3987664e-01   1.4557619e-01   9.2665216e-02
  -3.1031465e-02   3.5203436e-01   0.0000000e+00  -7.2743743e-02   4.7046287e-01   2.8255747e-01  -4.7077978e-01   2.5663666e-02   2.8903241e-01  -8.3599008e-02  -5.3055458e-01   6.9295075e-01   1.5003591e-01  -2.1006736e-01  -4.0596156e-01  -4.1514057e-02   8.8569961e-01  -3.9157013e-01   6.4286374e-02   5.3242844e-01  -5.0817951e-01  -1.4080595e-01  -6.9071685e-01  -2.4958766e-01   3.8979882e-02   1.0202580e-01   7.7728705e-02  -2.1507116e-01   3.0203210e-02  -3.3564785e-01  -2.3590357e-02  -7.7182674e-02   1.4696174e-01  -9.8315073e-02  -9.4348490e-02   2.0763824e-01  -5.6574398e-01  -3.3713340e-01  -5.5489158e-02   6.3699254e-01  -9.0653776e-02   1.7439294e-01   5.6980503e-01  -2.3411983e-01  -1.4287461e-02   2.5795909e-01  -1.4596358e-01  -2.7535263e-01  -2.6943536e-01   8.3090106e-01  -4.4158434e-01   3.2516595e-04   3.6853187e-01   3.0349101e-01  -1.4224091e-01  -2.6403239e-01   1.0746152e-01  -1.5868578e-01  -2.0712072e-01   1.2616228e-01   6.5041275e-01  -4.2877800e-01   3.3100856e-01  -1.5833259e-01  -1.6905535e-01  -4.2429583e-01   5.0756398e-01   2.5611639e-01  -5.5452053e-02   3.7955800e-01   4.5976369e-01  -2.6104350e-01  -1.8658398e-01   5.9283791e-02   3.5916650e-01   7.9381109e-02   3.7749767e-01  -1.8105379e-01   2.5108102e-01  -3.7841222e-02  -2.5524397e-01  -1.1302081e-01   1.2664083e-01   1.5929353e-01   4.1956090e-01  -7.4010024e-02  -4.9772183e-03  -2.1479405e-01  -3.6840410e-02  -2.4649471e-01   1.5390915e-01   7.2202469e-01   6.2057499e-01   2.0256821e-02  -2.1194937e-01   5.3032504e-01   2.7096875e-02   3.1204921e-02   8.4049302e-02  -3.2318179e-01   2.4162598e-01  -4.3960403e-01  -3.1522540e-02  -1.2807761e-01  -5.5823547e-01  -2.5937120e-02   4.6022452e-01   5.7924536e-02  -4.8234812e-01   2.6984953e-01   3.5064447e-01  -2.5001696e-01  -1.1928539e-01  -2.0903992e-01  -1.4433570e-01   4.4331462e-01  -1.3545881e-01   6.4917620e-02  -6.0828285e-02  -2.2297712e-01  -1.9012739e-01   3.2934037e-01   1.1239814e-01  -1.1691557e-01  -9.9407827e-02  -1.5989192e-01  -5.2001491e-01   2.1987877e-01  -4.5472789e-02   2.8812856e-01   5.2952627e-02  -2.9604488e-01  -5.2720791e-02  -3.4871716e-01   2.7698241e-01   9.6190756e-02   2.6200394e-01  -3.0150403e-01  -9.5835003e-02  -1.9933168e-01   6.9453909e-02   3.8075260e-01  -2.2541404e-01  -8.1826036e-02  -4.2347817e-01  -3.6484397e-01   5.4149835e-01  -2.4375369e-01  -4.0217895e-01  -3.6629488e-01   5.5889775e-02  -5.1131217e-03  -1.4648781e-01  -5.2538948e-02   8.7019235e-01  -2.2086940e-01  -1.2571161e-01  -2.2641152e-01   5.6778387e-01   1.3398353e-03   5.8777765e-02  -3.0597784e-01  -2.1041527e-01  -4.1788517e-01  -2.4001938e-02   2.9730487e-01  -3.9044714e-01  -2.6971597e-01   1.7964951e-01   5.0716687e-01  -1.8280785e-02  -5.5557863e-02  -2.0391763e-01   3.5660839e-02  -9.3027238e-02   2.7690831e-01   3.9877273e-02
   5.2071864e-02  -8.6587751e-02  -7.2743743e-02   0.0000000e+00  -2.2763344e-01   2.7633724e-01  -7.3483565e-03   1.2356051e-01   5.8567397e-02  -5.7532618e-02  -1.7863137e-02   7.8026199e-02   5.6548700e-02  -3.2967710e-02   7.9938585e-02  -1.4718111e-01  -1.3418621e-01   3.8542863e-01  -8.9548234e-02  -3.0502881e-01   2.0202874e-02   4.1831153e-01   1.1106090e-01  -2.2060531e-01   4.4539196e-01   2.2818357e-02   2.8308132e-01   1.5920756e-01  -3.2003242e-01   3.8178195e-01  -1.4275270e-02   3.8302985e-01  -1.8070075e-01  -1.6483744e-01  -6.4543234e-02  -4.4886542e-02  -3.1520260e-03   1.5060176e-02  -3.0482216e-01  -6.5689167e-02   2.3088162e-01  -2.7876921e-01  -2.1982828e-01   1.3095894e-01  -2.2550455e-01  -8.8100888e-02   1.4243568e-01   7.6363949e-02  -1.0792128e-01  -1.5739578e-01   3.1154418e-01   9.7455313e-02  -1.9915848e-01  -2.1595021e-01  -1.7754823e-02   2.4508891e-01   2.4733391e-01   4.9327356e-01   2.9210697e-01   1.7743748e-01  -9.8236073e-03   1.5946637e-01   5.5419729e-01  -1.2954705e-01  -3.9883554e-01   2.4363824e-01   2.0009017e-01  -4.3035756e-01   2.3989885e-01  -2.1659448e-01  -1.3710505e-01   3.6613073e-01  -1.5518882e-01   5.1846113e-02   1.0835269e-01   3.7543608e-01   1.2117331e-01   2.2096421e-01  -5.8180075e-02   2.1669638e-01   2.0469446e-01  -3.1995513e-01  -3.0790071e-02   9.2774628e-02  -3.7387445e-02   3.5152769e-01   1.6536846e-02  -1.6678830e-01   5.7199104e-01  -3.5071991e-02  -9.7013863e-02   6.4385122e-02  -1.4842246e-01   2.8288458e-01   1.0399182e-01  -1.0865637e-01   3.6788952e-01   3.6408801e-02   1.8704550e-01  -1.8135671e-01  -1.1976495e-02   7.3067731e-02   3.2644925e-01   1.9716747e-01   3.0150345e-01   3.6309199e-01  -1.3898785e-01   1.9869727e-01   8.2940473e-03  -5.1463973e-02  -1.5707072e-03   4.5124253e-01   5.7421096e-01  -7.7191437e-02   2.2804648e-02  -8.6629635e-02   2.0087239e-01   3.8682428e-02  -1.0890393e-01   8.1347816e-01  -2.0207067e-01  -1.3499502e-01   2.9726231e-01  -1.0935842e-01   1.9858440e-02   9.8020764e-02   1.5223710e-01   5.8925275e-03   2.3172561e-01  -6.6592435e-02  -1.6627737e-01  -8.3444857e-02   2.3383701e-01  -2.7100542e-02   3.4114528e-01   4.1451671e-01   1.7711074e-01   9.3542221e-02   3.6248562e-01  -1.1603168e-01  -9.9864667e-02  -8.2101138e-02   1.7956271e-01  -1.6439280e-01  -1.1101934e-01   2.9182141e-01   1.2779942e-02  -9.8968507e-02   2.0700526e-01  -3.2693166e-01   8.1940583e-02   1.2116280e-01  -6.6148010e-02  -7.8055356e-02  -1.1286782e-01  -1.4312244e-01   8.2928010e-02   1.7957938e-01  -5.7684935e-02   1.9022096e-01  -1.1620260e-02   1.2504225e-01  -2.0000556e-01   5.4509259e-01   4.1274565e-01  -5.6913612e-02   4.7709677e-02   1.7557650e-01  -2.6296993e-01  -1.5999805e-01  -1.1584704e-01   1.8464438e-01   2.2938343e-01   1.0074749e-01  -5.3153150e-02  -1.1927381e-01   4.7544705e-01
  -3.3800520e-01   5.2361619e-01   4.7046287e-01  -2.2763344e-01   0.0000000e+00  -5.3611583e-02  -4.9136609e-01   6.1723121e-02   5.7564800e-01   3.2998240e-02   2.0237477e-03   3.2501221e-01   7.7976378e-02  -4.3101921e-01  -5.9132228e-01   6.3855227e-02   5.8433307e-01  -1.1902702e-01   2.8598412e-01   7.9410672e-01  -2.4705357e-01  -1.7349936e-01  -5.1714752e-01  -2.0193107e-01  -2.7891770e-01   6.5724903e-02   9.0595968e-02  -4.9185051e-01   1.9690562e-01  -3.8584139e-01   7.3778621e-02  -1.0709727e-01   2.4043999e-01   1.0470606e-01   1.0173371e-01   6.4482330e-01  -2.6437989e-01  -2.9656797e-01   2.5088933e-01   4.9587915e-01   1.0162719e-01   1.7588556e-01   5.5848277e-01  -4.0545917e-01   2.9308890e-01   1.8067333e-02  -3.3739400e-02  -1.0197681e-01  -6.1987682e-02   5.8896254e-01  -3.5468116e-01   8.2381767e-03   5.3689309e-01   7.6356657e-03  -2.9502527e-01  -4.5022588e-01   4.4002423e-02  -8.4929846e-02  -2.4153655e-01   2.7712664e-01   4.0735602e-01  -2.9432856e-01   1.2952405e-04  -1.0269494e-02   2.8863709e-01  -3.1476558e-01   3.1268826e-01   5.0399070e-01  -2.2448175e-01  -2.2850154e-01   5.3587626e-01  -2.3261881e-01   1.6842624e-01  -4.3315832e-01   2.1416020e-02   9.7104139e-03   1.3544660e-01  -3.6541924e-01   7.6163560e-01   6.1171466e-02  -3.8293241e-01   8.3273152e-02  -2.6512376e-02   7.5493406e-02   7.5637526e-02  -2.0407904e-01  -1.3707252e-01  -3.1021299e-01  -1.9542448e-01  -3.4633252e-01   6.5709497e-01   2.8105274e-01   4.0458679e-01   2.4288964e-01  -3.1053530e-01   8.3504294e-01  -1.6504500e-01   1.7630950e-01   2.4852635e-01  -2.5301441e-02   3.6396491e-02  -4.6047491e-01  -2.9114873e-01   1.3102144e-01  -4.9509359e-01   1.1331071e-01   2.8026859e-01   9.0085809e-02  -1.8577897e-01   1.6276057e-01   2.1648915e-02  -3.9409924e-01  -1.8866125e-01  -3.7215551e-01  -5.4053678e-01   6.7030747e-01  -2.4666172e-01   1.9069669e-01  -4.0555056e-01  -4.4965588e-01  -2.3953550e-01   7.5811077e-01  -8.7665832e-02   2.1765231e-01  -3.5337719e-01  -2.7248974e-01  -4.1476255e-01   1.6481051e-01   1.9083083e-01  -2.0249581e-01   9.4352113e-02   1.6941234e-01  -3.5956537e-01  -2.2539414e-01   7.5276900e-02  -4.1731951e-02   4.8800263e-02  -4.4894052e-01  -1.4244888e-01  -2.2206015e-01  -9.7864536e-02   3.2664476e-01  -2.6614129e-01  -5.1306685e-01  -3.7257956e-01  -2.3153703e-01   2.2912156e-01   2.6555409e-01  -5.7356152e-01   7.7446768e-02  -4.0570129e-01   1.3546829e-02  -4.0786707e-01   3.6290178e-01   4.7129325e-01  -1.0106069e-01  -2.8245264e-01  -2.2157126e-01   3.4161732e-01  -5.0883363e-02   2.0812481e-01  -2.1864406e-01   9.9668737e-02  -2.7457230e-01   6.9925311e-02   3.3628017e-01  -2.4529111e-01  -4.2017277e-01   8.7435893e-02   5.5491541e-01   1.2660062e-01  -1.8912892e-01   2.1549125e-01  -2.5560657e-01  -6.3377491e-02   2.3587902e-01   1.2820379e-03
  -8.8775761e-02   3.0217529e-02   2.8255747e-01   2.7633724e-01  -5.3611583e-02   0.0000000e+00  -1.6311829e-01  -1.9338127e-01   5.5785504e-02  -1.6313176e-01  -2.3621273e-01   9.6055253e-02   8.1362549e-03  -8.0627011e-02  -1.3918153e-01   1.3699407e-01   2.2249321e-01   1.3414870e-02   1.1837324e-01  -4.2417234e-02  -1.9593254e-01   2.2560346e-01  -1.6098907e-01  -2.5287389e-01   6.1189622e-02   4.6418836e-01   2.7714464e-01   8.2248625e-03  -2.1481184e-01   1.9849896e-01  -1.8123747e-01   3.5440344e-01   1.2251864e-01  -2.8411723e-01   5.1988746e-02  -3.0383994e-02  -1.8753211e-01  -1.5891628e-02  -3.7182712e-02   1.3775805e-01  -3.0797086e-02   1.1759795e-01   2.6048772e-04  -7.9332334e-02  -1.1264664e-01   1.0570847e-01   1.5172890e-01  -1.2021213e-01  -1.5204541e-01   1.6799207e-01   8.8402037e-02   1.1771216e-01  -1.3841893e-01   2.2433779e-01   5.4038334e-02   1.7340590e-01   4.5292726e-01   2.6458528e-01   1.0710912e-01   2.0874755e-01   3.2897104e-01  -1.7350694e-01   1.9359989e-01  -3.1489309e-01  -3.1811939e-01   7.3866698e-03   5.4530967e-01  -3.6775981e-02   2.5266549e-01   5.5874365e-02  -5.5362029e-02   1.6524266e-01  -4.2579759e-02   3.8478289e-02   2.3420080e-01   1.3937810e-01   2.9252408e-01   9.8689945e-02  -4.8598219e-02   1.5199937e-01   3.7085357e-02  -1.1224149e-01   1.1265835e-01   1.0518390e-01   1.6088374e-01  -2.6725119e-02  -5.7840724e-02  -2.9816215e-01   2.1619392e-01  -1.9557806e-01  -5.7412763e-02   3.1212408e-01   6.2853064e-02   3.6671892e-02   5.2460951e-02   5.3787321e-02   3.3003975e-01   2.3464638e-01   5.5140678e-02  -2.7979890e-01   6.7969104e-02  -3.4090869e-01   2.1639613e-01  -6.1310643e-02  -1.2032305e-01   9.5993121e-02   1.4107416e-01   4.6685434e-01  -3.6960382e-01   1.0834731e-01   1.4278882e-01   2.9075306e-01   2.8981078e-01  -1.6546181e-01  -1.1957868e-01   1.1343141e-02   1.6086019e-01   1.3397112e-02  -5.3462636e-02   2.5695173e-01  -6.4972613e-02  -1.0975882e-01   2.3648533e-01  -1.2504045e-01   8.2481546e-02  -8.1922192e-02  -3.3346292e-01   2.1651954e-01   9.0726017e-02   2.6786282e-01   9.0097072e-03  -2.3298124e-01   2.5400614e-01  -8.0498966e-02   1.2065458e-01   1.2391011e-01   2.9552083e-01  -1.7789029e-01  -4.5018618e-02  -2.5119725e-01  -1.3909667e-01   4.0513470e-02   1.0237055e-01   5.3325603e-02  -3.4777308e-01  -1.8449222e-02   3.7925485e-02  -1.0099543e-01   9.9665327e-02  -3.2727621e-01   9.1060373e-02  -8.8370561e-02  -3.6467331e-02  -9.6159505e-02   1.9626600e-01  -2.9907899e-01   1.8593450e-01   1.3721393e-01   1.6838866e-01  -2.3453625e-02   2.1578836e-01  -4.4284829e-02  -1.8560062e-01   1.8458730e-02   3.9930411e-01   1.1002732e-02  -4.8060259e-02  -8.7399480e-02   1.4924446e-02   3.9038676e-02  -1.3222547e-01   4.4949179e-02   1.1524664e-01   3.8706021e-01   7.4477225e-02   1.8101266e-02   4.3558928e-01
   2.2542575e-01  -4.2009373e-01  -4.7077978e-01  -7.3483565e-03  -4.9136609e-01  -1.6311829e-01   0.0000000e+00   5.6757791e-02  -2.9562503e-01   3.9020594e-01   1.6122511e-01  -3.2961712e-01  -2.2054214e-02   3.5557304e-01   4.3757975e-01   2.1150970e-01  -5.5843749e-01   1.2509231e-01  -8.1508261e-02  -3.7168558e-01   2.9998742e-01   2.1753475e-01   4.0376172e-01   1.6832497e-01   8.9647923e-02  -1.2684087e-01  -1.5093784e-01   3.6449704e-01  -3.5441472e-02   2.8347646e-01   2.8817472e-01   5.6728178e-02   4.0265682e-02   2.9574475e-01  -8.2501384e-02  -1.7539903e-01   3.0928167e-01   3.5609890e-01   3.3932958e-02  -2.7070516e-01   2.1429053e-02   2.7807178e-02  -4.3731330e-01   3.2883136e-01  -7.2073140e-02  -5.5384136e-02  -8.7611778e-03   3.1452085e-01   1.0379414e-01  -5.9294816e-01   2.2792214e-01  -1.4337803e-02  -2.4865635e-01  -6.7582380e-02   2.5517722e-01   3.6728766e-01  -1.3683741e-01   5.4707511e-02   1.3281746e-01  -2.4576249e-01  -2.9178423e-01   3.5089810e-01  -3.0082830e-01   1.8613814e-01  -1.1553426e-01   2.5672823e-01  -4.0095014e-01  -3.1537710e-01   6.2313021e-02   1.5477217e-01  -3.9396737e-01  -8.6240795e-03   1.0407196e-01   3.0111602e-01   5.2891551e-02   5.8139072e-03  -1.0312056e-01   1.8963462e-01  -5.0111037e-01  -2.3325167e-02   3.1615912e-01   1.8674161e-01   2.2058001e-01  -6.7860663e-02   7.2618293e-02   1.4853710e-01   9.0750051e-02   2.1596910e-01  -4.8784748e-02   2.8446745e-01  -5.4173922e-01  -3.2620777e-01  -1.7088060e-01  -1.9173142e-01   3.3964506e-01  -6.0969754e-01   7.8873618e-02  -2.8628409e-01  -1.4403139e-01   5.6772864e-01   1.3437778e-01   6.6403550e-01   1.6118697e-01  -5.7275729e-02   5.0538034e-01  -1.1840784e-01  -1.5400693e-01  -2.3001904e-01   2.8943996e-01  -2.2387465e-02   1.6855416e-01   1.9196827e-01  -5.0940328e-02   3.1387296e-01   4.4610626e-01  -6.6311388e-01   6.4162845e-02   1.1536940e-01   2.9552281e-01   1.5900442e-01   2.7876297e-01  -5.4008822e-01  -1.8936879e-01   3.3102265e-02   2.4175518e-01   1.7902854e-01   5.1492408e-01  -1.6668032e-01  -8.8097194e-02   4.0371075e-02   1.6696442e-01   8.5961779e-02   2.2159431e-01   3.1900520e-01  -1.5251788e-01  -6.4373165e-02  -7.9731136e-02   4.9726136e-01   6.6654052e-02   1.2470938e-01   1.0595884e-01  -4.2858601e-01   7.8574056e-02   2.9111049e-01   6.3153113e-01   2.5190580e-01   8.0895533e-03  -6.8486131e-02   2.7522769e-01   3.3339066e-01   3.7780123e-01   1.3660440e-01   3.8119140e-01  -2.1569471e-01  -4.0329663e-01   2.7789190e-02   2.8137339e-01   2.2432484e-01  -2.8411146e-01   1.4015531e-01  -1.4859906e-01  -3.9245863e-02   1.2473681e-01   1.9580599e-01  -9.9328338e-02  -3.5683632e-01   4.5625162e-01   3.1615121e-01   1.6053674e-01  -4.1554523e-01  -2.1014811e-01   2.3094482e-01  -2.8046805e-01  -3.0014261e-02   7.6264679e-02  -1.5748288e-01  -4.6359818e-02
   7.0031524e-02  -2.1325217e-01   2.5663666e-02   1.2356051e-01   6.1723121e-02  -1.9338127e-01   5.6757791e-02   0.0000000e+00   1.8093912e-01   1.9723700e-01   5.3343531e-02  -1.0733641e-01  -1.2071657e-01  -5.1207632e-02  -7.9606921e-02  -6.5373124e-02  -4.8453331e-02  -3.4172060e-02   1.1876108e-01   3.7785634e-02  -5.8152834e-02   1.8832793e-01  -9.1647053e-02   1.0513190e-01  -1.3036805e-01   1.1175313e-01  -1.2912306e-01   2.7313818e-01   1.3686804e-01  -1.9578118e-01   2.1947027e-01   4.4522580e-02  -6.6640703e-03   1.5200761e-01   1.0600490e-01   1.2139231e-01  -1.6857964e-01  -2.7462890e-02  -3.4354655e-02  -1.4355083e-02  -2.5097823e-02  -9.4085118e-02   1.5844989e-02   1.8665192e-01  -1.5330660e-01  -1.9925130e-01  -3.0523412e-02  -2.7318246e-01  -3.4286874e-01   7.0015481e-02  -1.3418252e-01   6.0630246e-01  -5.1731228e-02  -8.9264376e-02  -7.6612242e-02   6.0936000e-02  -2.9408201e-02  -1.7462793e-03   3.9298341e-02  -3.7467942e-02  -2.9333649e-02  -1.5486530e-01   8.4552215e-02  -4.1038658e-03  -7.6834938e-02  -1.2376049e-01   3.3122034e-03  -1.5929798e-01   1.4469952e-01  -1.2307150e-01  -4.6005669e-02  -3.4661534e-01  -1.9795135e-01  -1.8921527e-01   1.0297274e-01   1.0541208e-01  -1.3185090e-01   3.4769788e-01  -3.1616396e-02  -1.7230158e-01   3.1614605e-01   1.7171713e-02  -9.6927249e-02   5.2017691e-01  -1.5432446e-01  -1.0726373e-02  -2.4676762e-01   1.4992896e-01   4.4628519e-02  -5.1449835e-02  -9.8899387e-02  -4.2431744e-03   2.2750738e-01   1.8442038e-01  -7.6421919e-02   1.4525515e-02  -1.0655355e-01   1.0390359e-02  -1.9923104e-01   1.6141678e-01   6.2757167e-02   3.1022508e-01   3.5903107e-01  -1.0104280e-01  -5.1547696e-02   1.8868307e-01  -1.5997104e-02   1.4439899e-01  -4.2481427e-02  -1.3884211e-02   3.5398235e-02  -6.9609553e-02  -1.7023809e-01  -3.9894516e-02   1.0017327e-01   6.3442300e-02   2.1210353e-01  -1.1783722e-01   1.2669642e-02  -2.5168404e-03  -4.2906309e-02  -8.7393589e-03   4.7438882e-02  -2.7069404e-01  -2.0997867e-01   3.2110379e-01  -1.5377736e-01  -1.2212943e-01  -1.2855222e-02  -2.6337127e-01  -3.0880011e-02  -1.7066806e-01  -2.4790781e-01  -1.7788637e-01  -1.7622858e-01   3.2648728e-01   1.4699200e-01   2.8931300e-01   2.5590106e-02  -1.8889540e-03  -7.0464692e-02   9.5835966e-02  -5.7693304e-03  -2.8776408e-01   1.8615902e-01   4.1203932e-02   2.0065034e-01   1.1682162e-02  -9.5408115e-02   2.7428828e-03  -2.1664287e-02   7.5111537e-01  -1.2021623e-01  -2.8448854e-02  -7.0660979e-02   7.3607390e-02  -1.0996060e-01   8.0599844e-02  -2.1418640e-02   5.1300661e-01  -1.4387473e-01  -8.5934666e-03  -1.0305645e-01  -8.3217513e-02   1.5443422e-01  -1.6872135e-02   7.0033284e-02   1.0186820e-01  -5.7785935e-02  -9.8786684e-02  -1.7615717e-01  -1.5422663e-01  -1.8276657e-01  -4.2184750e-01  -4.6604005e-02   5.2160121e-02   1.9926696e-01
  -2.5586424e-01   4.4617575e-01   2.8903241e-01   5.8567397e-02   5.7564800e-01   5.5785504e-02  -2.9562503e-01   1.8093912e-01   0.0000000e+00   2.1146394e-01  -4.9860845e-03   2.5227514e-01  -8.2728977e-02  -4.4006922e-01  -5.7864439e-01  -1.8572941e-01   3.8983580e-01  -7.2764769e-02   3.5626340e-01   3.8820027e-01  -1.9297271e-01  -1.6835377e-01  -4.9610826e-01  -2.4140101e-01  -9.8900581e-02   9.5577141e-02   1.9986231e-01  -3.8383810e-01   4.6632952e-02  -4.4748009e-01   2.3148699e-01  -1.4822229e-01   3.4152408e-02   1.6679966e-01   4.6999376e-02   5.2860330e-01  -2.3783368e-01  -1.5950661e-01  -5.9974847e-02   4.8432968e-01  -2.4206136e-02  -8.8519990e-02   3.6764523e-01  -3.1875663e-01  -6.3390757e-02   3.3435134e-02  -2.3902381e-01  -2.6542706e-02  -2.3000454e-01   4.4511358e-01  -4.1733268e-01   1.6508092e-01   5.2431059e-01  -1.3697162e-01  -3.6279330e-01  -3.5634582e-01   1.0067894e-01  -3.5354289e-02  -2.4555332e-01   9.5863320e-02   2.2302881e-01  -4.1175671e-01   3.2013225e-01   1.9039757e-01   1.9953115e-01  -2.4057450e-01   2.5290910e-01   4.7349015e-02  -2.1845279e-01  -1.9236885e-01   5.7361141e-01  -2.8588032e-01   1.0855650e-02  -4.4864033e-01   7.5158857e-02   5.2854947e-02   1.9445400e-01  -2.0726924e-01   4.8658666e-01  -9.4906681e-02  -3.3660928e-01  -4.8819384e-02   7.0871327e-03  -3.2413558e-03   5.4168431e-02  -2.4752028e-01  -8.5316094e-02  -3.2703841e-01   2.2108441e-01  -2.6435585e-01   5.1516596e-01   2.0023393e-01   3.2105859e-01   2.8680106e-01  -1.6028107e-01   5.5785415e-01  -6.3358641e-02   1.3457503e-01   5.9363593e-02   1.8005041e-01   1.3795922e-01  -2.6658236e-01  -6.2237823e-02   4.1860017e-04  -5.6060519e-01   8.5916240e-02   1.2295394e-01   6.1873809e-02  -2.0513909e-01  -4.0206375e-02  -4.8402688e-02  -3.5116930e-01   1.0347855e-01  -3.3731465e-01  -4.7715442e-01   5.3916920e-01  -1.5083488e-01   7.1812544e-02  -3.1738402e-01  -5.8272814e-02  -1.7959502e-01   4.4127403e-01   3.2802634e-02   2.2905871e-01  -2.2602722e-01  -2.2324557e-01  -4.0074352e-01   1.2990218e-01   2.4713131e-02  -2.1816108e-01  -5.6636159e-02   2.4900444e-01  -4.9086152e-01  -1.7931345e-01   1.3631610e-01  -4.9054295e-03   1.3136375e-01  -2.4402612e-01  -1.0280761e-01  -2.8983101e-01  -5.5024925e-02   3.1047778e-01  -4.1772790e-01  -5.3176892e-01  -3.1565218e-01  -3.1983309e-01   3.7913628e-01   8.5484312e-02  -4.9782175e-01   1.7085030e-01  -3.3265718e-01   7.6853314e-02  -3.3425245e-01   3.8435717e-01   2.8531238e-01  -1.6076442e-01  -2.2118446e-01  -2.8694120e-01   2.2330591e-01   6.9178448e-02   1.5512443e-01  -3.0970232e-01   1.3027468e-02  -2.4786220e-02   1.9439124e-01   3.2541132e-01  -2.2514061e-01  -3.1583287e-01  -1.6080902e-01   3.9609179e-01   4.4945586e-02  -3.6987092e-02   1.9749435e-01  -3.9870362e-01  -1.5864014e-01   2.0040673e-01   1.6765888e-01
  -2.6776848e-01   4.5600254e-02  -8.3599008e-02  -5.7532618e-02   3.2998240e-02  -1.6313176e-01   3.9020594e-01   1.9723700e-01   2.1146394e-01   0.0000000e+00   2.1849907e-01  -9.2125700e-02  -1.3027902e-01  -1.7476105e-01   3.0627607e-02   2.1617316e-01  -1.7170722e-01   5.6025433e-02   3.8437691e-02   1.1038602e-01   4.7883846e-02   2.1773705e-01   5.3799158e-03  -3.2832647e-01  -1.6891948e-01  -8.5013952e-02  -2.4883123e-01  -1.0519945e-01   1.0424206e-01   5.4786561e-02   3.0168592e-01  -6.0469161e-03   9.2665320e-02   6.3293266e-01   4.2578727e-04   3.2014899e-01   7.0316767e-02   2.5069808e-01   2.0763761e-01   1.4066255e-02  -1.3012100e-01   9.0151626e-02   3.4182295e-02   2.4767007e-01  -1.1889122e-01  -1.9055961e-01  -1.6446179e-03   2.6347523e-01   4.4233613e-02  -1.5890148e-01  -5.4404885e-02  -4.0659068e-02   1.3834366e-01  -2.0865205e-01  -2.4934698e-01   2.9005156e-02  -8.6036629e-02   2.3162699e-01   2.5248908e-02   4.9032541e-02   1.6264405e-02  -2.9066312e-02  -8.7907052e-02   2.4273005e-01  -5.2789390e-02   2.3520573e-01  -2.3806981e-01  -1.6218095e-01  -3.9735991e-02  -8.0204136e-03   4.7606197e-02  -2.9252168e-01   1.5800001e-01  -1.2825160e-01   1.4879150e-02   1.8365309e-01   1.0001857e-01   1.0557347e-01  -2.4921537e-02  -3.6556750e-02  -1.0323355e-01   3.9174646e-01   5.2631471e-01   8.8214011e-02   1.0327014e-01   1.9583261e-02   6.4798005e-02  -2.8960962e-01  -1.0229331e-01  -2.0000927e-01  -2.3079713e-01  -8.7982951e-03   3.0931963e-01   1.2694325e-01   2.3293346e-01   5.9532181e-03  -1.8790348e-01  -1.7591217e-01  -2.1600511e-01   6.5791573e-01  -2.7175724e-04   2.4145238e-01  -1.8527715e-02   2.1597104e-01   3.7731421e-02   9.5650889e-02  -6.0417305e-02  -2.8239939e-01   1.1510267e-01   2.9430495e-01   3.8242106e-01  -1.4557848e-01  -1.4357413e-01  -1.6762073e-01  -9.2814362e-02  -2.6041380e-01  -7.3342384e-02   2.1599057e-01  -3.0208990e-01  -1.0991140e-01   1.6532468e-01  -6.8224214e-02  -1.6051658e-01   2.7517704e-02  -7.9967558e-02  -2.7827889e-01  -1.2660492e-02  -2.8829114e-02   1.9932389e-01  -9.5513272e-02   1.7632810e-01   2.1565245e-01  -1.2066722e-01   2.9013842e-01  -1.1559017e-01   6.8496236e-03  -1.0143398e-01   3.6494139e-02  -1.9493751e-02  -3.3711390e-01  -2.8401766e-01  -9.2746488e-02  -3.4069807e-02   2.0156021e-02   4.1899864e-01  -1.6343064e-01   3.0532507e-01   1.3639617e-01   9.1460336e-02   4.8799803e-01  -5.2887923e-02   8.3360617e-02   1.2325859e-02  -1.1037605e-02   9.1879919e-02  -3.1178406e-01   8.1171259e-02   5.9294107e-02  -7.4319880e-02  -8.5362851e-02  -7.9694372e-02  -1.0907730e-01   3.5584158e-01   4.4469233e-02  -7.5213577e-02  -1.1946876e-01   1.9902472e-01  -7.2283378e-02   8.6220961e-02   1.7601249e-01  -2.4334450e-01   1.3766864e-01  -3.2982260e-01  -1.0826935e-01  -4.6427466e-02   6.6066865e-02  -4.8366128e-02
  -3.5474261e-01  -1.6966543e-01  -5.3055458e-01  -1.7863137e-02   2.0237477e-03  -2.3621273e-01   1.6122511e-01   5.3343531e-02  -4.9860845e-03   2.1849907e-01   0.0000000e+00  -4.8325954e-01  -1.5727747e-01  -2.0589497e-01   2.4344055e-03   2.7556846e-01  -4.8830718e-01   6.6893598e-01   9.5007866e-02  -1.5763076e-01   6.7350797e-01   2.3068578e-01   5.0967966e-01  -2.1789949e-01  -2.3470054e-01   2.4701172e-02  -2.2358908e-02   4.0942028e-02   1.3049651e-01   2.2435810e-01   1.4782643e-01   1.3065630e-01   2.1814447e-01   2.9166178e-01   3.7659315e-02   2.7394317e-01   4.1067317e-01   1.4891056e-01   4.0974801e-01  -4.2701832e-01   2.5023003e-01   1.6820456e-01  -2.1443617e-01   3.0069279e-01   1.6447156e-01  -2.8045144e-01   6.1107783e-01   3.1916525e-01   1.2277817e-01  -5.1155830e-01   3.8612045e-01   9.1342643e-02  -6.3516874e-02  -1.9122706e-01  -2.1186202e-01   2.3788194e-01  -1.9278793e-01   5.6392338e-02   3.6587791e-01  -4.9586586e-02  -3.1282486e-01   9.6548222e-02  -3.6702347e-01   1.1991780e-01   1.8871790e-01   4.1799324e-01  -2.6371372e-01  -2.8131288e-02   3.2706182e-01  -4.2586484e-01  -2.1808742e-01   1.2064219e-01   3.8045706e-01  -3.1919884e-01  -2.0868112e-01   9.7565125e-02  -2.6879393e-01   3.1586654e-01   1.4668017e-01   1.7686863e-01   1.1758468e-01   2.9981132e-01   1.6742791e-01   8.8651578e-02  -3.4722391e-01  -4.4158946e-02  -8.5974018e-02  -1.8478865e-01  -2.3323591e-01  -3.4443029e-01   2.8638485e-02  -4.5471892e-01  -3.2929944e-01   8.2462763e-02   5.0429536e-02  -2.0876848e-01  -3.7610051e-02   1.6259259e-02   1.9896642e-01   3.3842012e-01  -2.0884440e-01   1.9703429e-01  -1.6958770e-02   2.1209679e-01   3.7712633e-01   5.3599847e-02  -2.0614806e-01   2.4538270e-01   1.7973274e-01   2.5517764e-01  -2.0907842e-01   9.5158526e-02  -1.2478068e-01  -2.4922723e-01  -2.9845387e-01  -3.3314457e-01   1.9944260e-01   2.3620984e-01  -1.5890705e-01  -2.0295129e-02  -3.5010485e-02  -4.8706172e-02  -1.8690695e-01   1.7383068e-01  -2.2771996e-01  -1.7896599e-01   2.8866092e-01  -1.1400748e-01   1.7074651e-01  -1.5937735e-01   2.3446496e-01   3.1816365e-01  -6.4244182e-02   6.1025392e-01  -3.9073110e-01  -3.0275783e-02  -1.7207504e-01   1.2755178e-01   1.6232347e-02  -1.5508103e-01  -3.5378927e-01  -2.3524731e-01   3.2926720e-01  -1.8771496e-01   2.3453841e-01   2.3829226e-01  -4.1612741e-01   5.8155779e-01   3.8587421e-01   5.2450901e-01  -3.7333554e-01   1.4203198e-01  -5.4217540e-02   4.9730689e-01  -3.6343259e-01  -1.8494962e-01  -5.9999850e-02   2.7855168e-01  -3.4536330e-01  -2.6331631e-02  -1.7443034e-01   5.5870570e-01   6.4429546e-01   5.8565627e-01  -4.6520565e-02  -3.2753027e-01   3.8598716e-01  -1.7773211e-02  -1.3398868e-01  -1.9273609e-01   8.4190040e-02  -7.7081264e-03   2.4260519e-01  -1.7706840e-02   1.5616069e-01   2.2748766e-03  -8.9114023e-02
   5.2812789e-02   5.8300872e-01   6.9295075e-01   7.8026199e-02   3.2501221e-01   9.6055253e-02  -3.2961712e-01  -1.0733641e-01   2.5227514e-01  -9.2125700e-02  -4.8325954e-01   0.0000000e+00   1.6248070e-01  -7.3867787e-02  -1.3942302e-01  -1.4389431e-01   6.4711148e-01  -3.5563800e-01  -1.6027095e-02   2.4766924e-01  -3.3202312e-01  -2.0216990e-01  -5.9925313e-01  -1.9870386e-01   3.0277009e-01   1.6689888e-02   2.8185564e-01  -3.3577871e-01   4.6584791e-02  -2.7945773e-01   1.5109789e-01  -2.1897391e-01   9.4663991e-02   3.9245331e-02  -1.7951464e-01   1.7750215e-01  -3.7700218e-01  -5.1928606e-01  -1.5023513e-01   5.3222082e-01   4.1777224e-03  -1.0290382e-01   4.0466791e-01  -2.5624356e-01   9.0602941e-02   5.1647915e-02  -2.7979564e-01   1.0222431e-01  -1.2185328e-01   5.3366175e-01  -4.9676236e-01  -1.3845154e-01   5.9351399e-01  -4.8376373e-02  -1.2319246e-01  -4.2293377e-01   1.5767572e-01  -1.8066923e-01  -2.6750008e-01   1.3836738e-01   2.8756211e-01  -1.3374772e-01   5.3143469e-01   1.1411293e-01   1.4533375e-03  -3.8472612e-01   3.9990917e-01   1.7052910e-01  -1.8769496e-01   7.6634024e-02   5.8757582e-01  -2.0227995e-01  -2.4225876e-02   6.5689076e-02   1.9909795e-01   4.2393579e-02   1.1689060e-01  -2.9371840e-01   3.7411584e-01  -1.9579438e-01  -3.4208091e-01  -1.5378386e-01   7.9217183e-02   3.4763182e-03   3.7425350e-01  -3.5195696e-02   2.4156792e-01  -1.6615319e-01   2.5044778e-01  -1.2605840e-01   3.5746033e-01   3.4095748e-01   5.5455439e-01  -8.9379369e-03  -3.4253172e-01   4.4400151e-01   5.1758028e-02   1.2157052e-01   1.3322495e-01  -1.7716203e-01   1.8116314e-01  -2.0316027e-01  -5.6625231e-02  -2.9659490e-02  -4.8314328e-01  -1.2375461e-01   2.7223451e-01  -2.6023198e-02  -2.6092694e-01   1.1754832e-01   3.1588021e-01  -2.1794798e-01   1.0728089e-01  -1.3657788e-01  -1.6190993e-01   4.8629551e-01  -2.2296127e-01   1.0609831e-01  -1.6937711e-01  -6.9189715e-02  -4.1160001e-01   4.1263040e-01   1.4095628e-01   2.5440705e-01  -2.0407525e-01  -1.6870417e-01  -2.7184475e-01   2.0248125e-01  -1.9760081e-01  -1.9585510e-03  -1.2113739e-02   5.8432344e-02  -2.3306685e-02  -1.3575894e-01   3.1935473e-01   4.5559377e-02  -4.8103033e-03  -1.8154319e-01   3.4948614e-02  -1.7178515e-01   1.5772423e-01   2.6561873e-01  -3.6310885e-01  -2.6345173e-01  -2.0628961e-01  -1.9053191e-01   6.3261868e-01  -1.5130705e-01  -3.7558537e-01  -2.3818532e-01  -3.9185035e-03  -9.0705998e-02  -1.7611046e-01   6.3210303e-02   6.1896445e-01  -1.6650977e-01  -2.8788900e-01  -2.5399089e-01   3.1609622e-01  -1.2067341e-02   1.0500790e-01  -3.3419821e-01  -1.3699015e-01  -1.6192101e-01   6.4596062e-02   5.7991670e-01  -1.9040076e-01  -2.8151283e-01  -1.1268501e-01   5.3598103e-01   3.2127286e-01  -7.9681098e-02  -1.6977996e-02  -1.0965165e-01  -1.3506810e-01   1.3709048e-01  -2.2239484e-02
   1.9765296e-01  -2.4977319e-02   1.5003591e-01   5.6548700e-02   7.7976378e-02   8.1362549e-03  -2.2054214e-02  -1.2071657e-01  -8.2728977e-02  -1.3027902e-01  -1.5727747e-01   1.6248070e-01   0.0000000e+00   2.2173406e-01   1.2931644e-01   7.3799115e-02   1.4255014e-01   8.0740238e-02  -6.7548203e-02   2.6398755e-01  -4.5132856e-02   4.0289941e-02  -3.1819629e-02  -4.7393028e-02   6.7215777e-03   1.0706063e-01   2.1585537e-03  -3.3872744e-02   5.8849959e-03   2.8054703e-02  -4.7717571e-02  -9.7831777e-02  -5.7633100e-03   2.2868434e-02   1.1390455e-01   7.8823396e-02  -1.0476494e-01  -9.3437765e-02   1.2509849e-01   1.5880943e-01   4.5049724e-01  -3.5630132e-03   7.0775035e-03   7.3063969e-02   2.0919093e-01   1.7734747e-01   8.1699504e-02   1.8936573e-03   8.2171520e-02   1.4711819e-01   3.7385640e-02   1.3121395e-02   9.5781344e-03   2.0135988e-01   6.9351623e-02   5.9913701e-04  -1.7699754e-01  -1.1348819e-01   1.3173119e-01   3.7220841e-02   2.0795181e-02   1.2783958e-01   5.6753480e-03  -9.3115246e-02  -1.0765372e-01   1.0199988e-02   1.6388708e-01   7.1179264e-02   6.9875923e-02   7.8106789e-02  -6.5244344e-02   3.3004954e-02   4.2019537e-02   2.3365755e-01   1.7236110e-02  -2.2944889e-01   9.0684216e-02  -1.7621162e-02   3.7926758e-02   2.6911806e-01   1.2877619e-02   2.2623009e-01   8.1341191e-02  -7.4407600e-02   1.6511832e-01  -2.0168311e-01   1.8840843e-01   6.1039789e-02  -7.2871891e-02   7.9763337e-02  -4.7210880e-02   1.0246685e-01   7.2642609e-02   3.1381615e-02  -2.5574964e-02   1.5792584e-01   3.2008598e-01  -7.1745380e-02   4.0166898e-01  -2.9479115e-02   4.3059666e-02   6.4720504e-02  -4.7797410e-03  -4.5022256e-02   6.0865316e-02  -2.6929801e-01  -3.7216602e-02   9.9663615e-02   3.1577773e-02   3.0317988e-02   1.2459241e-01   8.1655675e-02  -5.1177777e-02   1.2544596e-01   1.0662777e-01  -3.3700911e-02   1.7637593e-02   3.8406506e-01   1.9033552e-01   5.5693688e-02  -1.1242160e-01   1.5002499e-01  -1.7563875e-01  -1.3867887e-02   3.4381034e-02   1.2342387e-01   1.1533470e-01  -7.7269049e-02  -1.1956491e-01   1.2568453e-01   2.0890226e-01  -1.2582486e-01   2.3106321e-01  -1.0320480e-01   2.7219757e-01  -5.8039045e-02   2.8460810e-01   5.3514751e-02   2.8378243e-03   1.1963551e-01   1.3287571e-01   1.0940296e-01  -2.7379773e-02  -4.5649735e-02   4.4708357e-02   7.0381642e-02   1.2049838e-01  -1.7062023e-01  -4.5650243e-02  -1.1737292e-01   1.9046195e-01   1.1435992e-02  -3.4032806e-02  -1.5141409e-01   5.2297634e-02  -1.5725242e-02  -5.9709123e-02   3.3440926e-01   1.1723267e-01   2.8908490e-02  -1.9239663e-01  -1.0172589e-01  -1.9983644e-02   1.6336962e-02   1.0226434e-01   9.8680070e-02  -3.9401524e-02   5.6483156e-04   9.9110843e-02   5.6716914e-02   1.7462604e-01   3.4644773e-02  -1.3482398e-01  -1.1826269e-02  -1.3551389e-01   1.2879341e-01   7.7585413e-02
   7.1921084e-01  -2.7213928e-01  -2.1006736e-01  -3.2967710e-02  -4.3101921e-01  -8.0627011e-02   3.5557304e-01  -5.1207632e-02  -4.4006922e-01  -1.7476105e-01  -2.0589497e-01  -7.3867787e-02   2.2173406e-01   0.0000000e+00   4.5421216e-01   1.2201425e-01  -1.9465985e-01  -1.4714101e-01  -1.1205825e-01  -4.0195793e-01  -3.1314142e-02   3.6244090e-02   7.6292817e-02   4.8409824e-01   2.1129652e-02  -8.1697387e-02  -2.3574931e-01   4.2874231e-01  -5.0097587e-02   2.3087104e-01   1.7463092e-01  -1.2406803e-01  -1.7697105e-01  -3.4297253e-01  -7.7602189e-02  -4.8398409e-01  -8.4030542e-02  -3.0900464e-02  -3.4811273e-02  -2.8109031e-01   1.1125714e-01  -1.9289688e-01  -3.9232360e-01   3.3079444e-01  -1.4667407e-01  -3.3278794e-02  -1.3828875e-01   8.7491030e-02   2.1354852e-01  -2.1884179e-01  -2.5371627e-02  -2.1625318e-03  -2.0865077e-01   1.3028447e-01   6.5932248e-01   2.8959834e-01   1.4635346e-02  -2.2981100e-01  -6.5760674e-02  -3.2521835e-01  -2.1215769e-01   2.4167591e-01  -2.2621086e-02   1.5208482e-02  -3.2875017e-02  -1.2756985e-01  -1.6457965e-01  -2.5295154e-01   8.2974601e-02   1.7426121e-01  -3.2226709e-01  -5.6069175e-02   4.9567998e-02   6.5414924e-01  -1.3093838e-03  -3.5766260e-01  -2.4079784e-01   1.0888757e-01  -4.6439914e-01   3.5775197e-02   4.0669173e-01  -8.7752571e-02   3.3579759e-02  -8.2498189e-02   3.5035150e-01  -5.6999698e-02   3.5275009e-01   6.0086436e-01   4.7859045e-02   5.1511695e-01  -3.0905661e-01  -1.7817753e-01  -2.5837688e-01  -4.3808200e-01  -2.7671852e-02  -4.2441122e-01   5.3015221e-02  -3.2730038e-01  -1.5135885e-01  -1.5154256e-01   4.0586036e-01   4.3693319e-01   3.1237339e-01  -2.0870025e-01   1.7135780e-01  -3.4928785e-01  -5.7233424e-02  -1.6285181e-01   1.3109992e-01  -1.0896108e-01   7.2424248e-02   2.3195258e-01  -1.0452047e-01   5.9453587e-01   7.1041039e-01  -3.2047649e-01  -1.1736935e-02  -1.0098136e-01   5.7716181e-01   7.0260872e-02   1.3818279e-01  -3.4500743e-01  -7.6662628e-02  -3.0768667e-02   1.4032999e-01   4.6154422e-01   3.7729646e-01  -7.6363356e-02  -3.7091950e-01   2.1496672e-01  -6.0651212e-02  -3.1217117e-01   5.3931384e-01   5.8442812e-02  -1.9680029e-02  -1.3625388e-01  -1.2315457e-01   5.1309666e-01   4.6979988e-02   4.4906779e-01   5.2298122e-01  -1.9334308e-01   4.0782226e-02   2.8309301e-01   2.2335269e-01   2.5618614e-01  -3.0368641e-02  -4.1531968e-01   3.7832895e-02  -1.7347230e-01   6.7746596e-01   1.4458101e-01   3.2360844e-01  -2.6248091e-01  -2.1843010e-01   3.9857566e-01   3.7643788e-02   1.5202268e-01  -1.4048219e-01   2.8229843e-01  -2.1901181e-01  -9.2582376e-02  -2.0241131e-01  -1.2343234e-01  -1.1081369e-01  -1.7727419e-01  -2.1515495e-02   3.4359447e-01   1.5208448e-01  -1.7566850e-01  -1.0842851e-01  -7.8748517e-02  -3.0678303e-01  -5.2147862e-02  -9.5316714e-02  -2.1445902e-01  -1.2061505e-01
