   0.0000000e+00  -2.2798324e-02   1.7820738e-01   2.4161552e-01  -4.3711667e-01   1.0814889e-01  -1.9503669e-01   2.8494555e-01   4.6496820e-02  -3.8069988e-01  -2.3663866e-02  -1.4511207e-01  -1.7967841e-01   3.3238953e-01  -2.2338103e-02  -1.7309866e-01  -5.7074679e-02  -1.5673872e-01   8.4761710e-02  -4.7344437e-01  -2.5111240e-01   1.2125956e-01  -2.9812515e-01   5.0806215e-01   2.0318143e-01   1.8367987e-01  -1.7158696e-01  -1.5664647e-03  -6.7715928e-02   2.2840940e-01   1.8024378e-01   2.5826429e-01   2.2244501e-01  -4.1495186e-01   1.2922645e-02  -4.7884713e-01  -1.0266312e-01   3.8304740e-01  -3.1052651e-01  -2.7034875e-01  -2.2280404e-01   3.4501864e-01  -2.2380374e-01   8.8438178e-02  -2.7519174e-01   4.7997502e-01  -5.7473975e-02  -2.8705447e-01   3.9268149e-02  -3.7013985e-02  -1.0194335e-01   2.9131340e-01  -4.0083645e-01   7.6386100e-02   4.6685478e-01   7.7011255e-02   2.3336198e-01  -7.0768928e-04   7.3508981e-02  -6.3738056e-02   2.9878421e-01  -1.6465037e-01  -5.9765328e-02   4.0887427e-02  -5.3025487e-02  -5.8511322e-01   1.2951545e-01  -1.7151335e-01   2.0984010e-01   1.6650981e-01  -1.1766004e-01  -1.6551618e-01  -2.4521910e-01   3.3998030e-01   1.5357313e-01   2.7450886e-01   4.8257768e-01   2.9645320e-01  -5.0201530e-01   7.4414810e-02   7.5679250e-03  -2.6583268e-01  -2.7066150e-01   4.7051942e-01   1.6945802e-01   2.7730764e-01   1.3552309e-01   1.7438412e-01  -9.3543522e-02   5.3752102e-01  -2.9499648e-01   2.8182612e-01  -4.0665650e-01  -3.9439930e-02   4.9035163e-01  -4.4502144e-01   1.0094458e-01   2.6144323e-01  -1.1770790e-01  -3.3189793e-01   2.6970312e-01   1.5943433e-01   2.3141789e-01   2.0001414e-01  -3.3187966e-03   1.8305463e-01   3.8352401e-01   2.4786739e-01  -2.8731202e-01  -2.5081212e-01  -2.8846099e-01  -1.0313815e-01  -1.3946208e-02   7.3619156e-01   2.4063562e-01  -2.6129955e-01   2.2422286e-01  -2.8501618e-01   3.2900264e-01   3.5993775e-02   1.2846048e-01  -4.1335984e-01  -4.6940477e-02  -2.4427479e-01   5.7964054e-01   3.2533767e-01  -1.5176627e-01   1.9422945e-01   2.4765755e-01   9.0651981e-02  -2.6074054e-01  -3.5356930e-01   3.0418279e-01  -3.7926314e-01   9.0520822e-02   3.9643161e-01   2.0494840e-02   3.1035181e-01   5.4454301e-01   5.5973539e-01   2.8755391e-01  -2.6882692e-01   4.6664416e-01  -5.5709222e-02  -1.3552401e-01  -3.8435215e-02  -1.8182206e-01  -3.5814758e-01  -2.8629854e-01  -1.9502929e-01   5.9348972e-01   2.2952833e-01   2.5075430e-01  -3.6405791e-01  -1.3484758e-02   4.8342059e-01   2.5316311e-01  -2.3955920e-01   3.0384883e-01   6.1048028e-02  -1.5464484e-01   4.3572208e-01  -1.2956463e-01   1.0949158e-02   2.3064196e-01  -3.4599992e-01  -3.5483372e-01   2.3046897e-01   7.6651502e-02  -3.6010780e-01  -3.6695243e-01   2.1292430e-01  -2.4076747e-01   2.3565580e-01  -2.1605093e-01  -2.3205711e-01   1.8875421e-01
  -2.2798324e-02   0.0000000e+00   4.0945505e-01   1.7741615e-01   1.3026461e-01   1.9761527e-01   1.3332299e-01  -7.6601050e-02   4.3049720e-01   2.2925442e-01  -3.3728345e-01   5.7579080e-01   9.1197364e-02   1.0111689e-01   1.8322879e-01   5.7273689e-02   5.7659672e-01  -7.7968999e-02   2.4518838e-01  -1.2952714e-01  -3.1038802e-02  -1.4525224e-01  -1.3666881e-01  -2.0222644e-01   3.2662377e-01  -2.5389018e-01   3.8462315e-01  -2.8229433e-01   1.5095592e-01  -7.3154787e-02   1.4932181e-01   2.7570671e-02   2.6939300e-01   1.9699667e-01   2.4758971e-01   1.1030467e-01   2.0824350e-02  -2.1855338e-01  -3.1241513e-02   4.9079997e-01   8.5557479e-02   3.7438876e-01   3.0376585e-01  -3.3102808e-01  -3.4699286e-02   2.2164290e-02   2.9640221e-02   2.6086146e-02  -1.3330886e-02   4.4916454e-01  -1.7426479e-01  -9.2732381e-02   2.8545176e-01   3.3355967e-01   1.4403471e-01  -3.9811711e-01   8.8587915e-02  -7.4094296e-02   1.0732409e-01   4.7005504e-01   1.8876103e-01   3.7760976e-03   3.9242139e-01   1.0238692e-01   9.7056633e-02   1.9537880e-01   1.8626122e-01  -3.5597985e-01  -8.9755083e-02   2.4482194e-01   5.8051397e-01  -3.1759959e-01   2.1708677e-01  -1.2301338e-01   2.3702761e-01   2.3460703e-01   7.8049434e-02  -1.4082944e-01   3.0338313e-01   2.6176930e-01  -3.9914313e-01   1.8878633e-01   1.2488997e-01  -4.2386692e-02   3.4520511e-01   2.2619653e-01   4.2811585e-01  -6.8319262e-02   1.6788740e-01  -4.5587931e-03   2.2274050e-01   4.7763746e-02   3.1937575e-01   4.3468147e-01  -2.5591631e-02   1.5702280e-01  -2.0919774e-01   6.8653494e-02  -2.2626816e-01  -1.1505911e-01   6.7688416e-02  -3.3720451e-01  -2.8962495e-02   4.4278735e-01  -3.0567937e-01   9.3029808e-02   1.8162186e-01  -1.1541528e-01  -3.2053491e-02  -1.0235695e-01   5.9764284e-02  -1.2870090e-02  -1.3373841e-01  -3.8042484e-02  -1.6062033e-01   2.9303405e-01  -1.9341770e-01   2.2673871e-01   1.8672530e-01   1.1463209e-01  -3.0788131e-01   2.6494347e-01  -1.3154640e-01   3.9261809e-02  -4.4612920e-02  -1.7614229e-01   5.3446042e-03   6.8499937e-02  -3.3338562e-02   3.3926894e-01   1.0158492e-01  -2.9553118e-02   4.7010128e-01  -7.2724657e-02   4.2891329e-01   1.4729508e-01   2.0072883e-01  -1.8715336e-01   3.3523330e-02  -3.3721251e-02   2.5360180e-01   4.5179831e-02  -2.4359467e-01   3.3732531e-01  -1.7262735e-02  -3.5677030e-02   2.6503575e-01   2.6091419e-01   3.0430456e-02  -7.1623181e-02  -1.4706940e-01  -1.7359930e-01   1.0096629e-01   1.0128693e-02   6.5212400e-01  -9.4903862e-02  -1.2287116e-01   1.2819640e-02   1.1350197e-01  -2.7652881e-01  -3.5730089e-01  -1.4757284e-01   2.3912153e-01  -3.1682950e-01   1.0975302e-02   2.1403392e-01   4.1749930e-02  -7.4016972e-02  -1.4221253e-01   2.9687100e-01   3.0510792e-01  -4.8311970e-02  -1.3531289e-01   8.7915362e-02   2.7883429e-01   8.7910078e-03   2.3307296e-01
   1.7820738e-01   4.0945505e-01   0.0000000e+00   2.7284558e-02   3.3820000e-02   2.9950849e-01  -2.5863334e-01  -2.0637034e-01   4.8123664e-02   3.9435196e-02  -4.4376950e-02   4.5043761e-01   3.3653943e-02   1.3899537e-01   3.6466779e-02   3.2396202e-02   7.4949809e-01   2.2121386e-02   5.3095763e-02  -7.9195200e-02  -7.5094670e-02   5.5887444e-02  -3.3019472e-01  -7.3437422e-02   2.2019653e-01  -2.5624012e-01   1.2154363e-01  -1.2637682e-01   2.3669957e-02   2.9449121e-02   9.3757973e-02  -8.5557786e-02   2.9541573e-01  -3.1020818e-01   4.2536846e-02  -1.0407780e-01  -3.7061723e-02   2.3472619e-01  -9.3008825e-03   3.8384207e-01   6.4355724e-02   2.7359737e-01   3.9411682e-02  -1.0914131e-01  -2.3522768e-01   5.2443575e-01   1.5080233e-01  -3.7402486e-01   2.3376066e-02   6.3569177e-01  -9.6429673e-02  -1.4798791e-01  -1.6538963e-01   4.6781133e-01   2.8936621e-01  -1.6377978e-01   9.6535793e-02  -2.1516344e-03  -1.7135912e-01   1.5175164e-01   6.4134447e-01  -3.7652981e-02   9.3771790e-02  -1.5269664e-01  -1.6895817e-01  -1.9771325e-01   2.5321043e-01  -1.2412187e-01   1.3304170e-01   6.3927741e-01   1.0261960e-01  -1.3994730e-01  -6.4856894e-02   3.1729584e-01   9.6740821e-02   9.1363487e-02   5.7398446e-01  -9.3861059e-02  -1.5859561e-01   4.2666704e-02  -3.2566136e-01  -1.7933087e-01  -1.0751044e-02  -1.9816983e-02   5.2052613e-01   6.5997584e-02   2.7065075e-01   4.7017441e-03   1.3265123e-01   1.0033999e-01  -4.0956508e-03   6.2015216e-01   9.7625442e-02   1.2429837e-02   3.8670852e-01  -7.8086576e-02   1.9336995e-02  -1.9181501e-02  -1.4789965e-01  -3.2640874e-01   3.2197692e-01  -1.7355671e-01  -1.7594987e-02   2.1806393e-01  -1.8471606e-01  -4.3444426e-03   2.7142814e-01  -5.8667340e-02  -1.1577417e-01   1.9196553e-02  -1.2688415e-01   9.6052530e-02   3.7887639e-02   2.2221344e-01   2.0133969e-01  -3.2705820e-03  -5.8774795e-02  -5.2055557e-02   4.1878292e-01  -1.1479933e-01   1.7586128e-01  -6.9795531e-02  -9.3518948e-04  -2.1362223e-01   2.4428554e-01  -1.1414698e-04  -1.4077657e-01   1.9587757e-01  -5.5900126e-02   6.0604214e-01  -1.4458031e-01  -1.8049902e-01   4.7898637e-01  -2.2800331e-01   1.6828529e-01  -3.5243399e-02   1.1812122e-01  -3.4639154e-02   1.1508756e-01   1.8281595e-03   2.2440359e-01   1.2786820e-01   2.3156094e-02   6.0094200e-01  -2.7546703e-01  -1.9033934e-01   1.2383791e-01  -4.9821860e-02  -1.1935802e-03  -2.9359383e-01   3.1628619e-02  -1.3413025e-01   4.1139503e-01  -1.4944756e-01   5.8064963e-01   8.3977093e-02   3.2618473e-01  -2.1712121e-01   6.1775700e-01  -1.6004379e-01  -1.4696473e-01   1.4646142e-02   1.8252796e-01  -2.0377826e-01   9.0621605e-02  -2.8557115e-01  -2.8349353e-01   1.0879126e-01   1.0498490e-01   2.4063575e-02  -1.7617393e-01   3.3993114e-01  -4.7613060e-02   4.7504728e-01  -2.1758741e-02   6.8113769e-02   2.3289646e-01
   2.4161552e-01   1.7741615e-01   2.7284558e-02   0.0000000e+00  -2.0697771e-01   3.6130347e-01   2.4293155e-01   2.9663977e-01   2.6506052e-01  -2.6114986e-01   2.7582929e-01   2.1417663e-01   1.2719979e-01   1.0825375e-01   1.5184464e-01   2.3587713e-01  -6.6513783e-02   1.8070094e-01   1.8558784e-01  -5.0834962e-01   1.8378444e-01   2.6956708e-01   9.8411795e-02   1.8730966e-01   1.6255507e-01   1.7466569e-01   9.0524352e-03   7.7062188e-02   1.0578966e-01   4.8302580e-01   2.1542810e-01   6.3607061e-01   5.0340080e-01  -4.6838760e-02   1.3475518e-01  -1.2600715e-01  -2.8610596e-01   3.8077578e-02   1.0083599e-01  -1.6928320e-01   1.5438893e-01   4.8418368e-01  -4.4919390e-02   2.6041519e-01  -2.1838512e-01   1.1502551e-01   1.9085438e-01   2.4591224e-01  -1.6738494e-01  -2.6309496e-01   2.7571651e-01   2.8924436e-01  -1.2788127e-01  -6.6537502e-03   3.1503551e-01   4.9129046e-02   3.3559111e-01   8.0054977e-02   6.3833753e-01   2.0272767e-01   7.4770125e-02  -2.1214931e-01   8.9625615e-03   6.0535179e-02  -7.0284004e-02  -1.2210814e-01   4.1067939e-01  -4.9927011e-01   4.8269360e-01  -5.0808222e-02  -1.0551518e-01  -2.0403739e-01   2.2802164e-01   2.5969188e-01   4.3125159e-02   3.6113342e-01   1.5133658e-01   2.1165298e-01  -1.2070120e-01   1.3206506e-01   2.0558152e-01   1.9098153e-01   3.9864157e-02   3.5945455e-01   2.4207481e-01   3.1999755e-01   5.4363332e-02  -2.7692902e-02  -2.8893293e-01   5.3250756e-02  -1.2478302e-01   2.0156868e-01  -1.2367037e-01   3.2579577e-01   1.9803496e-01  -4.0376830e-01  -2.4809659e-01   1.4740533e-01  -3.0977817e-01  -1.0077507e-01   1.2863046e-01   3.1562911e-01   3.4659182e-01   2.1192572e-01   2.6727192e-01   3.1966882e-01   1.8178348e-01   4.2120253e-01  -2.3411962e-01   4.1893507e-02   2.5747213e-02   2.6724038e-01  -2.3101490e-01   1.7374205e-01   1.6133084e-01  -1.9690505e-01   1.8707470e-01   2.2457855e-01   1.3359551e-01   6.5272923e-01  -1.3299425e-01  -1.0201214e-01  -4.9620081e-01   4.2710821e-02   2.5927927e-01   2.0847432e-01   1.3729345e-01   7.1401831e-02   4.1207082e-01  -1.0021679e-01   3.4720898e-01   1.0882016e-02   2.2628314e-01  -2.7295990e-02   2.6017632e-01   4.8853981e-01  -1.1780563e-01   2.1355105e-01   4.5468388e-01   1.1344895e-01   1.1802282e-02  -1.2853335e-01   3.3065217e-01   3.2428864e-02   7.2004248e-02   2.1069548e-01  -8.9157546e-03  -1.6256199e-01   8.7292037e-02  -1.0518366e-01   1.7363806e-01   2.6220742e-01   2.5349585e-01   1.1798529e-01  -5.5510455e-02   2.6458202e-01   2.3176564e-02   3.9632664e-01   8.6153494e-02   3.0797455e-01  -4.6613957e-01   3.7908311e-01  -1.6315720e-01   3.3268550e-01   3.7592430e-01  -6.3218560e-02   7.3553378e-02   2.9341575e-01  -2.4735445e-01   6.0768341e-02  -1.2610108e-01  -7.9342949e-02  -3.7226669e-01   1.1477386e-01   1.0066791e-01  -3.5485712e-01   2.7920923e-01
  -4.3711667e-01   1.3026461e-01   3.3820000e-02  -2.0697771e-01   0.0000000e+00  -2.0401384e-01  -8.9581691e-02  -7.5438947e-02   2.6442378e-01   6.4359217e-01  -5.4087409e-03   2.7460348e-02   5.8690033e-01  -2.4347010e-01   7.2281208e-02   1.3732252e-02   2.2455763e-01   2.4967636e-01  -5.9073707e-02   6.2121258e-01   3.0164317e-01   2.9885266e-02   1.5006361e-01  -3.8208039e-01  -8.2756773e-02  -6.7556084e-02   3.9718470e-01  -2.1009678e-01   1.7770437e-01  -2.5615212e-01   1.0092427e-02  -2.1780468e-02  -1.7888227e-01   2.5870408e-01   2.8776926e-01   6.7715120e-01   4.9617915e-01  -4.4166028e-01   7.1300477e-02   5.0456106e-01   5.0202500e-01  -1.9481766e-01   1.8010181e-01  -2.2774860e-01   2.8119473e-01  -2.7143831e-01   2.7030230e-01  -8.7461408e-02   4.5065102e-01   2.6317781e-01   1.9742506e-01  -1.9262961e-01   4.9365518e-01   1.0509591e-01  -2.9396140e-01  -1.0017576e-01   3.0989260e-02   2.4577353e-01   4.0645337e-02   1.1067892e-01  -1.4140149e-01   4.1551928e-01   2.6515938e-01   7.0463456e-02   3.5315580e-01   4.9900621e-01   3.4777838e-02   1.8853373e-01  -2.3079532e-02   4.5047034e-03   2.7258316e-01   2.5263850e-01   3.0622562e-01  -3.3785671e-01  -1.2327347e-02  -8.9272471e-02  -2.6936845e-01  -1.5785189e-01   7.6874551e-01   1.6320009e-01  -3.4156855e-01   1.2794737e-01   2.8646019e-01  -3.1081549e-01  -7.7586306e-02   4.5489736e-02   1.7601849e-01  -4.0207904e-01   3.8652341e-01  -4.6558917e-01   7.6704790e-01  -7.6766859e-02   5.0905798e-01   1.8613909e-01  -3.6384819e-01   8.2959556e-01   7.8077940e-02  -4.9534370e-02   2.9343266e-01   3.1686702e-01  -1.5986504e-01  -1.5958179e-01  -1.7655509e-01   1.5565370e-01   7.4807492e-02   1.3494312e-01  -1.5975695e-01  -8.8180388e-02   3.1418310e-01   3.2311826e-01   1.5354297e-01  -1.0033646e-01   2.9180392e-01  -3.7504322e-01  -3.1293603e-01   6.9888923e-01  -3.6399493e-02   4.5290270e-01  -1.0962485e-01  -2.6590177e-02  -1.8496911e-01   8.4100482e-01   2.2890268e-01   3.7668784e-01  -3.0764547e-01  -4.1400029e-01   1.9269887e-01  -1.5819567e-01   1.4134089e-01   8.2867474e-02   3.2762536e-02   4.4485473e-01  -1.8697319e-01   1.4289936e-01   2.1277786e-01  -2.7306815e-01   3.0189250e-02  -4.6522929e-01  -1.3948390e-01  -3.4045889e-01  -1.6913521e-01   6.1687570e-01  -2.8610018e-01  -1.2703002e-03   1.1080317e-01  -7.5680047e-02   2.6829814e-02   6.8886439e-01   2.3405261e-01   3.3243876e-01  -3.5913374e-01  -1.5989649e-01  -7.1139777e-02   3.7680321e-01   2.7264055e-01  -2.0469661e-01  -2.6442294e-01   1.0791815e-01  -8.2928398e-02  -3.0122980e-01   1.6451930e-01  -8.0103021e-02   6.3350229e-01  -1.8565495e-03   1.0717389e-01   6.1124254e-01   1.9947894e-01  -2.2698576e-01  -2.8374023e-02   4.7403641e-01   6.5342316e-01  -2.9472584e-01   3.7011037e-01  -6.1822302e-02   1.4038466e-01   1.1608065e-01   2.0353981e-01
   1.0814889e-01   1.9761527e-01   2.9950849e-01   3.6130347e-01  -2.0401384e-01   0.0000000e+00   1.7098970e-01  -1.6731821e-01  -1.9282516e-01  -9.3560604e-02   3.4073649e-01   3.2527458e-01  -4.9014061e-02   4.8669218e-03   2.4359412e-01   2.5274578e-01   1.8100112e-01   1.6267602e-01   4.5075444e-02  -4.2536710e-01   2.4454284e-01  -7.0613049e-02   4.8153232e-02   1.3111851e-01  -5.2875564e-02  -2.8008279e-02   2.1330031e-01   3.7223138e-02   4.9966400e-02   1.1571467e-01   1.8451585e-01   1.6310687e-01   3.8230503e-01  -6.2368879e-02  -1.7399381e-01   2.0654094e-02  -3.9836895e-01   2.1092668e-01   1.3947514e-01   1.4562462e-01   6.4121082e-02   2.9899053e-01   1.5455430e-02   2.3110345e-02  -1.9047135e-01   2.4140081e-01   2.9923747e-01   9.1255086e-02  -3.4136020e-01   2.0747417e-02   1.8164231e-01   7.6812680e-02  -1.9411747e-01  -8.3949234e-03   3.3610176e-02   1.6003682e-01   2.7455852e-01  -3.4656126e-01   2.8821997e-01   1.3180225e-01   1.3366457e-01  -3.5079892e-01  -1.5149679e-01   1.1801138e-01  -2.9128345e-01  -8.8821048e-02   3.1719984e-01  -4.5417530e-01   2.9367694e-01   3.8323797e-01  -4.7304139e-02  -3.2570651e-01   1.3123976e-01   3.7976059e-01  -1.2219834e-01  -6.9586794e-02   1.3134787e-01   1.6847960e-01  -1.3141903e-01  -1.5143891e-01   8.3873731e-02   2.7143159e-01   2.2963861e-01  -1.0798132e-03   3.7212979e-01   1.3839567e-02  -7.0084284e-02   1.1175595e-01  -3.7251005e-01   1.3463816e-01  -2.9979586e-01   1.5468788e-01   8.0633454e-02  -5.4983701e-02   3.3428298e-01  -4.2054735e-01  -2.7570965e-01   7.8802535e-02  -3.4019080e-01  -1.1725101e-01   2.7876921e-01   3.1333365e-01   5.3461733e-02  -3.4320669e-02  -5.2504145e-02   9.7411896e-02   6.9571031e-02   2.2410221e-01  -1.2303218e-01   1.9300205e-01   1.7689872e-01   3.1237045e-01  -4.1476213e-01   2.3310578e-01   1.7054211e-01  -2.6334237e-01  -2.7996428e-02   1.7228790e-01   1.4835909e-01   1.9433098e-01  -2.0700424e-01  -2.8027421e-01  -4.4668214e-01  -1.5888482e-01   1.8482261e-01   1.3846940e-01   4.7576496e-02  -3.8495921e-02  -1.4179856e-01   3.0050377e-01   3.5917424e-01   3.7188972e-02   3.2997865e-01   9.5381405e-02  -3.8916419e-02   6.1494223e-02  -1.1994485e-01   2.4559150e-01   1.9806947e-01   1.7881122e-02   1.1233307e-01  -2.4311763e-01   2.9863659e-01   3.8813866e-01  -2.7383228e-02   1.4635361e-01   3.6652276e-02  -2.3506617e-01   3.1691903e-01  -2.2181595e-01   1.9055082e-01   2.9213285e-02   2.3689241e-01   2.2236008e-01   1.9040496e-01   1.2532543e-01   8.1984846e-02   2.6747555e-01   2.4977290e-01   2.5692843e-01  -4.1357662e-01   1.4260888e-01  -1.5091207e-01  -4.6158477e-02   9.2240765e-02  -2.4050534e-01   2.1371056e-01   9.8278617e-02  -2.5640603e-01   1.5638930e-01  -2.6522458e-01   1.7750621e-01  -4.3692135e-01   3.3073007e-01   6.6639372e-02  -3.5899405e-01   3.4217883e-02
  -1.9503669e-01   1.3332299e-01  -2.5863334e-01   2.4293155e-01  -8.9581691e-02   1.7098970e-01   0.0000000e+00  -2.8286909e-01  -1.3192371e-01   2.4953912e-01   6.5341149e-02   2.8119254e-01  -7.6998617e-02   6.2317708e-03   4.0468291e-01   3.6002232e-01  -2.5318462e-01   1.2456174e-01  -9.0197359e-02  -1.1985985e-01   2.7044648e-01  -1.6474267e-01   6.7963096e-01  -7.7953168e-02  -1.3770315e-01  -2.1027436e-01   4.8658290e-02   2.7092566e-01   8.1188512e-02   8.3785159e-02   6.0356614e-02   5.5056288e-02   1.4202728e-01   7.4359490e-01  -3.1768496e-02   2.5883124e-01  -1.5279418e-01  -1.9852721e-01   2.0745310e-01  -9.0821561e-02  -7.4162455e-02   1.6584693e-01   1.2604427e-01   3.3423879e-02   1.8111552e-01  -3.7449590e-01  -2.2525136e-03   4.5777259e-01  -2.9639832e-01  -4.0572981e-01   5.6165152e-02  -1.9858923e-01   3.0230191e-03  -1.5932315e-01  -2.6953236e-01   2.5026905e-02  -1.2831302e-01  -2.2641489e-01   2.1927291e-01   1.8776079e-01  -4.0017275e-01  -1.1222287e-02  -1.5131684e-01  -5.2144572e-02  -2.7187505e-01   5.1563951e-01  -2.3111104e-01  -2.1692481e-01  -1.7579243e-01  -3.7607743e-02   1.0258533e-01  -1.8188814e-01   1.8600191e-01  -5.9666081e-02  -2.8076831e-01  -2.1836539e-01  -4.4665925e-01   4.7838279e-03   1.6070653e-01  -2.0456547e-01   4.8398509e-01   4.7608379e-01   7.4335189e-02  -2.9278611e-01  -8.7657622e-02  -1.7555210e-01  -2.9161582e-01  -4.0274830e-02  -4.6526309e-01   1.3122940e-01  -1.7230074e-01  -4.5539412e-01   4.5625577e-01   9.3279308e-02  -1.6824160e-01  -1.0485487e-01  -3.4329074e-01  -3.9387649e-01  -2.4270317e-01   5.6577412e-01  -2.2307113e-02   2.7722621e-01  -2.9517148e-02  -2.7379476e-02   8.4807339e-02  -1.4672644e-01  -1.3279723e-01  -3.4001158e-01   3.6226812e-01   2.4502521e-01   6.4227142e-01   2.0613353e-01  -3.3583225e-01  -4.9871039e-02   2.6526421e-01  -1.5578051e-01  -3.0681934e-01   3.3171440e-01  -1.2802519e-01   1.0647280e-01  -3.7344024e-01  -7.8433881e-02  -3.4062961e-01  -1.3229154e-01  -3.4739010e-01   4.0273695e-02   3.2038947e-01  -2.7707072e-01  -2.0617591e-01  -2.2914908e-01   3.4058775e-01   3.1998188e-01  -7.5449989e-02   2.0272026e-01  -7.4461144e-02  -3.2557029e-02  -1.7711305e-01   1.8553168e-01  -2.0814495e-01  -9.5560733e-02  -5.2752219e-02  -2.4809679e-01  -1.3771222e-01   2.9476476e-02   3.1915969e-01   1.4375389e-01   5.5246033e-01  -1.1549206e-03   4.4885400e-01   1.0373212e-01  -3.9388481e-02   2.7648687e-02  -4.0721164e-02   9.7875249e-02  -1.5670215e-01  -1.3389001e-01  -2.8694857e-01   4.7031060e-01  -4.1859380e-01   2.8853854e-01  -2.0546698e-01  -1.9353883e-01  -2.0803241e-01  -1.7904124e-02  -1.9825265e-01   3.0020006e-01   5.5080937e-01  -1.3622302e-01  -1.8235062e-01   2.0518526e-01   8.1847971e-02  -3.2619138e-01  -2.9935457e-01  -4.2400862e-01   1.4012840e-01  -2.4380112e-01  -1.0303037e-01
   2.8494555e-01  -7.6601050e-02  -2.0637034e-01   2.9663977e-01  -7.5438947e-02  -1.6731821e-01  -2.8286909e-01   0.0000000e+00   2.9103752e-01  -2.5508812e-01   4.3395305e-02  -1.7942072e-01   1.3416050e-01   6.4102568e-02  -2.2589292e-01  -1.5386537e-01  -1.2988425e-01  -7.5698463e-02   3.4985716e-01  -2.0750230e-01  -8.0558104e-02   1.8001472e-01  -1.5935642e-01   1.4836395e-01   1.7355351e-01   6.0128662e-01  -1.1547988e-01  -3.2491008e-02   5.8752994e-02   1.7849156e-01  -4.9642272e-02   3.3915744e-01   9.1615240e-02  -2.3994265e-01   1.2264602e-01  -2.7590488e-01   2.6626452e-02  -1.5233688e-01  -2.6488580e-01  -1.7930375e-01   3.3557427e-02   1.3637743e-01  -9.3493713e-02   3.9208136e-01  -3.1983877e-01   4.5563211e-02  -5.8389304e-02   2.1631468e-02   7.0616334e-02  -1.2098973e-01   6.0907553e-02   7.3330074e-01   1.3451830e-03  -2.6435021e-03   3.3421707e-01   1.6043122e-01   1.8046934e-01   1.6195546e-01   2.6951835e-01   4.0405174e-02   4.8541236e-02  -3.1724627e-02   1.5494248e-01   4.0536302e-02   4.3066012e-02  -2.3049648e-01   4.1074231e-01  -4.9396302e-02   3.7920199e-01  -2.3359609e-01  -3.8965182e-02  -1.1603728e-02  -6.1095496e-02  -6.2096635e-02   2.6562178e-01   5.0155423e-01   1.0256842e-01   3.6021153e-01  -1.1174487e-01   2.6742516e-01   6.9800302e-02  -1.4796542e-01  -1.0768697e-02   6.6025995e-01   7.0294415e-02   3.8993092e-01   1.6416637e-01   8.9968814e-02   1.1337426e-01  -1.7849522e-01   9.0822636e-02   4.9859292e-02  -1.6407530e-01   1.1021969e-01  -1.0176525e-02  -7.2479177e-02   1.3403653e-01   5.2859357e-01   7.0296509e-02  -2.3057262e-01  -1.3924877e-02   4.8817505e-02   4.7819522e-01   1.8306761e-01   1.3950792e-01   3.2672390e-01   1.6620486e-01   5.4771083e-01  -3.0997782e-01   4.8571475e-02  -1.9022346e-01  -2.0720745e-01   1.3914803e-01   3.4732632e-02  -7.1151963e-02   5.4866765e-02   3.7471700e-01  -4.3861169e-02   3.2934251e-01   3.7086100e-01  -2.4604199e-02   7.4145890e-02  -4.4555233e-02   5.0925794e-02   2.5976142e-01   1.7975935e-01  -1.1863656e-01   1.4043919e-01   5.1543266e-01  -1.5075663e-01  -1.5760421e-01  -2.0518566e-01  -1.3917233e-02  -4.4377234e-02   2.8412010e-01   5.9898652e-01   4.6203441e-02   1.7183677e-01   4.4562330e-01   1.2822234e-01  -2.9196389e-01   5.2912464e-02   2.4326360e-01  -2.2688702e-01  -1.7974441e-03   1.9201550e-01  -2.0742166e-01   2.0812954e-02  -9.8322792e-02  -7.1595242e-02   1.4225868e-01   4.6508538e-01  -7.8584348e-02  -3.9168009e-02  -2.6617674e-02   1.1551074e-01  -1.0600660e-01   7.2782445e-03   2.4968608e-02   9.9275931e-02  -5.0552702e-02   4.6191754e-01   8.9723666e-02   2.0744985e-01   2.2140573e-01   2.3855528e-02  -2.2362843e-01   2.6834625e-01  -1.4661149e-01   7.1350132e-02   7.2052251e-02  -1.4866513e-01  -1.0220412e-01   1.3102197e-01   2.3320825e-03  -5.1872488e-02   6.8033898e-02
   4.6496820e-02   4.3049720e-01   4.8123664e-02   2.6506052e-01   2.6442378e-01  -1.9282516e-01  -1.3192371e-01   2.9103752e-01   0.0000000e+00   1.7875397e-02  -2.1104370e-01   7.9655306e-02   2.1632506e-01   2.3808395e-01  -7.2214808e-02  -1.8582350e-01   1.4794999e-01  -1.0909296e-01   4.5819118e-01  -3.1297988e-02  -3.3766984e-02   1.3207062e-01  -2.7174172e-01  -2.3726615e-02   3.3682105e-01   1.2459140e-01   2.3760848e-01  -2.6039843e-01   4.1216896e-02   1.2750662e-01  -2.1329163e-02   3.0112846e-01   4.6966629e-02  -4.0533984e-02   3.8413479e-01  -1.9365586e-02   1.6488732e-01  -2.5711487e-01  -1.3036868e-01   1.7397080e-01   2.1611598e-01   2.0398852e-01   1.3663042e-01  -4.7810943e-02  -3.2963274e-02  -1.1379380e-01  -1.2218054e-01  -7.4395900e-02   2.2636915e-01   1.4754045e-01  -1.1124759e-01   1.6392966e-01   3.6153571e-01   9.9329787e-02   1.8599616e-02  -2.3267723e-01   2.1423220e-01   3.4910817e-01   2.5703530e-01   4.0078795e-01   1.3301653e-02   6.9058084e-02   4.5645121e-01   3.8538036e-01   4.7317700e-01   5.3409626e-03   2.8310338e-01  -9.5717687e-02   4.3700478e-02  -1.4386525e-01   3.2108950e-01  -7.3784033e-02   1.5176961e-01  -2.3268699e-01   2.4286617e-01   3.6703697e-01   3.2699802e-02  -1.4981183e-01   3.4397035e-01   3.7989351e-01  -3.4773778e-01   7.5526081e-02  -5.6542408e-03   1.5682453e-01   1.4825459e-01   2.8224964e-01   4.5828149e-01  -2.1252879e-01   2.1830135e-01  -1.3295467e-01   4.3677204e-01   1.0626934e-01  -5.2199047e-02   5.8752297e-01  -2.1956606e-01   2.6175378e-01  -2.1346160e-02   2.7671696e-01   2.5321536e-02  -1.7515199e-01  -6.8729267e-02  -1.1633462e-01   1.3733575e-01   6.1706089e-01  -1.1357173e-01   2.1355763e-01   4.5999465e-02   2.1828287e-01  -3.3851135e-02  -1.9549873e-01  -2.3933647e-01  -2.1715541e-01   2.1985621e-02  -8.6493347e-02  -3.1096140e-01   4.2493960e-01   1.5082086e-01   1.4213519e-01   1.0276600e-01   3.1013423e-01  -1.0441081e-01   4.1678463e-01   4.8444893e-02   3.1247327e-01   6.1344377e-02  -3.3456725e-02  -2.1352836e-01   2.1341882e-01   4.1889794e-01  -4.1924501e-02   1.0363000e-01  -6.8719059e-02   1.7530801e-01  -2.2664170e-01   5.3108563e-01   3.1869985e-01   1.7369853e-01  -2.3511610e-01   2.6831095e-01  -3.7884574e-02   8.7762882e-02   3.6127595e-01  -8.0840950e-02  -1.3743583e-01  -1.7175013e-01  -8.9350663e-02  -1.3620467e-01   3.9638039e-01  -1.9682623e-01   7.7177405e-02  -1.2063792e-01   6.6129843e-02  -3.6516671e-02   7.8693928e-02   3.4840655e-01   6.2550468e-02  -9.9349758e-02   1.0246520e-01   6.1606679e-02  -3.1073424e-01  -7.5328555e-02   1.4292015e-01   3.0716934e-01  -7.5899941e-02   3.2004672e-01   3.0230133e-01  -1.0927383e-01   3.0895836e-02  -1.3968259e-01   1.7430864e-01   4.6267472e-01  -1.2845132e-01   3.7169488e-02  -2.7439698e-02   2.2273141e-01  -2.9488818e-02   3.5528933e-01
  -3.8069988e-01   2.2925442e-01   3.9435196e-02  -2.6114986e-01   6.4359217e-01  -9.3560604e-02   2.4953912e-01  -2.5508812e-01   1.7875397e-02   0.0000000e+00  -1.5279516e-01   1.8872923e-01   4.2655704e-01  -9.5469106e-02   1.7037186e-01   1.7389152e-01   2.0789263e-01  -4.7948516e-03  -1.3180782e-01   3.5928943e-01   3.4239370e-01  -2.3797917e-01   2.8868890e-01  -3.0524061e-01  -3.5757707e-01  -2.3071961e-01   3.9224408e-01  -1.2387227e-01   6.8807486e-02  -3.6831655e-01  -1.0043900e-01  -1.5755623e-01  -1.3388457e-01   5.0352742e-01   1.3833312e-01   4.9494077e-01   5.0803421e-01  -3.7363813e-01   7.5099118e-02   4.6124295e-01   4.0261932e-01  -1.5478610e-01   1.8534125e-01  -2.3101743e-01   1.4438951e-01  -3.7114155e-01   7.1288076e-02   3.4331393e-02   2.6337474e-01   1.8725224e-01  -1.1196397e-01  -2.8940513e-01   3.9139873e-01  -1.4307402e-02  -3.6397217e-01  -1.5194526e-01  -1.1762288e-01  -5.6686394e-02  -7.2699892e-02   1.7328629e-01  -1.8700247e-01   2.2336088e-01   1.9576688e-03   3.8097620e-02   1.4398603e-01   7.0051602e-01  -1.6439914e-01   4.2429879e-02  -3.3248174e-01   7.7868926e-02   3.9253110e-01  -2.6203520e-02   2.3194021e-01  -3.7101205e-01  -2.9495776e-01  -1.6734284e-01  -3.7398307e-01  -1.3410331e-01   6.2598070e-01   5.6710114e-03  -1.6036789e-01   2.0737690e-01   3.4373410e-01  -3.5157694e-01  -1.1689872e-02  -7.4234158e-02   1.5116529e-01  -2.2358486e-01   1.5182466e-01  -1.7685369e-01   5.0704660e-01  -3.1065123e-01   6.8037024e-01   6.2906837e-02  -2.8067662e-01   5.4629033e-01  -2.0165970e-01  -2.9161139e-01   6.2197051e-02   4.5289965e-01   1.2555227e-02  -2.2004868e-01  -2.8732773e-01   4.7426942e-02  -2.2849157e-01  -1.5102130e-01  -2.4900186e-01  -4.2829484e-01   4.9483115e-01   2.4408707e-01   4.4052226e-01  -1.7702130e-01  -9.8167991e-02  -3.0558844e-01  -1.0121563e-01   4.9366908e-01  -2.2805315e-01   4.3204663e-01  -1.0508957e-01  -2.3216372e-01  -3.3479678e-01   5.2545754e-01   9.6103866e-02   2.1972718e-01  -4.7828895e-01  -2.7276707e-01   3.5946958e-02  -4.4821766e-01  -1.3854800e-01   2.0583082e-01   1.2957232e-01   3.2651672e-01  -1.4144895e-01   2.2120009e-01  -2.8912253e-02  -2.5088713e-01  -1.6740168e-01  -2.2332903e-01  -3.2955041e-01  -2.7153857e-01  -1.2084477e-01   3.3545422e-01  -3.2588869e-01   1.6791063e-01   1.8137577e-01  -1.0161186e-01   4.5345081e-01   5.5944176e-01   3.2757312e-01   3.1418055e-01  -2.6105047e-01  -1.3885995e-01  -2.1185729e-01   3.6791740e-01   3.2690174e-01  -2.2157269e-01  -4.1772564e-01   1.6511079e-01  -1.2750918e-01  -2.5512010e-01   2.2350815e-02  -2.6457377e-01   5.8087240e-01  -2.6297254e-01  -1.7237415e-01   5.8056200e-01   3.7544947e-01  -2.2360622e-01  -2.1877544e-01   4.8816707e-01   5.6553167e-01  -3.1798602e-01   4.3955352e-03  -2.1302044e-01   3.9459315e-01  -8.9875640e-02  -4.6169523e-02
  -2.3663866e-02  -3.3728345e-01  -4.4376950e-02   2.7582929e-01  -5.4087409e-03   3.4073649e-01   6.5341149e-02   4.3395305e-02  -2.1104370e-01  -1.5279516e-01   0.0000000e+00  -7.6390782e-02   8.2372231e-02  -1.3436468e-01   4.3333101e-01   2.5967664e-01  -2.0395785e-01   6.2844141e-01  -1.0957830e-01  -3.2908334e-02   3.8319487e-01   3.9895884e-01   2.3170664e-01  -8.8614050e-02  -1.1114941e-01   2.2667944e-01   5.7998787e-02   2.1061580e-01  -4.7463825e-02   3.9185729e-01   2.7971819e-01   2.6558138e-01   1.6831331e-01  -5.9639661e-02  -1.6060695e-01   2.7699147e-01  -3.0402928e-01   1.1577104e-01   3.4144549e-01  -2.0580744e-01   1.8206645e-01  -4.6775252e-02  -1.2872156e-01   4.8767074e-01   8.1004823e-02   1.4929560e-01   6.1217742e-01   1.8155897e-01  -2.0843541e-01  -2.9102812e-01   6.5392278e-01   1.8202935e-01  -3.1379077e-01  -9.0813193e-02  -5.2734478e-02   4.7283030e-01  -5.6318629e-02   9.3573690e-02   2.7745650e-01  -4.5986669e-02  -9.2134992e-02   9.4703362e-02  -2.4848076e-01  -5.4450672e-02  -1.3175796e-01   3.0837378e-02   2.1611710e-01   6.5649092e-03   6.2928607e-01   1.3947295e-01  -4.0637884e-01   2.4716822e-01   7.9410881e-02   3.9214538e-01  -2.4187086e-01  -1.6511576e-01  -7.3070367e-02   3.3236104e-01  -1.6422970e-01   9.4758745e-03   3.6313147e-01   1.4365080e-01  -4.7889499e-02   4.9554941e-02  -1.9850555e-01  -1.5889513e-02  -4.1062779e-01  -2.6376104e-02  -3.3528586e-01  -1.1884311e-01  -1.9125819e-01   3.4280185e-02  -4.1983352e-02   1.8928447e-02   1.1844045e-01  -1.7626628e-01   1.6850788e-02   3.9922174e-03   9.0577196e-03   4.1777474e-02   2.2825025e-03   6.3193325e-01   2.4888665e-01  -1.1282354e-01   5.4355930e-01   5.5778828e-02  -1.1875395e-01   3.9423151e-01  -4.2012391e-02   4.5429389e-01   1.2921858e-01   6.0819537e-01   5.2608449e-02   1.6285468e-02   1.6788546e-01  -3.3862384e-01   1.1380729e-01   1.9572315e-01   7.6633771e-02   2.5612374e-01   2.2626412e-02  -1.6911863e-01  -2.5028146e-01  -5.2764890e-02   9.9777129e-02   1.3036370e-01   4.0133698e-01   4.8893067e-02   1.3715923e-01  -4.9458730e-02   2.0224687e-01   2.3060308e-01   4.7485556e-02   2.1119003e-01  -1.4590431e-01  -9.3003605e-02  -5.6288514e-02   2.7433518e-01   1.3225453e-01  -1.6989758e-01  -1.0716774e-01  -6.9509715e-02   3.8861564e-01   1.1217589e-01   1.5088834e-01   1.0290146e-01  -2.1522493e-01  -1.1925958e-01   4.8885318e-01  -1.0853266e-01   6.1146553e-02   1.5543784e-01   2.0311286e-01   2.5660263e-01  -2.8362016e-01   4.9849474e-02   1.8565873e-01   2.9947338e-01  -1.5419588e-01   4.5044210e-01  -3.3291230e-03   4.7463564e-01  -2.1900979e-01   5.4668655e-01   2.8043256e-01  -2.3427887e-01   3.3007603e-01   1.0454949e-01   4.6359177e-02  -6.4553489e-02  -3.3721428e-01  -1.3933566e-01   1.6960892e-01   1.8729811e-01  -2.2569600e-01  -1.2581157e-02   2.1882005e-01
  -1.4511207e-01   5.7579080e-01   4.5043761e-01   2.1417663e-01   2.7460348e-02   3.2527458e-01   2.8119254e-01  -1.7942072e-01   7.9655306e-02   1.8872923e-01  -7.6390782e-02   0.0000000e+00   2.4006400e-02   3.2625333e-02   2.5404951e-01   4.0202996e-01   3.4447807e-01   3.7925727e-02   8.9050546e-02  -8.9346782e-02   7.5818489e-02  -1.2765703e-01   1.1906425e-01  -2.7223664e-01   1.4948300e-01  -1.4412718e-01   2.6849531e-01   5.7731181e-02  -1.7890597e-02   4.5939937e-02   1.4580874e-01   1.3796674e-02   3.9268041e-01   2.2927652e-01   1.2298960e-01   4.7152524e-02  -1.5106129e-01  -2.4248971e-01   2.8275538e-01   3.2674504e-01   1.3256324e-01   2.8754796e-01   1.9654350e-01  -7.4493143e-02  -1.1484526e-02  -9.5799950e-02   9.0287876e-02  -5.0025245e-03  -1.2297731e-01   2.5290663e-01  -6.3062933e-02  -1.4855749e-01   1.2713563e-01   3.8455245e-01   2.6884594e-01  -2.1644812e-01  -1.5330939e-02  -9.5372947e-02   2.0621599e-01   4.9487445e-01   7.6291638e-02   3.5131255e-02   9.2019553e-02  -6.1298268e-02  -9.9505501e-02   1.7836733e-01   1.2047301e-01  -1.8009372e-01  -1.6814951e-02   1.5770566e-01   1.9509989e-01  -1.9318415e-01   3.5192591e-01   2.7370120e-01   5.5591308e-02   1.3262395e-01  -5.0472195e-02  -1.1288173e-01   1.0165628e-01   8.0070429e-02  -7.4403946e-02   3.4472622e-01   1.4571404e-01  -1.7158851e-01   3.3618621e-01   5.3533718e-02   1.6799691e-01   6.0425805e-02  -2.2783979e-02  -6.4981771e-03   3.8845997e-02   6.1288848e-02   4.1556003e-01   1.7452230e-01  -6.3414497e-02  -1.4927300e-02  -8.2681691e-02  -1.2445611e-01  -2.2920119e-01  -3.0713887e-02   5.9406149e-02  -1.6415589e-01  -1.4074470e-01   8.8794638e-02  -8.7743663e-02   5.4642369e-02   9.9280754e-02  -1.4962771e-01   7.7170634e-02   1.3587012e-01   2.9337027e-01   2.0185548e-01  -1.0381432e-01   6.8029054e-02   1.2668948e-01   1.0048714e-01  -2.5123431e-01   3.3019974e-01   2.0659849e-01   8.5910195e-02  -1.7593840e-01   9.3842966e-02  -1.2258733e-01  -2.1136486e-02  -2.1664590e-01   1.2869504e-01   9.8945667e-02   3.8807481e-03  -8.3707813e-02   1.5616519e-01   3.2938932e-01   9.3243712e-02   2.8391747e-01   4.8170318e-02   1.7982762e-01   1.4384467e-01   1.2003244e-01  -4.7732226e-02  -5.7232222e-02  -1.3595913e-01   1.2000357e-01  -2.8984559e-03  -2.7787257e-01   4.2692187e-01   1.2361553e-01   9.6306628e-02   3.9470754e-01   8.1290340e-02   1.4581830e-01  -8.8117195e-02  -4.0609920e-02  -1.5300915e-01   1.9397599e-01  -7.9044651e-03   3.8534099e-01  -1.5720594e-01  -8.6416135e-02   2.1727404e-01   1.5313264e-01   6.3725687e-02  -2.1764323e-01  -1.9997095e-01   3.6418301e-02  -1.6233418e-01  -1.0432666e-01   7.1666510e-02   1.3300962e-01   8.4560089e-02  -5.0845626e-02   3.8083749e-01   9.3220482e-02  -1.6712135e-01  -1.3291350e-01   1.2837734e-01   1.1497247e-01   8.7056319e-03   1.4407437e-02
  -1.7967841e-01   9.1197364e-02   3.3653943e-02   1.2719979e-01   5.8690033e-01  -4.9014061e-02  -7.6998617e-02   1.3416050e-01   2.1632506e-01   4.2655704e-01   8.2372231e-02   2.4006400e-02   0.0000000e+00  -1.1988330e-01   2.0539877e-02   2.6518702e-02   1.5819475e-01   2.9445532e-01   8.2229690e-02   2.9114213e-01   2.0450755e-01   1.3746029e-01  -6.1367591e-03  -2.4038941e-01   1.2699750e-01   1.4710068e-01   2.7359206e-01  -1.3950645e-01   1.4322739e-01  -4.9046656e-02   1.4165281e-01   1.1631047e-01  -4.3340721e-02   4.0718579e-02   3.1993732e-01   2.4751040e-01   4.4043834e-01  -2.7337394e-01   1.4337608e-02   2.7791040e-01   7.1360981e-01   1.3201600e-03  -2.4164586e-02  -8.2890982e-02   3.2448551e-02  -7.8196478e-02   1.8146401e-01  -4.3583201e-02   4.3209752e-01   1.1535480e-01   2.5026450e-01   7.3815842e-02   2.4887638e-01   8.8923993e-03  -6.4773381e-02  -6.0839233e-02   5.5460575e-02   2.2989242e-01   3.0179094e-01   5.7097747e-02  -1.0309756e-02   3.3909113e-01   1.6332298e-01   5.7307851e-02   1.7586081e-01   2.2888884e-01   1.6058774e-01   1.5242422e-02   2.3358068e-01   7.5988887e-02   1.1431405e-01   2.1787141e-01   3.0242292e-01  -1.6900622e-01   1.5261574e-02   9.8262040e-02  -4.4627273e-02   5.1112045e-02   3.5019053e-01   3.1814965e-01  -1.0775595e-01   4.1329561e-02   1.6109526e-01  -3.0757639e-02   4.9684557e-02   1.4834278e-01   1.8803463e-01  -2.0840952e-01   2.7931017e-01  -3.3635595e-01   4.5695907e-01   1.8837264e-02   2.4585325e-01   2.5589970e-01  -1.2803975e-01   4.0304483e-01   1.1882234e-01   3.4365478e-02   3.1538887e-01   1.0399323e-01  -3.7224527e-02  -1.2698109e-03   4.8426155e-02   2.2918958e-01   1.7928774e-01   1.2691629e-01   2.5439372e-02   2.1956710e-01   2.4093744e-01   2.1477129e-01   3.6236111e-02  -4.8704834e-02   2.5089536e-01  -1.9475051e-01  -1.0909794e-01   3.3502895e-01   1.7781181e-02   4.1779909e-01  -3.1651975e-02   2.5938314e-01  -1.5784115e-01   4.8286426e-01   1.8387835e-02   2.0721984e-01   1.5092433e-02  -2.6337398e-01   6.9697272e-02  -1.8045704e-01   3.1155200e-01   1.3202930e-01   6.5652517e-02   2.5685280e-01   8.6723371e-02  -5.2699367e-02   1.3182497e-01   5.0578307e-02   3.3325623e-02  -1.5353845e-01   1.3997496e-01  -1.7616530e-01  -2.1666531e-01   5.1637082e-01   2.3396460e-02   8.8637474e-02   2.8418996e-03  -1.1782289e-01   3.3522962e-02   3.3134350e-01   1.0452100e-01   2.3809019e-01  -8.2938749e-02   8.3714228e-02   8.8001812e-02   2.1048825e-01   1.9343231e-01  -7.8760632e-02  -2.1573573e-01   3.3208942e-01  -1.0805258e-01  -1.7766540e-01  -4.0312185e-02   1.5510644e-01   4.5901733e-01   2.3932111e-01   2.3715067e-01   2.7341775e-01   6.0124035e-02  -4.1551860e-02  -1.6517797e-01   3.0901957e-01   2.9681022e-01  -2.4657354e-01   1.9502301e-01   8.6241772e-02   2.6996028e-01  -3.2585720e-02   2.2419413e-01
   3.3238953e-01   1.0111689e-01   1.3899537e-01   1.0825375e-01  -2.4347010e-01   4.8669218e-03   6.2317708e-03   6.4102568e-02   2.3808395e-01  -9.5469106e-02  -1.3436468e-01   3.2625333e-02  -1.1988330e-01   0.0000000e+00  -1.5995861e-01  -8.7924750e-03   1.1890525e-01  -1.4815770e-01   1.1962633e-01  -3.3432623e-01   3.4615733e-02   4.7652879e-02  -8.1814928e-02   1.9681440e-02   1.8613091e-01   5.2756475e-02  -1.9107703e-01   2.3331811e-01  -1.9909221e-01   1.1142257e-01  -3.9257197e-02   4.3588789e-02   2.3633346e-01  -1.8403542e-01   1.4526617e-01  -2.6942376e-01   1.2893076e-02   1.4601577e-01  -2.7981361e-02  -6.6713369e-02  -2.3091253e-01   1.3064891e-01  -2.3756213e-01   2.5220533e-01  -1.3825093e-01   1.4303450e-01  -1.6902026e-01   4.9643793e-02   1.0246104e-01   2.6812307e-02  -1.0959667e-01   8.0074112e-02  -7.9467995e-02   2.0888388e-01   1.9841369e-01   6.5323595e-02  -7.7351969e-02  -1.4746648e-01   9.7034424e-02  -2.8887918e-02   2.1250480e-01  -9.3236118e-02  -8.1049106e-02   1.0872904e-01   1.2790269e-01  -2.3539122e-01   7.0584930e-03  -1.3827781e-01   5.9335596e-02   1.1749978e-01   1.8653009e-01  -2.3858576e-01   9.1364970e-03   1.3995821e-01   1.0460359e-02   3.4470507e-03   1.9188791e-01  -1.1508229e-02  -2.1539897e-01  -1.3640066e-01   2.3787136e-01  -2.9456111e-01   9.0933771e-02   1.2793359e-01   2.4953963e-01  -9.1711202e-02   3.3290100e-01   1.2012332e-01  -7.7937992e-02   1.5283572e-01  -1.3311083e-01   9.5555170e-02  -2.0364585e-01  -4.5548246e-02   1.6229455e-01  -3.2086220e-01   1.3352115e-04  -1.9511059e-02  -5.8502665e-02  -1.3788196e-01   4.6445062e-01  -1.0825939e-01   2.8685608e-01   2.9574753e-01  -1.2775507e-01  -1.1381712e-01   2.1039234e-01   4.8915476e-03   1.5058173e-02  -1.6593968e-01  -3.1121469e-02  -1.7940730e-01  -1.4366978e-01   1.0510666e-01   3.1545300e-01  -7.1062194e-02   2.3597613e-01  -1.2075777e-01   3.7018544e-01   1.1463735e-01  -5.6731538e-02  -2.7463042e-01  -6.6002213e-02  -1.9842537e-02   5.5980499e-02   3.5291921e-01  -1.2286390e-01   1.0455913e-01  -4.7893540e-02   1.9870818e-01  -5.3491106e-02  -1.2169780e-01   3.1514600e-01  -1.1005731e-01   3.8353113e-04   1.7049223e-01  -4.9371016e-03   3.7142122e-01   7.1651608e-02   3.2804547e-02   2.8607942e-01  -6.2231674e-03   5.2489702e-02   1.0531698e-01  -8.3633784e-02   6.1438010e-02   1.2048546e-01  -1.1978080e-01  -1.0657392e-01   2.7391399e-02   2.7319247e-01   3.4499895e-01   1.3318284e-01  -8.1779488e-02   1.0201770e-01   1.1324148e-01   1.7370829e-01  -1.3819125e-01   1.6026024e-01   1.5912653e-01  -9.9323015e-02   1.6460734e-02   5.1716894e-03  -9.6852078e-02   3.3189461e-02  -2.4723140e-01  -9.4428518e-02   3.8283799e-02  -3.2724983e-03  -6.8128726e-02  -1.6819301e-01   9.5092046e-02  -1.7969927e-01   1.4389457e-02   2.2440412e-02   1.5246435e-02   1.2752077e-01
