   0.0000000e+00   1.2100872e-01  -3.0478106e-01   8.8899405e-02  -3.3828746e-01   7.2816286e-02   7.8689808e-02   1.8840782e-01  -8.3072413e-02  -3.8260822e-01   3.5755766e-01  -4.1296842e-02  -7.7033478e-02   2.9653783e-01   4.6449433e-01  -1.0666009e-01  -3.3050789e-01   1.5199314e-01   2.0906085e-01  -2.6170079e-01   7.0994144e-02  -3.2932466e-02   5.4168462e-02   7.2641201e-01   8.9440064e-02   4.0466077e-02  -3.4417675e-01   5.9713094e-01   5.9350890e-03   3.4579479e-02   1.4684366e-01   1.3104231e-01   1.3993636e-01  -6.7442249e-02   1.5346331e-01  -3.0849737e-02  -6.1041211e-02   5.3658378e-02  -1.0524401e-01  -4.1449692e-01   5.8181098e-02   8.9552672e-02  -2.5087694e-01   2.9388573e-01  -7.6616051e-02   2.0076109e-01   1.2047574e-01   8.3157703e-02  -2.1184137e-01  -4.9548687e-01   3.0813733e-01   2.5900553e-02  -1.8233496e-01   1.1942595e-01   1.8407707e-01   3.9456919e-01   3.8138164e-01  -5.5110647e-02   2.7334027e-01   1.9872539e-01  -1.3046413e-01   5.6694864e-02  -1.1014388e-01   2.3111199e-01   9.2448120e-02   8.8363354e-03  -3.9107996e-02  -2.2537668e-01   4.4137122e-02  -1.4246867e-01  -3.0306903e-01  -3.3709730e-02   4.8154065e-02   2.8086277e-01   1.8191797e-01   2.0443625e-01   4.5511930e-02   6.6229154e-02  -1.5806174e-01   1.2529710e-01   4.2715512e-01   5.6604972e-02  -2.7749582e-01  -2.5163991e-02   8.7765098e-02   2.6720521e-01   4.2006943e-02   7.0792306e-01   2.1249167e-01   7.7162683e-01  -9.8075871e-02  -1.7548448e-01  -2.3826927e-01   6.6460229e-02   1.5778591e-01  -4.0103512e-01  -2.1171827e-01   2.2897385e-01  -1.8458521e-01  -1.2874482e-01  -2.9190229e-01   5.1956283e-01   2.3987490e-02   9.8924037e-02   8.1813378e-02   1.0602416e-01  -1.9285058e-01   1.1729142e-01   1.5944814e-02  -3.3560607e-01  -2.5138744e-01   1.7882376e-02  -8.3255318e-02   8.2748679e-01   1.7433243e-01  -2.6030300e-01  -8.1370807e-02   8.0339053e-02   4.0352678e-01   1.5426153e-01   3.2831338e-01  -2.3690178e-01  -4.5755713e-02   1.1200095e-01   5.4399071e-01   6.0698753e-01   3.2618788e-01  -1.1643666e-01  -1.1373409e-02  -1.3353391e-01   1.5162346e-02   1.0289195e-01   3.1597137e-01  -1.0890534e-01   9.1345859e-02   1.2177744e-01  -3.8411367e-02   1.5233803e-01   2.2257094e-01   6.6905902e-01   7.8690031e-01  -6.9244661e-02   2.5962158e-01  -6.4607231e-02   3.4047106e-01   1.5081880e-01  -3.5122354e-01  -2.4609107e-01  -2.9021529e-01  -2.6662058e-01   4.6012880e-01   1.2265970e-01   3.6403768e-01  -6.5880841e-02  -4.5950074e-01   5.6695355e-01   2.9226181e-01   1.8991331e-01  -2.9017257e-01   3.0060216e-01  -3.0112940e-01   2.3781249e-01  -3.7813482e-01   2.4882592e-01   1.3253093e-01  -1.6139771e-01   1.2823158e-01   6.1280765e-01   2.1013005e-01  -3.5953074e-01  -2.2208741e-01  -1.3113879e-01   1.5448208e-02  -1.2715555e-01   3.4964913e-02  -1.2905265e-01   1.2350942e-01
   1.2100872e-01   0.0000000e+00   5.7491355e-02   9.0670306e-02  -2.4579192e-01   1.4560966e-01  -9.9660629e-02   1.3209564e-01   6.2304006e-01  -1.3737958e-01   1.3935877e-01   2.2171978e-01  -9.3386299e-02   1.9862961e-01   3.7585684e-02  -1.9249963e-01   1.3909859e-01  -1.9335365e-01  -6.0459320e-02  -3.1385777e-01   1.2328606e-01  -6.3361175e-03  -2.1106418e-01  -1.0496992e-02   3.2163982e-01  -1.9454684e-02   1.4460477e-01  -1.3682976e-01  -4.0448926e-02   2.9952409e-01   4.0988378e-01   2.9908820e-01   2.9047989e-01   3.1184333e-02   3.4607864e-01   3.9402450e-02  -9.5474535e-02  -2.5045826e-01  -3.6242645e-02   1.6830264e-01   7.8233603e-02   8.0793079e-02   8.5331356e-02  -1.7212650e-01  -3.1169432e-01   3.2667964e-01   2.6969511e-02   1.7771912e-01  -9.2635427e-02  -1.1967031e-01   1.7262576e-02  -7.4234185e-02   4.1529378e-01   4.5909837e-02   2.4381166e-01  -1.6558792e-01   3.7879423e-02   1.7027176e-01   1.5845844e-01   3.4594407e-01   2.4928841e-02  -1.6787080e-01   4.8079841e-01   4.7268080e-01   2.0570785e-01  -1.4953162e-01   2.9148228e-01  -2.6657671e-01   2.9191172e-01   1.5255184e-01   4.4942570e-01  -1.0645416e-01   2.4461517e-01   2.3691829e-02   1.7438445e-01   4.0039539e-01   2.2108725e-01   3.7672623e-02   1.7865450e-02   4.9555817e-02  -6.7608861e-02  -1.1740934e-01   1.3488812e-02   5.6040282e-03   1.7503121e-01   2.7662912e-01   6.3978842e-01   6.2923231e-04   1.2000925e-01   7.7534083e-02   1.7546952e-01   1.0242089e-02  -2.9547733e-01   5.8713881e-01   3.2289653e-01  -3.0744024e-01  -2.5573688e-01   2.0675550e-01  -1.9768018e-01  -2.0458713e-01   2.3117943e-01   1.2406908e-01   1.3187741e-01   5.5220123e-01   1.9866052e-02   3.1170061e-01   1.1424948e-01   2.3532821e-01  -2.9102882e-01   2.1835008e-02  -1.7131092e-01   1.4290711e-01  -1.3501525e-01   6.5778632e-02  -6.4616122e-03   5.8412373e-02   2.5656325e-02   6.6853766e-02  -4.6404984e-02  -4.0032478e-02   9.8491862e-02  -3.8890762e-02   2.9466241e-01   3.0401838e-01   1.8342214e-01   8.4840433e-02  -2.1669049e-01   1.9887057e-01   1.1165574e-01   2.6050638e-01   2.5401874e-02   1.6395327e-01   4.3533797e-01   1.9945435e-01   3.6471889e-01   5.0144739e-01   1.0792321e-01  -7.5658215e-02   6.2990134e-02   1.8120011e-01   1.3892563e-01  -3.2034740e-02   1.4337843e-01  -6.2305402e-02   8.6335036e-02   3.2031510e-01  -5.4927902e-02   4.9823983e-02  -3.4917627e-01   8.6501050e-02  -2.9227129e-02  -4.5137858e-02   5.7849765e-03   2.5113543e-02   1.6992739e-01   3.2965216e-02   1.6624038e-01   7.9793607e-02  -5.2216938e-02  -1.5717335e-01  -3.3335706e-01   1.6215141e-01   9.4642893e-02   1.5404756e-01   3.0417264e-01  -5.2776680e-02  -4.4735745e-02  -2.2075443e-01  -1.4292905e-02  -1.2685667e-02  -1.2098300e-01  -3.1250914e-01  -2.0730821e-03   6.1142391e-02   2.3643216e-01  -8.3479673e-03   2.7361356e-01
  -3.0478106e-01   5.7491355e-02   0.0000000e+00  -7.6496987e-02  -7.7113177e-02   4.7470706e-01  -2.8466878e-01  -8.7121196e-02   1.7148769e-01   5.1385420e-01  -4.1962869e-01   6.7229250e-01   4.1663461e-02  -8.0759062e-02  -2.1853274e-01   1.0235611e-01   9.4141396e-01  -3.1743320e-01   2.5827747e-04   8.7134814e-02  -4.6527470e-01   3.4164929e-02  -3.9218782e-01  -3.1870426e-01   1.5251097e-02   1.9795767e-02   1.0926425e-02  -2.9843150e-01   1.4131950e-01  -8.5185867e-02  -1.6892463e-01   1.5129633e-01   2.8491761e-02  -3.6186889e-02  -2.6090988e-02  -3.7250558e-01  -2.8477525e-01  -9.5902380e-02  -8.7587291e-02   6.9594563e-01  -1.5664455e-01   3.1056196e-01   6.3326269e-01  -1.9687758e-01  -1.7735614e-01   4.8009891e-01  -2.1254117e-01  -3.5420420e-01  -1.9254944e-01   7.9708543e-01  -3.2758956e-01  -4.9713810e-02   1.3484239e-01   6.1755424e-01   2.1081532e-01  -2.3386734e-01  -1.0998904e-01   1.2344982e-01  -1.8433557e-01   1.0566557e-01   5.9474441e-01  -3.1563708e-01   1.3643950e-01  -3.4338295e-01  -4.5762249e-01  -4.9485887e-01   4.5765188e-01  -6.5170973e-02  -3.7966121e-02   8.2652230e-01   2.6949730e-01   4.4784034e-03  -6.3331006e-02   3.9935980e-01   2.8200043e-01   1.9611196e-01   1.6022216e-01  -4.7903434e-02  -3.2275101e-01   1.7081959e-01  -2.2510832e-01  -1.8077927e-01   3.0452600e-01   7.6591718e-03   3.6181087e-01  -3.1980407e-02  -3.8466644e-02  -9.5704896e-02  -2.6416257e-02  -2.7057770e-01  -2.4549775e-01   7.6165359e-01   3.5843682e-01   8.2147479e-02   3.3103397e-02   2.4932986e-01   1.2484105e-01  -2.0445993e-01   6.7876847e-02  -2.4913444e-01   5.3459894e-01  -2.1105916e-01   6.5980091e-02  -2.5245798e-01  -1.9053517e-01   3.8624728e-02   6.2400365e-01   9.4850699e-02  -3.8226336e-01   1.7449822e-01   5.4001611e-01  -6.1132138e-02   1.5861147e-01  -3.3334533e-01   2.4517020e-01  -7.9143290e-02  -8.2155145e-02  -1.3094147e-01   3.4259476e-02  -7.7177802e-02  -5.1400671e-02   2.3869936e-01   6.5395231e-02  -3.9432605e-01  -7.3749412e-02  -1.8208129e-01  -4.4174166e-01   3.8689896e-01   1.4229356e-01   6.9755689e-01  -1.8165907e-02  -4.3330115e-01  -6.2369559e-02  -3.0865669e-01   3.7597891e-01   1.4780402e-01   3.5216896e-01  -2.5437383e-01  -7.8084951e-02  -1.3572952e-01  -2.6772133e-01   2.3717777e-01  -2.0406351e-02   5.0002346e-01  -7.6539299e-02  -3.5706968e-01   5.6881590e-01  -1.1494108e-01   3.0102080e-01  -2.4413401e-01   3.7933527e-01  -2.4176759e-01   2.6863482e-01  -2.1183496e-01   7.7864460e-01  -2.2195782e-01   8.1830502e-02  -1.5099549e-01   7.9237872e-01  -1.2656879e-01   1.5166656e-01  -1.8434392e-01   2.3809182e-01  -2.2605674e-01   8.5124167e-02   3.2023347e-02  -1.1830171e-01  -3.7146095e-01   2.5721837e-01   2.3524395e-01   8.1912298e-02  -2.6206933e-01  -2.1749044e-01   3.5663508e-01   1.8099224e-01   4.1675351e-01  -4.5993442e-03
   8.8899405e-02   9.0670306e-02  -7.6496987e-02   0.0000000e+00  -2.4010297e-01   3.2238354e-01   2.6096316e-01   2.3412021e-01  -1.9276638e-02  -1.3710103e-01   3.0735303e-01  -1.2787215e-01  -5.7626792e-02   3.7152782e-01   7.2343612e-02   9.2063672e-02  -2.7885099e-02   5.0573586e-02   1.2925490e-01  -3.7838711e-01   4.7858919e-01   3.9260760e-01   3.0635349e-01  -1.9426120e-01   2.1761020e-01   2.4499783e-01   4.5572662e-02   5.3129104e-02   1.2329773e-01   4.5247780e-01   1.6465912e-01   4.5896359e-01   4.1483107e-01   2.2653616e-02  -7.0967938e-02   1.3130530e-01   8.1018748e-02   1.2829180e-01   1.9765447e-01  -3.6732815e-02   1.7162023e-01   8.3873743e-02  -1.7955060e-01   1.6188782e-01  -3.6111428e-01   1.4367155e-01   3.9060100e-01   4.4539402e-01   2.7076282e-01  -1.9584520e-01   4.2873329e-01   1.7001609e-01   2.5523788e-04   2.4413592e-01   2.2640084e-01   2.8811348e-02   3.4479284e-01   2.2189767e-01   4.4305242e-01   1.0607762e-01  -7.7118386e-03  -2.2508386e-01   4.8417747e-02   1.8932791e-01  -1.4285398e-01  -2.5498452e-02   3.3582554e-01  -4.3829282e-01   4.9174737e-01  -8.2187070e-02   5.4804375e-02  -1.0177294e-01   1.9761362e-01   1.6713126e-01   2.3281529e-01   1.3361988e-01   2.4360232e-01   3.0199686e-02  -2.6961959e-01   1.7810203e-01   1.3109308e-01   1.9894730e-02   9.7576323e-02   2.3924263e-01   2.3882732e-01   2.8314224e-01   9.4751701e-03  -4.8799822e-02   1.8131480e-01  -1.2696606e-01  -2.6105568e-01  -2.4539830e-02   3.9642147e-02  -6.6679766e-02   3.5154277e-01  -2.5179501e-01  -1.5780438e-01   2.2595356e-01  -2.0331710e-01   1.2992778e-01   7.3835662e-02   1.6764096e-01   4.0205188e-01  -1.4677171e-01   2.7258117e-01   5.4469613e-01   1.7059203e-01   2.3416757e-01  -1.0869076e-01   1.8202485e-01  -5.4124236e-02   4.5343968e-01  -2.2671880e-02  -9.1096958e-02  -5.5372524e-02  -2.1467951e-01  -2.9354290e-03   5.5860639e-02   1.8621311e-01   5.2080897e-01   1.6105703e-01  -3.0661353e-01  -1.3902245e-02   2.6469526e-01   5.2785152e-02   1.0509846e-01   2.3348312e-01   8.6097375e-02   5.1877138e-01   8.2439845e-02   1.5501104e-01   1.8427161e-01   3.6003422e-01   3.6456531e-01   2.1030822e-01   2.5621819e-01   1.3100812e-01   3.4937217e-01   3.6015126e-01  -3.5493493e-02  -5.1004569e-02  -1.1383235e-01   1.4706978e-01   5.8857737e-02   2.7511322e-01   4.8259988e-01  -1.1729556e-01   2.7992305e-02   6.0893580e-02   1.0965411e-01  -1.6737755e-02   2.6282468e-01  -1.2499909e-01   1.3135624e-01  -8.3491470e-02  -5.2456301e-02   1.6570463e-02   2.5588414e-01  -3.6941335e-02   2.2644832e-01  -4.3085672e-01   2.1369735e-01  -8.7021355e-03   4.4214330e-01   3.8829239e-01  -3.4972210e-01  -7.2702947e-02   2.1152602e-01  -1.2354262e-01   6.2869522e-02  -3.4467821e-01  -5.0173206e-02  -3.8316614e-01   3.1567097e-01   3.3805662e-01   1.4433637e-01   5.6335152e-01
  -3.3828746e-01  -2.4579192e-01  -7.7113177e-02  -2.4010297e-01   0.0000000e+00  -3.4914487e-01  -3.9285636e-01  -2.2011400e-01   1.9573757e-01   1.3116448e-01  -1.9263344e-01  -1.5690410e-01   2.8597433e-01  -4.5177678e-01  -2.9852574e-01   1.4453108e-01  -1.2660586e-03   2.4491735e-01  -1.5951942e-01   7.1473090e-01  -2.4972833e-01  -1.6454502e-01  -3.2411155e-01  -9.8324858e-02   3.3942364e-02   2.1670088e-02   3.5305239e-01  -2.5387244e-01   1.5144792e-02  -4.5062983e-01  -3.1474280e-01  -2.4280653e-01  -1.2422952e-01  -1.2874660e-01  -2.6973240e-01   4.9548727e-01   1.3625971e-01  -1.7198035e-02   4.2358398e-01   1.5914566e-01   2.9195982e-01  -4.2526911e-02   1.7901992e-01  -1.5688558e-01   4.8419788e-01  -3.0964427e-01  -1.5178860e-01  -3.0531131e-01   1.4150154e-01   2.4202565e-01  -1.2094371e-01   4.5504671e-02   2.0831743e-01  -2.2382471e-01  -2.0619280e-01  -1.7840412e-01  -2.6020151e-01  -3.9011222e-02   1.5708116e-02  -4.3867082e-01   1.1930555e-01   5.5453835e-01   5.0263064e-02  -1.7122437e-01   3.3697932e-01   4.4841752e-02  -2.8835291e-01   5.1887056e-01  -2.5037422e-01  -2.7194330e-01   1.6345778e-01   3.7688912e-01   2.4386993e-01  -4.8409355e-01  -1.4190636e-01  -2.4592711e-01  -1.3517578e-01  -1.1633355e-01   6.9019274e-01   2.7030549e-01  -1.9656359e-01   3.4979285e-01   8.2438100e-02   1.1262044e-01  -2.2613371e-01  -2.5444275e-01  -4.4529404e-02  -3.2533584e-01  -2.9673434e-01  -7.9198734e-02   6.6036122e-01   9.2426745e-03  -2.2366019e-01  -1.0168246e-01  -1.3622759e-01   6.8123461e-01   3.0489085e-01  -9.7096942e-02   5.1929104e-01  -1.4870547e-01  -6.2226856e-02  -4.2556546e-01  -1.5886341e-01   1.3902845e-01  -1.1887039e-01  -2.1448143e-01   8.4216320e-02  -2.8529520e-01   4.5313110e-02   2.5328751e-02  -2.2127283e-01  -2.5656228e-01   9.6236164e-02  -1.5892642e-01  -3.9690358e-01   5.8852735e-01   8.3292302e-02   2.7306395e-01  -2.4957378e-01  -2.6239790e-01  -1.1339693e-01   5.6698826e-01   1.2065813e-01   1.4360207e-01  -1.7221107e-01  -5.3614628e-01  -2.2328956e-01   2.3403811e-01  -1.3439765e-01  -2.8801639e-01   1.4708859e-01   2.5371602e-02  -6.5588454e-01  -2.5425313e-01   6.2143863e-03  -2.1155466e-01   7.8089126e-02  -2.4447161e-01  -6.3620702e-02  -2.6075632e-01  -1.5931293e-01   1.2024757e-01  -3.1845688e-01  -3.8271428e-01  -4.6723973e-01  -3.8557050e-01  -1.8826844e-02   4.6772532e-01  -2.7987550e-02   3.1062834e-01  -4.6385699e-01  -1.8440004e-01  -1.3154414e-01   1.2835264e-01   1.6893603e-01  -5.4189214e-02  -1.6838674e-01   1.9513979e-01   7.1055386e-02  -6.8315228e-02   4.9203340e-01  -2.1845166e-01   4.0859443e-01  -5.6860672e-02  -3.1277522e-01   3.7205232e-01   2.9124862e-02  -1.5225964e-01   5.8451307e-02   3.7199577e-01   4.1974715e-01   7.0743243e-02   5.1633707e-01  -2.5256430e-01  -2.9026424e-01   2.0280585e-01  -4.0024067e-01
   7.2816286e-02   1.4560966e-01   4.7470706e-01   3.2238354e-01  -3.4914487e-01   0.0000000e+00   1.1093027e-01   5.5336640e-02  -2.1710211e-01  -7.4556103e-02   4.3553752e-02   2.6828738e-01   1.6000911e-02   3.0848085e-01  -1.0540050e-01  -6.0216129e-03   4.2858612e-01  -8.7978662e-02   1.3457053e-01  -1.9458076e-01   1.4986366e-01   3.6409859e-01   7.7243129e-02  -2.8365437e-01   1.5036462e-01   1.3703820e-01   4.2047728e-02  -4.8495268e-02   1.7215719e-02   4.5494030e-01  -1.3674991e-01   4.7052935e-01   1.2501189e-01  -8.6954337e-02  -1.8361592e-01  -1.1435792e-01  -8.0460214e-02  -4.4754526e-02  -1.3243158e-01   2.4838942e-01  -1.9108692e-01   1.9075690e-01   1.1655692e-01  -9.1941568e-02  -3.3646675e-01   6.1787693e-01   3.3427939e-01   3.0424605e-01   1.2620597e-01   2.2584939e-01   2.3924508e-01  -2.7171147e-02  -3.1844721e-01   5.4253635e-01   2.0261304e-01  -2.2578608e-02   3.6302311e-01   3.9563002e-01   2.0494769e-02   3.1721118e-01   3.5602304e-01  -2.2232017e-01  -2.1364348e-01  -2.4342751e-01  -4.8370855e-01  -1.4436142e-01   7.3692231e-01  -3.3949727e-01   4.5363896e-01   5.7529813e-01  -1.0375269e-01  -4.5778088e-02  -1.9846502e-01   7.2408286e-01   3.0376060e-01   3.6544293e-01   3.5253803e-01   8.7948923e-02  -6.0620115e-01   1.5492392e-01   1.0870181e-02  -1.9208457e-01  -1.5762782e-01   6.8800109e-02   1.7911567e-01   1.8729945e-01  -3.2373752e-01   1.7282658e-02  -9.0430571e-02  -2.1694370e-01  -5.1239721e-01   4.4268918e-01   2.0387825e-01   1.7012837e-02   2.5351033e-01  -1.3688726e-01  -4.8549021e-02   4.1934081e-03  -2.0834262e-01  -5.6566004e-02   5.9415968e-02   3.6064691e-01   2.3814896e-01  -2.5922942e-01   3.4925550e-01   4.4935096e-01   3.5780159e-01   5.1138637e-01  -2.9208765e-01   7.5461314e-02   1.6473737e-01   5.1377338e-01  -1.8549584e-02  -1.5879710e-01   7.1658470e-02  -5.4376175e-01  -1.0384193e-02  -2.0716220e-01   1.3999064e-01   1.3644185e-01   2.2559605e-01  -1.2134467e-01  -2.2231910e-01  -1.6391324e-01   2.8207693e-02   3.6049685e-01  -2.7505317e-02   1.9799392e-01   3.0178171e-01   4.2792125e-01  -1.7250786e-01  -2.2974752e-01   4.9614460e-01  -1.1754132e-01   2.2028887e-01   2.9429113e-01   2.9741630e-01   4.6056749e-02   6.9161230e-02   4.9625291e-02  -1.6396213e-01   2.2601425e-01   3.1214138e-01   5.3997683e-01   1.1625112e-01   1.0286033e-01   1.2935552e-02  -1.9143841e-01   2.7708392e-01  -3.0454278e-01   4.2828546e-01  -5.7372584e-02   2.7449028e-01  -3.2580569e-01   2.1005823e-01  -1.9092503e-01   2.6454757e-01   4.0404232e-02   3.1636233e-01   1.1313948e-01  -2.2331529e-01   1.2950594e-01  -1.6034198e-01   1.9999090e-01   4.2307148e-01  -4.7507300e-01  -9.2920816e-02   1.8278221e-02   2.2316834e-01  -2.6803600e-01  -3.6197962e-01   4.0464713e-02  -3.5854859e-01   7.3730808e-01   3.0169644e-01   4.6627191e-02   3.2886341e-01
   7.8689808e-02  -9.9660629e-02  -2.8466878e-01   2.6096316e-01  -3.9285636e-01   1.1093027e-01   0.0000000e+00   1.6693201e-02  -5.0593298e-01  -1.4285963e-01   2.2251367e-01  -1.1840724e-01  -4.8106969e-02   3.3464950e-01   3.6155450e-01   2.0092947e-02  -3.8843078e-01   1.3102177e-01   4.1324744e-02  -2.3626463e-01   5.9689065e-01  -7.6147136e-02   7.6512449e-01  -2.3284493e-01   4.5067928e-02  -2.9953522e-03  -1.0100228e-01   4.0987533e-01  -8.5191626e-02   3.3419908e-01   2.1263877e-01  -1.3950905e-02   8.6655335e-02   4.5570908e-01   1.4761738e-01  -6.1674039e-02   2.0806841e-01   1.2235410e-01  -1.6283349e-01  -3.3166012e-01  -1.7306443e-01  -9.7685565e-02  -3.6814503e-01   1.3198309e-01  -3.8305531e-02  -6.0541481e-02   2.4143347e-01   5.8652713e-01   1.9254428e-01  -4.5532466e-01   2.6302113e-01  -5.4922391e-02  -3.2498687e-01   2.7083571e-02  -9.5452619e-02   2.6790160e-01   1.9040111e-01  -1.1840633e-02  -6.7088221e-02   1.9715445e-01  -1.9668242e-01  -8.9515227e-02  -3.7410846e-01   1.2349432e-01  -4.9914019e-03   3.6315759e-01  -2.4926620e-02  -2.5773273e-01   3.6572324e-02  -7.0404401e-02  -2.8502727e-01  -1.4368804e-01  -1.3565104e-01   2.2487804e-01   6.8675413e-03   5.9117794e-03   6.0357925e-02  -3.6322690e-02  -2.4206278e-01  -4.0132393e-01   3.6520088e-01  -7.6426087e-03  -9.2215830e-02  -1.1476064e-01  -2.0235447e-03  -2.7921808e-02  -1.9430768e-02  -8.6106206e-02   6.2411934e-03  -1.8963695e-01  -5.2910574e-01  -2.4020010e-01   3.7438504e-01  -2.1726356e-01   4.6764836e-03  -4.7836196e-01  -1.5944204e-01  -1.1380871e-01  -1.8599390e-01   7.0797781e-01  -9.9363141e-02   3.5846778e-01   1.0863921e-01  -1.8288592e-01   2.7428355e-01  -7.5465994e-04  -2.3183994e-01  -5.6720197e-02   3.4541867e-01   1.2971529e-01   2.4745169e-01   1.2800177e-01   3.3932839e-03  -7.1697327e-02   3.9941150e-01  -4.3820841e-01   1.5589103e-02  -2.1787833e-02   2.3458982e-01   2.2205399e-01   7.7560292e-02  -5.2640755e-01  -1.8169478e-01   9.0464457e-02   2.9599000e-02   2.6892694e-01   5.3784226e-01  -4.4746189e-01   2.1780960e-02   1.1459690e-02  -1.4862926e-01   4.0079118e-01   2.4768850e-01   4.7214938e-01  -2.8136198e-01  -1.5029548e-01  -2.1756248e-01   5.0384245e-01  -1.0211462e-01  -3.2895311e-02  -5.1713782e-02  -1.0276867e-02   6.1294403e-02   3.9175923e-01   5.1326653e-01   4.2834473e-01   1.5230670e-01  -3.1140857e-01   1.4789512e-01   5.5838924e-02   2.0391125e-01   2.0057775e-01  -2.5983526e-02   1.2021173e-01  -3.5350129e-01  -2.1828272e-01  -1.2904461e-01  -8.0757781e-02  -3.2736070e-01   1.4896625e-01  -2.5878469e-01   6.5386883e-02  -4.5479793e-01   2.6574915e-01  -4.6402893e-02  -1.3922243e-01   2.2285567e-01   1.4907842e-01  -1.0012681e-01  -3.6104272e-01  -2.8749333e-01  -1.8769613e-02  -2.2119488e-01   1.4235601e-01   2.1411184e-01  -5.6763316e-01   6.1795136e-03
   1.8840782e-01   1.3209564e-01  -8.7121196e-02   2.3412021e-01  -2.2011400e-01   5.5336640e-02   1.6693201e-02   0.0000000e+00   2.4909283e-01  -9.2999663e-02   4.4199063e-01  -5.2667678e-03  -1.1771267e-01   7.4697941e-02   2.0520028e-02   9.4135838e-02  -9.1085629e-02  -5.2026535e-02   2.2696872e-01  -3.1695144e-01   4.0442634e-02   5.1189964e-01   3.0919348e-02   1.3231256e-01   9.0813512e-02   4.6470667e-01   1.7457039e-01   1.8906678e-01   2.7984357e-02   3.0504353e-01   6.1393166e-02   3.0723533e-01   4.1159621e-01  -8.6723994e-02   1.6327137e-01   1.1685703e-01  -1.5452472e-02   2.0076144e-01   1.4270882e-01   6.0584376e-02   7.2436138e-02   5.9319258e-02  -7.8588875e-02   4.4022347e-01  -2.7790029e-01   1.4811468e-01   1.5611300e-01   9.6019656e-02  -8.6533246e-02  -1.3525561e-01   3.0342807e-01   4.7661351e-01  -6.3116294e-02   1.0432952e-01  -1.1517538e-02   3.2584743e-01   2.8571838e-01   2.4644371e-01   2.7415084e-01   2.5869456e-01   5.6517429e-02  -1.4492779e-01   1.2505895e-01   2.3082746e-01  -5.3123988e-02  -1.1593891e-01   2.5231738e-01  -2.5838826e-01   4.1776679e-01   5.1524765e-03  -9.0827693e-03  -1.3146896e-01   4.6016221e-02  -8.9311138e-02   2.0201307e-01   3.6417639e-01   2.8712042e-01   4.3147023e-01  -1.3315993e-01   1.1537722e-01   2.0953995e-01  -3.1003432e-02  -1.0008539e-01   4.1576068e-01  -5.5498278e-02   5.9961379e-01   3.8966356e-02   7.9199818e-02   5.1937319e-02   1.4401515e-01  -3.3679396e-02  -9.4616319e-02  -2.7667054e-01   2.1680060e-01   4.8495085e-01  -2.0291690e-01  -1.0347222e-01   4.0923510e-01  -2.4864689e-01  -1.1258119e-01  -7.4328930e-02   2.2359894e-01   3.2241182e-01   1.7312074e-01   2.0936827e-01   4.3593871e-01  -6.8689969e-03   4.8768149e-01  -1.2353535e-01  -1.3465011e-01  -2.6077482e-01   3.8693589e-01  -1.3940030e-01   1.7968371e-01  -5.1634113e-02  -1.0241393e-01   3.3249544e-01   1.4110812e-01   6.5243293e-02   1.7253908e-01   4.6552156e-02  -4.7013703e-02   1.3222154e-01  -1.8875667e-02   2.1624995e-01   2.2825338e-01   7.2340358e-02   4.8556005e-02   3.6705185e-01  -5.4667302e-02   3.7834280e-01  -1.9738255e-01   1.7345829e-01   1.1551038e-01   2.6032696e-01   5.2018328e-01   1.2936157e-01   5.1749946e-02   5.2142885e-01   1.6510423e-01   1.7881530e-01  -1.3227473e-01   3.8585095e-01  -1.4608348e-01   8.6173789e-02   2.1238284e-01  -1.4603200e-01   5.1405622e-02  -1.1141129e-01   2.0686114e-02  -8.7500207e-02   3.3550824e-01  -1.1361623e-01   1.2725460e-01  -3.8821774e-02   2.5130186e-01   2.0101137e-01   1.8533613e-01  -6.3030745e-02   3.6238134e-01  -2.2919292e-01   4.2179132e-01   8.6589928e-02   2.7124251e-01   5.0457559e-01  -1.7137713e-01   3.5741306e-02   2.8387050e-01  -2.8395656e-01  -9.5862809e-02  -1.6268646e-01  -2.4528383e-02  -2.2572830e-01  -8.4016390e-03   1.2604556e-01   9.2120068e-04   6.2522359e-01
  -8.3072413e-02   6.2304006e-01   1.7148769e-01  -1.9276638e-02   1.9573757e-01  -2.1710211e-01  -5.0593298e-01   2.4909283e-01   0.0000000e+00   1.6706596e-01   3.0776679e-02   2.5239539e-01  -2.5129550e-02  -2.0803638e-01  -1.4888433e-01   7.5316896e-02   2.7943691e-01  -1.9030528e-01  -4.3391044e-02  -5.4471266e-02  -2.8494707e-01   4.2627341e-02  -5.3542765e-01   1.3007317e-01   1.7431144e-01   1.4079168e-01   2.1407736e-01  -2.1252340e-01   1.3855645e-01  -1.3502555e-01   1.4147713e-01   1.6048493e-01   3.4882239e-01  -7.2889246e-02   2.4675301e-01   1.3348046e-01  -1.8814750e-01  -1.8566417e-01   2.3141902e-01   3.5049616e-01   2.1976534e-01   1.8528778e-01   2.9711633e-01  -6.0756892e-02  -1.4189970e-01   9.6412396e-02  -1.7991979e-01  -3.2052705e-01  -2.3016054e-01   1.7196707e-01  -1.0007684e-01   2.0092519e-01   6.2226752e-01  -7.2773685e-03   1.4773474e-01  -1.7496277e-01  -1.3423824e-01   1.1606655e-02   2.1875545e-01   6.0414458e-03   1.1866919e-01  -5.5643702e-02   6.9068479e-01   3.4120647e-01   2.0717402e-01  -2.7444223e-01   9.7818129e-02   3.4571251e-02   1.1202727e-01   6.9667522e-02   5.9823552e-01  -2.4244811e-02   3.8390713e-01  -3.6140989e-01   1.4716576e-01   1.9651661e-01   1.2067352e-01   1.2973029e-01   3.4254794e-01   2.7413524e-01  -1.1665785e-01   8.3517896e-02   2.1918032e-01   1.4822983e-01   5.2820576e-02   2.4873720e-01   5.7275019e-01  -8.5658803e-02   1.2277324e-01   1.7652186e-01   5.2503463e-01   7.9836451e-02  -3.7161196e-01   5.4569097e-01   2.9466513e-01   9.8312647e-02  -4.3828050e-02   2.0193757e-01   6.2261470e-02  -3.7673931e-01   2.9149050e-01  -2.4170352e-01   8.7189128e-02   5.2937874e-01  -2.3318555e-01   1.6039750e-01   2.4586121e-01   7.3031296e-02  -3.8886786e-01  -1.7329890e-02  -1.8935077e-01  -9.7134951e-02  -3.2437160e-02   3.7842912e-02  -1.4083096e-01   4.9368057e-01   1.4112458e-01   2.7452742e-01  -1.8698181e-01  -9.2931806e-02  -8.7440801e-02   2.9529718e-01   5.1310739e-01   1.8787679e-01   9.3547774e-02  -2.6070811e-01  -4.9619839e-01   3.8760221e-01   9.9946948e-02   1.1805528e-01   4.0528600e-01  -5.9427872e-02  -1.0705161e-01  -1.3878385e-02   4.7523356e-01   4.3882054e-01   2.2397218e-01  -3.1487386e-01   3.0127280e-01   8.3180118e-02   1.5839982e-01  -1.5490799e-01   6.4387634e-02  -3.4393039e-01  -1.8745303e-01  -4.7782664e-02   5.2480783e-02   2.7815962e-01  -2.9926283e-01   2.3486082e-01  -2.8991715e-01  -6.8297560e-02  -1.0057559e-01   1.9934918e-01   3.9498284e-01   2.4596326e-01   6.3511072e-02   2.1114628e-01   2.2119285e-01  -3.9242533e-02  -1.4064841e-02   1.1662501e-01   5.3085198e-01  -3.4614068e-02   1.8210850e-01   2.0746132e-01  -7.6164430e-02  -2.1881373e-01  -9.1448764e-02   3.5555656e-01   1.9375690e-01  -3.5188857e-01   1.2606001e-01  -2.0841004e-01   7.8859057e-02   3.5791085e-01   2.0392873e-01
  -3.8260822e-01  -1.3737958e-01   5.1385420e-01  -1.3710103e-01   1.3116448e-01  -7.4556103e-02  -1.4285963e-01  -9.2999663e-02   1.6706596e-01   0.0000000e+00  -3.6686846e-01   4.2401662e-01   1.1691516e-01  -4.3138308e-01   1.2922752e-01  -6.7368198e-02   4.2432154e-01  -3.5251154e-01  -1.4301799e-01   9.4140318e-02  -3.0390034e-01  -6.4536717e-02  -3.3517297e-02  -1.9216794e-01  -2.1247914e-01  -7.5887089e-02   3.5877062e-02  -1.7550344e-01  -6.3987377e-02  -4.1428094e-01  -1.2629815e-02  -6.4830046e-02  -1.4907053e-01   4.7222705e-01   3.6573607e-02  -2.8604649e-01  -4.4874696e-02  -2.7129958e-01  -1.5430929e-01   5.7951471e-01  -4.2953216e-02   6.6115851e-02   5.8999283e-01  -2.6190714e-01  -1.9360004e-01  -1.9682777e-02  -3.6864322e-01  -4.1716602e-01  -1.0390182e-01   5.3735046e-01  -3.8404514e-01  -9.9807497e-02   3.1543332e-01   1.0333576e-01  -1.1215707e-01  -6.5394540e-02  -3.2279270e-01  -3.8214523e-02  -1.8422147e-01  -1.2815976e-01   1.0788074e-01  -2.9493922e-01   2.2009914e-01  -2.1612833e-01  -2.2480738e-01  -3.0619579e-02   1.8001791e-02  -1.3081317e-01  -1.5573155e-01   4.0431010e-01   3.6464242e-01  -2.7325052e-01  -1.9993814e-02  -1.0763301e-01   6.2486728e-03   1.9496013e-03  -1.6535095e-01  -6.8599258e-02   9.0584449e-02   2.7578724e-03  -1.2950759e-01  -2.9950107e-02   3.8097066e-01  -1.3911777e-01   1.3893007e-01  -3.1718080e-02   3.8654325e-02  -3.0592176e-01   6.7335948e-02  -1.6155472e-01   7.9621010e-03   2.6777038e-01   5.3421354e-01  -6.8401490e-02  -1.7271611e-01   4.1035955e-01  -7.2355895e-02  -2.5507925e-01  -2.0380518e-02   2.6010781e-01   4.8961601e-01  -3.1633683e-01  -7.1295780e-02  -2.2675309e-01  -3.8338406e-01  -1.1105814e-01   2.2671427e-01  -1.3472949e-01   8.3388561e-02   2.9413562e-01   6.5730405e-01  -3.3787765e-01  -1.5992695e-01  -2.2832077e-01   3.6839294e-01   2.6615655e-01   4.7245253e-02   4.4480783e-02  -5.8216543e-02  -2.8261079e-01  -3.3389152e-01   3.1533341e-01   1.3841621e-01  -2.5749345e-01  -2.3771423e-01  -4.5960599e-01  -2.7641868e-01   7.1293525e-02  -1.3108737e-01   3.2210723e-01   1.6224077e-01   2.1595909e-02  -2.6722340e-01   1.6509233e-02   1.9169196e-01   3.3618839e-02   8.0356771e-02  -2.3933770e-01  -8.1517924e-02  -1.7438030e-01  -1.8175137e-01  -4.3137469e-02  -1.0766993e-01   1.3818048e-01   1.8131741e-01  -2.6545452e-01   6.7461606e-01   1.4330901e-01   4.4939172e-01   1.5784132e-01  -1.3298547e-02  -1.4698657e-01  -1.4968497e-01   5.6923353e-03   6.0312546e-01  -1.2649520e-01  -2.3456818e-01   1.7492223e-02   2.9921592e-01  -1.3762405e-01  -4.7146760e-02  -2.8768153e-01   4.7067419e-01  -3.9631617e-01  -1.2406298e-02   4.6253898e-01   1.8065286e-01  -2.7326174e-01  -1.9536435e-01   5.2664363e-01   4.7421229e-01  -2.6860666e-01  -2.9005299e-01  -1.0864453e-01  -1.4642063e-01   3.1642664e-01  -9.6355151e-02
   3.5755766e-01   1.3935877e-01  -4.1962869e-01   3.0735303e-01  -1.9263344e-01   4.3553752e-02   2.2251367e-01   4.4199063e-01   3.0776679e-02  -3.6686846e-01   0.0000000e+00  -1.8193683e-01  -3.7253103e-02   2.9908195e-01   2.5490863e-01   6.2449564e-02  -3.8358652e-01   2.8070521e-01   1.3043493e-01  -3.3253578e-01   4.4378067e-01   3.2745127e-01   3.0449786e-01   1.5367245e-01   1.7234300e-01   2.9778887e-01  -1.5914360e-01   2.2847158e-01  -6.0050884e-02   3.7069727e-01   2.9478329e-01   2.4490215e-01   2.4947467e-01  -1.8037669e-04   2.5368865e-01   3.8793083e-01   3.8438204e-02   2.4564351e-01   2.2974600e-01  -3.3093947e-01   1.9600841e-01  -4.0707984e-02  -4.7363702e-01   4.1001284e-01  -1.9055788e-01   9.5989556e-02   6.2017272e-01   3.2031443e-01   5.3342277e-04  -5.2987845e-01   5.2020800e-01   3.9572466e-01  -6.5943059e-02  -2.0140123e-03   1.4906579e-01   2.8724836e-01   3.4713607e-01   1.3888215e-01   4.8500905e-01   2.9295095e-01  -6.2362647e-02  -2.6283427e-02  -1.0917270e-01   4.8034315e-01   1.4607429e-01   1.6542896e-01   1.3140415e-01  -2.2648432e-01   4.3765352e-01  -2.8406890e-01  -2.5282213e-01  -7.8370001e-02   2.3202393e-01  -1.5379805e-01   7.3317596e-02   1.7351575e-01   2.4387258e-01   3.0873344e-01  -1.5246925e-02   1.1401614e-01   1.3934252e-01   2.6126740e-01  -1.1457465e-01   2.8283750e-01  -6.8703789e-02   3.8037388e-01   7.5512153e-02   1.8449826e-01   1.2949198e-01   1.6474997e-01  -4.0679046e-02  -3.3700526e-01  -2.1210748e-01   1.5691922e-01   4.8349004e-01  -4.1017490e-01  -1.8904716e-01   5.0863875e-01  -2.0737430e-01  -5.0800678e-02  -1.8465771e-01   5.3238675e-01   1.6501803e-01   2.2088413e-01   4.1595484e-01   3.0715588e-01  -1.8534963e-01   4.0646631e-01  -6.6700045e-03   1.0342997e-01  -2.6964600e-01   2.9767336e-01  -1.1688511e-01   2.6373087e-01  -1.0227557e-01  -1.2530184e-01   2.7627793e-01   3.2777789e-01   2.8203209e-01   1.3326799e-01   2.0687986e-01  -2.2078483e-01  -8.8111882e-02   2.6425235e-01   2.1841640e-01   2.7160514e-01   4.4829167e-01  -9.1072521e-02   3.1410025e-01  -1.8044054e-01   2.9339671e-01   3.3913641e-01   3.2483605e-01   4.2559212e-01   1.7020190e-02   3.4163356e-01   2.1910782e-02   1.4903168e-01   4.2582826e-01   2.6110731e-01   3.3947306e-01  -1.9585998e-01   5.4963423e-01  -1.5480353e-01   2.1656024e-01   4.6697483e-01  -4.1691439e-01   4.1803725e-02  -4.9924998e-02   3.6267399e-02  -1.1970178e-01   2.0369039e-01  -7.3271931e-02   4.1141546e-01  -3.7787881e-01   1.5644565e-01   1.5901392e-01   4.0568567e-01  -3.1531313e-01   1.8720745e-01  -3.2850920e-01   7.0864477e-01  -8.3976865e-02   5.6521612e-01   2.5456423e-01  -2.4708130e-01   2.4704535e-01   4.0555433e-01  -1.2805514e-01  -2.4506052e-01  -2.7668719e-01   3.7605423e-02  -8.7077117e-02   7.2937476e-02   2.4900978e-01  -1.8136027e-01   4.0910916e-01
  -4.1296842e-02   2.2171978e-01   6.7229250e-01  -1.2787215e-01  -1.5690410e-01   2.6828738e-01  -1.1840724e-01  -5.2667678e-03   2.5239539e-01   4.2401662e-01  -1.8193683e-01   0.0000000e+00  -1.6743122e-02  -7.5220577e-02  -7.6321093e-02   1.0443644e-01   6.4039459e-01  -3.2818475e-01   1.1650412e-01  -1.1159871e-01  -3.1442057e-01  -1.6181297e-01  -3.3885734e-01  -3.2207882e-03   2.5698369e-02   7.4792135e-02  -4.1650246e-02  -1.5667122e-01   1.9463380e-01  -1.8461467e-01  -1.7271124e-01  -2.5699566e-02   1.5222156e-01   1.8395871e-01   3.8094257e-01  -3.0984458e-01  -3.3624291e-01  -3.4037338e-03  -1.0081145e-01   5.0990423e-01  -1.0396160e-01   3.6780914e-01   6.3350615e-01  -1.6353651e-01  -2.4150776e-01   3.6346019e-01  -2.4098028e-01  -3.2365139e-01  -3.4885086e-01   4.6978761e-01  -4.6337580e-01  -3.3598824e-02   2.3165458e-01   4.2043983e-01   1.9393560e-01  -1.9196176e-01   2.4749305e-02  -1.4193637e-01  -8.2178180e-02   3.3403059e-01   3.3005207e-01  -4.0213503e-01   1.7617034e-01  -1.0030956e-01  -2.8724621e-01  -2.6740453e-01   3.5612382e-01  -5.1403563e-02  -1.5595614e-01   5.9499165e-01   3.5820772e-01  -1.9467250e-01   9.3138806e-03   2.5486561e-01   1.5522978e-01   7.4897161e-02   7.7802874e-02  -1.4705171e-02  -1.3673045e-01   1.1760623e-01  -1.8491968e-01  -1.3698609e-01   1.3347192e-01  -3.5901329e-02   1.8648331e-01  -1.3918718e-02   1.7883714e-01   1.0773658e-01   1.1186985e-01   3.9695316e-02  -8.9296842e-02   4.8023414e-01   3.8624047e-01   2.9655210e-01   1.0851178e-01   8.0997904e-02  -1.9766154e-02   5.0548385e-02   7.0577138e-03  -2.1064941e-01   3.4484105e-01  -1.8439502e-02  -1.4500880e-01  -1.7714173e-02  -3.2617095e-01  -1.0195006e-01   4.7972743e-01   1.2074373e-01  -4.1497687e-01   2.3367982e-01   5.1665236e-01  -3.2897283e-01   7.5142361e-02  -2.1540284e-02   2.9340535e-01   3.5227427e-02  -4.9326681e-03  -9.1959894e-02   9.4597604e-02  -1.1958607e-01  -1.0671846e-01   2.7885965e-01   3.0383207e-01  -3.0705559e-01   1.5791484e-01  -1.0885698e-01  -3.3442442e-01   2.8733418e-01   5.1256282e-02   4.9686838e-01   8.8689035e-02  -2.2902754e-01  -5.6984478e-02  -1.6511390e-01   4.1976051e-01   1.5064432e-01   2.4586648e-01  -3.7292560e-01  -9.0105774e-02   1.2707563e-01   5.3680664e-02  -5.9004369e-02   5.3025816e-02   3.0001878e-01   7.7408757e-02  -3.6770902e-01   6.3385998e-01  -6.4786191e-02   1.9344208e-01  -1.4226321e-01   3.0541386e-01  -3.1831683e-01   2.3510581e-01  -7.6001438e-02   6.4020429e-01   2.0443513e-02  -1.3995400e-02  -5.5530302e-02   5.5357099e-01  -2.2943708e-01   3.0346568e-02  -5.5925359e-02   1.6897003e-01  -2.1649251e-01  -6.7907696e-02   3.3331795e-01   1.6163259e-01  -1.8624741e-01   1.9897287e-01   9.2711090e-02   3.0160839e-01  -3.8930594e-01  -1.4066067e-01   1.0742626e-01   1.3865470e-01   2.8700558e-01  -4.9747839e-02
  -7.7033478e-02  -9.3386299e-02   4.1663461e-02  -5.7626792e-02   2.8597433e-01   1.6000911e-02  -4.8106969e-02  -1.1771267e-01  -2.5129550e-02   1.1691516e-01  -3.7253103e-02  -1.6743122e-02   0.0000000e+00  -2.2579472e-01   8.9698936e-03   4.0083102e-02   8.2182921e-02   1.3597577e-01  -1.5566643e-01   2.6571712e-01  -1.5617890e-01   7.4793484e-02  -6.0036603e-02  -6.8843813e-02   3.8849085e-02   7.8618306e-02   3.0324664e-02  -4.9262526e-03   6.8134838e-02  -1.6535288e-01  -5.6436113e-03   9.2345738e-02  -1.6906458e-01   4.6686042e-03  -1.0928751e-01   2.4313564e-01   7.1062381e-02  -3.2983740e-02   2.3117768e-01   1.1735202e-01   4.9090186e-01   1.0628871e-01   4.8538737e-02  -2.3852147e-01   1.1533042e-01  -9.8499849e-02   1.3967925e-01  -1.6126938e-01   2.8429380e-02   7.6115812e-02   6.2996334e-02   2.0834408e-02   5.6841509e-02   4.2222788e-04  -3.0985690e-02  -1.0943260e-01   2.8675887e-02   2.9126071e-02   7.1386844e-02  -9.0835722e-02   6.2924697e-02   2.8413033e-01   2.5556687e-02  -2.1399733e-01   8.2565595e-02  -6.9119109e-02   5.7821337e-02   5.7832386e-02   3.6785876e-02  -5.4952401e-02  -1.2278803e-02   1.2255357e-01   2.8231555e-01  -1.1235871e-01  -1.0569467e-01  -3.6018251e-03  -4.1731304e-02  -3.5446384e-02   2.2032565e-01   2.4831057e-01   4.7462167e-02   3.2386483e-01  -3.1696644e-02  -9.6816520e-02  -6.3528928e-02  -3.5729674e-02  -1.0916618e-01  -7.0961764e-02  -1.0764158e-01  -4.9531681e-02   1.8888036e-01   9.7153967e-02   2.0703157e-05  -1.3101897e-01   5.7158172e-02   1.7549192e-01   1.7553997e-01  -2.2378730e-02   3.2242669e-01   1.1688810e-02   2.3426755e-02  -1.3656174e-02   5.9916955e-02  -5.6860047e-02   1.0066666e-02  -3.9416791e-02   1.9740932e-01   1.2242020e-02   1.2165857e-01  -1.0015171e-02   1.9891880e-02  -5.6924155e-02   2.0207757e-02  -6.3723517e-02   5.0520543e-03   1.9096016e-01   1.1331818e-01   4.4241756e-01  -1.1630063e-02  -1.0529130e-01  -1.5017808e-01   1.9999091e-01  -2.8187219e-02   5.5105175e-02  -4.4475546e-02  -6.5613089e-02   1.0763119e-02   1.1232586e-01   2.4822778e-02  -2.1003106e-02   9.3313357e-02   8.0320615e-02  -1.6715493e-01  -1.9044966e-01  -7.2882861e-02   6.5740625e-02   2.7414647e-01  -6.3994682e-02   7.3611306e-02  -4.5111039e-02  -2.8766195e-02   1.9743037e-01   3.1641639e-02  -7.6117907e-02  -6.4316699e-02  -1.0982828e-01   1.7273442e-02   6.5912705e-02  -1.1071597e-02   7.2386028e-02  -1.2502513e-01  -1.1193998e-01  -6.6737248e-02  -5.4237738e-03   5.7940006e-02  -8.6008197e-02  -1.2509542e-01   2.5165757e-01   3.9273604e-02   3.5944383e-02   8.9530949e-02  -1.8901815e-01   6.6013838e-02  -6.1645436e-02   3.0078775e-02   1.6777910e-01   6.5205485e-02  -4.8069974e-02  -1.9240052e-02   9.0585425e-02   1.6140683e-01  -1.0002685e-02   1.1029128e-01  -5.4137809e-02  -1.0198352e-01   1.4314465e-01  -7.1943073e-02
   2.9653783e-01   1.9862961e-01  -8.0759062e-02   3.7152782e-01  -4.5177678e-01   3.0848085e-01   3.3464950e-01   7.4697941e-02  -2.0803638e-01  -4.3138308e-01   2.9908195e-01  -7.5220577e-02  -2.2579472e-01   0.0000000e+00   1.4837597e-01  -6.3748394e-02  -7.3923829e-02   2.1356470e-01   3.1057097e-01  -2.2746705e-01   4.6180701e-01   1.0340352e-01   1.9994929e-01  -7.1164317e-02   1.0391013e-01   1.7155391e-01  -2.6096598e-01   1.7878407e-01  -1.8205076e-02   5.7368927e-01   3.8092220e-01   1.5370213e-01   2.0060504e-01  -2.2839891e-01   1.3288832e-01  -1.2377930e-01  -4.2744909e-02   2.4747861e-01   5.2715222e-02  -3.3969223e-01  -1.3231932e-01  -1.1139148e-01  -4.0482027e-01   3.3409470e-01  -1.8336690e-02   3.3726152e-01   2.6644033e-01   6.0492584e-01   1.6205197e-01  -3.8537642e-01   3.3706304e-01   4.5953971e-02  -2.4597648e-01   2.6057630e-01   4.9856623e-01   7.3079495e-02   3.5029545e-01   1.2805990e-01   1.2778280e-01   3.3482294e-01   1.7725746e-01  -6.2083762e-02  -3.4484517e-01   3.1989393e-01   5.4121616e-02  -2.2464646e-01   2.8082261e-01  -1.8894802e-01   1.6255998e-01   1.3454760e-02  -2.9810763e-01   1.6220348e-01   6.1604765e-03   4.5962948e-01   2.0099850e-01   8.9826886e-02   3.7811315e-01   9.1328526e-02  -5.2009591e-01  -9.1540253e-02   2.6344684e-01  -1.1876819e-01   4.1999466e-02   5.4078300e-02   4.6302975e-01   1.2891384e-02   2.5528357e-01   2.9519734e-01  -9.4165789e-02  -8.0731714e-02  -4.8563548e-01   8.0658396e-03  -8.6318711e-02  -4.9395168e-02   2.8645668e-01  -6.0598319e-01   2.9627062e-02   1.0322304e-01  -1.2892859e-01  -9.0476531e-02   6.2457170e-02   2.5707120e-01   2.3808071e-01   7.7973781e-02   3.3438386e-01   2.0859141e-01   5.8384889e-02   3.3608004e-02  -1.5253360e-01   7.8885737e-02  -1.6371550e-01   3.2187989e-01   1.2728788e-01  -3.8477104e-03   5.7506144e-02  -5.5137284e-01   2.5535651e-02  -9.4102974e-02   4.1882766e-01   2.4413333e-01   3.2584554e-01  -5.0020667e-01  -2.2348973e-01   2.1855269e-01   2.6161708e-01   4.4019293e-01   3.6085857e-01  -6.9001029e-02   1.7526125e-01   2.5316187e-01  -2.0497700e-01   7.9871724e-02   5.4299046e-01   3.4173336e-01  -5.0408410e-02   1.3115277e-02  -3.0587652e-02   5.3337977e-01   2.0466914e-03   3.9772433e-02   4.8324012e-02   1.2899298e-01   2.1649572e-01   3.5821883e-01   2.5813876e-01   5.4926839e-01  -2.6945927e-01  -3.6686282e-01  -2.6410202e-01  -1.9997234e-01   3.4737698e-01   2.4141609e-01   2.4967831e-01   8.3823302e-02  -2.7935488e-01  -5.8478494e-02   2.3757573e-01  -3.4648376e-02  -7.8952397e-02   1.7328414e-01  -1.3871778e-01   2.6999878e-01  -4.1351018e-01   4.2998098e-01   5.2059000e-02  -5.5004513e-01  -1.5949798e-01   1.5584933e-01   3.1368041e-01  -3.1961878e-01  -5.7731929e-01  -8.3235917e-02  -6.5876772e-02   4.1551114e-01   2.7168703e-01  -3.5183512e-01   1.6294698e-01
