   0.0000000e+00  -4.9025348e-02  -2.0955822e-01   6.8695868e-02  -3.3832732e-01  -3.3202767e-01  -2.2815932e-01   1.6780192e-01  -8.3398282e-03  -2.8181779e-01  -1.5496665e-01  -2.6889880e-01   1.9847935e-01   2.8521839e-01  -3.2854358e-01  -2.1866831e-01  -6.9368001e-02  -2.3838010e-01  -1.0829293e-01  -3.0996774e-01  -1.0335911e-01   1.2440023e-01  -6.9758825e-02   3.6028645e-01   1.1837178e-01   3.1794363e-01  -1.9511479e-01   1.2254663e-01   7.1438085e-02   5.0712414e-02  -1.6844276e-01  -7.8091965e-03   1.6442153e-01  -3.2089640e-01   7.9808352e-02  -2.3325116e-01  -1.5909593e-01   4.2232468e-01  -1.5431693e-01  -2.0735335e-01   6.3597103e-02   2.3568996e-01   8.3070081e-02   5.4298923e-02  -1.7001389e-01   1.2472701e-01  -3.2823019e-01  -2.3229667e-02  -1.0487252e-01  -2.4278815e-01  -1.8918089e-01   1.0780606e-01  -1.8177965e-01   4.7090789e-02   1.8486785e-01   1.8965601e-01  -1.2034850e-01   1.1725969e-01  -2.1307984e-01   2.6100056e-01   2.0516302e-01  -6.3222381e-02  -4.4640806e-02  -3.5138631e-02  -2.8786050e-01  -1.6431625e-01  -2.5442197e-01   1.4475162e-01  -2.0545115e-01  -6.7245357e-02  -1.9100030e-01   1.3688551e-01  -1.5337581e-01   2.5534892e-01  -9.0373676e-02  -4.5118004e-02   2.3276682e-01  -1.7089693e-01  -2.9199718e-01   8.3868448e-02   5.2486909e-02  -2.6276732e-01  -1.0602037e-01  -1.0587874e-01  -1.9753839e-01  -9.9396634e-02  -2.1778742e-01  -3.1557178e-01   3.2951906e-02   6.2465767e-01  -1.1729786e-01   3.0347335e-01  -3.1987335e-01   3.5360350e-01   3.1043110e-01  -2.0832385e-01  -1.9765527e-02  -5.3029488e-02  -1.4778102e-02  -2.2881963e-01  -6.5365815e-02  -3.1239173e-01   1.4852284e-01   6.4180860e-02  -3.1499330e-02   9.5093942e-03   2.8014752e-01  -1.3394915e-01  -1.6975463e-01  -2.2796700e-02  -1.5191774e-01   2.7023633e-01   1.0853202e-01   6.8689136e-01  -1.2727052e-01  -1.9975472e-01  -2.7231319e-01  -2.4527780e-01   1.0415552e-01   1.5806303e-01   4.5065759e-01  -2.8403034e-01  -1.5597547e-01  -2.9704332e-01   3.9735946e-01   4.7028972e-01  -3.8833812e-01   2.5055454e-01   1.7941772e-01  -1.7808504e-01  -1.8571524e-01  -1.1804369e-01   2.4154824e-01  -1.4507072e-01   2.5944894e-01  -6.6439083e-02   8.3891579e-03  -2.3535821e-01  -9.8001561e-02   6.1721566e-01   6.9081739e-01   2.2473751e-01  -3.7260896e-01   1.3188655e-01  -4.0499209e-01  -1.4690172e-01  -3.2958339e-01   2.0272001e-02  -2.2215673e-01   2.1378739e-02   2.5244363e-01   9.3424520e-02   3.8749394e-01  -2.0447841e-01  -3.2467778e-01   3.2276133e-01   5.5782867e-01  -3.6576482e-02   2.1533045e-01   3.4370154e-01   1.2595929e-01  -2.3825321e-01  -2.7459517e-01  -4.2226011e-02   6.4216363e-02  -9.8507896e-02  -1.5336840e-01  -9.6405676e-03   5.0691653e-01  -2.4450861e-01  -7.6659248e-02   2.6349353e-01  -8.0652022e-02  -1.7923295e-02   4.8639828e-03   1.0099519e-01   1.0017880e-01
  -4.9025348e-02   0.0000000e+00  -8.8503450e-02   2.6862196e-01   3.3528112e-01   1.5822050e-02   3.5785362e-01  -1.0280507e-02   4.5605453e-01  -1.2292566e-01   1.1284328e-01   6.8563800e-01   1.2254981e-02   3.2319342e-01   4.2717174e-04   2.2171480e-01  -2.5226997e-01   4.0568194e-01  -2.3522704e-01   1.2076788e-01  -1.3738553e-01   1.3779010e-01  -5.7423144e-02   2.2598177e-01   1.9298524e-01  -8.4029262e-02   1.3552494e-01  -5.0429225e-02   1.8243896e-01   3.1184020e-01  -1.0448245e-01   2.8735120e-01   1.7831386e-01   1.0095019e-01   2.9094528e-01   6.1076209e-02  -1.9354489e-01  -3.7182992e-01   1.0968986e-01  -3.0788236e-01   1.4157422e-01   1.0749427e-01   4.5966027e-01  -1.3545510e-02   2.3386900e-01  -8.1811450e-02  -4.1680898e-02   1.3256633e-01  -2.0500040e-01  -1.6586895e-01   3.2001878e-01   2.0356179e-03  -6.8720243e-02   7.6939820e-02  -6.9431965e-02   5.3816473e-02  -9.4849389e-03   2.0917244e-01   5.5359776e-01   3.9760910e-01  -2.9770658e-01   3.0899427e-01   1.6023410e-01   3.0809821e-01   2.6214045e-01   3.2711697e-01  -2.2328362e-01   3.0716009e-01   1.7056746e-01  -1.8860667e-01  -1.5880083e-02   3.0839191e-01   3.5907473e-01   3.3837377e-01   1.0365740e-01  -1.6279802e-01  -8.8493813e-02  -2.7789576e-01  -1.1842466e-01   3.5302173e-01   2.3391678e-02   1.8118328e-01  -2.1656478e-01  -5.9000845e-02  -1.7753439e-02  -6.6503249e-02   4.1336883e-01   1.1409670e-01   5.5844535e-01  -7.3984523e-02   2.8140276e-01  -3.1913114e-01  -1.2197138e-01   1.3750702e-01  -1.6943118e-01  -1.9352502e-01   3.2463960e-01  -2.3550168e-02   3.9329869e-01  -2.0362300e-01  -3.5112094e-01   5.1341004e-02  -9.0049741e-03   5.7065749e-01   2.3666141e-01   2.4143262e-01   7.2096660e-02   8.1166277e-02   3.7077851e-03  -6.0450557e-02  -1.5455013e-01   3.8765375e-01   2.4511776e-01   1.5517483e-02  -3.3113950e-01   3.2315311e-01   4.1948093e-02   1.7715815e-01  -3.3535435e-01   3.1156203e-01   5.8403369e-02   3.2510215e-01   1.5524182e-01   5.7297105e-01   3.7968097e-03   3.6908974e-01   1.9837044e-01   5.9066958e-02   2.2664308e-01  -4.5107245e-01   3.0174710e-02  -1.0704203e-01   5.0305372e-01  -1.2333831e-02   1.2348323e-01  -4.0932354e-02   9.8772326e-02  -1.7609460e-01  -2.5293075e-02  -2.5424228e-01   1.5112627e-01  -8.0811116e-02   1.4918214e-01  -3.6958828e-01   8.1283725e-02   4.5004612e-01  -7.5421554e-02   4.7068096e-01   1.1141487e-01   2.0511462e-01   1.5879135e-01  -3.5694688e-01   2.0477711e-01   2.1512083e-01  -1.6201438e-01   1.5919825e-02  -1.5468192e-01   4.5717124e-01  -1.0518023e-01  -3.2929496e-03   3.7128290e-01   2.6273744e-01  -5.4566294e-02   3.3885616e-01   3.5978694e-01   3.3909345e-01   2.9955719e-01  -3.1432260e-02   8.0357249e-02   7.2076838e-02   3.6850214e-01  -8.0509823e-02   3.2040873e-01  -2.6434890e-01   1.5901610e-01  -1.0951759e-02   1.0677196e-01
  -2.0955822e-01  -8.8503450e-02   0.0000000e+00  -5.5118456e-02   2.2666877e-01   5.8531982e-02   1.6198934e-01  -3.5200327e-01  -3.4219543e-01   4.2179752e-01  -2.3327033e-01   3.5546193e-01  -1.6826733e-01  -4.6653310e-01  -2.3806007e-02   2.2535724e-01   8.7550464e-01  -8.2372004e-02   8.2167435e-02   4.6886321e-01  -1.8719652e-01  -1.9825761e-01  -1.1850902e-01   1.6405019e-02  -2.5078581e-01  -2.0634474e-01   3.0352605e-02   1.2923475e-01  -1.3626860e-01  -3.8927165e-01  -2.3795326e-01   6.8035503e-02  -6.1918729e-02   1.1432931e-01  -2.0375284e-01   2.1973523e-01   2.9656894e-01   1.3725852e-02   1.6875688e-01   6.0450438e-01  -3.7080295e-02  -1.0812503e-01  -1.8554685e-01  -3.8525586e-01  -1.7454190e-01   1.0628613e-01   1.4405721e-02  -2.0718527e-01  -8.1634566e-02   7.1309925e-01  -5.3560561e-02  -3.5748687e-01   3.9742342e-02  -2.2899763e-01  -5.1981983e-02  -2.4669357e-01  -1.7045138e-02  -1.5750310e-01  -1.0719892e-01  -2.0501994e-01   2.7575476e-01  -2.7389459e-01  -5.3820091e-02  -4.2696850e-01  -1.4509373e-01  -1.2340467e-01   9.8736274e-02  -1.8257660e-01  -2.7917997e-01   6.7068052e-01   4.1416897e-01  -2.9234728e-01  -8.9790612e-02   1.2874262e-01  -3.2959067e-01  -1.9226607e-01   2.1939387e-01  -4.9155868e-02   3.5499446e-01  -3.6635832e-01   1.5726536e-01  -2.8811144e-02  -1.3991521e-01  -3.8414852e-02   3.6505178e-01  -1.2978892e-01  -3.6317817e-01  -6.8021845e-02  -2.1931852e-01  -1.4223342e-01  -1.2904250e-02   2.7454137e-01   3.9253072e-01  -3.1765532e-01   1.5868387e-02   4.2903005e-01  -3.2587869e-01  -1.4698071e-02  -2.3888205e-01   1.8736615e-01   4.5962742e-01  -2.5287901e-01  -5.0291148e-01  -1.7534357e-01   5.3391282e-03  -2.1871150e-02  -3.1801303e-01  -2.9813070e-01   2.8873841e-02  -2.2783644e-01   2.8818255e-01  -1.9455460e-01  -2.1901535e-01  -1.8659443e-01   4.5730399e-01   6.9857274e-02  -7.2448405e-02   1.2997182e-01  -5.4928524e-02  -2.8441746e-01   5.9367336e-03   5.8925798e-02  -1.1158213e-01  -2.2377493e-01  -3.9773843e-02  -3.6518451e-01   1.6444242e-01  -3.3553100e-01  -1.5650720e-01   5.4001974e-01   2.7206663e-02   1.5914978e-01   3.8537748e-02  -2.0568809e-01  -3.3533222e-01  -4.0613477e-01  -2.1688158e-01   6.1352128e-02  -3.5889917e-01  -1.0193943e-01  -6.4573834e-02  -1.0162393e-01  -2.5482276e-01  -8.6820428e-02   1.4404206e-01  -4.7293769e-01   4.9390714e-01  -4.1568833e-01  -3.2735676e-01  -2.3239877e-01   3.6578828e-01  -2.5773544e-01  -8.0513116e-02  -2.5765089e-01   5.8316563e-01   1.8304467e-01   2.7682172e-02  -2.1838014e-01   7.0595280e-02  -2.8871751e-01  -2.4479507e-01  -3.7026773e-01   2.7238600e-01  -1.6848633e-01   8.3838926e-02  -5.1099129e-02  -6.4321832e-03  -1.4717709e-01  -3.1743319e-01   1.1631476e-01  -1.5293956e-01   2.9295659e-01  -1.6004232e-01  -2.7201220e-01  -1.6255335e-01  -2.7980078e-01   1.4828302e-01
   6.8695868e-02   2.6862196e-01  -5.5118456e-02   0.0000000e+00   1.1145607e-02  -2.2703745e-01  -1.6678082e-02   1.9016728e-01   4.2605007e-01  -8.1869026e-02  -1.0167034e-01   1.9097651e-01   1.6065077e-01   3.5698643e-01   6.3166342e-02   1.9994564e-01   1.0082204e-01   5.0304647e-01  -2.6610600e-01   5.8188882e-02   1.0869247e-01   5.5454305e-01   7.0455338e-02   1.0586944e-01   7.1342038e-02   5.2896997e-02  -1.4197705e-01  -2.5939193e-03  -6.3912739e-02   3.6604350e-01   1.0868221e-01   5.5902754e-01   4.6211372e-02  -2.9299449e-01   4.3278584e-01   1.1566488e-01  -2.2636886e-01  -1.7435025e-01   2.6584377e-01  -2.1995656e-01   2.5796145e-01  -1.1761586e-02   3.4495326e-01  -1.0112244e-01   2.4885865e-01   2.3128082e-02   7.8925075e-02   1.0394001e-01  -2.9196372e-02   2.3379290e-02   5.5445217e-01   2.1528856e-01  -3.2743757e-01  -3.9433638e-02   1.1605866e-01  -4.0111851e-02  -4.8773911e-02   6.1458832e-01   4.4020941e-01   4.2000899e-01   1.1433189e-01   1.1885222e-01   2.4053140e-01   2.8081355e-02   4.0192209e-01  -5.9352851e-02  -4.3365770e-02  -6.8409639e-02   2.0709590e-02  -1.5147531e-01  -1.7776776e-01   2.3284689e-01   2.9803325e-01   1.2495176e-01  -2.9943068e-03   1.3888907e-01   1.6404807e-01  -1.5143531e-01  -1.5528648e-01   1.6307400e-01   6.3858258e-02   2.5523357e-01  -2.8819061e-01  -1.8364571e-01   6.4232450e-03   3.9301668e-01   1.6410420e-01  -2.7747925e-03   1.7070923e-01  -1.3942644e-01  -1.9257181e-01   7.0187301e-02  -3.4865366e-01   4.2683640e-01   6.1426855e-02  -5.0523383e-03   1.1514390e-01  -3.3527625e-01   1.4356237e-01   6.1979056e-02  -2.6166797e-01  -7.7485222e-02   2.8143486e-01   4.8337041e-01   4.5016488e-01   5.5127962e-01   1.3083698e-01  -1.4396896e-01  -9.0301822e-02  -1.4173193e-01  -3.4179555e-01   5.6822186e-01   2.3970114e-01  -3.5565106e-02  -2.4872195e-01  -3.0203965e-01  -2.3745990e-01   1.9523973e-01  -2.0983469e-01   3.0749913e-01   7.8205082e-02  -1.8776272e-01  -4.9107451e-03   3.5456608e-01  -3.0756393e-02   2.6938589e-01   3.6182533e-01   3.6748777e-02   6.4146728e-01  -2.6061270e-01   2.1571822e-01  -1.4375304e-01   3.7937773e-01   1.0334517e-01   1.8292971e-01   2.2575372e-01   9.7679446e-02  -1.2514681e-01   3.1498819e-01  -1.4300245e-01   2.1003997e-01   1.8002615e-01  -1.7844468e-01  -2.6192839e-01   1.5425282e-01   4.0185376e-01  -2.4855903e-01  -1.0004853e-01  -1.1915519e-01   1.4189965e-01   1.2017000e-01  -3.0853505e-03   2.1423883e-01  -7.2491545e-02  -3.0723668e-01  -9.8740876e-02   1.1688003e-01   3.3301486e-01   1.7756852e-01   2.3881514e-01   2.6006907e-01  -1.3657780e-01   4.5029728e-02   6.1466552e-01   6.6826669e-01  -3.1215189e-01  -2.5467753e-01  -2.2220301e-02   1.2493311e-01  -3.1453555e-01  -2.5704294e-01   7.1197338e-02   4.4586440e-01  -3.1817720e-01   1.5592780e-01  -4.5120577e-02   6.7384632e-01
  -3.3832732e-01   3.3528112e-01   2.2666877e-01   1.1145607e-02   0.0000000e+00   9.6217494e-02   4.6365573e-01  -4.0886950e-01   3.1390367e-02   4.9962566e-01  -1.9066841e-01   3.8140731e-01  -1.1214495e-01  -3.2294697e-01   3.8050247e-01  -5.5699928e-02   8.1693865e-02   6.5415589e-03  -1.4372700e-02   8.4792118e-01   2.9489150e-01  -3.1650643e-02   2.0723356e-01   2.2584209e-02   3.1101151e-03  -2.9158827e-01   5.6596555e-01  -3.6363838e-02  -1.4217011e-01   1.3906931e-01   5.0713908e-02  -1.8803778e-01  -2.3782098e-01   4.7221661e-01   1.1410291e-01   7.0886804e-01   3.8884606e-01  -3.1401815e-01  -2.2249511e-01   2.6374418e-01   3.1678381e-02  -1.5746324e-01   1.0062993e-01  -5.1344255e-01  -2.8268331e-02  -3.5862392e-01   5.6295199e-01   1.2381329e-01  -5.0539657e-02   2.3401072e-01  -3.1316337e-02  -2.1483840e-01  -2.7127721e-02   1.5179667e-01  -5.9708127e-02  -2.8821132e-01  -5.3873035e-02  -2.8382198e-01   1.0716651e-01  -1.3350254e-01  -2.9769466e-01   5.5743444e-02   2.0646663e-01  -2.3611939e-01  -2.0512055e-03   4.5406019e-01  -8.2768832e-03  -1.0611681e-01   1.6106600e-01  -4.0714300e-02   3.3996481e-01  -1.1031003e-01   4.5323998e-01  -1.3877338e-01   9.5550243e-02  -8.3507455e-02  -3.0618467e-01  -3.0552034e-01   4.7748332e-01   1.8822085e-02   2.5447693e-01   5.0845910e-01  -1.0695553e-01  -2.8553528e-01   2.0581908e-02  -1.0441698e-01  -7.8449880e-02   2.7924060e-01   2.1002740e-01  -3.7298385e-01   6.8083001e-01  -3.1863167e-01   4.2475328e-01  -1.7337905e-01  -2.0949876e-01   5.7052458e-01   9.6625883e-02   2.2400121e-01   5.4390919e-02   3.1016619e-01   8.2794015e-03   1.2111978e-01  -3.1439806e-01   2.0775426e-01  -2.5587500e-01   7.9920154e-02  -3.0797904e-02  -3.8004502e-02   9.5464670e-02   3.0397831e-02   7.9772011e-02  -2.6624044e-01  -2.5405063e-01  -4.5909230e-01   1.1153360e-01   3.4781330e-01   4.4586373e-02   2.8465305e-01  -4.9714295e-01  -1.5109435e-01  -2.9290813e-01   7.2173057e-01   4.5085820e-02   3.6405967e-01  -5.4208103e-01  -1.1606395e-01   3.6551590e-01  -1.0149640e-01  -3.3720279e-01  -6.6229095e-02   3.3848865e-01   1.7093333e-01   3.3007492e-03   1.7830649e-01  -1.5673062e-01  -2.5275255e-01  -6.0787836e-02  -1.4185808e-01   3.4558958e-02  -1.8847092e-01  -1.0198704e-01  -2.6197855e-01   5.2461473e-02  -4.7040974e-01   4.2391292e-01   1.6140387e-01   4.2226582e-01   1.9542238e-01   2.8659334e-01   2.8916038e-01  -2.7823695e-01  -4.3336367e-01   1.8492221e-01   9.4450609e-02   3.3686650e-01   2.5010796e-03  -2.5388866e-01   4.7294625e-02  -2.7222582e-01   2.7493912e-03  -9.7759065e-02  -1.4912414e-01   4.8319972e-01  -1.8409631e-01   1.2630501e-01   3.1884173e-01   1.7894243e-01  -3.2200519e-01   2.3084065e-02   1.6050580e-01   4.0068499e-01  -7.5168800e-02  -7.9293740e-03  -4.4694892e-01  -8.9491205e-02   5.5399988e-02  -1.2286707e-01
  -3.3202767e-01   1.5822050e-02   5.8531982e-02  -2.2703745e-01   9.6217494e-02   0.0000000e+00   1.9525480e-01  -9.4710810e-02  -1.2422360e-01  -8.2940179e-02   2.9292499e-01  -8.0692127e-02  -2.0363334e-01  -8.2069843e-02   3.9517056e-02   6.4746314e-02  -1.2743059e-02   2.6883292e-02   1.7988294e-01   9.3319358e-02  -1.6928392e-01  -2.3803143e-01   5.4202707e-02  -2.5346979e-01   2.1837857e-01  -2.9384263e-02   4.1161189e-01   3.3548989e-01   2.6596806e-01  -1.1201950e-01   2.0286770e-02  -6.0732555e-02  -1.6539869e-02   1.4738324e-01  -2.7172878e-01   1.2602751e-01  -5.7107407e-02  -2.0501314e-01  -6.6558991e-02   3.2071079e-01  -1.3302934e-01   5.5882996e-02  -9.8510197e-02   5.8670215e-02   5.4156162e-02  -2.0277419e-01   2.5894108e-01   1.2392040e-01   3.5628420e-01   1.3702548e-01   1.3185540e-03  -1.1050235e-01   1.3567753e-01   2.1193411e-01   1.4833928e-02   9.4355564e-02   3.7754651e-01  -1.2858449e-01   7.5034250e-02  -1.8101238e-01  -6.9411618e-02   1.5249669e-01   2.5790904e-02  -2.1755377e-02  -6.6092683e-02   3.2659223e-03   6.7377166e-01   9.5738012e-02   5.5391202e-01   1.4101394e-01   2.5965366e-01   5.3854016e-02  -3.2486501e-01  -7.9809848e-03   2.8275015e-01   2.7990705e-01  -1.2080037e-01   3.1276087e-01   3.4776965e-01   1.0478471e-01   3.5735139e-01  -1.6278446e-01   9.3772311e-02   2.3648309e-01   3.9742653e-03   4.8505129e-02   2.4200513e-02  -1.3493633e-01  -5.2258955e-02  -1.2570225e-01   1.8129361e-01  -6.2338756e-02   4.2497235e-01  -3.5943936e-01  -1.6888057e-01  -3.1152966e-02   2.4133264e-01   2.0264037e-01   1.5775494e-01   6.9678707e-02   1.5801594e-01   1.5120705e-01   1.1369417e-01  -2.8731245e-01  -8.5899214e-02  -1.7033313e-01   8.3207777e-02   4.4777331e-01   1.7928081e-01   3.7087520e-01   3.8779084e-01  -1.9400202e-01   3.5718425e-03  -2.9809559e-01   3.2529467e-01   3.1926721e-01   3.0678418e-01  -6.5037385e-02   4.0934378e-01   4.5268192e-02  -1.8941487e-01   1.1401823e-01   3.5857405e-01  -1.5371119e-01  -2.3181599e-01  -1.8494370e-01  -2.3369087e-01   6.1640318e-02  -2.3775727e-01   1.9428841e-01  -2.1259773e-01   3.8338432e-01  -2.0685703e-01  -1.5873808e-03  -5.8343344e-03   2.9657889e-01   3.0251929e-01   3.3651854e-01   1.6977820e-01  -1.9930921e-01  -1.3369857e-01  -1.0854202e-01   1.6299377e-01   1.6762863e-01  -1.7448984e-01  -3.7118674e-02   1.9804264e-01   1.4671824e-01   3.1342267e-01  -4.1105193e-02  -1.6099513e-01   8.3707008e-02  -1.4964564e-01   3.5657704e-02   3.2246129e-01  -2.3357660e-01  -1.3002590e-01   7.1542784e-02  -6.5547990e-03   9.6148782e-02   9.9717322e-02   2.3194368e-01   2.8267929e-02  -1.7846990e-01  -2.6114924e-01   2.5197101e-01   1.9897848e-01   3.6363622e-01  -3.6389248e-02   3.4750727e-01   3.2612575e-01  -2.5186606e-01  -1.1309684e-01   4.3043533e-01   2.2734452e-01   1.1711056e-01  -2.0669055e-01
  -2.2815932e-01   3.5785362e-01   1.6198934e-01  -1.6678082e-02   4.6365573e-01   1.9525480e-01   0.0000000e+00  -2.7445267e-01  -1.0464574e-01   2.7661033e-01  -2.3847364e-01   5.1090948e-01  -2.4271643e-01  -2.5761472e-01   6.0794235e-01  -1.9340537e-01   9.8224106e-03  -1.2195350e-01   9.2891147e-02   3.8010945e-01   2.5461707e-01   1.8929042e-01   3.8278909e-01  -2.5659100e-01  -1.6234941e-01  -3.6203699e-01   4.8393417e-01   1.3132431e-03   5.7407892e-02   1.8508541e-01   7.3794632e-02  -2.0635024e-01  -4.0692631e-01   5.4550450e-01  -3.9256064e-03   4.3665131e-01   1.9990456e-01  -3.1443732e-01  -2.8106826e-01   3.5051180e-01  -2.5291465e-01  -3.4313255e-01  -4.8482530e-02  -3.6575442e-01  -1.7248789e-01  -2.9300490e-01   3.6584449e-01   2.5299509e-01  -2.4765471e-01  -3.7061442e-02  -7.1382219e-02  -3.6090863e-01   3.1813043e-02  -1.7673320e-02  -6.1981918e-02  -1.7866712e-01  -2.6224560e-01  -3.2162262e-01  -7.2089304e-02  -2.6297368e-01  -2.6034160e-01   2.8791757e-02  -4.8826749e-02  -4.0087757e-01  -1.3761135e-01   4.1927939e-01   2.6395320e-01  -2.7781498e-01   6.1452617e-03   1.2185327e-01   4.0801717e-01  -2.5987893e-01   1.3409234e-01  -2.8288917e-01   3.0310921e-02   2.7750533e-02  -2.2103929e-01  -3.4126523e-01   4.9480265e-01  -1.3533441e-01   3.2405800e-01   5.0671328e-01   1.4636619e-01  -8.9680772e-02   2.4984191e-01   6.0382972e-02   1.4961863e-02   2.2662215e-01   6.8459571e-02  -4.2568828e-01   3.0763169e-01  -2.7553915e-01   2.7633796e-01  -2.6882428e-01  -2.2626266e-01   1.5531330e-01  -4.6410489e-02   2.2665643e-01  -1.1098816e-01   1.7241334e-01   9.0716888e-02   1.7121892e-01  -3.1584644e-01  -3.1434386e-02  -2.3692749e-01   2.0349210e-01  -5.5059761e-02  -2.7398126e-02  -1.7856454e-02  -1.6303655e-02   1.8389956e-01  -2.3476702e-01  -3.4710547e-01  -3.3440177e-01   2.3555459e-01   2.4046361e-02   3.6897329e-02   4.2464561e-02  -2.2573662e-01  -2.4401357e-01  -3.2313406e-01   3.2710501e-01  -2.3280177e-03   1.8953183e-01  -4.3129809e-01  -1.2575662e-01   1.9930144e-01  -2.6117538e-01  -2.3524939e-01   2.6058781e-02   1.1583590e-01   1.8135837e-01  -1.1476129e-01   6.8373725e-02  -3.6114494e-01  -2.7866117e-01  -2.1900411e-01  -6.5931607e-02   8.9868083e-02  -2.0094528e-01  -1.3092692e-01  -3.0354696e-01   1.1091337e-01  -2.2006322e-01   4.0829112e-01  -8.6213649e-03   6.0663031e-01   1.6270860e-01   1.0842462e-01   2.5535556e-01  -1.3924221e-01  -3.5213459e-01   1.4277421e-01  -1.0757681e-02   3.9402624e-01  -2.1222624e-01  -2.0047146e-01  -1.5167114e-01  -2.5032903e-01   2.0473889e-01  -1.7825894e-01  -1.3447434e-01   2.5822663e-01  -1.9908759e-01   5.1379258e-02   1.4514786e-01   2.7730796e-01  -2.5780365e-01  -2.1312530e-02   1.0721250e-01   1.7640172e-01  -7.9222561e-02  -2.6481509e-01  -2.3718632e-01  -3.1761840e-02  -9.9605724e-02  -2.3272926e-02
   1.6780192e-01  -1.0280507e-02  -3.5200327e-01   1.9016728e-01  -4.0886950e-01  -9.4710810e-02  -2.7445267e-01   0.0000000e+00   2.3549346e-01  -1.6507564e-01   6.2705059e-02  -2.4180179e-01   5.3940004e-02   1.2263619e-01  -1.7923888e-01   3.1971343e-03  -2.6000249e-01   7.9133741e-02   1.0309541e-01  -3.9605670e-01  -1.4602315e-01   3.6954772e-01  -1.8832781e-01  -3.1827829e-02   5.2730907e-02  -8.3247563e-02  -2.6854087e-01  -2.6432914e-01   1.6915693e-01   3.2509055e-02   1.8593683e-01   2.0574859e-01   8.6387619e-02  -1.9587247e-01   2.5949323e-02  -3.9049710e-01  -2.0766773e-01  -9.5116449e-02   1.3321561e-01  -2.2645741e-01   2.0474464e-03   4.0871159e-02   9.8206142e-02   5.7762924e-01   4.6733419e-02   2.9224025e-02  -2.2058063e-01   1.1229352e-01  -7.1281152e-02  -1.9537256e-01   2.0923417e-02   1.0240878e-01  -5.5508531e-02   4.2164349e-02  -4.1687301e-02   3.2820737e-01   3.1302895e-01   2.1948644e-01   6.9683677e-02   4.0566748e-02  -1.2118754e-01   1.5508876e-01   2.2191985e-01   2.2098990e-01   1.3559648e-01  -2.4338372e-01   1.1667083e-01   8.4693591e-03   6.3949692e-02  -1.3058527e-01  -7.4198489e-02   6.1683820e-02  -1.8220585e-01   4.1475950e-02   1.9416740e-01   3.3264200e-01   3.2629442e-03   3.7532272e-01  -2.8764361e-01   1.4624722e-01  -3.9319831e-01  -2.9068757e-01   1.0569754e-02   5.3860585e-01  -1.9942852e-01   6.9258718e-02   1.8784863e-01  -8.2594607e-02   3.3547565e-02   4.8655775e-02  -1.1940134e-01   2.3481939e-02  -2.2129672e-01   8.8049102e-02  -7.0943050e-02  -2.0366127e-01   8.6899975e-02   2.7955260e-02   4.1531505e-02  -1.3510581e-01  -1.4639554e-01  -4.6442139e-02   6.5267868e-01   5.3959798e-02   1.3819458e-01   2.0243121e-01   4.8547994e-02   2.9895160e-01  -6.9303167e-02  -1.3089493e-01   3.8038171e-02   1.1450779e-01   1.2279087e-01   2.1055914e-01  -1.7858750e-01  -4.1225017e-02   2.9121735e-01  -1.2454725e-01   1.0658815e-01   8.7133935e-02   1.8537678e-01  -2.3388378e-01   1.1266204e-01   6.3569447e-02   1.9115756e-01   4.8110495e-02  -1.6421556e-01   1.4480941e-01   3.0288160e-01  -2.9056358e-01  -2.2366363e-01  -8.4058743e-03   1.5987572e-01   6.2639368e-02   1.4037737e-01   5.7315618e-01   1.9538551e-01   1.9686529e-01   1.5998178e-01   8.2792788e-02   8.4791269e-02   1.5878206e-01   1.4799489e-01  -1.0182947e-01  -2.4625263e-01   1.5026587e-01  -1.5641987e-01  -1.9972007e-02  -2.3302109e-01  -9.7667759e-02  -1.0959203e-01   5.0628005e-01   1.6449454e-02   3.8480383e-02  -3.7033208e-01  -1.3929926e-01   4.6900486e-02  -2.5695358e-02  -7.4390313e-03   2.3462289e-01   1.2398413e-01   2.3534838e-01  -2.6918053e-01   1.9944790e-01   5.2502660e-02  -2.6337596e-02   8.7860823e-02   4.6400434e-01   1.0668763e-01  -6.3404114e-02  -4.9786765e-02  -1.1189431e-01   6.8509002e-02   1.8100977e-01   2.5300620e-01   8.9411976e-02   2.0521199e-01
  -8.3398282e-03   4.5605453e-01  -3.4219543e-01   4.2605007e-01   3.1390367e-02  -1.2422360e-01  -1.0464574e-01   2.3549346e-01   0.0000000e+00  -1.8422677e-01   1.4687133e-01   2.0900974e-01   3.8556376e-01   5.0841944e-01  -4.7099154e-03   3.1671913e-01  -2.3039963e-01   6.0537992e-01  -2.5518662e-01  -6.7331374e-02   5.8542536e-02   2.4854029e-01   5.8078052e-02   1.4780992e-01   2.9595896e-01  -2.7350899e-02  -1.2183194e-01  -8.9001027e-02   1.3693808e-01   9.0666093e-02   1.5062325e-01   3.9484301e-01   4.0215956e-01  -3.4720809e-02   6.2656355e-01  -1.5202044e-02  -1.4297080e-01  -3.6556754e-01   2.8481843e-01  -4.1632620e-01   4.9812081e-01   3.1132522e-01   6.6211592e-01   2.0192233e-01   5.8695095e-01  -2.0157984e-01  -1.0703299e-01   1.4657805e-01   7.5065223e-02  -1.3495293e-01   5.0372294e-01   3.1477045e-01   1.2421754e-02   1.7252630e-01   3.4398800e-03   1.9958586e-01   1.6241976e-01   4.4433276e-01   6.7861607e-01   6.7751177e-01  -2.0895700e-01   5.9900811e-01   5.6434979e-01   3.7409649e-01   3.7543288e-01   1.4254110e-01  -1.9710767e-01   4.3551269e-01   1.9361525e-01  -3.8888727e-01  -1.5060941e-01   5.4014952e-01   3.7828518e-01   2.2190570e-01   2.0678427e-01   4.6347094e-02  -1.5453104e-01  -1.5211308e-02  -2.9729184e-01   5.4320155e-01   1.8308121e-02   4.8161600e-02  -1.5781732e-01  -2.9739726e-02  -2.7034058e-01   2.4845854e-02   5.8648536e-01   1.4671310e-01   5.0974776e-01  -1.4420476e-01   2.1126811e-02  -9.0233836e-02  -2.6353383e-01   6.2689627e-01  -2.8458087e-01  -1.5275408e-01   4.0734513e-01  -2.1699465e-01   6.6451051e-01   6.6342310e-02  -4.3056747e-01   1.2273029e-01   3.2935977e-01   6.2869195e-01   3.9036162e-01   1.9937224e-01   2.5513069e-01   1.2604196e-01   1.7787209e-01   8.4475363e-02  -2.6182455e-01   4.1483219e-01   5.4922397e-01  -3.1292894e-02  -3.3626393e-01   4.8172309e-02   3.1810869e-02   3.3582050e-01  -1.4110616e-01   5.6970734e-01  -8.8282054e-02  -7.3726983e-02   2.5243114e-01   3.8006180e-01  -1.2473923e-01   4.6366815e-01   2.7542928e-01   4.0379540e-01   4.1453190e-01  -5.4623155e-01   2.5144585e-01  -1.5701770e-01   3.2359420e-01   1.7175973e-01   4.4460758e-01   3.0933690e-01   3.0758605e-01   3.1631733e-02   2.2200601e-01  -2.3593071e-01  -5.4326101e-02   2.3899042e-01   1.2417085e-01  -2.7281770e-01   9.0718364e-02   3.9586259e-01  -3.3059252e-01   3.2543630e-01   1.6015330e-01   1.8856138e-01  -1.2039224e-01   5.9502067e-02   7.1032672e-02   1.9106025e-01  -4.2554097e-01  -1.1962614e-01  -2.5842031e-01   5.9553068e-01   1.2066491e-01   2.8049110e-01   5.6262327e-01   3.0583910e-01  -1.0019976e-01   4.2985397e-01   4.4287108e-01  -9.4352455e-02   5.4843801e-02   1.5814650e-01   2.9752945e-03  -1.1081985e-01   1.6832134e-01  -2.4834289e-01   5.6570131e-01  -1.6203225e-01   2.0897825e-01   3.9204680e-02   3.0219103e-01
  -2.8181779e-01  -1.2292566e-01   4.2179752e-01  -8.1869026e-02   4.9962566e-01  -8.2940179e-02   2.7661033e-01  -1.6507564e-01  -1.8422677e-01   0.0000000e+00  -3.4380353e-01   2.3566370e-01  -1.1261801e-01  -4.7803167e-01   4.5347655e-01  -1.1082856e-01   2.9995028e-01  -2.6913124e-01   2.3598098e-01   6.3203996e-01   4.2635114e-02  -1.2562976e-01   4.8319814e-02  -3.4678713e-01  -3.7487841e-01  -3.7406105e-01   1.4688930e-01  -6.8404857e-02  -1.9144449e-01  -1.5411169e-01   1.6606993e-01  -4.0277308e-01  -3.8894996e-01   5.6508284e-01  -2.5021127e-02   3.2474747e-01   7.1387071e-01  -2.0377224e-01  -7.1110665e-02   5.3820227e-01  -4.5619536e-02  -4.1159549e-01  -2.7131556e-01  -2.9751730e-01  -1.3017835e-01  -2.7813559e-01   2.3769512e-01  -1.2965311e-01  -1.0945548e-01   4.1324798e-01  -2.4746608e-01  -5.2402514e-01   1.1659493e-01  -1.4846177e-01  -3.6749651e-02  -2.4524601e-01  -1.2153935e-01  -4.0109062e-01  -2.2347676e-01  -3.8579392e-01  -2.4968967e-01  -3.0072739e-01   1.9001377e-01  -3.0371046e-01   8.4546433e-02   1.6532778e-01   1.6984062e-01  -3.5144706e-01  -3.2922885e-01   2.8077663e-01   5.4068697e-01  -4.7596338e-01   2.1019070e-01  -2.7115042e-01  -2.0837123e-01  -1.5019207e-01  -3.0870071e-01  -1.3698594e-01   4.7421229e-01  -4.0203173e-01  -1.8901624e-02   3.1567775e-01   1.8909277e-01   2.7048495e-02   2.0114867e-01  -3.5283676e-01  -5.4458607e-02   5.8339551e-02  -9.9628089e-02  -4.3264790e-01   2.4857775e-01  -1.9892405e-01   4.6872473e-01  -3.3015302e-01  -3.1466714e-01   5.4234123e-01  -3.8067154e-01   3.4977756e-01  -3.7594505e-01   4.5189792e-01   5.3554088e-01   1.6803780e-01  -2.4130715e-01  -1.5462768e-01  -2.6888295e-01  -1.7774326e-01  -2.5353679e-01  -1.6475241e-01   2.4387770e-01  -2.4085042e-01   3.4296925e-01  -4.9488451e-01  -4.0514882e-01  -3.5902429e-01   4.9092624e-01   1.6096014e-01   1.5574692e-01   2.1595876e-01  -2.5440148e-01  -4.8519234e-01  -3.7980329e-01   5.1022931e-01  -1.0602580e-01   1.6265166e-01  -4.3416092e-01  -3.7668050e-01   3.8175000e-01  -3.7744294e-01  -3.8649361e-01   3.2638821e-01   2.6446883e-01   1.2081065e-01  -4.0250361e-02   1.7998980e-01  -3.8879789e-01  -3.2750071e-01  -3.5415168e-01   9.4534630e-02  -2.7895932e-01  -1.6879612e-01  -3.0553624e-01  -9.4347408e-02  -1.2730557e-01  -1.7814660e-01   5.5556569e-01  -1.9902199e-01   6.8417225e-01  -2.2257692e-01  -9.4604826e-02  -8.2204387e-02  -2.0311832e-01  -1.5125129e-01  -1.5701756e-01  -1.0311283e-01   5.6737656e-01  -1.4956258e-01  -3.3072124e-01  -3.3710741e-01  -3.6871184e-01  -1.9923134e-01  -4.1650859e-01  -3.4260541e-01   5.2776849e-01  -3.9549688e-01  -1.8322854e-01   1.9927886e-01   1.1692276e-01  -1.9885226e-01  -2.8211806e-01   1.1670593e-01   7.1696870e-02  -1.1908367e-01  -2.5814507e-01  -2.3744523e-01  -2.9612297e-01  -1.7366652e-01  -1.5434757e-01
  -1.5496665e-01   1.1284328e-01  -2.3327033e-01  -1.0167034e-01  -1.9066841e-01   2.9292499e-01  -2.3847364e-01   6.2705059e-02   1.4687133e-01  -3.4380353e-01   0.0000000e+00  -6.1866767e-02  -1.0278796e-01   2.1538578e-01  -6.2858272e-02   2.2142990e-01  -2.6535430e-01   3.6600021e-01  -1.2124623e-01  -2.9350672e-01   8.1410273e-02  -2.2910780e-01   5.5938212e-03  -5.9192660e-02   3.8180205e-01   7.4419431e-02   2.8370914e-03   1.4076504e-01   2.0283149e-01  -5.8269634e-02   5.6646813e-02   3.4594822e-02   3.5351233e-01   1.0172181e-02   1.4853638e-01  -6.4161760e-02  -8.9916493e-02  -5.3248028e-02   3.4878607e-02  -2.4383879e-01   9.2652453e-02   4.1547848e-01   1.6396980e-01   4.6051622e-01   2.5504198e-01   3.6239589e-02   4.3871172e-02   4.8034350e-02   2.1937133e-01  -8.9199165e-02   1.8477547e-01  -2.7562992e-03   2.2511179e-01   1.1977803e-01  -9.0868659e-02   6.1898295e-01   2.8828922e-01   2.7600735e-02   3.3931528e-01   2.5331899e-01   1.0171333e-01   3.2046781e-01  -1.2623909e-01   5.2019848e-01   2.0155310e-01   1.9788516e-01  -1.6086494e-02   3.7480611e-01   5.3699732e-01  -2.0242617e-01  -2.2966886e-01   3.3508000e-01  -8.4127096e-03   1.3071540e-01   1.3281492e-01   2.2225441e-01   7.7579001e-02   3.3834545e-01  -6.4246463e-02   4.0729898e-01  -4.3662938e-02  -3.0265712e-01   2.5529201e-01   3.0280027e-01  -1.1396924e-01   1.3273096e-01   2.4468975e-01  -1.2519255e-01   1.5155791e-01   8.7398924e-02  -1.2150761e-01   5.6462594e-02   1.2316554e-01   1.3721705e-01   7.1683288e-02  -5.1344857e-01   3.6470046e-01   8.0297462e-02   3.9799589e-01  -8.0036093e-02  -1.6686997e-01   2.3712858e-01   1.6506993e-01   1.0883759e-01   2.4629712e-02  -1.5677869e-01   2.3390639e-01   4.2815374e-01   5.1627720e-02   3.0631363e-01   3.3777736e-01   5.2521892e-03   2.3519516e-01  -1.7977534e-02  -1.4695238e-01   3.0708779e-01   2.8415890e-01   1.0127366e-02   3.7804268e-01   3.0249995e-01   5.1545689e-02  -1.7397020e-01   1.2477510e-01   4.6852928e-02   6.6630285e-02   9.2399351e-02  -6.8734445e-02   2.7716062e-01  -1.2827117e-01  -1.9034827e-01  -2.0404600e-01   3.5886025e-01   1.6547847e-02   6.0959162e-02   2.1793472e-01   3.5083892e-01   3.4770002e-01   3.5058353e-01   2.1613041e-01   4.3890915e-03   5.9592174e-02  -1.2819267e-01   4.6742463e-01   8.1529190e-02  -1.2709484e-01   2.4504949e-01  -3.4602522e-01   4.0110056e-01   5.1213763e-01  -1.2431051e-02  -5.7306347e-02   2.2247952e-01  -1.0257515e-01   5.7623551e-01  -1.8321322e-01  -4.9022352e-02   3.3033589e-02   3.6329580e-01   2.7014992e-01   4.9976685e-02   3.8289594e-01   6.2319625e-01  -2.1929332e-01   5.4981842e-02  -7.8357797e-02   3.2269517e-01   4.1874525e-01   4.8328188e-01   1.1907927e-01   4.0051768e-01   3.2835728e-01  -7.3173115e-02   9.5025585e-02   2.7446177e-01   4.1999025e-02   2.4777967e-01  -2.5559658e-01
  -2.6889880e-01   6.8563800e-01   3.5546193e-01   1.9097651e-01   3.8140731e-01  -8.0692127e-02   5.1090948e-01  -2.4180179e-01   2.0900974e-01   2.3566370e-01  -6.1866767e-02   0.0000000e+00  -7.0244786e-02   4.8674324e-02   2.1533328e-01   2.4924870e-01   9.6719752e-02   2.5612007e-01  -1.0047507e-01   3.0790707e-01  -1.6906476e-01   2.3384909e-02  -9.2643588e-02   1.5696656e-02  -8.0230053e-02  -1.2352012e-01   1.7236444e-02   7.8776214e-02  -4.9454883e-02   1.2438182e-01  -2.5869706e-01   2.1044632e-01  -2.5758977e-02   2.3774585e-01   2.4102381e-01   6.5474962e-02   2.8391692e-02  -3.0256705e-01   1.9249941e-01  -8.5798650e-02   6.1537932e-02  -1.4139443e-01   2.2224494e-01  -2.4045532e-01   1.1809146e-01   5.5339124e-02  -1.0274543e-01  -2.5444674e-01  -3.1653653e-01   9.1495336e-02   2.5592328e-01  -1.8137588e-01  -1.3287579e-01  -2.2827960e-01  -2.2391309e-01  -1.4711106e-01  -1.8087523e-01   9.0382590e-02   3.7587026e-01   2.5140794e-01  -1.0775464e-01   5.5215194e-02   2.4688614e-02   6.4530587e-02   2.2253818e-01   2.3422770e-01  -2.0600740e-01   6.3757136e-02  -1.3296192e-01   7.4263398e-02   1.6635464e-02  -3.0375032e-02   3.6246313e-01   2.6489294e-01  -1.7627201e-01  -3.3529814e-01   3.3596217e-02  -4.2227594e-01   6.2073263e-02  -1.4070362e-02   5.0116916e-02   4.0477395e-01  -2.1999264e-01  -1.6273002e-01   3.0032105e-01  -7.1789896e-02   2.7244120e-01   1.1245211e-02   3.4831265e-01  -2.2266507e-01   7.6872413e-02  -1.5429118e-01   1.4376245e-02  -7.1195223e-02  -1.7426359e-01   8.1690399e-02  -3.4464391e-02   1.2071457e-02   1.1749537e-01  -1.2634341e-01  -1.6272265e-01   1.2383623e-01  -4.0430385e-01   3.9623449e-01   1.9970160e-01   9.6694472e-02  -2.6308445e-01  -1.6618562e-01   9.3462869e-03  -2.5953621e-01  -8.2450179e-02   2.3820550e-01   2.6711163e-02  -9.8560705e-02  -1.4258754e-01   2.1715772e-01  -3.0004162e-02   2.5736180e-01  -3.5506412e-01  -6.0823312e-03  -1.0219042e-01   3.2265949e-01  -8.7614774e-02   4.5525622e-01  -3.7050745e-02   1.3024428e-01   3.8974371e-01  -2.4236983e-01   5.9765300e-02  -9.5374442e-02   2.5085592e-01  -1.9794142e-01   4.0762565e-01  -1.6600351e-01  -2.4009565e-01  -3.3489103e-01  -2.0587422e-01  -2.9108514e-01  -1.8889085e-01  -3.6314834e-01  -9.9077678e-02  -2.6588046e-02   1.1632536e-01  -2.3913720e-01   3.7328727e-01   1.5245329e-01   2.0969436e-01   1.3629470e-01  -1.0770856e-01  -5.5880696e-02   2.6603250e-01  -5.8139047e-01  -6.0985957e-03   1.5809042e-02   1.8582037e-01  -3.8770889e-02  -2.3617183e-01   2.2439200e-01  -1.1379873e-01  -2.6466040e-01   4.3602938e-02  -3.7297617e-02   1.1715968e-01   1.2695900e-01   3.2991295e-01   2.5059651e-01   1.9390274e-01  -2.5159433e-01  -2.4570958e-01   2.9461850e-02   9.0120462e-02   3.1078235e-02   1.1991196e-01  -2.5746206e-01  -8.4421149e-02  -2.9551947e-01   1.4264968e-01
   1.9847935e-01   1.2254981e-02  -1.6826733e-01   1.6065077e-01  -1.1214495e-01  -2.0363334e-01  -2.4271643e-01   5.3940004e-02   3.8556376e-01  -1.1261801e-01  -1.0278796e-01  -7.0244786e-02   0.0000000e+00   2.8572852e-01  -3.3374950e-01   5.0091212e-01  -5.7285027e-02   1.5261379e-01  -3.6548988e-01  -6.8507450e-02  -1.3995529e-01  -6.4423968e-02   2.7097295e-02   3.5209539e-02   1.5466289e-01   1.1642621e-01  -2.0187009e-01  -3.3287832e-02   1.7069248e-01  -2.7111937e-01  -2.8882057e-01   4.7084571e-01   6.1397542e-01  -3.6770876e-01   2.6934167e-01  -1.1868777e-01  -1.6484761e-01   1.7066155e-01   5.5263005e-01  -2.9885800e-01   8.3061116e-01   3.8717206e-01   3.3902253e-01  -1.1740250e-01   4.7242907e-01   3.4392747e-01  -3.6443648e-01  -3.2689255e-01   1.0720211e-01  -1.2470856e-01   4.2471706e-01   2.4509488e-01  -1.5785687e-01  -1.5176421e-01  -2.2694273e-01  -1.7412793e-01  -3.8436883e-02   5.0795490e-01   3.7275390e-01   4.5879917e-01   1.3582484e-01   1.7396181e-01   2.5179621e-01   2.5271649e-02   1.7586783e-01  -1.5521722e-01  -3.2695930e-01   4.9424399e-01  -1.7662167e-01  -7.6931621e-02  -2.6854668e-01   5.3419399e-01   2.4630938e-01   1.0346155e-01  -2.0085890e-01  -2.7760437e-01   1.6290912e-01  -5.8987310e-02  -3.4051463e-01   3.4890225e-01  -6.4832924e-02  -2.8381607e-02  -2.7112422e-01  -3.7255719e-01   1.5465767e-02  -6.1843799e-02   2.3478092e-01  -5.6806927e-02   2.8720663e-01   5.4107891e-02  -1.2755555e-01   2.1486206e-01  -3.4613171e-01   4.5334683e-01   2.4361992e-02   1.1642922e-01   1.5072181e-01  -4.0382866e-01   4.7817246e-01   9.0769907e-02  -2.5736865e-01  -2.1756949e-01  -9.4921167e-02   2.6140936e-01   6.0128126e-01  -7.4290247e-02  -4.5938965e-02  -3.6420359e-01  -3.8665411e-02   6.0099201e-02  -4.2133847e-01   3.0727424e-01   6.8643788e-01   3.2302276e-01  -2.6022473e-01  -3.6511760e-01  -2.8875402e-01   5.7238289e-01  -4.0515988e-02   5.0307832e-01  -6.3285383e-03  -2.0220858e-01  -4.2922161e-02  -1.3475665e-01   2.1449921e-01   1.8779221e-01   6.0774507e-02   2.7762950e-01   5.3227089e-01  -5.9675158e-02   6.0193198e-01  -3.3272889e-01   1.7415335e-01  -1.3641326e-01   3.9050468e-01  -8.6168646e-02   5.5909660e-02  -3.0718375e-01  -4.1091711e-02  -1.4257030e-01  -1.1169713e-01   7.6155122e-01  -1.8199525e-01   1.9013625e-01  -2.6453818e-01  -3.0597120e-02  -4.2794599e-01  -2.0932417e-01  -5.9925264e-02   7.9044236e-02   6.6320349e-02  -6.9316759e-02  -2.0029074e-01   1.5099109e-02  -3.1491894e-01  -2.1070386e-02  -1.1355312e-01   4.0638768e-01   2.5544059e-01  -6.7383938e-02   2.7547180e-01  -9.0858177e-02   2.5052533e-02   3.3454032e-01   1.4546727e-01  -3.9052797e-01  -2.7182481e-01  -9.7709357e-02  -2.2991431e-01  -3.0701683e-01  -2.4900930e-01   8.0715472e-02   5.6505720e-01   7.7857648e-02  -1.7673404e-01  -2.6010172e-01   2.5593677e-01
   2.8521839e-01   3.2319342e-01  -4.6653310e-01   3.5698643e-01  -3.2294697e-01  -8.2069843e-02  -2.5761472e-01   1.2263619e-01   5.0841944e-01  -4.7803167e-01   2.1538578e-01   4.8674324e-02   2.8572852e-01   0.0000000e+00  -2.0688806e-01   1.5214191e-01  -3.7588099e-01   2.7526915e-01  -2.3019249e-01  -4.2876400e-01  -1.3983480e-01   1.8717771e-01  -7.7559762e-02   3.7924622e-02   4.8097155e-01   3.4632139e-01  -2.7947612e-01   1.7138046e-01   1.2947404e-01   1.5391154e-01   1.3764670e-01   2.8110900e-01   3.5222113e-01  -3.4951220e-01   5.4134156e-01  -3.3637077e-01  -3.8163848e-01  -9.3912782e-02   1.5442885e-01  -5.7045143e-01   3.6960566e-01   3.6278101e-01   4.8685381e-01   2.5742776e-01   2.7418494e-01  -3.5973540e-04  -2.6914209e-01  -3.3508368e-02   2.3784415e-01  -2.4548468e-01   3.3557917e-01   3.5286270e-01  -1.6761745e-01   2.7456434e-01   3.3734299e-01   2.5538286e-01   1.7641566e-02   4.8294136e-01   4.2870578e-01   6.7338980e-01  -1.2526063e-02   2.9302752e-01   1.8726745e-01   3.8641334e-01   2.3830763e-01  -1.3574537e-01  -2.5709628e-01   4.2305564e-01   8.1298619e-02  -4.1867904e-01  -3.7218836e-01   4.9245764e-01   1.4667596e-01   4.9026109e-01   1.5126880e-01  -5.3207079e-02   1.3320470e-01   3.7718285e-02  -4.5119481e-01   5.3457745e-01   7.5463819e-02  -1.2234427e-01  -1.5232561e-01  -1.5359344e-01  -8.4004159e-02   1.3768435e-02   5.1036813e-01  -2.1239655e-01   3.7485462e-01   2.1884991e-01  -1.3944361e-01  -2.4513713e-02  -4.7481121e-01   5.9710415e-01  -5.7500750e-02  -4.1487603e-01   4.1185145e-01  -2.8697986e-01   3.5748414e-01  -2.3152123e-01  -3.2794365e-01   5.8440524e-02   3.8750049e-01   4.3974174e-01   3.1011583e-01  -3.1463375e-02   4.6542487e-01   9.1474946e-02   1.1384262e-01   6.6215454e-02  -3.2960905e-01   5.5877105e-01   4.1900151e-01   2.3476410e-01  -4.5942537e-01  -5.1250666e-02  -1.2932495e-01   1.3303290e-01   1.3707946e-01   5.3154731e-01   1.9666692e-01  -2.0436384e-01   2.3370886e-01   1.3462845e-01   1.4501019e-01   7.6101281e-01  -5.7375964e-02   3.9127444e-01   3.4928055e-01  -3.7949800e-01   1.4770778e-02  -2.8527213e-01   5.2722077e-01   1.2001316e-01   5.7181050e-01   2.8819061e-01   3.1325088e-01  -8.8209732e-02   1.5298003e-01  -9.7277828e-02   2.7321632e-01   2.2955517e-01  -3.7946466e-02   5.0026157e-02  -1.6147813e-01   4.2856404e-01  -5.4365229e-01   1.7143222e-01   6.9657468e-02   6.6907548e-02   1.3183776e-01   1.2680025e-01   1.4561027e-01   6.3884856e-03  -4.6795051e-01  -1.5354841e-01   1.3353958e-01   5.7621053e-01   2.3967025e-01   1.3805926e-01   5.5842678e-01   2.0857831e-01  -2.3982921e-01   2.9493165e-01   2.2356605e-01  -3.5706671e-02  -1.7035619e-01  -1.6027850e-02   3.2248983e-01  -1.6274019e-01   1.7160010e-02  -2.1689646e-01   2.5375807e-01   2.9212623e-02   1.6552359e-01   2.6038283e-01   8.6752549e-02
