   0.0000000e+00  -2.2350656e-01   1.2934653e-01   2.8812246e-01   6.5195260e-02   2.6507793e-01  -1.2581991e-01  -9.5330769e-02   2.1482623e-01   3.1943096e-02   1.3743867e-01  -1.9434203e-01  -7.5854592e-02   2.5870468e-01   1.5243701e-01   6.1937036e-02   7.6905608e-02   3.9462094e-02   9.0209520e-02   5.6587700e-02  -2.2358527e-02   2.0013933e-01  -1.8997722e-01   7.5663444e-01   1.3347702e-01  -5.8884079e-02  -1.4911895e-01   3.6317955e-01  -3.6347929e-02   1.7575523e-01  -4.3243335e-02   6.6141396e-02   3.5867160e-01   1.0855190e-01  -2.2528222e-01   3.6130428e-02  -1.0748212e-01   3.2862338e-02  -9.3490539e-04  -3.5057433e-01  -1.2718686e-02   3.0428113e-01   1.2382371e-01  -1.2201274e-01   9.2612126e-02   5.0709128e-01   2.3273803e-01  -3.8522178e-01  -1.2133954e-01  -7.8969831e-02   1.8878964e-01  -1.0102757e-01  -1.4639136e-01   7.0476358e-02  -8.4230583e-02  -7.5677593e-02   3.1183309e-01   1.8059906e-01   1.8919125e-01   1.7325496e-01   4.1129282e-01  -2.0667471e-01   2.0942073e-01   1.7784989e-01   9.8743044e-02   1.5647161e-01   1.5338413e-01   2.9599237e-01   5.3272414e-02   3.3597973e-01  -4.1129376e-01   2.3331750e-01   1.0589321e-01   4.0529471e-01  -1.2548872e-01   2.0143784e-03   5.0620905e-01   6.9087383e-02   2.2343918e-02   2.6622698e-01  -3.0085777e-01  -5.3825334e-03  -3.6732091e-01   6.1121791e-03   8.1972292e-01   2.3999863e-02  -1.9257361e-01   2.7430541e-02   2.5008430e-01   7.2685103e-01  -1.2996918e-01   3.6664946e-01  -5.6642218e-02   1.3287224e-01  -1.2542456e-01  -1.4917087e-01   2.8534926e-01   7.9458196e-02   2.4472239e-01  -1.7403903e-01   3.0118982e-01   4.1282407e-01  -2.5100104e-01   2.0027275e-01   1.8385730e-01   1.0858981e-01   1.2308762e-01   8.2706905e-02  -3.8783685e-02   4.1567864e-03  -1.8755894e-01   3.0192135e-01   1.0866079e-01   7.0866164e-01   4.1207065e-01   6.8339346e-02  -1.5538475e-02  -6.8109747e-02  -6.4556311e-02   2.9930547e-01   6.3200646e-01  -3.3164942e-01   1.6332013e-01   3.4282165e-02   1.5132005e-01   1.4892618e-02  -3.1012828e-02  -4.6980884e-02  -4.2886457e-02   2.5658680e-01  -7.3933743e-02   4.4716458e-02   4.8046024e-01  -1.4254097e-02   1.2796038e-01  -1.1147642e-01   2.0536585e-01  -1.1193895e-01  -3.4937852e-02   1.3163552e-01   6.4912751e-01  -2.4725931e-02   4.4621466e-02  -7.8404736e-02   2.6750345e-03  -2.7295377e-03  -5.2122787e-01   3.4812308e-01   3.6834465e-01  -1.6708405e-01   6.9866125e-01  -2.9401195e-01   5.6035673e-01   1.3985269e-01  -2.8195076e-01   6.2895926e-01   5.1203583e-01   2.2849382e-01   2.5967023e-01  -1.5814906e-01   2.8669985e-01  -4.6666717e-02  -1.5602036e-01   1.6639981e-01   1.0441529e-01   8.8832256e-02   4.7682129e-02  -1.2854944e-02   4.2513915e-01  -3.5860353e-01   6.4118717e-02   2.3271973e-01   1.8801095e-01  -3.9626598e-02  -1.1951439e-01   8.6333487e-02   2.0542756e-01
  -2.2350656e-01   0.0000000e+00  -8.8646417e-03  -1.3399947e-01   6.0319710e-01  -7.8143297e-02  -7.7708290e-04  -1.6547866e-01   1.3269791e-01   2.9110719e-01  -4.0616074e-01   6.0035006e-01   3.3721447e-02  -4.6110758e-01  -7.5154143e-02  -1.3400256e-01   1.8254282e-02  -3.7812043e-01   1.4055403e-01   5.7355063e-01  -6.2618099e-01  -2.9591778e-01  -4.2690793e-01  -2.0297114e-01   3.0410971e-02  -8.2820848e-02   2.6819759e-01  -4.9846447e-01  -1.7226933e-02   2.5265828e-01  -3.0831751e-01  -6.6574540e-02  -2.5061841e-02  -1.2208588e-01   2.8262822e-01   2.0400834e-01   2.1115774e-01  -1.9619187e-01  -4.3880970e-02   6.2359658e-01  -6.7805621e-02  -2.1155665e-02   4.7940364e-01  -2.8444990e-01   2.7656907e-01  -3.2675944e-01  -2.4422890e-01   4.3507959e-01  -3.8586420e-02   6.8907091e-01  -3.9006314e-01  -3.7751525e-01   4.9853645e-01   1.9795832e-01  -2.0516675e-01  -3.6803624e-01   1.3374706e-02  -4.5835289e-02  -2.5269281e-01   3.1262202e-01  -1.6734513e-01   1.6452022e-01   4.2440891e-01   7.1880395e-02   2.3630982e-01   2.0150713e-01  -7.4006309e-02  -1.7495139e-01  -2.1364160e-01  -2.0474671e-01   5.5652551e-01  -1.9113403e-01  -1.8990778e-02  -1.5030945e-01   2.3739635e-01  -2.4093537e-01  -1.9104307e-01  -3.2750334e-01   6.9702529e-01   2.1084302e-01  -3.8924012e-01   1.2814762e-01  -1.8731685e-01  -1.9265449e-01  -2.5423749e-01   1.3654565e-01   1.7059501e-01  -1.2948866e-01  -8.9783440e-03  -9.3070703e-02   6.1152607e-01  -2.1838293e-01   2.8988995e-01   7.5255018e-02  -2.4989257e-01   6.9751474e-01   1.5059223e-01  -8.1675307e-02   3.0582470e-01  -1.0776423e-01  -4.5507940e-01  -4.2777165e-01  -4.7636563e-01   1.4802474e-01  -4.0716032e-01   4.7707852e-02   4.9874932e-02  -8.0778044e-02  -4.6589934e-02  -1.8193470e-01   4.8296974e-02  -2.5143720e-01   3.2598344e-02  -3.1606413e-01  -2.3607900e-01   6.5625887e-01  -2.8307783e-01  -9.2051316e-02  -6.2313644e-01  -8.1506816e-02  -2.3067602e-01   5.0838867e-01   7.5234807e-02   5.5977092e-02  -1.0127551e-01   3.5710686e-01  -1.6192594e-01   2.7553952e-01   1.5073401e-01  -3.1285608e-01   9.4560314e-02   1.1938316e-01   8.3807969e-02  -3.9944840e-01   9.6102216e-02   4.7455656e-02   3.1767019e-01  -3.4304336e-01  -1.4479375e-01  -4.4612392e-01  -3.2842344e-01  -6.2391560e-02  -2.7666699e-01  -3.3529432e-01  -3.8663065e-01  -4.6612361e-01   2.4209914e-01   1.3851953e-01  -2.6968905e-01  -2.4680384e-01  -2.5191433e-01  -3.7964981e-01  -1.3729063e-01   7.8439774e-03   7.7651738e-01  -2.9121591e-01  -3.8047148e-01  -1.3826869e-01  -7.6675655e-02  -4.8137569e-01   5.6458462e-02  -1.9683874e-01  -4.7204948e-02  -2.6407767e-01   1.9691487e-02   4.5193821e-01  -5.2683670e-02  -2.1586785e-01  -1.1337441e-01   4.1463045e-01   6.1726752e-01  -3.4402472e-01  -6.6669388e-02   1.7537150e-01   8.4534199e-02   1.8168473e-01  -2.9203425e-04
   1.2934653e-01  -8.8646417e-03   0.0000000e+00   4.9737893e-02   1.1238366e-01   1.4365461e-01  -2.5758243e-01  -8.9714220e-02  -1.2726171e-01   8.0753579e-02  -9.0387866e-02   1.8463206e-01   2.8876174e-01  -3.0860480e-01  -1.2196138e-01   4.6145150e-01   8.2988386e-01   1.7813334e-01  -5.7506347e-03   2.6916706e-01  -5.0275055e-02   2.8260055e-01  -8.1567314e-02   1.0685546e-01  -5.2527434e-02   6.8309177e-02   1.7675029e-01  -3.9195467e-01   2.5636273e-02  -1.2370511e-01  -2.3975158e-01   3.9048328e-01   1.3395605e-01  -1.9633015e-01  -4.2855320e-01   2.1500609e-01   5.3022786e-02  -1.0854515e-01   3.5937210e-01   1.1137048e-01   2.8610065e-01   2.1469061e-01   8.3435937e-03  -3.5797439e-02   4.4667332e-02   4.5786325e-01   2.1214319e-01  -3.6471952e-01   1.9945776e-03   4.0819601e-01   1.7764168e-01  -7.8637805e-03  -3.6843483e-01   8.4380408e-02  -2.0099150e-01  -1.2135920e-01   1.4156551e-01   3.9527497e-01   1.4527382e-01   2.2481353e-01   5.1933213e-01  -2.5535148e-01   7.7173890e-02  -2.0568450e-01  -2.1871298e-01   5.7893024e-02   1.0758199e-01  -2.4718757e-02   1.6087388e-01   6.2519439e-01  -1.2384818e-01   3.4461344e-01   1.7175793e-01   3.1069313e-01   2.5503986e-02  -9.3155413e-02   4.4382128e-01  -2.3653868e-01  -6.3367941e-02  -1.7460504e-02  -3.3344070e-01   9.2608045e-02  -3.0775031e-01  -8.0331598e-02   9.4292683e-02  -4.7815614e-02  -3.9591256e-01  -3.1423116e-01   5.7039099e-02   1.2311108e-01  -2.0298089e-01   6.8692311e-01   8.9849774e-02   4.2603267e-02  -3.3665648e-01   2.8107808e-01   5.7879963e-02  -8.7390413e-02  -6.9538802e-03  -1.3721120e-01  -4.1166624e-02  -3.0440646e-02  -2.1041024e-01  -1.3304989e-01   1.0851663e-01   2.8188046e-01   1.4118777e-01   1.6410855e-01   1.8275834e-01  -2.0875263e-02  -9.4638995e-02   2.7618119e-01   2.1357043e-01   4.9897352e-02  -1.7634650e-01  -1.6971208e-01   4.9385129e-02   2.3295934e-01  -1.9584137e-01   2.6752182e-01   1.3431499e-01   3.8008243e-02   2.1286331e-01  -1.5875748e-01   4.5001955e-01  -1.3871672e-02  -1.0350151e-01   1.9871552e-02   4.7021824e-01   6.0663455e-01   2.3702982e-01  -5.8980097e-02   2.1889894e-01  -1.8589646e-01   2.2780234e-01  -6.5824708e-02   3.8191414e-02  -3.6256385e-01   2.6203110e-02  -2.0378975e-01   2.4911262e-01   1.6572537e-01  -1.8571560e-02  -7.8706674e-03  -2.8322094e-01  -9.5439053e-02   7.7577254e-04   2.9340391e-02   2.2454252e-01  -2.1647159e-01   1.3544498e-01  -3.6011195e-01   1.9221191e-01  -1.1620803e-01   5.8926625e-02   1.4684842e-01   1.7918598e-01   6.0008234e-02   5.4259892e-01  -2.7306812e-01   3.2686095e-01   1.0764431e-02  -9.3851201e-02   1.4090609e-01   4.8828718e-01  -1.7335166e-01  -1.9474821e-01  -6.4880261e-02   3.6401856e-01  -2.6617988e-01  -8.7540657e-03  -5.2092921e-02   5.7198552e-02   1.3456121e-02  -2.1605170e-01  -3.0767794e-01   3.9904005e-01
   2.8812246e-01  -1.3399947e-01   4.9737893e-02   0.0000000e+00   7.0961006e-02   3.5139121e-01  -9.6251365e-02   2.8994542e-01   2.1585250e-01  -6.8563675e-02  -7.1387041e-02  -3.4720172e-02   2.4652588e-02   1.2569753e-01   2.2735475e-01   3.1845420e-01   7.1866750e-02   4.0586081e-01   5.3062792e-02   4.9932769e-02   1.1984240e-01   5.4337310e-01  -1.5429532e-01   1.7023124e-01   6.9375184e-02   1.0354145e-01   9.4448192e-02   1.4383250e-02  -2.6998561e-03   2.3242104e-01   5.0976105e-03   5.2104124e-01   5.7190322e-01   1.5084052e-01   1.3597616e-01   1.3926289e-01  -2.5494018e-02  -5.8321211e-02   3.1978359e-01  -4.2529726e-02   1.9672455e-01   5.9651918e-01   3.0713046e-01   1.3396120e-01   4.1985577e-01   8.0918017e-02   3.9209700e-01  -3.3933926e-01  -3.7465568e-02   4.7434281e-02   4.6435420e-01   1.0587163e-01  -8.0399648e-02   2.5919173e-01   1.8462383e-01   1.1554029e-01   1.1820900e-01   4.9578727e-01   6.9112502e-01   4.5568454e-01   2.3966723e-01   1.0836119e-01   3.1601282e-01   4.1218616e-02   1.8766445e-01   9.2942504e-02   3.3083008e-01   4.8321379e-01   3.5152403e-01   3.0564318e-02  -4.9373023e-02   5.8692129e-01   7.8213933e-02   4.3302838e-01   1.2884478e-01   2.0829052e-01   6.8018525e-02   1.0489163e-01   1.5880454e-01   6.8843680e-01  -1.0630805e-01  -9.9219362e-02  -1.6711639e-01   1.1501381e-01   1.7445452e-01   2.1916204e-01  -3.2867612e-02   2.8298796e-01   4.7101110e-01   6.6136333e-02  -2.2596122e-02   2.9690356e-01  -4.5232530e-02   4.1332961e-01  -1.9722038e-01  -1.2441575e-01   5.7562050e-01  -1.8780530e-02   5.1337315e-01  -2.1589705e-02   7.3274144e-02   1.3444914e-01  -1.2232518e-03   3.4199322e-01   5.6566046e-01   5.2905203e-01   3.8167428e-01   3.7335896e-01  -2.5545381e-01   1.3958753e-01  -1.9846792e-01   4.8741558e-01   6.2154181e-01   1.5605625e-01  -1.1271860e-01  -6.0826715e-02   2.6420596e-02   5.2564119e-02   2.3395550e-02   7.1195739e-01  -1.3414857e-01  -5.3269828e-02   2.3448190e-01   1.5268820e-01   6.4480992e-02   3.9489402e-01   3.7731890e-01   2.9688581e-01   2.4601432e-01  -8.6532037e-02   1.4921825e-01  -2.0973059e-01   1.7119455e-01  -7.7251003e-02   4.2578055e-01   3.9040622e-01   4.5622298e-01  -1.9140945e-01   2.4595912e-01  -2.1880367e-01   1.5356345e-02  -2.2142250e-01   2.1443694e-01  -8.4072124e-02  -4.4438387e-02   2.8161419e-01  -2.0656286e-01   1.0277366e-01   4.3340263e-01  -2.8637500e-02  -7.3176709e-03  -7.9035875e-02   1.5198876e-01  -6.7834389e-02  -1.4945344e-01   7.7017481e-02  -1.3407670e-01   6.0374165e-01   3.3148567e-01   5.1008336e-03   4.6039167e-01  -8.8065780e-02  -3.3775121e-01   5.9177211e-01   4.7769641e-01  -5.7850975e-02   3.8845088e-03  -2.8828690e-01   1.9447316e-01  -1.5551329e-01   2.1012526e-01  -3.1153476e-01   3.8689102e-01  -6.9597259e-02  -8.5448428e-02   2.5386388e-01   4.5667206e-01
   6.5195260e-02   6.0319710e-01   1.1238366e-01   7.0961006e-02   0.0000000e+00   2.2092943e-01  -8.7090397e-02  -1.9153086e-02   2.5455271e-01   2.8470622e-01  -1.8644621e-01   5.6821507e-01   1.6911094e-01  -4.8434007e-01  -5.5564347e-02  -1.5136841e-01   2.0358356e-01  -3.4412534e-01   1.9741478e-01   8.7733771e-01  -4.5323138e-01  -2.0256379e-01  -5.2348532e-01  -2.3976198e-02   8.4668884e-02   2.2565217e-02   3.3906274e-01  -4.0506049e-01   5.0049255e-02   2.6000469e-01  -5.1570461e-01  -4.6066129e-02   7.6099381e-02   1.6189990e-01  -1.2902845e-02   5.4996233e-01   2.3540198e-01  -2.8986068e-01  -1.6124590e-01   3.7740433e-01   3.9819344e-02   1.0818122e-01   7.4549220e-01  -1.2591796e-01   2.1637108e-01  -9.9388590e-02   2.3001632e-01   8.7049414e-02   5.5268846e-02   6.4329395e-01  -1.7855678e-01  -4.5140714e-01   5.9538404e-01   1.6257441e-01  -2.9823790e-01  -1.4442336e-01   2.4582884e-01   1.0076279e-01  -7.2831628e-02   5.0278157e-01   1.5565884e-01   1.5184472e-01   6.0477725e-01   7.5094059e-02  -5.0602199e-02   5.1376954e-01   2.4905654e-01   4.4371981e-02   4.8609583e-02  -3.7890580e-02   3.2976379e-01  -4.9869748e-02   4.9456398e-02   1.1969303e-01   2.5758814e-01  -3.9617776e-01   8.8888175e-02  -1.4890598e-01   6.7909798e-01   2.9698197e-01  -5.6555372e-01   1.5459598e-01  -2.6566245e-01  -4.7409391e-02  -1.9870531e-02   4.6001751e-02  -2.2783062e-01  -1.9831522e-01   1.9814911e-01   8.6632527e-02   3.2622761e-01   8.1883440e-02   5.5969413e-01   4.0367115e-01  -3.4776593e-01   7.8640243e-01   2.7711625e-01   4.2539337e-02   4.8296854e-01  -3.6928473e-01  -4.5621808e-01  -1.7922937e-01  -6.3853754e-01  -6.2661698e-02  -2.7309480e-01   4.3352392e-02   2.2206650e-01   2.2259539e-01   2.1309035e-01   2.7833101e-01   1.6302903e-01   4.6069840e-02   1.4855092e-01  -1.5723662e-01  -2.4925360e-01   5.1681263e-01  -9.0439525e-02   8.7492530e-02  -4.7402916e-01   1.4410150e-01  -3.0909197e-02   4.9470393e-01   1.7969461e-01  -1.8545239e-01  -3.7512261e-03   2.9453447e-01  -2.4104284e-01   2.2277094e-01   5.1375132e-02  -1.2529144e-01   9.9546821e-02   2.2653505e-01   1.7823712e-01  -4.2004181e-01   1.9191037e-01   7.7172911e-02   3.3404441e-01  -6.1895531e-01  -1.1776207e-01  -5.1032025e-01  -1.3617626e-01   7.6253043e-02  -1.2837666e-02  -1.7294966e-01  -5.0823398e-01  -5.5486212e-01   2.4328242e-02   4.0702856e-01   2.1749741e-01  -6.0661820e-01  -8.6614264e-02  -5.8954964e-01   2.1085411e-01   8.1729509e-02   5.2096670e-01  -1.4084627e-01  -1.7509541e-01   8.3111142e-02   1.6626714e-01  -5.7624645e-01   2.2616620e-01  -1.1283256e-01  -1.9130578e-01  -2.0099860e-01   1.4827638e-01   3.6135899e-01   4.6175466e-02  -1.6355146e-01   2.0592740e-01   3.0127307e-01   6.5032951e-01  -2.8956171e-01   7.9895169e-02   4.0025031e-01  -3.1737228e-02   1.5860269e-01   1.2503952e-01
   2.6507793e-01  -7.8143297e-02   1.4365461e-01   3.5139121e-01   2.2092943e-01   0.0000000e+00  -1.5111972e-01   1.1171172e-01   7.7355951e-02  -1.2667907e-01   1.0496623e-02   6.1108063e-02   1.1264230e-01  -1.3040301e-01   3.2705731e-01  -8.3143439e-03   1.9065791e-01   1.4805837e-01   2.4401856e-01   2.1826733e-01  -1.0987625e-01   2.7886274e-01  -2.8978250e-01   2.1310859e-01   1.5066617e-02   4.2128877e-01   3.8130288e-01   2.2282389e-01   3.1554960e-01   3.0836634e-01  -9.6552198e-02   1.9986724e-01   9.2953252e-02   4.7206067e-01  -2.5123450e-01   3.3904779e-01  -1.8190460e-01  -3.1041931e-01  -7.4619123e-02  -1.2013284e-01   2.7536982e-01   1.1070961e-01   3.5071580e-01   2.9693193e-01  -9.8560676e-02   1.9734282e-01   6.9099130e-01  -3.9758445e-01   1.6234305e-01   1.1386099e-01   2.5478188e-01   6.7685806e-02   1.2644214e-01   5.0273435e-02  -1.2523128e-01   4.0893316e-01   4.6849994e-01   2.8089118e-01   2.8990820e-01   3.1303324e-01   4.6582639e-01   4.9957114e-02   1.9168450e-01   4.8487144e-02  -1.4387093e-01   1.8974792e-01   8.1015244e-01   1.9060962e-01   5.9037761e-01   2.2186002e-01   1.0576801e-01   3.9821091e-02   3.5285297e-02   5.1489983e-01  -3.8060138e-02  -2.3844635e-01   2.4167669e-01   1.2014469e-01   2.5403397e-01   3.1788472e-01  -1.5494168e-01  -8.8984983e-02   1.5686430e-01   4.3650908e-01   2.4830156e-01   7.9150595e-03  -5.0271011e-01  -1.1763094e-01   1.0026151e-02   1.2570292e-01  -3.6615696e-02   3.8714717e-01   4.4117965e-01   1.8700533e-01  -4.3839169e-01   4.4646386e-02   2.7604906e-01   8.4579455e-02   2.6733001e-01  -3.5048407e-01  -6.0063412e-02   4.2731018e-01  -1.2996125e-01   1.1307255e-02   1.7888088e-01   1.6621329e-01   1.4094730e-01   5.4417298e-01   1.4066792e-01   4.8090526e-01   8.9793303e-02   5.1414692e-01   9.1052064e-02  -6.8212214e-02   1.4442366e-02  -1.0661400e-01   1.9867802e-01   1.6439537e-01   4.1360905e-02   2.3851037e-01   1.6671853e-01  -5.5062784e-02  -4.7740367e-03  -3.8099369e-02   5.6693794e-03   1.5545422e-01  -7.4731026e-02   7.8263134e-03   6.8678814e-02   9.9847978e-02  -6.8948285e-02  -6.1820298e-02   2.6849208e-01  -1.2591019e-01   5.9438929e-02   2.1332660e-01   1.6953299e-01  -3.0213463e-01   3.8074292e-01  -3.2827592e-01   2.9685407e-01  -2.2056084e-02   3.6157274e-01   1.4037682e-01  -2.1161550e-01   4.2601083e-02  -1.5946720e-01   2.4494624e-01   6.3715034e-01  -2.5851885e-01   1.1463575e-01  -2.5064430e-01   3.5939110e-01  -5.8437502e-02  -6.4123774e-02   7.2163187e-02   6.3815633e-02   3.7222605e-01   4.8273172e-01  -1.7763130e-01   9.8660023e-02   8.7775056e-02  -4.8469490e-01   2.8523360e-01   1.8707577e-01   3.6176844e-02   4.7489409e-02   1.3056788e-01   4.6082455e-01   1.7455061e-02   1.9081593e-01  -1.3245731e-01   1.2945881e-01   6.1035931e-01  -2.9648645e-02   2.8405106e-01   2.0328009e-01
  -1.2581991e-01  -7.7708290e-04  -2.5758243e-01  -9.6251365e-02  -8.7090397e-02  -1.5111972e-01   0.0000000e+00   1.9082602e-02  -1.5522359e-01   3.3622902e-01   4.8224290e-02   3.5671336e-01  -2.2194414e-01  -7.0419186e-02   2.3827838e-01  -5.1565687e-02  -4.0830738e-01   4.5941366e-02  -2.9998684e-01  -3.1619760e-02   1.6374663e-01  -2.1049504e-01   4.1113082e-01  -1.8813499e-01  -2.4298015e-01  -8.8688988e-02   2.6476710e-01   1.7492228e-01   5.8531976e-02   4.1285283e-02   1.7275369e-01  -3.7283507e-02  -4.2408092e-02   3.3963874e-01   5.0573891e-01   1.7968261e-01   3.7589221e-02   6.8732262e-02  -8.8164903e-02   1.4133644e-01  -3.1179641e-01   1.5206056e-02   4.8383927e-02  -1.8349273e-01   3.2946117e-01  -2.4016981e-01  -1.8669330e-01   4.7586946e-01   1.6959480e-01  -9.8564559e-02   8.0146317e-02  -8.8198486e-02   1.4417087e-01   3.7692619e-02   7.9896995e-02   5.3440854e-04  -2.2269922e-01  -1.5757361e-01   1.3610871e-01   5.0931225e-02  -3.5973686e-01   4.0197282e-01  -2.6298466e-01   4.8993083e-02   1.8639984e-01   2.3401001e-01  -1.2474001e-01  -1.7671610e-01  -5.0281702e-02  -3.0299901e-01   4.3667982e-02  -5.5012961e-02  -1.3962333e-01  -3.2997106e-01  -1.7322049e-01  -1.0111858e-01  -2.1145183e-01  -2.3453953e-02   1.1005411e-01  -2.1586171e-01   3.7749287e-01  -3.2023699e-04   4.4855943e-02  -4.6235900e-02  -1.2524397e-01  -6.5652547e-02   2.6501688e-01   2.1325719e-01  -6.6008527e-02  -2.2776700e-01   4.8277179e-02  -3.1650674e-01   1.1525308e-02  -2.1164693e-01   2.5493694e-01  -9.4310864e-02  -1.5237711e-03  -4.6003952e-02   2.4096602e-02   6.2298478e-01  -2.3266712e-02   4.6820315e-02   1.0343358e-01   9.3444065e-02   1.9049448e-01  -2.1746052e-03  -7.2367382e-02   9.5880878e-03   1.8817394e-01  -1.1863316e-01   4.1917427e-01  -7.0492299e-02  -1.2290320e-01  -5.3041381e-03  -1.3224954e-01   3.8920288e-02  -1.2996252e-01  -1.8086726e-01  -6.4362401e-02  -1.8602939e-01  -1.6258318e-01   4.7707353e-01  -2.1244133e-01   3.1086756e-01  -2.9234095e-01   2.6803909e-01   4.5323148e-01  -1.3902340e-01  -3.1260797e-01  -2.4715685e-01  -1.8059249e-01   4.2436082e-01  -3.2559013e-01   7.0465660e-02  -1.9798013e-01   1.0227023e-02  -6.2149277e-02   2.1954190e-01  -1.7725372e-01   1.6763794e-01  -4.3644251e-02  -2.8953387e-01  -8.0554987e-02  -1.1257869e-01   5.7804667e-01   1.1902497e-01   2.5837621e-01  -1.2709642e-01  -2.2890963e-01   3.3536184e-01  -1.4281405e-01   1.3779504e-01  -2.1031567e-01  -2.2063017e-02   3.2881113e-02   1.4245013e-02  -1.8603107e-01  -1.5538035e-01  -4.0335443e-01   1.9386724e-01  -9.7404981e-02  -1.8545602e-01   1.4665166e-01  -3.3903099e-02  -2.1274694e-01   2.1232536e-01   3.5641850e-01  -1.0465919e-01  -2.8472538e-01   8.0483673e-02  -6.3103710e-02   1.1795081e-01   3.3210521e-02  -2.1458400e-01  -4.8041875e-02   8.4955247e-02  -1.9938924e-01
  -9.5330769e-02  -1.6547866e-01  -8.9714220e-02   2.8994542e-01  -1.9153086e-02   1.1171172e-01   1.9082602e-02   0.0000000e+00   2.5718597e-01   5.8280708e-03   8.0001098e-02  -9.0651879e-02  -1.2725286e-01  -6.5440483e-02   9.3160470e-02  -1.1133761e-01  -5.4683744e-02  -1.6245506e-02   1.3147773e-01   3.8405264e-02   7.1207445e-02   9.6949660e-02   6.6681546e-02  -1.4246154e-01  -1.2140193e-01   2.9053077e-01   1.1116741e-01   6.4290628e-02   1.3079459e-01   2.4560122e-02   7.7886622e-02   7.0960886e-02   1.3600191e-01   1.1232354e-01   5.7378226e-02   4.7352931e-02  -9.0608289e-03  -5.8545694e-02  -1.8396674e-01  -2.5189719e-02   2.5535209e-02   1.2668682e-01   1.5169841e-01   5.3141284e-01   1.4077240e-02  -2.0137468e-01   1.4178787e-01  -1.1114117e-01   6.7152152e-02  -5.6562549e-02   3.6565922e-03   3.2741541e-01   1.4864429e-01   4.3089430e-02   6.6971723e-02   2.3534880e-01   1.0659723e-01   3.2404561e-02   8.1216556e-02   9.5150256e-02  -1.1000837e-01   9.0685116e-02   1.9815988e-01   1.9732408e-01  -7.7892771e-03   1.6405845e-01   2.2921525e-01   2.1252484e-01   3.1652845e-01  -1.2360519e-01  -5.5761790e-02   8.3622179e-02  -2.2196642e-01  -2.8770789e-02   1.6998513e-02   7.8955807e-02  -2.0366418e-01   2.4154861e-01  -2.9972246e-02   7.6280712e-02   1.1289100e-01  -3.2435659e-01   1.6637513e-01   4.6806479e-01  -2.1118946e-01   1.8096176e-01  -8.4155017e-02  -6.4844046e-03   1.4979462e-01  -4.5484223e-02  -1.2245744e-01  -1.0177405e-01   1.9879383e-02   2.6875670e-01   1.0056907e-01   4.0975866e-03   1.0976657e-01   3.5047488e-01   1.8072196e-01  -8.2592421e-02  -7.6448763e-02   4.7091608e-02  -1.0869122e-02   1.3698416e-02   9.7931982e-02   2.4062953e-01   2.1322243e-01   4.4432770e-01   6.5484724e-02   1.8109042e-01   3.6650191e-03   1.3269220e-01   1.4197173e-01  -9.1966770e-02  -1.3163720e-01  -6.5233266e-03   2.8726499e-01   6.8211043e-02   1.8259371e-01   2.1423934e-01  -9.9521542e-02  -2.8446716e-02   1.4891274e-02   4.9736646e-02  -6.0163304e-02  -9.4215470e-02   5.7068245e-02   4.1521432e-02  -4.3087137e-02  -1.9328247e-02  -1.5300912e-01   5.0151069e-02  -2.3263147e-01   1.9322514e-01   2.1041846e-01   5.4013683e-01   1.0698158e-01   9.1288029e-02   2.4936284e-01  -3.8055046e-02  -2.0608119e-01   5.2283444e-02   2.0457179e-01   1.2942378e-01   4.8986371e-02  -1.3432050e-01  -9.6504442e-02   8.5571784e-02   2.2190761e-01   2.9310373e-02  -1.9595667e-01   1.5825584e-01   4.8409294e-02  -6.1353414e-03  -1.0734271e-01  -2.4947671e-01  -1.4409217e-01   7.6128605e-02  -8.2811502e-02   7.4864166e-02   6.9371325e-02  -4.1915431e-02   8.1708144e-02   1.0840710e-02   1.8709872e-01   7.9703485e-02   1.5949680e-02   2.6966184e-01  -1.3071304e-01  -2.7097079e-02   3.8039247e-02  -5.7115685e-02   6.1564862e-02   1.6562215e-01  -1.5802054e-01   2.1859084e-01   1.5487631e-01
   2.1482623e-01   1.3269791e-01  -1.2726171e-01   2.1585250e-01   2.5455271e-01   7.7355951e-02  -1.5522359e-01   2.5718597e-01   0.0000000e+00   1.7789122e-02   4.7200751e-03  -7.9074916e-02   4.3385093e-02  -8.5154536e-02   9.6332351e-02  -3.9370640e-01  -5.7935227e-02  -2.3845348e-01   2.5970498e-01   2.4131447e-01  -3.3383174e-01   6.5757720e-02  -2.2933940e-01   1.8362813e-01   2.3793385e-01   1.8010957e-01   2.7764636e-02   5.0317660e-02   1.3334279e-01   1.6520383e-01  -1.4830267e-01  -8.2465835e-02   1.4743170e-01  -1.0703457e-01   2.1434669e-01   6.9569728e-02   2.9885548e-01  -5.6161129e-02  -3.5290821e-01   5.5905487e-02   1.1765804e-01   8.5880948e-02   4.4120445e-01   1.8829772e-01   3.7970086e-02  -1.0956637e-01   9.3027039e-02  -9.1241145e-02   2.2589598e-01   1.4074339e-01  -2.6582548e-01   8.2561857e-02   2.3754208e-01   2.9317265e-02  -8.4404229e-02   6.5080535e-02   1.3889264e-01   5.0952583e-02   6.1111691e-02   3.7264043e-01   7.8580469e-02   2.0702150e-01   5.5862161e-01   3.3200357e-01   9.1711557e-02   4.4809596e-02   2.0545755e-01   1.2576981e-01   1.1269110e-01  -1.7183021e-01  -3.3080473e-02   1.0409601e-01  -1.3360180e-01   2.7056749e-01   1.2079193e-01  -8.2574387e-03   5.0910388e-02   1.2813156e-01   2.0291777e-01   1.7703162e-01  -9.8841484e-02  -3.2698100e-01  -9.4825138e-02   1.9104494e-01  -4.0034089e-03   1.9198417e-02  -6.7743578e-02  -1.6440364e-02   3.5708151e-02   1.3808092e-01  -3.5269888e-02  -9.0915095e-03   2.4560873e-02   6.8101478e-01  -1.3592059e-01   1.7807077e-01   8.5203489e-02   2.2426274e-01   2.7052791e-01  -2.5819415e-01  -1.6677443e-01   6.2047098e-02  -3.3191344e-01   3.5249846e-01  -9.7823423e-02   1.4959447e-01  -8.3377190e-02   2.7736567e-01   1.6631398e-01   2.5190657e-02   8.7464214e-03   5.8390115e-02   1.7538581e-01   1.1206812e-01  -3.4775104e-02   2.5901752e-01   2.8087012e-01  -1.9815517e-01  -1.3279311e-01   1.9832623e-01   1.9395956e-01  -1.4418344e-01   1.2833142e-02   2.2872315e-02   1.4653262e-02   8.8436422e-02  -1.9062604e-01   6.3342828e-02   2.0561198e-01  -1.7374410e-01  -2.6163344e-01   7.5348319e-02   2.3751658e-01  -1.3005406e-01   4.6845460e-01   3.1561407e-01   1.8795209e-01  -1.4569470e-01   1.7216971e-01  -1.6445867e-01   5.2905830e-02   8.6516900e-02  -3.2660299e-03  -2.2482694e-01  -2.2597189e-01  -2.7627547e-01  -1.9260448e-01   1.7092228e-01   1.0024158e-01  -2.5915165e-01  -1.0481010e-01  -1.9392662e-01   3.5445520e-01   1.6009040e-01   8.6659870e-02  -1.7420643e-02  -3.1807422e-02   1.1726301e-01   1.0298649e-02  -1.3069178e-01   1.3254681e-01  -5.9511174e-02  -1.7780150e-01   2.9053570e-02   1.0992028e-01   3.2181895e-01   1.0158532e-01   9.5794923e-02   2.3309642e-01   1.3659296e-01   2.0033590e-01  -4.3985755e-02   2.3170667e-01   1.1852025e-01   1.9197108e-01   2.3372582e-01   2.5720205e-01
   3.1943096e-02   2.9110719e-01   8.0753579e-02  -6.8563675e-02   2.8470622e-01  -1.2667907e-01   3.3622902e-01   5.8280708e-03   1.7789122e-02   0.0000000e+00  -2.1308401e-01   4.9234007e-01   1.5039292e-02  -2.6463455e-01  -1.7699170e-02   2.8643741e-02  -5.1031086e-02  -2.6512046e-01  -7.7435549e-02   2.8369851e-01  -2.9032251e-01  -3.1853166e-01   4.2248860e-02  -9.0798060e-02  -9.8142752e-02  -2.3681522e-01  -9.3527855e-02  -2.1339050e-01  -6.8589936e-02  -2.1283245e-01  -3.4117566e-01  -6.2305694e-02   1.3466297e-02   1.2561267e-01   1.8732556e-01   9.2929268e-02   3.3748745e-01  -1.4973081e-01   2.4505895e-02   2.9950619e-01  -1.7865099e-01   1.0144284e-01   3.0915487e-01  -1.7705178e-01   2.3103757e-01  -2.0883492e-01  -2.3361534e-01   1.6502351e-01  -3.0008081e-02   2.6261998e-01  -8.1169604e-02  -2.9702061e-01   2.3941117e-01   3.1929437e-01  -1.0956029e-01  -2.1366731e-01  -1.3708157e-01  -6.7049738e-02  -9.2323434e-02   1.9557478e-01  -1.5256686e-01   1.2874459e-02   2.6038414e-01  -1.1728941e-01  -4.7521634e-02   5.9971480e-01  -1.0345460e-01   2.4749984e-01  -1.9883498e-01  -1.6687078e-01   7.7786085e-02  -1.1191174e-01  -8.3756401e-02  -1.1815021e-01   2.8508421e-01  -3.3679042e-01  -1.1695645e-01  -1.0472044e-01   2.7586684e-01  -3.6289224e-02  -2.1073925e-01   3.4265154e-01  -2.7006981e-01  -1.6474425e-01   7.5845407e-03  -1.4481164e-01  -8.2953135e-02  -6.1061556e-03   2.5724548e-01   3.3580431e-02   1.7913341e-01  -1.5164380e-01   2.9851160e-01  -7.5540355e-02   4.2050367e-02   3.1985366e-01   1.2942429e-01  -4.2445531e-03   9.7616163e-02   3.2482841e-01  -2.7449378e-01  -1.2722219e-01  -3.9351012e-01  -1.3856544e-01  -1.0796828e-01   1.3027601e-01   1.1457505e-01  -7.8061002e-02   2.2778747e-01  -7.1145144e-02   1.4534816e-01  -2.3023763e-01   2.8763240e-02  -3.4190134e-02  -1.6525689e-01   2.1238973e-01  -4.9152391e-02   6.3025295e-03  -3.5728778e-01  -6.9311158e-03  -6.8374678e-02   4.0235974e-01   3.0257838e-01  -4.0020783e-02  -1.8755616e-01   2.3966447e-01   6.9924430e-02   1.6838627e-01  -1.0752366e-02  -1.8475193e-01   6.1382641e-02   2.0736779e-01   1.0039896e-01  -2.0047345e-01   2.9568227e-02  -5.0730656e-02   1.5224484e-01  -2.3815543e-01  -2.8352272e-01  -4.5365842e-02  -3.5210906e-02   5.9351032e-02  -1.7175601e-01  -1.6387626e-01   7.8692829e-02  -3.7078196e-01   1.5811476e-01   1.5534342e-01   6.4137627e-03  -7.9536851e-02  -1.1506725e-01  -3.6089620e-01  -4.0993052e-03   5.2813570e-02   4.3487498e-01  -1.2169172e-01  -1.9551269e-01  -1.0374660e-01  -2.8923135e-01  -3.0963513e-01   2.9333921e-01  -3.1732366e-01   2.8106320e-01  -3.8424632e-01  -7.5540067e-02   1.8865146e-01   1.4037768e-01  -1.3909482e-01  -1.7166208e-01   8.8383154e-02   2.6405491e-01   7.9328083e-02  -3.8271969e-02   2.9243728e-02  -2.2559269e-01  -6.3999156e-02   1.2321020e-02
   1.3743867e-01  -4.0616074e-01  -9.0387866e-02  -7.1387041e-02  -1.8644621e-01   1.0496623e-02   4.8224290e-02   8.0001098e-02   4.7200751e-03  -2.1308401e-01   0.0000000e+00  -3.6186107e-01  -8.1504339e-02   3.4571577e-01   1.6516962e-01  -2.7919357e-01  -4.4841549e-02   3.7914321e-01  -6.0183259e-02  -1.9629389e-01   3.7194361e-01   5.6820077e-02   2.7559451e-01   8.7879715e-02   5.9274255e-02  -3.4483787e-02  -1.4712649e-02   2.9630694e-01   8.5228593e-02   7.8510253e-02   4.9350423e-01  -3.3429043e-01  -3.6739806e-01   2.5904936e-01  -3.7713200e-01   2.9122368e-01  -2.5409876e-01   1.0598520e-01  -1.8965715e-01  -3.6210704e-01   3.1415840e-02  -2.5321245e-01  -1.6329994e-01   2.7860242e-01  -2.2703773e-01   2.4698585e-01   4.1279877e-01   1.7629132e-02   1.1548521e-01  -3.5362109e-01   3.0137338e-01   4.9087006e-02  -3.0728256e-02  -2.6129768e-01   1.0655630e-01   4.1340350e-01   3.7339557e-02  -2.3610367e-01  -9.1030941e-02  -3.9226053e-01   4.4825322e-02  -2.3270646e-01  -1.6056809e-01   3.8488775e-01  -2.5648208e-02  -4.8772172e-02   4.8509275e-02  -7.8818172e-02   1.7766953e-01   1.5654603e-01  -2.8303140e-01  -2.8857226e-01   1.2267925e-01  -2.5207180e-01  -4.1282357e-01   6.8100292e-02   2.4103918e-01   3.0142888e-01  -2.0922217e-01  -1.5123477e-01   3.3379821e-01   3.7318014e-02   3.9295085e-01   3.8342725e-02   1.2858687e-01  -1.3427521e-01  -1.2888491e-01  -2.7717848e-02  -1.6422671e-01  -5.5689869e-02  -3.4333654e-01   9.0501273e-02   1.5863885e-02  -9.4138370e-02   8.1491617e-02  -3.4444861e-01  -2.5426034e-01   4.3098902e-02  -1.5968049e-01  -1.2807635e-01   2.6113017e-01   2.4152493e-01   3.8382790e-01  -9.6718016e-02  -1.5665834e-02  -2.3124548e-01  -1.3915234e-01  -6.0076571e-02   2.2197060e-01   2.0644890e-01   2.7317544e-01   5.0787692e-02  -3.7957939e-01   6.5107380e-02   7.2190726e-02  -1.8507317e-01   1.3657909e-01   1.7884697e-01   3.6359552e-01  -3.1502300e-01   2.2575513e-01  -3.7616441e-01  -1.4494238e-01   4.6203222e-02  -6.0912459e-03  -4.2869326e-01  -5.1942414e-02  -3.4536697e-01  -3.4088163e-01   2.4405836e-01  -1.0147193e-01   5.2037401e-01  -3.3188989e-01   6.3737966e-01  -3.3506689e-01  -1.5140529e-01  -3.3207767e-01   3.9255141e-01  -7.6211449e-02   2.8727325e-01   2.9989536e-01   1.3824759e-01   2.4253578e-01   2.8603938e-01   3.7744766e-01   3.0400917e-01  -9.5473422e-02   1.2865316e-01   9.2892742e-02  -1.0106824e-01   1.5393141e-01   3.9587616e-01   1.7969459e-02   6.2093438e-01  -2.6547889e-01   1.9659034e-01   3.9425709e-01  -8.2823955e-02   3.9963070e-02   4.9412289e-01  -1.6820080e-01   4.9093609e-01   2.3655337e-01   7.7989464e-02  -2.9158682e-01  -1.3259668e-02   5.6197982e-01   3.2935628e-01   1.2169826e-01  -2.5648208e-02  -2.2455508e-01   2.3939776e-01   1.6305549e-02   3.1523247e-02  -1.0600810e-01   4.3099526e-02  -1.6199591e-01
  -1.9434203e-01   6.0035006e-01   1.8463206e-01  -3.4720172e-02   5.6821507e-01   6.1108063e-02   3.5671336e-01  -9.0651879e-02  -7.9074916e-02   4.9234007e-01  -3.6186107e-01   0.0000000e+00   4.8960027e-03  -5.5386066e-01   1.6976762e-01   1.0929197e-01   1.5757452e-01  -2.3560873e-01  -4.8972937e-02   6.7152427e-01  -3.6790072e-01  -2.5598165e-01  -2.1391438e-01  -2.5914904e-01  -1.0924595e-01  -3.0820196e-02   3.4351668e-01  -5.0172593e-01   8.3100372e-02   3.6955431e-02  -3.5203419e-01   4.2403419e-02   7.2297859e-02   2.0313793e-01   2.6083631e-01   4.1797991e-01   1.6389586e-01  -1.9088621e-01   3.4102603e-02   4.7542776e-01  -5.5503705e-02   2.2247858e-01   5.8544763e-01  -1.7139817e-01   3.7040543e-01  -3.0533617e-01  -5.0641835e-02   2.2475347e-01  -9.8112228e-03   6.9249798e-01  -1.7746900e-01  -4.4858720e-01   3.6676201e-01   3.3686837e-01  -1.0354841e-01  -1.4464192e-01  -2.0552737e-03   1.5008256e-02   7.2516337e-03   4.4645640e-01  -3.2379933e-02   2.6287965e-01   3.4259172e-01  -6.6486940e-02  -5.4653821e-02   4.2886556e-01   4.4465750e-02  -4.8648902e-02  -9.5912002e-02  -2.6660138e-01   4.8798203e-01  -7.9018173e-02   3.2123288e-02  -1.1065469e-01   2.3194849e-01  -3.0782164e-01  -1.4670688e-01  -2.0790329e-01   6.1251076e-01   1.1487989e-01  -3.1302290e-01   2.4542903e-01  -1.7536347e-01  -1.5123370e-01  -2.3940682e-01   3.9975235e-02  -8.3965685e-02  -5.5582183e-02   9.5424244e-02  -2.5977480e-01   3.1213148e-01   1.1769891e-02   5.8624163e-01   3.1718483e-03  -2.4203801e-01   6.2578944e-01   2.0645277e-01  -2.4502038e-01   3.2164706e-01  -1.3801187e-03  -5.3143615e-01  -1.9882962e-01  -4.7923650e-01  -7.1787307e-02  -2.1563429e-01   5.6305025e-02   2.2794185e-01   2.7406459e-02   1.9246425e-01   2.4544798e-02   4.2607827e-01  -2.9684348e-02   1.4235279e-01  -2.8833535e-01  -4.0254137e-01   3.2087937e-01  -2.0867780e-01   3.1271316e-02  -5.5555199e-01   7.4821330e-03  -3.7912406e-01   7.1143659e-01   2.3837498e-01   7.4202674e-03  -1.5496143e-01   5.4858208e-01   1.1676225e-01   1.8844638e-01   5.9312364e-03  -3.2850761e-01   8.4246489e-02   2.0561315e-01  -2.7809233e-02  -3.5870616e-01   7.2992335e-03   1.2435274e-01   3.3037209e-01  -5.1135710e-01  -1.3458533e-01  -5.1244180e-01  -2.6073047e-01  -9.5091000e-02  -1.4995833e-01  -1.6269472e-01  -8.0865032e-02  -3.8817882e-01   5.0942809e-01   5.0216366e-02  -1.6536055e-02  -2.7670585e-01  -3.0227232e-01  -4.8582339e-01  -1.2241737e-01  -1.8960155e-01   5.8856941e-01  -2.6520511e-01  -4.7421601e-01  -2.0490413e-02   8.1499307e-02  -4.8585886e-01   1.5904691e-01  -2.5947757e-01  -1.7128835e-01  -2.3730068e-01   6.8805857e-02   3.7425733e-01   1.1161972e-01  -2.8288393e-01  -1.1025212e-01   2.7986637e-01   4.8257280e-01  -3.0384349e-01   5.6481962e-02   1.8522184e-01  -8.1781219e-02   1.0797127e-01   2.0999588e-02
  -7.5854592e-02   3.3721447e-02   2.8876174e-01   2.4652588e-02   1.6911094e-01   1.1264230e-01  -2.2194414e-01  -1.2725286e-01   4.3385093e-02   1.5039292e-02  -8.1504339e-02   4.8960027e-03   0.0000000e+00  -1.4172034e-01  -1.0611181e-01   5.6345133e-02   3.4859625e-01  -7.4979027e-02  -2.8327649e-03   2.0380535e-01  -2.7797771e-01   8.3631679e-02  -1.4741087e-01   6.9406148e-02   1.3637548e-01  -1.5160175e-01   2.0674179e-01  -2.1480494e-01  -1.2878569e-02  -5.3350358e-02  -2.3207998e-01  -8.0316593e-02   1.9871783e-02  -1.2152079e-01  -3.7987091e-02   1.9466224e-01   2.5585917e-01  -1.1624213e-01  -1.3585096e-02   1.7649428e-01   8.1453200e-01   2.7197395e-02   8.3252886e-02  -1.2094971e-01  -1.0033979e-01   3.6436842e-02   1.7988239e-01  -1.2188178e-01   1.7670318e-01   2.7143840e-01  -3.1242335e-02  -1.1717676e-01   5.2770298e-02   2.1028302e-01  -1.2901800e-01  -9.6852468e-02  -7.5172435e-02  -1.3438450e-02   2.9216527e-02   1.8738075e-01   2.4256883e-01   1.1642599e-01   1.0586814e-01  -9.1684894e-02  -2.4474848e-01  -1.9954946e-02   9.9464851e-02   2.4002665e-02   7.9689217e-02   1.7801617e-01  -5.5113714e-02   1.0508384e-01   3.0786653e-01   2.7833313e-01   1.7243037e-01  -4.0074041e-01   1.2107208e-01  -2.1069656e-01   6.6796675e-02   1.2785479e-01  -2.7881279e-01   2.2405049e-01  -1.2264559e-01  -2.3115564e-01  -1.1005853e-01  -3.2955051e-01  -1.0999351e-01  -1.4372926e-01  -1.4993586e-01   1.1698131e-01  -9.0519944e-02   2.2300777e-01   9.6040138e-02   1.6631077e-01  -2.7797608e-01   2.2188004e-01   1.6302318e-01   8.9078337e-03   4.2528175e-02  -1.5436872e-01  -2.8328186e-01  -1.0553061e-01  -1.7136312e-01  -1.1370692e-01  -1.8419494e-01   1.3709122e-02   4.3166949e-02   2.0108751e-02   3.5784003e-01   1.3370485e-01  -6.8971538e-02  -6.3286734e-02  -3.8964385e-02  -3.1588657e-02  -1.2123684e-01   1.4578878e-02   5.4381654e-04   6.2393606e-01  -1.9981651e-01   2.7696085e-02   1.1240528e-01   2.2852913e-02   1.4361347e-01  -3.3585811e-01   8.1082355e-02  -1.6213388e-02  -2.9730976e-01   1.4141080e-01   2.0569380e-01   1.5259085e-01   5.4934456e-01  -1.1537252e-01   4.2824810e-02  -2.9656768e-01   1.9147886e-01  -1.9815849e-01   2.1356885e-01  -2.7504564e-01  -1.7520644e-01  -2.8677893e-01  -2.6003515e-02   6.2968720e-01   2.8255678e-02  -1.6358468e-01  -3.6122893e-01  -1.6437014e-01  -9.0480706e-02   7.7298098e-02   4.1677713e-02  -2.4347832e-01  -3.7922204e-02  -2.7516410e-01   1.3921540e-01  -1.0235886e-01   1.0882085e-01   5.6017119e-02  -3.4694088e-02   2.2227358e-01   1.2752693e-01  -3.3141353e-01   1.2020190e-01   9.0226101e-02  -6.7333898e-02  -2.2417711e-02   4.1796527e-02   3.8618803e-02  -1.2059351e-01  -2.7053372e-01   1.8019120e-01   5.7057925e-02   1.4634906e-01  -1.6795258e-01   1.0300980e-01   5.2172512e-02   2.6685969e-01   4.5507191e-02   1.1508065e-01
   2.5870468e-01  -4.6110758e-01  -3.0860480e-01   1.2569753e-01  -4.8434007e-01  -1.3040301e-01  -7.0419186e-02  -6.5440483e-02  -8.5154536e-02  -2.6463455e-01   3.4571577e-01  -5.5386066e-01  -1.4172034e-01   0.0000000e+00   1.2471389e-01   8.2327633e-02  -3.0986172e-01   2.9987524e-01  -1.5129321e-01  -6.1956379e-01   5.0546462e-01   2.9783801e-01   2.2786772e-01   3.8693057e-01   8.9185131e-02  -2.4233279e-01  -1.7031281e-01   4.3507501e-01  -8.9790343e-02  -6.0775491e-02   5.2260872e-01  -2.9116747e-02  -6.5369496e-03  -4.3149377e-02  -4.3595930e-02  -3.4044170e-01  -3.1555825e-01   2.5189022e-01   2.0034412e-01  -2.9301319e-01  -9.1237442e-02   1.6891181e-02  -4.7122387e-01   3.1954854e-02  -6.3598292e-02  -9.7036419e-04  -4.5620077e-02  -1.0191786e-01  -8.8635552e-02  -5.2665197e-01   3.6848080e-01   7.9434274e-02  -2.8086028e-01  -1.1731317e-01   5.3847962e-01   1.8600359e-01  -1.1093617e-01  -7.6464524e-02   1.3907998e-01  -4.6872831e-01  -2.3794804e-01  -5.3162101e-02  -2.8727325e-01  -9.5023249e-02   1.8602317e-01  -3.8484646e-01  -1.7859223e-01   1.7678881e-01  -7.7587750e-02  -7.5237757e-02  -2.0105240e-01   9.1340229e-02   6.6567738e-02   8.0508004e-02  -3.3019445e-01   2.8802968e-01  -1.1081634e-01   2.2911402e-01  -3.6481908e-01   4.3937113e-03   3.3331664e-01   1.5044261e-02   2.1953736e-01  -1.1958175e-01   3.9559620e-01  -2.3528792e-01   3.2514558e-01   4.6455375e-01   2.9660662e-02   1.7094541e-01  -1.2632496e-01  -2.1549948e-01  -3.6058970e-01  -2.6680785e-01   2.8068369e-01  -6.0867262e-01  -3.6741903e-02  -1.3727950e-01  -1.5318201e-01   1.3058101e-01   6.4928627e-01   1.2292239e-02   6.5161158e-01   2.5595397e-01   2.8346975e-01  -1.3237758e-01  -1.8594829e-02  -2.2904866e-01  -3.0220439e-01  -8.3360212e-03  -2.2327067e-01   9.2494946e-02  -3.2961890e-02   2.3393690e-01   3.8793662e-01  -2.9087424e-01  -3.1150040e-02  -3.3830244e-02   5.1145892e-01  -6.5374925e-02   1.1642649e-01  -4.5596561e-01  -7.5056773e-03   1.3492899e-01  -1.1914951e-01  -1.9427975e-01   2.9002206e-01  -1.0320108e-01  -2.3398988e-01   6.9028368e-02   3.5900783e-02  -8.7701936e-02  -2.1529010e-03   3.8155323e-01  -1.9134587e-01  -2.0333102e-01  -1.9433376e-01   5.4713223e-01  -1.8707651e-01   5.0272209e-01   3.5637216e-01  -1.4597396e-02  -1.9739885e-02   1.6191211e-01   3.8249930e-01   5.3606895e-01  -8.4055471e-02  -1.6188220e-01  -6.0726416e-02   3.8321561e-01   2.8898963e-01   5.6389639e-01  -8.0238641e-02   1.1506864e-01  -3.6777529e-01   3.0223861e-01   1.0262792e-01   1.9246885e-02  -2.1362481e-01   5.0243391e-01  -1.5642758e-01   6.1530338e-02   1.3919339e-01   2.1205189e-01  -1.6130031e-01  -1.9880897e-01   3.5842302e-02  -4.3399645e-04  -1.2603714e-01  -3.3045787e-02  -3.1617846e-01   1.8267453e-01   5.0113680e-02  -2.7299600e-01  -2.4641626e-03   5.5126092e-02  -1.5347432e-01
