   0.0000000e+00  -9.4186710e-02  -1.8160256e-01  -1.2279876e-01  -3.2461506e-01  -4.7756804e-01  -3.7107093e-01   8.2563830e-02   2.6374213e-01   1.2492876e-01  -4.0748661e-02  -1.2202899e-03  -1.1890777e-01   3.8702863e-01   3.9458346e-01  -2.3952249e-01  -5.5268598e-02  -1.7098973e-02   1.0247450e-01  -2.4684827e-01   2.7226860e-01   1.1984083e-01   1.3112289e-01   7.4707350e-01   1.3959898e-01   8.9715602e-02  -5.1514597e-01   1.3934242e-01   7.2829371e-02   1.7802802e-01   4.7377233e-01   5.4748941e-02   1.0993317e-01   1.4450069e-01  -6.3306664e-02  -1.7733935e-01   3.8663466e-02  -1.0125497e-01  -3.6831171e-01  -3.4256657e-01  -1.0914720e-01   7.8996962e-02   2.6262129e-03   1.3352022e-01  -4.5168205e-02   7.5230305e-02  -8.6489707e-02  -3.3760977e-01  -1.7293802e-01  -2.0638112e-01  -4.4689330e-02   1.6164214e-01  -8.2721358e-02   1.4553016e-01   3.1862855e-01   2.4367001e-01  -2.1959637e-01  -7.1715488e-03  -6.0481478e-02  -1.5240573e-02   1.0268959e-01  -1.9220509e-01   1.5853835e-01   3.3682141e-01   1.5263454e-01   2.0656850e-01  -2.8891174e-01  -1.3278406e-01  -4.2636613e-03  -1.1806128e-01  -3.2070618e-01  -1.6575330e-01  -2.3631441e-01   5.3075871e-01   1.1258569e-01   3.5253688e-01   1.0139229e-01   2.5798865e-01   2.9019241e-01   7.9226581e-02  -3.5209037e-02  -2.4594263e-01   2.4324779e-01  -9.0266236e-02   3.5796090e-01   3.7405255e-01  -6.2758323e-03   5.6446399e-01   1.6738592e-01   6.9541389e-01   3.0400077e-01   2.5005949e-01   2.4440958e-01   7.0717561e-02  -2.9045426e-02   1.6871975e-02  -5.3325752e-02   1.5180465e-01  -9.2987525e-02   9.9023958e-02   4.6594989e-01   2.5484569e-01   1.8415879e-01   1.8531746e-01   5.0233783e-02   2.9403778e-02   1.1734986e-01   1.4788428e-01   7.8991818e-03   5.1774680e-02   2.3840638e-01   2.4024843e-02  -6.9096151e-02   7.1779633e-01   3.7530778e-01  -4.5596915e-02   1.6734454e-01  -2.8540494e-02   6.1395270e-03  -1.7710072e-01   5.2188246e-01   1.9001228e-01   1.2627108e-01   2.4622997e-01   2.0762857e-01   4.8099791e-01   1.8352391e-01   1.3105875e-01  -8.3807843e-02  -3.2584126e-01  -3.0225620e-01   1.1519189e-01   1.0823529e-01   1.8276658e-01  -8.2546814e-02   2.8828778e-01   1.1925243e-01  -5.7863292e-04   2.6146461e-01   4.3562542e-01   6.7836139e-01  -2.8689111e-01   1.2791695e-01  -3.5189406e-01   1.6271259e-01   3.2935859e-01  -1.7703344e-01   3.1422650e-02   1.1310641e-01   1.0507898e-01   5.2174205e-01   2.3960539e-02   4.2121839e-01   2.3093007e-01  -2.7047042e-01   6.0410120e-01   3.4289932e-01  -2.0871744e-01   2.1561267e-01   5.0863361e-03   8.6744376e-02   9.7417831e-02   1.4416408e-01   5.9914968e-02  -9.4899435e-02   3.2427155e-01   1.9526516e-01   1.1147287e-01   3.2017814e-01   1.1054052e-01   7.7266312e-02  -4.9607164e-02  -2.3144738e-01  -2.5661990e-01   1.9418972e-02   8.5212777e-02   2.2055934e-01
  -9.4186710e-02   0.0000000e+00   3.4914608e-01   5.3164773e-02   1.8363690e-01  -2.7613183e-01   1.9632299e-01  -3.0173769e-01   4.2224153e-01  -2.6702049e-02  -3.1190880e-01   6.6198789e-01   2.6570056e-01   2.3528354e-01  -2.1634267e-01   1.2774887e-01   6.2465868e-01   1.6214260e-02  -2.9386322e-01   1.4853408e-01  -1.2940224e-01   2.8661581e-02  -2.0472331e-01  -1.1514298e-01  -3.5341464e-02  -2.3521184e-01  -6.0517804e-02   2.2419686e-02   1.9781014e-01   2.8020455e-01  -4.9810175e-02  -4.7398220e-02  -4.7412607e-03   1.7524067e-01   7.7750922e-02   1.6412401e-03  -3.6822206e-03   9.6812650e-02   1.6116715e-01   7.5537234e-02   1.4492229e-01   9.6985653e-03   3.1291185e-01  -2.5133779e-01   1.0744208e-01  -1.4201139e-01  -2.6899086e-01   4.1652358e-01   1.0284922e-01   3.8073540e-01  -6.2611028e-02  -2.5132401e-01   6.3784058e-02  -1.6737985e-01   2.4763549e-01  -1.8613260e-01  -3.7303875e-01   8.1770538e-02   1.3184032e-01   3.5302225e-01   6.6841861e-02   1.2284756e-01   3.9553607e-01  -4.0713975e-01   3.2371468e-02  -9.9552036e-02  -1.4359246e-01   3.1958509e-01  -2.6016053e-01  -2.7236946e-03   5.3806233e-01   8.1339219e-02   2.7208458e-01   1.1173059e-01   4.6820982e-02  -1.1941943e-01   9.0022768e-02  -1.8701319e-01   1.8349410e-01   1.3479146e-01  -3.3958642e-02   2.0620135e-01  -2.2070879e-02  -3.2424061e-01   2.1879131e-01  -8.6994426e-02   4.4900649e-01  -8.6337808e-02   3.3006165e-01  -5.5990926e-02   8.5093691e-02   9.5714890e-02   1.9730764e-01   3.3837706e-01   2.0356576e-01   2.3926579e-01   1.4662366e-01  -2.8440764e-01   4.0122417e-01   1.3158751e-02   1.5383141e-01  -5.8051083e-01   6.5504832e-02   3.0576837e-01  -1.4507435e-01   1.7886146e-02   1.4334117e-01  -3.0543885e-01   1.1471910e-01  -1.1115246e-02  -8.8615672e-02  -1.0991926e-01   3.1046365e-01  -2.1547615e-01   9.5060765e-02   3.0804653e-01  -2.4428641e-01   2.3093726e-01   6.2714014e-02   2.1209227e-01  -3.1045875e-02   3.2259089e-01   1.3638355e-01   7.3571000e-02  -1.5073104e-01   7.2082149e-02  -1.2826387e-01  -9.0487059e-02  -5.4540206e-02  -6.8524620e-02   2.6694560e-01   5.5468585e-02   6.1341665e-01   1.2703258e-01   3.1759313e-01  -2.3998668e-01  -5.1603852e-02   8.7369651e-02  -1.9135936e-01   1.6283546e-02   3.8955760e-02   2.4638203e-01  -2.1980717e-01   3.9820649e-02  -4.6361181e-02  -3.3138983e-02   3.6985830e-01  -1.0270630e-01  -1.2047430e-01   9.0310188e-02   5.5668914e-02   1.3892958e-01  -2.1442929e-01   1.1287281e-02   6.4542271e-01   2.9785570e-02   1.1177657e-01   2.0102496e-01   9.8957861e-02  -9.6424079e-02   3.1361951e-01  -3.0294732e-01  -3.0834153e-02   2.4017856e-02   1.5223574e-01   1.1604808e-01   6.2717911e-03  -6.1169563e-02   7.9243515e-02   2.0912853e-01   2.0647665e-01   1.0938501e-01   7.5134085e-02   3.1406705e-01   1.7788388e-02  -1.6352198e-01  -5.1841528e-02
  -1.8160256e-01   3.4914608e-01   0.0000000e+00   1.8219328e-01   2.1300640e-01   2.9895297e-01   4.1136064e-01  -3.9574898e-01  -1.7555095e-01   8.3279622e-02  -2.4629993e-01   4.9026727e-01   6.5936339e-02   1.3907562e-02  -2.6452499e-01   2.2879931e-01   6.6085682e-01   5.5549282e-02  -3.8151901e-01   3.0201259e-01  -4.5010081e-01  -1.7358978e-01  -3.6473664e-02   3.5363677e-02  -1.6049201e-01  -1.9187864e-01   4.7524487e-01   2.3844101e-01   6.9503555e-02   9.0123465e-02  -2.4799282e-01  -1.6365774e-02  -9.8957169e-02  -4.1169482e-02   2.2106593e-01   9.5489839e-02  -1.7414984e-01   3.3541051e-01   1.8959141e-01   2.9731454e-01   3.4630970e-02  -7.9785408e-02  -8.9847063e-03  -4.4612055e-01   1.0698586e-01   4.4860935e-01   8.7880667e-02   1.8440884e-01  -4.0376735e-02   5.1651579e-01   3.6589029e-02  -4.2578603e-01  -1.5067380e-01  -2.9359282e-01   1.5804605e-01  -4.1885965e-01  -1.5535238e-02   4.9772948e-02   1.5418610e-01   2.5088336e-01   5.1048278e-01   6.6403786e-02  -1.4598492e-01  -4.0448227e-01  -2.3075948e-01   5.9218508e-02   1.3219038e-02   2.7025578e-01  -2.7186980e-01   6.9727795e-01   3.0357187e-01   1.8432308e-01   1.0428754e-01   1.9548244e-01  -1.7261261e-01  -2.7748444e-01   4.9152264e-01  -3.5296746e-01  -6.1226461e-02  -7.9087247e-02   7.1772972e-02   2.2133298e-01  -2.2222236e-01  -3.3903815e-01   3.7064242e-01  -2.1113515e-01   7.2832118e-02  -1.6588527e-01  -3.9190592e-02  -5.1344171e-02  -1.3603331e-01   2.5799953e-01  -2.9110443e-03   7.7573547e-02   3.1367360e-01   1.4787910e-02  -3.4962802e-02  -3.8293057e-01   1.6146045e-01  -8.8918839e-02   3.1873438e-01  -4.5331413e-01  -3.0563027e-01  -1.6493073e-01  -1.1548491e-01   4.8203230e-02   1.7290691e-01  -3.8495961e-01  -1.8129947e-01  -1.4761663e-01  -1.3939086e-01  -6.3760754e-02   2.4052175e-01   8.2317079e-03   1.5305047e-01  -4.3978604e-02  -3.7232751e-01  -2.7225852e-02   1.8139105e-01   3.0663834e-01  -1.1078827e-01  -3.8906027e-02  -3.6564148e-03  -2.8507758e-01   3.2677975e-01  -1.4715856e-01  -1.8576428e-01  -2.9182488e-01  -7.8196464e-02   6.8191527e-01   2.8968516e-01  -3.7013395e-02   2.1353680e-01  -3.4247386e-01   1.2078178e-01  -3.0543441e-01  -2.6116353e-01   3.3013318e-01  -2.9101163e-01   7.4067742e-02   4.3395403e-02   1.7415233e-01  -3.4459697e-01   4.5832979e-01  -7.1660816e-02  -2.9156799e-01   5.2715492e-01  -2.0250688e-01  -8.0222487e-02  -2.6127446e-01   2.8621466e-01  -2.0759791e-01   1.8214823e-01  -8.3361671e-02   3.1192047e-01   6.5093961e-02   1.3864297e-01   2.5749704e-01   4.2896065e-01  -1.6181798e-01   1.6295886e-01  -3.7634240e-01   5.9928072e-02   4.9859264e-02   1.9439240e-01  -9.6959193e-02  -4.2991897e-02   1.5580576e-01   3.7565017e-01  -1.4430451e-01   3.3868351e-02   7.0903481e-02   2.1566276e-01   1.6340193e-01  -2.1230514e-01  -2.4054781e-01  -3.7269023e-03
  -1.2279876e-01   5.3164773e-02   1.8219328e-01   0.0000000e+00  -8.5126471e-02   2.6377651e-02   1.2364695e-01   8.9477477e-02  -1.7285435e-01  -1.5255894e-01  -9.5075041e-02   3.1060073e-01   8.1996800e-03   4.9490091e-02  -1.1427353e-01   4.8255450e-01   2.2864317e-02   3.2158167e-01  -7.4378344e-02  -5.6219227e-02  -2.0630439e-01   2.9475308e-01  -4.0683397e-01   1.2662405e-01  -1.9435936e-01  -4.9808786e-03   3.5219111e-01   5.2129559e-02  -3.1484739e-02   1.1154665e-01  -2.1987080e-01   4.4718975e-01  -1.3778196e-01  -2.9126431e-01  -5.9539372e-02  -2.2446451e-01  -1.4430318e-01  -2.8317705e-02   4.0405547e-01  -1.0186285e-01  -3.9959057e-02  -1.5897963e-01  -1.5633296e-01  -2.5638323e-01   3.1781847e-01  -2.6645181e-03   3.9727571e-02  -7.2995768e-02   1.2743969e-01   9.2922039e-02   2.6876276e-01   2.3404781e-02  -4.1895741e-01  -2.8166753e-01  -3.5074530e-03  -3.7044337e-01   1.0787813e-01   5.3951212e-01   3.7429123e-01   4.3112391e-01   9.8026015e-02   2.2574453e-01  -3.2335112e-01  -2.7485485e-01  -2.5489375e-02  -1.9898860e-01  -4.6697681e-02   1.7769981e-01   1.3908570e-01   2.7366199e-01  -1.3239637e-01   4.8509776e-01  -1.4271000e-02   8.6670630e-02  -2.8723075e-01   1.2483951e-01   1.1695043e-01  -1.6455207e-01  -2.9026829e-01  -1.7058452e-01  -2.3047145e-02   1.0538986e-01  -3.4352478e-01  -5.7042384e-02   1.8560349e-02   1.6155985e-01  -1.8818375e-01  -8.9315758e-02  -3.4090476e-01  -2.0535740e-01  -3.0840782e-01   3.3148341e-02  -3.2876694e-01   1.5854252e-01   7.9834570e-03  -7.0049891e-02   6.2343761e-02   6.3708434e-02   4.4417977e-01  -1.6390181e-01   3.5237268e-02   5.8288247e-02   4.5401206e-03  -6.3085920e-03   4.0663933e-01   5.3360901e-01  -1.5643585e-01  -3.1054171e-02  -4.2625697e-02  -4.3936327e-01  -2.3574729e-01   4.1665057e-01   4.0016245e-01  -1.5714867e-01  -2.0369870e-02  -2.6829581e-01  -1.4990116e-01   4.3814499e-02   4.1380306e-02   5.9583439e-01  -9.3563759e-02  -1.3747040e-01  -2.5060117e-01  -2.9380530e-01  -1.2712751e-01   1.4204773e-01  -1.2790125e-01  -3.0883201e-01   5.0412160e-01   1.2915869e-01   4.1225340e-01  -1.8985659e-01  -4.7826897e-02  -4.9163994e-01   4.8714510e-01   7.0632726e-02  -3.1370025e-01  -8.0517548e-02   1.5591271e-01   7.9015378e-03   6.2994705e-02   2.4018471e-01  -9.1687177e-02  -4.8733819e-02  -2.3917647e-01  -7.7714041e-02   1.0811800e-01  -3.6321184e-01  -2.0613159e-01  -2.5845041e-01   9.6947319e-02  -7.0825648e-03   4.6190677e-02  -2.5673727e-01  -1.9551718e-01   1.5801324e-01   2.1351226e-01   1.9053191e-01   2.8941468e-02   4.9404969e-02   1.9209014e-02  -3.7800335e-02  -3.2966502e-01   4.6844099e-01   5.9502100e-01  -1.8549646e-01  -2.2992559e-01  -8.7600604e-02   1.5386744e-01  -3.4413506e-01  -1.0991389e-01   1.3520079e-01   4.2647752e-01  -1.6738951e-01  -7.9117161e-02  -4.1152214e-01   4.1843596e-01
  -3.2461506e-01   1.8363690e-01   2.1300640e-01  -8.5126471e-02   0.0000000e+00   5.1111220e-01   3.8325155e-01  -2.3033038e-01   2.4214154e-02   4.1824832e-01  -6.5948654e-02  -1.6237741e-01  -3.0102579e-01  -3.5245993e-01  -1.5747374e-01  -3.4639493e-01   1.2768197e-01  -7.3042749e-02   3.1492162e-02   8.7125588e-01   1.8918570e-02  -4.7365779e-01  -8.9761974e-03  -3.5671362e-01   1.2678663e-01  -1.9383692e-01   4.1344839e-01  -3.9950553e-02   9.5486052e-02  -5.3858490e-02  -5.6220431e-02  -3.2630511e-01  -4.5417189e-02   4.1090662e-01  -1.1244340e-01   7.9348307e-01   1.5582545e-01   6.8698920e-03  -1.6186825e-01   5.5621506e-01  -1.5682675e-01  -6.1107316e-02   3.3801464e-01  -2.5458012e-01  -5.2261388e-02  -2.3130555e-02   3.3239083e-01   5.8085080e-01   3.6401438e-01   4.2747965e-01  -4.4195410e-01  -2.4674526e-01   4.4755547e-01   1.0769356e-01  -2.0433193e-01  -3.9493280e-01  -9.9334560e-02  -3.6657656e-01  -2.7494854e-01  -2.6530061e-01   3.4918255e-03   1.9883891e-03   1.7145557e-01  -1.9785209e-01   9.4505955e-02   2.9161995e-01   5.0933252e-01  -3.3595818e-01  -1.8842946e-01  -5.4116954e-02   4.7068966e-01  -4.6893153e-01  -9.7652933e-03  -5.2456900e-01   3.2137194e-02  -1.7817088e-01  -3.8444059e-02  -3.6932485e-01   3.3060255e-01   1.4616613e-01  -1.8771826e-01   1.4712833e-01  -1.1388871e-01  -2.2570395e-01  -4.2120381e-01  -1.3664791e-01   1.5286220e-01  -3.3552392e-01   2.8174161e-01  -4.3903980e-01   3.9120715e-01  -8.5633705e-02   1.9083467e-01  -2.2210740e-01  -9.8703862e-03   7.0330079e-01  -3.1961440e-01  -2.3851549e-01  -7.5063184e-02   7.7688477e-02  -3.8710596e-01  -2.7096526e-01  -2.3526350e-01  -1.8584157e-01  -4.8895255e-01  -2.5351716e-01   1.9993755e-02  -5.3208741e-02  -1.2543423e-02   3.8772580e-01  -2.0876138e-01  -4.1994249e-01  -3.3960747e-01  -2.6612752e-01  -4.1703287e-01   3.5315034e-01  -3.6886462e-01  -2.4652890e-01  -3.4482746e-01  -3.9178243e-01  -3.0119729e-01   3.5388800e-01  -2.1939126e-02   1.9479981e-01  -3.8714404e-02  -6.5053004e-01  -1.1195321e-01   2.3697089e-01  -2.7214225e-01   1.2791263e-01  -2.0719913e-01   1.6482810e-01  -2.3292895e-01   1.8500444e-01  -3.5544352e-01  -1.2797606e-01   1.8289449e-01   2.4384547e-01  -9.2721901e-02  -4.0165171e-01  -2.6243568e-01  -2.1174553e-01  -4.8229908e-01   1.9405194e-01   2.9660047e-01  -9.4687061e-02   1.7811992e-01   3.5016387e-01   1.4705130e-01   1.9202905e-01  -5.0448266e-01  -2.0100824e-01  -1.8778152e-01   1.0829456e-01   5.1308229e-01  -2.1635845e-01  -4.4661306e-01  -3.2188177e-01   4.4090863e-02  -1.0205685e-01  -3.9223033e-01  -4.1352374e-01   5.7106239e-01  -3.6143998e-01  -3.5683388e-01   1.2033975e-01   4.7558171e-02   3.2325265e-01  -2.9580743e-01   3.4471167e-01   3.0507615e-01  -3.0803331e-01  -1.4650323e-01   3.2211348e-01   1.0383604e-01   3.5148971e-01  -2.1135639e-01
  -4.7756804e-01  -2.7613183e-01   2.9895297e-01   2.6377651e-02   5.1111220e-01   0.0000000e+00   4.6719252e-01  -1.6213747e-01  -4.2175159e-01   2.0048586e-01  -9.6126681e-02  -3.4075831e-01  -3.7328349e-01  -3.7351683e-01  -7.4981682e-02  -1.7608728e-01  -9.6808253e-02  -1.8643931e-01   1.3930740e-01   4.8248720e-01  -3.1255397e-01  -4.4747383e-01  -3.6697270e-02  -3.1311327e-01   1.0261671e-01   6.2525694e-02   6.3811623e-01   2.7652036e-01   3.9950210e-02  -1.3815288e-01  -3.6084425e-01  -4.1293877e-01   1.3790215e-02   1.8929094e-02   2.4752538e-01   5.2957048e-01  -1.2896922e-01   7.1001278e-02  -4.0119511e-02   6.6684701e-01  -3.1527149e-01   6.1382632e-02   1.2972258e-01  -3.0004600e-01  -2.2353981e-01   1.5297849e-01   2.6391599e-01   4.5466161e-01   9.5746979e-02   4.2128301e-01  -3.6507308e-01  -2.1741299e-01   2.1693983e-01   1.5869842e-01  -1.4626328e-01  -4.0824193e-01   4.2594386e-01  -3.6592044e-01  -3.1516402e-01  -2.2012059e-01  -7.6371557e-02  -2.7825107e-02  -2.8626138e-01  -2.8125809e-01  -2.4959254e-01   1.0639351e-01   6.8488611e-01  -2.8475516e-01  -1.3714591e-01   2.0876700e-01   2.7746521e-01  -2.0674639e-01  -1.9889389e-01  -4.0153251e-01  -3.6659646e-02  -3.1888882e-01  -1.4028435e-02  -3.3107064e-01  -1.7575409e-01   1.0381697e-01   1.7245672e-01  -2.9184627e-02  -3.7620908e-01   8.4607252e-02  -3.0784696e-01  -2.8604627e-01  -7.0889052e-02  -3.9705065e-01  -1.9361351e-01  -4.7505005e-01  -1.4634086e-01  -4.8458253e-03  -1.9100305e-01  -1.6798371e-01   2.5581552e-02   1.3712645e-01  -1.8813354e-01  -1.2169336e-01  -2.3151207e-01  -1.0949293e-01  -2.6693583e-01  -1.4952118e-01  -2.5733596e-01  -4.2270973e-01  -3.8764344e-01  -3.3389515e-01   7.2418826e-02  -2.0430508e-03  -2.4642845e-01   7.3360604e-02  -3.3398900e-01  -2.4976264e-01  -3.6054656e-01  -2.5619585e-01  -2.7076696e-01  -6.9651114e-02  -2.9968771e-01  -4.1801802e-01  -4.5463262e-02  -2.4427803e-01  -2.2182060e-01  -2.0173516e-01  -1.5677743e-01  -1.9347268e-01   5.7749285e-02  -5.5627437e-01  -3.3344103e-01   1.0625551e-01  -2.9708751e-01   4.7030566e-01  -2.3710044e-01  -1.4103113e-01  -3.9096836e-01  -2.5141123e-01  -4.0460506e-01  -1.5408435e-01   1.5581605e-01   5.0521676e-01  -1.4717769e-01  -2.7960266e-01  -1.9802806e-01  -2.3690951e-01  -3.5803785e-01   5.1868581e-01   4.2410311e-02  -3.9708917e-01   2.5036212e-01   8.0491312e-02   2.4184531e-02  -1.4334809e-01  -4.2862381e-01  -7.6211883e-02  -2.0123737e-02  -2.7739982e-01   2.0492207e-01  -3.2818286e-01  -3.1231424e-01  -1.5194917e-01   3.0127719e-02   4.5489131e-02  -3.3472276e-01  -3.4970778e-01   2.9530226e-01  -4.2039119e-01  -3.6612933e-01  -2.8640261e-01  -8.3569947e-02   4.3299770e-01  -1.7765838e-01  -2.2222138e-01  -3.4994660e-03  -6.9832098e-02  -2.0733814e-03   2.8100484e-01   7.1524642e-02   2.8659462e-01  -3.4089790e-01
  -3.7107093e-01   1.9632299e-01   4.1136064e-01   1.2364695e-01   3.8325155e-01   4.6719252e-01   0.0000000e+00  -4.7056008e-01  -2.5560041e-01   2.3943627e-01   6.7025897e-03   3.8525184e-01   4.6352694e-02  -1.7894702e-01  -6.0689677e-02   9.3746992e-02  -9.9023187e-03   2.6104542e-01  -3.6232220e-01   4.6691285e-01  -3.6737842e-01  -2.4391790e-01   7.8697639e-02  -3.9000976e-01  -3.5138321e-01  -2.7282210e-01   5.2860334e-01   4.8729957e-01   7.4662579e-03   3.1363812e-01  -2.8522673e-01  -2.8463633e-02  -3.3483587e-01   3.5422636e-01   2.7881771e-01   4.0013115e-01   2.2223802e-01   2.7722608e-01   1.4581619e-01   2.7936530e-01   6.1438685e-02  -2.0653939e-01   3.4868368e-02  -3.7567368e-01   4.0967933e-01   1.9251005e-01   2.0502620e-01   5.0962815e-01   3.1446540e-01   2.0851877e-01   1.8571945e-01  -5.0875090e-01   2.0003118e-01  -3.7344889e-01  -6.3821518e-02  -3.9784254e-01   1.9584277e-01  -1.8400430e-01   3.0276662e-01   5.5140625e-02  -1.9162993e-03   3.2213941e-01  -6.0154602e-03  -4.6164485e-01   9.4834530e-02   3.3541574e-01   2.6284421e-02   2.3251617e-01  -2.3652775e-01   4.0822337e-01   3.5802122e-01   3.2646234e-01   3.4698580e-01  -4.5716124e-02  -2.5034778e-01  -5.4759626e-01   3.0590133e-02  -2.9789012e-01   2.2282373e-01  -1.2751121e-01   3.5380716e-01   4.1208637e-01  -2.7640486e-01  -3.4382566e-01   1.1602824e-01  -4.9720415e-01   4.5013786e-03  -4.7639764e-01  -3.7427602e-02  -3.2358515e-01   9.3828882e-02  -2.6142783e-01   2.8021880e-01   6.9424090e-03   1.9629174e-01   1.7428988e-01  -3.8055183e-02  -4.8468675e-01   2.4158115e-01   4.2015379e-01   6.2799294e-02  -2.8734104e-01  -7.1584184e-02  -5.1381685e-01   3.0683868e-02  -4.2521062e-02  -2.3987310e-01  -4.4522354e-01   3.2336446e-01   7.2714176e-02   1.3420407e-01  -2.3961876e-02   1.1198317e-01  -1.3396381e-01   1.3398555e-01   3.1256330e-01  -4.0349198e-01   1.1491871e-01   1.3218591e-01   2.1831453e-01  -3.7976659e-01   2.3757087e-01  -1.0936226e-01  -1.2412109e-01   4.2710725e-02  -5.0637997e-01  -1.9667636e-02  -3.5507665e-01  -1.5105752e-01   4.3584391e-01   3.0962764e-01   3.8248044e-01  -3.2534323e-02  -1.5274172e-01  -9.2682635e-02  -5.3511678e-01  -2.3007954e-01   3.3984995e-01  -5.0538480e-01  -1.7965455e-01  -2.1508313e-01   1.9604378e-01  -3.6072219e-01   4.3099916e-01   1.7460873e-01  -3.2423081e-01   7.6670536e-01   6.2315480e-02   2.7888104e-01  -3.7032903e-02   8.0516761e-03   1.1650061e-02  -2.8556666e-01   2.9107003e-02   2.7680460e-01  -2.5950451e-01  -1.6054542e-01   3.8294629e-01  -1.2853834e-01   3.1117506e-02   1.9072837e-02  -3.8844762e-01   7.3295074e-02   1.3613112e-01   1.2834712e-02   6.7153134e-02   1.3129441e-01   7.8199247e-02  -1.8305570e-03  -9.3029178e-02   2.7718413e-01  -4.6618760e-02   3.7452963e-01   1.7997109e-01  -6.6746585e-02  -2.3603085e-01  -3.0892804e-01
   8.2563830e-02  -3.0173769e-01  -3.9574898e-01   8.9477477e-02  -2.3033038e-01  -1.6213747e-01  -4.7056008e-01   0.0000000e+00   1.3890783e-01  -2.9141564e-01   4.3664940e-01  -4.2796802e-01  -2.3450368e-01  -1.4147377e-01  -2.2950841e-02  -6.8536848e-02  -1.1990660e-01  -2.1864493e-01   7.1477581e-01  -2.3366604e-01   7.2923191e-02   3.0286220e-01  -2.0175556e-01  -6.9787254e-02   2.2443754e-01   6.7355425e-01  -1.5476367e-01  -4.2166704e-01   5.5389391e-03  -1.3725436e-01   1.8686809e-01   3.5398813e-01   2.5261859e-01  -1.8900640e-01  -3.5789388e-01  -1.5733569e-01  -1.5759546e-01  -5.9709140e-01  -1.1927771e-01  -9.3914046e-02  -1.7774137e-01   1.6641189e-01  -1.6716831e-02   5.8591790e-01  -3.0438714e-01  -4.1523709e-01   2.2197070e-01  -2.9438441e-01  -2.6553153e-01  -3.4232361e-01  -1.1530564e-01   9.3283448e-01  -1.1376517e-01   3.2250903e-01  -2.1652627e-01   5.1517345e-01  -1.5740934e-01   4.5991583e-01  -2.6787097e-01  -2.0992721e-01  -2.9634737e-01  -1.0015520e-01  -1.2253982e-02   4.8064085e-01  -7.0822808e-02  -1.2695581e-01   3.8093109e-01  -3.9296985e-01   7.9507093e-01  -3.1081756e-01  -3.4430833e-01  -1.7112321e-01  -4.6524967e-01  -3.8575452e-01   2.0282838e-01   7.0101151e-01  -4.5556292e-01   4.6114039e-01  -6.6288121e-02   3.1603346e-02  -1.9251480e-01  -5.3014883e-01   5.2298339e-02   6.1774467e-01  -4.2396264e-01   7.0176405e-01  -2.8116958e-01   3.9268511e-02  -3.0856494e-02  -1.4254976e-01   1.4867609e-01  -8.1183231e-03  -2.9596027e-01  -5.5431550e-02  -6.6078054e-01  -8.1137950e-02   3.0247615e-02   8.5859009e-01  -2.0385346e-01  -3.1108401e-01  -4.1632990e-01   6.5472547e-01   9.9101011e-02   1.5840204e-01   2.5557217e-01   3.3622620e-01  -7.0344994e-02   8.9221716e-01  -2.4806917e-01  -1.4412266e-01  -1.5393550e-01   2.0741071e-01  -2.1235950e-01  -2.0225040e-01  -2.9837122e-01  -2.8551312e-01   7.0516595e-01  -3.2415811e-01  -3.9170362e-01  -1.4270037e-01  -8.4286980e-02  -2.9673808e-02   1.0356383e-01  -6.3336515e-02  -3.9729319e-01   9.1634465e-02  -1.2047768e-01   2.8373192e-01   5.1250860e-01  -3.3604030e-01  -3.3184220e-01  -2.1964419e-01  -3.5889296e-01  -1.3155716e-01   1.2741430e-01   8.5080158e-01   2.2436506e-01  -3.5476655e-01   8.4454333e-01  -2.4105096e-01  -1.2481084e-01  -3.4177723e-01   5.4692724e-01  -5.0324395e-01  -2.0986847e-01   3.6744980e-01  -5.2321620e-01  -1.4140441e-01  -1.7747608e-01  -2.1305413e-01  -3.0795081e-01  -5.5344445e-02  -1.8779198e-01  -9.6516175e-02  -3.2624043e-01  -3.4233456e-02  -1.8618812e-01  -3.6915961e-01  -3.1742504e-01   2.9497740e-01  -2.4486271e-01   7.1785402e-01  -2.2105668e-01   8.3346011e-03   2.0825492e-01   1.9540988e-02  -1.1905462e-01  -2.4367655e-01  -4.5073165e-01   4.9189967e-02  -1.1297868e-01  -4.1738918e-01  -2.5760915e-01  -2.7835263e-01   1.4625211e-01   2.5789505e-01   5.2874031e-01
   2.6374213e-01   4.2224153e-01  -1.7555095e-01  -1.7285435e-01   2.4214154e-02  -4.2175159e-01  -2.5560041e-01   1.3890783e-01   0.0000000e+00  -2.7315432e-03  -4.5910941e-02   1.5596197e-01  -2.0926857e-04   2.8847390e-01  -4.7404348e-03  -1.3327684e-01   2.1788037e-01  -1.5304450e-01   2.5403833e-01   2.1243682e-02   2.1512286e-01   2.2052944e-01  -1.5965165e-01   2.0344163e-02   3.2416773e-01   1.1256459e-01  -3.9332473e-01  -3.3916567e-01   2.4286805e-01   2.6105709e-01   2.9678023e-01   2.7788871e-02   3.4574662e-01   2.8339398e-01  -2.4977441e-02  -1.2749444e-02   1.4290688e-01  -2.3210955e-01  -1.3190308e-01  -9.3608498e-02   2.4558724e-02   2.7580995e-01   3.0093871e-01   4.1713846e-02  -8.2766200e-02  -1.6064985e-01  -1.3581539e-01  -7.6457101e-02  -2.5946267e-02  -1.8710050e-02  -2.0173167e-01   2.8565948e-01  -5.1530241e-02   1.8485648e-01   2.6232469e-01   1.4942208e-01  -4.6757541e-01   1.4618308e-01  -5.6056032e-02   2.7533293e-01  -1.9509819e-02  -7.9161368e-02   7.2496144e-01   2.3225119e-02   2.5061264e-01   1.6144066e-01   2.9647050e-03   7.2203647e-02   6.2126612e-02  -3.0296992e-01  -1.5123055e-01  -1.7702321e-01  -1.1409383e-01   9.1996453e-03   3.7672833e-01   3.3252299e-01  -1.6035187e-01   8.2488329e-02   3.5760783e-01   4.0907074e-01  -2.7815678e-01  -1.5186852e-01   1.6410787e-02  -2.1553011e-02  -1.1771418e-01   3.3950688e-01   2.8302936e-01   2.2767756e-01   7.1350872e-01   1.6420432e-01   4.2694590e-01   2.1956297e-01   1.9996996e-01   3.7723348e-01  -8.6004495e-02   2.3020526e-01   1.8234463e-01   2.5956930e-01   1.6686556e-01   9.0793377e-02  -1.4483337e-01  -5.9975806e-02   2.5188904e-01   6.6898997e-01   1.7486366e-02   7.9166502e-02   1.6049622e-01   2.3902450e-01   1.0561440e-01  -9.1727467e-02  -6.8444127e-02  -7.0511478e-02   1.6893423e-01   7.7626603e-02  -1.8147539e-01   4.7657261e-02   1.3203560e-01  -2.8051923e-02  -3.1603904e-01  -1.1936232e-01   1.5118903e-01   4.4575084e-01   3.9682940e-01   3.8820455e-01  -1.5938933e-01   2.1928349e-01   9.0095857e-02   3.2625907e-01   9.9258329e-02  -4.7046217e-01  -2.5991387e-01  -1.5660641e-02   1.4074139e-01   2.0868241e-01   1.9454436e-01   2.8380686e-01   2.8824624e-01  -4.1618357e-01   2.9469242e-01   1.3915534e-01   2.1746043e-01  -3.5609406e-01   1.0640661e-01  -4.9393909e-01   2.0430919e-01   4.3912791e-01  -2.8436717e-01   4.5032198e-02   4.3774263e-02   1.8456580e-01  -1.9631673e-02  -8.4035664e-03  -4.5042195e-02   1.2128017e-01   1.5504849e-01   2.2559530e-01   6.9832683e-02  -1.3174874e-01   1.0558689e-01   4.3997467e-02   2.8733336e-01   8.4846891e-02  -3.3260796e-02  -6.3443014e-02   3.6097867e-02   3.1989705e-01   2.3632171e-01  -5.9166249e-02  -5.8232373e-03   2.8615563e-01   2.7337186e-01  -1.7768844e-01  -3.2148166e-01  -9.1430950e-02   2.6837204e-01   2.3004945e-01   3.1509182e-01
   1.2492876e-01  -2.6702049e-02   8.3279622e-02  -1.5255894e-01   4.1824832e-01   2.0048586e-01   2.3943627e-01  -2.9141564e-01  -2.7315432e-03   0.0000000e+00  -7.7892505e-02  -1.3614511e-02  -1.3015099e-01   1.3361493e-01   7.5193817e-02  -1.5537778e-01  -5.9597982e-03  -1.0733334e-01   2.8316813e-02   4.9311738e-01   1.6876176e-01  -3.1241846e-01   4.2670856e-01   3.6900332e-02   1.8614158e-01  -1.1208445e-01  -3.6561434e-02   1.5722997e-01   1.4226916e-01   1.2253700e-01  -7.4617692e-02  -3.0632326e-01   1.4177294e-01   5.0745198e-01   1.7585644e-01   4.9542233e-01  -4.2675215e-02  -1.0348761e-01  -1.4939623e-01   1.3634885e-01  -9.4920498e-02   1.6554116e-01   2.0879592e-01  -2.9835417e-01  -8.2861537e-02   1.6398153e-03   2.7451159e-01   1.4149748e-01  -3.8346580e-03   2.2857518e-01  -1.9899508e-01  -2.5266433e-01   1.3161000e-01   1.8130366e-01   2.4065563e-01  -2.8238336e-01   2.1121440e-02  -3.8833568e-01  -1.6768397e-01  -1.0062264e-01  -6.1121628e-02  -1.8119987e-02   1.4050501e-01  -1.6056943e-01  -4.2014562e-02   7.2378579e-01   7.8870189e-02  -1.0418469e-01  -2.5460368e-01  -1.8089534e-02   2.5475629e-02  -1.4595629e-01  -8.0606023e-02   5.1362162e-02   2.2280787e-01  -1.2164186e-01   1.1045273e-01  -2.0886841e-01   3.1991039e-01   2.8274526e-01   3.4833741e-02   6.2154183e-03   1.3059563e-01  -2.6145250e-01  -4.5040217e-02  -1.7763157e-01   1.1400926e-01  -4.8650506e-02   2.2120215e-01  -9.2494239e-04   4.6408858e-01   1.5556084e-01   5.1534360e-01   2.9012196e-02  -2.1596780e-03   4.1302242e-01  -2.5196244e-02  -1.3584849e-01  -3.3310072e-02   3.7044869e-01   6.7298832e-02  -1.4640930e-01  -1.8690285e-01  -1.7484319e-03  -2.0818473e-01  -3.1659376e-01   2.9765604e-01  -1.5306646e-01   5.3615949e-02   4.0090252e-01   1.4826795e-01  -3.0310078e-01  -1.5242215e-01   1.1186158e-01   8.6128182e-03   1.6780554e-01  -2.2277084e-01  -1.5305233e-01  -7.9622075e-02  -1.9931477e-01   1.5413866e-01   2.1327744e-01   1.5765539e-01   2.4484165e-01  -3.0323746e-02  -2.0655218e-01   3.2267040e-02   1.8118824e-01  -3.6727361e-01   5.3545770e-02  -2.3473109e-01   3.4094167e-01   1.1999769e-02   1.2394223e-01  -2.7831201e-01  -2.1885840e-01   2.5257494e-01   2.1179731e-01  -2.1942683e-01   7.8348180e-03   1.5314502e-01  -2.8224234e-01  -2.8961248e-01   1.0317576e-01   4.5448552e-01  -1.5248139e-02   1.5091006e-01   4.6734593e-01   6.0942700e-01   5.4399021e-02  -4.0630230e-03  -1.7959131e-01   5.7952562e-02   3.2585900e-01   3.3131021e-02   1.0267307e-02   2.7852779e-02  -7.4083158e-02   1.9991500e-02  -1.5522274e-01  -3.0896339e-02  -2.9000401e-01   7.6207033e-01  -1.8534988e-01  -3.1527830e-01   3.5739001e-01   3.2285019e-01   2.6250831e-01   1.6830962e-01   3.2509877e-01   4.2635529e-01   2.4519083e-03  -1.0811860e-01  -3.3409149e-02   1.1473733e-01   2.7436246e-01  -1.6748989e-01
  -4.0748661e-02  -3.1190880e-01  -2.4629993e-01  -9.5075041e-02  -6.5948654e-02  -9.6126681e-02   6.7025897e-03   4.3664940e-01  -4.5910941e-02  -7.7892505e-02   0.0000000e+00  -1.7300637e-01  -1.5370449e-01  -2.4647343e-01  -5.4225343e-02  -1.5459598e-02  -2.0203737e-01   1.2814251e-02   2.0774847e-01   7.9908028e-03  -9.4566612e-02   1.7796974e-01  -5.7933830e-02  -3.4225413e-01   4.5729422e-03   2.2251533e-01   5.3966688e-02  -3.3592982e-01   4.8061976e-02   2.6456665e-02   1.1988863e-02   3.5063859e-01   1.0404100e-02  -5.0249958e-02  -8.7470452e-02   1.6875680e-01   4.0977182e-02  -1.1153693e-01  -7.8386273e-02   5.7377483e-03  -4.5049865e-02   7.1678561e-02  -2.3894080e-02   4.6872064e-01  -2.2140620e-02  -1.4321478e-01   6.3939341e-01  -2.5601093e-01  -8.7728212e-02  -1.4678691e-01   2.0019764e-01   4.1954373e-01   6.0411864e-02   3.1297240e-02  -4.5657751e-01   4.8617019e-01  -3.1691916e-02   1.5134336e-01   3.5108746e-04  -1.7886021e-01  -9.6154591e-02   1.8142386e-01   3.9028300e-02   3.5810907e-01  -2.2702597e-02   2.2211826e-01   4.3463356e-02  -1.1470170e-01   7.1607171e-01  -8.6110417e-02  -3.5039698e-01   1.9924696e-01  -2.1566726e-02  -2.4159479e-01   1.2843807e-01   1.3076856e-01  -2.3225069e-01   4.0401939e-01   2.7775829e-01  -3.2930081e-02  -2.0060272e-01  -5.4841107e-02   1.9380463e-01   1.6679035e-01  -2.7463959e-01   1.3151005e-01  -3.3558129e-01  -2.6770458e-01  -2.1380771e-02  -2.7028223e-01   2.4563604e-01  -3.6419744e-02   2.3385004e-02  -9.5551926e-02  -2.8514665e-01   1.4589995e-02   1.6589997e-01   2.9408599e-01  -9.3005410e-02  -5.3875225e-03  -3.4243611e-01   6.1298950e-01   3.2305931e-02  -1.7146975e-01   3.7813196e-01   2.0740122e-01  -1.8093350e-01   3.8988318e-01   1.3672724e-01   6.2364264e-03   2.5520024e-01   2.2458313e-01  -1.2910662e-01  -1.1609829e-01  -2.6417923e-01   1.8166042e-01   4.3945071e-01  -1.5827999e-01  -3.0757569e-01   8.6123435e-02  -1.9309056e-01   1.6334062e-01   2.7532602e-01  -8.3893005e-02  -1.0716261e-01  -2.0289347e-01  -1.0830501e-02   8.7198959e-03   3.2036822e-01  -1.3906298e-01  -3.8097830e-02   5.0540155e-01  -3.1114111e-01  -7.6894778e-02   5.9618452e-02   2.0173035e-01   1.1793091e-01  -3.6272765e-01   2.2997591e-01  -1.8526776e-01  -2.7419615e-01  -8.7405093e-02   5.0324413e-01  -3.7014345e-01  -1.0774954e-01   1.7754985e-01  -2.0712179e-01   1.1758530e-01   2.4927949e-01  -2.0797697e-01  -1.8965523e-01  -2.3311949e-01  -3.0067051e-01   3.7855522e-01  -2.8521804e-01  -2.1872989e-01  -2.1691498e-01   1.5352015e-02  -3.2069769e-01   7.7144659e-02  -4.5568002e-02   6.5125453e-01  -1.5659385e-01   2.5329200e-01   1.2477357e-01   1.8498653e-01   2.0901194e-01  -2.5887191e-01  -3.5547267e-01   9.3526810e-02   1.2049084e-01  -2.4868642e-01   1.5492391e-01  -3.8211502e-01   1.2972505e-01   4.7870499e-02   1.0452351e-01
  -1.2202899e-03   6.6198789e-01   4.9026727e-01   3.1060073e-01  -1.6237741e-01  -3.4075831e-01   3.8525184e-01  -4.2796802e-01   1.5596197e-01  -1.3614511e-02  -1.7300637e-01   0.0000000e+00   3.8873662e-01   2.7676293e-01  -1.7450285e-01   4.8842834e-01   4.3307353e-01   2.9954320e-01  -5.3357430e-01  -4.8245121e-02  -3.0289313e-01   1.7133312e-01  -9.9964301e-02   5.6314217e-02  -2.9392304e-01  -3.6494617e-01   6.6938888e-02   2.3103572e-01   1.8466569e-01   4.0430745e-01  -1.3402149e-01   2.8251782e-01  -1.5598732e-01   2.2462186e-02   2.4096680e-01  -2.4498365e-01  -2.2548235e-02   2.3322597e-01   3.5190856e-01  -1.5177749e-01   2.3261747e-01  -1.0580738e-01   3.6427698e-02  -3.6933502e-01   4.6489353e-01   1.6868268e-01  -1.4919239e-01   1.0734906e-02   1.1491530e-01   2.3095478e-01   4.2454357e-01  -3.9898804e-01  -2.7891658e-01  -5.1349497e-01   2.9217682e-01  -2.6872549e-01  -2.0703535e-01   2.8683375e-01   5.2740273e-01   6.3378167e-01   1.9937573e-01   3.2453794e-01   8.1566011e-02  -3.9828097e-01   4.0408697e-02  -3.7247932e-02  -5.5437397e-01   6.7432614e-01  -2.4086780e-01   4.3709944e-01   1.3804018e-01   5.7756942e-01   3.9624775e-01   5.1044912e-01  -1.9647218e-01  -1.9720355e-01   2.8315067e-01  -1.6479438e-01   1.0408605e-01  -9.4001646e-02   8.5532789e-02   3.2069469e-01  -8.6195397e-02  -5.1437311e-01   5.2090571e-01  -1.6719701e-01   1.7106897e-01  -3.0302130e-02   1.0597076e-01   7.9571530e-02  -1.4479123e-01   2.3218758e-02   1.7739115e-01   4.2764271e-01   2.6500985e-01  -6.2913215e-02   2.7326978e-01  -3.8564612e-01   5.4617602e-01   1.4661938e-01   4.6549884e-01  -4.0280898e-01   8.1307863e-03   1.4228053e-01   2.9376985e-01   2.9742854e-01  -2.5981720e-02  -5.4349547e-01   2.9846083e-01  -2.8941933e-01   1.2078944e-01   2.0352169e-01   6.7700740e-01   1.6966774e-02   3.7656150e-01   2.0483012e-01  -3.0467410e-01   3.5341280e-01   3.1598463e-01   6.5637312e-01  -4.1502700e-02   2.0670510e-01   7.5929422e-02  -1.1900000e-01   6.4960348e-02   2.4283565e-01   8.1518056e-02  -4.6420199e-01   1.3321142e-01   2.1716761e-01   6.1482189e-01   1.9454947e-01   5.2690909e-01  -1.8687125e-01   5.0139684e-01  -4.1984135e-01  -3.7256919e-01  -3.1860914e-02  -3.5804979e-01   1.9536819e-01   9.3518159e-02   4.6179178e-01  -1.2222186e-01   9.4792412e-02  -3.9884071e-02  -9.9440962e-02   5.4165855e-01  -3.0260248e-01  -3.8255996e-02  -1.4784082e-01   4.9262060e-01  -3.4710249e-03  -6.0736226e-02   5.3009536e-02   2.5558710e-01   5.3295210e-02   3.3931596e-01   5.7277442e-01   1.0284138e-01  -1.4282233e-01   5.4789174e-01  -2.1066308e-01  -2.8520515e-01   4.6405961e-01   4.9488636e-01   6.9187562e-02   3.1193572e-02  -1.8576287e-01   4.2122016e-01  -1.7001772e-01   1.5096767e-01   2.3204443e-01   3.9610635e-01  -2.5049237e-02  -1.2179902e-01  -5.7785912e-01   3.6120077e-02
  -1.1890777e-01   2.6570056e-01   6.5936339e-02   8.1996800e-03  -3.0102579e-01  -3.7328349e-01   4.6352694e-02  -2.3450368e-01  -2.0926857e-04  -1.3015099e-01  -1.5370449e-01   3.8873662e-01   0.0000000e+00  -1.9077848e-02  -3.1875391e-01   5.3074826e-01   9.6395768e-02   1.5913422e-01  -1.9390707e-01  -2.5138543e-01  -1.0219714e-03   1.2987493e-01   4.0945004e-02  -4.4269735e-02  -1.2959199e-01  -2.6052107e-01  -2.6534787e-01  -4.4541779e-02  -1.2779135e-01   8.1251109e-02  -2.0111754e-01   1.7615766e-02   8.9246988e-02  -1.4657411e-01   9.9119995e-02  -3.1267640e-01   1.6063462e-01   1.3579335e-01   5.0160604e-01  -2.0694247e-01   8.0287708e-01   1.7435438e-01  -8.9239092e-03   2.3810536e-02   3.6857044e-01   9.0902572e-02  -2.7618667e-01  -1.7358199e-01   2.0957917e-01  -1.0537420e-01   5.1792353e-01  -2.5943154e-01  -9.8587149e-02  -2.7750802e-02  -1.2529630e-02   7.0131204e-02   3.7196351e-02  -5.3272881e-03   4.7344283e-01   2.6658347e-01  -2.5087485e-03   4.6849672e-01   1.3715490e-01  -6.1053867e-02   1.0166809e-01  -1.3325294e-01  -4.8641838e-01   4.3485644e-01  -1.5261014e-01   1.6743958e-01  -2.4551337e-02   4.9240415e-01   5.3422112e-01   2.6509958e-01   1.5696844e-01  -3.0987995e-01   5.4953114e-02   9.4566361e-02  -1.2018203e-01   4.9321850e-02  -6.2599339e-02   2.9655545e-01   1.1040636e-01  -2.9469695e-02   2.5538062e-01  -4.0102032e-01  -1.7808099e-01   7.5581300e-02   9.6231774e-03   2.1948336e-01  -1.9044075e-01  -1.5443020e-02   3.6514962e-02   2.7261135e-01   1.9861249e-01  -2.1927204e-01   4.5936585e-01  -2.8987823e-01   4.4349837e-01   1.5367320e-01   1.6451215e-01  -2.1590988e-01  -1.0253823e-01   1.5647682e-02   1.7616598e-01  -3.7226510e-02   3.7497108e-02  -4.4032292e-01   4.8269147e-01   1.2016104e-01   1.1033230e-01   1.2430086e-01   3.6027245e-01   7.5843897e-02   1.3609001e-01  -7.5350476e-02  -1.7326736e-02   7.8991506e-01   1.6367727e-01   4.1837805e-01  -7.1258748e-02   8.1095610e-03   2.1128890e-01  -1.7183363e-01  -7.7221546e-02   2.1423922e-01   1.3886494e-01  -5.0734577e-02   4.5073965e-02   1.3444191e-01   5.0289819e-01  -2.2490514e-02   3.9300661e-01   1.5795105e-02   3.6046614e-01  -4.1820551e-01   1.8434490e-02  -2.1665388e-01  -4.4108223e-01   6.6566818e-02  -1.8475559e-01   5.7799509e-01   1.0862949e-01   1.0887783e-02  -2.8350560e-01  -2.9476632e-01   8.1635281e-02   8.0679428e-02   1.4692736e-01  -1.4143985e-01   2.6088457e-01   8.0791964e-02  -8.0783188e-02   5.0933080e-03   2.2636763e-02  -7.0274153e-02   1.6423775e-01   6.0778988e-01  -1.5855903e-01  -3.4033261e-01   4.3440167e-01   8.8490793e-02  -1.9653048e-01   2.3365978e-01   1.9084156e-01  -1.0437385e-01  -6.5643050e-02  -2.7850361e-01   1.1862334e-01  -5.0091757e-02   6.2383129e-02   4.0977675e-01   2.6457468e-01  -8.6858940e-02   6.6233338e-02  -1.8221061e-01  -1.2624322e-01
   3.8702863e-01   2.3528354e-01   1.3907562e-02   4.9490091e-02  -3.5245993e-01  -3.7351683e-01  -1.7894702e-01  -1.4147377e-01   2.8847390e-01   1.3361493e-01  -2.4647343e-01   2.7676293e-01  -1.9077848e-02   0.0000000e+00   4.1428718e-01  -1.2011536e-01   1.6698966e-01   1.4979231e-01  -2.1558486e-01  -2.7054590e-01   2.2530311e-01   2.6245802e-01   2.1033622e-01   4.5755710e-01  -6.7281642e-02   9.4387004e-02  -3.2739829e-01   2.3228753e-01  -4.7636471e-02   3.3768480e-01   3.1568691e-01   1.0571440e-01  -1.0763473e-01   1.0393610e-01   1.8496162e-01  -3.6980845e-01  -7.9681707e-02  -1.4678248e-02  -2.9683851e-01  -5.0907330e-01  -1.2631202e-01  -1.1474327e-01  -1.9829083e-01  -2.0049112e-01   8.7271854e-02  -8.3712920e-02  -2.6588150e-01  -1.5936288e-01  -1.8474225e-01  -1.0296338e-02   1.7118614e-01  -2.1094772e-02  -2.8958991e-01  -1.3171276e-01   7.8197064e-01  -2.6054194e-02  -5.2954608e-02   1.8652835e-01   1.2404591e-01   3.3864427e-01   2.0910710e-01   2.7862596e-02   1.0657014e-02  -1.0321423e-01   2.6415054e-02   9.4482784e-02  -3.6303044e-01   1.2128500e-01  -2.4589853e-01  -2.0587321e-01  -1.8193458e-01   1.3232028e-01  -6.6550943e-02   6.0785933e-01   8.0630988e-02   1.8802131e-01   3.3860447e-01  -8.4098402e-02  -1.4829218e-03  -4.5059400e-02   3.0635488e-01  -3.0884757e-02   1.5052365e-01  -1.2977903e-01   4.2126174e-01   2.0632685e-01   4.7594799e-01   5.3861986e-01  -2.6813758e-02   3.0239925e-01   2.4200756e-02   2.8607188e-01   1.9996125e-01   1.7558915e-01   1.8666956e-01  -1.0562277e-01  -7.5678087e-02  -2.6615969e-02   1.0719353e-01   2.1879452e-01   4.0934721e-01  -4.2709842e-02   4.2565316e-01   3.6110401e-01   2.7314144e-01   1.2989001e-01   1.8828849e-01  -1.3850943e-01  -1.4987238e-01  -1.6820468e-01   1.5510000e-01   1.8186264e-01   1.4954337e-01   1.2932056e-01   3.6705626e-01  -9.3388829e-02  -6.2501986e-02   2.1902727e-02   3.6437259e-01   1.1557032e-01   5.8192768e-01  -6.0205916e-02  -3.4097120e-02   1.4666877e-01  -7.7696476e-02   6.1122221e-01   2.1648970e-01  -1.5999435e-01   3.2319374e-03  -3.3051922e-01  -3.8292479e-02  -3.8003160e-02   4.0539207e-01  -1.0014448e-01   1.6723996e-01   1.5778561e-02  -1.8469150e-01   2.6613934e-02   3.8023138e-02   4.1551190e-01   6.1287935e-01  -1.5009945e-02  -7.1232458e-02  -1.8393719e-01   3.8515089e-01   3.5028837e-01   6.4185767e-02  -2.0966776e-01   3.7196745e-02   1.9748358e-01   4.3819963e-01   3.3640860e-01   3.7342596e-01   5.4933287e-02  -2.4687160e-01   3.4936309e-01   6.1347891e-01   5.6448507e-02   3.1776503e-01   2.3406484e-01   1.7228938e-01  -1.6609196e-01  -7.7175137e-02   2.1231151e-01   1.0578348e-01   1.7286686e-01   6.4602197e-02   4.7640865e-02   6.1312738e-01  -1.6170050e-03   4.3570355e-03   1.6515436e-01   5.4316088e-02  -3.0671664e-02  -1.1907904e-01  -2.0795517e-01   2.3097513e-01
