   0.0000000e+00  -1.4970969e-02   4.1050071e-01   1.9217270e-02  -3.5486450e-01  -2.1425640e-01  -4.7925231e-01   2.4339679e-01   3.7451620e-01  -3.4697781e-01  -1.0498787e-01  -1.8104047e-01  -2.8857638e-01   8.1408429e-01   8.7476564e-02  -2.4309477e-01   4.0652161e-01  -6.1158695e-02  -1.0335970e-01  -4.3684394e-01  -6.0267980e-02   2.6811913e-01  -1.7959783e-01   6.3521892e-01   4.6689505e-02   3.7294886e-01  -1.7290604e-01   5.4223049e-01   8.1002067e-02   3.4203128e-02   1.5435009e-01   1.5383827e-01   2.1342646e-01  -4.3035097e-01  -3.9248917e-02  -2.7688742e-01  -1.0142896e-01   1.6299440e-01  -1.6454539e-01  -4.3431328e-02  -2.7554837e-01   1.3998633e-01   1.2156961e-02  -6.0227916e-02   3.5119649e-02   6.5126921e-01   1.0863459e-01  -4.6363271e-01  -2.3766146e-01   2.9520141e-01   1.0954715e-02   4.8913696e-01  -1.4327553e-02   1.9381915e-01   3.9184023e-01   1.4778521e-01  -2.0419871e-01   2.8812177e-01  -8.4213331e-02   3.2758487e-01   4.0493828e-01  -1.7498688e-01   8.4498658e-02   1.0493645e-01   2.8483377e-02  -2.8936530e-01  -1.3533083e-01  -5.9228195e-02   7.9524732e-02   4.2913572e-01  -1.3509089e-01  -8.2275494e-02  -3.6534026e-01   6.8635132e-01   9.0628256e-02   4.0451726e-01   2.6478102e-01  -1.8125350e-01  -4.8316569e-01  -7.1691084e-02  -2.3511074e-01  -3.4374537e-01  -1.8553664e-01   4.3959728e-01   5.7799748e-01   3.0766126e-01   1.1896970e-01   5.2010778e-01   2.6773898e-01   8.3517842e-01  -9.2934823e-03   4.9517329e-01  -3.1410121e-01   3.0775095e-01   4.9993186e-01  -1.3826723e-01  -1.1040568e-01  -1.2024491e-01   9.3824424e-02  -1.7763978e-01   6.7013966e-01   3.7481762e-01   1.2653608e-01   4.1863526e-01  -4.7734265e-02   2.5669218e-01   1.5862735e-01  -4.3329625e-03  -3.5082325e-02  -3.4072952e-01  -3.8453212e-01   2.5467698e-01  -1.1424432e-01   8.4402730e-01   4.6445815e-01  -4.0953469e-01   1.0774088e-01  -2.1776005e-01   3.6898837e-01  -3.3372037e-02   5.9066253e-01  -3.8787584e-01   1.8035013e-01   2.4457983e-02   6.7220425e-01   7.6129615e-01  -2.1195954e-01   2.1383477e-01   3.4774142e-01   3.2735084e-01  -4.7841960e-01  -4.2938730e-01   7.8537469e-01  -2.4673051e-02   2.3423050e-01   4.0939949e-01   3.8332900e-03   2.3236938e-02   5.3250013e-01   7.5843050e-01   7.5446916e-01  -1.5686368e-01  -6.2409215e-02   9.2481878e-02  -7.9011167e-02  -4.1498697e-02  -3.9438298e-01  -7.7227250e-02  -2.3515972e-01  -1.0704627e-01   7.0569013e-01   3.3624343e-01   5.5603004e-01  -1.2487693e-01  -3.9463306e-02   6.4351682e-01   7.2225669e-01  -1.0008310e-01   5.3163674e-01  -1.3185190e-02  -4.1667831e-03  -1.6766274e-01  -1.2394039e-01   2.8525718e-02   2.3768719e-01  -5.1613966e-01  -1.2289836e-01   6.3405302e-01   6.7687954e-01  -1.2175731e-01  -4.3775277e-01   3.0158714e-01  -2.1605185e-02  -3.7882164e-02   3.1845155e-03   9.2486413e-02   3.3886466e-01
  -1.4970969e-02   0.0000000e+00   3.6164687e-01   4.6021108e-01   3.6671793e-01   1.6315923e-01   1.1155121e-01   9.4644844e-02   2.3702462e-01   6.2595296e-02  -1.5738873e-01   4.5201327e-01  -2.5350823e-01   3.5787151e-01   1.3823800e-01  -2.9423944e-02   4.0221337e-01   5.2525976e-01   5.8403645e-02   1.3710957e-01   4.4022446e-01   3.6669966e-01   2.2321266e-01  -1.9124038e-01   2.6347335e-01   3.2466573e-03   1.4432238e-01  -3.3789709e-02  -2.6110269e-01   6.6136349e-01   3.9952864e-01   5.2540641e-01   4.7373682e-01  -1.1050300e-01   2.4266185e-01  -5.4424916e-02   2.0095539e-01  -8.9636171e-02   9.2563957e-02   3.9999657e-01   1.2627663e-01   4.0107624e-01  -1.1468261e-01  -1.5133864e-01   3.1602491e-01  -8.9129356e-02   2.0973354e-01   4.2663476e-01   3.5554858e-01   5.1773126e-01   4.3305219e-01   6.7126256e-02   2.3049825e-01   4.0754051e-01   3.8357940e-01  -9.8985673e-03   6.6743605e-02   4.2807295e-01   4.8784427e-01   3.6308977e-01   3.0781300e-01   1.6587905e-01  -7.5561362e-02  -5.0225872e-02   4.5189525e-01  -1.8286056e-01   4.3821546e-01   2.3285265e-01   8.0913316e-02   2.3353277e-02   5.6874142e-01   7.3036805e-02   1.6914415e-01   2.1469900e-01   1.7835837e-01   2.7258782e-01   9.4018542e-02  -3.7928835e-02   1.9102420e-01   4.9820155e-01  -6.7777666e-02   1.6770522e-01   2.3794910e-01  -1.5432805e-01   5.9139710e-01   1.6389135e-01   4.6593847e-01   9.1585202e-03   1.7076217e-01  -3.9350301e-03   4.3874686e-01   3.7572024e-01   2.3669424e-03   1.7788546e-01   8.0130686e-02   5.3275704e-01   2.3805772e-01  -2.3303408e-02   4.6289399e-01   3.4677056e-01   3.8490750e-01  -1.3731350e-02   3.8932458e-01   4.1717417e-01   4.7391634e-01   5.3782828e-01   5.4697505e-01  -5.3073500e-02   1.3958142e-01   1.0553017e-01  -1.9572307e-01   2.7419890e-01   2.8212163e-01  -9.5280850e-02  -2.2251226e-02   1.0640168e-01   4.5014608e-02   1.3813826e-01   2.1015603e-01   4.3474939e-01   2.2986524e-01   3.1933959e-01   2.9944955e-01   5.8936434e-01  -6.0496492e-02   2.3956657e-01   4.9825890e-01   5.9465033e-01   3.9604092e-01   1.6490017e-01  -2.8987308e-01  -2.0911690e-01   3.3312566e-01   2.4892135e-01   2.0329374e-01   1.5129276e-01   2.9034097e-01   3.7762068e-01   6.5887638e-02   1.3922604e-01   2.0071569e-01  -5.3753568e-01   1.7095880e-03  -7.7003285e-02   2.0480697e-01   5.6441907e-01   3.2622382e-01  -1.5182486e-01  -2.4672572e-01   3.9985703e-01  -3.9150174e-03   2.6461620e-01   2.0955287e-01  -1.2677828e-01   3.6906566e-01   5.1423823e-02   4.0913669e-01   1.7295445e-01   4.2992807e-01   1.1734491e-01   1.9600101e-01  -2.9367254e-02   1.7529328e-01   5.6306198e-01   5.2841570e-01  -4.7202907e-02  -6.0269385e-02   1.5883822e-01   3.8841996e-01   2.6401515e-01  -1.8022520e-01  -7.4752267e-03   1.6248067e-01   4.5730876e-01  -2.0394832e-02   4.0705100e-01   6.0186790e-01
   4.1050071e-01   3.6164687e-01   0.0000000e+00   2.0984551e-01  -2.4220307e-01   1.3622027e-01  -3.5957890e-01   2.0891015e-01   3.7704860e-01  -4.5612834e-01  -2.4459945e-01   2.0902755e-01  -4.1522468e-01   5.1378564e-01  -1.1805315e-01  -1.3725516e-01   9.3201827e-01   2.8189564e-01   1.2502465e-01  -3.6187874e-01  -2.4864054e-01   4.2129021e-01  -3.0591341e-01   8.9109854e-02   1.7488140e-02   4.7666537e-01   1.9359978e-01   1.3220493e-01  -2.9741290e-02   2.9124702e-01   1.0903373e-02   4.8965791e-01   4.1717586e-01  -5.5456517e-01   2.5655489e-02  -3.9127958e-01   2.8099533e-01   1.3084864e-01  -1.1744922e-01   5.0249091e-01  -3.1872505e-01   4.1497779e-01  -5.0871932e-02  -2.2103131e-01   3.1240407e-01   6.4682091e-01   1.9033544e-01  -2.2178304e-01   9.9258200e-02   7.2728235e-01   3.0221677e-01   3.8122199e-01  -8.7528408e-02   5.2579290e-01   3.3486262e-01  -2.7334743e-02   6.3027673e-02   5.2939550e-01   6.8331069e-02   5.0292590e-01   7.6672788e-01   1.0101911e-01   8.0780867e-02  -1.8785653e-01   2.9484774e-01  -5.8256280e-01   4.0872440e-01   1.2569667e-01   2.3079037e-01   7.4590462e-01   3.1141317e-01   2.1910629e-01  -4.5596427e-01   6.3944439e-01   1.7259918e-01   3.4508153e-01   4.4981027e-01  -2.3444675e-01  -3.5675341e-01   4.5214851e-02  -3.2912693e-01  -3.5528876e-01  -1.6981565e-01   3.3947845e-01   5.9379573e-01   2.3437717e-01   2.6597543e-01   1.5283532e-01   3.4709446e-01   3.9863139e-01  -7.4673569e-02   8.8825445e-01  -4.4828165e-01   3.7579317e-01   3.5947848e-01  -3.7958639e-02   1.6642999e-01  -6.6275637e-02   3.3585939e-01   9.7970491e-03   5.7617967e-01   3.2030926e-02   8.3020241e-02   4.5510368e-01   2.3289989e-01   4.9295385e-01   5.6155787e-01   6.2526149e-03   2.0278023e-01  -4.9958612e-01  -5.9814218e-01   3.6301183e-01   2.5074875e-01   2.6636386e-01   2.9183500e-01  -3.1939484e-01  -7.9039969e-03  -4.2742764e-01   3.5422847e-01   3.1664296e-01   4.6535053e-01  -3.5699280e-01   3.7414079e-01   1.9343119e-01   4.5982086e-01   5.4176227e-01   1.2081195e-02   4.0273124e-01   5.4697181e-01   6.9911193e-01  -5.2729244e-01  -6.2891523e-01   6.0514541e-01  -1.5687039e-01   4.5372870e-01   2.2451656e-01   2.3328148e-01   6.3726801e-02   2.7230860e-01   3.1694099e-01   4.6530859e-01  -4.2320169e-01  -1.6065791e-01   2.3432564e-01  -1.1185237e-01  -4.1824094e-02  -4.2959789e-02  -4.7703082e-01  -6.1808744e-01   2.0444314e-01   4.7019065e-01   1.1669999e-01   5.8266267e-01  -3.4358255e-01   5.2689216e-01   3.1308912e-01   5.5677303e-01  -8.5836616e-02   8.2728047e-01  -8.8356829e-02   2.3796150e-01  -2.3458377e-01  -3.8342285e-01   3.1336464e-01   5.0421630e-01  -5.3744600e-01  -3.7127203e-01   4.6583991e-01   6.9319414e-01  -5.7934856e-03  -6.5942731e-01   1.1297004e-01   1.9720073e-01   3.7375376e-01  -1.5463776e-01   3.1576308e-01   4.8325311e-01
   1.9217270e-02   4.6021108e-01   2.0984551e-01   0.0000000e+00   1.1735870e-01   1.6234022e-02   7.1927249e-02   9.9097181e-02   3.8343500e-01   1.3919762e-02  -7.4369432e-02   2.8769899e-01   1.3954903e-01   1.7993167e-01   5.2090735e-02   2.3283358e-01   2.0813439e-01   7.1736475e-01   7.8273429e-02   1.5407170e-01   3.2912523e-02   4.7100064e-01   9.9997243e-02  -3.2922724e-01   2.4082026e-01  -6.5939973e-03  -1.4714432e-01  -2.7490283e-01  -3.1520177e-01   5.3748827e-01   1.9098734e-01   5.2096680e-01   4.5961202e-01  -2.2138762e-01   2.3201690e-01   1.4759532e-01   1.2029337e-01  -2.4802197e-02   2.9546279e-01   1.2981085e-03   3.2778984e-01   3.3703228e-01  -1.7098469e-01  -1.0252200e-01   4.9744905e-01   1.8898131e-02   2.0299054e-01   1.5404245e-01   2.2776288e-01   1.6299784e-01   5.6741413e-01  -7.7917340e-02  -1.8435066e-01   4.0804326e-01   2.4039214e-01  -2.4413417e-02   6.4832474e-02   3.7534628e-01   7.1030275e-01   4.5696646e-01   3.7040809e-01   3.5281241e-01  -1.1464023e-01   8.5939249e-03   3.6793377e-01  -1.4842490e-01   1.8512170e-01   1.6142828e-01  -1.9306289e-01   9.0037877e-03   1.4393814e-01   4.5088505e-01   2.7013133e-01   2.6115256e-01   2.8977321e-01   2.2852074e-01   3.4724349e-01  -1.2711022e-01  -5.3069384e-02   4.7422538e-01  -1.6408764e-01   3.8900145e-01  -1.3748795e-01  -2.0794573e-02   1.6433009e-01   1.7590166e-01   1.6687985e-01  -1.2544055e-01   3.6839449e-01  -1.0547911e-02   2.3764598e-02   4.1015249e-01  -2.7445404e-01   3.3952997e-01   9.7769029e-02   5.0606671e-02   1.9028945e-01  -6.3394033e-02   3.2557809e-01   1.8351913e-01  -5.9568341e-02  -1.8193288e-02   3.3120107e-01   4.8634952e-01   5.9248713e-01   7.0319983e-01   5.1458011e-01  -4.2298813e-02   1.0500662e-01  -3.4356860e-01  -2.5645312e-01   2.2715459e-01   4.4826330e-01  -4.3019416e-02  -2.7413200e-01  -3.3795061e-01  -9.2705042e-02   2.3105008e-01  -1.3958649e-01   8.6063669e-01   3.1306259e-01   1.4533616e-01   2.2201097e-01   4.0180596e-01   2.5052381e-02   2.9344009e-01   4.7946153e-01   4.7391216e-01   4.8434397e-01  -3.2661213e-02  -1.2144933e-01  -2.1268194e-01   2.7895789e-01   5.9836349e-02   3.0231767e-01   1.6857718e-01   3.2457835e-01  -9.5636642e-02  -1.2333213e-02  -7.4872137e-02   1.1197003e-01  -1.8351178e-01  -1.4936493e-01  -1.9411167e-01   2.0057432e-01   4.1771312e-01   6.2461251e-02  -3.2354420e-01  -3.6735947e-01   1.3424591e-01  -1.4556054e-01   1.4462523e-02   3.1174834e-01  -2.6149885e-01   6.2749671e-02  -1.8518148e-01   3.5946470e-01   5.1498055e-01   4.1002748e-01   6.4781252e-02   1.5598785e-01  -1.6811434e-01  -6.0560419e-02   7.7010799e-01   4.3853742e-01  -1.6307164e-01  -2.0476991e-01  -4.6846258e-02   3.5328326e-01  -2.2322246e-01  -3.9276415e-01  -6.4366894e-02   4.2503240e-01   1.0581838e-01   8.8304451e-02   1.3461315e-01   4.8886308e-01
  -3.5486450e-01   3.6671793e-01  -2.4220307e-01   1.1735870e-01   0.0000000e+00  -6.2313419e-02   2.9606518e-01  -9.7638190e-02  -1.6246714e-01   6.3285082e-01  -7.3092675e-03   1.5715721e-01   3.6581501e-02  -2.4839215e-01  -8.7890089e-02   5.7959965e-02  -1.6682110e-01   1.6496415e-01  -1.4837622e-01   7.5143390e-01   4.4224941e-01  -6.6541256e-02   1.9565862e-01  -3.4635961e-01   2.8144865e-01  -2.5426212e-01   7.1694035e-02  -2.6235953e-01  -1.1777709e-02   2.2294904e-01   1.8412308e-01   7.8985783e-02  -1.0797084e-01   3.8853481e-01   4.9298933e-02   4.5821804e-01   8.8279679e-02  -8.2744007e-02   1.4127453e-01   8.2229706e-02   2.6191195e-01  -1.8588587e-01  -1.2774974e-01  -1.5207956e-01  -7.2918115e-02  -3.3833129e-01  -1.8510830e-01   5.4912774e-01   1.5529764e-01  -1.3354714e-01   1.1099552e-02  -3.4594890e-01   2.6037756e-01   1.2454358e-01  -3.3174011e-02  -2.4906210e-01   2.4713249e-02  -6.0992403e-02   1.5002593e-01  -1.8503497e-01  -1.3752737e-01   1.8629056e-02  -2.3552624e-01   6.6724492e-02   5.2370444e-02   2.7912699e-01   1.8974171e-02   5.1507363e-02  -2.3842558e-01  -2.7781710e-01   3.3013913e-01  -9.9852343e-02   3.9609748e-01  -3.7112900e-01   2.0802274e-01   2.5771181e-03  -1.5566697e-01   3.9731135e-02   6.5401948e-01   2.3603764e-01   1.2363056e-01   3.2413955e-01   7.2701899e-02  -2.7466006e-01   3.6350608e-02  -6.3098272e-02   1.3497342e-01  -3.3409218e-01   1.8136246e-03  -3.3572295e-01   4.7535335e-01  -3.1486205e-01   3.3010642e-01  -1.9595123e-01  -1.4711272e-01   6.3319697e-01   4.5796894e-02   1.5548965e-02   8.6582643e-02   4.7015842e-01  -1.0538564e-01  -1.5246110e-01  -3.7699379e-02  -1.0826735e-01   9.8544962e-02   6.1639481e-02   1.7317168e-01  -2.0453115e-01  -6.2878776e-03   3.6514507e-01   1.5706997e-01  -2.6936395e-01   4.2839973e-02  -3.5390405e-01  -2.4430771e-01   4.2190758e-01  -1.2754744e-01   5.0510081e-01  -1.3181205e-01   6.8109062e-02  -1.2393189e-01   6.4651072e-01   1.0832788e-01   3.6141083e-01  -3.2713449e-01  -4.1842247e-01   3.2426422e-01   2.4517808e-01  -5.0114590e-02  -1.7864141e-01   2.3193700e-01   3.1556082e-01  -2.8611261e-01   2.1949692e-01  -1.5691950e-01  -1.1348363e-01   7.9328857e-02   2.2898858e-01  -2.2046821e-01  -1.8937083e-01  -2.6787303e-01  -2.6011042e-01  -5.3917276e-02  -3.8644232e-02   3.6318137e-02   3.8163500e-01   4.1116813e-01   1.0986712e-01   1.5508127e-01   2.1407711e-01  -3.5100045e-01  -1.0430604e-01  -1.4128078e-01  -1.2029811e-02  -1.5360905e-03  -2.3421120e-01  -1.2768139e-01   5.1950330e-02  -2.0432610e-01  -1.2346469e-01  -8.6772534e-02   8.5834107e-02   6.2354740e-01   1.5319619e-01   1.3374792e-01   3.8954377e-01   6.1529707e-02  -2.7433790e-01  -2.4020537e-01   1.7695041e-01   4.1500542e-01  -9.5510354e-02  -1.0485026e-01  -5.7431969e-02   1.9012115e-01   1.1980302e-01   6.2898870e-02
  -2.1425640e-01   1.6315923e-01   1.3622027e-01   1.6234022e-02  -6.2313419e-02   0.0000000e+00   5.0042053e-01   2.4447017e-02  -2.1254151e-01   2.4137129e-01  -1.0164472e-01   2.5874213e-01   2.9837460e-02  -1.7251165e-01  -2.6945182e-02   7.1348419e-02   1.1321422e-01   1.8059294e-01   7.7875098e-02   7.6133830e-02  -1.4269016e-01   6.6536174e-02   2.2753400e-01  -4.7499350e-02  -1.8991382e-02  -7.9409508e-02   5.5503188e-01   1.5468549e-01  -1.4988778e-01   2.4663694e-01  -2.6073405e-01   4.1097150e-02   1.4965620e-01   2.3270104e-01   1.5315964e-01  -4.4074556e-02   1.6823015e-01   1.6191553e-02  -8.1132451e-03   4.4700605e-01   8.1578810e-02   3.1872427e-01  -1.0824133e-01  -1.3803157e-01   1.2362722e-01   8.2596432e-03   3.3445802e-01   3.8170910e-01   8.7927144e-02   2.0725418e-01   2.5040681e-01  -1.7747468e-01  -6.8875128e-02  -3.6836817e-02  -2.7596680e-01  -8.9229967e-02   2.8065903e-01  -9.0082419e-02   1.5737206e-01  -3.8630350e-02   2.2256285e-02   1.8513327e-01  -2.6236878e-01  -2.3997743e-01  -8.5612565e-02   3.5477573e-01   8.0315105e-01   1.8527901e-01   4.5004946e-01   3.1281664e-01   1.4117713e-01   3.8331391e-02   6.3687445e-02  -1.3921397e-01  -2.2487312e-01  -1.7557511e-01   5.4231512e-02  -1.1177102e-01   1.7779855e-01   2.3000844e-01   2.9961366e-01   1.0142703e-01  -2.2369358e-02  -3.9195803e-02  -5.6170496e-02  -1.4265816e-01  -1.1114543e-01  -1.7004153e-01  -3.5210575e-01  -1.5390979e-01  -1.7634027e-01   1.1933712e-01   1.2252646e-01  -1.6912371e-01  -1.8687210e-02  -9.6348843e-02   2.3267647e-01   2.1226196e-01   8.4637436e-02   1.1470853e-01   3.5609725e-02  -2.3781149e-01  -6.6452632e-03  -3.1849309e-02   1.2978655e-01  -6.5080635e-02  -1.9399408e-02   3.4500782e-01   1.3938143e-01   1.1025463e-01   1.8227401e-01   1.2380011e-01   2.5647867e-02  -1.6675009e-01   3.4422998e-01  -1.3876800e-01  -4.9265942e-02   7.5103786e-02   3.2692501e-01   1.0315863e-01  -8.7890387e-02   1.1733281e-01  -3.7034236e-02  -3.7032813e-03   2.9496062e-02  -1.5735417e-01   2.9928656e-01   2.8953522e-02  -1.2219296e-01   4.5047327e-01   3.7923377e-02   4.7534422e-02  -1.5452607e-01  -2.8718627e-01  -1.4758168e-01  -9.2446790e-02   6.2606608e-02   2.8006405e-02  -1.5960549e-01  -1.2919544e-01  -9.1865456e-02  -4.1943970e-02  -6.2045242e-02   5.3266497e-01   1.2152589e-01  -6.1008379e-02   4.1631273e-01   1.5804142e-01   2.8046168e-01   5.5902016e-03   3.0165958e-02  -1.0603471e-01  -4.7641711e-02  -5.9497099e-02   3.8499657e-01  -1.7608197e-02  -1.0642824e-01   1.5873634e-01   1.2413472e-01   1.8251468e-01   2.1628450e-01  -6.2148780e-03   1.4392828e-01   4.2333119e-02  -5.4762118e-02   1.3992759e-01  -5.4272993e-02   1.8736558e-02  -2.3349233e-02  -6.4926882e-03  -7.6283911e-02  -1.6674802e-02   2.3663049e-01   6.9697684e-01  -8.3706007e-02   7.0416471e-02   3.0858451e-02
  -4.7925231e-01   1.1155121e-01  -3.5957890e-01   7.1927249e-02   2.9606518e-01   5.0042053e-01   0.0000000e+00  -1.8495471e-01  -2.7462288e-01   6.1795432e-01   1.2102503e-01   3.7534082e-01   1.7888757e-01  -3.8751066e-01   2.9428417e-01   4.2914732e-02  -3.8891809e-01   1.7915220e-01   1.0157798e-02   4.5849549e-01   1.4666968e-01  -2.5340237e-01   6.9214976e-01  -2.8494426e-01   3.7534336e-02  -2.5419342e-01   1.9604590e-01  -8.4740518e-03  -2.2890605e-01   1.0004211e-01  -3.7225081e-02  -1.7951507e-01  -1.8062863e-01   6.0429419e-01   4.1425326e-01   4.7233488e-01  -7.7867984e-02  -1.9413141e-01  -6.1244626e-02   3.8618479e-02   2.5456488e-01  -3.3616576e-02   2.8862191e-02  -6.8482959e-02  -7.1342457e-03  -3.3333177e-01   1.0032692e-01   5.6480015e-01   6.5470929e-03  -3.4103987e-01   1.6295753e-01  -2.9068646e-01  -8.0553518e-02  -1.4155577e-01  -1.7798451e-01   4.5501342e-03   1.4538827e-01  -2.3145952e-01   1.0201981e-01  -1.1002386e-01  -3.1280459e-01   1.6432416e-01  -1.7351322e-01  -1.5095916e-01  -2.7171929e-01   7.3136297e-01   2.2747033e-01   1.4507723e-01   7.3038484e-03  -2.5930301e-01  -2.0303697e-02  -5.7894944e-02   2.8546718e-01  -3.2103854e-01  -2.1104848e-01  -2.5853769e-01  -1.7116175e-01  -5.2694571e-03   5.7521234e-01   2.0002258e-01   7.3100809e-01   3.3358517e-01   1.1074334e-01  -2.1669818e-01  -3.1973689e-01  -1.1865409e-01  -1.4523545e-01  -1.7128062e-01  -1.7650034e-01  -5.3039782e-01   1.6466888e-02  -3.7272202e-01   4.5378252e-01  -9.4584163e-02  -3.3902773e-01   1.2168183e-01   1.4119318e-01   8.6333816e-02  -6.4028645e-02   2.9305079e-01  -3.9245789e-01  -9.6989124e-02   1.2871905e-01  -1.6616183e-01   1.4438898e-01  -2.8335021e-01  -8.2454838e-02   1.4789350e-01  -1.0095101e-02   2.9471208e-01   5.8001251e-01   4.9330052e-02  -5.0364686e-02  -4.7413951e-01   5.2354096e-02   3.8598919e-02  -1.2518880e-01   3.9456702e-01  -4.0765561e-02   1.4201436e-01  -3.1504714e-01   6.1383424e-01  -1.3707210e-01  -9.0926876e-02  -4.0545263e-01  -3.1001328e-01   4.0626221e-01  -1.7255445e-01  -2.7013125e-01  -1.4681185e-01   1.8756984e-01   3.8497091e-01  -3.9132471e-01  -4.9760716e-02  -2.3089768e-01  -8.9023799e-02   1.7074390e-02   6.2225569e-03  -1.8221497e-01  -3.7390859e-01  -3.4323101e-01  -9.3885499e-02   4.3752510e-02   2.2343606e-01   5.0838707e-01   1.8909892e-01   5.5946060e-01   3.6713171e-01   5.5761889e-01  -1.3506274e-01  -4.3082849e-01   2.2134358e-02  -2.9218703e-01   1.2557524e-01  -4.6529215e-02  -4.2133768e-01  -3.6209632e-01   1.2642018e-01  -3.6193718e-01   5.1721182e-01  -6.0310848e-02   1.0824066e-01   3.8622159e-01  -4.5856922e-02  -2.1214559e-01   6.0480802e-01   2.4620724e-01  -2.9399377e-01  -3.8393386e-01  -8.9564186e-02   3.5542237e-01  -2.7468001e-01   2.4711813e-03   2.5141540e-01   9.1173116e-02  -5.2874311e-02  -2.7092983e-01
   2.4339679e-01   9.4644844e-02   2.0891015e-01   9.9097181e-02  -9.7638190e-02   2.4447017e-02  -1.8495471e-01   0.0000000e+00   4.0687211e-01  -2.0421104e-01   3.3389769e-01   1.4803333e-01  -1.8566550e-01   3.1794510e-01   2.3070290e-01  -3.4689639e-01   2.8114081e-01   1.9137781e-01   2.3153335e-01  -1.7638553e-01   6.8721566e-02   6.2853464e-01  -3.8240631e-02   1.8132560e-01  -1.8951782e-01   5.2515049e-01  -2.7230832e-01   3.6403839e-01   4.3327989e-02   7.8751626e-02   3.7276470e-01   2.9810463e-01   8.6280588e-02  -3.6590808e-02  -6.4071304e-02  -1.4435209e-01   7.4124432e-02  -5.4550037e-01  -4.0018604e-01  -1.9302664e-02  -2.0789454e-01   1.6079738e-01   3.3277549e-01   3.6873274e-01   2.2560598e-01   2.3704335e-01   2.0712958e-01  -2.3893714e-01  -7.5992845e-02   8.2234705e-02   2.2899510e-01   4.8776698e-01   9.1233655e-02   2.3368602e-02   2.9740461e-01   5.3058039e-01   3.4128242e-01   4.0777949e-01   4.3357960e-02   3.8763483e-01   1.3236897e-01   6.2776309e-02   1.7734336e-01   3.5358714e-01   2.1300197e-01  -1.8228019e-01  -4.4667277e-02  -9.3888892e-02   2.9652734e-01   1.3898655e-01   1.2016859e-01   1.5692954e-01  -3.6430259e-01   2.6082525e-01   5.9353426e-02   6.1833327e-01  -1.9782369e-01   3.5574602e-01  -8.1083094e-02  -2.0832912e-02  -2.0776673e-01  -2.5003620e-01   1.8561837e-01   6.3624375e-01   2.1358595e-01   6.1885361e-01   1.3771401e-02   3.3837859e-01   2.1725622e-01  -1.3872261e-02   9.8352984e-02   2.8160819e-01   1.4537429e-01   4.3660480e-01  -3.6225263e-01   2.9547284e-02  -4.3559751e-02   4.3165118e-01   1.6457339e-01  -1.0593787e-01   2.8067020e-01   5.3073451e-01   2.1283333e-01   3.7970296e-01   2.2704366e-01   2.4660966e-01   1.4657001e-01   4.5194153e-01   8.7847177e-02  -4.7456615e-02   1.5085653e-02   4.2343346e-01  -1.2708761e-02  -3.7783640e-02   7.8184295e-02  -3.5140580e-03   4.8650910e-01  -3.3494753e-01   1.4441680e-01   1.2182319e-01  -4.5153101e-02  -2.2523249e-03   2.2649701e-01   2.3345569e-01   1.3289412e-01   3.0203030e-01   3.2295704e-02   2.6455268e-01   4.3128278e-01   3.9532042e-02  -4.4862236e-01   7.8423724e-02   3.6973103e-01   1.6615437e-01   3.9424858e-01   7.2748421e-01   8.7560575e-02   8.5767243e-02   6.5188203e-01  -2.4213280e-03   4.6615204e-01  -7.9726968e-02   3.6779150e-01  -1.5319620e-01   1.1589900e-01   2.7288954e-01  -8.7758543e-02  -5.4454090e-02  -3.4396384e-02   9.2585846e-02   2.1330654e-02   3.5178039e-01   2.8944867e-01   2.0319878e-01   2.4881240e-02  -1.7317054e-01   1.3945081e-01  -1.7203850e-01   2.8627596e-01  -6.4276739e-02   2.3535470e-01   4.7830336e-01  -5.9629128e-02   2.2933509e-01   3.2394293e-01  -1.8228774e-02   1.5475074e-01   5.6202202e-01   2.8640290e-01   2.4033168e-01   2.0363710e-02  -5.3557559e-01   1.3236419e-01   2.5038272e-02   9.6715845e-02  -1.5829130e-01   4.6384940e-01
   3.7451620e-01   2.3702462e-01   3.7704860e-01   3.8343500e-01  -1.6246714e-01  -2.1254151e-01  -2.7462288e-01   4.0687211e-01   0.0000000e+00  -3.5935573e-01   1.9057738e-01   1.6088340e-01  -4.1860377e-01   4.8621607e-01   3.2221242e-01  -4.3574177e-01   4.3958736e-01   3.5968119e-01   3.5162490e-02  -3.8683092e-01   1.5795884e-01   6.4900869e-01   1.4150777e-02   2.9460915e-01  -4.0610934e-02   4.3388466e-01  -2.1156386e-01   1.3444583e-01  -8.3563964e-02   2.8362036e-01   5.8702164e-01   4.1388376e-01   8.3285239e-02  -2.9214732e-01   9.4597181e-03   1.2143209e-02   1.9150151e-01  -3.4844056e-01  -3.8355823e-01  -3.6091891e-02  -2.9818620e-01   1.1572215e-01   4.4580342e-01   9.1351690e-02   3.2505494e-01   2.6600134e-01   3.5284126e-01  -2.6227237e-01   9.1170199e-02   2.9276452e-01   4.0701377e-01   4.1526616e-01   7.0082211e-02   9.2388254e-02   5.9570194e-01   3.1429936e-01   2.6069650e-02   7.6241359e-01   2.4520852e-01   8.0852917e-01   3.2651183e-01   4.0511535e-02   6.1578877e-01   3.2208066e-01   4.9914539e-01  -2.9619090e-01  -2.9920487e-02  -1.4007549e-01   1.7951295e-01   2.1049272e-01   2.2082387e-01   1.4419989e-01  -2.5881106e-01   3.9927317e-01   1.4594776e-01   6.5132199e-01   4.5081335e-02   4.2577675e-02  -2.3411264e-01   2.8643359e-02  -2.0507822e-01  -1.7489612e-01  -8.2840206e-03   3.3703460e-01   3.0677571e-01   6.2245514e-01   3.9335116e-01   5.4403346e-01   6.5324364e-01   1.0198275e-01   2.4124527e-01   4.7028270e-01  -1.6859413e-01   8.4371320e-01  -1.4682902e-01   6.5756111e-02  -2.5837469e-02   1.1553775e-02   2.4038763e-01   1.4876100e-02   2.0511234e-01   4.2215924e-01   3.5622328e-01   7.6056431e-01   4.0432333e-01   5.6597032e-01   3.1232703e-01   1.2878266e-01   2.7597847e-01  -1.5204329e-01  -2.5503120e-01   5.6979916e-01   2.5335595e-01   1.2610542e-02  -6.7760722e-03  -1.1376903e-01   2.5391802e-01  -3.2549865e-01   5.9572053e-02   2.3541743e-01   2.3413009e-01  -7.4221839e-02   2.4202298e-01   4.0254324e-01   7.1834342e-02   4.6429161e-01   1.8612696e-01   3.6513737e-01   8.0969706e-01   5.8784734e-02  -6.8969678e-01  -2.2906919e-01   4.7601342e-01   3.1310556e-01   7.9790601e-01   5.8462022e-01   1.5856249e-02   7.5923535e-02   5.5929194e-01   1.8198409e-01   5.6671305e-01  -3.8301565e-01   9.0168978e-02  -2.3602546e-01   2.3502631e-01   3.6923642e-01  -1.0163425e-01  -8.2763845e-02  -3.0546743e-01   1.6417187e-01   5.4053241e-02   3.7141422e-01   3.7209794e-01  -5.1619530e-02   1.1548283e-01  -2.9153934e-02   3.5862930e-01  -2.3686455e-02   5.1501097e-01   5.8457228e-02   1.0311072e-01   8.2434152e-02  -1.3399392e-01   4.1929675e-01   5.2785786e-01  -2.9974149e-01  -1.4024642e-03   4.3535093e-01   5.0209628e-01   1.3212178e-01  -2.6269014e-01  -2.9503729e-01   1.8205793e-01  -7.1514772e-02   6.6239489e-02   1.1846837e-01   6.7432024e-01
  -3.4697781e-01   6.2595296e-02  -4.5612834e-01   1.3919762e-02   6.3285082e-01   2.4137129e-01   6.1795432e-01  -2.0421104e-01  -3.5935573e-01   0.0000000e+00  -3.5619951e-02   3.2998475e-02   3.3133977e-01  -3.7663954e-01  -7.2578355e-04   1.6841451e-01  -4.2810298e-01   5.9383500e-03  -1.5405829e-01   6.8869061e-01   2.3854672e-01  -3.2472223e-01   4.5077012e-01  -2.7292885e-01   2.3426265e-01  -3.2768473e-01   1.4254090e-01  -1.8518607e-01   3.6940492e-02  -1.5431030e-02  -2.0317371e-02  -2.8878055e-01  -1.7614417e-01   6.6063964e-01   1.4489772e-01   5.0160473e-01  -1.4671992e-01  -1.2899214e-02   1.5002921e-01  -1.5522653e-02   3.8609934e-01  -1.8027130e-01  -1.6874083e-01  -1.3420261e-01  -2.3874346e-01  -2.8861450e-01  -9.3657487e-02   5.2134823e-01  -5.7735513e-02  -4.0274247e-01  -7.8303608e-02  -3.4971473e-01   5.4208697e-02  -1.2554462e-01  -2.9456761e-01  -2.5666328e-01   1.0091748e-01  -4.3009634e-01   1.3919208e-02  -3.9914059e-01  -3.1170095e-01   6.7225216e-02  -3.6653290e-01  -2.5569097e-02  -3.5492432e-01   7.5050716e-01   2.2239713e-02  -7.1052223e-02  -2.0361976e-01  -2.4900424e-01   3.1996919e-02  -1.1190410e-01   4.9832371e-01  -4.6306044e-01   2.5266362e-02  -2.9361268e-01  -1.3579907e-01  -8.4244734e-02   6.0709459e-01   2.2605575e-01   4.6467795e-01   5.3200074e-01   3.9357906e-02  -2.2716797e-01  -3.2697108e-01  -2.7733318e-01  -1.6400107e-01  -3.2752344e-01  -2.2207882e-01  -3.8088942e-01   2.5749758e-01  -4.7534929e-01   4.9809338e-01  -3.6558279e-01  -1.2945942e-01   2.9795865e-01   1.7164918e-01   6.6099952e-02  -7.8592812e-02   3.9295569e-01  -3.0562513e-01  -9.0237531e-02   1.1093921e-02  -2.9373818e-01  -1.1405050e-01  -2.8868249e-01  -1.5551342e-01  -1.5927242e-02  -1.3417656e-01   3.8387985e-01   4.7144555e-01  -2.8809082e-01  -1.5693611e-02  -2.8820742e-01  -1.1406854e-01   1.4313032e-01  -2.8690731e-01   6.6637042e-01  -1.0305172e-01  -1.6782388e-02  -2.3143233e-01   6.1777985e-01  -1.9460865e-01  -9.4140841e-02  -2.1159868e-01  -4.5697986e-01   1.8939798e-01   5.2126129e-04  -3.8128889e-01  -1.9050803e-01   3.9134085e-01   3.7846623e-01  -3.8170693e-01  -1.9225357e-02  -4.3051680e-01  -2.3459471e-01   7.8716874e-02   4.5537439e-03  -3.2013737e-01  -2.6076741e-01  -3.5141633e-01   9.9889578e-02  -1.5083913e-01   2.4821461e-01   1.7642520e-01   2.0591438e-01   5.0558202e-01   3.4437268e-01   6.0360224e-01  -1.9043802e-01  -2.9955594e-01  -4.3536116e-02  -3.8520702e-01  -7.7262754e-02  -1.0193439e-01  -2.5341550e-01  -2.9596830e-01   7.9927641e-02  -4.1016290e-01   1.2631870e-01  -1.0752682e-01  -5.3963720e-02   7.4136807e-01  -1.0093936e-01  -3.1301144e-01   5.5916055e-01   9.6521221e-02  -3.9709720e-01  -4.7125637e-01  -7.4666122e-02   5.6382426e-01  -2.7330569e-02  -9.5028052e-02   1.0240332e-01   2.0549872e-01  -7.4837107e-02  -3.2028609e-01
  -1.0498787e-01  -1.5738873e-01  -2.4459945e-01  -7.4369432e-02  -7.3092675e-03  -1.0164472e-01   1.2102503e-01   3.3389769e-01   1.9057738e-01  -3.5619951e-02   0.0000000e+00  -6.6502625e-02  -1.6666822e-02  -6.9147984e-02   4.2251507e-01  -1.2528790e-01  -2.2684358e-01   4.2642163e-03   4.2638372e-01   1.8702677e-02   1.8634403e-01   2.3389630e-01   2.8245789e-01   1.4346961e-02  -2.3557535e-01   1.7885846e-01  -1.8025624e-01   1.4411576e-01   1.1052726e-01   8.0830071e-02   3.6229872e-01   1.7292781e-02  -1.7415499e-01   2.0973400e-01  -4.4273562e-02   2.7208508e-01  -4.2625953e-01  -3.8920932e-01  -1.6382668e-01  -2.8805796e-01  -2.0542635e-01  -2.2382766e-01   1.3614629e-01   7.4668809e-01  -2.0760033e-01  -1.4937715e-01   1.9726777e-01  -6.5466158e-02  -3.8355457e-01  -2.7034911e-01   1.1991489e-01   2.6495271e-01   1.3133236e-01  -2.3817642e-01   8.7455008e-04   7.3448093e-01   3.9000068e-01   2.2665267e-01  -1.7379517e-01   2.0294614e-01  -2.7285040e-01  -2.8033408e-01   2.0300054e-01   4.7618966e-01  -2.1528842e-01   1.5278598e-01  -2.5487133e-01  -3.4717750e-01   3.6444669e-01  -1.8369162e-01  -1.3969386e-01  -2.2482178e-01  -2.3237432e-01  -8.1991184e-02  -1.1244438e-01   3.0686369e-01  -2.3639657e-01   5.9987588e-01   1.4013053e-01  -3.2378327e-01   1.5238938e-01  -1.5675226e-01   4.8617143e-01   2.7707921e-01  -2.6470644e-01   4.9276692e-01  -1.1134445e-01   1.4105834e-01   1.0361717e-01  -3.0716729e-01   1.0150535e-01  -2.5940099e-01   3.3341270e-01   2.5921793e-01  -3.9939583e-01   6.5194329e-02  -3.9092948e-01   4.3136295e-01  -3.2563477e-01  -3.4131675e-01  -1.8037639e-01   5.7737305e-01   5.1286598e-01   1.1398002e-01   2.6648123e-01  -1.7669107e-02  -2.0907285e-01   6.4779207e-01  -3.8301388e-01   9.3877399e-02   5.7793881e-01   5.2331347e-01  -2.2777540e-01  -2.5959478e-01  -1.3334353e-01   1.1494755e-01   5.4174922e-01  -2.6304138e-01  -1.4799361e-01  -1.2352520e-01  -3.1413068e-01   1.2154059e-01  -1.2189157e-01  -3.0249673e-02  -2.7642634e-01  -9.2082150e-02  -1.6403801e-02  -1.7040150e-01   1.3666810e-01  -2.8126084e-01  -1.4169318e-01   5.9638597e-01  -5.1871475e-02   3.1826443e-01   1.0783576e-01   4.4486361e-01  -1.6443075e-01   3.7895384e-02   4.4018809e-01  -1.2420745e-01  -4.3885112e-02   1.7682902e-02   6.8185199e-01  -2.6705888e-01   4.3277308e-01   2.7574899e-01  -1.3582686e-01   2.1333173e-01   2.4412102e-01  -3.0947496e-01  -3.2800996e-01   3.5641783e-01  -1.6892536e-01   6.6960591e-01  -3.3703762e-01  -3.1688519e-01  -2.4721971e-01  -2.5905082e-01  -2.1423517e-01   4.1613075e-01  -1.5588018e-01   6.8967693e-01   1.0207444e-01  -3.7075623e-03   1.2663117e-01   1.8104949e-01   6.4627024e-01   1.8480551e-02  -2.0482154e-01   1.5261079e-01   1.4231614e-01  -4.4377079e-01  -2.3284448e-01  -2.1004965e-01   6.4605919e-02  -2.1084901e-01   8.0080611e-02
  -1.8104047e-01   4.5201327e-01   2.0902755e-01   2.8769899e-01   1.5715721e-01   2.5874213e-01   3.7534082e-01   1.4803333e-01   1.6088340e-01   3.2998475e-02  -6.6502625e-02   0.0000000e+00  -7.2375019e-02  -5.7129343e-03   4.0422469e-01  -9.6433086e-02   1.4555709e-01   4.8110224e-01  -6.4109061e-03   2.3705989e-01   5.5463524e-02   2.3306562e-01   1.8678912e-01  -2.9210395e-01   3.0763980e-01   1.0036851e-01   1.4960906e-01  -1.4001390e-02  -1.3941481e-01   3.9316494e-01   1.4159643e-01   4.6447021e-01   3.6051724e-02   8.6524978e-02   4.3957534e-01  -7.2590144e-02   1.6967601e-01  -2.4827496e-01  -1.6447948e-01   2.9289576e-01   9.2095484e-02   2.3384941e-01   2.4449764e-01  -1.6233985e-02   4.6899130e-01  -1.3059637e-01   6.6822118e-02   2.6871478e-01   1.6567146e-01   1.1405286e-01   4.8975460e-01   9.9149800e-02  -6.9139760e-02   2.7543206e-01   1.3104246e-01   1.0495143e-01   1.0047998e-01   3.8087961e-01   3.0231020e-01   4.5652297e-01   1.1045639e-02   3.1097569e-01  -3.5459407e-02  -4.9837981e-02   3.3728325e-01   1.2020195e-01   2.1271524e-01   2.4342883e-01   5.2091174e-02   3.1458073e-02   2.7926829e-01   1.2202423e-01  -7.0465362e-02  -4.3447852e-03   1.8685067e-01   1.9089282e-01  -2.2969802e-01  -1.0609990e-01   1.2049559e-01   2.2759481e-01   1.5422906e-01  -7.0239807e-02   1.8273651e-02  -1.2320400e-01   8.9871822e-02   1.7814872e-01   1.3250442e-01   2.8390697e-03   3.8761603e-01  -2.6097572e-01   8.5431642e-02   1.0737024e-01   4.5929587e-02   2.5114989e-01  -2.2946284e-01   3.5298828e-01   2.2118970e-01   1.8056100e-03   2.3562992e-01   1.5624080e-01  -1.9487809e-02   6.2124959e-02   2.1789062e-01   2.3205157e-01   4.9009279e-01   2.8297819e-01   3.6022570e-01  -1.7700598e-02   1.0349829e-01   4.6523727e-02   5.3774591e-02   1.8566014e-01   2.1226625e-01  -3.1437709e-01  -5.2020629e-02  -4.0723137e-02   3.7926555e-02   5.2797579e-02   1.0602646e-01   3.3490651e-01  -1.0238044e-01   4.1823558e-01   2.6806374e-01   3.8906464e-01  -1.7299224e-01   5.3065559e-02   5.7016863e-01   2.9953286e-01   2.2253798e-01   1.6531323e-01  -3.0147736e-01  -1.7980613e-02   2.1947559e-03   4.5987712e-02   2.2393921e-01   1.7363193e-01   2.8730057e-01  -2.5064275e-02   1.6825648e-01  -1.7966098e-01   4.5254110e-02  -3.9301273e-01   1.7026008e-02  -7.6753822e-04   3.2968993e-01   3.6119149e-01   3.6642742e-01  -9.8454400e-03   2.8307282e-02   1.8050614e-01  -1.7800958e-01   9.3923972e-02   2.7372897e-02   4.8194972e-02   4.4802052e-01  -2.7196040e-01   1.3052489e-03   1.5339936e-01   2.8903305e-02   2.3697631e-01   1.4636513e-01   6.6666835e-02   9.2022256e-02   4.2235062e-01   4.1524652e-01   5.6175483e-02   6.6324143e-02   2.1993253e-02   2.2532741e-02   3.9851527e-02  -4.1828927e-02  -3.2153146e-01   2.4955168e-01   1.6731016e-01   1.9029874e-01   2.1632791e-01   2.7277307e-01
  -2.8857638e-01  -2.5350823e-01  -4.1522468e-01   1.3954903e-01   3.6581501e-02   2.9837460e-02   1.7888757e-01  -1.8566550e-01  -4.1860377e-01   3.3133977e-01  -1.6666822e-02  -7.2375019e-02   0.0000000e+00  -4.1712883e-01  -1.0942154e-02   6.1756112e-01  -4.3438405e-01  -1.3388906e-01   9.6763583e-03   4.0674039e-01  -3.8293965e-01  -2.4571738e-01   7.3189737e-02  -3.8897231e-01   6.0993255e-02  -4.1525325e-01  -2.5498509e-01  -3.8293657e-01   2.6555447e-02  -2.9802419e-02  -4.7173979e-01  -3.5520593e-01   1.6526093e-01   1.8341949e-01  -6.7256747e-02   2.0401172e-01  -4.0123492e-01   2.8758654e-01   4.9606811e-01  -3.8947601e-01   7.6510270e-01   1.0679726e-01  -2.7874302e-01   3.3400623e-02  -1.2472466e-01  -1.0364180e-01  -2.2625675e-02  -7.0226425e-02  -2.8580330e-01  -3.6613598e-01  -1.0080069e-01  -3.3447200e-01  -2.9346130e-01  -1.4936054e-01  -5.3665903e-01  -1.4313686e-01   2.5475760e-03  -5.7831294e-01   1.0522915e-01  -3.4996670e-01  -1.4217473e-01   4.6758886e-02  -3.7410657e-01  -1.5384764e-01  -4.1156136e-01   3.3646607e-01  -1.9085239e-01   1.2141593e-01  -2.5372876e-01  -2.0297108e-01  -4.4326123e-01   1.1800556e-01   4.1029164e-01  -2.5650379e-01   4.2804834e-02  -5.3579720e-01   1.4511371e-01  -6.8748589e-02   3.2385327e-02   2.0468307e-01   1.7282075e-02   4.6917002e-01  -2.3792384e-01  -2.2339748e-01  -5.1849474e-01  -4.2379453e-01  -3.0379124e-01  -4.6812157e-01  -2.0047934e-01  -1.2800818e-01  -2.1421189e-01  -3.2791904e-01   1.6216027e-02  -3.8564299e-01   1.5279539e-01  -2.3958189e-01   2.1250889e-01  -1.0130829e-01  -1.8833580e-01  -1.4854745e-01  -4.6412453e-01  -1.6415697e-01  -4.6986600e-02  -2.9094912e-01  -1.5801980e-01  -2.7579114e-01  -2.4645703e-01  -1.2358660e-01  -3.0193636e-01  -2.2136825e-01   1.1443033e-01  -2.9570611e-01   1.0244413e-01  -3.0108755e-02  -3.4144615e-01  -2.5447284e-01  -2.7107719e-01   6.0073476e-01  -4.0373340e-01   1.4343434e-01  -1.7906532e-01   6.1969967e-02  -2.0149050e-01  -4.0699027e-01  -7.9503712e-02  -2.9687194e-01  -2.0211642e-02  -1.7300669e-01  -5.0241798e-01  -3.0949373e-01   6.5693676e-01   2.1300722e-01  -2.5762712e-01  -3.9233435e-01  -4.5700002e-01  -3.8577838e-01   2.8004449e-01  -5.7484582e-01  -4.3747270e-01  -2.9910796e-01  -5.1439691e-01   5.5977280e-01  -2.1320761e-01  -6.8759591e-02  -4.0344736e-02  -2.6917992e-01  -2.0406606e-01   2.4493437e-02   2.8588686e-01  -4.8009713e-01  -1.9287144e-01  -4.1656804e-01  -3.6391858e-01  -1.1889049e-01  -3.2539476e-01  -1.9475960e-01  -2.9075878e-01   3.8186067e-01  -3.2464900e-01   1.0935606e-01   8.7391573e-02  -2.1902937e-01   5.9956057e-02  -6.5300957e-02  -4.9478888e-01   9.0337561e-02  -1.2880464e-01  -5.1613061e-01  -4.2877381e-01  -5.0198560e-01   1.8362346e-01   2.0464317e-01   1.5545980e-01  -2.0671943e-01   8.5376507e-02  -8.0440945e-02  -4.6063891e-01
   8.1408429e-01   3.5787151e-01   5.1378564e-01   1.7993167e-01  -2.4839215e-01  -1.7251165e-01  -3.8751066e-01   3.1794510e-01   4.8621607e-01  -3.7663954e-01  -6.9147984e-02  -5.7129343e-03  -4.1712883e-01   0.0000000e+00   2.4460325e-01  -3.0555119e-01   5.3206552e-01   9.8629651e-02  -7.6805378e-02  -4.1830052e-01   1.5897413e-01   3.5987247e-01  -2.8401160e-02   5.6163359e-01   3.4836740e-02   3.6101622e-01  -1.9547878e-01   5.3683682e-01   5.8574169e-02   2.6050441e-01   4.2277667e-01   3.0030147e-01   3.2425518e-01  -3.8370297e-01   1.1810146e-01  -3.0610414e-01  -3.5415335e-02   2.6785057e-02  -2.2466421e-01   5.9445520e-02  -2.9450402e-01   2.4640496e-01   3.9064850e-02  -4.4416385e-02   1.0664913e-01   4.6347910e-01   1.8890836e-01  -2.7031607e-01  -1.1790846e-01   4.5633414e-01   1.7602502e-01   5.3407532e-01   1.0597573e-01   3.1909049e-01   6.5887065e-01   2.2389866e-01  -1.3086852e-01   4.2670102e-01   7.5979073e-02   4.9414213e-01   4.4138719e-01  -1.4853759e-01   1.6080643e-01   1.8349057e-01   2.3563665e-01  -4.0077292e-01  -3.0016339e-02  -3.0746892e-02   1.2651839e-01   3.0484382e-01   9.4050605e-02  -1.2669735e-01  -3.6282596e-01   6.8139345e-01   5.2088929e-02   4.8823012e-01   1.7328413e-01  -9.9100488e-02  -3.6503373e-01   4.4968086e-02  -1.7536611e-01  -3.2975247e-01  -3.1609359e-02   3.7635114e-01   7.4944014e-01   4.0973278e-01   4.0806523e-01   6.2964697e-01   3.0167344e-01   6.5642523e-01   1.8711148e-01   5.7417873e-01  -1.8276435e-01   3.8228687e-01   3.5929386e-01   4.8358098e-02  -8.9174505e-02  -7.3387834e-02   3.0030593e-01   3.8936191e-02   6.9831395e-01   4.1104865e-01   2.8047142e-01   5.7672312e-01   1.4539943e-01   3.7113062e-01   3.7913360e-01   7.3037085e-03  -2.9276038e-04  -2.7471319e-01  -3.9706846e-01   4.1891614e-01  -8.1157491e-02   6.3171324e-01   4.5046410e-01  -2.6455318e-01   2.0086464e-01  -2.7912558e-01   3.2288975e-01   9.9017699e-02   5.6496907e-01  -3.0240203e-01   1.9734196e-01   2.4828964e-01   4.4663597e-01   8.2464240e-01  -3.0126574e-02   3.3747849e-01   4.7121911e-01   2.6583796e-01  -6.3741574e-01  -4.5224248e-01   8.1402787e-01   2.0265983e-01   3.2483389e-01   4.8816264e-01   8.2410034e-02   2.4288811e-01   5.3941085e-01   7.7681024e-01   8.2948556e-01  -3.4555623e-01   1.3274306e-02  -3.5590249e-02   1.5897522e-01   1.8734762e-01  -2.0560092e-01  -1.8968777e-01  -3.2835372e-01   9.5018647e-02   5.4988880e-01   4.4124152e-01   6.1992112e-01  -9.9981916e-02   4.2855864e-02   6.1128242e-01   7.7870642e-01  -8.5951152e-02   6.2309453e-01   5.7296255e-02   4.7072418e-02  -9.0485088e-02  -1.4790819e-01   1.9361263e-01   3.7402433e-01  -4.3626473e-01  -9.4024398e-02   6.3719907e-01   7.9760580e-01   5.0795188e-02  -4.2505152e-01   1.9437516e-01  -3.8469796e-02   7.2638898e-02   2.8912043e-02   2.0063872e-01   5.2197306e-01
