   0.0000000e+00  -8.9396398e-02   1.6774138e-01  -9.7359097e-02  -4.6856030e-01  -3.1786050e-01  -7.3757635e-02  -2.9446382e-02  -2.3890825e-01   2.4932618e-02  -1.8705888e-01   3.5720341e-02   4.3375027e-02   4.3893067e-01  -7.7266181e-02   9.0139240e-02   2.1231303e-01  -2.6213681e-01  -1.3407128e-01  -4.7545704e-01  -2.2568815e-01  -2.7617732e-01  -2.3093776e-01   3.7116105e-01  -3.0822675e-02   1.5192814e-01  -2.3738631e-01   1.3191725e-01  -1.7497920e-01  -2.7689817e-01  -1.9962715e-01  -2.8285199e-01  -1.4737066e-02  -3.4974143e-02   6.9008094e-02  -3.9950086e-01  -2.0756687e-01   4.8694192e-01  -6.2832172e-03   5.1917909e-02  -4.2378196e-02   6.3651077e-02  -1.4872338e-01  -1.6403603e-01  -2.5306276e-01   5.2097865e-01  -4.8091275e-01  -2.2009134e-01  -2.3029440e-01   5.5558007e-02  -3.4317859e-01   2.1013108e-01  -7.3858074e-02  -1.5092970e-01   2.4504291e-01  -2.4567958e-01  -3.5834136e-01  -3.5385118e-01  -1.4060630e-01  -1.1207638e-01   1.1082956e-01   1.1143578e-02  -1.2369069e-01   4.0100959e-02  -3.1785391e-01  -7.4973492e-02  -1.2913770e-01  -1.3202508e-01  -4.5509178e-01   1.7854433e-01   4.3959868e-03  -1.3139975e-01  -1.2810596e-02   3.4561107e-01  -7.7783657e-02  -2.3237134e-01   3.4643207e-01  -1.5416928e-01  -2.2568970e-01   3.0307924e-02   1.0650402e-01  -1.5862826e-01  -1.1006888e-01   6.4437263e-02   3.3541801e-01  -2.8358301e-01  -2.8682348e-01   1.7564489e-01  -1.4780649e-01   7.0858019e-01  -1.0780937e-01  -1.2433440e-01  -2.3761140e-01  -1.8431595e-01   5.6120950e-01  -3.0540938e-01  -1.5806630e-01  -3.5666439e-01  -6.4127070e-02  -1.9461213e-01   3.5585640e-01  -1.2407737e-01  -1.8803757e-01  -1.8066334e-01  -3.7183155e-01  -2.6961432e-01  -5.2847865e-02  -4.1947462e-01  -9.6670499e-02  -2.8701402e-01  -7.2123117e-02  -1.7776784e-01  -2.7533607e-01   6.9995887e-01   1.8158547e-01  -1.0745794e-01  -1.0292241e-01  -1.2492331e-01   3.6614207e-02  -1.5524859e-01   3.8418678e-01  -1.4225279e-01  -1.0884038e-01  -2.8902969e-01   6.1805934e-01   2.0606159e-01  -1.9243719e-01  -1.0563070e-01  -3.8928381e-01   1.1001653e-01   3.7018319e-02  -3.1603122e-01   4.1216519e-01  -1.4264679e-01  -2.5053483e-01  -1.2334761e-01   1.1375577e-01   1.9990479e-01  -8.7758363e-02   5.7951267e-01   4.8287786e-01  -5.5993079e-02  -2.3003292e-01  -1.2039643e-03  -5.9012361e-02  -3.8422151e-01   5.6547601e-02   1.3638514e-02  -3.4480490e-01   2.4079226e-02   3.1231116e-01  -5.2505960e-02   6.6923139e-02  -2.3483264e-01  -3.9278706e-02   7.7250298e-01   5.8922266e-01  -1.3633082e-01  -7.6213196e-02   5.1456559e-02  -1.5743009e-01  -4.9266619e-02   1.0279031e-01  -3.6421167e-01  -1.9857414e-01  -1.8219448e-02  -1.4715572e-01  -5.0959460e-02   1.0055790e-01  -1.3786335e-01  -5.2961461e-02   6.2287731e-01  -2.4671192e-01  -1.6278328e-01  -1.8100343e-01  -9.4129995e-02  -2.5081119e-01
  -8.9396398e-02   0.0000000e+00   6.7529937e-01   2.0627653e-01   2.9376134e-01  -6.4505032e-02   2.1896466e-01  -2.9300936e-01   4.3096274e-01   1.2084485e-01  -2.6969780e-01   7.7134489e-01  -7.4922968e-02   2.4928211e-01   3.3026556e-01  -5.5364008e-02   6.1250016e-01   1.9821094e-01  -2.7089489e-01   2.2443372e-01  -7.5770810e-03   3.6697606e-01  -7.0826725e-02   3.2509554e-01   2.7764967e-01  -4.0931416e-01  -3.3532581e-02  -2.2337357e-01  -8.2532191e-02   5.8648821e-01   3.2176253e-01   9.1204829e-02   1.9563201e-01  -1.7291771e-01   7.4362883e-01  -9.5452134e-02  -1.0867277e-01  -4.0470414e-01  -1.4854812e-01   1.2037814e-01   1.7893484e-01   1.6604535e-01   6.4799567e-01  -4.5058791e-02   2.4203182e-01  -1.3662595e-01  -2.4229728e-01   2.1163117e-01   3.1170670e-01   5.6060585e-01   2.4198942e-01  -3.4563302e-01   6.5058661e-02   1.2395687e-01   3.3318298e-01  -1.9835736e-01  -6.9911881e-02   1.2085370e-01   2.2447308e-01   7.2508957e-01   3.1232767e-01   3.0983098e-01   4.7800967e-01  -1.4812887e-01  -7.6901677e-02  -1.6716651e-02  -2.3237752e-01   1.5052869e-01  -2.9633648e-01  -5.0638462e-02   4.8248126e-01   1.9641094e-01  -1.1676123e-02   5.6381455e-01  -1.5957343e-01   3.1405405e-01   7.6302951e-02  -2.8206596e-01   4.6366551e-01   3.5411807e-01  -6.8962971e-02  -2.3410185e-01  -1.2842082e-02  -2.6075002e-01   1.6704040e-01   2.6790946e-01   4.9458487e-01   3.2174069e-01   2.1973187e-01  -2.7700390e-01   3.7646010e-01   4.0958714e-01   2.5452514e-01   4.6737977e-01  -3.3137000e-01   3.1900023e-01   1.5508445e-01  -4.2021622e-02   3.0447464e-01  -1.7045505e-01   2.1333482e-02   1.4319473e-01   1.9198063e-01   7.8100644e-01   2.4015038e-01   1.6136791e-01   2.2240314e-01  -2.2971702e-01  -2.7334564e-02  -3.1677594e-02  -5.4035337e-02   1.2257082e-01   2.9228444e-01  -2.2302382e-01  -2.7678340e-01   2.3368608e-01  -3.4133347e-01   9.0361856e-03  -3.0950622e-01   8.9219579e-02   2.9320424e-01   4.9939136e-01   4.2840017e-01   1.0174706e-01  -1.5423598e-01   5.4590996e-01   4.9004160e-01   1.2178753e-01   3.2710641e-01   6.6083784e-02  -1.5107367e-01  -7.0747266e-02   6.5015339e-01   1.0360371e-01   5.1952976e-01   2.7128367e-01   2.5294909e-01  -1.9498504e-01   1.8488522e-01  -2.2893088e-01   7.5916313e-02  -1.7105546e-01  -3.8312698e-01  -3.4959626e-02   4.3453567e-01   1.0359712e-01   9.2103785e-02  -1.8303852e-01  -2.0839328e-01  -4.3984673e-02  -7.4626858e-02  -1.6158264e-01   2.8303133e-01   3.6508553e-02   6.0811193e-01  -1.1346535e-01   1.8651813e-01   2.0534870e-01   3.9833467e-01  -8.6818528e-02   1.6626242e-01  -3.8387009e-01  -3.1259864e-01   2.4910355e-02   5.3799859e-02   2.5516852e-01   2.3393392e-01  -1.0085604e-01   3.9018149e-01   3.0242891e-01   4.9819486e-01  -1.0419384e-01   3.2641522e-01   1.1362081e-01   2.1773075e-01   1.8929974e-01   3.0703242e-01
   1.6774138e-01   6.7529937e-01   0.0000000e+00   2.7050826e-01   2.7947572e-02   1.8888236e-02   2.3229075e-01  -2.4547943e-01   1.7237627e-01   2.8002308e-01  -3.8376960e-01   6.8184733e-01  -3.8911669e-02   1.7737794e-01  -6.9348393e-03   2.1954504e-01   9.0081799e-01   2.2238765e-02  -1.1067474e-01   4.7681673e-02  -1.5868789e-01   2.7572185e-01  -1.0027300e-01   2.8084918e-01   1.3219676e-01  -1.6828770e-01  -2.0136295e-01  -2.5054056e-01  -1.2505020e-01   4.9596692e-01  -1.0299105e-01  -1.8957702e-02   3.0767102e-01  -1.0537877e-01   5.4040432e-01  -1.1320825e-01  -4.1372472e-01  -1.3878206e-01   8.6196693e-02   2.0396299e-01   1.1496652e-01   2.6571379e-01   3.6583137e-01  -2.7480848e-01  -7.7551564e-02   2.7216655e-01  -2.7837790e-01   1.3457645e-01   2.0359122e-02   4.4499922e-01  -1.1675424e-02  -1.6449811e-01  -3.6616217e-02  -4.1194519e-02   2.0633252e-01  -3.5233839e-01  -9.2118852e-02   6.2952106e-02   2.1433292e-01   4.7380971e-01   6.0136544e-01   2.0018571e-01   1.8161580e-01  -2.5344025e-01  -3.4450057e-01   1.0097570e-01  -4.1551618e-02   1.4309576e-01  -3.7738169e-01   2.9776801e-01   3.6240558e-01   1.8467514e-01  -8.4034564e-02   7.0180095e-01  -2.1464145e-01   1.5118865e-01   4.7363711e-01  -2.6874600e-01   9.5632280e-02   3.5745140e-01  -4.6568342e-02  -3.2860920e-01  -1.6241958e-01  -1.5693032e-01   3.6957856e-01   8.0570776e-02   2.5681412e-01   1.2251895e-01   5.1013962e-02  -8.6111735e-02   2.4135081e-01   6.5939315e-01   1.2516964e-01   2.7466148e-01   1.5310915e-02   1.5273361e-01   2.8256111e-02  -9.6636099e-02   2.6722332e-01  -3.3635910e-01   7.3439972e-03  -4.2712151e-02   5.2961236e-02   4.7119961e-01   6.1308743e-02   9.5840740e-02   8.7139451e-02  -2.4958546e-01  -2.3486347e-01  -3.4073009e-03  -1.0373129e-01   6.3520126e-02   1.1175719e-01  -8.7988105e-02  -3.1748611e-01  -3.9521154e-02  -3.0786303e-01  -7.3846572e-02  -4.4188186e-01   1.0191420e-01   5.1748667e-01   3.3785876e-01   2.1642271e-01  -2.7339380e-01   1.8874419e-01   4.5510432e-01   8.9341829e-02  -8.4214242e-02   2.0420556e-01   4.1553926e-01  -9.2015399e-03  -2.3289489e-01   6.0859714e-01  -1.4754975e-01   2.7688260e-01   1.6767172e-01   3.0908163e-01  -1.6169712e-01   9.3784338e-02  -2.2032404e-01   5.2916643e-02  -1.4396270e-01  -3.8721528e-01   6.5437742e-02   1.3812839e-01  -2.6532008e-01   2.6572035e-01  -5.8902624e-03  -1.0433543e-01  -2.7000537e-01   1.9670873e-01  -3.0624307e-01   3.4072679e-01  -1.3313614e-01   5.5711214e-01  -6.9804791e-02   4.5639315e-01   1.9106906e-01   5.6500713e-01  -9.0561066e-02  -4.8297559e-02  -3.2962518e-01  -7.9282324e-02  -6.9527765e-02   1.5594448e-01   1.2577554e-01  -6.0512589e-02  -1.4864249e-01   4.7005504e-01   7.9593710e-02   2.7759560e-01   1.8691146e-01   1.9487345e-01   1.6259490e-01  -1.0169989e-02   1.3816527e-01   3.1343654e-01
  -9.7359097e-02   2.0627653e-01   2.7050826e-01   0.0000000e+00   7.3289828e-02   1.6861152e-01  -8.2709791e-02   1.4671045e-01   1.5416337e-01  -9.3373781e-02  -2.0981671e-01   2.9884116e-01   3.3940560e-01   3.6976467e-01   2.7732940e-02   4.2455608e-01   2.7612398e-01   4.7095865e-01   2.4518200e-02   1.4531163e-01   4.1588409e-02   7.5070362e-01   7.7218228e-02   2.9767922e-01   4.3781290e-01  -7.9249335e-02   1.6399217e-01   2.1825018e-01   4.4301197e-02   5.7180079e-01  -3.7886783e-02   6.2682800e-01   6.1858687e-01  -3.7561023e-01   2.6724302e-01   1.1456929e-01  -1.5966386e-01  -1.9207488e-01   3.4352852e-01   1.0436641e-01   4.7030612e-01   5.4407760e-01   1.9796176e-01  -1.9128046e-02   4.4809549e-01   1.5703488e-02   1.7483381e-01   5.9637654e-02   4.7218645e-01   3.0387721e-01   4.3631606e-01   5.1201426e-02  -2.2495201e-01   2.3050872e-01   3.6491033e-01   3.1053042e-02  -1.0733155e-01   5.0090909e-01   7.5668053e-01   3.3091056e-01   2.3148467e-01   5.7555124e-01   5.4856736e-02  -2.6653949e-01   2.4448025e-01  -1.1522031e-01   3.0107047e-01   4.4400015e-01   2.9091962e-01  -7.8606352e-02  -6.7868962e-02   6.8378790e-01   6.0563491e-02   1.6504268e-01   3.2383610e-01   1.9030299e-01   1.0074435e-01   1.0735236e-01  -2.7164117e-01   6.5560996e-01   2.2265726e-01  -2.6168477e-01  -2.0416903e-01   1.9221526e-01   1.3482890e-01   8.0943723e-02   4.9715348e-01   1.7988379e-01   3.5089122e-01   2.4376378e-02  -1.2573971e-01   3.7282390e-01  -2.4118776e-01   2.6161075e-01  -1.8749547e-01   2.0391644e-01   6.1499436e-01   1.3546167e-01   7.3086606e-01  -1.3537637e-01   6.4989013e-02  -1.3609698e-01   5.1331907e-01   4.1590025e-01   5.6725892e-01   7.3255612e-01   4.0885056e-01   3.4076931e-01   1.0369170e-01  -1.7670022e-01  -4.0038339e-01   3.9438144e-01   6.2150029e-01  -1.2773930e-03   3.6357412e-02  -3.1959813e-01  -1.8544941e-02   1.6060635e-01  -1.1512915e-01   8.6572290e-01   1.4455985e-01   4.6906117e-02   2.8888969e-01  -1.7442349e-01  -3.1683508e-02   3.7292479e-01   5.7533888e-02   3.2197416e-01   4.6718289e-01  -8.6317772e-02   2.3482395e-01  -3.6415474e-01   1.7776808e-01  -2.3692924e-01   3.7230623e-01   1.0746985e-01   5.5601733e-01  -1.6569971e-01  -1.6284103e-02  -2.3177432e-01   9.6686612e-02   4.4262751e-02  -1.1201832e-01  -9.9508530e-02  -8.1349302e-02   8.5552738e-02  -1.5148204e-01  -2.0252122e-01  -6.2953762e-02  -1.5522332e-01   1.6362493e-01   2.6961823e-01   1.8593377e-01  -2.9982756e-01   1.5296272e-02  -5.1354999e-02   5.0804356e-02   6.3781223e-01   4.6426655e-01   2.8545595e-01   4.4744518e-01  -2.2925530e-01  -1.8428587e-01   6.8735626e-01   6.7484157e-01  -4.0808222e-01  -3.7912029e-01   2.6190567e-03   2.3358271e-01  -2.3621030e-01  -2.2010079e-01  -1.6491949e-01   6.4591883e-01  -4.6342726e-02   3.0214363e-01   6.6437707e-02   7.5242567e-01
  -4.6856030e-01   2.9376134e-01   2.7947572e-02   7.3289828e-02   0.0000000e+00   4.3410238e-01   1.7405107e-01  -2.2060786e-01  -4.3071928e-02   1.9054674e-01   1.1790330e-01   3.4995214e-01  -3.0242898e-01  -1.9585678e-01   3.3600089e-01   3.8685515e-02  -1.3293350e-01   5.3658159e-01   8.8611112e-04   8.6707713e-01   2.2074119e-01   1.5041069e-01   2.3331284e-01  -1.5443257e-01  -1.3354089e-02  -1.5010359e-01   4.0433664e-01  -1.2571741e-01   1.5951230e-02   2.7215857e-01   4.0964712e-01   1.2683417e-01  -3.5217657e-02  -7.3014245e-02  -9.8757073e-03   4.8805705e-01   1.0760023e-02  -4.0628451e-01  -8.0692235e-02   4.0596045e-01  -6.5415728e-02  -1.4142149e-01   1.1461500e-01  -1.2527438e-01   1.3983831e-01  -5.2242399e-01   4.0807975e-01   1.2501114e-01   1.5566253e-01   2.5640191e-01   4.1056078e-01  -1.5003211e-01  -1.1395462e-01   7.2762440e-02   6.3467611e-02   9.1807333e-02   1.7342250e-01   5.8165423e-02   1.3064364e-01   1.3724601e-01  -9.2052143e-02  -1.3230925e-02  -4.7499200e-02  -2.5004749e-01   1.0126119e-01   1.4593074e-01   3.4850673e-01  -9.4734841e-02   3.8109182e-01   1.9996625e-02   2.3029947e-01   5.1341082e-02   4.2868989e-02  -7.4078453e-02  -6.6074794e-02   2.1752703e-01  -3.2935380e-01  -2.1383885e-01   4.1109438e-01  -9.1646960e-02   8.8111009e-02  -5.5384924e-03  -1.4656005e-01  -1.6903891e-01   5.6127738e-02   2.0811441e-01   3.1691259e-01  -2.5000642e-02  -7.3174309e-02  -3.5260653e-01   3.6840398e-01   2.4183398e-01   4.3103419e-01  -1.1537001e-01  -4.3342007e-01   6.7994462e-01   3.6017197e-02   1.8729800e-01   8.5141926e-02  -8.1951523e-02  -5.9443185e-03   1.2901881e-01   2.6803036e-01   1.6818799e-01   1.3543320e-01   1.9855023e-01   8.2123648e-02   1.9280285e-01  -1.0587462e-01   3.0244586e-01   9.3154697e-02   1.3445588e-01   2.5653442e-01  -4.6187327e-01   5.2384701e-02   7.2311395e-03  -1.1045162e-01  -3.5889687e-02   1.2466569e-01   4.8561644e-02  -2.2450022e-01   5.7878473e-01   1.7028472e-01   1.3942816e-01  -4.7105166e-01  -7.4109042e-02   3.0534007e-01  -1.2287206e-01   1.3211307e-01  -3.7561595e-02  -7.1986686e-02   1.3200848e-02  -2.1127252e-01   1.9929234e-01   7.0857194e-02  -3.8327925e-02  -1.3998775e-01  -2.4869959e-01  -2.0689436e-02  -3.1107230e-01  -2.6422061e-01  -1.3946807e-01  -7.0090391e-03   3.1597608e-01   3.3315897e-01   2.1254391e-01   1.4678188e-01  -7.0291827e-02   2.8547045e-01  -5.8176083e-02  -4.6301433e-04   7.8258713e-02   1.5875821e-01  -1.4012064e-01   4.6497944e-01  -3.1054633e-01  -2.4636709e-01   2.4607582e-02   1.5142574e-01   3.4422998e-02   1.1620392e-01  -2.5314432e-01  -1.4109618e-01   2.8900399e-01   2.2194695e-01   1.1508313e-02   9.2096381e-02  -3.7245456e-03   2.4648062e-01   2.3722854e-01   2.2750062e-01  -4.2656827e-01   1.7829183e-01   3.0794045e-01  -7.9186430e-03   1.1894523e-01   2.2187754e-01
  -3.1786050e-01  -6.4505032e-02   1.8888236e-02   1.6861152e-01   4.3410238e-01   0.0000000e+00   4.5343393e-02   6.3258904e-02  -3.3409522e-01   4.9291416e-02   4.3257607e-02   1.3406704e-01  -2.3203265e-01  -2.0319171e-01   5.2782678e-02  -2.1701464e-03  -1.3937796e-01   3.8717620e-01   6.2259344e-01   3.5105269e-01   1.2948169e-01   1.9831332e-01   3.6696458e-01   1.8559282e-02   6.7913087e-02   2.1894662e-01   3.6806137e-01  -9.6845086e-02   1.5759651e-01   2.3127462e-01  -8.5641970e-02   4.4386380e-02  -1.4186021e-01  -1.6717479e-02  -1.8427463e-01   2.4879688e-01  -4.7278008e-02  -3.6558697e-01  -7.7124321e-02   3.6300582e-01  -8.9887187e-02  -8.8523369e-03  -1.1969856e-01  -1.3809086e-01  -5.3813053e-02  -3.8428434e-01   3.6018896e-01   8.3252906e-02   2.6586347e-05  -3.1262882e-02   3.7926235e-01  -4.7242030e-02  -2.3172809e-01   2.6345015e-01   7.9778145e-02   2.0898619e-01   6.5004314e-01  -3.4113903e-02   1.3176006e-01   1.0241651e-03  -1.9864679e-01  -1.8727737e-01  -3.8029741e-01  -3.2899864e-01   3.0551873e-03   1.6102352e-01   8.7004354e-01  -5.4784361e-02   4.6559499e-01   1.6219161e-01   6.4237991e-03   4.2163564e-02   7.6909066e-02  -1.1849983e-02   2.1654093e-02  -1.9045221e-01  -3.1570182e-01  -7.7168491e-02  -1.2882217e-01   1.6073649e-03   1.7584363e-01   6.2888256e-02  -1.4215418e-01   4.3344140e-02   1.6645573e-01  -1.8316546e-01   2.1535702e-01   6.1746216e-02  -1.8894783e-01  -1.4854804e-01  -7.2348324e-03   2.3136564e-01   4.3804655e-01  -2.6915396e-01  -3.9210504e-01   3.2678986e-01  -2.6557902e-02   6.9201382e-01  -7.0780453e-02  -1.1036460e-02  -5.6114425e-02   1.5652768e-01   2.9000984e-01  -1.3468229e-01   7.7732688e-02   1.3214602e-01   1.3910949e-01   6.3508665e-01  -1.0493038e-01   4.4642377e-01   2.4389739e-01   3.1529801e-01  -5.5672573e-03  -3.0034648e-01   1.5501586e-01  -3.4074334e-01   8.1596731e-02   7.1812375e-02   1.2111387e-02   8.9908252e-02  -7.8884759e-02   1.5293162e-01   8.9007542e-02  -1.9406958e-01  -3.0127218e-01  -9.3345924e-02   4.5692910e-02  -5.0395214e-02  -9.6370092e-02  -5.4830404e-03  -9.6317662e-02  -1.1738242e-01  -3.4174029e-01  -3.9390113e-02  -2.0431747e-01  -2.8248534e-01   1.3633988e-02  -1.8535320e-01  -2.6063255e-01  -3.0138851e-01  -5.7850576e-02  -1.5359669e-01   6.4680282e-02   4.6743391e-01   7.5277946e-02  -9.6167832e-02   2.6713634e-01  -1.5464281e-02   6.6956331e-01  -2.1349135e-01   2.0937859e-01   3.1768754e-02   2.5605049e-01  -2.6938172e-01   3.0703668e-01  -2.1107242e-01  -2.0317800e-01   8.4060817e-02   1.9715898e-01   1.4141339e-01  -3.9381167e-02  -2.3996263e-01  -7.5617079e-02   2.7205163e-01   4.6144602e-01  -2.4622543e-01  -2.1231729e-01  -6.1021630e-02   1.8342881e-01   1.0057852e-01  -3.8994522e-02  -3.8515946e-01  -7.2289543e-02   5.3294035e-01  -1.2242138e-02   2.7058512e-01   2.3190998e-01
  -7.3757635e-02   2.1896466e-01   2.3229075e-01  -8.2709791e-02   1.7405107e-01   4.5343393e-02   0.0000000e+00  -1.8360811e-01   3.8684431e-01   6.2072729e-01   2.5875264e-01   6.5818573e-03  -2.3861566e-01  -1.1930808e-01   4.7591014e-02   3.2102175e-02   2.0683416e-01  -1.8852695e-02  -1.7714819e-01   2.5060734e-01   3.2907137e-01   5.3718009e-02   2.5083222e-01  -4.3946199e-02  -9.0391217e-02  -3.7369829e-02   2.2748963e-02   8.2388045e-02  -2.2595072e-01   4.4895011e-01   2.8408605e-01  -8.7866757e-02  -9.1576478e-02   5.9138984e-01   1.9163979e-02   3.0734431e-01  -5.7497850e-02  -1.9777909e-01  -5.8872527e-02   4.8887716e-01  -8.4287095e-02  -2.4867928e-01   2.0223056e-01   9.5632177e-02  -1.6324728e-01  -1.7031258e-01   4.2197538e-02   6.7413992e-01  -4.2080953e-02   5.2054287e-02  -1.4036966e-01  -1.1561262e-01   5.9755002e-01  -2.5009891e-01  -1.9854962e-01   3.3778863e-02  -1.3699181e-01   1.3169312e-01  -1.1565600e-01  -6.3513628e-02   1.1243056e-01  -1.3483893e-01   2.3101124e-01   2.3232737e-01  -1.5010627e-01   4.7600415e-01  -1.2184749e-01  -2.3780926e-01  -1.2557806e-01  -1.9122406e-01   5.4502996e-01  -1.8756860e-01  -9.4908585e-02  -1.6404230e-01  -3.0775308e-01   2.4738895e-01   1.3701118e-02  -1.2630943e-01   2.9125442e-01   1.5948633e-03   1.3842289e-01  -1.8809732e-01   3.1946083e-01  -4.0480504e-02  -2.5558805e-01   2.9232639e-01   1.7065419e-01  -1.8869732e-01   1.6358940e-02  -2.3377190e-01   4.6024563e-01   6.0522270e-02   2.2118920e-01   2.8925354e-01  -7.8636386e-02  -3.8247125e-02  -3.5313656e-01  -2.1233330e-01  -8.2086621e-02   2.9469231e-01   3.9772408e-02  -9.3774997e-02   5.3088661e-02   2.1072402e-01  -1.1181696e-01  -1.5158493e-01  -1.7175111e-01  -1.3094397e-01  -1.2231074e-01   3.4149921e-01   2.0439531e-01   1.6610074e-01  -6.0470568e-02  -2.6456527e-01  -4.8672991e-02   2.9475732e-01  -1.4923124e-01   8.7724887e-02  -1.8129316e-01  -2.1137762e-01   1.3087354e-02   3.2323188e-01  -3.3943342e-01   1.8606511e-01  -1.3808353e-01  -1.4457537e-01  -1.8332959e-01  -2.3773512e-01   1.6256638e-01  -1.5758586e-01  -5.2465458e-02   4.8274709e-01  -1.2555375e-01   4.1393133e-01  -5.4269154e-02   2.9484350e-01  -6.3413413e-02   2.9546956e-01   3.6092670e-01  -1.3935269e-01  -7.3455186e-02  -2.3905674e-01  -8.9213616e-02  -2.0560614e-01   1.4780358e-01   1.1017446e-01   5.8673373e-01   3.5919166e-01   1.4785836e-01   1.9350343e-01  -1.4922849e-01   2.6299113e-02  -1.8878470e-01   2.2506376e-01   1.2807804e-01  -3.4322572e-02  -7.7624114e-02  -2.3562989e-01  -3.9430092e-02   1.4567857e-01  -3.3145268e-01   8.3540919e-02   3.6907397e-01  -1.6122082e-01   1.0876111e-02   3.7386692e-01   2.7542242e-01   1.8421216e-01  -1.1234093e-01   3.2626486e-01   1.0510622e-01   5.1165597e-02  -2.3984263e-02  -1.6133624e-01  -2.6463423e-01  -1.3866952e-02   6.7875213e-02
  -2.9446382e-02  -2.9300936e-01  -2.4547943e-01   1.4671045e-01  -2.2060786e-01   6.3258904e-02  -1.8360811e-01   0.0000000e+00  -8.2037100e-02  -2.5460765e-01   1.5359963e-01  -1.1001671e-01  -1.5838000e-01   1.4984154e-01   5.7211123e-02  -1.5828801e-01  -1.2499187e-01  -1.9138960e-02   9.9618648e-02  -2.0222000e-01  -4.0731284e-02   1.8873012e-01   3.1490063e-02   1.6462465e-01   3.8071380e-02   4.8154982e-01   5.2585431e-02   5.1955027e-01   2.0619784e-01  -1.6099733e-01  -5.9836591e-02   4.0527115e-01  -3.4904380e-02  -9.9375183e-02  -8.6302652e-02  -9.3441801e-02   9.1702754e-02   1.5796250e-01  -1.4974435e-01  -1.1603406e-01  -1.0811072e-01   1.4122161e-01   1.1525933e-02   5.6261959e-01  -1.2208705e-01   2.1575112e-01   1.2127967e-01  -2.0711059e-02  -5.1711103e-02   1.2863954e-02  -4.3020673e-02   5.6210567e-01   1.0997808e-01   7.6776897e-02  -1.2597498e-01   5.4099979e-01   1.8078901e-01   3.5279158e-01   1.9667699e-01  -4.3163857e-02  -3.2793112e-02  -1.2262011e-01  -3.7296812e-02   5.3359362e-02  -9.2312757e-02   5.0514406e-02   9.2489875e-02   2.8293534e-03   3.4771652e-01  -2.0646329e-01  -1.8159419e-01  -5.4322161e-02  -9.2693526e-02  -2.1510159e-01  -6.3754830e-03   1.0782120e-01   1.0936672e-01   5.5312763e-01  -6.0549940e-02   6.5123915e-02   4.0452347e-01  -1.5310883e-01   2.1859823e-01   8.1338655e-01  -3.2888908e-01  -1.1789563e-02  -3.0060321e-01   1.0920930e-01   1.0347327e-01   1.2277935e-01  -3.5811177e-03  -1.1475750e-01   3.1790034e-02   1.5558299e-02   1.1605537e-01  -7.2085406e-02   1.1070599e-01   1.1198944e-01   4.1979664e-02  -6.3987326e-02  -1.7136642e-01   2.7848255e-01   5.6973123e-01  -2.2707595e-01   1.9377036e-01   2.8746257e-01   3.6033616e-02   4.1373852e-01   1.6873795e-02   1.0976455e-01   1.9561444e-02   4.7103597e-01  -1.6605744e-01   2.3462625e-01  -2.2206460e-02   1.3436590e-01   6.1847165e-01  -1.1469513e-01  -6.5806327e-02   2.1410048e-01   5.9481734e-02  -8.2072413e-02   8.3504190e-03   4.1933671e-02   2.1626205e-01   2.2515536e-01   2.9800281e-02   2.5581047e-02  -7.2840378e-03  -1.8007313e-01  -2.5540923e-01   4.0467991e-02  -9.1903328e-02  -1.0940643e-01  -1.6576154e-03   2.8951428e-01   7.1244721e-02  -7.1150904e-02   1.7138140e-01  -1.1597762e-02   1.0423596e-02  -2.6084312e-01   3.2779582e-01  -2.2590769e-01  -3.7439547e-02   1.5319350e-01  -3.3180991e-01   2.7303177e-01   8.3902686e-02   5.5719543e-02  -1.3054892e-01   6.8627200e-01   6.9789557e-04   1.9285630e-01  -3.2025276e-01   4.5123504e-02  -1.4914488e-02   9.4409749e-02  -2.0680516e-02   6.0328934e-01   8.2461213e-02   8.7230378e-02  -9.7387395e-02   2.8416666e-01   3.1154636e-01  -3.3613742e-02   7.0592192e-02   4.5615213e-01  -1.2413322e-01   1.1035959e-01   9.5405225e-02  -7.6610988e-02  -1.0360281e-01  -1.7765535e-01   1.9375834e-01   6.1748185e-02   1.2231276e-01
  -2.3890825e-01   4.3096274e-01   1.7237627e-01   1.5416337e-01  -4.3071928e-02  -3.3409522e-01   3.8684431e-01  -8.2037100e-02   0.0000000e+00   9.0467474e-02   7.5534916e-02   1.7496047e-02   3.2023620e-02   2.2811922e-02  -8.0355828e-03  -7.4943314e-02   2.6653311e-01  -8.1259193e-02  -3.6759727e-01   4.7878147e-02   1.4345412e-01   4.1083970e-01  -1.2631906e-01   1.4765837e-01   4.1127521e-02  -2.6937327e-01   6.3562612e-02   5.0193304e-03  -1.4787006e-01   5.1521580e-01   3.4544917e-01   2.2122045e-01   2.2465755e-01   1.0459891e-01   4.2807540e-01   1.2284069e-01   3.1377736e-01  -9.6947547e-02  -4.6678069e-02   1.1217217e-01   1.2676135e-01   1.2447157e-01   7.5725255e-01   1.8857806e-01   2.2083407e-01  -5.7799712e-02  -9.6205197e-03   4.2035792e-01   2.8547428e-01   3.7570510e-01  -2.9135957e-02  -2.6683856e-01   5.4656577e-01  -5.8815215e-02  -9.0236067e-02  -4.5516266e-02  -2.3037104e-01   4.9520398e-01   9.7647314e-02   3.6512103e-01   2.0319947e-01   2.5676319e-01   9.0710161e-01   3.1848962e-01   1.6965374e-01   1.1039802e-01  -4.2534291e-01   1.1916409e-01  -1.5446715e-01  -3.4494816e-01   4.0995941e-01   7.4875878e-02  -1.0180673e-01  -9.2612341e-02  -1.0064947e-01   4.9152165e-01   1.0432601e-01   8.9956505e-03   2.4137043e-01   2.3864746e-01  -1.9337503e-01  -1.9701425e-01   2.7091668e-01  -9.5888455e-02  -3.9861607e-01   4.6373924e-01   3.3240081e-01   9.1997418e-02   5.4653044e-01  -3.0581530e-01   2.1418226e-01   1.0552153e-01  -1.5890253e-01   8.5751270e-01  -8.7927649e-02   7.7913874e-02   9.7256046e-02  -2.6723770e-01   2.8429785e-01   1.8033925e-01  -1.5672241e-01  -1.2524411e-01  -1.9951101e-03   7.3133163e-01   2.5408072e-01   2.0258759e-01   7.3198352e-02  -1.2390747e-01   2.3237841e-01  -1.5033486e-01  -1.4896993e-01   1.1231057e-02   2.8381667e-01  -1.4538198e-01  -3.3769886e-01   5.0292311e-01  -1.6929606e-01   1.1388718e-01  -2.4610891e-01   9.7492328e-02   1.2441314e-01   1.4846966e-01   9.5998182e-02   5.8400540e-01  -8.6916213e-02   2.1318234e-01   3.4628479e-02   1.3690079e-01   7.0524369e-01  -2.1596964e-01  -6.6953852e-02   3.1236840e-01   2.0451285e-01   3.0296163e-01   7.4703887e-01   5.2193804e-01   7.1101948e-02  -3.6402701e-02   5.3285087e-01  -8.8879909e-03  -5.3045770e-02  -1.6878110e-01  -1.4368381e-01  -4.9446466e-01   3.0170696e-02   5.8435068e-01   3.6288104e-02   1.0572092e-01  -3.2868076e-01   4.2420969e-01  -4.1046498e-01  -2.7449911e-02  -5.8949347e-02   4.3751560e-01   6.6033965e-02  -4.3981493e-02  -1.0457237e-02   5.3372258e-02   1.6588979e-01  -1.0058425e-01   1.2802532e-01   1.4654752e-01  -4.3309261e-02   1.2254508e-01  -1.1321256e-02   1.1575280e-01   2.5412661e-01   3.6488394e-02  -2.7833985e-02   9.4903099e-02   1.2521372e-01   1.6666823e-02   3.7937309e-01  -3.1535686e-01   1.7822023e-01  -7.2614389e-02   3.4243481e-01
   2.4932618e-02   1.2084485e-01   2.8002308e-01  -9.3373781e-02   1.9054674e-01   4.9291416e-02   6.2072729e-01  -2.5460765e-01   9.0467474e-02   0.0000000e+00   4.0515299e-02  -3.3999635e-03  -8.9766511e-02  -1.8012365e-01  -1.1193990e-01   1.4338516e-01   2.4062413e-01  -1.1773157e-01  -1.5791417e-01   2.5490942e-01   2.5621784e-01  -1.4083947e-01   3.2140809e-01  -1.2040022e-01  -9.0535012e-02  -3.3032204e-02  -5.5748505e-02  -1.8316559e-01  -1.4526139e-01   1.4379819e-01   2.8283207e-02  -2.7364411e-01  -5.9942949e-02   4.3496202e-01  -6.7067550e-02   1.3208547e-01  -3.5380778e-01  -4.8495326e-02   7.8603753e-02   4.5902205e-01  -1.1807673e-01  -2.2607989e-01   5.3729239e-02  -5.9856055e-02  -3.5702473e-01  -4.2379861e-02  -1.1469841e-01   3.3205731e-01  -2.1302176e-01   4.6188825e-02  -2.3406820e-01   1.0707706e-02   2.5297535e-01  -2.6388661e-01  -8.4229907e-02  -1.0331679e-01  -1.8777791e-01  -1.8258629e-02  -2.3847269e-01  -1.5184662e-01   2.4853610e-01  -2.7692376e-01   9.1705163e-02  -7.1991704e-02  -3.4317950e-01   5.3647861e-01  -5.3188253e-03  -2.1161020e-01  -2.1816313e-01   2.5689840e-02   4.4185086e-01  -2.2023746e-01  -1.3244774e-01  -4.2850835e-03  -1.6792268e-01   1.6963273e-01   1.5803559e-01  -1.6581760e-01   2.0305499e-01  -1.8966121e-02  -4.7106708e-02  -7.6664002e-02   6.8022016e-02  -2.0980100e-01   1.4665470e-02   1.8749526e-01   1.0411979e-01  -2.4944251e-01   6.0595566e-02  -2.0540350e-01   4.9887913e-01   1.8339343e-01   2.8299424e-01  -1.4405223e-02   7.2721532e-02   1.2909301e-01  -3.1556822e-01  -1.8201424e-01  -1.3969336e-01   4.3616754e-02   6.7492606e-02  -2.1434180e-01  -6.6454307e-02  -4.3872125e-03  -2.5648224e-01  -1.7642749e-01  -1.1875435e-01  -1.8163233e-01  -3.0737815e-01   2.9988122e-01   1.6441085e-01  -7.6125416e-02  -2.7416012e-02  -2.2186468e-01  -1.0169807e-01   1.4949187e-01  -1.4815436e-01   1.4115269e-01  -1.8781264e-01  -2.4019283e-01   1.0976286e-01   4.0443913e-01  -2.9480260e-01  -3.9115121e-02  -8.4746392e-02  -2.3367214e-01  -1.0712442e-01  -2.3270962e-01   1.5842421e-02   9.1817711e-02   1.2438096e-01   2.4871756e-01  -7.2262358e-02   2.7079334e-01  -1.3980686e-01   9.1829741e-02  -3.3972907e-02   1.3584897e-01   1.4939403e-01  -1.1716321e-01  -6.3140425e-02   3.2083998e-02  -1.7984438e-01   1.4673931e-02   2.0216817e-01  -1.8348266e-01   5.1022248e-01   2.4513632e-01   2.4675271e-01  -1.2060456e-01  -7.0272887e-02  -1.8102670e-01  -9.9701823e-02   5.0737041e-02   2.1733963e-01  -8.0064858e-04   1.3595024e-01  -2.6621169e-01   5.2012888e-02  -1.4287140e-02  -3.3647100e-01  -1.2570290e-01   5.3791788e-01  -2.1509883e-01  -1.5836690e-01   3.6564709e-01   1.5295223e-01   1.5780595e-02   4.1629427e-02   2.7373958e-01   1.2454831e-01   2.3963991e-01  -1.0404264e-01  -1.1050747e-02  -3.2528810e-01  -8.3602578e-02  -7.4138285e-02
  -1.8705888e-01  -2.6969780e-01  -3.8376960e-01  -2.0981671e-01   1.1790330e-01   4.3257607e-02   2.5875264e-01   1.5359963e-01   7.5534916e-02   4.0515299e-02   0.0000000e+00  -4.0612162e-01  -3.4973586e-01  -9.6033586e-02   3.6137567e-01  -2.0037301e-01  -4.0933163e-01   2.7408026e-01  -1.8040805e-02   1.0602618e-01   2.4304137e-01  -1.3674636e-01   2.0668716e-01  -4.5714246e-02  -9.5978713e-02   1.8271868e-01   1.6782050e-01   2.7418485e-01  -2.7321986e-02  -3.6961506e-02   4.5851073e-01  -1.4660713e-02  -2.8069311e-01   5.6624834e-01  -2.2660503e-01   4.5550615e-01   3.0450988e-01  -4.6001691e-02  -1.8610927e-01  -4.1886152e-02  -2.2554293e-01  -2.0597794e-01  -1.4607868e-01   5.1876421e-01   1.6640474e-01  -2.6724135e-01   5.1487168e-01   3.3733975e-01   1.7163666e-01  -2.8861563e-01   1.3673001e-01   7.6976795e-02   4.3621154e-01   6.6907809e-02  -6.4240586e-02   5.8405910e-01   6.8803058e-03  -5.9375525e-02  -1.6708834e-01  -3.1289589e-01  -2.3408862e-01  -5.5418041e-02  -2.9234653e-02   6.1334344e-01   3.5412724e-01   2.9923389e-01  -4.3100482e-02  -2.6512459e-01   3.5279047e-01  -2.8488041e-01  -1.0045242e-01  -2.3519504e-01   1.8032015e-02  -5.0044867e-01   8.4939588e-02   6.1520642e-02  -1.7511605e-01   2.4160028e-01   3.0026059e-01  -1.9169919e-01   3.5585553e-01   8.2407827e-02   6.3714523e-01   1.6709808e-01  -2.4167013e-01   1.8333578e-01  -9.5378569e-03   6.4077950e-02  -6.0216939e-02  -4.9046310e-02   1.3070526e-01  -2.0934073e-01   2.3489023e-01  -6.3667959e-02   9.5212357e-03  -1.1271544e-01  -1.5830961e-01  -6.3398262e-02  -1.6770197e-01   3.5251087e-01   1.0883002e-01   3.5226029e-01   1.0940562e-01  -1.3719708e-01  -1.7679187e-01  -2.0457580e-01   2.6978109e-02   1.2907368e-01   2.2639605e-01   3.2055068e-01   5.5545980e-01   5.8198130e-02  -1.8529356e-01  -7.4222089e-02   2.1318313e-01   2.1156262e-01   3.8985734e-01   4.1238593e-02   2.1342116e-01  -1.7851869e-01  -7.3611849e-02  -5.4474433e-02  -2.3486049e-01   2.5553341e-01  -1.9747512e-01  -2.7537157e-01  -8.9603504e-02  -2.2270424e-02  -8.9604221e-02  -3.1830813e-01  -2.3271740e-01   6.4022050e-01  -4.4812625e-01   4.5105038e-01  -2.1923522e-01   1.4922513e-01  -2.0688518e-01   4.1771257e-01   2.4974465e-01   8.9463081e-02   1.2535726e-01  -1.9698443e-01   4.2928205e-01  -6.7563976e-02   2.2289378e-01   3.0735949e-01   1.0736807e-01   3.0363881e-01   2.8675039e-01   3.6132120e-01  -1.0234432e-01   3.9564185e-01   1.2513997e-02   4.9535431e-01  -3.1754631e-01  -4.9807735e-02  -1.3651922e-01  -2.6786997e-01  -2.5289050e-01   2.6677098e-01  -1.0222741e-01   5.0141839e-01   1.1458885e-01  -5.1987511e-02  -7.8883615e-02   2.5843691e-01   4.4351014e-01   3.5935142e-01  -9.5886737e-02   4.0692011e-01  -5.4414949e-02  -1.3198096e-01  -1.2897918e-01  -2.4437081e-01  -1.1015757e-01   9.2672119e-02  -1.6761722e-01
   3.5720341e-02   7.7134489e-01   6.8184733e-01   2.9884116e-01   3.4995214e-01   1.3406704e-01   6.5818573e-03  -1.1001671e-01   1.7496047e-02  -3.3999635e-03  -4.0612162e-01   0.0000000e+00  -9.1994577e-02   2.4027125e-01   3.6206996e-01   9.8588458e-02   5.2053118e-01   2.8513931e-01  -1.1827420e-01   3.2184902e-01  -3.1218082e-02   3.4151442e-01   1.8016429e-02   3.3550048e-01   3.1096211e-01  -1.7768082e-01   3.6580542e-02  -1.3155361e-01   2.8251008e-03   4.3389408e-01   1.1944635e-01   1.9205157e-01   2.1448559e-01  -3.3730619e-01   6.5383721e-01  -1.1643844e-01  -2.6827343e-01  -3.9349374e-01  -6.9601222e-02   2.0992341e-01   1.4676358e-01   2.6445017e-01   4.2667324e-01  -1.6585668e-01   1.5588963e-01  -1.1367103e-01  -1.9766210e-01  -1.6005273e-02   2.1144030e-01   5.4920118e-01   3.3373683e-01  -4.1351897e-02  -2.0809920e-01   1.2341228e-01   3.6076098e-01  -1.5404134e-01   4.2545197e-02   9.6555397e-02   4.0501469e-01   7.0818535e-01   1.6318442e-01   2.8414399e-01   1.0810282e-01  -3.8832148e-01  -1.4243788e-01  -2.5976199e-02   3.9732449e-02   2.1810797e-01  -1.5645685e-01   6.9649791e-02   2.7739321e-01   3.5748014e-01   5.8426876e-02   6.4467855e-01  -1.6610053e-01   9.5459894e-02  -4.1987266e-02  -2.8996624e-01   3.2726195e-01   3.5406552e-01   1.5476598e-01  -2.3495117e-01  -2.5377578e-01  -5.2763271e-02   2.4690212e-01   1.5345891e-02   3.2127056e-01   3.6119917e-01   3.2648452e-02  -1.5549714e-01   3.1873639e-01   3.9456537e-01   3.6138046e-01   1.7322720e-01  -3.6539874e-01   4.5940161e-01   2.5731368e-01   7.5705259e-02   3.6207032e-01  -3.9548199e-01  -1.5686490e-02   3.2880953e-01   3.0762159e-01   5.1292509e-01   2.9881801e-01   1.9470714e-01   2.0200380e-01  -9.7384992e-02  -1.6834520e-01   6.8284270e-02  -6.2889771e-02   3.4273613e-01   2.7040687e-01  -1.6725511e-01  -1.1333788e-01   3.6788303e-02  -2.1175938e-01  -9.6604486e-02  -3.1165519e-01   2.5668802e-01   1.9928403e-01   5.9544623e-01   5.0463090e-01  -1.8623687e-01  -1.1514072e-01   6.3424703e-01   5.2931223e-01   3.5157518e-02   1.1372396e-01   1.0784546e-01  -7.3146114e-02  -3.5845244e-01   5.7315245e-01  -1.0161005e-01   3.6991519e-01   6.1994796e-02   3.1861387e-01  -3.3426827e-01   4.6308701e-03  -2.5844220e-01  -1.2895144e-02  -1.3488035e-01  -2.9556697e-01   1.7564310e-01   4.2827163e-01  -1.2187147e-01   7.8842677e-02  -1.6293926e-01  -2.7399108e-02  -2.4372173e-01   5.3103284e-02  -2.4406525e-02   2.9006050e-01  -1.9220970e-01   6.7013922e-01  -5.2633859e-02   1.0943027e-01   3.6469832e-01   4.0395233e-01   1.3418589e-01   2.6143256e-01  -4.7338429e-01  -3.5650484e-01   1.6893524e-01   2.4418648e-01   1.4196887e-01   4.1096142e-02  -9.8417006e-02   3.7715264e-01   2.0699497e-01   5.4918155e-01  -1.8179122e-01   3.0156631e-01   2.8543967e-01   2.2061660e-01   1.5303769e-01   3.2298276e-01
   4.3375027e-02  -7.4922968e-02  -3.8911669e-02   3.3940560e-01  -3.0242898e-01  -2.3203265e-01  -2.3861566e-01  -1.5838000e-01   3.2023620e-02  -8.9766511e-02  -3.4973586e-01  -9.1994577e-02   0.0000000e+00  -3.1723946e-02  -3.1075753e-01   4.6785502e-01   2.0918083e-02  -6.1533795e-02   3.5709030e-03  -1.8094298e-01   8.9912029e-02   1.0146568e-01   6.0164043e-02  -1.1733570e-01   2.0523473e-01  -3.3547195e-01  -1.4275995e-01  -2.3422543e-01   8.0311212e-02   1.0683962e-01  -2.8354028e-01   5.5173196e-02   4.7812702e-01  -2.1361875e-01   5.4584550e-02  -9.8653056e-02  -6.9551652e-02   2.9271032e-02   5.9332877e-01  -3.2458531e-01   7.5503931e-01   4.0204043e-01  -1.9397105e-02  -2.0728743e-01   3.0322284e-01   2.3057818e-02   2.5154798e-02  -1.8361077e-01   3.0832206e-01  -2.2926419e-01   1.1705125e-01  -1.4114227e-01  -2.4213058e-01   1.7845574e-01   1.4677870e-01  -2.5182759e-01  -2.2514425e-01   5.8812098e-02   3.5683835e-01   4.6598529e-02   5.8569558e-02   4.4460047e-01   9.7801092e-03  -8.8648339e-02   2.1537231e-01  -2.2930680e-01  -8.4872047e-02   4.9857682e-01   3.8021931e-02  -4.2133972e-03  -2.5514170e-01   4.9421401e-01   2.8419365e-01   1.2272970e-01   3.1570966e-01  -2.7134895e-01  -7.4043915e-03   1.1000246e-02  -3.5068493e-01   4.0810548e-01  -2.9195314e-01   1.8412926e-01  -2.6616560e-01  -2.4017345e-01   1.5876620e-01  -2.5098287e-01   1.9219979e-01  -4.0372761e-02   1.2677055e-01  -2.6937879e-02  -3.0456561e-01   1.2935976e-02  -3.8163199e-01   1.3405370e-01   7.8725053e-03  -9.5545504e-02   4.4153798e-01   7.8363924e-02   3.4026176e-01   1.9997080e-01   3.5352045e-03  -3.1066743e-01  -2.2432360e-01   5.8602715e-02   3.1387139e-01   9.2502475e-02   2.1284700e-01   9.4135205e-02   2.1533500e-01  -1.2630926e-01  -3.2590572e-01  -6.6226897e-02   3.1515700e-01   1.4019271e-02   2.1568992e-03  -2.1383395e-01  -2.0182394e-01   5.9278133e-01  -3.4357236e-02   4.6212144e-01  -1.2667430e-01  -3.1261073e-01   9.5851963e-02  -1.5531068e-01  -8.7312657e-02  -8.4374255e-02  -3.7111665e-02   3.2024315e-01   7.6321801e-02   4.6570244e-02   6.1469838e-01  -2.1833558e-01   8.7174935e-02  -1.8181720e-01   1.5165803e-01  -2.3665046e-01   4.5256837e-01   5.3905874e-02  -3.1449613e-01   2.2097333e-02   2.4077124e-02   7.2976445e-01  -6.2988772e-02  -7.6207684e-02  -2.7329609e-01  -2.3304805e-01  -9.3003164e-02  -1.6429881e-01  -6.0865515e-02  -1.0794365e-01   1.8014087e-02  -2.3257689e-01  -1.0282567e-01  -2.5768872e-01  -2.8383102e-01  -2.6647297e-02  -8.8019788e-02   5.4220338e-01   3.8056381e-02  -2.3515983e-01   2.3277113e-01   8.0700383e-02   1.4139921e-01   9.8842038e-02  -3.1866401e-03  -2.3175231e-01  -3.5032938e-01  -3.0232430e-01  -1.2526423e-01  -4.3819640e-01  -2.0882953e-01   6.1041917e-02   3.5656869e-01  -8.1318923e-02   1.8290514e-01  -4.1181138e-02   8.6653010e-02
   4.3893067e-01   2.4928211e-01   1.7737794e-01   3.6976467e-01  -1.9585678e-01  -2.0319171e-01  -1.1930808e-01   1.4984154e-01   2.2811922e-02  -1.8012365e-01  -9.6033586e-02   2.4027125e-01  -3.1723946e-02   0.0000000e+00   2.5663547e-01  -1.8096866e-01   3.2284748e-01   1.7467135e-01  -1.8873215e-01  -2.1501159e-01  -4.6948862e-02   2.5374575e-01   2.3436242e-02   6.8595638e-01   3.6497873e-01   2.7858877e-01  -2.2276746e-01   5.2833564e-01  -1.3496330e-01   1.0048340e-01   5.4102359e-03   1.9592732e-01   9.0451887e-02  -2.0178960e-01   4.4003471e-01  -2.2349221e-01  -1.8809819e-02   3.5785664e-02  -2.8210742e-01  -1.4510960e-01   1.3473025e-01   1.4637578e-01   6.3066715e-02   1.6000005e-01   2.0567572e-01   2.8596106e-01  -2.6387653e-01   9.2109185e-02   1.9067017e-01   1.5786106e-01   8.3822805e-02   3.2028294e-01  -6.2670340e-02   2.1147947e-01   5.6573892e-01   1.3112300e-01  -2.4615749e-01  -5.4105283e-02   1.8891786e-01   2.8018288e-01   1.9882301e-01   3.0801345e-01  -1.0563371e-02   6.8093223e-03  -2.1853331e-02   9.7613164e-03  -1.3517589e-01  -2.6165705e-02  -2.3874435e-01  -1.3045026e-01  -3.1346541e-02   1.1529153e-01  -1.1804776e-01   3.2328375e-01   6.9607471e-02  -4.5050151e-03   2.8922427e-01   2.7762830e-02  -5.0751221e-02   3.8337822e-01   4.8149053e-01  -3.3044542e-01  -5.6202585e-03   3.2981999e-01   2.1395680e-01  -6.1981537e-02   2.2176084e-01   5.2220165e-01   1.6033536e-01   5.0389572e-01  -5.3405283e-02   5.0465352e-02  -1.5901008e-01   1.3680533e-01   1.0539651e-01  -2.4207354e-01   1.1065614e-01  -2.8265772e-01   2.5463135e-01  -7.3313034e-02   3.4853852e-01   6.4991225e-02   3.5654526e-01   2.6124043e-01  -5.0772681e-02   1.0500779e-01   3.6782947e-01  -1.9292836e-01   1.2765466e-01  -3.4602641e-01  -1.2668857e-01   2.4689350e-01   1.2081895e-02   5.1721833e-01   1.9374883e-01  -3.9933064e-02   1.8923139e-01  -1.0976276e-01   6.4648820e-02   2.2412624e-01   4.3862768e-01  -8.6726066e-02   1.4460528e-01  -1.5499034e-01   4.0755339e-01   6.6083490e-01   1.8018490e-01   2.9197076e-01  -1.1386791e-01  -1.4463463e-01  -2.6979190e-01  -2.6544086e-01   5.5634673e-01   3.2301391e-02   3.8477099e-02  -5.6515884e-03   2.2634573e-01   1.7944589e-01   3.7288794e-02   1.9738722e-01   6.4532095e-01  -1.2316602e-01  -2.6652589e-01  -2.3713623e-01   2.3883877e-01  -6.2334363e-02  -2.5897428e-01  -6.8979153e-02  -3.0561858e-01   3.1486755e-02   3.4323054e-01   3.3123274e-01   3.1475031e-01  -3.2244905e-02  -1.5260920e-01   3.6850084e-01   4.3731612e-01   3.8599810e-02   2.3568959e-01   5.0313354e-01   2.2641774e-01  -2.6771179e-01  -2.4488269e-01  -5.6260876e-02   2.9287852e-01  -2.6287789e-02   4.9092120e-03   2.9070398e-01   3.3241767e-01  -5.3909828e-02   1.0164158e-02   1.3250248e-01   1.8621019e-02  -3.6536940e-01   2.4344877e-01   1.8206518e-01   2.1619573e-01
