   0.0000000e+00  -3.5474407e-01   9.6964078e-02  -3.2942616e-01  -3.5568115e-01   1.4333065e-01  -2.7564900e-01  -3.0987053e-01  -2.4947366e-01  -3.0609705e-01  -2.8859872e-01  -6.8311849e-03  -4.6736939e-02   7.2679973e-01   7.7995857e-02  -2.2785438e-01   2.2713507e-01  -4.3660040e-01  -1.3658903e-01  -4.9014652e-01  -5.3723908e-02  -4.4472595e-01  -2.5133786e-01   7.6746171e-01  -2.1984758e-01  -3.5358990e-01  -6.0357074e-01   5.5959376e-01  -1.1053782e-01  -2.4567112e-01   1.1006887e-01  -3.8357338e-01   1.5829893e-01  -3.1518443e-01  -1.0915465e-01  -5.1553500e-01  -2.9478737e-01   4.7440928e-01  -3.5020596e-01  -3.5094147e-01  -2.1807079e-01   2.2968999e-01  -2.4554974e-01  -2.0988693e-01  -2.4395871e-01   6.7558193e-01  -3.8861332e-01  -3.3975805e-01  -2.4811529e-01  -2.1513903e-01  -3.7545250e-01  -2.9886030e-01  -3.3341121e-01   4.5776564e-02   4.2917775e-01  -4.7532363e-02  -1.4317745e-01  -2.3776207e-01  -4.1038781e-01  -2.6332173e-01   3.4601872e-01  -1.9679837e-01  -2.7793076e-01  -2.0635986e-01  -3.7101650e-01  -2.2313293e-01  -1.7035788e-01   7.6576187e-02  -2.7552991e-01   6.8687884e-01  -3.9471230e-01  -2.4568304e-01  -2.6260836e-01   4.6045186e-01   1.8061071e-01  -1.7082150e-02   5.3986502e-01  -3.4094234e-01  -3.0617179e-01  -1.6813950e-01  -1.0381984e-01  -1.7495656e-01  -6.4700780e-02  -2.5167754e-01   7.5103583e-01  -1.5675141e-01  -5.8292260e-02   6.6689595e-01  -2.4636766e-01   8.1330655e-01  -2.7113208e-01   2.3114800e-01  -3.7584623e-01  -1.1848228e-01   6.5069393e-01  -3.9645779e-01   1.4899942e-01  -3.3951470e-01  -2.2192519e-01  -2.8907483e-02   6.1593899e-01   1.1360025e-02   4.5427893e-02  -3.5713490e-01  -3.5072349e-01  -4.2210140e-01   2.6660289e-01  -4.7830206e-01  -3.3259380e-01  -4.0697966e-01  -2.7802958e-01  -2.1640604e-02  -2.2400839e-01   8.2154324e-01   5.8592963e-01  -3.4354736e-01  -2.9897924e-01  -2.0525370e-01   4.4730212e-01  -6.7597251e-02   5.9454832e-01  -1.8792643e-01  -8.2794674e-02  -2.5883250e-01   7.1755753e-01   4.0263841e-01  -8.5120365e-02  -1.5423620e-01  -2.4386725e-01   5.4581612e-01  -3.1120922e-01  -3.4136383e-01   6.1815921e-01  -2.6153583e-01  -2.3084018e-01  -2.5617553e-02   8.6453131e-02  -1.5075689e-01  -5.0182037e-02   3.8657484e-01   8.0341114e-01  -5.1193894e-03  -3.1044488e-01   1.2850269e-01   6.5515423e-02  -1.0337201e-01  -3.1983358e-01  -2.0090395e-01  -2.6050967e-01  -1.5208872e-01   6.4503970e-01  -1.5252251e-01   5.8555268e-01  -3.0102068e-01  -2.0437890e-01   5.1348125e-01   7.2235051e-01  -2.7469092e-01   1.3022300e-01  -4.2889345e-03  -1.1964476e-02  -3.6594849e-01  -2.5214100e-01  -4.2691342e-01  -3.9367065e-01  -3.0637702e-01  -2.5348656e-01   3.5683189e-01   6.8584758e-01  -3.6322106e-01  -2.6910127e-01   4.8204446e-01  -5.0404338e-01   1.7642690e-01   1.7005776e-01   1.0335975e-01  -4.2993782e-01
  -3.5474407e-01   0.0000000e+00   3.3108600e-01   3.6282446e-01   3.4491190e-01  -1.4787166e-01   2.5947459e-01   3.6587275e-02   3.7820255e-01   5.0529464e-02  -1.9775772e-01   5.9558636e-01   2.2849721e-01  -3.1479657e-01  -3.3949536e-01   3.4667293e-01   3.3262706e-01   3.4597355e-01   3.9972076e-02   3.2943547e-01  -1.4424946e-01   1.2965723e-01  -1.8895574e-01  -2.9059909e-01   8.0783546e-02   2.0429437e-01   3.5963337e-01  -4.2740509e-01   3.1857961e-01   3.2235612e-01  -9.1443294e-02   1.2130040e-01   1.1079983e-01   6.8169483e-02   3.5969845e-01   2.1062207e-01   5.3320181e-02   3.9448774e-03   4.6027411e-01   5.9036866e-01   4.1641435e-01  -2.0329222e-02   5.8633416e-01   9.9016814e-02   3.3209547e-01  -2.6465988e-01  -7.5401107e-02   4.6447414e-01   2.9694807e-01   6.4410984e-01   1.6049298e-01   9.3580810e-02   2.5790106e-01  -1.9016483e-02  -2.8155770e-01  -9.3004332e-02  -6.1183492e-02   1.9108127e-01   2.6912333e-01   5.5261851e-01  -1.1490157e-01   3.0802846e-01   5.6206885e-01   7.3124137e-03   4.2183330e-01   9.1261419e-02   1.9537890e-01   1.2901151e-02  -7.6022246e-02  -1.8526748e-01   7.0785064e-01   1.7145996e-01   4.7292166e-01  -1.4946250e-01  -4.3041814e-03  -1.0416434e-01  -2.7379716e-01   1.5369928e-01   3.2805821e-01   1.9582626e-01  -3.0733612e-01   1.2013176e-01   1.1182126e-01  -1.1884586e-01  -2.6307055e-01  -1.4090172e-01   1.9003601e-01  -3.1226669e-01   2.0605653e-01  -2.7724059e-01   4.6334965e-01  -2.4550858e-02   8.3558135e-02   5.0727810e-01  -1.5257426e-01   3.5839599e-01   2.9886231e-02  -9.1119845e-02   4.0390241e-01  -1.6951560e-01  -1.1472260e-01  -9.5336574e-02  -3.2779881e-01   6.3245067e-01  -2.8776792e-02   3.0732997e-01   5.2098939e-02  -2.7667074e-02   1.0828303e-01   1.5448189e-01   6.2362692e-02  -2.4192945e-01   2.6316726e-01  -2.8318741e-01  -1.6385127e-01   3.9672096e-01   1.5203580e-01   3.1328803e-01  -2.4796638e-01   2.8109365e-01  -3.8906144e-01   3.6830909e-01   3.3630556e-01   2.6626351e-01  -2.3264571e-01  -5.0528346e-02   1.6980404e-01   4.5353251e-01   9.1157830e-02  -4.1675352e-02   4.1377149e-01   1.0836881e-01  -2.8594814e-01   4.8317612e-02   4.3378289e-01  -2.7040381e-01  -4.3817212e-02   1.9366047e-01  -1.7375387e-01  -1.0536892e-02  -3.8570666e-01   8.2632707e-02  -7.7128478e-02  -1.4427744e-01  -4.2917102e-02  -2.1778823e-01   2.0241677e-01  -2.8961868e-02  -1.2921099e-01   1.5034697e-01  -2.2742379e-01  -1.1544911e-01  -2.7135249e-01   2.4648565e-01   6.1566701e-01   2.3449116e-02  -3.0141492e-01   2.9091582e-01   1.5044134e-01  -3.9820700e-01   1.0728386e-01   6.6403184e-03  -4.9692396e-02  -5.6290959e-03   3.8707732e-01   2.4924812e-01   2.7366334e-01  -2.6535802e-01  -2.7237499e-01   4.1239823e-01   2.7258071e-01  -1.2889027e-02   4.8341649e-01  -2.3310710e-01  -1.3892604e-01  -1.6258648e-01   3.9976446e-01
   9.6964078e-02   3.3108600e-01   0.0000000e+00   1.8694439e-01  -8.2295622e-02   2.1732625e-01   7.3101272e-02   1.4156069e-01  -2.0975709e-01  -7.8405708e-03  -2.5846824e-01   5.3482568e-01   3.0118800e-01   1.5677616e-01  -6.8115002e-02   5.2738193e-01   7.8100079e-01  -1.3967956e-01   1.6923063e-01   4.9116855e-02  -1.1365850e-01   4.5006587e-02  -2.7354833e-01   1.5889401e-01   4.8436689e-02   4.5670027e-02   4.4942845e-02   4.5281818e-02  -1.2515965e-02   6.1010394e-02   2.7374258e-03  -1.1383249e-01   4.8385390e-01  -1.4197971e-01   8.6998896e-02  -3.3848812e-02  -1.2489848e-01   3.2699731e-01   4.8404297e-01   2.2307916e-01   3.9597468e-01   4.2313161e-01   3.1137424e-01   9.7525908e-02   1.5532370e-02   1.0306284e-01  -1.1156656e-01  -1.4937271e-01   6.0460153e-02   4.9463608e-01  -1.2321785e-01   1.1039966e-01  -1.2650481e-01   2.6905551e-01  -9.4159922e-02  -9.7913735e-02   1.7059795e-01   2.1600969e-01   2.3764342e-01   1.7080989e-01   4.2432877e-01   9.5801147e-02   1.2753395e-01  -1.4894157e-01  -2.1045862e-01  -3.8339773e-02   1.2830512e-01   2.6757699e-01   2.8765430e-02   2.6730452e-01   1.7223346e-01   9.8673699e-02   2.4162594e-01   3.2706463e-01   2.5755901e-01  -7.6180473e-02   2.7165164e-01   7.8943701e-02  -1.6620061e-01   3.2214955e-01  -1.1279804e-01   6.1625752e-02   7.9019901e-02  -5.0659577e-02   2.6349637e-01  -2.9395976e-01  -1.9695531e-02   1.8308651e-01   1.6740699e-01   1.1450796e-01  -1.2636883e-01   6.5107360e-01  -1.3551625e-01   2.8591881e-01   1.8922742e-01  -1.8108635e-01   4.4409041e-01  -1.6997847e-02   2.8402173e-01  -1.6851177e-01   1.9466904e-01  -1.3781356e-01  -1.9489519e-01  -4.2008828e-02  -2.9425653e-01   1.0691182e-01   4.0440760e-01  -1.4560308e-01  -4.5726540e-02   1.2971817e-02   1.2055336e-02  -5.6111974e-02   2.5930166e-01  -1.2115274e-02   2.5116061e-01  -1.6962032e-01  -1.2230264e-01   1.7600011e-01  -1.1251350e-01   3.3264611e-01   1.4527998e-01  -1.7657998e-02   1.1759347e-01  -2.2733955e-01   1.3672193e-01   1.9723401e-01  -8.1430908e-02   2.3933880e-01  -9.0710305e-03   2.8517738e-01   1.4751066e-01  -1.2842102e-01   2.1755890e-01  -7.3751098e-02   2.9902001e-01  -4.2479876e-02   2.3379375e-01  -1.8583051e-01  -1.6699444e-01   1.8414964e-02   2.6826357e-02   1.9178539e-02  -1.4312827e-01   1.6191854e-01  -1.1021474e-01  -1.2159634e-01   2.5639862e-01  -3.2107195e-01  -2.9403415e-01  -1.0600094e-01   3.0645835e-01  -1.4833260e-02   2.9270158e-01  -8.1938577e-02   4.4093954e-01   1.2891661e-01   1.6950272e-01   3.1570574e-01   5.6434731e-01  -3.1469371e-01   2.7640121e-01   3.3285482e-02  -1.9396182e-01  -1.8628344e-01   2.5562793e-01  -6.6968996e-02   6.9920941e-02  -9.6108043e-02   1.8105810e-01  -1.3202235e-03  -2.8536840e-01   3.5522461e-01  -4.2789882e-02   5.8666659e-02   7.9572834e-02   3.6113637e-02   3.4326918e-01
  -3.2942616e-01   3.6282446e-01   1.8694439e-01   0.0000000e+00  -1.0056253e-02  -1.1585990e-02   1.6900235e-01   2.2741150e-01  -6.3330745e-02  -4.9337225e-02  -7.4825213e-02   1.7855996e-01  -6.7867863e-02  -5.7853342e-02  -1.4312580e-01   2.6446846e-01   8.8916551e-02   4.5032922e-01   1.8383547e-02   2.0938216e-01  -7.5323512e-02   3.9431723e-01  -7.6071947e-02  -2.0838023e-01   3.3478255e-01   2.1281636e-01   2.2729514e-01  -1.8528466e-01   1.0991808e-01   4.3790293e-01   8.7496771e-03   3.6546801e-01   7.9055507e-02  -1.4855714e-01   3.3939894e-02   9.5941612e-02  -1.5049281e-02  -3.1691973e-02   3.2288353e-01   2.6582272e-01   2.1007113e-01  -3.6411732e-02   2.0211235e-01   8.3520769e-02   3.2533023e-01  -3.8216922e-01   1.3092905e-01   1.0154555e-01   4.5326341e-01   3.3497693e-01   4.5571351e-01   1.1958134e-01  -2.0950229e-01   1.1530941e-01  -8.7608565e-02  -1.1578143e-01   6.7318550e-02   4.0743751e-01   5.1036278e-01   2.3278691e-01   2.3340451e-02   2.4266837e-01   2.0551410e-01  -1.4270881e-01   2.6715272e-01  -1.8063387e-01   2.1129942e-01  -3.7905340e-02   8.7757895e-02  -2.3748874e-01   1.9131873e-01   4.1353252e-01   1.7516043e-01   9.1765240e-02   2.1454986e-01   1.0190186e-01  -1.4861970e-01   1.7454044e-01  -8.3875087e-02   3.7017503e-01   5.4194309e-02   2.5298918e-01  -9.4862331e-02   1.1047954e-01  -2.3438944e-01   6.4989242e-02  -8.1352690e-02  -2.5073004e-01   1.8813985e-01  -3.1366212e-01  -6.6348208e-02  -9.3287928e-02  -2.3799226e-01   2.4920134e-01  -2.5617938e-01   9.0864050e-02   1.9801120e-02   9.1966961e-02   4.1440907e-01  -1.3144847e-01  -1.8420862e-01  -2.2380626e-01   1.0398162e-01   2.1660995e-01   2.6600836e-01   5.5193039e-01   6.8962121e-03   1.9105825e-02   7.8967332e-02  -6.5419190e-02  -2.9395039e-01   2.3517937e-01   2.8132199e-01  -4.3350780e-01  -1.5638336e-01  -1.0271702e-01   5.1184739e-02   7.0207671e-02  -2.0608026e-01   6.2946260e-01  -7.3100375e-02  -1.1208261e-01   2.0631925e-01   1.2581449e-01  -2.9096545e-01   2.0588594e-01   1.4943896e-01   4.9933115e-01   3.0476129e-01  -1.6993532e-01   3.8273596e-01  -1.5563481e-01  -9.0640586e-02  -1.4398840e-01   2.5472532e-01   7.3653875e-02   1.9077858e-01   3.3135650e-02   6.0325206e-02  -5.3770480e-02  -2.5557504e-01  -2.5667064e-01  -1.1222472e-01  -7.8534815e-02  -2.8982332e-02   1.6705098e-01   9.8575236e-02  -1.3038503e-01  -1.2754537e-01  -4.5518194e-02  -1.4314163e-01   1.9141719e-01  -6.3592361e-02  -9.0440285e-02   2.7360257e-01  -8.3476661e-02  -1.3300325e-01   2.8460838e-01   6.0584101e-02   9.8563206e-02  -5.6818399e-02   7.1322962e-02  -2.3223346e-01   2.9302439e-01   4.0083421e-01  -1.5698334e-01   1.3909158e-01  -7.7987825e-02  -1.0718111e-01  -6.3735881e-02  -1.9916331e-01  -5.0293440e-02   4.5659781e-01   9.1211407e-02   1.7045989e-01   9.7265013e-02   4.2768797e-01
  -3.5568115e-01   3.4491190e-01  -8.2295622e-02  -1.0056253e-02   0.0000000e+00  -3.1135360e-01   3.7512889e-01  -5.3352457e-02   7.1048033e-01   4.4566063e-01   1.1114299e-01   8.1022364e-02   3.0550727e-01  -5.6716076e-01  -1.7776030e-01   7.8568074e-02  -1.8951925e-02   2.8561746e-01  -8.4950738e-02   7.4062688e-01  -1.3242833e-01  -8.8727719e-03   5.0544163e-02  -3.4791767e-01  -2.7930908e-01   1.1116217e-01   4.1905820e-01  -5.6377831e-01   1.8593723e-01   8.9707747e-02  -2.8848097e-01  -1.6598005e-01   3.7056778e-02   5.6821528e-01   5.0733548e-01   8.1601746e-01   3.4267298e-01  -9.1386181e-02   1.6129837e-01   5.4419253e-01   2.7845000e-01   1.2432608e-01   3.7222639e-01  -5.9570483e-02   2.7847638e-01  -2.6981438e-01   2.2184361e-01   5.8975378e-01  -6.3350258e-02   3.1961930e-01  -1.1121537e-02   1.8122127e-01   7.3306527e-01   1.2863055e-01  -2.6469092e-01  -1.6263794e-01   2.9252255e-02  -2.0340902e-01   6.8037764e-02   4.3284886e-01  -1.8260902e-01   4.6767558e-01   3.4483797e-01   3.5626320e-01   4.5589384e-01   4.5151056e-01  -1.1487168e-02   7.8883078e-02   1.8897474e-02  -3.4886105e-01   3.0876591e-01  -2.3302497e-01   5.5659466e-01  -3.8455957e-01   2.8353721e-02  -3.4814051e-01  -1.8567669e-01  -1.0230276e-01   7.1030007e-01  -6.7827575e-02  -3.2079842e-01   3.7931217e-01  -1.0120079e-01  -1.0926585e-01  -5.3447556e-01  -2.0896906e-01   1.9340623e-01  -4.5308824e-01   1.6946740e-01  -2.7243168e-01   7.3731394e-01  -2.0267992e-01   3.4466039e-01   3.4822575e-01  -1.6323126e-01   6.6702131e-01  -9.0867308e-02   6.5666402e-02   3.6079379e-01   1.0540046e-01  -5.2475190e-01   2.7936817e-01  -4.3419958e-01   4.5900475e-01  -1.6815754e-01  -2.5391500e-02   1.0613697e-02   1.3169637e-01   1.5678753e-01   2.7300311e-01   1.4096841e-01  -4.0969189e-01  -2.8310537e-01  -2.7286947e-01  -4.8492917e-01   5.5923524e-01   1.0210174e-01   4.4866096e-01  -6.2361946e-01  -1.5637953e-01  -3.6704453e-01   7.5226900e-01   4.4495237e-01   3.3075975e-01  -3.3677367e-01  -3.4951451e-01   3.4906571e-02   2.1375889e-01  -1.7375035e-01  -3.4600339e-01   1.8970446e-01   3.9129398e-01  -5.2736640e-01   3.1443815e-01   8.2851384e-02  -3.1153749e-01   1.8537103e-01   1.4310859e-01  -3.5398170e-01  -1.1492776e-01  -4.4236577e-01   2.7729198e-01   6.9201177e-02  -5.2673437e-01  -5.0243001e-02  -8.0801215e-02   6.8878461e-02   4.1447921e-01   8.8694016e-02   2.6805545e-01  -4.7533514e-01  -2.6674084e-01  -2.2200776e-01   4.2705031e-01   2.2119992e-01  -8.1251934e-02  -3.7431543e-01   6.5483798e-02   2.5542234e-02  -3.9972517e-01  -2.3982172e-01  -6.9248645e-02   4.4010956e-01  -6.4216270e-02  -4.4668335e-02   4.0058279e-01   2.1346207e-01  -4.0358060e-01  -2.3996604e-01   3.7230157e-01   5.9513467e-01  -1.6353078e-01   4.8754289e-01  -6.3838745e-01  -1.8928263e-02   1.6537972e-01   7.6429872e-02
   1.4333065e-01  -1.4787166e-01   2.1732625e-01  -1.1585990e-02  -3.1135360e-01   0.0000000e+00  -2.2710913e-01   3.6794207e-01  -3.8693433e-01  -1.3332511e-02   2.7611423e-01  -9.1363098e-02  -1.5472847e-01   4.2721881e-01   2.0319091e-01   6.2788350e-02   9.4519195e-03  -3.2668490e-02   4.1782070e-01  -3.1909931e-01   2.9866534e-01   4.1359929e-01  -4.1794002e-02   7.4889648e-02  -1.7484930e-01   3.1008618e-01   3.4821580e-02   3.3012901e-01  -2.1809317e-01   1.1060720e-01   3.1060265e-01   1.6392107e-01   1.2918562e-01  -3.6971662e-01  -3.6320023e-01  -1.3068379e-01   8.4401053e-03  -5.2800325e-02   7.9917251e-02  -6.7885125e-02   5.8627793e-02   1.9976328e-01  -1.3776935e-01   2.8164977e-01  -1.9519846e-01  -2.7682852e-02   3.4269172e-01  -2.8714764e-01   1.2877024e-01  -1.0106016e-01   2.6819016e-02   2.5602514e-01  -3.4446973e-01   1.0267442e-01   7.5687729e-02   2.2181419e-01   4.8035022e-01   2.8000915e-01   2.9834181e-01  -3.0702974e-01  -5.1726633e-02  -3.3907894e-01  -6.0891367e-02  -7.0153225e-02  -3.0034289e-01  -1.4800579e-01   6.7092063e-01   2.4484737e-01   5.6710370e-01   2.9696943e-02  -9.6426660e-02  -9.5491642e-02  -5.8901607e-02   2.4444554e-01   1.2820678e-01   4.0183198e-01   2.9299109e-02   1.7641328e-01  -4.9379292e-01   2.7444413e-01   2.6347098e-01  -1.7627927e-01   2.9837748e-01   2.4007515e-01   3.2001382e-01   9.4806900e-02  -5.1777336e-02   2.5117734e-01   1.0838762e-01   9.8440422e-02  -3.1502427e-01   1.7211746e-01  -1.1337632e-01  -1.4247638e-01  -5.3664437e-02  -3.8762115e-01   2.6921066e-01   4.7856617e-01  -1.2839820e-01  -1.0972248e-01   3.3236962e-01  -2.6802895e-01   4.0577464e-01  -2.0212594e-01   1.2703870e-01   2.0605222e-01   2.5288781e-01   3.7676048e-01  -1.1101652e-01   1.4670083e-01   2.2406774e-02   2.8245916e-01  -6.3976352e-02  -3.5638536e-02   2.2400848e-01  -3.0811168e-01   1.9107960e-02  -6.3082363e-02   1.8886383e-01   1.7118323e-01  -5.0859285e-02  -2.9431241e-01  -1.8697469e-01  -9.6184649e-02   7.3588671e-02   1.8121617e-01  -1.9583567e-01   1.2394104e-01   2.4881217e-01  -6.4173576e-02  -2.2817182e-01  -1.3510314e-01   3.0935912e-01   1.3527420e-01   6.1904816e-02   5.6198686e-01   1.5935161e-01  -1.8396617e-03   3.0269308e-01   1.0866588e-02   2.3597264e-01  -3.2448897e-01   1.2252810e-01   2.6155523e-01  -7.0202860e-02   3.4363892e-01  -2.5430638e-02  -2.2735840e-01  -5.1468322e-02  -1.4739677e-01   2.5375098e-01   5.1365840e-01   2.7164033e-02  -1.4867973e-01   7.3058703e-02  -2.6104787e-02   2.6953191e-02   2.0236584e-01   1.5184721e-01   1.8676631e-01  -4.6382917e-02   2.3814007e-01   6.8581969e-02   1.8049711e-01   9.4882313e-02  -1.4156966e-01  -7.4554471e-02   2.6280119e-01  -1.8249556e-02  -4.5883201e-02  -4.3516702e-01   4.1468124e-02  -3.2312165e-01   5.1122853e-01   8.6395811e-02   1.7594051e-01   2.8083261e-01
  -2.7564900e-01   2.5947459e-01   7.3101272e-02   1.6900235e-01   3.7512889e-01  -2.2710913e-01   0.0000000e+00  -2.2228678e-01   4.4771270e-01   3.6976512e-01  -2.4924665e-01   5.8190122e-01   1.9356452e-01  -5.0408932e-01   2.6455562e-01   2.5631881e-01   7.0663298e-02   3.8202761e-01   4.7288522e-02   5.0604176e-01  -1.3740929e-01  -3.3508985e-03   2.7814473e-01  -7.7540186e-02  -6.1251801e-02   3.4328593e-02   5.3581846e-01  -6.6360309e-02  -2.0540273e-02   1.7071873e-01  -1.1542471e-01  -9.0993923e-02  -6.1805735e-03   6.8407585e-01   8.1135264e-01   4.1980873e-01   3.1395182e-01   1.7722711e-01   1.9398514e-01   5.7834879e-01   1.1283146e-01   6.5106926e-02   5.1297929e-01  -3.0843589e-01   6.2543296e-01  -9.9253948e-02  -3.0132789e-01   6.8030851e-01  -1.0480955e-01   1.0465072e-01   3.3302849e-01  -6.3147620e-02   4.9261736e-01  -5.3786987e-03  -2.6020020e-01  -2.7842316e-01   5.1496707e-03  -1.9456328e-01   1.9106635e-02   5.6749344e-01  -1.8556976e-02   6.0558454e-01  -3.9350807e-02  -2.2592328e-02   4.6712402e-01   6.0131846e-01  -1.7609596e-02  -2.4912845e-01  -2.7979056e-01  -2.2299624e-02   3.7777243e-01   2.0112287e-01   2.1861002e-01  -5.0571655e-02  -1.5275466e-01  -3.6430343e-01  -2.2472151e-02  -5.0832156e-02   5.0976000e-01  -2.0329940e-01   3.3771200e-01   2.2027985e-01  -2.5598570e-01  -2.3179991e-01  -3.5310270e-01  -2.9127112e-01   1.3610250e-01  -1.5985261e-01  -1.8296062e-03  -1.2495089e-01   1.0619406e-01  -2.1017665e-01   2.3380530e-01   5.2961549e-01   5.1699095e-02   3.2843092e-01  -1.4717988e-01  -6.7179873e-02   3.2041610e-01   3.7696325e-01  -3.8144824e-01   3.3534946e-01  -2.5151890e-01   2.6490018e-01  -9.3479296e-02   1.0129622e-01  -1.8425340e-01  -9.1250760e-02   4.5917671e-01   4.2691431e-03   3.5530378e-01  -4.2059977e-02  -7.7836030e-02  -2.4976127e-01   1.3271483e-04   1.7613372e-01  -1.4957561e-01   3.3151651e-01  -4.3501448e-01   1.0970136e-01  -1.2454148e-01   2.4358229e-01   3.8373456e-02   2.1776861e-01   1.3407421e-02   1.3181329e-01   4.4781630e-01   7.3413235e-02  -3.0866167e-01  -3.2592584e-02   1.6630817e-01   2.3774141e-01  -3.9410653e-01   8.2115745e-02   2.1480249e-01  -3.3051753e-01  -7.1911241e-02   2.8789551e-01  -2.5743176e-01   3.0236091e-02  -3.2324014e-01   2.5124875e-01  -2.7475115e-01  -1.5956383e-01   3.3642075e-01  -2.7037745e-01   6.2815589e-01   4.0201705e-02  -1.2760249e-02   1.5230659e-01  -1.3692720e-01  -6.9922576e-02  -1.0736509e-01   1.2501743e-01   4.7470361e-01   9.6649824e-02  -1.2646655e-01  -4.2639871e-02  -1.0986724e-01   1.0802379e-01   3.7018777e-02  -2.2826468e-01   8.4065151e-02  -8.8151663e-02   1.5186444e-01   2.4107706e-01   4.0364577e-01  -3.8602656e-01  -2.1470643e-01   1.2555262e-01   2.9066599e-01   1.3475018e-01   5.2174156e-01  -4.3334702e-01  -3.2362015e-01  -1.3815160e-01   1.2642971e-01
  -3.0987053e-01   3.6587275e-02   1.4156069e-01   2.2741150e-01  -5.3352457e-02   3.6794207e-01  -2.2228678e-01   0.0000000e+00  -1.8295420e-01   1.0616764e-01   2.7731939e-01  -1.8115723e-01   8.9069328e-02   1.3396034e-01  -8.1782271e-02   3.1611289e-01  -1.4476962e-01   9.8489819e-02   4.1253943e-01   4.4380195e-02   1.4823615e-01   6.7598020e-01  -1.3828267e-01  -3.4647262e-01   3.2182868e-02   6.9300472e-01   7.9459613e-02  -1.6624600e-01  -3.0000065e-01   1.8345126e-01   1.3096797e-01   3.7557636e-01   9.7623256e-03  -8.3782718e-02  -3.7285681e-01   1.3032553e-01   8.6054765e-02  -4.3853576e-01   3.5876556e-01  -4.1229516e-02   2.2214434e-01  -2.3440697e-02  -1.2672069e-01   7.0799223e-01  -1.4010562e-01  -4.0802746e-01   3.6554494e-01  -3.2054629e-01   2.9969170e-01  -7.2484648e-03   1.5266558e-01   6.8524296e-01  -2.5764882e-01  -2.8270360e-02   7.1476133e-02   3.4248053e-01   5.2148034e-01   3.9455717e-01   4.4374547e-01  -1.8680997e-01  -2.9781473e-01  -1.3761555e-01   1.2574574e-01   1.2945434e-01  -2.3103473e-01  -1.9271264e-01   4.6579824e-01   8.4345676e-02   6.7350396e-01  -4.0109771e-01  -1.9594183e-02   1.2852650e-01   1.4847614e-01  -6.1914502e-02  -4.2737434e-02   3.2269487e-01  -3.0097610e-01   5.9868348e-01  -3.0208412e-01   2.5034822e-01   9.2645320e-02   2.1072963e-01   2.8021108e-01   6.2895014e-01  -4.9775003e-02   2.0340300e-01  -1.2326568e-01  -4.0545496e-02   3.4526917e-01  -3.8843712e-01  -8.8191405e-02  -1.8596232e-02   7.8168888e-02  -9.0472518e-02  -4.8726700e-01  -1.3881319e-01   1.6355942e-01   4.2560247e-01  -3.3941602e-02   5.2796981e-02  -1.4500560e-01  -2.1653609e-01   2.8774913e-01  -9.0337358e-03   2.0575763e-01   5.0722825e-01   8.0577458e-02   6.0848006e-01   4.0845676e-02   2.4447423e-01   1.3370547e-02   2.1609558e-01   1.6661099e-01  -4.7622597e-01  -2.1617961e-01  -1.3482398e-01   4.3540015e-01   1.3816216e-02  -1.8672406e-01   2.0576066e-01  -2.7205693e-01  -7.0370807e-02  -7.4235877e-02   9.2461644e-04  -4.0329789e-01  -1.7547903e-01  -1.6317630e-01   1.8365807e-01   4.5534552e-01  -3.3742207e-01  -4.6541220e-02  -4.9039262e-02   1.1167528e-02   1.3539039e-01   1.0730356e-01   6.3264669e-01   4.3005334e-02  -1.5162226e-01   3.4259001e-01  -2.5664058e-01  -1.5759108e-01  -1.9767433e-01   4.5695012e-01   6.5625832e-02  -2.0809322e-01   5.1999312e-01   4.0530573e-02  -9.8185780e-02   1.8817686e-01  -2.2819542e-02  -1.6211996e-01   3.7170267e-01  -2.0886123e-01  -6.4284267e-02   4.3669483e-02  -3.8586840e-01  -2.9556892e-01   3.3903409e-01   2.3061472e-03   1.1145290e-01   6.9358686e-02   5.3949464e-01  -4.4192231e-03   4.3666832e-01   4.7882048e-01   9.7148507e-02  -1.0062124e-01   3.0491639e-02  -2.8420266e-01  -6.5028711e-02  -2.3640661e-01  -2.8779070e-01  -1.1913243e-01   2.7504488e-01   2.1956095e-02   4.6245311e-02   5.2932442e-01
  -2.4947366e-01   3.7820255e-01  -2.0975709e-01  -6.3330745e-02   7.1048033e-01  -3.8693433e-01   4.4771270e-01  -1.8295420e-01   0.0000000e+00   2.7151321e-01  -8.1267777e-02   1.0015864e-01   1.7899394e-01  -5.8004217e-01  -2.5491147e-01  -1.1222877e-01  -4.6003419e-02   3.6917947e-01  -9.3017620e-02   5.0030524e-01  -1.9849123e-01  -2.3796992e-02  -5.9575601e-02  -2.7164296e-01  -1.1635862e-01  -1.6924378e-02   4.2540714e-01  -4.2274616e-01   7.6716102e-02   3.1809414e-01  -2.5022174e-01  -6.5760870e-02  -1.3098330e-01   5.7115898e-01   5.5580755e-01   5.3179785e-01   3.7540836e-01  -9.5591409e-02  -3.5967168e-02   5.0686384e-01   1.0341397e-01  -1.0388790e-01   3.3794983e-01  -2.1711587e-01   3.0602680e-01  -8.0067593e-02  -6.4053520e-02   7.2763768e-01  -2.4723096e-01   2.0660708e-01   7.1805471e-02   4.3264863e-02   6.6489414e-01  -1.2762066e-01  -2.6894670e-01  -2.2700546e-01  -2.9178893e-02  -2.4677384e-01  -1.7030122e-02   5.6111135e-01  -1.5589807e-01   3.5357967e-01   3.3434626e-01   3.4994705e-01   6.0582719e-01   3.7326075e-01  -4.9878249e-02  -1.1498827e-01  -2.4443667e-01  -1.3422294e-01   3.5572168e-01  -2.0747420e-01   4.7717158e-01  -4.5357272e-01  -1.9542075e-01  -2.6227677e-01  -7.0807562e-02  -8.0275789e-02   5.7522778e-01  -1.2071421e-01  -2.9418730e-01   3.3509518e-01  -2.2775666e-01  -1.5019375e-01  -4.3030316e-01  -1.4728094e-01   1.0884773e-01  -3.7712407e-01   1.6708153e-01  -2.0843720e-01   6.4460216e-01  -2.3610421e-01   2.0911196e-01   4.1230472e-01  -4.2961604e-02   5.4396180e-01  -1.9733045e-01  -1.0869176e-01   2.1443328e-01   1.9001870e-01  -4.3683229e-01   3.1271680e-01  -3.9663201e-01   6.9199537e-01  -6.2560162e-02   2.2655210e-02  -1.4967257e-01   1.3167069e-02   1.5858462e-01   1.2855920e-01   2.9020445e-02  -3.8404742e-01  -1.5640946e-01  -1.7719574e-01  -3.5382561e-01   4.4311513e-01   5.4679781e-02   3.1210670e-01  -5.3771775e-01  -1.5107340e-01  -3.5251732e-01   5.8728590e-01   3.2366786e-01   5.0488578e-01  -1.8934236e-01  -3.5046739e-01   2.0294311e-01   5.8246189e-02  -1.7170443e-01  -2.3931565e-01   1.8284079e-01   2.1536315e-01  -5.3166408e-01   2.6069116e-01   2.2365464e-01  -3.1098505e-01  -4.9296411e-02   2.1925472e-01  -2.7249559e-01  -1.1561527e-01  -3.8729454e-01   2.5158438e-01  -7.7625331e-02  -5.0611987e-01   1.1999363e-02  -4.8331584e-02   4.5390273e-02   4.4358840e-01   8.8478941e-02   3.3653309e-01  -3.6425807e-01  -2.7362493e-01  -2.2226948e-01   3.6947403e-01   1.7040096e-01  -5.8859172e-02  -3.2414171e-01  -5.8965393e-02  -1.7472379e-01  -3.2774217e-01  -1.0916888e-01  -2.1342864e-01   3.1162759e-01  -4.1756462e-02  -3.4794736e-03   2.9820889e-01   1.5849056e-01  -2.1622335e-01  -2.2534940e-01   2.0854485e-01   4.9462705e-01  -2.1532547e-01   4.7526320e-01  -5.7066945e-01  -1.9944125e-01  -2.9874689e-02  -5.6257152e-03
  -3.0609705e-01   5.0529464e-02  -7.8405708e-03  -4.9337225e-02   4.4566063e-01  -1.3332511e-02   3.6976512e-01   1.0616764e-01   2.7151321e-01   0.0000000e+00   2.4784762e-01   6.2922651e-02   2.7561846e-01  -3.7730133e-01   3.5665148e-01   2.2580182e-01  -4.0212717e-02   1.9247745e-01   2.4413887e-01   5.6280152e-01   2.5516042e-01   2.3779163e-01   6.1514614e-01  -3.0192034e-01  -2.7476672e-01   2.4035026e-01   3.6769682e-01  -2.9597771e-01  -6.5732867e-02  -2.4118931e-01   1.1356996e-01   7.5905044e-02   2.8360415e-02   3.8976403e-01   3.2397854e-01   5.8916746e-01   5.9363526e-01  -5.5401888e-02   2.2353320e-01   4.6829286e-01   3.6981513e-01   6.5899490e-02   2.1141120e-01   2.3242286e-02   3.4317933e-01  -2.9515388e-01   1.5432891e-01   2.3945519e-01   9.6207793e-02   1.2629585e-01   1.5206738e-01   3.1954058e-01   4.3818866e-01   7.6784385e-02  -2.2964308e-01  -5.8299786e-02   1.0986207e-01  -6.5999506e-02   3.6869812e-01   1.0273020e-01  -1.3995535e-01   3.3492675e-01   2.1724126e-01   3.5196171e-01   2.9947765e-01   6.8600082e-01   5.9619481e-02  -1.3372452e-02   2.8071520e-01  -3.3002526e-01   2.4615268e-01   3.0296674e-02   3.1919085e-01  -2.3575066e-01  -1.9761972e-01  -1.3951951e-01  -2.0603330e-01   2.3514184e-02   5.3105218e-01   3.9704322e-03   3.0925463e-01   8.5920244e-02   1.1387958e-01  -7.9274879e-02  -4.1548429e-01   5.4248175e-02   1.7197030e-01  -3.1440635e-01   1.1849950e-01  -3.2154112e-01   2.2415025e-01  -7.4687376e-02   5.0846690e-01   1.7313364e-01  -1.3607446e-01   2.0460119e-01  -4.3636466e-02   3.4198324e-01   2.3427278e-01   5.9333727e-01  -4.5621932e-01   2.4352760e-01  -2.7957589e-01   1.7856670e-01   1.4508738e-01   1.1428515e-01  -3.0851209e-03   3.8980442e-01   6.5397076e-01   3.2479283e-01   5.0528259e-01  -1.6865327e-01  -1.0394120e-01  -2.9413579e-01  -2.9181175e-01   4.8395118e-01   7.9391420e-02   3.9481084e-01  -5.0338019e-01   9.0672778e-02  -2.6467074e-01   2.5639325e-01  -5.3703569e-02   3.2849526e-01  -2.9696315e-01  -3.2846591e-01   2.4500515e-01   1.9006507e-01   6.0546832e-02  -3.3255702e-01   2.1958492e-02   6.2392261e-01  -3.6482463e-01   4.3465480e-01   2.2289619e-01  -6.8405216e-02   5.7780092e-02   1.0532971e-01  -6.2906066e-02   7.3613505e-02  -2.7746365e-01   1.4852328e-02   3.1489264e-01  -2.3388281e-01   1.5192090e-01   2.2072087e-01   4.1680228e-01   1.7824459e-01   1.9003979e-01   4.2737943e-01  -3.2891846e-01   4.7271527e-02  -2.8970249e-01   1.0194609e-01   2.3630144e-01  -1.6019935e-01  -1.8387065e-01   3.0742309e-01   1.2275332e-01  -7.6327351e-02  -8.8323399e-02   2.6738649e-01   6.9314046e-01   2.8793500e-01   1.4344416e-01   4.4706649e-01   4.1861795e-02  -3.0886737e-01  -3.3323818e-01   3.4061420e-01   3.2344653e-01   1.9856074e-02   2.9267201e-01  -4.1890187e-01  -1.6640481e-01   2.5345838e-02   1.0678381e-01
  -2.8859872e-01  -1.9775772e-01  -2.5846824e-01  -7.4825213e-02   1.1114299e-01   2.7611423e-01  -2.4924665e-01   2.7731939e-01  -8.1267777e-02   2.4784762e-01   0.0000000e+00  -4.4617832e-01   7.4643646e-02  -1.0341675e-02   1.1193379e-01   3.1367448e-02  -2.6482157e-01   2.0316532e-01   2.2032787e-01  -6.3240828e-02   2.4782606e-01   4.8422529e-01   2.3708135e-01  -3.0768066e-01  -2.3390954e-01   2.2345360e-01   5.0130108e-02  -1.0381226e-01  -1.7468747e-01   3.5422522e-02   1.6400771e-01   3.8635264e-01  -1.6249857e-01  -5.8994300e-02  -3.3761907e-01   2.9323369e-01   5.0000209e-02  -3.8280194e-01   7.4260883e-02  -2.0778618e-01   1.9885843e-01  -1.4033963e-01  -2.3519658e-01   5.7214326e-01  -1.4876352e-01  -2.2352946e-01   6.8481085e-01  -7.7636936e-02   1.2077819e-01  -3.1678818e-01   1.4490893e-01   3.0784315e-01   3.3782017e-02  -3.0315130e-01  -1.7823748e-01   6.4818884e-01   1.4500643e-01   2.4661644e-01   4.4477346e-01  -1.2284563e-01  -1.6073691e-01  -1.2968742e-01  -6.2597789e-02   3.6732950e-01  -8.0136190e-02   1.7480478e-01   2.9876840e-01   1.3536000e-01   6.4845127e-01  -3.3949650e-01  -2.4403209e-01   7.0118992e-02   1.1919825e-01  -7.9493995e-02  -3.7856583e-02   3.2054459e-01  -1.3391877e-01   2.0861227e-01   5.0300081e-02   2.3133815e-01   1.4847499e-01  -8.4617793e-02   4.3248971e-01   3.6791052e-01  -1.8598565e-01   3.5015776e-01  -1.9294748e-01  -2.7809496e-01   3.4018255e-02  -2.9121317e-01   2.9910120e-02  -2.3180534e-01   2.1575226e-01  -2.1011918e-01  -2.9833133e-01  -2.0793559e-01   1.0269234e-01   5.1800063e-01   6.6985464e-02   1.1138017e-01  -1.9618387e-01   9.3422978e-02   4.2985547e-01   2.8111365e-02   5.0964793e-01   2.3209660e-01  -3.7450046e-01   6.2026999e-01  -2.9158768e-02   5.0382311e-01   1.7792508e-01   3.0105018e-01   3.5199439e-02  -3.1569899e-01  -3.3130110e-01   3.2429400e-01   5.1324684e-01   8.1931114e-02  -1.4892861e-01   1.1471109e-01  -3.4696155e-01   9.3564753e-02   4.1832262e-02   9.0209658e-02  -2.9572556e-01  -1.9530131e-01  -1.4724659e-01  -8.1488357e-02   4.4632045e-01  -4.0628712e-01  -3.1754032e-01   4.5731926e-01  -9.6631480e-03   3.3139705e-01  -1.0725917e-01   4.1476126e-01  -8.7670126e-03  -1.1450759e-01   2.5804905e-01  -1.4827581e-01  -1.3704876e-01  -2.5707714e-01   5.2008184e-01  -1.1335200e-01   1.3312031e-02   4.9618481e-01  -2.6806494e-01   2.9635244e-01   4.6856738e-01   9.2657219e-02  -2.2365574e-01   2.9183296e-01  -4.2238566e-01   3.0305945e-01  -3.0887179e-01  -3.1520804e-01  -2.4409650e-01   4.2249680e-01  -2.3527092e-01   2.2794760e-01  -8.2222019e-02   5.0989752e-01   4.7969074e-01   5.2668011e-01   1.2390839e-01   3.1331847e-01   2.0177751e-01  -1.3085461e-03  -3.4097854e-01   8.3092064e-02   7.2699147e-02  -3.2313653e-01  -1.2231054e-02   1.3826781e-01  -3.2004809e-03  -1.0140489e-01   2.3614162e-01
  -6.8311849e-03   5.9558636e-01   5.3482568e-01   1.7855996e-01   8.1022364e-02  -9.1363098e-02   5.8190122e-01  -1.8115723e-01   1.0015864e-01   6.2922651e-02  -4.4617832e-01   0.0000000e+00   3.3884162e-01  -9.5875361e-02   1.5462984e-01   4.7301613e-01   4.8726311e-01   6.0399027e-02   9.1560754e-02   2.0439362e-01  -6.3321827e-02  -1.2023533e-01  -1.4470751e-02   1.9146491e-01  -9.0344521e-02  -2.8067771e-03   2.0323507e-01   6.6208188e-02   7.2246121e-02   9.3478275e-02   4.6076733e-02  -2.3717704e-01   3.5051583e-01   2.2160702e-01   6.0923163e-01   5.1213650e-02  -4.3766897e-02   4.5633069e-01   4.1345195e-01   4.5824091e-01   3.7172234e-01   2.9926292e-01   6.8197967e-01  -1.8665357e-01   5.3006985e-01   8.7945308e-02  -4.1489455e-01   3.4967838e-01   1.2642742e-01   3.6430996e-01   6.0065213e-02  -1.4998825e-01   1.3884527e-01   1.3611446e-01  -1.7102685e-01  -2.1781952e-01  -7.7256049e-02  -5.9040432e-02   1.6593375e-02   5.3862828e-01   2.0747730e-01   4.8761845e-01   1.7861697e-01  -2.8521153e-01   2.2040401e-01   2.7573911e-01  -2.8131679e-02   1.0243444e-02  -2.5371226e-01   2.2410381e-01   4.3841099e-01   3.0209054e-01   2.5287406e-01   2.5553498e-01   2.1651748e-02  -3.3730562e-01   1.2868873e-01  -6.6184149e-03   2.5999735e-01   1.0945914e-01   8.3083851e-02   4.2566154e-02  -4.2915918e-02  -3.4773756e-01   6.7142114e-02  -4.2954621e-01   2.2639674e-01   6.6167387e-02  -7.9794867e-02   1.4261173e-01   3.2286635e-02   1.4068265e-01  -5.6953732e-03   5.9329576e-01   2.5989804e-01   7.0644102e-02   2.1280878e-01  -1.4878116e-01   3.8387862e-01   1.3928355e-01   2.4567796e-02   1.2042576e-01  -2.3756845e-01   2.4147830e-01  -3.2893447e-01   1.2365852e-02   1.5122245e-01  -2.7675795e-01   2.2110272e-01  -1.3023884e-01   2.2165415e-01  -8.7189363e-02   2.2373755e-01   6.9913198e-03   2.8785059e-01   8.0319926e-02  -2.2559863e-01   3.4556602e-01  -1.9607712e-01   2.9302648e-01   1.0259176e-01   1.6633695e-01   1.0028445e-01   6.3333828e-02   2.7491573e-01   4.6457488e-01   4.2384321e-01   2.6161019e-01  -3.6499952e-01   1.9793387e-01   1.7268214e-01   6.8545277e-02  -8.8271219e-03  -1.0988396e-01   4.6445257e-01  -3.6675401e-01   4.6644362e-02   1.6779135e-01  -2.8875425e-01   2.4498531e-01  -4.2190821e-02   2.3373870e-01  -4.0436961e-01   3.3883559e-03   3.2279157e-01  -4.8233599e-01   5.0963913e-01  -3.2463122e-01  -2.0949727e-01   8.9873051e-02   2.4566285e-01  -1.1892378e-01   1.1427556e-01  -1.9993407e-02   5.4453465e-01   3.6715897e-01   1.8816090e-01   1.4196043e-01   2.2142215e-01  -8.3850494e-02   2.5595140e-01  -2.5608854e-01  -2.9229535e-01  -3.1516128e-01   2.0068854e-01   1.7181160e-01   3.6897934e-01  -2.1940054e-01   3.0790153e-02   1.6954786e-01   1.0399614e-01   4.8109416e-01   3.3048798e-01  -2.5045545e-01  -2.1273490e-01  -9.8194044e-02   1.7980066e-01
  -4.6736939e-02   2.2849721e-01   3.0118800e-01  -6.7867863e-02   3.0550727e-01  -1.5472847e-01   1.9356452e-01   8.9069328e-02   1.7899394e-01   2.7561846e-01   7.4643646e-02   3.3884162e-01   0.0000000e+00  -1.5394430e-01   8.4406280e-02   2.8956084e-01   3.6003986e-01   5.7637869e-03  -5.0791353e-02   2.9775616e-01   1.1266542e-01  -2.0773476e-02   1.1471212e-01  -1.0619633e-01  -2.6863730e-01  -6.8293681e-02   1.1969795e-02  -2.6022501e-01  -1.0658395e-01  -9.8981854e-02   1.0672184e-01  -1.6239693e-01  -6.3755938e-02   2.8230408e-01   4.1289250e-01   2.8951415e-01  -1.5563802e-01   2.1298358e-01   3.1133673e-01   1.7996741e-01   6.1692619e-01   5.1677849e-02   3.2740244e-01   1.1058250e-01   2.9811282e-01  -2.9224606e-02  -3.0728876e-02   1.5304010e-01   4.8747618e-02   1.1537783e-01   2.0444368e-02   1.1205559e-01   1.9354403e-01   6.1096348e-02   1.9723800e-02   8.6743613e-03  -1.7049955e-01  -1.3122830e-01   5.5915488e-02   3.0981951e-01   1.2661762e-01   4.9610240e-01   4.2713187e-02   2.1021031e-01   5.1236756e-02   2.6856362e-01  -8.9314665e-02  -7.4716876e-03  -3.3180954e-02   3.6661420e-03   1.1071657e-01   1.3534943e-01   5.4957303e-01  -1.3872851e-01   1.0608004e-01  -3.3300934e-01   8.7784593e-02   1.4410964e-01   1.5740465e-01  -3.3889208e-02  -6.8642419e-02   3.7646040e-01   3.5599100e-02  -1.3653024e-01  -4.1659818e-02  -3.0228011e-01   1.8479075e-01  -9.5486374e-02  -4.7247306e-02  -1.6785928e-01   1.0322742e-01   8.5444026e-02   4.6433957e-02   3.3161464e-01   1.8326929e-01   1.1136893e-02   1.7214866e-01  -1.5228847e-01   2.7433504e-01   2.7965312e-01  -2.1662582e-01   3.2251566e-01  -1.6255358e-01   2.5728013e-01  -1.9012812e-01  -1.1175348e-01   1.3970370e-01  -5.3598493e-03   1.4605234e-01   1.8425996e-01   2.1401578e-01  -1.6536157e-01  -4.1373185e-02  -6.5247717e-02  -1.0702485e-01   1.7702457e-01   7.6325211e-02   6.9333096e-01  -4.4530205e-01   4.9150888e-02  -1.0325471e-01   2.3245287e-01   2.2543377e-01   9.9796639e-02  -7.5180835e-02   5.2548796e-02   2.4585675e-01   1.0923494e-01  -1.3580536e-01  -2.3255905e-02   8.9556306e-02   3.4377248e-01  -1.6253589e-01   2.5044948e-01   9.8520409e-02  -2.5566164e-01   8.7118694e-02   1.3397422e-01  -3.6106304e-01   2.4088795e-01  -1.1714283e-01   4.9225823e-01  -2.3872809e-02  -2.0283057e-01   2.6254984e-01  -9.1848557e-02   2.0010728e-01  -6.4733456e-02   1.7011673e-01   2.9684614e-01  -1.1643170e-01  -2.8268075e-02   2.7012568e-03   5.5694911e-02   1.3605801e-01   4.6107104e-02   1.0798072e-01   3.3177596e-01   1.5084260e-01  -1.8608113e-01   5.3062252e-02   1.3023360e-02   1.5960757e-01  -9.3794426e-02   1.0310587e-01   1.7856365e-01   8.9024403e-02  -9.4963599e-02   4.2438485e-02   1.0209772e-01   5.1402814e-02   1.3010829e-01   1.8447317e-01  -3.4160250e-01  -1.1864327e-01  -8.2398831e-02   1.5551990e-02
   7.2679973e-01  -3.1479657e-01   1.5677616e-01  -5.7853342e-02  -5.6716076e-01   4.2721881e-01  -5.0408932e-01   1.3396034e-01  -5.8004217e-01  -3.7730133e-01  -1.0341675e-02  -9.5875361e-02  -1.5394430e-01   0.0000000e+00   1.4603127e-01   2.5316548e-03   8.9898391e-02  -2.9278417e-01   7.6442569e-02  -6.5881810e-01   5.0534843e-02  -4.0172509e-02  -2.8469396e-01   6.0506516e-01  -1.2361676e-01  -5.2702170e-02  -6.2406064e-01   6.0599841e-01  -2.6209784e-01  -1.5453599e-01   2.4412613e-01  -8.6378791e-02   2.0686834e-01  -5.4577593e-01  -4.5387724e-01  -5.4968771e-01  -3.9320406e-01   2.3937981e-01  -7.6366626e-02  -5.3602523e-01  -5.7290224e-02   2.1308499e-01  -3.4041946e-01   1.8022961e-01  -2.6368501e-01   3.5913674e-01  -1.2258937e-01  -6.1596907e-01   1.4669019e-01  -2.7280937e-01  -2.3132066e-01  -8.2121760e-02  -6.4330621e-01   1.8178632e-02   4.6991765e-01   2.3059619e-01   6.2701921e-02   8.7628413e-02  -1.8155601e-02  -4.1421396e-01   1.8339197e-01  -3.1973814e-01  -2.0166935e-01  -3.6204745e-01  -4.6380458e-01  -4.1545889e-01   1.1102061e-01   2.3731221e-01   1.9142137e-01   4.5246051e-01  -4.7770329e-01   1.1976599e-02  -3.4468784e-01   5.5059333e-01   2.9599033e-01   2.5248230e-01   3.1157052e-01  -1.6558562e-02  -5.5460716e-01   1.9067603e-01   6.0167715e-02  -2.2203759e-01   1.9099521e-01   7.2594714e-02   7.8269572e-01   2.3688142e-02  -2.0771238e-01   6.8037148e-01  -3.5864766e-02   6.0219635e-01  -4.2637162e-01   1.7788894e-01  -4.1002366e-01  -2.4821265e-01   2.7533560e-01  -6.4048498e-01   3.6994006e-01  -8.4201073e-03  -1.1553183e-01  -1.0911548e-01   6.7820403e-01  -2.3112919e-01   3.8573488e-01  -4.1770468e-01  -8.6793914e-02  -1.0706174e-01   2.8877505e-01  -1.7643559e-01  -3.8745588e-01  -2.8341036e-01  -2.9339897e-01   2.6222769e-01   5.9264683e-02   4.9821999e-01   5.5252156e-01  -4.4170294e-01  -3.4708579e-02  -3.2443852e-01   5.6053935e-01   2.0875532e-01   4.9561320e-01  -3.4115979e-01  -9.7139322e-02  -3.2150518e-01   4.9699116e-01   5.3779875e-01  -1.6555537e-01   2.9251791e-02   4.1917961e-02   3.8665038e-01  -3.0207055e-01  -3.4565557e-01   8.2255785e-01  -3.1439322e-01  -1.1634332e-01   3.4416766e-01   1.4859859e-01  -2.6282722e-01   2.0504090e-01   2.0981989e-01   7.6322067e-01  -3.3747258e-01  -1.0486523e-01   3.3760191e-01  -4.1619539e-05   1.5998379e-01  -3.6767516e-01  -3.3181187e-01  -1.9652930e-01  -3.0041059e-01   6.4266237e-01   1.2270042e-01   4.3985544e-01  -2.8960434e-01  -2.2393921e-01   3.2597296e-01   5.5546187e-01   4.4534792e-02   9.7541731e-02   2.0104525e-01   8.5312097e-02  -1.8725544e-02  -3.5779647e-01  -1.2777709e-01  -1.6975067e-01  -2.4523297e-01  -1.9405022e-01   4.2328487e-01   5.3137359e-01  -3.8885372e-01  -4.8380087e-01   3.2286547e-01  -4.9402971e-01   5.1554979e-01   3.5537856e-01   1.0411439e-01  -1.4200662e-01
