   0.0000000e+00  -9.6434155e-02   4.1427314e-01  -1.4399396e-01  -3.5116507e-01  -2.0080015e-01  -2.2720679e-01   4.4002041e-01   2.3476621e-01  -4.8447264e-01   1.5152889e-01   1.9302211e-02  -1.1778293e-01   4.0432224e-01   5.3440708e-01  -1.4067148e-01   2.6024766e-01  -5.5751680e-02  -2.1544007e-01  -4.6431371e-01   5.2043744e-02   1.2965098e-01  -5.8182731e-02   7.4832023e-01   2.7911637e-01   4.0523906e-01  -4.6178953e-02   4.1334086e-01   2.2558597e-01  -3.2345617e-01   2.1676525e-01  -4.4651875e-02  -2.0779698e-02  -3.5491712e-02   1.3647035e-01  -2.9678298e-01  -3.2062393e-02   3.9442112e-01  -3.7161670e-01  -3.1866774e-01  -8.8061288e-02   1.6228310e-01   1.7264878e-01   4.4899994e-01   1.1376110e-01   2.8168678e-01  -1.1002118e-01  -2.3595250e-01  -1.3142661e-01   2.3958060e-01   2.9286077e-02   6.0010691e-01  -2.8251727e-02   2.4986567e-01   9.7761020e-02   4.1463968e-01   8.7296208e-02  -3.3298251e-02   1.3860548e-02   2.1253358e-01   1.5728571e-01  -3.0490929e-01   1.4552219e-01   3.5280613e-01   2.2981067e-02  -3.3863168e-01   6.2297004e-02   3.0234907e-01   2.6361444e-01   2.1785380e-01  -2.1449699e-01  -3.6576614e-01  -3.4188620e-01   6.4303621e-01  -8.6676564e-02   1.5659890e-01   1.6214162e-01   3.4673599e-01  -8.0677023e-02   3.5446490e-02  -9.4798681e-02  -3.1176983e-01  -1.0043515e-01   2.8078852e-02   6.4221351e-01   3.1894747e-01  -8.4880782e-02   3.4397493e-01   2.6987212e-01   7.0881992e-01  -5.0304741e-02   7.1402319e-02  -2.6731957e-01   2.0021810e-01   1.2298278e-01  -1.4046015e-01   6.7352765e-02   4.4036963e-01   3.7644179e-02  -5.4895992e-03   6.5353803e-01   3.7119295e-01   6.1884599e-02   2.3675187e-01   2.5960547e-02   2.4154197e-02  -4.3938450e-02   5.7792797e-01  -1.7194139e-01  -2.4263388e-01  -6.7121977e-02   2.5839418e-02   7.1543897e-02   7.9503804e-01   9.0708377e-02   3.4283325e-02   4.4901046e-01  -7.8899761e-02   2.9942440e-01  -6.6583189e-02   5.7345211e-01   2.3143338e-03   2.2238935e-01   3.4442107e-01   5.3699911e-01   4.2257464e-01   1.9615199e-01  -8.3740507e-03  -1.1570922e-01  -7.4398733e-02  -6.2909221e-01  -2.9090742e-01   3.8914640e-01  -1.1636482e-01   8.7547560e-02   4.0330730e-01   2.3710071e-01   3.4047262e-02   4.9367193e-01   6.5020834e-01   7.6309480e-01  -2.6600555e-01   3.4181400e-01  -2.7969713e-01   2.1876573e-01   1.2898498e-01  -1.7232214e-01  -8.6523507e-02  -1.7558356e-01   7.4303861e-03   6.4280809e-01  -4.2254403e-02   1.0987811e-01  -4.5370370e-02  -1.1463534e-01   6.0250711e-01   3.3648432e-01  -1.4315669e-01   2.3784317e-02   2.2060103e-01  -1.0456487e-01   1.0592613e-01  -3.0483882e-01  -3.4864178e-02   5.0226932e-02  -2.7328599e-01   3.6182536e-02   2.6206952e-01  -2.8286995e-02  -1.6729503e-01  -2.0482087e-01   4.2799955e-01  -1.0720462e-01  -2.3566982e-01   1.5740391e-01   6.6958551e-02   9.9079953e-02
  -9.6434155e-02   0.0000000e+00  -1.5305570e-01   3.5944009e-01   3.1195375e-01  -3.1951723e-01   1.3583954e-01   1.9656244e-01   6.9013674e-01   1.4551009e-01  -2.8193759e-01   8.8697866e-01  -2.9318976e-01  -2.6614785e-04   1.3112251e-01   1.4612289e-01  -1.2545932e-01   2.0883421e-01  -7.1418758e-02   1.0557231e-01  -1.5907881e-01   4.5605561e-01  -2.6936045e-01  -1.1458954e-01   7.7783422e-02   2.9649691e-02  -2.6430250e-01  -1.9334575e-01   3.4219632e-01   6.6700790e-01  -1.0349096e-02   1.9561519e-01   4.1187693e-01  -3.4942514e-01   5.0719799e-01  -3.3811542e-01   3.5596216e-01  -1.0930490e-01   3.8425272e-02   5.1990360e-01   1.1559561e-01   3.6407953e-01   6.7519165e-01  -9.9641512e-02   5.1971280e-01  -5.4029856e-01  -4.5172418e-01   3.2440388e-01   4.2193357e-01   5.7581588e-01   1.8789448e-01  -1.3759755e-01   3.9234287e-01   3.2530996e-01   4.8300961e-01  -2.6226258e-01  -1.6412356e-01   3.9501373e-01   3.3130047e-01   7.0462745e-01  -3.5635302e-01   6.5942541e-03   7.6195372e-01  -8.3661911e-03   5.5831869e-01  -1.9057724e-01  -1.5147967e-02   2.6214635e-01  -1.7339252e-01  -6.1066259e-01   3.8623818e-01   3.8097644e-01  -5.5924724e-02   6.2927385e-02   2.8872926e-01   8.4638514e-02  -4.6416331e-01  -1.4379545e-01   5.8199848e-01   4.1792151e-01   3.5789044e-02  -2.1239913e-01  -2.2349331e-01   1.1668047e-01  -3.3932318e-01  -8.3031982e-02   1.6718366e-03   1.8772280e-01   5.2192995e-01  -1.8841794e-01   4.1783157e-01  -7.7834111e-02   2.1927957e-01   7.0314034e-01  -3.1025231e-01   4.1304200e-01   3.4758021e-01   5.3398866e-03   3.8678857e-01   2.1751517e-01  -3.0141654e-01  -2.0120911e-01  -2.1546696e-01   6.5777355e-01   1.1133435e-01   3.6406707e-01   5.0071472e-01  -1.6426961e-01   2.6900920e-01  -1.1874130e-01  -1.8504691e-01   1.7232669e-02   4.6912738e-01  -5.5897402e-02  -1.8640384e-01   4.0374103e-01  -1.1441183e-01   5.4584092e-02  -4.5614962e-01   2.6840631e-01  -2.8954133e-01   4.8185577e-01   6.5517804e-01   3.6014568e-01  -3.2458887e-01   4.2536676e-01   2.6278123e-01   3.2658748e-01   5.3383435e-01  -5.9787728e-01  -9.2240987e-02  -1.0305110e-01   3.7805674e-01   3.0323174e-01   6.7406859e-01   9.8302974e-02   3.4733703e-01   1.2512103e-02  -6.2456963e-02   2.2047493e-01   5.6287909e-02  -4.3491707e-01  -1.3648415e-01  -4.1719292e-01  -6.7420453e-02   8.3491398e-02   3.1281376e-01  -1.4738923e-01  -2.9621231e-01   2.7908688e-01  -3.4282652e-01  -5.9041431e-02   4.1147606e-02  -8.1892537e-02   5.9307740e-01   1.1962659e-01  -3.7450300e-01   3.1639841e-01   1.2035944e-01  -2.6278117e-01   6.6116513e-01  -2.9644246e-01   1.8626102e-01   4.0353110e-01   2.2377802e-01   2.8743177e-01   9.2056569e-02  -7.6273407e-02  -1.1398144e-02   2.1957246e-01   3.8526821e-01  -2.7481262e-01   4.5330317e-01  -3.2635809e-01   3.7965259e-01  -1.0668099e-01   4.2013683e-01
   4.1427314e-01  -1.5305570e-01   0.0000000e+00   2.5646361e-01  -1.3239905e-01   2.7433119e-01  -2.1384438e-01   4.6647564e-01   4.3177387e-02  -3.9044362e-01   3.9527955e-01  -9.6331078e-02   3.3578916e-02   1.5145897e-01   1.6916994e-01   3.3929906e-02   8.9389814e-01   1.6550943e-01   1.5262074e-01  -1.8152712e-01   2.5325896e-01   1.2622243e-01   6.7982565e-02   4.9424785e-02   2.9869743e-01   4.7435397e-01   1.2782465e-01  -8.7247319e-02   2.8972627e-01  -3.3118005e-01   3.5846163e-02   2.4633463e-01   2.5450408e-01   4.7098258e-02  -8.8894877e-02  -2.1813244e-02  -3.0753334e-01   1.7728312e-01  -1.4177264e-01  -2.8730003e-01   1.1816630e-01   2.4215583e-01  -1.3877782e-01   4.4442172e-01  -7.1786070e-03   3.8125561e-01   1.3496847e-01  -3.0424448e-01   1.8302061e-02   4.3416022e-01   1.4186677e-01   5.9478553e-01  -4.1754205e-01   1.3863978e-01  -1.4270240e-01   2.5467033e-01   2.3972860e-01   1.1658598e-01   2.2720349e-01   1.9915908e-02   6.7437420e-01   3.5656464e-02  -1.8735067e-03   2.5073194e-01  -1.7543830e-01  -1.4996555e-01   4.2635592e-01   1.4098077e-01   5.5933320e-01   6.1875973e-01  -3.6164394e-02  -7.8284227e-02  -9.3769018e-02   3.1218385e-01   1.4724103e-01   2.6502338e-01   4.7076292e-01   3.3087860e-01  -1.9997902e-01   2.0706620e-01  -1.1819341e-01  -2.3803991e-01  -7.6080600e-02   2.1628590e-01   4.4794174e-01   4.8431320e-01  -2.4804117e-03  -2.8540417e-01   2.4241136e-01   8.4014673e-03  -9.7578139e-02   6.7758133e-01  -2.4441180e-01   4.8456741e-02   2.5873178e-01   8.4782190e-03   2.3092949e-01   4.6530114e-01   1.9245315e-01  -1.3965936e-01   3.6941349e-01   7.7806726e-02   8.9283826e-02  -1.3567662e-03   2.0055421e-01   2.6848588e-01   9.9589492e-02   6.3862613e-01  -8.7518125e-02  -1.2820622e-01  -1.7122271e-03   1.9582360e-02   4.4670435e-02   1.8445953e-01  -1.9527507e-01  -1.9305844e-01   2.0472748e-01   1.3203690e-03   7.2539576e-02   3.1962498e-01   3.2460674e-01   3.5123273e-02   1.8231624e-01   4.3029392e-02   2.2408481e-01   7.7567420e-02   5.4504769e-02   1.4870768e-01   1.5737186e-01   4.1828199e-01  -3.7821885e-01  -2.9237163e-01   1.8773886e-01  -2.9447499e-01   1.1555568e-02   4.3653510e-01   3.0785962e-01  -1.8539092e-01   6.1335032e-01   2.0520343e-01   3.1613279e-01  -1.7531712e-01   4.4595675e-01  -2.8532799e-01   1.0360517e-01   1.8856704e-01  -1.0682670e-01   1.7002316e-01   1.2638538e-01  -8.3371283e-02   1.3461701e-01  -8.2645367e-02   2.8822143e-01   7.6879892e-02  -1.7434778e-01   8.7598727e-02   4.3174149e-01   1.2017712e-01   6.0895770e-01   2.8392044e-01  -7.3655969e-02   3.2783342e-01  -2.9566002e-02   1.5218629e-01   3.8198815e-01  -4.3612329e-01  -5.3189454e-02   1.9059535e-01   2.4477300e-01  -2.5015325e-01  -3.2495644e-01   1.6098521e-01   5.9487313e-02  -2.0844908e-01   2.9442179e-01   2.9647909e-01   3.6767444e-01
  -1.4399396e-01   3.5944009e-01   2.5646361e-01   0.0000000e+00   2.9747788e-01   3.2946250e-01   9.9506775e-02   3.8193824e-01   4.1561667e-01   7.6554744e-02  -1.1596470e-02   2.5073319e-01  -1.4708565e-01   8.3480286e-03  -7.6472150e-03   2.5809789e-01   3.3110932e-01   5.2466544e-01   4.0690712e-01   1.9566514e-01   8.5789403e-02   5.4061379e-01  -1.3755717e-01  -4.6224188e-01   1.8874766e-01   3.8074849e-01   4.9000569e-02  -2.4009375e-01   2.4662532e-01   2.2442188e-01   1.3977893e-02   5.9062773e-01   6.1512888e-01  -3.0188534e-01   4.2206921e-01  -9.6620870e-02   5.3242025e-02   5.8620852e-02   1.4866436e-01   2.6155017e-01   3.1226010e-01   5.1823179e-01   8.5185624e-02   1.4891710e-01   4.6070451e-01   3.6261243e-03  -7.7038542e-02   7.1455451e-02   7.0045122e-01   5.1099399e-01   4.7244428e-01   2.7571078e-02  -1.7447532e-01   1.9616477e-01   2.9208133e-01  -1.5575415e-01   2.6653391e-01   5.0876082e-01   7.0386486e-01   4.6898154e-01   2.6686012e-01   1.8397684e-01   2.5409572e-01   6.4598458e-02   3.7852538e-01  -2.1730098e-01   3.0591224e-01   1.8662970e-01   3.2374455e-01  -5.5822940e-02   1.1031990e-01   5.5749196e-01  -1.3875753e-02   1.0108154e-01   1.9818718e-01   3.6464074e-01   1.4425495e-01  -1.6268038e-01   1.3928715e-01   4.8752208e-01   1.6319070e-01  -1.6251703e-01  -3.4749208e-01   4.7866161e-01   3.4130775e-02   2.6626273e-01   2.0793934e-02  -3.7148032e-01   3.6810442e-01  -3.1965928e-01   2.9138636e-01   6.1863190e-01  -2.6486331e-01   4.5522394e-01   1.6108922e-01   1.9453606e-01   5.9060004e-01   2.2692127e-01   6.8715837e-01   2.4525532e-01  -7.2702498e-02  -1.9052495e-01   1.8330852e-01   3.1981818e-01   5.9535822e-01   6.5438612e-01   5.4967073e-01   1.0008445e-01   6.5500594e-02  -3.4006136e-01  -3.7264032e-01   3.6127125e-01   4.8367114e-01  -1.1721294e-01  -2.8367493e-01  -1.7431934e-01  -3.2596233e-01   3.2441533e-02  -3.2238136e-01   8.4091079e-01   5.6792824e-02   2.3662748e-01   3.5933412e-01   3.0730985e-01  -1.2731723e-01   1.7163483e-01   3.6023785e-01   3.8321300e-01   6.8427563e-01   1.8521244e-02  -3.4577650e-02  -3.2311014e-01   2.8194337e-01  -1.1940815e-01   3.5972413e-01   2.1249937e-01   4.2516828e-01  -4.3757598e-02   1.5758730e-01   6.1307999e-02   4.0308817e-02  -4.6814675e-01  -8.9701531e-03  -4.7400795e-01  -8.8862150e-02   4.4250398e-01  -5.9526005e-02  -1.2110660e-01  -1.4430326e-01   3.0299522e-01  -3.5078818e-01   2.8578898e-02   5.1758181e-01  -2.5215115e-01  -4.9706221e-02  -1.4497955e-01   1.0505243e-01   5.4878649e-01   6.4567230e-01   2.5183694e-02   3.5590247e-01  -5.3937119e-02   1.1892233e-01   6.8340767e-01   6.5757222e-01  -3.8169372e-01  -3.3728526e-01   5.3662441e-02   4.6132670e-01  -1.6730718e-01   9.5985265e-03  -1.2973266e-01   6.1444764e-01  -4.2202745e-01   5.5245184e-01   1.9038396e-02   7.7506723e-01
  -3.5116507e-01   3.1195375e-01  -1.3239905e-01   2.9747788e-01   0.0000000e+00   1.8189480e-01   6.3202227e-03  -1.3687758e-01   1.8606555e-01   2.9377642e-01   1.4112497e-01   1.9372666e-01  -3.0384863e-01  -3.5410607e-01  -2.5094602e-01   3.0463085e-02   7.2823809e-02   3.8228150e-01  -4.7200355e-04   7.1782470e-01  -5.6851618e-02   2.6132622e-01  -1.3077209e-01  -3.3995251e-01  -2.4035643e-01   1.2449524e-03   2.3842183e-01  -2.8279828e-01   8.1363248e-02   4.7141310e-01  -1.8591542e-01   3.7744302e-01   2.2689566e-01   6.0913552e-02  -4.7098449e-02   3.7461249e-01   2.6749710e-01   7.4150380e-02   1.6544606e-01   2.1199197e-01   8.8727669e-02  -1.6930471e-02   1.6142263e-01  -1.8531371e-01   3.7660720e-01  -8.8682440e-02   1.0884603e-01   3.1516600e-02   3.8471102e-01   1.8779237e-01   1.0974546e-01  -2.4316480e-01   2.0628379e-01  -1.3490775e-01   5.6273381e-02  -9.6836142e-02   4.4008675e-02   4.5745688e-01   3.1318278e-01   7.0569163e-02   1.7487890e-01   1.3322839e-01   2.0370887e-01   7.6565995e-02   2.2026282e-01   2.1662119e-01   2.4886031e-01  -1.7234625e-01  -3.2590351e-02  -1.4501538e-01   9.9148028e-02   4.8351920e-01   1.1037534e-01  -2.0162012e-01  -1.2330835e-01   2.3260868e-01   1.1222092e-01  -1.7450325e-01   5.9731157e-01   1.8163077e-01  -1.2386553e-01   8.9895339e-02   1.2600748e-02   8.8442382e-02  -1.9845393e-01   8.1666790e-02  -3.2137761e-01  -3.1170058e-01   5.9414366e-02  -3.2322860e-01   5.3594364e-01   1.7925837e-01   3.3008028e-01   1.5830811e-01   1.7337386e-01   5.7273720e-01   1.5034896e-01  -2.0638398e-01   1.9723668e-01  -6.1408419e-02  -3.4563276e-01  -2.8797337e-01  -1.3905049e-01   1.0447644e-01   1.5252615e-01   3.6935421e-01   2.1360050e-01  -3.0283433e-01   5.7986699e-02   2.6085342e-01  -4.8198897e-02   1.7987298e-01   5.6387058e-04  -3.2396205e-01  -4.4272114e-01   3.3445637e-01  -3.5444985e-01  -1.2321032e-01  -3.2088865e-01   2.7003075e-01  -1.8007059e-01   5.2866067e-01   2.0079536e-01   1.5803156e-02  -2.3339848e-01  -1.5511338e-01  -4.2481463e-02   1.5661617e-03   4.4004330e-01  -1.0748505e-01   1.8622003e-01   1.9351988e-01  -6.0096022e-02   6.8732055e-02   2.3083414e-01   5.3231986e-02  -1.1091367e-02  -2.2055661e-01  -4.0631951e-02  -2.3385922e-01  -2.6828475e-01  -2.1272582e-01  -1.0042275e-01  -1.6271116e-01  -1.8440243e-01   1.0586608e-01  -1.9352599e-01   2.6550355e-01   1.7223218e-01   6.3538458e-02  -4.5916866e-01  -2.1857103e-01   1.6553988e-01   1.7667697e-01   1.3719396e-01  -2.3043145e-01  -1.6489435e-02   2.0800314e-01   3.1221963e-01  -2.9970978e-01   2.5431370e-01   3.2241249e-02   4.8924272e-01   2.9663069e-01   2.4030218e-01   1.7039178e-01   1.6307111e-01  -1.6739390e-01   1.7738873e-01   1.2252579e-01   4.6325807e-01  -2.4408186e-01   2.8973118e-01  -2.5988168e-02  -5.6762733e-02   2.2436501e-01   2.5667539e-01
  -2.0080015e-01  -3.1951723e-01   2.7433119e-01   3.2946250e-01   1.8189480e-01   0.0000000e+00   2.1579015e-01   1.4532019e-01  -3.4976270e-01   2.0034829e-01   4.6003942e-01  -3.0567411e-01  -3.0045239e-02  -1.2329995e-01  -5.1390108e-02   2.2700946e-01   3.6749314e-01   5.1132820e-01   3.8249932e-01   2.9144051e-01   3.3542784e-01   8.2511397e-02   3.1818626e-01  -4.2657614e-01  -1.4550616e-01   2.4672412e-01   4.7878968e-01   3.7485528e-03  -2.1299815e-01  -5.1866531e-02   1.3561558e-01   3.9196953e-01   7.2200397e-02   2.8985797e-01  -2.7443153e-01   5.9567026e-01  -3.7077915e-02   3.8480824e-02   3.3507693e-01   3.5813638e-03   1.1038404e-01  -8.3061018e-02  -4.6219472e-01   2.4460726e-01   1.0646679e-01   3.2809347e-01   5.4966981e-01  -3.9857321e-02   2.5144893e-01  -7.9661955e-02   4.0754024e-01   1.2626976e-01  -2.8592677e-01  -2.7227565e-01  -2.2750892e-01   1.1973530e-01   2.4612287e-01   2.0515085e-01   3.3656867e-01  -2.1672318e-01   5.0855357e-01   3.6152400e-01  -4.7641163e-01   3.2376289e-02   2.8182593e-02   3.8319169e-01   6.6853953e-01  -2.3448741e-01   4.9365253e-01   4.9457323e-01   9.6246327e-02   3.0737452e-01   2.0995726e-01  -5.4241912e-02  -2.3361868e-01   2.0445672e-01   5.6971079e-01   1.0078387e-01  -2.0264273e-01  -9.7620463e-02   1.6232014e-01   2.1113257e-01   2.4110750e-01   4.1479335e-01   3.4028903e-01   2.4251644e-01   3.4194080e-02  -6.3800588e-01  -2.3014517e-01  -2.7510287e-01  -5.4382862e-02   5.1879108e-01  -3.0249039e-02  -3.2096557e-01   4.5968320e-01  -7.1819025e-02   2.8999023e-03   9.8767163e-02   7.9861737e-02   1.3110333e-02   1.3098637e-01  -8.1635613e-02   3.4391397e-01  -3.9354993e-01   3.9616683e-01   3.3864759e-01   9.7382121e-03   2.1721976e-01   1.8024003e-01   2.3466021e-01   1.9496836e-01   2.6816373e-01  -2.2061266e-01  -2.7214359e-01  -1.1624708e-01  -2.3564791e-01  -2.0636920e-02  -5.4643936e-02   1.3513960e-01   3.9322604e-01   1.6567393e-01  -1.1773111e-01  -2.3629661e-01  -9.2966478e-02   1.3249253e-02  -3.4671664e-01   3.1918439e-02  -1.6196368e-01   1.1712708e-01   5.3548716e-01   2.4722371e-01   1.7929813e-01  -1.7420554e-01  -1.1748209e-01  -3.4125483e-01   1.1976289e-01  -8.1682229e-02  -2.1112923e-02   1.3524078e-01  -3.4012365e-01  -1.8785903e-01  -2.0728418e-02   2.2820013e-01   8.6880149e-02   1.2091729e-01   3.4829018e-01  -1.4116500e-01   3.0777570e-01   3.3595815e-01   1.6022183e-02  -3.0323519e-02   1.0260793e-01   2.2492383e-01   2.1636879e-01  -3.7470900e-01  -4.3834111e-01   4.0832106e-01   1.9025161e-01   4.3445833e-01   2.7590318e-01  -2.6144766e-01   3.1222750e-01   2.9810886e-01   3.3442346e-01   4.6292106e-01  -1.6354055e-01   1.5224057e-01   1.6283893e-01   4.4404995e-01   3.2379905e-02  -8.3553555e-02   8.7697210e-02   8.8354321e-02   1.8105290e-01  -4.1450533e-02   1.8047486e-01   3.4605785e-01
  -2.2720679e-01   1.3583954e-01  -2.1384438e-01   9.9506775e-02   6.3202227e-03   2.1579015e-01   0.0000000e+00  -4.8585726e-02  -1.8249516e-01   6.5887632e-01  -4.5775509e-02   9.8894139e-03  -3.1497438e-01   9.0628240e-02   2.5349459e-02   1.7770987e-01  -8.1719470e-02   2.7692189e-01   3.6592667e-03   1.9782614e-01   3.4389340e-01   3.7822455e-02   7.0869331e-01  -4.0224251e-01  -2.3924367e-01  -4.1590326e-02   2.0867096e-01   4.0975562e-01  -3.0635340e-01   4.6064118e-01   5.9653814e-01   1.4628059e-01  -4.2691053e-03   4.6116213e-01   1.6827276e-01   3.4472698e-01   3.2758972e-01  -2.1341484e-01   2.1186415e-01   5.8530547e-01   2.2066004e-02  -1.5122953e-01  -2.4488692e-01  -1.8607435e-01   1.9732043e-01  -4.3970322e-01  -1.5275013e-01   8.2152026e-01   1.0959945e-01  -3.4137306e-02   3.9709222e-01  -1.5290839e-01   2.9038765e-01  -3.0589645e-01   1.9937042e-01  -8.9235472e-02  -1.3567025e-01   1.1377123e-01   1.1312217e-01  -9.0813434e-02  -1.6864713e-01   3.8776279e-01  -2.6875750e-01  -1.3771406e-01   3.3916302e-01   2.9729357e-01   1.1213408e-01  -2.6020561e-01  -1.4420762e-01  -1.4243118e-01   7.2958584e-01   2.0355447e-01   1.2477275e-01  -3.7651318e-01  -2.7090278e-01   5.5687401e-02  -8.7486900e-02  -1.7066138e-01  -1.4467241e-01  -1.6578986e-01   8.4383894e-01   9.1665103e-02   5.3630329e-01   5.6047188e-02   9.8433890e-02  -7.3529033e-03   5.6226069e-01  -1.6495348e-01  -1.8304930e-01  -1.7937751e-01  -8.0865694e-02  -6.7212346e-02  -1.1568907e-02  -2.3401428e-01  -1.2415525e-03  -1.9426961e-01  -1.5782601e-01  -1.8328921e-01   3.7356502e-02   8.0607210e-01   1.2418833e-01  -2.5630265e-01   3.2518662e-01  -2.7849419e-01   1.7306653e-01   1.9167221e-01   1.8506216e-02  -2.3279575e-01   5.6235574e-01   1.1042272e-01   4.4410086e-01   7.5977060e-02  -2.1743985e-01  -1.6581250e-01   5.3886119e-01  -2.1948567e-01  -1.7836025e-01   1.1363184e-01   1.1714125e-01   7.2321341e-02  -2.0794819e-01  -2.8937885e-01  -2.5258885e-01   7.4185258e-02  -4.5681786e-01  -1.9126612e-01   3.3766545e-01  -1.3481343e-01   8.5720360e-02   4.8292507e-02   1.2109789e-01   4.8173152e-01  -2.1300207e-01   6.1686243e-01  -2.1013557e-01  -3.2964727e-02  -2.3993356e-01   7.0358215e-01  -1.2270241e-01  -1.1208019e-01  -5.2870052e-02  -3.2457545e-01  -4.8414819e-02   1.2914626e-01   6.7933094e-01   3.8864153e-01   6.0126032e-01  -6.8249151e-02  -2.1264856e-02   6.1020441e-01  -9.2563358e-02   6.8653757e-01  -9.8091453e-02   8.6450713e-02  -1.0808501e-01  -3.0618371e-01  -7.9092485e-02   8.6933557e-02   6.9504513e-02   5.2521728e-01  -1.1502121e-01  -1.4600761e-02   2.7059238e-01   2.3163237e-01   1.6379538e-01   1.5858767e-01  -2.4661672e-02  -1.1839753e-01   1.4925790e-01   5.7733566e-01  -7.2496083e-02  -2.4278968e-01  -6.5236747e-03  -1.9082922e-01  -2.0270782e-01   9.8556343e-02   1.0170347e-01
   4.4002041e-01   1.9656244e-01   4.6647564e-01   3.8193824e-01  -1.3687758e-01   1.4532019e-01  -4.8585726e-02   0.0000000e+00   4.7236229e-01  -3.0358781e-01   1.5987120e-01   2.5757744e-01  -2.6422314e-01   2.1319577e-01   4.7413314e-01  -1.5848153e-01   4.2122269e-01   2.9315205e-01   3.2650353e-01  -2.2879979e-01   1.7707363e-01   4.5743652e-01  -9.2622334e-02   1.5393271e-01   3.0479027e-01   8.0804230e-01   4.3211842e-03   1.4216039e-01   3.0804921e-01  -7.7168080e-02   3.4478726e-01   3.8658334e-01   2.7818997e-01  -1.6346367e-01   3.4065605e-01  -2.9610641e-01  -1.1175412e-02   1.7966533e-01  -3.5402429e-01  -1.4570222e-01  -1.6679084e-01   2.8713918e-01   1.7154053e-01   8.2233901e-01   4.1986347e-01   5.7041907e-02  -1.3668758e-01  -5.3999198e-02   2.4683884e-01   4.9589552e-01   1.8163618e-01   7.5149967e-01  -1.5103029e-01   2.0641613e-01   2.7440595e-01   4.0746134e-01   4.0922429e-01   4.2573183e-01   3.5906796e-01   4.2591161e-01   2.0121444e-01  -6.3810849e-02   3.2953736e-01   4.4912049e-01   2.8537737e-01  -5.1376035e-01   4.2445378e-01   2.1590554e-01   6.0429456e-01  -2.1450697e-02   4.9937345e-03   9.9108856e-03  -3.6271978e-01   3.3087467e-01   1.0052666e-01   5.6701124e-01   5.2638144e-02   4.2009573e-01   6.0707227e-02   1.9133673e-01   1.0159241e-01  -3.1496291e-01  -2.2959348e-01   4.6859703e-01   2.7722819e-01   6.2462744e-01  -1.2665419e-01  -3.6681658e-02   4.5721710e-01   1.7505613e-01   2.3893344e-01   4.3173063e-01  -2.7126991e-01   4.9071896e-01  -1.8419247e-02   1.9148449e-01   2.4999594e-01   7.3972515e-01   3.3047472e-01   1.2555325e-01   3.9854314e-01   1.9819681e-01   3.0432979e-01   3.5278527e-01   4.1339235e-01   5.2246361e-01   1.6245047e-01   7.0213331e-01  -1.6308047e-01  -3.8801982e-01  -2.4385567e-01   1.6874117e-01   1.5577028e-01   4.4298909e-01  -1.4824886e-01  -1.0618594e-01   3.3411225e-01  -1.3900895e-01   8.8538619e-02   3.8938253e-01   2.9874902e-01   2.7207859e-01   4.7196910e-01   5.6597890e-01   1.4540046e-01   4.0415417e-01   5.0621085e-01   2.4929655e-01   4.5398845e-01  -1.4905949e-01  -5.8904191e-01  -4.8761630e-01   2.7278688e-01  -5.3165074e-02   4.0855985e-01   7.5286820e-01   3.0321754e-01  -1.6459564e-02   7.0035066e-01   5.4851346e-01   6.0303618e-01  -5.6009710e-01   4.7038900e-01  -5.7005579e-01   2.2433641e-01   5.0574188e-01  -9.8481789e-02  -1.4673217e-01  -2.7068982e-01   2.8058759e-01   4.7893399e-02   1.4603525e-01   3.6706159e-01  -1.2550923e-01  -1.4043560e-01   3.2381592e-01   1.7598020e-01  -7.9545837e-03   4.5658006e-01   3.0684568e-01   1.9264164e-01   2.8441704e-01  -9.8591382e-02   3.8730970e-01   5.1492372e-01  -3.2727292e-01  -3.7004849e-03   2.8653188e-01   1.7860308e-01  -1.3764828e-01  -6.5641672e-02   1.3355963e-01   2.3616213e-01  -4.1573979e-01   5.6361552e-01   1.5345350e-01   5.9459220e-01
   2.3476621e-01   6.9013674e-01   4.3177387e-02   4.1561667e-01   1.8606555e-01  -3.4976270e-01  -1.8249516e-01   4.7236229e-01   0.0000000e+00  -1.9094376e-01  -7.5428680e-02   7.0881307e-01  -2.8080670e-01   1.2755651e-01   4.4552444e-01  -1.1609294e-01   7.4219790e-03   1.2044753e-01   6.5942805e-03  -8.3028295e-02  -1.6814646e-01   6.1379648e-01  -3.7513392e-01   1.5065975e-01   3.2535885e-01   3.3201170e-01  -2.9329049e-01  -6.7200219e-02   5.1647832e-01   3.4944712e-01   8.2902896e-02   2.1151871e-01   3.6537189e-01  -3.5645231e-01   6.7612989e-01  -4.9207772e-01   7.7731982e-02   1.5674581e-01  -2.8580595e-01   1.5424857e-01  -5.9565028e-02   4.4290350e-01   7.4552952e-01   2.8044482e-01   5.4567999e-01  -3.8124551e-01  -4.0819781e-01  -5.2547244e-03   3.9623115e-01   6.0559621e-01   7.8640761e-02   1.4788418e-01   3.2424431e-01   4.6443461e-01   5.7372365e-01   1.7709027e-02   7.8349775e-02   4.9653200e-01   3.3022926e-01   7.7118880e-01  -2.1072528e-01  -1.4190211e-01   8.4639479e-01   4.4548833e-01   4.7007694e-01  -5.0920076e-01   2.1807628e-02   3.7258806e-01   9.5557143e-02  -5.1685832e-01  -3.0349902e-02   2.1619648e-01  -2.7307131e-01   3.4962208e-01   3.3426856e-01   2.8731117e-01  -3.8475192e-01   1.0042446e-01   4.8728556e-01   4.9056440e-01  -8.7897302e-02  -3.5933493e-01  -4.1433108e-01   2.2511655e-01  -1.8873433e-01   1.7528883e-01  -1.8514561e-01   3.0786713e-01   6.6097698e-01   6.6257254e-02   4.4592303e-01   6.3847912e-03  -6.2057524e-02   9.2271564e-01  -2.3991373e-01   3.1548115e-01   4.3527133e-01   2.8236822e-01   3.9503476e-01   1.0463250e-01  -8.7285575e-02   2.0127177e-01  -1.3559108e-01   8.6104587e-01   2.1757556e-01   4.2503881e-01   4.9028692e-01   1.5742177e-01  -1.9646776e-01  -3.8627840e-01  -3.2784392e-01   1.3488914e-01   5.1108457e-01   2.6559925e-01  -2.7438789e-01   2.2831166e-01   1.9420035e-02  -4.3981501e-02  -3.5555476e-01   2.9479633e-01  -5.3337660e-02   4.6745631e-01   7.1685458e-01   6.2211332e-01  -1.4867830e-01   6.3042298e-01   4.7535665e-01   4.5551460e-01   5.8621246e-01  -6.2599907e-01  -4.7554274e-01  -3.7995520e-01   4.7624934e-01   1.2629089e-01   8.7294896e-01   3.9906108e-01   5.0913578e-01  -6.8045059e-02   2.7545610e-01   5.2242757e-01   3.5182646e-01  -5.6353135e-01   3.9828781e-02  -6.5312196e-01  -8.1109112e-02   1.5968920e-01  -1.7948815e-02  -2.5564854e-01  -3.1530915e-01   2.1760188e-01  -1.6775545e-01  -1.1596247e-01   2.4132906e-01  -9.9837865e-02   3.5304082e-01   4.1202953e-01  -2.8974523e-01   1.8041206e-01   1.4065793e-01  -1.6716772e-01   5.3724388e-01  -9.6595209e-02  -3.4468532e-02   3.4230178e-01   2.9500103e-01   3.5911750e-04   4.5411301e-02   1.9132928e-02  -2.0143356e-02  -8.9580782e-02   2.6984850e-01  -1.8893449e-01   4.1073755e-01  -5.1469030e-01   5.6612132e-01   2.5506987e-02   5.2781957e-01
  -4.8447264e-01   1.4551009e-01  -3.9044362e-01   7.6554744e-02   2.9377642e-01   2.0034829e-01   6.5887632e-01  -3.0358781e-01  -1.9094376e-01   0.0000000e+00  -1.6036576e-01   1.1409973e-03  -2.0079037e-01  -1.9970542e-01  -2.0951577e-01   7.6518518e-02  -2.0463509e-01   1.7329913e-01   6.5204205e-02   4.8070232e-01   1.8168491e-01  -1.0560015e-01   3.7731295e-01  -4.5922752e-01  -3.6729096e-01  -1.6715596e-01   1.1627913e-01   9.0392467e-02  -3.5101507e-01   3.7634899e-01   3.1324822e-01   1.3093957e-01   4.5717671e-02   3.1479248e-01   3.8195448e-02   3.2508984e-01   3.8525716e-01  -2.4265734e-01   2.2475456e-01   5.1852279e-01   4.9463543e-02  -1.7078985e-01  -1.5266011e-01  -3.4352137e-01   1.2733082e-01  -4.0425969e-01  -1.3296157e-01   5.9429152e-01   9.1011015e-02  -1.4747269e-01   1.8623603e-01  -3.9505835e-01   2.7619478e-01  -2.9272146e-01   1.8221917e-01  -2.4105168e-01  -1.1850184e-01   1.2752554e-01  -3.5084524e-04  -1.8775192e-01  -2.3711662e-01   3.2151734e-01  -1.9568862e-01  -2.5119931e-01   2.9041205e-01   3.4193130e-01   4.9359795e-02  -3.6638084e-01  -2.6160369e-01  -1.6057293e-01   5.4102683e-01   2.3641882e-01   3.3798339e-01  -4.3428855e-01  -2.1179601e-01  -1.5722395e-02  -1.6013964e-01  -2.0601540e-01   1.1398522e-02  -1.9169996e-01   5.1123730e-01   2.7820720e-01   3.8038979e-01   4.2563501e-02  -1.5869912e-01  -1.2752964e-01   2.7419214e-01  -1.7702830e-01  -2.5596010e-01  -2.8168290e-01   2.1274356e-01  -1.5043701e-01   2.0958677e-01  -2.3096119e-01  -5.8250948e-02   8.3006232e-02  -1.5446208e-01  -3.1047054e-01  -1.1532333e-01   4.7807635e-01  -1.7387806e-01  -4.2986454e-01   6.8013694e-02  -2.9252729e-01   2.0206760e-02   1.1700403e-01   6.8439922e-02  -4.7112101e-01   3.6362334e-01   1.5388294e-01   2.6386315e-01  -3.8289916e-02  -2.1774603e-01  -3.3784233e-01   2.6357171e-01  -1.2276536e-02  -3.4714594e-01   1.6248211e-01  -1.4150499e-01   7.4377847e-02  -2.3179920e-01  -3.8518784e-02  -2.4740466e-01  -8.1658095e-02  -4.2601965e-01  -3.0421156e-01   1.8587277e-01  -1.2498651e-01   9.5415641e-02   9.2534178e-03   3.1759293e-01   3.5494963e-01  -2.6059041e-01   4.5500479e-01  -1.8129311e-01  -1.5281572e-01  -2.6409045e-01   4.2665826e-01  -3.0874012e-01  -2.3921796e-01  -2.2482794e-01  -9.3100000e-02  -1.9817874e-01   1.2676928e-01   2.7037376e-01   1.8043358e-01   4.2207697e-01  -5.5119789e-02   1.1955115e-01   4.0867051e-01  -2.1891545e-01   3.9936988e-01   6.1951668e-03   5.3959038e-02  -9.1126086e-02  -2.8903105e-01  -1.3628042e-01   1.4614307e-02   4.6038447e-03   1.1926001e-01  -8.6344499e-02   3.3733337e-02   4.5564044e-01   1.5207915e-01   8.4938213e-02   3.0456749e-01  -2.4299236e-02  -2.9815677e-01   2.0538254e-01   5.4247389e-01   1.6921398e-01  -2.7891321e-01  -7.4287778e-02  -1.1651175e-01  -3.4209029e-01   7.5197191e-02  -1.0789716e-02
   1.5152889e-01  -2.8193759e-01   3.9527955e-01  -1.1596470e-02   1.4112497e-01   4.6003942e-01  -4.5775509e-02   1.5987120e-01  -7.5428680e-02  -1.6036576e-01   0.0000000e+00  -2.5097786e-01  -3.9177447e-02  -4.6602571e-02   1.9219597e-01   1.1960330e-01   3.9383199e-01   4.1582561e-01   1.7120929e-02   7.3436833e-02   3.8901699e-01   2.3364064e-01   2.5129175e-01   3.5241242e-02  -1.3500513e-01   3.4443690e-01   4.7812340e-01   9.3754552e-02   4.1068374e-02  -5.2202925e-02   1.6048882e-01   2.5575230e-01  -7.8891202e-02   3.9489969e-01  -2.1731641e-01   5.3520008e-01  -2.4300354e-01   4.2001136e-02   1.1340006e-01  -1.9109669e-01   8.6037276e-02  -1.1495522e-01  -2.4564235e-01   4.2780060e-01   3.8178372e-02   2.3608292e-01   6.3130407e-01  -1.2688553e-01   9.1324756e-03  -6.1669388e-02   2.7885357e-01   4.7840596e-01  -9.0719953e-02  -2.2940854e-01  -2.2207110e-01   5.1025319e-01   1.7299071e-01   2.5637129e-01   2.3993040e-01  -1.2082766e-01   5.1121984e-01   5.9778320e-02  -2.3982239e-01   4.0053641e-01  -6.8749199e-02   1.4443764e-01   5.0916912e-01  -1.3021299e-01   6.1693639e-01   4.0873971e-01  -8.1068199e-02   1.4388271e-01   5.4072490e-02   3.1055924e-02  -2.2110086e-01   1.7231941e-01   4.1039346e-01   3.5533458e-01  -8.6096242e-02  -7.4906770e-02  -3.8310833e-02   8.2974449e-02   3.4930826e-01   1.2971891e-01   2.2837118e-01   3.7688327e-01  -8.1864001e-02  -2.5770841e-01  -1.9533341e-02  -9.3624096e-02  -1.3153227e-02   3.4131764e-01   3.9103697e-02  -1.0346545e-01   2.3709367e-01  -3.3887382e-02  -5.4088704e-02   1.8834941e-01  -7.8741642e-02  -1.0993796e-01   8.5233728e-02   4.0068789e-01   1.8442930e-01  -2.6135446e-01   3.3442593e-01   3.0941867e-01  -2.0795207e-01   4.4875652e-01  -3.1254514e-02   1.8823380e-01   3.9745086e-01   3.0552637e-01  -2.8201081e-01  -6.2560271e-02  -2.1640613e-01   6.5899932e-02   3.2938178e-01  -5.5462653e-02   1.2012923e-01   1.3266728e-01   1.1376831e-01  -1.4436720e-01  -3.0325570e-02   5.6797079e-02  -5.0238328e-02  -1.3909882e-01   5.4197051e-03  -2.4738737e-01   1.3048006e-01   2.5650821e-01  -5.3518678e-02   2.2341871e-01  -2.3645761e-01  -6.4946646e-02  -1.0915547e-01   2.7728491e-01  -2.7239155e-02  -7.9211434e-02   4.1055647e-01  -8.7054225e-02   1.4261260e-01  -8.1461752e-02   5.2761433e-01  -8.5590213e-02   1.7881067e-01   2.3633217e-01  -2.8997781e-01   4.4571205e-01   4.6375480e-01  -3.0964067e-02   6.2296219e-03   3.8869934e-02   4.1959104e-02   5.0382520e-01  -4.4497345e-01  -1.1362111e-01   1.9122332e-01   1.5315915e-01   2.0810358e-01   3.0288747e-01  -2.9486194e-01   4.3541870e-01   1.7292756e-01   2.5595686e-01   3.3491384e-01  -4.3839751e-02   3.3940416e-01   1.5187944e-01   1.2614874e-02   7.5620483e-02  -3.4771730e-02  -1.0408662e-01   7.3926549e-02  -5.5235650e-02  -7.1630453e-02   2.7101568e-01   2.2545135e-01
   1.9302211e-02   8.8697866e-01  -9.6331078e-02   2.5073319e-01   1.9372666e-01  -3.0567411e-01   9.8894139e-03   2.5757744e-01   7.0881307e-01   1.1409973e-03  -2.5097786e-01   0.0000000e+00  -3.1177582e-01  -2.6387438e-02   2.5540786e-01   2.4814731e-03  -9.9792186e-02   1.2741850e-01  -6.3194237e-03   7.4884884e-02  -2.3156421e-01   3.9502504e-01  -3.7527499e-01  -1.2376782e-02   5.6143453e-02   9.3589990e-02  -3.3298040e-01  -2.2966066e-01   3.1054052e-01   4.9601284e-01  -6.1125351e-02   1.7669367e-01   2.2128116e-01  -2.6381882e-01   5.0116938e-01  -4.4493986e-01   2.2045606e-01  -7.8972696e-02  -7.7015347e-02   3.6824814e-01  -7.1993986e-02   2.1220930e-01   7.2637017e-01   4.5038013e-02   5.2131151e-01  -4.6904739e-01  -4.5194526e-01   1.1884308e-01   3.1044914e-01   5.2214863e-01   1.3249652e-01  -4.4783415e-02   3.4060009e-01   2.8185181e-01   3.9941043e-01  -1.1184519e-01  -8.6606229e-02   3.9188344e-01   2.3439830e-01   7.5656315e-01  -3.3726664e-01  -6.3119261e-02   7.5755861e-01   5.2428631e-02   4.9931112e-01  -2.4138336e-01   6.7953553e-03   1.7706003e-01  -8.8573002e-02  -5.9373785e-01   2.3414249e-01   3.1252446e-01  -5.5436486e-02   2.1320164e-01   2.1511249e-01   1.7587714e-01  -4.3705728e-01   2.0464144e-04   5.9001166e-01   2.9513287e-01  -6.4044226e-02  -1.4849847e-01  -2.7408477e-01   1.7335359e-01  -2.8625477e-01  -3.0247803e-02  -1.4289378e-01   2.2378990e-01   4.5337159e-01  -1.3166194e-01   4.3180008e-01  -1.5867925e-01   3.3886480e-01   7.5216591e-01  -3.0889817e-01   4.5727248e-01   2.3857181e-01   1.2462038e-01   1.8776151e-01   1.2051153e-01  -3.2229776e-01   4.2960429e-02  -1.9952133e-01   7.3915611e-01   9.9207277e-02   3.1183853e-01   3.8435432e-01  -1.9190772e-02   1.5670871e-01  -1.4277295e-01  -1.8020680e-01   4.7807063e-02   3.7140071e-01   3.1365756e-02  -3.0303869e-01   4.3531998e-01   3.4542351e-02   1.0464176e-02  -3.8458807e-01   1.9147443e-01  -2.4410705e-01   5.3302738e-01   6.6041977e-01   4.3279342e-01  -2.1614438e-01   5.2394850e-01   2.9372110e-01   2.6163457e-01   4.6515387e-01  -6.2991658e-01  -1.7029414e-01  -1.3829141e-01   4.5686761e-01   2.0590187e-01   7.6072977e-01   1.7357063e-01   2.7957878e-01  -1.3337497e-01   4.9476763e-02   2.6618782e-01   4.2682693e-02  -4.3113112e-01  -6.8335562e-02  -4.4514175e-01  -9.7726655e-02   3.3291021e-02   3.1243761e-01  -1.5544659e-01  -2.7008963e-01   1.4790841e-01  -2.5489079e-01  -1.7981941e-01  -3.5824928e-02  -1.0703617e-01   6.7080364e-01   1.8967948e-01  -3.2783684e-01   1.6314119e-01   5.1067635e-02  -2.9309725e-01   5.8374404e-01  -2.0155774e-01  -2.4020805e-02   2.9830687e-01   1.5392608e-01   3.3368810e-01   1.4705690e-01   7.5905516e-02  -1.3250236e-01   1.3782227e-01   3.9687306e-01  -2.6381862e-01   2.7383241e-01  -1.7687992e-01   3.4411430e-01  -6.9888476e-02   3.3146322e-01
  -1.1778293e-01  -2.9318976e-01   3.3578916e-02  -1.4708565e-01  -3.0384863e-01  -3.0045239e-02  -3.1497438e-01  -2.6422314e-01  -2.8080670e-01  -2.0079037e-01  -3.9177447e-02  -3.1177582e-01   0.0000000e+00   1.0245058e-01  -2.3133431e-01   2.4893911e-01  -5.1576656e-02  -3.4845267e-01   7.3242233e-02  -3.4393628e-01  -1.1181642e-01  -2.4051349e-01  -1.2206075e-01   4.1766821e-03   1.0517441e-01  -3.3875975e-01  -2.6477068e-01  -1.4175868e-01  -1.1968598e-01  -3.4035919e-01  -3.4292505e-01  -4.3171988e-01   1.9113606e-02  -1.4388213e-01  -1.6672113e-01  -7.8200456e-02  -2.5082417e-01  -1.6479314e-01   2.2718487e-01  -2.1713105e-01   3.6330631e-01   1.0486890e-01  -1.4646309e-01  -1.3291104e-01  -6.1616663e-01   2.3716089e-01   1.8044234e-01  -2.9150591e-01  -2.9548136e-01  -2.1828406e-01  -2.0342923e-01  -1.7157770e-01  -3.6191768e-01   1.8037837e-01  -2.6049847e-01  -2.0275764e-01  -1.2342767e-02  -5.2084119e-01  -2.3211116e-01  -2.6208042e-01   3.8255279e-02   1.0255855e-01  -1.7803052e-01  -1.0669121e-01  -4.5500867e-01   7.9960522e-02  -3.7789390e-01   2.1345477e-01  -1.2311539e-01   1.9804711e-01  -2.4008361e-01  -2.6923598e-01   3.7964651e-01  -4.7275504e-03   1.9217431e-01  -3.7665598e-01   1.2086839e-01   2.5107670e-02  -3.4331924e-01   1.3172451e-01  -2.3732582e-01   2.6331040e-01  -1.7936856e-01  -1.5776459e-01  -5.0062283e-02  -2.5196076e-01   1.6232897e-01   4.5064501e-02  -2.0783183e-01  -8.6968278e-02  -3.5683192e-01   1.3981210e-02  -4.2022549e-02  -2.2429030e-01  -2.7220127e-02  -2.7760941e-01   1.2200043e-01  -2.0329339e-01  -5.3692029e-02  -4.0934761e-01  -5.3275380e-02   3.0927829e-02  -1.5832791e-01  -1.8144102e-01  -3.5252186e-01  -4.1749062e-01  -9.1100758e-02  -9.6947319e-02  -3.5788816e-02   1.6681827e-01  -9.1748875e-02  -1.4079864e-01   1.6162776e-01  -2.2586712e-01   1.1131228e-01  -1.4415710e-01   3.2754370e-02   5.7899261e-01  -7.0298813e-02  -1.3478262e-01   3.5021181e-02  -2.5421297e-01  -2.3608072e-01  -3.9540516e-01   1.2324324e-01  -1.0054676e-01  -4.3195535e-01   5.6189089e-02  -2.9065680e-01   1.8640371e-01   3.1777914e-01  -1.2643350e-01  -8.2652371e-03  -3.9740986e-01  -2.1739135e-01  -3.1017191e-01   1.6445324e-01  -1.6043741e-01  -2.4623260e-01  -3.1730583e-01  -1.8046219e-01   6.9730166e-01  -2.3132983e-01   1.7458290e-01  -4.2558966e-01  -3.4366871e-01  -1.1388504e-01   9.4745229e-02   1.5928884e-01  -4.8024557e-01   1.5377714e-01  -2.1015801e-01  -1.1048248e-01  -9.4147964e-02  -1.0220435e-01  -2.4852333e-01  -3.6245819e-02   7.5288926e-02  -1.4910439e-01  -1.5964759e-01   2.2139682e-02  -1.0890978e-01  -1.1790191e-01  -3.3085830e-01  -2.8999083e-01  -1.4238639e-01  -8.3696962e-02  -1.6779977e-01  -4.7125406e-02  -2.5347955e-01  -1.9761712e-01   1.0609507e-01   6.9220715e-04   1.7627277e-01  -1.3922292e-01  -1.1365137e-01  -2.8608672e-01
   4.0432224e-01  -2.6614785e-04   1.5145897e-01   8.3480286e-03  -3.5410607e-01  -1.2329995e-01   9.0628240e-02   2.1319577e-01   1.2755651e-01  -1.9970542e-01  -4.6602571e-02  -2.6387438e-02   1.0245058e-01   0.0000000e+00   1.9674266e-01   5.5242204e-02   4.1147912e-03   1.7302774e-02  -1.4271085e-01  -4.0701408e-01   3.2413030e-01   3.5142393e-01   2.0863077e-01   3.4587160e-01   7.6449601e-02   1.9477540e-01  -2.7308533e-01   4.7895642e-01  -3.6764344e-02  -4.3478930e-03   3.3524325e-01  -1.9895331e-01   1.5196743e-01  -8.4032698e-02   4.2438617e-01  -2.1021700e-01  -6.7935334e-02  -2.3612182e-01  -1.6307196e-01  -1.3069164e-01   2.2321041e-01   2.1499666e-01   2.7979988e-02   2.0374936e-01  -1.3755535e-01  -2.2002285e-02  -2.3234445e-01   1.8168562e-01  -1.6083749e-01   2.0113535e-01   3.1866449e-02   1.2699053e-01  -9.3620914e-03   2.0815744e-01   3.4334747e-01   1.2137204e-01   2.2721566e-01  -8.3767966e-02   3.8430417e-02   1.3864706e-01  -3.2681965e-02  -4.2422971e-02   5.1002942e-02   3.1046572e-01  -6.3154011e-02  -3.7699694e-02  -1.0397975e-01   1.3182732e-01  -9.7787568e-02   2.0474842e-02   1.7004907e-01  -3.2575349e-01  -8.9444673e-02   3.8659007e-01  -2.6761580e-02   4.7292221e-02  -7.1824321e-02   9.0296934e-02  -2.3645697e-01   1.6678033e-01   3.3599652e-01  -2.3363310e-01   1.5606919e-02   2.4989852e-01   4.5291655e-01   1.1451874e-01   5.3028425e-01   4.2592965e-01  -6.9858470e-02   2.7119463e-01  -2.8257070e-01   7.9456248e-04  -2.8323963e-01   4.9949659e-02  -2.5477615e-01  -3.5384194e-01   4.5785932e-02   1.4352919e-02   9.0354882e-02   1.9000613e-01   5.9035767e-01   1.2959972e-01   4.2331440e-01   2.5741842e-01   4.4856243e-02  -1.1065911e-01   1.8719688e-01   1.2890641e-01   3.8251598e-02   1.9464413e-02  -7.9247824e-02   2.8996285e-01   2.2177509e-02   1.8480698e-01   4.2539059e-01  -2.5257093e-01   1.3423444e-01   2.7234602e-01   4.0709710e-01  -1.0113972e-01   1.5535692e-01  -2.3654921e-01  -1.1326267e-02   3.9792385e-02   9.4498671e-02   5.7570664e-01  -6.1195860e-03  -5.8233256e-02  -7.9121727e-02   2.6723304e-04  -3.4508026e-01  -2.5151613e-01   5.1492151e-01  -1.3358088e-02  -4.2488336e-02   1.9596975e-01   1.3725216e-01   4.0026899e-01   1.8612888e-01   1.6081016e-01   3.5459632e-01  -2.0823155e-01   9.0536657e-02  -9.3778048e-02   1.2332127e-01   2.0870640e-01   1.2831647e-01   1.1202026e-01  -4.5738570e-03   1.0835243e-01   4.7662217e-01   4.5137633e-01   1.4255349e-01   3.2759453e-02  -8.7293803e-02   1.6055905e-02   1.2556694e-01   3.3792208e-02   1.3629676e-02   3.1592697e-01  -1.6832462e-02  -7.8663694e-02   1.0002283e-02   3.7526321e-02   1.8173865e-02  -2.8356670e-01  -8.1613146e-02   8.6359456e-02   1.7014802e-01  -7.8724575e-02  -3.0392760e-01  -6.1720436e-02   3.8733257e-03  -2.2898166e-01  -1.6925733e-02   2.1563147e-02   7.4137238e-02
