   0.0000000e+00  -1.9427522e-01  -2.0525110e-01  -7.6081521e-02  -2.2626227e-01  -1.8890054e-01  -1.5543335e-01  -7.7706080e-03   6.1123423e-02  -3.2163111e-01  -3.2027324e-01  -1.9873588e-01  -2.3589946e-02   7.3378504e-01   5.3540304e-02  -4.2431501e-02  -2.9371472e-01  -8.8341105e-02  -1.2369796e-01  -2.7823833e-01  -8.1137644e-02   5.8588199e-02  -1.0829472e-01   3.6004560e-01   1.5028496e-01  -1.3895896e-01  -2.8093195e-01   4.3384720e-01  -1.3391379e-01   1.9727662e-02  -5.3359653e-02   4.1147385e-02   8.2356349e-02  -1.5917437e-01   1.2153443e-01  -3.2853847e-01  -1.0585329e-01   1.8519269e-01  -5.1974499e-02  -2.8589668e-01  -1.5735909e-01   3.4891045e-02  -5.4069410e-02  -3.6383464e-02  -7.9843194e-02   7.7885739e-02  -2.6909389e-01  -2.5226600e-01  -6.9158477e-02  -2.9500019e-01   6.4262584e-03  -3.1961759e-03  -2.1081198e-01   1.8444634e-01   3.1924294e-01  -8.4957200e-02  -1.6365643e-01  -4.1254408e-02  -8.2830760e-03  -1.6259171e-02  -2.3185494e-01  -1.5590157e-01   1.3256873e-01  -1.9294973e-01  -1.2725099e-01  -1.5994844e-01  -1.5139948e-01   1.5239528e-01   4.8431127e-02  -5.6366200e-02  -3.9663441e-01  -6.7367794e-02  -2.5190004e-01   1.7523323e-01   2.7911536e-01   4.7135127e-05  -1.0994618e-01   1.8362096e-01  -2.1400731e-01   1.1476446e-01   5.4880820e-02  -1.1285147e-01  -4.1824706e-01   6.7591966e-02   3.7633041e-01   6.9709818e-02   3.0454869e-01   4.1714456e-01  -6.2382179e-02   6.1188658e-01  -2.6384384e-01  -1.2995973e-01  -2.7069456e-01  -1.7996044e-01   2.4709149e-01  -1.7305039e-01   1.2476119e-01  -1.8465639e-01  -5.4496053e-02  -1.6645001e-01  -2.5146465e-02  -9.1127988e-02   2.6979861e-01   8.2738064e-02  -1.3526850e-01  -1.7246393e-01   1.4411945e-01  -1.2709238e-01  -8.5198061e-02  -1.6781766e-01  -2.7976207e-01   1.3216823e-01   1.0670320e-01   7.5873615e-01   2.9180806e-01  -3.2144504e-01  -4.9307894e-02  -2.4041168e-01   2.9333500e-01   9.4008227e-02   1.7758331e-01  -3.2391129e-01  -1.3204960e-01  -3.1182238e-02   1.2208838e-01   8.1720153e-02   4.4416341e-02   1.2011385e-02  -8.7784710e-02   9.0260601e-02  -2.2469378e-01  -4.7269433e-01   1.1338069e-01  -1.6648818e-01  -1.8788285e-01  -6.7686917e-02   1.6706940e-01   1.3415360e-01  -8.3994635e-02   6.3237143e-01   7.9491632e-01  -1.1915349e-01  -3.3615405e-01   9.3244746e-02  -7.7168622e-02  -3.5269781e-02  -2.1494624e-01  -2.1002644e-01  -1.3207678e-01  -2.2229161e-01   2.7976968e-01   1.7916289e-01   4.4137347e-02  -3.9925123e-01  -2.6438210e-01   3.5524117e-01   9.2981968e-02  -3.8420475e-02  -1.3257961e-01  -1.5048834e-02  -1.3757059e-02  -4.5067794e-01  -3.0790761e-01   6.2424508e-03  -1.9295024e-01  -1.9921019e-01  -2.1579658e-01   2.5593677e-01   3.0138037e-01  -4.0023090e-01  -1.9642983e-01   1.4087009e-01   6.5158846e-02  -2.4969109e-01   3.1390386e-01   1.6626773e-01  -2.2789086e-01
  -1.9427522e-01   0.0000000e+00   9.6666137e-02   4.3171827e-02  -1.7374839e-02  -4.5064417e-01  -7.8399620e-02  -2.4973222e-01   4.9699449e-01  -2.2103171e-02  -2.0156307e-01   4.9839891e-01  -5.1977200e-02  -1.1648528e-01  -3.1424377e-01   2.2576123e-01   3.7585926e-01   1.7516836e-01  -2.6868441e-01  -1.9679139e-01  -5.1987392e-02   5.7321411e-02  -2.7587487e-01   9.0808727e-02  -2.9978451e-01  -1.7564009e-02  -2.1421542e-01  -1.4962560e-01   2.7436155e-01   1.0328406e-01  -1.0437150e-01  -4.4853618e-02   2.5836284e-01  -1.7495607e-01   1.3174663e-01  -3.7408367e-01   3.8961634e-01   1.6739252e-01   1.9322700e-01   3.4151333e-01   1.6068132e-01   2.4980782e-01   4.0648136e-01  -9.0565424e-02   3.3294442e-01   1.0950868e-01  -4.8433811e-01   2.2380549e-01   3.6586246e-01   3.6336033e-01  -9.9620429e-02  -2.3546396e-01   3.0166052e-01  -1.2481734e-01  -6.7924611e-02  -1.7978582e-01  -2.3551424e-01  -4.6889516e-02   2.3467369e-01   1.4258158e-01   2.8970942e-01   2.9630990e-01   3.7332635e-01   1.4813522e-01   7.0425658e-01   1.6920048e-02  -4.2937418e-01   4.4706937e-01  -5.3167903e-01  -1.8816932e-01   7.4178612e-01  -4.4344544e-02   2.0654743e-01  -1.2530353e-01  -3.0930658e-01   5.2033953e-02   2.0404768e-01  -1.5104944e-01   6.7832695e-02  -2.2993201e-02  -1.8047511e-01  -5.6121402e-02   2.0093055e-01  -1.8470945e-01   6.0631471e-03  -1.8097626e-01   3.7276799e-01  -1.8218844e-03   4.5148673e-01  -1.1684972e-01  -2.5660403e-02   8.7620612e-02  -2.3025278e-01   3.3287685e-01   4.1363515e-02   1.4710683e-01   4.6727552e-02  -2.4752936e-01   1.4561757e-01   1.9911370e-01   3.2151926e-01  -1.4212441e-01  -5.9649848e-02   4.5929026e-01  -1.1318207e-01   1.0628232e-01   6.1181015e-02  -2.0911654e-01   2.3058578e-01  -3.5632384e-01   1.2162791e-01  -3.1517851e-01   1.2273958e-01  -2.0613046e-01  -9.8544529e-02   3.2629731e-01   6.1186338e-02   2.3941610e-01  -1.9846777e-01  -9.0919560e-02   9.9753141e-02  -4.6581117e-02   1.3650698e-01   5.6521530e-01   9.8212143e-02   1.5544711e-01  -8.1369405e-02   8.4057574e-02   1.4890935e-01  -2.3547765e-01  -2.8443442e-02   1.0549236e-01   4.2767117e-01   5.6171896e-02   1.2229577e-01  -3.1325312e-02  -6.1781487e-02   7.5079952e-02  -1.8562927e-01  -2.1884922e-01  -2.4356667e-01  -4.2407023e-01   8.4171883e-02  -3.2106006e-01  -1.2430245e-01   3.6298563e-01   1.0010999e-01   1.4927632e-01  -3.7203486e-01   3.4633601e-01   2.9924988e-02  -3.0178527e-01   3.1674318e-02   2.7863532e-01   2.8869216e-01   2.9859145e-02   1.6102164e-01   1.7904655e-01   2.0694455e-01  -2.8188414e-01   2.4843694e-01   3.3911479e-01   4.9395174e-01   4.0531921e-02  -1.0240265e-01   1.3063385e-01   2.6558035e-02  -2.9298763e-03   3.0152342e-02   1.9410800e-02   7.3834086e-02   1.2621874e-01   3.7450905e-01  -2.8748821e-01  -2.5769048e-01  -1.4229964e-01   2.1522187e-01
  -2.0525110e-01   9.6666137e-02   0.0000000e+00   2.0111094e-02   1.6217066e-01   3.3276901e-01  -1.3485827e-01   2.0245266e-01  -2.1451382e-01   3.2226962e-02   3.3181742e-02   3.9360430e-01   7.9884005e-02  -3.3665561e-01   7.4609160e-02  -1.1349089e-01   8.6537017e-01   3.0723676e-01   4.0924153e-01   1.0935320e-01   1.7875821e-02  -1.3642256e-02  -1.5364627e-01   2.8123104e-01  -2.5775506e-01   3.2611756e-01   7.2742026e-02  -6.0878681e-02   1.2957226e-01  -1.0452835e-01  -2.0690875e-01   4.5500767e-01  -1.9625430e-01  -3.9046328e-02  -1.7312409e-01   1.3382441e-01  -3.7258421e-02   3.2726338e-01  -2.1562250e-01   4.0890456e-01   1.6060761e-01  -1.6631623e-02  -1.7140821e-02   1.4979803e-01   4.2985666e-02   6.0134651e-01   3.0919938e-02  -1.5116976e-01   1.7263281e-01   5.6020774e-01   1.5062536e-01   3.2801889e-01  -4.8298384e-02   3.3044265e-02  -1.7323604e-01   2.3779485e-01   3.6446281e-01   3.2683222e-01  -5.5309383e-02   1.3381125e-01   7.0453346e-01   1.6501796e-01  -1.9067209e-01  -3.6182208e-02  -7.9903039e-02   8.1107409e-02   1.5540067e-01  -7.2715663e-02   6.2528064e-02   6.5962934e-01   2.4872191e-01  -3.2279307e-02   2.0085886e-01   6.6515685e-01  -2.8488478e-01   3.0309398e-01   6.7247600e-01   6.5328610e-02   1.4105165e-02  -4.1889137e-02   1.1248127e-01  -2.5700580e-02   1.5616194e-01   2.8229627e-01   3.0927176e-01   3.0065888e-01  -2.9590449e-01  -2.0873623e-01  -1.1898105e-01   1.8286654e-01   3.0642193e-01   6.6092972e-01   3.3422649e-02  -8.6414472e-02   2.4045477e-01   3.9523367e-01  -1.7505469e-01   3.2033941e-01  -1.3753329e-01  -1.4382632e-01   3.1061151e-02  -9.9087443e-02   4.3968445e-02  -7.8594918e-02   1.6976322e-01   3.9853090e-01   2.6538423e-01   2.1803889e-01  -3.2909512e-02  -2.2746140e-01   2.2163398e-01  -3.6172298e-02  -2.6262831e-01  -1.8019878e-01  -1.0455984e-01  -2.2252932e-03   2.3148669e-01   2.3780171e-01  -2.0206613e-01   6.2851118e-02   4.4186215e-01   5.1274039e-01   1.4181968e-01  -6.3735152e-02   4.9185989e-01   1.2930530e-01   2.4179863e-01   1.1500588e-01   1.3333887e-01   4.2088632e-01  -1.1850049e-02   1.9283594e-01   8.0967762e-02  -8.4856016e-02   1.8844706e-02   1.9744773e-01  -1.4267372e-01  -3.1485719e-01   2.7392180e-01  -1.5664063e-01  -1.6130791e-01   2.3993403e-01   1.3241803e-01   1.0426585e-01  -1.9270775e-01  -1.9009138e-02   1.7787376e-01  -8.1996025e-02  -2.5300142e-01  -1.0220154e-01   6.2172212e-02   8.1109309e-02   3.7795417e-01   1.8044439e-01   4.5296750e-01   2.2798438e-01   4.7536128e-01  -2.2392140e-01   6.3248911e-01   2.3844393e-01  -3.9586406e-02   1.0972270e-01   1.0421197e-01   1.2637747e-01   3.4834169e-01   5.0546065e-02   6.1663458e-02  -1.6508034e-02   3.1024557e-01  -4.0731042e-03  -5.0245027e-02   2.3541202e-01  -3.2124733e-02   3.0349663e-01  -1.5608207e-01   1.8352274e-02   2.3719760e-01
  -7.6081521e-02   4.3171827e-02   2.0111094e-02   0.0000000e+00   1.7108367e-01   1.5330586e-01  -2.3080737e-01  -9.0436832e-02   1.6380687e-01  -5.7773916e-02  -3.4085591e-01  -1.1572083e-01  -2.6248214e-03   6.9902731e-02  -4.0723699e-01   3.4875464e-01   9.9180283e-02   3.8733730e-01  -1.5348085e-01   1.6246429e-01  -2.0904136e-01   7.2478770e-01  -2.4397584e-01  -2.9160691e-02  -2.2414310e-01   2.5601368e-01  -1.8801171e-01  -1.9021442e-01   1.4690819e-01   2.9436911e-01  -3.5993201e-01   4.2985728e-01   1.6757408e-01  -3.7208412e-01   5.3636450e-02  -1.9626984e-01   1.2704191e-01   6.4729413e-02   2.7721273e-01  -9.7004690e-02   4.9980228e-02   2.1883033e-01   3.5180808e-01  -3.8804672e-01   3.8910094e-01   1.9160222e-01  -6.3611907e-02  -2.8888075e-01   4.3429447e-01   3.0049070e-02   1.3747683e-01   1.1126404e-01  -5.4103133e-01  -1.2446817e-01  -9.9052227e-02  -1.7518757e-01   1.3524240e-01   4.7927323e-01   5.1622899e-01   2.6995322e-01   1.9608789e-01   2.2613884e-01   2.1699080e-01  -6.3593524e-01   3.9405080e-01  -2.1768879e-01   1.6757024e-02  -6.1460872e-02  -7.0954643e-02   3.0028976e-02  -1.8525564e-01   7.0123560e-01   4.8276412e-02   9.4326947e-02  -2.1239230e-01   2.8798308e-01   2.1561797e-01   2.7033885e-02   2.3326903e-02   1.0516238e-01  -9.5911915e-02  -9.4966242e-02  -4.1045847e-01  -2.4741295e-02  -1.6412447e-01   5.1700067e-02  -7.4618173e-02  -3.4191010e-01  -2.5699455e-02  -4.1473344e-02  -2.7023870e-02   3.1295324e-01  -2.0267749e-01   4.2847112e-01  -1.1946185e-02   1.2721967e-01   1.2502495e-01   2.1254549e-01   8.3865400e-02   5.8218445e-02  -4.0266051e-01  -3.7338436e-01   1.2655385e-01   3.1180073e-01   3.7173716e-01   6.7861205e-01  -1.4064476e-01   6.2178449e-02   2.1488533e-02  -4.0163891e-01  -2.6059274e-01   1.3288409e-01   5.6944347e-01  -1.5835368e-01  -2.7500573e-01  -8.4314379e-02   9.0391257e-02   9.6612358e-02  -2.7483896e-01   7.4071741e-01  -5.3195790e-02  -8.0901192e-02   1.7631834e-01   1.9664796e-01   2.2265883e-01   2.5803080e-01   2.0168760e-01   8.0011609e-02   6.1850265e-01  -2.0885453e-01   2.4448353e-01  -2.3474805e-01   2.7117559e-01  -4.4618996e-01   6.4647198e-01   1.5026748e-01   5.6139072e-02  -2.8068069e-01   7.5780737e-02  -1.5200286e-01  -2.5634049e-02  -3.2555800e-03   8.3243130e-02  -1.9669125e-01  -2.4069686e-01   3.5934708e-01  -2.2761639e-01  -3.4492508e-01  -2.1332434e-01   2.2606089e-02  -3.0799136e-01  -7.9797810e-02  -4.8577290e-02  -1.6395719e-01   2.5957347e-02  -1.5851595e-01   2.4426244e-02   3.2995242e-01   9.0220124e-02   2.7039747e-02   4.0015065e-01  -4.1131472e-02  -1.2380673e-01   7.6596341e-01   5.3096524e-01   8.6606085e-02  -1.0152268e-01  -1.4656648e-01  -8.0842824e-02  -3.1660431e-01  -1.1023151e-01  -4.9058124e-02   3.9524380e-01   9.0179612e-02  -3.1083479e-01  -2.5929184e-01   6.2665990e-01
  -2.2626227e-01  -1.7374839e-02   1.6217066e-01   1.7108367e-01   0.0000000e+00   3.1270444e-01  -1.7709049e-01   1.7927544e-01  -6.4626848e-02  -1.7948629e-03  -8.7139668e-02   8.6197307e-02   1.7483687e-01  -1.1148180e-01  -1.3173908e-01  -6.0030364e-02   1.8700209e-01   3.6156274e-01   1.1155255e-01   8.0357323e-01   1.2423853e-01   2.1696999e-01  -7.3462471e-02  -5.6252647e-02  -3.8604000e-01   8.8712268e-02   3.8497645e-01  -1.0415852e-01  -6.0238386e-03   8.7445398e-02  -4.3858502e-02   4.5321413e-01  -9.4850481e-02  -1.0191556e-01  -2.7050266e-01   6.8243462e-01   1.9965909e-01  -7.4993025e-02  -4.8489085e-02   3.9020271e-01   4.1893475e-01   6.1647148e-02   1.2997622e-01  -2.6060377e-01   3.6181035e-01   1.1164479e-01   4.3485344e-01  -1.8127042e-01   4.8434229e-01   1.9690102e-01   1.6095349e-01   1.3735132e-01  -5.0990910e-02  -1.1217304e-01  -2.5336026e-01  -1.9369076e-01   2.1840352e-01   5.4000745e-01   1.6510816e-01   1.2743702e-01   6.3790890e-02   3.3897411e-01  -4.5487800e-03  -1.5930835e-01   1.5559709e-01   2.3475290e-01   3.3342616e-01  -3.2804515e-01   2.0644795e-01   1.0218590e-02   4.0909249e-02   2.1529497e-01   2.7914644e-01   1.2568559e-01  -1.9295706e-01   5.4805750e-01  -2.3320601e-02  -3.4038659e-02   6.4906625e-01  -9.8624541e-02   2.1594853e-02   2.8662346e-02  -8.4305415e-02   4.7301028e-02  -2.4174474e-01   5.5173001e-01  -4.5115361e-01  -3.5927794e-01  -4.0299107e-02  -2.0116156e-01   6.0834969e-01   2.3492380e-01   3.3743186e-01   1.7227612e-01  -1.0607194e-01   7.2578528e-01   1.5149042e-01   9.9266784e-02   2.6515237e-01  -2.0296034e-03  -3.0975991e-01  -3.3326317e-01   3.4660767e-01  -2.8497944e-02   3.5223615e-01   3.1254418e-01  -3.0121867e-02   1.5729994e-01  -1.1367080e-01   1.1509256e-01  -2.4925665e-01   3.4904585e-01  -4.1020325e-02  -2.9448565e-01  -3.7898323e-01   1.0392672e-01  -1.5987170e-01   3.1833189e-01  -1.3235300e-01   3.4983548e-01  -9.8095138e-02   4.0500292e-01   8.4817482e-02   6.8305088e-02   8.4944282e-03   1.1787192e-01   2.2344525e-01   1.0330042e-01   2.6129051e-01  -1.3497292e-01   3.9157921e-01   3.1011847e-02   5.4973378e-02  -4.8499382e-02   3.7346357e-01   5.4722512e-01   1.4526201e-01  -1.5686721e-01   4.3302948e-01  -2.4778823e-01  -1.4342919e-01   4.1750994e-02  -9.5586535e-03   6.3567874e-02  -6.7188157e-02   2.6778012e-01  -2.5998092e-01   3.5104604e-01   1.4194996e-01  -1.0086913e-02  -4.1265870e-01  -2.2930009e-02  -6.1399720e-02  -2.4748380e-02   3.9417538e-01  -1.4458260e-01  -4.0729300e-02   7.7200485e-02   2.6704232e-01   1.2034917e-01  -2.0201337e-01   6.6658391e-02   2.8130871e-01   2.1046657e-01   3.1997857e-01   2.2880228e-01   1.4727847e-01   3.4150423e-02  -1.9306200e-01   3.9632514e-01   2.2336719e-01  -1.1001919e-01  -2.6727567e-01   2.1543902e-01  -3.0978410e-01   1.2427702e-01   2.4693443e-01
  -1.8890054e-01  -4.5064417e-01   3.3276901e-01   1.5330586e-01   3.1270444e-01   0.0000000e+00   1.0835040e-01   4.4074175e-01  -4.3265845e-01   3.9140241e-02   1.1871759e-01  -1.0057846e-01  -6.5787875e-02  -1.6874453e-01   2.7862405e-01  -2.8168901e-01   1.4441182e-01   1.6383288e-01   5.2730052e-01   4.2507714e-01  -5.9039928e-02   6.7063406e-02   8.4237761e-02  -8.1068453e-03  -2.1210817e-01   4.0127385e-01   5.0603817e-01   6.1866673e-02  -1.8141575e-01   1.1859016e-01   2.9697460e-03   2.5089491e-01  -3.4729551e-01  -1.7675614e-02  -8.3395673e-02   4.7361445e-01  -1.7312460e-01  -7.6494186e-02  -3.3837952e-01   1.1647668e-01  -9.0972292e-02  -1.4067374e-01  -2.7038476e-01   1.3239201e-01   4.4033376e-02   1.7308925e-01   5.2785490e-01  -5.9930162e-02   7.7204653e-02   4.1585960e-02   2.0588629e-01   3.7983502e-01  -2.0596436e-01  -2.4511645e-02  -9.0325344e-02   1.9125018e-01   6.8404497e-01   3.2545922e-01  -9.5261349e-02   8.8621905e-02   2.0672988e-01   1.1105486e-01  -4.0016202e-01  -7.0003666e-02  -3.0465965e-01   1.1324137e-01   8.7191852e-01  -5.6111214e-01   6.5603704e-01   4.4012733e-01  -3.6242161e-01   1.2186884e-01  -1.7636607e-01   3.6771540e-01  -1.7955430e-01   1.2476131e-01   2.2112818e-01   7.2666204e-02   8.3350621e-02   1.1410623e-02   2.3973912e-01  -1.5112488e-01  -1.2274609e-01   4.1817274e-01  -1.0380993e-01   2.9882644e-01  -4.0990435e-01  -2.2673100e-01  -2.8246847e-01   1.7485589e-02   1.6978672e-01   3.9851836e-01   7.9605314e-02  -2.0121045e-01  -6.1058999e-02   3.2211470e-01  -2.4586866e-01   6.3197308e-01  -1.2272275e-01  -9.4171582e-02  -3.0668473e-01  -1.1517074e-01   6.5399292e-02  -2.6949988e-01   3.2530603e-01   2.4671036e-01   5.7792092e-02   6.8021136e-01  -1.0835280e-01   7.2352159e-02  -1.5327101e-01   4.1695311e-01  -1.8676413e-01  -1.9699377e-01  -5.2636664e-02  -3.5311168e-01   1.2187025e-01  -8.6369142e-02   6.2270905e-02   2.8746987e-01   7.7036106e-02   3.5830305e-01   1.3834703e-02  -3.1559489e-01   9.9808774e-02   1.2832475e-01   3.2400326e-01   6.5668614e-02   2.1486615e-02   1.8321670e-01  -6.4474169e-02   4.6166549e-02  -2.0319402e-01  -1.8329362e-01   1.5606272e-01   2.8538583e-01  -7.0624945e-02  -8.7504958e-02   3.1732279e-01  -9.3425660e-02   1.0958006e-02   2.9962785e-01   8.9878364e-02   4.0095542e-01  -8.2392268e-04  -1.5625749e-01  -1.4077453e-02  -7.9098739e-02   7.5909688e-02  -2.1081190e-01  -2.0256701e-01   2.3715655e-01   1.2710762e-01  -2.2755164e-02   2.4341923e-01  -5.8301439e-02   1.1645972e-01  -2.7323526e-01   2.5164017e-01   5.1080039e-01  -3.1435502e-01  -6.4555389e-02  -2.7897400e-01   1.5306029e-01   4.9224391e-01  -1.2868680e-01   1.4641078e-01   1.6069937e-01   3.9765963e-02  -1.0259022e-01  -1.7798705e-01  -1.2351222e-01  -3.5219732e-01   7.7336208e-01  -1.9806885e-01   2.0212185e-01   1.7125673e-01
  -1.5543335e-01  -7.8399620e-02  -1.3485827e-01  -2.3080737e-01  -1.7709049e-01   1.0835040e-01   0.0000000e+00  -1.1070325e-01  -1.0696275e-01   4.6634476e-01   5.3922053e-01   1.2849173e-01   1.7868713e-01  -6.7714907e-02   5.6548853e-01  -1.6256503e-02  -3.1443074e-01   1.6547889e-01  -1.7204309e-01   5.8011189e-02   4.5638947e-01  -5.1533920e-01   7.1770859e-01  -4.2836639e-01   2.3134748e-02  -5.2505805e-01   2.6656278e-01  -1.7163678e-01  -6.9955413e-02   3.1170833e-01   6.2439548e-01  -3.7908451e-01  -1.3664598e-01   6.0916011e-01   5.4481340e-01   1.5497251e-01   1.9154802e-01  -3.1462925e-01  -1.6361211e-02   9.7139563e-02  -4.2699990e-02  -1.1650538e-01  -1.9936431e-01   4.6614992e-01   7.3653603e-02  -5.4487690e-01   2.7889617e-01   7.4615360e-01  -3.6379899e-01  -1.6502145e-01   5.1798963e-01  -4.5291834e-01   2.7422700e-01  -3.5156916e-02   3.6320504e-01   5.0759180e-01  -2.4181687e-01  -4.0677491e-01  -1.0924175e-01   5.9534071e-02  -4.0645069e-01   1.7249991e-01  -1.3786942e-01   3.0934411e-01  -1.9362924e-01   2.9814416e-01   1.8936063e-01  -1.2564335e-01  -7.6797906e-02   1.0987201e-01   1.2838258e-01   1.5531240e-01  -1.5748102e-01  -9.9763938e-02  -9.1466804e-03  -2.5947489e-01  -3.8181780e-01  -1.6964091e-01  -2.4582192e-01  -7.8286644e-03  -2.5064943e-01   7.6352261e-02   3.1503382e-01  -2.5344499e-01   1.4362970e-01  -2.4387396e-01   3.2459709e-01   1.9740755e-01   2.1806312e-02  -1.7771140e-01  -1.1899725e-01  -4.6261409e-01   1.2976294e-01  -1.0438251e-01  -3.5949812e-01  -2.7462487e-01  -6.7415465e-02  -2.1415970e-01   9.2858793e-02   5.8476653e-01   4.2342072e-01   6.9540271e-01  -3.3620091e-01  -5.3022919e-02   2.1016359e-01  -3.1412566e-01  -5.9685999e-02  -2.5213785e-01   5.0076814e-01   3.4735169e-01   4.4307521e-01   4.5223226e-02  -5.4890870e-02  -1.6732257e-01   5.9023493e-01  -1.5345056e-01  -1.1980671e-01   1.2779535e-01   4.2170025e-01  -2.2853543e-01  -2.0360746e-01  -1.9631741e-01   1.5880911e-01   4.4680206e-02  -4.9914873e-01   6.5030467e-02   1.4290340e-01   1.2951536e-01  -2.5862727e-01   2.9993475e-01  -7.8316867e-02   2.2332031e-01  -3.0137368e-01   4.7602057e-01  -1.7290503e-01  -1.0137102e-01  -1.1269961e-01   4.2289224e-01  -1.2593766e-01  -4.8465080e-02  -1.1180313e-01   1.1819995e-01   1.0606180e-01   5.1505982e-01   5.9798509e-01  -9.6864788e-02   7.0920678e-01   2.0952821e-01   4.2671627e-01   5.4010633e-01   5.0539243e-01  -1.7997230e-01  -9.6676989e-02   1.3267923e-01   2.1253550e-02  -1.3064519e-01  -3.5400856e-01  -1.0717143e-01  -3.8725618e-01  -1.2251747e-01  -7.0334964e-02   8.0642913e-02   1.4519729e-01  -1.4804328e-02  -4.6161486e-01  -1.1621155e-01   3.3188270e-01  -1.8380083e-01  -2.0509078e-01  -9.2116975e-02   2.7700538e-01  -3.7399337e-01  -3.9979769e-02   2.0894424e-01   6.7528951e-02   3.3269642e-02  -4.7607121e-01
  -7.7706080e-03  -2.4973222e-01   2.0245266e-01  -9.0436832e-02   1.7927544e-01   4.4074175e-01  -1.1070325e-01   0.0000000e+00   1.0549383e-02  -1.5247252e-01   1.3660166e-01   7.7039638e-03  -2.3300453e-01   1.8304144e-02   3.5952944e-01  -3.4185246e-01   6.3334159e-02   5.9154471e-03   2.8931183e-01   1.1311301e-01  -1.8360013e-01   1.3470069e-01  -1.4241270e-01   1.7145191e-01   2.5762616e-02   3.6730254e-01   2.8602789e-01   3.9154372e-01   3.4736666e-02  -4.5567592e-02   9.5785887e-03   2.2871888e-01  -2.9732225e-01   1.1353112e-01  -1.7158434e-01   3.4588619e-01  -1.9383936e-01   2.0973902e-01  -3.8335925e-01   4.5312413e-02  -4.0332934e-02  -2.1013115e-01   2.6531573e-02   2.2863656e-01  -1.7043486e-02   1.9137021e-01   4.3496824e-01  -2.7279570e-01  -2.8387083e-02   2.1502439e-02  -8.1381384e-02   5.9075354e-01   1.3395846e-01  -7.7589401e-02   1.7296149e-02   2.6554785e-01   3.1706776e-01   2.8049351e-01  -1.4664387e-01   4.7114155e-02   2.1099527e-01   4.7502411e-02  -1.1053175e-02   1.4257485e-01  -2.0555903e-01   1.1912669e-01   3.9780719e-01  -2.7073030e-01   5.6335896e-01   5.4596796e-02  -3.4676036e-01  -2.2377910e-01  -1.1009559e-01   1.3622632e-01  -7.3397666e-02   3.0015025e-01   2.6640865e-01   3.4648171e-01   3.3986254e-01  -2.7889775e-02   4.6571021e-01  -2.4101753e-01   8.2875390e-02   7.4284825e-01  -2.3859671e-01   4.2037868e-01  -3.7370181e-01  -8.1748507e-02   4.5995732e-03   3.1549992e-02   1.6566131e-01   1.8356231e-01   2.2060166e-01   2.8747802e-03   1.9467995e-01   3.2299334e-01  -2.6923909e-01   1.8015298e-01  -1.8238410e-01  -2.0320949e-01  -3.6893707e-01   3.4856576e-03   4.6172053e-01  -4.6148606e-03   1.1799747e-02   2.2518652e-01  -1.0453449e-01   6.6834943e-01  -2.0795970e-01   1.3377929e-01  -4.2754631e-02   2.6529391e-01  -1.8099319e-01   6.1700968e-02   1.6606640e-02   1.6673874e-01   3.6127329e-01  -1.7874675e-01   1.2450673e-01  -1.1466195e-01   1.4272094e-01   2.9749164e-01  -6.0874957e-02  -1.2628185e-01   1.5847807e-01   1.0861263e-01  -1.8919211e-02   6.8547788e-02   1.4098781e-01  -6.7519165e-02  -2.3954245e-01   1.4413110e-01  -7.2163708e-02  -1.4161985e-01   6.6073630e-02   3.7166651e-01  -8.1754761e-02   1.5600075e-01   5.7738344e-01   9.4572994e-02   2.9483495e-01  -4.6471517e-02   3.6135868e-01   3.1189025e-01   7.3887101e-02   5.1897238e-02  -1.6787284e-01   8.8876328e-02   1.3859233e-01  -3.8519087e-01  -2.0046734e-01   6.3161767e-01   5.4346228e-02   1.6897569e-01   1.2803244e-01   1.4823573e-01   2.2205515e-01  -2.9535149e-01   9.8937650e-02   6.9740664e-01  -2.6695083e-01   3.0280016e-01  -1.4593152e-01  -6.4977421e-02   1.9553870e-01   2.6573147e-01   1.4964279e-01   5.3456221e-01  -6.4897385e-02   2.3892951e-01   7.3711633e-02   1.8812486e-01  -3.2344867e-01   5.3357129e-01  -7.7716484e-02   1.1065744e-01   1.8455289e-01
   6.1123423e-02   4.9699449e-01  -2.1451382e-01   1.6380687e-01  -6.4626848e-02  -4.3265845e-01  -1.0696275e-01   1.0549383e-02   0.0000000e+00  -7.1534148e-02  -2.2956682e-01   9.1072788e-03   3.2313354e-02   1.7791881e-01  -5.8484054e-02   7.3864873e-02  -4.7096918e-02   1.4461334e-01  -2.0637070e-01  -1.5851577e-01  -1.8200909e-01   2.9583626e-01  -2.3851397e-01  -1.7096721e-01   1.7807890e-02   2.3506351e-02  -3.0784380e-01  -8.7553155e-03   4.2703497e-01   3.2278855e-01   8.3555172e-02   3.7922057e-02   1.0804001e-01  -2.3171366e-01   3.8281319e-01  -3.9542336e-01   1.5909271e-01   1.3648709e-01   8.9807118e-02  -3.2171012e-02   2.4028679e-01   4.6837564e-02   7.8743879e-01  -9.9100528e-02   4.2923429e-01  -6.5493970e-02  -2.7054266e-01  -1.6530423e-02   9.2921300e-02  -5.2592101e-02   1.2235964e-02  -1.3960525e-01   2.0439164e-02  -1.4680619e-01   2.0252961e-01  -2.4725442e-01  -1.8690356e-01   1.8929387e-01   2.8511814e-01   3.4245484e-01  -1.0816342e-02   1.0475818e-01   9.0307388e-01   1.1291233e-02   4.7439167e-01  -9.7329501e-02  -4.4670083e-01   3.8419869e-01  -3.4368245e-01  -2.8402372e-01   1.2909749e-01   8.5612998e-02   2.3270350e-01  -2.4998791e-01  -1.6571280e-01   3.0331302e-01  -1.6831723e-02  -1.1480142e-01  -1.6948694e-02   6.7929472e-03  -1.0735232e-01   5.0440492e-02  -1.5664572e-01  -1.9456158e-01  -2.0774860e-01  -2.2887318e-02   4.9877609e-01   4.5946787e-02   6.3788536e-01  -1.3930569e-01  -2.8699009e-01  -1.3137291e-01  -2.8522965e-01   7.7714549e-01  -5.0657072e-02   7.0910138e-02  -1.7612554e-02  -2.1610436e-01   7.4971286e-02   6.4529040e-02   1.1436644e-01   5.4621976e-02   1.2830876e-01   8.1743683e-01   9.5504876e-02   5.6403698e-02  -1.9831742e-01  -2.0670923e-01   1.4629227e-01  -2.6456908e-01  -2.4341714e-01  -4.9515736e-02   5.1190473e-01  -1.3894113e-02   1.7187210e-01   1.5894903e-01  -1.6437508e-01   2.4164081e-01  -5.5890867e-02  -5.2846746e-02  -2.5152282e-01  -2.1309349e-01   3.2498925e-01   7.4564201e-01  -5.1510764e-02   2.1884322e-01  -1.1534014e-01   1.8622071e-01   5.3812715e-01  -2.7344906e-01   1.5921178e-02  -3.3673406e-01   4.5962864e-01   1.1742768e-01   5.4645605e-01   2.8804836e-01  -3.7896503e-02   2.0529268e-01   1.6405551e-01  -7.4162976e-02   2.3316068e-02  -3.6806501e-01   1.5247008e-01  -1.8159749e-01   2.8411905e-01   6.9571966e-01  -5.3660156e-02  -1.0666984e-01  -1.9425472e-01   6.2589160e-02   1.3019628e-01  -2.2114002e-01  -2.4822806e-01  -6.7718861e-02   7.6833655e-03  -1.0690738e-01  -1.5480221e-01   3.0457749e-01  -9.4729984e-02  -1.5707557e-01   3.5585418e-01   2.9882871e-01   1.1774516e-01   9.4728019e-02  -2.5294439e-02   1.5633336e-01  -2.1495717e-01  -1.9556616e-02  -3.4193451e-01  -4.7636778e-02  -1.1702202e-02  -2.3063949e-02   2.4517990e-01  -2.7989653e-01  -1.9812422e-01  -1.2634168e-01   3.3215667e-01
  -3.2163111e-01  -2.2103171e-02   3.2226962e-02  -5.7773916e-02  -1.7948629e-03   3.9140241e-02   4.6634476e-01  -1.5247252e-01  -7.1534148e-02   0.0000000e+00   1.4835746e-01   2.6578609e-01   3.1732617e-01  -3.7563990e-01   1.0999516e-01   1.1522296e-01  -1.9978735e-02   8.5681203e-02  -1.5370841e-01   1.5961324e-01   3.1045297e-01  -2.0868534e-01   4.6529439e-01  -2.6264878e-01   7.9693319e-02  -3.6207875e-01   2.2014629e-01  -1.0406718e-01   5.4165316e-02  -2.4110648e-02   6.7050228e-02  -2.3540502e-01   1.6474398e-02   5.2489639e-01   1.9282704e-01   1.9672375e-01   2.9611522e-01  -2.4516087e-02   9.1644616e-02   3.0426072e-01   2.2477844e-01   1.1481549e-01   3.7223544e-04  -8.7084842e-03   9.9428826e-02  -2.4805758e-01   1.4112210e-01   1.9886273e-01  -5.2713399e-02   2.3896213e-01   2.4106484e-01  -1.7182292e-01   1.1965714e-01   2.6860871e-01   1.7707224e-02   1.4601928e-01  -2.4572072e-01  -1.4403742e-01   1.2391176e-01  -7.5544360e-02  -1.3209866e-01   4.1265196e-01  -1.3802635e-01  -6.2164942e-02  -6.1877662e-02   5.6747772e-01   7.3172088e-03  -9.4619235e-02  -1.9422712e-01   1.0452379e-01   2.7711937e-01   1.5366394e-01   7.1456817e-04   2.4104875e-02   1.1951104e-03  -1.7491802e-01  -8.0483012e-02  -1.4260373e-01  -4.4260966e-02  -1.3034529e-02  -6.9659192e-02   1.1515544e-01   1.5242508e-01  -1.9295745e-01   1.0059775e-01  -2.2884410e-01  -7.3840337e-02  -5.0810224e-02   1.8036030e-01  -7.3628631e-02   2.6250119e-01  -3.3973414e-02   3.0122910e-01  -9.7056243e-03  -8.1356026e-02   1.9857799e-02   7.3780553e-02  -2.2740504e-01   6.1961364e-02   5.0448702e-01   9.0521139e-02   2.2006791e-01  -1.8007730e-01  -1.9699792e-01   1.6561176e-01  -9.1497530e-02   7.0551482e-03  -2.6920614e-01   3.2791459e-01   3.2615043e-01   3.3860805e-01  -1.2941057e-01  -4.9829340e-02  -1.0492935e-01   1.6303982e-01  -7.9419983e-02  -5.5974935e-02   2.7236134e-01   2.4388221e-01  -1.4204240e-02   1.7535950e-02   1.3569747e-01   2.5195343e-01  -1.6370351e-02  -1.4538704e-01  -9.9718371e-02   4.7321029e-02   2.5678657e-01  -3.7418860e-02   2.0270388e-01   2.9670229e-02   2.9390395e-02  -3.4907844e-01   1.5687257e-01  -7.8676924e-02  -1.8425423e-01  -4.4583880e-02   8.9298017e-02  -1.8247275e-01  -5.5416438e-02  -3.0191807e-01   8.2686237e-02  -4.6209994e-02   2.9751269e-01   2.3464281e-01  -4.3743418e-02   4.1065956e-01   3.2327020e-01   3.5562668e-01   3.1532952e-01   1.4419929e-01  -3.2043607e-02   1.4873301e-01  -3.7929018e-02   1.0780064e-01  -7.4552122e-02  -1.3198844e-01   1.9095781e-01  -7.4613162e-02  -3.1289042e-02   8.7916446e-02  -6.4519603e-03   3.5367785e-01   3.5282362e-02  -1.9082162e-01  -4.0148741e-02   8.3822505e-02  -9.4761262e-02  -9.8686735e-02   4.6790884e-02   5.0009017e-01  -6.3833408e-02   5.6299677e-03   1.9133903e-01   1.0195727e-01   2.4041382e-03  -2.1464114e-01
  -3.2027324e-01  -2.0156307e-01   3.3181742e-02  -3.4085591e-01  -8.7139668e-02   1.1871759e-01   5.3922053e-01   1.3660166e-01  -2.2956682e-01   1.4835746e-01   0.0000000e+00  -8.8500189e-02   1.6686063e-02  -2.4140806e-01   4.9215098e-01  -5.8179843e-03  -4.5680504e-02   2.8500458e-01   1.2343649e-02  -1.9855801e-02   4.9392021e-01  -3.9953253e-01   4.6014346e-01  -3.3531509e-01   2.4112456e-03  -1.1415895e-01   1.9380215e-01  -1.5019690e-01   8.8789387e-02   8.1735889e-02   5.8964129e-01  -1.5614533e-01  -8.9492687e-03   5.4398016e-01   1.1610016e-02   2.8844507e-01   1.8802319e-01  -1.8069994e-01  -2.0910960e-02   2.2380170e-02  -5.9915925e-03   1.1880141e-02  -3.0192363e-01   7.4912304e-01  -1.5134561e-01  -2.1988836e-01   4.5253571e-01   4.9741876e-01  -1.6429666e-01  -5.9306505e-02   4.3670737e-01   5.5586291e-02   2.7631975e-01  -3.5554201e-02   1.5200870e-01   7.2382038e-01  -1.0254193e-01  -2.4490143e-01  -1.1512193e-01  -3.9650465e-02  -1.0051633e-01  -4.9504338e-02  -2.7349818e-01   4.6181639e-01  -1.6678681e-01   8.3251440e-02   8.1251382e-02  -8.4266411e-02   1.1821214e-01   1.9323369e-01   9.5266758e-02  -5.8432674e-02  -6.1597150e-02  -8.7444978e-02  -4.5155937e-02  -2.5561322e-02  -1.6456475e-01   1.8952171e-01  -9.1893391e-02   1.6771310e-01  -5.2964741e-02   1.0196293e-02   6.3962025e-01  -8.5761714e-02   1.4339343e-01   7.7533547e-02  -3.3651146e-02  -1.1283100e-01  -2.6502458e-01  -2.2804666e-01   7.9681064e-02  -2.0900864e-01   3.0429139e-01  -1.7346023e-01  -1.0067916e-01  -1.4292206e-01  -7.9854203e-03   4.3568088e-02   8.5018162e-02   1.6277766e-01   3.6679416e-01   5.5896963e-01  -1.0975927e-01  -1.4554853e-01   8.3878847e-02  -2.1595592e-01   2.8661168e-02  -1.6008135e-02   2.5543894e-01   4.1275388e-01   5.4037622e-01  -9.4572665e-02  -2.3936542e-01  -2.3154440e-01   2.5397891e-01   1.3170751e-01   2.4727501e-01  -7.1334079e-03   3.4308540e-01  -3.9192456e-01  -1.2019103e-01  -3.6272865e-04  -1.0569098e-01  -4.5997404e-02  -2.4613531e-01  -1.7824433e-01   3.1430167e-02   1.8707505e-02  -2.3268166e-01   4.2076197e-01  -3.3058067e-02   6.5937912e-01  -2.1931086e-01   5.3205241e-01  -2.2547598e-01   1.5588843e-01   1.1875058e-01   2.5426006e-01   1.8619010e-01  -1.7103001e-01  -1.5404872e-01   1.3645026e-01   3.9477875e-01   4.2169407e-01   4.0925183e-01  -1.7699487e-01   3.7055611e-01   1.5268040e-01   3.0906920e-01   2.8876823e-01   1.8986068e-01  -7.8950515e-02  -5.0322179e-02   5.4497020e-01   1.0405081e-02  -1.1643432e-01  -1.9035444e-01   2.5971610e-02  -1.1700188e-01   6.4646391e-02  -1.7100273e-01   4.2750466e-01   6.6859883e-02  -1.5318617e-01  -2.9322613e-01   3.8059450e-02   4.6651533e-01  -1.1659471e-01  -5.5662521e-02   2.4399706e-01   1.0839494e-01  -1.5533663e-01  -1.0638941e-02   1.8715443e-01   1.6979784e-02   2.8819846e-02  -2.3422272e-01
  -1.9873588e-01   4.9839891e-01   3.9360430e-01  -1.1572083e-01   8.6197307e-02  -1.0057846e-01   1.2849173e-01   7.7039638e-03   9.1072788e-03   2.6578609e-01  -8.8500189e-02   0.0000000e+00  -1.8539783e-02  -3.0625261e-01  -9.9177329e-03   1.1599112e-01   3.4675457e-01   1.3550534e-03   9.0501568e-03   1.5769215e-01  -1.0345041e-01  -1.5096412e-01  -1.4970381e-01   8.4692919e-02  -9.9031636e-02  -1.8351767e-01   3.1863458e-02  -1.6867968e-01   1.6059382e-03  -1.8088291e-02  -2.8731002e-01   1.2241417e-01  -8.7033923e-02   1.4540674e-01   1.5542443e-01  -1.8124681e-02   2.0412555e-01   2.3499718e-02   6.4237158e-02   6.7461355e-01   5.9032295e-02   2.3091344e-02   1.7625317e-01  -8.2384899e-02   2.6910126e-01   6.4219027e-02  -1.8087393e-01   1.0242835e-01   1.1953775e-01   4.9194607e-01   3.5330553e-03  -4.2789235e-02   3.1046352e-01   2.2428694e-02  -5.9573714e-02   6.8592182e-02  -4.9276024e-02   7.8492652e-02  -1.1246207e-02   1.8546768e-01   1.4385522e-01   4.3889075e-01  -4.5528148e-02  -4.1478865e-02   1.5618143e-01   3.7382783e-01  -1.4023752e-01   3.2349945e-02  -2.4228200e-01   4.0860201e-02   5.6754446e-01  -8.2367169e-02   1.1041210e-01   2.4507195e-01  -2.1312015e-01   1.3013109e-01   1.4237203e-01  -1.5350391e-01   1.8646176e-01  -4.3846441e-02  -1.0038881e-01   8.6055295e-02   2.4011633e-01   3.3160603e-02   7.6265932e-02   9.1595366e-02  -2.6273087e-02  -3.7238656e-02   1.1287328e-01  -7.3411167e-02   2.6969633e-01   1.5168080e-01   1.1915525e-01  -4.2599426e-02  -4.9689614e-02   4.2754079e-01  -3.9364400e-02  -1.3859279e-01  -6.3157681e-02   3.4517496e-01   8.3141330e-02   1.6184372e-02  -4.0738568e-02   3.6196846e-02   7.4169264e-02   9.1377730e-02  -2.1084263e-02  -8.5491875e-02   9.4352842e-02  -1.1523870e-01   3.7700779e-01  -1.3702484e-01  -2.0404370e-01  -1.4899246e-01  -1.2367493e-01   2.4217361e-01   4.7889099e-02   1.7973174e-01  -2.1934956e-01  -5.2654702e-02   1.4428055e-01   2.5984574e-01   2.7368871e-01   6.9731826e-02   1.8758694e-02   2.8047559e-01   1.2767126e-01   1.1603223e-01   4.4406041e-02  -6.2960390e-02  -5.9010482e-02   2.2414746e-01   1.0702879e-01  -1.7167499e-01  -2.7545920e-02  -5.8874892e-02  -5.2632358e-03  -2.4686431e-01   2.3406879e-02  -2.4159604e-02  -2.4300513e-01   1.1827713e-02   1.2314355e-01   9.6619306e-02  -1.9031655e-01   3.6590002e-02   2.6658392e-01   1.9585985e-01  -3.0256389e-02   1.4514997e-01   5.8633677e-02  -6.6733947e-03   1.8922996e-01   2.4044910e-01   5.2888334e-01   9.6533369e-02   5.8550523e-02  -5.2697052e-02   1.1476519e-01  -8.5707467e-02  -2.8550630e-02   1.0945190e-01   3.9952285e-01  -3.7933251e-02  -3.4551907e-02   2.0898729e-01   3.3322681e-01  -4.0745051e-03  -1.9897179e-02   5.0959846e-02   3.7855562e-01   1.0967649e-02  -6.4030524e-02   7.5924583e-02  -7.6011417e-02  -9.1250411e-02  -5.8259977e-02
  -2.3589946e-02  -5.1977200e-02   7.9884005e-02  -2.6248214e-03   1.7483687e-01  -6.5787875e-02   1.7868713e-01  -2.3300453e-01   3.2313354e-02   3.1732617e-01   1.6686063e-02  -1.8539783e-02   0.0000000e+00  -3.8741140e-02   6.9316080e-02  -6.3763345e-02   2.7776941e-02   1.7789856e-01  -1.1033455e-01   1.9013921e-01   1.8620596e-01  -1.0501348e-01   1.5159805e-01  -2.1116601e-01  -1.4657431e-03  -3.8907217e-01   4.0715722e-02  -2.5752008e-01   1.0172529e-01   1.2740844e-01   1.2705322e-01   1.3019446e-01  -1.0575686e-01   5.4927694e-02   1.7815065e-01   1.2353366e-01  -4.5792342e-02  -1.1544458e-01  -1.9686574e-02   2.0862088e-01   6.6930702e-01   5.2252816e-02   4.5239691e-02  -3.3601318e-02   2.6376775e-01  -2.5036620e-01   7.4817843e-02   5.6506198e-02  -5.4254850e-02  -5.4181005e-02   2.5364522e-01  -3.8024302e-01  -2.2947626e-01   2.7849754e-01   2.1037512e-01  -7.4928474e-02  -1.8793547e-01   1.5836526e-02   2.2633774e-01   1.4724378e-01  -9.6744314e-02   3.2757603e-01  -9.9219615e-03  -6.3183132e-02  -4.8267001e-02   9.8968313e-02  -5.3750639e-02   1.3598358e-01  -2.4182047e-01  -4.3748771e-02   8.5853459e-02   2.4425648e-01   5.4434693e-01   1.7063455e-01   1.7193803e-01   7.2254187e-02  -2.1268102e-01  -2.5686895e-01  -8.9125746e-02   1.4852730e-01  -3.2428669e-01   4.6701653e-01  -9.3036915e-02  -2.6216774e-01   2.4560608e-01  -6.3429067e-02   8.6403923e-02   1.0750568e-01   7.7406826e-02   1.6667910e-02   1.0551263e-01  -9.8985426e-02   8.3558888e-02   8.3491022e-02  -2.3087040e-01   6.0606177e-02   2.7166176e-01  -1.8463871e-01   2.8129206e-01   1.1807120e-01   1.2148464e-01   7.0709665e-02  -1.3474831e-01   6.9453520e-03   2.7234862e-01   4.2599811e-02   1.3315378e-01  -3.5680857e-01   1.2982672e-01   4.8168810e-03  -1.5578623e-02   3.5392631e-02   3.9304891e-02  -9.2168728e-02   1.4759528e-01  -1.5870721e-01  -3.3961824e-01   6.1120657e-01   5.7424236e-02   1.9994184e-01  -6.7655913e-02   1.6846188e-01   3.0818700e-01   1.1049607e-01  -2.8768886e-01   3.4147605e-02   1.6633437e-01   1.9687291e-01  -6.0153978e-02   1.1698338e-01   5.5687290e-01  -1.2737384e-01  -5.9846464e-02   1.1920006e-01   8.4742635e-02   5.5995440e-02   2.1535713e-01   2.2728307e-02  -7.4230458e-02  -2.1958015e-01  -2.2721391e-01   2.6334698e-01  -9.9639574e-02   1.2818177e-01   2.0538270e-01   1.7687874e-01   1.1023985e-01   1.4753876e-02   7.9824428e-02   1.7011377e-01   1.7086684e-01  -1.8041878e-01   2.8712468e-02  -2.5345852e-01   1.9322354e-01  -2.4080212e-02  -1.6183455e-01   2.4090207e-01  -1.3477480e-02  -2.6603895e-01   1.6314931e-01  -9.8398201e-02   1.8126740e-01   5.7566324e-02  -7.8889569e-02  -1.0097959e-01  -1.2846225e-01  -1.4321071e-01  -1.6705756e-01   1.4885634e-02   7.0371848e-02  -1.2708486e-01   1.5634056e-02  -1.6334319e-02   5.6705861e-02   5.3080455e-02  -1.0531409e-01
   7.3378504e-01  -1.1648528e-01  -3.3665561e-01   6.9902731e-02  -1.1148180e-01  -1.6874453e-01  -6.7714907e-02   1.8304144e-02   1.7791881e-01  -3.7563990e-01  -2.4140806e-01  -3.0625261e-01  -3.8741140e-02   0.0000000e+00   1.1368388e-02  -1.4788029e-02  -3.5533163e-01   4.2146997e-02  -3.1523099e-01  -2.0439255e-01  -7.6842259e-02   1.7137011e-01  -8.7037918e-02   3.2164915e-01  -1.1071326e-01  -1.5114487e-01  -1.4790864e-01   3.9709269e-01  -1.2825228e-01   2.3257712e-01   8.4638437e-02  -5.3509079e-02   9.2511379e-02  -2.1129607e-01   1.8553005e-01  -2.7140295e-01  -3.1039514e-02  -7.8802466e-02   3.7325169e-02  -2.4571654e-01  -1.7921018e-01  -3.5174319e-02   6.4219262e-02   6.7949640e-03  -1.2807271e-01  -6.9099613e-02  -1.3403314e-01  -9.2670461e-02   2.4386528e-02  -2.1030035e-01   1.8784587e-02  -9.2405387e-02  -2.3681572e-01  -6.7655667e-02   4.2365209e-01   7.7132520e-03  -2.7294917e-01  -3.7093528e-02   2.7939698e-02   6.7232756e-02  -3.0173088e-01  -1.5307796e-01   2.9855644e-01  -1.9209741e-01  -6.7545765e-02  -2.0862515e-01  -9.9597121e-02   2.5011117e-02   8.2540272e-02  -1.9444547e-01  -3.6913903e-01   3.7102306e-02  -1.7386520e-01   6.0341287e-03   4.1629087e-03  -7.8647311e-03  -2.4438330e-01   3.0511171e-01  -1.8254793e-01   5.3095169e-02   7.2665708e-02  -8.7292690e-02  -3.0017612e-01  -2.7356443e-03   1.5199848e-01   1.7022314e-02   4.3655340e-01   4.0663563e-01   1.7216184e-02   1.6720606e-01  -2.3913325e-01  -2.8532577e-01  -2.6292286e-01   3.7188438e-02   1.6702075e-02  -1.8721787e-01  -6.2548669e-02  -1.6322970e-01  -6.2369417e-02  -1.6225806e-01  -3.8073551e-02   4.5374176e-02   3.9910763e-01   2.7089414e-01  -6.0269760e-02  -1.7460320e-01   6.0408050e-02  -5.9926037e-02  -4.5783425e-02  -2.4773234e-01  -1.8796207e-01   3.0186077e-01   2.9880233e-01   2.8760216e-01   2.2433692e-01  -2.1436891e-01   1.1350302e-02  -1.6680848e-01   2.3847226e-01   3.3543864e-02  -1.2616921e-01  -3.8692476e-01  -1.8178059e-01   8.7309780e-02  -3.0743994e-02   2.7896996e-01  -2.6421601e-02  -4.8710353e-03   1.5613272e-02  -1.3725987e-01  -1.4896901e-01  -3.4512083e-01   3.8723073e-01  -1.2859147e-01  -6.9913027e-03  -3.8631691e-02  -9.8018968e-03   3.0614614e-01  -3.0366145e-02   2.0761511e-01   7.1874355e-01  -2.4236838e-01  -1.0456847e-01   5.6849275e-02  -2.7412977e-02   1.3880744e-01  -1.9571056e-01  -1.4865689e-01  -1.3326850e-01  -1.6788337e-01   1.4375677e-01   1.4935299e-01  -2.5326512e-01  -2.1360918e-01  -2.4738665e-01   1.7483673e-02  -3.5831441e-02  -6.9048398e-03  -2.1518333e-01   8.4660526e-02  -7.4810366e-02  -1.8343295e-01  -2.4813832e-01   1.1339231e-01  -2.3893965e-01  -1.1584919e-01   1.6326396e-02   2.1730978e-01   6.6542246e-02  -2.8708257e-01  -2.2085234e-01  -7.8161636e-02   1.0183159e-01  -2.0342841e-01   2.1005284e-03   1.3874266e-01  -1.7663269e-01
