   0.0000000e+00   7.8469933e-02  -2.1835413e-01   2.9885179e-01  -2.0872707e-01   3.5847601e-02  -3.4395102e-01   1.5301736e-01   3.5213673e-01  -3.3581714e-01  -2.6757195e-01  -8.5561119e-03  -3.2288799e-01   7.3511886e-01  -2.9036564e-01  -2.7306102e-01  -2.6319975e-01   1.3852162e-01   3.2686560e-01  -1.7522627e-01  -3.9335051e-02   2.1891028e-01  -3.2255260e-01   3.7607452e-01   7.6831933e-03   1.4744910e-01  -1.8126833e-01   2.6194874e-01  -1.2461105e-01   7.2961856e-02   1.8483980e-01   2.7516452e-01  -7.2675190e-02  -4.5596214e-01   3.0318873e-03  -3.6862468e-01  -1.8773451e-01   5.7020494e-01  -3.0809322e-01  -2.4925689e-01  -2.8580742e-01  -2.0997730e-01  -2.5326036e-02   1.0643016e-01  -1.8492085e-01  -1.0581366e-01  -3.6692459e-01  -2.0698414e-01   3.3768384e-01  -1.8273264e-01  -4.2099062e-02   1.3577616e-01  -1.4001191e-01   3.4990095e-02   4.2110115e-01  -1.0627048e-01   2.0430069e-01   2.2794488e-01   6.5019699e-02   8.7927938e-02   1.8109686e-01  -1.1349304e-01   8.3405064e-02  -1.9971939e-01   1.2400676e-02  -5.0937862e-01   1.4562975e-01  -4.8246964e-02   4.7498181e-02  -3.5497087e-01  -5.3544309e-02  -3.0486982e-02  -1.3665248e-01   1.1308491e-01  -1.8928261e-01   2.6982196e-01  -4.0123975e-02   1.0858437e-01  -2.3036854e-01  -1.9138254e-01   6.8908603e-02  -2.5519736e-01  -1.0280144e-01   3.1551523e-01   2.5672896e-01   1.6148762e-01   4.6530922e-01   2.9650726e-01   1.2011868e-01   8.1146002e-01  -6.4584801e-02   1.9973152e-01  -4.3169095e-01   9.1499157e-02   1.0114217e-01  -2.3759170e-01  -1.6898818e-01   2.3036378e-01   1.5914935e-01  -9.6659735e-02   4.7761310e-01  -3.9171690e-01   2.0053415e-01   3.1675657e-01   1.4735326e-01   2.3895577e-01   2.8394862e-01   7.8937314e-02  -2.1930478e-01  -2.7303103e-01  -3.0683614e-01   2.2078783e-01  -9.2919305e-02   8.5990710e-01   2.6977180e-01  -1.7999368e-01  -1.9572842e-01  -2.1855117e-01   4.6403333e-02   1.1343783e-01   4.7428453e-01  -2.4743689e-01   3.9434032e-03   2.0846373e-01   5.1284457e-01   4.6157572e-01  -1.6330087e-01  -2.1632443e-01   3.1530072e-01  -3.8646766e-01  -2.9089718e-01  -3.6969852e-01   5.7599903e-02  -1.7216080e-01   1.0605810e-01   2.8048685e-01  -2.6983935e-01   2.4984998e-02   2.1542522e-01   7.8480437e-01   7.7037173e-01   5.5786165e-02  -3.2910533e-01  -2.5932780e-01   5.6229026e-02   2.4009262e-01  -1.8468381e-01  -2.1851895e-02  -3.9339773e-01  -3.7219064e-02   3.8098376e-01   2.1256122e-01   4.7207678e-01  -1.6604339e-01  -2.8381669e-01   5.9367661e-01   3.8716148e-01  -2.0831906e-01   3.4496114e-01  -3.4324355e-02  -6.9885642e-02  -8.1108857e-02  -3.2275996e-01   2.1708523e-01   2.1330096e-01  -3.2321199e-01  -5.3747146e-01   2.9147592e-01   6.1830121e-01  -2.1638921e-01  -3.9647234e-01   2.4802950e-01   2.1886492e-01  -1.9325414e-01  -9.9769564e-02  -5.0401322e-02   4.3564718e-01
   7.8469933e-02   0.0000000e+00   2.5865589e-01  -7.1667071e-02   1.9829594e-01  -1.5365597e-01   1.9281416e-01  -1.9585588e-02   4.8873744e-01   2.8146597e-01  -2.3394212e-02   4.5211435e-01  -1.0823048e-01   2.3140088e-01  -5.2015185e-02   5.1796647e-02   2.6519489e-01   1.9822212e-01  -6.6877772e-02   4.7458207e-02  -9.4211744e-02  -6.6648301e-03  -1.0151908e-01   2.0236033e-02  -3.1881525e-01  -2.4990157e-01  -3.5906775e-01  -5.9854530e-02   5.8998327e-02   3.9494345e-01   7.1926570e-02  -1.2238240e-01   1.1477550e-01  -1.5310356e-02   2.2239942e-02   1.1112107e-02  -3.4400726e-01  -4.8893780e-02   4.3346188e-02   2.4959813e-02   1.0446929e-01  -4.1866309e-04   6.4778542e-01  -5.0249901e-02   3.4380516e-01  -4.2377276e-01  -4.8771856e-02   2.4336381e-01   2.2563903e-01   4.3864260e-01  -5.6003822e-03  -2.2416659e-01   2.5474025e-01  -1.0528548e-01  -5.3801271e-02  -2.9964752e-01  -1.2654503e-01   1.1670181e-02   7.1752823e-02   2.8306951e-01  -1.3492972e-01   9.7873947e-02   5.4118941e-01   1.3884622e-01   4.1984750e-02  -4.9542374e-02  -2.1766508e-01  -1.0600935e-01  -2.8140618e-01  -3.0938958e-01   2.3081631e-01  -7.1670315e-02   3.6003575e-01   2.8552412e-01  -2.8562790e-01   5.7323483e-02  -3.0985966e-01  -1.7598085e-01   3.2281742e-01   1.6141475e-01  -1.1806852e-01   2.0491758e-01   1.3188595e-02  -5.3295133e-02  -1.6119943e-01  -5.0228165e-02   9.5204052e-02  -2.5650756e-01   1.7245148e-01   1.4986044e-01   5.0687077e-01  -2.0237848e-03  -6.5659059e-02   3.5537970e-01  -3.2870446e-01   2.5695619e-01  -2.5174608e-02  -1.8770013e-01   2.7071217e-01  -2.1006610e-01  -2.3256447e-01  -8.6475238e-02   3.6475200e-02   3.3928874e-01  -1.7857433e-01   3.6624888e-02   9.4458674e-02  -2.6239479e-01  -1.2332582e-01  -5.3722546e-02  -8.0270816e-02   9.1481671e-02   2.7380746e-01  -3.6624740e-02  -2.0974054e-01   1.2912635e-01  -5.0245482e-03   3.1861285e-01  -5.3863833e-02  -8.9166588e-02  -3.1273629e-01   2.9274575e-01   4.1378243e-01   3.0839108e-01  -3.2314616e-01   2.2861653e-01  -4.0341375e-02  -1.7696673e-01  -4.6825735e-02  -1.6882561e-01   1.7615231e-01   1.6755573e-01   3.6180203e-01   2.3855867e-01   5.3019587e-01  -5.8497841e-02  -4.7468445e-02   2.3098359e-02  -1.0650328e-01   2.7199277e-02   9.6696516e-02  -2.4099109e-01  -1.7934257e-01   1.5425199e-01   1.7272358e-01   1.8727440e-01  -2.2453135e-02   3.1938949e-01  -1.0115946e-01  -9.2144195e-03  -1.1615917e-01  -7.1058874e-02  -5.1270513e-02   3.8273429e-02   6.4601456e-01   1.7670896e-01  -3.1359144e-01   1.0027913e-01  -7.2510354e-02  -2.0009743e-01   2.2562902e-01   1.9523241e-01   1.2196550e-01   9.3023314e-03  -1.6611130e-02  -1.3226039e-02  -8.3152374e-02  -1.4028186e-02  -9.0511952e-02   9.4140048e-02   1.3156228e-01  -2.8053801e-01   1.7059936e-02  -6.6882743e-02  -1.6533574e-01  -2.2017289e-01   1.7326064e-01
  -2.1835413e-01   2.5865589e-01   0.0000000e+00  -3.1451234e-01   3.4758438e-01   1.2172602e-01  -2.3522331e-01  -1.8733226e-01  -4.0500878e-03   1.8802715e-01   1.7288625e-01   8.6628821e-02  -1.0593749e-01  -1.7511360e-01   1.0493860e-01   4.6960574e-03   8.4469195e-01   1.3607478e-01  -2.5706973e-01   1.6746970e-01   1.0869670e-01  -2.8415697e-02  -1.0734684e-01  -1.3037902e-01  -2.8475221e-01  -2.6374135e-01  -1.4775490e-01  -1.7949897e-01  -2.9115444e-01   3.3734140e-01   1.5942467e-03  -1.9116341e-01   5.6090329e-02  -2.7327970e-01  -3.1809587e-01   2.1238602e-01  -2.8074218e-01  -3.4047159e-02   1.9960508e-02   3.5579039e-02   6.6078235e-02  -2.4665583e-02   5.8875166e-02  -2.2347101e-01   9.2500796e-02   2.3486653e-01   2.6486588e-01   1.0147512e-01   1.6713827e-03   3.0039787e-01   4.9940827e-02  -2.8868344e-01   4.3851984e-02   8.2560414e-02  -1.7438747e-01  -3.1561088e-01  -6.8929822e-02  -1.8366783e-01  -1.1267257e-01   2.4847556e-01   2.6878109e-01   1.5431377e-01   1.1346081e-01   6.3470968e-02  -1.0486917e-01  -1.3672092e-01  -1.2080999e-01  -2.0801541e-01  -1.2247228e-01   3.5569178e-01  -3.8456389e-02  -7.7756417e-02   2.0757346e-01   3.3343954e-01  -1.5011227e-01  -1.9919519e-01   1.7911023e-01  -4.2030238e-01   2.6877720e-01  -8.5744555e-02  -3.3349831e-01   1.3437855e-01  -1.8673630e-01  -2.2146385e-01   1.6882045e-01  -2.2804115e-01  -3.8662503e-02  -1.1962318e-01  -5.6704856e-02  -1.4812551e-01   2.4420334e-01   4.1463322e-01  -2.4769713e-01  -6.6930706e-02   7.9825129e-02   3.8210910e-01  -3.9071310e-02  -2.0609918e-01   1.9164067e-01  -2.4553895e-01   1.2800124e-01  -8.3816887e-02  -5.8808677e-02   7.9511581e-02  -2.5773620e-01  -6.8110097e-02   2.7072630e-01  -1.6387561e-01  -2.2597372e-01   1.7613018e-01  -2.8307572e-01   9.2156635e-02   1.4131877e-01  -2.3538035e-01  -2.4116614e-02  -7.4804301e-02  -5.1147357e-02   1.5522015e-01   2.1996867e-01  -2.1336992e-01  -1.6398686e-01   3.0448304e-01   6.4082308e-02   2.8115036e-01  -1.7319532e-01  -8.9126021e-02   1.9248714e-01  -9.0604708e-03  -3.2808290e-01   3.4188384e-01   1.6995394e-01   1.0238986e-01   1.8425596e-01   2.6245495e-01  -1.2638114e-02  -2.8921988e-01  -2.1401281e-01   1.6553909e-02  -2.6579703e-01  -6.9992286e-02  -2.2401039e-01  -5.2295007e-02  -1.5920095e-02   2.8867880e-01   7.1139197e-02   1.6361726e-02  -1.9421744e-01   2.2781266e-01   3.1328546e-02  -1.3337531e-01   2.5205000e-01  -1.8392202e-01   9.8044787e-02  -1.2337111e-01   5.2700545e-01  -1.0334857e-01  -1.2253215e-01  -7.5074397e-02   2.6373978e-01  -3.5760106e-01   9.3580177e-02   1.4273271e-01   1.4225132e-01  -1.9469044e-01  -8.3962257e-02  -2.8135168e-01  -5.3279586e-03   3.1108509e-02  -1.3875679e-02  -5.2765991e-02  -8.8381570e-04   1.0935846e-02  -6.9122304e-02   3.2579339e-01  -1.8327999e-01  -1.4477453e-01  -8.4167324e-02
   2.9885179e-01  -7.1667071e-02  -3.1451234e-01   0.0000000e+00  -9.4337675e-02  -1.7079893e-03  -3.5244937e-02   1.0951465e-01   3.3900191e-01  -3.6983968e-01  -2.0067245e-01   2.5189253e-01  -1.7678354e-01   2.6578779e-01  -1.1069031e-01   5.1318115e-02  -3.2870338e-01   2.5657044e-01   2.0472758e-01   6.9176746e-02   9.3715073e-02   3.5193918e-01  -1.0918856e-01  -4.4154704e-02   4.0687472e-01   7.9495799e-02   1.0466022e-01   2.7890144e-02   3.2263786e-01  -1.7740486e-02   1.4240997e-01   6.4032171e-01   2.1776883e-01  -2.1098342e-01   3.4780088e-01  -1.4721554e-01   3.9214241e-01   1.7341406e-01   1.0046573e-01   9.9783661e-02   1.3172482e-01   1.2613859e-01   7.0928394e-02   5.4400692e-02   2.9402529e-01  -1.8251150e-02  -1.6157847e-01   3.1469717e-04   6.3044388e-01  -9.8647060e-03   2.7648403e-01   1.4157875e-01  -2.1549008e-01   4.1066597e-01   2.0690571e-01   9.9454221e-03  -4.5594732e-02   4.2911608e-01   5.4612919e-01   2.2291698e-01   6.8324282e-02   1.4855321e-01   7.0799985e-02  -1.0651427e-01   5.3858057e-01  -1.3640254e-01   1.0864089e-01   2.4657282e-01   1.0542825e-01  -3.8284057e-01  -1.7334185e-02   6.0703868e-01  -1.0592949e-01   1.3522031e-01   1.8354619e-01   3.3372756e-01  -6.4376805e-02   1.9054107e-01  -1.3137565e-01   2.3783265e-01   3.4422639e-02  -9.9058239e-02  -9.5883890e-02   8.7817477e-02   3.5602218e-02   2.8025780e-01   3.2415134e-01  -3.6702491e-02   3.2652116e-01   2.6695034e-01   1.8240111e-02   2.0623087e-01  -1.7376842e-01   5.3680752e-01   4.7888067e-02  -1.5110451e-01   3.4146823e-01   7.2081442e-02   3.8305051e-01   2.1905311e-01   5.0458271e-02  -1.9305784e-01   2.6020926e-01   3.8241738e-01   4.5619860e-01   5.4611739e-01   3.1568170e-01   6.9593513e-02   3.1739149e-01  -3.3696704e-01  -1.1390411e-01   1.9845313e-01   1.5038299e-01   2.7668257e-01  -1.8091055e-01  -1.1297958e-01  -1.7451747e-01  -3.5520184e-01  -2.1211057e-01   8.2813782e-01   2.0121135e-01   2.5417492e-02   1.3182786e-01   9.4106461e-02   2.6566256e-01   3.1080417e-01   1.9736163e-01   4.7015041e-02   6.0506701e-01  -3.6488781e-01  -2.0941283e-01  -8.6668371e-02   8.8825240e-02  -3.0166020e-01   3.1847734e-01   2.4916251e-01   9.0879435e-02   2.9529210e-02   1.7348701e-01   1.3244373e-01   4.3202745e-01  -1.3582617e-01  -2.3268438e-01  -4.7908509e-01  -2.3145892e-02   2.1770950e-01  -4.0340195e-02  -2.0666721e-01  -2.3348379e-01   6.2748741e-02  -1.4899741e-01   1.4089529e-01   4.2093865e-01   3.5876118e-02  -2.7026388e-01  -1.1161762e-01   1.3303467e-01   3.2479855e-01   3.0896050e-01   1.3862477e-01   2.5869319e-01  -2.0243374e-01  -2.4243510e-01   6.3773163e-01   4.7942376e-01  -2.7491516e-02   4.2901174e-02  -2.3590426e-02   3.9944549e-01  -1.9359110e-01  -3.4728644e-02  -1.3133878e-01   6.3485160e-01  -2.8640825e-01   3.7172860e-01   2.9502723e-01   4.6329582e-01
  -2.0872707e-01   1.9829594e-01   3.4758438e-01  -9.4337675e-02   0.0000000e+00  -3.4953869e-02   9.1072431e-02  -3.6398362e-01  -1.9380094e-01   3.3874344e-01   2.0618944e-01  -7.1577656e-02   1.4959053e-01  -2.5070477e-01   2.9487762e-01   4.2350864e-01   3.3604877e-01   4.7984773e-01  -2.1204559e-01   8.2498964e-01  -3.2698312e-02  -2.0125662e-01   1.6605834e-02  -2.9630629e-01  -2.7143422e-01  -2.9903845e-01   2.5046984e-01  -8.1300967e-02   1.2997115e-01   3.1078438e-01  -4.0795551e-02  -1.2374644e-01   1.4657601e-01  -1.3256728e-03  -4.1518342e-01   8.3485957e-01  -1.8043395e-01   8.6931693e-02   4.3405744e-01   1.9537915e-01   3.7300862e-01  -9.2809063e-03   2.3953841e-01  -1.9214836e-01   3.7195291e-01   3.3095506e-02   6.3818040e-01   5.1467057e-02   2.0299524e-01   1.6109752e-03   4.6608214e-01  -4.5222905e-01   5.3104113e-01  -5.0356746e-02  -2.2555233e-01  -4.0336736e-01  -1.5088870e-01  -2.0398921e-01  -3.6507085e-02  -1.6738392e-02   1.3851630e-01   6.3362079e-01   6.9631338e-02  -1.0873428e-01  -1.7730468e-01   3.3487719e-01  -1.7518305e-01  -5.3562775e-02  -2.5337779e-01   1.0168594e-01  -3.4549700e-01   1.3720834e-01   3.6552949e-01   3.5698541e-02  -3.4300499e-01  -3.3267724e-01   2.9025900e-01  -4.1854825e-01   6.7849583e-01   2.4350232e-01  -3.7652350e-01   5.6061891e-01  -2.6946486e-01  -2.3850114e-01  -1.1851926e-01  -3.6699705e-01  -2.5341517e-01  -2.0352531e-01   1.1519923e-03  -5.6897420e-02   4.8586712e-01   1.5472200e-01  -3.6858316e-02  -3.9646796e-02   3.2371709e-01   7.8929102e-01   2.2550418e-01  -3.8348403e-01   4.8082407e-01  -4.7410628e-01  -1.3316755e-01  -8.4733674e-02  -3.3039350e-01  -1.7021191e-01  -2.0301766e-01  -2.4176325e-02   2.4468809e-02  -4.1983306e-01  -1.9485341e-02   3.8009932e-01  -3.1030339e-01   9.1079133e-02   1.0324621e-01  -1.4868001e-01  -2.3159794e-01   9.6067304e-02  -1.4294929e-01   3.6623769e-01  -1.4470165e-01  -6.7362412e-02   1.6096443e-02   8.2189343e-01   3.4631455e-02   2.5370055e-01  -1.3292201e-01  -2.9087211e-01   2.1464633e-01   1.5496345e-02  -3.8704301e-01   1.3791763e-01   6.2250897e-01   1.9608043e-01  -1.2898771e-01   6.9160183e-02  -6.6075263e-02  -4.7789466e-01   7.3627251e-03  -1.1867380e-01  -4.2041857e-01  -7.0296300e-02  -1.8089584e-01  -1.4331064e-02  -7.4385858e-02  -8.9870047e-04   9.0283228e-02  -2.7891639e-01  -4.0074635e-01   5.4835678e-01   5.8140311e-01  -3.2288029e-01   2.0767952e-02  -4.5496663e-01   9.1872092e-02  -2.5824975e-02   2.8882220e-01  -9.6684592e-02   8.1407390e-02   2.3859164e-01   2.8849180e-03  -4.0745288e-01   7.8864413e-02   8.6992881e-02   3.7875593e-01  -1.6613454e-01  -9.5952284e-02   3.3869794e-03   1.5943471e-01  -1.8244368e-01  -4.7401052e-02   2.6491432e-01   2.6776776e-01   2.2262531e-01  -5.1482955e-02   6.4827224e-02  -4.5700662e-02   1.4686114e-01  -1.1766966e-01
   3.5847601e-02  -1.5365597e-01   1.2172602e-01  -1.7079893e-03  -3.4953869e-02   0.0000000e+00  -2.5004065e-01   6.2606469e-01   6.1616127e-02  -2.5934333e-01   4.9125393e-01  -1.9767094e-01  -3.4837829e-01   1.2338234e-01   5.7219603e-01  -3.3816413e-01   1.1671348e-01   2.0061748e-01   6.2403090e-01  -1.3970596e-01   1.3022713e-01   4.5834399e-01   1.4242702e-01   3.3002458e-01   1.7428418e-01   6.5705611e-01   1.2788688e-01   3.5842520e-01  -6.9398398e-02   2.7308932e-01   5.2767688e-01   2.5693536e-01  -1.8640589e-01  -1.3965982e-01  -2.8055516e-01  -1.0809441e-01  -3.3300873e-01   3.3151664e-04  -3.0472305e-01  -1.6027948e-01  -3.1447031e-01  -3.5684480e-01  -1.0659303e-01   4.0804552e-01  -1.7920542e-01  -9.6461908e-02   2.2113310e-01  -1.1875059e-01  -3.6701625e-02  -2.2293849e-01   2.1034983e-01   5.1372603e-01  -4.4505196e-02  -1.2003166e-01   1.1412454e-01   2.8602551e-01   6.7984432e-01   3.8313482e-01   1.0852600e-01   2.5878280e-01   5.4083410e-04  -6.2604968e-04   3.8151441e-02   3.8457264e-01  -1.7750941e-01  -1.0507497e-01   8.6383647e-01   2.9399733e-03   5.9927409e-01  -1.5125957e-01  -3.5174499e-01   1.2163807e-01  -3.0216893e-01  -1.3485176e-01  -1.2718639e-02   5.7753305e-01  -2.7217835e-01   2.4752648e-01   1.0205116e-01  -2.2129546e-01   4.9952993e-01  -2.2207283e-01   1.1385055e-01   6.8259078e-01   5.1519125e-02   6.1618992e-01   2.0160480e-01   1.3131876e-01   2.3080984e-01  -6.9998165e-02   4.6303310e-02   9.7853358e-02  -1.0232583e-01  -2.2341013e-02  -2.7101018e-01   1.1906717e-02  -4.2782630e-02   6.9289303e-01   1.5465385e-02   1.8196165e-01   8.5919082e-02   2.4936185e-01   5.0081876e-01   2.6981304e-01   3.9522899e-01   3.6847271e-01  -1.5744991e-01   7.0969632e-01  -3.8418341e-01   2.2416787e-01  -5.1805196e-02   4.7051679e-01   1.5482109e-01   3.3228301e-02   1.0601809e-01   6.8267048e-02   4.0547490e-01  -3.1997287e-01   4.8819829e-01  -1.1313721e-01  -1.4791291e-01   3.9713832e-02  -1.3841659e-01   1.1626252e-01  -3.6527734e-02   2.0385591e-01   2.2267834e-01  -2.2246014e-01   3.1859763e-01  -2.9618026e-01  -2.9884919e-01   1.0347068e-01  -7.9431240e-02   3.0885786e-02   1.6283886e-01   6.2665349e-01  -2.6443762e-01  -2.0720007e-02   6.6570442e-01   3.7400556e-02   4.0485080e-02  -2.5584736e-01   3.6901776e-01   3.0437122e-01   4.1652781e-01   5.1268160e-01  -3.1645057e-01   6.9115430e-02   1.4553069e-01  -2.5070986e-01   1.2401169e-02   6.3070324e-01  -2.0038483e-01   1.1701829e-01  -1.2702824e-01   1.0544961e-01  -2.0758955e-01  -1.1398146e-01   7.9892329e-02   5.5552659e-01  -2.2184876e-02   3.3761138e-01  -4.3347758e-01   2.6373469e-01   4.5579760e-01  -7.8980155e-02   1.6254562e-01   5.6358879e-01  -1.1617132e-01   2.5020568e-02   5.3732747e-02  -1.8952663e-01   1.2385356e-01   6.5310090e-01  -2.2465827e-02  -2.8428382e-01   3.9459295e-01
  -3.4395102e-01   1.9281416e-01  -2.3522331e-01  -3.5244937e-02   9.1072431e-02  -2.5004065e-01   0.0000000e+00  -3.1582000e-01  -6.8744753e-02   3.2075853e-01   1.6092330e-02   5.2112034e-01   6.2880960e-02  -2.7924663e-01   2.0549500e-01   4.3693457e-01  -3.0469229e-01  -2.0284580e-01  -1.5758212e-01   2.5864203e-01  -1.9857292e-01  -3.5813193e-01   2.1718344e-01  -2.4793266e-01  -1.2464299e-01  -1.0292084e-01   1.2298863e-01   6.3998519e-02   2.3449332e-01  -2.1545920e-01  -1.0485583e-01  -1.4105704e-01   7.2154175e-02   7.7301529e-01   2.1666688e-01   2.8872428e-01   3.3481656e-01  -2.8037745e-01   3.7011556e-01   3.9749832e-01   1.2349279e-01   8.4490780e-02   3.4902415e-01  -2.0247662e-02   3.4678728e-01  -2.9587663e-01   6.3938512e-02   3.7415991e-01   8.4554821e-03   2.4258487e-01  -8.3348417e-02  -2.4986421e-01   3.6923823e-01  -1.3345302e-01  -2.4216272e-01  -2.0781833e-02  -1.7822282e-01  -2.2135964e-01   3.0489760e-02  -8.8359961e-02  -4.0125114e-01   1.6389461e-01   2.4788668e-04   1.0178242e-01   2.6154748e-01   5.7456223e-01  -3.3166457e-01   1.9034285e-02  -2.8116682e-01  -8.6000559e-02   3.9092438e-01  -1.5178571e-01   2.4584044e-01  -8.7638433e-02  -1.3628382e-02  -1.7288179e-01  -1.6594962e-01   8.2882643e-02   2.4570107e-01   1.1065473e-01   2.1487119e-01   3.9730163e-01   4.2205616e-01  -1.3873106e-01  -2.7140695e-01  -8.7472099e-02  -4.5781435e-01  -2.9196369e-01  -1.1362494e-01  -2.5026173e-01   1.7544175e-01  -3.5371238e-01   6.7112558e-01   5.6471363e-02  -8.7207611e-02   7.9259360e-02  -1.2137086e-02  -1.3832984e-01  -5.2311759e-02   1.1478667e-01  -2.4515556e-01   3.6650991e-01  -3.1278779e-01  -3.2099111e-01  -1.8367698e-01  -1.7231243e-01  -2.7064763e-01  -2.6506935e-01   3.4710412e-01  -7.6697210e-02   5.8461675e-01  -2.7717518e-01  -1.7387413e-01  -2.9691805e-01   7.4929540e-02   4.5130678e-01  -4.0244886e-02   2.9318303e-01  -2.3720235e-01  -7.5546368e-02  -1.9513679e-01   1.5540171e-01   1.6646310e-01  -1.6788210e-01  -3.2187946e-01  -2.3507549e-01   1.8980894e-02  -7.7337566e-02  -2.6554314e-01   1.3560006e-02   3.8830684e-01   4.5514168e-01  -1.9855187e-01   1.5159843e-01  -7.7082344e-02  -2.4037265e-01   1.7146963e-01   1.8336947e-01  -1.8887858e-01  -2.4616778e-01  -1.5707089e-01  -1.7630586e-01  -3.5686680e-02   8.1603009e-02   1.2599617e-01  -2.2448206e-01   6.0432816e-01   8.2660328e-02   1.8800372e-01   3.2986742e-01  -1.8360631e-01  -1.7587456e-01  -2.3744779e-01   4.4795219e-01   3.1337994e-01  -8.8554707e-02  -1.5816512e-01   1.8294708e-01  -4.2899671e-01   1.0974122e-02  -5.1530608e-02  -7.0381338e-02   2.9997159e-01  -2.3323511e-01  -2.2158341e-01   6.4925328e-01   4.5274196e-01  -1.7604178e-01  -2.7419482e-01   4.2043357e-01   5.6249637e-01  -3.9652662e-02  -2.4735056e-01  -1.6507976e-01   1.4408826e-01   1.4354495e-01  -2.5808823e-01
   1.5301736e-01  -1.9585588e-02  -1.8733226e-01   1.0951465e-01  -3.6398362e-01   6.2606469e-01  -3.1582000e-01   0.0000000e+00   3.4210597e-01  -3.6694232e-01   2.0260055e-01  -1.8937228e-01  -2.2813370e-01   4.1660078e-01   2.0153836e-01  -5.1212971e-01  -2.0085513e-01   7.3436163e-02   7.3499885e-01  -4.7264423e-01  -7.2667478e-02   5.4181715e-01  -1.1728020e-01   5.7056513e-01   3.5480298e-01   6.9084606e-01  -1.7681994e-01   3.0337083e-01  -2.0940217e-02   4.9580394e-02   5.1295109e-01   2.4045345e-01  -2.6939401e-01  -9.0024643e-02  -9.7898179e-02  -4.2393110e-01  -3.7835361e-01   3.5726389e-02  -4.9104676e-01  -4.6648927e-01  -3.1629342e-01  -3.8066293e-01  -4.5956390e-03   6.2020783e-01  -3.2922620e-01  -2.1929637e-01  -1.1803474e-01  -2.4358949e-01  -5.8018565e-02  -2.2146283e-01  -5.7527015e-02   7.9426913e-01  -8.9417826e-02  -1.1083487e-01   2.0956613e-01   4.5896644e-01   5.5266167e-01   5.1661230e-01   1.0114167e-01   1.5015091e-01  -1.6970174e-01  -2.2983304e-01   3.1401888e-01   3.2707388e-01  -2.3634542e-01  -2.0634937e-01   6.8896496e-01   9.8612483e-02   6.0418642e-01  -3.1748975e-01  -3.4639197e-01   1.0798594e-01  -3.4249487e-01  -2.1309425e-01   1.0363047e-01   8.2205773e-01  -4.9955239e-01   4.8548029e-01  -1.1614237e-02  -1.9752410e-01   4.6791732e-01  -4.6159356e-01   7.8705824e-02   7.3394070e-01  -1.6451524e-01   8.1642451e-01   3.2213873e-01   2.3064564e-01   4.2718895e-01   1.1752948e-01   1.1875501e-01  -1.3325992e-01  -1.0390126e-01   8.2661626e-02  -4.7140983e-01  -2.9103241e-01  -1.0343556e-01   7.8695310e-01  -6.3128903e-02   1.8006519e-01  -8.7829941e-03   2.9922435e-02   7.2359987e-01   3.7290289e-01   4.6149544e-01   3.0986680e-01  -2.0595480e-01   8.0043666e-01  -3.1477287e-01   1.2401079e-01  -6.8867510e-02   4.1496550e-01   9.7311103e-02   1.1271562e-01  -4.4906951e-02   1.0438100e-01   4.4519270e-01  -3.2269571e-01   2.0218593e-01  -9.3614679e-03  -1.3756133e-01  -1.6408220e-01   9.3905573e-02  -1.0748311e-01   1.0053777e-01   4.6877380e-01  -2.2139153e-01  -4.3314672e-02   5.4589310e-01  -5.3264142e-01  -4.9783725e-01  -1.8016607e-01   6.4567355e-02  -2.0331506e-01   4.2234473e-01   8.7125869e-01  -1.7021003e-01  -2.3323020e-01   8.3431279e-01   2.3984428e-02   1.7533479e-01  -2.6613232e-01   2.2962667e-01   2.2031205e-02   1.9766358e-01   7.0972339e-01  -3.2589297e-01   4.9660411e-02  -8.4195659e-02  -3.5341861e-01  -1.6130597e-01   7.5210536e-01  -2.9983104e-01   1.0933214e-01  -3.1417467e-01   1.8669548e-01  -2.9530840e-01  -1.1127520e-01  -9.7343977e-02   5.7067791e-01   1.0552573e-01   3.5896530e-01  -5.1867347e-01   4.2667940e-01   2.7880298e-01  -1.5259734e-02   8.7628159e-02   5.4322658e-01  -1.5019681e-01  -4.3009806e-02   2.7744031e-02  -3.1386802e-01   2.0470326e-01   2.9797278e-01   1.4617684e-01  -3.5551766e-01   4.8612563e-01
   3.5213673e-01   4.8873744e-01  -4.0500878e-03   3.3900191e-01  -1.9380094e-01   6.1616127e-02  -6.8744753e-02   3.4210597e-01   0.0000000e+00  -3.1686237e-02   5.4546631e-02   3.9051993e-01  -2.4860047e-01   6.0408486e-01   1.6523436e-02  -2.1915842e-01  -1.2646114e-01   2.6153385e-01   2.6841133e-01  -3.5396429e-01  -1.1055260e-01   3.0279677e-01  -2.9865375e-01   3.9319989e-01   1.2439523e-01   1.2482009e-01  -5.2454277e-01   1.4635962e-01  -5.6448710e-02   3.8746006e-01   2.1690567e-01   2.2052666e-01   6.8252285e-02  -1.5353105e-01   2.3581763e-01  -3.8833276e-01  -3.4650547e-01   4.8366520e-02  -2.3577162e-01  -3.5522368e-01  -9.8150388e-02  -1.7650040e-01   5.6581014e-01   2.4674281e-01   2.0662417e-01  -3.0947936e-01  -3.0926869e-01  -3.6149399e-04   4.9788523e-01   4.9472131e-02   7.2668611e-02   2.6972416e-01  -6.5892630e-03  -7.7568701e-03   2.5435156e-01  -1.9231757e-03   6.8190135e-02   3.1737974e-01   2.7323739e-01   4.9627874e-01  -1.0584674e-01   3.8644719e-02   5.9318533e-01   1.6007102e-01   1.2592280e-01  -3.9464580e-01   5.6941649e-02  -1.0576633e-01  -4.0095718e-02  -5.3951362e-01  -3.4493462e-02   1.0994134e-01  -7.3668789e-03   3.0667178e-01  -2.1806606e-01   3.7105699e-01  -4.6967181e-01   1.6403159e-01   8.2601793e-02   5.5044200e-02   1.4316193e-01  -1.1858819e-01  -3.9081305e-02   2.6239086e-01  -1.1798151e-01   3.3767431e-01   6.0186340e-01   3.1223686e-02   4.1629504e-01   3.4896903e-01   2.8945200e-01   3.6803261e-02  -2.4458786e-01   5.4960940e-01  -4.5484512e-01  -1.6697528e-01  -2.4366595e-02   1.9543178e-01   3.6294897e-01  -9.0694922e-02   6.2872207e-02   1.5415784e-03   3.9414838e-01   6.5483853e-01   1.8063627e-01   2.0348973e-01   1.1556569e-01   1.5380144e-01  -1.6927704e-01  -1.9361103e-01  -8.3121405e-02   3.4237150e-01   2.7329747e-01   1.7590156e-01  -9.7954022e-02   1.2377135e-02   4.6574170e-02  -3.3777379e-02   5.4595097e-02   2.0795846e-01  -2.0174808e-01   5.7763190e-02   2.7679572e-01   3.3335896e-01  -2.6533482e-02   5.7944977e-01  -5.7672183e-02  -1.6273383e-01   4.3279618e-01  -5.2004638e-01  -2.5305296e-01   4.2857544e-02   4.4031711e-01   2.4389036e-02   7.0395783e-01   3.3315666e-01  -1.7416110e-01  -2.1223484e-01   3.2306227e-01   1.7189575e-01   3.6071926e-01  -2.0779888e-01  -2.4116946e-01  -3.1449617e-02   2.9713974e-01   5.2143329e-01  -1.2452160e-01   1.1716563e-01  -2.9679981e-01  -1.2768840e-01  -3.7031448e-02   2.8477354e-01   6.3922923e-02   2.7665909e-02   6.9585676e-02   1.9991197e-01  -3.4756395e-01   1.4924876e-01   1.0337883e-01   1.3784900e-01   2.4392422e-01   8.8337508e-02  -3.2356555e-01   3.3261274e-01   2.4949211e-01  -6.0317108e-02   5.3492902e-02   2.0187998e-01   1.1284221e-01  -1.5620189e-01  -6.7614373e-02  -4.2383596e-01   4.3471564e-01  -1.3564590e-01   8.6454276e-02  -3.6105024e-01   5.2832182e-01
  -3.3581714e-01   2.8146597e-01   1.8802715e-01  -3.6983968e-01   3.3874344e-01  -2.5934333e-01   3.2075853e-01  -3.6694232e-01  -3.1686237e-02   0.0000000e+00   4.6893926e-02   2.3263624e-01  -1.0664420e-01  -3.1636776e-01   1.5882037e-01   2.4788204e-01   9.0259822e-02   1.2194080e-01  -3.9222030e-01   2.7794762e-01   1.5090180e-01  -2.9969285e-01   3.0355565e-01  -1.8510471e-01  -3.5034329e-01  -4.2847350e-01  -3.3671149e-01  -2.8757265e-01  -1.1284499e-01   1.8231070e-01  -2.3412096e-01  -2.8768465e-01  -7.9920140e-02   3.6608681e-01   1.6183251e-01   3.3160552e-01  -9.6971898e-02  -2.5639149e-01   1.3650453e-01  -3.6540636e-02   7.1800152e-02   7.9266231e-02   1.7795033e-01  -3.3429231e-01   2.5954936e-01  -5.8389074e-02   1.0912091e-01   3.4276576e-01  -7.0203209e-02  -1.2699095e-02   1.4617627e-01  -4.5567506e-01   2.7840774e-01  -2.0772398e-01  -2.0192588e-01  -2.1690010e-01  -3.0726811e-01  -2.8389523e-01  -1.1007696e-01   1.5850859e-01  -9.1706543e-02   9.7752075e-02  -6.5692016e-02   3.3261492e-02  -5.2449730e-02   3.5628042e-01  -4.5800555e-01  -4.3924651e-01  -5.1582578e-01   2.0773061e-01   2.8038948e-01  -2.7541137e-01   3.0655337e-01   2.1101184e-01  -1.3095750e-01  -3.0306017e-01   6.9318641e-02  -3.3730677e-01   1.4843731e-01   6.7932928e-03  -2.2802305e-01   4.5047021e-01   1.0320366e-01  -3.8150074e-01  -9.3496049e-02  -3.4065436e-01  -1.6565492e-01  -9.1791866e-02  -2.2428766e-01  -2.5716175e-01   1.4326498e-01  -9.1144477e-02   3.0261600e-01   2.7598354e-02  -4.9974838e-02   2.3782363e-01  -1.2512315e-01  -3.8305869e-01  -8.0100299e-02   3.4156947e-02  -2.1768353e-01   2.0067176e-01  -2.7907563e-01  -1.8139615e-01  -2.5549749e-01  -3.5023280e-01  -2.4043724e-01  -4.6270880e-01  -6.8759962e-02   2.2789910e-01   3.7524013e-01  -2.2039064e-01   1.0405147e-02  -3.1670581e-01  -8.7739886e-02   1.0035795e-01  -1.1094683e-01   4.4401794e-01  -1.0662180e-01  -2.4066075e-01  -3.4233566e-01   1.9577866e-01  -7.8084555e-02   1.9467261e-01  -3.1306968e-01  -1.1616260e-01   1.0844263e-01   5.4631515e-02  -4.0494676e-01   2.7967841e-01   3.9032215e-01   2.7645656e-01   1.0006313e-01   5.1209405e-01  -5.1282697e-02  -4.5801646e-01  -7.8152845e-02   2.4048814e-02  -3.9348084e-01  -2.3332384e-01  -4.8152891e-01   1.7155780e-02   3.4588253e-02   3.3468958e-01   1.2418281e-01  -1.8920015e-01   2.1817127e-01   1.9678796e-01   2.2854019e-01   2.9865623e-01   3.2334974e-02  -2.9625529e-01  -2.7225357e-01   7.4532344e-02   3.7717420e-01  -3.7607725e-02  -2.0215433e-01   6.0069539e-02  -3.2294711e-01  -2.5856316e-01  -1.4682733e-01  -4.6959116e-02   5.9553454e-01  -3.8131915e-01  -1.5808990e-01   1.2975149e-01   2.0579770e-01  -3.3756166e-01  -3.5370977e-01   2.5470563e-01   1.5378098e-01  -8.8734070e-02  -2.9993407e-01  -9.8276082e-02  -6.1903211e-02  -7.8522691e-02  -2.0615319e-01
  -2.6757195e-01  -2.3394212e-02   1.7288625e-01  -2.0067245e-01   2.0618944e-01   4.9125393e-01   1.6092330e-02   2.0260055e-01   5.4546631e-02   4.6893926e-02   0.0000000e+00  -1.2134914e-01  -6.3044439e-02  -1.6524272e-01   5.9135545e-01  -1.6319704e-01   9.1350873e-02   3.7147326e-01   2.4470251e-01  -3.7510815e-02   5.5720249e-02  -9.3938902e-03   2.6333690e-01   6.2111301e-02   7.5291596e-02   5.1840861e-01   1.8350301e-01   4.2208068e-01  -9.0916931e-03   2.9057448e-01   5.2269897e-01  -6.3375085e-02  -2.5187748e-01   1.3165793e-01  -2.5283442e-01   3.0073353e-01  -3.5070116e-01  -3.7574801e-02  -5.9692756e-02  -1.2135198e-01  -7.6203907e-02  -2.3421441e-01   4.7386710e-02   5.1304051e-01  -9.6768106e-02  -1.3887581e-01   5.5289247e-01   1.1491943e-01  -4.0825617e-02  -2.9662105e-01   3.9621960e-01   3.2339962e-01   4.6389856e-01  -8.2120325e-02   1.8034433e-01   3.9110684e-01   4.8711307e-01  -3.4088426e-02  -5.2749890e-02   7.5232122e-02  -5.2045103e-02   1.0381433e-01   7.4842981e-02   4.6736277e-01  -2.4707446e-01   2.2771540e-01   3.3450545e-01   5.1580577e-03   3.8621338e-01  -1.1229063e-01  -2.7589003e-01   3.4403075e-02  -6.9410456e-03  -6.4691111e-02  -7.3120430e-02   1.0670204e-01  -1.9303462e-01   1.8108942e-01   3.9944227e-01  -9.1813901e-02   3.5560930e-01  -1.0625802e-02   4.0415487e-01   4.5950777e-01   4.9672177e-02   2.6792182e-01   2.2314858e-02   4.7101851e-02   2.6599079e-01  -2.5094130e-01   2.6622913e-01  -7.7211880e-02   1.4167228e-01  -1.4532352e-01  -1.3764789e-01   2.5775356e-01  -2.5890047e-02   2.7727132e-01   8.3359158e-02  -1.9012908e-01   9.7894016e-02   4.0699407e-01   2.4999525e-01  -3.1781378e-02   3.4408507e-02  -9.1426334e-02  -1.1494998e-01   3.2033140e-01  -3.5843076e-01   4.7528373e-01   1.8515399e-01   3.5853922e-01  -2.6617980e-03  -2.5062836e-01   1.2888829e-01   4.0022651e-01   4.4384354e-01  -2.7081820e-02   3.7466901e-01  -2.3045703e-01  -1.7456926e-01   3.1423791e-01  -1.8493385e-01   2.2440282e-01  -2.2408549e-01  -1.1152588e-01   1.7688755e-01   9.2930692e-03  -1.3791668e-01  -5.5915728e-02  -2.8623203e-03   5.8110169e-01  -2.5969064e-01   2.8605470e-01   7.6631304e-02   1.4988398e-01   4.2852923e-02   1.9844276e-02   3.0739901e-01  -7.1950368e-02  -1.0495111e-01  -1.4650785e-01   2.3618801e-01   3.7234614e-01   4.6250530e-01   1.2282117e-01  -2.0691132e-01   4.3373162e-01   4.7354979e-01  -3.2716776e-01  -2.2223960e-02   3.1963576e-01  -2.1504262e-01   3.6672005e-01   1.5833024e-01  -1.0347800e-01  -1.9421112e-01   4.7415999e-02  -5.9318136e-02   3.6034521e-01   2.3320840e-02   3.6131669e-01  -1.0625627e-01  -6.1533803e-02   7.6233978e-02   2.2619946e-01   4.3939507e-01   3.6583258e-01  -1.6718968e-01   4.4086863e-01   2.8445749e-01  -2.0136968e-01   8.3545932e-02   4.0880913e-01   3.7393146e-02   1.4968497e-02  -4.3023081e-02
  -8.5561119e-03   4.5211435e-01   8.6628821e-02   2.5189253e-01  -7.1577656e-02  -1.9767094e-01   5.2112034e-01  -1.8937228e-01   3.9051993e-01   2.3263624e-01  -1.2134914e-01   0.0000000e+00  -2.0988794e-01   1.2364707e-01   1.0683891e-01   1.5157119e-01  -9.6800776e-02  -3.5584001e-02  -2.2554842e-01  -5.8736426e-02   1.4442348e-01  -6.0225889e-02   1.0971627e-01  -6.9826643e-02  -2.3714277e-01  -2.0557727e-01  -3.2411489e-01   5.4654605e-02  -6.3274594e-02   1.4330585e-01   3.0589555e-02   9.9616960e-02   4.5823877e-02   2.9625499e-01   4.5869673e-01  -1.5488266e-01   2.0644749e-01  -2.1498864e-01   9.5274899e-02   2.0217043e-01   7.7656421e-02  -2.9705054e-03   3.9193707e-01  -1.1913300e-01   4.6646900e-01  -3.2536907e-01  -2.4015418e-01   3.9587480e-01   3.2666753e-01   2.5421072e-01  -1.3914064e-02  -2.6165583e-01   2.4095277e-02   1.5846503e-01   4.9839105e-03  -1.3526184e-01  -2.2957553e-01   5.4137413e-02   2.2965050e-01   4.6063886e-01  -2.8759287e-01   3.8389197e-03   1.9372482e-01   1.8598400e-01   5.3108688e-01   4.2276207e-03  -3.0334465e-01  -1.5004401e-02  -2.3054345e-01  -2.9988217e-01   4.8130372e-01   9.7343419e-02   1.3412339e-01   3.6987895e-01  -4.7955123e-02  -1.5025679e-02  -3.6667607e-01  -6.1416891e-02   1.9981541e-02   2.7545124e-02   8.6735140e-02   2.0433021e-01   1.9180984e-01  -1.2276255e-01  -7.0631766e-02   2.5496038e-02   1.6551511e-01  -1.3304048e-01  -5.6409155e-03  -3.6465262e-02   2.0819027e-01  -1.0980426e-01   2.5271616e-01   4.3428940e-01  -3.0694041e-01  -1.0070205e-01   2.6527916e-02  -2.3918388e-01   1.5438049e-01   1.6387944e-01  -6.9113747e-02   1.7697402e-01   1.5778800e-02   1.9310677e-01   2.5327651e-02  -2.2903922e-02   7.8917817e-02  -2.2488850e-01   1.2182483e-01  -2.3107410e-01   3.3259850e-01   4.9603220e-02   4.1977303e-02  -1.5642546e-01   5.4606210e-02   1.6631405e-01  -8.4922409e-02   2.9273445e-02  -8.5555229e-04   1.9213035e-01  -3.4560859e-01   4.7751869e-02   3.0342481e-01   1.9488211e-01  -3.4436811e-01   1.8871068e-01   2.2350496e-01   4.9403656e-04   2.5668786e-02  -1.3589451e-01   1.2007206e-02   2.3456839e-01   1.7106158e-01   1.9297269e-01   3.0000346e-01  -1.4941748e-01  -1.6932594e-02   2.0912582e-01  -1.3609438e-01  -1.2323541e-01   7.0021036e-02  -2.2999201e-01  -1.2292311e-01   1.5467285e-01   2.8627898e-01   1.3881379e-01   5.0719665e-01  -8.5079567e-02  -1.7735913e-01   3.7474615e-01  -1.0964721e-01  -1.2544053e-02   7.7122369e-02   2.4209526e-01   4.0973441e-01  -4.6013830e-02  -3.2283351e-01   2.4383764e-01  -8.3408427e-02  -1.4031645e-02   1.8067146e-01  -1.5491090e-02   1.6252785e-01   9.3310260e-02   5.4503060e-02   2.4721127e-01   1.9417360e-01  -1.0939167e-03  -9.0895399e-03   6.5624488e-02   2.0931155e-01  -3.0885181e-01   2.1628718e-01  -2.1196093e-01   1.0822959e-01  -5.1455911e-02   9.6063243e-02
  -3.2288799e-01  -1.0823048e-01  -1.0593749e-01  -1.7678354e-01   1.4959053e-01  -3.4837829e-01   6.2880960e-02  -2.2813370e-01  -2.4860047e-01  -1.0664420e-01  -6.3044439e-02  -2.0988794e-01   0.0000000e+00  -3.4578599e-01  -1.9850217e-01   3.6993689e-01   7.8809050e-02  -2.4462101e-01  -3.6177376e-01   2.5305129e-01  -2.6573309e-01  -3.7186669e-01  -1.0280390e-01  -2.8782278e-01   5.2128261e-02  -1.5795571e-01   2.9833667e-01  -7.9957739e-02   1.6641252e-01  -2.6081731e-01  -3.6589098e-01  -2.7620113e-01   2.4989112e-01   1.4802789e-01  -1.3528957e-01   2.2186966e-01   1.2269172e-01  -1.3406732e-01   4.2598126e-01   2.8534199e-01   5.7518717e-01   2.8973431e-01  -4.2959573e-05  -2.1365375e-01  -2.3199263e-02   1.2970991e-01   4.0415602e-02  -1.4449432e-01  -1.1439240e-01   8.8645735e-02  -2.0659003e-01  -1.7134900e-01   1.2571452e-01   2.0945452e-02  -1.4480435e-01  -1.4384522e-01  -2.8741668e-01  -3.5091112e-01  -8.3504461e-02  -4.7128113e-01  -1.9416563e-01   1.9516974e-01   2.1685628e-02  -6.5876616e-02  -1.7350720e-01   1.3884465e-01  -2.4141056e-01   6.2968637e-02  -6.3635915e-02   2.2979017e-01  -6.6933720e-03  -8.9686582e-02   3.2561227e-01  -3.5991412e-01  -3.8741031e-03  -4.6370004e-01   1.9012264e-01  -1.4080174e-01   1.2200120e-01   2.9709766e-01  -1.9127670e-01   2.7270012e-01  -1.3595982e-01  -2.7262537e-01  -1.3763725e-01  -4.2174689e-01  -3.7708113e-01  -1.1176050e-01  -1.4141695e-01  -3.1255451e-01  -9.4070151e-03  -3.5891196e-01   1.2410716e-01  -2.6650860e-01   1.4588820e-01   2.6935716e-01   1.5125787e-01  -3.9565207e-01  -1.1398154e-01  -2.8880826e-01  -1.6993976e-01   9.1640471e-02  -4.9834488e-01  -4.5487990e-01  -3.8166312e-01  -2.9715751e-01  -1.3004557e-01  -2.2415044e-01   3.7544503e-01  -8.1207891e-02  -1.0701841e-01  -4.3044324e-01  -7.0858547e-02  -3.1040804e-01  -9.4312944e-02   2.8103424e-02  -9.3795895e-02   3.3978457e-01  -1.8995862e-01  -1.1350347e-01   1.3342388e-02   1.5456044e-01   1.2432121e-01  -2.1395662e-01  -1.6620099e-01  -4.7279746e-01  -1.3751644e-01   1.8664757e-01  -3.0515906e-01   3.0656823e-01   4.3300405e-01   8.9698883e-02  -1.5973867e-01  -4.7856990e-02  -1.8251662e-01  -3.0758179e-01   3.4077042e-01  -4.4421998e-02  -3.4698758e-01  -2.0560246e-01  -2.9423789e-01   4.6014417e-01  -1.2591857e-02  -1.7016063e-01  -3.1618129e-01  -5.2044253e-01   1.3695765e-02  -1.9940016e-02   9.2609184e-02  -1.4924327e-01  -1.7879487e-01  -4.4176805e-01  -1.3237934e-01  -1.1367658e-01   6.5191392e-02  -2.8893855e-01  -4.3717440e-02   2.8036138e-01  -2.8655181e-01  -2.7291327e-01   7.6444870e-02  -1.2000683e-01   1.9008449e-01  -3.2523635e-01  -2.8526344e-01   1.7303481e-01  -2.4750107e-02  -3.3550802e-01  -2.9191089e-01  -1.1012322e-02   1.7313252e-01   1.5815877e-01  -2.7213389e-01  -2.0443884e-01  -1.1103471e-01   2.1247686e-01  -4.2947487e-01
   7.3511886e-01   2.3140088e-01  -1.7511360e-01   2.6578779e-01  -2.5070477e-01   1.2338234e-01  -2.7924663e-01   4.1660078e-01   6.0408486e-01  -3.1636776e-01  -1.6524272e-01   1.2364707e-01  -3.4578599e-01   0.0000000e+00  -1.5515089e-01  -4.9976151e-01  -2.8101758e-01   1.1622316e-01   4.0569053e-01  -3.6608861e-01  -1.5944029e-01   2.8891094e-01  -4.5302307e-01   6.5347237e-01   9.8095101e-02   2.6183211e-01  -3.4169158e-01   2.7735399e-01  -2.1757047e-01   1.7169447e-01   3.2044862e-01   1.4791238e-01  -1.6219859e-01  -3.0358991e-01   1.1076443e-01  -5.0686871e-01  -2.9436269e-01   2.2810273e-01  -5.3078564e-01  -3.5457720e-01  -2.7859833e-01  -3.4816207e-01   1.2000150e-01   2.8735353e-01  -3.2118390e-03  -3.0561074e-01  -4.5015768e-01  -1.9362217e-01   3.0149568e-01  -9.2405090e-02  -8.6750036e-02   3.1455621e-01  -1.2454362e-01  -5.7967885e-03   4.9424745e-01  -3.5917077e-02   1.9865337e-01   2.3104908e-01  -2.2947650e-02   2.9359581e-01  -4.4766712e-02  -4.6547719e-02   4.0642265e-01   7.1859308e-02   2.6789227e-02  -4.6324113e-01   2.3016180e-01   1.1234307e-01   7.5008702e-02  -5.3247282e-01  -1.4765063e-01  -4.3774711e-02  -1.8291647e-01   2.2828992e-01  -1.0309033e-01   3.9726290e-01  -4.1460066e-01   1.5813726e-01  -9.1774108e-02  -2.1870634e-01   1.9331821e-01  -2.9172590e-01  -3.2832993e-02   4.4975779e-01   5.3157354e-02   3.2799952e-01   6.3211954e-01   4.6713457e-01   3.7151862e-01   6.7411398e-01   1.0205986e-01   5.3428957e-02  -3.1518074e-01   2.7292839e-01  -2.9667612e-01  -2.1140181e-01  -1.2595679e-01   3.1298825e-01   1.8197264e-01  -1.8982301e-02   3.0129334e-01  -2.6777412e-01   4.0130769e-01   6.2997128e-01   1.5459758e-01   1.6254806e-01   2.1569413e-01   2.0636426e-01  -1.3594217e-01  -3.0614284e-01  -2.2928015e-01   2.4864051e-01   1.6354926e-01   5.0401450e-01   1.5735792e-01  -3.6394345e-02  -1.3109318e-01  -1.9008656e-01   2.1509945e-01   2.2739784e-02   1.4801980e-01  -9.9905141e-02   2.6172775e-01   2.0186310e-01   1.6685807e-01   7.6254771e-01  -1.9282470e-01  -7.0938701e-02   3.6320011e-01  -5.0848999e-01  -4.2386155e-01  -2.3064423e-01   3.1919983e-01  -2.3709401e-01   3.9439322e-01   4.3605755e-01  -2.4998721e-01  -2.9148671e-02   3.8119417e-01   4.0573649e-01   7.0653849e-01  -2.1833293e-01  -3.6816983e-01  -1.1186143e-01   1.0350602e-01   4.9685904e-01  -2.2254250e-01  -2.3794413e-02  -4.0185794e-01  -1.0151217e-01   1.7330546e-01   4.2964974e-01   2.6828489e-01  -1.2897704e-01  -2.0862455e-01   5.6358072e-01  -1.1516984e-02  -2.2103791e-01   1.9026521e-01   9.6809694e-02   7.7942240e-02  -2.3499319e-02  -3.6965527e-01   2.4787403e-01   7.7859410e-02  -1.4159100e-01  -2.9480830e-01   4.0197552e-01   3.9251788e-01  -1.4751893e-01  -1.9032483e-01  -6.9335888e-02   3.1510569e-01  -8.7527322e-02   1.7131707e-01  -1.9368525e-01   4.6644345e-01
