   0.0000000e+00   1.9101652e-01  -1.5862821e-01   2.1114405e-01  -5.2724542e-02  -2.0056632e-02  -9.9648913e-02  -9.6164358e-02   3.6311422e-01  -3.7540164e-03   3.2949133e-02  -1.4460592e-01   3.6463817e-02   1.5225862e-01  -6.2362537e-02   1.7358135e-02   2.3471422e-02   3.4647972e-02  -1.0887281e-01  -3.1275926e-02   1.9784938e-03   9.4407526e-02  -1.9382758e-01   6.0465113e-01   1.6933328e-01   5.2571285e-03  -3.1899838e-02  -1.4101952e-01   2.5878313e-01   1.1847311e-01   1.4216261e-01   2.9773890e-03   1.6192891e-01  -2.0315769e-01   9.1451133e-02  -1.0744536e-01   6.7195054e-02   6.0247208e-01   1.9081878e-01  -4.0434982e-03   6.2326880e-02   1.4070733e-02   1.1395786e-01  -1.9250817e-01  -8.5561696e-03   3.7212401e-01  -5.3109115e-03   8.3196670e-03   1.7614713e-01   2.9010476e-03   6.0530062e-02  -8.8326995e-02  -8.6342664e-02   1.4148384e-01   1.3492612e-01  -8.9110160e-02  -2.8508190e-01  -7.6735313e-02   2.2442047e-01   3.8364716e-02   1.9925871e-01   1.2111501e-01   1.4185807e-01   8.0022967e-03   1.6410977e-01  -2.8505448e-01  -1.1460340e-01   1.4684805e-01  -6.0308193e-02   6.6206327e-02   6.7079073e-02  -2.6310500e-02   2.4179639e-01   3.1673840e-02   2.3650423e-01  -1.4557476e-01   2.9550781e-01  -1.1305210e-01  -1.4972813e-01   2.8639922e-01   4.6594582e-03   1.0174358e-01  -1.5834597e-01  -1.4050593e-01   2.8592547e-01   2.4064218e-02   2.5136254e-01   9.8022559e-02  -9.4820171e-02   6.4966239e-01  -1.3179493e-01   9.0304930e-02  -2.3685662e-01   1.0581242e-01   5.0181652e-01  -1.0175611e-01   5.6502897e-02  -2.4820103e-01   1.3361037e-01   1.2808665e-02   2.0580345e-01  -6.9643541e-02  -1.1510521e-01   3.2721723e-01  -8.7432014e-03  -1.7157000e-03   4.1148950e-02  -8.1251343e-02   1.4612393e-01  -3.0462270e-01  -1.2905192e-01  -6.4344235e-02   7.0247952e-03   8.2372394e-01  -7.0306433e-02  -1.4552258e-01  -2.9449985e-02   8.4172826e-02  -2.7232156e-02   1.5606051e-01   4.7867280e-01  -2.7946119e-01   7.7274656e-02   1.0543375e-01   4.8058166e-01   7.6997105e-02  -1.0244883e-01   1.5244430e-02   1.2082689e-01   2.4060327e-01   5.3359585e-03  -4.9273090e-02   1.9732571e-01   1.1694776e-01  -7.5522288e-02  -3.8748459e-02   1.7168843e-01   9.1074367e-02  -1.3069995e-01   5.3805037e-01   5.6039048e-01  -2.3444339e-01   6.9853423e-02  -1.6891550e-01  -2.9841549e-01   8.6925377e-02  -1.5747688e-02  -1.5454055e-01  -2.1839889e-01   1.7152846e-01   4.9906746e-02  -4.7638968e-02   2.8344107e-01  -6.4617692e-02  -1.5422580e-01   6.4258878e-01   4.0633230e-01   2.4882761e-01   9.5284991e-02  -1.5678616e-01   2.8125439e-02   1.8331233e-01   3.5131102e-02   1.0475888e-01   5.6923848e-02  -2.2589286e-01  -1.3947494e-01   2.5658032e-01   3.2689226e-01  -1.4471489e-01  -2.4229309e-01   4.8821054e-01   1.5241484e-01  -1.8705755e-01   2.3643267e-01  -1.3768865e-02   1.8316882e-01
   1.9101652e-01   0.0000000e+00   1.1806127e-01   3.1621732e-01   2.8598971e-01  -2.2743693e-01  -1.4369804e-01   9.3250041e-02   4.2570166e-01   9.8271808e-02   1.1773853e-01   3.5820457e-01   1.1715227e-01  -1.8785373e-01  -3.3988723e-01   3.7716695e-01   1.1861429e-02   5.1997390e-02   2.6401589e-02   1.6071939e-03  -1.6989669e-01   9.0537268e-02  -2.4140915e-01   1.1189961e-01   5.5547481e-02  -1.0266537e-01   1.5832669e-01  -4.5528336e-01   4.4049961e-01   3.5546113e-01   5.9238595e-03  -6.2227798e-02   4.4769009e-01   6.4380851e-02   3.1934857e-01  -8.9983415e-03   1.1945261e-01   1.0508335e-01   3.9525572e-01   2.5186712e-01   9.6062302e-02   3.8755897e-01   4.7222590e-01   4.8102686e-02  -8.0558910e-02   4.4375695e-02  -1.1145286e-01   6.5054307e-01  -9.7549293e-02   1.0529023e-01  -1.7765451e-01   9.5435238e-02   4.9013877e-01   2.2189767e-01  -1.4752604e-01  -1.4953397e-01  -2.3181067e-01  -2.6302471e-01   3.4933116e-01   1.0250305e-01   7.9805812e-03   1.5927233e-01   4.0652909e-01   3.9461932e-01   3.8108750e-01  -7.4300996e-02  -3.7226746e-01   5.4999133e-01   2.3239756e-02  -1.0222068e-01   4.7383941e-01  -7.3282575e-02   2.5380985e-01  -2.0159516e-01   2.9339985e-01  -5.2136979e-02  -3.3591093e-02   1.8250029e-01   3.5564284e-01   4.1493271e-01  -3.3902206e-01   5.2439157e-02   7.7518322e-02  -1.2849726e-01   2.8197780e-01  -3.4054824e-02   3.5917234e-01  -4.5190623e-01   2.7732989e-01   3.5449934e-01   3.0013998e-01   2.3757586e-01   1.7395867e-01   4.3857039e-01  -4.0378751e-02  -1.1017226e-01   5.0129032e-01   2.9530094e-02   5.2534055e-01  -7.1689725e-02   1.7994802e-01   2.4608137e-02  -3.5826908e-01   5.7865901e-01  -2.0752439e-01   3.6034555e-01   5.4336207e-02  -7.3101627e-02   1.3104516e-01   1.1765647e-01   1.6019120e-01  -3.2927998e-01   3.9880883e-01   2.9710110e-01  -1.7050822e-01   4.9308137e-01  -5.9008409e-02   5.5748380e-02  -1.2568292e-01   1.2501899e-01   7.8613012e-02   2.0722654e-01   2.9374752e-01   3.1692251e-01   2.4853419e-01  -1.1528628e-01  -3.7918356e-02   6.9594881e-02   3.3041121e-01   1.2139177e-03   2.7880727e-01   2.0932700e-01  -9.0968469e-02   1.8776618e-01   2.2759673e-01   9.2907787e-02   4.5375366e-01   1.2553298e-01  -1.4128540e-01   1.5338944e-01   3.7529774e-02   1.5465809e-02   7.2694820e-02  -1.4754384e-01  -1.4701079e-01  -1.5581807e-01   3.2481594e-01   4.9804768e-02  -6.3339799e-02   1.7696107e-01   5.9022994e-02  -2.3634057e-01   1.5615698e-01   4.6230890e-01   5.0227033e-01   2.0793300e-01  -2.2885970e-03   3.3080573e-01   4.8309198e-02  -3.9376871e-01   4.7013631e-01   3.3084324e-01   1.0465593e-01   3.7770511e-01   1.0952112e-02   2.5124152e-01   7.5399804e-02  -1.6170471e-01  -1.1789885e-01   1.8793512e-01   1.7005038e-01   2.4919291e-01   5.6865582e-01  -1.0669620e-01   2.6626970e-01  -2.7888754e-01   4.5031342e-01
  -1.5862821e-01   1.1806127e-01   0.0000000e+00   2.8248947e-01   2.2259429e-01   2.9718202e-01  -2.2775805e-03  -1.5804016e-01   1.6553486e-01   6.6107612e-02   3.4218696e-01   5.2667268e-01   2.3071799e-01   1.7785830e-01   1.8047129e-01   3.9215082e-01   8.6139179e-01   4.1533662e-01   2.5297013e-02   1.5512549e-01   3.7023775e-02   1.9971741e-01   1.1413194e-01  -1.4367257e-01   2.1467094e-01  -2.4535815e-01   2.7393260e-01   3.0141747e-02   4.7414812e-02   3.3358618e-01  -6.3423595e-02   2.0539419e-01   3.1033121e-01   9.8023641e-02   3.2668481e-01   1.9704207e-01  -8.8737621e-02  -4.5126411e-02   1.9131610e-01   4.8644163e-01   1.4460239e-01   1.7477111e-01   1.2270791e-01  -7.6880312e-02   1.5349167e-01   2.3060058e-01   2.0388543e-01  -7.1388967e-02   2.8707036e-02   7.0455333e-01   2.4234989e-01  -1.2292319e-01  -1.4709719e-01   2.8500251e-01   3.3113235e-02   1.7055252e-01   7.9132808e-02   4.9091276e-02   4.0489218e-01   2.8752315e-01   4.5732798e-01   3.0860941e-01   2.1301731e-01   8.3663402e-02   1.6527919e-01  -5.7157368e-03   2.2481152e-01   1.0124870e-01   1.8463606e-01   6.7520855e-01   2.8791973e-01   3.6686187e-01  -6.8031339e-02   3.8536222e-01   8.3169969e-02   3.7530828e-02   3.5703895e-01   3.1132120e-01   1.4422714e-01   2.4637414e-01  -1.7754032e-01   5.7148717e-02   4.0495923e-02  -6.6786904e-02   4.1326665e-01  -8.2319699e-02   1.9247728e-01  -1.6267296e-02   1.7174327e-01  -4.4886736e-03  -7.1133528e-02   6.4158977e-01   1.2131877e-01   3.0195503e-01  -6.0075405e-02   1.9330634e-01   3.3681741e-01  -6.0522038e-02   2.3469077e-01  -3.5081527e-02   3.7129919e-01   1.2325855e-01  -7.8740306e-02   1.6131667e-02   4.6055517e-02   3.7339006e-01   2.8619520e-01  -4.8401669e-02  -8.3434709e-02  -6.9824341e-05   7.8649674e-02   1.1379908e-01   2.4059144e-01  -2.4715468e-01   1.6691602e-01  -6.3698540e-02   4.0728663e-02   7.1773349e-02   2.2709189e-01   3.4407213e-01   1.9345276e-01   1.0930299e-01   2.8395111e-01   5.3610957e-03   6.0177336e-02   3.7293064e-01   1.6057841e-01  -5.3616423e-03   2.3900384e-01   6.2272395e-01  -1.1333327e-02   8.8682209e-02   1.7011006e-01   1.4159861e-01   3.7597523e-01  -6.8434798e-02   1.7746967e-01   7.7472937e-05  -1.4900614e-01  -1.0811464e-01  -1.6440039e-01   7.0913589e-02   1.7753914e-01   3.7337136e-01   2.5290015e-01  -7.4949067e-02   1.5324423e-01  -2.4702092e-02   1.3895349e-01  -4.6050425e-02   6.5389126e-01  -2.7286748e-01   3.4750932e-01   5.5806428e-02   5.2011161e-01  -8.5708723e-02   1.7860689e-01   3.0904243e-01   5.5063264e-01  -2.3369022e-01   3.0396018e-01   5.6935022e-02   1.1556733e-01   3.5412109e-01   1.7793021e-02   7.3003275e-02   1.4943447e-01   2.5627026e-02   1.0059095e-01  -7.8273091e-02   1.4737510e-01  -1.7355873e-02   2.0989506e-01   2.1492442e-01  -3.5358228e-02   7.3971078e-02   2.5618897e-01
   2.1114405e-01   3.1621732e-01   2.8248947e-01   0.0000000e+00   4.1893711e-01   3.4457489e-01  -8.8427405e-02   2.1227071e-01   6.2416895e-01   5.2131336e-01   2.3615002e-01   1.4495573e-01   4.0538683e-01   1.1755575e-01  -1.0218122e-01   1.6242247e-01   3.5043791e-01   2.2015720e-01   2.0106056e-01   2.8146657e-01   1.9609850e-01   6.1101737e-01   1.7048932e-01   5.5911206e-02   3.3120095e-01   1.8999953e-01   2.4567092e-01   8.6718041e-02   3.9461868e-01   4.7731536e-01   1.4779214e-01   4.7636884e-02   5.0731012e-01   6.7777867e-02   3.6915464e-01   2.6354289e-01   2.0574872e-01   2.2641364e-01   1.5687164e-01  -1.1870786e-01   2.8806455e-01   1.4999438e-01   1.9769649e-01  -2.0313787e-01   1.2020718e-01   3.8369344e-01   3.2134046e-01   5.0519583e-02   2.3047042e-01   1.2613182e-01   1.8388080e-01   9.1511636e-02   2.3758642e-02   3.9825752e-01   1.1654341e-01  -2.5239348e-02  -2.8348067e-02   1.6699737e-01   5.4648285e-01   3.5839201e-01   6.4322485e-01   5.9804209e-01   5.6641540e-01   1.9339090e-01   3.2955310e-01   3.5826706e-01   1.4824995e-01   3.4689888e-01   3.7731259e-01   1.2688658e-01   7.8840321e-02   3.7511615e-01  -7.3541872e-02   1.1861576e-01   4.3933274e-01  -1.4889725e-03   4.9993955e-01   2.0814653e-01   1.5402155e-01   6.3584697e-01   1.0030649e-01  -6.6038092e-02   2.1543736e-02   2.2041858e-01   2.3903169e-01   3.0088402e-01   3.1731915e-01  -3.0669544e-02   4.3712705e-01   2.4688379e-01   2.0580463e-01   4.8428909e-01   2.7583770e-01   4.1917379e-01   1.2517664e-01   1.3741651e-01   5.5424101e-01   8.3179205e-02   5.5277749e-01   1.4823031e-01   1.5509239e-01  -1.2594251e-02  -2.0401616e-01   4.5856529e-01   9.5066509e-02   5.7609478e-01   4.7269829e-01   1.6707405e-01   1.6860724e-01   2.7974359e-02   2.1130965e-01   1.4855435e-01   6.1651590e-01   1.3052244e-01  -2.0133320e-01   2.2476243e-01   1.5226346e-01   3.3539277e-02  -9.2440760e-02   5.3080958e-01   5.6454916e-01   1.6923903e-01   5.0019833e-01  -1.9563670e-02   2.9137210e-01   1.9612516e-01   2.1389984e-01   2.8325329e-01   7.1771899e-01   1.7226302e-01  -1.5217496e-02   2.8057654e-01   3.2420529e-01   4.0882333e-01   3.9649595e-01   1.2771828e-01   3.6947715e-01  -1.0682143e-01  -6.3025586e-02   2.3103424e-01   1.3127241e-01   5.5912726e-02   2.5251022e-01  -1.0736315e-01   1.9792487e-01  -6.2194917e-02  -1.1905564e-01   8.0086880e-02   4.0800207e-01   2.2249341e-02   1.9426023e-01  -2.1591373e-01   5.8184640e-01   2.4253664e-01   9.1322472e-03   1.8693833e-01   4.0541242e-01   3.2200058e-01   5.8341859e-01  -2.9842064e-02   5.3227674e-01   1.6451678e-01   3.7570390e-01   6.2248890e-01   2.7725871e-01   4.0318171e-01   2.1616116e-01   2.8613681e-01   4.0748968e-01   6.4499406e-02   2.9630715e-01   1.2030516e-01   5.2901572e-01   2.7421328e-01   3.9897936e-01   1.8733712e-01   7.4736608e-01
  -5.2724542e-02   2.8598971e-01   2.2259429e-01   4.1893711e-01   0.0000000e+00   4.3975077e-01   2.2329491e-01   3.8964161e-01   2.7209910e-01   5.6481037e-01   2.3203404e-01   2.7800426e-01   2.4395306e-01  -2.1870786e-01  -1.2885193e-01   1.0138046e-01   1.1612077e-01   8.5428894e-02   2.5057409e-01   7.8577954e-01   3.5868178e-01   1.5788815e-02   4.5945062e-01  -1.8184995e-01   2.7738720e-01   1.7463996e-01   6.5623970e-01  -1.4656304e-01   8.2841536e-02   2.8477199e-01   8.0834442e-02   1.0299206e-01   1.1839128e-01   7.7889629e-02   1.7087097e-01   8.0479959e-01   1.0960599e-01   7.9123792e-02  -3.1315189e-02   2.4298395e-01   2.7366016e-02  -3.8528648e-02   4.1917371e-02   4.2336985e-02   2.6843648e-01  -4.0841223e-02   5.8584344e-01   2.1929277e-01   1.1256691e-02   2.1704242e-01   2.5191982e-01   2.3016403e-01   5.2030132e-02   1.2592619e-01  -1.0043907e-02   3.9615867e-02   1.6898440e-01   5.3334822e-02   2.4521044e-01   5.2921307e-02   1.4615001e-01   4.7920840e-01   3.7422532e-01   1.9404357e-01   2.4826594e-01   5.9326676e-01   3.8706203e-01   2.0016766e-01   5.0201280e-01  -2.9261880e-02   1.1663450e-01   9.5027064e-02   6.9595157e-02  -1.7577988e-01   1.8333747e-01   5.3151905e-02   5.9519536e-02   2.9000609e-01   5.2745995e-01   3.5748659e-01   6.1798363e-02   1.6545728e-01   2.4444459e-02   2.2228508e-01  -2.0911937e-01   4.6510383e-01   1.2655479e-01  -1.8378063e-01   2.9449562e-01  -1.4738393e-01   6.4374805e-01   1.4187027e-01   4.4567167e-01   8.6840270e-02  -1.5654872e-01   6.3081054e-01   2.1179657e-01   3.6321275e-01   2.5724530e-01   2.9486951e-01  -1.9135794e-01  -1.8921797e-02  -2.5013873e-01   2.2524873e-01   2.5972742e-01   2.6059602e-01   3.0160060e-01   4.5568935e-01   2.8455951e-01   4.1297980e-01   2.3561229e-01   2.2503286e-01   1.9332880e-01  -4.7104286e-02  -3.4211188e-01   4.1192048e-01   1.2823210e-01   2.1599669e-01  -1.6006729e-01   7.6171968e-02   1.1537632e-01   7.1950446e-01   1.0161941e-01   1.4206310e-01  -1.0770655e-01  -7.2404984e-02   6.1948346e-01   1.8413894e-01   1.9347245e-01   7.4814436e-03  -4.2057088e-02   3.7899669e-01   2.1322811e-02   4.0974945e-01  -5.1797905e-03   2.4569017e-01   1.0516122e-01  -2.2780982e-01   1.4530872e-01   3.6874742e-02  -9.6144097e-02   1.4484547e-01   2.9913394e-01   1.0161463e-01   4.4816830e-01  -1.6969067e-01   1.2032901e-01   4.7363161e-01   4.8392669e-01   3.7073792e-02  -1.7177186e-01  -1.7131749e-01   1.8895315e-01   3.1189322e-01   4.5311356e-01  -5.5591904e-02   1.3928258e-02   1.9053622e-01   1.9523449e-01   6.7223685e-02   1.4392116e-01   1.3454532e-01   6.0487352e-01   2.6859443e-01   1.9668137e-01   4.1486364e-01   1.7043741e-01  -4.3689639e-02   9.3730172e-02   1.4104404e-01   4.9220936e-01  -1.4178477e-01   1.7998885e-01   5.7785217e-01   2.6217086e-01   1.7090390e-01   2.9020215e-01
  -2.0056632e-02  -2.2743693e-01   2.9718202e-01   3.4457489e-01   4.3975077e-01   0.0000000e+00   3.9897761e-01   3.2624266e-01   1.2671890e-01   3.1847415e-01   1.7356371e-01   3.0563931e-01   1.6261080e-01   7.6155528e-02   1.2699460e-01  -4.7379313e-02   2.4505002e-01   3.8785608e-01   1.6945816e-01   4.8466004e-01   3.7218877e-01   4.0826392e-01   3.7572349e-01  -3.7511243e-02   3.0428576e-01   1.4285097e-01   6.9517530e-01   1.7486431e-01  -6.5871946e-02   5.4891703e-01  -3.9015607e-02   3.1350831e-01  -4.0199646e-02  -1.8123540e-01   2.5042553e-01   4.9693668e-01  -8.5896793e-02   1.1806963e-01  -2.3983326e-01  -5.8940315e-02   2.4687775e-02  -6.7445393e-02  -1.6410357e-01  -4.8810844e-02   3.4724498e-01   3.6419724e-01   6.2280704e-01  -2.2458308e-01   1.0383401e-01   9.6972548e-02   4.5275506e-01   6.8889090e-02  -4.3190479e-01   1.8114896e-01   1.1231224e-01   2.1595808e-01   3.0432930e-01   4.9284859e-01   1.8854543e-01   2.8589809e-01   3.2183599e-01   4.2367239e-01   1.3012981e-01  -1.8510198e-01   5.3200885e-02   4.2588703e-01   6.8334663e-01   2.1730046e-03   4.6661956e-01   4.6927069e-01  -3.0210760e-01   4.5774051e-01  -2.6718900e-01   4.7001555e-01   2.1533537e-01   1.5010534e-01   2.7999287e-01   1.8842314e-01  -1.7626788e-01   1.8834087e-01   2.7045702e-01  -6.1097690e-03  -2.9377879e-01   4.1834274e-01  -3.4340862e-02   4.2610516e-01  -1.2243368e-01   1.4897224e-01   8.2315587e-02  -4.8788402e-02  -6.6611041e-02   2.2336959e-01   1.0102067e-02   4.1696048e-02   1.7651177e-02   2.4504824e-01   2.4969763e-02   1.2666324e-01  -4.9383625e-03   1.7021387e-01  -2.5822108e-01   1.0134029e-01   1.3345897e-01  -4.6626791e-02   6.0637072e-01   1.7830406e-01   1.3150991e-01   4.4716150e-01   2.0026351e-01   8.4880239e-02  -6.7566093e-02   8.0262236e-01   1.6385756e-01  -1.3203067e-01  -2.8630246e-01  -2.4654898e-01   1.1017104e-01   5.8174096e-03   8.2752505e-02   3.4396522e-01   2.9081110e-01   1.4803570e-01   1.6092824e-01  -8.3703836e-02   1.8171325e-01   3.6416520e-01   5.6677003e-01   2.0586235e-02   2.3391773e-01   4.3237441e-01  -3.4877509e-01  -5.5008986e-02   3.7420765e-01   9.5890854e-02   7.0243633e-02   3.2222577e-01  -4.8617580e-02  -2.1208562e-01   1.4489232e-01  -5.8550746e-02   2.3341303e-02   1.4064870e-01   3.8758367e-01   4.8098231e-01   4.4790858e-01   3.7835873e-02  -1.4079815e-01   3.2640177e-01   3.4452185e-01  -2.6918183e-01   1.2588527e-01  -6.2548181e-03   3.8589590e-01  -3.1608060e-02   3.5970432e-02  -3.0037756e-02   3.3035955e-01   7.1550647e-02   2.9583943e-01   3.4061595e-01  -2.0454136e-02   3.8564505e-02   2.8894963e-01   3.4354463e-01   3.6070257e-01   6.2896224e-02   3.2618625e-02   2.1221354e-01   3.4802925e-01  -3.8643998e-01   4.9406008e-03  -2.0490095e-01  -4.2592703e-02   7.0953475e-01   9.9731817e-02   2.2007020e-01   2.6578539e-01
  -9.9648913e-02  -1.4369804e-01  -2.2775805e-03  -8.8427405e-02   2.2329491e-01   3.9897761e-01   0.0000000e+00   1.0398849e-01  -1.9770502e-01   1.8598901e-01  -1.0660772e-01   4.6324173e-01  -4.8410072e-01  -5.4165005e-02   1.6020951e-01  -3.3269427e-01  -1.6101486e-01  -6.5760519e-03   2.4734983e-01   4.4347080e-01   2.0238656e-01  -2.2029338e-01   2.0800315e-01  -1.1518186e-01  -2.3711155e-02   1.0503823e-01   3.6683048e-01  -3.1573031e-02  -3.4198307e-01   2.0967883e-01  -1.8650628e-02   1.7413353e-01  -3.4304534e-01   2.5161096e-01   1.2594032e-01   2.8981131e-01  -1.0043693e-01  -4.5876693e-02  -5.6508675e-01   5.2239502e-02  -4.9868359e-01  -4.5173076e-01  -3.1916531e-01  -2.9919188e-02   5.0644006e-01  -6.9363223e-02   1.9367871e-01   3.7855021e-01  -4.2803994e-02  -1.4129296e-01   3.1653687e-01   1.4203344e-01   6.0110238e-02  -3.1552083e-01   8.0575354e-02   9.8772194e-02   2.2125592e-01   1.2327830e-01  -2.3331576e-01   7.3882058e-02  -1.3529101e-01   2.1601702e-03  -1.3201268e-01  -5.8188017e-02  -2.0187678e-01   3.5036693e-01   4.6791145e-01  -3.5916387e-01  -5.7579943e-02   1.6048091e-01   1.2028876e-01  -7.2154764e-02  -8.8507189e-02   1.2315253e-01  -1.8915457e-01  -6.6810064e-03   2.4008489e-02  -8.5187680e-02   8.2636103e-03  -2.2662117e-01   3.9429880e-01   2.0098627e-01  -9.5218683e-03   2.8573342e-02  -1.9460524e-01   1.3912664e-01  -1.9790118e-02   1.5271161e-02  -2.2639095e-01  -1.2588310e-01   4.3686217e-02  -3.5883621e-01   1.0717004e-01  -2.0117157e-02  -4.9160574e-02   8.9560007e-02  -3.4352481e-01   4.1929993e-01  -2.8044777e-01   4.2216605e-01  -3.3375269e-01   2.5307596e-01  -3.9339021e-02  -2.7099539e-01   4.6635297e-01  -4.0246495e-01  -7.4166448e-02   3.5390088e-01   4.3987712e-01   1.3229261e-01   1.2673919e-01   4.5471958e-01  -3.6342754e-01  -1.5008601e-01   3.8167552e-02  -2.6199414e-01   2.2767347e-02  -7.4047240e-02  -4.1605785e-02   2.7664602e-02  -2.5117910e-02   2.1808915e-01  -2.2902409e-01   2.0540273e-01  -7.4593344e-02   7.3589581e-02   5.4432556e-01  -1.3048985e-01  -2.6791233e-01  -3.9261830e-02  -6.5208560e-01   1.5013607e-01  -2.6994102e-01  -2.2871808e-03  -2.1059727e-01   6.1641426e-03  -4.0957897e-01   3.2172293e-02   2.1892748e-01  -2.9193713e-02  -1.3946984e-02  -2.1950012e-01   1.1096765e-01   3.6939847e-01   4.6388800e-01   1.3803926e-01   5.4344238e-01   2.5267265e-02   2.2822386e-01   1.4036070e-01   9.1520082e-02  -1.9444781e-01   8.9999580e-03  -6.6173647e-02   1.3701439e-01  -2.7695855e-02  -2.3791423e-02  -3.2217373e-01  -3.1488447e-01   3.2172632e-01  -2.9360283e-01  -2.2626250e-01   5.4408348e-02  -1.3131706e-01   2.0403386e-01   6.0961254e-02   1.7382546e-01  -2.7183919e-01   1.9514006e-01  -9.0338167e-02  -3.1576496e-02  -1.5168258e-01  -3.5208301e-01   3.4748113e-01  -1.7618143e-01   2.1411866e-01  -1.7646209e-01
  -9.6164358e-02   9.3250041e-02  -1.5804016e-01   2.1227071e-01   3.8964161e-01   3.2624266e-01   1.0398849e-01   0.0000000e+00   5.2391925e-02   3.1877536e-01   1.5874442e-01   4.5944790e-02   1.3294906e-01  -3.4024039e-01  -2.0901809e-01  -6.3777573e-02  -3.0621411e-01   8.3439592e-02   4.1199709e-01   3.6258872e-01   1.9341998e-01   5.6561654e-02   2.2301429e-01  -6.7781495e-02   1.3527941e-01   5.6822653e-01   3.1783243e-01  -2.5359167e-02   4.4887165e-03   1.2766098e-01   2.6305289e-02   2.3762885e-01  -8.1831543e-02  -1.0475072e-01  -1.3550174e-01   3.9726415e-01   6.2470286e-02  -6.6429030e-02  -1.2279540e-01  -2.5646634e-01  -6.5244345e-02  -1.3312491e-01   1.1565035e-03   4.2484447e-01   1.1666000e-01  -4.2406841e-02   4.7292974e-01   9.1223214e-02  -1.7568258e-01  -3.1200899e-01   2.4041320e-01   4.9414976e-01   6.6929563e-02  -1.2486048e-01  -1.7904883e-01   4.8229576e-03   2.8616216e-01   4.6157516e-01   7.2009036e-03   1.1092927e-01  -6.1750995e-02   1.2430666e-01   1.6933038e-01   2.5714095e-01   6.8967266e-02   3.3524290e-01   2.8103526e-01   1.8726600e-02   4.9845283e-01  -3.1475189e-02  -1.9500584e-01   1.0115217e-01   8.0244898e-02  -2.7449398e-01  -6.5233855e-04   6.0259154e-02  -1.1229672e-01   2.4047518e-01   5.3049509e-02   8.7578547e-02   1.0350715e-01  -6.4924510e-02  -7.6289858e-02   7.3523518e-01  -4.7831543e-01   5.1141349e-01  -1.5856575e-01  -3.0731266e-01   2.5501466e-01  -1.8151493e-01   2.8900675e-01  -1.7288070e-01   1.5141932e-01   7.9538777e-02  -1.0744933e-01   1.2081158e-01  -4.6386990e-02   4.4745630e-01  -4.9132203e-02   9.2750346e-02  -3.5831271e-01  -6.5809409e-02  -1.1087752e-01   2.6808086e-01   3.8703642e-01   1.5813640e-01  -5.1026970e-02   5.9805539e-01   1.2407151e-01   2.0603137e-01  -1.5030208e-02   3.1473679e-01   2.3622270e-02  -2.9180732e-02  -3.9996939e-01   2.5450826e-01   6.5881565e-02   8.8037421e-02  -1.0557589e-01   9.2566363e-02   1.5286336e-02   2.6340774e-01  -3.1369813e-02   1.5552488e-01  -6.7896245e-02  -3.1087783e-01   3.7036541e-01   1.1082334e-01   2.1918004e-03  -6.3139142e-02  -1.0877592e-01   3.3217072e-02   2.2097092e-02   2.3650982e-01  -6.7016491e-04   4.8557334e-01  -6.7716417e-02  -2.3552072e-01   3.3218401e-01   2.0947671e-02  -8.8481411e-02   1.8882769e-01   3.9770909e-01   8.3780143e-04   2.0737966e-01  -3.7011299e-02  -1.8982539e-01   4.2066436e-01   2.9722239e-01  -9.0509171e-02  -3.9463519e-01   1.6246737e-01   2.8492998e-02   3.3104120e-01   3.7877390e-02  -5.9711865e-02  -1.4441150e-01   4.1381738e-02  -5.9143616e-02   4.4319050e-02  -6.9755936e-02   3.3933662e-01   4.4195344e-01   1.3647458e-01   4.8219079e-01   2.5177197e-01   1.6276479e-01   2.6812202e-01   7.3824143e-03  -9.5616869e-02   1.6243449e-01  -3.8357157e-01  -2.3240375e-02   4.3389044e-01  -7.7814293e-02   1.2541747e-01   2.3399404e-01
   3.6311422e-01   4.2570166e-01   1.6553486e-01   6.2416895e-01   2.7209910e-01   1.2671890e-01  -1.9770502e-01   5.2391925e-02   0.0000000e+00   2.2025049e-01   2.1789321e-01   1.8404387e-01   2.8375622e-01   2.4368234e-01  -2.9718412e-02   1.9131444e-04   2.9332594e-01   1.5799804e-01   3.6720559e-02   1.3521222e-01   1.8152798e-01   5.2779248e-01  -5.2553538e-02   2.0570103e-01   2.7080654e-01  -6.1426073e-02   9.5479790e-02  -6.0377800e-02   3.9975033e-01   4.6604631e-01   2.5371282e-01  -1.6143639e-01   4.0053840e-01  -8.1364243e-02   4.5101277e-01   1.1086347e-01   2.0180417e-01   3.2938290e-01   1.3460864e-01  -5.5192109e-02   2.5711431e-01   2.1540962e-01   2.9112242e-01  -2.8245490e-01   9.8301614e-02   3.5013058e-01   8.5514961e-02   9.2601484e-02   1.9412412e-01   9.9719161e-02   8.3052070e-02  -7.6281533e-03   8.9757416e-02   4.3653569e-01   1.8715598e-02  -1.6170874e-01  -2.6314022e-01  -8.0896889e-02   3.8946568e-01   4.8293931e-01   4.3343267e-01   5.0145169e-01   6.7137740e-01   2.7810803e-01   4.3292564e-01  -4.5065759e-02  -6.2933936e-02   4.5193554e-01   6.0637462e-02   9.2163941e-02   1.1029765e-01   1.5618635e-01   3.2786724e-02  -2.1685412e-02   3.5729539e-01  -1.5700179e-02   3.4905447e-01   9.9312087e-02   9.7834829e-02   4.7114543e-01  -8.5166466e-02  -1.1875679e-01  -1.1685334e-01  -3.0859045e-02   3.7520531e-01   3.8685773e-02   5.7261301e-01   1.6565544e-02   4.0278813e-01   4.3631246e-01   3.6980063e-02   3.5983151e-01   4.0978894e-02   3.7952191e-01   1.8115648e-01  -2.0022311e-02   3.0450066e-01  -5.1932803e-03   4.1986456e-01   7.3085789e-02   3.0525560e-01   1.4435973e-01  -1.8828752e-01   7.2298694e-01  -1.1517488e-01   3.1062896e-01   4.1604971e-01  -3.3033535e-02   1.6513060e-01  -1.0242723e-01   7.1048412e-02  -1.2438139e-01   4.8774929e-01   4.3369147e-01  -1.7162029e-01   1.9609109e-01  -1.6665896e-01   3.3209163e-03  -1.0043265e-01   3.0131282e-01   4.0114661e-01  -5.0292562e-02   5.0917063e-01   2.1471055e-01   3.5767126e-01   1.3503809e-01   1.6930989e-01   3.6093068e-01   6.1450492e-01   2.0076758e-01   1.0555207e-01   2.5244010e-01   3.3406459e-01   4.7649144e-01   1.8250354e-01   7.5789078e-02   2.2369385e-01   2.4539840e-02  -1.9793143e-01   3.5054184e-01   2.2993559e-01  -7.1974996e-02   1.5619659e-01  -1.7996716e-01   1.1605416e-01   1.4442986e-01  -1.1886098e-01  -3.0076054e-02  -8.6151092e-03   1.8106621e-01   1.9062309e-01  -1.2896261e-01   5.4882782e-01   2.2749735e-01  -1.0906441e-03   2.7761044e-01   3.0076056e-01   1.8443914e-01   3.9396366e-01  -1.8662827e-01   2.8615778e-01   2.1040021e-01   2.6136701e-01   4.3672394e-01   2.1749494e-01   2.2436545e-01   4.7364357e-02   8.4856291e-02   3.0566618e-01  -2.7894097e-02   8.4801182e-02   2.2306131e-01   4.9085319e-01   6.1010850e-02   3.2230493e-01   1.7371943e-01   5.8383154e-01
  -3.7540164e-03   9.8271808e-02   6.6107612e-02   5.2131336e-01   5.6481037e-01   3.1847415e-01   1.8598901e-01   3.1877536e-01   2.2025049e-01   0.0000000e+00   7.9253562e-02  -1.0815702e-01   1.7098953e-01  -1.0173660e-01   5.9905498e-02   6.5602926e-04   3.6000594e-02  -1.1302942e-01   4.0350595e-01   5.8310019e-01   4.5337152e-01   7.0075241e-02   4.9362086e-01  -2.4336913e-01   3.3130791e-01   3.1586925e-01   3.2131797e-01   2.9940110e-01   2.1542849e-02   2.1345324e-02   3.8898489e-01   7.1690648e-02   1.4801957e-01   3.3028168e-01   4.5128851e-03   5.5528198e-01   1.6186257e-02   2.1772304e-01  -9.7749128e-02  -3.3491509e-02  -4.5654444e-02  -1.1030509e-01  -6.6287849e-02  -1.0929536e-01   1.1938767e-01  -2.7667072e-03   3.8776549e-01   7.0915130e-02  -5.3250166e-02  -3.1133330e-02   3.6276419e-01   1.1031612e-01   6.4278726e-02   1.1627518e-01   1.6999161e-01   4.9092354e-02   1.5474019e-01   1.0807357e-01   1.9471316e-01  -1.8736459e-01   1.9111193e-01   4.0171885e-01   2.2769488e-01   1.9905071e-01  -1.4884506e-02   5.1665895e-01   3.1989580e-01   1.9993094e-02   3.8564486e-01  -4.8404286e-02   2.9209543e-01  -7.6929288e-02   6.5936826e-02  -2.3560498e-01   1.6354006e-01   3.5544057e-02   1.9481182e-01   2.5026758e-01   2.1044168e-01   3.7414204e-01   4.4789066e-01   8.9147740e-02   6.0454121e-02   3.8121945e-01  -1.4221737e-01   4.0792215e-01   1.2611386e-01  -9.2848137e-02   4.0731523e-01  -1.6234364e-01   2.6687412e-01   7.0538315e-02   3.8297875e-01  -5.1995897e-02   8.5878943e-02   4.8266127e-01   1.6700098e-01   2.7616705e-01   1.3784946e-01   5.2135087e-01  -2.2818844e-04  -3.1459426e-02  -1.8837792e-01   1.2854946e-01   2.2793513e-01   2.0913710e-01   2.7708493e-01   3.1282547e-01   2.9341195e-01   2.3573520e-01   4.4238843e-01   7.6538460e-02   2.2593247e-01   6.2862903e-03   9.8621159e-02   2.4303249e-01   2.3840456e-01   1.2460228e-01  -2.6085130e-03   8.8358703e-02   2.3519146e-01   3.4990899e-01   6.2715060e-02  -3.9316024e-02  -1.2292874e-01  -2.5816119e-01   5.0574723e-01   9.1437749e-02   2.0865998e-01  -1.3590955e-01  -1.1298394e-01   4.8777024e-01   3.4631011e-02   5.6649689e-01  -1.5173978e-01   2.4998413e-01   8.4420714e-02   4.5584678e-02   1.1744142e-01   2.4259935e-01   6.5854134e-02  -8.3078900e-02   7.5991314e-03   1.1542728e-01   3.6332801e-01  -1.1783768e-02   2.1019721e-01   1.2136785e-01   3.7205219e-01   2.5901488e-01  -7.1632278e-02  -5.8090427e-02   1.7596746e-01   2.7073294e-01   1.6674698e-01   3.2716592e-02   1.9005659e-01   8.3055961e-02   1.2442030e-01   1.2646154e-01   1.1637929e-03   1.2464872e-02   7.2445875e-01   1.2404317e-01   2.5422129e-01   4.4085909e-01   3.4686636e-01   1.3523759e-01   2.4289584e-01   2.4323873e-01   2.1949800e-01   4.1288870e-02   7.0897972e-02   4.4077348e-01   2.0570705e-01   1.6912310e-01   3.6028307e-01
   3.2949133e-02   1.1773853e-01   3.4218696e-01   2.3615002e-01   2.3203404e-01   1.7356371e-01  -1.0660772e-01   1.5874442e-01   2.1789321e-01   7.9253562e-02   0.0000000e+00   1.5301019e-01   1.1480401e-01  -1.9791754e-01   1.1204627e-01   2.7642043e-01   3.4587092e-01   2.4493151e-01   1.0064848e-02  -3.1901823e-02   1.4016189e-01   2.8594039e-01   3.4865479e-01  -9.6726471e-02   2.9662486e-01   4.6373904e-02   1.7787632e-01  -6.5553889e-02   1.8470126e-01   2.1635400e-01  -1.2534227e-01  -5.1291050e-02   2.0468215e-01   2.8103381e-01  -7.5317908e-02   3.4925980e-01   2.1569528e-02   9.9870869e-03   2.0955482e-01  -1.1998886e-01  -2.6523593e-02   2.8284215e-01   1.0207718e-01   3.6044524e-01  -1.7554840e-01   2.7934029e-01   5.0558881e-01  -7.0223018e-02   8.6940987e-02   2.0383669e-01   5.8044577e-02   2.9401227e-01  -7.3191613e-02   2.5099609e-01  -2.8659022e-01   5.2096936e-01   8.5020241e-02  -1.9874412e-02   2.0170637e-01   1.9403482e-01   2.9839126e-01   1.5492776e-01   9.8213107e-02   1.9291338e-01  -6.0738625e-02   3.0660710e-01  -3.6147491e-02   2.4372680e-01   5.5019564e-01   3.2127430e-01  -1.2725231e-02   2.3598786e-01  -6.7250209e-02   1.7740925e-01   2.3328216e-02  -3.5683481e-01   2.2520149e-01   4.9626596e-01   3.6794400e-01   1.8603891e-01  -7.4543844e-02  -7.5390419e-02   3.4206401e-01   1.5507616e-01   1.4190408e-01   1.2846935e-01  -8.1756620e-02  -2.9115596e-01   1.6177197e-01  -3.8113437e-02   2.9767426e-01   3.8961203e-01   3.3286495e-01   5.0094357e-02   3.8598123e-03  -1.1727814e-01   3.0847868e-01   9.4350753e-02   3.2176128e-01  -2.5704102e-02   3.8510280e-02   3.4329305e-01  -1.8181583e-01   6.4724304e-02  -5.0899140e-02   2.9203184e-01   2.3033885e-02   2.0828267e-01  -2.2870860e-02   3.8120213e-01   2.3789048e-01  -7.7052452e-04   3.5170622e-01  -1.3574536e-03  -2.7093093e-01   2.8339589e-01   3.0855167e-01   3.9216367e-02   1.7382846e-01  -2.2639771e-02   1.2331468e-01   2.5929498e-01   2.5214587e-01  -1.2949017e-01   3.3633346e-02   6.9372878e-02   1.1564442e-01  -6.9070704e-02   1.1462102e-01   3.8801865e-01  -7.3061551e-02   4.4432313e-01   1.9900904e-01   7.7791544e-02   2.8458281e-01  -2.3974540e-01   2.5265535e-01  -1.1251968e-01   6.7196519e-03  -2.1752789e-02  -1.8675107e-01   6.1490044e-02   4.1287712e-01   1.9484000e-01   2.6343766e-01  -2.8361348e-01  -1.1722189e-01   4.8021028e-01   5.2456547e-01  -1.6973314e-01   1.1003546e-01  -9.6756261e-02   4.0964249e-02   5.2745218e-01  -1.6836524e-03  -2.9167680e-02   2.6314099e-02   1.3099170e-01   3.0766572e-01  -7.7962067e-02   2.5755745e-01   5.7476145e-01   3.5547085e-01   2.6503355e-01  -8.0213552e-02   2.1161262e-01   3.2035926e-01   1.3710182e-01  -1.5558843e-01   1.4103394e-01   3.2124036e-01  -3.1428064e-02   3.3154827e-01   9.3463632e-02   3.9713896e-02  -1.4667703e-01   3.4042573e-01
  -1.4460592e-01   3.5820457e-01   5.2667268e-01   1.4495573e-01   2.7800426e-01   3.0563931e-01   4.6324173e-01   4.5944790e-02   1.8404387e-01  -1.0815702e-01   1.5301019e-01   0.0000000e+00  -1.4515098e-01  -4.5363713e-02  -1.2906645e-02   2.3517837e-01   2.9999596e-01   3.7674305e-01   9.7329847e-02   1.7175192e-01  -3.2276806e-02   1.3801969e-01  -3.4221563e-02  -2.2468980e-02   1.2845417e-01  -1.4487723e-01   3.9236093e-01  -3.7204642e-01   1.2805396e-01   6.1724877e-01  -2.1338950e-01   1.4256904e-01   8.2235694e-02   2.9602995e-02   5.5185881e-01   1.5806209e-01   4.3901729e-02  -1.9074116e-01  -8.0859084e-04   4.5605501e-01  -7.5485183e-02   1.1468433e-01   1.3517516e-01   6.0245485e-03   3.5203926e-01   1.1996085e-01   1.5841553e-01   4.7360244e-01   7.1090209e-02   2.9886224e-01   5.5967183e-02   1.0775169e-01   1.5112917e-01   1.1590072e-01  -2.0206925e-01   1.1227307e-02   4.1488572e-02   5.8107501e-02   2.3317351e-01   5.5817398e-01   1.0159603e-01   2.0139707e-01   2.6512665e-01   1.3013985e-01   2.5448159e-01   1.3604341e-01   1.6267530e-01   1.8935123e-01   5.6458958e-02   4.1922445e-01   1.9132815e-01   3.1229610e-01  -1.7524466e-01   2.0445558e-01   7.2240532e-02   1.4376162e-02   5.1584263e-02   1.2922094e-01   2.4486430e-01   9.3385866e-02  -2.6482917e-01   6.8519512e-02   1.7086232e-03  -1.2483952e-01   1.6453659e-01  -1.4250628e-02   2.6478221e-01  -2.0004671e-01   1.0783267e-01   9.3312795e-02   9.7792564e-02   1.9742152e-01   1.5854695e-01   5.0957559e-01  -1.9740918e-01  -8.8074384e-02   1.9750812e-01   2.0279152e-01   2.0934133e-01  -1.4667855e-04  -1.7393383e-02   2.9952106e-01  -1.7087560e-01   1.2121297e-01   1.6653308e-01   2.0289314e-01   5.2696932e-02   7.9258535e-02   2.0963430e-01   1.0349438e-01   6.3333950e-02   2.4271448e-01   1.5284151e-01  -1.4192943e-01  -1.6661585e-01   4.5404377e-02  -4.2560893e-02  -1.1695388e-01  -6.7533874e-02   3.4684082e-01  -1.2152626e-02   2.5995233e-01   2.6176856e-01   3.0553048e-01   1.1934248e-01   3.3352836e-01   3.2543774e-01   1.4258771e-02   1.5326940e-01   4.2485952e-01  -2.4279830e-01   1.0978016e-01  -1.5563023e-01   1.8697373e-02   3.7476040e-01  -8.1811636e-02   5.9309788e-02  -4.5811774e-02  -6.3161232e-02  -1.3305066e-01  -1.0819735e-01   7.3383503e-02   4.1421723e-01   3.0754237e-01   4.0825748e-01   4.9976217e-03   3.4196810e-01   1.9046158e-01   1.9887067e-01   2.8362653e-02   3.7278928e-01  -3.6055160e-01   2.9663706e-01   1.7330976e-01   5.3381889e-01  -7.8250098e-02  -3.2330465e-02   1.1572559e-01   9.6203147e-02  -1.5528677e-01   3.1473231e-01   7.8502740e-02   1.1676108e-02   4.0632399e-01   1.6269738e-01   2.2584049e-01   1.9348299e-01  -2.3068168e-01   2.9031242e-02  -1.3450953e-01   1.6470593e-01  -1.3198742e-01   2.3244736e-01   2.8645719e-01  -2.1260836e-02   5.6944009e-03   2.7036424e-01
   3.6463817e-02   1.1715227e-01   2.3071799e-01   4.0538683e-01   2.4395306e-01   1.6261080e-01  -4.8410072e-01   1.3294906e-01   2.8375622e-01   1.7098953e-01   1.1480401e-01  -1.4515098e-01   0.0000000e+00   1.4490451e-01  -1.6871060e-01   3.2709329e-01   1.8350291e-01   3.2695300e-01   3.4896430e-02   2.0996696e-01  -5.1993895e-02   3.0637256e-01   4.0052314e-02   4.3285823e-02   3.2097219e-02   6.3056460e-02   1.9412064e-01   1.5009977e-01   1.7182797e-01   1.4164454e-01  -1.1503658e-02   2.2784337e-01   2.0668777e-01  -3.1953860e-01   8.2897267e-02   2.3056631e-01   1.4129872e-01   2.6077862e-01   3.1619396e-01  -1.4194474e-02   7.4181917e-01   1.0414252e-01   9.9638834e-02  -5.2780317e-02   3.7840082e-02   2.1975332e-01   2.1562901e-01  -1.6391520e-01  -5.5993109e-02   1.0412305e-01   2.7558422e-01  -5.1565110e-02  -2.7813915e-01   1.7271512e-01   1.5363626e-01  -8.5466427e-02  -1.3723094e-02   1.8121413e-01   5.1314202e-01   4.9646557e-02   3.9005608e-01   4.9687245e-01   3.4663561e-01   7.7056120e-03   2.5974866e-01   3.9274786e-02   3.0665460e-02   2.5728321e-01   2.4914722e-01   9.1646900e-02  -1.7176330e-01   3.9987094e-01   3.0041461e-01   4.5126707e-03   1.8566398e-01   3.0776210e-01   2.7171755e-01   8.4816251e-02  -9.5319297e-02   4.3284077e-01  -4.3815175e-02   1.4994413e-01  -2.8425517e-01   1.6638441e-01  -7.4768301e-03   2.0389338e-02   1.1844187e-01   1.3691440e-01   3.8746604e-01   9.2702552e-02   8.7046939e-02   3.2790223e-01  -1.6586839e-01   1.7636405e-01   6.0537307e-02   1.4725679e-01   3.3127218e-01  -1.4685055e-01   2.5489141e-01  -9.6142632e-02   7.4471588e-02  -2.2727981e-01   1.2147295e-01   3.2078257e-01   1.0809145e-01   4.5715662e-01   2.6159083e-01  -1.4062974e-02   4.0906148e-02  -1.4464573e-01  -1.9573083e-01   9.0486028e-02   3.1559951e-01   3.3174504e-02  -1.3324122e-01   6.7600225e-02  -5.8435174e-02   5.3654003e-01   5.6843453e-02   2.8250002e-01   3.2578858e-01  -2.7180628e-02   1.3464524e-01   1.4343680e-02   1.7861412e-01  -1.1680642e-02   5.2486203e-02   3.8057375e-01   2.9168658e-01   8.5345640e-02   6.1643979e-01  -1.5076468e-01   2.9222037e-01   9.7711101e-02   1.4729711e-01   2.9498012e-01   2.1032283e-01  -1.1196080e-01  -7.2194106e-02   1.7324373e-01   1.3439032e-01   5.2706111e-01   1.3060495e-01  -7.4507761e-02  -1.1253252e-01  -7.1388889e-02  -4.4145437e-01   5.8275382e-02   1.9560916e-03  -2.0662327e-01   1.1461135e-01   1.3561579e-01   2.7263426e-01   5.8783544e-02   1.0618457e-01   2.0123697e-01   3.1083890e-01   5.6772191e-01   3.6761106e-01   1.3752070e-02   2.1221395e-01   1.2719354e-01   1.3143021e-01   4.1080587e-01   2.6096315e-01   1.2523434e-01  -1.8201644e-02   2.2365758e-01   2.4807618e-01  -3.2656662e-01   1.4638110e-01   1.1491509e-01   2.0085584e-01   1.2620647e-01   2.6057389e-01   3.2797986e-02   2.6974317e-01
   1.5225862e-01  -1.8785373e-01   1.7785830e-01   1.1755575e-01  -2.1870786e-01   7.6155528e-02  -5.4165005e-02  -3.4024039e-01   2.4368234e-01  -1.0173660e-01  -1.9791754e-01  -4.5363713e-02   1.4490451e-01   0.0000000e+00   2.8194618e-01  -2.0281309e-01   3.5034482e-01   2.3414969e-01  -7.0939308e-02   3.5091663e-03   2.2632319e-01   1.4673247e-01  -9.3196514e-02   1.0955927e-01  -2.2876225e-02   1.7767357e-02  -9.8788851e-02   2.3867743e-01  -2.4909411e-01   1.7305288e-01   3.1821822e-01   1.6520994e-01  -7.4651437e-02  -2.5101889e-01   1.3655108e-01  -1.9628482e-01   3.9946390e-02   3.1673668e-01  -1.8220330e-01   5.9997000e-02   9.4352836e-02  -3.2494888e-01  -3.1330892e-01  -1.3582237e-01   2.2722137e-01   1.2493291e-01  -4.7636796e-02  -1.2471022e-01   1.2332710e-01   1.4393262e-01   2.4704792e-01  -2.3873908e-01  -2.5934690e-01   5.0608467e-02   7.2473879e-01  -2.7159646e-02  -7.8379910e-02   1.3822935e-01   3.1962776e-02   1.2016980e-01   2.4108484e-01   2.7757881e-01   8.9480373e-02  -1.4567196e-02   2.4014588e-01  -3.0525757e-01   2.0661870e-01  -2.5684911e-01  -1.7571276e-01   1.5299704e-01   5.3502832e-03   1.5278866e-01   1.0114460e-01   4.0455736e-01  -1.0838950e-02   3.2182997e-01   2.4903588e-01  -1.2613902e-01  -3.9638261e-01  -2.4865223e-02   1.1558186e-01   1.2247985e-01  -6.5388150e-02  -6.3321462e-02   3.7620561e-01  -8.9385701e-02   4.6494133e-01   5.8055704e-01   1.7592814e-03   1.9545803e-01  -3.9171760e-01   9.1172034e-02  -5.1247883e-01   1.0135536e-01   1.4073625e-03   5.5191430e-02  -1.7328415e-01  -1.0815838e-01  -2.7387181e-01   8.6567845e-02   4.5790062e-01  -1.9636086e-01   4.0779573e-01   6.4949947e-02   1.7300878e-01  -8.9132671e-02   4.7133763e-01  -1.3012479e-01   2.7359498e-02  -3.2311525e-01  -3.4467246e-01   1.3482477e-01  -1.6431958e-01   1.2777862e-01   2.3201242e-01  -5.8221997e-01  -8.4676129e-02   1.6386169e-01   3.7767664e-01   1.9325441e-01   3.1323806e-01  -4.6244110e-01  -1.3768867e-01   1.7803417e-01   1.0115497e-01   4.1667377e-01   8.4174817e-02   3.6033749e-01   5.9065600e-02   1.2762833e-01  -8.5660112e-02  -2.0288939e-01   5.0196595e-01   1.6619599e-01  -1.2824166e-02   1.1283090e-01  -2.6120758e-01   3.1834028e-01   7.8247434e-02   1.2130316e-01   2.7102637e-01   4.1568438e-02  -1.3225508e-01   6.7063718e-02   3.6967809e-02   5.0584300e-01  -2.0562159e-01  -4.3802648e-01  -3.8989685e-01   1.1671079e-01   4.4391715e-01   1.7626216e-01   4.1883466e-01  -3.3203389e-01  -1.1402153e-01   1.9960653e-01   3.9085940e-01  -2.0731967e-02   3.0653571e-01   1.3980730e-01  -1.7339675e-01  -1.8486795e-01  -1.7615042e-01   6.9941986e-02   2.0876465e-01  -3.1392207e-01  -2.3507656e-01   1.1520869e-01   6.0609813e-01  -3.3789047e-01  -4.1851965e-01   1.9777711e-01  -1.0830319e-01  -3.9651699e-02   9.0685189e-03   4.3965967e-01  -1.2990668e-01
