   0.0000000e+00   2.6839335e-02   2.7293302e-01  -5.8866418e-03   4.3385449e-01   2.5984293e-01  -2.0037308e-01  -1.9428312e-02   5.9895321e-03  -2.1954453e-01  -9.3609359e-02   3.8915455e-02  -3.6083498e-02  -1.0868713e-01  -3.4246253e-01  -2.2250421e-03   2.4746757e-01   1.4491134e-01   3.7529345e-01   3.4760024e-01  -2.5319695e-01   2.0073999e-01  -4.6656264e-01   5.2389039e-01  -7.6507786e-02   5.1873514e-02   5.7991066e-02  -5.8089203e-02   2.9508848e-01   1.0776207e-01  -4.0628919e-01   7.3985203e-02  -1.1592761e-01  -4.1077854e-01  -3.3677586e-01   2.9851413e-01  -2.0656430e-02   1.6763301e-01  -4.1944267e-02   1.7870067e-02  -3.3971266e-02   6.8125067e-03  -3.7785362e-02   1.1707112e-02   4.6466970e-02   5.9526605e-01   2.7261204e-01  -2.8040389e-01   2.2757209e-01   2.2770942e-01  -1.2116850e-02  -1.1631897e-01  -1.7336929e-01  -1.9700517e-01  -2.0407397e-01  -5.5235362e-02   2.7210060e-01   1.9692459e-01   3.1638512e-02   1.3704627e-01   2.9759654e-01  -3.5405762e-01   2.3464447e-02  -3.4102106e-01  -2.3187049e-01  -8.5570111e-02   1.6308214e-01  -1.0710691e-01   1.9978013e-01   1.4021498e-01  -9.3664272e-02   1.8956545e-01   9.5093730e-02   3.8206583e-01  -1.3437659e-01  -2.1011510e-01   2.8560099e-01  -9.6175599e-02   3.8693344e-01  -1.4226510e-01  -3.7749630e-01  -8.6407680e-02   7.7222323e-03   1.6041620e-01   2.5341538e-01   1.1879601e-02  -4.2782083e-01  -1.4370506e-01   1.4635514e-02   6.6821161e-01   2.6681637e-01   1.5449823e-01   8.6117560e-02   3.2571392e-02   2.5439337e-01   4.3657183e-01   2.8672603e-01   2.0487670e-01  -2.5558824e-02  -3.5671672e-01   3.6714953e-02  -1.8553029e-01   2.0654165e-02  -2.5203410e-02  -1.4307086e-01   1.0545446e-01  -3.0126973e-01   2.7611344e-01  -1.3793534e-01   2.9221950e-01  -2.2267578e-01   1.0274799e-01  -8.4318660e-02   6.8441040e-01  -2.0534283e-01   3.3645344e-01   2.9572755e-02   1.5591714e-01   2.1324809e-02   2.5201171e-02   2.1789902e-01   3.4896989e-01   9.4908411e-02  -1.5914455e-01   6.1010812e-01  -1.2749732e-01  -4.3793650e-01  -2.5002066e-01   1.5186017e-01   4.7920293e-02   1.4794108e-01  -2.3083522e-01   1.2703363e-01  -4.1034525e-01   1.4219321e-01   1.7397492e-02  -2.4184233e-01  -3.1549823e-01  -2.7420148e-02   4.4906776e-01   4.4140767e-01   1.7851017e-01   4.2856105e-02  -3.6535330e-02  -3.1564171e-01  -2.1515402e-01  -1.4386948e-01   2.5577830e-01   1.9293953e-01  -1.9810554e-01   1.8161184e-01  -1.9749141e-01  -2.1568849e-01  -1.2498909e-01   1.2907471e-01   5.6800229e-01   2.1650887e-01   2.8879402e-02   9.6285909e-02  -2.7775796e-01   1.1371567e-01  -3.3649478e-02  -1.6550517e-02  -1.4641198e-01   1.6012234e-01   2.1430879e-01  -8.6064917e-02   1.8221814e-01  -4.9441863e-02   1.9237124e-01   1.9810913e-01   8.8728780e-02  -1.5117882e-01   2.3168343e-01  -1.4771285e-01  -5.3647410e-02   2.7528469e-01
   2.6839335e-02   0.0000000e+00   2.2705444e-01  -1.4708974e-01   2.1733127e-01  -4.2271837e-01   2.1737910e-01  -1.2106840e-01   2.1922624e-01   1.3325270e-01  -2.6660554e-01   5.8328204e-01  -2.4601580e-01  -1.2992642e-01  -1.7864001e-01   1.6062390e-01   2.8224974e-01   1.3279570e-01   7.8954689e-02   2.7251116e-01  -2.8921175e-01  -2.0764349e-01  -2.1849921e-01   1.3107363e-02   1.9485908e-01   3.0887218e-02  -1.8696768e-01  -5.6778513e-02   3.1414447e-01  -8.8979333e-02  -1.0798914e-01   1.8417145e-01   5.6162967e-02   1.0627262e-01   4.3371753e-01   5.0360792e-02   1.0880860e-01  -6.0442398e-02   4.3323681e-02   4.7377890e-01  -1.0233722e-01   6.2640837e-02   3.8955244e-01  -3.2383294e-01   3.6041974e-01   1.7126333e-01  -3.8362628e-01   3.0853043e-02   5.4074505e-02   5.4324808e-01  -1.0092106e-01  -1.9435476e-01   4.9715284e-01  -1.0473490e-01  -1.7447250e-01  -2.7617844e-01  -3.8770574e-01   1.0926246e-01  -8.2673308e-02   5.6294362e-01   1.8599151e-01   1.6118336e-01   3.0622142e-01   4.9062513e-02   2.0143928e-01  -7.8051562e-02  -2.8992624e-01   3.2551994e-01  -3.2016297e-01  -2.3845147e-01   3.1830301e-01  -1.3992710e-02  -3.4414166e-02   3.1948847e-02  -6.0754248e-02  -6.7554367e-02   1.1248789e-01  -1.3450175e-01   4.8895645e-01  -1.6459182e-01  -2.0605375e-01   3.6376816e-04   1.5507456e-01  -1.8843715e-01  -2.0641762e-02  -7.0910024e-03   4.3835376e-01  -4.0572686e-01   2.1551943e-01   1.2594136e-01   5.1373208e-01   2.3625343e-01   7.8843981e-02   4.3405879e-01  -4.6741554e-02   1.4507420e-01   2.7875183e-02  -6.1852912e-02   1.7259348e-01  -2.4379509e-01   3.5758829e-01  -1.6075544e-01  -5.1242589e-01   5.1067774e-01  -3.2924634e-02  -6.9057255e-02  -6.4444485e-03  -1.7462322e-01   1.1881561e-01  -4.1704658e-01   8.6776340e-02  -3.6595103e-01  -1.3191069e-01  -1.1669209e-01  -8.0042338e-03   4.6955622e-01  -1.2098750e-01  -2.3313259e-01  -3.4528225e-01   3.0333052e-02  -1.1341958e-01   4.3648417e-01   2.7817976e-01   5.7384034e-01   7.1700394e-02  -2.1828982e-01   2.7619009e-02   1.2241388e-01  -1.0862365e-01  -1.6182739e-01  -2.4902667e-01   1.7117577e-01   3.9759321e-01   1.5362733e-01   3.5464222e-01  -1.2907917e-01  -1.9656817e-01  -2.4606624e-01  -2.1001418e-01  -7.4675606e-04  -1.2084328e-01  -2.2190094e-01  -1.2468417e-01  -3.0837644e-01  -7.4275744e-02   1.0255780e-01   1.9152003e-01  -2.2749462e-01  -2.3906413e-01  -1.6624194e-01  -2.7491485e-01  -4.5149670e-01  -1.6117577e-02   3.3559980e-01   4.7814940e-01   2.9280140e-02  -2.3134672e-02  -1.1922232e-01   2.1616147e-01  -3.7638017e-01   1.6502647e-01  -1.2950141e-01   1.0128725e-01  -4.5245433e-01   2.6245652e-01   3.2688078e-01   4.4790190e-02  -2.6907065e-01   3.7170263e-02  -2.8453674e-01   3.3716188e-01  -1.1491591e-01  -1.5391216e-01  -4.3297486e-01   4.4007036e-02  -1.9762810e-01   1.8303604e-01
   2.7293302e-01   2.2705444e-01   0.0000000e+00  -2.0339045e-01   1.7728563e-01  -3.6604477e-02  -4.0491052e-02  -2.1656020e-01   2.3439713e-01   9.0124619e-02  -7.4464415e-02   4.7912763e-01  -6.5961107e-02  -3.0512993e-01  -1.4840225e-01  -7.1933871e-02   8.8339863e-01  -2.8798730e-02   2.5642830e-01   3.8232198e-01  -2.6554026e-01  -1.2780386e-01  -1.1634774e-01  -1.9314199e-01   1.3140080e-01   2.5110687e-03  -5.6004804e-02   1.9154248e-01   2.0863004e-01  -2.0876542e-02  -3.0641861e-01  -7.2657071e-02  -1.0604753e-01  -1.5004201e-01   1.8789651e-02   1.1851593e-02  -2.1429895e-01   8.0050742e-03  -1.7772134e-01   2.1937721e-01  -1.1101223e-01   2.4700166e-02   3.1642767e-01  -1.4503576e-01  -7.2423271e-02   3.0132893e-01   9.9822614e-03  -3.9275485e-01   1.9729187e-02   5.1934704e-01   8.4089446e-02  -2.2136345e-01  -1.8565088e-01  -4.6704298e-02  -1.6464792e-01  -9.5722566e-02   1.6209023e-01   4.6633840e-02  -2.4419300e-01   2.2434097e-01   4.2077916e-01   1.0939710e-02   2.3175676e-01  -2.4775394e-01  -5.0035032e-01   3.1381045e-02  -2.1935722e-01  -5.0442410e-02  -1.0554457e-02   5.8683630e-01  -1.3988681e-01  -7.5902244e-02   2.2054440e-02   1.4917215e-01  -1.7896863e-01  -1.6958843e-01   1.6257449e-01   3.5668256e-03   2.4808274e-01  -2.1596553e-01  -1.2365349e-02  -1.6483457e-01  -3.8584831e-02  -7.2364852e-02   2.2818251e-02  -1.0339328e-01  -3.0452009e-01  -3.5880681e-01   1.1116451e-01   4.7750170e-03  -1.1368120e-01   2.5094516e-01   1.5815605e-01   2.4834484e-01   7.1809717e-02   2.5348864e-01   1.9505027e-01   2.2537214e-01   5.0881209e-02  -1.1809493e-01   1.0745238e-01  -3.1865996e-03  -2.3621069e-01   1.6966936e-01  -1.8196404e-01  -2.0440879e-01  -1.3464585e-01  -2.4612624e-02   8.4300089e-03  -2.8108465e-02   5.4458097e-02  -1.3848883e-01  -5.0226914e-02   3.6261595e-01   9.9002254e-02   1.2210666e-01  -2.3459323e-03   5.6465131e-02  -8.1543542e-02  -2.4111134e-01   3.7455900e-02   2.1603216e-01   2.3997022e-01  -2.6048967e-01   3.8704602e-01  -8.6090483e-02  -2.3139621e-01  -1.7124874e-01   4.6411639e-02   4.9949940e-01  -3.3778697e-03  -3.5518638e-02  -5.8137962e-03  -2.3931924e-01   2.7912885e-01  -9.2592904e-02  -1.2592967e-01  -9.9466313e-03  -2.2441646e-01   4.0339768e-01   1.1668113e-01  -5.1713829e-02  -7.1759762e-03   3.2020192e-01  -3.9579319e-02  -2.6972172e-01   8.0448476e-02  -1.3788104e-01   1.0147344e-01  -3.4818168e-01   1.1317216e-01  -2.6189530e-01  -1.4643436e-01   5.1267096e-02   7.2459686e-01   1.4860179e-01   4.6584977e-03  -1.0949777e-01   1.2339175e-01  -2.4847669e-01   1.6857483e-01   3.6555665e-02   1.9672508e-02  -4.0193588e-01  -4.8274314e-02   1.2294352e-01   3.9844994e-02  -1.7441309e-01  -7.9551237e-02  -2.7004073e-02   1.7888293e-01  -1.4825757e-01  -3.9810376e-01  -3.3004818e-02  -5.9757383e-02  -5.0702018e-02  -1.8643559e-02
  -5.8866418e-03  -1.4708974e-01  -2.0339045e-01   0.0000000e+00  -1.3175146e-01  -3.0246265e-02  -1.6412766e-01   3.6438389e-02  -1.1235296e-01  -4.4808837e-01   6.4718867e-02  -3.7143925e-01   2.5928228e-01   1.7784195e-01  -7.3990210e-02   2.2402001e-01  -1.4337212e-01   3.2027395e-02  -6.4688967e-02  -3.5640567e-01   1.2742461e-01   3.2812265e-01  -1.4919876e-01  -2.2317728e-02   3.6281131e-01  -3.7793238e-02   6.7355243e-02  -2.1467716e-01  -8.1639948e-02   6.1356395e-02   1.2817814e-01   2.0818288e-01   4.6649816e-01  -3.7821914e-01  -1.4430243e-01  -3.2026893e-02   2.6408805e-01  -2.4393802e-02   2.5519368e-01  -3.1515431e-01   1.9927553e-01   4.2685248e-01  -1.0005997e-01   5.7871892e-02  -1.2481089e-01  -7.5925745e-02   5.1677039e-02   2.0997460e-01   2.6668527e-01  -1.6268295e-01   5.2582555e-03   5.5178725e-02  -7.6029672e-02   3.9035458e-01   3.0911770e-01   1.0113530e-02   3.0870926e-02   2.6536255e-01   3.6016200e-01  -5.4156970e-02   9.1006531e-02   7.5858366e-02  -3.2537481e-01   6.0179316e-03   2.8334689e-01  -1.7122153e-01   6.5631682e-02   1.5159054e-02  -2.9339763e-02  -2.4778023e-01  -1.1180636e-01   5.0668067e-01   3.5841342e-02  -2.4553139e-01   1.1305480e-01   2.7403253e-01  -5.1076771e-02  -1.6809244e-01  -3.9461307e-01   4.6180806e-01  -1.7893420e-01   9.7781682e-02   6.0110177e-03  -5.5640872e-02  -3.6754628e-02   2.3489716e-01  -1.2667763e-02   4.1573972e-01   4.9645297e-03  -1.3239696e-01  -1.1486103e-01   3.3301349e-01  -4.0751255e-01  -9.7353640e-02  -2.3775114e-02  -4.2749235e-01   3.7607677e-01   2.9241142e-02   2.3037955e-01  -1.7373432e-01  -1.8827163e-01   1.3005656e-01   1.9484928e-01  -2.3149586e-02   3.0617099e-01   3.5215077e-01   4.6885464e-01   8.9910277e-02  -1.1788510e-01   5.0100478e-02  -2.5866079e-01   3.6743839e-01   4.9759044e-01  -6.7552537e-03  -4.1857218e-01  -3.8736291e-01  -2.4420415e-01   1.1867712e-01  -1.4391633e-01   5.0417223e-01   1.3303193e-01  -3.7049501e-01  -4.3936139e-02  -9.8646556e-03  -9.3230026e-02   6.9052323e-02  -4.4529830e-02   1.8845398e-01   3.8836042e-01  -1.0192285e-01   1.6807853e-01  -1.5601029e-01  -5.9150920e-02   7.2560528e-02   2.5896487e-01   1.6472842e-01   3.6827193e-01   2.8359864e-02   1.8972447e-01  -1.0163758e-01  -8.2945631e-02   4.4180449e-03  -3.3496839e-02  -1.8531795e-01  -4.4874001e-02   1.6754636e-01  -4.3400042e-01   3.6768479e-02  -1.5873686e-01   5.6690455e-02  -1.6415205e-01   5.2253539e-02   3.3168707e-01  -1.0631529e-02  -2.4955987e-01  -7.5721084e-03   5.5992599e-02   2.0087673e-01   3.0412391e-01   4.4871226e-02   9.9472822e-02  -5.5179500e-02  -1.3110478e-01   5.7089260e-01  -5.1931263e-03  -3.6160961e-01   2.4767272e-02  -1.9471393e-01   2.6962026e-01  -1.8739160e-01  -3.6075488e-01  -9.7548075e-02   3.7392490e-01  -1.7625592e-02   7.1691668e-03   6.1088897e-02   3.0423701e-01
   4.3385449e-01   2.1733127e-01   1.7728563e-01  -1.3175146e-01   0.0000000e+00   1.1341403e-01  -2.3668398e-02  -1.9386853e-01   2.5294066e-01  -1.0260974e-01   1.0183375e-02   2.0773065e-01   1.8431711e-01  -4.9159907e-01  -1.8769177e-01  -6.4020007e-02   2.4424386e-01   2.5882333e-01   1.6320040e-01   7.7047288e-01  -3.8061362e-01  -9.7406002e-02  -3.5044238e-01   2.4167752e-01   2.3888350e-02  -4.6341309e-02   1.3310087e-02  -1.4848695e-01   3.2327388e-01  -2.9923476e-02  -4.5645600e-01  -9.2536519e-02   1.2700492e-01  -1.4574487e-01  -1.5391930e-01   6.1763338e-01   1.3549702e-01   8.0590066e-02  -1.6097967e-01   1.4136133e-01   3.5021280e-01   1.3356144e-01   2.2627845e-01  -1.7656076e-01   2.4122321e-01   4.3899288e-01   3.8712560e-01  -2.6966204e-01   2.3133264e-01   3.5153001e-01  -4.4344933e-02  -3.4315794e-01   1.2386074e-01  -1.2995721e-01  -2.5585012e-01  -1.3239756e-01  -1.0234492e-01   5.6744237e-02   6.8884487e-02   2.0286328e-01   4.4749161e-01   6.0222540e-03   1.4907351e-01  -2.4943464e-01  -1.0625031e-01   1.4119764e-01   6.6929844e-02   2.8882176e-01   1.8500010e-01   5.0427654e-02  -6.1305889e-02   1.5533714e-01   8.6288575e-02   2.9517769e-01   3.3468265e-02  -2.0262889e-01   2.5692438e-01   6.8632352e-03   6.3422904e-01   5.3470588e-02  -4.1024307e-01  -2.9061288e-02  -1.7932798e-01  -4.2942327e-02   7.4859748e-02  -1.2843596e-01  -4.3475664e-01  -2.3600308e-01   2.0265046e-01   2.7635111e-01   5.0328167e-01   2.1527804e-01   3.0105228e-01   2.5143785e-01   1.7397155e-01   5.8345308e-01   3.5900132e-01   3.3144372e-02   3.2386193e-01  -3.9987949e-01  -6.7376760e-02  -2.8746814e-01  -3.4895717e-01   1.6816428e-01  -3.0892760e-01  -1.8661273e-01  -1.0825915e-01   1.1566442e-01   2.1141236e-01   2.2385121e-01  -1.5753120e-01  -1.9142644e-01   8.8080485e-02   3.0101050e-01  -1.6418561e-01   5.9051125e-01   2.2886537e-02   2.6666778e-01  -1.9654477e-01   1.1577012e-01   1.6853839e-01   6.6840755e-01   3.6854113e-01  -1.1267229e-01   3.8958422e-01  -3.0637040e-01  -3.6656302e-01  -9.7366654e-02  -5.5646177e-03  -1.3135337e-01  -1.8903461e-02  -6.2416998e-02   1.7669181e-01  -4.2297219e-01   3.2699422e-01  -2.3185940e-01  -2.6597079e-02  -4.7329618e-01  -2.0142698e-01   1.2667569e-01  -2.7898816e-02   2.3840400e-01  -7.2000449e-02  -2.1802805e-01  -3.0936027e-01  -2.8146240e-01  -1.2223803e-03   3.7379721e-01   2.3933290e-01  -4.5430819e-01  -5.9876775e-02  -4.2859626e-01  -5.8390632e-02   1.4344862e-02   1.6691885e-01   2.6812450e-01   1.3056534e-01   1.2454290e-01   3.1826937e-01  -3.7338859e-01   2.8895198e-01   4.5207354e-02   1.1544764e-01  -3.1312407e-01   1.2878932e-01   2.7294997e-01  -5.2241229e-02  -4.7422613e-02   1.2351832e-01   2.1093491e-01   3.7090360e-01   5.8126729e-02   1.7353921e-02   3.3773667e-02  -3.1634244e-02  -3.4002464e-02   1.1547134e-01
   2.5984293e-01  -4.2271837e-01  -3.6604477e-02  -3.0246265e-02   1.1341403e-01   0.0000000e+00   2.7151961e-01   2.7948667e-01  -1.8625471e-01   2.1571555e-02   4.4285916e-01  -8.0161693e-02   2.3712913e-01   5.3170587e-03   2.4370915e-01  -1.5076884e-01  -1.5225158e-01   7.1065904e-02   4.7360112e-01   6.9723009e-02   1.2968711e-01   7.3591381e-02   1.9819468e-01   7.3574886e-02   9.3482578e-02   2.3079872e-01   4.5151035e-01   6.8789653e-02  -4.7810542e-02   1.2456821e-01   5.7630387e-03  -1.2389875e-01  -2.3279397e-01   4.7281870e-02  -3.5727133e-01   1.0624431e-01  -1.7985466e-01  -1.7762074e-01  -1.0338770e-01  -1.8286244e-01   1.7537858e-01  -2.6884322e-01  -1.6094969e-01   3.7200501e-01  -5.8216746e-02   6.4080688e-02   4.7138953e-01   1.6523201e-01  -3.4522887e-01  -4.6733412e-01   1.7490024e-01   1.3429828e-01  -2.3438509e-01  -1.9057671e-01   9.3756902e-02   4.8751802e-01   6.9564020e-01  -1.7396982e-02   9.1921094e-02  -2.3046822e-01   3.9570261e-02  -1.3718125e-01  -1.0589063e-01  -3.8977430e-03  -2.4008921e-01   1.2360121e-01   8.3138539e-01  -3.5751427e-04   7.3383641e-01   1.8489043e-01  -8.7282084e-02   2.0932187e-01  -1.9548726e-02   3.7503521e-01  -1.9539040e-01   1.1108144e-02  -1.1094584e-01   3.5598700e-01  -1.4404416e-01  -9.1572923e-02   1.9588606e-01  -8.5814518e-02   2.3760076e-02   3.9486345e-01   2.1135799e-01   1.4179186e-01  -4.4615303e-01   2.9976692e-03   6.3474476e-02   1.7755863e-02  -2.5420975e-01  -1.9455940e-01   2.9249687e-01  -2.1687157e-01   6.2758026e-02   1.9340245e-02   8.0640386e-02   5.4772376e-01  -7.8783422e-02   4.6567461e-02  -2.5067054e-01   1.6928906e-01   4.6949954e-01  -2.4451999e-01  -7.4775320e-02  -1.5993329e-01  -1.3874684e-01   6.4820880e-01   6.9871882e-02   5.9032317e-01   1.0923896e-01   3.8415124e-01   1.1980514e-01   2.7176306e-01   9.7186883e-02  -2.0813230e-01   2.1191179e-01   2.1985620e-01   3.8460534e-01  -1.0471521e-01  -2.8503655e-02  -4.3454938e-02  -1.6635173e-01  -3.5685272e-01  -7.6329750e-02   2.3620404e-01  -3.4540689e-03  -2.2300984e-01  -2.9742375e-02   5.8089381e-02   6.3339740e-02   4.1302708e-02  -9.8712345e-02  -2.3538330e-01  -2.0882244e-02   3.5783755e-01  -4.2955734e-02   1.3671303e-01   1.6323810e-01   8.9427120e-02   1.9708594e-01   1.6857681e-01   2.7740908e-01   4.2159982e-01   5.5324549e-02  -7.2410610e-02   8.2325218e-02   3.6280261e-01   5.0567522e-01   1.0117357e-01   3.7339870e-01   4.4073543e-01  -2.9049426e-01  -8.2824170e-02  -1.3559740e-01   8.9708253e-02   1.0528512e-01   1.8212000e-01  -2.0500831e-01   3.0916466e-01  -1.3254843e-01   2.5963189e-01  -5.9630308e-02   1.1032385e-01  -2.6581747e-02  -2.6066571e-01   5.5783675e-03   3.3242674e-01  -4.2425653e-02   3.9443193e-01  -9.3798865e-02  -1.5412857e-02   6.2900343e-02   6.7889013e-01  -2.7979503e-02   9.2912109e-02  -5.7984602e-03
  -2.0037308e-01   2.1737910e-01  -4.0491052e-02  -1.6412766e-01  -2.3668398e-02   2.7151961e-01   0.0000000e+00  -6.6939837e-02   9.2685360e-02   3.4591596e-01   1.2435413e-02   4.9724579e-01  -1.0341783e-02  -4.0964091e-02   4.9002803e-01   7.5286493e-03  -2.1476725e-01  -5.3505796e-02   9.1261382e-02   7.6134009e-02   3.1648874e-02  -3.1309198e-01   4.2856748e-01  -2.4811769e-01   1.5548439e-01  -2.4021996e-02   2.5079814e-01   2.4698692e-01  -6.4785828e-02  -2.4042621e-01   1.1208575e-01   2.3711041e-02  -7.8415384e-02   6.7449018e-01   3.9247397e-01  -5.1002517e-02  -3.6678548e-02  -2.5365228e-01  -1.4312520e-01   1.3983320e-01  -8.1617593e-02  -1.3178511e-02   3.4172285e-01   3.5526562e-02   3.1134404e-01  -2.0319472e-01  -2.1974567e-01   3.7179052e-01  -3.4288275e-01  -2.5819347e-01   1.6069681e-01  -5.9408619e-03   2.7719076e-01   5.9267220e-02   1.2688179e-01   2.1560298e-01   6.0134868e-02  -9.6005695e-02  -2.6511735e-01   6.4862349e-02  -1.8840572e-01   2.4341849e-01   2.2973064e-03   2.1029962e-01  -4.2013034e-02   3.0669226e-01   1.6969691e-01   2.2774550e-01   3.1442599e-02   9.7832144e-02   1.3725105e-01   6.6434273e-02  -1.4456639e-01   9.0183410e-03   8.9269218e-02   1.8192196e-01  -2.9889942e-01   1.5213912e-02  -1.4387040e-02  -1.1405007e-01   5.6377976e-01   4.4517417e-02   8.9086248e-02  -4.0691353e-02   1.5932272e-02   1.7950942e-01   1.4886766e-01  -1.6081068e-01   2.3263559e-01  -3.6748516e-01  -2.3274720e-01  -6.0548625e-02   3.6392902e-01  -2.7687059e-02  -2.7864739e-01  -3.0655384e-01   6.6638423e-04   2.1100884e-02   1.0859053e-01   2.7512773e-01  -3.3433276e-02   3.0945897e-01   2.8655353e-03  -1.3089672e-01   1.2200472e-01  -2.6029149e-01   8.8847086e-02   6.0248942e-02   1.2205685e-01  -1.5603023e-01   3.0589197e-01   1.5952428e-01   2.7645629e-02  -1.8381580e-01   4.0251961e-01  -1.1644917e-01  -1.2024749e-01  -1.3979026e-01   6.7409345e-02  -1.2073625e-01  -2.1331652e-01   8.3330584e-02   4.9610463e-02   1.6589248e-01  -3.2699561e-01   2.8168609e-01   4.6283478e-01   9.8730153e-04  -1.6053624e-01   4.1134937e-02  -2.9543259e-01   2.9874491e-01  -9.4560396e-02   6.6665629e-02  -5.1020696e-02   1.4045903e-01   1.7309831e-01   8.0225826e-02   1.2816680e-01  -1.7227758e-01  -3.2551540e-02  -1.7800653e-01  -1.6446718e-01   4.0733188e-01   2.3592332e-01   8.2123235e-02   4.9177500e-01  -4.5413223e-02   1.0468671e-01  -7.7249251e-02   2.6569550e-01   9.4868732e-02   2.4406926e-02  -2.8283787e-02   1.9589104e-01  -2.5781845e-01  -1.3757988e-01  -4.5358380e-02  -1.5813193e-01   4.3944299e-01   9.9089013e-02  -2.1657478e-01  -1.6947774e-01  -2.5062931e-01  -2.7793501e-02   1.7457931e-02   2.7634711e-02  -5.6036299e-02   1.2699224e-01  -1.5831507e-01   1.2629775e-01  -9.2567682e-02  -2.3164588e-03   1.6429478e-01   4.0275859e-01   1.8008725e-02  -2.1261284e-01
  -1.9428312e-02  -1.2106840e-01  -2.1656020e-01   3.6438389e-02  -1.9386853e-01   2.7948667e-01  -6.6939837e-02   0.0000000e+00  -1.9945658e-01  -6.4234729e-02   4.0352652e-01  -2.0912055e-01  -1.1432623e-01  -1.0645053e-01  -7.1063626e-02   7.2551779e-02  -1.8303648e-01   4.6457804e-02   3.4473317e-01  -1.9952352e-01  -2.1628791e-02   4.6175065e-01  -1.2166817e-03  -7.5939943e-02  -1.9626010e-01   6.0452742e-01  -1.8599124e-02   5.2993544e-02  -3.2857948e-01  -1.4771807e-02   1.1646276e-02   2.9832729e-01  -1.8465334e-01  -3.7723953e-02  -1.9879701e-01  -1.5356057e-02  -7.4836009e-02   4.1377957e-02   1.7953804e-01  -1.5302721e-01  -2.8289309e-03  -2.4523625e-01  -3.5529606e-01   3.4936860e-01  -2.6705008e-01  -2.5385469e-02   1.6627750e-01  -2.7757249e-02  -2.6457178e-01  -3.7351064e-01  -2.7991095e-02   7.5750813e-01  -9.0702531e-02  -3.1497269e-01  -4.0329371e-02   2.9374495e-01   2.9245165e-01   3.7502545e-02   2.0119878e-01  -2.0449192e-01  -3.4362560e-02  -1.3684387e-01  -8.4010873e-02   3.2709909e-02  -8.9591396e-02  -2.7188799e-03   3.4198970e-01  -1.5333306e-01   5.2172883e-01  -2.7392421e-01  -1.3592653e-01   4.2242774e-02  -1.4074262e-01   4.4820792e-02  -4.2932145e-01   2.2296816e-01   7.5909087e-02   4.9012343e-01  -9.9283984e-02  -9.6454330e-02   8.3532816e-02  -2.4059130e-01   5.2798225e-02   7.7984105e-01  -1.5454165e-01   2.5478781e-01  -8.9726560e-02  -1.7443133e-01  -1.6715517e-01  -6.4369655e-02  -5.3872083e-02  -2.0829397e-01   3.4047853e-02  -1.8556382e-01   2.1544142e-01  -7.6123844e-02  -1.0987226e-01   4.0153255e-01  -2.0678442e-01  -7.5050070e-02  -1.5357648e-01   2.2261041e-01   1.5512013e-01  -2.9767218e-02   1.9914590e-01   4.5598123e-01  -2.7157827e-01   5.3928523e-01   9.0258902e-02   2.1470177e-01   4.9378179e-02  -2.7200987e-02  -1.5664395e-01  -6.1786169e-02  -1.0919332e-01  -1.4878611e-01   3.8924116e-01  -1.1330215e-01  -9.9206041e-02   8.6680533e-02  -6.4584082e-02  -1.8402181e-01  -2.9087251e-01  -7.2534940e-02  -1.4489896e-01  -1.2292643e-01  -1.4468033e-02  -1.7685104e-01   2.8438351e-01  -2.7081594e-01   1.1429790e-01   1.7654607e-01  -1.0348534e-01   3.6524235e-02  -1.0327253e-02   7.1719552e-01  -4.7538223e-02  -4.8447442e-02   5.2922593e-01  -7.7932512e-02   3.7133384e-02  -1.5548028e-01   5.6730986e-01  -2.1562582e-02   6.4741759e-02   1.2743233e-01   2.9724888e-02   1.1230817e-01   1.4438784e-01   9.0799822e-02  -1.8009303e-01   1.5093270e-01  -2.4617842e-01   1.7757360e-01  -2.8963852e-01  -1.7073315e-01   2.4477071e-01   4.2235008e-02  -1.8037690e-01   8.9770523e-02  -3.6498655e-01   3.9626637e-01  -7.9777206e-02   1.7276553e-01   2.1596684e-01  -3.2867284e-01   9.2281256e-02   1.7153791e-01  -1.1866734e-01   4.3799275e-02  -1.7819702e-01   4.6178889e-02  -8.5282510e-02   1.7857325e-01  -1.2644074e-01   7.6002940e-03   2.8025974e-01
   5.9895321e-03   2.1922624e-01   2.3439713e-01  -1.1235296e-01   2.5294066e-01  -1.8625471e-01   9.2685360e-02  -1.9945658e-01   0.0000000e+00  -1.6811082e-01  -1.4172662e-01   1.1762614e-01  -1.7508004e-02  -3.3723942e-01   1.2073355e-01   1.8785082e-01   2.9822064e-01   1.4201084e-01  -1.0780500e-01   2.2567307e-01  -2.5672183e-01   3.1646666e-02  -2.0282681e-01  -1.0153934e-01   9.2589494e-02  -1.5055441e-01  -1.2182292e-01   2.2507436e-01   2.2569723e-01   6.4590271e-02  -1.6195895e-01   2.6665394e-01   4.5445733e-02  -6.5352748e-02   1.5931673e-01  -1.0511484e-01  -2.8387210e-01   2.4410389e-02  -3.5952825e-02   5.8386932e-02   1.2584861e-02   1.7831454e-01   6.9742021e-01  -3.6016667e-01   2.0324073e-01   1.0093260e-01  -1.5026690e-01  -1.0672386e-01   1.0619245e-01   2.0510881e-01   1.5233005e-01  -6.6517928e-02   1.2230877e-01   2.5100681e-01  -3.1293048e-01  -3.3611686e-01  -1.7944047e-01   3.1329599e-01  -2.0389675e-02   4.3834307e-01  -2.6140127e-02  -1.1731509e-01   4.7082865e-01   7.0722400e-02  -6.9837126e-02  -5.4235575e-02  -2.7186248e-01   2.8267065e-01  -9.7668424e-02   2.1318012e-01  -1.8736998e-01  -6.8211995e-02   7.3759878e-02  -6.5274844e-02   3.5336384e-01   8.5791606e-02   8.0248891e-02  -2.7232461e-01   3.1773711e-02   1.7506848e-01  -4.0957413e-02   1.3606221e-01  -3.0466251e-01  -2.0480667e-01  -3.2553140e-01   1.0336304e-01   5.7736363e-03  -1.6421482e-01   2.8700298e-01   2.0131505e-02  -1.1649668e-01  -5.2825329e-03  -2.2056547e-02   5.5677521e-01  -8.9451522e-02   1.2236993e-02   2.9761502e-01  -1.1493058e-01   2.4532840e-01  -2.7118643e-01  -6.1661329e-02   8.8460722e-03  -4.9476306e-01   4.7677298e-01   1.5013119e-01   3.7636390e-02   1.0517503e-01  -1.4060024e-01  -1.6243096e-01  -2.2697845e-01  -1.3782824e-01  -3.1076072e-02   3.0061135e-01  -1.8500390e-01  -3.5819148e-02   9.9491748e-02   6.4789251e-02   1.4609535e-01  -2.3941206e-01  -3.0718250e-02  -3.4927627e-02  -1.9343307e-03   5.0860490e-01   2.3513613e-01   1.1013677e-01  -9.7352644e-02  -3.7104729e-02   1.6518094e-01   2.6847839e-01   4.1091341e-02   4.5859238e-02  -7.1396609e-02  -1.7247199e-01  -1.2099435e-02   3.7870190e-01  -8.5178857e-02   2.3939812e-01  -1.6100802e-01   4.5353731e-02  -1.0712829e-01  -2.6577753e-01  -9.1412907e-02  -2.7359623e-03  -8.4967812e-02   1.1491708e-01   2.8244541e-01  -1.3969655e-01  -1.9643258e-01  -1.2458841e-01  -5.4178433e-01  -4.5573079e-02  -4.3369752e-01   6.8468334e-02   4.7254536e-03   1.2697172e-01   4.4543691e-02  -2.1770878e-02   1.1855409e-02   1.8836462e-02  -1.3025694e-01   4.3920661e-01  -1.2195897e-01  -3.0305496e-01  -2.1150106e-01   2.5751586e-01   7.8478743e-02  -1.2938085e-01  -3.0933224e-01  -1.4204785e-03  -1.6958969e-01   2.6678187e-02  -2.1438852e-02   1.6616233e-01  -3.0211439e-01   1.0580967e-01   3.2844666e-02   1.0539936e-01
  -2.1954453e-01   1.3325270e-01   9.0124619e-02  -4.4808837e-01  -1.0260974e-01   2.1571555e-02   3.4591596e-01  -6.4234729e-02  -1.6811082e-01   0.0000000e+00  -1.0192867e-01   4.3830768e-01  -3.4384299e-01  -1.0325770e-02   1.1772328e-01  -3.3913622e-01  -2.7847577e-02  -2.6770867e-01   4.1059336e-02   2.0957187e-01  -6.0068104e-02  -2.6046999e-01   4.8115883e-01  -3.1905786e-01  -1.7495424e-01   1.0364995e-02  -3.6976081e-02   1.4780161e-01   1.0622671e-01  -2.1557891e-01  -5.2195657e-02  -3.7640468e-01  -2.2534211e-01   6.6390211e-01   3.1619680e-01  -1.6446329e-01   3.2602555e-03  -6.4485769e-02  -2.5657109e-01   3.0769779e-01  -3.3488056e-01  -1.2069695e-01  -8.6826036e-02  -7.9564836e-02   1.2412257e-01  -2.5601085e-01  -2.3118179e-01  -4.9337453e-02  -5.2079824e-02   1.3501637e-01  -2.0716406e-01  -1.0099644e-01   1.4199746e-01  -1.1287935e-01   1.2565769e-01  -5.3654257e-02  -1.7871910e-01  -2.0551090e-01  -2.9603849e-01   4.5392730e-02  -5.3355481e-02   2.5842774e-01  -1.0906493e-01  -1.8303526e-02  -1.9429144e-01   3.3000779e-01   4.9771363e-02   6.1494257e-02  -2.8279895e-02   6.0293391e-02   2.4781094e-01  -4.2592149e-01  -3.3384370e-01   2.0499569e-01  -8.6694650e-02  -2.5268000e-01  -1.7301717e-02   4.9439154e-02   2.7172823e-01  -3.7580793e-01   3.6002672e-01  -2.2423574e-01   6.5844958e-02  -9.4012309e-02   8.3813465e-02  -3.3316466e-01   1.6482961e-01  -1.9651451e-01  -3.1173864e-02  -2.2410583e-01   9.1498863e-02  -1.5438576e-02   4.0699473e-01  -1.4417929e-01  -8.4601884e-02   1.5147063e-01  -1.3796964e-01  -6.5232511e-02   1.0581834e-01   4.7055451e-01   2.0288874e-01  -9.6989750e-04  -1.1069967e-01   2.2808999e-02  -2.3288917e-01  -3.7670000e-01  -1.2481249e-01  -1.0394343e-01   2.4657538e-01  -6.8948453e-02   4.3264919e-01  -3.4234779e-01  -1.9714255e-01  -2.3373283e-01   5.6682360e-01   1.3529863e-01   5.0161661e-02  -2.6711901e-01   1.2873669e-01  -2.0170717e-01  -2.7322303e-02   3.5401921e-01   6.6705184e-02  -2.4224663e-02  -2.2046334e-01   1.9396127e-01   2.9533380e-01  -2.0051573e-01  -3.5419660e-01  -3.4973532e-02  -3.2338242e-01   3.3404208e-01   8.5050593e-02   5.7863232e-02  -2.2929858e-01  -2.1904327e-01  -6.3654640e-02   1.5786778e-01  -3.1977874e-01  -2.2329003e-01  -1.9517560e-01  -2.2448972e-01  -1.4821302e-01   2.0797773e-01   1.8210732e-01  -2.7920510e-01   6.3924150e-01  -5.9856637e-02   2.3543917e-01   1.7769274e-01   1.4897287e-02   1.3053534e-01   4.1053878e-02  -1.0989368e-01   3.0064074e-01  -3.4828340e-01  -1.0095911e-01  -1.1270368e-01  -7.5420303e-02   2.3098297e-02   1.1673758e-01  -1.7377228e-01   3.1310547e-01  -4.2060534e-01  -4.5687093e-02   2.5340809e-01  -1.2174701e-01   7.1224045e-02   1.2170146e-01   2.9481522e-02   3.3518155e-01  -6.5859448e-02  -2.8680519e-01  -1.9465618e-02   1.2195917e-01  -4.9709485e-02  -1.2907808e-01
  -9.3609359e-02  -2.6660554e-01  -7.4464415e-02   6.4718867e-02   1.0183375e-02   4.4285916e-01   1.2435413e-02   4.0352652e-01  -1.4172662e-01  -1.0192867e-01   0.0000000e+00  -2.5080694e-01   2.8717464e-01   6.2554228e-02   3.4716791e-01   6.7600745e-02   2.8541284e-02   4.1568371e-01   4.1163205e-01  -1.6241298e-01   2.6966232e-01   8.7421788e-02   2.9287292e-01  -2.1914263e-01  -8.1203287e-02   4.5962057e-01   5.8283296e-02   3.1710633e-01  -3.2469580e-01   1.1135678e-01   3.4440556e-01   1.1400391e-01  -2.7244736e-01   5.6525483e-02  -3.4966311e-01   2.9739678e-01  -4.5886566e-02  -4.6675218e-01   2.0144305e-01  -3.4216474e-01   3.7550029e-01  -3.8551500e-01  -3.1727116e-01   5.2982545e-01  -1.7432504e-01  -9.4420437e-02   5.1720083e-01   3.2765122e-01  -2.9933071e-01  -5.3639701e-01   4.0913063e-01   3.1725969e-01  -6.7394564e-02  -3.5802680e-01   2.3508949e-02   6.0408792e-01   4.2044581e-01   8.5815371e-04   2.5178198e-01  -1.9084696e-01  -1.5132036e-01  -1.6494368e-02   9.2552020e-02   3.4479383e-01  -1.4413297e-02   2.2700403e-01   4.0205694e-01  -7.4835247e-02   6.1256735e-01   2.1880199e-01  -7.8210627e-02   1.9114839e-01   6.7194479e-02   4.7719569e-02  -3.8292822e-01   7.4595432e-02  -2.9535117e-01   6.3979565e-01  -1.9754196e-01  -1.2374586e-01   3.2508211e-01  -2.6053117e-02   2.1550480e-01   4.4243096e-01   7.1098183e-02   2.1417530e-01  -1.2141349e-01  -1.6029662e-01   1.7064969e-02  -9.4226460e-02  -1.6403088e-01  -3.5726646e-01   3.1438765e-01  -9.5036698e-02  -2.6734318e-01  -1.9694949e-01  -1.0282272e-01   4.8954211e-01  -1.3563921e-01   1.1347436e-01  -1.4386673e-01   4.2364478e-01   3.3150934e-01  -7.6388953e-02   2.1165886e-01  -1.7956641e-03  -3.1936591e-01   5.3084895e-01   2.2456710e-01   4.9254572e-01   2.7224050e-01   2.9761434e-01  -1.2258428e-02  -2.0152394e-02   5.6636226e-02  -1.2665070e-01   4.4905973e-01   3.5097972e-01   2.5984114e-01   9.2363040e-02  -3.9359664e-01  -2.7277900e-01  -2.6302969e-01  -1.4133961e-01  -1.3070165e-01   2.1009560e-01   1.6139991e-01  -2.5224822e-01  -9.5069458e-02   1.6676523e-01   1.3607291e-01   4.9516480e-01  -2.4927686e-01   1.8065491e-01  -1.9799484e-02   3.9244227e-01  -9.3829979e-02   3.5007362e-01   2.9768177e-01  -2.6609313e-02  -4.5933294e-02   1.1304845e-01   5.7404332e-01   2.3778177e-01   2.9865166e-01   1.7841573e-01  -9.3851390e-02   3.9881945e-01   4.8030530e-01   2.8304619e-01   3.1130657e-01   3.9913480e-01  -4.6703145e-01   4.8703102e-01  -3.6998407e-01  -2.2063867e-01  -1.8882949e-01   3.3673974e-01  -4.8904593e-01   3.8039139e-01  -4.2520120e-01   6.9803507e-01  -8.0157787e-02   3.8051412e-01   8.5501982e-02  -5.0797844e-01   3.6668768e-01   1.7804054e-01  -2.6990028e-01   3.0499727e-01  -1.2628935e-01  -4.3933529e-01   1.4623850e-01   2.0368189e-01  -1.6382614e-01   7.5329687e-02  -5.9910127e-02
   3.8915455e-02   5.8328204e-01   4.7912763e-01  -3.7143925e-01   2.0773065e-01  -8.0161693e-02   4.9724579e-01  -2.0912055e-01   1.1762614e-01   4.3830768e-01  -2.5080694e-01   0.0000000e+00  -1.2913890e-01  -3.0082347e-01  -1.4004500e-02  -7.3027384e-02   2.9152294e-01  -2.1358011e-01   2.2712304e-01   3.9396476e-01  -2.4338889e-01  -3.5006150e-01   5.4502995e-02  -2.3425396e-01   2.1623224e-01  -7.6794142e-02  -8.9857369e-02   7.2608504e-02   2.6107114e-01  -3.4008030e-01  -1.6276274e-01  -5.0034522e-02  -1.2786598e-01   4.1200502e-01   4.8743450e-01   4.6125743e-02  -3.3209652e-02  -2.1759689e-01  -2.2249959e-01   5.8297624e-01  -1.4905506e-01  -1.4722592e-02   4.6529830e-01  -1.4102683e-01   2.6224190e-01   2.3467932e-02  -2.6772014e-01  -1.9843261e-01  -1.7496582e-01   4.8341610e-01  -5.4140912e-02  -2.6880021e-01   2.5052109e-01  -6.2535736e-02  -1.1563671e-01  -4.1387430e-02  -9.5718938e-02  -4.1668719e-02  -3.1018245e-01   3.9534172e-01   1.5297818e-01   2.2742211e-01   7.3464397e-02  -1.5591631e-01  -2.9281728e-01   1.4222350e-01  -7.3413019e-02   2.6082330e-01  -1.1655801e-01   1.1944201e-01   2.6791307e-01  -1.4079602e-01  -1.7933864e-01   2.9711585e-01  -3.3745955e-02   2.5486968e-02   3.5059029e-02  -5.3673516e-02   5.4401513e-01  -2.1539130e-01   3.1099206e-02  -4.0767357e-02   1.9075813e-01  -1.5958931e-01   1.6796037e-01   5.4778202e-02   5.7914020e-02  -5.3234700e-01   1.7088686e-01  -8.9426883e-02   1.7619553e-01   2.1919443e-01   3.6757224e-01   3.4116057e-01  -1.6864850e-01   3.2410743e-01   2.8453297e-02   7.9117766e-02   6.2672420e-02  -4.6973174e-02   3.1102487e-01  -8.3744188e-03  -3.0235827e-01   7.4482853e-02  -1.6797052e-01  -3.4963570e-01  -2.6768540e-02  -2.7005399e-02   1.6122494e-01  -1.7880278e-01   2.9421276e-01  -2.3011333e-01  -1.5019457e-01   1.5606188e-02   2.2998773e-01   2.6495781e-01  -6.9236964e-02  -1.8687984e-01  -1.9578421e-01  -1.7794904e-01  -1.9082219e-01   5.2733113e-01   3.6516228e-01   7.7832768e-02  -3.2256774e-02  -2.8643148e-02   1.6351071e-01   7.8262406e-02  -1.5841748e-01   4.5502168e-02  -3.4327525e-01   1.7135581e-01   3.0063268e-01  -1.0232204e-02   2.3214755e-01  -7.9642623e-02  -3.0664157e-02  -2.1190119e-01  -1.8391259e-01   7.8416162e-02   4.9268603e-03  -4.0908652e-02  -1.5993280e-01   9.9376136e-02   1.5954522e-01  -2.7134457e-01   5.4106435e-01  -1.3915639e-01   2.8779622e-02  -2.5368541e-01   4.4736290e-02  -3.2454604e-01  -1.4859506e-01   9.2462470e-02   7.2360993e-01  -1.0873190e-01  -1.5654586e-01  -1.3826364e-01   1.3175942e-01  -2.1822577e-01   1.8285746e-01  -2.1279170e-01   8.6635997e-02  -7.0130166e-01   9.8918296e-02   2.9714819e-01  -2.3262937e-02  -1.0736267e-01  -1.4155231e-02  -2.8675893e-02   4.2731225e-01  -2.2537961e-01  -4.6995881e-01  -5.1924288e-02   2.0436103e-01  -5.2846529e-02  -1.0669606e-01
  -3.6083498e-02  -2.4601580e-01  -6.5961107e-02   2.5928228e-01   1.8431711e-01   2.3712913e-01  -1.0341783e-02  -1.1432623e-01  -1.7508004e-02  -3.4384299e-01   2.8717464e-01  -1.2913890e-01   0.0000000e+00  -1.0360136e-01   8.5870032e-02  -6.7641527e-03  -5.2552249e-02   1.1349089e-01  -3.2469429e-02   2.4482526e-02   1.1314896e-01  -5.6057745e-02   1.0299022e-03   1.2290325e-01   1.8914768e-01  -7.0800114e-02   2.3537198e-01  -1.2231482e-01  -3.6359809e-02   9.4214118e-02   3.7194967e-02  -1.2944559e-01   2.0397925e-01  -1.7010408e-01  -3.3689014e-01   3.0347913e-01   1.1666345e-01  -1.4498546e-01  -1.2503801e-02  -2.2891695e-01   7.3585730e-01   5.0989227e-03  -5.1417148e-03   2.3760915e-01  -1.4104442e-01  -4.2256016e-02   4.3978579e-01   1.4812304e-01  -3.5443797e-02  -2.3903567e-01   7.3469205e-02  -1.7149622e-01  -1.1477660e-01  -5.0237417e-02   1.2154175e-01   2.1415194e-01   1.3674542e-01  -3.2051535e-02   3.4723311e-01  -2.8132902e-01   1.7986549e-01  -9.9458711e-02  -7.9120516e-03  -6.5588361e-03   3.2202736e-02   1.2562810e-01   2.2939891e-01   1.5057464e-01   2.6890667e-01   9.0566957e-02  -1.0688543e-01   3.3526902e-01   3.0250682e-01   3.7141906e-02   8.7218270e-02   2.2198899e-02   3.6489320e-02   1.5664055e-01  -8.9181962e-02   3.3716375e-01  -1.0324193e-01   2.3067411e-01  -1.4831228e-01  -8.6080169e-02   2.4446140e-02   7.9300282e-02  -2.5724587e-01   1.5906652e-01  -1.8378206e-01   9.5321195e-03  -1.3446414e-01  -1.5979183e-03   2.0532840e-02  -2.4990344e-02  -9.2832943e-02  -3.5057834e-02   1.8397905e-01   1.1265564e-01   6.5891775e-02  -1.5488609e-01  -2.7822109e-01   1.5919497e-02   2.6350435e-01  -1.8351965e-01  -4.4281885e-02  -1.3755829e-01   1.0489027e-01   2.3501459e-01   1.2477701e-01   3.4077730e-01  -1.9712009e-01   3.4168817e-01   2.6803391e-01   2.0708872e-01  -2.8888518e-01  -9.4535636e-02  -7.6507868e-02   5.9824129e-01   6.4338835e-02   1.8077633e-01   4.6229528e-02  -5.1753112e-02  -8.6819793e-02  -3.2173911e-01  -1.4807013e-01  -4.8050630e-03  -1.8588757e-01   5.1003338e-02  -1.1883944e-01   5.5846769e-02   2.9304400e-01  -3.5030584e-02   4.2931764e-02   1.5851722e-02   9.5674402e-02   1.7767883e-02   2.4075864e-01  -3.7436134e-02   2.7837667e-02   9.9216569e-03   3.6813162e-02   4.6614898e-01   1.1739916e-01   4.3609100e-02  -5.5176759e-02  -4.6054096e-02  -2.1587475e-01   3.8407316e-01   1.4120820e-01  -7.0880270e-02   1.3360536e-01   4.7002074e-02  -1.0734034e-01   9.9330476e-02  -1.1430155e-01   7.1082836e-02   2.1180629e-02   5.3990578e-01  -3.0121833e-03   6.0728505e-02  -1.3934436e-01   3.3766314e-01  -3.3133976e-02   1.8924102e-01  -9.8654285e-02  -1.8909200e-01   2.5796873e-01  -4.0132742e-02   1.0413843e-01   1.5545543e-01  -2.9436416e-02  -1.7566597e-02   1.6139169e-01   2.3593028e-01  -2.4998848e-02   2.1556846e-01  -1.4678866e-01
  -1.0868713e-01  -1.2992642e-01  -3.0512993e-01   1.7784195e-01  -4.9159907e-01   5.3170587e-03  -4.0964091e-02  -1.0645053e-01  -3.3723942e-01  -1.0325770e-02   6.2554228e-02  -3.0082347e-01  -1.0360136e-01   0.0000000e+00   2.5424665e-01  -2.0260073e-01  -3.3058186e-01  -1.4357539e-01  -2.8746792e-01  -5.3596624e-01   5.8014791e-01  -8.8232700e-02   1.9494715e-01   2.1371772e-01   4.0579963e-02  -2.6410072e-01   4.9749596e-02   3.5777151e-02  -3.1400294e-02   2.8311919e-01   5.5551027e-01  -1.3229278e-01  -1.0104366e-01   2.7109178e-02   5.3439362e-02  -4.1554177e-01   1.7655975e-02  -2.3547521e-01  -6.5384121e-02  -1.3752549e-01  -1.6573331e-01  -1.8748149e-01  -2.8479866e-01   7.9895554e-02  -1.9126034e-01  -2.5585107e-01  -2.7718512e-01   5.3056777e-01  -1.1746507e-01  -3.1673189e-01  -2.4061516e-02  -1.4267193e-01   4.2510348e-02   2.0057914e-01   4.3291934e-01   3.4878163e-02  -9.1480219e-03   3.0927429e-02  -1.8103015e-02  -1.5487817e-01  -2.4852878e-01  -1.0696517e-01  -1.1162192e-01   3.4014269e-01   3.7306233e-01  -2.8067829e-01   7.9903969e-02  -1.9124231e-01  -2.3026251e-01  -1.7648486e-01   3.4009648e-01  -4.3978001e-02  -7.0130807e-02   6.2594322e-02   6.1978673e-02   3.2611832e-02  -3.2049389e-01  -1.4220486e-01  -4.4436461e-01  -3.3417052e-02   1.4906552e-01  -3.0372181e-02   2.6607022e-01  -2.0559384e-01   3.7284082e-01   4.8615621e-02   4.0667031e-01   4.4949953e-01  -1.9731263e-01   2.0404246e-02  -5.1980797e-02  -1.9032458e-01  -2.0780780e-01  -3.2924332e-01  -2.7265370e-01  -3.5673666e-01  -3.1725255e-01  -2.1186318e-01  -1.9570214e-01   2.5834766e-01   2.4252147e-01  -7.7102262e-02   5.2346225e-01  -1.3684459e-01   1.3172305e-01  -9.3053181e-02   1.2449239e-01  -1.9791188e-01  -2.0928875e-01  -3.0376669e-02   8.0493264e-02   3.0048374e-01   3.8262889e-03  -4.4467943e-02   2.7842111e-01  -1.5922366e-01  -1.9652387e-01  -2.9413728e-01   4.4584815e-01  -5.9519558e-02  -1.6156621e-01  -3.3318602e-01  -2.7006945e-01   1.7252802e-01  -2.4174771e-01   6.1633248e-01   3.0912543e-01   9.3499767e-02  -1.2927184e-01   7.2109985e-02  -2.2575124e-01   1.1612754e-01   2.4616505e-01   3.5289049e-01  -3.0624084e-01   1.0119143e-02  -1.4591810e-01   5.3527043e-01   4.6590457e-02   2.2305408e-02   1.8389222e-01   7.1870365e-03  -2.0998071e-01   6.7175452e-02   1.7967747e-01   2.9881302e-01  -2.4471363e-02  -1.3568062e-01  -1.3231049e-01   6.5617144e-01   3.2621183e-01   6.4298855e-01  -1.0835819e-02  -1.0215555e-01  -3.2154861e-01   6.9429213e-02  -1.3790202e-01  -2.0576832e-01  -2.4787459e-01   4.1046649e-01  -2.5367198e-01  -1.7497059e-01   1.0778938e-01   4.5047175e-01  -2.8638785e-01  -1.3963996e-01  -6.1475952e-02   1.8709882e-01  -7.6244357e-03   1.8753420e-02  -3.5151306e-01  -1.4549222e-01   2.0663469e-01   4.1460212e-03   6.7920760e-02  -6.9926277e-02  -2.0816266e-01
