   0.0000000e+00  -2.7871628e-01  -3.6204362e-01  -3.9792060e-01  -1.9966170e-01  -1.6327929e-01  -2.1979050e-01   1.5546773e-02  -2.4693403e-01  -1.4048782e-01  -2.3315116e-01  -3.6534995e-01  -1.1610535e-01   6.5463193e-01  -1.1807777e-01  -2.8270976e-01  -2.1151521e-01  -2.4973020e-01  -2.7658197e-01  -2.8046076e-01   1.6906224e-01  -3.6622508e-01   9.1649480e-02   7.0036811e-01   8.9707580e-02   1.2421365e-01  -2.5474694e-01   3.9722627e-01  -4.1918017e-02  -3.0900934e-01  -4.8094022e-02  -3.4392858e-01  -2.0116939e-02  -1.3624990e-02  -4.9980046e-02  -1.7296875e-01   6.9724724e-02   5.3919915e-01  -3.0172820e-01  -4.7407773e-01  -3.0052280e-01   1.3989423e-01  -2.4847885e-01   4.3397834e-02  -3.2582252e-01   4.2905574e-01  -3.2674748e-01  -1.1404433e-01   5.1042272e-04  -1.9496694e-01  -2.4964810e-01  -1.8970135e-02  -1.1750971e-01   1.6972242e-01   3.6324760e-01   5.2247640e-02  -8.0789720e-02  -4.9821434e-01  -2.8519833e-01  -3.6055015e-01   3.3236588e-01  -2.7600186e-01  -1.8472590e-01  -9.5945107e-02  -5.8218063e-02  -1.4096498e-01  -3.5613641e-01  -2.4306234e-01  -1.2807221e-01  -3.8604019e-02  -3.1708463e-01  -4.2624262e-01  -1.1425386e-01   1.5995870e-01   7.1162320e-02  -1.4848512e-01   3.3492797e-01   9.1387790e-02  -1.1311226e-01  -3.8699678e-02   1.4532153e-01  -2.1086215e-01  -3.0024543e-01   1.4607399e-01   2.0750022e-01  -6.2604921e-02  -5.9425442e-02   6.4755253e-01  -1.8472946e-01   6.9876947e-01  -4.5297902e-04  -2.1006746e-01  -1.0177638e-02  -3.0739284e-01   5.1892856e-01  -1.3730010e-01  -3.7411086e-01   1.1371215e-02  -5.0215506e-01   1.0655424e-01  -1.0298622e-01  -1.1298419e-02  -1.5546462e-01  -2.7211665e-01  -2.6814761e-01  -3.2863772e-01   2.0611178e-01  -7.3325640e-02   5.0497569e-02   1.0151819e-01  -1.0329533e-01  -2.9582421e-01  -2.5763792e-01   8.1648018e-01   1.1612958e-01  -1.3003210e-01   8.1943012e-02  -1.4423115e-01   3.9838142e-02  -4.5230973e-01   6.6487506e-01  -1.9036785e-01  -9.0029026e-02  -7.2231752e-02   5.3600103e-01   1.9913740e-01  -5.8327081e-02  -3.3182238e-02  -4.9308535e-01  -3.0806361e-01  -3.2156569e-01  -6.4185154e-02   3.2613943e-01   1.6775560e-02  -3.8488344e-01  -9.7659860e-02  -2.9407608e-02  -1.6079476e-01  -9.1839997e-02   3.9633368e-01   8.2574121e-01  -1.5411852e-01  -1.3087274e-01  -3.0581986e-01  -5.9609401e-02   3.2535876e-02  -1.9485981e-01  -8.9934835e-02  -1.5173358e-02   4.9063134e-02   3.4302123e-01   3.9254466e-02   5.3440590e-01  -2.0726406e-01  -5.2236576e-01   5.3708349e-01   6.0346579e-01  -3.2132062e-01   3.0952630e-01  -9.0347203e-02  -3.3302567e-01   1.5615159e-02  -6.5707054e-02  -2.4463340e-01  -2.8899796e-01  -2.2741424e-01  -2.6806704e-01   2.8193915e-01   6.3414947e-01  -1.1600739e-01  -1.4511772e-01   4.9070153e-01  -2.3810712e-01  -1.6019783e-01   4.3319939e-04   1.0861413e-01  -2.5577195e-01
  -2.7871628e-01   0.0000000e+00   4.5828764e-01  -4.3747625e-02   2.6475641e-01  -1.0557472e-01  -8.0203726e-02   9.2049195e-02   3.3197951e-01   7.1417818e-02   1.1289088e-01   6.4338710e-01   4.2580112e-02   1.1981689e-01  -3.5418986e-01   1.4176438e-02   5.1035648e-01   8.8183227e-02   5.7755840e-02   2.6339651e-01  -1.4814250e-01   2.0755301e-01  -3.7470123e-01   6.7615492e-02   1.7094120e-01   5.9759682e-02   3.2386804e-01  -2.9399861e-01   1.7241065e-02   5.2874965e-01   1.4718540e-01   3.5371109e-01  -5.5508437e-02   1.5119002e-01   2.3113464e-01   7.1415563e-02  -7.2694014e-03  -2.2446925e-01   7.4584615e-02   5.2044016e-01   3.1610074e-01  -3.1412723e-01   5.1421399e-01  -7.8603206e-02  -1.4046301e-01  -1.4539932e-01  -1.3527422e-01   4.7789606e-01   1.4700436e-01   5.7502146e-01  -2.4420376e-01   2.9009379e-01   5.8844268e-01  -1.9193060e-01  -2.5395260e-01   6.2325663e-02   1.6304121e-01   3.1668501e-01   1.3252197e-01   9.1189470e-02  -2.4028897e-01   1.0723304e-01   4.1494733e-01   1.4904015e-01   2.8736286e-01  -1.6620806e-01   3.8996927e-02   2.4620346e-01  -5.2689030e-02  -1.5331904e-01   8.4749873e-01   2.5198397e-01   1.1290693e-01   4.6990738e-02  -7.8925959e-02   3.7294099e-01  -1.6895469e-01  -1.2721036e-01   3.7968520e-01  -1.9439434e-01  -3.0681555e-02  -2.2785434e-01   2.7312075e-01  -1.0313267e-01   1.3384125e-01   2.0070469e-01   1.4479344e-01  -7.3477032e-02   3.8086852e-01  -1.7439151e-01   4.7396714e-01   2.6370778e-01   3.9004998e-02   3.1473436e-01  -3.4156651e-01   4.6181499e-01   1.4385257e-02   1.7463465e-01   3.7919125e-01  -4.3155130e-01   2.6304018e-01  -1.3655362e-01   2.0890192e-01   5.4135513e-01   5.6757095e-02   3.2493530e-01  -1.8138233e-01   2.0257779e-01  -1.8714839e-01  -9.4301046e-02   2.1133755e-01   1.7343348e-01   2.1835091e-01  -2.5322511e-01  -2.7597337e-01   5.6164145e-01   2.8768666e-01   2.1340113e-01  -1.2077631e-01   1.4690535e-01  -4.6220821e-02   2.9924116e-01   2.4080348e-01   2.6100053e-01  -1.2419228e-01   6.8292659e-02  -2.5258261e-01  -1.0734898e-01   2.5993101e-01   4.5921732e-01   2.3006260e-01  -2.9330856e-01   3.8368120e-01  -1.4339157e-02   3.3307151e-01   2.6746170e-01  -2.5552163e-01   2.7091942e-01   3.3736251e-01  -1.8010851e-01  -1.8255142e-01   2.8516074e-01   1.7050522e-01  -2.6581327e-01  -1.0572439e-01   9.7836782e-02   3.4545602e-01  -3.2822781e-02  -8.2811145e-02  -2.9492738e-02  -2.2264957e-01   2.3064875e-01  -2.2898558e-01   3.8190311e-01   6.9332641e-01  -7.7793027e-03  -2.3937316e-01   1.4291775e-01   3.0780746e-02   2.6335519e-01   2.1072169e-01   1.0752157e-02  -7.4443589e-02   1.8755371e-01   3.0322075e-01   6.7157564e-02   3.2746166e-01  -1.6100484e-01  -1.6881354e-01   4.6020102e-01   2.4555895e-01  -1.7324852e-01   3.7816521e-01   5.6092904e-02   2.1253472e-04  -2.1351808e-01   3.5388336e-01
  -3.6204362e-01   4.5828764e-01   0.0000000e+00   9.7972757e-02   3.3060509e-01  -1.5824679e-01   2.1359793e-01   4.0695690e-02   3.4341616e-01   4.1438430e-01   1.2402967e-01   6.7512068e-01   8.6221112e-02  -1.9070706e-01  -1.2987459e-01   2.3121835e-01   8.2157249e-01   3.6146188e-02  -4.9985915e-02   4.5006804e-01  -3.6421594e-01   6.6342744e-02  -1.9564690e-01  -1.6486444e-01  -7.0004042e-02  -1.2985252e-01   3.0874872e-01  -1.7650374e-01   5.6126921e-02   3.6417806e-01  -2.5697979e-01   1.8688513e-01   4.6185306e-02   2.7247024e-01   1.9166190e-01   2.0557908e-01  -4.8312348e-01  -2.5755287e-01   2.4133958e-01   4.4305984e-01   2.6209604e-01  -1.9529868e-02   2.7583485e-01  -1.6958272e-01   7.7117317e-02  -7.0073261e-02   6.9427122e-02   5.0564770e-02  -5.5621960e-02   6.1542568e-01   2.4263330e-02   1.9432228e-01   1.6059852e-01  -1.5093399e-01  -4.1454868e-01   3.6936952e-02  -2.1728074e-01   1.8858619e-01   1.6511878e-01   2.5732123e-01   7.4623926e-02   2.4835991e-01   4.4531555e-01   8.5443870e-02  -3.5281483e-02   2.2292379e-01  -6.5332604e-02   1.8263171e-01  -1.7746715e-01   4.0256222e-01   2.9911000e-01   1.6314412e-01   1.1903514e-01  -6.3576089e-04  -4.0248454e-02   1.7613214e-01   6.0604165e-02  -2.5810986e-01   9.5015340e-02  -3.1119758e-02  -1.0162757e-01   1.2590797e-01   9.5976924e-02  -1.3127620e-01  -1.6061726e-01   5.6387560e-02  -2.5732854e-01  -2.9551353e-01   4.6956711e-01  -2.6414046e-01   3.3405891e-01   6.4885555e-01   1.3723583e-01   3.4811247e-01  -2.6146579e-01   3.0165707e-01   1.4377693e-01  -2.0168228e-01   3.9945140e-01  -1.3715268e-01   2.3660336e-02   2.2330294e-01  -7.9077155e-02   4.4627379e-01   6.5793996e-03   2.1883942e-01  -6.0517941e-02  -1.1883069e-01  -1.1166724e-01   1.2244174e-01   9.2876951e-02   6.7791976e-02   1.6169854e-02  -3.5932309e-01  -2.7505925e-02   2.5492573e-01  -1.5815802e-02   1.8434656e-01  -1.3681490e-01   5.9444216e-02  -1.2998399e-01   4.3340168e-01   1.8142917e-01   8.0232272e-02  -1.4897223e-01  -1.0132235e-01  -6.8497762e-02  -5.9411094e-03   2.1538329e-01   4.8063383e-01   1.8774482e-01  -1.5982795e-01  -1.4902587e-01  -3.4704529e-01   2.3461973e-01   1.8234839e-01  -7.7878678e-03  -6.9674474e-02   1.8328741e-01  -2.5086602e-01  -2.6896443e-01   2.5408585e-02   1.9560738e-01  -1.1128060e-01  -2.9736360e-02  -1.1530449e-01   4.4114015e-01   2.2849303e-01   8.2472186e-02  -4.4181272e-01  -7.9320308e-02  -2.3638067e-01  -2.0146671e-01   2.8730970e-01   5.3324838e-01  -1.5268279e-01  -2.0154203e-01   2.8865177e-01   1.9271405e-01   1.5500259e-01   1.6620614e-01   1.0951814e-01   1.2359247e-02  -4.7783023e-03   1.8250758e-01   1.2504400e-01   6.0143661e-01  -3.1066852e-01  -2.7094921e-01  -4.6282290e-02   2.0395219e-01  -1.7819210e-01   2.3315803e-01  -1.3579407e-01  -9.5213226e-02  -3.0026933e-02   1.8607331e-01
  -3.9792060e-01  -4.3747625e-02   9.7972757e-02   0.0000000e+00   4.6282359e-02   3.2679272e-01   1.8140762e-02  -1.2669904e-01  -8.1776744e-02   1.0060803e-01   5.8917006e-02  -6.1048703e-02   1.2452154e-01  -2.8792187e-01  -6.5327749e-02   1.7172394e-01   7.5340851e-02   2.2728410e-01   2.1532721e-01   9.8972119e-02   6.8117112e-02   3.1180485e-01   5.5468849e-02  -4.1166634e-01  -8.0928547e-02   1.7010573e-02  -1.0135317e-01  -2.6536922e-01   6.3780210e-02   5.8923862e-02   6.8443642e-02   2.4333513e-01   7.6808006e-02  -1.7836449e-01  -1.0545697e-01   1.1968814e-01   1.3991192e-02  -1.4227918e-01   1.7092013e-01   2.0064782e-01   2.9849345e-01   9.4499116e-02  -2.0553705e-01  -6.1790390e-02   1.4992655e-01  -2.8339764e-01   1.7094513e-01  -3.8753857e-02   2.0250103e-01   1.5002621e-01   2.4988259e-01   6.8896997e-02  -1.5986188e-01   8.9565079e-02  -1.9239615e-02   1.0464523e-01   3.9618071e-02   3.4293225e-01   4.5126532e-01   7.3393522e-02  -8.2320134e-02   2.0863350e-01  -1.9857374e-01  -2.0494730e-01  -1.4345571e-01   1.2934381e-01   2.3771813e-01  -5.3905966e-02   2.9093307e-01  -8.2244815e-02   3.8184342e-03   3.8848594e-01   1.9184141e-01  -1.4909297e-01   2.9575352e-01  -5.1936720e-04  -1.3869973e-01   7.7506961e-02   1.2069057e-02   3.8508728e-02  -2.1688131e-01   2.9420680e-01  -2.0575917e-01  -6.7261260e-02  -5.1900392e-02  -1.6998842e-02  -9.4564002e-02  -4.1278514e-01  -1.4724723e-02  -3.4435743e-01  -1.0853950e-01   7.3582852e-02  -6.7574660e-02   5.0601784e-02  -5.6972692e-02   6.1958615e-02   2.1166753e-01   1.0987428e-01   3.8420512e-01   8.0502455e-02   2.5159791e-02  -1.0716092e-01  -3.2884484e-02  -1.4198846e-01   2.1326030e-01   3.1311186e-01   1.7744709e-01   1.3094639e-01  -9.8456402e-02  -1.2742369e-01   3.6489629e-02   2.8359280e-01   1.5174513e-01  -2.3739770e-01  -9.9895294e-02  -1.5717974e-01   1.3457390e-01   2.2677555e-01   1.2185221e-01   6.4645142e-01  -3.2319954e-01   2.1649720e-03  -5.3422745e-02  -7.2844334e-02  -2.5812460e-01  -3.4520798e-02   3.1073580e-02   2.2154255e-01   2.2937620e-01  -5.6548591e-02   6.3787525e-02   2.7169216e-02  -1.5689216e-01   1.0066846e-02   5.2277554e-02  -2.2050480e-02   2.1214951e-01   4.4682894e-02  -7.8631994e-02  -7.9734221e-02  -3.3078637e-01  -2.3720057e-02   4.9208422e-02   2.4168068e-01  -7.8981193e-02   1.9909853e-02  -1.0361893e-01   1.5011037e-01   2.3535958e-01   8.2932103e-02  -1.1301547e-01  -1.4198884e-01  -1.5526441e-01  -8.6845984e-02   8.3866730e-02  -1.5709196e-01  -1.7744596e-01   3.6226613e-01  -1.9813488e-01  -6.2796377e-02  -3.9684380e-03   1.9834653e-02  -1.1020578e-01   2.6965998e-01   4.4193493e-01   4.2048290e-02  -5.9195001e-02  -1.4981955e-01  -2.5418024e-01  -1.6242395e-01  -1.0764312e-02  -4.2330570e-02   2.0038007e-01   1.2869040e-01   3.4527091e-01   1.4534329e-01   4.2684418e-01
  -1.9966170e-01   2.6475641e-01   3.3060509e-01   4.6282359e-02   0.0000000e+00   4.0096811e-02   1.4785607e-01  -1.8429027e-01  -8.5950623e-02   5.5573018e-01  -9.3921461e-02   3.1160191e-01   3.5968974e-01  -2.6588408e-01  -1.9463022e-01   1.1731501e-01   2.3636975e-01   3.3434706e-01  -1.5923756e-01   7.9817492e-01   1.3566056e-01  -1.9580207e-01   7.3048981e-02  -1.5536913e-01  -5.1456602e-02  -2.2672049e-01   4.2868928e-01  -3.2444498e-01   4.5790805e-01   5.8290753e-02   7.1953292e-02   5.0961148e-02  -1.3413324e-01   3.8453881e-01  -5.6707049e-02   7.9530615e-01  -1.4271355e-01  -2.8900816e-01   2.2597731e-01   3.6455751e-01   4.0287633e-01  -1.5509129e-01   4.3026931e-02  -4.3105562e-01   1.8596870e-01  -4.2615948e-01   4.6651529e-01   4.5610090e-02   2.7982365e-01   3.7293197e-01   2.5969409e-01  -5.2879105e-02   2.7714171e-01  -2.7215481e-01  -1.2928309e-01  -8.6089543e-03  -9.2711368e-02   5.0358729e-02   1.2415730e-01  -1.8202712e-01  -2.0150215e-01   4.6017054e-01  -1.7197203e-02  -1.5949586e-01   2.1752692e-01   5.6606215e-01   1.5765521e-02   6.0248514e-02  -1.0171110e-01  -1.2729122e-01   2.0901831e-01   1.9540980e-01   3.6734844e-01  -1.6257075e-01  -8.2122473e-02   9.4889367e-02  -2.1936223e-01   1.9686432e-02   3.9010825e-01   5.8090928e-03  -2.2493413e-01   2.4398175e-01  -4.5828878e-03  -1.5127829e-01  -3.2656862e-01   1.7763043e-02  -2.8839313e-01  -1.7340028e-01   2.8857734e-02  -3.6553300e-01   5.2503690e-01   2.1448091e-02   3.8156088e-01  -5.7758300e-02  -3.2701318e-01   7.0195643e-01   1.6196711e-01  -1.8159551e-01   4.3269543e-01   5.9702733e-02  -2.3335407e-01  -1.0422018e-01  -1.7508718e-01  -5.6427878e-02   3.3947631e-02   2.3267452e-01  -5.9838548e-02  -2.4453893e-02   2.7857000e-01   3.9424791e-01   1.9748568e-01  -2.0523960e-01  -2.4872659e-02  -3.7537188e-01  -1.6066580e-01   4.6919361e-01   1.4310052e-02   2.8666758e-01  -4.4799023e-01   1.5809623e-02  -3.1437973e-01   7.2804551e-01   9.9122227e-02   2.9135913e-01  -4.1639942e-01  -2.4959333e-01   5.6532029e-03   9.4273114e-04   7.3613347e-03  -6.3920236e-02   4.0126256e-01   2.7326156e-02  -2.3583571e-01  -2.7010256e-02  -9.3528293e-02   6.6339195e-03   5.8964789e-02  -1.3532603e-01   5.8052906e-02  -3.3263791e-01  -1.3351907e-01   1.4704343e-01   1.7828588e-01  -2.9589434e-01  -3.3804749e-02  -2.9999455e-04   2.1561051e-01   5.7956664e-01   3.4022924e-01  -4.3392504e-02  -3.5580640e-01  -1.6079523e-01  -1.3559605e-02   1.1874754e-01   2.6380554e-01  -2.6082562e-01  -2.2589473e-01   1.8450343e-01  -3.3375286e-02  -1.5580692e-01   2.6790783e-02   2.3343870e-01   4.6684803e-01   4.6694710e-02   1.5638336e-01   2.1017686e-01   3.3198967e-01  -4.2041456e-01  -8.4548653e-02   3.4426028e-01   3.2066973e-01  -3.2423642e-01   4.2564609e-01  -2.2226321e-01  -3.2055636e-01   5.8997771e-02   5.6140528e-02
  -1.6327929e-01  -1.0557472e-01  -1.5824679e-01   3.2679272e-01   4.0096811e-02   0.0000000e+00  -1.5284101e-02   1.5826316e-01  -4.6877032e-01   9.0903853e-02  -1.1093614e-01  -2.1440211e-01   1.5811594e-01  -3.1323596e-01  -2.5625807e-01   8.0381539e-02  -7.0496588e-02  -1.0764263e-03   5.4377669e-01   1.1556043e-01   5.9005755e-02   6.6998538e-02  -8.2367138e-02  -2.0812250e-01  -1.5099365e-02   3.0872192e-01   2.2599131e-01  -2.7915673e-01   2.0958955e-02  -2.8812042e-01   5.4265949e-02   7.9801699e-02   1.5164838e-01  -1.0706962e-01  -3.0611756e-01   2.2905827e-01   9.3722635e-02   7.4735773e-02   7.6491893e-02   2.6673237e-01   1.1817832e-01   1.4669635e-01  -2.6769789e-01  -2.6827512e-02  -4.8635878e-02  -1.7009188e-01   3.8124110e-01  -9.9842599e-02   3.2747187e-02  -4.0506136e-02   1.8558852e-02   1.5511842e-01  -1.9791942e-01  -4.1923863e-02  -1.7454025e-01  -9.3682963e-02   3.0873686e-01   2.1977931e-01  -3.6972975e-02  -1.5093904e-01  -3.0233110e-02   1.0868538e-01  -4.3946402e-01  -2.3615778e-01  -2.5346570e-01   9.2723180e-02   6.5699433e-01  -8.1098511e-02   4.7284011e-01  -2.1941661e-01  -7.0822819e-02   5.6641197e-02   2.7293431e-02  -3.2712938e-01   1.7918217e-01  -3.1889030e-02  -4.4061484e-02   2.0695572e-01  -1.1711242e-01   1.7016121e-01  -3.4821685e-01   6.6409367e-02  -1.5020727e-01   1.7033456e-01  -1.6748524e-01   8.9718782e-02  -1.9694636e-01  -3.5426783e-01  -2.3184814e-01  -2.8581071e-01  -1.2966251e-01  -1.2574660e-02   3.3374778e-02  -2.7381954e-01   1.0206856e-01   1.2208049e-01   9.8366725e-02   4.1204294e-01   7.1980009e-02  -1.3639910e-01  -1.7693157e-01  -2.7159834e-01  -1.8530640e-01  -5.0086609e-01  -1.7749332e-02   3.1243909e-01  -4.3957216e-02   4.4127892e-01   3.9561667e-02  -1.6241334e-01  -5.6601057e-03   5.6911345e-02   1.5398319e-02  -6.6711615e-02  -2.9863840e-01  -1.0646322e-01   1.5872713e-01   6.9721959e-02  -8.4721086e-02   3.4519654e-01  -1.5834820e-01   9.9183177e-02   8.5010155e-02  -2.5611786e-01  -1.0327604e-01  -1.9322605e-01  -8.0309222e-02   2.0973154e-01   5.7333922e-02  -1.6508406e-01  -1.2011623e-01  -1.1106190e-01  -2.3069471e-01  -1.4814911e-01  -2.4774306e-01   6.7568101e-03   1.3790559e-01  -3.8255281e-02   4.6711379e-02  -6.9633916e-02  -9.4004925e-02  -3.7627439e-02   1.6966641e-02   1.1174820e-01  -2.1894337e-01  -9.2405541e-02  -1.4677825e-01   2.1053061e-01   1.7270108e-01   3.5083174e-02  -4.2191371e-01  -1.3708810e-01  -1.0290340e-01  -8.7866376e-02   5.1185051e-02  -1.3216138e-02   8.2837007e-02  -5.3548611e-03  -1.7617070e-02  -2.1445063e-01  -1.5756857e-02   7.3601294e-02  -1.0788605e-01   1.0500820e-01   3.8090355e-01  -1.6416413e-01  -1.0713416e-01  -2.1019353e-01  -7.8904596e-02   1.0887658e-01  -1.1845791e-01   1.0034423e-01  -1.6015094e-02   2.3720075e-01   1.6685567e-01   1.0574869e-01   1.9389268e-01
  -2.1979050e-01  -8.0203726e-02   2.1359793e-01   1.8140762e-02   1.4785607e-01  -1.5284101e-02   0.0000000e+00  -3.4592818e-01  -1.8246690e-01   3.5474156e-01  -5.8752408e-02   3.5073407e-01   1.4583272e-02  -2.6899684e-01   5.0083547e-01  -7.9511144e-02  -8.3852225e-02   5.1238678e-01  -3.6004311e-01   2.4879707e-01   1.5556757e-01   2.3451288e-02   4.5322842e-01  -3.0684285e-01  -2.0523346e-01  -3.4717534e-01   4.3450027e-01  -2.1087938e-01   2.1254209e-01   1.2118533e-01  -7.5529500e-03   2.8203392e-02  -3.1378745e-01   5.9722014e-01   3.9940250e-01   3.2001071e-01  -4.5068909e-02  -3.2172551e-01  -1.6975141e-01   1.3255334e-01   3.6302037e-02  -2.6268664e-01   4.8981591e-02  -3.8726964e-01   6.2855501e-01  -2.9954140e-01   1.4956928e-01   4.5580594e-01   8.4769466e-02  -1.5703417e-01   6.9606468e-01  -2.7280512e-01  -2.2743922e-01  -4.3660515e-02   2.2900910e-02   1.2328701e-01  -4.9927652e-01  -1.1909978e-02   6.7883489e-02   3.6041080e-01  -1.4976051e-01   5.1515856e-01  -1.0557290e-01  -2.9128684e-01   7.5356420e-02   4.9252920e-01  -3.4720032e-03  -4.8973541e-02  -3.1475404e-01   2.4076226e-01   4.3999024e-02   3.1896736e-01   1.6980064e-01   2.1305175e-01  -2.1533484e-01  -1.3663864e-01  -1.6556937e-01  -8.2377146e-02  -1.8571898e-01  -2.7222229e-01   2.1293630e-01   2.8199634e-01  -2.8908215e-01  -3.0049871e-01  -1.2601139e-01   1.9615655e-01   1.1947050e-01  -2.7105076e-01  -2.0838990e-01  -3.5232880e-01  -2.4935582e-01  -8.0278802e-02   4.0948650e-01   9.8021890e-02  -2.0780987e-01   1.0385197e-01   1.3829300e-01  -4.4497202e-01   1.6478826e-01   5.0000716e-01  -1.1810987e-01   4.2332982e-01  -9.3133232e-02  -1.8390814e-01   5.0151460e-01  -2.3538455e-02   2.9535227e-02  -2.2197142e-01   3.5823457e-01   3.2732631e-01   3.3995089e-01   1.7191987e-01   8.8713486e-02  -3.5522314e-01   2.0577092e-01  -3.1464243e-01  -1.1115507e-01   3.3830249e-02  -1.3595682e-01   1.9953521e-02  -2.2953346e-01   1.1339237e-01  -2.9057018e-02   2.0649641e-01  -4.3878548e-01   1.4224393e-01   6.0216687e-01  -9.1747698e-02   6.3932480e-02  -7.5131317e-03   3.7639446e-01   4.0650630e-01  -1.5432433e-01  -1.5878761e-01  -7.2683760e-02  -2.2970659e-01  -7.7442459e-02  -1.2429306e-01  -7.3764886e-02  -1.6226248e-01  -1.6090095e-01  -7.9632782e-02   3.6842835e-01   1.0583625e-02   5.4031480e-01   6.6164916e-02   5.7579928e-01   2.6565445e-01   3.2697520e-01   7.3382762e-04  -7.2390642e-02  -1.2647070e-01   6.8194867e-02  -1.7539650e-01  -1.1895599e-01  -1.5095067e-01  -2.0460978e-01   5.6897088e-02  -2.5696468e-01  -2.9001483e-02   1.6840072e-02   3.0873274e-01   1.3933622e-01   1.4954703e-01  -6.5596005e-02   4.3550394e-01   2.1499484e-01  -4.5237924e-01  -2.0545167e-03  -4.5054847e-02   1.9432798e-01  -2.2879419e-01   2.8184726e-01  -2.5029786e-01  -2.7165894e-02  -6.2668121e-02  -3.4252360e-02
   1.5546773e-02   9.2049195e-02   4.0695690e-02  -1.2669904e-01  -1.8429027e-01   1.5826316e-01  -3.4592818e-01   0.0000000e+00   3.2808142e-01  -3.1764935e-01   6.5487686e-02  -1.8232916e-01  -1.6181269e-01   1.4445253e-01  -2.3538875e-01  -1.7516536e-01   2.0201434e-01  -2.0833487e-01   3.8944232e-01  -1.8801875e-01  -4.4693256e-01   2.4486694e-01  -5.0795673e-01   1.7318501e-01  -8.5201317e-02   7.1263969e-01  -4.9095121e-02   1.2883152e-01  -2.8671177e-01   6.0637117e-02   1.5766417e-01   3.3723019e-01   4.6943562e-03  -2.8623015e-01  -3.3626050e-01  -2.6276022e-01  -4.9719534e-02   2.4504413e-01  -9.8849954e-02  -1.2236153e-01  -2.1134342e-01  -3.0548088e-02  -6.8896373e-02   6.7569477e-01  -3.9626162e-01   2.9513922e-01  -2.9646615e-02  -1.2525642e-01  -1.2043661e-02  -8.8620795e-02  -3.6293495e-01   7.2887096e-01   5.5441772e-02  -2.1196383e-01  -3.5865186e-01  -9.3604669e-02   3.7018042e-01   1.5353192e-01  -4.0729009e-02  -2.7726659e-01   1.0610268e-01  -3.5059752e-01   2.0759793e-01   3.1306622e-01   1.1460188e-01  -3.9000457e-01   1.5045018e-01   9.3866215e-02   5.0458092e-01  -8.0336927e-02   1.4231460e-02  -8.9716910e-02  -1.8493597e-01  -3.8282924e-01  -1.9697603e-01   2.2532447e-01   3.1821818e-01   3.2726788e-01  -6.1231100e-02  -9.8462401e-02   2.0931276e-01  -2.1022847e-01   2.9915658e-01   7.0216575e-01  -2.3422418e-01   1.4052914e-01  -1.0856846e-01   2.0797161e-01   3.5056031e-02   6.1015033e-02  -7.7759675e-02   2.0770473e-01  -3.8847058e-01  -5.4723577e-02   1.0202323e-01  -1.5544987e-01  -1.6885523e-01   4.5502372e-01  -1.0158133e-01  -5.4327011e-01  -1.8016726e-01   8.4157891e-02   2.9286177e-01   1.5731277e-01   1.9564991e-02   2.5630753e-01  -3.1002536e-01   5.6926995e-01  -1.3173821e-01  -3.3901465e-01  -3.4437958e-01   1.8784153e-01  -2.0235659e-02   1.4547760e-02  -2.3364590e-01   1.1010371e-01   2.5452940e-01  -1.2787035e-01  -1.4081763e-01   2.5536244e-02   3.2985734e-01  -2.0134975e-01   7.6308900e-02  -4.1866711e-02   2.6647235e-01  -1.9024043e-01  -3.3340281e-01  -3.7280417e-01   2.1772044e-01   2.5301267e-02  -1.9227128e-01  -3.2259076e-01  -4.6023092e-02  -9.7228400e-02   7.9967025e-02   5.2165598e-01  -2.2979740e-01   1.0238657e-01   4.8920961e-01  -1.3875013e-01  -1.2347053e-01   1.9095872e-01   1.2553903e-01  -1.5007283e-01  -2.6778772e-01   1.4667437e-01  -2.1792261e-01  -2.7170210e-01  -3.4692663e-01  -1.5300342e-01  -2.2547925e-01   3.4747685e-01  -1.1434694e-01   1.0810045e-01   3.1159761e-02  -5.7507498e-03   1.4687941e-01  -2.8009797e-01   2.1451091e-01   4.6674689e-01   9.0000282e-02   1.0071317e-01  -3.6520447e-01   2.6673138e-01   1.9193227e-01  -4.7916490e-01  -2.6998671e-02   3.2096935e-01  -1.0347778e-01  -1.2846697e-02  -4.7131056e-01   2.3795438e-01  -6.6995499e-02   9.3201124e-03  -2.5711444e-01  -1.1761116e-01   4.2907447e-02
  -2.4693403e-01   3.3197951e-01   3.4341616e-01  -8.1776744e-02  -8.5950623e-02  -4.6877032e-01  -1.8246690e-01   3.2808142e-01   0.0000000e+00  -2.6987389e-01   1.8359725e-01   2.2558684e-01  -1.4833459e-01   1.7047291e-01   9.3061185e-02  -1.2040434e-01   3.7397217e-01  -9.0959180e-03  -7.0163544e-02  -1.8087001e-01  -3.0530799e-01   3.5665629e-01  -3.0655086e-01   6.5514101e-02  -1.9605743e-01   1.5463659e-01  -5.5332868e-02   1.7605140e-01  -1.7417138e-01   5.7196547e-01   5.8504380e-02   3.7143212e-01  -1.5357308e-01  -2.4115447e-01   3.5759790e-02  -3.0251620e-01  -1.2505979e-01  -4.6442748e-02  -4.7067737e-02   3.4214238e-02  -8.0288711e-02  -2.3986619e-01   1.8540137e-01   3.4505669e-01  -1.7412394e-01   1.1120542e-01  -3.2711726e-01   1.3628935e-01  -1.2731655e-01   2.0389387e-01  -2.5368500e-01   3.9593591e-01   2.6361428e-01  -2.2838058e-01  -1.5453968e-01   6.9524922e-02   4.3852827e-02   2.7242557e-01   1.4525131e-01   3.0495387e-01   1.8103489e-02  -2.4211061e-01   6.2443173e-01   4.3705627e-01   2.9074883e-01  -3.3901027e-01  -1.5079298e-01   2.0929624e-01  -5.1886256e-02   1.3633859e-01   2.8236252e-01   1.6902000e-01  -1.2086586e-01   8.3686566e-02  -3.1787627e-01   4.5247251e-01   3.4702013e-02   3.8048478e-02   8.4883350e-02  -2.3247959e-01   2.7254920e-01  -1.8753743e-01   3.3530144e-01   1.0449005e-01  -6.2029895e-03   1.5796968e-01   1.5706740e-01   1.6450275e-01   5.1192057e-01   4.6344816e-02   7.1816752e-02   1.9436235e-01  -3.7403391e-01   4.7646695e-01  -1.8842901e-01  -1.7508832e-01  -5.8439551e-02   2.8529473e-03   1.1020474e-01  -3.7305651e-01   2.2139426e-01  -2.9455359e-02   4.6301245e-01   7.7725755e-01   9.6264732e-02   2.1317353e-01  -2.4938783e-01   2.2315603e-02  -2.0664078e-01  -1.4843126e-01  -1.4330520e-01   2.0264424e-01   2.2485455e-01  -1.9631572e-01   6.1139878e-02   1.5352135e-01   1.0419258e-01  -1.1673596e-01  -6.4603897e-03   8.1642439e-02   2.2239950e-02  -1.9620295e-01  -3.3664318e-02   2.5458101e-01   8.2597688e-02   2.0473645e-02  -1.7922247e-01  -4.4153607e-01   4.8586732e-01   2.8493591e-01   9.1903261e-02  -1.8430677e-01   1.1500700e-01   5.6791944e-02   5.4903134e-01   4.5992387e-01  -3.3305227e-01   2.2805964e-01   4.0549560e-01  -1.4981875e-01  -2.8237803e-01   1.4773069e-01   9.3991202e-02  -1.1671288e-01   6.2661707e-02   2.4550300e-01   5.5749597e-02  -2.0123786e-01  -4.2633509e-01  -1.4296888e-01   1.3463237e-01   2.7180273e-01  -1.3414311e-01   2.7903123e-01   2.4189345e-01  -1.1114573e-01  -1.6284687e-01   3.4712848e-02  -3.5855979e-03   4.5157548e-01   1.8507439e-01   6.5428802e-02  -4.7714178e-02   2.6274914e-01   6.0411426e-02  -2.0234911e-01   1.2843765e-01   2.7923426e-01  -1.3618853e-01  -1.0950475e-01  -2.8503498e-01  -7.3389245e-02   1.7984224e-01  -4.6724717e-03  -2.6591093e-01  -2.1383863e-01   1.9229557e-01
  -1.4048782e-01   7.1417818e-02   4.1438430e-01   1.0060803e-01   5.5573018e-01   9.0903853e-02   3.5474156e-01  -3.1764935e-01  -2.6987389e-01   0.0000000e+00   1.5021155e-01   2.8878877e-01   2.6087295e-01  -3.1702219e-01  -2.3835037e-01   2.3347843e-01   1.9595791e-01   1.6282275e-01  -2.8581799e-01   6.1850980e-01   2.0337224e-01  -2.2438373e-01   4.0741611e-01  -1.4447677e-01  -1.6693672e-02  -4.2383742e-01   3.8711128e-01  -3.8003381e-01   4.2284361e-01  -1.2184195e-01  -8.7631343e-02  -1.3432865e-01   4.5335208e-02   6.1333792e-01   1.0759828e-01   6.4803753e-01  -2.2936563e-02  -2.9108072e-01   2.6872714e-01   3.9523778e-01   3.6671310e-01   3.8806322e-02   8.6224076e-02  -5.1861457e-01   3.0489690e-01  -3.6892377e-01   4.0096485e-01   1.1614315e-01   1.1222543e-01   1.7284610e-01   3.0050703e-01  -3.0028885e-01   1.3562691e-01  -5.0573910e-02  -2.1094357e-01   1.2551427e-01  -2.8265427e-01   8.7231449e-03   1.1999864e-01  -1.1642761e-01  -4.3341433e-02   4.6223621e-01  -2.2354850e-01  -1.3881791e-01   9.4318996e-03   7.4649868e-01   7.9900512e-02  -1.4227249e-01  -1.6619113e-01   1.5989849e-01   1.4225768e-01   4.7350526e-02   2.6036849e-01  -1.7588204e-01   1.9554268e-01  -2.3114241e-01  -1.4210691e-01  -2.9993440e-01   1.6335361e-01   3.8596715e-02  -3.3594444e-01   2.6747106e-01  -2.1397052e-01  -3.8142678e-01  -3.1347919e-01  -1.5987994e-01  -3.7108069e-01  -3.8807593e-01  -7.7876592e-02  -4.0881034e-01   3.8408857e-01   9.6850094e-02   4.4857190e-01  -1.7342936e-01  -2.4996424e-01   4.9981623e-01   1.2663762e-01  -2.6910537e-01   2.9230486e-01   3.8463581e-01  -1.7288665e-01   1.1934915e-01  -5.0102149e-01  -2.0961164e-01   1.8758294e-02   4.1726660e-02   4.3978587e-02  -1.6664582e-01   3.6907400e-01   5.3375129e-01   4.1269695e-01  -2.5338834e-01  -2.2405643e-01  -2.3059227e-01  -4.8460962e-02   1.1090694e-01  -1.1495275e-01   2.2337280e-01  -4.1103369e-01  -3.1886721e-02  -2.9171976e-01   5.5146830e-01   2.2511848e-01   2.0119204e-01  -3.1906306e-01  -1.0858842e-01   1.3374077e-01   2.3568914e-01  -2.0972837e-01   4.6946455e-02   2.5462158e-01   2.2151542e-01  -2.7508933e-01  -1.1507865e-02  -3.1295012e-01  -3.7954007e-01   2.2111157e-01  -8.2486003e-02  -3.2423937e-01  -9.7963213e-02  -5.7474652e-02  -1.4428182e-01   9.1350394e-02  -1.9809143e-01  -5.4532181e-02  -2.8345342e-01   4.1775174e-01   4.5405901e-01   6.4841594e-01   3.1330298e-02  -2.4210132e-01  -4.1592823e-01  -6.3906466e-02   1.8678947e-01   1.0239246e-01  -5.2754208e-02  -2.3944701e-01   2.1219721e-01  -1.9430242e-01  -3.7321891e-01  -1.2297167e-01   1.7484141e-01   5.7777777e-01  -1.4838174e-01   1.1711846e-01   3.7879211e-01   4.4612859e-01  -5.4895851e-01  -1.3031116e-01   2.4494749e-01   4.5493019e-01  -3.4367622e-01   2.1411218e-01  -3.4840288e-01   1.3476720e-02   1.2453128e-01  -5.8205310e-03
  -2.3315116e-01   1.1289088e-01   1.2402967e-01   5.8917006e-02  -9.3921461e-02  -1.1093614e-01  -5.8752408e-02   6.5487686e-02   1.8359725e-01   1.5021155e-01   0.0000000e+00   7.7224434e-03  -9.6647936e-02  -7.4643433e-02   1.3093928e-01   2.6697069e-01   1.1847915e-01  -7.6052999e-02  -1.0070101e-01  -1.7274304e-02   1.0680942e-01   2.9437234e-01   1.3076398e-01  -8.0087951e-02   1.8354708e-01  -7.5991306e-02  -9.7296119e-02   9.4486326e-02  -2.0372489e-01   1.8264175e-02   2.2186596e-01   5.5761927e-03   4.3783199e-01   6.3014135e-03   2.9185231e-01   1.0115279e-01   4.1100039e-02  -2.1380956e-01   3.0177943e-01   1.5362863e-02   3.8628513e-02   3.3554399e-01   1.5116042e-01   2.5171282e-01   1.0068843e-01  -9.1026525e-02   1.2048756e-01   1.4281647e-01   8.9354069e-02   3.5485237e-02   2.2091861e-02   1.2545520e-01   1.4948753e-01   2.5638313e-01  -1.2857465e-01  -2.9629681e-02   2.3427359e-01   3.4038552e-01   9.6271247e-02   1.4195209e-01   1.6027094e-02  -1.4921384e-02  -9.0668959e-02   3.8311204e-01   8.3740888e-02   6.7666192e-02  -7.7125775e-02  -9.0655948e-02   3.0696840e-01  -9.9196405e-02   1.9466813e-01  -4.6260658e-02  -2.7857305e-01  -1.2639810e-01   2.6851171e-01  -4.8825714e-02   8.0713517e-03  -3.3738080e-01   1.2496050e-01   3.7319367e-02   1.0797435e-01  -2.9185127e-01   1.2142443e-01  -1.3262902e-01  -1.7459789e-04  -1.9129993e-02   1.6350466e-01  -1.2538456e-01   1.0998512e-01  -1.1891543e-01   1.0456244e-01   1.7875045e-01  -3.3258221e-01   2.4523013e-02  -2.3499384e-01  -2.8739304e-02   1.6555479e-02   1.2219278e-01  -2.1432757e-02   3.0953091e-02   1.5408794e-01   1.8876464e-01   6.5537142e-02   2.7256843e-01   1.0281049e-01  -1.0847492e-01   6.6010335e-02  -2.8324637e-03  -1.9585700e-01  -8.7676603e-03  -4.4857238e-02   1.1769908e-01  -1.9091947e-01  -1.3957664e-01  -1.6050691e-01   1.2117981e-02  -9.3479456e-02  -1.9924818e-01  -1.0520371e-01   3.8822495e-02  -1.2057944e-01  -1.3502583e-01   2.4413831e-01   2.3686205e-01  -5.1030573e-02   9.9792222e-02   9.1418476e-02   3.4300611e-01   1.9024578e-02   1.4416558e-01  -1.7628069e-01   1.9385580e-01   1.0085396e-01   2.6189839e-01   3.3110163e-02  -4.1897344e-02   2.9654316e-01   2.3817686e-01  -9.9941251e-02   4.4385277e-02  -2.7311337e-01  -7.7924237e-02  -9.2808438e-02  -6.3287889e-02   1.7632048e-01   2.3006180e-02   2.6374352e-02  -3.1485949e-02   5.1675862e-02   2.1112238e-01  -9.5435810e-02   6.0465000e-02  -1.5428074e-01   4.5476338e-01   7.9159650e-02   7.8789423e-03  -3.0883730e-01   1.1111640e-01   1.5429886e-02   2.7303690e-01  -2.3103444e-02  -1.5185818e-01   2.8017748e-01  -3.5448790e-02   6.5655308e-02  -4.1438430e-02   2.8436918e-01  -1.1324294e-01  -2.5942886e-01   8.0397879e-02   1.3357286e-02  -2.2719666e-01   3.5399232e-02  -1.2036817e-01   3.0323064e-01   2.0141552e-01   1.1349960e-01
  -3.6534995e-01   6.4338710e-01   6.7512068e-01  -6.1048703e-02   3.1160191e-01  -2.1440211e-01   3.5073407e-01  -1.8232916e-01   2.2558684e-01   2.8878877e-01   7.7224434e-03   0.0000000e+00   7.8026326e-02  -9.4189180e-02   6.9553782e-02  -1.4288583e-02   4.4907012e-01   2.7940387e-01  -1.4191778e-01   4.3619569e-01  -2.7672186e-01   4.1722305e-02  -1.9326294e-01  -1.6293714e-01  -1.7422573e-02  -2.1159496e-01   3.5988483e-01  -3.8923331e-01   1.3917914e-01   5.0298237e-01  -1.6396653e-01   2.2056598e-01  -2.4420034e-01   3.9354621e-01   4.6706096e-01   8.5387711e-02  -3.7448725e-01  -3.6303880e-01  -4.1080433e-02   4.2548572e-01   2.3212390e-01  -3.5080229e-01   6.7454736e-01  -2.5524974e-01   1.7866780e-01  -2.2750200e-01  -1.5113315e-02   3.2304661e-01   5.0113915e-02   5.1978129e-01   9.1129200e-02  -2.7671115e-02   1.5215281e-01  -1.6936320e-01  -2.2459087e-01   8.0027707e-03  -1.7766300e-01   1.9629580e-01  -1.6448580e-02   4.7350153e-01  -3.3787959e-01   3.6786450e-01   4.4071276e-01  -5.2226347e-02   1.9825545e-01   1.3434999e-01  -1.1372808e-01   2.1029528e-01  -3.3079775e-01   9.8421237e-02   4.6842437e-01   2.6537751e-01   2.4225391e-01   2.4021753e-01  -2.0187969e-01   2.0342660e-01  -2.6094464e-01  -1.7415051e-01   2.5634432e-01  -2.2315272e-01  -9.8093470e-02   1.0620100e-01   7.0626730e-02  -2.1271987e-01  -3.7210292e-02   1.6219202e-01  -7.6192601e-02  -2.5238098e-01   3.5410168e-01  -3.1062224e-01   3.8513098e-01   3.6354402e-01   3.4075340e-01   4.7720808e-01  -3.4745974e-01   3.9472307e-01   3.6801228e-02  -1.5515664e-01   3.4255679e-01  -1.3652958e-01   3.0761764e-02   2.2107354e-02   1.0668849e-03   4.5545310e-01   4.8062107e-02   1.9052038e-01  -1.2132405e-01  -6.6035802e-02  -1.0497417e-01   9.4162710e-02   3.4229564e-01   6.7073230e-02   1.5456773e-01  -3.6093966e-01  -1.4205610e-01   4.0519667e-01   9.5813382e-02   1.5372513e-01  -1.5720040e-01   3.4390655e-02  -1.5763405e-01   4.7499504e-01   1.2217259e-01   2.6366797e-01  -3.4294897e-01   1.3291585e-01   1.7460305e-01  -1.8756348e-01   1.9957207e-01   3.5661892e-01   3.3880862e-01  -5.0512411e-02   2.5681909e-02  -2.6321493e-01   3.7918072e-01   1.0451385e-01  -2.6732890e-01  -9.5492813e-02   1.5741320e-01  -1.6628550e-01  -2.2200855e-01   1.5382078e-01   3.7427647e-01  -7.7026111e-02   2.4602820e-01   2.6563459e-02   5.6045109e-01   1.4537516e-01  -8.3167601e-02  -3.2780354e-01  -2.1272170e-01  -1.0891949e-01  -1.2910244e-01   2.0416149e-01   6.0353160e-01  -1.6253809e-01  -2.4894828e-01   1.4427535e-01  -2.4914144e-02   9.3253700e-02   1.2407323e-01   2.3751128e-01  -1.6920861e-02   1.4413799e-01   1.3782092e-01   3.6830792e-01   4.9611352e-01  -3.8828006e-01  -7.6892514e-02   9.1015996e-02   4.4118607e-01  -2.5089974e-01   4.1320944e-01  -2.2414542e-02  -5.9580144e-02  -2.2924797e-01   1.6969767e-01
  -1.1610535e-01   4.2580112e-02   8.6221112e-02   1.2452154e-01   3.5968974e-01   1.5811594e-01   1.4583272e-02  -1.6181269e-01  -1.4833459e-01   2.6087295e-01  -9.6647936e-02   7.8026326e-02   0.0000000e+00  -2.2699974e-01  -9.0288272e-02   1.7926614e-01   7.1150180e-02   1.3350586e-01  -2.4084415e-03   3.0450558e-01   5.9800011e-02  -1.1245716e-01  -3.9978652e-02  -2.6963830e-01  -6.8069821e-02  -2.6345102e-01   4.2123168e-02  -2.2045920e-01   1.6296804e-01  -8.3980774e-02   3.3265146e-02  -9.9592406e-02  -1.0164538e-01   1.6737235e-03  -1.5416190e-01   3.6321727e-01   3.6417227e-02  -2.8267938e-01   2.6100232e-01   6.1044245e-02   6.8963645e-01  -3.9785378e-02  -8.2676964e-02  -2.4313885e-01   1.6406783e-01  -6.5859453e-02   2.7523533e-01  -1.9989378e-01   2.7646754e-01  -6.3772730e-03   1.2070162e-01  -2.0900631e-01   1.4714198e-01   4.3268595e-02  -2.0966061e-02  -1.3838611e-01  -1.0541076e-01  -4.3277347e-02   6.3822387e-02  -9.9593530e-02  -8.3423575e-03   2.0093409e-01  -2.4433180e-03   1.8734040e-02   8.2540492e-02   2.9564298e-01   3.2435357e-02   6.6776629e-02  -3.5288159e-02  -6.6070772e-03  -6.1597541e-02   4.9671746e-02   4.7456381e-01   5.7113100e-03  -1.6733680e-01  -1.5403969e-01  -2.8386323e-02   1.0318899e-01   2.5737239e-02   1.8007767e-01  -3.3991024e-01   4.6365545e-01   1.2828968e-02  -9.1675384e-02  -9.9286776e-02  -1.2828784e-01  -1.8961035e-01  -3.0105396e-01  -1.3339629e-02  -2.3970330e-01   2.1633905e-01   2.6033925e-01   2.1266591e-01  -2.0221758e-01  -1.1216074e-01   1.9269743e-01   1.4269711e-01  -1.6450144e-01   1.8590619e-01   4.7165596e-02  -2.3515881e-01  -4.1706814e-02  -2.1677339e-01  -1.1928774e-01  -8.3958990e-02   2.4016906e-02   8.1613903e-02  -4.4948075e-02   1.4774197e-01   1.3740598e-01  -1.0160885e-01  -1.7297698e-01   6.1881044e-02  -1.4435378e-01  -3.9694061e-01   7.2401830e-02  -9.1985393e-02   5.7479615e-01  -1.8366771e-01   1.0798989e-01  -2.5640267e-01   2.2798399e-01  -4.5583078e-02  -4.4307473e-02  -1.7360256e-01  -2.5039201e-01   2.6324761e-02   9.9644285e-02  -7.1402794e-02   2.9336738e-02   4.5286424e-01   6.5747225e-04  -2.1182311e-01   4.6474258e-02  -1.6888780e-01  -9.7250630e-02   1.7164538e-01  -2.6418855e-01  -1.5120754e-01  -1.1687672e-01  -1.5418567e-01   4.4512812e-01  -9.4814778e-03  -8.0444343e-02  -6.1242120e-02  -2.0665733e-01  -1.3860309e-01   3.0946551e-01   1.9478163e-01  -4.2773916e-02  -2.4875180e-01  -2.9523709e-01   9.7027392e-02   6.9422699e-02   4.1930942e-02  -2.0153681e-01  -1.3368449e-01   2.3467434e-01   1.2515781e-01  -2.4741409e-01   4.4613942e-02  -4.8931232e-02   1.8936157e-01  -1.3833440e-01  -4.4657467e-02   1.0942178e-01  -2.9529280e-02  -1.1960429e-01   8.9391873e-03   1.2658879e-01   3.0559787e-02  -2.6822013e-01   7.8488525e-02  -1.0642178e-01  -2.5452837e-01   1.2695723e-01  -1.0308816e-01
   6.5463193e-01   1.1981689e-01  -1.9070706e-01  -2.8792187e-01  -2.6588408e-01  -3.1323596e-01  -2.6899684e-01   1.4445253e-01   1.7047291e-01  -3.1702219e-01  -7.4643433e-02  -9.4189180e-02  -2.2699974e-01   0.0000000e+00  -1.3284512e-01  -4.6067733e-01  -2.6661978e-02  -1.1717899e-01  -3.0236508e-01  -2.9119455e-01   9.7023204e-02   5.8998011e-02  -2.4294874e-01   7.7583852e-01   4.6072325e-02   2.7995204e-01  -2.2045934e-01   2.5023547e-01  -1.7680721e-01   2.7122084e-01   2.1967993e-01   2.1361236e-03  -1.1535293e-01  -1.3039522e-01   2.3138710e-01  -2.9363502e-01   7.4725007e-03   3.0599389e-01  -4.2368240e-01  -4.5529530e-01  -2.7706969e-01  -9.1261056e-02   5.2343503e-02   3.7373396e-01  -4.5611972e-01   2.9177461e-01  -4.4345609e-01   2.4987322e-01   3.3626947e-02   3.8824770e-03  -3.1808172e-01   2.6784844e-01  -6.4660240e-03   2.0110146e-01   4.4851282e-01   3.3724193e-01   2.8826753e-02  -1.2107503e-01  -1.6118042e-01  -6.9528301e-02   1.1743827e-01  -3.0319909e-01   1.9040581e-01   8.9482924e-02   9.2355122e-02  -3.5937640e-01  -4.1634946e-01  -2.1088929e-01  -2.5441900e-02  -1.0356484e-01   6.8948156e-02  -1.4638750e-01  -5.7054850e-02   2.9264408e-01   9.3868009e-02   2.6667641e-01   1.0652526e-01   2.2925076e-01  -5.0913895e-02  -2.5197447e-01   3.2837192e-01  -3.3373077e-01  -3.6880572e-02   2.3381875e-01   2.3613277e-01   3.4188390e-01   2.5061025e-01   7.7612165e-01   3.6471138e-02   5.4169042e-01   5.2039700e-02  -1.9760092e-01  -2.0106382e-01   1.0822168e-01   1.3284364e-01  -4.5906364e-02  -4.1314926e-01   1.4060313e-01  -3.7706959e-01  -3.3238261e-01   1.2138927e-01  -6.8213990e-02   3.9688197e-01   2.0441203e-01   3.4929496e-02  -1.1648834e-01   1.1180352e-01   1.1389931e-01  -2.2876400e-01  -1.0041055e-01  -6.1331024e-02   1.0649377e-01  -1.4425444e-01   4.5433560e-01   2.3922182e-02   8.0271819e-02   3.2607051e-01  -1.1539629e-01   1.8429436e-01  -2.3853440e-01   5.5502896e-01  -2.3249972e-01   4.7553354e-03   1.4639139e-01   3.4896243e-01   5.9868596e-01  -7.7325913e-02  -1.8090848e-01  -1.0291525e-01  -7.8229066e-02  -2.1428549e-01  -1.8590790e-01   7.3999728e-01   2.2939196e-02   9.9852652e-02   2.8318574e-01  -2.5456957e-01   1.2454805e-01   3.2821091e-01   8.3252345e-02   4.9273645e-01   2.8171090e-02   1.3444708e-01  -3.6829576e-01   2.4826224e-02   4.2829787e-01  -1.9476063e-01  -2.1877065e-01  -1.5158880e-01   2.7847353e-03   3.0006561e-01   4.8150283e-01   3.7216025e-01   3.0178738e-02  -2.4168647e-01   4.3121390e-01   3.1263938e-01  -3.4835023e-01   1.0978885e-01   3.1652639e-01  -2.9718572e-01   1.7374209e-01  -1.9177128e-01   1.6847556e-01  -1.1166467e-01  -3.7216547e-01  -3.2538503e-02   3.8833523e-01   4.8960014e-01   3.7027100e-02  -1.6742713e-01   2.7507498e-01   5.1801088e-02   2.8265044e-02   1.4254282e-01   8.3426292e-04   1.5974848e-01
