   0.0000000e+00  -8.1299958e-02  -2.3805011e-02   1.7213953e-01  -2.4190209e-01  -1.5627855e-01  -1.9906483e-01   3.9983846e-01   6.1276687e-01  -3.2298887e-01   1.3750756e-01   7.8425193e-02   9.1176194e-02   1.6431032e-01  -1.3331417e-02  -1.6395207e-01  -3.4195440e-02   1.6355822e-01   3.0600287e-02  -1.4410579e-01  -1.1688269e-01   9.5027538e-02  -2.1246558e-01   7.0535492e-01  -1.2189113e-01   2.9701405e-01  -2.0088446e-01   1.2645061e-01  -2.2962436e-01   1.2186673e-01  -1.1263896e-01   1.3111906e-01   2.7956603e-01  -3.8850196e-01  -2.7768074e-02  -1.1020797e-01   1.0603116e-01   2.9514682e-01  -2.4142382e-01  -1.7282258e-01   2.9016158e-02   2.1123431e-01   3.5813807e-01   1.8244136e-01  -9.6511073e-02   4.6550918e-01   1.0540299e-01  -2.2719254e-01  -2.0838269e-01  -1.0274261e-01  -6.1343223e-02   3.3808846e-01  -2.9326459e-01   1.6598782e-01   1.7098821e-01   7.4637034e-02   1.4579939e-01   1.3953506e-01  -3.5368616e-02   3.8255275e-01   4.8784363e-01   2.0112023e-01   5.9242712e-02   5.2725452e-02  -4.7651693e-02  -1.0099651e-02   7.0717508e-05  -2.2108027e-02   2.6898130e-01   4.0059742e-01  -5.0158872e-02   2.2457675e-01  -1.0967097e-01   4.5425098e-01  -1.3989158e-01   1.1309553e-01   5.0702886e-01  -1.7610327e-01  -1.9777866e-01  -1.2379774e-01  -1.1258483e-01   3.2595130e-02  -1.9711591e-01   2.9917176e-01   2.1741367e-01  -4.9430719e-02  -1.1425737e-02   1.1160251e-01  -1.5778504e-01   7.2851625e-01   2.8816849e-02   4.8151101e-01  -2.5723246e-01   2.1278553e-01   5.6789361e-01  -2.3730590e-01  -1.0672656e-01   8.3679089e-02  -7.7267528e-02  -3.2289825e-01   3.5104551e-01   1.9606150e-01   1.3968011e-02   4.0753888e-01   1.2513294e-01   1.8469394e-01   6.6571900e-02   4.5410983e-01  -1.8261417e-01  -2.9256606e-01  -1.3611673e-01  -5.5516457e-02   8.6573609e-02   8.4483932e-01   3.8148238e-02  -6.6685860e-02  -1.0534038e-01  -3.2789773e-01   7.8291706e-02   1.0461788e-01   6.7252317e-01  -9.0575631e-02  -1.0297191e-01  -1.1527097e-01   6.8201448e-01  -5.4762792e-02  -7.0936784e-02  -1.3182573e-01   2.5635532e-01   1.3256528e-01  -4.0392283e-01  -8.2631348e-02   4.9466818e-01  -2.3893113e-01   4.0596280e-01   1.1592245e-01  -3.3349840e-02  -2.1528352e-01   1.7910568e-01   6.6584024e-01   4.5669349e-01   1.3419771e-01  -1.0720094e-01  -1.9398820e-01   5.6489520e-02   1.2055885e-01  -2.6824360e-01  -1.1922658e-02  -2.2193107e-01  -2.7339232e-01   2.0255215e-01   4.6896029e-02   5.7366349e-01  -5.5046574e-02  -1.8408212e-01   5.7542662e-01   7.2480837e-01   6.7665984e-02   4.5315979e-01   1.5228792e-01  -3.6071036e-02  -1.5804975e-01  -2.0445584e-01   1.7106656e-01   1.7914480e-01  -1.8041630e-01   9.9974808e-03   5.5920186e-01   3.9225959e-01  -2.9332533e-01  -1.2446029e-01   4.8938270e-01   1.3338447e-01  -5.1732472e-02  -1.4630297e-01  -2.8487158e-01   2.7375786e-01
  -8.1299958e-02   0.0000000e+00   3.6079326e-01  -1.4990597e-01   4.4585535e-01   2.4132692e-01   1.5533496e-01  -2.9790647e-01  -3.6427853e-02  -1.3003045e-01  -5.5239958e-01   6.4195575e-01  -4.0067488e-02   1.3403701e-01  -5.4126466e-01  -6.7868936e-02   3.8212059e-01  -4.2448073e-01  -1.8959614e-01   1.9109223e-01  -3.2325083e-01  -3.4919400e-01  -1.3257968e-01  -9.2937261e-02  -1.5025638e-01  -2.5961929e-01   4.1903271e-01  -7.5138893e-02   4.3509017e-01  -2.9011106e-01  -2.9273090e-01  -2.0859787e-01   1.3847376e-01   3.6775926e-01   4.5876737e-01  -4.2538966e-01   2.5457801e-01   7.7128894e-02  -1.8041165e-02   6.3046424e-01  -3.3967198e-02   2.2888983e-01  -7.2863176e-02  -3.4328101e-01  -3.6360018e-01  -2.3315870e-01  -5.3096149e-01   2.4279303e-01  -1.2424775e-01   4.3077140e-01  -3.9144450e-01  -2.2020274e-01   5.9241110e-01  -9.8638421e-02  -5.9518207e-02  -4.5854989e-01  -3.1803650e-01  -3.8364306e-01  -8.2473732e-02   3.8398821e-03  -1.8655374e-01  -2.8406243e-01  -7.5033985e-02  -1.1204833e-01   1.6629244e-01  -2.3982428e-01   6.4874168e-02   3.0997995e-02  -3.2961767e-01  -3.5092561e-01   6.6098199e-01  -5.0367355e-01  -4.9947114e-02  -1.1802713e-01  -6.1104535e-02  -2.6387936e-01  -2.2537609e-01  -1.9691172e-01   5.9289168e-01  -1.6310462e-01  -6.0871363e-02  -9.7662719e-02  -8.2446527e-02  -3.5203437e-01   7.6664149e-02  -2.0943283e-01   6.4310126e-01  -1.1263487e-01   1.2153486e-01  -1.4625561e-01   5.8831894e-01  -1.9206788e-01   5.3998870e-01  -1.9052318e-01   2.8656752e-02   3.6719924e-01  -1.2896364e-01  -1.2271686e-01  -2.8049978e-01  -1.6275293e-01   3.5091097e-02  -5.0009086e-01  -4.4051939e-01  -9.7439069e-03  -4.8434336e-01  -2.1722242e-01   2.4238440e-02  -1.7208643e-01   4.6776516e-03   5.4692925e-01  -2.0762454e-01  -5.5228988e-01  -2.0962083e-01  -1.0300840e-01   3.8180921e-02   5.7774719e-01  -3.2192831e-01   9.7084795e-02  -1.4646322e-01  -2.1660891e-01  -1.7789389e-01   5.2153443e-01   1.6724174e-01  -2.3262810e-01  -1.7998521e-01   3.0328822e-01  -2.2523541e-01   4.9992510e-02  -2.7410940e-01  -8.1850523e-02   8.8059814e-03  -3.4151588e-01   5.2001568e-01  -3.2298749e-02  -1.4892750e-01  -3.8394665e-01   5.6906076e-02   1.0038740e-01  -3.2780613e-01   1.2371396e-03  -1.1612882e-01  -2.9928469e-02  -4.2583444e-01  -1.1590279e-01  -4.0838736e-01  -4.0340879e-01   5.2980574e-01  -5.5803125e-02   2.2998156e-01   3.5521289e-01  -2.8195824e-01  -3.8867355e-01  -1.9408437e-01  -1.8128378e-01   6.4869092e-01   7.5651207e-02  -2.0769451e-01  -4.5596449e-02  -1.1015004e-01  -2.9454202e-01  -1.1379216e-01  -3.8549919e-01   2.7779818e-01  -4.7392779e-01  -2.4785183e-01   3.4919822e-01  -2.4838693e-01  -2.0562228e-01  -7.6032172e-02   3.5069178e-01   6.5209436e-01  -6.6144463e-04  -4.1969440e-01   1.5451209e-01  -1.3692039e-02   9.4390495e-03  -9.6389049e-02
  -2.3805011e-02   3.6079326e-01   0.0000000e+00   5.5094265e-03   2.6263826e-01   4.3376230e-01  -7.8299974e-02  -2.0359623e-01  -5.1004036e-02   1.8043720e-01  -2.1274509e-01   5.9609064e-01  -4.7996492e-02   4.0386093e-02  -2.4092269e-01   1.7469114e-01   8.2982336e-01  -9.7377483e-03   9.5274498e-02   3.7655628e-01  -4.1113534e-01  -2.4870265e-01   7.5430103e-02  -2.9105789e-02   1.1963757e-01  -7.4297239e-02   4.6232776e-01   1.1600804e-01   3.3312133e-01  -3.6762240e-01  -5.3381666e-02   1.3229528e-01   3.2363634e-01   2.6443695e-01  -5.9534659e-03  -4.2782103e-02  -8.5793742e-03   1.3151304e-01   1.3215016e-01   6.2361781e-01   4.7824489e-02   3.7459555e-01  -3.1331166e-01  -9.9661460e-02  -1.6731123e-01   1.4080616e-01  -2.2604756e-02   9.2957613e-03  -8.9433641e-02   7.2154961e-01  -1.8881730e-01  -6.7968783e-02   4.9606681e-02   1.5027398e-01   9.0482007e-02  -9.2537920e-02  -5.0252004e-02  -2.1012976e-01   1.1362744e-01  -9.7386614e-02   1.6982534e-01   9.1888853e-02  -6.7471664e-03  -2.9696188e-01  -1.1900207e-01  -2.5013222e-01   2.5119870e-01   1.5888640e-01  -1.0460786e-01   9.0646096e-02   2.9220114e-01  -3.8956262e-01   9.8039086e-02   1.0735302e-01   1.3519271e-01   1.2457065e-01   4.8676666e-02   1.7504518e-01   2.3865185e-01   6.4883302e-02   8.6721229e-02  -4.3066419e-02   9.6846060e-02  -2.0425218e-01   1.8662668e-01   6.6654162e-02   2.5779940e-02   9.9246764e-02   1.4466773e-01   7.1225034e-02   1.1341898e-01   2.0227758e-01   4.1035043e-01  -1.8458339e-01   1.1750022e-02   2.6384225e-01   1.6211865e-01   1.0934889e-01   5.8261003e-02   6.9622380e-02   2.1998000e-01  -3.6702901e-01  -1.7387581e-01   1.0967123e-01  -1.7138767e-01  -2.5623971e-02   4.0119961e-01  -1.7592767e-02  -1.1000425e-01   2.7249564e-02   1.9337898e-01  -3.4394362e-01  -1.0131149e-01   3.3404573e-02   7.8407684e-02   9.9023900e-02   2.3515595e-02   2.2264982e-01   2.4879977e-01  -2.3271139e-02  -4.4151763e-02   1.5829867e-01   1.2418893e-01  -8.9870192e-02  -7.7830384e-02   1.6548115e-01  -3.3916049e-03   3.5457806e-01  -2.0014118e-01   3.5185852e-01   1.2997280e-01  -1.6844654e-01   2.4436962e-01   4.4966316e-02  -1.2000704e-01  -2.5245089e-02   1.7896134e-01   1.6525608e-01  -3.0548294e-02   4.2320729e-02   8.5899240e-02  -2.4416570e-02  -7.6206408e-02   2.6116462e-01   4.5477539e-02  -1.1377474e-01   4.9731679e-01   7.3675444e-02   1.3665908e-01   7.1577274e-02   1.3284605e-01  -2.1789124e-01   8.5180804e-02  -9.3312210e-02   6.2486195e-01   1.4974520e-01  -7.5530662e-02   1.0382514e-02   3.0509663e-01  -1.1467218e-01   1.2986200e-01  -5.3717606e-02   1.2428648e-01  -3.1944422e-01   1.7348175e-02   7.7147545e-02  -2.3149912e-02   8.2016039e-04   1.4709897e-01   1.8846719e-01   2.5142694e-01  -1.6469966e-01  -2.9848166e-01   3.6306783e-01   1.7478827e-01   2.4548456e-01   5.6335889e-02
   1.7213953e-01  -1.4990597e-01   5.5094265e-03   0.0000000e+00   1.7463494e-02  -3.5264964e-01  -3.6162263e-01   2.2422345e-01   5.0487552e-01   6.0801781e-02   3.9839735e-01  -1.0341019e-01   2.7108992e-01   1.1059379e-01   1.2822491e-01   4.0382178e-01  -1.4558151e-01   5.2953473e-01   6.3609114e-02  -1.9343014e-02  -1.4131833e-02   6.0619586e-01   3.4855676e-02  -6.3932394e-02   3.3208380e-01   7.0260401e-02  -2.8857873e-01  -2.5423977e-01  -9.8568830e-02   2.1185464e-01   1.9182565e-01   5.5825963e-01   3.1154129e-01  -2.1167454e-01  -6.5456991e-02   3.2775021e-01   6.7107133e-02   1.0917975e-01   3.4276282e-01  -2.3813587e-01   2.9671739e-01   2.0915497e-01   1.4712627e-01   3.0041707e-01   4.1361246e-01  -2.2738970e-01   3.9221080e-01  -1.5481251e-01  -8.3173871e-02  -1.1125101e-01   5.1699342e-01   1.7369657e-01  -1.7290299e-01  -3.9498359e-03   3.9310297e-01   2.2052956e-01  -1.6569059e-01   4.8896325e-01   6.7217183e-01   4.1970692e-01   3.0456346e-01   2.0029303e-01   1.0858771e-01   2.2617446e-01   2.9659638e-01   3.2468037e-02  -2.8818459e-01   1.9636945e-01   4.3708673e-01  -2.5671073e-01  -2.0062097e-01   5.5116374e-01   1.5579357e-01  -1.8140797e-01  -7.4172222e-02   2.9827496e-01   1.2083893e-01  -6.2786972e-02   4.4512536e-02   3.3634902e-01  -2.7708821e-01  -6.7119373e-03   4.4275548e-02   2.4486705e-01  -3.4234595e-01   1.6543651e-01  -8.6364564e-02   1.5832313e-01   3.3360140e-01   2.1743605e-02  -8.3525388e-02   3.0279617e-01  -2.8493327e-01   3.9829235e-01   1.7531444e-01  -1.6793791e-01   4.5354848e-01   5.5329743e-02   2.3584438e-01   2.5033337e-02  -2.4753486e-01   5.9156133e-02   2.8816092e-01   5.6922856e-01   5.0702145e-01   5.9553950e-01   1.9923626e-01   3.7313124e-01   6.2431472e-02  -2.1107680e-01  -2.3304026e-02   2.5474112e-01   1.9952757e-01   6.6091420e-02  -3.1325448e-01  -8.0712489e-02  -7.2352307e-02   5.7454070e-02  -3.6076051e-01   7.4619580e-01   1.8575219e-01  -8.0818118e-02  -1.1001458e-01   2.0847169e-01  -8.1838269e-02  -1.5150436e-03   2.6082911e-01   1.6938450e-01   5.6437800e-01  -3.7435176e-01   7.4990000e-02   2.8002963e-01   3.0270350e-01  -7.2497706e-02   4.8929192e-01   2.7243937e-01   1.4551325e-01  -2.1746296e-01   2.9380645e-01   1.2992789e-01   1.4610628e-01   1.4055726e-01   2.3250959e-01  -4.3399645e-01   4.1283770e-01   3.3795846e-01  -3.1507671e-01   1.2048503e-01  -3.3013510e-01  -2.5085705e-02  -1.7747388e-01   6.5248448e-02   2.1798998e-01   3.7332355e-01  -2.5677919e-01   1.6274650e-02   2.1579749e-01   5.2212952e-01   3.5273302e-01   4.9822001e-03   8.1002623e-03   2.9074855e-01   1.7733879e-01   5.3674217e-01   5.1321195e-01   6.7410292e-03   2.8811188e-01  -1.3537495e-01   2.1590791e-01  -1.5793042e-01  -7.9428730e-02  -2.1150311e-01   2.8560547e-01  -1.8839822e-01   1.1529972e-01   5.3643221e-02   6.4555411e-01
  -2.4190209e-01   4.4585535e-01   2.6263826e-01   1.7463494e-02   0.0000000e+00   2.7344723e-01  -1.5397861e-01  -9.1581845e-02  -1.3039372e-01   7.1145697e-02  -1.1829840e-01   3.5714638e-01  -1.8000646e-02  -6.5286316e-02  -3.8475379e-01   4.4708711e-02   2.7603175e-01   7.5318014e-02   2.2818160e-01   7.7010959e-01  -2.9244487e-01   4.9091464e-02  -2.3828638e-01  -2.1303031e-01   1.8470678e-01  -1.6165899e-01   3.0936501e-01  -3.5037416e-01   2.2294633e-01  -2.6338806e-01  -3.9179814e-01   1.0209122e-01  -8.7094933e-02   1.8072427e-01   6.4321746e-03   1.8213367e-01  -3.0795572e-02  -1.4446887e-01   4.7035871e-02   4.8395801e-01   2.4574069e-01  -8.2419108e-02  -1.6680972e-01  -2.1193685e-01  -2.1519274e-01  -4.7394875e-01  -1.6427649e-01  -1.9180245e-02   3.2380076e-01   3.1941880e-01   1.1238303e-01  -1.6551353e-01   2.6546079e-01   7.5879580e-02   3.1681573e-02  -9.1914097e-02  -1.8991682e-01  -6.3195593e-02   1.8087151e-01  -1.4021289e-01  -2.5208584e-01  -6.7805052e-02   1.0625314e-01  -7.2347019e-02   1.1242902e-01  -5.7561416e-02   1.3127528e-01   3.3974848e-01  -2.9915059e-01  -4.9485358e-01   4.0204848e-01  -2.6154542e-01   2.0922140e-01  -2.9718174e-01   4.9780688e-03   3.9963429e-02  -4.2621534e-01   1.0816051e-01   6.3675206e-01   2.9291437e-01  -4.1801771e-01   4.6298771e-02  -1.4970579e-01  -2.0846044e-01  -2.7343022e-01   8.4109997e-03   2.1432544e-01   3.7307695e-02   2.2907674e-01  -3.4978326e-01   7.2949915e-01  -3.6204547e-01   4.7352206e-01  -9.0476880e-02  -1.8453752e-01   7.0822876e-01   2.6803075e-01   1.9654098e-01   2.8713600e-01  -2.1999024e-02  -3.2199703e-01  -3.8073398e-01  -3.8257316e-01   1.1660810e-01   2.6829707e-03   1.2670849e-01   2.9175959e-01  -1.1511939e-01  -2.9714223e-01   4.2188342e-01  -1.5050694e-03  -3.7281577e-01  -9.6082323e-02  -3.1444527e-01  -2.6748251e-01   4.2663897e-01  -1.3388053e-01   4.7750464e-01  -4.8351255e-01  -1.5885385e-02  -1.6318334e-02   6.2268644e-01   6.0693406e-02   8.1680118e-02  -4.4194065e-01  -1.2419092e-01   6.1912484e-02   3.0674354e-01  -4.8206145e-02  -1.2914365e-01   3.8225971e-01  -9.2437266e-02   1.8516275e-01  -1.8997395e-01  -1.3063513e-01  -2.6230981e-02   2.5496248e-01  -2.5384223e-01  -9.2294880e-02  -2.4962649e-02  -1.3179417e-01   2.0593512e-01   4.6830217e-02  -3.2730703e-01  -3.1915832e-01  -1.9019477e-01   3.0557624e-01   2.4795294e-01   2.6449947e-01   3.1718865e-02  -3.3735143e-01  -4.0571721e-01  -2.0106624e-02   3.3036574e-01   4.6988011e-01   6.7813002e-02  -1.2180289e-01   8.7175105e-02  -2.0121598e-01  -4.1443018e-01   1.4145159e-01   1.8542367e-01   5.0642857e-01  -2.1004843e-01   5.3261949e-02   3.1676054e-01   2.5416554e-01  -5.0409602e-01   7.1497837e-02   4.1203105e-01   5.2942861e-01  -2.1916292e-01  -4.4354691e-02  -6.7740851e-02  -3.5158175e-02   2.8113705e-01   7.6905392e-02
  -1.5627855e-01   2.4132692e-01   4.3376230e-01  -3.5264964e-01   2.7344723e-01   0.0000000e+00   4.0016310e-01  -3.0269731e-01  -2.9247015e-01   3.6534033e-02  -3.9680214e-01   4.9467727e-01   1.9566452e-01  -1.6344561e-01  -2.4791513e-01  -1.1144861e-01   5.2159723e-01  -1.3673967e-01   2.3759034e-01   4.0529053e-01  -2.1788038e-01  -3.9042292e-01  -1.5090740e-01   2.0608248e-02  -7.8721526e-02  -2.2839579e-01   4.6909590e-01   1.0020394e-01   9.2815631e-02  -2.9445973e-01  -3.5807480e-01  -2.8045969e-01  -5.6952289e-02   1.7701480e-01  -5.6021660e-02  -2.0194517e-02   7.2125579e-03  -1.3574758e-01  -6.7023451e-02   4.6105487e-01   6.7828081e-02  -1.3659440e-02  -1.7587074e-01  -2.8979403e-01  -1.7559747e-01   1.7781053e-01  -2.5609610e-01  -3.6686418e-03   6.9844731e-03   4.2979088e-01  -2.9262421e-01  -2.5670665e-01  -5.8909204e-02   6.7451903e-02  -1.8280207e-01  -1.6762759e-01   3.9828095e-01  -4.0072069e-01  -1.6037902e-01  -3.5680188e-02  -1.1986570e-01   5.1643897e-02   8.3876767e-03  -3.5496732e-01  -2.8189677e-01   1.6218833e-01   6.9966928e-01   1.7955408e-01  -2.6120743e-01   1.1910385e-01   1.4051449e-01  -3.3706126e-01   7.9731574e-02   1.2210669e-01   3.4531635e-02  -2.7944856e-01  -1.0032233e-01  -6.4371588e-02   3.6293770e-01  -7.9461919e-02   3.2213081e-02   7.0415489e-02  -1.2636148e-01  -3.2704882e-01   3.5788632e-01  -1.3728328e-01  -7.0690483e-02  -4.8448536e-02   1.4677150e-02  -4.4242461e-02   2.6005291e-01  -5.8035551e-02   6.0050920e-01  -3.2611165e-01  -1.0409040e-01   5.7317739e-01  -1.7056316e-01   1.3468126e-01   4.0001174e-03   1.5597691e-02   1.9374352e-01  -1.9736209e-01  -2.7204567e-01  -2.3546808e-01  -3.1052408e-01  -3.5012377e-01   8.9689934e-02  -1.1922784e-01  -2.3190582e-01   4.2247335e-01   1.9112331e-01  -3.1637466e-01  -1.1267703e-01  -7.1524268e-02   7.5585679e-02  -1.6268660e-01  -1.9525719e-01   2.3627814e-01   2.3489108e-01  -2.4375418e-01  -1.4594108e-01   3.4279690e-01   8.8800248e-02  -1.7677410e-01   2.0599666e-02   1.5271994e-02  -1.9664935e-01   3.9643804e-02  -3.7367739e-01   3.9931653e-01   1.8398507e-01  -1.7715476e-01  -1.2407645e-01  -1.3807047e-01  -1.7331605e-01  -2.5992272e-01  -1.8813867e-02  -6.7977701e-02  -2.2241048e-01  -5.9229743e-02  -4.4602770e-02   9.9167413e-02  -2.1745375e-01   4.0518292e-01  -3.4481838e-01  -4.3831796e-01   4.4796433e-01   3.1757619e-01   6.8694060e-01  -1.2775928e-01   2.1192951e-01  -3.2442501e-01  -1.0584476e-01  -1.9618204e-01   4.6331005e-01   1.8189566e-02  -1.9800444e-01  -9.6173427e-02  -1.5171463e-01  -1.0626431e-01   4.6604055e-02  -2.0966259e-01   2.1168969e-01  -4.4809160e-01  -4.0242971e-01  -2.9681994e-02  -7.0709710e-02  -5.6742762e-02  -1.6722968e-01   3.6078566e-01   3.8256584e-01   1.6189021e-02  -3.2764645e-01   5.2343907e-01  -2.2911124e-02   7.2731313e-02  -3.9601064e-01
  -1.9906483e-01   1.5533496e-01  -7.8299974e-02  -3.6162263e-01  -1.5397861e-01   4.0016310e-01   0.0000000e+00  -5.2659960e-01  -3.7084486e-01   6.1049210e-02  -4.5525764e-01   1.1010702e-01   3.3496911e-02   2.8494134e-01   7.3101447e-02  -4.8410885e-03   6.2468889e-03  -2.0067089e-01  -1.5227257e-01  -1.7605648e-02   2.2982451e-01  -5.2981619e-01   3.9015335e-01  -5.0349052e-02  -3.2536453e-01  -2.3215033e-01   3.0577659e-01   1.6579439e-01  -5.6266985e-02   6.1665320e-02   1.8911456e-02  -3.8117350e-01  -1.7061446e-03   4.4613428e-01   3.4869107e-01  -7.9846137e-02   4.4212787e-02   4.5927389e-02   1.1917950e-01   2.5097194e-02  -1.3145954e-01   5.1488205e-02  -7.9212750e-02  -2.7739385e-01   1.1608532e-01  -1.1373828e-02  -2.5592271e-01   4.0779396e-01   7.6599970e-02   9.0347410e-02  -1.2552411e-01  -3.6900899e-01   1.2858485e-01  -9.2347243e-02  -2.2936048e-01  -1.1315178e-01   2.8740870e-01  -4.6598624e-01  -9.4542845e-02  -3.2635149e-02  -3.6481206e-02  -2.8077718e-03  -1.0609899e-01  -5.7124694e-02  -1.0627808e-01   3.1695002e-01   3.4466391e-01  -2.8072030e-01  -2.2853370e-01  -4.9637648e-02  -1.5820518e-02  -2.0366750e-01   1.3954487e-01   1.1411658e-01  -1.2337649e-01  -5.8685272e-01   6.0999811e-02  -1.5608541e-01   1.0910503e-01  -1.7674840e-01   5.1945948e-01   1.4111741e-01  -1.3274871e-02  -4.0568338e-01   3.0413716e-01  -4.4053035e-01   2.1162835e-01  -7.9629768e-03  -2.9782430e-01  -2.2287378e-02  -1.7969805e-01   3.7268311e-02   3.1286139e-01  -1.4979253e-01   2.4192169e-02  -3.2935998e-02  -2.4795006e-01  -8.8043384e-02  -7.1655718e-02   3.9731777e-01   3.6664927e-02  -8.4828204e-02  -4.1562278e-02  -2.8686826e-01  -2.8616283e-01  -4.2480453e-01   4.2111468e-03  -3.1728821e-01   6.4147133e-02   3.6743866e-01   1.8296961e-01  -1.3882150e-01  -1.5562485e-01  -1.2110027e-01   1.3591781e-01  -1.6276396e-01  -1.1662965e-01   1.9602647e-01   1.6354033e-01  -2.2197215e-01  -1.5929367e-01   6.1687489e-02  -1.4137418e-01  -4.5071945e-02  -9.5217827e-02   4.9735766e-01   1.4101715e-01  -2.6294251e-01  -5.2765474e-01   9.7709363e-03   1.7196429e-02  -3.6651515e-02  -2.4045858e-01   7.5672286e-02  -2.2399623e-01  -6.0400936e-01  -1.5691789e-01   2.7095146e-01  -5.2085301e-01  -1.1082079e-01  -8.5397503e-02  -3.0168533e-01  -2.8704270e-01   2.1967761e-01  -1.1781902e-01  -1.2000168e-01   3.5952094e-01   6.4928510e-02   5.5028394e-01   2.0957037e-02   1.9788853e-01  -2.0123864e-02  -1.1853887e-01  -1.3538769e-01   5.7531684e-03  -7.7765491e-03  -1.6743011e-01  -4.8637148e-03  -3.7328821e-02   1.6342893e-01   5.3466106e-02  -3.3996704e-01  -3.4040587e-02  -2.7524358e-01  -3.7725536e-01   3.0009438e-01  -3.5189049e-02  -1.1588224e-01  -9.4213061e-02   6.4868385e-02   2.1163710e-01  -9.7638428e-02  -7.4419840e-02   1.0841741e-01  -3.4148541e-01  -1.4629486e-01  -3.6500768e-01
   3.9983846e-01  -2.9790647e-01  -2.0359623e-01   2.2422345e-01  -9.1581845e-02  -3.0269731e-01  -5.2659960e-01   0.0000000e+00   5.3573219e-01  -1.1327505e-01   4.3273445e-01  -2.5262646e-01   2.8694166e-01  -3.2952136e-01  -3.9044924e-02  -4.1738919e-02  -2.1712604e-01   1.6067236e-01   3.7750672e-01  -4.7071487e-02  -2.2975508e-01   5.1374901e-01  -3.5074079e-01   8.2396800e-02   1.0697447e-01   5.9533521e-01  -2.2880185e-01   2.1798021e-02  -2.5944321e-02  -6.3408718e-02  -1.6510264e-01   2.5143677e-01   8.6005108e-02  -4.3152141e-01  -2.1115928e-01   1.2387912e-01  -4.0829124e-02  -3.0390594e-01  -1.7079317e-01  -2.0036982e-01   1.8816075e-01  -1.0344158e-02   1.4554128e-01   2.7471100e-01   8.1199165e-02   2.0162868e-01   2.1798511e-01  -3.5762400e-01  -5.4066831e-02  -2.5814376e-01   9.7979324e-02   7.4138748e-01  -2.1822908e-01   7.9616085e-03  -1.0020360e-01   2.1459660e-01  -7.5753934e-02   4.2582156e-01  -3.5005638e-03   1.1867591e-01  -1.4876202e-02   9.3371269e-02   8.2016333e-02   5.8725500e-02  -5.4119057e-03  -1.4641410e-01  -8.4533294e-02   1.2687601e-01   6.2053850e-01   2.7156064e-01  -7.6109052e-02   2.8234632e-01  -1.9456926e-01  -3.4658192e-02   4.1573746e-02   5.7921876e-01   9.3748476e-03   1.5637364e-01  -1.1736931e-01   9.8505431e-02  -3.1965427e-01  -3.4175850e-02  -1.5901274e-01   7.6650079e-01  -2.7288621e-01   4.7257308e-01  -1.6990760e-01  -1.6092474e-01   1.0718434e-01   1.3256706e-01   5.6175597e-02  -7.0641248e-03  -3.1591741e-01   1.9754154e-01   1.9441497e-02  -2.4440470e-02   9.3660175e-02   3.7496670e-01  -7.6395609e-03  -1.9355758e-01   1.3175447e-02   2.4275334e-01   1.1008093e-02   1.7526495e-01   2.1255999e-01   4.2119037e-01  -1.8421261e-01   7.5834213e-01  -1.0175897e-01  -3.7114277e-01  -2.4851444e-01   1.4158624e-01   2.2431455e-01   3.2053115e-01  -1.0962213e-01   4.6559190e-03  -2.1299674e-02  -8.4283141e-02  -2.4995389e-01   2.1075231e-01   2.1246178e-01  -1.1284905e-01  -1.3541652e-02  -3.2394596e-02   2.7668048e-01  -5.6684849e-01  -1.8685418e-01   3.1078396e-02   5.8618422e-01   7.0921078e-02  -1.7801308e-02   6.0861364e-02   1.9918559e-01  -2.2940566e-01   3.8391406e-01   6.4415377e-01   1.2211229e-01  -4.3985670e-01   6.0555981e-01   1.8776932e-01  -5.4023581e-02   4.4740059e-01   1.9309102e-01  -3.5868493e-01   5.4239281e-02  -1.0976533e-02  -3.8175125e-01  -1.1145028e-01  -3.6099840e-01  -2.1613841e-01  -2.0548624e-01   8.9622034e-02   9.9469893e-02   1.5687387e-01  -2.2583401e-01  -3.4774592e-02   2.0423343e-01  -4.9374957e-02  -1.0486791e-01   1.9424153e-01  -1.0426248e-01   2.3015831e-01  -1.3752476e-01   2.3867169e-01   3.9612490e-01  -2.0780466e-01   1.2513665e-01   3.1681755e-01  -9.2064219e-02  -1.2675767e-01  -1.7146269e-01   8.9021741e-02   1.4911646e-01  -3.4832726e-01  -6.1678314e-04  -1.0739543e-02   4.1016193e-01
   6.1276687e-01  -3.6427853e-02  -5.1004036e-02   5.0487552e-01  -1.3039372e-01  -2.9247015e-01  -3.7084486e-01   5.3573219e-01   0.0000000e+00  -2.0523862e-02   3.0146555e-01   1.9977227e-02   1.7504350e-01  -6.1688980e-03  -6.8139969e-02   8.9280742e-02  -1.3662239e-01   3.2738359e-01   1.0472909e-01  -6.4932437e-02  -1.0237724e-01   4.8331553e-01  -1.3684410e-01   2.0451530e-01   1.7457108e-01   4.1340745e-01  -1.5560906e-01  -1.1226457e-01  -7.9022011e-02   1.1392476e-01  -7.0709765e-02   4.6549229e-01   1.9335338e-01  -3.4754126e-01  -4.7190036e-02   2.2177824e-01   2.4600656e-02  -3.9385316e-02  -5.9346454e-02  -1.8595203e-01   1.0409370e-01   8.2723111e-02   3.7854481e-01   1.9348995e-01   1.5157135e-01   1.3658527e-01   2.6412729e-01  -1.7715374e-01  -1.7083686e-01  -1.2459066e-01   2.3859145e-01   5.3783744e-01  -1.8184423e-01   8.9235684e-02   1.7215964e-01   4.4015452e-02  -7.8161192e-02   5.3705523e-01   1.5813858e-01   4.1833212e-01   2.5568148e-01   2.0099311e-01   3.7491581e-01   1.5033822e-01   9.7788333e-02   5.8400294e-02  -1.1647754e-01   1.2328900e-01   5.2715925e-01   1.1445286e-01  -6.8361422e-02   3.4761746e-01  -5.9962710e-02   9.7224065e-02  -5.9679976e-02   4.2776084e-01   1.9857133e-01  -5.7553230e-03  -1.2259497e-01   4.4374764e-02  -2.6681370e-01   4.8719531e-02  -2.0664346e-01   4.1213239e-01  -2.2483902e-01   2.8964881e-01   9.2862500e-02  -5.3242017e-02   2.6214488e-01   2.7110988e-01   6.4261841e-04   2.6544029e-01  -3.2549834e-01   3.8616147e-01   2.6047355e-01  -2.5303842e-01   1.1926054e-01   2.2364046e-01   4.5440737e-02  -2.1346881e-01  -1.0605416e-01   9.8830888e-02   5.0565156e-02   4.7563742e-01   3.2852693e-01   5.3768597e-01   1.3289426e-01   6.5767816e-01  -1.2111290e-01  -2.8877227e-01  -1.9693148e-01   1.1233685e-01   2.0238378e-01   4.3995263e-01  -2.4581555e-01  -2.0733173e-02   5.2801571e-02  -1.1647475e-01  -2.9012332e-01   3.2224945e-01   3.2676575e-01  -1.1079293e-01   4.4819654e-02   1.1953938e-01   2.9475163e-01  -1.5766404e-01   8.4789949e-02   4.1382808e-03   5.7031999e-01  -1.2382373e-01  -1.4693231e-01   1.2520992e-01   3.9984694e-01  -8.5474712e-02   6.6580135e-01   3.5837787e-01   7.1319861e-02  -3.1102909e-01   3.9905009e-01   3.4526266e-01   1.3050141e-01   1.3605736e-01   1.2579316e-01  -4.2466414e-01   2.4096008e-01   1.7730668e-01  -3.8842062e-01   1.2034157e-01  -3.0905013e-01  -2.2211156e-01  -1.5395210e-01   6.2318069e-03   2.4622783e-01   9.2176294e-02  -1.9814528e-01   1.6690980e-01   3.7527140e-01   6.9143048e-02   2.8458918e-01   9.3548743e-02  -2.3910796e-02   6.2987153e-02   2.3543638e-02   3.1863337e-01   5.1894277e-01  -1.5733706e-01   9.6466297e-02   1.7410982e-01   1.7789553e-01  -1.9930215e-01  -1.3529680e-01   9.4814203e-03   2.4483099e-01  -2.0248367e-01   3.5261863e-02  -3.4094802e-02   6.1348896e-01
  -3.2298887e-01  -1.3003045e-01   1.8043720e-01   6.0801781e-02   7.1145697e-02   3.6534033e-02   6.1049210e-02  -1.1327505e-01  -2.0523862e-02   0.0000000e+00  -1.7945784e-01   6.5461598e-02   6.9966420e-02  -6.5926315e-02  -8.7058840e-03   3.8147523e-01   8.1986829e-02   8.3629064e-02  -1.4913655e-02   2.1637946e-01  -1.5206557e-02   9.7830359e-02   4.2186923e-01  -3.9875843e-01   1.0040714e-01  -1.6868829e-02   3.0770336e-01  -2.1563005e-02   9.9852111e-02  -3.7082484e-01   9.5296648e-02   1.0502738e-01   1.3812400e-01   3.1711660e-01   9.1643853e-02   2.4784707e-01  -8.0557391e-02  -2.3257946e-01   2.2250024e-01   2.6860335e-01  -3.5682873e-02   1.2613641e-01  -4.1367324e-01  -2.2249725e-01   3.0881457e-01  -2.4243460e-01  -4.3887369e-02   7.9783168e-02   2.5583175e-01   3.4314841e-01   1.9243747e-01   7.3600805e-02   1.1092148e-01   8.8371380e-02  -1.8515880e-01  -9.2910764e-03  -1.6890803e-01   1.5665124e-01   1.6866256e-01  -3.0155673e-01  -1.0964753e-01   2.0051489e-01   9.4001632e-02  -1.6370904e-01   2.8937311e-02   5.6937768e-02  -1.7121250e-01  -2.9120356e-02   9.5581097e-03  -1.5434183e-01   7.6001502e-02  -5.0164445e-02   3.1226636e-01  -2.9432209e-01   1.5835240e-01   9.5547153e-03  -2.0865353e-01   7.0613021e-02   5.7147523e-02   2.7547731e-01   2.5815354e-01   2.6728102e-01   4.2337920e-02  -4.2213025e-02  -3.6019200e-01  -2.7114551e-02  -3.9760811e-02   4.8588098e-03   1.0091738e-01  -3.4566425e-01  -1.7057298e-01  -4.8962244e-02   8.0542361e-02  -8.5586837e-02  -3.7752224e-01  -7.7709364e-03   3.6680755e-01   3.8180244e-02   1.9381919e-01   3.9757758e-01  -1.5386869e-01  -3.6651405e-01   3.4183214e-02  -1.1660329e-01   1.6807727e-01   2.1638022e-01   1.7119570e-01  -1.1258460e-01   2.1843209e-01  -1.7889208e-01   1.2269922e-01  -6.6795102e-02   2.0802920e-02  -3.8007284e-01  -8.2960012e-02  -4.5033684e-02   2.7467626e-01   3.0980210e-01  -8.8955371e-02   1.7991426e-01  -3.2528716e-01   5.1906709e-03   1.9007335e-01   2.3256127e-01  -3.5391094e-01  -3.6326582e-03   2.6321099e-01   1.8286476e-01   4.1002565e-02   1.9935268e-02   4.3109691e-01   8.9639795e-02  -2.1007980e-01   2.3342834e-01   1.0101134e-01   1.1480332e-02   3.0685943e-01   1.3901214e-01  -2.0293344e-02  -2.6005052e-01  -2.8576745e-01  -1.6174071e-01  -1.5918926e-02   1.6482366e-01   3.2679416e-01   1.0618319e-01   3.0363319e-01  -6.9338089e-03   5.9660844e-02   1.4058118e-01  -1.8051673e-01   3.8542912e-02  -1.8834227e-01   4.7850599e-02   2.6545655e-01  -2.1192102e-01  -3.7301170e-01  -2.4179137e-02  -4.9142148e-02   6.4323564e-02   2.2784141e-01  -7.1864878e-02   2.2392929e-01  -1.6769644e-01   1.0848594e-01   2.1831083e-01  -8.7029143e-04  -3.4938532e-01  -2.4148521e-01   5.7084770e-02   3.9131553e-02  -4.6275614e-01  -1.3363689e-02  -9.5018410e-02  -8.5947067e-02   2.3045131e-01   1.0026485e-01
   1.3750756e-01  -5.5239958e-01  -2.1274509e-01   3.9839735e-01  -1.1829840e-01  -3.9680214e-01  -4.5525764e-01   4.3273445e-01   3.0146555e-01  -1.7945784e-01   0.0000000e+00  -4.9588024e-01   3.6487054e-02   2.4999156e-02   4.8432368e-01   6.3351349e-02  -3.1292580e-01   6.4551546e-01   2.9092183e-02  -1.6785041e-01   3.2753348e-01   5.0741321e-01  -6.8715449e-02   9.8724873e-02   9.4991414e-02   1.3320169e-01  -4.9669251e-01  -2.0612934e-01  -1.6198996e-01   5.2331415e-01   2.8467444e-01   3.4050805e-01  -7.5300995e-02  -4.1703774e-01  -2.9767925e-01   5.4882569e-01  -3.3080583e-02  -2.5918861e-03   3.1303298e-02  -5.3694370e-01   3.0625632e-01  -1.8563790e-01   2.5917483e-01   4.5011407e-01   2.1287683e-01  -1.6187968e-02   7.6373102e-01  -2.4283064e-01   1.6425678e-01  -4.5010525e-01   5.9713831e-01   1.3567723e-01  -3.9762335e-01   4.1908359e-02   1.8146008e-01   3.8000841e-01   5.4558092e-02   5.4007473e-01   3.6745391e-01   2.0004659e-01   2.2155861e-01   2.1871512e-01  -1.7271579e-02   5.2503923e-01   1.0072548e-01   2.2447982e-01  -5.9739258e-02  -9.5346200e-02   5.2143577e-01   5.4109716e-02  -4.6901294e-01   6.3769956e-01   8.5513529e-02  -1.1745719e-01  -9.3106241e-02   4.2250938e-01   1.3069286e-01   2.6559697e-01  -3.4039476e-01   2.7816383e-01  -2.3238768e-01  -3.9226573e-03   1.3082884e-01   2.6589185e-01  -3.1964486e-01   3.3089341e-01  -3.2030704e-01   1.6365780e-01  -1.4782906e-02  -1.1469423e-02  -2.3807462e-01   1.5094220e-01  -4.6661908e-01   3.8357187e-01   8.5145292e-02  -2.6781991e-01   1.9259723e-01   1.3083269e-01   3.9603654e-01  -6.4516232e-02  -2.7485302e-01   5.9174723e-01   4.7813011e-01   2.1898806e-01   6.5513234e-01   4.2927697e-01   3.6571863e-02   3.7566594e-01  -1.4413147e-01  -4.1830927e-01   6.9629875e-02   5.8694771e-01   2.6233752e-01   1.3445476e-02  -2.7663823e-01  -2.2430738e-01   2.5988016e-01   5.6226964e-02  -2.1482232e-01   2.8402711e-01   3.0888706e-01  -2.8470429e-01  -2.5048216e-01   2.9087386e-01  -4.2463317e-02  -2.8650399e-01   2.3496873e-01  -1.0654014e-01   5.2256205e-01  -2.1558083e-01  -8.0211112e-02   5.8328170e-01  -2.1041782e-01   1.3000027e-02   2.0432778e-01   5.5577005e-01   9.4547716e-02  -1.6533123e-01   5.0944563e-01  -6.3266670e-04   9.0332853e-02   2.9432949e-02   6.5999774e-01  -3.4054193e-01   3.9304338e-01   5.6943761e-01  -6.3106987e-01   1.9104952e-01  -3.2244653e-01  -3.3361588e-01  -1.1384275e-01   3.7696584e-01   1.9522254e-01   2.8395010e-01  -5.2816002e-01  -1.7651229e-02   2.8863338e-01   2.4672334e-01   2.0224331e-01   2.6300194e-01   6.3211116e-02   6.6351719e-01  -5.1904419e-02   7.9160718e-01   4.4993963e-01  -2.6245286e-01   5.0705530e-01  -1.9305808e-03   2.6686960e-01  -2.4272592e-01  -4.1381330e-01  -5.4780230e-02   5.7595631e-01  -3.7983860e-01   3.9245256e-03  -8.1385923e-02   3.2350910e-01
   7.8425193e-02   6.4195575e-01   5.9609064e-01  -1.0341019e-01   3.5714638e-01   4.9467727e-01   1.1010702e-01  -2.5262646e-01   1.9977227e-02   6.5461598e-02  -4.9588024e-01   0.0000000e+00   6.6122372e-02   9.7025513e-02  -4.7673569e-01  -1.7657347e-02   5.5731553e-01  -3.2027922e-01  -7.6266216e-02   3.4300412e-01  -5.0357285e-01  -3.9034413e-01  -1.0855801e-01   1.1786172e-02   6.0805676e-02  -2.2362766e-01   4.9432572e-01   1.2378761e-01   4.1009654e-01  -3.5662556e-01  -3.1575183e-01  -1.3827649e-01   1.1134685e-01   3.2063873e-01   3.3464470e-01  -3.1341685e-01   1.5466469e-01   6.6672946e-02  -3.2805029e-02   6.9470192e-01  -1.2534562e-02   2.1546719e-01  -8.5167107e-02  -2.4552293e-01  -2.6613929e-01  -1.1986802e-02  -4.3750139e-01   1.0705125e-01  -1.8381174e-01   5.8279038e-01  -3.5506212e-01  -1.7074747e-01   2.7482537e-01   3.3257881e-02   1.2476102e-02  -3.6307500e-01  -1.2130646e-01  -3.7707210e-01  -8.0110855e-02   1.3676342e-01  -1.2522039e-01   3.8433228e-03   3.3596443e-04  -2.0202726e-01  -4.2142015e-02  -1.7584905e-01   3.5421951e-01   1.8028541e-01  -1.6973614e-01  -6.1700452e-02   5.3392367e-01  -3.7595832e-01   3.9452698e-02   1.6939883e-01  -1.6088660e-01  -1.5475228e-01  -1.9568547e-01  -9.4673249e-02   3.8391506e-01  -1.7239589e-01   3.2730317e-02   1.7096446e-02  -1.2836034e-01  -3.2062018e-01   2.6708025e-01  -1.5168640e-01   3.8405386e-01  -2.7199488e-03   1.0811045e-01   5.7585693e-02   4.0883418e-01  -3.3587050e-03   6.1512237e-01  -2.0716897e-01  -2.8317563e-03   4.2105736e-01  -6.5900824e-02  -5.4670698e-02  -1.6761426e-01  -1.3691056e-01   2.3662518e-01  -4.1549301e-01  -4.4387794e-01   7.0171335e-02  -4.1079660e-01  -1.3588574e-01   1.7943455e-01  -5.7152318e-02  -8.9629432e-02   2.7626926e-01  -3.3905047e-02  -5.3594320e-01  -3.0153824e-01   6.7130601e-02   2.0200417e-01   2.9780782e-01  -2.4823722e-01   6.5869224e-02   9.9625859e-02  -1.1451967e-01  -1.1346966e-01   4.1223332e-01   2.0254706e-01  -2.5203819e-01   1.0029579e-02   2.6890306e-01  -1.5792906e-01   1.3564043e-01  -3.0817959e-01   1.7956382e-01   8.6608567e-02  -3.3540990e-01   3.5912519e-01  -1.1158784e-01   8.7552445e-03  -3.1140367e-01   4.5508647e-02   7.9180462e-02  -2.5018742e-01   2.9884875e-02  -5.1387360e-02  -2.2150365e-02  -3.4419661e-01   1.1568859e-01  -2.2396592e-01  -4.4015192e-01   6.0295041e-01   5.9295360e-02   2.7243700e-01   1.4550380e-01   8.5379590e-03  -4.5805329e-01  -5.1573788e-02  -2.5831063e-01   6.9616992e-01   1.6108718e-01  -1.3715475e-01  -3.0828595e-02   2.3615379e-02  -2.4291337e-01  -1.3728802e-02  -3.8412911e-01   1.5927889e-01  -5.0366958e-01  -1.0697878e-01   2.4132318e-01  -2.2000903e-01  -4.0219086e-02  -5.7433077e-02   3.0464951e-01   6.1511682e-01   5.8884744e-03  -4.7933808e-01   3.0971826e-01   8.3162096e-02   6.8269700e-02  -8.2822828e-02
   9.1176194e-02  -4.0067488e-02  -4.7996492e-02   2.7108992e-01  -1.8000646e-02   1.9566452e-01   3.3496911e-02   2.8694166e-01   1.7504350e-01   6.9966420e-02   3.6487054e-02   6.6122372e-02   0.0000000e+00  -2.1774432e-01  -8.6926704e-02   1.0830053e-01  -7.2848737e-02   1.3057984e-01   1.5837959e-01  -1.8037644e-02  -7.0970825e-02   1.6452870e-01  -8.4672217e-02  -1.0494276e-01  -8.5569521e-02   4.6801122e-02  -6.0428217e-02  -5.5141675e-02  -1.1468223e-01   5.8999123e-02  -6.2400445e-02  -9.1988476e-02   2.3948130e-01  -1.4390612e-01  -8.9308723e-02   2.2656029e-01   2.1420208e-01  -1.0197929e-01   1.9009384e-01  -8.1172518e-02   6.1320181e-01   1.9188564e-01   5.5764215e-02  -2.1405919e-02   3.6421291e-01   6.8603154e-02   9.0319578e-02  -1.3034907e-01   3.1942463e-02  -1.8140479e-02   1.0908093e-01   1.5624319e-01  -1.1995657e-01  -2.0225968e-01  -5.8846773e-02  -4.6604627e-02   2.1219572e-01   7.1960178e-02   2.1895931e-01   3.0876342e-01  -5.3492593e-02   1.1662260e-01  -5.0604112e-02   2.2405444e-02   2.0155147e-01   2.0674434e-01   1.7537765e-01   5.7140365e-02   3.1747835e-01  -4.6852721e-04  -1.2640402e-01   1.7259068e-01   1.7926676e-01  -9.2937100e-02  -8.7927238e-02  -9.5299341e-02   1.0559715e-02  -2.0881906e-01   1.9155790e-01   1.7611382e-01  -1.8719518e-01   1.9690069e-01  -1.0594307e-01   2.1807186e-01  -5.0190242e-02  -5.0020903e-02  -7.7338554e-02  -2.6795519e-01   8.3975645e-02  -5.3819520e-02   8.8428929e-02   9.4371226e-02   5.8401831e-03   4.7178042e-02   6.5357081e-02   1.5802989e-01   8.7801048e-02   5.5729856e-02   5.5516580e-02  -1.7878283e-03  -1.0733441e-02   1.0422403e-01   1.2440961e-01  -7.0693821e-02  -3.6254628e-02   1.1211638e-01  -2.3562564e-01   4.3122480e-01   1.0418761e-01   6.7658425e-02  -1.2119055e-01   1.2665844e-01   6.5294559e-02   4.3634251e-02  -1.6516784e-01  -1.2947784e-01  -2.6943680e-01   2.1088290e-01  -1.9384768e-01   2.5472545e-01  -1.0687473e-01   1.5394002e-01  -1.1378240e-01   2.8224145e-02   2.1340419e-01  -1.7060171e-01  -1.6600849e-01  -3.6435826e-02   2.5500031e-01  -9.3135861e-02   2.6012326e-01   1.5084453e-01   2.2523351e-02  -7.5251026e-02   1.8457902e-01  -6.8175488e-03   1.7968958e-01  -2.3264061e-01   2.8482475e-02  -8.6000363e-02  -1.4580190e-01   5.3502223e-01  -1.4526244e-01  -1.1789306e-01  -7.4943126e-02  -1.2544263e-01  -1.1982342e-01   1.5291248e-01   1.2219878e-01   9.1012331e-02  -5.9922046e-02  -9.5956535e-02  -1.9401428e-01   4.0260055e-02  -8.9091605e-02  -1.3924077e-01  -2.2996794e-02   2.2297706e-01  -7.8961510e-02  -9.6531530e-03  -1.2936820e-01  -1.2465588e-01   1.5758857e-01   6.0095332e-02   4.4935422e-02  -4.5804459e-02  -4.7367142e-02  -4.3082624e-02  -2.4276408e-01   3.4310928e-02   1.2834425e-01   7.7813582e-02   8.0058177e-02  -2.5227186e-02  -1.9837539e-01  -6.1137703e-02   1.7311490e-01
   1.6431032e-01   1.3403701e-01   4.0386093e-02   1.1059379e-01  -6.5286316e-02  -1.6344561e-01   2.8494134e-01  -3.2952136e-01  -6.1688980e-03  -6.5926315e-02   2.4999156e-02   9.7025513e-02  -2.1774432e-01   0.0000000e+00   3.8450178e-01   1.0302534e-01  -5.7621006e-03   2.2843975e-01  -3.6597092e-01  -1.7974172e-01   4.3666056e-01  -1.8140733e-01   5.6034882e-01   4.1647417e-01  -2.7146290e-01  -2.0348883e-01  -1.6629604e-01  -3.6943771e-02  -4.3960171e-02   3.2720096e-01   5.6045893e-01  -4.9340045e-02   2.0196975e-01   2.4953858e-01   1.5872738e-01  -1.6686942e-02  -3.2175944e-02   3.9850168e-01   9.0703578e-02  -1.4742130e-01   7.8369908e-03   1.7778050e-01   1.2796876e-02   1.8229766e-01   1.4185637e-01  -3.1765746e-01   7.3746690e-02   2.6526121e-01   9.4508616e-02  -4.0710507e-03   2.5526984e-01  -3.2244518e-01   3.7007816e-02   7.7619964e-03   4.9834633e-01   2.1869527e-01  -3.7762071e-03  -2.4401919e-01   2.6563475e-01   1.4362319e-01   3.4630510e-01   2.5310983e-02  -2.0437189e-01   2.5282724e-01   1.7520446e-01   6.0009274e-02  -2.6399753e-02  -3.7403038e-01  -5.8657836e-03  -3.2775070e-01  -7.0037182e-02   1.3785058e-01   3.2061548e-01   1.5588142e-01  -2.3338075e-01  -3.0728284e-01   1.1505797e-01  -1.2912696e-01  -6.9654703e-02  -1.3398988e-01   3.4700898e-01   5.7642588e-02   3.8065685e-01  -1.8840105e-01   1.8418576e-01  -4.3005874e-01   4.2726061e-01   6.4394403e-01  -2.5064609e-01   1.1714246e-01  -1.1475465e-01   2.9218284e-01  -1.7826459e-02   1.8603331e-02   2.5045582e-01  -2.8052534e-01  -9.9821206e-02  -1.4914319e-01  -4.8492014e-03   2.6668012e-01   1.5872221e-01   2.7886242e-03   4.1767370e-01   3.1124947e-01   5.1671110e-02  -9.6254630e-02   4.4333486e-01  -2.0193416e-01  -1.1622484e-01   6.0176901e-02   3.5909972e-01   4.9396606e-02  -2.0006131e-01  -4.3343922e-03   2.2607895e-02   7.0522927e-02   1.0467958e-02   7.9054322e-02   8.3700081e-02   9.9612177e-02   2.9040799e-01   2.7528253e-02  -3.2041412e-01   2.8598729e-01  -2.4674100e-01   7.3597749e-01   4.1717027e-01  -1.8427503e-01  -3.4503779e-01  -4.5832654e-01  -3.5330612e-01   1.8717741e-01   2.6134046e-01   2.3580994e-01  -1.1649861e-01  -3.5373896e-01  -1.0260411e-01   4.0501019e-01  -3.5743352e-01   2.1326245e-01   3.7038124e-01  -4.3206778e-01  -1.0798616e-02  -1.3517855e-01   4.3342288e-01   4.7754957e-01  -1.0979166e-02  -2.9124267e-02   1.5055065e-02  -3.4894816e-02   3.0954515e-01   4.4828140e-01   3.8133809e-01   4.6278200e-02  -1.7732891e-01   3.6030730e-01   1.6325877e-01   3.1263913e-01   4.8574116e-01   2.3208070e-01   1.4375729e-01  -4.7098556e-02  -6.4232015e-02   2.2668344e-01   5.7454576e-02   2.9498181e-01   2.0467665e-01  -5.0630709e-02   5.5436620e-01  -4.0113180e-02   4.0379524e-02  -1.6741156e-01   1.6405257e-01  -6.4441057e-02  -2.2133684e-01  -2.8805288e-01  -2.9409976e-03
