   0.0000000e+00  -2.1874579e-01   2.1417982e-01  -4.0868701e-02  -1.8874663e-01   9.6435084e-02  -6.5434074e-02  -2.7974887e-02  -2.5797259e-01  -2.9748861e-01  -1.9781370e-02  -1.5735573e-01  -5.0421109e-02   4.0132584e-01   1.7669835e-02   5.4981740e-02   1.7616485e-01  -6.7623907e-02  -6.2697871e-03  -1.3483184e-02   7.3027308e-02   1.0241268e-01  -4.8858318e-02   5.8278829e-01   5.2773560e-02   1.0722739e-02   8.3158882e-02   3.3676696e-02  -2.2911732e-02  -2.5852141e-01   8.0830703e-02   7.6011799e-02  -2.2639202e-02  -2.6184792e-02  -3.8664427e-01  -1.2614852e-01  -2.3243990e-01   3.6052778e-01   7.7749493e-02   1.7945654e-01   7.7777630e-02   8.0267975e-02  -2.5295571e-01  -2.2236322e-03  -2.4348432e-01   2.2775538e-01  -1.1487586e-01  -2.7023167e-01  -1.7672215e-01   1.2561000e-01  -1.2373340e-02  -1.3199042e-01  -2.1630713e-01  -2.3065207e-01   2.6475332e-01   1.1699008e-02   8.6350298e-02  -3.1331632e-02   3.0699945e-02  -2.7119022e-01   1.5066017e-01  -1.2177981e-01  -1.9357053e-01   3.5792616e-02  -2.0079784e-01  -1.0330183e-01  -3.4957058e-02   4.1192267e-03  -1.2540382e-01   2.6249488e-01  -1.0887671e-01  -7.1464354e-02   5.1832817e-02   1.3115928e-01  -8.8603022e-02   2.0877153e-01   2.2375581e-01   7.7395362e-02  -2.6664443e-01  -1.6911136e-01  -5.9253757e-02   2.7831169e-02  -7.8048335e-02  -1.7949146e-02   5.0643701e-01   3.7677910e-02  -1.4406415e-01   3.9557487e-01  -1.8422623e-01   7.0921069e-01  -3.4351832e-01   2.0794244e-01   2.6986871e-02  -1.8935635e-01   4.4380179e-01  -6.5825658e-02  -1.5324005e-01  -1.3239779e-01  -1.8062563e-01  -2.4833329e-01   4.7497109e-01  -7.4997412e-02   9.8858041e-02  -2.2302659e-01  -7.6309185e-02   7.7679847e-02  -3.1218105e-01  -7.4882633e-02  -3.0146435e-01  -1.7050304e-01   2.2686358e-02   5.3458428e-02  -1.3290836e-01   8.9889386e-01   2.5198427e-01  -2.1268086e-01  -9.0471681e-02  -8.7815650e-02  -1.0443676e-01  -7.3336555e-02   3.4479428e-01  -1.5035384e-01  -5.5493058e-02  -1.4223777e-01   4.1209737e-01  -1.5223781e-02  -1.8170635e-01  -2.3431092e-01   3.9819200e-02   1.9530686e-01  -6.4167773e-02  -1.2610439e-01   5.2535984e-03  -1.9362695e-02  -1.5912761e-01   1.7136181e-01  -1.2056384e-01   7.5944051e-03   1.7880177e-03   7.7246573e-01   7.0468778e-01   8.4287520e-02  -6.5032024e-02   1.3872754e-02   5.3801751e-02   7.9079885e-02   6.9341924e-02  -1.7140289e-01  -5.2722685e-02  -1.2881164e-01   4.2588434e-01  -8.1228457e-02   1.4045047e-01  -1.8758767e-01  -1.1985582e-01   6.3799472e-01   1.5470726e-01  -1.1341135e-02   1.8332882e-01  -2.5797683e-02  -1.9557531e-01   1.2009158e-01  -1.4295759e-01   2.2361420e-02   4.8407356e-02  -2.0366843e-01  -9.8118487e-02   2.6515090e-01   2.5922267e-01  -2.4683927e-01  -3.2040698e-01   2.5481318e-01  -1.3349968e-01  -1.9945891e-01  -1.0554178e-01  -1.8466443e-01   7.7675511e-02
  -2.1874579e-01   0.0000000e+00  -1.2641966e-01   4.4898329e-01   3.0122619e-01  -3.6807420e-01  -2.6522950e-01  -3.3359890e-01   4.9399914e-01  -1.3795852e-01   6.4789660e-02   2.2095236e-01  -2.3076794e-01  -1.6296351e-01  -2.9431252e-01   3.0113183e-01   1.9441150e-01   3.2196974e-01  -2.0378356e-01  -1.8199069e-02   3.4441022e-01   1.5942863e-01  -1.9776490e-01  -3.1186311e-01  -7.0273672e-02  -3.5231392e-01  -4.3586980e-01  -4.3603357e-01   8.2429558e-02   3.3442068e-01   9.0702613e-02   3.4315193e-01   3.2657699e-01  -4.6284840e-01   3.7246436e-01  -6.3576635e-02   4.2032475e-01  -1.5973870e-01   4.0261679e-01   1.1054697e-01   3.4977414e-02   1.9985751e-01   3.1921342e-01  -2.1496572e-01   3.2621700e-01  -6.2206621e-02  -3.6693332e-02   3.2352709e-01   3.0913212e-01   3.5641962e-01   1.3419793e-01  -3.5914958e-01   1.0444839e-02   1.3000541e-01   2.1041971e-01  -5.1623494e-01  -2.0062083e-01   1.7544757e-01   4.3473659e-01   3.7361384e-01  -2.8841264e-02   2.2097247e-01   3.5377020e-01   1.2784693e-01   4.4115152e-01  -2.8274294e-01  -5.5841973e-02   1.8890106e-01  -1.8150103e-01  -2.6209052e-01   6.3834478e-01   4.2793834e-01   1.3083481e-01   1.3909235e-01  -1.6774740e-02  -5.4197159e-02  -1.5499147e-01  -2.1728832e-01   4.0084514e-01   3.1223215e-01  -3.7957828e-01   8.0185508e-02   4.8041652e-01  -2.4808808e-01   2.0962913e-02  -2.0491175e-01   4.8211836e-01  -3.3258325e-02   4.6216865e-01  -1.8224783e-01   5.1893737e-01   1.8408221e-01  -2.7063649e-01   3.8506629e-01  -3.3817497e-01   7.7546375e-02   2.3918137e-01  -2.3695442e-01   3.4222599e-01  -1.6139800e-02   5.2872226e-02  -4.5882450e-01  -9.0863151e-02   5.3581536e-01   3.4540534e-01   2.7180122e-01   3.1235727e-01  -4.1630912e-01   2.2644095e-01   2.3718619e-01  -2.5083975e-01  -5.3509218e-02   2.8512172e-01  -2.1674986e-01  -4.0410111e-01   3.2533304e-01  -1.0565701e-01  -3.5553254e-02   2.3326852e-01   4.4895808e-01  -7.0872646e-02   8.2840440e-02   2.8652296e-01   3.8574538e-01  -2.1628205e-01   3.3624103e-01   3.4529552e-01   1.8388638e-01   2.8451379e-01   1.6073439e-01   1.6745545e-01   2.3261828e-01   2.9662450e-01   2.9755570e-01   2.9331451e-01  -3.4830778e-01  -7.1572046e-02   3.1027658e-01  -2.4179737e-01  -3.4610108e-01  -3.0589864e-01  -2.1466746e-01  -5.4429731e-02  -3.6617805e-01  -4.2703869e-02   1.6121240e-01  -1.2982943e-01  -5.6089342e-02  -3.3188602e-01   5.1226849e-01  -2.4064411e-01   1.0152938e-01   1.0997152e-01   4.6370182e-01   2.3729319e-01  -2.1535473e-01  -1.6953476e-01   2.2112057e-01   2.2416705e-01  -4.1759718e-01   1.8269351e-01  -6.5506174e-02   2.8337127e-01   2.8732720e-01   3.3275571e-01   4.5257868e-02  -1.2456091e-01  -1.2898803e-01   1.9560565e-02   3.4641479e-01   1.4544698e-01  -1.4351178e-01   3.0890176e-01   4.3981881e-02  -2.4913272e-03  -1.2725749e-01   3.3982907e-01
   2.1417982e-01  -1.2641966e-01   0.0000000e+00   9.9471487e-02   4.0570646e-02   4.8347307e-01   8.9828608e-02  -2.1251532e-01  -4.2686633e-01  -8.8034638e-02   9.9007448e-02   1.0384543e-01   2.2074642e-02   1.9165001e-02  -7.6317048e-03   4.3263277e-01   8.0949805e-01   1.1075983e-01   8.8326754e-02   1.6046156e-01  -2.5225468e-01   3.5123932e-01  -8.1757648e-02   2.5231568e-01  -1.4293390e-01  -5.0630900e-02   3.2458839e-01   5.7825165e-02  -7.7034221e-02  -2.7593492e-01  -3.2501888e-01   8.1393118e-02   1.2196285e-01   8.4085311e-02  -1.4465334e-01   2.8181299e-01  -3.5206502e-01   3.2720674e-01   2.1075034e-01   3.1119479e-01  -5.1818797e-02   2.7863759e-01  -6.5962065e-02  -2.0697714e-01  -6.6453517e-02   5.7833165e-01   2.9012017e-01  -4.5351410e-01  -1.2766897e-01   5.2406171e-01   3.1689715e-01  -1.5883296e-01  -3.6332458e-01   3.1366266e-02  -1.4912907e-01   7.0593271e-02   8.7441894e-02   1.0407416e-01   6.8573194e-02  -1.6443360e-01   6.1701215e-01   2.3180227e-01  -1.6125762e-01  -3.3829260e-01  -3.7478374e-01   5.5226040e-02   2.0354115e-02   7.4148514e-02  -4.5012076e-02   7.1161433e-01  -1.5492732e-01   4.3072018e-02   1.3691995e-02   2.0832478e-01  -2.0269958e-01  -5.3340669e-02   5.7272785e-01  -2.0207086e-01  -2.0016231e-01   1.0346228e-02   6.4748679e-02   1.1692772e-01  -2.9293402e-01  -1.4451907e-01   2.4569437e-01  -8.8024701e-02  -3.9982397e-01   6.1358359e-02  -2.6943432e-01   5.6251284e-02  -3.5172969e-01   7.0887583e-01   2.6840826e-01  -1.4523815e-01   4.7575798e-01   5.7418180e-02   3.3677620e-02  -3.8076817e-01   1.6198529e-01  -1.9569809e-01   3.3281327e-01  -6.1576819e-02  -1.9277211e-01  -3.2775719e-01  -9.1440716e-02   2.2218661e-01  -1.0718605e-01  -2.4365596e-01  -1.4353586e-01  -3.4599766e-01   3.0838699e-02   9.0735297e-02   2.1131494e-01   2.0277530e-01   2.3530154e-01  -3.9505768e-01  -2.1207144e-01   1.6418817e-02  -3.2885634e-02   3.0366248e-02   3.6025708e-01  -1.3510029e-01  -2.2174555e-01  -3.9570632e-01   5.0001255e-01  -9.5023974e-02  -4.4371837e-01  -1.7867252e-01   1.2223154e-01   6.6415352e-01   3.3693565e-01  -9.5540169e-02  -9.9348932e-02  -4.5832115e-01  -1.5659517e-01  -7.4008611e-02   2.4272655e-02  -3.2198971e-01  -5.8967400e-02   3.3097784e-01   4.2610076e-01   5.1073575e-02  -1.0582526e-01   4.7597131e-01  -2.3412759e-01  -1.8343599e-01   2.2753323e-01  -4.1097237e-02   2.7118271e-01  -5.6000942e-01   3.4750398e-01  -3.4238329e-01   3.7800595e-01  -5.5909480e-01   1.8640436e-01   4.2098491e-01   3.5281036e-01   6.9486712e-02   6.9757046e-01   6.3921468e-02  -1.9855641e-01  -5.5407220e-02  -3.5832065e-01   2.3685976e-01   1.6735457e-01  -8.5350912e-02  -1.7452222e-01  -9.8429816e-02   4.0500849e-01  -2.1527170e-01  -1.0366069e-01   3.2968285e-02   9.9639356e-02   2.8849809e-01  -3.2427497e-02  -2.3246357e-01   2.4446966e-01
  -4.0868701e-02   4.4898329e-01   9.9471487e-02   0.0000000e+00   4.1555515e-01  -2.1143177e-01  -2.4582107e-01  -3.1802127e-01   4.1312011e-01  -8.1235688e-02   2.3639359e-01  -8.7851158e-02  -9.0607936e-02  -7.3125222e-02  -2.5583088e-01   2.3061894e-01   2.4717881e-01   5.6629981e-01  -1.4016331e-01   9.7823833e-02   1.6354412e-01   4.2629065e-01  -2.3511499e-01  -2.7365336e-01  -5.5210228e-02  -2.6965036e-01  -2.1588225e-01  -3.8446939e-01  -1.2783939e-02   3.4436435e-01  -2.1307958e-01   4.2879939e-01   1.0281395e-01  -4.4411654e-01   1.8623395e-01   3.0863979e-01   2.0883636e-01  -1.8702360e-01   2.4784737e-01  -1.1620195e-01   2.0959986e-01   6.0181405e-02   8.6959786e-02  -1.3174548e-01   4.5580607e-01   1.1789907e-01   2.5129088e-01   1.0286387e-01   2.2716668e-01   4.9913067e-02   4.9886180e-01  -3.8687309e-01  -2.3739544e-01   2.1998420e-01   1.5816828e-01  -3.6538430e-01  -7.1301226e-02   4.8308526e-01   4.5324944e-01   3.4706117e-01   1.5875278e-01   2.6483201e-01   2.6729316e-01  -2.3597801e-01   2.6637200e-01  -2.7605122e-01  -2.1213246e-01  -4.4326723e-02  -1.1388060e-01  -7.9895606e-02   1.0926432e-01   6.0540085e-01   3.0031458e-01   1.3193462e-01   5.9233239e-02   1.7347712e-02   1.1799468e-01  -1.0175251e-02   4.9705044e-02   3.0115081e-01  -3.0115482e-01   5.3389768e-02   1.0153541e-01  -2.4986382e-01   1.3136482e-01  -7.0170685e-02   1.2163051e-01  -1.2218219e-01   1.9368729e-01  -7.3505194e-02   3.5105903e-01   2.8717888e-01  -4.2598114e-01   1.4413268e-01  -1.1975225e-01  -4.7104645e-02   1.9176515e-01  -2.9832997e-01   3.4571167e-01  -1.6607701e-01   4.8694916e-02  -4.9296675e-01  -9.9697804e-02   3.3580264e-01   3.1959339e-01   5.7792946e-01   2.6470350e-01  -3.7042778e-01   2.1356979e-01   7.4206745e-02  -4.5272435e-01   2.8660024e-01   3.5873771e-01   2.0530052e-02  -4.3808677e-01   6.3029152e-02   3.1268586e-02  -7.3137101e-02  -5.5206672e-02   7.1415340e-01   1.0615694e-01  -1.2257876e-01   1.1509883e-01   3.8627545e-01  -2.5894917e-02   3.1510987e-01   1.6476007e-01   1.7958600e-01   5.5664072e-01   8.1259508e-02   2.1487364e-01   2.3961304e-01   1.5069964e-01   7.1398665e-02   2.4031965e-01  -2.6528230e-01  -3.4622144e-02  -1.0912342e-02  -1.8191049e-01  -8.1307581e-02  -2.9015516e-02   1.7290866e-02   1.6817787e-01  -3.0163317e-01   1.9608426e-02   3.3947565e-01  -3.1849832e-01   1.1133617e-01  -1.1715185e-01   2.9438425e-01  -1.1535193e-01  -1.2133712e-01   4.6373271e-01   3.3518316e-01  -1.2463511e-01  -1.0661818e-01   7.8623733e-02   2.8802394e-01   2.6695952e-01  -3.8162304e-01  -5.5338336e-02   2.1197354e-01   1.3576613e-01   5.2419922e-01   4.0803007e-01  -2.7311621e-01  -1.8491686e-01  -1.1517167e-01   2.5055157e-01   2.6401114e-02   5.7471579e-02  -9.1601161e-02   4.3234544e-01  -3.5459733e-02   1.3520822e-01  -6.6037652e-02   5.1552083e-01
  -1.8874663e-01   3.0122619e-01   4.0570646e-02   4.1555515e-01   0.0000000e+00  -1.6027640e-01  -8.3098668e-02  -3.2829330e-01   1.9090334e-01   1.2007542e-02  -2.5375502e-01  -8.4569129e-02   1.9960404e-01  -1.3069376e-01  -4.4981916e-01  -4.4654089e-02   1.2031564e-01   7.1937908e-02  -1.7741985e-01   6.5354189e-01  -2.2030614e-01   7.8324056e-02  -2.8892232e-01  -2.7153094e-01   1.3474863e-01  -3.3450629e-01   9.1681747e-02  -5.1222498e-01   2.5190135e-01   3.6024637e-01  -5.8872312e-01  -9.7904209e-02   1.6999480e-02  -3.4126227e-01   3.6412704e-02   6.4854598e-01   2.2196385e-01  -2.6230881e-01   2.4256697e-02   1.8305602e-01   2.6191741e-01   3.1876152e-03   3.5296018e-01  -4.5464284e-01   2.4267883e-01  -1.4534897e-01   1.7472674e-01   1.0445174e-01   2.6266807e-01   1.9191782e-01   2.9806515e-02  -3.9723787e-01  -1.4469994e-01   2.6843350e-01  -1.4066839e-01  -4.9359062e-01  -1.8824024e-01   3.0405664e-02   3.9551719e-02   1.5613452e-01  -3.7951620e-02   4.8582273e-01   2.0496933e-01  -3.6419663e-01   2.5735255e-01   1.8681797e-02  -6.1638809e-02   6.2033808e-03  -2.3719270e-01  -2.6701064e-01   1.2196634e-02   2.2939584e-01   7.1874882e-02  -1.7499731e-02   4.2204785e-01  -1.8352258e-01   4.4387769e-02  -2.1817509e-01   4.9769105e-01   3.0283069e-01  -5.2666341e-01  -3.3942867e-02   5.3356015e-02  -3.8668906e-01  -4.5645233e-02  -1.2415698e-01  -2.5206883e-01  -6.0529037e-02   3.7417980e-01   6.6327553e-02   5.4565497e-01   7.9742297e-02   1.2412966e-02   6.9675981e-02  -2.7274197e-01   4.0786162e-01   3.3506272e-01  -8.3725964e-02   4.2542356e-01   3.8816254e-02  -2.7302554e-01  -5.2032039e-01  -4.3068683e-01   1.3521686e-01  -1.7872409e-01   2.3504811e-01   4.2931291e-01  -2.9494384e-01   1.9989676e-01  -1.7634768e-01  -2.3495852e-01  -1.2546503e-01   3.1737355e-01  -9.6551776e-02  -3.8489709e-01   1.4719079e-01  -1.3589167e-01   1.5803218e-01  -4.3157647e-01   2.1832164e-01   1.3054275e-01   4.9477579e-01   3.4362632e-01   3.0353541e-01  -1.6406129e-01   2.1436351e-01   9.7072478e-03   5.1664762e-01   1.7229781e-01  -1.1094799e-01   2.7456295e-01   2.2971831e-01  -5.5958494e-02  -3.0022869e-01   1.1902747e-01  -3.4201989e-01   1.8299377e-01  -3.9877475e-01  -2.3810592e-01  -2.3379007e-01  -2.0648727e-01   2.1728961e-01  -2.7253697e-02  -3.6121322e-01  -2.8851834e-01  -1.2131260e-01  -2.8865402e-01   7.4136264e-02   5.3639159e-02   1.7959991e-02  -7.0150363e-02  -5.0782360e-01   4.2556719e-01   4.3967588e-02   1.9589581e-01  -1.6807694e-01   4.5302691e-02  -4.8551766e-03   8.1521781e-02  -5.0024542e-01  -2.6539387e-02  -1.4319843e-01  -2.5430373e-02   1.0229374e-01   9.6769380e-02   1.4709153e-01  -2.2968064e-01  -3.1673310e-01   2.5961789e-01   3.2145569e-01   3.5340998e-01  -2.3512655e-01   2.7827050e-01  -9.1586482e-02   2.1809077e-01  -7.2237121e-02   2.8586548e-01
   9.6435084e-02  -3.6807420e-01   4.8347307e-01  -2.1143177e-01  -1.6027640e-01   0.0000000e+00   4.0546414e-01  -1.6921981e-02  -5.0561903e-01  -2.5637327e-02  -1.2132624e-01   1.9977702e-01   1.1907294e-01  -1.1079290e-01   3.0520525e-01   5.5477960e-03   1.4513925e-01  -1.1384676e-01   5.3667778e-01   1.2042529e-01  -3.5809503e-01   2.3199264e-01   1.8199854e-01   2.7052947e-01  -8.8672871e-02   3.1529489e-01   6.1949282e-01   3.2813626e-01  -8.8470115e-02  -2.2395667e-01  -2.5629079e-01  -2.5524667e-01  -1.9736849e-01   3.6124224e-01  -1.6784592e-01   2.2291041e-01  -5.4763142e-01   1.7647468e-01  -2.8591223e-01   1.0370370e-01  -1.7985656e-01   1.1390508e-02  -1.0806190e-01   1.3740839e-01  -3.2043281e-01   1.7706437e-01   2.3647914e-01  -3.3377752e-01  -4.6132021e-01  -1.3253780e-02   2.7905313e-02   1.5889480e-01  -1.4016084e-02   5.7525101e-02  -4.1225615e-01   4.4572698e-01   3.6277076e-01  -3.2980567e-01  -3.4593268e-01  -4.3229920e-01   1.2378481e-01  -1.5496016e-01  -4.6792630e-01  -3.5114197e-01  -5.8275484e-01   4.1193630e-01   5.6194026e-01  -1.4126616e-01   2.6864400e-01   6.0111460e-01  -2.4477341e-01  -3.0759483e-01  -2.2190174e-01   2.2779785e-02  -4.0274743e-02   3.2376244e-02   2.2187107e-01   1.7121660e-01  -1.7813394e-01  -1.8197005e-01   4.0824387e-01  -1.3835282e-01  -3.3243818e-01   2.4326400e-01  -1.7520563e-02  -2.2134028e-01  -3.3113404e-01  -2.0273643e-02  -3.8321119e-01   1.1693854e-01  -4.0068370e-01   9.1836845e-02   4.1817612e-01  -4.8270200e-01   2.0970846e-01  -3.9074041e-02   1.6457457e-02   3.1076711e-02  -1.5092549e-01  -6.6617723e-02   2.9789396e-02   3.3925926e-01   4.4274231e-02  -4.4678848e-01  -4.0419162e-01  -2.5855581e-01  -1.2307936e-01   3.4977955e-01  -3.1561751e-01  -1.0311755e-01   2.8063206e-01   3.4883274e-01  -1.9188873e-01   1.2536318e-01   4.1022797e-01  -4.6330324e-01   5.2142007e-02  -9.5713795e-02  -4.1141588e-02  -1.5016335e-01   7.4263874e-02  -3.6784577e-02  -3.4689167e-01  -5.1737243e-01   2.2606079e-01  -3.0419440e-01  -4.2375188e-01  -2.7569667e-01  -3.2534806e-01   2.0549612e-01  -4.9107358e-03  -2.1235380e-01  -3.1969081e-01  -5.4940646e-01  -4.3128406e-01   1.3033903e-01   1.1148218e-01  -3.8332048e-01  -6.0913273e-02   3.5608109e-01   2.7057655e-01   1.6309452e-01   6.8611039e-02   6.3620130e-01  -1.5328725e-01  -2.9816752e-01   2.8588523e-01   5.9912666e-02   5.7859503e-01  -5.9020333e-01   3.0016285e-01  -1.0724295e-01   7.8059288e-02  -5.5603736e-01   1.0163000e-01   2.7036787e-01   3.6082340e-03  -2.3250531e-01   7.6197851e-02   4.2369182e-01  -2.6383214e-01  -6.0271753e-02  -4.3582968e-01  -1.7355746e-01  -2.5576075e-01  -8.0461707e-02   8.1471102e-02  -7.1773685e-02   4.7930315e-02  -1.2445873e-01  -1.1153462e-01   5.1768272e-02  -1.1412702e-01   5.2183144e-01  -1.1793528e-01   1.7637459e-01  -1.4796472e-01
  -6.5434074e-02  -2.6522950e-01   8.9828608e-02  -2.4582107e-01  -8.3098668e-02   4.0546414e-01   0.0000000e+00  -1.5984822e-01  -2.8889652e-02   2.6769703e-01  -2.5019577e-01   3.4324874e-01  -8.9475035e-04  -4.3227911e-01   6.6001715e-01  -4.3512972e-04  -2.0089517e-01  -2.9306087e-01   3.2302810e-03   1.1090016e-01  -3.5837343e-01  -3.6641853e-01   5.9421265e-01   6.0681359e-02  -2.0208303e-01  -1.0876092e-01   3.0716791e-01   4.0301283e-01  -1.3784747e-03   1.5986091e-01  -3.5492257e-03  -2.0880912e-01  -9.2733448e-02   7.8102648e-01   2.4840017e-01   1.1358943e-01  -1.2440797e-01  -1.6041279e-02  -1.7120685e-01   1.2746648e-01  -1.7008399e-01   4.6799084e-02   4.2081044e-01  -1.5116169e-01   1.0398415e-01  -2.7359308e-01  -5.1557007e-02   4.1545192e-01  -1.3539273e-01  -6.1046897e-02   4.7296745e-02  -1.3229602e-02   4.0216200e-01  -7.5018493e-02  -5.9531500e-01   3.5800608e-01   1.5939625e-01  -1.3962433e-01  -3.6287667e-01  -6.8824687e-02  -2.8811956e-01   6.8426090e-02  -2.8431170e-01  -7.2873794e-02  -1.5880215e-01   8.6971578e-01   3.3707589e-01  -7.8335282e-02  -2.6505536e-01   1.2243178e-01   1.3225101e-01  -2.7316109e-01  -1.6896491e-01  -6.8650732e-02  -1.3202350e-01  -1.8155897e-01  -3.1843829e-01  -2.7333533e-01   1.5508295e-01  -1.9757359e-01   6.2746423e-01   1.1133501e-01   3.8703055e-02  -1.2528220e-01  -2.4813579e-01   6.2860172e-02  -1.2153153e-01   8.4991315e-02  -3.5261859e-01  -8.3972195e-02   2.6165113e-02  -2.7413625e-01   5.3388667e-01  -3.9618683e-02  -1.6114969e-01  -8.0533100e-02   8.6621696e-02   1.6527828e-02  -1.2291622e-01   5.2297498e-01  -2.2614207e-01   6.1730611e-01   1.1848686e-01  -2.3473840e-01  -3.6512749e-01  -1.5600305e-01  -1.4684337e-01  -3.4982468e-02  -8.7889217e-02  -1.7407691e-01   5.8050430e-01  -1.7812954e-02  -3.7190753e-01  -2.4654279e-02   2.6280354e-01  -9.0602479e-02  -1.6622939e-01  -1.9073620e-02   1.2692687e-01  -1.3224189e-01  -4.5201421e-01   3.1215354e-01  -3.4949859e-01  -4.6566368e-02  -3.0631895e-01  -2.1044430e-01   2.2607844e-01  -2.7808191e-01  -3.0932546e-01  -4.2544405e-02  -8.3320551e-02   3.3602129e-01  -4.1812042e-01  -7.9193306e-02  -8.9749072e-02  -7.7692619e-02   8.1239946e-02  -1.6654257e-01  -9.2028109e-02   9.7495229e-02  -1.7319199e-01  -2.0720049e-01  -2.8877705e-01   5.5082163e-01   3.6011407e-01  -3.9550101e-01   5.2781843e-01   1.0407056e-01   5.4368665e-01  -1.3017814e-01  -7.9519491e-02   4.3911294e-02  -2.6719544e-01  -1.5883114e-01   2.7875288e-01  -1.1348180e-01  -4.2207569e-01  -1.6535695e-01  -2.6200312e-01   5.3979474e-01  -1.6449230e-01  -4.8327659e-01   2.0049716e-01  -3.3821353e-01  -3.0161922e-01   3.9285582e-01   4.7042715e-01  -2.7622047e-01  -2.8667451e-01  -6.5712504e-02   3.8274961e-01  -2.6729205e-01  -2.4164141e-01   2.2360306e-01   6.5224378e-03   2.8188849e-01  -3.5380171e-01
  -2.7974887e-02  -3.3359890e-01  -2.1251532e-01  -3.1802127e-01  -3.2829330e-01  -1.6921981e-02  -1.5984822e-01   0.0000000e+00  -2.3904054e-01   5.1010622e-02   2.2695596e-01  -2.1793587e-01   2.2119278e-01   7.5697716e-02   1.4760342e-01  -3.1706741e-01  -3.2321919e-01  -1.9288437e-01   1.1021163e-01  -1.7249913e-01   1.9571597e-01  -1.7376762e-01   2.5229814e-02   1.2043212e-01   8.0883976e-02   6.4620323e-01   1.4601684e-01   2.3357027e-01  -1.4515100e-01  -3.8457623e-01   3.1676584e-01   1.8269562e-02  -2.1170248e-01   5.4014595e-02  -1.5990275e-01  -3.2851793e-01  -4.1204993e-02  -1.5508313e-01  -2.4661269e-01  -7.3678114e-03   1.7422454e-02  -2.4109873e-01  -2.8254082e-01   3.6318757e-01  -2.3858575e-01  -7.0103587e-02  -3.5130742e-01  -2.4760621e-01  -2.0784652e-01  -1.3843939e-01  -2.9090562e-01   7.8597330e-01   1.1563043e-01  -1.6266022e-01   1.3788559e-01   3.7611611e-01   3.1530889e-02   7.3623883e-02  -1.5091981e-01  -2.6762120e-01  -1.9841845e-01  -3.7633844e-01  -9.2552576e-02   2.3765534e-01  -2.1242401e-01  -1.7531994e-01   9.8072302e-02  -2.0127446e-01   4.9685344e-01  -8.6775889e-02  -1.1178570e-01  -2.8674351e-01  -1.4778779e-01  -2.9962558e-01   6.1856589e-02   1.2894672e-01  -1.6607567e-01   2.7902027e-01  -3.1241428e-01  -1.3490049e-01   1.8773758e-01  -2.9409386e-02   1.5229419e-02   5.0870418e-01  -1.8148672e-01   4.3515252e-01  -6.9305230e-02  -3.0347477e-02   1.7696757e-02  -3.8637023e-02  -3.6742933e-01  -2.9915130e-01  -8.0343914e-02  -1.0402515e-01   4.3568832e-02   1.5627006e-02  -2.1472753e-01   5.5022520e-01  -3.8114040e-01  -5.7316064e-02  -8.4692587e-02   2.9392918e-01   3.6723860e-02  -2.3926321e-01   1.5456651e-01  -1.2924612e-01  -2.1131092e-01   6.9391743e-01   3.5377590e-03  -1.8049606e-03   1.2939195e-01  -1.4212265e-01  -1.9931171e-01  -9.6067601e-02   1.6907858e-01  -1.2919724e-01   3.5983481e-01   1.2123551e-01  -4.5605059e-02  -2.6868822e-01  -1.4317331e-01  -2.3780379e-01  -1.3979349e-01  -1.9151042e-01   8.9504279e-03  -2.0251587e-01  -5.9936584e-02  -9.4534220e-02  -5.0688067e-02  -1.4668253e-01  -2.1830778e-01  -1.9434591e-01  -9.5827490e-02   1.7910700e-01  -1.3350446e-01   5.0867084e-01   4.3744320e-02   1.6717311e-01   5.5199379e-01  -4.0265952e-02  -2.9498751e-02   2.5322169e-01   2.5826181e-01  -7.2326206e-02   7.9983506e-02   1.4046197e-01   8.4758181e-02  -1.2317987e-01  -2.4198805e-01  -1.1329503e-02   1.8982412e-02   2.2734714e-01  -3.2760776e-01   2.8076555e-03  -1.4802486e-01  -9.9025369e-03  -3.9573607e-02  -1.9076032e-01  -2.7293807e-01   3.0015712e-01  -2.8598752e-02   2.1155007e-01  -2.1294592e-02  -1.5436003e-01   2.5179008e-03  -4.6310503e-02   6.8476816e-02   1.5404122e-01  -3.1592928e-01  -3.0965699e-03  -3.6540655e-01   1.5619040e-01  -3.3004336e-01  -2.5887778e-01   3.7565293e-02   1.0937375e-01  -2.1552779e-01
  -2.5797259e-01   4.9399914e-01  -4.2686633e-01   4.1312011e-01   1.9090334e-01  -5.0561903e-01  -2.8889652e-02  -2.3904054e-01   0.0000000e+00   1.2551841e-01   1.2378357e-01   2.3154085e-01  -2.9030690e-01  -2.5105993e-01  -1.3855665e-01   1.0311941e-01  -1.8914837e-01   4.4633747e-01  -2.6586086e-01  -3.1711067e-01   6.7610280e-02  -1.1704967e-02  -1.0235653e-01  -4.5370194e-01  -9.6834186e-02  -3.6783774e-01  -5.2139014e-01  -2.6818426e-01   1.4385456e-01   6.8751456e-01   9.1565253e-02   2.5722230e-01   3.6782304e-01  -2.4545094e-01   5.7274460e-01  -1.8293595e-02   4.8500702e-01  -1.0157251e-01   2.8435186e-01  -2.0992514e-01   7.3560052e-02   2.0146108e-01   5.2545663e-01  -1.1885005e-01   7.2310557e-01  -3.2633656e-01   9.4899629e-02   5.4535277e-01   6.4542006e-01  -1.3306985e-01   2.8543965e-01  -2.8969931e-01   1.3939895e-01   9.7188323e-02   4.2444678e-02  -3.5392532e-01  -1.5290035e-01   2.1341046e-01   4.2448968e-01   7.0519837e-01  -2.4804924e-01   2.5639280e-01   6.1189875e-01   2.6151140e-01   7.5647748e-01  -6.4010063e-02  -2.2948746e-01   3.7124355e-01  -2.6711466e-01  -3.8307374e-01   2.4492516e-01   5.4371528e-01   6.5090368e-02   6.9966567e-02  -9.4746595e-02  -1.1674652e-01  -2.9608835e-01  -1.2809670e-01   3.5873784e-01   3.2021034e-01  -2.3366197e-01   1.3333634e-02   1.2983719e-01  -1.7403093e-01  -1.4311213e-01  -2.1030017e-01   5.3626033e-01  -1.5965092e-01   4.0212856e-01  -1.5819757e-01   5.8681256e-01  -8.4731746e-02  -3.9572931e-01   6.5096100e-01  -2.8605845e-01  -2.3427778e-01   2.8862055e-01  -8.7249429e-02   3.7777915e-01   1.1884788e-01  -1.6981983e-01  -1.9699920e-01   4.6418215e-02   8.1069731e-01   3.8532471e-01   1.2907122e-01   2.2884027e-01  -3.3975912e-01   3.6394408e-01   1.8917619e-01  -3.5636794e-01   1.0457843e-01   9.8899505e-02  -1.6160056e-01  -5.3104151e-01   5.8422602e-01  -7.7233189e-02  -6.0286471e-02  -7.8771905e-04   5.2487009e-01  -2.3795101e-01   2.5551888e-03   2.3810916e-01   6.6985444e-01  -3.8380934e-01   3.5568941e-01   6.2633963e-01   2.4340682e-01   1.9903178e-01  -2.2896127e-01  -6.4151334e-02   3.5902349e-01   1.3919896e-01   4.2671127e-01   5.8657923e-01  -2.9951638e-01  -9.2838357e-02   1.4896798e-01  -3.0362599e-01  -3.4143294e-01  -4.6649420e-01  -3.3897072e-01  -4.5035376e-02  -3.1556833e-01   1.7329545e-01   2.8827625e-01  -2.8191578e-01   1.7999101e-01  -9.1451299e-02   5.1582403e-01  -3.4895066e-01   4.7058551e-02  -5.7343354e-02   6.0942831e-01  -2.3181281e-02  -3.5357333e-01  -3.5685550e-01   3.0828574e-01  -1.1265311e-01  -3.2973470e-01   4.4279385e-01   4.3082772e-02   2.6172367e-01   2.9345759e-01   2.4325735e-01   4.0163213e-02   4.7027311e-03  -1.2722342e-01  -2.0547678e-01  -2.3027646e-02   3.3099950e-01  -3.6178691e-02   4.3051789e-01  -5.4578949e-02  -6.4719925e-02   1.5565117e-01   2.5183608e-01
  -2.9748861e-01  -1.3795852e-01  -8.8034638e-02  -8.1235688e-02   1.2007542e-02  -2.5637327e-02   2.6769703e-01   5.1010622e-02   1.2551841e-01   0.0000000e+00  -2.0348963e-01   2.3887066e-01   1.1224878e-01  -1.7973045e-01   5.4249352e-02  -1.8926172e-01  -2.6834310e-01  -2.7054250e-02   9.2614899e-03   8.7955383e-02  -2.0001057e-01  -1.5872259e-01   1.2411981e-01  -3.4130372e-01  -2.4351197e-01   8.1343122e-02   5.8713832e-03  -5.6045507e-02  -6.0591189e-02   8.1866067e-02  -2.1022271e-01   1.4029931e-02  -1.8357341e-01   2.5090351e-01   2.4399803e-01  -1.4890556e-02   5.4941241e-01  -4.2668738e-01  -1.7065399e-01   1.5645608e-01   4.1622640e-02  -1.7137585e-01   3.7661030e-01  -6.3019107e-02   2.5318205e-01  -4.3791539e-01  -9.4102205e-02   1.2446815e-02   3.9194558e-01  -1.6462097e-02  -1.4506490e-02   1.6114919e-01  -1.0739745e-01   3.4876010e-02  -3.8211622e-01   4.3648446e-02  -6.5872143e-02   1.9316722e-01  -7.6372791e-02   1.3030277e-01  -3.6017778e-01   2.0212405e-01   9.1034985e-02  -2.4828018e-01   1.3266328e-01   2.7117045e-01  -1.9833311e-02  -9.6380109e-02  -1.6248121e-01  -2.0008137e-01   4.4665769e-02   1.0917504e-01   1.8796396e-02  -2.3655980e-01   6.6803220e-02   1.0258326e-01  -4.0639480e-01  -1.6021953e-01   1.9602509e-01   9.6591902e-03   9.7387691e-02   3.3091225e-02  -6.0761983e-02  -3.3600212e-02  -4.5935348e-01   2.2184612e-01  -1.6679212e-01  -4.3054766e-01  -6.3324234e-02  -3.7174185e-01   1.7190103e-01  -2.1430564e-01   2.2454960e-01   1.3166685e-01  -3.6077209e-01   4.2496154e-01   5.4549758e-02   1.8398802e-01   1.3907201e-01   7.2535899e-01  -4.8808148e-01   1.0911558e-01  -9.3006971e-02  -5.7340312e-02   7.0220223e-02   8.2943208e-02   2.3075488e-01   2.0624655e-02   7.3992898e-01  -2.3904341e-01   2.2519332e-01  -1.8957278e-02   1.4523112e-01  -3.1276001e-01  -1.7180586e-01  -6.6014000e-02   5.5952007e-02   1.6200827e-01  -8.4631233e-02   1.4397872e-01  -4.8294272e-01   3.2676990e-01   5.9813755e-02   1.0673148e-02  -5.0451499e-01  -1.4403686e-02   2.6131241e-01   5.8622417e-02   1.2794450e-01  -2.9036183e-01  -6.2062625e-03  -9.5189240e-02  -1.5222468e-01  -1.4514505e-01   2.3935566e-01  -5.1667448e-02   6.3615510e-02  -3.3882208e-01   1.4680480e-01  -3.6761931e-01  -4.8817671e-01   7.6736212e-02  -5.9015647e-03   1.4328213e-01   1.4371505e-01   7.5686406e-02   2.7439126e-01  -1.8628311e-01   1.7381917e-01  -2.9718023e-04  -3.2490726e-01  -1.0892645e-01  -3.2675834e-01  -1.1622683e-01   2.8700220e-01  -4.8818195e-01  -3.9088214e-01  -3.3213699e-02  -2.6565334e-01   8.9934406e-02   3.0181672e-02  -3.1603833e-01   6.2352152e-02   3.7720468e-02   2.3250588e-02   2.7878346e-01   2.3870328e-02  -3.1382302e-01  -4.8399181e-01   2.6400958e-03   2.9712428e-01  -5.3378812e-01   1.2872743e-01  -7.5137048e-03   2.5812519e-01   1.7748709e-01  -5.6555050e-02
  -1.9781370e-02   6.4789660e-02   9.9007448e-02   2.3639359e-01  -2.5375502e-01  -1.2132624e-01  -2.5019577e-01   2.2695596e-01   1.2378357e-01  -2.0348963e-01   0.0000000e+00  -2.7884342e-01   2.8342683e-02   2.1914936e-02   9.4181645e-02   2.3932364e-01   1.7177063e-01   4.1317702e-01  -7.3141581e-02  -4.8613437e-01   4.9934415e-01   1.8070946e-01   6.3918537e-02  -1.4803832e-01  -5.0894158e-02   9.2270888e-02  -2.1621289e-01   1.9788836e-01  -1.1866964e-03  -8.9284350e-02   4.5916418e-01   1.3369366e-01   2.9588103e-01  -3.4645358e-02   4.8122272e-02   1.3524319e-02  -5.1116566e-02   1.6256002e-01   2.9977672e-01  -2.5849065e-01   2.0402990e-01   2.2019714e-01  -2.5811648e-01   4.1293233e-01   2.0334740e-01   1.3816694e-01   3.7169371e-01  -1.2491765e-01   5.4007643e-02  -7.5563205e-02   4.2903752e-01   1.1004446e-01   1.0333334e-01  -9.6154667e-02   4.0340903e-01   2.5203745e-01   8.2020016e-02   1.6040584e-01   3.4973568e-01   1.7244851e-01   2.1696299e-01   2.0759661e-01   6.6052921e-02   4.0546688e-01   4.8033742e-02  -2.1844811e-01  -1.7593763e-01   1.8061711e-01   3.0556400e-01   4.6185411e-02  -1.2735551e-01   2.0876076e-01   3.4299958e-01   3.3458068e-02  -1.7639769e-01  -9.1045609e-02   1.8726284e-01   6.7029248e-02  -3.2675948e-01   2.5599450e-01   1.0329969e-01   1.3033961e-01   1.5239305e-03   2.4602300e-01   1.3060783e-02   2.3991693e-02   3.1702346e-01  -7.1210139e-02   6.6583890e-02  -2.4730822e-01  -1.5837298e-01   1.8351183e-01  -2.9786770e-01   1.7723353e-01   1.8947706e-01  -4.1995720e-01   1.1825977e-01  -5.3233330e-02   7.7999430e-02  -2.7920617e-01   9.6540248e-02   6.7743223e-02   2.7583431e-01   2.4361725e-01   2.8168232e-01   7.8602647e-02  -1.3994759e-01   1.4161411e-01  -9.1695555e-02   3.6567088e-01  -2.3211911e-01   2.2528428e-01   5.2691269e-02   8.0468667e-03  -1.5785778e-01   1.5469357e-01   1.9994064e-01   1.2929828e-01   2.0907084e-01   1.3346116e-01   6.4287943e-02  -6.5148697e-01  -2.5012978e-01   4.3787352e-02   1.2245828e-01   3.5596843e-02   6.2042536e-02  -3.1257650e-03   1.4699900e-01   1.1127454e-01   1.2193575e-01   3.3850671e-01   3.8431575e-02   4.3688516e-01   5.3553761e-02  -6.1115058e-02   5.2234628e-02   3.7161944e-01   7.8507031e-02   8.1506046e-02   3.3490402e-02  -5.8618151e-02   1.6486115e-01  -2.0430537e-02   2.6121189e-01   2.8290935e-01  -2.8849847e-01   4.0585994e-01   2.9177448e-02   1.7856886e-01  -1.6712282e-01   3.7235495e-01  -6.9505665e-03   2.5218452e-01  -3.7528057e-01   1.4689169e-01   6.0151036e-02   3.4124421e-01   1.9167037e-01   7.1850867e-02   2.0676529e-01   3.9165778e-01   1.7207460e-01   1.9261576e-01   1.2714377e-01  -1.9407248e-01   1.5916941e-01   1.7408375e-01   3.8701753e-02  -7.4350180e-02  -2.6054428e-01   4.0399392e-01   1.2636970e-01   9.1129921e-02  -3.2737635e-01   1.6865213e-02   1.7591991e-01
  -1.5735573e-01   2.2095236e-01   1.0384543e-01  -8.7851158e-02  -8.4569129e-02   1.9977702e-01   3.4324874e-01  -2.1793587e-01   2.3154085e-01   2.3887066e-01  -2.7884342e-01   0.0000000e+00  -1.9633874e-01  -1.6580585e-01  -1.7462535e-02   3.9968843e-01   7.0264189e-02   1.2771041e-01  -8.9987181e-03  -8.4167331e-02  -4.2679170e-01   1.9678707e-01   6.3737722e-03   2.1338854e-02  -2.9984488e-01  -1.2884930e-01  -1.8943195e-01   2.1865365e-03   2.6284338e-01   1.8638875e-01  -2.0832378e-01   2.0549049e-01   2.2569680e-01   1.3981591e-01   4.7037981e-01  -1.6924746e-01   1.9951339e-01   1.2209089e-01   2.6666026e-01   1.8150042e-01  -1.4363088e-01   3.7110313e-01   5.0976382e-01  -2.5732288e-01   3.2932031e-01  -1.5502017e-01   6.6771652e-02   3.4957653e-02   3.0662053e-01   3.5532507e-01   1.6691871e-01  -1.2154041e-01  -1.5026855e-01   8.0414143e-02  -4.9291770e-01  -7.1185246e-02   1.5210767e-01   1.0970670e-01   1.8862980e-01   3.5312560e-01  -1.2118796e-01   4.0072820e-02   3.1445402e-01  -1.9175053e-01   2.0603628e-01   2.5672439e-01   5.5777073e-02   3.4734878e-01  -2.8829552e-01   4.9986349e-02   1.7409271e-01   2.4084466e-01  -1.2178292e-01   3.5563973e-01  -1.5917636e-01   4.3590077e-02  -1.9986811e-01  -1.7711595e-01   3.4057934e-01   1.7955498e-01   5.6425139e-02   2.1221794e-01  -4.1601647e-02  -1.2204154e-01  -7.5074762e-02  -2.1195738e-01  -7.1918994e-02   1.2956658e-02   2.7333047e-02  -3.4989949e-02   5.2768920e-02   1.0894201e-01   3.4457551e-01   3.3254816e-01  -8.2824445e-02   8.3391637e-02   2.6279918e-01  -1.9050267e-01   3.1001723e-01   2.6642155e-01  -5.7203980e-02   1.2101797e-01  -1.9666259e-01   2.3492708e-01   2.0997334e-01  -2.3034485e-02   9.4698826e-02  -1.8404905e-01   3.0073465e-01  -3.1734639e-01   2.1551006e-01   2.3628516e-01  -3.4452627e-02  -2.0957358e-01   8.3544436e-02   1.0432671e-01  -1.5009572e-01   5.3043834e-02   2.8372003e-02   1.9474408e-01  -2.6389821e-01   3.4212255e-01   1.4796136e-01  -2.0620825e-02  -1.9133074e-01   2.6688458e-01   1.9654336e-01  -2.1855247e-01  -5.8760153e-02   6.7493000e-03   2.0265237e-01  -1.7689893e-01   1.4329730e-01  -1.6934039e-01   3.6706821e-01   7.6918588e-02   4.2617079e-02  -2.9345622e-01  -1.5445983e-01  -2.6977505e-01  -3.6388454e-01  -2.6003124e-01  -2.6226830e-01   3.7516547e-01  -7.2022599e-02  -8.9411417e-02   4.0855215e-01  -2.8237802e-01   2.6569894e-01  -1.6179173e-01   8.6551793e-02  -2.1388995e-01  -2.5230466e-01  -1.7343203e-01   4.8702746e-01  -1.3147989e-01  -3.2693517e-01   2.2981760e-01   2.2152020e-02   7.5666296e-02   2.8400312e-01  -3.1510713e-01  -2.7170582e-01   2.4323045e-01   1.7012317e-01   3.3615604e-01  -2.8818915e-02  -1.3262795e-01  -2.6574370e-01  -1.0655364e-01   3.5456905e-01  -2.0913034e-01   3.2246997e-01   3.8283697e-01  -1.8055619e-01   1.1532862e-01   1.4037644e-01
  -5.0421109e-02  -2.3076794e-01   2.2074642e-02  -9.0607936e-02   1.9960404e-01   1.1907294e-01  -8.9475035e-04   2.2119278e-01  -2.9030690e-01   1.1224878e-01   2.8342683e-02  -1.9633874e-01   0.0000000e+00   1.7062278e-01  -6.2881571e-02  -1.5088793e-01  -1.3615602e-01  -3.0210392e-01   5.3633132e-02   3.1295769e-01   5.9873143e-03   1.2572733e-02   6.8847171e-02  -1.0286160e-02  -1.4585143e-02   1.4179129e-01   1.7246512e-01  -6.1812516e-02   1.2016788e-01  -2.5234889e-01  -8.3679881e-02  -2.7679117e-01  -1.6614881e-01   8.2551374e-02  -1.9644342e-01   9.8699409e-02   2.9890756e-02  -8.3699306e-02  -1.6210190e-01   6.0602954e-03   6.1602832e-01  -1.4065559e-01  -3.9380606e-02   1.7033378e-01  -2.5599268e-01  -1.9377994e-01  -4.2057169e-02  -1.9908745e-01  -2.2090441e-01   3.9506264e-02  -1.6174153e-01   2.0270152e-01   5.0463353e-02   4.1974472e-02  -1.6422900e-01   1.5927800e-01   8.5360904e-03  -1.9742387e-01  -6.3486284e-02  -2.4786755e-01  -1.5087284e-01   1.1351813e-01  -2.5718762e-01  -8.7972780e-02  -3.5135793e-01   1.2651193e-01   1.2535797e-02  -1.3673390e-01   8.7563183e-02  -2.6174500e-01  -1.1396027e-01  -1.4231471e-01   3.7645345e-01  -9.9210172e-02   2.3141754e-01   6.4747963e-03  -6.7253916e-02   1.2803506e-01  -3.9093233e-02   4.4294595e-02  -4.9021658e-02   2.2712998e-01   1.6682360e-01   1.4996959e-01  -5.4492942e-02  -4.6277660e-02  -2.8773683e-01  -1.2953703e-01  -8.1010375e-02   1.8595346e-02  -1.6496038e-01  -8.0003582e-02   2.7376979e-01  -2.4813522e-01  -8.0475147e-02   2.5733246e-01   1.8419446e-01   3.2940308e-01  -7.0552011e-02   8.6669254e-02  -2.6335542e-01   1.0497653e-01  -2.8720155e-02  -3.2077931e-01  -2.2715117e-01  -1.4979817e-01   3.0500503e-02   2.3181767e-01   5.6596266e-02  -1.0511513e-01   1.6304808e-01   1.0503723e-03  -3.4644468e-02  -1.5122915e-02  -1.0806200e-01  -2.4352991e-01   3.1517353e-01   6.8140940e-01  -1.6091341e-01  -1.2367314e-01   1.1627612e-02   1.9243724e-01  -4.4017598e-02  -2.2664436e-01  -8.2098058e-02   1.4817875e-02  -2.8471293e-01   1.3081129e-01  -2.0196096e-01  -3.0220148e-01   3.0898921e-01  -7.6801149e-02  -2.4088450e-02  -2.1388447e-01  -8.6290215e-02   1.0170119e-01   2.1735503e-01  -1.6057918e-01   1.5480983e-01  -2.0610853e-02  -1.1737728e-01   7.0332945e-01   1.6804896e-01  -6.8832849e-03  -1.6488284e-01  -1.8308068e-01  -3.1013680e-02  -8.5781017e-02   1.4445424e-01  -1.2503484e-01  -1.5974596e-02  -1.8760750e-02  -3.5540758e-02  -1.7543158e-01   6.7374544e-02   7.4825084e-03   5.6585510e-02   1.3799949e-01  -1.3660975e-01   8.1134268e-02  -7.9622797e-02  -2.0656725e-02   2.1758645e-02  -1.5280480e-01  -2.2108225e-01   1.6563553e-01   1.3206496e-02   6.0068659e-02   8.5538467e-04   1.8778354e-01  -1.7558282e-01   2.5342201e-02  -1.4967079e-01   2.2926022e-02  -5.5418465e-02   1.3485443e-01  -7.0838229e-02
   4.0132584e-01  -1.6296351e-01   1.9165001e-02  -7.3125222e-02  -1.3069376e-01  -1.1079290e-01  -4.3227911e-01   7.5697716e-02  -2.5105993e-01  -1.7973045e-01   2.1914936e-02  -1.6580585e-01   1.7062278e-01   0.0000000e+00  -3.4687391e-01  -1.1037818e-01   7.8824121e-02   1.2269527e-01  -2.0458088e-02  -9.0069742e-02   5.2350865e-02   3.0254722e-01  -3.8850075e-01   3.8929872e-01  -2.0039896e-01   2.2770080e-01  -3.8372080e-02  -1.7031023e-01   9.1930795e-02  -2.9920082e-01   4.1020223e-02   3.4446243e-02   1.1485572e-01  -3.5390210e-01  -1.5104557e-01  -7.9241529e-02   1.8587581e-02   9.7278687e-02   1.2191087e-02  -8.6114981e-02   1.3441022e-01   6.1992741e-02  -3.2363524e-01   1.0928995e-01  -2.0414410e-01   3.4494729e-01   1.3159815e-01  -4.0589452e-01  -5.0987783e-02   6.6502693e-02   9.5594109e-02  -4.3488856e-02  -3.1397526e-01  -2.6908291e-02   5.3662319e-01  -4.0397673e-02  -9.1496655e-02   3.7534729e-02   1.1418438e-01  -1.7643028e-01   3.0179669e-01  -1.7805732e-01   7.9817314e-03  -1.0972538e-01  -8.2542603e-02  -4.9030607e-01  -2.0050048e-01   1.9674275e-03   1.0931786e-01   1.7636780e-02  -2.3908972e-01   6.2715056e-02   1.3955662e-01   4.7097066e-01   3.5252554e-02   4.2030012e-01   3.5176296e-01   2.2709552e-01  -8.9159673e-02   1.1446377e-01  -3.1427503e-01   4.8719987e-02  -8.8101641e-02   1.7648105e-01   6.3071000e-01  -8.3450433e-02  -2.4143712e-02   2.0207484e-01  -1.4003021e-01   5.1158696e-01  -2.5369831e-01   2.9905483e-01  -1.7452763e-01  -2.5861570e-01   4.6736708e-01   1.5021023e-01   2.2137668e-02  -1.0031404e-01  -6.9458270e-02  -2.7815576e-01   5.4382171e-01  -3.3273770e-01   3.1028950e-01  -1.3979233e-01   9.1239951e-02  -1.1475125e-01  -5.0232911e-02  -5.5008420e-02  -2.7699854e-02  -1.5333446e-01  -1.6730220e-01   2.7931830e-01   5.2849935e-02   2.7069085e-01   2.8145512e-01  -6.6188319e-02  -2.3709570e-02   5.4979488e-02  -4.1599360e-02  -2.6926748e-02   4.5300331e-01  -9.8439111e-02   1.7994148e-02  -2.7520630e-02   4.6128772e-01   3.0693921e-01  -3.2584079e-01  -1.2094343e-01  -1.7074369e-01   6.4105101e-02   1.6022165e-01  -4.2602564e-01   5.8350760e-01  -1.2941874e-01  -2.8231723e-02   4.7016082e-01   9.6945094e-02   5.9146500e-02   1.1608369e-01   6.4603244e-03   2.9855310e-01   1.3439469e-01   3.3870988e-02  -1.7059428e-01  -2.6371842e-01   2.8505332e-01  -1.7523015e-01  -1.5859203e-01  -3.2142347e-01  -1.4796980e-01   5.3660017e-01  -8.9736024e-02   1.8999822e-01  -1.2319165e-01  -6.1858134e-02   1.6685386e-01   4.0146217e-01   9.4699088e-02   2.9404532e-01  -2.1802572e-01  -1.9893983e-02   2.6158170e-01  -3.1891064e-01   2.5627586e-01   3.2390075e-02  -2.7499063e-01  -4.1413877e-01   5.4924729e-01   3.9252621e-01  -2.1849476e-02  -3.0083206e-01   2.6912550e-01   6.1279330e-02  -5.1629407e-02  -2.1848677e-01  -4.6781001e-03   2.6717155e-02
