   0.0000000e+00   1.3121941e-02   8.1615020e-03   1.1758024e-01   2.7254235e-02  -1.3669272e-01  -3.4859067e-01  -5.2666126e-02   3.3397210e-01   6.0300724e-02  -9.4528374e-02  -1.7687702e-01   6.7072303e-03   6.9155800e-01   2.5753066e-02  -1.7225699e-01  -2.9683077e-03  -2.9335662e-02  -1.9276486e-01  -4.4781215e-02   1.3298482e-01  -1.7989272e-01   1.3828783e-02   5.5777099e-01   6.8552343e-02  -1.4732449e-01  -1.8013545e-01   2.3112730e-01   1.5541227e-01  -1.2122114e-01   3.7488235e-02  -6.8688222e-02   1.7591101e-01  -2.4463404e-02   9.8967760e-03  -5.0836209e-02   1.4294904e-01  -1.2406420e-01  -1.9547461e-01  -2.5555540e-01   1.6634447e-01   1.7304702e-01   1.5269962e-01  -8.6549077e-02  -1.0644972e-01   3.8058233e-01  -3.3546688e-01  -4.4210161e-02   2.5181066e-01  -2.0750129e-01   1.4925771e-02   7.0610978e-02   6.4479263e-02   2.4644920e-01   5.7427606e-01  -8.9496262e-02  -9.5041743e-02  -2.5030098e-01   1.2735693e-01  -8.0204236e-03   3.6516537e-02   2.1344632e-01   1.3655907e-01   2.9905239e-01   1.1933362e-01  -1.0820076e-01  -3.1838824e-01  -9.6455868e-02  -1.6012802e-01   1.3877446e-01  -1.6285010e-01  -2.6902189e-01  -6.8806440e-02   5.4719290e-01   1.5540869e-01   2.0205220e-01   3.5051397e-02  -2.7036850e-01  -3.6511618e-02   2.6079125e-01  -1.9378823e-01  -1.6987424e-01  -9.9518125e-02  -3.1380649e-01   1.2340599e-02   1.8303210e-01   4.1798159e-01   6.5245473e-01   1.0229970e-01   8.8713505e-01  -1.3547833e-01   6.9901655e-02  -1.0813148e-01   2.2918801e-01   9.8961683e-02   5.3071773e-02   2.2229067e-01  -1.0317345e-01   2.8473063e-01   7.7943412e-02  -3.8421490e-03   1.2306573e-01  -5.4021530e-02   1.6216715e-01  -4.8509079e-02  -1.3188816e-01   2.2291830e-01  -1.7822277e-02   4.9339746e-02  -7.5086283e-02  -1.5877701e-01  -4.6653762e-01   1.8210269e-01   8.5609957e-01  -1.4962120e-01   2.8439958e-02  -3.3378422e-01   3.1528818e-02   2.8053687e-01   6.6470586e-02   5.1984428e-01  -6.5181038e-02  -7.7811733e-02   1.8002066e-01   6.7937597e-01   3.5214852e-01  -8.0213562e-02   2.6632678e-01  -2.6650726e-02  -1.9992753e-01  -2.8896655e-01  -1.4546297e-01   5.0951056e-01   2.6379451e-02   6.3256872e-02   9.4790851e-02   2.1390899e-01   1.5083306e-01   7.3191424e-02   5.8816430e-01   8.5007260e-01   2.8383716e-01  -2.8174167e-01  -2.4195008e-01   8.5812136e-04   1.3271593e-01  -3.2710365e-01   4.8438269e-03  -1.3187899e-01   2.0097513e-01   5.7617379e-01  -6.5342510e-02   3.1684377e-01  -4.0558192e-02  -3.9772128e-01   5.5005792e-01   5.9030633e-01   3.9925306e-02   1.9864630e-01  -2.6250528e-01   1.0942642e-01  -2.7437545e-01   4.0104335e-02  -1.9452956e-02  -3.1937373e-01  -2.1663366e-03  -3.3337651e-01   3.6914835e-02   4.3903563e-01  -1.8296059e-01  -2.5925810e-01   1.7637448e-01  -1.0012028e-01  -3.8609886e-01   1.5054172e-02  -1.2666081e-02  -1.9414405e-01
   1.3121941e-02   0.0000000e+00   3.4568854e-01   2.6151758e-01   1.4944880e-01  -2.7026564e-01   3.5642944e-02  -1.4669877e-01   2.9034377e-01  -5.9158009e-03   9.9996184e-03   2.9894163e-01  -3.8388554e-03  -1.3564844e-01   1.1832093e-01   8.7014692e-02   5.2144278e-01   7.5897426e-02  -1.9733486e-01  -5.8618787e-02  -2.1115162e-01   1.5491593e-02  -1.2869998e-01  -1.5724910e-01   8.7025947e-03  -1.5476151e-01   2.1418719e-02  -6.0612055e-02   2.1847928e-01  -6.8577324e-02  -1.8465472e-02  -1.5644696e-01   3.9127316e-01   2.3370027e-02   1.4124597e-01  -2.8610032e-02  -5.9487860e-02  -6.9853449e-02   9.8157630e-02   1.8489020e-01   2.5180926e-02   3.5041489e-01   3.3850421e-01   3.3039576e-02   1.1290666e-01   6.4880220e-02  -2.4831858e-02   9.1609910e-02  -1.3119128e-02   4.7837424e-01  -1.1539365e-01  -2.1032111e-01   4.1792434e-02   2.1340601e-01  -2.2280453e-03  -4.0528823e-02  -1.0770659e-01  -2.0416776e-01   3.7643568e-01   6.0639250e-02   3.2350388e-01   2.6805654e-02   2.7736041e-01   2.0371717e-01   2.4349302e-01   1.6093483e-01  -1.0134607e-01   1.6501458e-01  -2.1995076e-01  -3.2128044e-03   4.0308800e-01   1.4798375e-01   1.1481833e-02  -7.9848073e-04   3.5348152e-02  -2.5505297e-01   2.0759069e-01   6.2973404e-02   2.7089317e-01   1.8913722e-01  -9.4194211e-02  -4.6725507e-02   8.4515054e-02  -4.1968730e-02   3.2277226e-01  -2.1510097e-01   2.4748896e-01  -9.6711135e-02   1.8939024e-01   1.1008140e-02   2.7444729e-01   3.4280405e-01   4.2751420e-02   2.7122167e-01   1.4397247e-01   7.3385734e-04   2.3506308e-01  -2.5470879e-01   3.8231007e-01  -8.7405795e-02   8.3797112e-02  -1.2115674e-01   1.7841247e-01   4.4445331e-01   3.6921769e-03   7.8346036e-02   3.2727096e-01  -2.3168329e-01  -4.2834360e-02  -1.3828527e-01  -4.9439226e-02  -2.1517796e-01   2.7006753e-01   1.6182831e-01  -2.6010969e-03   1.6970919e-01  -1.6664651e-01  -1.2793043e-02  -6.5538620e-02   2.8980900e-01   1.9102188e-01   9.1417101e-02   3.9272101e-03   1.3847839e-01   1.6999209e-01  -4.6948611e-02  -9.3805003e-03   4.1539528e-02   5.4731808e-02  -1.9695257e-03   1.7753781e-02   1.3264276e-01   1.8958917e-01  -2.5878602e-02   2.4489102e-01  -9.5868445e-02   1.4880365e-01  -1.3476905e-01  -7.5338015e-02   4.8488743e-02  -1.3967256e-01  -2.1632643e-01  -1.1877784e-01  -1.4420989e-02  -6.6679420e-02   1.1246637e-01   1.7946155e-01   6.2359289e-02  -1.7789770e-01   1.2450185e-02   1.3681741e-01  -8.8271303e-02   4.0372233e-01   1.9312607e-01   4.2273758e-01  -2.4196586e-01   1.1604910e-01   2.9065305e-01   4.9930870e-01  -5.5013418e-02   2.4935471e-01  -3.8353256e-02   1.2556142e-03   1.6893466e-01  -9.6500572e-02   1.0377254e-01   2.0780400e-01   3.0020196e-02   4.1732883e-01   1.3549708e-01   1.3738574e-01  -4.7813881e-01   2.2730402e-01   1.8523378e-01   6.3512881e-03   1.0018420e-01   1.4843296e-01
   8.1615020e-03   3.4568854e-01   0.0000000e+00   4.0661982e-01  -1.2096260e-01  -5.6169334e-02  -1.6417264e-01   3.2010914e-02   3.9623432e-01  -8.6373681e-02   9.8948102e-02   1.5366829e-01  -3.5490069e-01   8.8676310e-02   1.5914333e-01  -2.1425818e-01   8.3788970e-01   2.2648130e-01  -1.6561947e-01  -2.2319590e-01  -2.7421863e-01   3.8667896e-01   1.8268416e-01   2.1137438e-02   1.0921952e-01   1.7858705e-01  -7.4895256e-02   3.1376316e-01   2.7483683e-01  -9.4779299e-03   2.0119250e-01   4.9075697e-02   2.3866440e-01  -4.2529284e-02   2.4983267e-01  -2.7137063e-01  -8.8784952e-02  -2.1864774e-01  -2.2317977e-01   3.7633008e-01  -3.0311397e-01   3.5140570e-01   3.7296062e-01   2.0637666e-01  -7.6337888e-02   4.6203919e-01  -2.3789647e-02  -3.7187547e-01   4.1067785e-02   5.7440400e-01   4.4153706e-02  -3.1957976e-01  -2.5808186e-01   2.6720320e-01  -1.5698394e-01   1.8461220e-01   1.1992124e-01   1.6235665e-01   8.6967321e-02   3.3109419e-01   5.7097190e-01   2.1159374e-02   4.7089250e-01  -2.5094255e-02   1.1172279e-01  -1.8870272e-01  -8.7378542e-02   3.2028784e-01  -1.1142880e-01   5.7238191e-01  -2.5215681e-01   6.6515033e-02  -3.8395453e-01   3.5385006e-01   1.2986707e-01   5.2695514e-02   3.3282901e-01   1.7285533e-01  -7.7918893e-02   7.7910013e-02   8.4465978e-02  -5.1550484e-01   2.0035858e-01   1.3937326e-01   2.7864430e-01   7.3430481e-02  -1.2066207e-02  -5.1176604e-02   2.2073037e-01  -4.9187632e-02  -6.3116236e-02   6.9969708e-01  -1.1447697e-01   2.1667175e-01   1.0555593e-03   1.4023245e-01   2.2774363e-01  -3.5974056e-02   2.7632633e-01  -1.2268051e-01   4.7102296e-02  -1.5953082e-01   4.0641778e-02   4.3451262e-01   9.4950658e-03   1.0910561e-01   4.1017579e-01  -1.1161867e-01  -8.6144579e-02  -3.8724061e-01   8.0518955e-02  -1.7116804e-01   4.2333620e-01   1.0815981e-01   4.6577294e-01   7.1004076e-02  -3.7991101e-02  -3.4661593e-01   2.7433729e-01   1.7897410e-01   2.7842021e-01  -1.5381614e-01   1.7407235e-01   5.1087446e-02   3.3096937e-01   2.5828880e-01  -1.3706758e-01   7.9826385e-02   3.2926047e-01   2.2064974e-01  -4.3911642e-01  -1.9053513e-01   3.6408853e-01   1.0017110e-01   4.2409662e-01   1.7410009e-01   1.9579375e-01   2.0582601e-01  -1.6525000e-01  -3.5082213e-01  -1.3621297e-01  -2.5155450e-01  -7.1449495e-02   4.3953722e-01   1.3665178e-01   2.3427501e-01   1.3471464e-01  -2.2411103e-01  -2.9036952e-01  -1.3166367e-01   4.2647229e-01  -6.4329006e-02   5.1164675e-01   1.8826928e-01   4.1789383e-01  -1.7868197e-01   1.8211146e-01  -5.4412897e-02   6.2693572e-01  -9.8494462e-02   3.8639269e-01   5.1155171e-02  -3.3391594e-01   1.8606765e-01   9.0165548e-02  -2.4620691e-01   2.5880505e-02   1.1735914e-01   4.9644512e-01  -6.9875271e-02  -1.3998677e-01  -2.9134208e-01   2.6370446e-01   2.8675132e-01   1.7020521e-01  -4.5211176e-02   3.1694003e-01
   1.1758024e-01   2.6151758e-01   4.0661982e-01   0.0000000e+00  -8.7953866e-02   5.9966633e-02  -2.2366698e-03  -8.1431310e-02   1.0267927e-01   6.1774083e-02   3.5497861e-02   1.0678169e-02   1.5062421e-01   8.2205145e-02  -1.1030350e-01   3.4768311e-01   3.8476377e-01   4.1544442e-01  -1.2816074e-01  -8.9170031e-02   5.8199503e-02   3.6819181e-01   3.1069586e-02  -1.4963464e-02   2.1968090e-01   1.2959457e-01   2.9889595e-02  -2.1972847e-01   2.1563505e-01   3.6045474e-01  -1.6962578e-01   3.3663370e-01   7.0641257e-01  -2.5933981e-01   1.3966056e-01  -1.2048985e-01   5.1486812e-02   2.2656809e-02   3.7733059e-01  -2.5222086e-02   2.4821437e-01   7.3115919e-01   3.5363499e-01  -4.6409230e-02   6.3111742e-02   3.0305957e-01   9.1990447e-02  -1.1564371e-01   1.0585044e-01   2.8886449e-01   3.3234048e-01  -2.2739333e-01  -4.3163738e-01   1.9652580e-01  -5.6928370e-02  -1.7052200e-01   2.0923505e-01   2.6410742e-01   5.5260682e-01   3.6052038e-01   5.0515053e-01   1.8232703e-01   3.8808055e-01  -2.7673540e-01   2.0467958e-01  -1.0464219e-01   3.1748107e-02   4.8026462e-01  -1.0558571e-01   2.2713396e-01  -2.7910378e-01   3.6188659e-01   1.0283343e-01   1.5480163e-01   1.8025347e-01  -1.7699354e-01   3.4745569e-01  -2.1579946e-02  -1.6039199e-01   3.8060772e-01  -2.7104470e-01  -4.5744753e-02  -5.4520432e-02  -2.4439679e-02  -6.3041322e-02  -1.1356034e-01  -1.4782199e-01  -2.1135722e-01   3.2781215e-01  -1.4787881e-02  -6.6921557e-02   5.4029742e-01  -2.6058897e-01   2.0680629e-01   2.5158655e-01  -3.1374777e-02   4.9999030e-01   1.1456657e-01   4.9722479e-01   5.4951132e-02  -2.4402891e-01  -2.0234988e-01  -1.9383709e-01   2.5028817e-01   1.8549256e-01   2.3318061e-01   1.2031283e-01  -8.8473656e-02   3.4089568e-02  -1.3870129e-01  -2.0683935e-01   4.9898584e-02   7.8109480e-01   4.0700475e-02  -1.9656590e-01  -1.9686655e-01  -1.5580040e-01   1.4218967e-01   7.8204045e-04   4.5587083e-01   1.5846445e-01  -4.1600227e-02   2.1338328e-01   9.4327052e-02   1.5857399e-01   7.5825817e-02  -1.7353500e-02   1.1901586e-01   1.8402710e-01   1.7827348e-01   5.3785100e-02  -1.8661926e-01   4.3653678e-01  -2.4879255e-01   2.0318299e-01  -1.7527257e-01   4.5680592e-01  -3.5297231e-01  -2.1432278e-01  -1.1967629e-01  -8.2296499e-02   5.7356509e-02  -1.8477036e-01   5.5696277e-02  -7.9471024e-02   2.9149057e-02  -2.5864571e-01  -2.9503255e-01  -6.7964546e-02  -1.0239817e-01   3.1847791e-02  -2.6362063e-01   1.0859021e-01  -1.4863985e-01  -7.8433040e-04  -1.0966931e-01   1.8407272e-01   4.5336208e-01   4.7440667e-01  -3.0312383e-01   7.1868773e-01  -6.3900163e-02  -1.9040712e-01   4.8954385e-01   2.8792913e-01  -2.3323721e-01  -9.0873759e-02  -1.3315121e-02   2.6383392e-01  -2.8091273e-01  -1.4188323e-01  -7.4418531e-02   3.9233258e-01   1.0667710e-01   1.7317909e-01  -2.1269879e-02   5.8091252e-01
   2.7254235e-02   1.4944880e-01  -1.2096260e-01  -8.7953866e-02   0.0000000e+00  -1.8886256e-01  -1.2885286e-01  -3.1150014e-01  -6.2929497e-03   4.8908616e-01  -4.7638652e-01   4.0458306e-01   7.9581209e-02  -2.4557936e-01  -2.6022816e-01   1.6113754e-01   1.0445133e-01  -2.3973535e-01  -1.0782498e-01   8.3824267e-01  -2.8589349e-01  -2.4547986e-01  -2.2044002e-01  -3.4194494e-01  -1.0432857e-02  -4.5086048e-01   2.7260934e-01  -4.2255632e-01   6.9053037e-02  -2.6282207e-01  -3.8990378e-01  -7.4535672e-02  -8.8875651e-03  -8.3345022e-02  -1.7941380e-01   5.8581334e-01   1.5815498e-01   2.5129496e-01   1.6904233e-01   2.4759534e-01   1.5232111e-01  -4.5130163e-02   2.1756509e-01  -4.2695347e-01   2.5633371e-02  -2.8353772e-01  -5.4427309e-02  -2.8999663e-01   1.5958394e-01   1.8871971e-01  -9.2931906e-02  -4.6373339e-02  -8.5914973e-02   1.4074002e-01  -7.2341923e-02  -3.7943633e-01  -1.6177551e-01  -1.9656434e-01  -6.3632173e-02  -7.8493618e-02  -6.9364188e-02   3.4886446e-01  -1.3468348e-01  -2.4194701e-01  -2.5411678e-02   4.5550228e-01  -1.3494131e-01   8.8244086e-02  -3.3713397e-01  -1.5939670e-01   3.2942358e-01  -5.2859762e-02   2.4700562e-01  -7.7384221e-02   2.2056540e-02  -2.2717917e-01   8.6827943e-02  -3.5193507e-01   5.1718052e-01  -4.8303811e-02  -3.8731379e-01   2.1582575e-01  -3.8584144e-01  -4.5794730e-01   1.3358672e-01  -1.2831585e-01  -1.2314439e-01  -6.9414162e-02   1.0248896e-02  -6.1788563e-02   7.2818272e-01  -2.5943037e-01   2.7307311e-01  -1.6502675e-02   2.0776337e-01   6.9464392e-01   3.5785168e-02  -3.3082320e-01   1.8901864e-01   1.1822337e-01  -2.7762399e-01  -2.8583862e-01  -6.7860581e-02  -1.2615061e-01  -3.2013026e-01  -3.3524159e-02   1.0145664e-01  -3.5657565e-01   1.2289948e-01  -1.2045052e-01  -7.1085762e-02  -3.8535023e-02  -1.0233759e-01  -6.3099530e-02  -1.5398088e-01   9.3270899e-02  -3.9320074e-01   1.7397190e-01  -1.8115976e-01  -1.0365810e-02  -2.1252677e-01   8.1841999e-01   5.5620160e-02  -2.2694559e-02  -1.6692483e-01  -2.4102817e-01   1.5342479e-01   1.9288029e-01  -1.9559664e-01  -3.6708886e-02   2.4062758e-01  -8.8177762e-02  -2.5672874e-01  -3.7882702e-01  -3.4752396e-02  -2.9322677e-01  -2.3483206e-02  -2.5545154e-01  -1.6461344e-01   4.9869681e-02  -1.3620754e-02   2.8280750e-01  -3.7080398e-01  -3.2840882e-01  -1.5668515e-01  -3.0741091e-01   3.0052157e-01   4.8396391e-01  -1.8404957e-01  -2.5069700e-01   1.2768470e-01  -2.2723243e-01  -4.1568552e-02  -2.1715500e-01   2.4859458e-01  -2.1284159e-01  -2.9692418e-01   3.3388120e-02  -6.2787556e-02  -2.5164140e-01  -5.1812588e-02  -4.9260300e-01   3.8811248e-01  -2.8337320e-01   4.5660432e-02   4.0512327e-01  -1.9526291e-01  -1.8715485e-01  -1.1843730e-01   1.9203739e-01   5.0591936e-01  -7.7639763e-02   1.1566545e-02  -1.7652015e-01  -7.2614655e-02   3.7460636e-01  -4.6975616e-03
  -1.3669272e-01  -2.7026564e-01  -5.6169334e-02   5.9966633e-02  -1.8886256e-01   0.0000000e+00   4.3025673e-01   2.5432975e-01  -1.9322961e-01   1.3582105e-01   4.0815525e-01  -1.3662725e-01  -5.3227620e-02   3.6856827e-02   2.8076968e-01   5.6658389e-02  -1.0679895e-01   1.5497115e-01   3.5867021e-01  -4.1699255e-02   3.4079671e-01   3.4480247e-01   1.6315656e-01  -3.2175239e-01   1.2008318e-02   4.5019538e-01   4.3849724e-01   1.9941507e-01   3.1282915e-02   5.4190707e-01  -8.3634187e-04   1.6368063e-01  -1.1787391e-02   8.5355605e-02  -1.1893364e-02   6.3712362e-02  -3.8975953e-01  -3.5656474e-02   5.3250611e-02  -3.9904276e-02  -1.4744799e-01   1.1838915e-02  -1.7603297e-01   1.7190098e-01   3.0659635e-02  -2.2397520e-01   5.5781262e-01   4.2736317e-01  -2.3200915e-01  -1.0303753e-01   2.8828657e-01   1.0680705e-01  -1.3861903e-01  -1.2651680e-02  -1.2331264e-01   2.2205944e-01   6.4601748e-01   1.7770389e-01   1.9827451e-02  -1.1937844e-01   3.5825673e-02  -1.8062343e-01  -1.5281398e-01   5.6406225e-02  -3.9502049e-01  -4.4633733e-02   7.1276439e-01  -3.0671245e-01   5.4672117e-01  -7.2958349e-02  -3.1687101e-01   2.5273218e-01  -2.2370424e-01  -2.4190253e-01  -7.7974219e-02   1.1339670e-01  -8.2142970e-02  -3.8632301e-02   1.2052870e-01   9.9543850e-02   4.0826291e-01   1.5321671e-02   1.4506989e-01   4.4587841e-01  -3.8574453e-01   4.1691516e-02   2.2226167e-02  -2.4973641e-01  -2.7690530e-01  -3.3681228e-01   5.7866275e-02   6.2223407e-02   6.2612214e-02  -1.8512310e-02  -2.6664352e-02  -1.4465696e-01   9.0026058e-02   2.6881517e-01  -1.1996580e-01  -9.2374845e-02  -2.2447756e-01   2.1663516e-01   1.6775553e-01   8.2343557e-02   4.7342548e-01   1.2677258e-01  -3.1327589e-02   4.4258432e-01  -3.1796188e-01   3.9969610e-01   2.0784859e-01   3.6267526e-01  -1.6264733e-01  -3.2698324e-01   6.9777580e-02  -2.3210585e-02   1.2099238e-01  -1.9483485e-01   1.1963972e-01   2.9555109e-01  -2.0633536e-01   9.9848884e-02   2.6573997e-02  -1.7246985e-01  -3.2356339e-01  -1.3536410e-01   1.4818626e-01  -4.2236066e-02   1.6375489e-01   1.5497644e-01  -1.1720239e-01   1.4982118e-01  -1.7122986e-01  -8.4590113e-03   1.0561172e-01   1.9009060e-01   8.0561427e-02   7.7222080e-02   1.4334716e-01  -1.9063762e-01  -1.7996598e-01  -9.6248979e-05   2.8938499e-01   3.8465948e-01   2.1082908e-01   2.2252021e-01  -4.3386291e-02   9.5239580e-02   4.1254363e-01  -2.8253770e-01  -2.8051200e-01   2.5177866e-01  -1.5227200e-01   5.5307164e-04   5.5050246e-02  -2.3244861e-01  -1.8557251e-01   2.3051904e-02   3.1077035e-02   4.7821597e-01  -1.3812870e-01   3.2131401e-01   1.4412466e-02   2.9824170e-01   2.2404524e-01   4.6590908e-02   9.5781175e-02   4.7862712e-01  -1.1867979e-01  -1.9280509e-01  -4.6352723e-02  -1.4336658e-01  -3.3878640e-02   5.3393514e-01   1.1122831e-01   9.4025101e-02   4.1154193e-01
  -3.4859067e-01   3.5642944e-02  -1.6417264e-01  -2.2366698e-03  -1.2885286e-01   4.3025673e-01   0.0000000e+00  -2.8777920e-02  -4.5416659e-01   3.0296025e-01   2.6383242e-01   4.0937146e-01   1.3952505e-01  -3.8573294e-01   1.6187004e-01   3.3732710e-01  -1.7871429e-01   4.8172828e-02  -4.0135217e-03   1.1107669e-01   3.3873299e-01  -3.5577024e-02   3.2883414e-01  -3.1761626e-01   1.4651459e-01   1.9100591e-02   3.2694393e-01   8.3398219e-03  -2.1049673e-01   4.7872695e-01   1.4775967e-02  -9.4883977e-02   1.3749002e-01   3.7472064e-01   6.3354960e-02   2.8769818e-01  -1.3762116e-01   1.8560986e-01   3.1994348e-01  -5.1430591e-02   1.4501677e-01   1.2386119e-01  -9.6443425e-02   7.2684354e-03   1.8435374e-01  -3.2668701e-01   4.2306018e-01   4.9713324e-01  -2.3090908e-01   1.6116228e-02   2.4766366e-01  -2.5634512e-01   1.7264173e-01   5.2292939e-03  -2.5928756e-01   3.6030792e-02   2.7200231e-01   1.9192947e-01   2.1405972e-01  -8.0138933e-02   3.9867356e-02   8.5815416e-03  -1.8846622e-01  -1.8879091e-01  -4.3581328e-01   4.2929665e-01   5.4564663e-01  -1.6531986e-01   1.3395435e-01  -5.3207106e-02   1.4405205e-01   2.3313623e-01   1.8838664e-01  -3.1912291e-01   8.5502838e-02  -2.6841564e-01   1.3885254e-01   3.4046443e-02   1.1275164e-01   1.5972546e-01   2.9940772e-01   3.9793624e-01   1.5931218e-01   1.0912105e-01  -3.8132679e-01  -1.7245424e-01  -2.7217258e-01  -3.3337384e-01   5.2941883e-02  -3.5466263e-01  -2.9927706e-02   3.1333855e-02   1.6050622e-01  -5.5191156e-02   1.4989873e-01  -1.5556177e-01   4.9745891e-02   1.7451862e-02   9.0902236e-03   3.6293233e-01  -3.0510531e-02   2.4496661e-01  -4.2516646e-02  -1.0486956e-01   1.9516286e-01  -2.3364104e-01  -5.3081408e-02   2.0492718e-02  -1.4558989e-01   4.5216646e-01   1.8704242e-01   3.9511183e-01  -2.1273600e-01  -3.5384845e-01   1.6301279e-01  -1.2349718e-01   6.9205442e-03   2.4526937e-01  -1.6164634e-01   3.4336315e-01  -1.2090622e-01   1.5474485e-01   3.0412271e-01  -2.5476221e-01  -3.6758448e-01  -1.5992965e-01   3.0002072e-01  -4.7064200e-02  -2.6832297e-01   2.1338445e-01   3.2711811e-01   5.1505436e-01  -4.0484323e-01   5.9305967e-02  -4.9549190e-02  -1.7347965e-01   4.9271712e-02  -1.7614300e-01  -1.7424487e-01  -1.3399856e-01  -3.9361562e-01  -1.1658649e-01   1.5063699e-01   1.9917888e-01   2.2488762e-01  -2.9413156e-02   3.7581849e-01  -9.5812724e-02   5.7146659e-01   8.2860239e-03  -3.0837877e-01  -8.7585699e-02  -7.4446103e-02  -1.4126121e-01   1.3023764e-01  -1.8464984e-01  -3.0118912e-01   3.1833157e-01  -1.0472947e-01   4.1220253e-01  -2.3119660e-01   1.6419906e-01   2.2103800e-01   1.1876187e-01   8.2748158e-02   5.8339048e-02   2.1169602e-01   2.5132976e-02  -8.6724426e-02  -1.9224047e-01   9.5968184e-02  -5.1177605e-02  -7.6150990e-02   4.3326787e-01   1.6870689e-01   1.5360371e-01   4.6357429e-02
  -5.2666126e-02  -1.4669877e-01   3.2010914e-02  -8.1431310e-02  -3.1150014e-01   2.5432975e-01  -2.8777920e-02   0.0000000e+00   1.1397124e-01  -1.7474138e-01   1.8245689e-01  -1.0670569e-01  -1.8713494e-02   1.8459963e-01   1.2052214e-01  -2.5362156e-01   2.1746557e-03  -9.1518877e-02   1.0608350e-01  -2.5433013e-01   1.7874092e-01   5.0251942e-02   8.6194693e-02   7.1166240e-02  -8.3295092e-02   5.1326669e-01   8.1152644e-02   1.9345306e-01  -9.5289810e-02   3.9741049e-03   2.0201239e-01   5.8789592e-02  -8.8408338e-02   3.6021280e-02   9.2716018e-02  -2.0409629e-01   2.0543291e-02  -1.2562153e-01  -1.9201073e-01  -2.5696578e-02  -1.0399121e-01  -1.5141688e-01  -1.0636662e-01   2.9730768e-01  -1.9049037e-01  -1.6147711e-02   1.8472387e-02   4.9776800e-02   1.1392275e-01   1.3858570e-02  -9.5192842e-02   4.7979674e-01   3.5979572e-02  -1.2623436e-01   1.4522023e-02   1.3478091e-01   1.1063226e-01   4.9447452e-02  -4.4759912e-02  -5.3250285e-02  -8.8709986e-02  -6.2077073e-02  -6.0527978e-03   1.5824096e-01  -4.9404018e-02  -2.9356301e-01   2.1361392e-01  -1.8154033e-01   6.2719878e-01  -7.2542611e-02  -2.4955454e-01  -2.2386316e-02  -2.3650952e-01   9.7287738e-02  -6.7983887e-02   2.1488649e-01  -1.8094816e-01   6.9010628e-02   6.7236591e-02  -2.0212760e-02   4.6668581e-01  -1.5133442e-01   7.6249626e-02   6.1783076e-01  -2.1900507e-03   1.2642287e-01   2.8517264e-03   1.3597730e-01  -2.4798146e-01  -2.7554119e-02  -1.2624216e-01  -9.6991544e-02  -6.4205539e-02   5.2311378e-02  -1.8550390e-01   1.5998971e-02  -1.2719039e-01   8.3299844e-02  -1.9540288e-01  -2.6252964e-02  -1.5148830e-01  -3.7302949e-02   4.5089155e-01   9.9267683e-02   1.5777171e-01   2.9079974e-01  -1.9965436e-04   5.2740177e-01   1.1458356e-01  -3.4784701e-02   8.9106358e-02  -5.3940494e-02  -1.3108906e-01  -1.2180602e-01   2.4116696e-02   4.7612024e-02   2.6565671e-01  -1.7507831e-01   3.0091888e-02   1.1133694e-01   9.5137872e-03  -1.9810736e-01  -1.6187404e-01  -1.9596207e-02  -3.6486648e-04   2.0225484e-01  -8.5046463e-02  -4.7819949e-02   3.0693408e-01  -1.0801774e-01  -2.3378970e-01  -1.3675274e-01   1.8681314e-01   1.0466245e-01   1.2090455e-01   4.6830436e-01  -6.3326507e-02   3.8945087e-01   5.0002891e-01  -1.2647479e-01   9.4631523e-02  -7.8601732e-02   8.6485075e-02   7.7448986e-02   9.1511092e-02   2.6452140e-01  -6.5650812e-02  -1.0984044e-01  -1.3407036e-01   8.2558563e-02  -4.4389224e-02   7.4989706e-01  -4.4136911e-02  -1.9064936e-01   4.9615298e-03   7.6782083e-02   7.3280586e-02  -5.8803489e-03  -7.7406225e-02   2.5769251e-01  -2.0823778e-01   2.4617885e-01  -1.7870755e-01   1.2514488e-02   2.4014785e-01   7.3289063e-03  -1.0603575e-01   1.0566590e-01  -1.5596982e-02  -1.1702789e-01  -1.1150058e-01   1.2018441e-01  -1.2060693e-01   9.0575523e-02   4.4444795e-02  -1.1184981e-01   1.4923233e-01
   3.3397210e-01   2.9034377e-01   3.9623432e-01   1.0267927e-01  -6.2929497e-03  -1.9322961e-01  -4.5416659e-01   1.1397124e-01   0.0000000e+00  -2.8268875e-01   1.3469554e-01  -9.0378489e-02  -2.3359404e-01   5.5925288e-01   3.6105193e-01  -6.9357642e-01   3.1156870e-01   1.2453318e-01  -1.5304172e-01  -2.8708759e-01   6.8654081e-02   2.4512466e-01   1.9691304e-01   4.2584578e-01  -4.0099539e-02   1.5589505e-01  -2.5682964e-01   3.5265267e-01   2.4205501e-01  -2.5669827e-01   4.1472896e-01  -9.3075742e-02  -7.4460858e-02   6.8564864e-02   5.0990862e-01  -1.5038402e-01   3.6508215e-01  -6.1536165e-01  -6.9014098e-01  -4.6918721e-02  -1.4291009e-02   6.0655141e-02   4.8121638e-01   2.4578884e-01  -5.2368142e-02   2.8747135e-01  -1.9180531e-01  -3.1802996e-01   4.9846093e-01  -2.9120196e-02  -3.5843615e-04  -5.0401525e-02   1.4823723e-01   2.6851821e-01   5.1801327e-01   2.6791534e-01  -4.7731620e-02   2.7394946e-02   2.6869216e-02   4.7634236e-01   1.4854251e-01   3.0176713e-01   5.9007098e-01   4.9988840e-01   5.1900133e-01  -2.3765174e-01  -2.7017857e-01  -1.3899701e-01   5.5377152e-02   9.0134140e-03  -3.2838857e-01  -2.0509862e-01  -1.8250674e-01   5.6371726e-01   1.5098920e-01   3.8619324e-01  -9.7196120e-02   1.6918825e-01   1.1671723e-01   1.4467223e-01   1.3899940e-01  -4.2695199e-01   2.0350254e-01   1.1024942e-01   2.6093422e-01   4.2877245e-01   5.6056528e-01   5.0857019e-01  -4.4778607e-02   2.8057339e-01   4.7865013e-02   1.6820373e-01   1.1210818e-01   6.5289038e-01  -3.3871408e-01   2.1572491e-01   1.8902341e-01   2.0341783e-02   2.1490284e-01   2.3604013e-02  -1.1409014e-01  -1.5507275e-02   2.6564430e-01   6.7829162e-01   1.0077651e-01   3.0198465e-02   3.6843296e-01   1.0882832e-01   3.6809884e-01  -1.5914572e-01   1.4471374e-01  -3.4346952e-01   1.9725925e-01   3.6226078e-01   9.4717502e-02   2.5590146e-01  -6.6336810e-02  -1.4963725e-01   9.5256085e-02  -9.8590110e-03   4.3938413e-01  -1.9133296e-01  -1.7448020e-01   3.7973751e-01   4.3956927e-01   6.0377200e-01  -1.2341607e-01   2.1091512e-01   5.4685026e-01  -5.3261814e-01  -4.9967955e-01  -8.2837731e-02   6.7049505e-01   3.4162865e-01   5.5132795e-01   4.6823872e-01   1.4958351e-01   2.8745160e-01   2.3016036e-01   1.8665191e-03   3.0437996e-01   2.2482839e-02  -1.7693969e-01  -7.6711397e-02   1.6990520e-01   5.6413851e-01  -9.8787565e-02   1.1318636e-01  -2.3707552e-01   2.3194974e-01   4.3132886e-01   1.6705588e-01   4.5901678e-01   4.0612386e-01  -4.0255712e-02   3.5319998e-01   5.5211973e-01  -8.5098969e-02   3.4622918e-01   1.4142924e-01   1.2411445e-02   3.5430933e-02  -2.3745721e-01   1.4106978e-02  -1.8984320e-01   7.9778477e-02  -8.4142279e-02   1.0274363e-01   5.0451815e-01   1.7186775e-01   1.0222266e-02  -8.8981078e-02   4.9354933e-02  -1.7755459e-01   1.2986687e-01  -1.4558973e-01  -7.4210393e-02
   6.0300724e-02  -5.9158009e-03  -8.6373681e-02   6.1774083e-02   4.8908616e-01   1.3582105e-01   3.0296025e-01  -1.7474138e-01  -2.8268875e-01   0.0000000e+00  -1.3192234e-01   6.0447162e-01   2.7508792e-01  -2.4982327e-01   3.2994493e-02   3.3095920e-01   1.5303362e-02  -3.6279616e-02  -1.0888339e-01   6.2741401e-01  -4.6403272e-03  -1.8594368e-01   8.7719176e-02  -2.8139003e-01   1.6435967e-01  -2.3968730e-01   3.6360812e-01  -2.3741400e-01   1.2256779e-01  -2.8817802e-02  -1.7475888e-01  -8.7796488e-02   2.0419745e-01   3.4074676e-01   6.3418958e-02   5.1884508e-01  -1.0043329e-01   3.5637110e-01   3.4689078e-01   1.9660458e-01   3.1964980e-01   1.9464928e-01   2.7985152e-01  -2.9880135e-01  -8.9114276e-02  -1.9323717e-01   8.8721380e-02   5.1216692e-02  -1.2135884e-01   1.7665153e-01   1.5079955e-01  -1.3352222e-01   3.2600700e-02   1.3416102e-01  -1.4197586e-01  -2.7118273e-01   8.1010227e-02   1.0072209e-02   1.7737476e-01   4.4838533e-02   6.2539156e-02   2.1616520e-01  -1.7474660e-01  -8.3310791e-02  -3.5073185e-01   6.3813651e-01   1.9904952e-01   6.3686179e-02  -1.7936003e-01   5.5295022e-02   2.4837637e-01  -7.5016769e-02   3.9262489e-01  -7.0301265e-02   4.8639456e-02  -3.0140711e-01   1.8329986e-01  -2.2380305e-01   3.0107332e-01   1.8457876e-01  -2.3531805e-01   4.0997910e-01  -1.6409313e-01  -3.5383909e-01  -7.7907600e-02  -1.3414306e-01  -2.2487171e-01  -9.2507499e-02   5.4319084e-02   1.6667439e-02   2.9962139e-01  -7.4224977e-02   2.9596398e-01   1.5269687e-01   3.2491206e-01   4.4637274e-01   2.2553291e-01  -1.3632557e-01   2.5876920e-01   2.1124593e-01  -6.4576798e-02   1.8158305e-01  -2.8724305e-01  -1.0951341e-01  -1.0275032e-01  -1.6617669e-01   6.7318450e-02  -1.1308926e-01  -2.4047557e-01   2.3739013e-01   8.8410834e-02  -1.4469365e-02  -7.0480125e-02  -4.5781986e-02  -2.8952726e-02   6.6242556e-03  -2.6540232e-01   3.7116509e-01  -1.8771245e-02   2.1103652e-01  -1.3953207e-01   6.4651007e-01   2.2620876e-01  -1.7601220e-01  -1.6886142e-01  -1.6641133e-01   1.5361146e-01   1.4121976e-01  -3.0185519e-01   3.2099144e-01   3.6745933e-01   1.6779761e-01  -2.1352634e-01  -8.4856582e-02   5.6797131e-02  -2.7916431e-01   1.2995262e-01  -3.3454679e-01  -1.5164431e-01   8.6624137e-02  -6.6876059e-02   1.7213792e-01  -2.1373635e-01  -1.1085845e-01   1.5657772e-01  -2.4720108e-01   3.3835580e-01   3.5225966e-01   2.2674625e-01  -1.4670498e-01   3.8832995e-02  -3.4306333e-01  -6.9333632e-02  -3.3977973e-01   2.5317700e-01  -1.0006868e-01  -2.3578166e-01   2.4136522e-01  -6.1181976e-02  -1.1523356e-01  -1.4413493e-02  -3.0175566e-01   6.9499146e-01  -1.7600474e-01   9.1821326e-02   3.5197080e-01  -4.8061410e-02  -1.7800254e-01  -7.3181773e-02  -4.2817228e-04   3.4778104e-01   4.0979179e-02  -1.5857748e-01   9.1760276e-02   8.0696078e-04   3.4896768e-01   1.1577276e-02
  -9.4528374e-02   9.9996184e-03   9.8948102e-02   3.5497861e-02  -4.7638652e-01   4.0815525e-01   2.6383242e-01   1.8245689e-01   1.3469554e-01  -1.3192234e-01   0.0000000e+00  -1.2175215e-01  -2.3863155e-01   1.3416417e-01   5.9895798e-01  -2.8180205e-01  -4.1828261e-02   3.6656588e-01   2.1208373e-01  -5.4181252e-01   4.9761425e-01   3.6646240e-01   4.3633447e-01   1.3507025e-01   1.1699186e-01   5.7705567e-01   7.8383465e-02   3.5097482e-01   1.9915080e-02   3.0607363e-01   4.9617121e-01   1.3365800e-01  -5.1872660e-02   3.9843716e-01   3.7349374e-01  -2.3456007e-02  -2.4392716e-02  -4.2147912e-01  -2.9308997e-01  -7.8507945e-02  -1.4408778e-01   3.3345675e-03  -4.3128355e-02   7.3064252e-01  -3.0347321e-02  -6.0526329e-03   5.1753158e-01   3.7554727e-01   6.3846933e-02  -1.3620022e-01   3.5434613e-01  -3.4007933e-03   3.9922989e-01  -1.0084051e-01   6.2145383e-02   7.5442184e-01   3.5705240e-01   2.6142190e-01   1.6133937e-01   3.1326203e-01   5.1804057e-03  -1.2899851e-01   2.8780204e-02   4.9350621e-01   4.6927244e-03   4.9176310e-02   3.7278773e-01  -1.5896137e-01   6.0890607e-01  -1.6707890e-01  -2.2906207e-01   1.5337931e-01  -1.1237345e-01   9.0358518e-02   3.3833950e-02   2.8321879e-01  -1.8203697e-01   5.9498189e-01   1.9629988e-02   1.2569467e-01   5.5418452e-01  -1.6635586e-01   7.0123591e-01   5.1977784e-01  -1.9886065e-01   3.3119816e-01   4.5535479e-02   4.2017019e-03   1.6351259e-02  -9.0127839e-02  -1.4326187e-01   1.6665548e-01   2.4147912e-01   3.1031317e-01  -3.4190174e-01  -2.1945308e-01  -2.1963183e-04   5.3759169e-01  -2.3732583e-02   5.3128779e-02  -1.2256409e-01   5.9486858e-01   3.4470011e-01   2.9174193e-01   6.5376529e-01   4.1351510e-02  -5.0692992e-02   6.4264964e-01  -1.0957590e-01   5.1974061e-01   4.4159520e-01   2.1845771e-01   3.5937388e-02  -1.0738932e-01   1.0261715e-01   3.9473631e-01   5.4439727e-01  -1.1893344e-01   9.4444466e-02   7.7283485e-02   1.9222508e-01  -3.4650491e-01  -1.2744066e-01   1.3963885e-01  -1.2131991e-03   3.2653612e-01   1.6893667e-01  -1.2349211e-01   2.6385636e-01  -2.6575713e-01  -2.8423347e-01   5.4889653e-01   1.1758225e-01   4.0373434e-01   1.9760214e-01   4.6395525e-01  -9.2538834e-03   1.5834383e-01   3.7922232e-01  -1.1759884e-01  -8.8318766e-02  -3.2812841e-01   4.7823403e-01   1.4848236e-01   4.1173387e-01   5.4575927e-01   4.9268545e-02   1.9969057e-02   4.8233766e-01   9.1633509e-02  -6.5300634e-02   2.5716441e-01   1.8509838e-01   5.8798159e-01  -4.1185829e-02  -3.3137246e-02   4.8871316e-02   5.5574698e-02   9.4352911e-02   6.4555718e-01  -4.9403456e-02   7.6200704e-01  -7.1458237e-02   3.4494185e-01   8.1287705e-02  -1.5475777e-01   5.3465015e-01   1.8653130e-01   9.1837966e-02   2.7002925e-01  -4.7971042e-02  -3.1805220e-01   5.1166419e-02   2.5021310e-01   3.6626004e-01  -2.8751501e-01   5.3249573e-02
  -1.7687702e-01   2.9894163e-01   1.5366829e-01   1.0678169e-02   4.0458306e-01  -1.3662725e-01   4.0937146e-01  -1.0670569e-01  -9.0378489e-02   6.0447162e-01  -1.2175215e-01   0.0000000e+00   1.3078721e-01  -3.7145531e-01   1.6686934e-01   1.2640105e-01   2.3945516e-01  -1.6759197e-01  -2.7989497e-01   4.2961825e-01  -9.8148503e-02  -1.5893951e-01   1.7814704e-01  -2.5723234e-01   1.6913944e-01  -3.0340791e-01   3.5661926e-01  -1.7035446e-01  -4.5069807e-02  -1.6899721e-01  -1.4042086e-02  -1.9937541e-01   1.2797788e-01   4.3673227e-01   2.1228327e-01   4.2886936e-01   1.2343159e-01   1.5459500e-01   1.3069031e-01   3.8702777e-01   2.5101856e-01   1.2814947e-01   4.8684814e-01  -2.3465129e-01   5.6666752e-02  -2.7840480e-01   7.3925669e-02  -1.1298523e-01   1.0853019e-02   4.1733894e-01   5.3907790e-02  -4.2770977e-01   1.8149785e-01   1.4537322e-01  -2.0835543e-01  -2.0474258e-01  -6.7108953e-02   4.9351584e-02   1.3874356e-01   2.3735835e-01   4.2922386e-02   3.6060023e-01   5.9325030e-02  -1.5531679e-01  -1.7422424e-01   6.1514869e-01   1.5516985e-02   1.1827449e-01  -2.0689017e-01   2.7443203e-02   3.9436488e-01   1.0110848e-02   3.0921796e-01   6.8147166e-02   1.3000333e-01  -3.4677613e-01   1.5546973e-01  -1.3190891e-01   4.0311068e-01   1.9058202e-01  -1.1984316e-01   3.2364200e-01  -1.4568702e-02  -2.9431903e-01   2.2091142e-01  -1.2191581e-01  -2.6893728e-01  -1.0591185e-01   1.4249343e-01  -1.6524189e-01   2.8598342e-01  -6.5016781e-02   3.8359926e-01   2.3014534e-01   1.1944829e-01   4.6991588e-01   1.9423643e-01  -2.9413321e-01   3.0207145e-01   3.5671162e-01  -6.1664647e-02   8.7558088e-02  -1.6058858e-01  -8.1013717e-04  -1.2797718e-01  -3.0660352e-01   1.8384327e-01  -3.1081227e-01   7.1528723e-02   6.1585897e-02   2.3649693e-01   1.9020137e-04  -2.3968686e-02  -1.9692622e-01   1.8496105e-01   1.3696121e-01  -2.4553576e-01   3.0406815e-01  -1.8482802e-01   2.5106620e-01  -4.0719619e-02   4.3274436e-01   2.5917908e-01  -1.2360961e-01  -1.5079974e-01   2.1937429e-02   2.2008791e-01   1.8322418e-01  -2.2268542e-01   1.2507439e-01   2.9551611e-01   2.0501455e-01  -2.0805696e-01   4.2790666e-02   2.7758390e-01  -2.2879577e-01   1.0602469e-01  -2.7085651e-01  -2.5179475e-01  -1.6464462e-01  -2.2161781e-01   5.3908911e-02  -3.1655374e-01  -1.8538659e-02   2.8434397e-01  -1.2490197e-01   6.3464550e-01   2.1790880e-01   2.3530110e-02  -5.4640643e-02   1.4619627e-01  -2.9697459e-01   4.1224466e-02  -1.7364961e-01   5.9656667e-01  -1.8887898e-01  -2.8469076e-01   2.5946870e-01  -2.3219762e-02  -1.8701008e-02  -9.7687713e-02  -2.9903126e-01   3.3745457e-01  -2.4094190e-01  -2.6039279e-02   3.9297381e-01   1.4390446e-02  -2.7959134e-01   6.0918293e-03   2.0455025e-01   3.9399094e-01  -7.7703643e-02  -5.3245712e-02   1.7795234e-01   5.7015994e-02   2.7065473e-01  -1.3923475e-01
   6.7072303e-03  -3.8388554e-03  -3.5490069e-01   1.5062421e-01   7.9581209e-02  -5.3227620e-02   1.3952505e-01  -1.8713494e-02  -2.3359404e-01   2.7508792e-01  -2.3863155e-01   1.3078721e-01   0.0000000e+00  -1.4852188e-01  -1.2100933e-01   3.5051740e-01  -2.3897969e-01  -2.6469712e-02  -1.9004696e-01   2.7660514e-01  -8.3755009e-02  -2.6002076e-01  -7.8714973e-02  -5.1331024e-02   1.9174851e-01  -3.3590877e-01   2.4278216e-02  -2.7815813e-01   1.5789524e-01  -7.5117127e-02  -8.1267991e-02  -8.7560442e-02   2.2695318e-01  -9.4048311e-02   1.9407087e-01   1.4556810e-01   1.1360012e-01   3.1135296e-01   4.3826159e-01  -1.3201907e-01   7.6865635e-01   2.4095980e-01   1.9185324e-01  -3.4369070e-01   7.2482359e-02   9.5434915e-02  -7.3181254e-02   7.1139165e-02  -1.5555829e-02  -1.8750206e-02   1.6247534e-01  -9.7655300e-02  -7.8231010e-02   7.9600265e-02   1.1503284e-02  -3.7836215e-01  -1.9028221e-01   1.2687970e-02   3.4192369e-01   9.5940199e-02   4.2703323e-02   1.9805665e-01  -5.4285024e-02  -2.0454014e-01   6.8384881e-02   1.1120834e-01   3.6580870e-03   1.1397536e-01  -7.4146833e-02   3.0756049e-02   8.0572894e-02   7.6304697e-03   5.8410830e-01  -4.2692887e-02   2.4872710e-01  -3.8918554e-01   2.6870248e-01  -1.8937690e-01  -1.6508714e-01   2.9628722e-01  -2.9035079e-01   4.7444235e-01  -3.3263509e-01  -2.4245189e-01   1.0927671e-01  -2.9665777e-01   7.0169027e-02   3.9066203e-02   3.7721068e-02   1.1953428e-02  -1.0106420e-01  -1.0394715e-01  -1.9069838e-01   1.5735349e-01   4.0469511e-01  -4.6656107e-02   2.4867205e-01  -1.9770864e-01   1.2016961e-01   1.8946201e-01  -3.8655032e-02  -9.9028090e-02  -4.6815059e-01  -9.4963581e-02  -1.2085884e-01  -1.5598916e-01  -1.3844261e-02  -1.2240695e-01   1.9643236e-01  -5.0948441e-02  -3.4034855e-01  -6.1231228e-02   9.0028473e-02   9.2101156e-03  -3.2711067e-01  -3.4042194e-01  -1.7965274e-01   6.9113629e-01  -3.0549791e-02   2.1681779e-01  -1.5851744e-01   2.0950822e-01   2.2791901e-01  -4.7642178e-02  -2.2056991e-02  -7.8599791e-02   6.7743758e-02   2.5084917e-01  -2.1952689e-01   1.8887953e-01   6.4472773e-01  -7.9356580e-02  -2.6330318e-02  -1.5055317e-01   5.4145361e-02  -4.5469273e-01   3.0559204e-01  -3.4227686e-01  -3.1665474e-01   1.0493000e-01  -2.4240726e-02   3.9455602e-01  -6.5697476e-02  -1.7201483e-01  -1.0011137e-01  -3.1077113e-01  -1.7741625e-01  -1.5066469e-01   3.7432338e-02   1.5079390e-01  -1.4382565e-01  -2.4719897e-01  -2.9608149e-01  -3.3510355e-01  -1.5202430e-01   2.4046301e-02   7.1058060e-02   4.3384725e-01  -9.5663413e-02  -2.9403685e-01   8.1625190e-02  -1.3514241e-01   2.3092514e-01  -5.5559117e-02  -7.4580849e-02   5.8417272e-02  -1.9300780e-01  -2.3909807e-01  -1.2869559e-01  -1.7273165e-01   4.0325395e-03   2.4151965e-01  -1.2977186e-02  -1.1251637e-01   1.0920572e-02   2.2115332e-01  -1.1666429e-01
   6.9155800e-01  -1.3564844e-01   8.8676310e-02   8.2205145e-02  -2.4557936e-01   3.6856827e-02  -3.8573294e-01   1.8459963e-01   5.5925288e-01  -2.4982327e-01   1.3416417e-01  -3.7145531e-01  -1.4852188e-01   0.0000000e+00   1.0581266e-01  -4.2618007e-01  -4.0380591e-02   1.5358407e-01  -2.8930140e-03  -3.0520107e-01   2.6078754e-01   1.8414210e-01   6.5789004e-02   6.2898195e-01  -7.6560776e-02   1.8714865e-01  -2.1558937e-01   3.9503708e-01   9.7050015e-02   2.7591096e-02   2.4313221e-01   1.2309645e-01  -1.0258866e-01  -4.3199480e-02   1.7529166e-01  -3.3162915e-01   1.5962486e-01  -3.9199308e-01  -4.4233421e-01  -3.0010374e-01  -1.0725281e-02  -3.3494258e-02   7.4010195e-02   1.9995884e-01  -5.8952892e-02   3.5405112e-01  -3.0275586e-01  -2.4629648e-02   2.8870226e-01  -2.8662298e-01   6.0240483e-02   2.3190554e-01   7.2888192e-02   1.0359455e-01   7.5083632e-01   2.2462695e-01   9.3157206e-03  -1.2881915e-01   9.8646693e-02   1.6561179e-01  -1.1863072e-01   9.2483385e-02   1.8668232e-01   3.3035023e-01   2.6529870e-01  -3.6972144e-01  -1.7975111e-01  -1.9968541e-01   1.4106799e-01   1.2790311e-01  -4.6316963e-01  -1.7077003e-01  -2.1345523e-01   5.5569380e-01   4.5099004e-02   4.7011505e-01  -1.7902677e-01   3.1885890e-02  -1.4035457e-01   7.9158515e-02   1.8351034e-01  -3.2220054e-01   1.5102474e-01   9.0822122e-02  -3.7572983e-02   3.4410579e-01   5.1302597e-01   7.0931716e-01  -1.1137984e-01   6.1869784e-01  -2.5132795e-01  -2.6402140e-02  -1.5413845e-01   3.1438791e-01  -2.2150803e-01  -6.9249485e-02   4.2049868e-02   7.9203031e-02   3.4044654e-02  -2.0253921e-02  -9.3247932e-02   6.2040930e-02   1.8972709e-01   3.4224524e-01   1.6970213e-01   1.0008510e-01   9.9874345e-02   2.6846193e-01   1.0210734e-01  -4.1291414e-03  -4.5191193e-02  -2.7285239e-01   1.3909278e-01   5.9972242e-01  -3.6045633e-02   6.3771935e-02  -7.4258727e-03  -1.4747590e-01   3.6127441e-01  -2.8759211e-02   4.2488035e-01  -3.1846691e-01  -2.0640477e-01   2.8680059e-01   5.5023182e-01   5.9775783e-01  -1.0557466e-01   8.5945873e-02   3.1375998e-01  -3.0507342e-01  -4.5192868e-01  -1.9159104e-01   6.3705093e-01   1.1676136e-01   1.9155042e-01   3.9058719e-01   5.5071536e-02   4.5653195e-01   2.1594144e-01   3.3194663e-01   7.5501859e-01   1.5090898e-01  -1.1469891e-01  -5.3592424e-02  -1.5684187e-02   4.4932103e-01  -3.9658369e-01  -1.5475962e-01  -1.0830668e-01   2.3702306e-01   4.8911396e-01   2.9776934e-01   1.9683650e-01   1.2828871e-01  -4.3965778e-01   5.4832921e-01   5.4498500e-01  -4.4500846e-02   5.9716754e-02   8.0350538e-02   5.6703624e-02  -1.0077449e-02  -2.8422569e-01   1.6946650e-01  -1.3853167e-01  -9.0824597e-02  -2.3496417e-01   2.0994925e-01   3.3772314e-01  -1.4237559e-01  -2.9448622e-01   1.4744250e-01   8.7131973e-03  -3.4543018e-01   1.1695618e-01  -3.0493784e-01  -4.5186171e-02
