   0.0000000e+00  -1.2478218e-01  -9.4504130e-02  -3.1621443e-01  -3.8159899e-02  -2.1054742e-01  -4.5702163e-01   2.2169733e-01   3.4715614e-01  -8.9079085e-02  -2.2167705e-01  -2.9447183e-01  -2.0587950e-02   6.0909871e-01  -4.8862998e-01  -4.5999378e-01   1.3893158e-01  -3.0729326e-01   4.2975485e-01   2.5467252e-02  -3.5791298e-01   7.1462832e-03  -2.9227687e-01   6.1476255e-01   2.3493961e-01   3.1660097e-01  -3.7701428e-01   3.8845433e-01   7.4461433e-02  -3.5008204e-01  -3.3434963e-01  -3.3443819e-01  -3.0802324e-01  -2.0031874e-01  -3.5801410e-02  -2.6861875e-01  -3.1612056e-02   1.7471999e-01  -4.6745028e-01  -8.6694946e-02  -3.3250594e-01  -2.4637425e-01   2.7790160e-01   1.5563621e-01  -3.0543249e-01   4.3934437e-01  -2.4209321e-01  -4.3812614e-01   7.2236781e-02   5.7502856e-02  -3.1805840e-01   2.5252295e-01  -3.4391698e-01   5.5793963e-02   1.3971480e-01  -1.4541387e-01   4.0749806e-01  -2.4614633e-01  -2.6430189e-01   1.1838593e-01   1.0577434e-01  -7.7963758e-02   7.9326944e-03  -4.4508170e-01  -2.5238409e-01  -5.6631074e-02  -2.6379686e-01   1.2383131e-01  -1.9809231e-01  -3.2299273e-03  -2.3350064e-01  -3.2966913e-01  -4.0973226e-01   4.6064731e-01   1.7462475e-01  -3.1154026e-02   2.0881712e-01   2.1251408e-01  -9.6954037e-02  -2.4519049e-02   1.8015602e-01  -2.6505123e-01  -4.0816900e-02   3.9782368e-01   4.8257491e-01  -2.1356979e-01  -2.5801847e-01   4.8061449e-01   1.2915159e-01   8.6870692e-01  -5.9360612e-03   2.4846909e-01  -6.1309243e-02   2.0226455e-01   2.3495461e-01   1.8487708e-01   8.2084461e-03   2.8548277e-01  -8.9908398e-02  -3.0915645e-01  -1.1960016e-02  -4.6236027e-01  -6.8252643e-03   1.6204577e-01  -4.4260695e-01  -1.6273328e-01  -4.3229271e-02   5.4029555e-02  -8.2474032e-02  -1.7202275e-01  -1.9388804e-01  -2.7444899e-01   2.4980034e-01   8.7543994e-01   2.7563047e-01  -1.2493000e-01   1.1277381e-01  -2.4458814e-01   3.4783506e-02  -2.8745855e-01   5.6403584e-01   1.7140672e-01   2.7843564e-01  -3.3830819e-01   5.7407020e-01   6.3997563e-01  -4.3929258e-01   1.4685215e-01   9.2601799e-02  -2.1801182e-01  -3.2352724e-01  -4.2834327e-01   4.7393201e-01  -1.4566005e-01   1.0266226e-01  -1.2160287e-01  -9.9663200e-04   2.0816167e-01  -5.0884080e-02   4.7377627e-01   6.7862032e-01   4.6125073e-02  -1.7236946e-01  -9.2352075e-02  -4.5395948e-01  -4.1879136e-01  -4.0379048e-01  -1.8665994e-01  -1.3188453e-01  -4.5151019e-01   5.3926098e-01   2.2589071e-01   4.0481679e-01  -2.6669256e-01  -7.6837558e-02   3.1872027e-01   5.6376994e-01  -2.0273347e-01   1.0062259e-01   1.3534643e-01  -1.4135954e-02  -8.5410270e-02  -1.9119136e-01  -4.1354475e-01  -1.1025417e-01   1.8229364e-03  -2.8513805e-01   4.5148206e-01   3.5451812e-01   1.7690938e-01  -4.3568299e-02   1.7377364e-01  -2.9434705e-01   3.9177734e-02  -2.1553726e-01  -3.1757449e-01  -1.2027980e-01
  -1.2478218e-01   0.0000000e+00   2.9561501e-01  -4.0701140e-01   3.1832853e-01  -2.5075124e-01   3.7172942e-01  -3.8559378e-01   2.6231756e-01   5.5234888e-01  -3.4842199e-01   6.7243572e-01  -3.9075190e-03  -1.5660989e-01   6.1253281e-02   1.9534066e-01   2.9986387e-01   6.3327453e-02  -3.8411068e-01   2.9498797e-01  -1.0982917e-01  -2.3842691e-01  -1.1139940e-01   7.6604036e-02  -1.6017300e-01  -4.2793915e-01   2.8473016e-01  -2.5321432e-01   2.5276972e-01  -5.2461236e-02  -1.5287108e-01  -3.3559329e-01  -1.2299401e-01   3.1758135e-01   3.4719177e-01   2.1915112e-01   5.9311702e-03  -1.2875653e-01   1.7908409e-01   4.1314529e-01   1.1412048e-01  -1.8769435e-01  -1.1356143e-01  -2.0446785e-01   4.3695256e-01  -3.3850773e-01  -2.8070198e-01   1.7121102e-01   1.6712718e-01   2.3685599e-01   7.5417182e-02  -3.7259385e-01   3.8864213e-01  -2.2577737e-01  -6.8795708e-02  -3.6618946e-01  -3.9840540e-01  -3.7715772e-01  -4.8865251e-02   1.4703903e-02  -3.9193118e-01   1.3103756e-01   1.0680319e-01   2.6027823e-01   5.2550336e-01   3.9624530e-01  -2.5147948e-01  -1.8928459e-01  -4.3954670e-01   2.9201263e-02   6.6113267e-01   6.4316821e-02   9.8057874e-02  -1.0177896e-01  -1.9525606e-01  -3.3415910e-01  -2.0681422e-01  -3.4554703e-01   4.6783728e-01  -7.9866524e-02  -5.0776175e-01   2.5192764e-01   1.2002841e-01  -4.4361217e-01  -1.9053397e-03  -3.7394002e-01  -1.3030556e-01  -7.3917828e-02  -2.4819542e-01  -8.2768264e-03   5.6404258e-01  -2.9981385e-01   2.1763922e-01  -2.7697713e-01  -2.1089850e-01   1.1136893e-01   1.7691018e-01  -3.5514445e-01   2.9783484e-01   4.8123562e-01  -3.0424954e-02   3.7866401e-02  -4.8991871e-01   1.8351925e-01   1.0218749e-01  -4.0712815e-01  -2.4498193e-01  -4.5295970e-01   2.3677230e-01   2.1037828e-02   1.2446789e-01  -1.9867048e-01  -3.4769340e-01  -1.4738102e-01  -2.6019882e-01   2.7953833e-01  -3.8344401e-01   3.8932674e-02  -1.1650463e-01  -4.0993305e-01  -2.4295207e-01   2.9438833e-01  -2.0941086e-02   6.0663817e-01  -1.7553190e-01   7.5151737e-02   2.1062568e-01  -1.2022339e-01  -3.9162243e-01   3.2458996e-01   8.5979098e-02   2.7637256e-01   3.1744680e-02  -2.5249521e-01  -2.8929098e-01  -4.1149451e-01  -2.4031169e-01   1.8340752e-02  -4.1662922e-01  -1.6523739e-01  -7.1152296e-02  -1.1023375e-02  -2.5526456e-01  -1.7340689e-01  -2.0256379e-01  -1.8717798e-01   1.7096219e-01   2.4164197e-01   4.4380264e-01   3.2837608e-01  -1.9151471e-01  -4.2984364e-01  -3.8447947e-01   9.7085224e-02   4.9448425e-01   2.0720764e-01  -2.4455483e-01  -3.0955211e-02  -3.2964918e-01  -5.1930491e-01   2.6428043e-01  -3.4312680e-01   4.0549382e-01   3.2284233e-02  -4.5602896e-01   3.8293685e-01   1.2978923e-01  -5.2697428e-02  -3.5134311e-01   2.5309700e-01   3.6533341e-01   8.0087200e-02   1.2776115e-01  -2.2224226e-01  -1.4565433e-02  -9.5154217e-02  -3.8309958e-01
  -9.4504130e-02   2.9561501e-01   0.0000000e+00  -3.5103952e-01   3.1737446e-01  -1.0368522e-01   2.0054161e-01  -4.1551274e-02  -1.1948013e-02   3.6925592e-01  -2.9983907e-01   4.2279055e-01  -6.6805406e-02  -2.8715306e-01   1.5884428e-01   1.2450842e-01   6.5976837e-01  -8.1817907e-02  -1.7541413e-01   3.4626023e-01  -2.4125674e-01  -1.5406200e-01  -7.2048568e-02   7.2286089e-02  -3.1775132e-01  -2.0844203e-01   1.9510588e-01  -2.2149071e-01  -1.3204053e-03  -3.0551908e-01  -1.2946758e-01  -1.7764591e-01  -9.5797636e-02   2.5701226e-01  -9.7460164e-02   1.4536740e-01  -2.7764778e-02   2.0713349e-01   7.0446538e-02   5.2552957e-01  -5.3510801e-02   8.0840520e-02  -8.9880717e-02  -7.0204396e-02  -3.4371346e-02   1.3136917e-01  -2.0817977e-01  -1.2987492e-01   2.1818410e-04   5.6579387e-01  -7.2202480e-02  -1.1643600e-01   1.5638753e-01   1.1636485e-01  -3.0327365e-01  -2.1310039e-01  -1.5084930e-01  -1.2097812e-01  -3.3791521e-01  -3.0671885e-02   2.3952345e-01   8.4501119e-02  -1.8702369e-01   2.9537972e-03  -9.2666735e-02   2.2650462e-01  -6.2055294e-02  -2.1577398e-01  -3.2864382e-01   4.7818092e-01   2.7838646e-01  -3.9030442e-03  -9.8886593e-04   1.3046674e-01  -2.0319127e-01  -7.6070240e-02   2.6315185e-01  -2.0578008e-01   5.0370256e-02  -2.5768115e-01  -2.6463432e-01   4.0858970e-02   2.0410326e-01  -1.6162925e-01   2.6852896e-01  -2.8453158e-01  -3.3131233e-01  -1.3204298e-01  -1.4561537e-01   5.2112284e-02   2.4643751e-01   2.2269003e-01   3.7309295e-01  -2.5197162e-01   2.9157371e-01   3.2587347e-01   7.1256835e-02  -1.3431416e-01   1.8851266e-01   1.7919507e-01   1.1435887e-01   1.5003266e-01  -2.4250208e-01  -2.3970095e-01  -1.6084882e-01  -2.0130968e-01   1.9106137e-02  -3.2128721e-01   2.0916993e-01  -1.6518078e-01   3.3237496e-01  -2.3213804e-01  -2.0698999e-01   3.9797176e-02  -7.8412657e-02   2.3894639e-02  -2.7601932e-01  -2.8629545e-02   6.4868317e-03  -3.5917640e-01   5.5816593e-02   2.0839920e-01   1.2263078e-01   3.3410559e-02   1.3222553e-01   9.5898875e-03  -1.7439889e-01  -1.9963934e-01  -1.1263107e-01   4.2201390e-01   1.1523858e-01   8.9562127e-02   1.2710087e-01  -1.5482684e-01  -1.1698433e-01  -1.0293007e-01  -2.1398808e-01  -6.4962284e-02  -1.1277764e-01   1.7946510e-01  -1.2571434e-01   9.1471300e-02  -2.4860735e-01   9.5984492e-02   4.1842206e-03  -2.9224477e-01   3.6409906e-01  -1.5562333e-01  -2.2678090e-03   4.7540082e-02   7.0446023e-03  -1.0700424e-01  -1.9573709e-02  -7.1288140e-02   5.7349293e-01   2.4575758e-01  -7.2638683e-02  -1.3970656e-01   7.4196983e-02  -2.3788812e-01   1.2774492e-02  -2.6147422e-01   1.3192493e-01  -1.7394273e-01  -3.4020970e-01   1.3612006e-01  -1.1082261e-02   1.0712438e-01  -2.0048754e-01   2.5820988e-01  -3.9374901e-02   2.1347129e-01  -5.1835336e-02  -9.7966239e-02  -1.5264585e-02  -1.5167432e-01  -3.3886852e-01
  -3.1621443e-01  -4.0701140e-01  -3.5103952e-01   0.0000000e+00   4.3025556e-02   5.9028331e-01   4.4707677e-03   1.9504764e-02  -2.3990730e-01  -3.8261804e-01   5.7184156e-01  -2.7457934e-01   1.4411435e-01  -1.9170546e-01   1.2344189e-02   1.2621873e-01  -4.8019563e-01   3.7229116e-01  -1.4611279e-02  -3.0229961e-02   2.7536798e-01   3.2589290e-01   2.1165215e-01  -4.4215089e-01   4.6530022e-03   1.1627857e-01   2.1846028e-01   1.7614616e-01  -6.8161433e-02   5.4707004e-01   1.3086767e-01   7.7755810e-01   4.3600353e-01  -3.0632383e-01   5.4259295e-02   2.8761902e-01  -2.7462022e-01  -3.8731439e-01   1.4757259e-01  -5.2729162e-01   3.4320643e-01   4.1487511e-01  -2.7591331e-03  -4.9239709e-02   3.2360758e-02  -8.6592266e-02   6.9594903e-01   9.9459309e-02  -1.7049074e-01  -4.6625012e-01   5.0479416e-01   5.4771365e-02  -1.8751398e-02   9.0138296e-03  -7.6331384e-02   4.9064031e-01   8.8965475e-02   5.7813317e-01   6.3256772e-01   2.0703442e-01  -1.0541386e-01  -8.4332486e-04   9.1743254e-03   1.4353767e-01  -1.7728500e-02  -2.0982404e-01   5.7952498e-01   8.0500961e-02   7.4672241e-01  -1.0230194e-01  -4.9139276e-01   5.0625175e-01   2.0463301e-01  -1.4018535e-02   8.2878796e-02   2.9083082e-01  -3.2523004e-01   1.3821652e-01   5.1307191e-02   3.3644841e-01   3.6175846e-01  -1.7300546e-01  -3.7763354e-01  -1.2827975e-02  -3.3251745e-01   6.3642562e-01   7.3287619e-02  -7.8767941e-02  -8.8750384e-03  -3.5942999e-01  -3.0997506e-01  -2.3014191e-01  -3.7981036e-01   4.1645761e-01  -4.2026214e-01  -2.0075101e-01   2.2909693e-01  -2.2850062e-02   2.7290490e-01  -2.0083201e-01  -2.1114246e-01   1.9241009e-01   4.3194543e-01   5.4124984e-02   5.8150839e-01   7.1169128e-01   9.4229320e-04   5.7193612e-01  -3.6416266e-01   3.6723596e-01  -3.6105559e-01   7.3536974e-01   1.0060877e-02  -3.9701763e-01   7.4871001e-02  -1.6602003e-01   3.4149441e-01   1.7362528e-01  -3.7325049e-02   8.4720395e-01  -2.6287899e-01  -2.2338187e-01  -2.1869238e-01  -5.3083733e-02  -3.0197215e-01  -2.3932016e-01   3.0447789e-01   7.4763719e-03   4.0044073e-01  -1.6232163e-01   9.1672112e-02   4.4630637e-02  -3.8868957e-01  -3.8841966e-02   2.9406365e-01   4.1817047e-01   2.2519569e-01  -6.0799653e-02   3.5706115e-01  -4.3586984e-01  -3.2556011e-01  -6.2469115e-03   6.5896149e-01   3.9506671e-02   2.3221225e-01   5.2903958e-01  -1.8369248e-01   2.2027407e-01   8.4866921e-02  -1.0727674e-01  -7.7383308e-02   5.9434180e-02  -7.8852025e-02   9.1266132e-02  -4.0838190e-01  -5.5701052e-01  -2.2069767e-01   4.8133128e-01  -3.9521055e-02   3.7078700e-01   1.3425243e-01   4.3438907e-01  -1.4564911e-01   5.9714035e-01   7.0541611e-01  -3.0414951e-01   2.5808331e-01  -8.6337757e-02  -5.5423947e-02  -4.5725958e-01  -1.7289767e-01  -5.6188835e-01   3.6398967e-01   2.9557390e-01   4.0035050e-01   2.0897805e-01   6.5531057e-01
  -3.8159899e-02   3.1832853e-01   3.1737446e-01   4.3025556e-02   0.0000000e+00   1.9992537e-01   6.9583034e-02  -1.2008182e-01  -7.5348540e-02   2.8807824e-01  -3.6528560e-02   3.5016571e-01   2.5293964e-01  -2.4690182e-01  -1.2507981e-01   2.3606896e-01   3.2947448e-01   4.6280373e-02  -7.9617001e-02   8.7103944e-01  -9.2884124e-02  -3.0366970e-01  -5.7059996e-03  -1.9745643e-01  -9.5707865e-02  -1.8144198e-01   5.0035563e-01  -1.6298988e-01   1.2963332e-01  -7.5021782e-02  -2.3468203e-01   5.5036285e-02   2.0374380e-01   1.3092685e-01  -4.3752658e-02   5.9168405e-01  -1.5993413e-01  -1.6799482e-01   2.0508992e-01   4.6166955e-01   3.0262583e-01   1.4119571e-01  -3.4742526e-02  -1.4275350e-01   2.0290510e-01  -2.6284833e-01   1.2288828e-01  -1.2832949e-01   3.0009504e-01   4.1187678e-01   1.9008302e-01  -1.3833675e-01   8.5920281e-02   1.4429176e-01  -2.3852816e-01  -3.2849410e-02  -1.2808214e-01  -1.7773096e-01   1.7290143e-01  -2.3659945e-02  -1.6779040e-01   3.1597750e-01  -7.2685117e-02  -5.3648659e-03   1.4499238e-01   2.9870793e-01   2.2815840e-01  -3.8113645e-02  -1.2147432e-02  -1.3039778e-01  -5.4909475e-02   4.1190945e-02   1.3781785e-01  -1.4625312e-02   3.8161667e-03  -1.5296019e-01  -3.1095645e-01  -1.7767400e-01   6.6794774e-01   1.3131800e-01  -2.3699101e-01   1.0853695e-01   3.4212820e-02  -1.2691303e-01   8.5198661e-02  -9.2360799e-02  -2.9584688e-01  -1.7155802e-01   7.3730275e-03  -7.6981466e-02   4.7952817e-01  -2.1984593e-01   4.0884820e-01  -6.7636429e-02  -2.2996018e-01   6.6611135e-01   3.5777145e-01  -8.9919299e-02   4.3648019e-01   2.4450987e-02  -1.6135504e-01   2.0663268e-02  -2.6206344e-01  -5.4027699e-02   6.1700309e-02  -1.1384511e-01   5.0741130e-02  -6.4013191e-02   6.0406556e-02   1.6694922e-01   5.2803887e-02   2.5253766e-02  -1.7219098e-01  -9.0023168e-02  -2.4647147e-01   4.4633059e-01  -5.0254215e-02   1.7945302e-01  -1.9622916e-01   1.8177056e-02  -2.9430350e-01   4.7793066e-01   9.4062891e-02   1.6285232e-01  -1.9528889e-01  -8.9283567e-02   1.3122672e-01   2.6587661e-02  -2.2127703e-01   9.3889593e-02   1.5014132e-01   6.7418292e-02   3.1022267e-02  -2.4644071e-01  -1.1088267e-01  -1.3954587e-01   4.9722336e-02  -1.9906489e-01  -1.4037677e-01  -2.2505794e-01  -2.0498101e-01   1.9894896e-01   2.4562845e-02  -1.3834814e-01  -1.1196877e-01  -1.8048590e-01  -4.5118926e-02   1.3825010e-01   3.1259764e-01  -2.5414714e-01  -1.5697684e-01  -3.1022662e-01  -2.3650815e-01   1.3304633e-01   5.0590185e-01  -1.5365610e-01  -2.3572538e-01   2.0646174e-01  -1.1852575e-01  -1.4731334e-01   2.1677033e-01   1.5658028e-02   9.1072632e-02  -8.7221869e-06  -1.2709860e-01   3.7391080e-01   1.2843272e-01   4.7889978e-02  -2.6301843e-01   4.2167142e-01   3.7616270e-01  -2.1842413e-01   6.5455622e-02   1.1149638e-01   1.8900311e-01   1.5602988e-01  -1.7255520e-01
  -2.1054742e-01  -2.5075124e-01  -1.0368522e-01   5.9028331e-01   1.9992537e-01   0.0000000e+00   3.0360345e-01  -2.3633101e-01  -3.3490858e-01  -2.2116238e-01   7.1189272e-01   6.4319330e-02  -4.4238768e-02  -2.3290273e-01   1.9216303e-02   3.9472095e-01  -3.3890989e-01   5.4681839e-01  -1.0710936e-01   3.3004299e-02   2.2433604e-01  -7.4765180e-02   4.7072035e-01  -3.1393770e-01   1.0061109e-01   1.0381190e-01   5.6262595e-01   2.1984282e-01  -7.7750033e-02   5.2156840e-01  -2.4226467e-01   5.6577006e-01   3.1676742e-01   3.8218066e-02   1.4758457e-01   5.8227301e-01  -5.5006929e-01  -1.9343352e-01   3.3020749e-01  -2.6745166e-01   2.5872633e-01   2.4757592e-01   9.7695939e-02  -4.8530179e-02  -1.6449035e-01  -2.4640375e-01   8.6720981e-01   2.3662393e-01  -2.2934470e-01  -3.8681551e-01   6.9043704e-01  -3.2123592e-02   1.3378514e-01  -5.5451044e-02  -2.3881154e-01   6.8240824e-01   2.3549974e-03   1.4448201e-01   4.7205524e-01   1.9422784e-01  -2.8276528e-01   5.1506454e-03   2.3047780e-01   8.7226487e-02  -7.9631251e-02   2.0667246e-01   8.1380818e-01   2.1040510e-01   7.8899678e-01   2.0414177e-01  -4.1489747e-01   3.9470910e-01   1.2545077e-01  -1.9183654e-01  -1.8642788e-01  -1.3508248e-01  -3.6332507e-01   1.0446014e-01   1.2464232e-01   1.1772178e-01   3.4908428e-01  -2.9176577e-01  -3.3616825e-01  -5.6339310e-02  -3.3718412e-01   2.9567238e-01   1.5375493e-01   6.4168869e-02  -6.8712896e-03  -3.4637212e-01  -3.4229865e-01  -3.3368534e-01  -5.3530010e-02   5.4270904e-02  -3.3298136e-01  -1.5503612e-01   2.0359503e-01  -1.4879956e-01   3.1953841e-01  -6.6853667e-02  -3.5366603e-01   4.5792825e-01   3.0207143e-02   1.4984108e-01   5.3793988e-01   1.4095223e-01   2.7665894e-02   5.3975928e-01  -5.2759467e-01   6.7919377e-01  -1.9552667e-01   6.2409870e-01   4.3980451e-02  -2.8198589e-01   2.7903854e-02  -1.2632523e-01   3.2961574e-01  -2.2029254e-02   2.3365567e-01   6.3229832e-01  -3.3073434e-01  -1.3919420e-01  -1.9109731e-01  -1.6070175e-01  -3.6843014e-01  -1.1521655e-01   4.4572765e-01  -1.9874171e-01   4.7774946e-02   1.8642359e-01  -5.3015846e-02   2.0938285e-01  -3.8154047e-01  -2.6034860e-01  -5.4300325e-02   8.5245886e-04   2.4332771e-01  -1.0152478e-01   1.1132768e-01  -2.2485400e-01  -8.0480244e-02  -2.5473501e-01   6.8239353e-01   4.3898656e-01   2.7680015e-01   1.8226960e-01   3.8454097e-02   4.5493548e-01   4.9704408e-01  -2.5676790e-01  -2.4165240e-01  -1.5483829e-01  -1.0488832e-01   2.4223612e-01  -1.3007574e-01  -3.4920444e-01  -2.2167157e-01   4.3910576e-01  -2.2819253e-01   3.0639755e-01   6.0706530e-02   3.5628357e-01   8.6116221e-02   4.8842729e-01   3.8285386e-01  -2.9089623e-01   4.8522963e-01   1.6764742e-02  -1.7451846e-01  -3.4301257e-01  -1.7608681e-01  -4.5786005e-01   1.7993315e-01   7.0710496e-01   3.1031157e-01   1.7964205e-01   3.8684171e-01
  -4.5702163e-01   3.7172942e-01   2.0054161e-01   4.4707677e-03   6.9583034e-02   3.0360345e-01   0.0000000e+00  -6.6823417e-01  -3.3151009e-01   3.7864533e-01   2.3383953e-01   7.8101933e-01  -9.1358609e-02  -5.0849104e-01   6.6839715e-01   7.0140251e-01  -2.5848996e-01   5.5970679e-01  -6.7675709e-01   8.2669675e-02   4.8447104e-01  -2.0920016e-01   7.1655265e-01  -2.9172330e-01  -3.4430977e-01  -6.2758550e-01   6.7238436e-01  -3.4740586e-01  -3.9570137e-02   4.6537565e-01   1.4131171e-01  -5.5334314e-02   6.9160988e-02   6.4292738e-01   4.0993960e-01   5.7979182e-01  -1.1836559e-01  -1.8479888e-01   6.5667492e-01   2.6075202e-01   2.1427432e-01  -2.1290348e-02  -2.5109514e-01  -3.5347600e-01   3.3813993e-01  -5.9370510e-01   3.3953860e-01   7.1805156e-01  -1.6992157e-01  -2.2400574e-01   5.8455110e-01  -6.7804335e-01   7.2008923e-01  -3.5904413e-01  -3.4612731e-01   1.0060748e-02  -6.5885409e-01  -1.6204352e-01   6.9214332e-02   4.3336078e-02  -5.8281241e-01   1.4649827e-01  -6.6201840e-02   5.5771344e-01   2.7080818e-01   6.6997338e-01   1.3919636e-01  -2.8740898e-01   7.5691123e-03   3.9542545e-01   5.0082212e-01   4.2804248e-01   2.4472868e-01  -5.6321526e-01  -4.7277152e-01  -5.6028078e-01  -3.3910076e-01  -5.4301281e-01   9.9831684e-02  -2.6545246e-01  -2.4798710e-01   1.9862149e-01   5.0793796e-02  -6.7919433e-01  -5.6834415e-01  -1.5999474e-01   1.6270173e-01  -3.1338758e-01  -5.2975355e-01  -4.5026032e-01  -1.3152958e-02  -6.3695319e-01   2.8106373e-01  -3.3742963e-01  -3.1090459e-01  -3.6005639e-01   3.1255817e-02  -6.5096436e-01   1.9153042e-01   7.6772240e-01   1.7671056e-02   6.4892602e-01  -3.8928109e-01   6.8169697e-02   4.8948885e-01  -3.0414459e-01  -3.9845441e-01  -3.5900537e-01   9.7047153e-02   4.7841446e-01   3.9487461e-01   1.8382032e-01  -3.3838982e-01  -5.2659817e-01  -2.8326028e-01  -2.8412749e-02  -4.6653596e-01   6.1289881e-02   1.8963779e-01  -5.5765057e-02  -4.8994246e-01  -2.5033985e-01  -5.2052741e-01   4.5970507e-01  -4.9188679e-01  -2.8817075e-01   5.5320048e-01  -5.2910295e-01  -4.7388980e-01   6.4701064e-01   9.4687227e-02   7.1339311e-01  -5.6623841e-01   2.8553176e-02  -4.4431213e-01  -4.8530854e-01  -1.7580535e-01   1.2944970e-01  -5.0361087e-01  -2.1442620e-01  -3.4994541e-01  -2.9821050e-01   6.5042384e-03   1.3369938e-01   5.5120099e-01   1.4138472e-01   7.3423886e-01   5.6343001e-01   5.9873941e-01   4.1671824e-01  -6.3977245e-01  -4.2671501e-01  -6.2531297e-01   2.9607236e-01   1.0592932e-01  -1.8513392e-02  -5.1641868e-01   7.5019517e-02  -6.1040641e-01  -4.3425372e-01  -4.1678657e-02  -3.1276449e-01   6.4065820e-01   3.7468403e-01  -2.9673249e-01   7.0499739e-03   5.2963772e-01  -2.5807549e-01  -6.4235813e-01  -1.3166426e-01  -4.5340034e-02  -5.2973083e-02   2.8464138e-01  -3.1795277e-03   4.5453196e-03  -2.5832481e-02  -1.5544764e-01
   2.2169733e-01  -3.8559378e-01  -4.1551274e-02   1.9504764e-02  -1.2008182e-01  -2.3633101e-01  -6.6823417e-01   0.0000000e+00   2.6575533e-01  -2.9651702e-01  -1.0172955e-01  -5.9120094e-01  -3.9311742e-02   1.0208849e-01  -2.0899313e-01  -6.5188190e-01   2.9411447e-01  -5.3620141e-01   7.5786088e-01  -1.3299716e-01  -4.3772815e-01   4.5727882e-02  -5.1375303e-01   2.7479436e-02   1.8885706e-01   7.2626275e-01  -4.4940278e-01   3.3761193e-01  -6.5907179e-02  -5.1809959e-01   6.7597967e-02   1.5998177e-01  -2.8555754e-02  -3.1973750e-01  -4.2570403e-01  -5.0030681e-01   1.6241954e-01   1.8526432e-01  -6.2407048e-01  -8.8578647e-02  -2.7322134e-01   6.8203280e-03  -2.1246761e-02   4.7137699e-01  -3.8876632e-01   4.9993026e-01  -3.0123916e-01  -4.9645416e-01  -1.6543167e-01   2.3675689e-01  -5.3665025e-01   8.4471339e-01  -3.9299396e-01   2.0740050e-01   1.1630001e-01   5.7334710e-02   7.2853735e-01   2.4074229e-01  -1.4166526e-01  -1.8105019e-01   6.4324288e-01  -2.3863821e-01   6.5430259e-02  -1.9429852e-01  -3.7732661e-01  -4.6613711e-01   6.9174579e-02   2.1819562e-01   4.5260026e-02  -1.5859331e-01  -3.1967721e-01  -5.0152376e-01   1.2543300e-02   3.3212580e-01   2.0751259e-01   6.7705116e-01   3.6853489e-01   6.5714822e-01  -7.6397718e-02   7.8110478e-02   4.0143287e-01  -1.3546404e-01   1.4678973e-01   8.6397206e-01   3.4809024e-01   2.5631384e-01  -3.0644850e-01   7.7560715e-02   4.6880845e-01   1.5905955e-01   5.7150776e-02   6.6762631e-01  -1.6009236e-01   1.7456432e-01   3.2686016e-01   2.9266000e-01  -3.0413858e-01   8.3678933e-01  -3.2988254e-01  -5.3005161e-01   6.0852809e-02  -2.4766011e-01   5.0586516e-01  -2.2742431e-01  -5.2059565e-01   3.6427380e-01   3.3990691e-01   4.5484616e-01   8.4687887e-03  -5.9656603e-01  -4.6522587e-02  -2.4271817e-01   1.3927689e-01   2.9420394e-01   2.8112111e-01   7.5303984e-02   4.5146646e-01   3.8025665e-02  -1.7702976e-01   8.0394886e-02   3.7378252e-01   1.7904844e-01   3.0263679e-01  -3.3511936e-01   4.0357668e-01  -4.4331472e-02  -4.8418205e-01   4.0889981e-01   4.3431267e-01  -4.5085979e-01   3.8248127e-03  -3.9995618e-01   3.3539138e-01   9.3874296e-02   2.5445174e-01   6.7246734e-01   1.5969760e-01   9.8879848e-03   6.7682874e-01   1.5010716e-01   1.8088767e-02   1.2717222e-01  -1.0149215e-01  -9.0547167e-02  -1.5445456e-01  -3.4719450e-02  -3.1635488e-01  -5.6343316e-01  -6.0602118e-01  -2.3213575e-01   5.2977672e-01   7.0661677e-01   5.8131198e-01  -8.1961911e-02  -3.3073822e-02  -1.2944731e-01   4.2041757e-01  -1.5031740e-01   6.7473563e-01   6.0970235e-01  -7.9835294e-02   4.0018963e-01  -4.0430190e-01  -5.2428026e-01   3.1887260e-01   9.8687544e-02  -3.7598146e-01   2.9843406e-01   5.7307528e-01   1.3027907e-01   5.1986657e-02   1.7848739e-02  -3.3614573e-01  -1.0029711e-03  -1.4066257e-01  -7.2941238e-02   1.0989905e-01
   3.4715614e-01   2.6231756e-01  -1.1948013e-02  -2.3990730e-01  -7.5348540e-02  -3.3490858e-01  -3.3151009e-01   2.6575533e-01   0.0000000e+00  -1.9231278e-02  -3.6238089e-01  -1.4592265e-01  -4.3503841e-02   3.3904345e-01  -2.9919143e-01  -5.2503798e-01   2.1176358e-01  -1.4240489e-01   2.6977785e-01  -1.1928247e-01  -3.6474434e-01   1.6587585e-01  -4.2738836e-01   3.4584654e-01   2.6694382e-01   2.3171138e-01  -2.5975163e-01   2.7877311e-01   3.5049763e-01  -1.5219622e-01  -1.7437078e-01  -1.5545428e-01  -2.6264208e-01  -3.2489733e-01   4.0451644e-01  -3.3924932e-01  -5.6780098e-02  -6.9191982e-02  -5.0971147e-01  -1.6908262e-01  -2.0773083e-01  -1.5532955e-01   3.4797141e-01  -8.4531656e-02   8.0748987e-02   3.6771375e-01  -3.3616331e-01  -3.2648149e-01   4.4828377e-02  -2.5297522e-02  -1.7666622e-01   2.8125236e-01  -2.3417743e-01  -3.6869005e-02   2.3302056e-01  -2.5604548e-01   2.8230717e-01  -1.5542217e-03  -1.3405686e-01   3.4632583e-01   1.4317942e-01  -2.6250276e-03   5.3882779e-01  -1.2306762e-01   3.3784234e-01  -2.5326270e-01  -3.0828085e-01   1.8489531e-01  -2.6066317e-01   3.2524563e-02  -2.5132086e-02  -8.1919050e-02  -8.5443266e-02   2.8624613e-01   1.2191351e-01   1.3841429e-01   1.5282238e-01   5.7485067e-02   1.2592712e-01   1.0497817e-03   6.3886438e-03   4.6265052e-02  -2.4246163e-01   1.9776037e-01   2.9226098e-01  -8.8277847e-02   4.3264175e-03   2.7000317e-01   2.7942515e-01   3.4981270e-01   1.0797145e-01   2.7866378e-01  -3.4491735e-01   3.6870605e-01   9.1608033e-02   2.6089718e-02   4.7987172e-02   2.6403462e-01   1.7820516e-01  -2.2583320e-01  -7.9473249e-02  -4.1306222e-01  -1.7515861e-02   5.1076019e-01  -1.3228295e-01  -1.3440638e-02  -1.1048001e-01   5.8378675e-03  -6.6846832e-02  -2.7214920e-01  -3.5231680e-01  -1.8504253e-01   1.0759316e-01   3.8961333e-01   5.0397582e-02   2.2928632e-03   3.0134199e-02  -4.0429479e-02  -3.2209579e-01  -2.0155184e-01   3.5329184e-01   1.5056621e-01   4.2079445e-01   1.6977361e-01   2.6315847e-01   4.2587325e-01  -2.7689446e-02   1.7276589e-01   3.0500233e-01  -1.6335526e-01   4.9451926e-04  -2.4047440e-01   4.6227983e-01  -2.0444649e-01   3.2059342e-01   3.0006028e-02  -1.5300579e-01   9.2944481e-02   1.1552143e-01   1.3125319e-01   3.8600209e-01   1.7455348e-01  -1.6273275e-01  -2.9508510e-01  -2.9294962e-01  -4.7849185e-02  -4.1195583e-01  -5.8955022e-02  -9.8056240e-02  -6.6746190e-02   4.6972665e-01   1.0023901e-01   2.7299225e-01  -1.7755117e-01  -8.8430057e-02   1.3152551e-01   4.3037920e-01  -2.2384502e-01   1.9286707e-01   5.7428891e-02   3.8987578e-01  -1.1908543e-01  -1.8183112e-01  -9.4703951e-02   4.4146260e-03   1.1404158e-01  -1.4295592e-01   1.4342064e-01   3.2715925e-01  -1.4029849e-01   2.0129626e-01   7.1973950e-02   1.1046505e-01  -1.7896463e-01  -5.7606600e-02  -2.4752409e-01   5.7877730e-02
  -8.9079085e-02   5.5234888e-01   3.6925592e-01  -3.8261804e-01   2.8807824e-01  -2.2116238e-01   3.7864533e-01  -2.9651702e-01  -1.9231278e-02   0.0000000e+00  -3.0801099e-01   6.0561513e-01   3.9132292e-02  -3.0043892e-01   2.5533471e-01   2.2039659e-01   2.5543884e-01  -6.0453561e-02  -3.0859676e-01   3.8427551e-01  -8.8895638e-02  -2.7087595e-01   9.1403677e-03   1.3724240e-02  -4.2041442e-01  -4.0420991e-01   2.7685975e-01  -3.2986359e-01   1.1377195e-01  -2.2300070e-01   8.6541198e-03  -2.7892677e-01  -1.4084453e-01   4.7454020e-01   1.0605320e-01   1.2620394e-01   9.1289757e-02   5.4792516e-02   1.8824546e-01   5.6397081e-01   1.1278790e-01  -7.9857693e-02  -2.4010796e-01  -1.7579157e-01   3.0828043e-01  -2.5022457e-01  -2.6492871e-01   1.1423687e-01   1.2218780e-01   3.4554106e-01  -2.0232705e-02  -3.5729252e-01   2.4466944e-01  -1.3638817e-01  -1.3654998e-01  -3.2931608e-01  -3.2039376e-01  -3.4797337e-01  -2.2271869e-01  -1.0532708e-01  -2.4493579e-01   1.5716698e-01  -2.1386012e-01   8.9037938e-02   2.5405274e-01   3.9723116e-01  -2.3662034e-01  -3.6556783e-01  -3.8954324e-01   3.9615575e-02   5.3963083e-01  -5.0538541e-02   1.8435545e-01  -7.9216436e-02  -1.4872434e-01  -3.4714594e-01  -1.3133447e-02  -3.8854433e-01   2.4276968e-01  -2.5478842e-01  -4.1466370e-01   3.2064419e-01   1.9651056e-01  -4.0512881e-01   7.2763284e-02  -3.7149835e-01  -1.2079274e-01  -2.2219418e-01  -3.1292348e-01   2.0506196e-02   4.0997477e-01  -1.9945901e-01   5.1035827e-01  -4.1910364e-01   7.0910422e-02   2.8501675e-01   2.5459601e-02  -2.9019425e-01   8.9847313e-02   5.5089381e-01   1.6345649e-01   7.2448582e-02  -3.6039708e-01  -1.2055419e-01  -1.1077767e-01  -3.4544982e-01  -3.2423076e-01  -4.5517551e-01   5.2595691e-01  -9.2135292e-02   3.4282730e-01  -2.6874565e-01  -4.2986716e-01  -5.3502254e-02  -1.9098552e-01   2.5518500e-01  -4.1325619e-01   1.9540329e-01  -4.2682417e-02  -4.2831168e-01  -1.3278953e-01   3.8178337e-01  -4.7968873e-02   2.3087356e-01  -7.6602781e-02  -5.2360643e-02  -4.8516624e-03  -2.6828840e-01  -5.0488392e-01   2.5034469e-01   1.3567163e-01   1.7400617e-01  -7.1736431e-02  -7.6284462e-02  -3.8918214e-01  -3.7909135e-01  -3.2862529e-01   3.1353986e-02  -3.9196642e-01   7.7045465e-02  -1.5829830e-01   7.4086022e-02  -3.4000795e-01  -1.6127231e-02   6.5192499e-02  -2.0355388e-01   3.9579520e-01   3.8326289e-02   1.9295645e-01   3.2486769e-01  -2.1067991e-01  -2.5586370e-01  -3.3659848e-01  -5.9031177e-02   4.7556563e-01   2.1319135e-01  -2.9140179e-01  -8.4136958e-02  -2.7373614e-01  -4.5329613e-01   1.7362473e-02  -3.5288210e-01   3.0002666e-01  -5.1231169e-02  -4.6849817e-01   3.1921497e-01  -5.7816740e-02  -8.3587409e-02  -4.1212798e-01   2.5293310e-01   2.7391508e-01   2.2992401e-01  -9.4240058e-02  -2.9696557e-01  -6.4586942e-02  -1.5035737e-01  -4.3396394e-01
  -2.2167705e-01  -3.4842199e-01  -2.9983907e-01   5.7184156e-01  -3.6528560e-02   7.1189272e-01   2.3383953e-01  -1.0172955e-01  -3.6238089e-01  -3.0801099e-01   0.0000000e+00  -5.1951843e-02   1.2185809e-01  -2.9282430e-01   2.3848758e-01   3.9054223e-01  -4.0643427e-01   5.9379520e-01  -5.1269728e-02  -1.7274479e-01   4.1864946e-01  -1.0208071e-01   5.4549673e-01  -4.7624447e-01   2.1917135e-01   5.4576025e-02   3.5084350e-01   9.5358090e-03  -2.3780151e-01   4.2442212e-01   1.6741422e-01   5.1764337e-01   3.3435052e-01   1.0830007e-01  -1.6991775e-03   5.3253451e-01  -3.1266560e-01  -7.8367107e-02   3.8781378e-01  -3.3585678e-01   3.0706126e-01   1.3275397e-01  -1.9383524e-01   1.2358406e-01  -1.3737683e-01  -3.2413123e-01   8.3092191e-01   3.7941391e-01  -1.9362838e-01  -4.5880033e-01   5.9722912e-01  -5.1466253e-02   2.5452250e-01  -1.1083516e-01  -1.1616211e-01   6.4765738e-01  -3.5767146e-02   1.2242881e-01   6.0019006e-01  -1.4049878e-01  -1.4242108e-01  -1.1264487e-02   2.1026909e-01   3.8352505e-01  -1.4475393e-01   1.9848121e-01   6.1597118e-01   2.6850278e-01   7.7859262e-01   1.3606594e-02  -3.4591541e-01   2.6148694e-01   2.7658653e-01  -4.0488450e-01  -1.1865305e-01  -7.5224235e-02  -3.7093587e-01   2.4692538e-01   8.4863431e-02   2.1401729e-01   2.0326051e-01  -1.0320876e-01  -4.0514038e-02   2.9060839e-02  -4.0790805e-01   4.3740533e-01   2.5987362e-01  -2.7892216e-02   1.3471549e-02  -4.1969329e-01  -3.5271698e-01  -3.2188670e-01  -6.5339636e-02  -2.5394368e-02  -2.8565335e-01  -2.8776461e-01  -1.2659912e-02  -1.0858076e-02   4.9497309e-02   1.8086491e-02  -1.5209372e-01   5.4536046e-01   7.3575710e-02  -1.0182456e-01   4.1499522e-01   2.3502634e-01   4.5543095e-02   4.5544455e-01  -4.4671022e-01   5.8143200e-01  -1.7001252e-02   4.3087731e-01   1.2502314e-01  -3.6163659e-01  -8.4685324e-02   9.5149354e-02   3.2602756e-01   1.6621737e-01   1.5871607e-01   6.1250666e-01  -4.2946256e-01  -3.6674125e-01  -3.4077717e-01  -3.9823579e-02  -4.4836365e-01  -4.3785299e-01   3.7648747e-01  -1.0032489e-01   1.0669693e-01   1.3825959e-01  -4.6723440e-02   4.7113014e-01  -4.1474111e-01   1.7466737e-01  -1.9784798e-01   1.0702639e-01   3.0063050e-01  -7.7218969e-02   1.6103528e-01  -1.8246049e-01  -1.6200781e-01  -3.0784969e-01   6.9342108e-01   1.4846053e-01   4.4864595e-01   3.1086864e-01   1.1142895e-01   4.9447967e-01   3.9492144e-01  -1.7024931e-01  -2.7657064e-01  -2.3260186e-02  -1.1995774e-01   5.9550752e-01  -2.6317624e-01  -4.2531199e-01  -1.7609755e-01   4.8877597e-01  -1.0576460e-01   2.4809010e-01  -2.0449263e-01   5.5517038e-01   2.0404362e-01   3.4427097e-01   2.9169157e-01  -1.3564391e-01   5.7661465e-01  -1.2202874e-01  -3.4550444e-02  -1.5115033e-01  -7.0370182e-02  -4.2191734e-01   1.4932153e-01   4.5661967e-01   1.0246772e-01   2.0130446e-01   3.8048318e-01
  -2.9447183e-01   6.7243572e-01   4.2279055e-01  -2.7457934e-01   3.5016571e-01   6.4319330e-02   7.8101933e-01  -5.9120094e-01  -1.4592265e-01   6.0561513e-01  -5.1951843e-02   0.0000000e+00   7.0706840e-03  -4.6813265e-01   4.4363696e-01   5.9288720e-01   6.7720103e-02   3.1421935e-01  -6.0225287e-01   4.0208944e-01   1.5162431e-01  -3.1530263e-01   3.3314040e-01  -2.1482551e-01  -3.4896055e-01  -6.2880360e-01   6.0549480e-01  -4.2137925e-01   1.3339325e-01   1.6527997e-01  -7.0235017e-02  -2.1204180e-01   1.9309888e-02   6.0727710e-01   3.4110853e-01   5.3785550e-01  -1.4403981e-01  -1.8771550e-01   5.3684576e-01   5.2672700e-01   2.1616971e-01  -5.1765092e-02  -2.2706735e-01  -3.3925579e-01   4.0413633e-01  -5.9477479e-01   3.4971572e-02   4.1791680e-01   7.7763631e-03   1.6053332e-01   3.6830073e-01  -6.3399686e-01   5.7032250e-01  -2.0398800e-01  -3.6506539e-01  -1.5625151e-01  -6.1312571e-01  -3.4030647e-01  -1.5575829e-03   2.3858300e-02  -5.0303319e-01   2.3800417e-01  -4.4808449e-02   4.5863810e-01   3.5973013e-01   6.4586185e-01  -7.3512677e-02  -2.6884817e-01  -2.7652029e-01   1.9724638e-01   5.8545375e-01   2.1890680e-01   2.0931161e-01  -3.9054555e-01  -3.5564102e-01  -5.1265734e-01  -3.0780618e-01  -5.1940433e-01   3.6080354e-01  -2.3828134e-01  -4.7762238e-01   2.5113064e-01   1.1353943e-01  -6.3472212e-01  -2.4492580e-01  -3.7020430e-01  -3.9346439e-02  -3.0256205e-01  -3.9573831e-01  -2.7295567e-01   2.4275096e-01  -5.3851961e-01   4.3082622e-01  -3.8788477e-01  -2.7421786e-01   2.5964304e-02   1.3999972e-01  -5.3211882e-01   2.8931349e-01   7.4265360e-01  -1.3129167e-02   4.5263784e-01  -5.3579452e-01   2.7137077e-02   2.7599528e-01  -4.4576528e-01  -3.1102741e-01  -5.0284042e-01   1.8552899e-01   2.6215343e-01   3.8752534e-01  -3.0407073e-02  -3.8094570e-01  -3.5004074e-01  -3.9888099e-01   1.9153403e-01  -4.6634405e-01   1.2681689e-01  -3.9787853e-02  -3.0394989e-01  -4.6208475e-01   7.2785982e-02  -1.8843806e-01   5.5541543e-01  -4.0757242e-01  -1.4792392e-01   4.2024106e-01  -4.7504508e-01  -5.3630714e-01   5.2224907e-01   9.6036372e-02   5.9766005e-01  -2.2355600e-01  -1.8346533e-01  -4.4307694e-01  -5.1851682e-01  -2.0557891e-01   1.9564944e-02  -5.0456399e-01  -2.1368168e-01  -2.8088224e-01  -1.2979865e-01  -1.1397294e-01  -6.8774025e-02   2.0037728e-01  -1.1203770e-01   5.4178366e-01   4.0091514e-01   6.0476535e-01   3.1083183e-01  -5.4181794e-01  -5.6692183e-01  -6.0557832e-01   2.8380783e-01   4.6167215e-01   3.1333491e-02  -4.9706437e-01   3.0072918e-02  -5.4495084e-01  -5.7513761e-01   1.4349731e-01  -3.3030091e-01   5.6555888e-01   1.5738410e-01  -4.6999975e-01   3.6721498e-01   4.2256366e-01  -2.0472858e-01  -6.4094504e-01   1.3789973e-01   2.8408299e-01  -4.6554288e-02   1.4767085e-01  -1.4509856e-01  -7.9889343e-03  -1.1347039e-01  -3.9302396e-01
  -2.0587950e-02  -3.9075190e-03  -6.6805406e-02   1.4411435e-01   2.5293964e-01  -4.4238768e-02  -9.1358609e-02  -3.9311742e-02  -4.3503841e-02   3.9132292e-02   1.2185809e-01   7.0706840e-03   0.0000000e+00  -7.3884309e-02  -7.5722101e-02   2.1437057e-01   7.3855373e-02   1.7884339e-02  -6.5649760e-02   2.0841858e-01   2.3205540e-01   3.7833131e-02   1.4254069e-01  -3.4324842e-01   1.3757928e-01  -1.1496552e-01  -3.9998633e-03  -1.9844880e-01  -2.7425928e-02  -4.6041345e-02   9.9724094e-02   7.7888818e-02   4.0338022e-01   8.7995880e-02  -1.8464349e-01   1.8917811e-01   5.9497736e-02  -2.6153275e-01   2.8109078e-01   7.9206103e-02   7.5379272e-01   2.9963943e-01  -5.7623774e-02   1.4991586e-01  -2.5158058e-02  -2.1136487e-01   7.6349032e-02   4.3256341e-02   2.2610962e-01   1.5478074e-01   3.5226883e-02  -6.4309510e-02   2.5917429e-03   2.6257668e-01  -6.3872660e-03   1.1584967e-01  -2.0473791e-01  -5.3315102e-02   2.8688511e-01  -1.1256644e-01  -5.6628341e-02   2.0573466e-01  -4.1651580e-02  -3.8062448e-02  -5.8704377e-02   8.2850662e-02   3.6445779e-02   8.0324779e-02   7.2032619e-02  -1.9539454e-01  -2.2456832e-01   6.7688155e-02   5.8574446e-01  -9.2292244e-02   3.3447390e-01   3.8855880e-02  -3.3901585e-01   2.8968303e-02   1.0232139e-01   4.4336802e-01  -1.9750264e-01   5.8041669e-01   1.7967348e-01  -1.0303582e-01  -5.0719040e-02   6.8799821e-02  -3.8836952e-02  -1.6683430e-01   2.3163695e-01  -5.6924952e-02   1.7296328e-01  -1.3626528e-01   2.3509739e-01   1.6993519e-01  -2.6947207e-01   3.4308173e-01   2.2968056e-01  -1.9905872e-02   3.5454387e-02  -2.1040160e-03   1.7399783e-02   3.5848816e-02   7.6178096e-02  -1.4051969e-01  -5.3933658e-02   6.2562411e-02   2.4229019e-01  -1.0894839e-02  -4.3693064e-03   1.7095391e-01   8.5285180e-02  -3.8366649e-02   1.2055297e-01  -6.7956561e-02  -1.6544012e-01   2.2124253e-01   1.0855562e-01   7.8771537e-01  -6.6637377e-02   1.1079795e-01  -2.7505441e-01   1.1207216e-01  -1.6253309e-02  -9.8408669e-02  -2.1436114e-01  -1.6610261e-01  -4.4038050e-02   2.9330711e-01   5.2974978e-02  -4.0955024e-02   6.1984025e-01   7.3054733e-02  -4.8292025e-02   2.3228516e-01   9.9878001e-02   1.5770909e-02   2.3634531e-01  -2.2964302e-01  -1.4291330e-02  -2.3702107e-01  -1.9519779e-01   6.7979943e-01   6.1952703e-02  -2.8044508e-01  -4.3839827e-02   1.5507629e-01  -5.4167440e-02   1.1017690e-01   8.6273791e-02  -2.2692853e-01  -8.3750997e-02  -9.7496151e-02  -8.9358805e-02   1.4286623e-01  -5.9528613e-02  -3.7265308e-01  -2.4352169e-01   3.8816109e-01   6.0424468e-02  -3.1975715e-02  -6.3070424e-02   2.0969943e-01   9.4845896e-02   8.5698387e-04   5.5469388e-02   1.1074792e-01  -9.7743229e-03  -3.3431858e-01   1.7401161e-02   2.9514836e-01   8.3332893e-02  -3.1725202e-01   2.5668931e-02  -2.1594567e-01   2.5824065e-01   1.2519096e-01  -2.2925657e-03
   6.0909871e-01  -1.5660989e-01  -2.8715306e-01  -1.9170546e-01  -2.4690182e-01  -2.3290273e-01  -5.0849104e-01   1.0208849e-01   3.3904345e-01  -3.0043892e-01  -2.9282430e-01  -4.6813265e-01  -7.3884309e-02   0.0000000e+00  -5.3791755e-01  -4.7331609e-01  -5.5225993e-02  -2.3092934e-01   2.5916951e-01  -2.1316241e-01  -2.1696578e-01   2.8679724e-01  -3.2430063e-01   5.2741383e-01   2.4395134e-01   2.9580185e-01  -5.3731985e-01   3.8750016e-01   8.2350598e-02  -5.1537453e-02  -2.3427019e-01  -2.6213572e-01  -3.6594463e-01  -4.1253636e-01   1.2804693e-01  -4.5933374e-01  -3.1619747e-02   1.1899023e-02  -4.2973632e-01  -3.2015485e-01  -3.0095494e-01  -3.5469123e-01   5.5314159e-01   1.3918276e-01  -1.3130056e-01   4.5303778e-01  -2.7845410e-01  -3.5256817e-01   1.3373025e-01  -1.4750988e-01  -3.0949157e-01   2.3560630e-01  -4.4681819e-01  -7.9636234e-02   3.6063204e-01  -1.3046115e-01   2.7489374e-01  -3.1436681e-02  -1.8034929e-01   2.9111119e-01   6.6242470e-02  -9.3735995e-02   9.6603909e-02  -5.0301800e-01  -1.1113602e-01  -3.0163600e-01  -3.1642462e-01   1.1167552e-01  -1.7135207e-01  -9.4599624e-02  -2.2179054e-01  -1.6492930e-01  -4.2747064e-01   4.5452364e-01   1.2356604e-01   5.3519872e-02   1.3835338e-01   1.6566520e-01  -2.2223975e-01   4.5866984e-02   2.4571997e-01  -2.9424012e-01  -2.1354330e-01   2.2618636e-01   3.5022894e-01  -5.2803177e-02   3.8875425e-02   3.6872472e-01   1.4701680e-01   5.9470256e-01  -1.1316256e-01   1.9151119e-01  -2.4810103e-01   3.0169739e-01   9.1052333e-02  -9.7340099e-02   4.9134509e-02   1.0558984e-01  -1.0834183e-01  -4.3289147e-01   4.5636267e-02  -5.5793195e-01   1.9682731e-01   4.3373063e-01  -2.0597635e-01  -2.0875093e-02  -2.6177838e-02   4.2783127e-02  -1.6679362e-01  -7.6192061e-02  -3.8409758e-01  -7.5614527e-02   3.2511878e-01   5.7249210e-01   3.1232313e-01  -2.5085692e-01   7.6388087e-02  -3.2077803e-01   1.5944322e-01  -1.8937915e-01   4.9843234e-01   3.4520339e-02   3.3315292e-01  -2.9922773e-01   4.2420849e-01   6.7514903e-01  -2.4821726e-01   2.5193415e-01   1.9086544e-01  -3.2625868e-01  -3.0728128e-01  -5.4794266e-01   3.6684066e-01  -7.7237111e-02   3.4939621e-01  -7.4028547e-02   4.1773020e-02   1.7425626e-01  -1.2993965e-02   2.1481064e-01   6.3788795e-01   8.7140897e-02  -1.6303502e-01   2.9684881e-02  -4.4987926e-01  -8.2696642e-02  -5.3122524e-01  -1.7890946e-01  -2.0002812e-01  -2.9810157e-01   4.7227386e-01   2.0730263e-01   2.9905575e-01  -4.3170623e-01  -2.4106796e-01   2.1745306e-01   4.4019066e-01  -2.0498417e-01   5.6004160e-02   1.3787645e-01   5.3761398e-02  -1.2929114e-01  -3.4602919e-01  -1.4286065e-01   4.0066822e-02  -1.8556776e-01  -3.4434402e-01   3.2853278e-01   3.7247427e-01  -4.0236323e-02  -1.2896436e-01   1.4051773e-01  -1.2663229e-01   1.2591689e-01  -1.5002493e-01  -1.4288536e-01   4.4021302e-02
