   0.0000000e+00  -1.0064003e-01   2.9239253e-01  -4.4087399e-01  -2.6320035e-01  -4.7896562e-01  -5.1482356e-01   4.4648705e-02   3.0912305e-02  -1.6464679e-01  -3.8101211e-01   9.7664384e-03  -3.2517457e-01   6.2366542e-01   3.6530781e-03  -4.7782181e-01   3.1457633e-01  -1.8135162e-01  -4.4457918e-02  -2.2280299e-01  -1.3430436e-01   1.8419142e-01  -2.7468954e-01   7.7520919e-01   1.8260684e-01   1.5661137e-01  -3.4040533e-01   3.3789300e-01  -1.0450471e-01  -2.9047006e-01  -1.0036232e-01   4.4563736e-02   7.9576233e-02  -4.1512867e-01  -5.9291497e-03  -3.3174118e-01  -1.8944849e-01   5.9912514e-01  -5.5561141e-01  -2.5488991e-01  -2.4378552e-01   3.4820507e-01   8.7322366e-02   3.4755081e-02  -8.2833385e-03   4.2195198e-01  -3.2915088e-01  -4.9917012e-01  -2.2908003e-01  -2.3982601e-01  -1.6952536e-01   9.7246046e-02  -2.1034148e-01   2.9527477e-01   6.0808882e-01  -1.3515379e-01  -9.8238403e-02   2.3419814e-01  -3.8332980e-01   1.0230635e-01   4.8705785e-01  -2.1585118e-01   9.0258551e-02  -1.9798538e-01  -9.9638590e-02  -2.4320271e-01  -3.8650685e-01  -2.9223900e-01  -2.9663973e-01   3.7296329e-01  -3.1377896e-01  -2.4175821e-01  -4.0276177e-01   6.9288740e-01  -4.6147284e-02   8.8913736e-02   4.0071463e-01  -3.7103139e-02  -2.8492497e-01  -2.0633885e-01   1.7315311e-01  -5.1990495e-01  -2.2512902e-01  -2.7212918e-02   6.5352437e-01   1.0129603e-01   1.9146806e-01   7.1532534e-01  -1.2561163e-01   8.6000166e-01  -6.3037418e-02   4.3611681e-01  -2.5810711e-01  -1.8808139e-01   4.2136931e-01  -1.7859285e-02  -2.0022206e-01  -1.2582426e-01  -8.6487224e-02  -9.7702317e-02   9.8440429e-02  -2.9637641e-01   7.0621602e-02   2.4111944e-01   9.8769408e-02  -3.2258753e-02   4.4497595e-01  -2.5646829e-01   3.7295701e-02  -2.0017351e-01  -3.6945777e-01  -2.3527539e-01  -2.5866264e-01   8.6334805e-01   2.5906644e-01  -1.4618909e-01  -6.1109834e-02  -4.0564460e-01  -1.1401553e-01  -3.8433357e-01   5.5369594e-01  -1.4051396e-01  -8.9818020e-02   1.1122030e-01   4.5316852e-01   6.0491178e-01   8.1819589e-02  -1.4802702e-01  -2.0788998e-01   1.5040410e-01  -5.4466031e-01  -2.6720022e-01   6.1698388e-01  -8.7888219e-03  -9.2364739e-02   2.1783363e-02  -1.9281789e-01   8.5088980e-02   1.0588097e-01   7.3717662e-01   4.0919883e-01  -2.6736648e-01  -1.9554657e-01  -1.7270137e-01  -1.5829461e-02  -5.2038960e-02  -1.8838894e-01  -9.7531508e-02  -3.9180350e-01   1.3313525e-01   7.7127903e-01   7.9622423e-02   6.4263626e-01  -2.8017587e-01  -1.0920950e-01   8.0259864e-01   7.6144887e-01  -2.9931517e-01   4.8817753e-01  -8.6477800e-02  -3.2921534e-01  -2.8345608e-01  -1.1349527e-01  -9.9014479e-02   1.1361604e-02  -1.3823891e-01  -3.7102379e-01  -2.4704706e-02   7.3776008e-01  -1.6055552e-01  -2.7302305e-01  -2.1557108e-02  -2.2174177e-01  -3.2802447e-01   2.3046249e-01  -3.0723759e-01   5.2479783e-02
  -1.0064003e-01   0.0000000e+00   2.0730721e-01  -3.6878230e-01   2.0164028e-01  -1.6628167e-01   1.0016428e-01  -1.7622926e-01   3.3441943e-01  -1.8171519e-01  -1.5768665e-01   6.4978700e-01  -2.4423729e-01   1.9727891e-01   3.2228976e-01  -7.8188980e-02   3.1474291e-01  -9.7243211e-02   1.9688437e-01  -3.3377403e-03   1.0780926e-01  -2.4274700e-01  -3.1098973e-01  -6.1532411e-03  -2.3708803e-04  -9.8125216e-02  -4.4254336e-02  -1.4689284e-01   2.6036774e-02   1.0005161e-01   5.2733696e-01  -1.4217209e-01  -6.5405141e-02   2.9760413e-01   1.7272988e-01   4.8558942e-03   1.8624515e-01  -3.5828047e-02  -5.0760778e-02  -1.8359947e-02  -1.7360133e-01   2.3423018e-02   1.4501078e-01  -2.0979550e-02   2.7769610e-02  -1.3075112e-02  -2.0184185e-01   3.1367716e-01  -8.9142358e-02   1.4622349e-01  -1.8484083e-01   4.3421592e-03   6.2182261e-01  -5.7327201e-02  -8.5206430e-02  -9.3607177e-02  -9.9515807e-02  -2.2057051e-01  -2.4968064e-01   3.8573373e-01  -4.2992122e-02  -3.2698405e-01   4.9432475e-01   4.4543209e-01   3.6085032e-01  -2.8652685e-01  -1.3357996e-01  -1.8104408e-01  -4.3424052e-01   3.2679105e-02   6.8133405e-01  -4.0734628e-01   1.0827100e-01   1.3509965e-01  -2.8253105e-02  -1.4054402e-01  -8.0321097e-02  -3.0988605e-01   3.7379026e-01  -2.9021914e-01  -1.7404618e-01  -1.0550191e-01   5.5423957e-01  -2.1231006e-01   9.1306869e-02  -1.6426549e-01   2.8759055e-01   5.2173831e-03   1.6840579e-01   1.0147705e-01   4.3939767e-01  -4.2056697e-02   3.6627528e-01  -1.8806921e-01  -1.8786306e-01   1.6784591e-01  -4.5007682e-01  -2.5257053e-01  -2.5406571e-01   2.2280415e-01   3.1413741e-01  -2.0113834e-02  -2.1003770e-01   4.6771635e-01  -1.3860851e-01  -1.8080860e-01   7.1996657e-02  -4.4809175e-01  -8.4025266e-02  -5.0267561e-04   2.8435800e-01  -3.7511273e-01  -2.8897785e-01  -1.1534287e-01  -7.6900569e-03   5.1343940e-01  -2.7806470e-01  -1.1555751e-01   2.2629614e-01  -3.5328046e-01   5.9657832e-02   3.4555403e-01   1.3178556e-01   3.1993172e-01  -3.4125902e-01   2.2145798e-01  -1.2204321e-01  -4.0018379e-02  -2.9936612e-01   4.4337355e-01  -1.2710417e-01   3.4813402e-01   4.3148990e-01   2.7203844e-01  -2.5824130e-01  -8.4725830e-02  -1.8846889e-01  -2.0347467e-01  -3.1726633e-01  -2.0006867e-02   2.6694984e-01  -7.2393777e-02  -4.5598060e-01   2.5496141e-01   2.2427122e-01   1.8930827e-01   4.6653380e-01   3.0683501e-01  -4.5323723e-02   3.5290511e-01  -2.9131554e-02  -1.8896869e-01   3.5960192e-02   3.5021282e-01   5.0284068e-01   3.3709049e-02  -8.2766616e-02  -2.6193510e-01  -2.9708059e-03  -3.0941264e-01  -2.0769512e-01  -2.5669755e-01   2.0796137e-01  -2.8677103e-01  -2.3832614e-01   3.6930406e-01   8.9007380e-02  -2.9173063e-01   1.5847616e-02   5.6662647e-01   1.9391958e-01   1.0084365e-01  -2.2501820e-01   3.7697800e-02  -2.5430232e-01  -1.4950619e-01  -2.3749972e-01
   2.9239253e-01   2.0730721e-01   0.0000000e+00  -4.3128487e-01  -4.1093505e-02  -1.7347281e-01  -3.4679798e-01   1.8993372e-01   1.6911874e-01  -2.7008245e-01  -4.1688824e-01   4.8110532e-01  -4.8995410e-01   3.0608042e-01   4.3860488e-02  -3.5878554e-01   8.8958157e-01  -2.8902558e-01   3.2942769e-01  -1.6081489e-01  -5.3346807e-02  -1.6337424e-02  -4.1107241e-01   2.6807335e-01   6.2197117e-02   3.8100234e-01  -2.8260064e-01   1.1458961e-02  -8.2150472e-02  -2.3991861e-01  -1.4888754e-02   1.1925309e-01  -1.3144637e-01  -3.2225298e-01   8.9643776e-02  -4.2418663e-01   1.0422262e-01   2.0145829e-01  -4.2715138e-01  -8.8764760e-02  -4.2558681e-01   1.7115546e-01   2.1667222e-01   2.2337529e-01  -2.1115126e-01   5.8740883e-01  -4.0724794e-01  -2.5849197e-01  -2.5292748e-01   2.0002503e-01  -3.6582651e-01   4.2218630e-01  -8.3442622e-02   2.7471549e-01   2.2061060e-01   1.1640476e-01   2.3842086e-01   6.6300351e-02  -5.1820801e-01   3.1806915e-01   5.6525804e-01  -4.5503284e-01   2.2853609e-01   1.0035230e-01  -1.8382458e-02  -3.7809818e-01   1.2592539e-01  -2.4899854e-01  -2.9995344e-01   5.9425285e-01  -7.7922860e-02  -3.1307166e-01  -3.7635114e-01   5.0168801e-01   3.9231618e-02   2.3397011e-01   4.5751038e-01  -8.2558286e-02  -2.2972471e-01  -3.0268628e-01   1.7168761e-02  -4.7220319e-01   2.4426287e-01   2.2416251e-01   4.8807271e-01   2.2428344e-01   2.3763335e-01   2.8023458e-01  -4.0305442e-02   3.4997822e-01   6.3831743e-02   7.4055012e-01   9.2456691e-02  -1.5594010e-01   2.1503710e-01   2.3453444e-01  -4.2309588e-01   5.1685032e-02  -3.2833025e-01  -6.5212551e-02   3.7919034e-01  -1.9916361e-01   1.4831704e-03   3.6132374e-01  -9.7945809e-02  -6.6010058e-02   5.1200413e-01  -8.6722328e-02   3.4659463e-02  -9.4454633e-02  -1.7667251e-02  -1.9099117e-01  -2.4237581e-01   2.0531025e-01   2.6625202e-01   2.9419367e-02   1.8466107e-01  -4.0180480e-01   2.2424311e-01  -2.3486689e-01   3.6264247e-01   2.3733193e-03   3.8610810e-03   1.7548921e-01   1.8623642e-01   4.6893441e-01  -3.0188832e-02  -4.8348184e-02  -2.3676101e-01   5.1855633e-01  -4.1301845e-01  -2.8583159e-01   4.5053363e-01   5.1247812e-02  -1.5549333e-01   2.6213983e-01  -2.2125776e-01  -1.4365093e-01   1.8957018e-01   2.6249420e-01   2.3214116e-01  -3.9322085e-01  -3.7445255e-01  -1.0010198e-01   4.8905882e-02  -8.4179421e-03   2.3304842e-01  -1.1414863e-01  -3.5225313e-01   8.0709296e-02   4.4986380e-01   1.0719085e-01   4.7203962e-01  -1.0995057e-01   1.0515867e-01   2.6872161e-01   3.2307749e-01  -4.5520295e-01   5.5447664e-01  -1.2884247e-01  -3.2072935e-01  -3.5603690e-01  -1.1611291e-02  -2.5822477e-01   4.3913096e-02  -2.1090226e-01  -3.3741272e-01   2.4980701e-02   4.2727575e-01   2.7480256e-01  -2.5648338e-01  -1.6176181e-01  -2.3644600e-01  -1.7223352e-01   1.4597734e-01  -3.7130794e-01   5.8099811e-02
  -4.4087399e-01  -3.6878230e-01  -4.3128487e-01   0.0000000e+00   7.7638014e-02   5.0929425e-01   3.0981032e-01  -7.2832022e-02  -1.8553339e-01   3.2650416e-01   4.3287279e-01  -3.9077938e-01   3.6527521e-01  -3.5005837e-01  -2.9326816e-01   3.6156947e-01  -5.1810063e-01   3.1196717e-01  -2.6487567e-01   2.0602575e-01  -4.6653718e-02   2.2445940e-01   3.2637119e-01  -3.5721898e-01  -1.2792639e-01  -2.7599711e-01   3.8038092e-01  -2.0851833e-01   1.2757100e-01   3.1915163e-01  -3.1643884e-01   2.2603105e-01   7.5871687e-02   7.6578411e-03  -1.0191509e-01   3.5510976e-01  -1.1761835e-01  -3.5908544e-01   4.0377602e-01   4.1102163e-02   2.0171107e-01  -1.7787095e-01  -1.5733894e-01  -2.2307439e-01   3.8587993e-02  -2.9101127e-01   5.3557631e-01   1.9792897e-01   5.6910559e-02  -1.0406071e-01   4.5599099e-01  -3.1856862e-01  -2.3012346e-01  -1.9899731e-01  -4.2101220e-01  -4.6585334e-02   5.0940927e-02   4.3984768e-02   4.9773986e-01  -1.7525941e-01  -3.4770269e-01   3.3817407e-01  -2.0619611e-01  -1.7294219e-01  -1.6632532e-01   3.3014498e-01   3.8175383e-01   3.0494800e-01   6.5564366e-01  -1.9940681e-01  -1.1319023e-01   6.3114085e-01   1.5742455e-01  -5.4831141e-01   1.7248018e-01  -1.6645531e-01  -4.3409938e-01   7.0593989e-02  -3.8854055e-02   3.3477152e-01  -6.4426804e-02   3.2875252e-01  -3.4681307e-01  -4.0989054e-02  -5.5861506e-01  -1.2967004e-01  -4.1615056e-01  -4.0983015e-01   8.6768154e-02  -5.2173039e-01  -2.6524992e-01  -3.5951595e-01  -1.6011651e-01   4.9574259e-01  -2.9518196e-01  -1.6710808e-01   5.3655118e-01   1.0525991e-01   1.7194491e-01  -1.2576761e-01  -4.0797281e-01   8.4797513e-02   1.2746212e-01  -3.2783838e-01   1.5792316e-01   4.1216073e-01  -3.0878198e-01   4.6699340e-01  -1.3203801e-02   1.2927479e-01  -1.2782647e-01   5.2992711e-01   5.9128593e-01  -3.4366978e-01  -3.3264288e-01  -2.7488880e-01   1.5751027e-02   2.7526709e-01  -2.1386818e-01   7.9763257e-01  -4.2678362e-01  -8.1900565e-02   1.5283110e-01  -2.9639917e-01  -1.1623056e-01  -4.1934521e-01  -1.1558214e-02   2.2682322e-01   6.2988333e-01  -4.2708925e-01   3.9418021e-01  -1.4565698e-01  -4.8150741e-01  -1.9081026e-01   5.0387039e-01  -1.2416515e-01   3.2141956e-01   5.0591648e-02  -5.2652804e-03  -4.5022409e-01  -2.1569950e-01   2.5567917e-01   4.3202965e-01   2.1997826e-02  -1.8353728e-01  -6.8016462e-02  -2.9535496e-01  -1.1208025e-01   2.8043646e-01  -3.2574618e-01  -4.6448843e-01  -4.9120414e-02  -3.9742690e-01  -1.5510331e-01  -3.1275323e-01  -4.4993513e-01  -4.5238465e-01   4.6549096e-01  -3.5410616e-01   1.6794071e-01   4.0836750e-01   3.3559735e-01  -1.1893089e-01   4.6079426e-01   3.5834213e-01  -2.3048210e-01   1.1218548e-01   2.0626533e-01  -4.4095634e-01  -3.3504364e-01  -2.5032759e-02  -8.8195938e-02   4.0268924e-01   2.9767255e-01   3.2825198e-02   5.5910676e-01   3.4036858e-01
  -2.6320035e-01   2.0164028e-01  -4.1093505e-02   7.7638014e-02   0.0000000e+00   2.4838023e-01   1.5241774e-01  -2.3622987e-01   1.5189104e-01   2.2209447e-01   1.6761746e-01   1.5431010e-01   2.3802910e-01  -1.0287261e-01  -8.1059994e-02   2.9870703e-01   1.5608300e-02   1.7610208e-01  -6.1919699e-02   7.6632488e-01  -1.8515718e-01  -5.1628810e-02  -8.8092259e-02  -3.0734895e-01   1.3024187e-01  -1.4931119e-01   4.3058277e-01  -3.5933917e-01   1.9608032e-01   2.2095496e-02  -2.5911367e-03   3.0702334e-02   2.5221354e-01   1.2762700e-01  -5.7777355e-02   5.5348941e-01  -1.2334131e-01  -1.8513320e-01   3.0615413e-01   1.8922847e-01   1.9764910e-01   6.5636881e-02  -4.8555978e-02  -2.2509017e-01  -1.5289451e-02  -6.6200620e-02   3.6985843e-01   1.5183016e-01   3.5658956e-01   1.1643279e-01   1.5761929e-01  -5.6164626e-02   5.7442348e-02  -8.2887640e-02  -3.1925247e-01  -2.1126803e-01  -4.6370445e-02   7.0489552e-02   1.4364666e-01   5.1118908e-02  -1.3860347e-01   3.2617305e-01   1.0235450e-01   3.9694004e-03   2.3893885e-02  -7.7615923e-02   3.2295489e-01  -1.7883481e-02   1.5244021e-01  -3.1774686e-03   1.9266529e-01  -6.3729672e-02   2.9063556e-01  -2.6156906e-01   2.1144249e-01  -1.8790896e-01  -2.0005704e-01  -1.3955820e-01   5.9411400e-01   4.4743876e-02  -3.4335051e-01   1.8121902e-01   1.4026060e-01  -1.5197894e-01  -1.0644494e-01  -1.3070237e-01  -1.2053269e-01  -3.4608323e-01  -2.1027968e-02  -2.9061385e-01   3.6583366e-01  -1.7343155e-01   3.1735994e-01   4.6842953e-02  -3.1897928e-02   4.2936822e-01   1.2718857e-01  -8.5257265e-02   2.0206967e-01  -1.0633593e-01  -9.9373648e-02  -1.1114070e-01  -2.8520732e-01   6.5526605e-02   8.9484889e-03   1.8273820e-01   2.0372629e-02   1.2364142e-01  -2.5459163e-02   9.3073148e-02   1.0122010e-01  -1.5511572e-02  -4.3127179e-02  -1.9418971e-01  -1.8784357e-01   3.6912764e-01  -1.6563239e-01   2.3489681e-01   6.3902141e-02   4.2493226e-02  -3.3476405e-01   4.1148642e-01   3.0895680e-03   1.2808253e-01  -8.7837926e-02  -1.7745674e-01   6.1120893e-03   1.7844222e-01   1.3572010e-01   2.3208073e-01   2.4108407e-01   2.1743541e-01  -9.6822761e-02  -8.7202921e-02   7.1335237e-02  -1.8560701e-01   5.0668410e-02  -2.4929785e-01  -1.5669591e-01  -2.4766089e-01  -1.2845487e-01   2.1734016e-01  -9.5605246e-03   3.2135578e-01  -7.8289182e-02  -1.5789165e-01   7.7236915e-02   2.1926217e-01   1.8257356e-01  -2.3205661e-01  -2.3076183e-01  -3.6049584e-01  -2.9174611e-01   2.6972567e-01   1.8906019e-01  -3.3335062e-01  -3.4918800e-01   1.6434673e-01   1.1826273e-03  -2.6018177e-01  -4.3141227e-02   7.8934597e-02   2.2920828e-01   7.6005234e-02   2.2053293e-01   2.4370765e-01   1.3291420e-01  -2.7216083e-01  -2.4796668e-01   2.8310014e-01   3.0401011e-01  -1.3899185e-01   1.4047130e-02   2.6177836e-01  -1.5601403e-02   2.6535616e-01   2.4965804e-01
  -4.7896562e-01  -1.6628167e-01  -1.7347281e-01   5.0929425e-01   2.4838023e-01   0.0000000e+00   6.2024630e-01  -1.3795818e-01  -1.6907901e-01   2.8910872e-01   3.7914184e-01  -1.4008011e-02   3.4301091e-01  -4.7527173e-01  -3.9599214e-01   4.6342657e-01  -2.4139500e-01   7.0189799e-02   1.5334780e-02   4.2598024e-01  -2.0141544e-02  -1.8706167e-01   3.3128244e-01  -4.5266465e-01  -2.7889314e-01  -1.8600227e-01   5.5303184e-01  -2.0995463e-01   5.8478336e-02   8.9133794e-02  -4.1837049e-01  -9.0625087e-02  -3.7980630e-02   3.3876890e-01  -2.8189089e-01   4.1288539e-01   2.4631902e-02  -2.6415754e-01   4.3904188e-01   3.2704312e-01   2.0807119e-01  -2.1158117e-01  -1.9724239e-01  -2.4014235e-01  -3.0009162e-01  -1.4927045e-01   4.5842377e-01   3.7670071e-01  -4.2015619e-02   2.0005881e-01   3.3485434e-01  -2.7891591e-01  -1.0093976e-01  -3.2363320e-01  -5.9415357e-01   1.0020162e-01   4.3600460e-01  -2.5601733e-01   3.3560678e-01  -9.9749210e-02  -3.3115247e-01   1.5890796e-01  -1.7646686e-01  -1.8307794e-01  -3.9874926e-01   4.4971550e-01   7.8407983e-01   8.5545011e-02   5.7568906e-01   1.7687065e-01   1.2061879e-01   1.1319547e-01   2.3133221e-01  -4.1049774e-01  -1.8437356e-02  -3.0365487e-01  -3.5797865e-01  -7.1746189e-02   4.1855577e-03   3.8137153e-02  -1.3853771e-01   3.6965333e-01   2.9793159e-03  -4.8110712e-02  -3.1717256e-01  -3.1791703e-01  -4.7114577e-01  -5.2794600e-01   8.4541037e-02  -5.0242565e-01  -3.4198330e-01  -2.5320335e-01   1.3797822e-01   1.2082755e-01  -2.8419916e-01   6.8491083e-02   2.2336475e-01   1.6337066e-01  -9.3380491e-02   1.2065849e-01  -1.6365250e-01   1.3305312e-01  -2.0779039e-01  -4.1480634e-01  -1.3619882e-01   6.6481637e-02  -3.7469109e-01   5.0481035e-01  -1.1785350e-01   4.0136783e-01   2.5801770e-01   3.9086727e-01   1.1617677e-01  -3.3976470e-01  -2.9891059e-02  -1.6357737e-01  -7.3984463e-02   3.0939325e-01   9.1664157e-02   4.5935955e-01  -4.0110561e-01  -6.7471882e-02   2.3106812e-02  -5.6262971e-01  -8.7143395e-02  -4.4094025e-01  -3.1538183e-01  -1.8069038e-02   2.3405809e-01  -2.4697558e-02   4.3254430e-01  -4.6083797e-02  -4.5180514e-01  -3.7419885e-01   8.2825518e-02  -1.4041093e-01  -6.1185461e-03  -1.2768073e-01  -1.5149428e-01  -4.8998156e-01  -2.4678253e-01   1.8277777e-01   2.1151571e-01   4.4855968e-01  -3.2387025e-01  -4.0856780e-01   4.4594670e-02  -7.8202156e-02   5.8392315e-01  -2.6054307e-01  -2.7393693e-01  -2.0348535e-01  -4.1573009e-01  -9.9500243e-02   3.9778790e-03  -5.0536165e-01  -4.6573350e-01   3.3825383e-01  -3.0297818e-01   1.0740514e-02   1.3281662e-01   2.0733469e-01   2.7817306e-02  -2.8546585e-02   1.1788774e-01  -1.3953422e-01   1.5396947e-01  -1.6935883e-02  -4.7583993e-01  -8.7150528e-03  -5.6285709e-02   1.6744354e-02  -8.0653274e-02   7.1678446e-01   6.2226254e-02   4.6207624e-01   9.3586325e-02
  -5.1482356e-01   1.0016428e-01  -3.4679798e-01   3.0981032e-01   1.5241774e-01   6.2024630e-01   0.0000000e+00  -1.8197317e-01  -7.6065623e-02   1.8199433e-01   4.1409107e-01   8.6686197e-02   3.4408415e-01  -5.3494948e-01   6.9564362e-03   4.1621616e-01  -3.1490155e-01   1.8703584e-01  -1.8073143e-01   2.7081210e-01   1.6211548e-01  -1.7115963e-01   4.6405097e-01  -4.6782744e-01  -2.9589736e-01  -3.7805551e-01   5.6976158e-01  -2.4416062e-01  -6.8023812e-02   2.8062762e-01   3.0175927e-02  -1.1168233e-01  -1.6454336e-01   7.3635497e-01  -1.9552246e-01   4.8646740e-01  -1.5093443e-02  -2.7483499e-01   4.2445172e-01   3.5161268e-01   2.7567771e-01  -2.9781035e-01  -2.9136988e-01  -1.3272518e-01  -1.1495908e-01  -4.3143786e-01   3.5153934e-01   6.9172477e-01   8.5705794e-02   1.2709179e-01   2.8614147e-01  -2.7785358e-01   2.1733550e-01  -4.2170390e-01  -4.4470060e-01   1.2726807e-01  -6.6823504e-02  -2.4948727e-01   3.3985924e-01  -2.2980445e-01  -3.8549339e-01   2.0949092e-01  -1.3114800e-01   3.8502564e-02  -5.9509366e-02   4.5547757e-01   2.7545624e-01   7.9131778e-02   3.1139042e-01  -2.4740694e-01   4.0330420e-01   8.4197768e-02   4.2721450e-01  -4.0643532e-01  -2.1381418e-01  -1.7615709e-01  -4.6878432e-01  -8.6341398e-02   2.3233092e-01  -1.3112089e-01   2.2951022e-03   4.8885013e-01   8.2993453e-02  -2.4876310e-01  -4.5546975e-01  -1.9869252e-01  -2.1738904e-01  -4.9203760e-01   1.6252735e-02  -5.0711422e-01  -9.8283382e-02  -4.0665133e-01   3.2782961e-01  -6.7196926e-02  -2.6394482e-01  -1.2430037e-01   8.9561692e-02  -1.6103904e-01  -9.0918464e-02   3.6749211e-01  -1.1578863e-01   3.1889446e-01  -6.5404654e-02  -3.6758933e-01   6.6721183e-04   6.9084494e-02  -4.4762712e-01   1.4426623e-01  -7.8590695e-02   2.6246518e-01   5.4660841e-01   3.1457328e-01   1.6055796e-01  -4.5952870e-01  -5.0536549e-02   6.7012430e-05  -1.0206146e-01   4.3053636e-01  -1.0268269e-02   2.9450682e-01  -4.6887856e-01   1.7322789e-02  -2.4557094e-01  -2.6323454e-01  -2.5791689e-01  -4.9179314e-01  -2.2214241e-01  -1.7542710e-01   1.5610542e-01  -2.3911998e-01   4.3124631e-01   3.3443308e-01  -4.4718901e-01  -2.0253751e-01  -1.5132095e-01  -4.1732868e-02  -1.2799622e-01  -5.6489363e-02  -1.0763533e-01  -3.5566322e-01  -2.0588980e-01   2.1996256e-01   1.8096190e-01   3.1695157e-01  -3.4711583e-02  -7.5994714e-02   3.7338804e-01   1.5286770e-01   5.9273379e-01  -1.0849819e-01  -4.7651137e-01  -1.4881298e-01  -5.2542734e-01   1.8349608e-01   2.1638560e-02  -4.5683067e-01  -4.6223673e-01   3.3058353e-01  -5.2931526e-01   2.2135312e-01   8.3886705e-02   2.0003198e-01   3.4385877e-02   4.5601409e-02  -1.0574225e-01   2.3634680e-01   4.1115676e-01  -1.8884746e-01  -5.6282384e-01   4.1662962e-02   1.7282759e-01   4.1121663e-02  -6.4811366e-03   2.9961574e-01  -1.0503431e-01   3.4489734e-01   2.2433494e-02
   4.4648705e-02  -1.7622926e-01   1.8993372e-01  -7.2832022e-02  -2.3622987e-01  -1.3795818e-01  -1.8197317e-01   0.0000000e+00   1.4738092e-01   9.0621818e-02  -3.1687335e-01  -1.3928461e-01  -4.3671153e-01   1.4036809e-01   2.4612165e-01  -4.0421954e-01   1.8656092e-01  -3.1723631e-01   4.2178553e-01  -2.6764175e-01  -1.1996844e-01   1.5690959e-01  -1.0047332e-01  -1.6049322e-02  -1.0427582e-01   6.3645496e-01  -2.4719177e-01   5.2969601e-01   1.2181549e-01  -1.2221529e-01   1.5502012e-01   2.6534580e-02  -3.3222148e-01  -7.5999984e-02   1.2688232e-01  -4.7084005e-01  -4.3651710e-02  -1.5160756e-02  -3.9668458e-01   2.7971658e-01  -3.5186729e-01  -1.3608692e-01   4.0735926e-01   6.6085992e-01   4.6202313e-02   1.1851479e-02  -4.5482601e-01  -6.8950510e-02  -2.1848887e-01   1.5857154e-01  -4.7487881e-01   7.2649383e-01  -4.3169541e-02   3.4823291e-02   1.9442759e-01   5.8064904e-01   2.3204802e-01  -8.9057534e-03  -3.4969110e-01  -1.6268418e-01   1.7162095e-01  -2.4790525e-01   9.7865635e-02   1.4466206e-01   1.0894960e-01  -1.7083974e-01  -7.0948364e-02   3.1129171e-01  -3.1577896e-01   5.2200139e-02  -5.9420188e-02   8.2752782e-02  -1.9678779e-01   4.4302762e-02  -2.9911371e-01   5.0394895e-01   1.5589408e-01   5.7815189e-01   1.8650721e-02   6.9749026e-02   5.8541617e-01  -2.3428726e-01   2.7037852e-01   7.9635443e-01   1.4241843e-01   4.5074991e-01   6.9466931e-02   7.4410338e-02   2.2528350e-01   8.6140749e-02   7.9801162e-02   2.4171659e-01   3.9333744e-02  -2.4108129e-02  -1.9526719e-01   1.6840067e-01  -2.8435173e-02   6.0927572e-01  -4.2729098e-02  -1.2592816e-01   2.0479887e-01   1.0003060e-01   5.1748428e-01   2.3064075e-03  -1.2401778e-01  -1.1909748e-01  -1.0756000e-01   3.2608499e-01  -2.4296910e-01  -1.9082066e-01   2.4722027e-01  -1.3955050e-01   5.4556142e-02   1.2415998e-02   2.3464605e-01   2.6181367e-01   7.4418452e-01  -3.5889486e-01   2.2231341e-01  -2.0848625e-02   2.9698270e-01   1.4709814e-02  -1.0403368e-03   2.1550419e-01  -2.1642015e-01   9.1450207e-02   9.8121476e-02   6.3366126e-03  -5.0441132e-02   7.0079984e-02  -4.1795959e-02  -4.3898266e-02  -7.9391108e-02   5.9170362e-02   1.8619906e-01   6.1435358e-01   5.2537528e-02   6.1524225e-01   5.7095437e-01  -5.0325794e-02  -3.8087971e-02  -1.2191676e-01   1.4414334e-01  -1.1467179e-01  -1.1703994e-01   2.8334628e-01   6.0707321e-02  -1.4342286e-02  -2.7792648e-01  -5.5177932e-02   1.7542446e-01   7.0365758e-01   2.0493148e-01   2.9993816e-01   2.0577163e-01  -4.4950073e-02   1.9518238e-01  -4.5637188e-01   1.4438748e-01   4.6632776e-01   3.2084024e-01   1.7819445e-01   3.5204555e-02  -1.2443547e-01  -1.1469899e-01   2.6753056e-02   2.5239083e-01   4.7789779e-01   1.3836115e-01   2.4125963e-01   2.8479836e-01  -6.6155292e-02   1.6077951e-01  -1.2211142e-01  -1.8667504e-02  -2.5051672e-01  -1.1782741e-02
   3.0912305e-02   3.3441943e-01   1.6911874e-01  -1.8553339e-01   1.5189104e-01  -1.6907901e-01  -7.6065623e-02   1.4738092e-01   0.0000000e+00  -1.1026458e-02  -2.7925588e-01   1.2669923e-01  -2.7053561e-01   1.8132844e-01   2.1191242e-01  -2.4266852e-01   2.6642080e-01   6.7928920e-02   3.0776647e-01   1.8027979e-01   4.0420963e-02   3.7179303e-01  -5.0645633e-02   4.4603582e-02   1.8343715e-01   2.6848784e-01  -2.1305472e-01  -5.1945419e-02  -5.3984082e-02   2.2797945e-01   3.8038703e-01   3.4488932e-01   1.1767615e-01   7.7010275e-02   5.0688650e-01  -1.6297684e-01  -2.6518235e-02  -2.7732361e-02  -2.6815297e-01  -2.5837611e-02  -1.4860938e-01   2.7521017e-01   5.9371976e-01   2.3919500e-01   3.8440786e-01  -1.4891767e-04  -2.3447173e-01  -5.6628339e-02  -6.2240007e-02  -6.9254793e-03  -1.1824446e-01   3.1751859e-01   1.2123132e-01   1.4987583e-01   3.8058141e-02   7.6427284e-02  -2.4306798e-02   3.5297666e-01  -1.9580638e-01   1.8280481e-01   2.2243451e-01  -1.4104057e-01   7.0448202e-01   2.6157446e-01   3.4839605e-01  -2.5159854e-01  -8.5640648e-02  -6.5107125e-02  -2.2720155e-01  -9.3836240e-02   7.3380956e-02  -5.6085449e-02  -1.2025209e-01   5.3339714e-02  -3.9370947e-02   3.0016577e-01   1.6603810e-01   1.2623994e-01   1.8458891e-01  -1.6178033e-02   8.3767764e-02  -2.0896412e-01   2.3277796e-01   1.2547229e-01   9.0592609e-02   2.7829056e-01   5.1453549e-01   7.9110150e-02   4.7349460e-02   8.5032480e-02   1.5585268e-01   2.0234521e-01  -4.3336583e-02   3.2695239e-01   1.1907174e-02   3.7387106e-01  -6.3139236e-02   1.8595553e-01   4.2336339e-02   1.7180573e-01   5.2841614e-02  -6.7822320e-02   1.9186309e-01   5.9298915e-01   3.0976132e-01   2.0786432e-01   2.0787565e-01   2.0526118e-02   3.6406237e-02  -4.1637218e-02   7.3116778e-02  -9.8961340e-02  -3.1590286e-02   6.8238374e-03  -1.1618501e-01   4.2919760e-01   2.2682405e-01  -2.3003166e-01   8.0744020e-02  -2.1566132e-01   1.8028157e-01   1.9540728e-01   5.8597013e-02   6.1933098e-01  -2.2142673e-01   2.2652943e-01   3.1203468e-01   1.6076349e-01   2.8579230e-01   1.2456677e-01  -1.7760602e-01   2.3328497e-01   1.0632720e-01   3.0622005e-01   3.0961380e-01   1.4447241e-01   4.8636530e-02   2.8392951e-02   2.8169789e-01   6.6456540e-02   1.6977052e-01  -4.7923128e-02   1.0750904e-02  -3.8656405e-02   2.0178497e-01   4.7391290e-01   8.4691043e-02   5.0233295e-02  -1.5480589e-01   2.9989241e-01   1.9989850e-02   9.4710585e-02   1.0524191e-01   1.7489350e-01   1.8849813e-01  -1.8211786e-02   1.1044675e-01  -1.6802880e-01   2.3939977e-01   5.3575429e-02  -6.5777772e-02  -4.6582488e-02   1.2222529e-01   2.0521054e-01   2.0532619e-01   1.9562348e-01   1.3429563e-02   9.8999621e-02   1.7637946e-01   1.8863402e-01   2.5971315e-01  -2.3332899e-01   9.8308275e-02  -9.5594603e-02  -2.0444729e-02  -3.3932181e-01   1.8349288e-01
  -1.6464679e-01  -1.8171519e-01  -2.7008245e-01   3.2650416e-01   2.2209447e-01   2.8910872e-01   1.8199433e-01   9.0621818e-02  -1.1026458e-02   0.0000000e+00   1.0903744e-01  -1.9687600e-01   1.1861938e-01  -1.2164269e-01  -1.0411953e-01   3.5239088e-01  -2.2563066e-01   9.8598178e-02  -2.0758270e-01   2.6052408e-01  -1.3855507e-01   6.7115037e-02   1.7570107e-01  -1.4171923e-01  -8.4872033e-02  -1.1920684e-01   2.9002880e-01  -4.8042678e-02   2.1062878e-01  -8.0297648e-02  -1.0333270e-01   1.2045094e-01   1.7827472e-01   1.8104503e-01  -1.4369128e-01   2.9122968e-01  -5.4477856e-02  -1.5836980e-01   3.2306790e-01   1.5936800e-01   9.0082480e-03   2.7426247e-02  -2.3082546e-02  -8.5111738e-02   5.5733575e-03  -1.1160384e-01   3.0810407e-01  -1.0859540e-02   2.6795021e-02  -1.3862301e-02   2.7848967e-01  -1.4129215e-01  -3.2656070e-02  -1.6224298e-01  -2.4837913e-01  -4.8212205e-02   1.9516142e-03   9.1988458e-02   2.3346205e-01  -1.8769188e-01  -1.2719622e-01   1.8238097e-01  -6.1016338e-02  -1.2423438e-01  -4.9939445e-02   2.0958788e-01   1.2876863e-01  -2.9477915e-02   2.4523481e-01  -5.8114700e-02  -1.6573345e-02   1.8461627e-01   6.0617221e-02  -2.0340279e-01   6.1906079e-02   2.6769033e-02  -1.0464960e-01   6.4886160e-02   1.6668213e-01  -6.1393326e-02  -1.4153242e-02   1.4216323e-01  -1.6950843e-01  -6.0687467e-04  -1.2255579e-01   9.3307336e-02  -3.4019458e-01  -2.9150370e-01  -2.3668738e-02  -2.4492657e-01  -2.8129178e-02  -1.6736402e-01  -1.1292611e-02   1.8252852e-01  -3.3461598e-02  -4.0281693e-02   1.6622863e-01   1.2462890e-02  -3.9260037e-02   1.1601316e-01  -2.1752372e-01   4.2510126e-02  -1.2183813e-02  -1.1139906e-01   1.7791320e-01   2.3885726e-01  -1.2354670e-01   1.9581240e-01   1.2583237e-02   8.6180472e-02   6.4340692e-02   1.8611446e-01   5.4159645e-02  -5.0351347e-02  -3.6252873e-02   5.8060321e-02  -2.2922975e-02   1.6011200e-01  -5.6618066e-02   3.2428479e-01  -5.8299442e-02   3.0260277e-01  -9.1739958e-02  -4.8013416e-02  -6.7182890e-02  -2.2653904e-01   9.5000593e-02   4.1263418e-02   2.8751524e-01  -9.3820989e-02   1.2303514e-01  -2.8609253e-02  -1.6463108e-01  -6.6772615e-02   1.8058937e-01   2.7142410e-02  -1.8365556e-02   3.6285107e-02   6.4678908e-02  -3.2616321e-01  -9.2595589e-02   1.2049269e-02   1.6018404e-01   3.4117407e-01  -1.2830853e-01  -7.1294791e-02  -7.2859423e-02   6.5175707e-02   1.7805800e-01  -1.4559993e-01  -1.1941104e-01  -3.8229020e-02  -1.4604300e-01  -8.6209461e-02   4.2921874e-02  -3.4099268e-01  -1.6236533e-01   2.3713339e-01  -1.3379407e-01   2.7200828e-02   8.1183833e-02   8.5954775e-02   1.9621090e-01   2.0726967e-01   1.3031549e-01   3.6615052e-02   3.9980231e-02  -2.4393578e-02  -5.0478478e-02  -1.5623548e-01   2.4922429e-01  -9.5686981e-02   2.7776425e-02   1.4874254e-01   1.3631376e-01   1.0202389e-01   2.5789039e-01
  -3.8101211e-01  -1.5768665e-01  -4.1688824e-01   4.3287279e-01   1.6761746e-01   3.7914184e-01   4.1409107e-01  -3.1687335e-01  -2.7925588e-01   1.0903744e-01   0.0000000e+00  -2.7664162e-01   5.0103279e-01  -4.1545878e-01   9.2422656e-02   4.4412371e-01  -4.7891879e-01   6.4059731e-01  -2.6513930e-01   6.1250516e-02   2.8311161e-01  -7.5433121e-02   3.4235334e-01  -4.0639504e-01  -1.0889839e-01  -5.0012200e-01   4.8684762e-01  -3.4687647e-01  -9.4575514e-02   4.6287701e-01   6.8948817e-02  -2.0996491e-01   6.7020402e-02   2.4870778e-01  -2.3292859e-01   7.0250573e-01   5.1188064e-02  -2.6562066e-01   5.2115808e-01  -8.7539816e-02   3.8105533e-01  -2.2172300e-01  -4.0823707e-01  -1.0106020e-01   5.8139201e-02  -2.2370785e-01   8.1374936e-01   4.8389290e-01   3.7845890e-01  -1.2321775e-01   6.7798826e-01  -4.5954024e-01   1.3610664e-01  -2.9815485e-01  -3.9227404e-01   8.9151825e-02  -1.1093153e-02  -1.6945726e-01   4.6836588e-01  -4.3497061e-02  -4.8165538e-01   4.6178243e-01  -2.1543766e-01   2.1502806e-01   4.2059359e-02   3.7004278e-01   3.4514854e-01   2.9943669e-02   6.7750382e-01  -1.8195561e-01   9.6180550e-02   2.7272386e-01   4.3177258e-01  -4.2691141e-01   6.7325907e-02  -2.9468578e-01  -4.8937445e-01   1.1748397e-01   5.2884342e-02   7.2873163e-02  -2.9772254e-01   4.2639905e-01  -1.1734195e-01  -3.1786248e-01  -3.7023676e-01  -2.7445276e-01  -2.8006531e-01  -4.6652191e-01  -5.7181644e-02  -4.5083148e-01  -4.6868864e-02  -4.9663931e-01  -4.4645535e-02   1.4088794e-01  -1.8871489e-01  -3.4821553e-01   2.3207527e-01  -9.5764912e-02   1.2562365e-01  -1.2690359e-01  -3.1088865e-01   5.3462543e-01  -1.6392634e-01  -3.5147985e-01   2.0561661e-02   3.1307254e-02  -4.0237409e-01   2.6603624e-01   2.0328578e-02   3.8026004e-01   9.8689061e-03   3.9463924e-01   1.8982846e-01  -2.6519409e-01  -3.8457308e-01  -1.4221518e-01  -1.2870806e-01   5.0827161e-01  -6.9401703e-02   2.4301355e-01  -4.7860673e-01  -8.0941245e-02  -2.5933044e-02  -1.7482976e-01  -5.3118159e-02  -4.6410330e-01   1.7533821e-01   4.1760908e-03   2.1215551e-01  -2.6872892e-01   4.0922889e-01   4.3715972e-01  -3.6883202e-01   4.0745871e-02  -2.0391652e-02  -2.2185072e-01   1.0093492e-01  -4.1517415e-02  -1.4327031e-01  -3.5739224e-01  -2.8792845e-01   1.5397117e-01   6.1011614e-01   1.8719307e-02   1.8261731e-01   8.4636501e-02  -2.4912512e-01   2.0030512e-01   4.4874890e-01  -1.5625658e-01  -3.9611531e-01  -3.0854282e-01  -5.3133898e-01   1.7811842e-01  -2.8437711e-01  -4.3801145e-01  -5.2922301e-01   4.0254927e-01  -4.4406769e-01  -9.3001788e-02   4.8581255e-02   6.7029605e-01  -3.1500456e-02   3.8641788e-01   2.2151245e-02  -7.6008845e-03   4.2232265e-01   4.9755116e-02  -5.2123641e-01  -1.5361927e-01  -7.1879599e-02   1.3149401e-02   1.6989695e-01   3.2973263e-01  -6.6746332e-02   4.3726838e-01   1.1197126e-01
   9.7664384e-03   6.4978700e-01   4.8110532e-01  -3.9077938e-01   1.5431010e-01  -1.4008011e-02   8.6686197e-02  -1.3928461e-01   1.2669923e-01  -1.9687600e-01  -2.7664162e-01   0.0000000e+00  -2.4317438e-01   1.3566678e-01   2.4938710e-01  -3.1428905e-02   5.0451248e-01  -2.6305559e-01   1.1118285e-01   8.1125077e-02  -1.5497677e-01  -2.8718694e-01  -3.8758021e-01   7.6434628e-02  -2.0678296e-03  -9.8656433e-02  -3.8362099e-02  -1.7212144e-01   6.4829903e-02  -1.2948516e-01   1.7325090e-01  -1.4271003e-01  -1.2899034e-01   2.2602873e-01   2.4731301e-01  -1.1549114e-01  -4.6560654e-02   8.2271747e-02  -5.7392392e-02   1.2216686e-01  -2.3944163e-01   2.8192089e-02   2.1004245e-01  -1.0823227e-01  -1.6509392e-01   5.7151764e-02  -2.4168378e-01   5.0858056e-02  -3.1181160e-01   3.7040148e-01  -2.0593283e-01   9.3937125e-02   2.5790252e-01   1.8670729e-01  -1.4110637e-02  -1.7227434e-02   7.5770494e-02  -2.4525853e-01  -2.3504546e-01   5.8871681e-01   1.3224006e-02  -2.5720620e-01   2.6964374e-01   2.2035122e-01   1.3642769e-02  -2.4685942e-01  -2.5384362e-02  -1.9568470e-01  -3.3405195e-01   1.9879543e-01   4.4823730e-01  -3.9276108e-01  -4.5699836e-02   3.8901190e-01   1.1357266e-01  -1.0944060e-01  -7.2377546e-02  -4.3420635e-01   1.9899464e-01  -1.5767863e-01  -2.6141930e-01  -1.1758168e-01   4.1045644e-01  -1.8627095e-01   1.7490896e-01  -7.4408039e-02   5.6715540e-02   1.3442580e-01   1.4814110e-01   1.3911699e-01   1.7292308e-01   9.0003283e-02   5.0534909e-01  -1.2395536e-01  -5.4946457e-02   1.8960741e-01  -3.1411813e-01  -2.7400034e-01  -2.3157774e-01   1.0093031e-01   2.9893500e-01   5.5549975e-02  -3.4431759e-01   2.9837265e-01  -2.3696681e-01  -2.2350627e-01   2.8451174e-01  -3.2278719e-01  -1.6452844e-01  -7.0230068e-02   3.6496849e-01  -2.0896997e-01  -3.4402181e-01  -6.4868462e-02   2.1428112e-01   1.7657414e-01  -2.4866115e-01  -1.2839612e-01   1.6065963e-01  -2.3848689e-01   4.9569722e-02   2.5236110e-01   2.3453458e-01   5.5297284e-02  -1.9513911e-01   2.6884628e-01  -1.7863482e-01   2.4927658e-02  -3.0861543e-01   5.0150784e-01  -1.2634185e-01  -1.6040880e-03   4.6669948e-01   5.2257879e-02  -2.1979643e-01   1.6752535e-02  -5.9163541e-02  -4.2824538e-01  -1.9009381e-01   7.8185186e-02   3.4558517e-01  -1.5239370e-01  -4.2487268e-01   4.2225622e-01   1.7846705e-01  -7.6671124e-02   6.5370352e-01  -7.5581515e-05   1.3741269e-02  -2.5267584e-03   4.5671098e-02  -3.6354368e-01   1.4336898e-01   1.7481755e-02   4.8384849e-01   1.3176150e-01   3.8609682e-02  -2.0181411e-01   3.0656591e-02  -3.0231352e-01  -1.8024703e-01  -3.1790981e-01  -1.1857352e-02  -3.5656610e-01  -2.1321655e-01   2.3932036e-01  -3.2285291e-02  -4.1506335e-01   8.4795235e-02   4.6779067e-01   8.4700175e-02   1.0205080e-01  -2.9687142e-01   6.9694053e-02   4.6132665e-02  -9.5893474e-02  -2.2082689e-01
  -3.2517457e-01  -2.4423729e-01  -4.8995410e-01   3.6527521e-01   2.3802910e-01   3.4301091e-01   3.4408415e-01  -4.3671153e-01  -2.7053561e-01   1.1861938e-01   5.0103279e-01  -2.4317438e-01   0.0000000e+00  -3.7459451e-01  -1.8032803e-01   5.8113625e-01  -4.9023014e-01   4.7408300e-01  -2.9875680e-01   3.1989937e-01   3.0126755e-02  -2.6042173e-02   3.0412832e-01  -3.5184612e-01   1.1588286e-01  -4.8645636e-01   3.6537567e-01  -3.5536639e-01   1.5468239e-03   1.8849288e-01  -2.0664512e-01  -8.1613678e-02   3.1272031e-01   2.1093069e-01  -1.4227455e-01   5.3151938e-01  -4.3083777e-02  -2.8436127e-01   6.2037755e-01  -8.7421169e-02   8.5288846e-01  -6.8023085e-02  -3.9023706e-01  -4.6023050e-01   2.2928435e-02  -2.1126958e-01   5.6119679e-01   2.2107932e-01   4.1777699e-01  -1.7293530e-01   5.0904508e-01  -5.1894070e-01  -1.0084549e-01  -1.6636344e-01  -1.8897136e-01  -3.2910476e-01  -1.4471031e-02   3.1802344e-02   6.9490292e-01  -1.6479342e-01  -3.7320254e-01   5.9041866e-01  -3.3195945e-01  -2.6095949e-01  -1.2339419e-01   3.0227675e-01   1.9595693e-01   1.0654885e-01   4.8905918e-01  -2.3098511e-01  -8.0222079e-02   2.3383318e-01   6.2632708e-01  -4.7703698e-01   1.8888478e-01  -3.4933339e-01  -3.0109306e-01  -1.3784391e-01   9.0044777e-02   3.3802317e-01  -2.9932366e-01   6.3106836e-01  -3.1956260e-01  -3.3552104e-01  -3.5653535e-01  -3.4264147e-01  -2.0449551e-01  -2.9709691e-01  -1.3644101e-01  -4.8247565e-01  -9.8702084e-02  -4.3799057e-01  -1.1342919e-01   1.1937304e-01  -4.3085824e-02  -3.2114833e-01   3.8620068e-01  -9.7135252e-02   3.7068017e-01  -5.3131398e-02  -4.3433838e-01   8.0460272e-02  -2.4551384e-01  -3.6240728e-01   9.0705778e-02   1.4530357e-01  -3.4878768e-01   1.3381732e-01   9.3507878e-02   1.4146570e-01  -3.2079469e-02   3.3099389e-01   2.2641236e-01  -2.7321701e-01  -3.3577862e-01  -2.3119252e-01  -3.7615503e-01   8.1257775e-01  -2.9025466e-01   3.1211547e-01  -4.8126467e-01  -3.8780119e-02  -7.0761317e-02  -3.5891648e-01   1.2140450e-02  -4.3953332e-01  -1.8123869e-02   6.6716851e-02   2.1310764e-01  -3.0652842e-01   5.9823768e-01   1.7004980e-01  -4.1853852e-01  -9.9423494e-02   6.9214172e-02  -4.1046448e-01   2.2142689e-01  -2.4295300e-01  -3.6445901e-01  -3.5325739e-01  -2.6672460e-01   6.2171601e-01   2.3848633e-01   9.2476438e-02   9.7574889e-03  -2.1165255e-01  -1.9850702e-01   4.6134579e-02   3.0015883e-01  -1.8941260e-01  -4.1383568e-01  -3.5187204e-01  -4.5515798e-01  -2.0031185e-02  -2.6290336e-01  -3.5575069e-01  -4.9289829e-01   7.1891508e-01  -3.2774489e-01  -9.0946169e-02   9.4592139e-02   2.6166347e-01   5.3089339e-02   2.1856183e-01   2.0069166e-01   1.9859431e-02   1.7879591e-01  -1.7976416e-01  -4.3725822e-01  -2.9214252e-01  -5.8113302e-04  -6.1983162e-02   1.0402117e-01   3.2711278e-01  -4.3886014e-04   4.6469261e-01   6.1810540e-02
   6.2366542e-01   1.9727891e-01   3.0608042e-01  -3.5005837e-01  -1.0287261e-01  -4.7527173e-01  -5.3494948e-01   1.4036809e-01   1.8132844e-01  -1.2164269e-01  -4.1545878e-01   1.3566678e-01  -3.7459451e-01   0.0000000e+00   1.5549175e-01  -3.7915833e-01   3.0299389e-01  -2.0635900e-01   9.4706569e-02  -1.7120771e-01  -1.7717969e-01   2.0230998e-01  -4.2781328e-01   7.3785151e-01   2.4114845e-01   3.7531243e-01  -4.7831115e-01   3.7457179e-01   6.3637222e-02  -3.7184334e-02   2.7766487e-02   5.3116696e-02   1.7570082e-01  -3.7832114e-01   2.8300948e-01  -3.5463150e-01  -1.1247740e-01   2.6588398e-01  -3.9554667e-01  -3.7324878e-01  -3.2695633e-01   3.4382872e-01   2.0496395e-01   1.8448062e-01   9.6960392e-02   5.0519416e-01  -3.5124221e-01  -4.4104387e-01  -2.4671056e-01  -2.7001479e-01  -2.6581565e-01   1.8129556e-01  -1.0165626e-01   8.8650648e-02   5.6095423e-01  -1.3164723e-01   7.1415701e-02   1.9511404e-01  -4.0514792e-01   3.6469576e-01   4.2809348e-01  -3.2863892e-01   1.9120673e-01   2.2631044e-02  -1.3210066e-02  -3.9639765e-01  -3.5250759e-01  -1.4702424e-01  -3.8485131e-01   3.6065312e-01  -2.3350155e-01  -2.3961688e-01  -2.8351870e-01   4.2565424e-01  -1.2044705e-01   1.9219807e-01   3.4508585e-01   1.0710218e-01  -9.0884620e-02  -1.3708617e-01   2.4579417e-01  -4.2746204e-01  -7.2139782e-03   1.7309115e-01   4.9021776e-01   1.7313226e-01   2.9799168e-01   6.1629365e-01  -2.0728774e-02   5.6532577e-01   8.9090248e-02   3.6917620e-01  -1.5479421e-01   2.4553473e-02   1.7255214e-01   1.0907022e-01  -3.0868377e-01   1.5180853e-02  -1.6886309e-01  -2.6122532e-01   9.6924843e-02  -2.5040173e-01   1.2484459e-01   5.2205553e-01   2.4127031e-02   2.4169143e-03   2.7706117e-01  -2.2692510e-01  -1.6901356e-01  -1.7722519e-01  -3.2225593e-01  -2.8340498e-01  -2.0274753e-01   5.3186051e-01  -8.7332925e-03   1.0069370e-01   2.7829625e-02  -3.9746671e-01   6.4009228e-03  -3.4524495e-01   5.5641554e-01   1.2703743e-02   2.0432628e-02   2.9722314e-01   1.8730590e-01   8.6511558e-01   2.1361231e-01  -7.3835182e-03  -2.2439463e-01   1.7763322e-01  -4.0892987e-01  -2.3581490e-01   7.6070203e-01   1.0752832e-01  -5.8549770e-02   1.0904818e-01  -7.8642195e-02   2.0315157e-01   5.1538072e-02   3.3020863e-01   6.2289422e-01  -2.1601703e-01  -2.0613677e-01  -2.2045675e-01   4.9737474e-02   7.2628286e-02  -1.8404838e-01   7.0178551e-02  -3.8918608e-01   1.8469863e-01   6.3075096e-01   2.1704095e-01   5.1247047e-01  -4.5744800e-02   2.7971782e-02   5.1864310e-01   5.1846015e-01  -3.6810352e-01   5.1662916e-01  -1.1924764e-01  -1.9485580e-01  -2.4988270e-01   3.5573815e-02  -1.8021602e-01   4.2788130e-02  -7.0080550e-02  -1.5051140e-01   2.1967960e-01   5.7857478e-01   4.3698651e-02  -2.4359569e-02  -1.4479392e-01  -1.5660845e-01  -2.1199032e-01   9.8234902e-02  -3.0153532e-01   4.6174937e-02
