   0.0000000e+00   1.3415893e-01   3.4972157e-01  -1.8807206e-01  -1.4690678e-01  -2.0426887e-01  -3.8268906e-01  -1.8077547e-01   6.1190078e-02  -1.7914582e-01  -4.3797746e-01   3.4540990e-01  -3.4463205e-01   3.8645775e-01   5.0381801e-04  -2.5094130e-01   3.2986159e-01  -4.4205359e-01   8.2770930e-02  -3.6776446e-01  -3.2666302e-01   7.3685601e-02  -1.9012587e-01   7.6097409e-01  -4.2131203e-02  -2.9503214e-01  -2.9140193e-01  -1.7863665e-01   1.7683251e-01   4.4205659e-02  -2.1048133e-01  -2.0042348e-01  -1.9646406e-01  -4.0271127e-01  -1.5093611e-01  -4.2627546e-01  -3.5459236e-01   5.6335926e-01  -2.6673282e-01  -9.2986926e-02  -2.3929614e-01   1.4412123e-01   1.6676890e-01  -3.7386492e-01  -2.8855366e-01   4.0250467e-01  -4.4486906e-01  -2.6107847e-01  -3.4199485e-01   1.4855102e-01  -3.2245543e-01  -1.9189075e-01  -7.5293690e-02   1.8194881e-01   5.2718669e-01  -3.0274353e-01   1.8109564e-01   1.4686688e-01  -1.6866573e-01   2.2867904e-01   3.3157032e-01  -1.7656415e-02   1.1547316e-01  -3.9912028e-01  -2.4418824e-01  -3.0402025e-01  -1.9313516e-01  -9.4644158e-03  -3.3875507e-01   3.1123108e-01  -1.0851406e-01  -4.5444327e-01  -1.8887613e-01   4.7219307e-01   3.6265391e-02  -1.7229161e-01   2.7426393e-01  -4.0661546e-01   1.5742773e-01  -2.4316685e-01  -1.9573759e-01  -1.2827246e-01  -3.3245770e-01  -3.3199195e-01   4.1691100e-01  -2.3090823e-01  -1.6185798e-01   4.9263079e-01   2.7383948e-01   5.6765271e-01   8.2677390e-02   2.9400987e-01  -1.2745158e-01   1.1293657e-01   3.5559314e-01  -7.7998855e-02  -1.1790467e-01  -8.5658170e-02  -2.8773140e-01  -2.6937954e-01   7.3844289e-02  -2.6461837e-01  -5.6806268e-01   3.1461419e-01  -3.1724212e-01  -2.0188545e-01   2.6946217e-01  -3.5513417e-01   1.9930216e-02  -2.2126383e-01  -2.2375528e-01  -3.3738849e-01  -2.4180045e-01   6.9227316e-01  -2.2000568e-01   5.0353498e-02  -4.2307188e-01  -2.3653223e-01  -1.1844985e-01  -2.1917604e-01   6.3696083e-01  -2.9412706e-02   6.7088745e-02  -2.2636669e-01   5.1809752e-01   4.8492344e-01  -2.5923059e-02  -2.6995948e-02   2.3424946e-01   2.6954446e-01  -2.8932557e-01  -2.6335616e-01   7.3635858e-01  -3.5476428e-01   1.8859285e-01  -2.2558776e-01  -1.8727995e-01  -3.2884768e-01   2.2897870e-03   3.4650682e-01   5.5614343e-01  -4.0297974e-01  -2.9287097e-01  -2.3843786e-01   1.7346825e-01  -3.9558693e-01  -4.4810519e-02  -2.1646381e-01  -1.3606602e-01  -1.9940760e-01   2.9427509e-02  -4.1261082e-01   6.8710240e-01  -1.9584116e-01   1.9989820e-01   5.5652710e-01   4.6811676e-01   2.5493259e-02   3.2460363e-01  -3.4598047e-01  -4.7663415e-02  -5.2785299e-01  -3.3838749e-01  -4.9836344e-01  -1.7961987e-01   9.2606702e-02  -3.1699332e-01  -2.4393987e-01   5.4362438e-01  -1.4841917e-01   1.0528377e-01   4.8475873e-01  -2.5604690e-01   3.0810458e-01   6.1070028e-02  -2.9347367e-01   3.1868381e-02
   1.3415893e-01   0.0000000e+00   2.6348705e-01  -3.6161276e-01  -6.2871816e-02  -3.3210016e-01  -1.8364992e-01  -3.6639404e-01   7.5685158e-01  -1.3704139e-01  -4.2198020e-01   2.4486748e-01  -2.4896717e-01  -2.5269513e-01  -1.4135164e-01  -1.3939599e-01   2.5221855e-02  -4.3427106e-01  -1.3545312e-01  -3.0695636e-01  -5.2369050e-01   6.0214088e-02  -2.8887824e-01  -9.2238612e-02   2.6079383e-01  -2.3288250e-01  -2.7769432e-01  -2.8605210e-01   5.6981302e-01   5.7016237e-01  -3.6706077e-01  -2.0760302e-01  -1.6138352e-01  -1.8787330e-01   5.6854064e-01  -3.5061911e-01  -3.4600920e-01   6.6985387e-03  -1.3991320e-01   2.5439669e-01  -3.5883464e-01  -1.6835987e-01   6.7797713e-01  -1.8622185e-01  -2.1446952e-01  -1.1056774e-01  -4.8391376e-01   2.8818243e-01  -2.7003098e-01   3.6260160e-01  -4.8344267e-01  -2.8689083e-01   6.9658347e-01   2.2065742e-01   4.0905275e-01  -3.1540295e-01  -1.9872938e-01   1.6362873e-02  -3.3802257e-01   2.0111642e-01  -1.1287239e-01  -2.0301332e-01   8.1378035e-01   1.1428993e-01   3.8375713e-01  -1.0502564e-01  -4.0403902e-01   2.4932968e-01  -3.4800628e-01  -1.7008585e-01   4.6387654e-01  -1.6461368e-01  -2.2674039e-01   4.9617683e-01   2.1773626e-01   1.1299797e-03  -1.3252805e-01  -2.2146374e-01   4.7830142e-01   9.3484128e-02  -3.0320845e-01  -3.0701318e-01   2.5662141e-01  -2.2564713e-01   7.9944954e-02  -3.5499572e-01   3.3562068e-01   2.4980758e-01   6.8967647e-01  -1.0281724e-01   3.7682974e-01  -7.6742284e-02   6.0954245e-02   4.2443788e-01  -2.5348038e-02  -1.1422602e-02   3.1068664e-02  -2.4946838e-01  -5.3430470e-02  -4.9848663e-01  -1.3448277e-01  -1.0766067e-01  -4.6986681e-01   6.6779044e-01  -2.7387509e-01  -2.8027967e-01   3.3595881e-02  -3.4365508e-01  -4.0055838e-01  -2.3021471e-01   3.6649043e-01  -2.9372184e-01   1.2677495e-01  -7.6907904e-02  -1.1519215e-02   4.6104188e-01  -3.8806653e-01  -2.2984783e-01  -1.0481539e-01  -3.2928620e-01  -6.1975450e-02   9.2482148e-02   7.2152436e-01   4.3494120e-01  -3.0273279e-01   1.4811815e-01  -1.5971033e-01   1.8729924e-01   2.2990005e-01  -5.6481555e-02  -3.5508353e-01   3.1906350e-01   3.4347876e-01  -2.1309122e-01   5.1593931e-01  -8.6133474e-02  -2.3577263e-02   7.8490311e-02   3.5077930e-02   2.1432640e-01   1.5852039e-01  -2.9119205e-01  -3.3935665e-01  -1.2095756e-01  -1.3950078e-01  -3.8488673e-02   3.6323096e-01  -3.6322667e-01  -1.9106300e-01  -1.9608397e-01   3.9786797e-01  -3.1633223e-01   3.7222599e-02   3.8494382e-01   6.6827724e-01   4.0547207e-02  -1.3288608e-02  -2.8236185e-01  -4.6259291e-02  -3.0868055e-01   3.6368376e-01  -3.1450306e-01  -1.7248856e-01  -3.1922554e-01  -2.5660133e-01   3.5221132e-01   1.1639750e-01   1.3220565e-01  -4.3236845e-02   2.5107120e-01   4.3062212e-01   4.6183921e-03   1.2183317e-02  -6.2459358e-02   6.2768065e-02  -6.2871183e-02  -1.1430015e-01
   3.4972157e-01   2.6348705e-01   0.0000000e+00  -6.6556315e-02   9.7839136e-02   2.2939885e-02  -9.7041619e-02  -2.5502940e-01   1.0990849e-01   1.5717645e-01  -2.8737728e-01   5.0677332e-01  -2.1672477e-01  -1.2670006e-01  -1.5690572e-01  -9.7033569e-02   7.7824055e-01  -1.8042504e-01   9.4003928e-02  -2.4975616e-02  -3.3475312e-01  -3.4701135e-02  -9.1181829e-02  -6.3718241e-02   1.9461661e-02  -3.3467819e-01   1.0175976e-01  -5.1328219e-01   1.5292322e-01   1.1719339e-01  -4.1790249e-01  -2.2653404e-01  -8.4942559e-02  -3.0446629e-02  -2.9571666e-03  -9.5632357e-02  -2.4774013e-01   1.2623079e-01  -1.2771471e-01   3.7558391e-01  -2.3519150e-01   1.8800484e-01   2.7288059e-01  -1.6745038e-01  -1.5357046e-02   4.0436183e-01  -2.1998013e-01  -1.5340424e-02  -3.8264906e-02   5.2828223e-01  -1.3558835e-01  -2.1314294e-01   1.6482662e-01   3.3444508e-01   2.7809699e-01  -3.2629392e-01   2.1514563e-01   9.7500630e-02  -2.4490720e-01   1.0718617e-01   4.7706435e-01   8.3895389e-02   1.3115134e-01  -2.7247281e-01  -3.1423182e-01   2.2569483e-01   1.6855746e-01  -8.4226369e-02  -3.1584462e-01   7.4314876e-01   1.7888484e-01  -1.0663438e-01  -1.2581668e-01   4.5421052e-01   1.6415317e-02  -4.4667742e-02   5.1530112e-01  -3.5801431e-01   4.6226021e-02  -1.7704926e-01  -5.0694971e-01  -1.4513259e-01   1.0783838e-01  -2.6834893e-01   2.2094061e-01  -4.1186719e-01  -1.1977279e-01   1.0560310e-01   2.0122275e-01   1.3947126e-01   2.2738470e-01   5.8123220e-01   3.2845367e-01   4.8431115e-02   3.0583433e-01   8.1585014e-02  -8.8826486e-02  -1.0751222e-01  -3.4784912e-02  -1.3189049e-01  -1.8068648e-01   7.6902301e-02  -4.1168971e-01   2.9830357e-01  -2.4011738e-01  -1.9429226e-01   3.4498064e-01  -3.0619667e-01  -4.3796797e-02  -3.6996531e-02   1.6736812e-01  -2.3086142e-01  -1.4240751e-01   7.2820006e-02  -1.9847395e-01   9.8096425e-02  -5.7537866e-01  -3.8065769e-02  -6.7797244e-02  -1.0132205e-01   3.7807738e-01   9.9519276e-02   1.0172105e-01  -1.8832198e-01   1.3404894e-01   2.0000540e-01  -2.1603921e-03  -4.7413354e-02   1.2747281e-01   6.6134446e-01  -3.1428464e-01  -4.5992206e-02   5.5099951e-01  -1.6734503e-01   1.9391277e-01  -4.7726191e-02  -1.5616708e-01   5.9763229e-03   1.2532165e-01  -4.1710652e-02  -1.7900574e-02  -1.7773399e-01  -1.7337860e-01   1.0046740e-01  -2.2076723e-01  -4.1970887e-01   1.6551020e-01   1.1465791e-01   1.5251964e-01  -1.9209426e-01   3.1963398e-02  -4.8090937e-01   4.3431564e-01  -2.2070332e-02   5.9777717e-01  -6.3935006e-02   2.7322195e-01  -1.3566322e-01   5.4505326e-01  -3.2924274e-01   2.2920993e-02  -3.5316560e-01   7.1013140e-02  -3.8262912e-01  -1.8438319e-01   9.4923896e-02  -1.9356969e-01  -3.1116595e-01   4.7550440e-01   2.4108357e-01   2.2988580e-01   2.1669713e-01  -1.1543980e-01   5.5211748e-01  -2.5559190e-02  -1.3281168e-01  -2.0372303e-02
  -1.8807206e-01  -3.6161276e-01  -6.6556315e-02   0.0000000e+00  -4.4570294e-02   4.5676903e-01   7.0397431e-02   2.2229501e-01  -3.2570121e-01  -4.2155207e-02   1.0103104e-01  -4.5135761e-02  -8.6606526e-02   4.3126247e-03  -1.8350408e-01   4.4758333e-01   3.2936093e-02   2.2629006e-01   1.7494204e-01   2.1476484e-01   2.9607590e-01   3.8280691e-01   9.6693119e-02  -2.1560436e-01   8.8267494e-02   1.6840001e-01   3.4690646e-01  -3.9427111e-02  -3.2111935e-01  -1.0360282e-01   4.8891535e-02   6.6560775e-01   4.5615169e-01   8.2168912e-02  -5.0139174e-01   2.5444569e-01   3.3368054e-01  -6.6212436e-02   4.4281018e-01  -2.9120513e-01   1.8724526e-02   2.7741926e-01  -2.8249699e-01   1.6065940e-01   2.4021340e-01   5.3372060e-04   4.1407433e-01  -2.2425120e-01   1.1577421e-01  -2.8088073e-01   4.7712699e-01   1.6862899e-01  -3.0507478e-01  -5.3534590e-02  -3.6459758e-01  -4.0872798e-02   2.2217655e-01   4.3117041e-01   5.3435945e-01   1.1026289e-01   1.5378987e-01  -1.5880257e-01  -4.5608365e-01  -1.3327822e-01  -8.8411705e-02   6.0413917e-02   4.3581049e-01  -2.9676336e-01   5.9766057e-01   6.2008528e-02  -3.3866482e-01   4.7430486e-01   1.0203757e-01  -1.9385123e-01   5.5030107e-02   3.5605503e-01   1.7600661e-01   1.7439201e-01  -1.4805810e-01   7.1082474e-02   3.8822553e-04   1.9653781e-01  -2.4723769e-01   2.1223453e-01  -1.5711671e-01   2.7918805e-01  -2.6416436e-01  -3.1624120e-01  -3.8332107e-01   3.0976004e-02  -2.3141354e-01   2.1341100e-01  -1.3999844e-03  -6.1176514e-02   2.3964236e-02  -1.0981566e-01  -1.7743168e-01   2.5151199e-01  -1.4214073e-01   2.6774217e-01  -2.3330007e-01  -8.7329863e-02   4.1716553e-01  -2.7710125e-01   3.5523458e-01   7.2598902e-01   1.6401860e-02   4.3257589e-01  -2.0913411e-01   2.8876087e-01  -3.2989322e-01   5.7975724e-01   1.4470733e-01  -5.8172396e-02  -2.7260041e-01  -3.0849842e-01   1.7323092e-01   1.3240275e-01  -1.8809586e-01   7.9655767e-01   8.0914496e-03  -1.4142068e-01  -2.3980275e-01  -1.0883206e-01   2.7037331e-02  -1.8409551e-01   3.2754451e-02  -1.4266453e-01   2.0979860e-01  -1.1166762e-01   2.5478779e-01  -2.4662788e-01  -2.7670631e-01  -6.8783623e-02   9.8518957e-02   3.6253707e-01   2.3928962e-03  -2.2376436e-01   2.6797273e-01  -2.4900596e-01  -2.6892807e-01  -1.0211218e-01   2.0846365e-01  -1.2784463e-01  -4.1691078e-02   2.1518257e-01  -4.1289299e-01   1.9631751e-01   2.6434958e-01  -5.2068503e-02  -4.2203113e-01   2.8573789e-02   2.4747230e-02  -2.7914985e-01  -3.6948968e-01  -2.2109070e-01  -1.2572343e-02   2.8609215e-01   1.7108553e-01   2.3106414e-01  -2.9192375e-01   2.9801053e-01  -1.8186217e-02   5.4778448e-01   6.1845429e-01  -3.2977456e-01  -1.6878382e-01  -2.9297084e-02   8.1523691e-02  -1.1362999e-01  -3.0714566e-01  -6.2241062e-02   2.2115974e-01   2.1691707e-02   1.1466726e-01   1.8881132e-01   5.0741308e-01
  -1.4690678e-01  -6.2871816e-02   9.7839136e-02  -4.4570294e-02   0.0000000e+00   7.0500966e-02   1.3728453e-01  -1.1161038e-01  -3.5369828e-01   2.2093745e-01   1.5083485e-01   1.7785565e-01   2.8515869e-01  -9.2352305e-02  -5.2279406e-02  -3.2666001e-02   1.1163209e-02   3.2133163e-01  -1.6992673e-01   8.0505386e-01  -1.3814965e-01  -2.9427422e-01  -2.3565007e-02  -6.7036794e-02  -2.5914368e-01  -2.1962237e-02   4.5552738e-01   7.0264036e-02  -6.8612034e-02  -1.8932509e-01  -6.6624249e-02   2.6106569e-02  -3.0222014e-01   1.7010039e-01  -9.1747002e-03   6.7630605e-01   5.0133951e-02  -2.1245010e-01  -3.1044456e-02   2.6184251e-01   4.3781594e-01  -2.0092117e-01  -5.5636147e-03   1.2977969e-01   3.0086982e-01  -1.5395901e-01   3.8881889e-01  -1.7318816e-01   1.3040228e-02   1.3764736e-01   2.9215215e-01   2.4295109e-02  -1.1795305e-02  -1.9497684e-01  -2.9357963e-01   3.6953597e-02  -1.0189284e-01  -2.3739895e-01   3.0420139e-01  -1.2398730e-01  -3.9526251e-02   2.8195242e-01  -2.2295741e-01  -6.5259354e-02  -3.2249308e-01   2.7910018e-01   1.8678395e-01  -1.0526410e-01  -3.7202481e-02   1.6344415e-01  -8.8704178e-02   1.0706352e-01   3.6358411e-01   4.8635297e-02  -1.7304520e-01  -1.1451763e-01  -4.1340724e-02   6.9129499e-02   3.9172420e-01  -1.7509093e-01  -8.4523234e-04   3.1934096e-01  -1.3338520e-01  -2.9055779e-02  -1.4120663e-01   1.6575992e-01  -4.2844106e-01  -1.6657040e-01  -2.7743581e-01  -9.0481042e-02   3.7776676e-01  -1.1327969e-01   3.7241972e-01  -1.1019941e-01  -1.6393032e-01   8.0182626e-01   1.0560893e-01  -3.7482999e-02   3.3710253e-01   2.8191757e-01  -1.2553224e-01   2.3107706e-01   1.9935322e-01  -2.7960095e-01   2.2138660e-01  -1.2437489e-01  -1.3416306e-01   7.6482412e-03   1.8843390e-02   1.7720609e-01   4.0742662e-02   1.2023540e-03  -3.5545850e-01  -6.9788459e-02  -2.4889100e-02   2.1702910e-01   9.5720103e-02   3.1919304e-01  -9.3976108e-03   9.8541142e-02  -9.1422436e-02   7.4134287e-01   1.0913262e-01  -2.3301595e-01  -6.3792711e-02   8.6856321e-02   9.4584495e-02  -1.0921280e-01  -3.0957040e-01  -1.1038854e-03   2.9427657e-01   2.7517262e-01  -4.6579621e-02  -1.2939647e-01  -9.2359894e-02  -2.5838327e-02  -6.8410347e-03  -1.1620330e-01  -1.9402750e-01  -1.6115803e-01  -1.9544598e-01   1.7004390e-01   2.5388777e-01   9.9474802e-02   5.3554268e-02  -8.8232228e-03  -1.0230946e-01   3.8658584e-01   4.1745470e-01  -2.7059029e-01  -1.0715619e-01   2.0846018e-02  -1.4351756e-01   5.5818522e-02   8.3507649e-02  -1.2972667e-01  -5.9692385e-02   3.8076256e-01  -7.1019719e-02   8.0364428e-02  -3.3796400e-02   1.7776484e-01   9.8406506e-02   1.6909191e-01  -8.2102147e-02   3.0532736e-01   3.1746709e-01  -1.1368960e-01  -9.9305583e-02   1.2013418e-01   4.1086700e-01  -1.0990947e-01   1.2324323e-01   1.3848114e-01  -1.1822109e-01  -9.0256144e-02  -1.8528443e-01
  -2.0426887e-01  -3.3210016e-01   2.2939885e-02   4.5676903e-01   7.0500966e-02   0.0000000e+00   1.3466375e-01   2.4196392e-01  -3.2296843e-01  -1.0632584e-01   4.7119635e-02   5.6186980e-02   1.4161121e-01  -1.2008041e-01  -2.6453704e-01   2.6082108e-01   5.5724216e-02   4.0870143e-02   6.5333896e-01   2.4390669e-01   8.3717918e-03   2.4403066e-01  -9.3081794e-02  -1.8043775e-01  -1.9580388e-02   3.7109237e-01   4.7041218e-01  -5.6430506e-02  -7.5898066e-02  -1.3338873e-01  -1.1362133e-01   2.5920026e-01   8.0082647e-02   7.6635497e-02  -4.1515312e-01   2.0285767e-01   6.3328120e-02  -2.1093688e-01   2.4603638e-01  -1.5548311e-01   1.4392727e-01   2.6706464e-03  -1.3225649e-01   1.8862040e-01  -1.6302766e-01   1.9363532e-02   3.4711184e-01  -3.4882158e-01  -5.5544080e-02  -1.1573573e-01   3.0650419e-01   1.8211458e-01  -3.4870077e-01  -5.4278928e-02  -2.8214403e-01  -7.1258878e-02   7.3073376e-01   1.2827784e-01   3.1701703e-01   1.2383479e-01   1.7049347e-02  -4.7135921e-02  -3.6310568e-01  -1.9815874e-01  -2.7402488e-01  -1.4125804e-02   8.2513596e-01  -3.6526573e-01   7.3603978e-01   2.3813720e-01  -3.2877059e-01   3.1791455e-02   1.1980268e-01   1.2041925e-02   2.8356580e-02   2.0977619e-01   1.0254958e-01   1.6256860e-01   6.4627673e-03  -3.6485748e-02  -8.3457852e-02   1.5329390e-01  -2.4156427e-01   3.2335898e-01  -9.0152974e-02   1.4432602e-01  -2.7536605e-01  -1.2490574e-01  -3.0594915e-01  -4.9091177e-02  -1.0197163e-01   1.6123571e-01   1.5161200e-01  -1.6281692e-01  -1.4024141e-01   1.6558010e-02  -6.3651244e-02   6.8297834e-01  -1.1227182e-01   8.3248936e-02  -2.1510474e-01  -6.2740154e-02   2.8264004e-01  -2.4471248e-01   8.5609806e-02   2.1462138e-01  -4.4789796e-02   6.9171844e-01  -1.5368765e-01   3.5911544e-01  -1.9972052e-01   3.4926758e-01  -1.4268681e-01  -2.0858417e-01  -2.2767320e-01  -1.8596180e-01   1.5664804e-01   1.8149330e-01  -8.9243093e-02   3.2269254e-01  -7.0027568e-02  -6.1678374e-02  -1.6037673e-01  -3.8018479e-01   5.4593292e-02  -1.0179414e-03  -1.5163958e-01  -1.1951129e-01  -2.6418015e-02  -3.3427446e-02   1.3966707e-01  -2.3594343e-01  -1.5755434e-01  -2.5163203e-01   4.5312461e-03   2.5849241e-01   1.4739446e-02  -2.8600832e-01   2.4778908e-01  -3.5452327e-01  -3.4596681e-01   6.3323142e-02   3.6107416e-01   1.4240542e-01  -2.1246763e-01   8.0739832e-02  -4.1259926e-01   1.1811904e-01   2.3862236e-01  -2.5643326e-01  -3.2908407e-01  -6.5824042e-02  -4.9887892e-02  -3.6548905e-01  -2.1760771e-01  -3.2904124e-01  -1.7716370e-01   2.6188018e-01   3.8103125e-02   3.0220862e-02  -2.6930605e-01   3.4131505e-01  -5.3111147e-02   1.5332739e-01   3.6642519e-01  -3.4370108e-01  -2.4240045e-01   6.4201956e-02  -7.0355917e-02   2.5216661e-02  -1.8054290e-01  -1.6119287e-01  -1.4543496e-01   3.6754288e-01   5.8557732e-02   6.4174313e-02   2.8372597e-01
  -3.8268906e-01  -1.8364992e-01  -9.7041619e-02   7.0397431e-02   1.3728453e-01   1.3466375e-01   0.0000000e+00  -3.2320541e-02  -1.8643018e-01   5.1199670e-01   3.9993689e-01   1.1645661e-01   2.1708596e-01   4.3723447e-02   4.7686975e-01   2.2586328e-01  -2.4804455e-01   4.7770615e-01  -1.5040735e-01   3.9925154e-01   3.5288321e-01  -2.2448979e-01   7.2645354e-01  -2.9406209e-01  -3.1071340e-02  -8.1555918e-02   2.2932911e-01   3.5146118e-01  -4.2868409e-02  -5.2033779e-02   2.3074890e-01   5.5790053e-02  -2.6332010e-02   6.8947264e-01   1.9717015e-01   3.9936353e-01   3.1814996e-01  -4.7410143e-01   1.8148219e-01   1.6357221e-01   1.7061978e-01  -9.1779645e-02  -8.8541273e-02   3.4989618e-01   4.1285696e-01  -3.5581928e-01   3.1126766e-01   4.2832080e-01   1.1084324e-01  -2.2239435e-01   4.3593711e-01  -1.2277609e-01   3.6966868e-02  -2.0527970e-01  -3.1423035e-01   3.4553903e-01  -2.0483874e-01  -2.6138139e-01   2.2672413e-01  -1.6645167e-01  -3.1326639e-01   2.8402726e-01  -1.8942600e-01   2.9140037e-01  -1.6982476e-01   5.0476696e-01   9.5125444e-02   3.9263805e-02   5.8002172e-02  -3.0143011e-02   5.8781387e-02   3.8474374e-01   1.9151440e-01  -1.5180013e-01  -1.6905818e-01  -7.3399151e-02  -2.8894285e-01   1.7469083e-01  -2.7132244e-01   1.1047628e-02   3.0196219e-01   3.5643458e-01   1.5184095e-01   2.3339074e-01  -4.9043249e-01   2.5456855e-01   8.2215230e-02  -1.4991011e-01  -2.7620407e-01  -4.4455180e-01  -4.1298456e-01  -2.2623689e-01   3.4942466e-01  -1.7936972e-01  -3.8535054e-01   2.4108968e-02   7.8428053e-02  -4.3884555e-02   2.8580892e-01   5.6757000e-01  -4.1757196e-02   7.1152783e-01   3.8425987e-01  -1.5924627e-01   4.4212203e-01  -8.2822520e-02  -2.7605292e-01   6.3897598e-02   3.1590205e-01   1.4547613e-01   4.0880539e-01   6.0040612e-02   4.8201326e-02  -4.1031897e-01   5.5055770e-01  -3.7650998e-01   1.0783301e-01   2.6179685e-01   6.6745974e-02   1.8977947e-01  -3.8777552e-01   4.8384810e-02  -5.7738791e-02   1.8046708e-02  -3.9227870e-01   1.2376435e-01   5.6544482e-01  -1.5531115e-01  -2.9189578e-01  -1.1082762e-01   2.6150210e-01   1.7346195e-01  -1.5532590e-01   3.6371211e-01  -7.8142441e-02  -5.8505217e-03   5.5903216e-02   5.0301411e-01  -1.0331461e-01  -1.9367465e-01  -3.3251739e-01   2.5840769e-01   1.3777698e-01   3.3204089e-01   2.7686330e-01   1.1853332e-01   4.7315897e-01   2.9174698e-01   3.1389997e-01   1.6345130e-01  -7.8334329e-02   2.7498854e-01  -4.3766085e-01  -3.9239511e-03  -9.0103374e-02  -3.2005111e-01  -4.4373362e-01   1.2947399e-01  -2.9172316e-01   1.0185551e-01   9.5037092e-02   1.5152173e-01   4.4871096e-01   2.9627503e-01  -1.2419155e-01   1.2381361e-01   4.4479827e-01  -3.1678997e-02  -4.0075215e-01  -1.4079976e-01   1.7860138e-02  -3.9276392e-01   2.0940748e-01  -4.6167728e-02  -3.3248812e-02   1.0966352e-01  -2.2444869e-01
  -1.8077547e-01  -3.6639404e-01  -2.5502940e-01   2.2229501e-01  -1.1161038e-01   2.4196392e-01  -3.2320541e-02   0.0000000e+00  -2.9599575e-01  -1.5660219e-01   1.8880472e-01  -3.3916066e-01  -3.5253922e-02   3.9126270e-02   3.6745940e-02   2.4817605e-01  -1.5222321e-02   7.5207850e-02   1.7377201e-01   4.5545681e-02   8.3323938e-02   1.3655840e-01  -6.2130205e-03  -2.7154465e-02  -1.4932278e-02   4.9307915e-01   5.6083130e-02   2.4174608e-01  -3.1705894e-01  -2.1820652e-01   1.5014173e-01   2.9098886e-01   3.1427602e-01  -1.9843201e-01  -3.0919174e-01   1.7816017e-03  -2.7598132e-02   3.9834945e-02   2.4298969e-01  -1.6922800e-01   2.4793838e-03   1.5324684e-01  -2.4555931e-01   2.3777580e-01  -4.7125632e-02   1.1058087e-01   9.8147856e-02  -2.7697267e-01   1.8349717e-02  -5.6539264e-02   9.7540768e-02   4.6594798e-01  -2.6339306e-01  -1.3617025e-01  -3.5262918e-01   1.6465819e-01   1.4367538e-01   1.3910128e-01   1.0926146e-01  -8.0038745e-02   1.2549968e-01   3.3296385e-02  -2.9073258e-01   1.5662338e-01  -7.0585386e-02  -2.0129000e-01   1.6681411e-01  -1.9843667e-01   3.8713794e-01  -1.0519142e-01  -2.4819367e-01  -4.8172708e-03  -5.5964575e-02  -3.2690253e-01  -1.7674093e-01   4.8364037e-01   4.4632626e-02   4.3982194e-01  -1.7496611e-01  -1.2558635e-02   3.1082940e-01   3.2821250e-02  -1.4450991e-01   6.7362961e-01  -3.0662552e-01   3.8175987e-01  -2.1231977e-01  -2.7525479e-01  -3.9417914e-01  -1.9778303e-01  -1.8144526e-01  -1.6362399e-02  -2.8297024e-01  -2.2889905e-01   1.0570027e-01  -6.8132901e-02   3.9235693e-02   2.7863608e-01   1.8264754e-02  -6.6663203e-04  -6.0467173e-03  -1.0457421e-01   3.4971905e-01  -3.2816268e-01  -3.1445065e-02   4.6437027e-01  -1.5859542e-01   5.0454660e-01   9.8641490e-02  -9.8378325e-02  -1.7710968e-01   4.9312632e-01  -1.4348316e-01  -8.6244274e-02  -8.7086988e-02  -2.7361296e-01   3.5049125e-01  -1.6387463e-01  -2.3750630e-01   1.0440591e-01  -1.5868432e-01  -1.7031378e-01  -2.6582089e-01  -9.2247836e-02   1.6320756e-01  -1.8311184e-01  -1.6669421e-01  -2.8815613e-02  -1.1613560e-01  -6.0875906e-02   9.8323935e-02  -2.5400779e-01  -2.6662684e-01  -2.1297661e-02  -2.6927740e-01   5.5849146e-01  -4.5669776e-02  -1.6698324e-01   4.0696611e-01  -8.4102863e-02  -1.8494901e-01  -4.3833272e-02   2.8034282e-01  -1.3374724e-01  -1.6488827e-02   1.8158905e-01  -2.3569509e-01  -2.5943869e-02  -1.8728478e-01   8.3488706e-02  -2.3526378e-01   3.5944249e-01  -2.7501975e-01  -1.1073034e-01  -3.5788968e-01  -6.5165677e-02  -7.6530009e-02  -3.9988761e-03  -2.8115028e-02   4.4552240e-01  -2.2678952e-01   4.5470634e-01  -2.7442556e-02   4.8752736e-02   4.7107457e-01  -2.4503805e-01  -9.2793484e-02   1.1784158e-01  -1.6480586e-01  -2.4683098e-01  -2.3786927e-01  -4.8530383e-02  -1.5500153e-01  -2.5892851e-01  -1.1122196e-01  -1.5029760e-01   2.8071881e-01
   6.1190078e-02   7.5685158e-01   1.0990849e-01  -3.2570121e-01  -3.5369828e-01  -3.2296843e-01  -1.8643018e-01  -2.9599575e-01   0.0000000e+00  -1.7090019e-01  -2.6319627e-01   1.6034950e-01  -1.9947790e-01  -2.5306476e-01   2.6993732e-02  -1.6878212e-01  -2.1589094e-02  -3.3996299e-01  -2.8961559e-03  -5.4683404e-01  -3.1544657e-01   3.1478768e-01  -1.8836110e-01  -1.2954030e-01   3.5854095e-01  -1.8070174e-01  -4.4506510e-01  -3.3669497e-01   4.5422731e-01   7.7091377e-01  -1.5540164e-01  -2.3403637e-01  -8.0846867e-02  -2.6011196e-01   4.6767925e-01  -5.0494514e-01  -2.5339059e-01   8.5316855e-04  -1.7941145e-01  -1.8659368e-02  -3.9010561e-01  -4.9702885e-02   5.6219193e-01  -2.3713810e-01  -1.1663147e-01  -1.2585274e-01  -5.3525793e-01   3.1414136e-01  -6.4186724e-02   1.3205634e-01  -4.2931284e-01  -2.0077119e-01   5.3207339e-01   3.6234067e-01   5.6243348e-01  -1.7075553e-01  -7.7912976e-02   1.5064381e-01  -4.1195187e-01   3.8097370e-01  -6.4900912e-02  -9.2701369e-02   8.5250415e-01   2.2597620e-01   7.3611630e-01  -2.3719563e-01  -4.5920022e-01   3.7886626e-01  -3.2018860e-01  -2.7437749e-01   3.5610446e-01  -5.2135941e-02  -1.7700779e-01   3.0103493e-01   3.2218050e-01  -7.5544830e-03  -1.0011998e-01  -3.1539143e-01   2.9877990e-01   2.1167918e-01  -2.7834146e-01  -2.5872124e-01   2.0204767e-01  -2.9538123e-01   5.5916470e-02  -3.0035434e-01   5.8774299e-01   3.2699393e-01   8.5192610e-01  -5.0277275e-02   1.7018947e-01   6.0078910e-03  -2.0164306e-01   6.6020764e-01  -1.5314256e-03  -3.3770813e-01   4.7178893e-02  -1.3986373e-01  -1.5755800e-02  -4.9395288e-01  -9.2461852e-02  -1.6660106e-01  -4.3069211e-01   7.6961184e-01  -1.9761301e-01  -1.6079449e-01   1.6847933e-01  -2.8372627e-01  -2.0150221e-01  -3.4049761e-01   2.0590212e-01  -2.8621086e-01   4.0141224e-01  -1.4878273e-01   1.6388612e-02   2.9257622e-01  -3.8811607e-01  -1.8064819e-01  -1.4888159e-01  -2.7827951e-01  -4.2544988e-02  -2.2628024e-01   4.8884499e-01   6.6733153e-01  -3.1239461e-01  -1.0983222e-02  -7.3059822e-02   3.3005248e-01   4.3765467e-01  -1.7972740e-01  -3.1532914e-01   3.2567407e-01   2.1818729e-01  -4.2739857e-02   5.8843670e-01  -1.3123907e-01   2.2880137e-02   9.8105270e-02   2.6656533e-02   1.9438884e-01   2.1980682e-01  -1.7017097e-01  -2.8150857e-01  -2.2845740e-01   3.9712675e-02   2.5016790e-01   2.8645787e-01  -5.0348603e-01  -3.7736352e-01   3.1028485e-02   3.7461751e-01  -3.1734502e-01   1.0112666e-01   4.4877304e-01   2.8190816e-01   5.0583100e-02   5.7391948e-03  -4.0644732e-01   2.9914981e-04  -3.1944288e-01   4.1708575e-01  -2.7136672e-01  -2.9556027e-01  -1.8846983e-01  -1.7007203e-01   1.6957757e-01   1.4840726e-02   1.4191297e-02   8.9599556e-03  -4.4020840e-03   1.9423656e-01  -3.8297170e-02   2.1436278e-01  -2.2807139e-01   1.7425741e-01   2.1387027e-02   5.6182673e-02
  -1.7914582e-01  -1.3704139e-01   1.5717645e-01  -4.2155207e-02   2.2093745e-01  -1.0632584e-01   5.1199670e-01  -1.5660219e-01  -1.7090019e-01   0.0000000e+00   2.7392438e-01   1.8930309e-01   1.2572876e-01   4.1200715e-02   2.8318134e-01   2.1052109e-01  -4.1482128e-02   3.8807664e-01  -2.8453174e-01   3.7097735e-01   2.5481228e-01  -2.5695031e-01   5.5575363e-01  -1.3595725e-01  -1.2683200e-01  -2.6038496e-01   1.5917386e-01   1.3530329e-01  -2.2737157e-01  -1.6172293e-01   3.8626454e-02  -1.1942501e-01  -1.4320518e-02   6.8095936e-01   2.7416071e-01   3.7211780e-01   3.3372450e-01  -3.0883929e-01   1.7457782e-01   3.6801773e-01   2.3430866e-02   2.1608836e-02  -1.0716584e-01   9.9616308e-02   4.6842651e-01  -2.4941024e-01   2.5018564e-01   2.4115368e-01   3.5174566e-01   1.3960195e-01   3.2826085e-01  -2.4794850e-01  -2.6124912e-02  -1.8941381e-01  -1.1512000e-01   2.3014454e-01  -3.1205040e-01  -8.9256301e-02  -4.1854123e-02  -1.1461782e-01  -1.4147132e-01   3.1951079e-01  -1.3918514e-01  -1.3285731e-02  -1.9184303e-01   8.4219998e-01   4.3134315e-02   1.1095179e-02  -1.5368691e-01   1.2228507e-01   1.2889915e-01   2.7154984e-01   1.8607941e-02  -7.8345919e-02  -2.6994302e-01  -1.7363846e-01  -1.1944491e-01  -3.3986153e-02  -3.4247256e-01  -4.6409325e-02   6.0231529e-03   1.8959360e-01   3.3302770e-01  -6.2528190e-02  -1.0128989e-01  -4.3580021e-02   6.7822510e-02  -2.1103290e-02  -1.6937090e-01  -2.3255370e-01  -2.2505431e-01  -8.6158208e-02   5.7825252e-01  -1.1970138e-02  -2.4631707e-01   1.7739435e-01  -3.2964448e-02  -2.0500454e-01   2.0744719e-01   5.4025047e-01   8.2731104e-02   5.2609427e-01   5.5892667e-02  -1.2587985e-01   3.7272940e-01  -1.4673412e-01  -1.5325662e-01  -1.9452146e-01   4.5663727e-01   2.1204149e-01   4.2424827e-01  -1.8411734e-01   3.7287908e-02  -2.9267991e-01   4.5562196e-01  -1.2272843e-01  -9.2995272e-02   2.2515173e-01   2.1617065e-01   4.0690885e-02  -1.0421478e-01   8.9890427e-02  -1.2811440e-01  -7.4563423e-02  -3.2333585e-01   1.0851389e-01   3.7616525e-01  -2.1616494e-01  -1.2072129e-01   6.8754281e-02   1.8496532e-01   9.9201300e-02  -4.1768005e-02   3.6232916e-01  -2.7524699e-02  -1.3619313e-01  -3.5140188e-02   4.3925734e-01  -1.4136829e-01  -1.0763450e-01  -1.1642898e-01   3.0810496e-01   2.0543241e-02   3.2302412e-01   1.5139909e-01  -1.8112124e-01   3.7721655e-01   4.8896755e-01   5.1068076e-01   2.5161520e-01   1.2100585e-01   5.3048601e-02  -1.7145315e-01  -3.3863848e-02   1.9027411e-01  -1.0075483e-01  -1.0654343e-01  -5.5400169e-02  -6.9545830e-02  -1.4762613e-01   7.4882494e-02  -5.5599429e-02   6.6902697e-01   9.8910229e-02  -1.6906237e-01  -2.4845342e-02   1.8990774e-01  -1.0993095e-01  -1.0011105e-01   1.8410891e-01  -2.4303054e-02  -2.4561002e-01   1.9355778e-01   1.0175142e-01  -1.5192149e-01   2.7504228e-02  -1.8878925e-01
  -4.3797746e-01  -4.2198020e-01  -2.8737728e-01   1.0103104e-01   1.5083485e-01   4.7119635e-02   3.9993689e-01   1.8880472e-01  -2.6319627e-01   2.7392438e-01   0.0000000e+00  -9.8898663e-02   2.3847499e-01  -5.7856693e-02   5.0846462e-01   1.2388130e-01  -2.7554363e-01   7.4633623e-01  -1.6178403e-01   3.0328047e-01   4.0742364e-01  -2.5649245e-01   3.4005968e-01  -2.3106081e-01  -2.8875650e-02   7.0252003e-02   1.5237030e-01   2.2145970e-01  -2.8631779e-01  -1.1441390e-01   5.3376722e-01   9.3950411e-03   1.1028422e-01   3.0052470e-01  -4.5325194e-03   5.4630298e-01   1.5738560e-01  -3.2051551e-01   1.2405637e-01  -8.2704553e-02   3.5725499e-01   5.4770944e-02  -3.2783003e-01   5.1540800e-01   3.8327459e-01  -2.4637869e-01   6.3814268e-01   1.8669999e-01   1.7930081e-01  -4.1386231e-01   5.4004507e-01   9.2151133e-02  -1.3118732e-01  -1.6741425e-01  -2.7576727e-01   6.0015616e-01  -1.2205566e-01  -2.4521670e-01   2.8810784e-01  -2.5108518e-01  -1.3269154e-01   3.4952127e-01  -3.4453805e-01   5.0747475e-01   3.6326194e-02   1.9728827e-01   7.4001124e-02  -1.0809538e-01   2.4149675e-01  -8.3866467e-02  -2.1806996e-01   3.6563052e-01   3.3836638e-01  -3.9723681e-01  -1.1716507e-01  -9.1025317e-02  -1.6858017e-01   3.3004803e-01  -2.5872451e-01   1.6639753e-01   2.3217655e-01   3.9073889e-01   2.1381434e-01   1.5302375e-01  -3.0731648e-01   2.7682977e-01  -1.2649607e-01  -7.1584408e-02  -3.3586268e-01  -2.3182020e-01  -2.9863154e-01  -1.7909240e-01   1.5778980e-02  -2.0114652e-01  -2.0796054e-01  -8.1883290e-02   1.9679008e-01   5.9128990e-02   3.1414199e-01   2.5234088e-01   1.8490390e-01   5.7103331e-01   3.6020507e-01  -2.9950514e-01   4.4347662e-01  -1.7727403e-02  -2.5485574e-01   2.4544393e-01   3.6155789e-01   1.8866721e-01   5.5215692e-02  -5.4963314e-02   2.6004433e-02  -3.1129743e-01   3.0479702e-01  -3.2614187e-01   3.1511557e-01   2.3759121e-01   1.9572718e-01   1.9348134e-01  -3.3669097e-01   2.3159249e-02  -3.2037398e-01   1.2468618e-01  -2.2120556e-01  -1.8958030e-01   3.6612739e-01  -9.6321418e-02  -2.7540760e-01  -1.2915190e-01   3.9265037e-01   3.8134180e-01  -3.5678827e-01   4.5554677e-01  -3.0378545e-01  -3.4933820e-02   1.5612846e-01   3.1679439e-01  -1.5887859e-01  -1.2460806e-01  -1.3569004e-01   2.1202282e-01   4.9545418e-01   1.5411702e-01   3.6733504e-01   4.0096850e-01   3.0705591e-02   3.8686670e-01   2.0188641e-01   2.4962941e-01  -1.4595393e-03   3.5927021e-01  -3.1219654e-01   3.2729341e-01  -3.6693142e-01  -1.7463031e-01  -2.6846221e-01   1.5948459e-01  -2.0556369e-01   8.0964888e-02  -1.0301411e-01   5.8572870e-01   3.3307988e-01   4.8075703e-01  -8.6183036e-02  -1.6574510e-01   5.3523940e-01   2.0349453e-01  -2.6951959e-01  -1.7707345e-01  -2.4008312e-01  -3.3355483e-01   2.7862943e-01  -7.9613037e-02   7.9485222e-02   4.9131541e-02  -1.3060673e-01
   3.4540990e-01   2.4486748e-01   5.0677332e-01  -4.5135761e-02   1.7785565e-01   5.6186980e-02   1.1645661e-01  -3.3916066e-01   1.6034950e-01   1.8930309e-01  -9.8898663e-02   0.0000000e+00   1.2496372e-03   1.0801639e-01  -1.9299577e-02  -1.7888528e-01   1.3040360e-01   6.5714875e-02  -8.5323867e-02  -9.4945202e-03  -1.9056954e-01   1.5409247e-01  -9.4370385e-03   1.1802805e-01   1.3373953e-01  -4.7497910e-01   7.8570565e-02  -3.8507152e-01   3.1728761e-01   4.4601481e-01  -1.7477926e-01  -5.3755520e-02  -2.9921400e-01   9.3512104e-02   1.7631768e-01   1.0574009e-01  -1.9987286e-01  -1.6263189e-01  -2.4874811e-01  -1.0127756e-01  -4.1965854e-02  -7.7606325e-02   4.7926453e-01  -1.0171941e-01   2.7892778e-01  -1.3586065e-01  -3.7953361e-02  -3.6897880e-02  -5.0049160e-02  -8.8079954e-03   2.2044667e-01  -4.0053264e-01  -5.9747141e-02   2.3620398e-01   3.3592517e-01  -4.1471185e-01   1.5898268e-01   2.3032635e-01  -1.3764434e-02   6.1772529e-01   6.9053703e-03   3.5573769e-01   1.4147948e-01  -3.2505957e-01  -9.1569937e-02   1.4267844e-01  -3.9972132e-02   1.0714710e-02  -2.0883495e-01   2.7790765e-01  -1.3858897e-01   1.6138549e-01  -6.5689352e-02   6.4953593e-01   2.8670922e-01  -4.8904150e-04  -6.4989370e-02  -3.7374800e-01   3.2383093e-01   4.4382738e-03  -4.4436480e-01   1.2575168e-01  -1.4954256e-01  -3.8214708e-01  -5.7342513e-02   5.0097844e-02   5.3559042e-02   3.3709389e-01   3.3921515e-01   1.1769047e-01  -3.8012940e-02   1.7189654e-01   2.8717553e-01   4.7940139e-01  -1.8161344e-01  -3.0400226e-02   1.8175557e-01  -1.7530345e-01   1.8372824e-01  -1.1075923e-02  -3.7142571e-01   3.7773855e-01  -3.0666885e-01   5.2078630e-01   3.0182899e-01  -1.9570071e-01   2.6866865e-01  -3.7648280e-01  -5.4136339e-02   7.2392925e-02   8.7026375e-02  -2.1747537e-01   5.4057059e-02  -2.9632589e-02  -2.0915356e-01   5.2869634e-02  -5.5175033e-01   1.7926811e-01  -3.2678212e-01   5.0350013e-02   3.2190805e-02   3.1437029e-01   3.3289534e-01  -5.2444995e-02  -1.7168451e-01   6.8071672e-01   3.8635543e-01   1.4989229e-02   2.8537611e-01  -2.3041210e-02  -1.5382292e-01   2.4486131e-01   6.6115173e-01  -2.0806522e-01   5.7599116e-01  -3.1749483e-02   1.2776612e-01  -1.7829548e-01   2.1804004e-01  -2.3719207e-01  -1.3622000e-01  -1.8187523e-01   1.2598180e-01   3.7168702e-02   1.3966570e-01  -8.7923270e-02   6.4105655e-02   2.4438410e-02   3.9689632e-01  -2.2079415e-01  -1.4314890e-01  -4.2443856e-01   3.0083951e-01   2.3863184e-02   3.1254115e-01  -2.6092081e-01  -1.6462180e-01   2.1507600e-01   6.0908185e-02  -3.6875333e-01   1.5117392e-01  -3.0263154e-01  -5.8073998e-02  -4.6543483e-02  -2.0691120e-01   2.1449628e-01   1.5905966e-01  -3.6742529e-01   1.3954300e-01  -5.3249572e-02   2.8090607e-01  -1.8983555e-01   1.2279982e-01   5.4063524e-01   1.8986372e-01   4.3272070e-02   6.9306743e-02
  -3.4463205e-01  -2.4896717e-01  -2.1672477e-01  -8.6606526e-02   2.8515869e-01   1.4161121e-01   2.1708596e-01  -3.5253922e-02  -1.9947790e-01   1.2572876e-01   2.3847499e-01   1.2496372e-03   0.0000000e+00   9.1388671e-02  -6.4759212e-02  -9.7427468e-02  -2.4346416e-01   4.0390462e-01  -4.7226411e-02   3.7478384e-01   8.5764500e-02  -2.6248068e-01   1.1191435e-01  -1.8830110e-01  -9.8661394e-02   1.8018417e-01   1.7636056e-01   1.8466662e-01  -7.5511892e-03  -1.7085856e-01   1.4109237e-01   1.0188290e-02  -1.0765485e-01   2.7872123e-01   1.5939325e-02   3.3713961e-01   1.7207515e-01  -4.3130808e-01  -5.9670633e-02  -1.9670845e-02   7.7641175e-01  -1.8308265e-01  -1.5771648e-01   3.2400882e-01   2.1177033e-01  -2.9561622e-01   3.0575316e-01  -4.6234306e-03   9.8929935e-02  -2.2286183e-01   2.9973786e-01   1.6705329e-01  -1.9887756e-01  -1.0515522e-01  -2.2756225e-01   1.8757727e-01  -6.0918862e-02  -3.4360255e-01   2.8030943e-01  -8.5387785e-02  -2.5696665e-01   2.8898776e-01  -1.7531642e-01   9.4265687e-02  -1.0140668e-01   1.7483298e-01   1.2931555e-01   1.5667244e-01   2.0111821e-02  -3.7717087e-02  -1.1917930e-01   2.2547024e-01   4.6159498e-01  -2.2141504e-01   9.9664538e-02  -1.2801797e-01  -3.0697306e-01   2.1919131e-01  -1.2402258e-01   2.8593413e-01   1.0656049e-01   4.0032804e-01   4.7877652e-02   1.5495145e-01  -1.9799499e-01   1.8631464e-01  -2.4246532e-02  -1.4847743e-01  -1.8460432e-01  -2.7233867e-01  -1.2187307e-01  -2.9280066e-01   2.2543050e-01  -1.1335162e-01  -3.0907094e-01   2.7129338e-01   3.4655288e-01  -3.7599289e-02   4.8633231e-01   2.0883621e-01  -5.1852847e-02   2.0619683e-01   2.8753126e-01  -1.6185161e-01   1.4899741e-01  -1.2890035e-01  -4.8689843e-02   5.7165283e-02   7.6235658e-02   2.1729536e-01   3.7410326e-02   9.0002059e-02   6.6143623e-02  -3.0236248e-01   1.0715754e-01  -1.4672537e-01   2.6587819e-01   7.1621452e-01   2.3384933e-01   1.1264535e-01  -3.3747807e-01   1.8765565e-01  -8.4916479e-02  -1.6656501e-01  -2.5247831e-01   8.2779549e-03  -1.3928523e-02   1.3408024e-01  -3.4475443e-01  -1.3656754e-01   4.9736568e-01  -1.8124559e-03  -2.2537797e-01   1.3981453e-01  -2.5799379e-01  -4.5423755e-02   3.8424500e-01   1.5046309e-01  -2.2828122e-01  -2.3580565e-01  -2.5893856e-01   7.7920653e-01   1.5054052e-01   3.0991820e-01  -3.7164476e-02   1.0570447e-01  -1.5274461e-01   3.2964396e-01   2.1721893e-01  -3.2369483e-02  -1.7488458e-01   2.3108983e-01  -3.3123598e-01  -8.3410276e-02  -1.8752941e-01  -3.0068987e-01  -2.2072870e-01   3.9378014e-01  -2.5421410e-01   1.7451986e-01   1.2942963e-01   2.2525021e-01   2.1909508e-01   2.4247823e-01  -4.7206162e-02  -9.5188287e-02   1.5160480e-01   2.4993767e-02  -2.2830373e-01   3.5207003e-02  -1.7522341e-01  -3.1337945e-01   2.4101611e-01   4.6419600e-02  -8.0849780e-02   3.2466632e-01  -2.3859601e-01
   3.8645775e-01  -2.5269513e-01  -1.2670006e-01   4.3126247e-03  -9.2352305e-02  -1.2008041e-01   4.3723447e-02   3.9126270e-02  -2.5306476e-01   4.1200715e-02  -5.7856693e-02   1.0801639e-01   9.1388671e-02   0.0000000e+00   1.6820126e-01  -1.4839862e-02  -1.0863220e-01  -2.5546368e-02  -1.5592605e-01  -7.6353802e-02   2.0783665e-01  -8.3795198e-02   2.0636673e-01   5.9536656e-01  -5.2463748e-02  -1.3475612e-01  -1.1333849e-01   4.5849222e-01  -9.6614050e-02  -1.5344886e-01   2.1165579e-01   1.6002316e-02   5.6912561e-03  -2.0570494e-02  -1.8805995e-01  -1.3177729e-01   1.4616968e-01   9.8241793e-02  -6.1423373e-02  -1.6445946e-01   7.9613125e-02   1.3068066e-01  -1.5784749e-01   1.5383468e-01   1.5027787e-02  -3.4646052e-02  -1.0934487e-01  -1.9254303e-01  -1.7890124e-02  -1.1443149e-01   4.8966813e-02  -5.0510200e-02  -3.4497354e-01  -3.6430999e-02   8.0174115e-02   1.4959566e-01  -7.0991357e-02  -6.0904054e-02   3.8390842e-02   3.4904325e-02  -6.4331319e-02   2.1319107e-01  -1.7894949e-01  -2.4778941e-01  -2.6334731e-01  -1.4644097e-01  -8.6936426e-02   1.5299940e-01  -1.3395874e-01  -2.2227368e-02  -3.4090958e-01  -8.8159978e-02  -1.1323132e-01   3.4364133e-02  -3.1378202e-02  -1.9086711e-01  -1.6747289e-01   3.8307092e-02  -9.1197657e-02   1.1846536e-01   4.0547547e-01   1.8053635e-02  -2.9810889e-01   6.0326852e-02   1.7639032e-01   3.1433958e-01   9.6810710e-02   2.5256791e-01  -1.0825374e-01   2.1808826e-01  -2.8155809e-01  -1.5114187e-01  -1.0723406e-01  -7.8769065e-02   8.7780840e-03   6.1810860e-03   1.6240340e-01  -2.1560496e-01   1.3527119e-01   1.5548796e-01   2.4009371e-01   9.1702832e-03   6.8967928e-02   1.1550312e-01  -7.3937310e-03  -5.7199151e-03   1.0202003e-01  -2.3285008e-01   2.9002681e-01  -3.6328207e-02  -2.9392026e-01  -4.7271560e-02   4.9011523e-02   2.5711227e-01   1.9943647e-01  -1.6594999e-01   9.4025875e-02   1.2626869e-02   1.6607993e-01   4.9772479e-02   4.6875014e-02  -1.8610255e-01  -1.7493868e-01  -2.9203282e-01   1.9061690e-01   5.7383649e-01   1.9873523e-01   6.0149510e-03  -4.6735428e-02  -1.6520991e-02   2.2588282e-02  -2.5375935e-01   4.3535337e-01  -9.0160519e-02  -8.6464304e-02  -1.3010478e-01   1.4765387e-01  -8.2699694e-02  -9.2089299e-02   1.1248903e-01   1.5706789e-01   1.8362169e-02  -2.5916987e-02   2.9460000e-01   3.2061570e-01  -1.2295456e-01  -1.3765499e-01  -1.0333934e-01  -1.0711018e-01   2.5649020e-02  -7.5040824e-02   2.9674983e-01   9.3402572e-02  -3.1103583e-01  -1.3962564e-01   1.7187500e-01   8.7818529e-04   1.5995701e-01  -8.3987738e-02   1.5176648e-01   7.1185665e-02  -2.1245299e-01  -1.1629923e-01  -6.8275306e-02  -9.9159450e-02  -8.7614137e-02  -9.2898847e-02  -5.6526424e-02   1.4169130e-02  -1.9496099e-01  -1.8582305e-01   6.2284298e-02  -3.6867777e-03   2.2633012e-01   3.5097726e-04   1.6595173e-01  -5.1107627e-02
