   0.0000000e+00   1.4689891e-01   1.4478809e-03   1.6821033e-01  -1.4035489e-01  -1.5646616e-01  -1.7323936e-01  -3.1510317e-01   5.2040537e-03   4.7575533e-02  -1.9964410e-01   2.0881429e-01   1.7375881e-01   5.0056872e-01   3.9613926e-02  -1.2859659e-01  -8.6963999e-03   2.0148149e-01  -1.8246784e-01  -1.8554853e-01   4.6970463e-02   1.5028734e-01  -1.4194437e-02   3.8167934e-01  -5.9303271e-03  -2.1123729e-01  -5.6488379e-02   4.6260890e-02  -1.1828778e-01   2.6288517e-01   8.0834855e-02  -6.7468184e-02   1.9269237e-02   2.1789767e-03   2.2216282e-01  -1.9411312e-01  -4.6580337e-02   2.6869921e-02  -7.1750545e-03   1.1161105e-01   2.4148998e-01  -5.5966201e-02   1.7732141e-01  -1.7994138e-03   2.4510672e-02  -1.1907411e-01  -2.0103128e-01   3.7777275e-02   1.7800775e-01   1.5826663e-01  -5.0416874e-02  -2.7860492e-01  -1.5658662e-01  -4.0947945e-02   3.5101707e-01   7.5900427e-02  -2.0506209e-01  -2.6854851e-02   7.6186202e-02   1.7481245e-01   2.5583914e-02   1.3547789e-01   1.2933150e-01  -2.3977763e-01   6.6752001e-02  -1.3234672e-01   6.2321539e-03   8.0687653e-02  -1.6011704e-01  -1.6739367e-01   7.0007718e-02   1.3478944e-02   1.8295562e-01   6.7559676e-01  -1.3985834e-01  -9.6501072e-02   6.3078444e-02  -2.0889398e-03  -2.0124446e-01   2.8666605e-02  -7.3830798e-02   3.2538216e-02  -1.0862337e-01  -1.3467737e-01   3.1771230e-01  -2.0208657e-01   3.3724094e-01   4.4638715e-01   2.4203063e-02   4.8376641e-01  -1.5508891e-01   1.4265146e-02   2.5348323e-03  -6.6866390e-03   5.3796420e-02  -3.5902995e-02   5.8935998e-02  -7.6165293e-02   1.0379002e-01  -7.2941379e-02   1.7480244e-01   3.8923353e-02   2.6622854e-01   2.4224745e-01  -1.4406390e-01   7.6791161e-02   1.8481468e-01  -8.8711364e-02   1.7629111e-01   1.4708043e-02  -8.4919717e-02   4.8040073e-02   2.0641302e-01   4.0385915e-01  -1.3951027e-02  -1.4613075e-01  -8.3819500e-02   4.7999396e-02   1.6482476e-01   7.4264744e-02  -4.6872766e-02  -1.9039346e-01  -1.2940813e-01  -9.3436772e-02  -9.0740086e-02   5.2688345e-01  -4.9528131e-02  -7.4094449e-03   2.3747848e-01  -5.4213599e-02   1.0332416e-01  -7.5004923e-02   6.5509181e-01  -1.5969112e-01   1.5301133e-01  -2.0976802e-01  -8.8683148e-02   2.0009736e-01  -2.3234540e-01   1.7487908e-01   2.3380606e-01   9.2958666e-02  -1.5090992e-01   3.4751495e-02   4.3803391e-02   2.0186152e-01   1.4723564e-03  -2.3514902e-01  -1.3142332e-01   5.8858618e-02   8.9558849e-02   2.3381972e-02   1.2093200e-01  -1.5820153e-01   7.8352250e-02   5.5752836e-02  -1.2440225e-01  -9.1739416e-02   7.4234479e-02  -1.4221384e-01  -5.2896286e-03  -1.8463586e-01  -4.9335276e-02   3.4363648e-01  -1.2354603e-01  -5.6858529e-02  -1.5105757e-01   1.7953672e-01   6.7362080e-02  -1.4824629e-01  -8.3455941e-02  -1.0698575e-01   1.4526010e-01  -9.0166838e-02  -1.1898480e-01   1.6379311e-01  -3.2513040e-02
   1.4689891e-01   0.0000000e+00   5.4712925e-02  -2.5999673e-01   4.9280459e-01  -4.7571675e-02   2.0094340e-01  -4.7468826e-01   5.5055732e-01  -3.4403140e-02  -2.6497187e-01   6.8958819e-01  -1.2987305e-01  -8.6275657e-02  -3.1064657e-01  -1.7205806e-01  -8.3628434e-03  -1.5401832e-01  -1.4901864e-01   1.8904130e-01  -4.5150353e-01   9.7322608e-02  -4.4271606e-01   2.7303753e-03  -4.5563141e-02   3.0646228e-02  -1.3745707e-01  -1.5863291e-01   1.1697612e-01   3.1319482e-01  -2.1362895e-01  -1.2846197e-01  -2.0600043e-01   2.3626422e-02   4.9320999e-01  -2.1614906e-01   6.3289450e-02  -1.7681533e-01  -1.8781739e-01   3.5229670e-01  -1.6059135e-01  -1.4703744e-01   6.7431476e-01  -1.6292289e-01   2.4624080e-01  -3.2575277e-01  -1.9150858e-01   2.1932355e-01  -3.2550137e-01   3.0559378e-01  -3.3810646e-01  -9.8899911e-02   3.9418609e-01   3.8220797e-02   1.8718973e-01  -1.5043881e-01  -1.8838779e-01   1.0222037e-01  -2.8405796e-01   3.7669849e-01  -8.9306594e-02  -2.4231118e-01   4.6838886e-01   3.1109897e-01   4.0388828e-01  -2.5460166e-01  -3.9043636e-02   1.5341232e-01  -1.7456261e-01  -2.6087836e-01   3.3804949e-01  -1.3922290e-01  -1.2019509e-01   2.8497741e-01  -4.1519128e-03  -2.5950037e-01  -2.3452221e-01  -3.6381269e-02   4.9367957e-01  -1.8652212e-01  -1.8003233e-01  -1.9806713e-01   1.7967763e-01  -1.9132597e-01  -4.3320317e-02  -3.2913538e-01   1.4566618e-01   1.3800594e-01   1.7178614e-01  -1.6557146e-01   4.0749492e-01  -1.1491362e-01   5.1702558e-01   3.8431812e-01  -1.9278831e-01   2.1801692e-01   1.5606544e-01  -1.0135545e-01   4.1203305e-02  -2.7252890e-01  -2.8689000e-01  -5.8356060e-02  -5.5377282e-02   6.1395712e-01  -2.3710380e-01  -1.0221038e-01   1.4250503e-01  -8.6389716e-02  -9.4596224e-02  -1.3979366e-01   4.9237198e-02  -1.2120781e-02  -4.8114813e-02  -1.2779077e-01  -3.5601720e-01   4.5895678e-01  -6.4805964e-02  -2.0375140e-01   1.1651313e-02  -1.4193341e-01  -2.3788872e-01   3.7510395e-01   3.2265154e-01   2.9477967e-01  -2.9416634e-01   2.1266326e-01   3.2828279e-01   3.4936134e-02   4.8601156e-02  -2.8801457e-02  -9.0003992e-02  -1.0404119e-01   3.1454908e-01   1.8952229e-01   3.6475301e-01  -3.5022902e-01  -7.8034681e-02  -1.9743062e-01  -3.4393551e-01  -1.3676130e-01  -3.8725576e-02  -4.1173299e-02  -2.5459349e-01   1.9218154e-01   1.9150084e-01  -6.0281216e-02   3.9354848e-01  -5.4449642e-02  -2.8486649e-01   1.7641961e-01  -2.8442569e-01  -3.1754410e-01  -7.3720184e-03   1.8374740e-01   7.4417969e-01  -1.7432216e-01  -1.6896586e-01  -2.1964771e-01  -2.6063319e-02  -8.6872124e-02   1.7823531e-01  -3.3228691e-01  -3.7397026e-01  -2.3688214e-01  -3.4673257e-02   3.2650563e-01   3.0477025e-01  -2.0958692e-01  -2.6355971e-02   2.6130243e-01   4.7609225e-01  -1.8956945e-01  -7.8937030e-02   1.2249604e-01   4.3793695e-02   1.3637888e-01  -2.5019190e-02
   1.4478809e-03   5.4712925e-02   0.0000000e+00  -7.1492985e-02   1.8589777e-02   2.3205819e-02   3.2222763e-02  -2.3896271e-01  -1.0081193e-01   6.1956604e-02   3.1505866e-02   3.1191422e-01   1.7417060e-01  -2.4389187e-01  -2.4021190e-01   5.3506018e-02   9.0654471e-01   3.7087945e-02   1.0471169e-01   3.9807541e-02  -1.7772641e-01  -2.8572405e-01  -2.0782490e-01  -1.1231147e-02  -9.6532511e-02  -3.6201892e-01  -1.2222714e-01  -3.5536705e-01  -1.5164803e-01   4.6075408e-02  -1.6748059e-01  -1.2656068e-01   1.1395597e-01   6.4827664e-02   9.1014435e-02  -6.2915155e-02  -2.0454054e-01   1.2787781e-01   6.7190128e-02  -7.6722596e-02   1.2470024e-01   1.8976433e-01   7.3336151e-02  -2.8150529e-01  -1.8588792e-01   3.4747175e-01  -1.2551452e-02   1.1694236e-01  -1.7915736e-01   5.6470034e-01  -1.6971447e-02  -3.5602298e-01  -7.6761501e-03  -3.2879017e-02  -2.2951596e-01   5.2952167e-02   8.0360174e-02  -4.9412861e-01   7.6114757e-02  -3.2234909e-02   6.6269229e-01   6.1761249e-02  -1.5252140e-01  -1.4119231e-01  -9.7915440e-02   1.7380118e-01   5.6100456e-02  -7.4515172e-02  -1.1311207e-01   6.5166149e-01  -1.2478407e-02  -1.9766667e-01   9.9940804e-02   3.2116685e-01  -1.1570832e-01  -2.1214101e-01   5.1994333e-01  -3.5329737e-01  -2.5047083e-02  -5.2215910e-02  -4.6949111e-01   8.2568824e-02  -2.1458741e-01  -3.9460219e-01   5.3649793e-01  -1.7894052e-01  -1.0342196e-01  -2.7595168e-01  -5.2719219e-02   1.6533282e-01   4.0294205e-02   7.9254319e-01   2.6251463e-01  -4.5746109e-02   2.8375877e-01   1.3857901e-01   1.8372494e-01   1.0734548e-02   6.7199820e-02  -1.5565630e-01   1.0857397e-01  -1.5296278e-01  -2.3259433e-01   6.5857900e-03  -2.0477972e-02   1.3500480e-02   5.0988099e-04  -1.5055788e-01  -2.2931518e-01   1.6828320e-01   3.0178623e-02  -3.5913618e-01  -1.5136903e-01   2.5836766e-01  -2.1077340e-01  -1.1898646e-01  -3.3147741e-01   7.8942058e-02   1.5927348e-01  -1.8273204e-01   3.6587643e-01   6.4852913e-02  -7.8119900e-02   3.1876061e-02   3.2555215e-01  -1.4470331e-01   5.2671138e-02  -1.1226964e-01  -1.7509648e-01   6.5025254e-01   1.6033377e-01  -2.5040232e-01   1.2485248e-01  -1.5027598e-01  -8.0786752e-02  -1.4524857e-01  -1.1228369e-01  -3.0429897e-01  -1.6984422e-01   9.7322146e-02   3.7367168e-03   1.3703910e-01  -7.6876042e-02   5.1159246e-01  -9.4428399e-02  -2.6069079e-01   1.7200949e-01   1.2089249e-01   1.6834347e-01  -9.6406117e-02   3.4169443e-01  -3.9498034e-01   4.2990263e-01   2.1320871e-02   3.1401638e-01   6.2202961e-02   4.0964041e-01   1.4361874e-01   6.6207958e-01  -4.6353766e-01  -1.5112016e-02  -1.6711774e-01   4.1212635e-03  -1.4431990e-02  -2.6436644e-01  -1.2693014e-01   8.1352246e-02  -4.3495694e-02   3.2883777e-01  -7.3135096e-02   4.8948503e-03   1.0464957e-01  -3.2101417e-02   3.8849788e-01  -2.7618871e-02  -4.9414353e-02  -3.9961818e-02
   1.6821033e-01  -2.5999673e-01  -7.1492985e-02   0.0000000e+00  -3.2156063e-02   3.7655651e-01  -1.6147313e-01   3.8319904e-01  -9.4685453e-02  -2.2461450e-01   1.2656998e-01  -1.3366349e-01   4.5477782e-01  -9.5475581e-02   3.2428432e-03   5.9946896e-01  -2.3940612e-02   1.9400765e-01   2.8962613e-01   6.0531541e-02  -2.4321355e-02   4.7449210e-01   2.1598532e-04  -3.2163666e-01   2.3791133e-01  -2.3244179e-02   2.5880728e-01  -1.6004629e-01   3.4566368e-02   1.7888198e-01  -2.2412433e-01   4.9974481e-01   5.5498289e-01  -1.5079604e-01  -5.1063502e-02   1.5357148e-01  -3.9555410e-01  -7.9080331e-02   6.6928848e-01  -1.3030392e-01   5.3058425e-01   4.2590483e-01  -2.6654638e-01  -1.6877399e-01  -3.8029667e-01   3.0874766e-02   3.6545118e-01  -6.1582841e-02   4.3062211e-02   8.5574025e-02   2.2392151e-01   1.0541562e-01  -3.9378929e-01  -2.7340895e-02  -3.6643841e-01  -1.1897736e-01   2.7082104e-01   7.1501999e-02   7.5081386e-01   4.9674749e-02   4.8839522e-02   1.5531210e-02   1.1996384e-02  -3.6319551e-01  -2.3590424e-01  -2.2348296e-02   3.7202589e-01   1.8281103e-01   4.7268448e-01  -9.0226577e-02  -1.5459639e-01   1.4022438e-01   4.3964336e-01  -4.9045079e-02   3.6786821e-02   3.7995900e-01   1.9425024e-02   2.8267453e-02  -3.3507986e-01   6.2254754e-01  -1.4865401e-01   3.3877690e-01  -3.5142607e-01  -1.5680511e-02  -7.7155970e-02   3.7730670e-01   4.6046417e-02  -2.6256816e-01  -4.8958098e-02   6.7467637e-02  -2.7049514e-01   9.8707986e-03  -2.0471608e-01  -2.1022898e-01  -3.4064692e-02   3.2025933e-03   2.4756894e-01   3.7694983e-01   3.3168972e-01  -1.5759984e-01  -1.4017591e-01   2.8528987e-02   8.4948027e-02  -5.5058008e-02   2.7810272e-01   7.2053071e-01  -1.0331793e-01   4.7456730e-01  -1.4140578e-01  -1.4606984e-01  -2.6375389e-01   2.0861945e-01   3.7700673e-01   5.0344415e-02  -2.1424184e-01  -2.7364831e-01   2.3610850e-02   2.9033646e-01  -3.6003525e-01   4.1700543e-01  -2.4080989e-01  -2.0885689e-01  -3.9030699e-01  -3.0549538e-01  -7.2687736e-02  -7.5852751e-02  -1.8112937e-01   5.7670407e-02   3.8324681e-01  -1.7244163e-01   4.5351574e-01  -2.5447146e-01   1.1011872e-01  -3.6282902e-01  -9.8389992e-02   3.4489778e-01   3.9781402e-01  -9.0112256e-02   2.9287723e-01  -1.7388592e-01  -3.2484511e-01   4.1447523e-01   3.2179575e-01  -2.8890560e-01  -9.4248077e-02   2.7310113e-02  -3.0447763e-01  -1.5002517e-01   2.2642369e-02  -3.6439777e-01  -1.9672109e-01  -7.7716433e-02  -2.6218583e-01  -2.2341230e-01  -2.0897508e-01  -2.5802152e-01  -2.0924465e-01   4.6010346e-01  -9.3719626e-02  -1.5140099e-01  -1.7712493e-02   1.9476565e-01  -1.6929760e-01   5.3482490e-01   3.2763023e-01  -3.0542450e-01  -2.4968696e-01  -1.3057643e-01  -2.5282548e-01  -2.3930278e-01  -2.9577289e-01  -2.6319946e-01   1.9490336e-01   9.5242255e-02   8.1094353e-02   2.4668145e-01   5.5742211e-01
  -1.4035489e-01   4.9280459e-01   1.8589777e-02  -3.2156063e-02   0.0000000e+00   2.2122465e-01   3.1957486e-01  -1.0703898e-01   1.0928053e-01  -1.0199483e-01   2.0421420e-02   3.8661236e-01  -1.1558214e-01  -3.8517870e-01  -2.3407160e-01  -6.4274630e-02  -5.2513442e-02  -1.1606255e-01   1.1802211e-01   8.4575670e-01  -4.1343975e-01  -2.9784062e-02  -4.9640617e-01  -1.8528723e-01   9.3208625e-02   5.6776983e-02   2.5903807e-01  -2.0802880e-01   2.3483885e-01   1.4351698e-01  -1.6354293e-01  -5.5043384e-02  -1.2077005e-01   3.1063818e-02   8.3603175e-02   4.4742380e-01  -1.0304210e-01  -3.1865937e-01  -7.5423830e-02   3.2253672e-01  -1.8451402e-01  -4.7782283e-02   1.9373611e-01  -2.2102678e-01   4.7049091e-02  -3.0355183e-01   2.3207262e-01   1.9612758e-01  -3.3994014e-01   1.8667635e-01  -2.7085702e-01   2.7212324e-02   3.8006882e-01  -8.9413086e-02  -9.1172551e-02  -2.5300445e-01   2.1454124e-01  -1.0982239e-01  -1.4200614e-01   1.5608428e-01  -1.2499416e-01   9.2583406e-03   1.4114494e-01   2.5295377e-01   1.9134841e-02   4.1228180e-02   1.3361581e-01   2.2282207e-01   1.1481866e-01  -1.5343289e-01   2.4010257e-01  -6.3362666e-02  -2.3451520e-02   3.7103380e-02   2.9165802e-02  -5.5237127e-02  -2.9381303e-01  -1.4523530e-01   6.3171240e-01   6.7131864e-03  -8.6493606e-02  -2.7047332e-02   1.5999106e-01  -2.1686727e-01  -2.3763389e-01  -5.9117587e-02  -1.4087074e-01  -6.2890339e-02   2.8148547e-02  -3.3347074e-01   6.1106912e-01  -7.9858059e-02   3.6709349e-01   5.3990922e-02  -3.3082592e-01   6.3932183e-01   3.0317134e-01   1.1696232e-01   2.7467657e-01  -3.3938298e-01  -3.7222485e-01   1.1893918e-01  -2.7046231e-01   3.9185511e-02   3.3311339e-02   2.9508970e-02  -5.9307094e-02   1.6856068e-01  -1.8979630e-01  -4.7565415e-02  -4.4297475e-02  -2.0065258e-02   1.7642066e-02  -3.1342988e-01  -3.3417043e-01   4.4748321e-01  -2.1160012e-02  -1.0463085e-02  -2.4983304e-01  -1.4219341e-01  -2.3929151e-01   7.1825835e-01   2.0233639e-01   2.1404267e-01  -2.8766888e-01  -6.1346891e-02   2.1113087e-01   3.3688356e-02  -2.8759606e-02  -4.6729640e-02  -9.4173770e-04   5.5107833e-02  -4.6659291e-02   1.0157061e-01   9.8855697e-02  -6.4458641e-02   1.1228548e-02  -2.3282478e-01  -4.7594675e-02  -2.6282196e-01  -1.9084473e-01   2.2374742e-02  -1.7229330e-02   2.0677641e-02   7.6193359e-03  -9.3704813e-02   3.7889850e-01   3.5353291e-01  -1.1852012e-01   5.7295488e-02  -3.0068244e-01  -3.7507585e-01  -9.1229810e-02   3.4321453e-01   5.0702928e-01  -3.0726892e-01  -2.0222439e-01  -8.7453425e-02  -1.3863543e-01  -8.7954353e-02   2.7651287e-02  -1.5407168e-01  -3.0889169e-01  -1.8556108e-01  -6.8078049e-02   4.2863521e-01   3.2084105e-01  -2.9465953e-01  -2.1486667e-01   4.0054775e-01   5.2611342e-01  -2.5431394e-01   5.5028242e-03   2.5866465e-01   1.7028827e-01   3.8966278e-02   1.0421110e-01
  -1.5646616e-01  -4.7571675e-02   2.3205819e-02   3.7655651e-01   2.2122465e-01   0.0000000e+00  -1.2546594e-02   3.2012516e-01  -2.6447761e-01  -2.8737867e-01   1.2708082e-01   1.6520489e-01  -7.1923177e-02  -1.4738281e-01  -1.0893825e-01   1.8110016e-01  -1.1272040e-01  -6.3692762e-02   5.3585864e-01   2.9387974e-01   3.9756595e-02   3.0271027e-01  -5.0789492e-02  -3.7926364e-01   1.2364374e-01   2.2017594e-01   4.7755563e-01   5.2091051e-02   1.6336724e-01   1.1624228e-01  -2.7663676e-01   3.8662319e-01   1.4174081e-01  -3.1900820e-01  -1.9079324e-01   3.9777198e-01  -1.6132928e-01  -4.5448083e-01   1.2195664e-01  -3.2110816e-02  -6.3142152e-02   1.8250091e-01  -1.2858973e-01   3.0373992e-02  -3.0094672e-01  -2.9034322e-01   5.9051384e-01  -1.7577636e-01  -2.4928932e-03   6.1906679e-02   2.0047047e-01   2.2636929e-01  -2.6358142e-01   8.4831830e-02  -6.1589577e-02   1.1332873e-01   7.0004815e-01   6.6605885e-02   2.5103241e-01   2.3367961e-01  -2.5079722e-01  -2.2440656e-01  -5.0882242e-02  -2.3750795e-01  -3.7506064e-01   7.6124373e-02   8.7397033e-01   1.2621875e-01   7.1730245e-01   2.3505910e-03  -1.7111707e-01   1.2540586e-01  -5.5114071e-02  -1.0800452e-01   1.1646983e-01   2.7472525e-01  -3.8701839e-01   3.0190169e-01  -1.7110865e-02   2.8535860e-01   5.8405236e-02   6.3458041e-03  -1.2078965e-01   9.7205789e-02  -3.2683253e-01   3.2257591e-01  -1.7509978e-01  -1.4387914e-01   6.3905107e-02  -4.4446548e-01  -1.0095866e-01  -8.7062972e-02  -7.5585248e-03  -2.5731119e-01  -4.5017197e-01   1.3692361e-01   1.8130517e-01   6.5468236e-01   1.0061539e-01  -1.9136250e-01  -2.1114744e-01   8.7452091e-02   2.7353181e-02  -1.6118638e-02   2.7287850e-01   2.4269789e-01  -1.0612888e-01   8.1586720e-01  -2.1908069e-01   1.5480524e-02  -2.5892277e-01   5.2352207e-01   2.6105642e-01  -4.7339401e-01  -8.9878637e-02  -8.7591934e-02   2.7577596e-01  -5.7605983e-02  -7.7138507e-02   2.0147884e-01  -4.1269249e-01   2.3418654e-02  -8.9696264e-02  -3.1697724e-01  -4.0011246e-01   7.5968232e-03  -2.5682744e-01   1.3597869e-04  -5.6598415e-02  -1.3143133e-01  -2.4088654e-02  -2.7097287e-01  -5.0214138e-02  -2.6647011e-01   2.8984530e-02   1.9115180e-01   2.4982507e-01  -1.3085891e-01   2.0215321e-01  -3.6579731e-01  -2.2403640e-01   8.8429679e-02   4.7551428e-01   2.0136471e-01  -3.5045779e-02   6.1676958e-02   4.9258908e-02   7.9311153e-02   2.2489090e-01  -3.0205763e-01  -2.8095130e-01  -1.9744689e-01  -1.9874075e-01  -1.1516523e-01   1.7263416e-01  -4.9862092e-01  -4.0038878e-01   1.7408283e-01  -1.9229939e-01  -9.3650402e-03   1.3588602e-02   2.2072185e-01  -3.2062271e-01   1.2195810e-01   3.5681332e-01  -1.7506774e-01  -8.4430042e-02   2.6809572e-02  -2.9980571e-01   5.6586959e-02  -6.9306245e-02  -4.3061468e-01  -5.0544228e-02   6.3602591e-01   2.0158328e-01   1.6369793e-01   2.5246010e-01
  -1.7323936e-01   2.0094340e-01   3.2222763e-02  -1.6147313e-01   3.1957486e-01  -1.2546594e-02   0.0000000e+00  -1.4339558e-01  -8.3843816e-02   3.3440289e-01  -2.0081090e-01   1.7684527e-01  -1.0038773e-01  -2.5878584e-01   2.2129731e-01  -2.7795095e-01  -1.8771142e-02  -4.7168220e-02   8.6253449e-02   2.8533755e-01  -4.6287177e-02  -3.2616684e-01   4.1025136e-02  -1.8938060e-01  -2.3552457e-01  -1.8010968e-01  -1.4756135e-01   1.8255319e-01  -9.3249021e-02   3.4977257e-02   2.9799776e-01  -1.2277785e-01  -3.2593964e-01   7.1442598e-01   8.1227432e-02   7.8181625e-02   5.2689938e-02  -1.9579425e-01  -2.7500209e-01   4.0421267e-01  -9.8910614e-02  -3.3889393e-01   1.5431322e-01  -1.6754848e-01   1.7661069e-01  -1.8284766e-01  -2.7630623e-01   7.0255393e-01  -1.3740738e-01  -7.7580997e-02  -9.2598584e-02  -1.7368635e-01   5.0198511e-01  -1.4725760e-01  -2.3038560e-01  -2.2321622e-01   1.8767194e-01  -2.3172844e-01  -1.6056742e-01  -2.6657637e-01  -5.4389507e-02   2.4619628e-01  -2.0880091e-01   3.3036263e-01  -9.6777976e-02   3.5449179e-01  -3.4130067e-02   1.0226232e-01  -3.2121240e-01  -3.0476548e-02   5.4266967e-01  -1.0138333e-01  -1.3373982e-01  -7.2953592e-02  -1.7807336e-01   1.2505698e-01  -1.8114447e-01  -2.7954139e-01   2.9755185e-01  -1.4432261e-01   3.8193921e-01  -1.3829997e-01   4.1746406e-01  -2.2973568e-01  -1.8129145e-01   1.2526431e-01   2.5182126e-01  -2.2330012e-01   3.9109184e-02  -2.8424824e-01   1.8428693e-01  -3.7963613e-02   3.3039383e-01  -1.7932544e-01  -2.5557410e-01   3.3445954e-01   6.8453427e-02  -3.4833480e-03  -3.6780793e-02   3.3519154e-01  -4.4653608e-02   2.8442103e-01  -1.4536246e-01  -1.4474448e-01  -1.8281180e-01  -1.4266497e-01  -1.9367468e-01  -2.4326202e-01   2.2996072e-01   2.4877608e-01   5.2209803e-01  -3.3991638e-02  -2.2834832e-01  -2.3202594e-01   3.6307870e-03   2.8383927e-01  -3.3466287e-01  -8.2243985e-02  -2.0718535e-02  -2.5587568e-01  -2.3497760e-01   3.5011875e-01  -1.2986824e-03   5.2655526e-02  -2.3131879e-01  -2.1993778e-01   7.8075105e-02  -2.3161749e-01  -2.3492583e-01   1.0012925e-01  -1.6057183e-01   5.4732829e-01  -1.8660067e-01   3.8897708e-01  -2.1529193e-01   4.0189652e-02  -1.7400990e-01   2.2658536e-01   6.2518644e-02  -2.3785048e-01  -2.1655901e-01  -2.1800048e-02  -2.5115392e-01   1.1922554e-02   2.1366553e-01   7.8125699e-02   6.4218667e-01   2.0984137e-01   3.1963317e-01   3.7330155e-01  -1.4293824e-01   4.7100655e-02  -2.7417944e-01   1.5319352e-01   2.0579480e-01  -2.1874326e-01  -2.6034798e-01  -1.3026151e-01  -9.8701422e-02   1.5139783e-01   8.1834449e-02  -2.4105595e-01  -2.2922442e-02  -1.6003157e-01  -2.4382754e-01   5.1682147e-01   3.1685184e-01  -5.8424838e-02  -3.8756676e-01   4.0372297e-01   4.0696170e-01  -2.4431824e-01  -7.7738677e-02  -9.8357361e-03  -2.3248366e-02   2.8922873e-03  -1.9584808e-01
  -3.1510317e-01  -4.7468826e-01  -2.3896271e-01   3.8319904e-01  -1.0703898e-01   3.2012516e-01  -1.4339558e-01   0.0000000e+00  -3.3255448e-01  -1.9636037e-01   1.7169441e-01  -3.1994256e-01  -9.6175209e-02  -2.2935574e-02  -1.8247073e-02   2.8775008e-01  -1.6838555e-01  -1.7618042e-01   1.9773995e-01   1.1793823e-01   1.5950980e-01   1.6456341e-01   1.3733470e-01  -3.1484793e-01   9.4582001e-02   2.3765400e-01   1.6706666e-01   2.2261272e-01   1.5730557e-01  -3.1827951e-01  -8.5879982e-02   3.3633641e-01   2.7395758e-01  -2.5771626e-01  -4.4045751e-01   2.5405530e-01  -8.4713476e-02  -1.1513314e-01   2.8816168e-01  -6.1384690e-02  -6.3819934e-02   1.3469998e-01  -4.4414278e-01   3.0825085e-01  -4.0225342e-01   3.1625517e-02   2.9412162e-01  -2.7216768e-01   1.3540598e-01  -1.0870505e-01   8.3901453e-02   4.1215261e-01  -2.2802483e-01   2.5036359e-02  -2.7148713e-01   2.6151304e-02   3.6033522e-01   1.9358990e-01   1.4508321e-01  -2.3176125e-01  -2.3235982e-01  -1.5515954e-01  -1.6584716e-01  -1.9723590e-01  -3.2569674e-01   1.4252561e-01   1.9363316e-01   4.7258508e-02   3.8318176e-01   1.3418934e-01  -2.1091631e-01   5.5126770e-02   7.2879202e-04  -4.7769897e-01   1.2428966e-01   3.6495490e-01  -1.4553124e-01   3.2589466e-01  -1.2739620e-01   1.5619181e-01   2.7666200e-01   3.6155313e-03   2.7638318e-02   6.2365967e-01  -2.8997052e-01   4.5124488e-01  -3.2003981e-01  -2.3210825e-01   7.0307575e-02  -1.6071548e-01  -8.8802519e-02  -2.0053654e-01  -1.2001453e-01  -3.0379143e-01  -2.0769194e-01   5.9586299e-02  -1.6650120e-01   1.8233342e-01  -5.6306461e-02  -5.9082832e-02   9.6955837e-02  -2.8731196e-02   1.5518831e-01  -3.6534910e-01   2.0664817e-01   2.8792150e-01  -1.3870063e-01   3.8087417e-01  -1.1993900e-01   9.3071361e-02  -1.6981094e-01   2.8957787e-01   1.9433567e-01  -2.2475755e-01   2.7601822e-01  -5.7004694e-02   2.9841977e-01  -6.0180853e-02  -1.4712956e-01   1.2678377e-01  -1.1340309e-01  -4.2161623e-02  -2.5186794e-01  -2.6696098e-01  -6.2881423e-02  -2.2002036e-01  -2.4530326e-01  -2.3577357e-02   4.6741909e-02   2.5980821e-02   5.2995120e-02  -7.8292179e-02  -3.0589605e-01  -2.0947560e-01  -1.6216089e-01   3.6149466e-01   1.4420030e-01   2.1064401e-02   4.1579005e-01  -1.8200338e-01  -2.3393735e-01   1.5178271e-02   4.1026453e-01  -1.7019963e-01  -3.4450457e-01  -6.9773948e-02  -2.2854262e-01   1.4639109e-01   1.7968805e-01  -4.2570624e-01  -3.0914670e-02   3.0537782e-01  -1.6031954e-01  -1.5152717e-01  -2.3353793e-01  -1.9733548e-01  -2.1289748e-01   1.5397409e-02  -2.4115008e-01   3.3175463e-01   2.6336529e-03   3.2320321e-01   4.7576893e-02   1.5447425e-01   2.3390174e-01  -1.7576440e-01  -1.3836304e-01   3.6651139e-02  -1.5415280e-01   1.2281070e-01  -1.5580989e-01  -1.2113101e-01   7.4005690e-02  -3.1159755e-02  -4.0454234e-02  -1.6841587e-02   1.6924671e-01
   5.2040537e-03   5.5055732e-01  -1.0081193e-01  -9.4685453e-02   1.0928053e-01  -2.6447761e-01  -8.3843816e-02  -3.3255448e-01   0.0000000e+00  -1.4940340e-01  -7.6645686e-02   1.6581673e-01  -1.4051898e-02  -9.5965017e-02  -2.3886496e-01   8.6232357e-02  -9.3209456e-02  -5.1700055e-03  -1.0037604e-01  -1.7158297e-01  -3.5241724e-01   2.3819424e-01  -2.9725664e-01   1.4272029e-02   4.9066032e-02   7.1830996e-02  -2.8409280e-01  -2.5805540e-01   2.1824007e-01   3.5662835e-01  -1.4224044e-01  -4.6807204e-02  -4.7932537e-03  -1.5605088e-01   6.1604723e-01  -2.9708232e-01   1.2355326e-01   5.2559884e-02   6.7477246e-02  -1.1303210e-01  -2.7716810e-02   4.7168030e-02   3.9930331e-01  -2.2854088e-01   3.3993571e-01   2.3993516e-02  -1.9070446e-01  -4.9676050e-02  -3.2781735e-01  -1.0762715e-01  -1.9954465e-01   5.6241415e-02   2.8035310e-01   1.5342197e-02   1.1513914e-01  -2.4646901e-01  -2.3673705e-01   2.7052331e-01  -6.6103394e-02   4.5542977e-01   7.0675462e-02  -2.3228351e-01   7.4585548e-01   4.8311288e-01   5.9613611e-01  -5.4276813e-01  -3.1741768e-01  -5.7630726e-02  -1.9822334e-01  -1.3130549e-01  -6.2276782e-02  -1.0280166e-01   1.2331870e-01   2.2782035e-02   7.6171258e-02  -1.3674472e-01   1.2655080e-02  -1.2565633e-01   3.7905574e-01  -1.1227015e-01  -2.2748370e-01   3.6479109e-02  -2.1874148e-02  -2.0925151e-01  -4.1255674e-02  -1.9979083e-01   1.6277754e-01   8.4186093e-03   1.4638982e-01  -1.9077936e-02   2.0355490e-01  -7.7030972e-02  -7.0962298e-02   7.3575364e-01   8.5029281e-02  -3.5868923e-01   3.1210219e-02  -6.8876958e-02   1.5073702e-02  -2.5838379e-01  -2.7326008e-01  -1.0757174e-01  -1.8798717e-01   6.7859830e-01  -1.1620334e-01   8.1798746e-02   5.0992756e-02  -1.6212198e-01  -4.6835174e-02  -4.6411264e-01  -1.2344144e-01  -1.8694344e-01  -4.8103926e-02   7.0992840e-03  -2.2682194e-01   3.6336699e-01  -7.7682504e-02  -1.6546432e-02  -2.2452835e-01  -1.9630913e-02  -8.0175037e-02   2.1007963e-01   3.9099723e-01   4.4325689e-01   4.1541951e-02   1.0707572e-01   3.7699189e-01   1.0561802e-01   4.6467262e-01  -1.7232746e-01   6.9415315e-02  -1.1315970e-01   2.1880311e-01   2.9091339e-01   4.2286346e-01  -1.7195895e-02   1.0385778e-01  -3.0528468e-01  -2.7966089e-02   2.7842006e-02   9.2000958e-02  -1.4287499e-02  -2.1228835e-01  -1.1588280e-01   1.7663144e-01   1.9029101e-02   9.3152171e-04  -2.4606188e-01  -5.0137128e-01   2.4742761e-01  -1.9023563e-01  -2.4653458e-01  -1.3123069e-01   2.7114080e-01   1.3747175e-01   1.0606235e-02   7.5575191e-02  -3.3296344e-02   1.3478075e-02  -6.3343622e-02   7.2317278e-02  -8.6906167e-02  -2.4747689e-01  -1.1978019e-01   1.2178766e-01   1.3996828e-01   1.8663650e-01  -3.4559497e-01   3.8902233e-02  -8.7426955e-02   1.9949865e-01   1.1740063e-02  -1.0345795e-01  -9.9407639e-02   7.5725389e-03  -5.2477707e-02   2.0180454e-01
   4.7575533e-02  -3.4403140e-02   6.1956604e-02  -2.2461450e-01  -1.0199483e-01  -2.8737867e-01   3.3440289e-01  -1.9636037e-01  -1.4940340e-01   0.0000000e+00  -5.4221928e-02   9.7387552e-03   3.6799134e-02   6.4708452e-02   4.4307135e-01  -2.3277153e-01   1.0875751e-01   1.8251373e-01   9.2725959e-02  -6.1255882e-02   2.2955280e-01  -3.7621684e-01   4.6839263e-01   1.6216829e-01  -1.8177720e-01  -2.7785597e-01  -2.7577847e-01   6.5611624e-02  -4.7664361e-01  -1.9093782e-01   5.9559570e-01  -2.5927146e-01  -2.4168036e-01   5.6742349e-01   1.2991022e-01   1.3894596e-01   4.3411506e-01  -6.7722614e-02  -2.2865242e-01   1.6303323e-01  -6.3644429e-03  -3.4687956e-01  -1.8280457e-02  -1.8671926e-02   1.1267431e-01  -8.4047434e-02  -2.5964917e-01   3.0137985e-01   3.1958531e-01  -4.6432109e-02   2.2843607e-01  -2.8382256e-01   2.2664961e-01  -1.4895196e-01   5.2140857e-02   9.3130717e-02   4.5756866e-02  -3.2110996e-01  -8.7272170e-02  -2.3089098e-01  -7.9888291e-02   3.7868578e-01  -2.9077400e-01   1.2970966e-01  -2.3454244e-01   2.1173185e-01  -7.6586649e-02  -2.2377731e-01  -2.3924544e-01  -5.5400850e-02   4.0204538e-01  -1.3335070e-01  -2.4143719e-01  -1.8937068e-01  -1.2675674e-01  -3.1611608e-01  -6.9532362e-02  -2.1619591e-01  -1.5892756e-01  -1.4212992e-01   1.4011540e-01  -1.7390714e-01   2.9375068e-01  -1.5970075e-01   1.0146898e-01  -2.9381840e-01   4.2487597e-01   9.0506344e-02  -1.1587246e-01   4.9198372e-02  -2.6749880e-01  -1.1860870e-01   1.3448872e-01  -1.4850490e-01  -4.1764154e-02   6.7073302e-02  -1.0221473e-01   4.8987997e-02  -9.6851999e-02   6.0072623e-01   2.2750443e-01  -2.6081141e-02  -1.2969817e-01   5.4068933e-04  -3.1369538e-01  -2.1846655e-01  -5.3655607e-02  -2.2410130e-01   5.7457239e-01   4.8418687e-01   5.5323623e-01  -2.7391270e-01  -2.0359257e-01   1.9889258e-01   2.3448507e-01  -1.5885642e-02  -2.7821297e-01  -1.5596371e-01   2.6693226e-01  -2.0743376e-01  -2.0309679e-01  -2.3362462e-01  -1.3184859e-01  -3.1324319e-01  -1.4339686e-01  -2.0131645e-01  -1.2119211e-01  -9.9787182e-02  -2.1228428e-02   1.0766911e-01  -2.8142824e-01   5.4192792e-01  -2.0683284e-01   4.9109551e-01  -1.2063971e-01  -3.2117541e-01  -1.9037134e-01   4.3054876e-01  -3.4767224e-01   1.2205947e-01   1.6563569e-01  -2.0108415e-01  -3.4618681e-01  -1.8173329e-01   1.9887272e-01  -1.2600659e-02   3.5558932e-01   8.2053197e-03   4.7189542e-01   2.8453882e-01   1.0421685e-02   1.8902723e-01  -2.2472023e-01  -3.1683133e-01  -1.5179152e-01  -3.4862833e-02  -1.1917863e-01  -8.4258474e-02  -6.7247452e-02  -4.2709984e-02  -2.3953863e-01  -1.8485950e-01   6.3316918e-01  -1.3874595e-01  -4.2222691e-01   5.9848898e-02  -2.2481204e-01   1.8847208e-01  -2.3148514e-01   1.3244056e-01  -9.7636970e-02  -1.2098100e-01  -1.6300366e-01  -2.0831071e-01  -4.2311990e-02  -1.1539839e-01  -2.8205328e-01
  -1.9964410e-01  -2.6497187e-01   3.1505866e-02   1.2656998e-01   2.0421420e-02   1.2708082e-01  -2.0081090e-01   1.7169441e-01  -7.6645686e-02  -5.4221928e-02   0.0000000e+00  -1.3285885e-01   4.0133965e-02  -6.8651529e-03   2.6426812e-01   1.2720482e-01   5.9476228e-04   7.4410744e-02   1.2910428e-01   9.3276271e-02   8.1050487e-02  -1.6737201e-02   1.7032683e-01  -7.2687984e-02   1.6669440e-01  -1.0689267e-01   1.7040461e-01  -1.0249287e-01  -6.6441470e-02   7.0930967e-02   6.8292163e-02  -1.0858871e-01   1.3645447e-01  -2.5603000e-01   2.8622492e-02   5.2586442e-01  -2.0596950e-01  -7.6359354e-02   1.5996790e-01  -2.9929617e-01   1.1639152e-01   1.3269754e-01  -2.2987390e-01   7.1376004e-02  -1.5559255e-01  -1.6568329e-02   6.1403916e-01  -3.2723763e-01  -1.5977713e-01   3.1984902e-02   3.0583043e-01  -7.3665916e-03  -3.4459403e-01   1.0399644e-01   2.2538816e-02   2.9982033e-01   9.6268004e-02  -2.4808708e-01   2.6833439e-01   1.6546246e-01  -1.1189065e-03   4.5014097e-02  -1.4678869e-01   4.1162000e-02  -2.1169168e-01   2.6350830e-01   9.4476084e-02   6.6700632e-02   4.2586712e-01  -3.4698208e-02  -2.7847164e-01   1.1064082e-01   5.9523859e-02  -1.5713439e-01   6.6146752e-02   6.1670451e-02  -4.7618173e-02  -4.5420149e-03  -2.3801563e-01   1.2441555e-01  -9.1258993e-02   5.9539036e-02  -2.6425273e-01  -2.1875653e-01   8.2520375e-02   4.7268600e-02   8.6793024e-03  -4.5037970e-02   4.1918659e-02  -3.6559043e-02  -4.6666675e-02   1.0025619e-01  -1.8193229e-01   3.8564458e-02  -1.0511225e-01  -4.3925814e-02  -1.6715328e-01   1.8171585e-01   3.1509027e-01  -4.1835772e-02   1.0180957e-01   2.4481423e-01  -1.1882315e-01  -7.2303605e-02   3.5323940e-01  -7.1948306e-02   7.0330568e-02   2.6433678e-01  -1.7206670e-01  -3.1447772e-02   2.8287234e-03  -1.2650425e-01   1.6449287e-01  -3.8948265e-02   1.9609905e-01  -2.5118580e-01  -5.1873638e-02   1.1627664e-01   1.0397459e-01   2.0059237e-02  -6.9987980e-02  -1.8152093e-02   4.9583293e-02  -8.4296982e-02  -5.5050705e-02  -2.4133686e-01   2.9813548e-02   1.0133171e-01  -4.0669927e-02  -1.4516704e-01   1.1366134e-01   4.7477723e-02  -1.4579941e-01  -1.4368114e-01   2.2028537e-02   1.9624662e-01   4.9474267e-02   7.0041551e-02   1.8207568e-01   1.7460206e-02   5.5320254e-03  -3.7780085e-02   5.6952499e-01   8.3760549e-02   8.4034493e-02  -4.4607427e-02  -4.4221821e-02   3.4153295e-01   1.4110533e-01  -3.1168714e-01   1.2236263e-01  -2.1187706e-02   2.8159148e-02   3.4164203e-01  -1.5507405e-01  -4.2385216e-02  -7.1264042e-02   2.3582731e-01   6.5781728e-03  -1.4753832e-01  -2.9915832e-02   7.1720760e-01   3.0003267e-01   2.0028363e-01  -9.5955773e-02  -2.6578242e-01   1.6429217e-01   1.4280716e-01   4.5041167e-02  -2.1360883e-01  -3.2141694e-01  -8.8789211e-02   3.2371688e-01   2.9606476e-01  -1.0386776e-01   7.5279322e-02  -4.4162587e-02
   2.0881429e-01   6.8958819e-01   3.1191422e-01  -1.3366349e-01   3.8661236e-01   1.6520489e-01   1.7684527e-01  -3.1994256e-01   1.6581673e-01   9.7387552e-03  -1.3285885e-01   0.0000000e+00   8.6798445e-03  -2.3712586e-02  -2.6341539e-01  -1.6199267e-02   1.4424262e-01  -3.3532312e-02  -3.2463087e-02   2.8912956e-01  -2.3250599e-01   3.2240889e-02  -2.5181466e-01  -8.2715759e-02   1.7933338e-01  -8.5637990e-02  -7.0667535e-02  -7.4209726e-02   5.7991572e-02   3.0056087e-01  -2.0974812e-01   1.2676129e-01  -2.6011194e-02  -7.7977242e-02   4.6359533e-01  -1.3158637e-02  -1.4924322e-01  -3.4068733e-01  -6.8564161e-04   9.3715031e-02  -5.5137372e-03  -2.8261413e-02   5.4389340e-01   2.3239324e-02   2.0786245e-03  -3.6704401e-01   6.7632687e-02   2.2765052e-02  -1.3754304e-01   3.2016812e-01   6.6786836e-03  -1.1439384e-01   5.6763810e-02   1.9744688e-01   2.3399983e-01   1.8372760e-01  -1.4501233e-02  -6.8886170e-02  -5.5827943e-02   5.1206168e-01  -1.3052688e-01  -1.4909234e-01   2.6794296e-01  -3.2534860e-02   7.6409121e-03  -7.8513704e-02   2.0269376e-01   4.6519290e-02   6.1459967e-02  -9.7911311e-02   8.4600586e-02  -4.4847957e-02  -8.8900393e-02   4.0768200e-01   1.8694481e-01  -1.1014980e-01  -2.9481681e-01   3.0475097e-02   3.1153618e-01   1.0818679e-01  -1.6996097e-01  -8.2304064e-02   3.3860954e-02  -2.7799877e-01   1.4550694e-01  -1.2051827e-01   1.2834369e-01   1.8966278e-01   1.0218085e-01  -2.1052865e-01   1.9164728e-01  -5.0472209e-02   5.3757240e-01   2.3483521e-01  -3.1867815e-01   2.2044632e-01   3.3092885e-01   3.9707778e-02   1.8346868e-01  -2.8004096e-01  -1.8207130e-01   9.9755725e-02  -6.4259745e-03   5.6104892e-01  -8.6492974e-02  -3.6439927e-02   2.6024908e-01   8.8679106e-02  -6.6666779e-02   9.5537026e-02   3.8239584e-02   5.8236014e-02   9.1251507e-02  -1.2250246e-01  -2.5324325e-01   1.8348748e-01  -1.0220189e-01  -1.4875513e-01   1.4402706e-01  -3.0693873e-02  -2.4964985e-01   2.4820240e-01   1.9555445e-01  -4.8628795e-02  -3.8139382e-01   2.2526106e-01   2.4531264e-01   3.0303147e-01  -3.2290957e-02   2.1125544e-02   6.8687513e-02  -2.4953106e-01   3.1404572e-01  -7.6120404e-02   3.8167118e-01  -2.2903327e-01   1.9551767e-01  -1.5400727e-01  -2.1844757e-01  -2.0799931e-01  -6.2894623e-02  -3.1295900e-02  -3.8258444e-02   3.8470062e-01   2.7403110e-01   6.3773102e-03   4.8456100e-01  -3.6306508e-02   7.0053369e-02  -1.7687633e-01  -1.2022472e-01  -3.5867435e-01   8.5425767e-02  -6.1218968e-02   6.6759396e-01  -3.4329184e-01  -2.2480896e-01  -1.6183547e-02  -4.2971674e-02  -2.2094557e-01   3.0521794e-02  -2.9757136e-01  -2.6988363e-01  -2.7454021e-02  -1.5370646e-01   8.6385849e-02   5.8312425e-02  -1.7837357e-02  -3.5367731e-02   1.7688084e-01   2.8843743e-01  -4.0004794e-01  -3.4124628e-02   2.5874535e-01   2.0871234e-01   1.4241403e-01  -8.0046404e-02
   1.7375881e-01  -1.2987305e-01   1.7417060e-01   4.5477782e-01  -1.1558214e-01  -7.1923177e-02  -1.0038773e-01  -9.6175209e-02  -1.4051898e-02   3.6799134e-02   4.0133965e-02   8.6798445e-03   0.0000000e+00  -8.9654062e-02  -3.9345044e-02   4.6049023e-01   1.7339534e-01   2.5837132e-01  -5.0099933e-02  -5.8280445e-02   5.8469883e-03   1.8498066e-01   2.7920096e-03  -1.7998476e-01   7.4573649e-02  -2.3696952e-02   2.7606098e-02  -2.5892921e-01  -2.8055143e-01   2.1000139e-01  -6.1044390e-02   1.9548729e-01   3.9109151e-01  -1.9250288e-02   1.5805320e-01  -3.1825810e-03  -3.0330756e-01   2.5849529e-02   5.4541922e-01  -1.4119492e-01   9.0726944e-01   4.3809066e-01  -1.3234952e-01  -1.2781612e-01  -2.2013197e-01   1.9168487e-01   9.0138277e-02   8.6883568e-02   1.1288240e-01   1.5948292e-01   2.7515661e-01   2.2542397e-02  -2.7219496e-01   7.6509740e-02  -2.7122238e-01   1.6249443e-02  -1.1721611e-01  -5.9362005e-02   5.6052065e-01  -3.0157908e-02   2.9161017e-01   3.1644009e-01  -5.9952475e-02  -3.1373886e-01  -1.3324726e-01   2.2313241e-02  -7.3867837e-02  -1.3676602e-01   1.0561368e-01   3.4885368e-02  -3.0977245e-03   7.1849102e-03   6.2527082e-01   1.3015467e-01   7.6715954e-02   2.5056387e-02   3.3156316e-01  -1.3210410e-01  -2.5556629e-01   5.7348730e-01  -1.7723941e-01   5.8018531e-01  -2.4921354e-01  -2.2127471e-01   2.7794225e-01   5.2466751e-02   1.4840435e-01  -2.6993806e-01  -2.8220460e-01   1.8592620e-01  -2.8199886e-01   2.2221389e-01  -1.1270146e-01  -2.4158937e-02   2.3598398e-01  -8.8632311e-02   3.9818723e-01  -2.1562882e-02   3.1420629e-01  -9.4745573e-02   6.4588028e-03  -7.5046575e-02   4.9047957e-02   3.7264568e-02   3.0996298e-02   4.0182823e-01   7.5692308e-02  -1.1811015e-02   6.4999985e-02   7.9297500e-02  -1.0379290e-01  -1.0688612e-01  -4.7829631e-03   1.9086506e-01  -1.9614832e-01  -2.5922433e-01  -3.0624132e-02   6.0675400e-01  -1.4973737e-01   1.9710719e-01   1.4506752e-02  -2.3064042e-01  -2.9631718e-01  -2.3805827e-01   1.1834304e-01  -4.4735560e-02  -2.2865926e-02   1.7113476e-01   2.7003429e-01   9.4454360e-03   6.9127246e-01  -1.5584929e-01   1.6501407e-01  -1.6465135e-01  -1.5230220e-01   2.4167929e-02   3.3874556e-01  -3.9558458e-02  -4.1699741e-03  -2.9574814e-02  -2.0645756e-01   6.5284796e-01   6.6439288e-04  -2.5175820e-01  -7.0793495e-02   2.3486112e-03  -2.3117064e-01  -1.4605970e-01   8.7964710e-02  -3.8341288e-01   2.8102528e-02  -1.9445929e-02  -7.3287433e-02  -3.1208650e-01  -2.3261725e-01  -1.3905465e-01   1.1763588e-01   5.8466448e-01   9.1778029e-02  -1.7183170e-01  -1.1397641e-01  -7.9328870e-02   9.4617434e-02   3.0816575e-01   6.0841257e-02  -2.2331046e-01  -2.3676495e-01  -1.1360188e-01  -5.8753642e-02  -2.1017082e-01  -2.5037367e-01  -9.7293683e-02   5.3358537e-02  -1.2678228e-01   5.8001144e-02   1.5257996e-01   2.5112405e-01
   5.0056872e-01  -8.6275657e-02  -2.4389187e-01  -9.5475581e-02  -3.8517870e-01  -1.4738281e-01  -2.5878584e-01  -2.2935574e-02  -9.5965017e-02   6.4708452e-02  -6.8651529e-03  -2.3712586e-02  -8.9654062e-02   0.0000000e+00   1.0728111e-01  -2.5677900e-01  -2.2288611e-01   1.3813880e-01  -2.0606188e-01  -3.3361775e-01   3.8042005e-01   1.1581349e-01   2.2589013e-01   1.4425231e-01   5.1191112e-02  -5.2591204e-02  -4.7924110e-03   5.1963531e-01  -7.8692899e-02   6.3272661e-02   2.4244456e-01  -1.2774349e-01  -6.0011381e-02  -1.5573742e-01   4.9918412e-02  -9.3075802e-02   1.6251668e-01  -1.3637477e-01  -2.1523005e-01   3.1407661e-03   2.6182692e-03  -1.4683128e-01  -5.9742727e-03   5.4145675e-01  -1.3549710e-02  -1.2855892e-01  -1.0561638e-01  -1.1771950e-01   3.1146834e-01  -1.2814984e-01   1.0374741e-01  -1.9445914e-01  -2.6593966e-01   1.3382026e-01   5.5033925e-01   3.1216322e-01  -1.5443672e-01  -1.1757291e-02  -5.0366767e-02  -3.4925869e-02  -2.9299887e-01  -5.5374682e-02  -4.3209700e-02  -1.9643948e-01  -6.0271149e-02  -1.2076090e-01   9.9849095e-03  -1.0033452e-01  -4.9680646e-02  -1.3635805e-01  -2.4076131e-02   3.3161558e-02  -1.1230594e-01   1.6046127e-01  -2.1400980e-02  -9.5048380e-02  -1.4629994e-01   4.0196352e-01  -2.9483299e-01  -7.4681161e-02   2.5142408e-01  -2.6973014e-01   1.4184905e-02   3.3123121e-01   2.4648642e-01  -2.4410435e-01   3.8355845e-01   4.2993564e-01  -2.9579987e-02   2.1444859e-01  -3.7127250e-01  -2.1079749e-01  -1.5357513e-01  -1.2603120e-02  -1.9136441e-01  -2.7457439e-01  -2.8387713e-01  -1.2503492e-01  -2.9836372e-03   8.9078612e-02   5.6720363e-01   9.3625277e-03   5.9466176e-01   2.1797155e-01  -1.9560741e-01  -2.0247378e-01   3.4272568e-01  -5.9816349e-02   2.3556503e-01   1.6138217e-01  -3.4888963e-02   1.0697872e-01   1.2471552e-01   1.4025840e-01   5.2104852e-01  -2.7319261e-01   1.4474445e-01  -1.8337456e-01   5.6991207e-01  -3.5329637e-02  -1.0804643e-01  -3.6945589e-01   1.8429972e-02  -1.7152804e-01  -1.9557047e-01   3.7695131e-01  -1.9320514e-01   1.1165627e-01  -2.4022433e-02  -1.5973299e-01  -1.9561840e-01   8.0753609e-03   3.4358790e-01  -5.9911436e-02   2.7434328e-03  -2.8591977e-01  -1.4752869e-01   5.5497741e-01  -2.9805120e-01   5.6147168e-02   2.0175137e-01  -2.3825705e-01  -3.7017864e-02   2.5747140e-02  -6.3837519e-02   3.2081622e-01  -1.2112317e-01  -2.0047413e-01   3.3180016e-02  -1.7096548e-02   2.7028459e-01   5.2675108e-01   1.7813818e-01  -2.1435130e-01  -2.0732121e-01  -5.2711190e-02  -2.6266874e-01  -2.0189504e-01  -9.1342641e-02   1.6514916e-01  -3.6874645e-02   1.1349086e-01   2.1469113e-01   2.4328428e-01  -9.9874887e-02  -2.4582498e-01  -2.3839207e-01   6.4580449e-01   2.0379201e-01  -9.5765356e-02  -3.0104367e-01  -1.8264782e-01   2.9469013e-02  -2.2602881e-01  -1.0396854e-01   1.6169400e-01  -2.4494656e-01
