   0.0000000e+00   1.5872404e-01   7.2618432e-02   1.0777283e-01  -1.7108964e-02  -7.6320555e-02  -2.0183415e-01   2.1997290e-01   3.4455791e-01  -1.4982185e-01  -1.9566991e-01   1.4645463e-01   3.4005645e-02   2.2643997e-01  -5.8279557e-01  -2.2870112e-01   2.3349718e-03  -1.4707697e-01   1.2892918e-01  -2.7099132e-02   1.0873738e-02   1.1408915e-01  -5.2865240e-02   4.3556792e-01   4.3199843e-02   1.5174947e-01   2.1800477e-02  -3.1580306e-01  -1.4348334e-01   1.4821651e-01  -4.8309417e-01   1.4824826e-01  -2.1231401e-01  -1.7667206e-01   2.5968875e-01  -2.0982330e-01   3.4013616e-02   7.8165247e-02  -1.6220994e-01  -2.4999313e-01  -1.6110858e-02   5.9090610e-02   8.5823483e-02  -7.6808464e-02  -9.8360150e-02   3.0328130e-01   3.4899426e-02  -2.8291192e-01   1.4794128e-01  -1.1673044e-01  -1.8105769e-01   2.1017233e-02  -2.0613964e-01   1.3781800e-01   1.1175723e-01  -2.0574477e-01   1.2153330e-01   7.7361817e-02   1.3375182e-01   2.7696511e-01   3.1841164e-01   1.3843502e-01  -1.0622573e-01  -2.9102429e-01   1.5729507e-02   5.0530349e-02  -2.3654899e-01   1.1344349e-01   3.9689682e-02   2.4401154e-01  -1.4533289e-01   1.5614253e-01  -2.7387083e-01   2.3108901e-01   2.5500147e-01  -2.0747542e-01   4.3585913e-01   1.3020582e-01  -2.9518855e-01   7.5825769e-02  -3.7825998e-01  -2.4832684e-01  -2.7568134e-01   2.4984349e-01  -6.9460107e-02  -2.7577080e-01   2.3023577e-01  -1.9957986e-01   2.5487799e-01   5.2211785e-01   1.1765713e-01   1.7678192e-01  -5.9706706e-02   2.5514531e-01   1.4159727e-01  -8.6982466e-02   1.6662368e-01   1.8522617e-01   3.5775273e-01  -6.4263774e-02  -2.2979772e-01  -4.4942997e-01   2.7067138e-02   4.1656818e-01   1.3097522e-01   1.7636010e-01   1.1488583e-01   1.4421408e-01  -7.6225269e-02  -4.1075678e-03  -2.2193561e-01   1.2271007e-01   2.5325481e-01   4.8646872e-01  -2.6933278e-01  -3.6718117e-02   1.5525289e-01  -1.5381105e-01  -2.1844552e-01   1.0497610e-01   6.2059219e-01   1.5866366e-02   4.4722233e-02  -2.7393037e-02   4.1574188e-01   2.6214407e-01   8.9872947e-02   2.0062598e-01   2.1898452e-01   7.7470274e-03  -2.7636549e-01  -4.8758836e-01   3.8870215e-01  -3.8045145e-01   1.0501040e-01  -9.0191094e-02   6.3561304e-02  -3.9872036e-01  -3.1149944e-01   2.8186831e-01   5.3314755e-01   1.3469128e-01  -5.4188414e-03  -2.7257768e-01  -3.7102074e-01   7.1535320e-03  -2.4553400e-01   1.3405297e-01   5.1909039e-03  -3.0764865e-01  -2.2260695e-01  -2.6091961e-01   2.5790110e-01  -1.3623726e-01  -1.4072997e-01   5.8165808e-01   5.3515087e-01   3.7046536e-03  -1.7693785e-02  -3.1493641e-01   1.1423682e-01  -6.1656204e-02  -1.4046097e-01   2.0813287e-01   2.0527149e-01  -6.6828386e-02  -2.6229783e-01   1.8821292e-01   2.6512955e-01  -1.3841633e-01   6.0018652e-02   3.2294031e-01   2.7978751e-01  -1.1160073e-01   6.8536033e-02   6.3469600e-02   2.7980671e-01
   1.5872404e-01   0.0000000e+00   1.4898530e-01   1.3693744e-01   1.8131794e-01   1.2083504e-01  -3.6541936e-02  -1.2469329e-01   1.3846596e-01  -1.4645939e-01  -3.4542891e-01   6.2996597e-01  -6.7733331e-02   6.0986251e-03  -3.7362474e-01  -6.6318896e-03   1.2151609e-01  -1.7655180e-01   6.8384681e-02  -5.0046809e-02  -9.6886110e-02   3.0205773e-01  -2.1524991e-01  -5.7308021e-02  -3.6870366e-02  -1.2564564e-01   2.3517583e-01  -3.5206818e-01  -9.9156639e-03   4.3122838e-01  -3.8032964e-01   2.1372575e-01   1.6724979e-01  -1.0396200e-01   1.4359881e-01  -2.4676171e-01   1.2257674e-01  -1.8622165e-01  -4.0452534e-02  -1.2173587e-01  -1.4346090e-01  -2.3637292e-02   1.8310021e-02  -4.1017971e-01   3.9103403e-02   2.3043448e-01  -3.1308918e-02   1.0772776e-01  -9.0909550e-02   3.6359146e-02  -2.1808265e-01  -2.3556527e-01   5.4760614e-02  -7.6014087e-02  -2.9108005e-01  -4.2255821e-01  -1.3561279e-02   2.9610137e-01   3.2886718e-02   3.0277533e-01   4.4417160e-02  -1.6757740e-01   9.2980012e-02  -1.0367548e-01   1.7407087e-01   2.6304923e-01   2.2801465e-01  -2.1771919e-01  -7.0452904e-02   1.3396314e-01   1.6264229e-01  -4.1086561e-02  -1.6128270e-01   3.4863634e-01   3.9419524e-02  -2.5809981e-01   3.9173184e-02  -2.9148262e-01   5.7623562e-02  -8.0364831e-02  -2.6068269e-01  -2.0131969e-01  -3.1899025e-01  -1.4438853e-01   2.2607191e-01  -1.1285278e-01   2.3172387e-01  -5.2463141e-01   1.0529938e-02   2.2820700e-01   2.9058378e-01  -3.0319303e-02  -3.1114760e-02   3.9149734e-02  -4.7947906e-02  -5.4578395e-02  -4.6868956e-02  -1.0909819e-01  -2.3480099e-02   2.5165183e-02  -1.0576657e-01  -3.4119554e-01   2.8102822e-01   3.1455831e-01   2.6551679e-01   2.8697228e-01  -1.2897155e-01   3.1940653e-02  -3.2502812e-01  -1.1216701e-01  -2.9481129e-01   3.1695202e-01  -1.3401556e-01   2.6894297e-01  -3.9150104e-01   3.3935441e-01  -3.7062011e-01  -1.6082044e-01  -3.3295932e-01   1.0758203e-01   1.6257128e-01   6.0877797e-02   1.7045239e-01   3.6558224e-01   2.7059953e-01   2.0957393e-01   1.9437944e-01  -9.7750061e-02   2.6140186e-01   2.1857722e-01  -1.0220913e-01  -4.1942631e-01   6.1252825e-01  -3.5524890e-01   2.3134779e-02   1.9640878e-02   8.3863733e-03  -1.7973337e-01   2.1023888e-02   1.2915739e-01   7.2164584e-02   1.1724202e-02  -1.6971947e-01  -2.7380219e-01  -2.2492898e-01   2.3765501e-01  -1.0686871e-01   1.0203241e-01   3.7218239e-02  -2.2591561e-02  -1.0516374e-01  -3.3788573e-01  -1.7252768e-01  -3.3169611e-01   2.6288560e-01   1.3696423e-01   1.0556594e-01  -1.0576485e-01   1.0636455e-01  -1.6808608e-01  -5.0795925e-02  -3.5883136e-01  -1.8817931e-01   2.0840234e-01   2.1353259e-01   3.1539846e-01  -6.1980703e-02  -1.5547588e-01   6.7973904e-02  -4.6532758e-02   2.3261691e-01  -1.5393370e-01   2.1252176e-02   3.1959706e-01   1.1325724e-01  -3.2596651e-02   1.5503675e-01
   7.2618432e-02   1.4898530e-01   0.0000000e+00  -4.8163163e-01   4.0392585e-01  -1.1334788e-01  -2.9206326e-01  -7.6363833e-02   1.3521296e-01   9.0851230e-02  -2.2983130e-01   1.9530112e-01   2.0084960e-01  -4.2753390e-01   3.4316638e-02   7.9897006e-03   8.1226306e-01  -4.1879095e-01  -2.7631640e-01   4.5515385e-01  -5.1036979e-01  -1.5447457e-01  -3.4135446e-01  -1.1501465e-01  -1.0557894e-01  -2.9606414e-02   2.2320853e-02  -3.0679276e-01   4.7814428e-02  -2.9489542e-01  -2.7330077e-01  -2.7428643e-01   1.0184629e-01   1.2199866e-01   1.2579005e-01   1.0760316e-01  -6.1576917e-02   3.3608792e-01   9.4506222e-02   3.8739709e-01   1.5740527e-01   1.7770632e-01   4.5801306e-01  -1.4281342e-01  -2.0888996e-01   2.7436953e-01  -1.5942217e-01  -3.9543076e-01  -1.2537881e-01   8.0953301e-01  -3.4742439e-01  -2.0960506e-01  -5.2597843e-03   3.0279836e-01  -1.8931373e-01  -7.7511769e-02  -2.5443183e-01  -2.3260190e-01  -1.0744556e-01  -1.9819670e-01   4.5216804e-01  -3.1759952e-01   4.4148360e-01  -2.0900963e-01  -2.8650704e-01  -3.3759811e-01  -1.1483592e-01  -2.0460721e-01  -3.2556612e-01   6.0048987e-01   2.4852159e-01  -4.8059280e-01   7.3074751e-02   5.0529798e-01  -1.2456520e-01  -2.4272699e-01   2.0491650e-01  -1.6332186e-01   2.2303951e-01   1.3171705e-01  -2.3899803e-01  -1.2911410e-01   1.0656606e-01  -1.3299297e-01   4.6740746e-01  -4.4543322e-01   2.2397463e-02   3.1831442e-02  -1.0573766e-01   8.6608451e-03   3.7527666e-01   5.4585954e-01   6.8507495e-01  -5.9420963e-02   3.2550845e-01   5.5528432e-01  -4.6272052e-02  -2.3671737e-01   4.6449763e-02  -1.3372187e-01  -1.7344750e-02   1.4308631e-01  -3.7334157e-01  -2.3692645e-01  -4.4269340e-01  -2.6642708e-01   2.7589408e-01  -3.3301544e-01  -1.1218945e-01   1.7366649e-01   4.3838038e-01  -3.6168647e-01  -2.7803546e-01   1.5405924e-01   9.3753381e-02   2.0269373e-02  -1.2574317e-01   1.7513048e-01  -1.2795900e-01  -4.9164244e-01   5.2200966e-02   5.3483511e-01   2.6650121e-01  -2.3700047e-01   1.9503008e-01  -3.3646798e-01  -4.4173288e-01   1.1314631e-01  -2.2065087e-01   6.3931369e-01   2.1057879e-01  -2.0764481e-01   3.0727929e-01  -1.2488463e-01  -7.0395066e-02  -3.6449467e-02   5.9963255e-02  -1.7484041e-01  -9.0723466e-02  -2.9777547e-02  -2.0486398e-01   1.5873263e-01  -2.3759361e-01   3.1469538e-01  -1.6920033e-01  -5.0774005e-01   2.9964782e-01  -4.9130930e-03  -1.3424856e-01  -2.3238832e-01   3.7220265e-01  -3.9822783e-01   1.3568884e-01  -1.8988718e-01   7.4867092e-01   1.1327099e-01   1.4538700e-02  -3.9482650e-02   4.0921292e-01  -2.1696551e-01  -1.9995247e-01  -1.2610414e-01   2.1960979e-02  -3.4687450e-01  -9.5978794e-02  -2.1539036e-01  -2.2387653e-01  -1.4934720e-01   1.1841688e-02   5.2692189e-01   8.8769460e-02   1.3936816e-01  -3.8004083e-01   3.5080536e-01   4.6660841e-02   4.9205305e-02  -5.9237781e-02
   1.0777283e-01   1.3693744e-01  -4.8163163e-01   0.0000000e+00  -4.0087092e-01   3.6377121e-01   1.6082675e-02   4.3468239e-02  -2.0853045e-01  -3.3046964e-01  -2.2381225e-02  -5.8549956e-02  -4.9062615e-02   3.7879733e-01  -3.5430771e-01   3.4558735e-01  -4.3165792e-01   3.9645132e-01   4.8258616e-01  -3.2026472e-01   3.2288993e-01   4.2596758e-01   4.9250437e-02  -1.0787892e-01   1.0620613e-01  -4.6821995e-02  -2.7188774e-02   3.0866821e-02   1.4552665e-01   5.7919688e-01  -1.9175787e-01   5.0981845e-01   2.4083247e-01  -3.7966150e-01  -1.4298947e-01  -1.8694393e-01   6.2901089e-03  -3.1016650e-01   2.1537104e-01  -3.3471264e-01  -6.8034827e-02   2.5139055e-01  -2.7058625e-01  -1.8388453e-02  -2.3776595e-03  -2.7184232e-01   2.0312764e-01  -3.1727668e-02   2.4202992e-01  -3.9579328e-01   3.2680712e-01   2.8330399e-02  -3.3750895e-01  -8.6393033e-02  -5.9695889e-03  -6.4327355e-02   4.5458642e-01   6.2322065e-01   2.6758253e-01   4.1496582e-01  -2.9761618e-01   1.2141452e-01  -9.3889235e-02  -1.0990641e-01  -3.5905421e-02   1.0742782e-01   2.6397497e-01   2.2911453e-01   3.2852976e-01  -3.0430269e-01  -3.9569496e-01   5.4136626e-01  -9.2828879e-02  -1.6831119e-01   1.0629053e-02   1.0381781e-01  -2.2400374e-01   1.1697735e-01  -3.9027355e-01  -3.3891621e-02  -4.4729239e-02   2.4395090e-02  -3.4751204e-01   2.1185888e-01  -3.1646616e-01   2.4103326e-01  -9.3915990e-02  -3.6604290e-01   1.4344563e-01  -5.0236462e-02  -3.5362760e-01  -3.3959420e-01  -4.9015846e-01   4.6996966e-02  -2.1502118e-01  -4.4439889e-01   1.2147187e-01   2.6521345e-01  -5.5936167e-02  -1.8647774e-01  -2.5180667e-01  -4.1890969e-01   6.1056718e-01   3.5685988e-01   4.2964521e-01   5.7916966e-01   3.5655398e-02   4.4769953e-01  -8.8169710e-02  -2.2283608e-01  -4.3386330e-01   6.6594135e-01   4.0319714e-01   5.7806340e-02  -2.5231496e-01  -1.3186723e-01  -3.5658028e-02  -1.4291181e-01   5.1377829e-03   8.5095710e-01  -5.1563919e-03  -4.8579786e-01   2.0817214e-02   1.4945034e-01  -1.3357186e-01   5.0099477e-01   4.3281373e-01   2.5368415e-02   5.3373816e-01  -3.2940732e-01  -1.1774329e-01  -2.7322308e-01   8.2902008e-02  -2.4967477e-01   5.4660761e-01   1.2916895e-01   1.4797460e-01  -2.2960815e-02   7.8761103e-02   1.8570653e-01   2.7931519e-01  -8.8235413e-02   3.1269349e-01  -2.1961193e-01  -1.4368460e-01   1.0241689e-01  -3.7842378e-01  -9.3798711e-02   2.0738381e-02  -7.1543431e-02  -3.1060911e-01   4.3771241e-02   4.5950746e-03  -2.3625023e-01  -4.0041579e-01  -1.4388319e-01   2.2284747e-02   2.5817891e-01  -1.3230515e-01   8.8562410e-02   2.9498370e-01   3.6184982e-02  -4.2258566e-01   3.9137489e-01   3.9473934e-01   8.6755544e-02  -3.3573552e-01   1.9716758e-01   1.2276601e-01  -4.1240309e-01  -2.3021376e-01  -6.9438114e-02   3.9729470e-01  -1.3558981e-02  -1.1046296e-01   8.4553807e-02   3.3844115e-01
  -1.7108964e-02   1.8131794e-01   4.0392585e-01  -4.0087092e-01   0.0000000e+00  -2.1608000e-01  -3.8616664e-01   8.2004657e-02   7.3327577e-02  -2.4319936e-01  -2.2870543e-01   2.7897490e-02   2.4298212e-03  -1.8503117e-01  -2.4325619e-01  -1.7674995e-01   4.6937720e-01  -2.6975331e-01  -1.7088398e-01   6.0720630e-01  -2.3730391e-01  -3.4191907e-01  -3.4618286e-01  -3.1994998e-02   1.2166998e-01   1.2829662e-01   3.3179264e-01  -3.1442599e-01   1.1558899e-01  -3.3295842e-01  -2.2816679e-01  -4.5732648e-01   3.6472880e-02  -8.3679676e-02   2.1496668e-01   3.3342754e-01  -1.2219992e-01  -3.8228764e-02   4.8565658e-02   1.3645178e-01   1.4413867e-02  -9.3856003e-02   3.5719748e-01  -1.6522183e-01   6.1420280e-02   1.9911202e-01  -1.1762552e-02  -2.1952451e-01  -5.7260341e-02   4.0059383e-01  -3.7404178e-01   1.7175640e-01   2.8552229e-01   1.6307608e-01   3.9950018e-02  -2.7898860e-01  -8.2624885e-02  -4.2399252e-01  -1.6857887e-01  -2.8524928e-01   2.0507143e-01  -2.7753762e-01   3.3483089e-01  -4.7703154e-02   1.9658578e-02   4.7283394e-02   1.1767756e-02  -5.6475657e-02  -2.7292207e-01   1.6680373e-01   2.2029603e-01  -2.7935284e-01   1.0789618e-01   1.8940106e-01  -4.9165567e-02  -2.5254502e-01   1.0451220e-01  -2.7320609e-01   4.5731038e-01   2.0081063e-01  -3.4598466e-01   8.0522176e-02   1.0171839e-01  -1.0067852e-01   1.1288882e-01  -3.9258879e-01  -1.9908397e-02  -1.4294406e-01   2.9333010e-02  -5.8361074e-02   7.5702847e-01   2.8245823e-01   4.6435410e-01   6.1069942e-02   5.5443848e-02   6.5963508e-01   9.3338777e-02  -1.8544110e-01   2.0540413e-01  -2.8223195e-01  -7.1165851e-02  -1.0137483e-01  -2.5867076e-01  -2.8574326e-01  -3.4887376e-01  -4.1874677e-01   2.7292024e-01  -1.6188486e-01  -2.6778178e-01   5.0285541e-01   2.3243796e-02  -3.8307276e-01  -7.1897145e-02  -9.4159578e-03  -3.5335147e-01   3.7937960e-01  -4.7322500e-02   6.1985960e-02  -3.3278937e-01  -3.9985051e-01   1.6518031e-01   7.3296793e-01   1.3681656e-01   1.9885508e-01   2.2610501e-02  -2.9629076e-01  -2.0284269e-01   5.2911152e-02  -4.4697701e-01   3.0956753e-01   2.2694296e-01  -1.5929542e-01   2.8061185e-01  -1.2868739e-01  -1.1207562e-01  -2.7188935e-02   5.0807693e-02  -3.3018050e-01   9.7203732e-03   2.4617463e-02   6.2604766e-02   2.3723242e-02  -1.3477475e-01  -2.7862020e-01  -3.0268687e-01  -1.3613272e-01  -1.8833963e-01   4.0180511e-01   2.0527839e-01  -3.3102656e-01  -2.2092360e-01  -2.0589786e-01   1.7001273e-01   4.6904184e-02   4.3011146e-01   9.1891395e-02   1.3299736e-01  -1.6669883e-01   3.3904794e-01  -9.6731089e-02   1.4577170e-01  -1.1265570e-01   2.6520594e-01  -2.9678799e-01  -3.5564445e-01   8.1595213e-02  -7.4839335e-02  -1.2921013e-01   3.3753302e-01   5.3097714e-01   4.9558352e-01   4.7456351e-02  -1.1854346e-01   1.3161540e-01  -1.9060796e-01   6.5916566e-02  -3.3487698e-01
  -7.6320555e-02   1.2083504e-01  -1.1334788e-01   3.6377121e-01  -2.1608000e-01   0.0000000e+00   4.0099355e-01   1.2340539e-02  -3.4588937e-01   7.4514757e-02   2.5950063e-01   2.5870008e-01  -3.8879056e-02   2.3158712e-01   9.7251273e-03   3.7515862e-01  -3.8732308e-01   4.3464106e-01   6.9522194e-01  -1.0267241e-01   4.6205844e-01   1.6575315e-01   4.8421590e-01  -1.5567170e-01  -1.8184011e-01   9.4738595e-02   1.9518315e-01   1.8602944e-01   1.2259410e-01   3.6356822e-01  -1.8386271e-01   1.9202685e-01   3.0915407e-02   1.0037822e-01  -1.9940966e-01   1.6588761e-01  -2.5157845e-02  -4.7133940e-01   3.9273276e-03  -1.3565483e-01  -8.4683361e-02   2.2538995e-02  -4.5082394e-01   4.9286693e-02   9.9196532e-02  -1.5928427e-01   4.7038011e-01   1.9698315e-01  -1.4008789e-01  -2.5345585e-01   4.6186299e-01   4.0975402e-02  -2.1406786e-01  -2.2679697e-01  -1.7178934e-01   2.8534942e-01   6.3530594e-01   2.9729755e-01   1.7890833e-01   2.7644103e-01  -3.5585479e-01   1.1604177e-01  -3.2750034e-01   2.3221692e-02  -3.4342248e-01   4.2868771e-01   7.0253223e-01   1.5051299e-01   2.8440486e-01   2.0205421e-01  -4.5917909e-01   3.2476141e-01  -1.0993351e-01   2.2556033e-02  -2.1170363e-01   8.7581155e-02  -1.7924909e-01   1.6792178e-02  -4.0868679e-01  -3.8184055e-01   1.9461339e-01   3.4759377e-03  -2.2279073e-01   1.8499953e-01  -2.0345881e-01   3.5650352e-01  -2.7751691e-01  -1.8211358e-01  -1.4214787e-01  -6.6358099e-03  -3.9417518e-01  -1.3551636e-01  -3.5492735e-01  -1.7495732e-01  -3.9517706e-01  -3.9512709e-01  -1.5416898e-01   1.6039355e-01  -3.4782357e-01   6.5920354e-02  -2.5272411e-01  -7.8757463e-02   4.5430147e-01   1.2950804e-01   3.5497978e-01   1.8497594e-01  -2.1324015e-01   3.4738676e-01  -6.5614409e-02   1.6615819e-01  -1.6639455e-01   3.8225623e-01  -2.0756296e-02  -8.3801436e-02   2.8479221e-02  -3.6807151e-01  -3.4181872e-02  -1.6153290e-01   1.7215389e-01   4.1424831e-01   6.7064157e-02  -2.6372978e-01   7.6238927e-02  -9.9176643e-02  -1.3384128e-01   3.6972414e-01   5.1740003e-01  -4.2549097e-01   2.2108906e-01   5.1662549e-02  -9.8298496e-02  -7.2713133e-02  -2.2727538e-01  -1.7437219e-01   1.9799464e-01   1.8520857e-01  -1.4966831e-01   5.9385586e-02   1.3225902e-01   2.5678939e-02  -6.1319514e-02  -1.4592845e-01   3.9012333e-01   2.5468695e-01   8.4876026e-02   5.5744288e-02  -1.5164105e-01   5.7503041e-02   4.3606347e-01  -1.8207420e-01   2.2697836e-01   1.1365846e-01   1.0131343e-01  -2.0978483e-01  -2.4407773e-01  -2.0238545e-02  -9.2459769e-03   2.4315787e-01  -1.7831776e-01   2.3171090e-01   5.5688598e-02   1.4094479e-01  -1.4859592e-01   2.3453859e-01   9.0469649e-02   1.1404841e-01  -4.1748642e-02   1.6557112e-01   1.0344759e-01  -3.5249165e-01  -1.9320756e-01  -1.9378581e-02   2.8000193e-02   4.4439122e-01  -1.7210931e-01  -1.5430180e-01   6.8785432e-02
  -2.0183415e-01  -3.6541936e-02  -2.9206326e-01   1.6082675e-02  -3.8616664e-01   4.0099355e-01   0.0000000e+00  -1.7682133e-01  -1.4885712e-01   5.5389711e-01   2.7122119e-01   3.0016480e-01  -7.9119067e-02   1.7994419e-01   5.5452760e-01   1.5871773e-01  -5.4531809e-01   2.9355144e-01   9.0728618e-02  -1.3987378e-01   4.8634080e-01   1.3213976e-01   8.4783312e-01  -6.5988253e-03  -3.9122615e-01  -1.2685117e-01   1.0229163e-01   4.9250899e-01  -2.2300717e-01   1.8253674e-01   2.1978390e-01   1.8746147e-01  -2.7615449e-01   4.9764931e-01  -1.8023529e-01   1.8687467e-01   1.5683479e-01  -1.8625607e-01  -2.7245429e-01   3.1344011e-02  -9.6717007e-02  -1.4867557e-01  -5.4546255e-01   1.2856651e-02   2.7753780e-01  -1.8560707e-01   1.7186563e-01   6.4955161e-01  -1.9864884e-01  -4.2491293e-01   4.7507820e-01  -1.3782753e-01  -4.9386364e-02  -3.8198463e-01  -1.5143027e-01   3.0924433e-01   1.3829687e-01   1.2721725e-01  -6.9503540e-02   8.9911214e-02  -4.0506454e-01   3.5699853e-01  -5.5209810e-01   6.8940578e-02  -6.6684582e-02   4.5997521e-01   1.3850776e-01   3.1056173e-02  -7.1892673e-02   7.6877670e-03  -9.6138557e-02   2.7171725e-01  -1.8888545e-01  -2.8765125e-01  -5.5545622e-02   1.6694051e-01  -1.7227813e-01  -2.3820897e-01  -3.8290340e-01  -5.3330980e-01   6.8246180e-01  -1.5943305e-01  -1.4443971e-02  -1.2756794e-01  -1.7834806e-01   5.3236577e-01  -1.7138464e-03   1.1891675e-01  -8.1822417e-02  -1.2832123e-02  -4.6224110e-01  -3.1527630e-01  -4.5926233e-01  -1.0788820e-01  -2.4046829e-01  -4.8218522e-01  -1.5072250e-01  -8.2337445e-02  -2.2987049e-01   5.8750344e-01   1.4961278e-01   3.8841657e-01   1.4267438e-01   1.0456565e-01   3.8873478e-01   1.6003994e-01  -4.5723870e-01  -9.0547720e-02   3.5779011e-01  -5.7238861e-02   7.0969143e-02   1.5532124e-01  -1.0643525e-01  -1.2502993e-01   5.4943261e-01  -3.6359587e-01  -2.1407624e-01  -9.2299725e-02   3.7973129e-01   1.8650379e-01  -2.3159671e-01  -3.4819569e-01  -1.6314318e-01  -1.5794717e-01  -2.9648520e-02   1.0717144e-01   3.8793961e-01  -4.5641422e-01   1.5896272e-01  -1.0614139e-01  -2.0313614e-01   3.1779487e-01  -4.7704059e-01   1.4817486e-01  -2.4234958e-01  -2.2835299e-01  -3.2040200e-01   4.4539487e-01  -8.9878465e-02  -1.5223871e-01  -1.5546997e-01  -1.0588235e-01  -9.1646619e-02   4.1980704e-01   4.3472055e-01   1.3305405e-01   4.7142917e-01  -9.1757399e-03   2.5447001e-01   2.1283522e-01   4.7801268e-01   3.8795953e-01  -2.9381909e-01  -2.2323939e-02  -4.3642513e-01  -1.1467698e-01  -1.2953114e-01  -3.0942722e-02  -5.4923279e-01   3.6869938e-01  -2.2267528e-01  -1.7974144e-01   6.0075205e-02   1.9091054e-01   4.1265728e-02   8.6130825e-03   5.2356914e-01   9.9027411e-02  -3.7798162e-01  -4.9860712e-01  -3.3509484e-01  -2.2218100e-01   3.6805404e-02  -1.8072874e-01   2.3887913e-01  -3.8238931e-01   6.9840092e-02
   2.1997290e-01  -1.2469329e-01  -7.6363833e-02   4.3468239e-02   8.2004657e-02   1.2340539e-02  -1.7682133e-01   0.0000000e+00   1.3590672e-01  -3.0454141e-01   1.6858634e-01  -1.3847864e-01  -1.5396683e-01   1.7063780e-04  -1.8975258e-01  -1.3417029e-01  -3.3711616e-02   4.4465253e-02   1.3581208e-01  -2.1014964e-01  -3.6513086e-02  -1.0287526e-01  -5.3800341e-02   1.0260714e-01   6.1320835e-02   5.5180494e-01   4.6350269e-02   1.0725562e-01   1.2171783e-01  -8.8832187e-02  -4.6750191e-02  -1.9190052e-01  -1.0202585e-01  -3.0448522e-01   2.1478034e-01  -8.6908993e-02  -1.3828823e-01  -1.4194321e-01  -5.4237513e-02  -7.4700715e-02  -1.5254792e-01  -5.6405808e-02   1.7233855e-01   4.8295509e-01  -2.1795754e-01  -1.3380016e-01  -1.0165761e-02  -1.0553595e-01  -1.0220638e-01  -4.3760119e-02  -1.0971852e-01   6.0184906e-01  -1.5427355e-02  -1.8381397e-02   1.4189964e-01   1.1834374e-01   2.7163751e-01  -9.1736742e-02   2.4113785e-02   1.9731723e-02  -7.6101467e-02  -2.4097261e-02   6.2781634e-02   1.0343191e-01  -2.0077934e-02   1.8990441e-02   1.5651822e-02   1.3812475e-01   1.7891372e-01  -8.2059852e-02  -2.4163288e-02   4.5416956e-02  -5.4765545e-02  -9.9712139e-02   8.1109692e-03   1.3480906e-01  -6.9264052e-02   3.6037985e-01  -6.0619270e-02  -2.0149383e-02   5.4109974e-02   5.3921833e-02   1.1648113e-01   5.8078067e-01  -1.5532279e-01  -2.6372625e-02   8.5788319e-02  -6.1431180e-02   9.5882978e-02  -1.4356981e-02   4.1272706e-02  -4.3710531e-02  -3.2559519e-02   1.4319004e-01  -1.9712710e-01   2.8395622e-02   3.6151751e-02   4.3153700e-01  -4.9715646e-02  -2.7205627e-01  -5.0286627e-02  -1.2184053e-01   1.6512223e-01   1.4616898e-02  -1.0670006e-01  -3.5824916e-02   1.9155522e-01   4.2526283e-01  -2.1257344e-01   7.9100832e-02  -1.6742472e-01  -8.1453343e-02   1.4923098e-01  -1.3702419e-01  -1.4552289e-01  -1.7010184e-03   5.0996096e-01  -2.5239070e-01   1.2399139e-01   7.1451023e-02   1.5339872e-01  -5.9734292e-02   1.7830295e-02   9.6809102e-02   2.1620415e-05   1.2854617e-01   1.8798098e-02  -1.3277522e-02  -8.7937674e-02  -1.0307627e-01  -8.7169583e-02  -1.1454023e-01  -1.8426855e-02  -5.8309660e-02   2.1989940e-01   4.0529319e-01  -1.9444239e-02   8.9016413e-04   1.8720465e-01   1.1826469e-01   2.3318265e-01  -1.4027631e-01   3.5859691e-01  -1.4859544e-01  -1.5699873e-01  -2.5304933e-02  -3.1179386e-01   8.9501412e-02   8.7145865e-02  -2.1488622e-01  -2.5136990e-01   3.7632864e-01   2.3430960e-01   1.7411988e-01  -7.9164713e-02   9.2706064e-02   3.5226359e-02   2.4062665e-03   1.1533301e-01   3.1610992e-01   2.5073605e-01   4.0288193e-01   1.2066828e-01  -6.1466296e-02  -8.4102599e-02   6.7527732e-02  -1.2542553e-01   4.1961552e-01   2.1771678e-01   8.4614235e-02   1.3088695e-01   1.5141372e-01   3.5712279e-02  -2.9272583e-02  -1.9789269e-01   2.3734422e-02  -3.8097999e-03
   3.4455791e-01   1.3846596e-01   1.3521296e-01  -2.0853045e-01   7.3327577e-02  -3.4588937e-01  -1.4885712e-01   1.3590672e-01   0.0000000e+00  -1.2377323e-01   5.5636453e-02   1.9852543e-01  -1.1793954e-01  -9.0008400e-02  -1.5729181e-01  -3.7198642e-01   9.2866878e-02  -4.1357630e-02  -2.5303734e-01  -1.5308174e-01  -2.4380898e-01  -2.5808488e-01  -2.2604754e-01   1.7499017e-01   1.2265603e-01   2.0419324e-01  -1.8006481e-01  -6.2687860e-02  -2.3624976e-01  -8.0157420e-02  -1.0836428e-01  -9.7868311e-02  -3.4387438e-01  -1.8283589e-01   6.4881104e-01  -2.9220400e-01  -1.8856291e-02   5.7763525e-02  -1.4733846e-01  -1.9045539e-01  -9.4098793e-03  -1.8832423e-01   5.0118760e-01  -2.3467737e-02  -1.7223299e-01  -5.9651563e-02  -1.3417858e-01   3.5996849e-03  -5.8849101e-02  -9.3127469e-02  -1.8795154e-01   8.4005378e-02   9.9035667e-02   2.0840532e-02  -2.2257370e-02  -2.0251778e-01  -1.0038337e-01  -3.2002303e-01   1.4158951e-01  -1.6234621e-02   2.0013739e-01   4.8088927e-02   2.0002619e-01   1.2933470e-01   2.6935170e-01   1.4703549e-02  -4.1262236e-01   1.1380658e-01  -1.8597646e-01   6.4963291e-02   1.4914037e-01   7.6962554e-02  -1.3409896e-01  -5.5071557e-02   2.1051596e-01  -2.0030811e-01   3.2635055e-02   2.8108252e-02  -1.2613175e-01   9.5815439e-02  -1.2420143e-01  -1.4468146e-01  -4.2623778e-02   7.9931446e-02  -5.8916881e-02  -1.7565088e-01   7.0257709e-01   3.7339714e-03   4.0615426e-01   1.6572467e-01   1.3690961e-01   8.3253773e-02   5.5760858e-02   5.1493048e-01   1.9397259e-02  -1.5833176e-02   1.9142331e-01   6.7355606e-02   4.1430295e-01  -1.5174760e-01  -8.3391555e-02  -1.3043739e-02  -3.0119950e-01   3.4034920e-01   6.4809730e-04  -1.3698761e-01   7.7436577e-02  -7.0503007e-04  -1.7724764e-02   2.9626045e-02  -9.7369926e-02  -2.4032984e-01   2.6758297e-01   5.8011713e-02  -9.9471346e-02   1.7832593e-01   1.1320147e-01  -1.5971467e-01  -1.5747340e-01  -1.2113641e-01   1.7117175e-01  -1.3134601e-01   1.5252063e-01   9.5756094e-02   1.2396052e-01  -9.8635500e-02  -2.3161066e-01   1.0362048e-01   4.6972081e-02   1.5918554e-02  -2.2610443e-01  -1.3201115e-01   1.0393653e-01  -1.4076902e-01   3.3330968e-03  -6.3161626e-02  -1.2310702e-01  -7.3039677e-02  -1.0200501e-01   1.4069342e-01   3.0032674e-01  -6.5274224e-02  -1.2509660e-01  -1.0433521e-01  -1.3930411e-01   1.9325516e-01  -9.8701755e-02   3.3040083e-01   7.3532934e-03  -4.9563523e-02  -1.5406343e-01  -1.0925507e-01   3.3790088e-02   2.5633278e-01   1.1607466e-01   2.5825073e-01   2.2274567e-01  -1.3924442e-01  -1.1106594e-01  -1.5309824e-01   1.4136631e-01   9.2892817e-02   2.0019597e-01   1.0899109e-01  -1.6568826e-01  -2.5451543e-03  -2.1025761e-02   9.8289285e-02   5.5305761e-02   5.1057705e-02   1.8150341e-03   4.4337684e-02   2.8221576e-01  -1.5694942e-02   9.1386929e-02   1.5322553e-01  -1.7238950e-01
  -1.4982185e-01  -1.4645939e-01   9.0851230e-02  -3.3046964e-01  -2.4319936e-01   7.4514757e-02   5.5389711e-01  -3.0454141e-01  -1.2377323e-01   0.0000000e+00   3.8418174e-02   1.9036438e-01   2.2490797e-01  -1.8723039e-01   5.0255283e-01   5.4613152e-02  -7.0223342e-02  -1.0379579e-01  -2.2240230e-01   2.3134153e-01   4.0583387e-02   7.2842476e-02   5.1032874e-01  -1.0756423e-01  -3.4272754e-01  -1.5585033e-01  -9.6930850e-02  -1.9818840e-02  -1.8297380e-01  -9.2274342e-02   1.6161619e-01   1.9183379e-02  -2.2947867e-01   7.5732683e-01  -2.3054082e-01   1.7030842e-01   1.4447772e-01   2.4213407e-01  -2.1331359e-01   2.9432577e-01   2.1090796e-01  -1.3705013e-01  -2.7130553e-01  -6.9433785e-02   1.7469415e-01  -5.3068063e-02  -8.1562267e-02   2.7191586e-01  -1.5624072e-02   3.8768947e-02   9.1722471e-02  -2.3650158e-01   6.8594351e-02  -3.2391689e-02  -3.0544746e-01   2.2660653e-01  -2.8414225e-01  -3.3228588e-02  -1.0780854e-01  -1.2663295e-01  -9.7273067e-02   3.5879382e-01  -2.8940533e-01  -8.9825322e-02   6.2192681e-02   3.3484497e-02  -8.4422943e-02  -4.6966804e-02  -9.7534443e-02   1.8498639e-02   1.1237184e-01  -1.5143464e-01   1.4632579e-01   5.6467928e-02  -1.8372829e-01   7.8364541e-04  -2.6339010e-02  -1.0714904e-01   6.4927389e-02  -2.1872553e-01   2.3182494e-01   4.4489131e-03   2.8807034e-01  -2.3507447e-01   1.4799451e-01   1.1180274e-01  -1.0936460e-01   2.6824194e-01  -1.7558291e-01  -2.4256246e-03  -1.9477208e-01  -2.1266014e-02   1.5344314e-01  -1.4602096e-01  -6.3689210e-02   4.7125271e-02  -9.6507100e-02  -1.0520952e-01  -9.4499572e-02   6.0669014e-01   1.2614821e-01   4.5759592e-01  -2.8994079e-01  -1.3869597e-01   6.0628232e-02  -3.9369121e-02  -3.6006670e-01  -2.2231320e-01   4.9768910e-01  -2.1301761e-01   5.9460811e-01  -1.1563537e-01  -2.5891629e-01  -3.5646182e-02   4.9460143e-01  -2.6539920e-01  -1.7467625e-01   3.5073109e-01   7.4061195e-02  -2.1642763e-01  -3.2387376e-01   1.7277919e-01  -1.4733736e-01  -2.5996099e-01  -3.1589207e-02  -2.3409152e-01  -4.3409658e-02  -1.6186873e-01   5.3721207e-02  -8.5885889e-02  -3.4768954e-03   3.5995259e-01  -3.4532714e-01   2.1548813e-01  -3.3935857e-01  -2.6129829e-01  -1.0039493e-01   6.3857160e-02  -1.9170053e-01  -3.5136569e-01  -4.4053512e-01   1.3909312e-01  -1.4753073e-01   4.2233107e-01   3.7471172e-01  -5.5952756e-02   6.6323026e-01  -3.0015040e-01  -5.0131256e-02   3.2640136e-01   5.5725950e-01  -7.4057001e-02  -2.8350332e-01   4.6626785e-02  -1.0556953e-02  -1.6897826e-01  -3.3658907e-01  -6.3700872e-02  -2.9903346e-01  -3.5446110e-02  -3.5777154e-01  -1.3254948e-01   1.1456815e-01  -8.9250877e-02   1.2642243e-01  -1.5131506e-01   4.4719515e-01  -3.0271788e-01  -4.2650828e-01  -3.5066679e-02  -1.6257823e-01  -2.7111525e-01  -2.3944938e-01  -1.4235557e-01   3.6384103e-01  -2.2916646e-01   1.3106530e-01
  -1.9566991e-01  -3.4542891e-01  -2.2983130e-01  -2.2381225e-02  -2.2870543e-01   2.5950063e-01   2.7122119e-01   1.6858634e-01   5.5636453e-02   3.8418174e-02   0.0000000e+00  -1.0746271e-01  -8.6307684e-02   1.2550559e-01   3.8832236e-01   5.7268152e-02  -3.4680326e-01   6.1996524e-01   3.1079713e-01  -2.3162189e-01   2.8217616e-01  -1.0242929e-01   3.7517780e-01  -1.3478117e-01  -6.5775651e-02   1.6768965e-01  -1.6234471e-01   5.3963759e-01  -1.5279299e-01   5.4202981e-02   4.1328118e-01   1.6735580e-01  -1.6866687e-01  -8.9955999e-02  -4.5548509e-02   1.6468996e-01  -2.4652974e-01  -1.2837307e-01   6.2631947e-02  -1.9891960e-01   5.2250484e-02  -1.4973562e-01  -2.1861078e-01   5.1322534e-01  -1.9988357e-03  -1.8549424e-01   5.5054561e-01   2.0387244e-01  -2.4003062e-01  -3.4102310e-01   6.0643314e-01   2.0413820e-01  -3.0807147e-02  -2.8209329e-01   1.3351430e-01   5.2157392e-01   3.4814297e-01  -4.6274835e-02   3.8296104e-01  -4.4102866e-02  -1.5387579e-01   7.1936677e-02  -2.5670164e-01   5.8708138e-01  -4.7496356e-02   3.1446258e-01  -6.1262953e-03   1.6762599e-01   3.0050936e-01  -1.2933900e-02  -2.9124756e-01   3.4964938e-01   1.0558316e-01  -3.8013922e-01  -1.9146688e-01   3.5261769e-01  -6.2833574e-02   8.5957348e-02  -3.2687219e-01  -1.6515766e-01   4.6450129e-01   7.9695427e-02  -6.7329338e-03   2.3616134e-01  -3.5084913e-01   5.2960074e-01   1.1934681e-01   2.2488651e-01  -1.2767070e-01  -4.9118984e-02  -4.4069863e-01  -8.4362799e-02  -4.2363378e-01  -1.0979035e-01  -2.2015806e-01  -2.9741167e-01   4.0220987e-02   7.2885094e-02  -1.2961558e-01   1.4621460e-02  -3.6409105e-02   4.1431172e-01   6.8868807e-02  -2.3723352e-02   2.6754585e-01   2.8738543e-02  -2.0427274e-01   1.3796227e-01   1.1390825e-02   1.5990990e-01  -1.2647527e-01   7.2392950e-02   1.9914984e-02  -2.3561563e-01   3.4837196e-01  -2.4975694e-01   2.4415427e-01  -3.6496422e-02   4.2002360e-01   1.9916830e-01  -7.8124211e-02  -4.5198543e-01  -9.7855109e-02   4.4999635e-02  -1.6903067e-01   1.5281429e-01   2.2886724e-01  -3.6737377e-01   1.4092829e-02  -7.2577934e-02  -2.4992455e-02   4.0920250e-01  -4.9461233e-01   1.6555442e-01  -8.8575415e-02   2.8317964e-01  -2.7630889e-01   4.7122535e-01   2.7222987e-01  -1.6667319e-01  -9.0109418e-02  -1.5606083e-01   4.3939151e-01   3.6381305e-01   3.6624596e-01   2.6799978e-01  -7.0417944e-02   3.4295088e-01   4.0457762e-01   7.4191820e-03   1.3878678e-01   4.1740099e-01   4.5298091e-02   5.7586142e-01  -3.3840487e-01  -5.1792580e-02  -9.0106691e-03   3.0220722e-01  -2.6450012e-01   3.2280692e-01   2.0128603e-02   5.6253891e-01   3.8541970e-01   2.7325957e-01  -1.7297095e-01   2.2289640e-02   2.6968705e-01   4.1844963e-01  -1.1096874e-01  -3.2563417e-01  -2.1679306e-01   2.8284223e-02   1.5263888e-01   2.7230029e-03   4.0761786e-03  -1.3348662e-01  -2.1293264e-01
   1.4645463e-01   6.2996597e-01   1.9530112e-01  -5.8549956e-02   2.7897490e-02   2.5870008e-01   3.0016480e-01  -1.3847864e-01   1.9852543e-01   1.9036438e-01  -1.0746271e-01   0.0000000e+00  -5.2485165e-02   2.3175245e-01  -1.7743562e-03   1.7256275e-01  -1.0176110e-01  -1.6569858e-02   1.9711942e-01   1.1347505e-02   1.3589989e-01   2.1617393e-01   1.7596162e-01  -6.8514493e-02  -1.9934150e-01  -4.6528829e-02   2.7822808e-01  -2.5704800e-01  -3.0371649e-01   3.4276179e-01  -3.9599141e-01   1.8577000e-01  -4.3665515e-02   1.9039541e-01   3.8644252e-01  -1.0643644e-01   5.9801321e-02  -1.1247607e-02  -8.5968235e-02  -2.0183341e-01  -6.0576597e-02   3.1694922e-02  -4.2639338e-02  -2.1170026e-01   2.8464350e-01   1.4438130e-01   2.0707254e-01   1.5255297e-01  -4.1621737e-02  -1.1993611e-01   6.0174792e-02  -2.6608552e-01  -1.4110749e-01  -7.0909534e-02  -2.8906305e-01  -1.9611412e-01   1.5156725e-02   7.6736427e-02   2.0231893e-01   3.7312051e-01  -3.0942976e-02   1.8489782e-01  -2.0412544e-01  -1.3057994e-01  -4.0908512e-03   5.0202711e-01   1.4773327e-01  -5.7305511e-02  -5.3651057e-02   1.9511804e-01  -8.6472315e-02   9.9163157e-02  -8.9388598e-02   4.8140729e-01   1.3178286e-01  -1.6513443e-01   5.0171614e-02  -2.0585681e-01  -2.3246191e-01  -1.3423144e-01  -1.1559253e-01  -1.6451388e-01  -4.0081285e-01  -7.4266296e-02  -5.1058398e-03   1.1519824e-01   2.5067896e-01  -2.6453487e-01  -1.3560133e-02   2.1802791e-01  -1.8109410e-02  -9.0701765e-02  -1.3262606e-01   2.2453412e-01  -4.7409938e-02  -2.0050006e-01   1.2779253e-01  -6.4660732e-02   1.5096390e-01   3.0791094e-01  -2.7101860e-01  -4.9845395e-02   1.4821076e-01   3.5825354e-01   4.0558507e-01   2.1864017e-01  -2.4811069e-01   1.7740414e-02  -6.1299019e-02  -7.3171617e-02  -2.4748735e-01   1.8969380e-01  -1.9459940e-02   2.3246751e-01  -1.8943390e-01  -4.7841833e-02  -2.3553003e-01  -4.8066304e-02  -1.4465100e-01   1.1905116e-01   9.7490742e-02   1.7058353e-02   2.0454407e-01   1.9508521e-01   2.7775587e-01   3.4116161e-01   4.0151954e-01  -1.0827773e-01   2.2585508e-01   1.8735960e-01  -1.2896899e-01  -3.4861452e-01   2.8989639e-01  -4.2232198e-01  -9.9442456e-02  -1.7981540e-01  -8.0590103e-02  -1.7808760e-01  -7.8515645e-02  -7.7293284e-02  -4.2725808e-02  -3.1049725e-02  -1.5527080e-01  -5.8687240e-02   1.8637903e-01   2.2084665e-01   5.0264576e-02   1.2402448e-01   2.1711060e-01  -1.4014092e-01   9.5380204e-02  -2.2542564e-01  -1.8877036e-01  -2.3023216e-01   2.9182761e-02   1.0520878e-01   4.2661363e-02   6.7019796e-02  -2.6375318e-01  -2.1763385e-01  -8.2499192e-02  -2.2291714e-01  -1.6030054e-01   3.1354653e-01   1.2257982e-01   2.5755713e-01   2.5380719e-01  -7.5272904e-02  -1.6785220e-01  -3.3220537e-01   1.8450890e-01  -2.5171331e-01   1.0830035e-01   2.1665762e-01   2.6085331e-01  -1.7632913e-01   2.2844892e-01
   3.4005645e-02  -6.7733331e-02   2.0084960e-01  -4.9062615e-02   2.4298212e-03  -3.8879056e-02  -7.9119067e-02  -1.5396683e-01  -1.1793954e-01   2.2490797e-01  -8.6307684e-02  -5.2485165e-02   0.0000000e+00  -9.1207146e-02  -3.4237796e-02   3.4873143e-01   2.1615200e-01  -1.5968027e-01  -1.2265800e-01   2.9643496e-01  -1.3783718e-01   2.7605119e-01  -6.2244466e-02  -1.3081566e-01  -8.5630547e-02  -1.6134617e-01   1.4858501e-01  -2.5341446e-01  -9.4939996e-02   3.0248557e-02  -7.7689635e-02   1.3722138e-01   3.9258746e-01  -1.3591390e-01  -1.9661167e-01   3.2050332e-01   3.3365600e-01   4.6249116e-01   2.1461786e-01   1.5017747e-01   8.5376131e-01   3.5867945e-01  -1.1265944e-01  -2.0223175e-01  -3.1313066e-01   3.0255876e-01   1.2925791e-01  -2.0092482e-01   3.0816662e-01   2.3544943e-01  -1.1055608e-01  -2.6098672e-01  -3.7685536e-01   4.6379982e-01  -2.5252928e-01  -9.8731904e-02  -2.6344574e-01   1.8374762e-01   2.4296803e-01   7.0257720e-02   1.9129430e-01   1.2376396e-01   8.4499938e-03  -3.2152891e-01  -3.8566955e-02  -1.7145893e-01   4.0681471e-02  -4.2687153e-01   1.4846072e-01   8.2998199e-02  -1.1945094e-01  -1.9588446e-01   4.3004224e-01   2.0459042e-01   1.6140119e-01  -9.9171976e-02   2.2850382e-01  -9.0211290e-03  -2.2799912e-02   1.9964052e-01  -1.0556988e-01   3.3270161e-01  -1.0982281e-01  -8.3417073e-02   2.0561178e-01   5.5881035e-02  -2.8917201e-02  -5.6440201e-02  -3.3712033e-01   2.2199333e-01   5.8281598e-02   8.8057020e-02   7.2676122e-02  -3.4243382e-01   3.1408423e-01   2.5569715e-01   5.4718137e-02  -5.3040054e-02   1.5202980e-01  -1.3160130e-01   4.1161918e-02  -1.4358335e-01  -9.8808259e-03  -1.9717665e-02   6.9081689e-02   9.1796104e-02  -1.6241202e-01  -3.4061856e-02   2.0641480e-01  -2.3975531e-01   9.1573013e-02   3.4425459e-02  -3.4503721e-01   4.1012951e-01   1.0266650e-01  -2.4270730e-01  -1.2944376e-01   7.0259393e-01  -1.3438797e-01  -1.1543077e-01  -1.1029849e-01   1.9147295e-01   8.4601404e-02  -9.6909771e-02   2.7629834e-01   3.7850991e-02  -2.3533324e-02   2.9668379e-01   5.8869155e-02  -2.7408828e-02   4.4393540e-01  -9.6429060e-02   1.1217256e-01   1.8074743e-02  -2.1117094e-02  -2.5580926e-02   4.7035651e-01  -1.3182520e-01  -1.4105858e-01  -1.8405409e-01  -1.0107817e-01   8.6608421e-01  -2.2095483e-01   6.6331291e-02   1.2766672e-01  -5.7594873e-02   1.9507039e-02  -1.3700122e-01  -5.6076511e-02  -1.2072312e-01   2.5169761e-01  -1.6367217e-01  -1.4025478e-01  -3.8754099e-01   4.6719519e-02  -4.7224825e-02  -1.8039669e-01   3.5944803e-01   4.4348337e-02  -1.6916244e-01  -3.6002110e-01  -1.7718970e-01   4.0807795e-02   1.7451152e-01   2.1833795e-01  -3.0893601e-01  -1.4754282e-01  -2.9450289e-01  -1.6082953e-01  -1.9459074e-03  -2.5569918e-02  -2.8845120e-01   3.3101246e-02  -1.3297871e-01   1.1690044e-01  -6.1091198e-02   2.3488023e-01
   2.2643997e-01   6.0986251e-03  -4.2753390e-01   3.7879733e-01  -1.8503117e-01   2.3158712e-01   1.7994419e-01   1.7063780e-04  -9.0008400e-02  -1.8723039e-01   1.2550559e-01   2.3175245e-01  -9.1207146e-02   0.0000000e+00  -1.9584496e-01   9.1470473e-02  -5.5882414e-01   5.2053376e-01   4.7337840e-01  -1.3117163e-01   7.4714850e-01   4.3327824e-01   3.4986039e-01   8.9735497e-02  -1.0490060e-01  -9.7476199e-02   6.5162663e-02   6.6013739e-03  -4.8897425e-01   4.4357897e-01  -1.0046754e-01   4.3228416e-01  -1.0053426e-01  -2.6330810e-01   8.2317001e-02  -3.1598768e-02  -6.9993290e-02  -1.4679884e-01   7.1774361e-02  -5.0400979e-01  -7.6679343e-02   1.3015801e-02  -4.6981878e-01   1.8690159e-01   3.5025275e-01  -1.2104067e-02   5.2790844e-01   1.7111105e-01   3.3656819e-01  -5.9393879e-01   4.8131291e-01  -6.7418961e-02  -3.4299015e-01  -7.1050286e-02   3.0135977e-01   1.1031121e-01   3.3450843e-01   3.1889477e-01   3.8363307e-01   5.4987561e-01  -7.6556567e-02   4.7900247e-01  -5.2699543e-01  -1.2529160e-01   1.1477854e-02   5.2461742e-01   3.1134019e-02   2.9433168e-01   1.5079009e-01  -2.9713270e-01  -5.4144117e-01   5.4004189e-01  -1.9137447e-01   8.5849991e-02   1.9775624e-01   3.0776469e-01   9.3886523e-02   6.1202438e-02  -5.4914849e-01  -4.1729177e-02  -3.5271524e-02  -1.6507000e-01  -3.4802488e-01   2.8873915e-01  -1.9972459e-01   4.2535538e-01  -7.0025985e-03   4.0028911e-02   1.0124512e-01   2.0600175e-01  -4.1910955e-01  -2.7257842e-01  -6.7426391e-01   1.2614659e-01  -2.3649156e-01  -4.3278122e-01   2.5222034e-01   3.3238004e-02   3.3825990e-01   2.3033338e-02  -2.0820517e-01  -3.8086722e-01   4.4146677e-01   4.2537962e-01   5.9238438e-01   4.4617401e-01  -2.2299486e-01   6.0144716e-02   1.1618827e-01   2.2992511e-01  -6.3026673e-01   4.7560180e-01   4.2025386e-01   1.8217763e-01  -2.8459506e-01  -3.9034183e-01   6.0109227e-02  -9.0727171e-02   2.4469131e-01   5.0810685e-01   1.9224087e-01  -3.3169064e-01  -6.8998960e-02   1.9880247e-01  -8.5574844e-03   6.7679129e-01   6.3536424e-01  -6.1921531e-02   4.2073004e-01  -2.9804049e-01  -2.3923954e-01  -1.9131892e-01   4.6835865e-02  -1.9648879e-01  -9.8169754e-02  -2.3123615e-01  -1.9098634e-01  -1.7231951e-02  -9.0086965e-02  -1.6018909e-01   4.2809020e-01  -1.2634648e-01   1.0657063e-01  -2.0792627e-01   7.6165845e-02   3.7003710e-01  -4.7458888e-01   2.0511781e-01   3.8585912e-01  -2.2116993e-01  -2.3567497e-01   2.8321450e-01   3.7649633e-02  -6.8682324e-02  -6.6955849e-01   1.2785317e-01   2.4788042e-01   1.8235603e-01  -5.2130648e-01  -1.5144647e-01   7.1382150e-02   3.7248731e-02  -1.4775397e-01   5.9374592e-01   2.1466855e-01  -6.9872513e-02   3.7729692e-02   1.1101847e-01  -4.0600379e-02  -5.6140747e-01  -1.9815103e-01  -1.1370115e-01   5.4840160e-01  -9.1175847e-02   1.2604905e-01  -3.9949840e-02   4.1736741e-01
