   0.0000000e+00  -2.0412352e-01  -9.3232559e-02  -5.4625858e-02  -2.5360718e-01   7.5459304e-03  -3.0536028e-01   3.0310631e-01   1.9707561e-01  -2.1605044e-01  -1.4007429e-01  -2.0791822e-01   3.8595642e-02   4.1803363e-01  -3.1545107e-01  -3.0586461e-01  -1.9097056e-01   2.0643232e-03   4.1534209e-01  -3.1719822e-01  -4.3579062e-01   3.2958945e-01  -2.9853749e-01   7.2157214e-01  -2.7848500e-04   4.3553909e-01  -2.0535807e-01  -6.5695524e-02   1.1351833e-01  -2.3557437e-01  -2.7207273e-01   5.8522189e-02  -1.7784495e-02  -3.6865309e-01   1.4732648e-01  -3.2708635e-01  -1.3956040e-01   1.3922230e-01  -3.1986942e-01  -2.5138883e-01  -1.1761350e-01  -2.7835987e-02   8.4570665e-02   1.8580083e-01  -2.0186119e-01   4.8470337e-01  -1.6085572e-01  -4.5309084e-01   1.0203843e-01  -2.7146357e-01  -2.4064278e-01   2.3859928e-01  -4.0287228e-01  -2.6382014e-01  -1.5488188e-01   1.1997532e-01   3.7441175e-01   2.2954300e-01  -1.1217255e-01   2.7807312e-01   7.3139522e-02  -1.8404269e-01  -5.0329932e-02  -9.1678785e-02  -6.0085250e-02  -7.3588083e-02   1.0049583e-04  -2.4003778e-01   2.9279089e-02   1.2271147e-01  -3.6646109e-01   3.0118952e-02  -1.9191582e-01   4.9299779e-01   1.8540794e-01   5.4109014e-02   3.1982852e-01   2.4556754e-01  -3.1067918e-01  -6.5099061e-02  -1.3435682e-01  -3.7154842e-01  -3.4200394e-01   5.1851665e-01  -1.4994060e-01   3.3489500e-02   3.2765115e-01   6.8741621e-01  -1.0527904e-01   7.2491084e-01  -2.3918857e-01   1.8095414e-02  -3.7559110e-01   2.5759386e-01   1.9424545e-01  -1.3079401e-01  -2.7775124e-01   2.2918736e-01  -2.3294794e-01  -2.4526144e-01  -2.2034983e-01  -5.8992622e-02   2.5541289e-01   3.3979588e-01   1.5109744e-01   1.7373449e-01  -1.6016701e-01   1.8762070e-01   1.3538452e-01  -2.9093475e-01  -3.8232645e-01   3.6236226e-01   5.5881505e-02   7.7573970e-01  -1.5310775e-01  -2.7663441e-01   2.2541812e-01  -2.9816606e-01  -1.3415622e-01  -5.1445996e-02   6.0941834e-01  -1.6132762e-01   4.0630920e-02  -2.7864009e-01   6.3917248e-01   7.2015505e-01   9.7472036e-02  -2.1517694e-01   2.9452556e-01  -2.6556882e-01  -3.7243146e-01  -4.5265076e-01  -7.3341659e-02  -5.4287435e-01   5.0167771e-03   9.1797425e-02  -1.6245561e-01  -1.5445869e-01   2.0303857e-01   6.1856281e-01   6.1715074e-01  -5.0177763e-02   5.5532372e-02  -2.1809935e-01  -4.5916786e-01  -2.1433789e-01  -3.5361897e-01  -2.3669194e-02  -2.0626514e-01  -4.8905234e-01   3.7483996e-01   3.2446076e-01   2.9153137e-01  -2.3482237e-01  -3.4268810e-01   6.8115706e-01   4.3960147e-01  -2.2266697e-01  -2.1875919e-02   7.7924194e-02  -3.6172494e-01   1.0207756e-01  -3.2378756e-01   1.4872938e-01   1.2759631e-01  -4.1401917e-01  -2.6081603e-01   2.1909380e-01   6.5157379e-02  -4.9453078e-01  -2.5875508e-01   3.7318719e-01   1.0672847e-01  -1.1397534e-01  -2.0820846e-01  -2.5250417e-01   2.4969305e-01
  -2.0412352e-01   0.0000000e+00  -5.4612675e-02   7.8214867e-03   2.9591651e-01  -1.2767860e-01   2.2913522e-01  -1.1628199e-01   3.0669049e-01  -1.4249544e-01  -3.4667420e-01   4.8368754e-01   1.0566709e-01  -1.6168288e-01  -1.7846223e-02  -5.1582728e-03   1.6466015e-02  -1.2854887e-01  -6.0970272e-03   6.2332522e-02  -1.8070483e-01  -9.6869327e-02  -4.2305784e-01  -1.8661667e-02  -4.8801658e-02  -1.8724743e-02   2.2587503e-01  -3.2452894e-01  -6.9947344e-02   3.8524995e-01   1.3280386e-01   4.3443123e-02  -2.2614670e-02   6.3010380e-02   3.8755706e-01  -3.0787912e-02  -3.7304546e-02   1.1763640e-01   6.2896188e-02   1.0888553e-01   1.4720429e-01  -1.0455953e-01   3.8465424e-01  -5.3420429e-01   1.4119753e-01   1.0186081e-02  -2.2579449e-01   2.9845397e-01   3.0549348e-02   1.2350320e-01  -2.0656648e-01  -1.4643474e-01   9.0247382e-02  -9.5509630e-03  -2.4596597e-01  -5.8473151e-01  -2.4648879e-01   4.1586182e-02   1.5816050e-02   2.3129332e-01  -1.4047052e-01   1.0324182e-01   4.7912418e-01   2.3121912e-01   2.5202465e-01  -1.8383564e-02  -2.0354771e-02   2.5750063e-01  -3.6003674e-01  -2.0641751e-01   3.6180727e-01   5.1537063e-02   2.5558226e-01  -2.7502016e-01   3.3625581e-01  -1.5532387e-01  -1.1214920e-01  -2.9258440e-01   2.3856736e-01   1.9500334e-01  -3.6776741e-01   1.7076942e-01  -3.9134617e-01  -1.2084348e-01  -2.9714306e-01  -1.6440215e-01   2.7273521e-01  -2.1286974e-01   1.8942131e-01   2.4426891e-02   3.4333348e-01  -1.5987250e-01  -1.9784236e-01   4.2336877e-01   1.8527469e-02   2.0596908e-01   2.0290243e-01  -4.3774101e-02   9.6019173e-02  -9.7069581e-02  -2.7013805e-01  -5.1455446e-02  -2.6295450e-01   2.2577837e-01  -1.2165720e-01   1.2574864e-01   1.7513524e-01  -1.4314142e-01   1.1799221e-01  -1.0709114e-01  -2.1246736e-01  -1.4453791e-01  -3.0322417e-02  -5.3536577e-03  -2.8153955e-01   3.0911938e-01  -2.0121698e-01   1.7396216e-01  -4.3990646e-01   2.3969009e-02  -8.6678519e-02   2.6098729e-01   3.2491225e-01   5.3774320e-01   1.3312387e-02  -1.0646767e-01   1.5018585e-01   2.8496780e-01  -2.2116216e-02  -3.2760584e-02   1.9027277e-01  -5.3793919e-02  -2.3228745e-01  -1.8549486e-01  -2.3413793e-02  -1.3953533e-01   2.3546727e-01  -2.6198686e-01  -9.7124923e-02  -6.3217487e-02   1.8761528e-02   1.7294829e-01  -3.8833585e-01  -2.7700023e-01   9.7310218e-02  -7.1077676e-02   1.6756597e-01   4.3626132e-01  -2.7304054e-01  -2.2390368e-01  -4.7793243e-01  -2.4172560e-01  -2.9052709e-01   1.4471686e-01   4.8008790e-01  -6.9958324e-02  -7.3871962e-02   7.8162685e-02  -8.0372852e-02  -3.1165709e-01   3.4654462e-01  -3.2343930e-01  -1.0605005e-01  -1.8984733e-01   1.2595817e-01  -1.0847927e-01  -1.4793868e-01  -1.1950382e-01  -1.7156115e-01  -7.4610364e-02   2.6470013e-01  -5.6021711e-02   2.4923198e-01  -3.9356487e-02   9.2148650e-02   2.0861238e-01   1.6317219e-01
  -9.3232559e-02  -5.4612675e-02   0.0000000e+00  -1.8255934e-01  -1.7199473e-02   3.7877957e-01   1.4675225e-01  -7.0152566e-02   8.4208650e-03   6.7689885e-03  -1.9777092e-01   3.3000290e-01  -8.4010113e-03  -4.7142401e-01  -2.2909956e-02   4.4957178e-01   9.2981904e-01  -3.1624346e-01   2.3319560e-02   2.3941600e-01  -7.1462499e-02  -3.2479831e-01   1.5582020e-01  -1.1606670e-01  -3.1743782e-01  -2.2189774e-01   5.2031747e-01   4.3324065e-01  -4.9293936e-02  -2.1983984e-01  -4.0033577e-01  -7.1767275e-02   5.9539628e-01   5.8932584e-02  -2.3462388e-01   4.5876632e-02  -2.2761497e-01  -8.0939173e-02   2.7547809e-01   6.1807700e-01  -1.4925678e-01   6.5292402e-01   3.2223036e-01  -1.2145887e-01  -2.0382868e-01   3.6763549e-01  -5.0171551e-02  -1.0952798e-01  -3.4241086e-01   7.8059824e-01  -1.2577833e-01  -4.5424833e-02  -1.3209208e-01   5.4915157e-01   4.0322408e-01   6.9849987e-02  -3.6709779e-02  -1.2858022e-01  -2.8123560e-01  -3.3968105e-01   7.2774384e-01  -5.6728162e-02   1.1806325e-01  -4.9113579e-01  -4.7341301e-01  -2.3764662e-01   5.4941911e-01  -3.6846737e-01  -6.6716835e-02   8.4126651e-01   1.1633247e-01  -2.2980664e-01  -2.1450921e-01   3.0165202e-01   1.2704914e-02  -1.9781618e-01   4.8333921e-01  -1.1880737e-01  -2.3570861e-01  -2.4373992e-01   8.5732358e-02   1.5474103e-01   1.4195829e-01  -2.5402517e-01   5.2769288e-01  -2.2223473e-01  -1.6179092e-01  -7.9107585e-02   1.5649283e-01  -1.2712122e-01  -2.0348339e-01   7.7714084e-01   3.2356344e-01  -8.5462501e-02   2.1061288e-01   8.2786372e-02  -2.6324205e-01   3.7321059e-02  -2.1885671e-01   7.6929534e-02   5.2219077e-01  -3.8807533e-01  -2.2586262e-01  -3.4732108e-01  -2.6241205e-01   6.5199332e-04   5.2119363e-01   1.7841524e-02  -2.3027577e-01   6.5725162e-02   4.2788346e-01  -4.3842959e-01  -2.5802809e-01  -1.2807639e-01   6.2009572e-01  -3.2037160e-01  -1.0609698e-01  -2.0651923e-01   3.1079804e-01  -5.2726800e-02   8.6564054e-02  -2.2610445e-01   2.8118812e-01  -2.7549745e-01   4.8039101e-03  -2.3965849e-01  -1.4188600e-01   5.1836854e-02  -1.5210995e-01   7.6872829e-01   1.9495692e-01  -1.3761275e-01   4.1477706e-02   6.5830951e-02  -2.6441203e-02  -1.4472072e-01  -1.6184316e-01   1.0236586e-01  -2.1241557e-01  -8.0188754e-02  -2.6733668e-02   3.3900700e-01  -1.8882220e-01   6.9162525e-01   1.5151062e-01  -3.0224085e-01   4.2801754e-01  -4.8137740e-01  -5.1483008e-02   6.1891233e-02   4.0413656e-01  -3.4678494e-01   5.5474986e-01  -3.0705522e-01   4.8549628e-01  -1.4504309e-01   2.0501636e-01  -9.4061583e-02   7.1819734e-01  -3.8354530e-02  -2.5127415e-01  -2.9582516e-01   2.3843652e-01  -2.8809022e-01   1.3477801e-01   1.4876728e-01   1.7970114e-02  -1.9663305e-01   7.0582500e-01   2.0146556e-01  -3.5480099e-01  -6.7365219e-03  -4.9868582e-01   4.7082184e-01  -3.5908806e-01   8.9142222e-02  -2.9092408e-02
  -5.4625858e-02   7.8214867e-03  -1.8255934e-01   0.0000000e+00  -1.3835060e-01  -1.2380326e-01  -3.7611896e-01   2.6134893e-01   2.1373081e-01  -3.8640924e-01   2.5409949e-01  -3.2168322e-01  -8.8425787e-02   3.2099389e-01   2.6352221e-02   9.9890611e-04  -1.3794922e-01  -1.2771233e-01   2.3068619e-01  -1.8294628e-01  -3.2251374e-02   5.8533516e-01  -3.7553077e-01   1.2760566e-01   1.3213293e-01   7.9419123e-02  -1.3051588e-01  -3.4876663e-01   2.0995208e-01   8.9446800e-03   1.1461351e-01   7.4381726e-01   1.0273991e-01  -4.1827558e-01  -9.9414511e-03  -2.1497873e-01  -3.5034514e-01   1.7205535e-01   7.0499670e-02  -2.2344141e-01  -1.9735062e-01   7.9613571e-02  -1.0677196e-01  -2.2767785e-01   1.4814531e-01  -2.1994735e-02   1.2263270e-01  -1.2714882e-01  -1.4848486e-01  -1.2715559e-01   2.0641706e-01   3.8083864e-01  -7.1089759e-02   1.5385992e-02   3.0773674e-02  -2.3957706e-01   1.2255782e-01   5.3634142e-01   1.3056063e-01   2.0450671e-01   8.5205629e-02   1.7604141e-01   2.9526220e-01   5.4370462e-02   3.4370222e-01  -2.5978351e-01  -9.7537505e-02   4.3090839e-01   3.5624783e-01  -2.4124597e-01  -1.8871675e-02   6.8913381e-01  -1.8008841e-01  -4.0050273e-01   3.4508787e-01   4.7623361e-01  -1.4253348e-02   9.8746935e-02  -2.0966154e-01   2.3394620e-01  -1.6525240e-01   9.0733804e-03  -2.2073109e-01   7.4437587e-02  -3.2161122e-01   4.4862903e-01   2.2126148e-01  -4.6705853e-03   3.7832669e-01   2.9875721e-02  -1.6016357e-01   9.1864192e-02  -4.6072494e-01   1.9829577e-01  -4.9185657e-02  -2.9005316e-01   1.5707160e-01   2.0562825e-01  -9.2297152e-03  -2.8463537e-01  -2.4629285e-01   1.9251230e-02   4.4666464e-01   3.0399556e-01   5.5081299e-01   7.1217384e-01   1.3418885e-01   2.9204952e-01  -1.3165894e-01  -2.8706849e-01  -4.7644699e-01   4.7291064e-01   7.8212723e-01  -7.6538465e-02  -3.6135873e-01  -1.3400291e-01  -2.7258358e-02  -3.0895956e-01  -3.7445679e-01   7.3620718e-01   7.0284410e-02  -1.4940185e-01   1.5507033e-01   1.1272707e-01   7.4299342e-02   1.4893563e-01   1.5359747e-01   3.7935283e-01   5.0121839e-01  -2.6930681e-01  -1.0725894e-01  -1.5759014e-01  -6.9137191e-02  -7.2513343e-02   5.2827057e-01   4.8788411e-01   1.9474161e-01  -7.7772229e-02   5.1427318e-01  -2.3347658e-02   9.9098261e-02  -5.1841736e-02   3.4666049e-01  -4.0341719e-01  -4.3286399e-04   2.4075828e-01  -3.4573555e-01  -1.0717875e-01  -3.5459526e-01  -9.8591528e-02  -4.1908899e-01   2.0657398e-01   1.3004540e-01   3.4829364e-02  -3.2860890e-01   5.9754340e-02   4.3398668e-02   3.7854443e-02   1.8805697e-01  -1.4849298e-01   3.3818437e-01   4.0122992e-01  -5.2045708e-01   3.6298856e-01   5.1393218e-01  -2.7011100e-01  -3.8388515e-01   5.6803249e-02  -1.0346947e-01  -2.5837937e-01  -2.1812660e-01  -1.0315917e-01   4.1338425e-01  -5.3689376e-01   2.9684324e-01   1.6170943e-01   4.8621076e-01
  -2.5360718e-01   2.9591651e-01  -1.7199473e-02  -1.3835060e-01   0.0000000e+00   8.8567755e-02  -2.0239860e-03  -2.7884794e-01  -2.1848352e-01   1.7681677e-01   1.4977054e-01   2.5971359e-01   3.5321718e-01  -4.2769765e-02  -1.0045076e-01   5.6535468e-02   7.2472108e-02   3.5319517e-02  -1.5981343e-01   8.1714374e-01   1.6266429e-01  -1.5817995e-01  -4.9414613e-02  -3.0236705e-01  -6.5181915e-02  -1.9318817e-01   3.2767299e-01  -3.2213617e-01   1.7209241e-03   2.0702034e-01   2.6650951e-02  -2.9535203e-01   3.2431189e-02  -5.0155867e-02  -1.4091162e-01   8.0797214e-01   8.6897649e-02   2.9482635e-02   1.0672681e-01  -2.5444131e-02   4.4878079e-01  -6.4350032e-02   9.7081259e-02  -5.3562873e-02   3.0951285e-01  -1.9852032e-01   4.5676507e-01  -1.0686536e-01   3.7144913e-01   9.3194540e-02   4.0674820e-02  -3.6076711e-01  -4.9423191e-02  -8.2174371e-02  -5.7758687e-02  -1.6473267e-01   5.7014720e-02  -3.0884640e-01   9.4305604e-02   6.5713059e-03  -2.3162744e-01   2.3917772e-01  -7.4040942e-02   5.6270369e-02  -6.4785263e-02   3.5407256e-01   6.1317896e-02   8.6641292e-02   1.2296899e-01  -1.8573596e-01  -8.3488010e-02  -6.0165960e-02   1.9141690e-01  -2.4454770e-01   1.3134745e-01  -1.0603122e-01  -3.4349373e-01  -2.3151832e-01   6.6498406e-01   2.7653116e-01  -3.8156916e-01   6.5004673e-02   1.6656198e-01  -1.0428835e-01   5.4211731e-03  -3.9174208e-01  -2.0038898e-01  -5.0231243e-01  -1.7719260e-02  -3.1432248e-01   7.6295067e-01  -2.7853682e-01   1.2954144e-01  -4.9510187e-02  -1.7588314e-01   8.3568024e-01   9.4828725e-02  -1.6658438e-01   1.9736407e-01  -2.6604331e-01  -2.3610530e-01   4.4734392e-02  -3.0457024e-01  -2.0444795e-01  -2.7506936e-01  -2.8248743e-01   1.0305554e-01  -9.1621980e-02   3.3565872e-01   5.1231295e-01  -1.0281809e-01  -1.4194817e-01  -1.0235886e-01  -1.5942502e-01  -2.0399696e-01   4.5717342e-01  -2.3147961e-01   3.6458556e-01  -1.6683032e-02  -5.3791374e-02  -4.1829529e-01   6.4350818e-01   1.2622750e-01  -8.7728989e-02  -1.8923331e-01  -3.3980697e-01   2.1144100e-01   1.8856986e-01  -2.8313002e-01  -1.0410078e-01   2.8694878e-01   2.2250169e-01   1.8993784e-01  -6.7684193e-02  -2.6583979e-01  -2.5792116e-01   4.7874683e-02  -3.3266538e-01  -3.5073574e-01  -3.2999739e-01  -2.2437956e-01   1.8858079e-01  -5.8347543e-02  -2.5989954e-02  -1.3101802e-01  -2.5092872e-01  -1.3162450e-01   4.9264091e-01   3.6344200e-01  -1.6114345e-01  -2.9168565e-01  -1.9767727e-01  -3.7031117e-01   3.2726633e-01   2.2829859e-01  -3.1913048e-01  -3.0784117e-01   1.6642621e-01  -1.4788990e-01  -3.5968579e-01   8.5006845e-02  -1.6636035e-01   3.9633925e-01  -1.6587481e-01  -1.5470376e-01   5.5209942e-02   2.0637424e-01   5.9694218e-02  -1.7902939e-01   3.1642525e-01   4.7247240e-01  -3.4846690e-01   6.5131927e-02   1.5514209e-01   4.6261318e-02   2.1674448e-01  -1.2839995e-01
   7.5459304e-03  -1.2767860e-01   3.7877957e-01  -1.2380326e-01   8.8567755e-02   0.0000000e+00   2.2310624e-01  -2.6549718e-01  -1.7396946e-01  -7.5151672e-02   5.3486317e-02   3.7640380e-01   6.1368399e-02  -9.8986652e-03   1.9487695e-01   2.9108921e-01   3.2823858e-01   1.1078755e-02  -1.2463472e-01   2.4787110e-01   1.6601033e-02   2.5924449e-02   8.3138041e-02  -1.2749289e-01  -2.9675979e-01  -2.1882643e-01   5.6593611e-01   2.0937347e-01  -9.5314858e-02   2.4880936e-01  -3.8142641e-01  -1.1876380e-01   2.0548404e-01   4.6777703e-03  -5.9871170e-03   2.9814542e-01  -4.5414216e-01  -9.0610858e-03   2.0312506e-01   2.7990351e-01  -6.0670519e-04   1.9002240e-01   3.0067936e-01  -6.5911426e-02   1.9373749e-01   2.4166546e-03   2.7780386e-01  -1.9373814e-01  -4.0251623e-01   2.0227728e-01   3.6467512e-01  -2.8906252e-01  -4.9870479e-01   1.3052047e-01   4.3511180e-02   4.1596089e-02   5.4050251e-01  -1.4584385e-01  -2.3631842e-02   1.9354608e-01   5.9443181e-02   1.2029900e-01   1.0089533e-02  -5.0442716e-01  -2.8079312e-01   3.2907257e-01   5.6863400e-01  -1.6892507e-01   1.1958646e-01   3.1230262e-01  -4.0226365e-01   1.6270172e-01  -2.0617597e-02   1.9021657e-01   1.0389047e-01  -2.1245303e-01   1.1215990e-01  -1.7217892e-01  -2.4700052e-01  -1.6788144e-01   2.6991891e-01   2.6834097e-01   4.4009520e-02  -8.2533644e-02   1.4243552e-01  -2.0520998e-01  -2.3208211e-01   5.0652261e-02   1.4115576e-01  -2.1672285e-01  -3.4388880e-01   1.3574831e-01   1.8007429e-01  -1.4962634e-01   8.7839689e-02   7.2587674e-02  -5.7924084e-02  -3.9478253e-01  -1.6918467e-01  -1.8135311e-01  -2.6394981e-03   1.0232917e-01  -8.3973525e-02  -1.1752505e-01   1.6648124e-01  -1.5819992e-01   2.3194086e-01  -2.3909994e-01  -1.2699146e-01   1.4704159e-01   1.1377221e-01   1.5345180e-01  -4.0559929e-02  -6.6946285e-02   1.3225067e-01  -4.6822987e-01  -2.0786615e-01  -8.0362430e-02   3.0687208e-01   1.7419441e-01   7.5734010e-02  -3.7090193e-01   9.6651999e-02  -5.0798303e-01  -1.2601725e-01  -1.3839469e-01   4.6805417e-01   8.5026696e-02  -1.2749449e-01   2.2000142e-01   1.7663428e-01  -4.0149421e-01   3.4352215e-01  -1.1641481e-01  -1.6468743e-01  -1.3831866e-01  -1.2068747e-01   9.1230503e-02  -2.6029798e-01  -8.5310064e-02  -1.6228486e-01   2.2692903e-01  -5.4865084e-02   5.1932251e-01   1.3229262e-01  -3.4892843e-01  -1.2349115e-02  -1.9561772e-01   3.2216071e-01  -2.0727991e-01   1.6873397e-01   6.7241379e-02   3.1099572e-01  -2.2403053e-01   2.9869307e-01  -1.3496470e-01   8.1963202e-02   2.4031697e-01   1.0808736e-01   8.4816074e-02  -2.7038321e-02  -2.3045124e-01   6.8442434e-02   1.0528344e-01  -1.3700889e-01  -2.4836470e-01   9.7333484e-02   3.1838482e-01   3.4053480e-01  -1.3965856e-01  -2.9441400e-01  -9.9697636e-04   4.9963930e-02   7.1509046e-01  -8.9897562e-02   1.5972266e-01  -2.4529814e-01
  -3.0536028e-01   2.2913522e-01   1.4675225e-01  -3.7611896e-01  -2.0239860e-03   2.2310624e-01   0.0000000e+00  -4.0490409e-01  -8.5530511e-02   3.7692264e-01  -3.6755010e-01   5.8191854e-01  -1.4508692e-01  -4.8241408e-01   3.3043874e-01   1.0562435e-01   8.7574114e-02  -8.8632803e-02  -5.3617028e-01   1.4683293e-01   1.4258015e-01  -4.6246530e-01   4.6472364e-01  -4.0087513e-01  -1.9426866e-01  -5.1029551e-01   3.0271346e-01   4.8209348e-01  -9.1330332e-02   3.4636447e-01   6.3484569e-02  -3.4081150e-01  -1.7424429e-01   8.4786392e-01   1.5682668e-01   9.9854713e-02   9.8246115e-02  -9.1369281e-02   7.8134964e-03   4.8153348e-01  -4.5504564e-02  -6.4653794e-02   2.9232054e-01  -2.9245978e-01   8.1758263e-02  -3.3812541e-01  -2.5816055e-01   6.3776733e-01  -2.6369796e-01   2.4133015e-01   7.9973094e-02  -4.4791620e-01   1.8595092e-01   1.3453428e-01  -5.8096619e-02  -1.9299767e-01  -4.0313041e-01  -3.7604006e-01  -7.6480061e-02  -2.2571689e-01  -2.2104597e-01   8.1494514e-02   4.6828466e-02  -1.1152527e-01  -2.5262311e-01   2.3923359e-01   2.7859009e-02   8.5739911e-03  -6.0336090e-01   1.4882592e-01   2.9193311e-01  -3.1489357e-01   1.6915617e-01  -8.5905083e-02  -2.2375004e-01  -4.4263955e-01  -1.2620839e-01  -5.1191161e-01   1.8716393e-01  -9.9688407e-02   4.8097197e-01   3.5139967e-01  -2.4206318e-02  -5.0975782e-01   4.3276083e-02  -2.3129364e-01  -2.6238167e-01  -2.8535369e-01  -9.5829145e-02  -2.4415863e-01  -9.0306760e-02  -5.5003828e-02   4.9430569e-01  -1.4272986e-01   6.6134780e-02   2.6021825e-02   2.4367991e-01  -5.3071970e-01   4.2360486e-02   6.5104176e-01   2.5420210e-01  -1.8329006e-02  -3.5507102e-01  -3.4868801e-01  -3.4252846e-01  -3.2726206e-01   4.7541056e-02  -5.9517976e-01  -6.0372860e-02   8.7312251e-02   6.1909075e-01  -4.8053894e-01  -4.2419103e-01  -2.9391953e-01   4.5058763e-01   3.0730837e-02  -4.1462370e-01   1.7712918e-01   1.6743509e-01  -1.9750099e-01  -2.5802785e-01  -9.8057612e-02  -7.5543229e-03   1.5828942e-01  -3.8966342e-01  -5.2042435e-01  -8.4057021e-02  -4.0284413e-02  -3.9747136e-01   3.3403362e-01   1.3937824e-01   2.3926949e-01  -1.0534214e-01   2.7765054e-01  -2.3203593e-01  -4.1946185e-01  -7.1002346e-02   1.9639260e-01  -4.2092980e-01   3.7405815e-02  -3.4887710e-01  -5.3428316e-02  -5.4371481e-01   4.7055870e-01   5.5814087e-01  -4.7593272e-02   7.5421464e-01  -3.2132641e-02   2.8748893e-01   2.8090862e-01  -1.1042553e-02  -3.3172891e-01  -3.5034283e-02  -1.4493957e-01   5.4932374e-01  -3.0101915e-01  -2.3246589e-01   2.1500879e-01  -1.4477206e-01   2.7483204e-01   1.5192360e-01  -5.3898236e-01   3.1909604e-01  -2.3553594e-01  -2.8317697e-01   4.0149465e-01   3.7058324e-01  -3.0485764e-01  -7.7739611e-03   1.3656669e-01   2.4742063e-01  -1.2693596e-02  -2.9166509e-01   4.9337208e-01   7.4981885e-02  -6.9052313e-02  -3.7582929e-01
   3.0310631e-01  -1.1628199e-01  -7.0152566e-02   2.6134893e-01  -2.7884794e-01  -2.6549718e-01  -4.0490409e-01   0.0000000e+00   4.7142244e-01  -3.9896770e-01  -1.2809829e-01  -3.8846056e-01   1.0572220e-01   2.1115836e-01  -3.1917288e-01  -6.7686879e-02  -9.0278359e-02  -3.6773132e-02   6.8570151e-01  -3.5510970e-01  -3.6934833e-01   3.2480087e-01  -3.8149347e-01   5.2212712e-01   2.8641492e-02   6.6079919e-01  -1.8492359e-01  -1.5436758e-01  -1.1041501e-02  -3.1609794e-01  -1.1923624e-01   3.7480344e-01   1.8832456e-01  -4.7019738e-01   4.7961539e-02  -4.2171829e-01  -2.9442083e-02   7.4398270e-02  -3.3896933e-02  -1.9973161e-01  -7.5549055e-02   1.5374938e-01  -2.5502285e-03   6.8303711e-02  -1.0662645e-01   3.6376926e-01  -2.8949556e-01  -2.1117229e-01   1.0595904e-01  -1.5265863e-01  -2.7296119e-01   8.2414672e-01  -8.7756067e-02  -8.0313776e-02  -4.0303137e-02  -1.0727407e-02   1.4175348e-01   5.4112366e-01  -1.7077321e-01   8.4479283e-02   2.9982298e-01  -1.1936874e-01   1.5588839e-01   5.9484078e-02   1.5237496e-01  -4.7481844e-01   1.0079186e-01  -4.9423991e-02   1.2555367e-01   2.6515332e-03  -2.3085873e-02   1.7755315e-01  -1.3695311e-01  -6.0178032e-02   1.7543286e-01   4.9888205e-01   4.1782704e-01   5.5830640e-01  -3.2729933e-01  -7.8540298e-02  -1.9894004e-01  -2.0346732e-01  -3.0341123e-01   6.5607382e-01  -2.3367992e-01   4.6540769e-01   3.6531427e-01   2.8672967e-01   1.4053170e-01   4.3505812e-01  -1.7540586e-01   1.8742040e-01  -5.1733413e-01   3.8259886e-01   2.7742316e-01  -2.1142182e-01  -1.2459661e-01   6.4793895e-01  -1.2351462e-01  -1.8646450e-01  -9.4702784e-02  -1.5935682e-01   4.4238515e-01   3.4901622e-01   2.2459572e-01   4.8410361e-01   5.1302086e-02   5.5013147e-01   6.6617124e-02  -4.4602015e-01  -4.6734646e-01   2.0254644e-01   2.6288481e-01   3.7156053e-01  -2.2290142e-01  -2.0324079e-01   5.7571410e-01  -2.9168960e-01  -2.8815917e-01   6.6936794e-02   4.0934072e-01  -1.8146573e-01   6.3846718e-02   1.0443062e-01   4.5341819e-01   4.1663810e-01  -4.4762851e-02  -7.1070589e-02   5.3011910e-01  -1.9154795e-01  -1.5811491e-01  -2.8132022e-01  -3.4732233e-01  -2.9082704e-01   2.8820320e-01   6.5062330e-01  -4.6554972e-02  -4.1344840e-03   6.4893123e-01   3.7144536e-01   5.5404491e-01   1.4217224e-01   2.1346502e-01  -3.7321444e-01  -2.1458685e-01   1.0494283e-01  -3.1015432e-01  -1.1378865e-01  -5.5135262e-01  -1.3637339e-01  -9.5166239e-02   3.2759107e-01   2.1861753e-01  -9.1600771e-02  -3.3904685e-01   4.3346752e-01   4.1629178e-01  -3.3060733e-01   1.7342796e-01   1.9197360e-01  -1.3225532e-01   3.5677566e-01  -3.7596954e-01   1.3341600e-01   4.4231244e-01  -2.8031730e-01  -3.6274167e-01   1.0017828e-01  -1.0920291e-02  -3.6727266e-01  -3.2609081e-01   2.8234497e-01   1.7761413e-01  -4.5109091e-01  -1.7731892e-03  -1.5640451e-01   4.4473772e-01
   1.9707561e-01   3.0669049e-01   8.4208650e-03   2.1373081e-01  -2.1848352e-01  -1.7396946e-01  -8.5530511e-02   4.7142244e-01   0.0000000e+00  -1.5599416e-01  -3.0455370e-01  -1.9142651e-01  -3.2277115e-02  -1.1903242e-02  -4.1787616e-01  -1.2514087e-01  -3.8736593e-02  -4.9872364e-02   5.3492161e-01  -3.6952113e-01  -5.8610425e-01   2.9380212e-01  -3.7069732e-01   5.0965984e-01   2.8296850e-02   3.4848498e-01  -3.2208440e-02  -1.7614084e-01   2.9233213e-02  -1.3506261e-01  -2.0699653e-01   5.1230309e-01   6.1299024e-02  -2.0219940e-01   3.6573789e-01  -4.5819216e-01   2.6915575e-02   1.0278978e-01  -9.3439929e-02  -4.1010799e-02  -1.7154049e-01   4.2758737e-02   2.7407650e-01  -3.4569140e-01  -1.5959148e-01   5.0828620e-01  -3.9987470e-01  -6.0596439e-03  -2.4393426e-02  -1.0010871e-01  -2.0230837e-01   4.3487190e-01  -1.2633427e-01  -1.1293683e-01  -2.9534502e-01  -4.3091891e-01  -1.0621783e-01   6.3621598e-01  -1.4928319e-01   2.1474086e-01   2.6712179e-01   2.5835069e-02   5.7750027e-01   2.5226670e-02   2.5292902e-01  -3.4041484e-01   1.2997989e-01   1.0100891e-01  -7.4221277e-02   9.1483855e-02   9.6206350e-02   1.4129482e-01  -9.4913042e-02  -1.5816022e-01   3.2607877e-01   2.4908828e-01   3.8263816e-01   2.6314957e-01  -3.0215356e-01  -1.0269451e-01  -2.9084548e-01  -1.5650799e-01  -6.1262077e-01   2.6917111e-01  -5.0870372e-01   2.7685424e-01   7.4538070e-01   1.5994320e-01   2.4620949e-01   4.3225012e-01  -2.0031430e-01   1.7470649e-01  -4.7846337e-01   7.1824664e-01   2.2257672e-01  -2.2158808e-01  -4.3681561e-02   5.4352186e-01  -1.1310371e-01   2.7337698e-04  -2.1826752e-01  -3.4648661e-01   1.1387173e-01   5.6637923e-01   1.7690923e-01   5.5996875e-01  -3.1504540e-02   4.4331974e-01   8.3262943e-02  -5.5366427e-01  -3.3906604e-01   1.1286999e-01   2.3238740e-01   3.6981008e-01  -1.6201188e-01  -1.2734374e-01   2.2195877e-01  -2.4872124e-01  -5.2596357e-01   5.6372590e-02   4.9159440e-01  -2.7945388e-01   1.6065308e-01   2.5971244e-01   5.3630291e-01   3.1229579e-01  -1.0489493e-01   2.4212752e-02   5.8793578e-01  -1.4669249e-01  -1.6853498e-01  -3.1141474e-01  -6.7657989e-01  -4.1275544e-01   4.5007962e-01   3.2477440e-01   3.9811885e-02  -2.5397150e-01   4.2425033e-01   3.9076661e-01   5.6150456e-01   8.7571674e-02  -4.9051402e-02  -2.9692347e-01  -2.3815877e-01  -5.9300467e-02  -7.7112257e-02   5.9106383e-02  -5.0206614e-01  -2.8534482e-01  -2.4629111e-01  -3.2154188e-03   1.5025946e-01  -8.7996136e-02  -5.4243019e-02   4.4402126e-01   4.4952967e-01  -3.2455038e-01   1.4608531e-01  -4.3791646e-02   3.4864622e-02   1.5624205e-01  -4.0039711e-01   4.2759799e-02   5.5962639e-01  -2.3779481e-01  -4.2723642e-01  -1.9794290e-01  -1.2162484e-01  -4.3365387e-01  -2.1501805e-01   2.4247235e-01   2.3823672e-01  -3.4586565e-01   6.7535302e-02  -2.5351274e-01   5.5910606e-01
  -2.1605044e-01  -1.4249544e-01   6.7689885e-03  -3.8640924e-01   1.7681677e-01  -7.5151672e-02   3.7692264e-01  -3.9896770e-01  -1.5599416e-01   0.0000000e+00   9.4980110e-02   1.4603034e-01  -1.3407538e-01  -2.7487823e-01  -1.1585167e-01  -1.8228958e-01  -3.6121646e-02   4.2043965e-01  -4.4191212e-01   2.2239306e-01   3.0183044e-01  -3.1798882e-01   5.1347455e-01  -3.5532219e-01   3.3616319e-01  -3.7611576e-01  -2.1826451e-01   2.0429073e-01  -1.4532999e-01  -5.3799258e-02   1.5585701e-01  -3.5018371e-01  -4.1612612e-01   5.6605638e-01  -7.2253746e-02   3.2575906e-01   6.4298220e-01  -3.4171111e-01  -1.2042869e-01  -5.8055994e-02   1.5958831e-01  -2.8246091e-01  -1.7798873e-01   7.0321929e-02  -1.0313833e-01  -2.3286015e-01   6.9131505e-02   2.6980970e-01   3.5910599e-01  -1.1095760e-01   2.5932200e-01  -3.7810850e-01   3.3787188e-01   1.2972635e-01  -8.6495621e-02   1.0827002e-01  -2.2437283e-01  -3.4503848e-01   3.3265848e-01  -2.2018539e-01  -1.4372399e-01  -1.0482971e-01  -2.1329541e-01   2.6844337e-02  -2.8100749e-01   5.0114780e-01  -2.9765125e-01  -1.5865348e-01  -2.0474056e-01   2.4497873e-02   7.0027547e-02  -5.9063940e-01   2.8844513e-01   6.9505201e-03  -4.3513296e-01  -8.4011298e-02  -2.6592616e-01  -2.8663364e-01   2.9907865e-01   2.3575659e-01   1.5323572e-01   1.0191505e-01   3.1253819e-01  -3.7691326e-01   1.2767459e-01  -1.1388054e-01  -2.2639710e-01  -2.8412911e-01  -3.4261544e-01  -3.2604730e-01   2.1542338e-01  -1.3870200e-01   5.8212311e-01  -2.6243994e-01  -3.1316054e-01   1.6450545e-01   3.8174057e-01  -3.1510069e-01   3.9428140e-01   3.5111978e-01   1.5335160e-01  -3.6456977e-02  -3.1893189e-01  -2.7973030e-01  -3.1828907e-01  -5.1380431e-01  -1.8418045e-01  -3.2658565e-01   8.1182526e-02   4.6876915e-01   6.0042241e-01  -2.9790690e-01  -4.3892020e-01  -2.5980634e-01   2.7717669e-01   2.5450777e-01  -2.9793884e-01   4.0052660e-01   2.2903901e-01  -3.4525549e-01  -2.5308282e-01   2.0683745e-01  -4.5858251e-01   7.1714977e-04  -3.0296604e-01  -4.2298600e-01  -4.5866569e-01  -5.7025212e-02  -2.1442855e-01   1.1783076e-01   1.3964748e-01   4.3905891e-01  -1.5674119e-03   4.0820966e-01  -1.3429672e-01  -2.6764285e-01   2.2171473e-01  -3.6116588e-02  -3.0337105e-01  -1.6582540e-01  -2.5872629e-01  -2.2316233e-01  -1.6994210e-01   3.1598430e-01  -4.0445871e-02   4.0316124e-02   3.2301759e-01   1.3473473e-01   6.1830526e-01   4.3370801e-01   1.1410079e-01  -3.4601030e-01  -1.5785933e-01   1.0916777e-01   1.0709723e-01  -3.0726353e-01  -2.6824449e-01   1.7750027e-01  -1.7255443e-01   4.5811047e-02  -1.5049535e-02  -2.2492879e-01   5.1794664e-01  -2.1081698e-01  -3.8099519e-01   3.8874569e-01   3.9681511e-01  -4.0029968e-01  -1.3348424e-01   4.7455156e-01   4.0411934e-01  -3.2867082e-01  -3.7666143e-01   2.8808824e-01  -1.1015164e-01  -9.0951737e-02  -3.8694120e-01
  -1.4007429e-01  -3.4667420e-01  -1.9777092e-01   2.5409949e-01   1.4977054e-01   5.3486317e-02  -3.6755010e-01  -1.2809829e-01  -3.0455370e-01   9.4980110e-02   0.0000000e+00  -2.7575507e-01  -2.1718133e-01   2.3780477e-01   1.6334405e-01  -1.9248207e-02  -2.0766860e-01   4.1121064e-01  -1.9542822e-01   1.8757561e-01   3.9620393e-01   2.4831456e-01   2.0928522e-02  -2.4291371e-01   3.9379069e-01  -9.8348491e-02  -2.3112446e-01  -2.7674942e-01  -8.8374012e-02   7.4990110e-02   2.8062903e-01   1.6912780e-01  -2.1212983e-01  -1.5996543e-01  -2.6941798e-01   3.9255559e-01  -4.3392242e-02  -5.2006832e-02   6.0671228e-02  -4.3425533e-01  -1.4058888e-02  -1.7054856e-01  -4.8790050e-01   3.2243453e-01   4.5754838e-02  -1.8636300e-01   8.2310110e-01  -2.5095494e-01   1.6307705e-01  -2.9417423e-01   6.0277689e-01  -7.4989013e-02   2.9407966e-02   1.0656647e-01  -8.0874285e-03   5.0146861e-01   3.2512891e-01  -3.7103860e-02   5.0014142e-01   1.2663277e-01  -1.4026157e-01  -1.1031815e-01  -3.6038925e-01   2.8861088e-01   2.5626091e-01   2.8468995e-01  -1.5974891e-01   7.4555377e-02   6.9643415e-01  -2.0275341e-01  -3.8307828e-01   2.8018892e-01  -6.9038459e-02  -9.7336385e-02  -2.5126039e-01   2.0863944e-01  -2.8415648e-01   8.7311483e-02   1.4559005e-01   1.6510420e-01   7.7258186e-03  -1.2692488e-01   3.9082115e-01  -5.3874546e-02   2.6462296e-02   1.0931433e-01  -1.7467504e-01  -1.5765473e-01  -1.8921391e-01  -2.8461397e-01   5.6330772e-02  -1.3709466e-01   6.4858714e-02  -3.2552439e-01  -2.4805970e-01  -3.6876369e-02   7.8410123e-02  -1.2414935e-01   3.3108078e-01  -2.9262704e-01  -1.4884445e-01   5.2019908e-01   3.7264042e-02   5.6990629e-02   4.8284430e-01  -1.0690075e-01  -1.6309711e-01   1.6704838e-01  -2.8293668e-01   3.8525045e-01  -8.6609241e-02   3.5063793e-01   1.6760766e-01  -1.3193780e-01  -2.9866540e-01   2.1479589e-01  -6.3411920e-02   2.7863928e-02   8.6212126e-02   2.2313854e-01  -1.7011372e-01   1.5752329e-01  -3.6602066e-01  -2.0771808e-01  -1.7687887e-01  -1.8133933e-01   1.1037025e-01   1.1858413e-01  -1.2265077e-02  -2.6057084e-01  -3.3934889e-02   4.0981058e-01   3.5628938e-01   2.2162846e-01   1.9686731e-02   2.0128736e-01   2.3604240e-01  -7.0869219e-02   5.3270987e-02  -2.5609814e-01  -1.8433582e-01  -4.2091050e-01   7.1343480e-01  -1.2435138e-01  -7.4463505e-02   1.9445644e-01  -4.8528382e-01   1.7938730e-01   4.1245168e-01   5.0204502e-02  -1.0138460e-02   5.3976448e-02  -1.1602082e-01   6.0549475e-01  -4.4526207e-01  -1.4902367e-01  -1.6525909e-01   2.4991342e-01  -1.1480072e-01  -1.8558400e-01   8.1129312e-02   6.1181636e-01  -8.9006413e-02   4.4689133e-01  -1.1615188e-01   1.2125395e-01   2.7559174e-01   1.4739394e-01  -1.0621077e-01   1.9154921e-01   2.0017491e-01  -2.2246043e-01   2.9196700e-01  -2.2663005e-01   2.9525317e-02   1.8061243e-01  -9.3844448e-02
  -2.0791822e-01   4.8368754e-01   3.3000290e-01  -3.2168322e-01   2.5971359e-01   3.7640380e-01   5.8191854e-01  -3.8846056e-01  -1.9142651e-01   1.4603034e-01  -2.7575507e-01   0.0000000e+00  -2.5541096e-02  -2.2465291e-01   3.4466063e-01   1.0357763e-01   2.6607711e-01  -9.9278333e-02  -3.4292825e-01   2.7736444e-01  -1.0817642e-02  -3.4559832e-01  -4.1191415e-02  -2.9575567e-01  -1.8090526e-01  -2.8913999e-01   3.6277204e-01   9.8569693e-02  -1.9434045e-01   2.8661931e-01  -9.1322082e-02  -2.7819072e-01   9.2464630e-02   4.2765202e-01   3.2793906e-01   2.0835149e-01  -1.6668317e-01  -2.6580541e-02   1.8722218e-02   3.0118362e-01   3.9366722e-03   1.4105158e-01   6.3498565e-01  -2.1188829e-01   1.6124805e-01  -2.0545926e-01  -1.1464540e-01   2.0283871e-01  -1.9227367e-01   3.5272175e-01   9.1920287e-04  -4.2326181e-01  -1.7124228e-01   3.4020609e-01   1.3130071e-02  -2.1085645e-01  -1.0425687e-01  -3.4554745e-01  -1.3583154e-01   1.6681931e-01  -1.0367911e-01   2.3853979e-02   2.6524152e-01  -2.3852893e-01  -2.8753354e-01   2.7406556e-01   1.3784592e-01  -8.7984443e-03  -3.8880205e-01   1.9090945e-01   1.3565195e-02  -2.0003167e-01   1.0756130e-01   1.5493391e-01   8.1081423e-02  -4.2406198e-01  -6.8513171e-02  -4.2443959e-01   2.0398737e-01  -4.3213720e-02   1.0838086e-01   2.8237071e-01  -8.5905819e-02  -3.1327089e-01   1.8935718e-01  -3.6750041e-01  -2.1168398e-01  -1.1734560e-01   8.0576182e-02  -1.5915571e-01   9.6954923e-02   7.0742316e-02   3.4373560e-01   3.8277022e-02   5.4432411e-02   2.4716847e-01   1.9531533e-01  -4.3191278e-01   5.3120397e-02   6.5629765e-03   5.5954867e-03   5.5789194e-02  -3.0427767e-01  -2.0665323e-01  -2.2572031e-01  -2.0685292e-01   3.7690541e-01  -4.0874227e-01  -7.1768091e-02   1.1627277e-01   2.8918191e-01  -2.9906236e-01  -2.8949059e-01  -1.8594240e-01   1.4265001e-01  -4.0934105e-02  -3.3403795e-01   5.3006634e-02   1.4151373e-01  -1.1514482e-01  -2.2287508e-01   1.8452348e-01   3.1241171e-01   8.1375471e-03  -2.4613128e-01  -3.3174308e-01   2.1463237e-01   1.9039032e-01  -2.6482153e-01   2.8189184e-01   1.6024018e-01  -6.1756575e-02   2.5715368e-01   1.1938809e-02  -2.0063845e-01  -4.5552228e-01   1.5764185e-01  -6.6253007e-02  -4.4669033e-01  -2.3270306e-02  -2.1135684e-01   1.4463512e-01  -4.1277965e-01   3.3935794e-01   3.8044340e-01  -2.5057946e-01   4.5857750e-01   4.7112066e-02   1.7673940e-01  -8.9939607e-02   5.7159882e-02  -2.1663160e-01   2.7421262e-02  -1.3945187e-01   6.3649125e-01  -2.8618929e-01  -1.9129086e-01   6.3945201e-02   4.0060003e-02  -5.3759003e-02   2.9369425e-01  -5.6019883e-01   2.4918517e-01  -1.6970140e-01  -1.6583696e-01   2.3223790e-03   2.5749274e-01  -5.3992262e-02   2.3020643e-01   4.4901566e-02   2.1553980e-01  -3.9667202e-02  -1.2156944e-01   5.6429913e-01  -7.4621998e-02   1.9441470e-01  -2.2727279e-01
   3.8595642e-02   1.0566709e-01  -8.4010113e-03  -8.8425787e-02   3.5321718e-01   6.1368399e-02  -1.4508692e-01   1.0572220e-01  -3.2277115e-02  -1.3407538e-01  -2.1718133e-01  -2.5541096e-02   0.0000000e+00   6.2942234e-02  -1.4892731e-01   1.0285229e-01   5.1776235e-02  -1.4511128e-01   1.7350644e-01   3.2892097e-01  -8.9674000e-02  -2.9074231e-02  -1.5135769e-01   1.2921984e-01  -3.7594688e-01   1.4764524e-01   2.7781950e-01  -6.8868415e-02   3.8173661e-01   4.2847944e-02  -2.0998530e-01  -2.7853346e-01   2.3073655e-01  -2.8541741e-01  -2.2522657e-01   2.7828948e-01   5.9967685e-02   3.2609894e-02   8.7029580e-02   1.3446178e-01   7.7851837e-01   1.2279878e-01   2.3716145e-02  -7.2296049e-02   3.7558027e-01   3.0668091e-02   8.1241130e-02  -1.5327237e-01   3.7847824e-01   9.7758818e-02  -3.2965754e-01   4.5523213e-02  -1.8189323e-01  -3.8329978e-01   5.2402964e-02  -2.1436301e-01   1.7530766e-01  -5.8025330e-02  -1.6612896e-01  -4.9489212e-02  -4.6935276e-02   4.5575038e-01  -8.7651064e-02  -1.5674219e-01  -8.4529864e-02  -1.6008582e-01   1.3731058e-01  -1.4324844e-01   6.7901959e-02  -9.1391952e-02   7.7403786e-03   3.8092842e-02   2.1294406e-01  -6.8044563e-02   4.0072839e-01   1.6793325e-02   1.4441600e-02   9.7776061e-02  -3.8159505e-02   2.0491475e-01  -2.0978761e-01   1.2466538e-01   1.1380819e-03   1.9722033e-01  -9.6673899e-02  -2.1484025e-01  -1.7897987e-01  -1.6035123e-01   1.0705687e-01  -2.0027902e-02   2.8364070e-01  -1.1687037e-01  -1.2309069e-01  -2.5769116e-03  -1.4202610e-02   4.8511950e-01  -1.6622569e-01   7.2507001e-02  -2.8269648e-01  -1.8916425e-01  -9.4698690e-02  -9.7481006e-02   3.2677135e-02  -1.3020992e-01  -2.5896729e-01  -8.0797344e-02   1.3631438e-01   3.5661515e-02   7.2535184e-01  -3.4683505e-02  -2.2205614e-01  -1.1450580e-02   5.4164331e-02   2.3029653e-02  -4.6897999e-02  -6.2338501e-02   1.0790773e-01   3.9225499e-01  -5.4321923e-02   1.0614302e-01  -2.6660708e-04   6.7466556e-02   3.2647716e-01  -9.8566850e-02   1.0330947e-01   8.5909619e-02   2.5681064e-01  -6.9064736e-02  -1.1119281e-01  -7.4928316e-02   2.7477620e-01  -1.9372451e-01   8.2297443e-02  -2.4254684e-01  -1.4037785e-01  -1.9112205e-02  -3.5756924e-01  -2.3857690e-02  -1.1173176e-01  -1.4496928e-01   4.4379495e-02   7.1585229e-01  -1.3267509e-01  -1.1343381e-01  -1.2766582e-01  -1.1253315e-01  -1.2482863e-01   2.4101126e-03  -2.0875116e-01  -8.1559061e-02  -1.3059471e-01   1.6124777e-01  -1.7862625e-01  -1.5145697e-01   4.4780340e-02   1.6958935e-02   1.5622807e-04   1.8743841e-01  -5.7251019e-02   3.8094533e-02  -2.3211573e-01  -1.2464418e-01   4.7030280e-02  -1.3365018e-01  -5.3686367e-03  -1.6648718e-01  -1.6121501e-01   1.8544505e-01  -7.6923368e-02  -7.8691183e-02  -1.4385160e-01   2.5356430e-02   2.1316590e-02   9.3687987e-03  -7.6908749e-02   4.6483114e-02   1.4051885e-02
   4.1803363e-01  -1.6168288e-01  -4.7142401e-01   3.2099389e-01  -4.2769765e-02  -9.8986652e-03  -4.8241408e-01   2.1115836e-01  -1.1903242e-02  -2.7487823e-01   2.3780477e-01  -2.2465291e-01   6.2942234e-02   0.0000000e+00   1.4098601e-01  -2.9363669e-01  -4.9800304e-01   2.9584868e-01   2.3547242e-01  -2.0165702e-01   1.2210680e-04   6.9185121e-01  -3.8180714e-01   3.4031733e-01   1.5216730e-01   4.2631722e-01  -3.5030717e-01  -3.8345801e-01   3.6430414e-02   1.3736512e-01   1.9334412e-01   2.5059994e-01  -1.8123010e-01  -4.6511159e-01   2.6093009e-01  -9.9251345e-02  -2.5167410e-01   3.5512760e-02  -2.3243812e-01  -5.9740026e-01   3.0918721e-03  -2.3726795e-01  -1.0478222e-01   2.8828775e-01   2.3885115e-01  -3.0092551e-02   1.0930248e-01  -4.4888036e-01   1.2766193e-01  -5.2989510e-01   1.3831887e-01   1.6903522e-01  -3.9689897e-01  -3.1636261e-01  -1.4453767e-01   8.9060774e-02   4.3694900e-01   2.7120304e-01   1.9759294e-01   6.2171463e-01  -2.1542472e-01   1.6055048e-02  -5.6424520e-02   2.0104146e-01   4.1337841e-01   1.5543931e-01  -1.9529745e-01   1.4449363e-01   3.6867718e-01  -4.1179974e-01  -5.5072098e-01   4.1508054e-01  -8.9442871e-02   3.8031521e-02   1.2941902e-01   2.0080004e-01  -1.2477046e-01   3.0858721e-01  -1.3962016e-01   9.2801943e-02  -8.9897531e-02  -2.1624160e-01  -1.8183595e-01   5.6914615e-01  -3.0306388e-01   1.5396642e-01   3.0472339e-01   3.7900600e-01   4.6726724e-02   1.9483709e-01  -9.0865027e-02  -3.0766126e-01  -4.8221007e-01   2.0555049e-01  -1.5882220e-01  -1.0193223e-01   1.2341984e-01   1.2648338e-01   2.5780031e-02  -4.6109115e-01  -4.4318290e-01   3.8929413e-01   6.1627102e-01   5.2877151e-01   4.5528871e-01   2.1004965e-01  -2.1554333e-01   2.4892808e-01   1.0772563e-01  -1.8417400e-01  -6.0336369e-01   7.4463229e-01   4.8169165e-01   2.1014410e-01  -5.6678756e-01  -1.5964947e-01   2.5356080e-01  -1.5378914e-01  -1.5497463e-01   2.4982321e-01   1.9131688e-01   3.8130459e-03  -9.9600542e-02  -1.5284301e-01   1.9799532e-01   5.9254449e-01   4.2364744e-01  -2.0487741e-03   3.9637190e-01  -6.2879187e-01  -2.2885853e-01  -2.9552584e-01   3.3201374e-01  -2.1876462e-01   1.3748725e-01   2.0697578e-01   1.0217411e-01  -3.9806975e-02   2.7305242e-01   9.4274426e-02   2.7742282e-01  -1.6417267e-01   3.8179744e-01  -5.0181901e-01  -1.8791981e-01   2.1284964e-01  -6.7643171e-01   1.3546593e-01  -7.9551889e-02  -3.4413096e-01  -1.1175358e-01   7.1097833e-01  -1.3311741e-01   3.1300404e-02  -5.7158022e-01   2.2854422e-01   1.0883663e-01  -3.1733472e-02  -2.1877495e-01  -3.1893396e-02   1.1367982e-01   3.7053561e-01  -4.0407638e-01   5.1304523e-01   3.4608065e-02  -4.5153388e-01  -2.4545087e-01   5.2222388e-01  -1.9730184e-01  -4.6009220e-01  -6.4263878e-02   1.7075680e-02   5.6651897e-01  -3.5141234e-01   7.3398549e-02  -6.0631266e-02   2.2945996e-01
