   0.0000000e+00  -1.4438010e-01  -1.5923837e-01   2.2946001e-02  -2.4787922e-01  -4.3480826e-01  -5.2163721e-01   4.3268587e-01  -1.4926765e-01  -2.8120751e-01   1.7633505e-01  -2.8172222e-01   2.6147316e-02   5.7263850e-01  -1.8601914e-01  -1.8459467e-01  -1.1160415e-01  -3.2191263e-01  -6.1923176e-02  -4.7078636e-01  -3.2839440e-01   1.5869702e-01  -3.8954786e-01   6.7245626e-01   2.8069743e-01   3.7001327e-01  -2.9148909e-01  -6.7492822e-02   3.3120740e-01  -1.6273951e-01   1.2483556e-01   1.1834405e-01  -7.5327935e-02  -3.5981994e-01  -4.1657229e-01  -4.7936049e-01  -1.1510642e-01   3.7079098e-01  -1.9272950e-01  -4.1749647e-01  -1.1279909e-01  -1.7061156e-01  -5.0632206e-03   4.9464953e-01  -4.3470338e-01   4.2757555e-01  -8.9108503e-02  -3.4289696e-01   1.2557589e-01  -3.2834413e-01  -3.4685042e-01   5.3922199e-01   1.1589638e-02   9.8734612e-02   3.5710894e-01   1.6002380e-01  -3.2880819e-02   4.7045665e-01  -2.4649720e-01  -3.4422001e-01  -8.9684970e-03  -1.6136522e-01   3.9883391e-01   3.6639694e-01   1.3929301e-01  -2.9184502e-01  -3.1532029e-01   1.0218542e-01   1.4798918e-03   3.6226663e-02  -3.2389871e-01   5.4634539e-02  -1.2631872e-01   4.7578983e-01   4.1453542e-01   4.4446613e-01   2.0975983e-01   3.3445512e-01  -2.9333910e-01  -1.0875145e-01  -2.1972558e-01  -2.3011109e-01  -2.3169121e-01   3.7738992e-01   2.1064364e-01   5.0327522e-01  -1.7894489e-01   5.6717363e-01   3.6434019e-01   8.5448882e-01  -3.2077427e-03   3.7091983e-01  -4.6841166e-01   6.1869011e-02   3.6805792e-01  -1.2158823e-01   1.0275404e-01   3.5944077e-01   8.6617034e-02  -3.9813735e-01   2.6123734e-02   2.3307854e-01  -8.4992926e-02  -3.2273161e-01  -9.8236467e-02  -6.6853092e-02  -1.4254364e-01   2.6835605e-01   8.3149643e-02   3.7855926e-02  -5.1379589e-01   2.0419165e-01   3.0499546e-01   7.0660975e-01  -2.1895175e-02  -1.6104419e-01   4.2795812e-01  -2.4836827e-01  -1.9259825e-01  -1.5432824e-02   4.9192688e-01  -2.0916111e-01   3.4000103e-01  -4.9947527e-02   6.5569067e-01   4.5616475e-01  -4.5113022e-01   1.2570108e-01   3.8235600e-01  -2.3892544e-01  -2.8557508e-01  -3.2918659e-01  -1.2195203e-01  -3.3020984e-01   5.6623155e-01   4.5200127e-01   9.3445401e-02  -1.4324814e-01   5.3382572e-01   6.7523694e-01   6.5353395e-01  -3.7616053e-02   2.4134768e-01  -3.1647738e-01  -4.1045261e-01   5.3516928e-02  -3.6424737e-01  -1.7695507e-01  -3.1078954e-01  -1.0952708e-01   5.9609171e-01  -8.5131598e-02   5.6559057e-01  -2.5455617e-02  -3.3105936e-02   6.2832766e-01   4.5573623e-01  -1.2282393e-01   2.7889493e-01   4.1760956e-01   1.8634222e-01   2.8603969e-01  -3.0053720e-01  -7.0000557e-02   1.1008910e-02  -2.9277505e-01  -4.9915671e-01  -8.5453537e-02   5.2598637e-01  -3.1598045e-01  -2.1766065e-01   4.7004876e-01   4.3672279e-02  -3.4500532e-01   1.7268927e-01  -2.0047093e-01  -2.6927486e-02
  -1.4438010e-01   0.0000000e+00  -1.5961699e-02  -3.1843770e-01   4.1752203e-01  -1.8860356e-01  -4.9914617e-02  -2.4999630e-01   3.1657642e-01   2.1043002e-01  -4.0585690e-01   6.5360540e-01  -8.8473977e-02  -3.7504506e-01  -4.9924129e-02   3.0009738e-01   6.6259114e-02  -3.0381675e-01  -2.9246604e-01   2.8924211e-01  -1.0816672e-01  -9.5915242e-02  -1.8301016e-01  -3.1895034e-01  -9.2137528e-02  -4.3422100e-01   4.5949754e-01  -3.8237687e-01  -5.7961162e-03   5.0430023e-01  -2.2684474e-01  -5.1512686e-02   3.1410769e-01   4.0585197e-01   4.0875210e-02   1.5152657e-01   3.8340075e-01  -1.9029118e-01   4.3360981e-01   1.9650752e-01  -1.1327619e-01   1.6129989e-01  -1.8533742e-01  -2.6867757e-01  -2.1464219e-02  -2.4982532e-01  -3.0014565e-01   3.8540855e-01  -1.4190380e-01   2.5955950e-02  -4.4319592e-01  -3.6532257e-01   7.4272924e-01  -7.4173468e-02   3.1565418e-02  -4.0885788e-01  -3.4582566e-01  -2.2313211e-01  -9.8981430e-02   6.4699203e-02  -3.2280755e-01  -4.0082119e-02   3.4763552e-01  -2.6723790e-01   1.2887222e-01   1.7795349e-01   1.0440387e-01   1.0560720e-01  -3.5276490e-01  -3.6279302e-01   4.2665273e-01  -5.3590543e-01   2.5480217e-01  -1.4975119e-01  -1.2455567e-01  -1.3384023e-01  -2.8229263e-01  -7.2243277e-02   6.8985493e-01  -1.8357905e-01  -3.8507845e-01   1.4530108e-01   5.8953257e-02  -3.9181525e-01  -1.2346117e-01  -1.9250176e-01  -8.1341311e-02  -1.1025459e-01   2.7606971e-01  -1.1422686e-01   6.6822321e-01  -3.8293473e-01   1.8548552e-01   4.0986298e-02  -2.8945223e-01   3.4832545e-01  -4.1459037e-01  -2.4163329e-01  -1.8709633e-01  -9.1454687e-02  -2.5174194e-01  -4.0676832e-01  -1.5215636e-01   2.8580019e-02  -3.1707581e-01   1.0846111e-01   3.3964819e-02  -1.7519384e-01  -1.0071720e-01   7.8709083e-01  -2.1283404e-01  -1.3691240e-01  -1.0983533e-01  -1.5025652e-01  -3.0568592e-01   4.1464203e-01  -2.0082771e-01   2.0707074e-01   6.0055978e-02  -3.9141490e-01  -2.7736008e-01   5.2610899e-01   8.4517540e-02   5.5278237e-01  -1.4933930e-01  -8.2590892e-02   1.2776272e-01  -1.4240360e-01  -2.4358252e-01   3.3202272e-02   2.1429965e-02   3.5214610e-01   1.4138346e-02   4.2562131e-01  -3.4224508e-01  -2.7814481e-01  -4.1490483e-03  -2.3209582e-01  -2.8870477e-01  -2.7136796e-01  -2.6040163e-01   2.0705662e-02  -4.5392534e-01  -3.6615723e-02   1.3651912e-01  -2.7417375e-01   1.6571523e-01  -1.3639889e-02  -5.4359819e-02   4.3683957e-01  -1.9601968e-01  -3.2556405e-01  -6.7205774e-02   7.4779869e-02   4.0937284e-01  -2.5942779e-01  -4.3693859e-01  -1.5071672e-01  -3.9780569e-01  -4.8039025e-01  -1.3245213e-01  -4.4057270e-01   1.0228323e-01  -3.2754238e-01   9.1236539e-02   4.8601409e-01  -1.0454921e-01  -1.9918438e-01  -1.4504903e-01   4.3037066e-01   4.6846727e-01  -2.5549301e-01  -3.9074649e-01  -1.1507212e-01   5.9599737e-02  -4.7549007e-03  -9.7060576e-02
  -1.5923837e-01  -1.5961699e-02   0.0000000e+00   2.5543365e-01   8.4871199e-02   3.4386375e-01   3.7539126e-02  -7.0193422e-02  -3.5762321e-01  -3.8125349e-02  -1.2021466e-02   1.4928046e-01  -6.7102599e-02   5.0188012e-02  -3.3194391e-01   1.8202512e-01   8.5676059e-01  -4.4304024e-02   2.9692444e-01   1.7526496e-01  -5.5522826e-02   2.0452575e-02  -2.6815746e-02  -2.2267101e-01   1.0743546e-01  -1.0197478e-01   9.2566406e-02  -1.1361512e-01   1.4020025e-01  -1.7646000e-01   2.9967797e-03   7.0198200e-02   1.3157062e-01  -1.1537045e-01  -1.1271713e-01   7.6693325e-02  -3.5563330e-01  -6.8008887e-02   2.1755588e-01   2.4217178e-01   6.5247628e-02   2.7055353e-01   6.0666009e-02   1.7922488e-02  -2.2181219e-01   2.3003196e-01   2.3689019e-01  -1.5843862e-01  -1.2061712e-01   3.1063630e-01   8.3356549e-02   4.6677938e-03  -3.1666428e-01   3.1519691e-01  -7.3627536e-02   1.3169161e-01   2.9595932e-01   1.6262700e-02   1.5003927e-01  -3.5047528e-01   3.4560887e-01  -1.3888791e-01  -3.6480910e-03  -1.7887181e-01  -4.4607205e-01  -5.6861832e-02   3.6101275e-01   2.6816377e-01   3.0231498e-02   4.3289592e-01   2.4249976e-01  -7.9492599e-02   6.5549721e-02   9.7198368e-02  -1.0326443e-02   1.4930978e-02   1.2444407e-01   1.4676136e-01  -1.7174702e-01   3.3152542e-01  -1.8027815e-01   1.1769963e-01   1.7225246e-01   2.4850238e-03   2.5149691e-01  -4.5968646e-02  -1.0999159e-01  -2.1275633e-01  -1.9401861e-01  -2.4037181e-01  -2.7222498e-01   3.2291626e-01   7.1345278e-02  -2.0260593e-01   4.9806986e-02   3.4004676e-01   5.0935473e-02  -1.5722263e-02   2.0178654e-01  -1.3594839e-01   2.3248061e-01  -1.7167478e-01   2.1919160e-03  -1.8630489e-01  -1.4799039e-01   1.2949780e-01   3.2478183e-01   1.7213414e-01  -2.3516096e-01  -1.6362857e-01   1.2955253e-01   1.6805787e-01   1.2022716e-02  -1.2644476e-01  -6.7819950e-03  -3.8516265e-01   2.0271032e-02  -1.4673934e-01   4.6072555e-01   1.1673177e-01  -1.3892008e-01  -9.1695386e-02  -1.4369463e-01  -4.3617587e-01  -8.1375333e-02  -1.3653849e-01  -1.1390157e-01   1.8950614e-01   6.7488533e-02   6.3779107e-01   1.3170806e-01  -2.4109741e-01   3.9113741e-01  -3.0609302e-01   6.6970201e-02   1.0466226e-02   2.3287737e-01  -1.2281232e-01   3.4614112e-02  -4.2004063e-02  -5.0967722e-02  -7.1992566e-02  -3.0462194e-02   3.6025691e-01  -1.2515180e-01  -3.3172477e-02   4.1979914e-01   1.7375153e-01   2.4631361e-01  -4.7519874e-01  -1.2994178e-01  -2.1286999e-01  -7.9262899e-02  -2.4183809e-01   4.7533478e-01  -1.7206432e-01  -2.2116734e-02   1.0273747e-01   2.5499606e-01  -1.3660661e-01  -9.3843980e-02   2.0453072e-02  -1.3695315e-01  -1.0241753e-01   1.1602852e-01  -3.5054438e-01  -2.8019432e-01   1.0764280e-01  -5.3472845e-02   1.0221682e-01  -2.3664634e-01  -3.6495554e-02  -2.0914408e-01   5.3319994e-01   7.5593672e-02   2.8224115e-01   1.5001081e-01
   2.2946001e-02  -3.1843770e-01   2.5543365e-01   0.0000000e+00  -9.7596277e-02   2.5919054e-01  -3.9026307e-03   2.1085157e-01  -1.5043988e-01  -1.3996763e-01   4.3880445e-01  -2.5014550e-01  -2.1235061e-01   1.0608399e-01  -1.5501006e-02  -6.9205349e-02   1.8095132e-01   3.5028027e-01   4.5839149e-01  -1.0798132e-01   2.3831896e-01   2.6809515e-01   6.1571608e-02  -1.6216509e-01   1.3020704e-02   1.9771412e-01  -1.9004863e-01   9.2813330e-02   1.2175499e-01  -1.4635838e-02   3.9013330e-01   4.0753222e-01  -1.7219549e-01  -2.8737748e-01  -8.4918484e-02   6.4808891e-02  -3.4636680e-01  -1.7302678e-01  -6.3701603e-02  -1.1749590e-01   3.1130186e-01  -5.9557919e-02   3.2629169e-02   3.5527641e-01  -6.3980628e-02   1.9308523e-01   5.5676387e-01  -2.6728020e-01   5.4912315e-02  -1.9734445e-02   4.0091327e-01   1.6806221e-01  -3.4660282e-01  -3.6362661e-02  -1.3363571e-01   4.8179583e-01   5.6128574e-01   1.9946342e-01   6.9675939e-01  -1.7633885e-01   1.8105786e-01  -5.6288676e-02  -1.5916401e-01   3.0898213e-01  -1.3061661e-01  -2.3008159e-01   1.3170721e-01   5.2702339e-02   5.1154037e-01   1.8111412e-01  -8.8279506e-02   3.3232715e-01   3.3977512e-01   4.9416116e-02  -1.4922731e-01   2.5562510e-01   4.9174573e-02   2.8324930e-01  -3.8990213e-01   4.7170733e-01   1.5844332e-01   3.0638681e-01   2.7227351e-01   3.3623500e-01   2.5169007e-01   2.3601464e-01   2.8496960e-01  -1.8818721e-01  -2.3098926e-01  -1.7093966e-01  -3.9602427e-01   1.2912464e-01  -1.8449152e-01   8.1858867e-02  -4.2727388e-02  -1.1303600e-01   3.7130350e-01   2.5977410e-01   2.2141601e-01  -4.9860937e-02   2.9426602e-01   3.5959367e-01   4.4143855e-01   2.3342797e-01   3.5535980e-01   3.1374040e-01  -9.3278217e-02   3.2531344e-01  -1.6287119e-01  -3.8516830e-01   1.9144068e-01   5.0496402e-01   3.1982327e-01  -5.2753272e-02   1.6864411e-01  -2.5358066e-01   2.0433105e-01  -1.2498715e-01   4.1924274e-02   6.0383367e-01  -6.1861192e-02  -3.1303100e-01  -5.5535239e-02  -2.5961556e-01  -9.0592451e-02  -2.7820021e-02   8.8696050e-02  -1.3060960e-01   4.3781144e-01   9.7327395e-02   5.6259975e-02  -3.8301432e-02   2.6363140e-01  -2.1329753e-01   2.8810573e-01   2.4892672e-01   2.3451469e-01   7.0611149e-02   2.2246813e-01  -6.9270472e-03   3.3611917e-02  -3.1646748e-01   4.8317655e-01   7.7591006e-02  -4.0803461e-02   4.0741563e-01   9.1943792e-02   7.0913650e-02   9.0566043e-02  -2.9217298e-01  -1.4177464e-02   3.0739712e-01  -6.7251152e-02   9.5008508e-02  -1.1124609e-01  -1.0168483e-01   1.3842799e-01   5.2435208e-01   1.7218774e-01   3.0561765e-01  -1.4430895e-02   5.2555202e-01  -1.6265543e-01   4.3895134e-01   2.6236790e-01  -3.5889586e-01   9.8171532e-02   3.2474811e-02  -1.3592370e-01  -1.0046701e-01  -3.8847157e-01  -2.0142849e-01   2.6098030e-01   2.0783057e-01   9.3705148e-02  -1.7134615e-03   6.3010765e-01
  -2.4787922e-01   4.1752203e-01   8.4871199e-02  -9.7596277e-02   0.0000000e+00   1.0960606e-01   1.3869144e-01  -1.0963964e-01   2.7941187e-01  -9.8679439e-02  -1.4048586e-01   2.1907371e-01   6.7414834e-02  -1.5073074e-01  -8.9237068e-02   9.5728495e-02   1.4809349e-01   1.1215362e-01   1.7176518e-01   7.5386956e-01   2.3492111e-03  -1.9501764e-01   1.5035637e-02  -2.9239521e-01  -1.5708080e-01  -1.5430592e-01   4.9151107e-01  -1.5891962e-01   8.2649125e-02   3.9445791e-01  -2.3246598e-01   6.7675032e-02   1.1697092e-01   1.3597282e-01   8.0115364e-02   5.7961086e-01   2.2146051e-01  -1.6758848e-01   1.3206449e-01   2.8109811e-01   8.8980544e-02   6.2365352e-02  -5.8210691e-02  -2.3929801e-01   1.3005759e-01  -1.1115883e-01   3.1993574e-02   3.8423362e-01   3.2529821e-02   1.5930153e-01  -5.7781765e-02  -1.6492142e-01   3.1033775e-01   2.2907230e-02  -2.1721013e-02  -9.0271495e-02  -4.8408611e-02  -1.8665013e-01   5.8170204e-03  -1.0925664e-03  -1.4329740e-01   1.4772306e-01   7.2120430e-02  -2.2149563e-01   8.0980089e-02   4.3634839e-01   3.6946320e-01   7.3998658e-02   3.0751296e-02   6.7631166e-02   2.4515859e-01  -1.8297671e-01   2.7298050e-01  -9.7239491e-02  -1.5403035e-01  -8.8359835e-02  -1.7781943e-01  -1.2813441e-01   5.9731372e-01   5.4082595e-02  -2.0870838e-01   1.6114776e-01   4.9461912e-02  -1.8442435e-01  -2.0978307e-02  -1.1273877e-01   1.6823928e-02  -1.7715312e-01   1.3949491e-01  -1.3626886e-01   5.7746011e-01  -2.2633047e-01   8.0403681e-03   4.2616820e-02  -2.2206674e-01   6.1184814e-01  -2.3291511e-01  -1.2464053e-01   1.4882555e-01  -9.4327888e-02  -9.2975349e-03  -2.2881081e-01   4.1349953e-02   2.7096794e-02  -2.1279045e-01   1.2414514e-01  -3.2837269e-02   6.8524983e-02  -1.3235554e-01   3.1693156e-01   1.0261345e-02  -1.2030753e-01   6.0313194e-03  -1.6054746e-01  -7.1705091e-02   2.4445103e-01  -1.5762463e-01   7.3485891e-02   1.2566711e-01  -1.1180292e-01  -2.0014344e-01   6.4961773e-01   1.2585316e-02   2.9282525e-01  -1.3660316e-01  -4.7874466e-03   9.5990984e-02  -1.3022611e-01  -2.1291089e-01   2.3932903e-01   1.3751832e-01   3.8324342e-01   1.0070149e-01   1.7048850e-01  -3.1823605e-01  -1.3729749e-01  -4.5011759e-02  -3.1421714e-02  -9.6032379e-02  -2.3688945e-01  -1.7225814e-01   1.0020731e-02  -2.0584835e-01  -6.6951560e-03  -5.7241211e-02  -1.9391528e-01   2.7480969e-02   2.5185502e-01   6.7500960e-02   2.2827365e-01  -1.2300819e-01  -2.1372169e-01  -9.0429883e-02   1.1998375e-01   1.9999047e-01  -2.6530024e-01  -2.9490171e-01  -6.1609391e-03  -2.3114885e-01  -2.0238109e-01  -2.7013896e-02  -3.1568389e-01   1.6718676e-01  -1.4901863e-01   6.2319793e-02   3.3706444e-01   1.0573988e-01   1.3772300e-01  -1.4328827e-01   1.3207715e-01   2.4779288e-01  -3.0989396e-01  -5.2062837e-02   1.2163470e-01  -9.5941059e-03   1.3723752e-01  -6.2095816e-02
  -4.3480826e-01  -1.8860356e-01   3.4386375e-01   2.5919054e-01   1.0960606e-01   0.0000000e+00   7.6174406e-01  -2.2276861e-01  -1.4193200e-01   2.9863479e-01   1.1925041e-02   1.2175630e-01  -3.0870321e-01  -2.0209824e-01   1.2030057e-02   8.0422361e-02   3.3500749e-01   2.8097596e-01   3.4154450e-01   3.6201862e-01   3.0141428e-01  -3.7176567e-01   5.8392415e-01  -4.0344875e-01  -3.4162686e-01  -2.1384432e-01   3.7927427e-01   2.4975030e-01  -1.9307899e-01   3.4618177e-02  -1.0010342e-01  -3.3594377e-01  -2.4521508e-01   3.5740167e-01   4.8914967e-01   3.0167277e-01  -6.2937217e-02  -2.7929881e-01   2.9125308e-02   5.3356882e-01   2.6769515e-01  -7.1327629e-02   2.3886201e-01  -1.7300751e-01   2.9564388e-01  -1.9319525e-01   1.4812519e-01   3.6521302e-01  -2.3570224e-01   3.8837764e-01   4.7867698e-01  -2.5103552e-01  -2.9519746e-01  -7.3736642e-02  -3.6022065e-01   7.0790704e-02   4.5246899e-01  -4.8636752e-01   1.4963698e-01   5.1973282e-02   7.8169144e-02   1.5756893e-01  -2.6016909e-01  -1.9517011e-01  -3.0990525e-01   3.1747983e-01   7.8959643e-01  -8.7579865e-02   4.6453376e-02   4.5854428e-01   3.6562225e-01   1.9995438e-01   2.0955124e-01  -1.6575671e-01  -4.2428653e-01  -4.0016339e-01  -1.2845797e-01  -9.2300534e-02   5.1530776e-02   7.9972290e-02   5.0368422e-01   2.8207997e-01   4.1627188e-01  -3.0714335e-02   3.7724660e-02  -2.7327903e-01   2.4091822e-01  -4.4811271e-01  -3.8794945e-01  -5.1596860e-01  -2.9481958e-01  -2.3829825e-01   5.4038315e-01  -2.3532684e-01  -2.5190193e-01   1.4056038e-01   1.7370012e-01  -9.9397370e-02   6.4575615e-02   5.3616485e-01   2.8939137e-01   1.1746067e-02   1.8263952e-01   8.7226828e-02   8.8221801e-02  -2.4241661e-01  -6.8328111e-02   2.0949543e-01  -1.2747149e-01  -1.7811384e-01   7.1684528e-01  -1.9936207e-01  -2.7791272e-01  -3.9066366e-01   2.4651099e-01  -2.7544084e-02  -1.5682974e-01  -8.9448277e-02   4.1686613e-01   1.5246433e-01  -1.1241140e-01  -7.4127371e-02  -2.3416234e-01  -3.4786061e-01  -4.1387908e-01  -2.8724002e-01   2.4510018e-01  -1.3141897e-01  -3.3017591e-01   5.8328140e-01   2.5191640e-01   1.4817451e-01   1.7489714e-01  -1.7587002e-02  -2.4662882e-01  -2.6863276e-01  -6.1238199e-02   3.3133332e-01  -2.9456330e-01  -3.4536486e-01  -2.1407196e-01  -3.3665777e-01  -3.0470037e-02   4.3141789e-01   2.5517481e-01  -6.8953787e-02   6.0951228e-01   3.3948587e-01   7.1001796e-01  -1.9947021e-01  -3.1958104e-01   3.0639991e-01  -2.7092085e-01  -1.1642575e-01   2.0259095e-01  -4.8139466e-01  -7.4151213e-02   2.0780431e-01  -1.5950050e-01  -3.7342750e-02   1.3499415e-02  -4.3372552e-02   2.5960251e-01  -2.6586076e-02  -2.8476570e-01   1.3953158e-01   2.8204020e-01   2.6884451e-01  -3.4773246e-01   2.9733903e-01   1.3951132e-01  -3.6496721e-01   1.0143791e-01   6.4892418e-01  -2.3622190e-01   1.4141711e-01   1.1215415e-01
  -5.2163721e-01  -4.9914617e-02   3.7539126e-02  -3.9026307e-03   1.3869144e-01   7.6174406e-01   0.0000000e+00  -3.3745243e-01  -2.5974593e-02   4.2817725e-01  -2.0037576e-01   2.7599409e-01  -1.7534576e-01  -4.3621888e-01   2.7682944e-01   1.8805567e-01   5.0873285e-02   1.9472562e-01   2.4726373e-02   3.5944055e-01   2.3921051e-01  -3.9153497e-01   6.8836376e-01  -3.7008270e-01  -3.5506414e-01  -3.9527943e-01   4.1134722e-01   2.5868940e-01  -2.2427866e-01   1.6213458e-01  -1.7098925e-01  -4.3182835e-01  -1.0251643e-01   6.5975473e-01   7.3166112e-01   4.1028293e-01   1.4089180e-01  -2.3852179e-01   6.8305232e-02   4.4657263e-01   1.6246099e-01   1.0872145e-02   1.1155679e-01  -3.5186296e-01   5.5199672e-01  -3.5216251e-01  -5.0420368e-02   6.5208043e-01  -2.1737855e-01   3.1490702e-01   4.0211974e-01  -3.7170076e-01  -5.7559030e-02  -1.6445768e-01  -3.8867171e-01  -1.6379005e-01   7.0597995e-02  -5.8395426e-01   7.2376223e-02   3.8074873e-01  -1.3917819e-01   4.0462858e-01  -3.3164117e-01  -2.9270209e-01  -2.0405754e-01   4.1349923e-01   5.4367037e-01  -2.4892619e-02  -1.0247919e-01   2.0422217e-01   4.2141742e-01  -1.0898080e-02   2.0910525e-01  -4.0451227e-01  -4.0100154e-01  -4.8064614e-01  -2.3532096e-01  -2.0325156e-01   3.2409524e-01  -1.1206917e-01   6.1651810e-01   2.4706678e-01   2.6047349e-01  -2.8519258e-01  -1.5956830e-01  -3.0932253e-01   1.3177443e-01  -4.0156135e-01  -3.2456003e-01  -5.1147727e-01  -1.5885321e-01  -4.3409238e-01   7.1964895e-01  -1.7088771e-01  -2.9067391e-01  -7.5450828e-02   5.3796978e-02  -2.5985764e-01  -4.6612690e-02   7.4387409e-01   5.4784500e-02   1.4053108e-02   6.1374605e-02   3.5674101e-02   6.4059771e-02  -2.1944105e-01  -1.0754142e-01  -6.5957481e-02   7.1766135e-02   2.4476504e-02   7.6794176e-01  -3.3891878e-01  -2.9513662e-01  -4.2319339e-01   2.1725519e-01   2.4778801e-01  -2.8728680e-01   6.3078201e-02   1.4369449e-01  -8.8020327e-02  -2.0998244e-01  -5.9066947e-03  -2.5669145e-01  -8.6869252e-02  -4.0275927e-01  -3.5223723e-01   3.6413027e-01  -1.5632831e-01  -4.7846294e-01   3.6965027e-01   1.7365605e-01   3.5426882e-01  -5.1878253e-02   2.7666535e-01  -4.6662633e-01  -3.8919740e-01  -1.7576079e-01   3.5054945e-01  -3.9545992e-01  -4.2615500e-01  -2.8636955e-01  -1.2995473e-01  -2.0291961e-01   2.6204422e-01   5.5900320e-01  -1.2907277e-01   5.9147687e-01   1.8083383e-01   6.1862576e-01   7.5068664e-02  -3.5532586e-01   2.2791960e-01  -2.8320566e-01  -1.3904086e-01   5.7998893e-02  -4.5283519e-01  -3.0418878e-01   1.1785059e-01  -3.8021950e-01  -1.6402996e-01  -6.7380288e-03  -2.5903155e-01   4.1366083e-01  -1.4282000e-01  -2.5590855e-01   4.5031266e-01   4.4207162e-01   1.2342183e-01  -4.0724212e-01   3.9468095e-01   4.5081808e-01  -3.7237386e-01  -7.9507577e-03   3.6297887e-01  -2.0808538e-01   1.6152330e-01  -4.6204658e-03
   4.3268587e-01  -2.4999630e-01  -7.0193422e-02   2.1085157e-01  -1.0963964e-01  -2.2276861e-01  -3.3745243e-01   0.0000000e+00  -1.4637552e-01  -2.9737464e-01   3.4144998e-01  -2.1998926e-01   6.1192477e-02   3.6648331e-01   1.0478768e-01  -1.8052584e-01   4.0413041e-03  -6.8877973e-02   7.3340255e-02  -2.7701089e-01  -1.0048785e-01   1.3956392e-01  -3.0491235e-01   2.0421893e-01   3.0185670e-01   6.9843895e-01  -2.9069831e-01   4.5248188e-02   3.0065058e-01  -1.8649841e-01   4.2545812e-01   3.6132163e-01  -1.7428072e-01  -3.6170947e-01  -3.8913748e-01  -5.2542374e-02  -2.3696546e-01   2.0886245e-01  -2.3525888e-01  -3.8049851e-01   7.0847150e-02  -1.8454967e-01   4.1775728e-02   7.9742991e-01  -2.1022579e-01   4.4592352e-01   2.6166575e-01  -3.2723479e-01   2.3009037e-01  -3.6370942e-01  -1.1420497e-01   8.2510046e-01  -1.7530462e-01  -7.9078341e-02   2.8870404e-02   3.9017278e-01  -6.3141858e-02   6.2585065e-01  -2.4031729e-02  -2.7115779e-01  -2.6693663e-02  -1.3480188e-01   2.7182285e-01   5.3108332e-01   2.1089150e-01  -2.3881691e-01  -8.4805449e-02   7.4587116e-02   2.0190966e-01   7.4374166e-03  -2.5314968e-01   1.0435970e-01  -3.2079831e-02   1.2577536e-01   2.2248577e-01   6.7554245e-01   9.1131341e-02   3.1145138e-01  -3.7162590e-01   1.1620906e-01   6.9561242e-02  -2.0921403e-01  -2.1639410e-01   5.0024915e-01   2.2852821e-01   7.3310762e-01  -1.4447046e-01   1.3646355e-01   2.2096096e-01   2.9927742e-01  -1.1446636e-01   3.7842828e-01  -3.2189168e-01   1.5069722e-01   2.2066838e-01   7.1387554e-03   2.6659836e-01   5.7318536e-01   3.3767593e-01  -3.3816192e-01   2.9608750e-02   5.6019187e-01   8.9891853e-02  -2.6299850e-01  -2.9505233e-02   1.3373388e-01  -3.0422739e-01   5.2589872e-01   1.2881427e-02  -1.8409554e-01  -2.3926928e-01   2.4551616e-01   3.4010043e-01   4.6009447e-01   3.4748703e-03  -5.2113859e-02   6.1436579e-01  -1.1143996e-01  -2.4377783e-01   1.0707370e-01   1.7068493e-01  -2.1391024e-01   2.5793616e-01  -3.9175840e-03   4.7025880e-01   1.3078884e-01  -2.7533233e-01   2.0005020e-01   5.2622018e-01  -2.4989553e-01   5.1758643e-02  -7.6362478e-02  -5.8213556e-02  -2.1075387e-01   5.1991470e-01   8.7084155e-01   1.3125406e-01   3.4189645e-02   7.7280274e-01   5.0668904e-01   4.1845674e-01  -1.1218251e-02   4.0887997e-01  -2.8936890e-01  -1.9287695e-01   3.4884628e-01  -2.6660723e-01  -9.4131367e-02  -2.7316108e-01  -2.0808448e-01   2.4778242e-01   1.8966816e-01   1.6936755e-01   1.5379685e-01  -4.6269297e-02   3.5372073e-01   3.1580020e-01   3.0896878e-02   2.9204475e-01   6.4781080e-01   2.4590689e-01   4.9407130e-01  -3.5925470e-01   8.2434638e-02   1.8944871e-01  -2.9875310e-01  -1.7965525e-01  -1.5165265e-01   2.1127079e-01  -1.3223123e-01  -2.8041807e-01   2.6892753e-01   9.7020756e-02  -2.0109627e-01   3.3083611e-01  -1.1216826e-01   1.3431016e-01
  -1.4926765e-01   3.1657642e-01  -3.5762321e-01  -1.5043988e-01   2.7941187e-01  -1.4193200e-01  -2.5974593e-02  -1.4637552e-01   0.0000000e+00  -5.7412836e-02   8.0616486e-02   3.4071799e-02  -1.4326255e-02  -1.0178736e-01   1.9231728e-01  -2.3631142e-01  -2.9411966e-01   2.3402701e-01   7.6344314e-02   1.7669199e-01  -1.7596233e-02  -5.4035247e-02  -1.7586062e-01   3.2464601e-02  -8.4772462e-02  -2.6021540e-02   1.1068425e-01   3.8367119e-02  -1.6505080e-01   5.3800851e-01  -1.1681517e-01  -7.3264502e-02  -1.8684285e-01   2.8068479e-02   2.8048636e-01   2.3810397e-02   3.7508607e-01   1.5353862e-01  -1.2134518e-01   1.6759290e-02  -1.0034754e-01  -2.4190589e-01   3.1523894e-01  -2.2929009e-01   1.6041633e-01  -3.2214385e-01  -1.3765104e-01   2.0767375e-01   1.0313602e-01  -2.8876536e-02  -1.0663238e-01  -1.6208383e-01   5.5813835e-01  -1.1331899e-01   4.7635803e-02  -2.6230088e-02  -1.9899653e-01  -1.5161776e-01  -6.3369010e-02   2.5073753e-01  -4.4126839e-02  -4.2154726e-02   4.0002272e-01   6.2565185e-02   5.5512021e-01   4.6048673e-02  -5.2490566e-02  -3.0845466e-01   7.0482244e-02  -2.3806959e-01   6.5351814e-02   1.6851743e-01  -1.8647558e-02  -8.8630457e-02  -8.2524732e-02  -1.3461453e-01   2.8853208e-02  -2.6202609e-01   2.9385520e-01  -9.4611763e-02   3.9650703e-02  -2.4807882e-02   5.7564316e-02  -3.8676010e-02  -1.7586824e-01  -2.1788380e-01   2.1319062e-01   5.0137531e-02   2.8076789e-01   3.4549143e-02   4.9254689e-01  -1.9290955e-01  -1.6376975e-01   5.0722474e-01  -5.3583518e-02   4.3705090e-02  -1.7891363e-01  -1.0567281e-01  -1.2021085e-01  -9.6182559e-02  -1.4447419e-01  -1.9088728e-01  -1.4612834e-02   4.9047132e-01  -9.2856826e-02  -7.9548049e-02  -1.9326668e-01  -7.2221387e-02  -1.6377644e-01   2.5275376e-01  -1.7199945e-01  -2.1295821e-01  -1.1267300e-01  -1.7482221e-01   6.3779108e-02   3.7281942e-01  -2.0723031e-01  -5.9494203e-02  -3.7131095e-02  -1.1749743e-02  -5.8121594e-04   4.0905764e-01   3.0074000e-01   5.8120259e-01  -8.3866077e-02   9.6379085e-02   1.2016832e-01  -4.5067036e-02  -4.6771579e-02  -1.4823342e-01   1.2245194e-01   4.0094467e-01  -5.7700290e-02   2.9614961e-01  -6.3970441e-03  -1.7582993e-01  -2.6362140e-01   1.4331304e-01  -1.8447843e-01   4.9909132e-03  -9.3569722e-02   3.7924426e-02  -5.9435144e-02   3.8117698e-02  -1.1482170e-01  -2.7459967e-01  -1.4582696e-01  -1.1539974e-01  -2.7532108e-01   5.7634696e-01  -2.2190566e-03   9.8317932e-03  -7.1041808e-02   4.2465397e-01  -1.3830685e-02   5.9135289e-02   1.3490873e-02  -2.0907214e-01  -8.6400537e-02  -1.0028038e-01   7.9534458e-02  -2.2558177e-01   1.2569796e-01   5.4295185e-02  -2.1949944e-01   3.3924099e-01   2.5858868e-01   2.5535564e-02  -7.5286675e-02  -1.6577021e-02   2.1584365e-01   2.6939670e-02   2.5973078e-01  -1.2088318e-02  -3.1597704e-01  -1.5764369e-01  -3.0018853e-02
  -2.8120751e-01   2.1043002e-01  -3.8125349e-02  -1.3996763e-01  -9.8679439e-02   2.9863479e-01   4.2817725e-01  -2.9737464e-01  -5.7412836e-02   0.0000000e+00  -3.6215105e-01   3.9524764e-01  -2.2716123e-02  -4.2732645e-01  -1.0186067e-02   1.6398388e-01   2.6688374e-02  -2.2358619e-01  -1.5170551e-01  -1.5017163e-03  -1.4010777e-01  -1.7267976e-01   2.3747482e-01  -3.6670039e-01  -1.9125944e-01  -2.0453728e-01   2.6553290e-01   1.1378584e-01  -2.7745073e-01  -1.2624815e-02  -2.2831923e-01  -2.7861117e-01  -3.6135937e-02   6.7793053e-01   5.1313076e-01  -6.1889100e-02   1.6184610e-01  -1.8186128e-02   1.2519891e-01   3.0360090e-01  -4.2057255e-02   9.4924019e-02   5.9827957e-02  -1.9627517e-01   3.3914988e-01  -2.7898621e-01  -4.3693837e-01   3.7111687e-01  -3.1004349e-01   1.3676653e-01   2.4378955e-02  -2.4046717e-01   1.5955778e-01  -9.4384370e-02  -1.8072541e-01  -1.2879415e-01  -6.1046585e-02  -2.9369628e-01  -1.2472300e-01   1.1929338e-01  -3.6313039e-02   2.8397986e-01  -1.8217884e-01  -3.8813848e-01  -2.2293090e-01   1.0600698e-01   1.2262897e-01  -7.9599035e-02  -3.4443663e-01  -1.4100045e-01   3.1691539e-01  -2.4343608e-01   1.0162125e-01  -3.5519233e-01  -1.8429571e-01  -2.9536380e-01  -1.6132568e-01  -6.8318793e-02   3.1363006e-01  -1.5469438e-01   2.4630723e-01   1.7610705e-01   1.2600613e-01  -8.1207256e-02  -2.7587402e-01  -2.1362904e-01   2.3759500e-02  -1.1413407e-01  -1.3296784e-01  -3.3807471e-01  -1.4701129e-01  -3.4253864e-01   6.3871844e-01  -1.4039581e-02  -9.2026669e-02  -1.0291101e-01  -4.8417149e-02  -2.2841710e-02  -2.6580057e-01   5.1917448e-01  -1.5948758e-01  -1.9632314e-01  -3.0613972e-01  -1.5810055e-01  -2.1868009e-01  -9.0548131e-02   3.7722131e-03  -9.0775502e-02   1.8961701e-01   2.8226145e-01   3.2096858e-01  -3.9265520e-01  -1.9087694e-01  -2.6413932e-01  -3.5485902e-02   4.1913545e-03  -8.8929759e-02   2.0032654e-01   2.4819707e-01  -5.5461905e-02  -3.7279684e-01   3.8798982e-02  -5.3512162e-02  -3.4478744e-02  -3.5775176e-01  -3.5015978e-01   1.0765664e-01  -1.8903436e-01  -2.0978664e-01   2.1098870e-01   1.8596391e-01   9.8463862e-02  -2.4114235e-01   1.3681886e-01  -2.7284869e-01  -3.2844036e-01  -1.1361546e-01   1.1537387e-01  -2.7129872e-01  -2.3326457e-01  -3.5717412e-01  -3.7019908e-03  -1.3550771e-01   3.0140049e-01   4.1345958e-01  -2.0820583e-01   4.4891871e-01  -1.8956720e-01   2.2975880e-01   3.8319640e-02  -3.6202769e-01  -8.2332562e-02  -2.9964655e-01  -2.6996978e-01   2.9767566e-01  -2.7039698e-01  -2.4370279e-01  -6.8170492e-02  -2.1921279e-01  -3.4122769e-01  -3.6864694e-02  -1.7549511e-01   2.7704790e-01  -2.7869031e-01  -7.8343860e-02   4.6913421e-01   7.2364322e-02   6.3175297e-02  -3.4504146e-01   3.0536898e-01   4.0331654e-01  -1.5129164e-01  -3.1416108e-01   2.7041794e-01  -1.0080674e-01  -6.6546443e-02  -3.9292281e-03
   1.7633505e-01  -4.0585690e-01  -1.2021466e-02   4.3880445e-01  -1.4048586e-01   1.1925041e-02  -2.0037576e-01   3.4144998e-01   8.0616486e-02  -3.6215105e-01   0.0000000e+00  -4.8835054e-01  -2.6039395e-02   2.8876724e-01   1.0868884e-01  -3.0083912e-01  -6.4765664e-02   4.3287213e-01   3.5665375e-01  -1.5663635e-01   1.7205627e-01   2.1796012e-01  -5.5070893e-03   1.8495484e-01   6.0662450e-02   3.9351477e-01  -3.6306081e-01   9.0566310e-02   7.4746567e-02  -2.5317321e-02   3.4941709e-01   3.3223841e-01  -3.0233712e-01  -4.9545755e-01  -2.3436948e-01  -2.6626045e-02  -2.8947741e-01  -2.5437685e-02  -2.7832677e-01  -2.5934056e-01   1.8821349e-01  -3.0430514e-01   4.3300367e-02   4.3570168e-01  -1.6199773e-01   1.9570118e-01   6.6210508e-01  -3.4433512e-01   1.0818117e-01  -1.4419771e-02   2.9784019e-01   3.6317909e-01  -1.6818928e-01  -9.0865956e-02  -5.3407850e-02   6.0376830e-01   4.7093355e-01   2.7727917e-01   3.6487765e-01  -1.1500399e-01   1.6217058e-01  -2.6919338e-01   6.0363121e-02   7.7702701e-01   2.0981714e-01  -1.1734429e-01  -8.7946808e-02  -2.1437767e-01   6.5396431e-01   1.6479428e-01  -3.8078599e-01   4.5937762e-01   1.0251398e-01   2.1913580e-01   1.3670233e-02   3.8854418e-01   1.1990189e-01   1.6551369e-01  -4.3718962e-01   1.5012583e-01   5.6303979e-02  -9.1062003e-02   1.7787856e-01   4.0762691e-01   7.1036308e-02   3.3368856e-01   1.3280651e-01   2.6395941e-02   2.6076904e-02   1.6332320e-01  -1.6657414e-01   2.8182124e-01  -3.8088644e-01   1.3073776e-01   1.0208650e-02  -1.1723050e-01   3.1248903e-01   2.6191698e-01   1.6262606e-01  -1.7497093e-01   9.8987636e-02   6.1235125e-01   3.9351126e-01   2.3249903e-01   4.2289060e-01   6.5126482e-02  -2.8506702e-01   3.8422457e-01  -1.0534151e-01  -3.3892174e-01   1.7741297e-02   3.7166741e-01   1.9188259e-01   1.3660885e-01   1.0148783e-01  -1.4450483e-01   3.4393283e-01  -1.1415794e-01  -2.0922326e-01   4.0721046e-01   1.5786329e-01  -2.7435352e-01   4.3199430e-02   1.0542790e-01   1.2876048e-01   2.5368757e-01  -2.6418590e-02  -3.3039104e-02   3.3533138e-01  -1.7262639e-01   1.5443148e-01   9.1257566e-02   5.7423884e-02  -2.3839381e-01   4.2719451e-01   3.6182643e-01  -2.6454175e-02   7.3312587e-02   3.7947144e-01   1.9022628e-01   2.4042324e-01  -3.2792306e-02   7.0297887e-01  -1.5495425e-01  -3.1520227e-01   3.2493664e-01  -3.1428835e-01   1.2235062e-01  -3.3518329e-02  -1.2411382e-01   1.2692808e-01   2.7804026e-01   7.6781348e-02   5.7309973e-01  -3.3339300e-01   1.6634700e-01   3.2842969e-01   3.5522770e-01   2.8398729e-01   5.9231267e-01   1.0561902e-01   7.7381076e-01  -1.0712699e-01   4.9014167e-01   2.2450858e-02  -3.6526971e-01   3.0995154e-01   4.6918934e-02   7.3020862e-02  -2.8426402e-01  -4.6148856e-01   7.3966289e-03   4.1754892e-01  -5.6338482e-02   5.1095423e-02  -7.3729118e-02   2.6217568e-01
  -2.8172222e-01   6.5360540e-01   1.4928046e-01  -2.5014550e-01   2.1907371e-01   1.2175630e-01   2.7599409e-01  -2.1998926e-01   3.4071799e-02   3.9524764e-01  -4.8835054e-01   0.0000000e+00  -1.5815635e-01  -5.1136139e-01   1.4281188e-01   4.9408447e-01   1.7843763e-01  -3.5586081e-01  -2.9122286e-01   2.0888778e-01  -1.4553243e-01  -1.3569534e-01  -6.2493963e-02  -4.1139621e-01  -2.1973045e-02  -4.3523444e-01   5.1384130e-01  -2.1217776e-01   1.5431697e-01   2.5128280e-01  -1.2837502e-01  -1.0305185e-01   3.8914993e-01   6.2511336e-01   2.6558488e-01   1.8987178e-01   1.2019736e-01  -1.9229120e-01   4.6247094e-01   3.7445296e-01  -2.3374242e-01   3.2673598e-01   2.7227317e-02  -2.9896317e-01   2.6970790e-01  -2.5504293e-01  -2.6066676e-01   3.9188668e-01  -1.3468189e-01  -2.1196453e-02  -3.1123469e-01  -2.8493466e-01   3.7674458e-01  -1.0860799e-03  -3.0337424e-02  -3.9734864e-01  -2.5507084e-01  -2.4469703e-01  -1.7837610e-01   1.9182276e-01  -3.6693254e-01   2.2367965e-01   1.4701995e-01  -4.2282039e-01  -8.5575091e-02   1.1583009e-01   2.7595431e-01   3.0963024e-01  -1.9871179e-01  -1.5609243e-01   5.3321550e-01  -4.8785787e-01   1.1331285e-01  -3.0561187e-01  -1.0593600e-01  -1.3823937e-01  -4.3323213e-01  -8.1739032e-02   4.6753917e-01  -1.2899883e-01  -6.4641500e-02   1.1938799e-01  -5.9518666e-02  -4.2359222e-01  -1.4238731e-01  -1.4838787e-01  -2.4862479e-01  -2.2745822e-01   1.4386830e-01  -2.9622174e-01   2.4338382e-01  -4.4632791e-01   4.8315930e-01  -1.1532789e-03  -3.4451920e-01   1.7478450e-01  -1.7123484e-01  -1.9161051e-01  -3.1645168e-02   8.0228282e-02  -1.5968043e-01  -3.3714703e-01  -2.4784630e-01  -1.8628250e-01  -3.6667727e-01   1.3251890e-01   1.4544740e-01  -4.5580370e-02   7.5713033e-02   4.7287735e-01   3.7665918e-03  -9.9774898e-02  -1.5431295e-02  -2.6669873e-01  -1.9209184e-01   2.2720720e-01  -1.0465152e-01  -4.0287111e-02   1.7291700e-01  -3.5102850e-01  -3.3753329e-01   3.0605453e-01   1.3113524e-01   1.2724808e-01  -2.2981447e-01  -3.2633563e-01   2.9341898e-01   7.0454830e-03  -2.5890941e-01   3.0212667e-01  -6.9993915e-02   2.1415570e-01   2.1693652e-02   3.5629338e-01  -3.5391220e-01  -1.8419602e-01   1.6437662e-01  -1.2252534e-01  -2.1008771e-01  -2.4080518e-01  -2.2587758e-01   1.8749646e-02  -5.3834172e-01   1.9998574e-01   4.3731247e-01  -2.8539062e-01   5.1706996e-01  -1.5071577e-01   1.4544208e-01   7.3563822e-02  -3.0334545e-01  -3.0884672e-01  -1.3654077e-01  -3.0363566e-01   5.4115989e-01  -2.3344969e-01  -4.6557604e-01  -1.9761992e-01  -4.4935515e-01  -3.9809829e-01   4.6804349e-02  -5.1567355e-01  -6.5410484e-02  -4.0517533e-01   1.4122972e-01   5.0003499e-01  -1.5208202e-01  -1.7042330e-01  -2.3911707e-01   3.5680907e-01   5.8565368e-01  -2.8183115e-01  -3.8610943e-01  -2.3015027e-03   1.0465171e-01   2.6885891e-01   1.7006663e-02
   2.6147316e-02  -8.8473977e-02  -6.7102599e-02  -2.1235061e-01   6.7414834e-02  -3.0870321e-01  -1.7534576e-01   6.1192477e-02  -1.4326255e-02  -2.2716123e-02  -2.6039395e-02  -1.5815635e-01   0.0000000e+00  -5.5241368e-02  -8.6706522e-02   5.6992079e-02  -9.8700194e-02  -9.3189764e-02  -1.1642797e-01  -1.4248605e-02  -1.9930233e-01   2.1471792e-01  -1.0057882e-01   1.1981197e-01   9.5801774e-03   9.5136101e-02  -1.3995765e-01  -1.2076336e-01   5.5606929e-02  -1.0279557e-01  -1.8233237e-01   2.0005342e-01   2.5992762e-01  -1.3674278e-01  -1.2232037e-01  -8.9972885e-02  -4.0300663e-02   1.2972651e-01   4.9846967e-03  -1.9324187e-01   8.2546081e-02   2.4756131e-01  -5.9324072e-02  -4.9801362e-02  -8.8434423e-02   3.7873534e-03  -1.0922481e-01  -1.3685113e-01   4.0209320e-02   1.5536181e-02   7.6335549e-04   6.6454138e-02  -9.9620733e-02   3.2136537e-02   1.6030105e-01  -3.2057852e-02  -1.8616267e-01   2.6052422e-01  -7.8471239e-02   1.8272123e-01  -1.9489144e-02   1.6795849e-01  -1.4977016e-01  -1.2529641e-02  -1.4708024e-01   7.8047927e-02  -3.8050914e-01  -8.4794649e-02  -3.3042724e-02  -1.5720195e-01  -3.7950498e-01  -1.0332189e-01  -3.9246827e-01  -1.5940165e-01   4.5074560e-02   7.1948618e-02   2.2771911e-02   7.3391171e-03   2.4091299e-04  -1.0316360e-01  -2.0709711e-01  -4.6894444e-01  -3.1141808e-01   5.6218594e-02  -2.0681695e-01  -1.5302989e-04  -9.0224530e-02   5.9033113e-02   1.0161180e-03   2.1221628e-02   1.0088541e-01   4.0355243e-02  -2.3938578e-01   1.4723554e-01   3.7731412e-02  -1.3523278e-02  -1.4143495e-01   5.7869659e-02  -9.4057772e-02  -1.5433865e-01  -2.7288887e-01  -3.4160552e-02  -2.0844544e-01  -8.2669105e-02   9.3328544e-02   2.0450368e-01   2.6351585e-01  -5.7370734e-02   1.4728303e-01  -6.4977333e-02  -1.5443627e-01   3.0251441e-02   1.6234486e-01   1.6077133e-02  -1.5449491e-01  -2.2253721e-01  -6.2222816e-03   1.8489981e-01  -3.1183857e-01  -1.3096631e-02  -1.2301342e-01   2.5181631e-02  -1.0652068e-01   1.0834931e-01   1.1391854e-02   3.6026906e-02  -1.6593531e-01  -6.7949225e-02   1.6006837e-01  -2.5239792e-01   1.9446357e-01  -1.6194369e-01  -1.6725070e-01  -2.4284467e-01  -6.8889424e-02   3.3265827e-02  -9.3489985e-02  -3.0977175e-01   4.3715198e-02  -3.1009714e-02  -8.7073105e-02   7.1925954e-01   1.4045247e-01  -2.0840162e-01  -1.6740970e-01   6.1683518e-02  -2.8811949e-01  -1.5861833e-01  -2.6367467e-01  -7.3742471e-02  -1.0224875e-01  -2.9962545e-01  -7.1726497e-02   3.4185800e-03  -2.2340887e-01   1.6288432e-01  -8.9676712e-02  -3.6124941e-02   5.8608591e-02  -4.5609933e-02  -2.1850727e-01   4.5610859e-02  -6.1446011e-02   1.0352157e-01   1.9841006e-01  -2.2299346e-02   7.8346653e-03  -6.2156406e-02   9.8158156e-02  -3.6725214e-01  -1.1178139e-01   9.0870482e-02  -1.1036083e-01  -2.1621574e-01   5.3998606e-02  -1.5864960e-01  -1.1873589e-01
   5.7263850e-01  -3.7504506e-01   5.0188012e-02   1.0608399e-01  -1.5073074e-01  -2.0209824e-01  -4.3621888e-01   3.6648331e-01  -1.0178736e-01  -4.2732645e-01   2.8876724e-01  -5.1136139e-01  -5.5241368e-02   0.0000000e+00  -2.6091766e-01  -3.0857945e-01   1.3454134e-01  -2.7455163e-02   3.3221001e-01  -3.0396291e-01  -2.0164880e-01   6.1107796e-02  -3.3582790e-01   6.4490500e-01   3.0603178e-01   5.2023100e-01  -3.8481354e-01   1.8729198e-01   2.4494263e-01  -2.6597733e-01   1.3663769e-01   3.5021211e-02  -2.8963467e-01  -6.1759602e-01  -4.2469065e-01  -3.2918633e-01  -2.6088020e-01   3.6326449e-01  -3.1091771e-01  -3.5015038e-01   5.3131970e-03  -2.5436274e-01   6.4498864e-02   4.3017501e-01  -4.9939692e-01   5.8683574e-01   1.1444107e-01  -4.5286190e-01   1.6003309e-01  -6.0574721e-02  -9.5810666e-02   5.2788958e-01  -2.1465550e-01   1.6268482e-01   3.7011416e-01   4.2829756e-01   1.5015181e-01   3.0625925e-01  -1.1437138e-01  -5.3004338e-01   3.2456907e-01  -3.4954904e-01   2.9065611e-01   2.9976352e-01   1.1120687e-01  -2.1513027e-01  -8.7092720e-02  -7.3492591e-02   1.2502435e-01   3.1751077e-01  -2.8983659e-01   2.2828036e-01  -1.5938278e-01   6.7728795e-01   4.0268508e-01   3.6503024e-01   5.1704096e-01   3.1546149e-01  -4.5277015e-01   1.1045545e-01  -7.2500832e-02  -1.8715670e-01  -6.4334788e-03   5.1136440e-01   3.9452642e-01   3.3621911e-01   1.3234029e-01   5.5124052e-01   1.6212427e-01   5.6935476e-01  -7.9572513e-02   5.3877656e-01  -4.2661876e-01  -4.7192402e-03   5.1840868e-01   8.2471253e-02   1.4430691e-01   3.4940319e-01   2.1651880e-01  -4.1164542e-01   3.6492683e-01   1.2536467e-01   1.0417344e-01  -1.3933073e-01  -1.3489627e-01  -2.6294189e-01  -1.3574160e-01   3.2009042e-01  -1.3046720e-01  -1.7819809e-01  -2.7052798e-01   1.3243060e-01   6.3767030e-02   5.5638911e-01   2.6473095e-01  -3.0803954e-01   4.0111181e-01  -3.1338361e-01   9.6536848e-02   7.2536660e-02   6.2629948e-01  -1.4053616e-01   2.1971775e-01  -2.1985948e-01   6.0460662e-01   6.5279876e-01  -4.5121372e-01   7.4313041e-02   2.7752024e-01  -5.7879701e-02  -1.9165611e-01  -3.2456165e-01   2.4617029e-01  -5.0496382e-01   5.4946832e-01   3.9290110e-01  -8.0491761e-03   6.6618278e-02   4.2502697e-01   6.2591494e-01   6.0478102e-01  -1.2928535e-01   3.4462773e-01  -6.1608335e-02  -5.8858951e-01   1.3939771e-01  -3.3396040e-01   1.1152933e-01  -2.0260913e-01  -2.7917431e-01   6.2209553e-01   8.8676779e-02   5.3860414e-01   1.0827910e-01  -5.2310033e-02   4.3633050e-01   6.9679401e-01  -5.3650130e-02   4.8461166e-01   4.2731996e-01   1.0915860e-01   3.1653779e-01  -2.6196780e-01   1.7309296e-02  -1.4873040e-01  -5.4151072e-01  -2.6969541e-01   2.6175044e-01   6.9917001e-01  -2.4629577e-01  -4.7869032e-01   5.2320176e-01   1.3687007e-01   5.9140557e-02   1.0284608e-01  -2.3671162e-01  -1.0731018e-01
