   0.0000000e+00  -1.3975922e-01   1.8772911e-01  -1.1730355e-01  -2.0188711e-01  -1.3284327e-01  -1.4648814e-01   2.6455438e-01  -6.1496077e-02  -1.2644125e-01  -1.6904040e-01  -2.5991495e-01  -3.8214412e-01   3.7403901e-01  -2.1605878e-01  -8.3406009e-02   2.7675433e-01  -2.1266939e-01   1.5550615e-01  -2.2756539e-01  -2.2348012e-01   6.3721232e-02  -1.9570406e-01   4.7165150e-01  -5.3931984e-02   1.9812243e-01  -1.3767539e-01   3.6985012e-01  -2.0603519e-01  -5.1355324e-02  -2.4877439e-01  -1.5494938e-02   9.9376096e-02  -2.9497312e-01  -2.2944192e-01  -3.0436343e-01  -1.7694805e-01   4.8202778e-01  -1.9233599e-01  -8.4130431e-02  -2.7613949e-01   8.7560829e-02  -1.2169414e-01  -1.1664415e-01  -2.8818363e-01   5.7436887e-01  -1.8828708e-01  -3.8974687e-01  -2.5377169e-01   1.5564954e-02  -1.6824708e-01   2.0796201e-01  -3.7463912e-01  -1.5213757e-01  -5.8515561e-02  -9.2342522e-02   3.6600292e-02   2.3291403e-01  -1.2610321e-01   6.0599284e-02   4.6501393e-01  -3.0827052e-01  -5.4403825e-02  -3.4498738e-01  -4.0844136e-01  -2.4695441e-02  -1.2696767e-01  -1.6540237e-01  -7.7438257e-02   2.2804621e-01  -3.2172879e-01  -1.9970809e-01  -2.1034874e-01   4.2934409e-01  -1.2232578e-01  -3.9577332e-02   5.4882481e-01  -2.7733006e-02  -1.9605400e-01  -2.7540723e-01   1.4109464e-01  -2.0134351e-01  -4.0707986e-01   1.2784041e-01   4.2893102e-01  -1.0957577e-02  -2.6107645e-01   2.3210321e-01   5.4382514e-02   7.3421866e-01  -1.6792208e-01   3.5320386e-01  -1.8205096e-01   8.1128902e-03   6.4387481e-01  -8.7580081e-02  -2.3305558e-01   1.3235723e-01  -3.3895392e-01  -1.9931825e-01   1.2155719e-01  -2.3595735e-01   7.3926387e-02  -3.2875728e-02  -1.3813931e-01   1.2377715e-02  -8.6605552e-02   6.8253350e-02  -2.4873356e-01  -1.4754731e-01  -3.6890550e-01   3.5090664e-02  -1.4397145e-01   8.1601165e-01   6.1417950e-02  -4.1565163e-01   4.1814987e-02  -2.1712649e-01   4.9720014e-02  -6.1678645e-02   6.2454137e-01  -2.0694064e-01   9.5522553e-02  -2.6044434e-01   5.7672835e-01   3.1905965e-01  -1.1563522e-01  -1.0934870e-03   2.1823509e-02   8.8472352e-02  -3.5229637e-01  -4.0748714e-01   3.5127479e-01  -3.5021273e-01   1.3118929e-01   1.7440367e-01  -2.1001298e-01   2.1552750e-01   1.7658249e-01   4.9051970e-01   6.0300685e-01  -3.1855465e-01   1.4743322e-02  -6.7349596e-02   2.7564108e-02  -2.7805935e-01  -1.6170066e-01  -1.2417800e-01  -1.4640695e-01  -2.8341431e-01   4.7823342e-01   2.5579179e-02   2.6156339e-01  -2.1418211e-01   4.7764357e-02   4.9512461e-01   6.6676310e-01  -1.4139970e-01   3.3437568e-01   7.0212192e-03  -1.6354557e-01   5.2112178e-03  -2.8088271e-01  -1.0956129e-01   1.2626144e-01  -3.9270092e-01  -1.1737094e-01   1.1544958e-01   4.6356425e-01  -2.5111449e-01  -2.3429542e-01   4.7211381e-01  -2.2325242e-01   7.0518624e-02  -1.4250336e-01  -2.4737061e-01  -6.5400936e-03
  -1.3975922e-01   0.0000000e+00  -1.1258262e-01   7.6528745e-03   3.1905867e-01  -1.9039470e-01   1.3324847e-01   7.3673383e-02   2.7492713e-01  -1.2137977e-02   1.4173443e-01   4.5546814e-01  -3.3351857e-02  -1.6330433e-01   2.7872650e-01  -7.6537509e-02  -8.4098466e-02   6.8343125e-02  -1.4230260e-01   9.2190697e-02   3.3907161e-02  -2.3616552e-02  -1.0873576e-01  -8.1081578e-02  -5.0533738e-02  -1.9449680e-01   1.2839485e-01  -2.0863030e-01  -4.6888251e-02   2.1327765e-02   1.8235898e-01  -2.4421263e-02  -1.4625567e-01   3.6499479e-02   4.6975941e-01   3.5860005e-01  -3.3053044e-03  -1.8367086e-01  -3.9811211e-03   1.3434971e-01  -1.1678389e-01  -1.8741497e-01   2.3893139e-01   1.7042095e-01   6.6069310e-02  -1.3188685e-01   1.4107131e-01   1.0339836e-01  -1.7180236e-01  -7.8766339e-02   5.9930011e-02  -1.3308472e-01   3.9181828e-01  -4.2516084e-02  -2.1731564e-01  -1.0463941e-02  -1.9911972e-01  -1.3435942e-01   7.5665099e-02   4.1598066e-01  -2.2171489e-01  -2.1855825e-01   4.1391347e-01   5.7528453e-01   5.7149160e-03   2.3449468e-01  -9.0543799e-02  -3.8855184e-02   1.3650444e-01  -9.3171532e-02   2.9502620e-01  -8.2576807e-02  -5.7171865e-02  -1.7534293e-01  -2.5218978e-01  -8.4371966e-03  -6.0670639e-02  -2.3915457e-02   3.8430698e-01  -1.0798985e-02  -2.3565076e-01   1.9725394e-02   1.4728297e-01   8.3958838e-02  -2.2795574e-02  -6.8816692e-03   1.1065861e-01  -1.2902139e-01   2.6449504e-01  -1.7681820e-01  -2.0638926e-02  -1.4367129e-01   2.6645380e-01   2.6264074e-01  -1.7111104e-01  -6.1273521e-03  -2.7837801e-02  -3.2649005e-02   6.1449645e-02   1.7565290e-02  -1.9124092e-01   1.8986137e-01  -1.1754275e-01   4.1238941e-01   2.0392678e-02   1.0277011e-01  -7.2122753e-03   4.8418887e-02  -1.2983766e-01   2.2995227e-01   1.2512473e-01  -5.8949338e-02  -3.1064717e-02  -1.5531696e-01  -2.5859048e-01   2.4882118e-01  -1.1257133e-01  -4.1757696e-02  -1.5887969e-01  -1.3374529e-01   3.0409306e-03   8.7494452e-02   1.8169455e-02  -1.1012338e-01  -2.1653769e-01   4.5605162e-02  -1.8819237e-01  -3.3205316e-01   2.3518773e-02   9.5860445e-02   6.9271930e-02   4.4101674e-01   4.9628181e-01  -1.0400285e-02  -2.6575915e-02  -7.7635183e-02   5.1371631e-02  -7.3147384e-02  -3.6600381e-02  -1.3246941e-01  -1.6099954e-02  -9.0493814e-02  -5.4793728e-02   1.4624855e-01   3.3545272e-02   1.9043679e-01   9.0315390e-02   2.3389259e-01   2.5395895e-01  -1.6048721e-02  -2.1533978e-01  -3.1558525e-02   1.4218568e-01   3.3973910e-01   2.6812080e-01  -9.8025093e-02  -1.7286413e-01  -4.8016471e-02  -1.9450435e-01  -1.7986344e-01  -1.0371626e-01   5.3369561e-02   7.7935638e-02   3.6177185e-01   2.8970261e-02   2.4275089e-01   8.0552993e-02  -1.9849384e-02  -1.0612246e-02   1.8381611e-01   3.0376802e-01  -1.4714200e-01   2.7850348e-01  -1.4148823e-01   1.8056056e-01  -9.9353245e-02   1.1981932e-01
   1.8772911e-01  -1.1258262e-01   0.0000000e+00  -3.0748539e-01   7.5047226e-02  -1.0561700e-01  -1.8243153e-01   1.4779437e-01   4.7722138e-02  -1.5071730e-01  -4.7561650e-01   6.3403190e-02  -7.5986061e-02  -1.4285069e-01   5.0429294e-02  -2.0327415e-01   8.4115410e-01  -3.2661364e-01   1.2283808e-02  -2.6489791e-02  -5.1432564e-01   6.5463092e-02  -3.3538169e-01   1.9312448e-01  -1.7142004e-01   4.2632260e-01  -1.0518459e-01   2.9818863e-01  -9.8551800e-02  -4.0330765e-01  -8.8012323e-04  -2.3059361e-01   5.4947768e-02  -3.8427274e-01  -2.6455164e-01  -9.1809277e-02  -5.5590513e-01   2.6819567e-01  -2.4324126e-01  -5.5523218e-04  -1.0117257e-01   1.8808318e-01   2.2073424e-01   6.3093687e-02  -9.3656234e-02   5.5234095e-01  -4.5945193e-01  -1.9171499e-01  -1.8314872e-01   5.7593262e-01  -4.6538535e-01   3.9201948e-01   7.7339520e-02   2.1899791e-01   1.8655347e-02  -1.5374297e-01  -6.4654672e-03   1.5039509e-01  -4.3637673e-01   5.0651293e-05   4.6489936e-01  -2.3266683e-01  -1.0362365e-01  -2.9734384e-01  -2.1224159e-01   2.9173156e-02  -1.9049875e-01  -2.0111738e-01  -4.1382630e-01   6.8744516e-01   8.8283998e-02  -4.6909310e-01  -2.8908695e-02   2.3108259e-01  -1.0183612e-01  -7.2920934e-02   4.1615107e-01  -3.2389241e-01   3.9631424e-02  -3.1199527e-01   4.4080902e-01  -1.6135257e-01   1.6041677e-01   5.4371305e-02   4.7335340e-01   9.5912786e-02  -1.9003907e-01   3.2625508e-01  -8.1507751e-02   2.6797392e-01   9.2750370e-02   7.0876700e-01  -1.2498067e-01   2.0941918e-03   3.0505480e-01   9.6429185e-02  -2.8516772e-01   5.1092063e-03  -3.1041429e-01  -5.1954317e-01   4.7813878e-01  -4.4386443e-01   1.8939266e-02  -1.7455199e-01  -5.2884014e-01  -1.6955043e-01   1.6114066e-01  -1.7188637e-01  -2.7921792e-01  -4.1361267e-01   9.9284114e-02  -2.9300635e-01  -3.5345742e-01   2.5578184e-01   5.1036249e-01  -1.4509572e-01  -2.3489961e-01  -3.4467398e-02   5.3457433e-02  -1.8635615e-01   3.0726115e-01   1.0585605e-01  -8.8036395e-02  -3.5529098e-01   4.0468253e-01   1.7744622e-01   1.0047600e-01   9.7017808e-03  -2.7150452e-01   4.5074449e-01  -2.2672527e-01  -2.1384578e-01   3.0119041e-01  -4.6901024e-01   7.1704563e-02   1.9281634e-01  -1.5869242e-01   1.4213690e-01   2.2043782e-01   2.7760049e-01   1.3514355e-01  -9.6470107e-02  -2.4234127e-01   7.9981704e-02  -7.4242705e-03  -2.2914481e-01   3.4170337e-01  -5.3080372e-02  -6.1244090e-01   7.9013581e-02   4.4390876e-01   7.7976803e-02   2.4788441e-01  -2.8503091e-01   4.3299484e-01   2.5373896e-01   3.1126247e-01  -2.8238384e-01   5.6573792e-01   2.0695324e-01  -1.5669853e-01  -3.2503423e-01  -6.5246962e-02  -4.5507754e-01   2.4543913e-02  -6.5016115e-03   3.4345718e-02  -2.4169460e-01   2.3298534e-01   9.1895120e-02  -1.3778007e-01   2.4454663e-01  -5.3458613e-01  -3.0593824e-02  -6.0067127e-02   1.5562609e-01  -9.5117162e-02
  -1.1730355e-01   7.6528745e-03  -3.0748539e-01   0.0000000e+00   4.9135559e-02   2.4194012e-01  -2.5396468e-02   1.0923322e-01   3.7937331e-03  -4.9969298e-04   2.8958390e-01  -3.3598908e-02   3.0761191e-01  -7.4648338e-02  -3.2441592e-01   2.9409998e-01  -2.6465528e-01   2.2426533e-01   1.8607648e-03   2.2237387e-01   2.2593548e-01   4.8368046e-01   1.5629266e-01  -1.4347089e-01   2.5150562e-01  -3.3342156e-01   1.9182885e-01  -6.0668391e-01   2.5282936e-01   7.5030270e-01  -3.2674978e-01   6.8500556e-01   2.0131432e-01   1.2217070e-01  -1.6531754e-01   1.4674622e-01   3.8420853e-01  -2.2691740e-01   3.1894877e-01  -3.9695458e-02   3.3602180e-01   9.6021217e-02  -2.9939927e-01  -1.6805309e-01   3.1977583e-03  -4.3415746e-01   5.3626596e-01   2.6497923e-02   2.1499374e-01  -1.9449021e-01   4.2733534e-01  -2.9539521e-01  -1.9926816e-01  -2.7628736e-01  -1.1209889e-02   1.6053868e-01   1.1923742e-02   3.6864565e-01   6.1692895e-01   1.4425746e-02  -1.4325201e-01   2.1161584e-01   2.8170111e-01   1.2640765e-01   4.2321903e-04  -1.7432461e-01   4.0114204e-01   4.2381732e-01   5.9169554e-01  -3.0477264e-01  -3.1280017e-01   7.1686558e-01   2.5938160e-01  -1.5765615e-01   8.9894767e-02   8.1738097e-02  -2.1796165e-01   3.2158384e-01  -1.5550627e-01   3.0882286e-01  -5.1221895e-01   2.0877420e-01  -3.2490533e-02   1.1708086e-01  -2.3396581e-01  -4.1461778e-02  -1.8643832e-01  -4.0682010e-01   1.6494985e-01  -2.3144807e-01  -1.5921723e-01  -1.4431294e-01  -1.8523533e-02  -5.3548924e-03  -2.5512153e-01   6.7777439e-02   3.1555514e-01   2.5020013e-02   4.2838562e-01   2.0002644e-01  -5.5496629e-01   4.0547736e-01   7.2971799e-02   9.4311662e-02   6.5397592e-01   7.3002927e-01   2.7958093e-02   3.5135540e-01   1.7967007e-01   2.1654682e-01  -8.0807665e-02   6.3137194e-01   7.6250800e-01  -2.5510137e-01  -5.5332001e-01  -1.3575604e-02   1.8020019e-01   2.9983294e-01  -5.2996988e-02   7.9926046e-01  -6.5199743e-02  -9.4397989e-02   2.5249206e-02   1.9724792e-01  -3.0016946e-01  -2.8225309e-01  -1.8859000e-01   1.2607117e-01   7.6899648e-01  -2.7970013e-01   3.6340233e-01  -4.9331325e-03  -3.1951835e-01   1.7892704e-01   7.3073074e-02  -4.1893733e-02  -3.3399161e-02  -5.1590042e-01  -1.3478937e-02  -1.6511783e-01  -7.7899835e-02   2.8496168e-01   4.6863277e-01  -5.9671197e-02  -1.8214711e-01  -8.3405145e-02  -3.2325570e-01  -1.0902817e-01   2.9305362e-01  -4.8044814e-01  -4.2479354e-01  -8.5935466e-02  -1.1977422e-01   1.0114101e-01  -3.5439642e-01  -1.4164472e-01  -2.1148667e-01   5.2669102e-01  -2.3522284e-01  -1.3210088e-01   4.7154718e-01   4.1081242e-01  -2.3545873e-01   5.1706822e-01   5.2184198e-01  -1.1814250e-01  -6.4513881e-02   1.0436171e-01  -1.0529974e-01  -1.0020815e-01  -8.0789187e-02  -2.4085587e-01   4.9074852e-01   1.5188329e-01   1.6296762e-01   9.8172479e-02   6.4790841e-01
  -2.0188711e-01   3.1905867e-01   7.5047226e-02   4.9135559e-02   0.0000000e+00   8.6902717e-02  -7.6951961e-02  -1.3589891e-01   6.7594044e-02  -1.1753769e-01  -3.0674807e-02   1.8022060e-01   1.2644636e-01  -2.0968912e-01  -1.0010911e-01  -1.2759246e-02   2.2424173e-01  -2.6587843e-02  -1.5099076e-01   7.2281168e-01   1.7175638e-01  -2.1304827e-01  -7.2761629e-02  -2.4954101e-01   1.4167407e-01  -1.8216903e-01   4.4824516e-01  -1.0415951e-01   1.6075172e-01  -1.4536267e-01  -6.0465040e-02  -9.9377605e-02  -5.0240486e-02  -1.0378054e-01   6.9910181e-02   8.0118556e-01   2.0584146e-01  -2.7648643e-01   7.7518755e-02   3.7048829e-01   1.4201524e-01  -2.4366199e-02   1.2294439e-01  -8.2765491e-02   3.2680277e-02  -3.1782739e-01   3.8411150e-01  -1.4014813e-01   8.7319662e-03   3.3012967e-01   5.0497089e-03  -2.0831564e-01   5.0347072e-01   1.2490181e-01  -1.8557817e-01  -2.2912144e-01  -2.1689868e-01  -2.3466203e-01   7.4301051e-02  -3.9034964e-02  -1.6231294e-01  -5.5042405e-02   3.0231580e-01   1.0725565e-01  -1.3606655e-01   1.2580009e-01   2.2129217e-01   2.2797515e-01  -2.2015684e-02  -1.4637648e-01   1.7365490e-01   3.0504816e-02   9.8898932e-02  -2.1786122e-01  -1.5721676e-01  -1.4125091e-01  -2.8949833e-01  -1.9393467e-01   6.6281360e-01   2.8625967e-01  -2.1749721e-01   3.1431720e-02   6.2379550e-02  -1.6777926e-01   5.5971399e-02  -9.7544251e-02  -1.6245394e-01  -9.7921084e-02   1.4244556e-01  -2.3737757e-01   5.9635541e-01  -4.8912156e-02   3.4815912e-01  -9.8546884e-02  -2.9034011e-01   4.3175734e-01   1.8769388e-01  -1.5527749e-01   3.4777255e-01  -9.7046617e-02  -1.6892002e-01  -1.4161812e-01  -3.2722907e-01  -1.0119820e-01  -1.0945441e-01  -7.8708776e-03   3.3664193e-01  -4.9913720e-02  -7.6069987e-03   2.6203676e-01  -7.0869963e-02  -2.1917505e-01   9.1888360e-02  -3.0046908e-01  -3.0078068e-01   4.5274997e-01  -1.9613083e-01   1.3979932e-01  -1.9419159e-01  -4.0310229e-03  -2.6380622e-01   6.7953055e-01  -4.5650013e-02  -3.2052958e-01  -4.0480757e-01  -1.0500383e-01  -3.2762944e-01  -9.2528920e-02  -1.5817457e-01   2.5378302e-01   1.5355880e-01   4.3590393e-01   2.1087428e-02  -2.1006173e-01  -1.2500848e-01  -2.0753344e-01   2.6105401e-01  -1.9323770e-01  -1.5553689e-01  -3.2687045e-01  -2.0172360e-01   4.9585048e-02  -2.7733616e-01  -7.5168950e-02  -2.1281420e-01  -2.3368949e-01  -2.9381210e-02   4.8276451e-01   2.2422448e-01  -3.2461163e-02  -2.7495935e-01  -2.0694332e-01   3.1475195e-02   9.5397591e-02   4.7029558e-01  -2.9452309e-01  -3.3169815e-01   2.4553179e-02  -5.5756391e-03  -2.6367351e-01   1.5525104e-01  -2.6028947e-01   1.7711411e-01   1.6778475e-01  -6.9189291e-02   2.2873174e-01  -2.7607634e-02  -2.3272110e-01  -1.3392275e-01   6.0740058e-01   4.3109135e-01  -3.8341116e-01   2.4395125e-01  -1.0302009e-01   1.0687581e-01   2.7755871e-01  -6.3807021e-02
  -1.3284327e-01  -1.9039470e-01  -1.0561700e-01   2.4194012e-01   8.6902717e-02   0.0000000e+00   2.8797432e-01   3.0562909e-03  -3.2370625e-01   2.2652323e-01   3.0054759e-01   7.3957743e-02   1.7644073e-01  -9.6583644e-02  -7.4047293e-02   5.7784883e-01  -5.6441370e-02   1.2553837e-01   1.5136581e-01   2.9040843e-01   2.8501139e-01   5.2022021e-02   4.4096684e-01  -3.0026076e-01   1.1549051e-01  -7.7348875e-02   3.9600729e-01  -8.9860407e-02   2.6874602e-01   3.3084061e-01  -1.9687362e-01   1.3279498e-01   3.6600450e-01   4.8377125e-01  -1.6761817e-01   2.0018630e-01   1.6423059e-01  -2.2362215e-01   5.2220451e-01   2.6670234e-01   3.3840362e-01   3.2952980e-01  -1.8837667e-01   7.9475550e-02  -5.1403513e-02  -1.6790185e-01   4.2655279e-01   5.7847988e-02  -1.0618127e-01   2.1557211e-01   1.6899913e-01  -9.6137468e-02   7.2066712e-02  -1.1339849e-01  -1.2595380e-01   3.5188678e-01   2.4691534e-01   1.8080702e-02   3.8941439e-01  -7.7791817e-02  -1.9402098e-01   3.2535758e-02  -7.9723798e-02   3.7510189e-02  -4.1942825e-02   2.9242208e-01   7.4791879e-01   1.6579150e-01   3.1398804e-01   7.8216512e-02  -1.3604340e-01   2.6888058e-01   4.1406277e-01  -3.8291288e-02  -8.0445023e-02  -8.9509820e-03  -2.3617608e-01   2.2542446e-01  -1.1571542e-01   2.5136642e-01  -8.6295489e-02   5.0296576e-01   1.9962388e-01   9.4508799e-02  -2.3983411e-03  -1.2997513e-01  -1.6179832e-01  -2.5140466e-01  -1.7282722e-01  -2.0087153e-01  -9.3693532e-02  -1.0827738e-01   4.0430693e-01  -2.7219933e-01  -2.4678565e-01  -8.1711847e-02   2.4878788e-01   1.3086703e-01   5.9525567e-02   3.1719288e-01  -1.4236747e-01   4.5205083e-01  -7.0278622e-02  -1.0444782e-01   2.4273965e-01   7.0077658e-02   4.7757360e-02   2.2894001e-01  -7.8443505e-02   3.0629722e-01   3.6480003e-01   2.0565381e-01   1.6519414e-01  -1.7844598e-01  -2.5663472e-02   4.7344369e-02   2.2809883e-01   3.3770124e-01   2.7749349e-01   2.8252254e-01  -8.3476712e-02   1.8709415e-01  -1.3624777e-01   5.0811672e-02  -2.7048458e-01  -1.4761569e-01   1.2655098e-02  -5.6226271e-02   1.4390053e-02   1.5680346e-01   1.4311425e-01   2.2746704e-01  -2.3477706e-01   1.2105840e-01  -1.8933595e-01  -9.1324779e-02   1.9012990e-01  -7.7695995e-02  -5.7024335e-02  -1.8299847e-01  -2.0446262e-01   7.7281938e-02   2.2924129e-01   3.8795773e-01   1.4198207e-01  -1.7851429e-01   1.1531724e-01   1.5392756e-01   3.8530464e-01  -2.0872111e-01  -1.7863345e-01  -4.8593983e-02  -8.3007837e-02  -1.2078613e-01   6.2393968e-02  -2.1153968e-01  -1.6123203e-01   4.2617951e-01  -1.2024157e-01   1.8788789e-02   1.4612484e-01   1.8131768e-01   4.8212268e-02   1.2083596e-02   2.0158079e-01   2.8028498e-01   2.1313775e-01   2.6105764e-01  -1.3114149e-01   7.8044819e-02   7.5316170e-02  -3.0794979e-01   5.1501469e-02   4.7399390e-01  -4.6040815e-02   1.0127883e-01   1.9869174e-01
  -1.4648814e-01   1.3324847e-01  -1.8243153e-01  -2.5396468e-02  -7.6951961e-02   2.8797432e-01   0.0000000e+00  -2.6134735e-01  -3.7429627e-01   5.8037530e-01   2.8898789e-01   3.7140834e-01   8.2575415e-02  -1.4262968e-01   4.3909187e-01   5.4060331e-01  -2.4338684e-01   2.0488437e-01  -4.5385900e-01   1.2347148e-01   4.1457112e-01  -1.6489535e-01   7.2849842e-01  -3.1713983e-01  -2.2138347e-01  -4.3986193e-01   4.0167257e-01  -3.0184653e-01   3.0097712e-01   1.4142017e-01   3.2497024e-01  -1.9230288e-01   2.7385020e-01   5.6091272e-01   2.0803007e-01   3.1323465e-01   6.6269532e-02  -5.6843066e-02   4.7755350e-01   5.1949905e-01   1.0907078e-01   1.9620549e-01  -2.2329498e-02   1.5906992e-02   2.7815466e-01  -2.1132018e-01   2.2207666e-01   5.5542440e-01  -2.2748914e-01   1.4297998e-01   1.6989120e-01  -3.7744031e-01   5.3929523e-02  -1.8072853e-01  -1.3750311e-03   2.2403906e-02  -4.9229385e-01  -1.8926574e-01   1.9078828e-01  -1.8114482e-01  -2.6470452e-01   1.7067415e-01  -2.9504318e-01   1.0782208e-01   2.4243232e-01   5.3266808e-01   6.8641065e-02  -4.3117400e-02  -1.1964713e-01   1.8147105e-01   5.0386618e-01   2.1168956e-01   2.1065557e-01  -3.9402398e-01   7.9992264e-02  -1.6610191e-01  -1.8722425e-01  -1.5500763e-01  -2.9363197e-01  -4.1198097e-02  -1.7792858e-01   3.8923333e-01   2.7999072e-01  -2.4190555e-01  -9.5399372e-02  -2.7342250e-01   1.8671811e-01  -3.1421721e-01  -3.2092330e-01  -3.0190300e-01  -4.7703891e-01  -2.6505988e-01   2.3851790e-01  -1.7007166e-01  -1.5200624e-01  -8.2676870e-02   1.1809385e-02  -4.6792477e-01   2.6635309e-02   5.5035920e-01  -3.9260087e-02   5.7361597e-01  -1.9108316e-01  -3.3195527e-03   8.8124849e-02  -2.6977038e-01  -1.7249687e-01  -4.0014060e-01  -7.8245473e-02  -4.4167050e-02   5.8694080e-01  -4.7555889e-02  -1.2440942e-01  -1.4759786e-01   1.2809192e-01  -1.8383230e-01  -3.6328356e-01   8.0324850e-02   2.5930952e-01   7.3064535e-02  -1.9226408e-01  -7.5480336e-02  -3.1483063e-02   2.0285065e-01  -2.5364022e-01  -3.3716493e-01   4.1107029e-01  -9.8548002e-04  -1.5098261e-01   1.8272091e-01  -4.9503654e-02   5.7338611e-01  -2.1160682e-01   1.7354097e-01  -1.8186458e-01  -2.6640657e-01   7.7995768e-02   5.5739862e-02  -3.0843774e-01  -1.7250819e-01  -2.9283155e-01  -7.7412148e-02  -1.1130654e-01   6.2084719e-01   6.6312841e-01   6.4808153e-02   6.8694220e-01   9.1034629e-02   2.4703853e-01   1.9826747e-01  -3.5575975e-01  -2.5233401e-01  -2.9226191e-01   1.7773492e-01   9.3992684e-02  -1.7916798e-01  -2.3815879e-01   2.6401155e-01  -3.7875089e-01  -3.2101737e-01   1.2417603e-01  -2.5064673e-02   2.0231556e-01  -1.6585545e-01  -2.6899120e-01   4.2473992e-01   6.6845252e-01  -1.6070423e-01  -2.7423970e-01  -2.6008030e-01  -1.0054611e-01  -5.5559409e-02   8.3158458e-03  -3.3348877e-02  -2.1071415e-01  -2.1259945e-02  -1.7198261e-01
   2.6455438e-01   7.3673383e-02   1.4779437e-01   1.0923322e-01  -1.3589891e-01   3.0562909e-03  -2.6134735e-01   0.0000000e+00   2.8783933e-01  -2.7434695e-01   3.1029001e-03  -9.1683383e-02  -1.3544687e-01   3.2830282e-01   7.0905350e-02  -1.9354085e-01   8.2311238e-02  -2.7484725e-02   8.5485875e-02  -2.0153344e-01  -3.8766273e-01   5.5282331e-01  -2.5594281e-01   1.2755591e-01  -1.4001630e-01   5.3199687e-01  -2.6712859e-01   2.3971408e-01  -2.5754487e-01   9.4060264e-02  -1.0679981e-01   3.7325687e-01  -1.2265766e-01  -1.1461103e-01   4.8651288e-02  -3.0998476e-01  -2.1192075e-01   8.3174580e-02  -2.1224351e-01  -3.4375730e-01  -8.4023661e-02  -6.5287235e-02   1.3186741e-01   2.7516461e-01  -1.3432869e-01   1.6349761e-01  -1.7224265e-01   2.8258813e-02  -2.0468327e-01  -1.9123748e-01   3.2594181e-02   6.1349251e-01  -1.9293210e-01  -3.4795730e-02   3.4988539e-02   3.6955914e-01   1.6353097e-01   5.6648657e-01  -1.7689244e-02   4.4093004e-01   1.8152754e-01  -2.5279420e-01   1.2090647e-01   1.6420809e-01  -3.4768017e-01  -2.3225377e-01   2.0208349e-02  -3.5667702e-01   2.2096050e-01  -9.0326810e-03  -3.2053509e-01  -1.5987043e-01  -1.1608890e-01   3.6639952e-01  -2.2684848e-01   3.9737260e-01   2.6080554e-01   3.4150840e-01  -1.9664450e-01  -1.5979362e-01   3.7602591e-01  -1.8454262e-01  -2.4697714e-02   7.7882478e-01  -1.2316037e-01   5.4067520e-01  -2.0649726e-01   2.1103882e-01   1.2008058e-01   1.8841930e-01  -3.1978182e-01   1.0470933e-01  -7.2135745e-02   3.9363433e-01   2.7492158e-01  -1.8900322e-01  -2.3048679e-01   3.3546841e-01  -2.7926228e-01  -2.4181823e-01   5.9399649e-02   5.7549141e-02   4.8405802e-01   2.6396343e-01   2.1677280e-01   3.8641337e-01  -5.4938571e-02   5.7011361e-01  -2.8669920e-01  -1.3730008e-01   2.4104362e-02   2.6291324e-01  -1.0017995e-01   1.1382314e-01   1.0857165e-03  -3.3767395e-01   4.5821812e-01  -4.6505548e-02  -1.4501330e-01   1.2363719e-01   3.0629886e-01  -2.5146923e-01   5.7683253e-02  -7.8920274e-02   2.9969181e-01   5.2783759e-01   5.1332812e-02  -2.4303694e-01   3.5475138e-01  -2.2202599e-01  -1.9626899e-01  -2.9581392e-01   2.3300619e-01  -7.7749534e-02   4.4543205e-01   5.8497417e-01  -6.3758790e-02   2.9062330e-01   5.7011933e-01   2.7703366e-01   1.9986200e-01  -8.1812731e-02   4.7701628e-01  -2.0187053e-01   3.7984905e-02  -4.8822970e-02  -1.3591197e-01  -3.1729732e-01  -2.5181735e-01  -1.9559224e-01   1.5231461e-01   6.7735788e-01   1.4945203e-01  -1.0077854e-01  -2.5574408e-01   1.9882493e-01   2.9475025e-01  -8.8021990e-02   8.9055452e-03   5.6385201e-01  -2.5288671e-01   3.6726034e-01  -4.6540641e-01   8.6733935e-02   4.4911263e-01  -2.5905420e-01   1.5165109e-02   2.9553239e-01   6.0790119e-02  -1.8205915e-01  -1.5789357e-01   1.8228565e-01  -1.2267450e-01  -1.5711425e-01   3.4749199e-01  -2.3255970e-01   4.4384961e-01
  -6.1496077e-02   2.7492713e-01   4.7722138e-02   3.7937331e-03   6.7594044e-02  -3.2370625e-01  -3.7429627e-01   2.8783933e-01   0.0000000e+00  -2.8874820e-01   1.6946551e-03  -3.0543985e-02   1.5945995e-02   1.1750344e-01   1.2797538e-01  -3.5372209e-01   4.2665749e-02  -5.6626910e-02   1.9858275e-01  -1.2643742e-01  -2.9819506e-01   1.5709430e-01  -3.4984123e-01   1.1405889e-01   4.2048992e-02   2.0202387e-01  -2.4841329e-01   3.5596862e-02  -2.1682393e-01  -1.2765349e-01   1.6169583e-01   1.3502574e-01  -2.1068136e-01  -2.5597473e-01   4.6213196e-01  -1.1280304e-01  -1.7735023e-01   1.2316808e-02  -2.8132727e-01  -2.1625210e-01  -1.0964932e-01  -1.9178528e-01   5.6104386e-01   2.8229075e-01   1.2787710e-01   8.1956780e-03  -2.1380218e-01  -5.2444401e-02   2.6997603e-02  -2.3086461e-01   5.3413203e-02   1.7916556e-01   3.1589391e-02   1.3812518e-01   1.1320956e-01   1.9458014e-01   1.6511354e-01   4.7740628e-02  -1.4628395e-01   3.8303677e-01   1.2913515e-01  -7.5209253e-02   5.3106563e-01   3.4888585e-01  -7.6400369e-02  -2.7047870e-01  -2.2932291e-01   2.2220296e-02   1.4258079e-01  -2.6745717e-01  -1.0868256e-01  -8.5326705e-02  -1.6700103e-01  -1.3142047e-01   2.7533205e-02   8.0207491e-02   1.2436787e-01   2.0693520e-01   3.2846299e-01  -2.5527342e-02   4.1954980e-02  -2.4430411e-01  -2.4577158e-02   2.3309137e-01  -2.1752053e-01   2.6511101e-01   2.7773124e-01   2.8643399e-01   6.0803687e-01  -4.3313678e-02   2.1414976e-01  -2.4052141e-02  -1.5737401e-01   6.8084174e-01   6.6604663e-02   1.7849054e-01  -8.6191098e-02   3.1853682e-01   1.7202916e-03  -1.9758924e-01  -6.1210870e-03  -2.8271188e-01   1.4565628e-01   5.0554175e-01   4.4326564e-02   2.7661702e-01   1.4164451e-01   3.4126557e-01   8.3192163e-02   2.8440530e-02  -1.9843626e-01  -6.8842796e-02   1.4156921e-01  -5.6042959e-02  -2.0948135e-01   1.8457405e-01   2.5134727e-01  -2.6710474e-02  -2.5434209e-01  -9.4526884e-02  -2.7470086e-02  -3.5033040e-02   4.3711890e-01   1.4881568e-01   6.7501679e-02   2.0216351e-01   7.2746485e-02   1.0312348e-01   1.5724917e-01  -2.6545828e-01   1.1196774e-01  -1.1313683e-01   2.4759409e-01   1.2160742e-01   5.5985779e-01   1.8848576e-01  -8.3163816e-02   7.2476465e-02   1.4277364e-01   1.6358797e-01   2.1806274e-01   8.0875087e-02   1.3309456e-01  -4.4516538e-01  -1.3377212e-01   2.4394891e-01  -2.8994360e-01  -2.9624043e-02  -1.2364498e-01  -3.2793439e-02  -1.1396403e-01   3.2843897e-01   7.3301447e-02   1.6466922e-01  -9.6226532e-02   1.0598361e-01  -3.7670963e-02  -2.0307226e-01  -5.2426130e-02   2.0648577e-01  -8.5263149e-02   9.2722415e-02  -6.8181144e-02   2.6400367e-01   9.7961499e-02  -5.3869811e-02  -1.5403045e-01   4.9560165e-02  -2.1513219e-02   8.5316147e-02   2.1180831e-01  -7.9709291e-02   1.7818251e-01  -2.0557190e-01   2.2238717e-01  -2.8219343e-02   2.0207257e-01
  -1.2644125e-01  -1.2137977e-02  -1.5071730e-01  -4.9969298e-04  -1.1753769e-01   2.2652323e-01   5.8037530e-01  -2.7434695e-01  -2.8874820e-01   0.0000000e+00   1.0835728e-01   1.8222597e-01   2.8435581e-01  -2.6804982e-01   2.9416074e-01   4.2484831e-01  -2.0556631e-01   1.9516852e-03  -1.8848529e-01   2.3202409e-01   4.0871441e-01  -3.2415083e-01   6.2469528e-01  -2.7861549e-01  -3.2349601e-01  -2.9344985e-01   1.1816659e-01  -2.3591555e-01   2.5915270e-01   3.7706662e-02   8.2681702e-02  -2.0722501e-01   2.6788840e-01   5.3047930e-01  -8.7895265e-02   1.3361906e-01   1.9572148e-01  -1.5455855e-01   4.5081577e-01   3.1078212e-01   2.8721764e-01   1.1161712e-01  -1.3460304e-01   4.8619338e-02   1.6481010e-01  -1.9157445e-01   1.5230871e-01   2.7350603e-01  -3.0959529e-01   1.0562422e-01   1.3804350e-01  -2.9521598e-01   1.8288721e-01  -4.4887899e-01  -9.1169301e-02   1.1002680e-01  -2.7341840e-01  -3.4923576e-01   9.4198698e-02  -2.5491096e-01  -2.9810823e-01   1.5647303e-01  -2.9548685e-01   4.4254470e-02   1.6126216e-01   6.4057988e-01   8.0914630e-02   1.4542511e-02  -1.3361653e-01  -1.1368216e-02   2.9761362e-01   2.2328393e-01   3.1124118e-01  -3.4549897e-01   2.5738015e-01  -3.9614948e-01  -1.9275812e-01   8.4666035e-02  -2.2911279e-01  -2.4997725e-01  -1.9139856e-01   3.9212703e-01   3.3457440e-01  -1.9599005e-01  -1.5541205e-01  -2.4625744e-01   1.3488309e-01  -4.0150063e-01  -9.6596027e-02  -2.5024369e-01  -1.7908636e-01  -2.7309774e-01   3.5298167e-01  -2.4942371e-01  -1.7472509e-01   3.5718677e-01  -2.2518395e-01  -2.2151024e-01  -9.4989150e-03   6.8969500e-01  -1.4804430e-01   3.9461731e-01  -2.1309498e-01  -2.6292555e-01   5.9997989e-02  -2.6811235e-01  -3.1493262e-01  -2.5076899e-01   8.1530925e-02   2.1382977e-01   4.6699748e-01   4.8614218e-03   2.7563884e-02  -1.2734036e-01  -2.6037517e-02  -1.2604568e-01  -1.2746628e-01   2.4842804e-01   2.2256130e-01   2.1437601e-02  -2.7887489e-01   1.4951930e-01   1.4802142e-02   1.1690656e-01  -1.7218968e-01  -3.9358641e-01   4.2776741e-01   3.1634227e-01  -5.0173938e-02   3.8207551e-02  -5.5799048e-02   3.3495112e-01  -2.7920134e-01   1.8050459e-01  -2.1907892e-01  -3.1786236e-01  -4.3564729e-01  -7.0753868e-02  -3.5507429e-01  -1.8819980e-01  -2.2179024e-01   1.8500559e-01  -6.3740581e-02   3.7284104e-01   4.1334846e-01  -5.0322653e-02   3.6827611e-01   2.2172679e-01   3.9383936e-01   1.1835245e-01  -2.7923147e-01  -3.1026710e-01  -4.4106810e-01   1.6751100e-01   2.2830476e-02  -2.5170472e-01  -2.4001872e-01   2.0453959e-01  -4.2118980e-01  -1.7218475e-01   1.8717543e-01  -5.9144486e-02   4.0391730e-01  -8.4350747e-02  -3.2986713e-01   2.1983969e-01   4.7467464e-01  -9.1227867e-02  -3.6749225e-01  -1.1243447e-01  -1.0224616e-01  -2.6139498e-02   8.2498489e-02   3.7934084e-02  -4.0711926e-01  -1.1795612e-01  -2.0302687e-01
  -1.6904040e-01   1.4173443e-01  -4.7561650e-01   2.8958390e-01  -3.0674807e-02   3.0054759e-01   2.8898789e-01   3.1029001e-03   1.6946551e-03   1.0835728e-01   0.0000000e+00  -7.5380027e-03   1.9427796e-01   1.0340633e-01   8.3148590e-02   2.9205458e-01  -3.8891266e-01   6.8554169e-01  -8.7922980e-03   4.8743628e-02   4.1248131e-01   1.8549684e-01   3.8939578e-01  -2.5199027e-01  -9.8189098e-02  -4.3351433e-01   2.8303646e-01  -3.4895784e-01   2.0520675e-01   4.7829276e-01   3.0178668e-01   4.0166463e-01  -4.1458973e-02   4.4399943e-01   1.9810159e-01   9.8150925e-02   2.7588020e-01  -1.6378234e-01   2.7298743e-01   3.2988280e-02   2.5318774e-01  -1.3280575e-01  -1.5386419e-01   3.5239026e-01   9.6651465e-02  -3.3824984e-01   6.1525391e-01   3.4531856e-01   1.5669450e-02  -3.0136533e-01   6.6066035e-01  -3.4801366e-01  -9.6714443e-02  -1.6673674e-01  -5.6276449e-02   4.4443151e-01  -6.0025279e-02   6.8403374e-02   5.0403653e-01   1.4760444e-01  -2.7790997e-01   1.8371187e-02   3.5293807e-02   3.0471232e-01   8.5819044e-02  -7.5508555e-02   2.7612423e-01   3.1639190e-02   6.5341354e-01  -3.7725041e-01  -5.8826885e-02   4.7552922e-01   2.0773873e-01  -3.7516265e-01  -3.9431989e-02   1.0028956e-01  -1.6443509e-01   3.1219643e-01  -1.5641503e-01   1.6140639e-01  -3.3714888e-01   2.7150335e-01   1.3287346e-01   4.9695547e-02  -3.1741510e-01  -8.6024533e-02   5.6676586e-02  -3.4090313e-01  -1.0508479e-01  -2.9278959e-01  -1.5240370e-01  -3.8499633e-01   1.2863745e-01   8.3178841e-02  -1.3796882e-01  -3.0223635e-01   1.6651524e-01   3.1174572e-02   1.1035957e-01   4.1627388e-01  -2.8882375e-01   5.3321390e-01   1.1805949e-01   4.0782672e-01   6.2603325e-01   2.5677783e-01  -5.9745246e-02   2.8553264e-01  -6.0401076e-02   3.9551996e-01   1.2636627e-01   4.1788315e-01   1.5247027e-01  -2.3726940e-01  -3.1600442e-01   9.4069642e-02   2.1467841e-01   2.3415374e-01  -3.6815322e-02   3.6490396e-01  -1.7883294e-01  -1.8012122e-01   1.0537691e-01   4.1917767e-01  -3.0790357e-01  -1.4241323e-01   5.2418054e-02  -1.9014901e-01   2.1285279e-01  -2.3235851e-01   2.9858737e-01   4.4824852e-01  -3.0061728e-01   4.5818695e-01   2.4290664e-02  -1.0177594e-01   2.3335214e-01  -2.0436815e-03  -1.6637168e-01  -2.4481658e-01  -1.3569934e-01   1.6571257e-01   5.2459258e-01   5.9686881e-02   3.7729650e-01   3.4334862e-01  -9.9244774e-02   7.5466779e-02   5.3672843e-01   1.0832655e-03  -4.4762175e-01   1.0836794e-01  -2.3606630e-01   4.9029574e-01  -4.0546237e-01  -1.4348669e-01  -2.3773850e-01   4.4195472e-01  -3.5916102e-01  -2.3471620e-01   6.9073382e-02   6.3643369e-01   1.6290567e-01   4.0378641e-01   2.6016346e-01   7.0694728e-02   2.0015735e-01   1.6405538e-01  -1.8947964e-01  -1.5704234e-01  -1.6767461e-02  -2.2334877e-01   4.9690057e-01   1.3158111e-03   1.9082798e-01  -2.2684117e-01   2.7026354e-01
  -2.5991495e-01   4.5546814e-01   6.3403190e-02  -3.3598908e-02   1.8022060e-01   7.3957743e-02   3.7140834e-01  -9.1683383e-02  -3.0543985e-02   1.8222597e-01  -7.5380027e-03   0.0000000e+00  -1.8178155e-02  -3.0673262e-01   4.4160321e-01   1.7205833e-01  -1.2307598e-01  -6.5811191e-02  -3.1112272e-01   2.4485310e-01   3.5390351e-02  -7.3596408e-03   1.3087515e-01  -2.2961105e-01   5.7114112e-02  -1.6911969e-01   4.5440399e-02  -1.6510012e-01   1.4083968e-01  -1.3270181e-02   1.0259895e-01  -1.6608026e-01   9.1157653e-03   1.6755167e-01   3.0943918e-01   3.5724643e-01  -7.3705221e-02  -2.9763287e-01   1.6814747e-01   1.3950686e-01  -5.6300588e-02  -2.2031775e-02   2.2484870e-01  -1.8559626e-01   2.4088459e-01  -1.7697306e-01   1.0266098e-01   1.3546447e-01  -2.0678570e-02   6.2290316e-02  -1.2325428e-01  -1.0021642e-01   2.5180824e-01   3.7533326e-02  -1.2745125e-01  -1.4174483e-01  -2.7831100e-01  -8.1509495e-02   6.7330870e-02   3.1819752e-01  -2.3346012e-01   1.8098977e-01   8.7798651e-02   1.9044885e-01   2.5704902e-01   3.6748189e-01  -2.0878959e-02  -4.0997753e-02  -8.8782987e-02   9.8518049e-02   2.7459732e-01  -9.1222571e-02  -6.4961305e-02  -1.0719027e-01  -6.0781501e-02  -5.9633383e-03  -2.8518513e-01  -2.5705148e-01   2.9037028e-01   6.7733140e-02  -8.6695663e-02   4.4746271e-02   1.8049224e-01  -1.6945026e-01   3.9062218e-02  -1.6164320e-02   8.8827555e-02  -1.0300231e-01   9.1001585e-03  -2.6163323e-01  -1.2089599e-01  -1.2996217e-01   3.7118635e-01   3.2104552e-02  -2.8257518e-01   1.3407057e-01   7.9813149e-02  -2.6346427e-01   1.2941203e-01   9.6174338e-02  -1.6925404e-01   2.8312689e-01  -9.2613906e-02   2.0557610e-01  -6.2512425e-02  -4.6963509e-02  -1.9501643e-01  -2.1996583e-01   7.4065618e-02  -9.5554403e-02   3.4150990e-01  -4.0256843e-02  -7.7887045e-02  -2.6061624e-01  -3.5842250e-02   1.2094696e-01  -2.2377823e-01  -7.5049568e-02  -8.0043051e-02  -3.7029057e-02  -1.9943818e-01   2.3972734e-01  -6.7434325e-02   3.7775516e-02  -2.8525012e-01  -5.0765213e-02   7.9650825e-02  -1.0141204e-01  -4.4689887e-02   1.0264882e-01   5.4342731e-03   3.8850536e-01   2.6664753e-01  -1.1376769e-01  -4.7956430e-02   1.8462164e-03   9.1100406e-02  -2.8972423e-01   1.8278137e-03  -2.2509498e-01  -3.3036491e-01  -8.1967984e-02  -1.2047206e-01   3.8524018e-01   1.7520401e-01   7.1000194e-02   4.0768100e-01  -3.7372905e-02   1.2228974e-01   6.0387027e-02  -1.6790585e-01  -1.9560680e-01   5.1033847e-02   1.9375238e-01   3.5265935e-01  -2.6588267e-01  -2.4430066e-01   1.0117487e-01  -1.8736273e-01   1.4371275e-03   5.9117366e-02  -9.1335776e-02  -4.5143263e-02   3.8238746e-02  -1.1579410e-01   5.1624621e-01   2.3429906e-01  -1.8717032e-01  -8.5678374e-02   2.5666404e-02   3.4534639e-01  -2.3389535e-01   7.5852949e-02   5.3623876e-02   8.2073942e-02  -6.1304493e-02  -5.0706198e-02
  -3.8214412e-01  -3.3351857e-02  -7.5986061e-02   3.0761191e-01   1.2644636e-01   1.7644073e-01   8.2575415e-02  -1.3544687e-01   1.5945995e-02   2.8435581e-01   1.9427796e-01  -1.8178155e-02   0.0000000e+00  -3.5838314e-01  -4.0537199e-02   1.3176898e-01  -1.2090132e-01   2.1043546e-01   7.0534180e-02   3.8176209e-01   6.3002703e-02  -9.0581926e-03   8.0997753e-02  -2.8030479e-01   4.8428514e-02  -1.3509000e-01   1.4611504e-01  -3.0498999e-01   5.0909338e-01   2.2613032e-01  -9.4868283e-02   1.3625286e-01   4.0356988e-02   1.3003616e-01  -1.0111562e-01   2.9269992e-01   1.6341923e-01  -3.7369005e-01   2.3800197e-01   1.0880965e-01   8.1813189e-01   1.3007141e-01   1.2524274e-02   1.6905264e-01   2.6558517e-01  -4.1744538e-01   2.4699270e-01   9.0914513e-02   1.4445879e-01  -7.8469117e-02   2.5733079e-01  -1.9103238e-01   1.9917445e-01  -8.8194833e-02  -6.3692863e-03   2.3449923e-01   1.2233088e-01  -1.9449521e-01   2.0508680e-01  -1.4534190e-01  -3.5524520e-01   2.8716909e-01   6.5254586e-02   1.4367383e-01   1.4964364e-01   8.6873333e-02   2.1388099e-01   2.1730413e-01   2.2270322e-01  -1.6500907e-01   1.1584171e-01   3.6050624e-01   5.6036853e-01  -2.6675705e-01   2.3243379e-01  -1.0909744e-01  -3.5180516e-01   2.8824182e-01   1.3659896e-01   2.0784677e-01  -2.8310478e-01   2.9116362e-01   2.6302108e-01  -7.4476279e-02  -3.3633642e-01  -1.7195915e-02  -6.0608101e-02  -3.1835439e-01   1.1150689e-01  -3.4356896e-01   2.1094084e-01  -1.9267868e-01   1.0559022e-01  -1.3815396e-01  -4.6164857e-01   3.7646151e-01   2.0442586e-01   5.0508898e-02   3.9070539e-01   1.5031603e-01  -3.1404279e-01   1.8886797e-01   3.0264312e-02  -6.1920372e-02   1.5422304e-01   1.9599389e-01   2.2150911e-01   9.9652795e-02   2.4879031e-01   3.0070362e-01   3.0603874e-01   1.0140266e-01   3.3255834e-01  -3.8285430e-01  -1.8511381e-01   3.3779643e-01   3.4486189e-02   7.3647684e-01   1.6479989e-02   2.4675302e-01  -4.1061948e-01   3.4791987e-01  -6.6690355e-02   2.8146764e-02  -3.5962004e-01  -3.8994363e-01   6.2380565e-02   1.3811767e-01   1.6321869e-01  -1.8390934e-01   5.9672504e-01   2.2652006e-01  -3.3109477e-01   6.2506554e-02   2.3520578e-02  -2.0364057e-01  -7.8176827e-02  -2.9758382e-01  -2.3154593e-01  -3.8281971e-01  -3.4075556e-01   8.7272615e-01   1.1827346e-01   2.7032588e-02  -6.6817374e-02   7.2139455e-02   4.4947892e-02   1.7403533e-01   1.6532550e-01  -2.5149142e-02  -3.6990849e-01  -1.5784840e-01  -2.9622765e-01   8.3880526e-02  -7.0443962e-02  -3.0565862e-01  -4.7605030e-01   2.5677749e-01  -2.0583633e-01  -1.4199495e-01   4.1855376e-01   9.5729956e-02   1.1858049e-01   1.9910851e-01   2.0625702e-02   3.4320945e-01   2.7952371e-01   7.6913818e-02  -3.7387594e-01   1.3634338e-01   2.4480173e-01  -4.1775236e-01   2.7716060e-01   1.8961427e-01   4.9104655e-02   1.2222000e-01   2.3451315e-01
   3.7403901e-01  -1.6330433e-01  -1.4285069e-01  -7.4648338e-02  -2.0968912e-01  -9.6583644e-02  -1.4262968e-01   3.2830282e-01   1.1750344e-01  -2.6804982e-01   1.0340633e-01  -3.0673262e-01  -3.5838314e-01   0.0000000e+00  -4.5320271e-02  -1.8635953e-01  -4.2608088e-02   1.6717198e-01   1.4471356e-02  -2.9332998e-01  -3.6078591e-02   1.3517533e-01   3.8219735e-02   2.1874642e-01   2.7769676e-02   2.0446448e-01  -2.8678453e-01   2.7158542e-01  -2.4112906e-01   9.8837808e-02   1.3180318e-01   1.1096627e-01  -1.9231478e-01   4.8448977e-02   1.2963562e-01  -3.9650293e-01  -1.6610102e-02   1.6860596e-01  -2.2825468e-01  -2.7507788e-01  -2.1681566e-01  -1.7135403e-01   4.0311548e-02   2.3904007e-01  -1.0438332e-01   1.2790730e-01  -1.6639770e-01   1.8677783e-01   6.9435693e-02  -1.9646606e-01   1.0068329e-01   2.0802821e-01  -2.2463962e-01   7.7770767e-02   5.2497307e-01   2.1606117e-01   1.6050589e-02   2.2001456e-01  -4.9656945e-02   1.7386904e-01   1.8282133e-01  -1.8158427e-01  -2.1644148e-02  -4.1257342e-02  -1.1104208e-01  -2.9448567e-01  -6.0686370e-02  -2.5138414e-01   4.1665566e-02  -2.3068683e-01  -2.6797646e-01  -9.1658672e-02  -1.9238316e-01   2.4441069e-01  -2.0010831e-01   2.7795694e-01   2.4260295e-01   1.1164010e-01  -2.1569813e-01  -7.2544460e-02   3.6921510e-01  -2.2377982e-01  -5.2957355e-02   3.5606601e-01   5.6349162e-02   2.3084719e-01   2.6064159e-01   4.3038407e-01  -1.0877136e-01   1.5728699e-01  -6.1804721e-02  -1.2536101e-02  -1.2441138e-01   1.6101877e-01   2.2889364e-01  -3.1149714e-01  -5.7817068e-02   7.0836552e-02  -2.3079526e-01  -6.7780032e-03   3.9298247e-01  -9.6171883e-02   3.5450137e-01   1.3316258e-01   1.1430354e-01   5.9216987e-02  -3.5771047e-02   1.6782698e-01  -1.4997021e-01  -6.5236782e-02  -1.4315089e-01   1.2025799e-01  -1.4527884e-01   1.4669317e-01   6.7500840e-02  -1.8476773e-01   3.2794564e-01  -2.3375161e-01   8.1338088e-02   1.5439988e-02   2.7514907e-01  -3.1325232e-01  -7.3818681e-03   2.7535083e-01   1.8824896e-01   4.3148844e-01   1.4482943e-01  -1.2648411e-01   1.6062791e-02  -1.9972267e-01  -1.9300786e-01  -2.1570764e-01   1.0788844e-01   3.3532977e-01   2.8760481e-01   1.9852952e-01   2.9053260e-02   3.6864754e-01   1.1919746e-01   1.5204907e-01   2.6696198e-01  -2.6458791e-01   1.1914660e-01  -3.5163079e-01   7.7469104e-02   7.1409931e-02  -1.7031041e-01  -1.8314069e-01  -1.4226408e-01   4.6913355e-02   8.7608711e-02   5.5445283e-01   6.6178869e-02  -6.8575885e-02  -2.7515088e-01   1.6720306e-01   3.0762654e-01  -1.3910103e-01   5.1399903e-02   3.8248389e-01  -2.2054633e-01   8.5503701e-02  -1.0797022e-01  -1.1374946e-01   1.0124751e-01  -2.9910933e-01  -1.3786743e-01   1.6426637e-01   1.7109094e-01  -7.3346984e-02  -1.9873732e-01   1.7660949e-01  -1.3265587e-01  -2.3189217e-01   2.3687910e-01  -1.7651509e-01   9.8084916e-03
