   0.0000000e+00   9.2856856e-02  -2.2427700e-02   1.7228037e-01  -4.9327939e-03  -3.5443028e-01  -3.4275605e-01  -3.2522283e-01   2.2167897e-01   9.8436057e-02  -3.2578528e-01   1.9354161e-02   9.5862389e-03   4.3683100e-01  -1.6483950e-01  -1.6393136e-01  -3.3989308e-03   1.1610648e-01  -1.5042752e-01   7.7904829e-02   3.1504672e-01   5.0305953e-01   1.8358807e-01   5.7271989e-01   1.6166484e-01  -3.2717413e-01  -2.1076908e-01  -3.3891449e-01  -1.0428153e-01   1.7533821e-02  -7.6731181e-02   1.4854624e-01  -1.1591168e-02  -2.7832604e-01   2.0801482e-01  -1.6003973e-01   1.3043006e-01   5.3497052e-01  -1.3961216e-01  -2.5662257e-01   1.5039813e-01   5.0046389e-02   1.1404246e-01  -2.8720822e-01   1.8732105e-01   2.4312764e-01  -2.8905073e-01  -2.2823812e-01  -4.0611761e-02  -1.9502707e-01   1.2912794e-01  -4.3803250e-01  -1.7456530e-01  -4.2886279e-03   3.1758943e-01  -2.5873326e-01  -2.9593123e-01   2.1460687e-01   1.9705832e-01   3.2699928e-01   2.6208838e-01   1.0730746e-02   8.6117113e-02  -3.5668143e-01   1.8136634e-01   1.0109370e-01  -4.3496220e-01  -2.8745950e-01  -3.8898087e-01   2.7592117e-02  -2.1369527e-01  -4.6333139e-02   2.8028565e-01   3.0330511e-01  -4.6797584e-03  -5.9761134e-02   1.0241514e-01  -2.7957360e-01  -2.1941813e-01  -9.9472793e-02  -2.9094495e-01   7.5414489e-02  -2.8313369e-01  -1.8737969e-01   2.5769852e-01  -2.9077973e-01   3.2914691e-01   4.5383442e-01  -4.1666944e-02   6.9028357e-01  -1.1565255e-01  -1.5678217e-01  -2.5655081e-01   2.9356060e-01   4.2213274e-01  -1.4345107e-01   1.4535849e-01  -2.7314277e-01  -5.3429390e-02   3.0743347e-01  -1.5265641e-01  -4.5230063e-01   4.9959277e-02   4.9053112e-01   1.1820041e-01   3.9568971e-01   1.6035069e-01  -4.6663237e-01   2.7518904e-01  -8.8399940e-03  -2.6462855e-01  -7.6014246e-03   1.5801518e-02   6.6863501e-01  -2.8388548e-01  -3.6198746e-01  -3.0347777e-01   1.2016167e-01  -2.0139776e-01   7.7704423e-02   2.6720770e-01  -1.3132916e-01  -4.5942771e-01   5.6642898e-02   4.3921544e-01   5.0586725e-01   1.3497025e-01   7.6258212e-02   3.8353604e-01  -1.5700376e-01  -1.1763673e-01  -3.4183813e-01   5.3420608e-01   2.6041373e-01  -1.0178669e-01  -2.5026469e-01  -5.1801193e-01  -2.6432429e-01  -3.5512185e-01   6.0816829e-01   5.4225889e-01  -1.9240816e-02  -4.3115890e-01  -8.3658720e-02  -4.8943888e-02   1.7664310e-01  -2.2326705e-01   4.9746465e-02  -1.6284316e-01   2.3121959e-01  -2.7092853e-02  -2.2675489e-01   7.9926205e-02  -4.0916135e-01  -1.9500248e-01   6.6330246e-01   3.6516107e-01   9.6374044e-02   1.4730342e-01  -8.3230613e-02  -1.7282334e-01  -5.5811241e-01   1.1369955e-01   1.1754671e-01   2.4852037e-01  -2.8164878e-01  -2.5168273e-01  -3.5646037e-01   1.6484088e-01  -3.4781295e-01  -1.2448085e-01   1.7518281e-01   2.9116364e-04  -2.5727795e-01   2.8938988e-01  -1.7391812e-01   1.3652447e-01
   9.2856856e-02   0.0000000e+00   2.1391603e-01  -3.5173219e-01   2.6161268e-01  -4.2297127e-01  -2.3709307e-01  -3.2863268e-02   3.0460975e-02   5.8210229e-02  -1.0665160e-01   7.3742210e-01  -7.0371935e-02  -3.1924980e-01   6.6547430e-02  -1.2065217e-01   3.3406637e-01  -2.2598751e-01   1.1837853e-01   1.6054845e-01   7.8977096e-02  -1.8452736e-01   1.0263006e-01  -1.1848024e-01   1.2066990e-01  -3.5295624e-02   1.7154970e-01  -1.6022892e-01  -1.2048371e-01  -3.2562093e-01   1.1497947e-01  -1.7745884e-01   1.9077628e-01  -2.3717094e-02  -1.9258745e-01   4.1642973e-01  -2.6860706e-01   5.1808885e-02   2.8622043e-02   3.6557250e-01   1.2006230e-01  -4.0496697e-02  -2.0000260e-01  -2.0246296e-01   2.0422446e-01   1.8099832e-01   4.0826695e-02   2.5066668e-01   8.4751133e-02   2.3044476e-01  -3.8917411e-01  -2.2325233e-01   3.8408257e-01  -3.5325607e-01  -1.6274540e-01  -2.3298748e-01  -4.9922076e-02  -9.4001981e-02  -1.9673030e-02   1.5215335e-02  -1.6821393e-02   1.6548932e-01   7.0388829e-02   1.3594989e-01   2.7827759e-01   2.4244828e-01  -2.0480535e-01  -1.4466618e-01  -2.0657849e-01   1.9075303e-01   6.2004328e-01  -3.8169504e-01   1.9614469e-01  -2.1417351e-02  -2.5430426e-01   1.7124912e-01  -3.4429273e-03  -4.8277301e-01   5.4798351e-01  -2.3952502e-01  -1.5574911e-01   2.1368105e-01   1.0313278e-01  -1.3411749e-02   1.9759038e-01  -2.0594775e-01   2.3405116e-01  -3.9089735e-01  -2.4354375e-01   2.6998985e-01   5.4136909e-01   1.2269860e-01  -9.4444444e-02  -1.5093400e-01   1.3827797e-01   9.1145001e-02  -4.2016751e-01  -3.0626911e-01  -1.0963108e-01   9.5849261e-02   2.0045299e-01   1.2928351e-01  -2.2908462e-01   3.3705606e-01  -2.6847710e-01  -1.3399651e-01  -1.2758530e-01  -2.8564544e-01   5.5159399e-02  -1.5939440e-01   1.6272470e-01  -2.9401577e-01  -3.6953045e-01   2.3420653e-01   5.0917125e-02   4.8031929e-01  -3.5895874e-01   1.4735763e-01  -3.1337589e-01  -3.7965770e-01   1.3681005e-02   5.1902151e-01  -1.5162650e-01   2.2839965e-01   2.1079162e-01   6.9006258e-02   1.0781060e-02  -3.7522386e-01  -2.0693625e-01   2.8391956e-01   1.4328411e-01   3.2216735e-01   3.3064661e-01  -1.5265330e-01  -5.5425648e-01   1.0019372e-01  -1.5668020e-01  -2.5155017e-02  -3.6569863e-01   4.0650268e-02  -3.3835195e-02  -2.4859088e-01  -4.0884720e-01  -2.4414888e-01   2.0703383e-01  -2.9694613e-02   4.7162149e-01   4.0395265e-01  -2.1386808e-02   1.7033461e-01   1.1992643e-01   1.0515684e-02  -1.3183885e-01   2.6239210e-01   3.1382531e-01   1.4168231e-04  -1.3075493e-01   8.2276898e-02   5.4410605e-02  -4.0982466e-01  -3.1105243e-01  -3.7128680e-01   4.5956013e-01  -4.1134337e-01   1.7770381e-01   3.7638255e-01   3.9406636e-01  -1.6344142e-01   2.2737470e-02   2.8284999e-01   5.0185797e-01   2.5674125e-02  -1.6411580e-01  -2.5503090e-01  -3.0413899e-02  -2.4353630e-01   5.7859840e-03
  -2.2427700e-02   2.1391603e-01   0.0000000e+00  -2.7700910e-01   3.4898049e-01   1.1992096e-01   1.5896398e-01  -1.2543532e-01  -2.1441758e-01   4.2647467e-01   8.8719941e-02   3.6488979e-01   3.7629329e-02  -3.0470891e-01  -1.4820917e-01  -1.4681697e-01   8.0671884e-01  -1.6561144e-01   1.0399157e-01   3.5146387e-01  -1.2168000e-01  -2.6962660e-01   1.2513997e-01  -7.2236751e-02  -4.7724403e-02  -9.8438498e-02   2.3365714e-01  -1.1763316e-01  -6.9360607e-02  -4.8508465e-02  -3.3214323e-01  -3.0386574e-01  -2.8800751e-02   2.9752815e-01  -2.6752643e-01   3.2681447e-01   1.2571791e-01  -1.4718978e-01  -1.7528391e-01   4.7578869e-01   3.2825577e-02  -7.6480927e-02  -1.2603563e-02  -1.3491815e-01  -2.5479939e-01   2.3794154e-01   2.0549608e-01   1.7678897e-01  -1.2027387e-01   2.3577042e-01  -2.1291578e-01  -1.3660298e-01   1.4798739e-01  -1.4141273e-01  -1.9863787e-01   2.6202629e-01   3.0949984e-02  -2.2171401e-01  -2.0817731e-01  -1.0145008e-01   2.2467668e-01  -1.5704864e-01   4.9916435e-02  -2.1132347e-01  -4.3803354e-01   4.4571427e-01   1.8700030e-01  -3.9527789e-02   1.0956135e-01   7.8220051e-01   1.1124492e-01  -2.4012173e-01  -1.9888949e-01   1.6356946e-01  -1.8218703e-01  -7.1771111e-02   2.5508552e-01  -1.6107131e-01  -5.3118801e-02  -1.8657105e-01  -8.1248737e-02  -1.7335130e-01  -5.8316800e-02  -3.1340873e-02   1.6418739e-01  -1.5253599e-01  -2.1223003e-01  -1.5920832e-01  -1.8731900e-01  -2.5037927e-02  -7.4845825e-02   4.2176139e-01   1.0728359e-01  -2.0161690e-01  -3.4496200e-02   3.1259759e-01  -2.2122934e-01  -2.2573841e-01  -7.4756249e-02  -5.3889506e-02   4.5397994e-02  -8.8051204e-03  -2.3902285e-01  -1.5947326e-01  -2.7714212e-01  -2.2629895e-01  -2.2526662e-01  -3.2221547e-02  -1.0762012e-01   2.0430158e-01   2.1485672e-01  -4.2137690e-02  -2.2087691e-01   6.3980468e-02   2.4677628e-01  -7.4869875e-02  -1.1804520e-01  -4.0725903e-02   7.7291986e-02  -3.1374781e-01   2.5400967e-01   2.4406843e-01   2.0848278e-01  -3.6359828e-01   1.1128531e-01  -6.8389867e-02  -4.0934334e-01  -3.0533306e-01  -2.9747079e-01   6.4149883e-01  -7.1777192e-02  -1.4835978e-01  -4.5535547e-02  -2.3175541e-01  -2.8018500e-01  -2.8285260e-03  -9.3109542e-02  -7.1299793e-02  -1.2902322e-01   1.1177800e-01   7.2778375e-02  -1.7409407e-01  -2.5010699e-01   2.5112614e-01   2.3455259e-03  -3.7466715e-01   4.2416976e-01   2.9088092e-01   2.9413338e-01  -1.0472088e-01   5.0974993e-01  -1.4444067e-01   1.1813633e-01  -3.7406543e-02   4.3861319e-01   1.0707815e-02   6.0410562e-02  -1.5937298e-01   1.1427495e-01  -2.0473806e-01  -1.5718934e-01  -6.9012417e-02   2.4593173e-01  -2.8551985e-01  -7.2717509e-02   1.7047277e-02   7.6527938e-02  -7.7186944e-02   1.2264943e-01  -4.0277180e-02   1.1208879e-01   1.1977185e-02   4.0028980e-04   2.0162119e-01   6.8764053e-02  -1.7785384e-01  -1.1042539e-01
   1.7228037e-01  -3.5173219e-01  -2.7700910e-01   0.0000000e+00  -3.8072577e-01   1.0162112e-01  -1.4210481e-01   4.6356797e-02   5.0659983e-01  -1.5233994e-01  -2.1047014e-01  -4.9216919e-01  -2.7145865e-01   5.0531880e-01  -8.1174003e-02   1.5316309e-01  -3.2263685e-01   6.8501639e-01   6.9307978e-03  -3.3673199e-01  -1.3433425e-01   6.4371467e-01  -3.4480994e-01  -6.0355107e-02   2.3240297e-01   4.7377183e-02  -4.8953536e-01   7.8335488e-02   2.2697368e-01   3.3904371e-01   1.3148753e-01   5.9973838e-01   3.8666525e-01  -4.3576390e-01   1.2436645e-01  -4.9534810e-01   6.1041352e-02   4.2398987e-01   1.4990045e-01  -2.9440181e-01  -3.4792287e-02   3.9129020e-01   1.8790215e-01   1.4450237e-01   2.6874788e-01  -1.7702862e-01  -3.1695332e-01  -2.0980512e-01   1.9691906e-01   1.4604533e-01   5.7002361e-01   9.8728315e-02  -5.0334809e-01   5.1237964e-01   5.0097497e-01  -2.1301641e-02  -1.1594282e-01   5.3468329e-01   3.6310606e-01   2.4602988e-01   3.7156841e-02   1.9980799e-01   4.1229413e-01  -1.4267783e-01   2.7490533e-01  -5.4029971e-01  -3.5887816e-02   8.2437827e-02  -2.3448686e-01  -3.3657543e-01  -5.1079620e-01   6.3876514e-01  -7.7765189e-02   1.1585137e-01   4.8944673e-01  -3.6567282e-02   1.4219092e-01   2.7307658e-01  -4.6430308e-01  -4.3080682e-02   1.5983284e-03  -2.5546515e-01  -5.8544093e-02   1.5890299e-01  -2.4400165e-02   4.5375880e-03   1.3656239e-01   4.4845189e-01   3.4363226e-01   5.8810991e-02  -1.2555643e-01  -5.0756147e-02  -3.2028576e-01   5.9697658e-01   2.5337489e-01  -2.8412066e-01   3.1985554e-01   7.3304070e-02   3.6691833e-01  -1.0830908e-01   4.6596143e-02  -5.1482546e-01   2.0370914e-01   2.3219989e-01   6.2321123e-01   6.7036434e-01   6.3074858e-01  -1.4639316e-02  -2.0550920e-03  -2.4020852e-01  -3.2959284e-01   2.6858737e-01   6.3193752e-01  -9.6806221e-02  -3.3996463e-01  -4.7889330e-01   2.3867244e-01  -3.9226067e-02   2.1133859e-01   8.2858229e-01  -2.2641272e-01  -4.5393130e-01  -4.9322131e-02   4.7812383e-02  -4.1076154e-03   1.6241007e-01   3.3902469e-01   3.8496152e-01   6.5575285e-01  -3.7029035e-01  -3.3288355e-01  -4.2298495e-01   2.1822428e-01   9.3204337e-02   7.2492753e-01   3.7603720e-02  -9.0621956e-02   6.7121554e-02   1.2794914e-01   3.8079005e-02  -4.2299299e-02  -1.5031871e-01   2.3585626e-01  -1.6185909e-01  -9.9964810e-02   3.7368343e-01  -5.9350359e-01  -5.5313505e-01  -2.5575348e-01   1.1052866e-02  -3.2442645e-01   2.9355788e-03   3.8668068e-01  -3.0643626e-01  -3.9142267e-01   1.0476006e-01  -1.8286216e-01   1.4319451e-01   1.6677384e-01   3.2743030e-01   4.1317833e-01   1.6929663e-01  -2.4110212e-01   7.3895852e-01   3.8126221e-01  -5.3503484e-01  -3.7711089e-01   4.2232800e-02   2.2851357e-01  -3.7581579e-01  -5.2226557e-01  -8.6458782e-02   4.6744171e-01   1.9724189e-02   1.3931264e-01   3.1625484e-01   6.0868673e-01
  -4.9327939e-03   2.6161268e-01   3.4898049e-01  -3.8072577e-01   0.0000000e+00   1.4750658e-02   3.5811214e-02   7.3243280e-02  -3.1010777e-02   4.9140961e-01  -1.0465439e-01   2.7496234e-01   3.1347389e-01  -5.2017971e-01  -2.1127735e-01  -3.3217553e-01   3.9095229e-01  -3.3718915e-01   1.5571809e-01   8.9200549e-01  -1.5751158e-01  -3.0725693e-01   2.8758194e-01   1.4199631e-01   4.3768888e-02   9.9116762e-02   4.7143612e-01  -1.2724731e-01  -2.3701211e-01  -8.3654953e-02  -2.2974125e-01  -4.0413375e-01  -3.5082978e-01   3.2396288e-01   1.6585548e-01   4.1903509e-01   3.9153222e-01  -1.0174554e-01  -2.2757090e-01   2.0228142e-01   2.9469147e-01  -4.3741579e-01   1.9550205e-01  -2.5306658e-01  -2.8653682e-01   4.4979279e-01   1.7132284e-01  -7.9389686e-02   1.1222477e-01  -2.0743083e-01  -4.5697584e-01   5.2845892e-02   1.0886965e-01  -5.6098749e-01  -6.3022529e-01   8.0301810e-02   9.7773841e-02  -2.8582303e-02   2.7325044e-02   1.5255945e-02   1.6838222e-01  -1.4911701e-01   9.3117488e-02  -4.6206909e-02  -1.2314598e-01   5.8867577e-01   3.4139872e-02   4.8308714e-02   1.9984941e-01   4.3462243e-01   6.4829904e-02  -3.4752800e-01   1.0632762e-01  -8.8715427e-02  -4.4025384e-01   2.4255791e-01   1.2766265e-01  -2.8687488e-02   3.8029290e-01  -6.4916465e-02  -4.6602513e-02   1.0814415e-02  -2.0129953e-01   1.1950559e-01  -1.0453805e-01   1.0850656e-01   2.9196666e-02  -4.3973949e-01  -1.7057509e-01   4.3170337e-02  -1.4916519e-01   8.4954345e-02   3.6801219e-01  -1.6580441e-01   1.8708799e-02   7.2837468e-01  -1.8331750e-03  -1.6705207e-01  -7.7125559e-03   2.0871199e-02  -2.8178918e-01   9.1358289e-02  -1.7492956e-01  -4.4458329e-02  -2.8215104e-01  -1.5386402e-01  -4.1779843e-01   6.1963975e-02   2.8820073e-01   8.7353821e-02   1.3355890e-01  -1.7185378e-02  -2.4948740e-01   2.6099357e-01  -3.8772759e-02   2.7385676e-01  -8.2947841e-03   2.8743037e-02  -3.3678650e-01  -4.7879519e-01   4.9098950e-01   5.3295600e-01  -1.1476305e-01  -2.6921432e-01   3.2189833e-01   6.8587354e-04  -4.3182372e-01  -4.1876888e-01  -1.7350697e-01   1.9687034e-01   8.0876262e-02   7.5778230e-02   1.7705136e-02  -2.6771690e-01  -2.8775982e-01   2.4952246e-01  -5.9558933e-02  -2.8581919e-01   8.1373768e-02   1.7716559e-01  -1.0625201e-01   9.0479109e-02  -1.9317297e-01   1.2092765e-01  -4.2028290e-02  -4.2601056e-01   2.1753896e-01   3.3231060e-01   2.5407359e-01   3.3544913e-02   2.0382360e-02  -1.5696622e-01  -1.6048440e-01   1.2387571e-01   1.7074563e-01   1.9669754e-01   3.3420130e-01  -1.0249358e-01  -2.1468896e-02  -8.6849836e-02  -2.7801177e-01  -1.2485821e-02  -2.3805228e-01  -4.4742875e-01  -6.0693946e-02   3.7112629e-01   1.2835922e-01  -2.2585324e-01   2.7968963e-02   1.0291337e-01   5.0877916e-01   7.9963770e-02   1.1927746e-01  -5.3128969e-02   3.6331234e-02  -2.1485099e-01  -3.4272622e-01
  -3.5443028e-01  -4.2297127e-01   1.1992096e-01   1.0162112e-01   1.4750658e-02   0.0000000e+00   6.3416566e-01   4.1090495e-01  -3.1565170e-01  -1.2406800e-01   5.1404763e-01  -2.3085319e-01  -1.2850230e-01  -3.3702705e-02   2.1977753e-01   2.1757799e-01  -4.1174478e-02   7.9873830e-02   2.6897793e-01  -6.7724188e-02  -3.1121077e-01  -1.7857330e-01  -2.9145782e-01  -1.5410272e-01  -3.8885089e-01   3.6842773e-01   3.6997330e-01   4.0885919e-01  -7.3490916e-02   4.4364326e-01   1.2224745e-01   9.5696667e-02  -3.2319845e-02   3.1877637e-01  -1.3617742e-01   1.8724415e-01  -5.6109677e-03  -2.7507903e-01   1.7398470e-01   1.6160421e-01  -1.1303992e-01  -1.1591789e-02  -7.8551086e-02   4.5220481e-01  -3.7522283e-01  -1.5951290e-01   4.6420294e-01   2.1064342e-01  -1.8324370e-01   1.1890967e-02   1.6881399e-01   5.4772936e-01   3.5135506e-02   2.1129434e-01  -7.8679365e-02   4.8352545e-01   5.7077294e-01  -4.9800292e-02  -5.1984301e-03  -2.0871756e-01  -2.1772774e-01  -2.6628025e-01  -1.0712477e-01   2.5896468e-01  -2.4922344e-01  -2.4760027e-01   8.9263762e-01   3.3137108e-01   6.7492561e-01   1.0943991e-01  -1.9853366e-01   1.6946451e-01  -2.8291384e-01   1.9054118e-02   1.1859150e-01   1.4911897e-03  -1.0430292e-01   5.0293323e-01  -7.1440696e-02   2.1235867e-01   6.0745237e-01  -1.5480614e-01   1.2355368e-01   3.8335846e-01   8.8731020e-03   3.1516461e-01  -3.6843296e-01  -6.8796766e-02   2.0532665e-01  -3.6541833e-01  -1.7188479e-01   1.1604711e-01   4.6127063e-01  -1.7570322e-01  -2.7268513e-01  -8.6195823e-03  -5.5958066e-03   5.1223276e-01  -5.0437642e-03  -4.3986781e-01   1.1593136e-01   2.4918960e-01   3.0265633e-01  -4.1997800e-01   1.4867600e-01  -2.4176620e-01  -9.2600827e-02   7.7233715e-01  -4.0616111e-01   2.6369459e-01   1.4360800e-01   3.8057815e-01   2.0682991e-01  -3.3482583e-01   2.0958367e-01   2.7057270e-02   5.3155394e-01  -1.7543458e-01   3.7137761e-01   1.7884942e-01  -8.7901745e-02  -2.5464069e-01   4.9239063e-01  -1.1412804e-01  -9.6712001e-02  -2.9700563e-01   2.9413812e-02   1.1153180e-01  -2.5639825e-01   1.8854446e-01  -2.2106960e-02   1.8417419e-01  -3.9550672e-01   3.4894509e-02   2.6980673e-01   3.5678353e-01   4.8041759e-01   4.1573611e-01   5.3575290e-01  -1.9178691e-01  -2.1794374e-01   1.7093273e-02   4.5756371e-01   4.3386713e-01   9.1241999e-02  -1.2029369e-01  -5.7693557e-02  -8.4636123e-02   2.7479503e-01  -4.6806684e-01   1.1379490e-01   3.2689559e-01   7.7052833e-02   1.6378942e-01   1.4990202e-01  -2.4773949e-01  -4.6261051e-02   1.1972803e-02  -2.4649981e-01   6.1789318e-01   1.5344287e-01   6.4042767e-01  -3.1637741e-01   1.7939045e-01  -9.5122833e-02   3.9723563e-02   1.1892163e-01   4.0339154e-01  -9.2302921e-02   1.7823499e-01  -1.3641081e-01  -3.6266123e-01   1.4513131e-01   6.5849724e-01  -2.2144952e-01   3.1350177e-03   5.4769479e-02
  -3.4275605e-01  -2.3709307e-01   1.5896398e-01  -1.4210481e-01   3.5811214e-02   6.3416566e-01   0.0000000e+00   2.5070993e-01  -4.3076522e-01  -5.0837128e-02   4.4706686e-01   4.1894205e-02  -1.7626533e-01  -1.2229499e-01   3.3510026e-01   1.1046880e-01  -1.3347901e-02   5.7393931e-03  -2.1683961e-02  -5.2902116e-03  -9.4283570e-02  -2.8856562e-01   2.0899532e-01  -2.2122349e-01  -3.5060706e-01   2.5981507e-01   2.4212614e-01   3.9145510e-01  -8.0480491e-02   4.0111838e-01   2.6737808e-02   1.4770856e-01  -1.1892590e-01   6.0296689e-01  -2.6766959e-01   2.9234618e-01   2.8464832e-02  -3.6430912e-01   4.7552264e-02   1.3450895e-01  -1.8623618e-01  -8.6622467e-02  -1.3030171e-01   1.9975474e-01  -3.0792675e-01  -6.7872673e-02   4.2398262e-01   4.3799348e-01  -3.4113262e-01   1.1534536e-01   2.5487906e-01   4.1306303e-01   1.8128346e-01  -4.2785122e-02  -2.5614617e-01   2.8995472e-01   2.9229027e-01  -3.5631590e-02   1.4375343e-02  -1.7630773e-01  -4.2415258e-01  -2.9703351e-01  -1.8861533e-01   1.3385000e-01  -2.1423857e-01  -2.6251070e-03   6.2713365e-01   1.9143351e-01   5.4021382e-01   1.5624946e-01  -1.3075999e-02   6.1351311e-02  -3.1840191e-01  -1.8245737e-01  -1.7615349e-02  -3.8436199e-02  -7.3252294e-02   2.1162248e-01  -1.6167098e-01   1.6078855e-01   5.3062844e-01  -1.2866010e-01  -3.7281758e-02   1.8358133e-01  -1.6708646e-01   4.0185981e-01  -2.7775616e-01  -1.2186322e-01   1.5004404e-01  -2.3798086e-01  -2.8958021e-01  -1.3951713e-01   4.3413307e-01  -2.2823849e-01  -2.2080570e-01  -1.5471514e-01  -1.9188927e-01   3.0093141e-01  -8.0532212e-02   1.5686277e-02   9.5853531e-02   4.2102013e-01   1.3224166e-01  -4.4771341e-01   2.0810020e-01  -3.0005266e-01  -3.6001190e-01   6.3696225e-01  -2.9581668e-01   2.3756146e-01   1.3751760e-01   3.7477438e-01  -2.1153945e-02  -1.6459687e-01   3.5286060e-01   4.8488473e-02   3.1391517e-01  -2.2276503e-01   1.2914346e-01   2.5782189e-02  -5.1421321e-02  -3.0381093e-01   4.4940398e-01  -9.4913300e-02  -8.5570683e-02  -3.4604020e-01   2.3902219e-01  -7.0129482e-02  -3.7579531e-01   1.4747356e-01  -4.8352379e-02   3.2526592e-01  -4.6865137e-01   9.4325273e-02   8.7355978e-02   1.9550561e-01   3.6877258e-01   3.8745621e-01   3.6856018e-01  -3.3344434e-01  -2.8197629e-01  -7.8174532e-02   2.1430466e-01   1.9453514e-01   4.1587121e-01   3.4189888e-02   2.1753323e-01   4.1437322e-02   2.8644359e-01  -1.7867905e-01   4.4592833e-02   1.5256300e-01  -1.9526224e-01   1.2447250e-01  -1.0627927e-01  -3.1610666e-01  -1.1851880e-01   3.0665388e-03  -5.1216161e-01   3.8208275e-01  -2.9414803e-02   3.6799678e-01  -2.3805443e-01   5.8114931e-02  -4.8304860e-02   1.4106967e-01   2.1271666e-01   3.8237544e-02  -2.3863990e-01   1.2352678e-02  -3.0064758e-02  -3.2925185e-01  -2.6056866e-02   2.5786452e-01  -1.6735582e-01  -2.4058248e-01   3.9711317e-02
  -3.2522283e-01  -3.2863268e-02  -1.2543532e-01   4.6356797e-02   7.3243280e-02   4.1090495e-01   2.5070993e-01   0.0000000e+00   1.1442716e-01  -1.0065947e-01   3.0094912e-01  -2.0992671e-01  -3.0544226e-02  -2.6318898e-01   1.6808413e-01   2.1529960e-01   3.9330337e-02  -1.6206737e-01   4.4265662e-01  -2.2633315e-02  -6.1812885e-02  -2.8153139e-01  -1.7879282e-01  -8.5063548e-02  -2.8321257e-01   7.9803697e-01   2.2876869e-01   5.0947170e-01  -1.2921555e-01  -2.5925154e-02   3.9953477e-01   7.1728712e-03   8.4606960e-02   3.3853951e-01   5.2791339e-03   1.9634632e-01  -1.0223284e-01  -1.0776839e-01   3.9916954e-01   2.0251291e-01  -1.8096695e-01  -1.5458701e-01  -1.7491581e-02   7.1577536e-01  -1.6515085e-01   4.9578221e-03   7.4150433e-02   3.4148204e-01   1.2703584e-01   1.7136130e-01  -1.8675627e-01   7.9222586e-01   4.1439327e-01   5.3143781e-02  -1.6603641e-01   4.6953162e-01   5.1288872e-01   1.4461610e-02  -1.4088062e-01  -2.1570278e-01  -1.4106103e-01  -1.0398132e-01   1.8050939e-01   7.5698634e-01   2.4422889e-01  -9.9958632e-02   3.9457224e-01   4.0895830e-01   2.6786585e-01   1.0618966e-01   2.2586329e-01  -1.0147444e-03  -1.6958375e-01  -3.5338826e-01  -2.2048170e-02   2.6932936e-01  -2.1345845e-02   3.4032650e-01   2.3052224e-01  -1.9142171e-02   6.8443870e-01  -1.0913658e-01   5.8137293e-01   8.0969520e-01  -4.7257674e-03   3.2086360e-01  -4.4175938e-02  -2.3225530e-01   4.2742676e-01  -1.7114732e-01   2.5789104e-01   1.2043441e-01   3.0708532e-01  -1.1157783e-01  -1.4084106e-01   1.0006583e-01   6.0875236e-04   4.9962706e-01  -6.9772774e-02  -2.6207234e-01   3.9332183e-01   3.3298923e-01   3.5947612e-01  -1.5038498e-01  -1.2811807e-02  -2.6962389e-01   5.3457362e-02   6.3861818e-01  -1.9444329e-01  -7.8786777e-02   4.6910287e-01  -4.0001939e-02   2.0709403e-01  -2.6367220e-01   2.6712501e-01   5.1125952e-01   5.7993126e-01  -1.9422362e-01   3.0772788e-01  -4.9393320e-03  -7.1125234e-02   6.5718570e-02   9.1382977e-02   2.3622744e-01   8.2766181e-02  -4.5736045e-01  -3.6027785e-02   2.0060224e-02  -2.2025092e-01   2.8498766e-01   1.1636000e-01   3.6833337e-01  -2.4766268e-01  -2.9106202e-02   2.3273717e-01   7.0944916e-01   4.2856180e-01   5.9514250e-01   4.7587180e-01  -6.1247309e-02  -9.6748539e-02  -4.1689950e-02   4.5268385e-01   1.5520319e-01   9.4679349e-02   8.0899498e-02   9.4554029e-02   1.2259922e-02   6.2521336e-02  -5.9164403e-02   5.0268871e-02   7.2776337e-01   1.0764278e-01   6.9091061e-01   1.0914936e-01  -2.2304209e-01  -1.5353804e-02  -1.7860468e-01  -7.9822606e-03   5.2817702e-01   2.0444926e-01   5.9664273e-01  -1.1221177e-01  -1.0239640e-01  -6.4123796e-02   3.7738884e-01   4.1214989e-01   3.6195953e-01   7.2837466e-02   5.3387924e-01   2.1977625e-01  -2.2022871e-01   1.4341787e-01   2.5124004e-01  -3.5269683e-01  -1.3478641e-01  -1.8131126e-02
   2.2167897e-01   3.0460975e-02  -2.1441758e-01   5.0659983e-01  -3.1010777e-02  -3.1565170e-01  -4.3076522e-01   1.1442716e-01   0.0000000e+00   4.9256995e-02  -5.3126304e-01  -1.3371361e-01   1.6410550e-01   2.0923985e-01  -2.8405898e-01   7.6445978e-02  -1.7549612e-01   4.0087669e-01  -4.8623057e-02   1.5328244e-03  -1.7850678e-01   4.8675321e-01  -4.8031064e-02   2.4413065e-01   5.0911525e-01   1.1700526e-01  -3.7119967e-01   2.1262876e-02   2.0948391e-01  -6.2382699e-02  -7.5515759e-02   2.0770425e-01   1.7321264e-01  -4.0041702e-01   4.4436377e-01  -3.0731724e-01   6.8176407e-02   4.0895352e-01   8.6083748e-02  -2.1242413e-01   1.4262560e-01   9.3662548e-02   4.8968572e-01  -3.0608309e-02   4.8178406e-01   8.4791102e-02  -4.8047975e-01  -2.9167282e-01   3.9807958e-01   7.5093635e-02   6.7026483e-02  -1.8567161e-02  -4.3629332e-01   1.0419532e-01   1.3115068e-01  -7.5191517e-02  -3.7231028e-01   4.0524962e-01   1.8307803e-01   3.4558780e-01   2.9646583e-01   3.3268170e-01   6.2784891e-01  -1.3825984e-01   4.3264659e-01  -1.1638757e-01  -4.2583800e-01   2.8950313e-03  -5.1943377e-01  -1.4869975e-01  -3.0439330e-01   4.0011445e-01   1.2570651e-01   5.4259112e-02  -5.6956237e-02   1.6944560e-01   3.1446754e-01   7.4679737e-02  -3.9718468e-02  -1.3604917e-01  -1.7035306e-01  -1.7275806e-02  -1.2328827e-01   2.5169789e-01  -1.6248868e-01  -1.1407493e-01   3.2947345e-01   3.4382084e-01   2.6487699e-01   1.8317730e-01   1.2322977e-02   1.2258002e-01  -2.6180565e-01   6.0584327e-01   2.3243890e-01  -4.2422710e-02   4.6714280e-01  -1.5376833e-01   4.4796632e-01   9.0910759e-02  -1.1470461e-01  -4.2620459e-01   9.9991802e-02   4.4136793e-01   3.6982957e-01   3.9449745e-01   5.3441088e-01  -3.0997802e-01   2.0149167e-01  -3.9928910e-01  -1.1324014e-01  -1.2200324e-01   4.2061892e-01  -8.5286025e-02  -3.2225128e-01  -2.0373565e-01   1.0395256e-01   7.9848852e-02  -1.8911735e-02   3.5141433e-01   1.4799679e-01   2.4525347e-02  -2.7591902e-01   5.5157583e-02   6.8266882e-05   3.8590284e-01   1.3119650e-01   6.5663680e-03   5.8544270e-01  -2.8534572e-01  -2.9534122e-02  -3.8151669e-01   3.7160165e-01  -7.8320247e-02   4.6375219e-01   1.2425115e-01  -2.7702411e-01  -1.9103325e-01  -7.7928329e-02   2.5359637e-01   9.5845643e-02   5.1847282e-02   5.3559198e-03  -1.3363191e-01  -1.5543783e-01   1.3040649e-01  -3.3225178e-01  -1.8134223e-01  -5.8401139e-02   1.6791427e-01  -3.5531141e-01   7.5979361e-03   4.3967643e-01  -2.8161449e-02  -3.3003987e-01   2.5703259e-01   5.9869918e-02  -7.8925905e-02   4.6867502e-01   2.0042914e-02   3.2544044e-01  -1.2320589e-01  -2.0701487e-02   2.5199578e-01   1.0366096e-01  -1.7619141e-01  -7.8785708e-02  -3.3665796e-02   5.1839667e-01  -3.2407834e-01  -1.0128277e-01   3.9641835e-01   4.8352416e-01  -2.6390642e-01   1.8689708e-01   3.1283500e-01   1.6792528e-01
   9.8436057e-02   5.8210229e-02   4.2647467e-01  -1.5233994e-01   4.9140961e-01  -1.2406800e-01  -5.0837128e-02  -1.0065947e-01   4.9256995e-02   0.0000000e+00  -3.1125151e-01   4.1798772e-02  -2.4133608e-02  -2.7953530e-01  -5.0278453e-01  -3.4607722e-01   5.5869150e-01  -1.2302252e-01   1.4011452e-03   6.8444963e-01  -5.5344868e-03  -2.5279341e-01   2.0585272e-01   1.9744514e-01  -1.3442681e-02  -9.3704485e-02   1.9168929e-01  -2.0611033e-01  -1.8981588e-01  -7.7031461e-02  -3.8970473e-01  -4.3490753e-01  -2.4367402e-01   3.2904183e-01   2.9562810e-01   2.7928846e-02   6.4386000e-01   2.9213253e-01  -2.9634373e-01   1.2985502e-01   7.5493171e-02  -1.2316593e-01   2.4117085e-01  -2.7215769e-01  -2.4151700e-01   6.7340747e-01  -1.4018017e-01  -7.4945218e-02  -1.0958269e-01  -5.7287434e-02  -3.2246262e-01  -1.4432840e-01   8.7486612e-02  -2.4338533e-01  -2.6882320e-01   3.3541105e-02  -1.9752594e-01  -1.1481886e-01  -2.0623614e-02  -1.2025984e-01   4.5779234e-01  -2.4942540e-01   9.1472708e-02  -1.8248480e-01  -2.1627909e-01   6.7615159e-01  -1.9711597e-01  -8.2405360e-02  -1.4809027e-01   5.5075265e-01  -3.2447772e-02  -1.5402032e-01  -8.3912209e-03  -4.9175547e-02  -2.9556238e-01  -1.5491969e-01   5.9546976e-01  -2.5473626e-02  -7.9043460e-02  -2.4083507e-01  -3.1232380e-01  -1.5983143e-01  -2.0273504e-01   2.0789753e-02  -2.6142154e-02  -2.4117981e-01   2.1160992e-01  -7.5700629e-02  -6.3557672e-02   1.7624556e-01  -3.5774569e-01   1.0554829e-01   1.2380865e-01  -9.8980094e-02   3.6281262e-01   6.7165929e-01   6.9077669e-02  -2.0632179e-01  -6.1270119e-02   3.9864124e-02  -2.3020658e-01  -1.9957216e-01  -2.9784818e-01  -1.6428637e-01  -2.2182225e-01   6.6757441e-02  -9.1617930e-02  -1.4255823e-01   7.9158088e-02   4.4354614e-02   2.6268577e-02  -1.0748184e-01  -1.3358815e-01   2.2371322e-01  -1.1996380e-03  -1.1810922e-01  -1.4830061e-01  -1.5659619e-01  -1.6299883e-01  -2.5693309e-01   6.2866338e-01   3.0664951e-01  -8.2653682e-02  -3.0541493e-01   4.0124422e-01   8.0551776e-02  -5.2245096e-01  -1.3282698e-01  -1.0330795e-01   3.1483863e-01  -9.6100352e-02  -2.8851082e-01  -8.0505385e-03  -2.2858010e-01  -8.1146106e-02  -9.9126536e-02  -2.8067553e-01  -3.1405214e-01  -1.5898865e-01   2.8649779e-01   1.4403173e-01  -1.2789777e-01  -1.5551428e-01   1.6036818e-01  -3.2155633e-01  -4.0333640e-01   4.9243737e-02   1.6716462e-01   1.5404071e-01   2.6249369e-01  -5.4431592e-02  -2.3705433e-01   1.5330653e-01  -5.9061701e-02  -7.8130433e-02   3.6541657e-01   4.9638284e-01  -2.1601475e-01   2.1931283e-01  -2.5599311e-01  -1.0738545e-01  -8.6081722e-02  -5.1167054e-02  -2.3436526e-01  -6.1852240e-02  -4.6433718e-02  -2.5206508e-01  -1.8411832e-01   3.2613822e-01  -1.3047006e-01   2.3445615e-01   3.6026913e-01   1.1810133e-01  -1.5239374e-01  -5.1568152e-02   7.0771911e-03  -3.0859977e-01
  -3.2578528e-01  -1.0665160e-01   8.8719941e-02  -2.1047014e-01  -1.0465439e-01   5.1404763e-01   4.4706686e-01   3.0094912e-01  -5.3126304e-01  -3.1125151e-01   0.0000000e+00  -4.9462516e-02  -4.3364308e-02  -2.5346950e-01   4.2664901e-01   3.0550843e-01   3.7459159e-02  -1.5074108e-01   1.5915686e-01  -2.1072113e-01  -8.0197836e-02  -3.0732811e-01  -2.3106960e-01  -3.0940633e-01  -3.3207695e-01   2.0082240e-01   3.0863090e-01   1.6769657e-01  -7.9870476e-02  -5.5824554e-02   2.6880279e-01   1.5661335e-01   1.5734355e-01   2.5346302e-01  -4.6929411e-01   4.7907631e-01  -4.5752483e-01  -4.2924517e-01   2.7801350e-01   2.8027018e-01  -1.5976297e-02   1.8424339e-01  -5.6008033e-01   4.1297961e-01  -2.5766851e-01  -2.7032901e-01   7.1037891e-01   2.8678663e-01  -1.8968317e-01   3.9082425e-02   1.8482810e-01   3.4963404e-01   3.3491298e-01   1.8303959e-01  -1.2882223e-01   3.4723383e-01   4.2182036e-01  -1.1370420e-01  -6.6149732e-03  -2.5420367e-01  -3.9783454e-01  -5.6201383e-02  -2.9065812e-01   4.5760157e-01  -3.0131723e-01  -2.2163511e-01   6.0955336e-01   1.5186878e-01   6.2254541e-01   2.2837100e-03   2.7170472e-01  -2.5795951e-02  -3.8298101e-02  -2.2546022e-01   3.1263469e-01   1.1629156e-01  -3.6705586e-01   1.1485067e-01   1.0841615e-01   3.4625480e-01   4.8131917e-01   1.0753465e-01   4.1664105e-01   1.0979747e-01   1.2556692e-01   3.8837964e-01  -4.3150522e-01  -3.1479702e-01  -6.7058514e-02  -2.1646777e-01   3.0155283e-01   1.8831217e-01   2.0414674e-01  -2.3212539e-01  -3.1002961e-01  -6.3695235e-02  -3.8316457e-01   3.2072380e-01  -1.0903230e-01  -3.4874252e-01   2.6719571e-01   5.2091881e-01   8.7804869e-02  -2.1364437e-01  -1.4067070e-01  -3.5054690e-01  -1.8495743e-01   5.8588581e-01  -2.9620347e-01   2.3712822e-01   3.0149734e-01   6.4387859e-02  -1.5978326e-01  -1.5406466e-01   3.1299109e-01   3.0458383e-01   2.3565122e-01   4.9460605e-02   1.9977436e-01  -3.5376575e-03  -2.6965999e-01  -4.2454679e-02   3.2381278e-01   1.5994037e-01   1.3631015e-02  -5.2142317e-01  -3.2396551e-03   1.1803907e-01  -4.6445637e-01   1.7974994e-01   1.2712589e-01   4.9039263e-01  -3.2545528e-01  -9.2751146e-02  -1.3370164e-01   2.8767702e-01   5.3011609e-01   4.2835782e-01   3.3753114e-01  -3.3586466e-01  -3.0612067e-01   4.3523705e-02   3.7507172e-01   1.3371311e-01   2.5930665e-01  -3.0143706e-02   3.3589253e-01   7.8247636e-02   9.1603970e-02  -5.3507999e-01   3.3373225e-01   3.1839039e-01  -1.4365567e-01   3.9375897e-01   3.1048914e-01  -3.9469590e-01  -2.9171958e-01   2.6914974e-01  -2.5758713e-01   2.5297875e-01  -1.8199838e-02   4.2910602e-01   1.4002908e-01  -7.1773588e-02   4.9117967e-02   2.4941476e-01   3.2844929e-01   1.8445226e-01  -4.3338942e-01   5.2896022e-01  -6.0551670e-02  -3.5199631e-01  -1.6931410e-01   3.6806032e-01  -1.2885075e-01  -8.4288107e-02   1.2148067e-01
   1.9354161e-02   7.3742210e-01   3.6488979e-01  -4.9216919e-01   2.7496234e-01  -2.3085319e-01   4.1894205e-02  -2.0992671e-01  -1.3371361e-01   4.1798772e-02  -4.9462516e-02   0.0000000e+00   7.4681853e-03  -3.4274672e-01   1.9922219e-01  -1.0272086e-01   2.6594148e-01  -2.9369855e-01   2.3708944e-02   1.9009764e-01  -1.2911676e-01  -2.8442408e-01   2.6813924e-01  -1.4522797e-01   1.4344796e-01  -1.9194106e-01   2.0254985e-01  -2.4373904e-01  -1.8571143e-01  -2.7611024e-01  -1.7477248e-01  -2.2199290e-01   8.9042248e-03   2.1574806e-01  -3.2253823e-01   5.3396549e-01  -2.4013382e-01  -5.9803409e-02  -1.1352717e-01   4.5216298e-01   1.9322980e-01  -7.7345169e-02  -1.9740504e-01  -3.7782380e-01   1.9435334e-01   9.5726677e-02   2.4491435e-01   1.7704651e-01  -7.6358304e-02   2.3468796e-01  -3.1963539e-01  -3.6748943e-01   2.9392814e-01  -3.6209832e-01  -2.5888957e-01  -1.5592352e-01  -1.2051626e-01  -2.0818907e-01  -7.7632586e-03  -3.3552544e-03  -1.4450542e-01   1.4614936e-01   1.4008136e-02  -1.6211581e-01  -9.6809813e-02   3.3272135e-01  -1.5144181e-02  -2.5179496e-01  -9.1283947e-02   2.5595531e-01   4.5409859e-01  -3.8102841e-01   1.1334383e-01   1.9317922e-01  -3.6920976e-01   6.6111218e-02  -3.5459984e-02  -4.9527986e-01   4.6246328e-01  -1.4407278e-01  -1.9607084e-01   2.3468099e-01  -1.1732624e-01  -2.1197539e-01   1.6032236e-01  -1.5314536e-01  -6.5510323e-02  -3.4954523e-01  -4.0383617e-01   2.0718193e-01   3.0007821e-01   1.9130533e-01   5.1231875e-02  -2.0224171e-01   3.9376189e-02   6.2322884e-02  -4.3998937e-01  -3.5311571e-01  -9.9652828e-02   2.3612617e-01  -4.5931424e-04   2.8476105e-01  -3.1704603e-01   6.9305818e-02  -2.4706864e-01  -3.0797312e-01  -2.6340948e-01  -2.2409003e-01  -3.4109700e-02  -8.9320384e-02   2.7473343e-01  -1.8068569e-01  -5.5403186e-01   2.4070502e-01   1.6571594e-01   3.1695929e-01  -3.9069331e-01   1.8495361e-01  -3.8940573e-01  -3.8398362e-01   7.0218338e-02   5.2222051e-01   9.5126415e-02  -1.3517773e-01   1.5215561e-01   1.5360125e-01   2.6642511e-02  -4.6851471e-01  -3.4953047e-01   2.0025520e-01   1.5390001e-01   3.7827746e-01   1.0276596e-01  -2.2543155e-01  -6.1684377e-01  -6.5750725e-03  -1.4212392e-01  -1.9573886e-01  -3.8824300e-01   8.7920677e-03  -1.6455018e-01  -2.1193253e-01  -5.3576227e-01  -1.2042584e-01   4.1514199e-01  -2.7287839e-01   6.8777947e-01   4.2254913e-01   2.5153967e-01   2.8439261e-02   2.8130623e-01  -2.0192957e-01  -1.2111119e-01   5.3356457e-02   3.5216211e-01  -1.1784760e-02  -1.7572018e-01   1.8105879e-01  -6.8706969e-02  -4.3169296e-01  -3.8937129e-01  -4.4628169e-01   4.4177888e-01  -5.1902129e-01   1.3522780e-01   4.4019340e-01   4.9634979e-01  -2.2224527e-01  -8.5297877e-02   1.3132318e-01   5.2676418e-01   4.6898474e-03  -2.6445086e-01  -1.5427676e-01   8.6203521e-02  -1.7351293e-01  -7.4052130e-02
   9.5862389e-03  -7.0371935e-02   3.7629329e-02  -2.7145865e-01   3.1347389e-01  -1.2850230e-01  -1.7626533e-01  -3.0544226e-02   1.6410550e-01  -2.4133608e-02  -4.3364308e-02   7.4681853e-03   0.0000000e+00  -1.8198953e-01  -1.4978735e-01   1.9310548e-01   8.1247271e-04  -1.6235585e-01   7.1767234e-02   1.3852557e-01  -1.4120414e-01  -5.5357037e-02   1.5364807e-01   3.2111472e-01   1.5165371e-01  -1.9045100e-02   2.5653076e-01  -1.6527785e-01   5.7650702e-02  -1.8874669e-01  -1.8441412e-01  -1.8049209e-01  -2.5503944e-01   5.0702657e-02   1.0626157e-01   1.6503683e-01  -1.0311242e-01  -2.1884781e-01   2.3520910e-02  -9.1413820e-02   5.1480629e-01  -1.5905232e-01   1.2017039e-01  -1.6473844e-01  -7.3477783e-02  -7.8617573e-02   1.1728452e-01  -3.0022040e-01   2.7512974e-01  -3.7703079e-01  -1.8653916e-01  -1.0032694e-01  -5.2138161e-02  -2.3271680e-01  -3.8460616e-01  -6.4585078e-03  -3.0483198e-03  -5.4941990e-02  -1.1045696e-01   2.3087420e-01   1.9734548e-01   1.4479789e-01  -1.9411822e-02  -7.6092202e-02  -1.0478725e-01   2.1792494e-01  -8.5451268e-02  -4.3588589e-02   1.3578971e-01  -4.3102306e-02  -9.2228102e-02  -2.2831878e-01   4.6275313e-01   8.8739816e-02  -2.0623624e-01   3.0673709e-01  -1.4093119e-01   2.4429026e-02   3.1674166e-01   3.3184080e-01  -6.0457749e-02   5.1233563e-01  -1.3459991e-01   2.3805205e-02  -2.2709506e-01   7.6526671e-02  -9.4404705e-02  -1.5919351e-01  -1.2738178e-01  -2.0329038e-02   1.2473837e-01   1.7680641e-01   2.2411050e-01   1.5832378e-02  -2.5667408e-01   1.9968881e-01   1.7887436e-01  -9.6877930e-02   1.7661215e-01   1.7686153e-03  -3.5661142e-01   1.4219510e-01  -1.0971618e-02   2.2400658e-01  -1.6700244e-01  -2.6515328e-01  -1.7913699e-01  -9.8624365e-02   1.7770305e-01   1.9920984e-01   1.0202799e-01  -1.8263561e-01  -1.6708913e-01  -1.1748060e-01  -1.4260705e-01   1.4540319e-01  -3.5942409e-02   6.0178284e-01  -2.2274505e-01  -3.4628488e-01   1.3155024e-01   2.5009247e-01  -5.5602962e-02  -1.3725270e-01  -2.5338961e-01   1.2466536e-01  -1.5066898e-01  -7.4657314e-02   3.4200912e-02  -1.9326773e-01   5.7580195e-01  -1.6794677e-02   6.6000445e-02  -7.8367929e-02  -2.0932536e-01   1.3559677e-01   7.5121685e-02  -3.2334994e-01   4.1060665e-02   1.3811874e-01   2.9461744e-02   7.7324439e-01  -1.5744143e-01   4.9875645e-02  -1.5090415e-01  -2.6581010e-01   5.8447669e-02   4.2554445e-01   3.6756718e-01  -2.3688788e-01   4.5448307e-02  -4.4334014e-02  -7.2611618e-02   2.2526780e-02   1.1488518e-01   5.6444982e-02   1.2217081e-01  -2.0867577e-02   1.3736102e-01  -1.4620582e-01  -2.5457995e-01  -1.7333774e-01   1.4446783e-01  -3.2681601e-01  -3.4162295e-01   2.3500244e-01   9.9677683e-02  -1.5228942e-01  -9.7569978e-02   1.2706200e-01   2.0729888e-01   3.0226028e-01  -1.2809131e-01  -2.9553071e-02   1.1429955e-01   3.2790314e-02  -3.0688394e-01
   4.3683100e-01  -3.1924980e-01  -3.0470891e-01   5.0531880e-01  -5.2017971e-01  -3.3702705e-02  -1.2229499e-01  -2.6318898e-01   2.0923985e-01  -2.7953530e-01  -2.5346950e-01  -3.4274672e-01  -1.8198953e-01   0.0000000e+00   1.2429726e-01   2.6548904e-01  -4.4914612e-01   5.2995090e-01  -2.8889199e-01  -4.3326955e-01   1.7727780e-01   6.8585814e-01  -7.3839036e-02   2.9276192e-01   1.7809287e-01  -2.2840418e-01  -4.5117974e-01   2.1483326e-02   2.4767821e-01   5.2106243e-01   1.9194092e-01   4.2392562e-01   2.2360002e-01  -4.0965433e-01   6.7908495e-02  -4.6817061e-01   3.7387095e-03   2.3104756e-01   2.1581388e-01  -4.5502119e-01  -1.2460693e-01   2.2383184e-01   1.5109557e-01   7.6057378e-02   2.0832581e-01  -2.2503432e-01  -1.8051599e-01  -9.6709112e-02   1.4183357e-02  -6.2030630e-02   4.6434860e-01  -1.8111533e-01  -4.0209760e-01   2.7852415e-01   5.9938192e-01  -9.7826941e-02  -2.6691872e-01   2.7663908e-01   2.4719742e-01   3.3107877e-01   6.0441373e-02   1.5902131e-01   5.0990438e-02  -2.5556754e-01   1.8260829e-01  -3.9358222e-01  -1.1819896e-01  -3.7086203e-02  -1.5131303e-01  -3.0504585e-01  -4.7029297e-01   4.1697752e-01   5.8148620e-04   4.1981076e-01   2.4321272e-01  -1.0683184e-01  -2.5121579e-02   8.2840904e-02  -4.7054391e-01   8.9822171e-02  -8.2266030e-02   4.9827964e-02  -1.7963654e-01  -9.8428891e-02   2.2529666e-01  -4.8846113e-02   1.6938490e-01   7.0046448e-01   1.1834452e-01   2.1594232e-01  -2.3226765e-01  -1.4090784e-01  -2.3059648e-01   4.1195411e-01   1.7390424e-01  -5.1281611e-01   2.9110797e-01  -1.4398421e-01   1.6339204e-01  -1.5334846e-02   3.5479287e-02  -3.5908842e-01   4.6568068e-01   3.5555551e-01   4.2897448e-01   3.6098451e-01   3.3983106e-01  -2.2506898e-01   4.9136925e-02   1.4401087e-01  -3.4406130e-01   3.3629040e-01   4.6131026e-01   6.4814634e-03  -2.0289911e-01  -5.4960983e-01   6.9040007e-02  -6.7206492e-02   3.1063853e-01   5.1474416e-01  -1.5776964e-01  -5.8726440e-01  -4.2474260e-02   1.7841831e-01  -1.4563460e-01   3.4916588e-01   4.2062509e-01   2.0737847e-01   5.1066672e-01  -3.1383950e-01  -7.8230540e-02  -3.7302922e-01   3.8204951e-01   5.9465574e-01   3.8669379e-01  -2.4293625e-01  -2.3934754e-01   8.8785758e-02  -2.2429073e-02   2.6206717e-01   3.5656806e-01  -2.4671168e-02  -5.9032322e-02   4.9392837e-02   2.8812825e-02   5.2649964e-01  -5.9342240e-01  -2.3100112e-01  -7.6363604e-02   4.2934542e-02  -4.6443173e-02  -2.5442291e-03   1.9790973e-01  -4.8637888e-01  -2.7717162e-01   1.5856510e-01   3.2339508e-02   5.5128531e-02   4.8799360e-02   2.7401937e-01   1.8296835e-01  -1.6276957e-01  -1.2652538e-01   5.9207527e-01   6.8697177e-02  -4.7945905e-01  -3.9953501e-01   3.7221954e-02   1.8850242e-01  -4.5284202e-01  -4.3405345e-01   3.6543577e-04   1.6413684e-01   1.8209363e-02   2.6830940e-01   7.9111012e-02   3.3390719e-01
