   0.0000000e+00   2.5883472e-01  -1.5993318e-01  -1.0963009e-01  -3.4323141e-01  -3.7033614e-03  -2.4185710e-01   3.1458927e-01   1.3265114e-01  -3.4396497e-02  -2.9954474e-01   2.6841615e-01  -2.8769284e-02   6.0350843e-01  -5.5794580e-02  -5.5079519e-01   6.4094507e-02  -1.0619869e-01   1.9827352e-01  -2.3595751e-01  -2.4909034e-01   2.6682106e-01  -8.8029372e-02   6.3594262e-01   2.9576957e-02   2.1377306e-01  -2.7296583e-01   3.5948656e-01   6.1813728e-02   5.9831274e-02  -1.9030513e-01   9.5200033e-02  -1.5473920e-01  -3.0706915e-01  -5.1385529e-02  -4.3251984e-01  -6.5403136e-03  -5.6790954e-02  -5.1652957e-01  -3.7848487e-01  -6.5221458e-02   1.9235092e-03   9.8030637e-02  -6.9390518e-02   9.1561483e-02   6.7684768e-01  -3.4305524e-01  -3.4258020e-01  -8.9905127e-02  -4.5274431e-01  -6.3662232e-02   3.7063882e-01  -3.4057038e-01  -1.2871107e-01   7.1075223e-01  -1.7400301e-01   2.7116848e-01   3.3229102e-01  -1.6958449e-01   1.2487358e-01   4.6444620e-01  -6.7425279e-02  -6.2051594e-02  -1.1643368e-01  -3.4952324e-02  -2.0560287e-01  -9.3632751e-02  -1.3048432e-01  -1.4874943e-01   5.2477729e-01  -3.2165755e-01  -8.6071135e-03  -5.0859758e-01   7.7536952e-01  -3.2677633e-02   8.2527718e-02   7.2299573e-02   2.3338508e-01  -2.2676825e-01  -9.2603190e-02   4.6147429e-02  -4.6146053e-01  -3.4836203e-01   2.5153589e-01   5.4356685e-01   1.4972998e-01   1.2923051e-01   7.4853578e-01   1.1201255e-01   8.0352709e-01  -8.9006257e-02   3.5890197e-01  -4.3712390e-01   4.1008896e-01  -1.8715842e-01  -3.7230863e-01  -3.5366001e-02   1.4805560e-01  -1.5314888e-01  -8.8284020e-02   1.4224307e-01  -6.5538266e-02   3.7272314e-02   2.5279018e-01   1.3107825e-01   1.1506915e-01  -1.6461861e-01   6.5280427e-02  -2.1617562e-02  -4.0481063e-01  -3.7023208e-01   2.0890186e-01  -6.3105990e-02   8.4876302e-01   1.6226677e-01  -1.3774914e-01   1.0270454e-01  -2.8237081e-01  -1.2473819e-01   4.1806390e-02   5.3546892e-01  -1.1349101e-01   2.1944799e-02  -1.3720345e-02   6.7976907e-01   7.0321667e-01   3.3495832e-02  -7.5822956e-02   3.7538187e-01   2.3233486e-01  -3.7098381e-01  -3.6695246e-01   7.3881426e-01  -9.3874923e-02   4.1537067e-01   1.6278059e-01  -1.4945485e-01  -1.7417605e-02   2.1653881e-01   4.0217119e-01   7.8198515e-01  -5.2030624e-02   1.6117788e-01   1.2326292e-01   4.8346367e-02  -6.0522430e-02  -3.8265010e-01  -2.1680795e-01  -2.0521800e-01  -1.4359631e-02   7.0065256e-01   2.5746271e-02   4.8415446e-01  -1.1574165e-01  -2.1314011e-01   4.3062328e-01   4.8736671e-01  -1.4826689e-01   3.5644430e-01   2.1365782e-01  -2.4185072e-02   1.6755475e-02  -2.1167236e-01  -6.1830542e-02   1.2300986e-01  -3.7633401e-01  -3.5020844e-01   3.5233720e-01   6.2669736e-01  -2.5413466e-01  -2.8104585e-01   2.3047105e-02  -3.6095059e-03  -1.2312951e-01   1.0477164e-02  -2.1693100e-01   2.3784444e-01
   2.5883472e-01   0.0000000e+00   2.2246475e-01  -3.6561073e-01   2.3260975e-01  -2.5244416e-01  -4.6122953e-01   6.1755459e-02   6.1092626e-01   2.9244301e-01  -2.7620435e-01   3.7199361e-01   4.6157724e-02   2.3245965e-02  -3.3166506e-01  -3.1484644e-01   4.1478793e-01  -6.6544086e-02   5.5029361e-02   1.9527687e-01  -2.9957828e-01  -1.6602425e-01  -5.3843435e-01   1.8673961e-01   5.4964634e-02   1.7411116e-01  -3.0312618e-01  -7.6341801e-02   1.9168623e-01  -9.8873142e-02  -6.5561350e-02  -3.6499331e-01  -1.3575901e-01  -3.6104727e-01   2.0530470e-01  -8.2422118e-02   4.3400604e-02   3.1447412e-01  -1.8328827e-01   1.0154678e-01   4.1967665e-02  -1.9213376e-01   3.4511103e-01  -9.6264812e-02   2.1620090e-02   3.1161041e-01  -1.9800426e-01  -1.8506100e-01  -6.0632605e-02   2.1623089e-01  -4.6932386e-01   1.2915816e-01   1.7905037e-01  -2.2236015e-01   2.3423555e-01  -3.5620322e-01   6.4083375e-02  -1.6543269e-01  -9.0533740e-02   3.6883235e-01   3.2697198e-01  -1.3282343e-01   5.5836163e-01   5.2561230e-01   1.1013764e-01  -4.2086847e-02  -2.7522953e-01  -3.6777421e-03  -3.2965372e-01   1.1896091e-01   3.7547117e-01  -3.4523190e-01  -1.6807880e-02   4.0003077e-01  -2.8712462e-01  -2.7579243e-01   2.7812808e-01  -3.8029091e-02   3.3624157e-01  -1.4841898e-01  -3.6863284e-01  -9.7796345e-02   1.3559834e-01   1.3909534e-02   3.0245127e-01  -2.8062439e-01  -1.9594045e-02   2.1548098e-01   9.7797706e-02   3.4217799e-01   5.0458516e-01   3.4271459e-01  -9.2981711e-02   2.3443085e-01   2.3385015e-01   6.7045336e-02  -2.7342709e-01  -6.4821711e-02   3.9918070e-02  -4.6114021e-01  -3.8576533e-02   1.8029104e-01  -2.5589894e-01   6.1020048e-01  -3.1481315e-01  -2.8850809e-01  -1.3069353e-01  -2.4173359e-01  -6.5556956e-02  -2.1091491e-01   1.5935954e-01  -1.9267549e-01  -2.6062213e-01   3.0918411e-01  -1.5031547e-01   4.4797610e-01  -1.6677803e-01   4.4777421e-02  -9.2294444e-02  -3.8342977e-01   3.3536467e-01   3.0875660e-01  -4.4112460e-02   4.0387033e-01   4.0151057e-01   2.4876705e-01  -1.5413441e-01  -3.1790383e-01  -1.4053457e-01   8.1839300e-02  -1.0958084e-03   4.7765714e-02   3.8525529e-01  -3.4778611e-01  -6.6445416e-02   3.5893666e-02  -2.0506491e-01  -3.6946809e-01   1.0587049e-02   2.1712794e-01   2.9684073e-01   9.2336806e-02  -2.4158707e-01   1.0716441e-01  -2.8835808e-01  -1.3327753e-01  -1.3166792e-01   1.4848788e-01  -3.6360827e-01   3.3276580e-02   4.1234118e-01  -3.8560700e-01   6.9306784e-02   2.9011949e-01   3.8223496e-01   3.3557134e-01   2.8592070e-01  -9.4726636e-02   1.7764137e-01  -2.8884778e-01  -1.7277055e-02  -8.2548278e-02   2.6568228e-01  -2.7686778e-01  -5.4775022e-04  -2.4118111e-01  -2.0473922e-01   1.7907279e-01   1.4114191e-01   3.7211158e-01   2.0230479e-01   3.1874324e-01   2.6479012e-01   9.9770742e-02   1.1930109e-01  -2.2297711e-01   1.3152173e-02
  -1.5993318e-01   2.2246475e-01   0.0000000e+00  -1.3021747e-01   3.7177020e-01   5.5027523e-03   9.7970905e-02  -1.0393313e-01   1.5176536e-01   1.8715805e-01  -3.5634730e-02   2.9365134e-01   3.1353416e-02  -1.9838657e-01   1.9323452e-01   1.6075095e-01   7.2916808e-01  -1.3035023e-01  -1.5130976e-01   3.1321945e-01   2.8089013e-02  -1.6274516e-01   9.3558496e-03  -2.0753078e-01  -1.0601083e-01  -1.1076904e-01   2.9015523e-01  -2.1356300e-01   8.3294638e-02  -3.6210783e-01  -5.8859036e-02  -2.6604449e-01   2.0305724e-01   3.0091451e-01   1.6230554e-01   2.9510363e-01  -1.3897256e-01   1.8595781e-01   1.5072809e-01   7.3882571e-01  -1.5119698e-02   1.2665232e-01   2.6227397e-01  -1.0961056e-01  -8.6931556e-02  -1.2906422e-01   3.7452534e-02   1.7811125e-02  -1.1198014e-01   6.1469769e-01   1.4825109e-02  -6.0737028e-02   5.1220907e-01   1.4554159e-01  -2.4674803e-01  -9.5311922e-02  -6.4728624e-02  -2.1608867e-01  -1.6993675e-01   3.3854738e-02   1.0141528e-01  -8.0716463e-02   3.3253444e-01   2.1384068e-01  -2.0104167e-01   2.0655081e-01  -8.5778327e-03   3.5725470e-02  -3.0593424e-01   2.6836628e-01   5.1419114e-01  -1.0645208e-01   6.5516403e-02  -8.3249701e-02  -1.7767972e-01  -3.2597226e-01   1.1855730e-01  -2.5079529e-01   3.1745667e-01  -2.0185241e-01  -1.1650987e-01   2.0674784e-01   4.9308351e-01  -3.1031046e-01   7.3714327e-02  -2.2582014e-01  -1.5345078e-03  -3.0865489e-01   4.6596616e-02  -1.4822862e-01   2.8529879e-01   3.1874053e-01   3.4708965e-01   8.5443722e-02   2.3750119e-01   4.1557009e-01  -9.5151152e-02  -2.3631155e-01  -2.0634104e-02  -7.6023025e-03   3.8043436e-02   6.8626936e-02  -1.5060889e-01  -1.5423231e-01  -3.1667751e-01  -1.5998615e-01   2.9426234e-01  -3.3420372e-01  -1.0786760e-01   7.9382726e-02   4.7190314e-01  -3.2212671e-01  -3.9672155e-02  -1.3978842e-01   8.4285465e-02   1.9733876e-01  -2.5394572e-01   1.1857458e-01   2.9976306e-01  -1.9289029e-01  -1.3540945e-01   2.5294142e-01  -5.2217661e-02  -6.8783163e-02  -2.5926736e-02  -2.3331477e-01  -8.3757700e-02  -9.2843550e-02  -2.1336331e-01   4.9588617e-01   1.6336913e-01   2.0521436e-01  -1.6742025e-01  -5.7638788e-02  -9.3030581e-02  -1.1314133e-01  -6.9239666e-02  -1.7520033e-01  -1.8213732e-01   1.5316048e-01  -1.5244267e-01   7.9223718e-02  -4.0030335e-01   5.1249226e-01   7.3658561e-03  -3.0694484e-01   6.2269850e-01  -1.8730405e-02  -4.4236106e-02   4.9025163e-03  -4.1712723e-02  -1.7721560e-01  -1.6682704e-01   1.9590486e-01   7.6105704e-01   4.1465254e-02  -3.3866785e-02  -1.0061858e-01   2.3639329e-01  -9.3860611e-02  -1.1627571e-01  -3.9613609e-01   3.3788856e-01  -3.4824788e-01  -4.6394669e-02   8.1902570e-02   2.3199721e-01  -3.8052726e-01  -9.0588600e-02   4.5851987e-01   1.2086282e-01   1.8209854e-01   1.0917270e-02   3.4671007e-01   1.0992552e-01   1.3064211e-01  -1.8807420e-02
  -1.0963009e-01  -3.6561073e-01  -1.3021747e-01   0.0000000e+00  -3.8220102e-01   6.5365549e-01   3.0492813e-01   2.0270442e-01  -5.6261257e-01  -4.0652373e-01   5.3186606e-02  -4.9681551e-02  -2.7777356e-01   1.5789834e-01   5.9220249e-02   4.0361097e-01  -2.9242667e-01  -1.4739263e-02   2.4206968e-01  -2.6427349e-01   6.8089216e-02   5.3082696e-01   2.0103429e-01  -4.7868120e-02   5.2347799e-02   1.1682145e-01   2.1409452e-01   7.4516771e-02  -7.0705444e-02   5.3115689e-01   6.4956394e-03   6.5706240e-01   3.6202099e-01   3.7839494e-01  -5.6350777e-01  -1.3100680e-01  -1.9081791e-01  -3.4955510e-01   2.5610298e-01  -1.7374161e-01  -2.3946950e-01   3.6069380e-01  -3.1775295e-01   3.7594282e-01  -1.2302402e-01  -1.4785886e-01   1.7041930e-01  -4.7155874e-03  -1.8519352e-01  -2.0229135e-01   3.2900161e-01   3.9764807e-02  -3.0747027e-02   2.7167919e-01  -7.0562703e-03   5.4386144e-01   1.2397927e-01   4.8870877e-01   2.5278131e-01  -2.8516073e-01  -3.0330079e-01  -1.9773431e-01  -3.7771731e-01  -2.7061643e-01  -3.1471562e-01  -2.2970128e-01   6.7665366e-01   1.0506834e-02   4.3711802e-01  -1.3041317e-01  -3.7124519e-01   6.0288490e-01   1.6434855e-02  -1.2892692e-01   2.1016678e-01   2.9454599e-01  -3.1358823e-01   2.4226172e-01  -3.7760757e-01  -6.8762681e-02   1.9241060e-01   7.5857765e-03  -2.3823021e-02   2.1400101e-01  -4.1905091e-02   3.0254330e-01  -1.9325215e-01  -7.8029121e-02  -2.4957332e-02  -1.9651394e-01  -4.1537737e-01  -1.1906073e-01  -1.2395928e-01  -2.8653936e-01  -2.3083496e-01  -4.1930761e-01   1.0059128e-01   2.5700253e-01  -1.9908960e-01   3.5217437e-02   1.2991581e-01  -4.9104476e-02   5.8861622e-01  -2.7995373e-01   3.2138581e-01   6.7766098e-01   2.7564848e-01   5.1384793e-01  -3.6561521e-01   2.9204783e-01  -2.6160668e-01   6.0067460e-01   5.8082293e-01  -1.8214209e-01  -8.7064801e-02  -3.5841796e-01   4.6558143e-01  -1.5384079e-01   3.2522162e-01   6.4244331e-01  -1.0332474e-01  -3.6286716e-01  -6.2971823e-02  -3.3471238e-01  -2.2794436e-01  -2.0641474e-03   1.8375223e-01   1.0499167e-01   5.0021501e-01  -8.0355573e-02  -1.2006964e-01  -2.4840393e-01  -3.0020180e-02   3.7615279e-01   3.5699337e-01   2.3795009e-01   9.9739789e-02   4.4113004e-01   1.9122267e-01  -1.5979379e-01  -1.1871754e-01  -1.9389331e-01   3.2623490e-01   7.5265551e-03   1.0666482e-01   3.5046886e-01  -2.1102256e-01  -1.3388298e-01   9.8580374e-02  -2.6645937e-01  -1.1992729e-01   4.4589809e-01   2.2145278e-01  -1.3032980e-01  -2.8917146e-01  -3.1552242e-01  -9.1596154e-02   7.1725848e-02  -1.3330238e-01   1.7266518e-01   2.9362056e-01   1.5468349e-01  -4.5625060e-01   2.4363607e-01   4.6441819e-01  -1.9347664e-01   1.6561454e-01   1.7594328e-01   8.9972148e-02  -3.1927128e-01  -3.0803533e-01  -3.8316301e-01  -2.3902583e-01   1.2191931e-01  -9.4742442e-02   1.4336491e-01   3.1776213e-01
  -3.4323141e-01   2.3260975e-01   3.7177020e-01  -3.8220102e-01   0.0000000e+00  -3.7541892e-01  -9.5897036e-02  -2.6735890e-01   4.8228922e-01   3.5975380e-01   1.3670289e-01  -1.1285128e-01   3.1867327e-01  -5.9069358e-01  -2.3938883e-01   2.5970410e-01   3.5213620e-01   3.3231643e-02  -2.4764456e-01   8.9057614e-01  -1.9398928e-01  -5.8956844e-01  -4.2513883e-01  -4.2886099e-01  -1.8341148e-01  -1.6363396e-01   1.4512029e-01  -5.2357578e-01   6.2313782e-02  -5.6327875e-01  -1.7211385e-01  -5.2522356e-01   1.4331478e-01  -1.2078120e-01   2.6421682e-01   7.1552352e-01  -1.3030416e-02   4.1477339e-01   3.4424840e-01   6.9256651e-01   3.0494382e-01  -9.4233046e-02   3.8933294e-01  -1.9297441e-01   1.8343119e-01  -3.7658244e-01   2.4139193e-01   1.0182079e-01   2.3038119e-02   6.1847582e-01  -2.3429853e-01  -1.6364599e-01   3.7050680e-01   5.6205596e-02  -4.8815337e-01  -3.2218078e-01  -2.2202383e-01  -6.1027105e-01   4.0464627e-03   3.6204242e-02  -1.1453773e-01   1.4876346e-01   5.4512662e-01   4.4648801e-01   2.3404349e-02   3.9622991e-01  -3.1269267e-01   3.5026528e-01  -2.2452775e-01  -2.6202207e-01   6.3367360e-01  -3.3683876e-01   3.9983741e-01  -3.3506984e-01  -1.3301394e-01  -4.8372841e-01   9.2918435e-02  -2.7507723e-01   8.4748928e-01  -3.0922096e-02  -4.9543987e-01   3.6944288e-01   4.5015216e-01  -3.2763690e-01  -2.0616424e-01  -5.5745568e-01  -2.9099572e-01  -4.6427730e-01   2.0239871e-01  -3.2886264e-01   7.3350508e-01  -8.3037936e-02   5.7703999e-01   4.4449499e-02   4.1642807e-01   8.0622423e-01  -2.8408593e-03  -2.4059107e-01   3.2652969e-01  -1.5313677e-01  -5.1602461e-01   1.5927660e-01  -4.5574383e-01  -7.2475865e-04  -5.0060460e-01  -4.7894114e-01   9.8920695e-02  -4.0751117e-01   8.2256019e-02   1.9844505e-01   5.5243061e-01  -6.9510610e-01  -2.4064500e-01  -3.1302598e-01  -3.5740062e-01   6.7224303e-01  -4.4309701e-01   4.7203710e-01  -2.7522540e-01  -4.4689274e-01  -3.1258492e-01   6.1829266e-01   7.8457404e-02   3.1974830e-01  -2.5443618e-01  -5.6446192e-01  -1.7710942e-01   1.1239088e-02  -4.9438616e-01  -1.0668670e-01   3.5005164e-01   6.4043121e-01  -4.9015365e-01  -5.2668470e-01  -4.3415306e-01  -1.9681165e-01   6.0869529e-02  -5.6456967e-01  -2.5431324e-01   1.1416416e-01  -2.8362901e-01   8.9655486e-02  -3.8920940e-01  -1.8182780e-01  -3.9432742e-01  -4.3843629e-01   2.4564501e-01   4.5601608e-01   9.3736922e-03   6.9177255e-02  -3.1228001e-01  -4.9331544e-01  -3.2641083e-01   4.5774004e-01   6.2102854e-01   5.9719499e-02  -2.5563010e-01   9.6455605e-02   1.7134635e-02  -4.6644024e-01   1.1894957e-02  -1.8844170e-01   6.5306645e-01  -2.7521841e-01  -3.9078977e-01   3.2629100e-01   2.1637885e-01  -3.8121653e-01  -3.4175096e-01   7.5191757e-01   7.0463179e-01   2.6635589e-01   4.1896109e-01  -1.3485921e-02  -3.2477810e-02   1.4823460e-01  -3.8622355e-01
  -3.7033614e-03  -2.5244416e-01   5.5027523e-03   6.5365549e-01  -3.7541892e-01   0.0000000e+00   4.5427463e-01   3.7154462e-01  -5.0764686e-01  -5.8431365e-01   8.7558467e-02   1.2644691e-01  -1.1694146e-01   3.1212510e-01   7.2748367e-02   2.6176505e-01  -1.5337444e-01   3.7018876e-02   4.0423129e-01  -2.7787137e-01  -4.1486520e-02   4.8074663e-01   1.9008349e-01  -5.6418796e-02   1.3339860e-01   2.5404225e-01   3.0274956e-01   1.7063522e-01   6.5990063e-02   5.6485443e-01  -3.7517535e-02   5.4494180e-01   2.2523084e-01   4.4953641e-01  -4.3052964e-01  -1.2677905e-01  -2.8113922e-02  -3.1083090e-01   1.9785854e-01  -1.0991892e-01  -1.4965327e-01   1.9427025e-01  -2.3310552e-01   5.3117730e-01  -1.6349081e-01  -6.8939522e-02   2.2889242e-01   5.5600826e-02   3.1901577e-03  -2.7826961e-01   4.1311065e-01   1.6060057e-01   5.6195100e-02   1.7788089e-01   2.4478503e-02   6.9913515e-01   3.0236822e-01   5.7128302e-01   2.0514655e-01  -1.6548514e-01   1.0678965e-02  -4.5891619e-02  -4.2680410e-01  -3.1550789e-01  -4.9163516e-01  -2.7824195e-01   8.9346169e-01   4.6296900e-02   5.5210986e-01   5.8422636e-02  -4.6407605e-01   5.1950441e-01  -1.6368655e-01   2.3573271e-02   5.7523675e-02   3.7602214e-01  -2.3383419e-01   4.1675093e-01  -4.1090750e-01  -7.8800118e-02   3.0336446e-01  -8.2225414e-02   7.0053351e-02   4.3875171e-01   9.5342349e-03   3.5163590e-01  -1.6221992e-01  -3.3949323e-02  -1.5881763e-01  -3.7110591e-02  -4.3990294e-01   1.0154752e-01   6.4210485e-02  -3.7484932e-02  -2.4044301e-01  -3.6563700e-01   1.9594796e-01   4.8453443e-01  -8.2461525e-02   4.1223495e-02   1.4826554e-01   1.6267467e-01   6.2256115e-01  -2.6202985e-01   3.8903696e-01   6.1534880e-01   2.0121509e-01   7.3228427e-01  -1.8321358e-01   4.7688379e-01  -2.0608109e-01   6.7018485e-01   3.5492509e-01  -3.8888457e-02   4.8100360e-02  -4.3328439e-01   6.0757694e-01  -2.0611223e-01   3.9838647e-01   5.2218673e-01  -8.7693724e-02  -3.7769522e-01  -1.8833133e-01  -5.4105390e-01  -9.5827723e-02   2.0634321e-01   1.7870329e-01  -3.2282778e-02   5.2382185e-01   1.3525165e-01  -1.6084091e-01  -3.2145248e-01   1.4548373e-01   3.5871281e-01   3.7523208e-01   4.1829462e-01  -7.6063552e-02   4.0714135e-01   3.5037905e-01  -7.9259354e-02  -8.3781087e-02  -7.3681947e-02   4.8380724e-01   3.3417645e-01   7.7104048e-02   2.5471538e-01  -1.8268965e-01  -1.5405774e-01   2.8684046e-01  -3.1628500e-01   2.2047090e-02   4.6711529e-01   2.3103417e-01  -1.4235612e-01  -1.3432015e-01  -3.1246013e-01  -6.8796490e-02   1.0802471e-02   2.0206181e-02   2.9839993e-01   2.2911194e-01   2.7735124e-01  -4.3605345e-01   2.0581311e-01   4.7504236e-01  -2.6014537e-01   3.4219146e-01   2.7162366e-01   1.8485657e-01  -2.8039219e-01  -2.6742794e-01  -4.3734990e-01  -3.3581518e-01   5.3786921e-01   1.0024426e-01   5.3019433e-02   4.2428231e-01
  -2.4185710e-01  -4.6122953e-01   9.7970905e-02   3.0492813e-01  -9.5897036e-02   4.5427463e-01   0.0000000e+00  -1.3543861e-01  -3.8487143e-01  -3.5450057e-01   1.6849532e-01   6.4488163e-02  -6.2632220e-02  -8.8938441e-03   2.1388193e-01   2.2771014e-01  -2.8100177e-01  -1.6178220e-02  -2.4062013e-01  -1.0171404e-01   2.8850044e-01   1.3818458e-01   5.2177039e-01  -2.8757043e-01   1.2413160e-01  -3.0738228e-01   5.0038870e-01   1.2152631e-01  -1.4201088e-01   2.1476122e-01  -8.4112493e-03   2.8358763e-01   1.1371592e-01   5.8163600e-01  -1.3561450e-01   2.8482484e-01   1.1252809e-01  -2.6753169e-01   1.3412536e-01   1.8457775e-01  -1.3464484e-01   1.7442298e-01  -1.0636608e-01   4.8010936e-02   9.7081267e-02  -4.2487745e-01   2.9210963e-01   4.8008520e-01   1.5164550e-01  -1.6696902e-01   5.1894247e-01  -2.1169217e-01   1.3234643e-01   1.0608398e-01  -2.9746859e-01   4.7223536e-01  -2.1603004e-01   1.2328142e-01   1.3909422e-01  -1.8271723e-01  -2.4553940e-01   1.7582395e-01  -4.9896002e-01  -2.6793928e-01  -2.1071587e-01   3.1681037e-01   3.5447642e-01   2.1245360e-02   2.3322392e-01  -7.8708802e-02  -2.3754464e-01   4.9162246e-01  -1.6052328e-02  -4.4766290e-01   4.8102220e-02   2.9005248e-02  -3.1147238e-01  -9.0585030e-02  -2.9649734e-01   5.7140596e-02   5.2654430e-01   1.4671828e-01   4.5766754e-02  -2.3839522e-01  -4.1961040e-01   1.1613237e-01   3.7767677e-02  -3.0051276e-01  -7.3391855e-02  -4.4186215e-01  -4.6487324e-01  -2.0987423e-01   2.9721040e-01   3.2073556e-02  -1.6832183e-01  -9.8952030e-02   2.7772238e-01  -2.2400707e-01   9.2735789e-02   5.7798462e-01  -8.1657939e-03   1.4552596e-01   4.0336962e-01  -2.6503598e-01   4.5828430e-01   2.4058141e-01   1.0691009e-01   8.6660861e-02   4.3767042e-02   4.1755977e-01  -6.8390020e-03   2.5405833e-01   2.9094121e-01  -3.3668936e-01   1.7424856e-01  -3.1905270e-01   9.0146038e-02  -2.0158647e-02   2.0845375e-01   4.3047354e-01  -3.6689386e-01  -4.1896801e-01  -1.2896541e-01  -3.8852212e-01  -4.7996029e-01  -2.5785420e-01   4.5418111e-01  -4.7909047e-03  -1.1226317e-02   2.6104302e-02  -3.2162293e-02   1.5553248e-01  -3.2697965e-01   2.9057984e-01   1.0027096e-01  -1.0740345e-01   1.8412178e-02   3.8985344e-01  -1.3920825e-01  -1.9608827e-01  -3.0013547e-01  -1.5080006e-01   8.7472777e-02   1.8582086e-01   2.8426292e-01   1.6964116e-01   3.9478388e-01  -1.0648939e-01   5.3079303e-01   1.6459161e-01  -4.5016209e-01   3.7332883e-01  -2.2128729e-01  -1.3693479e-01  -1.0570234e-01  -4.0655480e-01  -4.2021657e-01   1.0119697e-01  -2.0642042e-01   3.7317833e-01  -1.5958152e-02  -1.6412022e-01  -8.7904074e-02   2.3262201e-01  -6.8168378e-02   1.6748485e-01   4.2695261e-01  -2.1536605e-01  -2.1779782e-01  -2.5121310e-01  -4.0827156e-02  -3.8861893e-01  -1.9345581e-01   2.4948817e-01  -1.1550740e-02   1.6097334e-01  -6.5563513e-02
   3.1458927e-01   6.1755459e-02  -1.0393313e-01   2.0270442e-01  -2.6735890e-01   3.7154462e-01  -1.3543861e-01   0.0000000e+00  -6.1026938e-02   5.4433030e-02  -1.7853273e-01   1.3117759e-01  -2.2521864e-01   1.2879471e-01   1.5504820e-01  -1.5386182e-01   5.2977057e-02  -1.4522808e-01   5.0264851e-01  -1.2982377e-01  -2.9853681e-01   3.6552591e-01  -8.8308721e-02   9.4303911e-02  -1.3263823e-01   8.0902935e-01  -3.2850798e-01   2.8339237e-01  -6.8944349e-02   1.2389742e-01   1.7339741e-01   3.0711679e-01   2.1807596e-01   7.3462452e-02  -2.7059592e-01  -5.2770655e-01  -6.8736986e-02  -2.3727116e-01  -2.2809631e-01  -3.1094126e-01  -3.0435215e-01   2.6279031e-01   4.6305071e-02   3.8204532e-01  -1.1349401e-01   4.7970327e-01  -2.8517006e-01  -2.7716903e-01  -2.1655270e-01  -2.5378293e-01  -1.6807998e-01   7.9982000e-01  -1.4737052e-02   1.8230891e-01   2.5883966e-01   2.6990983e-01   6.0798354e-01   5.0489506e-01  -2.0973896e-01   1.0167287e-01   2.7773804e-01  -2.4856585e-01   3.1569564e-02   1.1519478e-01  -4.4919258e-02  -3.1923614e-01   3.6778662e-01  -1.0397042e-01   6.9692659e-02   3.1941257e-01  -1.7519474e-01  -6.5972189e-02  -2.3144984e-01   4.9418313e-01   1.3751655e-01   4.0167151e-01  -3.0641606e-02   5.5784334e-01  -1.2667213e-01  -2.3896510e-01   1.3541101e-01  -3.1462888e-01   4.2879788e-02   7.5723562e-01   4.5986373e-01   5.5938231e-01  -1.6955268e-01   1.9933718e-01   1.0038145e-01   4.0411182e-01  -7.8151328e-03   3.0689842e-01  -1.1502090e-01   2.5921485e-02  -1.8613947e-01  -2.7337924e-01  -2.1336239e-01   5.7921592e-01  -3.5855321e-01  -8.4507232e-02   1.4949176e-01   1.7073717e-01   2.4817958e-01   1.2115286e-01  -2.2247402e-02   4.7886044e-01   1.0436494e-01   4.1534319e-01  -2.0775008e-01  -1.7647294e-01  -6.3997989e-03   3.2809984e-01   3.3695672e-02   3.3879791e-01   8.8864891e-03  -2.5733382e-02   5.3872341e-01  -2.7343381e-01  -9.5183057e-02   4.4524654e-02   1.0581948e-01   6.4063904e-02   6.3691164e-02   2.9774887e-02   3.9355259e-01   3.0017379e-01  -7.2036989e-02   4.2410987e-02   4.5958779e-01  -8.7496860e-02  -2.4622589e-01  -2.2241076e-01   4.0768898e-01   7.0204741e-02   3.3025711e-01   7.4066702e-01   4.2534484e-02   6.5729155e-02   6.8829391e-01   8.2438947e-02   6.2991684e-02  -1.1174142e-02   2.6955903e-01  -7.9366785e-02   1.0342503e-01   2.1947502e-01  -3.2029026e-01  -2.8561129e-01  -3.0768327e-01  -4.0856796e-02   5.0766250e-01   2.9897449e-01   3.7641867e-01   1.5865125e-01  -1.4137299e-01   1.9178055e-02   8.9006139e-02  -3.3099953e-01   1.7138983e-01   3.0843169e-01   1.0733611e-01   3.1338809e-01  -2.9562381e-01  -9.6224066e-02   5.4256004e-01  -1.2258256e-01  -5.6410107e-02   3.7048642e-01   2.6993636e-01  -8.8417587e-02  -2.2336685e-01  -2.6708667e-01  -9.2161784e-02  -1.4314047e-01  -6.1267366e-02   2.7971225e-03   5.6356077e-01
   1.3265114e-01   6.1092626e-01   1.5176536e-01  -5.6261257e-01   4.8228922e-01  -5.0764686e-01  -3.8487143e-01  -6.1026938e-02   0.0000000e+00   3.8054899e-01   4.4439873e-02  -1.2348072e-02   1.6938417e-01  -1.9746569e-01  -2.2173314e-01  -2.6563829e-01   2.8779641e-01   1.3054708e-01  -3.3959809e-02   3.9199894e-01  -8.8521280e-02  -3.6121849e-01  -4.2225247e-01   6.2471650e-02   7.2290297e-02   8.6967185e-02  -1.0358626e-01  -1.8659884e-01   2.1369577e-01  -3.8510297e-01   1.3700903e-01  -5.1953299e-01  -1.3971994e-01  -3.4121654e-01   4.4244292e-01   2.2897612e-01   1.1156978e-01   5.4743957e-01  -5.7184243e-02   2.6166476e-01   1.9355772e-01  -3.3686083e-01   3.1864141e-01  -2.8623629e-01   1.8039403e-01   9.5043264e-02  -4.1577752e-02   4.9778042e-02   6.0683451e-02   2.3728237e-01  -4.0431656e-01   2.7805962e-02   7.8252187e-02  -2.7397298e-01   1.0925053e-02  -5.2285678e-01  -7.4959646e-02  -3.7091166e-01  -5.5765279e-02   2.3476191e-01   1.6539717e-01   6.2726019e-02   5.5276941e-01   5.7464994e-01   3.9973311e-01   3.1500691e-01  -4.4887677e-01   1.6564718e-01  -3.0982585e-01   1.0763569e-01   5.0339121e-01  -4.2538216e-01   1.4712145e-01   1.3247452e-01  -3.3200693e-01  -3.3552779e-01   2.8123402e-01  -9.4406839e-02   4.7585533e-01   4.5305307e-02  -3.6682762e-01   6.6584522e-02   9.7183484e-02  -5.6973682e-02   2.8750082e-02  -3.3530722e-01   4.1722006e-02   2.1512109e-02   2.7149655e-01   2.3948101e-01   5.8788222e-01   1.2009884e-01   2.8449471e-02   4.2137499e-01   4.0142893e-01   2.6771555e-01  -9.3427216e-02  -1.1026866e-01   2.2693012e-01  -3.0430434e-01  -2.6103769e-01   4.5982894e-03  -4.1409252e-01   4.9540374e-01  -4.2347349e-01  -4.1553844e-01  -2.7397969e-01  -3.8272254e-01   8.5290178e-02  -2.2786241e-01   1.4876782e-01  -5.6131261e-01  -3.9575742e-01   2.0522961e-01  -6.1531647e-02   4.9458205e-01  -3.9067066e-01   2.0648774e-01  -3.0632215e-01  -5.7194116e-01   1.7016416e-01   3.5478993e-01  -5.3442253e-03   5.7575044e-01   2.6487102e-01  -1.6024358e-02  -2.1907089e-01  -2.3193613e-01  -3.4487233e-01   4.3369742e-02   1.1422077e-01   4.0911542e-01   5.9500326e-03  -3.7543000e-01  -3.3973049e-01  -1.1484564e-02  -1.1854326e-01  -3.8441696e-01  -3.0582018e-02   3.0090313e-01   1.6507757e-01   2.9909884e-02  -3.1522761e-01  -8.9375316e-02  -2.3067660e-01  -1.4512859e-01   1.2959597e-01   4.2639437e-01  -2.8139685e-01   2.0576982e-01   8.6839078e-02  -3.9983663e-01  -1.2645353e-01   4.9140403e-01   3.4141682e-01   4.5237422e-01   1.7765246e-01  -1.8367953e-02   9.1464198e-02  -2.4676412e-01  -7.7900876e-02  -5.3426003e-02   5.3105317e-01  -2.1278982e-01  -2.1658951e-01  -1.3599305e-03  -6.6663847e-02  -1.0098336e-01  -1.1366820e-01   4.0212280e-01   4.0263463e-01   4.3947349e-01   4.9473292e-01  -1.4282936e-01   1.0121742e-01  -1.9750017e-01  -1.7648986e-01
  -3.4396497e-02   2.9244301e-01   1.8715805e-01  -4.0652373e-01   3.5975380e-01  -5.8431365e-01  -3.5450057e-01   5.4433030e-02   3.8054899e-01   0.0000000e+00  -1.4037371e-01   1.2438844e-01  -1.1395875e-01  -3.8985264e-01   1.6329336e-01  -1.5749327e-01   3.3026365e-01  -3.4950235e-01  -1.2269067e-01   4.3155151e-01  -8.7018560e-02  -2.9339692e-01  -1.1028983e-01  -5.6931721e-02  -4.3637623e-01   9.8181184e-02  -3.6830508e-01  -9.3097729e-02  -1.3355914e-01  -5.3355419e-01  -3.3036013e-02  -3.8931877e-01  -2.0546599e-02   2.6888833e-02   2.9510018e-01  -5.9958871e-02  -2.9956957e-01   1.3135112e-01  -1.4394300e-01   2.1419727e-01  -1.1153776e-01  -1.3511887e-02   4.4589411e-01  -2.4368795e-01   1.0931882e-01   1.6574660e-01  -2.5643005e-01  -1.7214044e-01  -3.5983718e-01   3.8959197e-01  -4.5587251e-01   1.2305288e-01   2.6679113e-01  -8.0250355e-02  -9.2126534e-02  -3.2444044e-01  -5.3605170e-02  -3.6590905e-01  -3.3680238e-01   6.0748719e-02   8.5339247e-02  -3.4053890e-01   5.9485330e-01   3.8186604e-01   2.6413229e-01   3.6255309e-01  -4.6272444e-01  -2.2051972e-01  -4.9601622e-01   1.3148148e-02   5.4930679e-01  -5.2084826e-01   5.1695154e-02   7.3479464e-02  -9.6887855e-02  -2.7859377e-01   1.6349470e-01  -2.4018770e-01   5.4076961e-01  -3.7638204e-01  -2.3308932e-01   1.7202496e-02   2.2830918e-01  -1.2145673e-01   2.2011103e-01  -1.0598960e-01   1.8122987e-02  -8.5299075e-02   1.0748332e-01   6.8747085e-02   5.4611983e-01   1.3922522e-01   2.9623572e-01   2.8228143e-02   1.1332646e-01   3.8674052e-01  -4.8081156e-01  -2.0222637e-01  -3.2533578e-01   1.0555915e-01  -7.3333469e-02   1.2280854e-01  -4.7452325e-01   1.1095985e-01  -4.9082253e-01  -3.0710127e-01  -6.1783189e-02  -5.1512825e-01  -1.1237031e-01  -3.1903419e-01   5.5483053e-01  -5.0186983e-01  -4.0535614e-01   2.6426427e-02  -1.0233683e-01   4.3020193e-01  -3.4101326e-01   2.3731865e-02  -2.7492912e-01  -4.4155407e-01   1.2548774e-01   6.2769440e-01   9.1309211e-02   3.4343713e-01   1.3052282e-01  -2.1249729e-01  -1.8770660e-01  -4.8398788e-02  -2.6317729e-01  -1.9912202e-01   1.1276766e-01   2.2035558e-01  -4.1599122e-02  -2.8117753e-01  -2.6168920e-01  -6.2148538e-02  -9.4856262e-02  -3.8762193e-01  -8.3868725e-02  -2.8483306e-02  -1.2193691e-01  -3.9002758e-03  -3.5695428e-01  -1.5755008e-01  -5.0176760e-03  -3.2581312e-01   2.8748989e-01  -7.4559241e-02  -2.7637030e-01   2.8650099e-01   1.4411735e-01  -3.5605107e-01  -5.4408334e-02   2.4487326e-01   3.5353155e-01   1.7542969e-01  -1.0801574e-02  -2.2876466e-01   1.4384938e-01  -2.3357799e-01  -2.9156414e-01  -2.1415408e-01   4.1409907e-01  -4.4595260e-01  -1.6087763e-01   3.2043881e-01  -2.9349547e-02  -1.9261688e-01  -1.0502154e-01   4.6225858e-01   2.3972850e-01   2.9641823e-01   9.6023726e-02  -3.4422914e-01  -2.9647768e-01   1.0301456e-02  -1.5126939e-01
  -2.9954474e-01  -2.7620435e-01  -3.5634730e-02   5.3186606e-02   1.3670289e-01   8.7558467e-02   1.6849532e-01  -1.7853273e-01   4.4439873e-02  -1.4037371e-01   0.0000000e+00  -2.6004033e-01  -1.0280127e-01  -2.8651366e-01   1.4077708e-01   3.7909845e-01  -1.2610483e-01   5.7879882e-01  -1.1651539e-01   1.3383626e-01   3.3419725e-01  -2.0224466e-01   1.2234924e-02  -1.8371877e-01  -1.8818805e-01  -6.3907767e-02   4.8120804e-01  -2.4189346e-01  -2.2576711e-01   1.6723180e-01   4.0173955e-01   3.1250141e-01  -4.9496690e-02   1.6810355e-01  -1.9914541e-01   5.0207881e-01  -1.0076734e-01  -2.0508179e-02   3.6770591e-01   2.1598628e-01   1.0931290e-01  -1.7579732e-01  -2.6342785e-01   2.2769079e-01   2.6585623e-01  -4.5024959e-01   7.5864248e-01   5.2219634e-01  -5.2232666e-02   5.1603476e-02   5.1259366e-01  -2.8370996e-01   1.1419037e-01  -6.8675555e-02  -3.2070090e-01   1.4359597e-01  -2.1700099e-01  -5.4946912e-02   3.6779728e-01  -2.2684826e-01  -3.1404787e-01  -4.5739710e-02  -2.1994339e-01   1.8261800e-01   3.0820793e-01   3.8446094e-01   2.0022714e-01  -7.0721034e-02   6.1925113e-01  -1.1036927e-01   4.8766013e-02   2.2982596e-01   2.1388847e-01  -4.6039266e-01  -1.1898127e-01   2.9784555e-01  -2.1437571e-01   7.7059484e-02   1.0245230e-02  -9.1474136e-02  -1.1832745e-01   2.0155673e-01   2.2997133e-02   5.5038211e-02  -3.0630527e-01   3.5055733e-02  -2.3550766e-01  -3.7384607e-01  -6.7577523e-02  -3.2197526e-01  -5.5304060e-02  -3.9028874e-01   1.5865964e-01  -1.2851163e-01  -5.4783320e-02  -6.7379961e-02  -5.8084292e-02   6.5715539e-02   9.1716095e-02   3.3095469e-02  -2.1938394e-01   2.1651658e-01  -9.0139274e-02  -1.1906782e-01   3.2944492e-01   6.9014701e-02  -8.9048698e-02   2.8806538e-01  -1.7793253e-01   4.1049327e-01  -1.1142073e-01  -2.6760209e-02  -1.9441379e-02  -3.0620946e-01   6.3975732e-02  -1.6479103e-01   3.3053461e-02   1.2329334e-01   7.2558945e-02   8.0405690e-02  -1.7843857e-01  -1.0227112e-01  -1.4211095e-01   1.3172729e-01  -3.1939064e-01  -3.0064958e-01   4.0819486e-02  -2.2065000e-01  -1.4794260e-01   1.3865965e-01  -2.4096829e-02   2.6801123e-01  -4.1485880e-01   1.8810010e-01  -3.4976074e-01   1.2284217e-01  -1.9376211e-01  -6.3365257e-03   7.8846792e-02  -2.2397776e-01  -2.2234414e-01  -3.1377070e-01   4.5583740e-01  -7.8252810e-02   6.3272565e-02   1.5065377e-01   9.4725651e-02   5.9507678e-01   5.1741468e-01   2.5701623e-02  -5.0985659e-01  -8.5706894e-02  -2.4008562e-01   4.2775690e-01   2.6846647e-02  -2.4208937e-01  -1.2868898e-01   3.5754758e-01  -2.2225784e-01  -9.4736973e-02  -2.6695228e-01   5.7410330e-01   3.0411479e-01   5.6556633e-01  -3.8716548e-02  -1.1200637e-01   5.5460722e-01  -2.3466120e-01  -2.1160801e-01   1.7648157e-03   2.4797782e-01  -1.1254037e-01   2.7548311e-01   4.3625181e-02  -1.6944579e-01  -5.2883981e-02  -1.5036646e-01
   2.6841615e-01   3.7199361e-01   2.9365134e-01  -4.9681551e-02  -1.1285128e-01   1.2644691e-01   6.4488163e-02   1.3117759e-01  -1.2348072e-02   1.2438844e-01  -2.6004033e-01   0.0000000e+00  -1.4956788e-01   1.4160803e-01   1.2827922e-01  -2.0888455e-01   2.9657194e-01  -1.4352006e-01  -1.2109974e-01  -5.9873601e-02  -2.5960168e-01   1.2407326e-01  -4.5821743e-02   1.5377289e-01  -5.0441605e-02   1.1944706e-03  -1.1838786e-01   4.2091632e-02  -1.2836304e-01   7.5509844e-02  -1.3898926e-01  -6.0538787e-02  -3.0171993e-02   1.1338270e-01   1.3240898e-01  -2.3197025e-01  -1.2374422e-01  -1.2418143e-01  -2.8953631e-01   3.3866386e-02  -2.4291504e-01   6.7295369e-02   3.4202985e-01   7.4725168e-03   6.6760510e-02   1.8910511e-01  -1.4875885e-01  -1.5138515e-01  -1.8141566e-01   1.1573409e-01   2.2294824e-02   1.1854590e-01   1.2362946e-01  -7.4878861e-02   7.8341077e-02  -9.5909760e-03   3.1099143e-02   8.3766577e-02  -1.9289873e-01   4.4006241e-01   1.9010153e-01  -1.4866083e-01   1.9061131e-01   2.0868625e-02  -2.0079346e-01  -1.2315502e-01   8.6153235e-02  -2.2386361e-01  -1.6371588e-01   2.0132041e-01   7.7521176e-02  -9.8932658e-02  -2.5931595e-01   4.0948303e-01  -1.1087302e-01  -1.8921164e-01  -4.1590102e-02  -3.8073159e-02   8.5198515e-02  -2.4965736e-01  -4.1822489e-03  -1.1715426e-01   9.0276596e-02  -6.1473686e-02   3.5996231e-01   7.2099438e-02   4.2191692e-02   1.9058601e-01   9.7830677e-02   2.4832044e-01   3.0647274e-02   3.3010133e-01  -7.6544630e-02   3.0834028e-01  -1.6037700e-01  -1.0786065e-01  -1.2812766e-01  -1.1953037e-01  -2.0763021e-01  -1.7210983e-01   1.9439567e-01   3.4645958e-01  -5.4806288e-02   7.5214584e-02   2.8053151e-02  -1.2621437e-02  -4.3522433e-02  -5.4114072e-02  -9.8689555e-02  -1.1877560e-01   1.7042821e-01   1.5163609e-01  -1.4532011e-02   1.9034761e-01   5.8271996e-02   4.8063732e-02  -7.2490600e-02  -1.5976349e-01   1.2831748e-01  -1.1714692e-01   1.4978639e-01   1.3759526e-01   4.7646532e-02  -9.3772391e-02   1.8800973e-01   2.4584316e-01   1.9870837e-01  -1.3485276e-01   4.0291554e-02   1.5784590e-01  -1.1238303e-01  -1.3614433e-01   3.3379468e-01   1.2031768e-02   9.3714709e-02   5.1522169e-02  -1.0060262e-01  -6.0443762e-02   5.7486207e-02   2.0482296e-01   1.3999802e-01  -9.9118789e-02  -2.6801066e-02   3.5720609e-01   2.4464178e-01  -1.5916694e-01   1.1484237e-01  -2.6985467e-01  -1.1772726e-01  -7.7861853e-02   4.0073715e-01  -1.3239664e-01   5.4305213e-02  -8.5545169e-02   2.9843198e-01   1.3380639e-01   6.5996581e-02  -1.2330731e-01   1.1652265e-01  -3.0567569e-02  -1.0740100e-01  -1.5378326e-01  -1.2213195e-01  -1.8536462e-01   1.1535917e-01  -1.2196367e-01   5.3305415e-02  -6.6117082e-02   1.5559623e-01   3.1018883e-02   1.7998234e-02   4.4600676e-02  -2.0529808e-01   2.1792702e-01   1.7937888e-02  -7.9959832e-02   1.7486263e-01
  -2.8769284e-02   4.6157724e-02   3.1353416e-02  -2.7777356e-01   3.1867327e-01  -1.1694146e-01  -6.2632220e-02  -2.2521864e-01   1.6938417e-01  -1.1395875e-01  -1.0280127e-01  -1.4956788e-01   0.0000000e+00   4.7251333e-02  -1.7685621e-01   6.1811544e-02   1.0944136e-01   2.7320470e-01  -2.1657067e-01   1.5380694e-01  -1.0565299e-01  -1.9292026e-01  -9.9071432e-02  -2.2932052e-01   4.1666012e-01  -1.6969730e-01  -5.3463834e-02  -5.6150461e-02   4.5115789e-01  -2.0111732e-01  -1.7238211e-01  -3.5744951e-01  -2.0079977e-01  -1.5953160e-01   3.3268666e-01   2.6220197e-01   5.4057698e-01   7.5641943e-02   2.0675765e-01   7.4285655e-02   8.5404837e-01  -3.4441210e-01   4.9172102e-02  -1.9276208e-01  -1.7027684e-01  -1.0452061e-01   2.4775046e-03  -1.7917993e-01   6.7641626e-01   3.3694816e-02   5.9370885e-02  -8.9727000e-02  -1.3177512e-01  -1.1445150e-01  -1.3166544e-01  -2.0784841e-01  -9.1984743e-02  -1.4925417e-01   3.0026134e-01   6.0513401e-02   7.3284653e-02   6.8247562e-01   1.0997713e-01  -1.7693654e-01  -1.9225747e-02  -6.4671997e-02  -2.2825083e-01   2.4228435e-01  -1.8044718e-01  -6.0981352e-02   2.7415652e-02  -1.7999140e-01   3.7516578e-01   1.8664916e-02  -5.4970631e-02  -1.1488496e-01  -2.3010751e-02  -4.4618314e-02   9.0638768e-02   5.4615979e-01  -6.1265807e-02   3.2972736e-01   5.6729329e-03  -1.1553039e-01  -1.8240011e-01  -2.7539808e-01   1.3175389e-01  -1.0204346e-02   6.5870708e-02  -3.7466080e-03   1.8059565e-01   2.9172338e-02   1.2814662e-01   1.4620459e-01   4.3521215e-03   4.0827614e-01   5.1788944e-01  -8.5217571e-03   6.4176059e-01  -9.7590201e-02  -1.5715996e-01  -1.5048709e-01  -1.3993057e-01  -2.9437374e-02  -1.9758208e-01  -2.3103361e-01  -1.3106671e-01  -1.3819183e-01   6.4671676e-01  -3.2919767e-02   5.5037075e-02  -1.7991834e-01  -1.0002074e-01  -3.9863555e-02  -7.2073907e-02   8.6282640e-02  -1.4173425e-01   7.0798044e-01  -1.3109218e-01  -2.6305375e-01  -2.5083511e-01   4.3202868e-04  -1.4565733e-01  -6.8880480e-02  -8.3791777e-02   9.9714391e-03  -2.5247738e-01   4.6970662e-02  -1.0868937e-01  -1.8195889e-02   4.7342440e-01   5.8766288e-02  -9.3429529e-02  -2.5557224e-01  -1.3465514e-01  -1.8409204e-01   1.5447760e-01  -2.1155306e-01  -1.3290863e-01  -7.4550808e-02  -8.0881856e-02   6.5062610e-01  -1.7340481e-01   3.4748372e-02  -1.9143972e-01  -2.1526141e-01   1.2570637e-02   1.1210286e-01   3.0858441e-02   7.3574497e-02  -6.0335744e-02  -1.3685425e-01  -2.3263857e-01  -1.2852355e-01   1.3862171e-01  -1.0597982e-01  -1.4105369e-01   4.5218864e-01  -2.2897636e-02  -4.9003838e-02   5.8552914e-02  -1.3650909e-01   2.3084816e-01  -8.2670811e-02  -2.3387132e-01   3.6127887e-02  -1.5899844e-01  -5.8070809e-02  -1.9162367e-01   1.0603002e-01   4.7984589e-02   1.0927019e-02   6.5320204e-02   1.2572650e-01   2.9271182e-01  -8.6912061e-02  -2.3072851e-01
   6.0350843e-01   2.3245965e-02  -1.9838657e-01   1.5789834e-01  -5.9069358e-01   3.1212510e-01  -8.8938441e-03   1.2879471e-01  -1.9746569e-01  -3.8985264e-01  -2.8651366e-01   1.4160803e-01   4.7251333e-02   0.0000000e+00  -4.4379634e-02  -3.1168181e-01  -8.9093620e-02  -3.6075581e-02   2.2087638e-01  -5.5153910e-01   7.3998189e-02   5.2492474e-01   2.3190337e-01   5.6544744e-01   3.4215335e-01   8.0958060e-02  -1.2750014e-01   4.0013161e-01   1.8016295e-01   3.4461561e-01  -1.2817481e-01   2.3136254e-01  -1.1680710e-01  -8.0445258e-02  -1.8802372e-01  -4.6135219e-01   1.0275387e-01  -1.5469313e-01  -2.4153075e-01  -5.0010145e-01  -1.5643362e-04  -6.9471627e-02  -2.7407979e-01   6.8036708e-02  -2.1493577e-01   4.7379227e-01  -1.9166920e-01  -1.8686948e-01   1.1346968e-01  -5.5024599e-01   1.5109751e-01   1.0612477e-01  -3.3883775e-01  -1.4362609e-01   6.8976461e-01   1.3647381e-01   2.1073490e-01   5.5673657e-01  -2.7619776e-02  -7.6472734e-02   3.7784214e-01   3.7079833e-02  -3.7422382e-01  -4.5904745e-01  -2.0516379e-01  -3.9715512e-01   1.5995802e-01  -2.1189683e-01   4.1357917e-02   3.4224031e-01  -5.3284805e-01   2.3081353e-01  -4.3403283e-01   5.2554259e-01  -3.2756046e-02   1.9740953e-01   8.7349927e-02   1.3996810e-01  -5.9291004e-01   9.8071301e-02   3.5826470e-01  -3.3507471e-01  -3.3139959e-01   1.9686891e-01   3.2103081e-01   1.9414150e-01   4.1137703e-01   6.4636856e-01  -1.7688720e-01   5.6068906e-01  -4.3018508e-01   3.4793861e-01  -5.0432585e-01   1.1306360e-01  -2.3424028e-01  -4.8576213e-01   1.3346533e-01   1.1602474e-01  -4.2420375e-02  -1.5090863e-02   4.8594992e-01  -3.3145210e-01   4.8655681e-01  -1.3283967e-02   3.9122904e-01   3.3561920e-01  -5.6596061e-02   2.2368802e-01   6.7210451e-02  -1.2844216e-01  -5.4375895e-01   5.1373128e-01   7.8348379e-02   5.8604233e-01   2.0112424e-01  -4.6621474e-01   2.5502678e-01  -2.7698504e-01   2.6906635e-01   2.3055748e-01   3.6508177e-01  -4.5756312e-01  -2.0775206e-01  -3.1018433e-01   4.4972408e-01   7.9444074e-01   1.2372908e-01  -6.5041771e-02   4.9072143e-01   3.1389442e-01  -1.9177593e-01  -5.7587174e-01   6.8006343e-01   3.6095985e-01   3.9647782e-01  -1.0756092e-02  -1.4898428e-01   4.6805966e-01   3.3655706e-02   1.8441136e-01   6.2381327e-01   1.1791312e-01   1.2264719e-01   3.4384523e-01   1.0028318e-01   2.3208408e-01  -3.2500839e-01  -3.1972227e-01  -5.2135556e-02  -9.8069237e-02   4.7871696e-01   4.5503804e-01   3.2680550e-01  -4.0731391e-01  -3.7745056e-01   1.7459975e-01   3.6486662e-01  -9.2334413e-02   1.6170662e-01   4.4251103e-01   4.5405018e-03  -6.4225523e-02  -4.2672087e-01   1.3038013e-01   2.0571662e-01  -4.7162379e-01  -3.2672569e-01   3.6378651e-01   4.4419902e-01  -4.9946850e-01  -5.4317547e-01  -8.8103677e-02  -3.1868192e-01   2.4653088e-01   2.7796478e-01  -2.4492377e-01   3.6021772e-01
