   0.0000000e+00   1.2839145e-02  -4.6749905e-01  -1.4445081e-01   1.7516121e-01   2.5595112e-01   3.3867678e-01   1.7302636e-01   1.6637904e-01   1.3260884e-01   1.5315574e-01  -1.4876143e-01   1.6108319e-01   3.5160269e-01   1.1604189e-01  -3.7713592e-01  -1.3520305e-01   1.4209809e-02   4.7855929e-01   3.1529488e-01  -2.3307201e-02   2.3055449e-01   3.7964434e-03  -4.5917312e-01   3.7198882e-01   1.6267384e-01   2.9068242e-02  -7.3502726e-02  -7.0628593e-02   1.8778187e-01   1.7725706e-01  -4.6730795e-02  -4.1578113e-01   2.4176585e-02   2.4695106e-01   2.9989048e-01   2.4134693e-01  -4.9820351e-01  -5.3850731e-01  -2.0710067e-01  -9.9316195e-02  -4.3913563e-01   3.9280605e-01   2.4449233e-01   1.9886284e-01   1.7684201e-01   3.3375553e-01  -6.1686604e-02   2.8279923e-01  -5.4565881e-01   5.3346137e-02   7.7694216e-02  -1.1332293e-02  -4.0310255e-01   1.6458909e-01   1.0936423e-01   1.7975539e-01   3.7200190e-01  -2.3250050e-01   2.1911623e-01   1.1269581e-02   1.4817707e-01   1.5107796e-01   9.4312416e-02   6.7170833e-02   1.1654440e-01   3.6231832e-01  -8.1347525e-02   4.2694298e-01  -4.0878750e-01   4.9626223e-03   1.4333278e-01  -3.0914010e-01  -1.1054842e-01  -7.3644163e-02   1.0117069e-01  -4.9397367e-01   2.4892811e-01  -2.5530765e-03   8.2180152e-02   2.9465723e-01  -3.4257848e-01  -5.1355550e-02   5.0662482e-02   4.3900278e-01   1.1898996e-01   7.0478370e-02  -4.1829709e-01   1.1401642e-01  -3.0844604e-01  -1.5421084e-01  -4.4596080e-01   1.0920830e-02   2.9228252e-01   2.0272222e-01  -3.4952121e-02   8.3519830e-02   2.5692474e-01  -5.3950327e-02   1.0964926e-01   4.3385538e-01  -3.6440806e-02   1.8197011e-01   2.0674334e-01   8.7998392e-02   8.4972566e-02  -1.9632287e-01   2.6371975e-01   2.3377523e-01   8.1080557e-02   3.2331684e-02   4.6167414e-01   1.8287500e-01   6.8833370e-01  -2.4320271e-01  -7.1900812e-02   4.7331977e-02   7.0200432e-02   2.6547278e-01   1.9479638e-02  -4.4770439e-01  -1.1164368e-01   1.4343502e-01  -1.3542826e-02  -4.5840140e-01  -4.6203902e-02  -6.6639393e-02  -5.0948758e-02   1.0888700e-01   9.8278636e-02  -3.3639330e-01   2.3184625e-01   4.3027166e-01   6.4205785e-02   3.8350437e-01   1.4411317e-01  -2.2719012e-01   2.0006094e-01   1.7912489e-01   3.6741545e-01   4.5490766e-01  -1.5500522e-01   2.8584655e-01  -2.6825636e-01   6.8719541e-02   1.4334383e-02   2.7369607e-02  -1.0037628e-01   1.2254825e-01   9.7153363e-02  -2.9132374e-01   1.6285029e-01  -3.9147300e-01   2.1717180e-02  -3.4606343e-01  -5.6852640e-01   5.2916438e-01  -9.2491128e-02   2.9928818e-01   4.2564141e-01   1.1585812e-01   2.3016372e-01  -9.9341719e-02   1.3737621e-01   7.6822569e-02  -1.9787898e-01   2.2043437e-01   2.3200110e-01   2.9070055e-01  -2.0817833e-01   2.9081645e-02  -3.7158139e-01  -1.7690441e-02   3.5319379e-01  -3.1777583e-01  -3.9548694e-01  -1.1287833e-01
   1.2839145e-02   0.0000000e+00  -1.8091084e-01   6.9429005e-02   4.0561463e-01  -3.6031055e-01  -1.1488417e-01   2.6928919e-01   7.5243500e-01   1.4642001e-01   2.8623412e-01  -1.7568405e-01   1.5051564e-01   4.0337850e-01  -9.5092793e-02   2.7135938e-01  -1.7137457e-01   3.5411276e-01  -7.3948741e-02   5.0456378e-01   5.4697610e-01   5.8660427e-01   2.6562655e-01  -1.1020425e-01   3.8318034e-01  -4.8240397e-01   2.6905769e-01  -4.7946734e-01  -4.0296860e-01   6.1377314e-01   3.7977196e-01  -3.1840217e-01  -1.2779295e-01   4.5527307e-01  -3.4690645e-01   5.7104963e-01  -3.6065328e-01  -7.3601696e-02   2.0399739e-01   2.4569129e-02   2.9098005e-02  -2.4829860e-01  -4.2202550e-01   3.6619398e-01   1.2866039e-01  -6.2645626e-01   3.6109840e-01   5.9860170e-01  -2.2902875e-01  -4.1078743e-01   2.8764454e-01  -3.6018847e-01   6.7230646e-01  -1.2304419e-01   5.4331623e-01  -1.8520790e-01  -3.6614178e-01  -2.1106594e-01   4.9886117e-02  -3.1532487e-01  -4.1466590e-01  -4.8618233e-01   4.4132440e-01   5.9784777e-01   1.2937011e-01   5.2556718e-01   1.9513521e-01   1.4081243e-02   1.8898553e-02  -2.6147638e-01   7.0326624e-01  -1.4539683e-01   3.9457861e-01  -3.6175103e-01  -3.7034542e-01   2.3521665e-01  -1.1757499e-01   2.0761626e-01   5.3554551e-01   3.4113910e-01  -5.4606299e-01   3.2599827e-01   6.2532431e-01   3.5455506e-02   4.6519277e-01  -3.6248020e-01   8.0848765e-01  -1.6331786e-01  -6.7014155e-02  -3.0170758e-01   5.0857551e-01  -1.1368819e-01   3.2326400e-01  -4.3362736e-01  -2.6821398e-01   2.9177192e-01  -5.2885213e-01   9.3878358e-02  -5.8882268e-02   3.7909055e-01   9.8977726e-02  -3.3656671e-01   4.9158334e-01   8.5587462e-01  -9.6862951e-02   1.3879834e-01   2.9340812e-01  -3.3259584e-01  -4.0571274e-01   6.7355682e-01   4.2579468e-01  -2.0201093e-01  -1.5313522e-01  -2.2803701e-01  -4.7086641e-01   7.4699135e-01  -3.3084413e-01  -6.4362094e-02   3.3331050e-01  -5.8817661e-01  -3.3371090e-01  -1.2983888e-01  -2.4707949e-01   1.5212851e-01  -2.8986177e-01  -3.4394151e-01   1.6464606e-01   5.1862840e-01   4.9840293e-01   2.8272653e-01   4.5551548e-01   4.6681872e-01   6.6702842e-01   5.8482097e-01  -3.1227144e-01   4.1202295e-01   2.8000384e-01   4.0947700e-01  -2.7920159e-01  -4.1947783e-01  -1.2389069e-02   3.3522986e-01  -1.1647135e-01  -3.8251261e-01   1.1042860e-01   3.4999374e-01  -2.5145808e-01   4.7064713e-01   2.5914330e-01  -1.6809862e-01  -4.6996269e-01   3.8858986e-01  -2.6840467e-01   5.2549730e-01   2.6033428e-01  -2.1598544e-01  -4.5148270e-01  -5.5713302e-01  -4.1212607e-01  -2.8323236e-01  -5.2060098e-01   5.5690966e-02   5.0451155e-01   1.9336461e-01  -5.3965032e-01   3.7705810e-01   1.4764472e-01   6.2375153e-02  -4.0093375e-01   6.3418281e-01   6.0249423e-01  -2.1325731e-01   5.1413238e-02   1.1398577e-01  -2.5336583e-01   1.5007486e-01   3.8879970e-01
  -4.6749905e-01  -1.8091084e-01   0.0000000e+00   2.8737349e-01  -3.2871902e-01  -4.5235366e-01  -4.6920560e-01  -8.0258329e-02  -1.9819485e-01  -3.3316326e-01  -4.7870687e-01  -1.2610219e-01  -1.7796419e-01  -3.8006364e-01  -4.8703578e-01   4.9558301e-01  -1.9041859e-02  -7.1575485e-02  -4.6219797e-01  -4.4227936e-01  -1.2221762e-01  -3.4899676e-01  -3.8121175e-01   7.9370101e-01  -2.9257755e-01  -1.3572661e-01  -3.8491164e-01   5.2316769e-02   1.9084127e-01  -4.1440980e-01  -2.8143964e-01  -1.9359333e-01   4.3184398e-01  -4.3835590e-01  -4.4814967e-01  -4.4078969e-01   9.3867764e-02   6.4175015e-01   5.0643327e-01  -1.7314103e-01   6.5402157e-02   8.2323499e-01  -5.1659249e-01  -2.5594772e-01  -3.9366649e-01   2.9668715e-01  -5.5339965e-01  -9.0299386e-02  -3.9752451e-02   6.4397989e-01  -3.4643469e-01  -1.0912592e-01  -2.1545679e-01   7.5447462e-01  -3.3085245e-01  -3.5228634e-01  -4.3635186e-01  -5.2546456e-01   7.0456020e-02  -4.6203399e-01   1.0372487e-01   5.0219313e-02  -1.3752978e-01  -2.1988924e-01  -1.0270374e-01  -4.8652194e-01  -5.4974974e-01   1.5785633e-01  -5.7164575e-01   8.7611096e-01  -1.3926365e-01  -1.1000145e-01   1.9563182e-01   4.7859981e-02   3.0455520e-01  -1.0265136e-02   8.3916126e-01  -2.2638566e-01  -3.7815519e-01  -2.0560495e-01  -3.0345135e-01   2.4890036e-01  -2.9362808e-01   1.0367206e-02  -3.2146140e-01  -1.6402980e-01  -2.1101349e-01   6.4977214e-01  -1.7055303e-01   3.2565019e-01  -1.3424926e-01   9.2759895e-01  -4.2574561e-01  -4.5595523e-01  -7.3396632e-02  -2.0505385e-01   4.8811710e-02  -3.7146540e-01   2.7782874e-01  -3.7600264e-01  -2.9573644e-01  -2.1818448e-01  -2.6201904e-01  -2.4699942e-01  -3.9500763e-01  -2.6087988e-01   3.1730701e-02  -3.7418964e-01   1.9014505e-02  -2.9555749e-01  -4.3545286e-01  -5.5395249e-01   1.4527533e-01  -3.4153916e-01   3.9113888e-01  -2.6510276e-01  -1.2198143e-01  -1.9018119e-01  -5.1554923e-01  -5.1799047e-03   8.1795593e-01  -2.8104999e-02  -3.4931347e-01  -1.1740885e-01   7.0181974e-01   8.2141401e-02  -2.9425124e-01  -2.0844590e-01  -1.4199705e-01  -2.0921838e-01   2.6166404e-01  -5.3178253e-01  -1.7679011e-01  -2.6614511e-01  -3.9700394e-01  -9.5966005e-02   8.3733243e-02  -2.2981234e-01  -2.2902244e-01  -1.7688512e-01  -3.0631528e-01   3.9258839e-01  -4.4886403e-01   1.8868570e-01  -5.3980364e-01  -1.3472943e-01  -2.7582071e-01  -2.1867897e-01  -4.5048011e-01  -7.1537595e-02   3.8286060e-01  -2.0502115e-01   8.6266169e-01  -3.7550961e-01  -1.1908879e-01   8.4007487e-01  -1.4398357e-01   4.3101559e-02  -2.2580670e-01  -3.6276693e-01   1.1882611e-01  -3.6099138e-01  -1.5758294e-01  -1.9806899e-01  -2.3020011e-01  -1.9009087e-01  -4.2791553e-01  -2.7313494e-01  -3.7997710e-02  -1.8216651e-01  -3.9515061e-01   5.4839823e-01   3.9780770e-02  -6.6464046e-01   2.3002982e-01   4.6687555e-01  -1.8320321e-01
  -1.4445081e-01   6.9429005e-02   2.8737349e-01   0.0000000e+00  -1.5430798e-01  -3.7655678e-01  -3.2401871e-01   5.2772763e-02   1.3298942e-01  -1.9162970e-01  -5.1164634e-02  -2.5662852e-01  -1.1609469e-01  -1.7670114e-02  -2.8583950e-01   2.6990059e-01  -1.2318186e-01   3.7829801e-01  -1.7535375e-01  -1.3559535e-01   2.7024895e-01   1.1830778e-01  -7.9544761e-02   1.5423106e-01  -1.8788894e-02  -4.0120817e-01  -1.7241052e-02  -2.4349812e-01   7.8815485e-03   1.0755239e-01   2.2253787e-01  -1.6851293e-02   5.1833704e-01  -1.9639378e-01  -4.7760314e-01  -3.0462577e-02  -7.3674172e-02   2.1168721e-01   2.9766622e-01  -1.7291712e-01   9.8432268e-02   3.4188765e-01  -3.8534690e-01   1.4834694e-01  -5.9858596e-02   5.2916543e-03  -1.7415343e-01   1.9551298e-01  -6.2546234e-02   1.8997547e-01  -8.2243853e-02  -3.8874744e-01   1.8374247e-01   2.6448830e-01   7.5625931e-02  -1.9713630e-01  -3.7992734e-01  -2.9923393e-01   3.8031331e-01  -4.0217464e-01  -8.0040262e-02  -2.2621968e-01   4.1688398e-01   1.8236994e-01   2.7778141e-01  -1.3404322e-02  -4.6289126e-02   4.4143035e-01  -2.6186950e-01   1.8368898e-01   1.1582685e-01   1.7134055e-01   2.2525304e-01  -2.7868823e-01   5.1669065e-02   3.6510043e-02   3.7896311e-01   1.3153009e-01  -8.3814582e-02   2.6893878e-01  -4.4493817e-01   4.1390854e-01   5.4569396e-02  -3.5554963e-02   6.6390007e-02  -3.9134007e-01   3.4420148e-02   4.7374967e-02   1.6587177e-01  -5.8862779e-02   2.7213466e-02   3.4103265e-01  -1.8808809e-01  -4.7535243e-01  -1.3095273e-01   4.5873806e-03  -1.8043913e-01  -3.0947953e-01   4.1093351e-01   6.9314071e-03  -4.1265791e-03  -2.9361140e-01   1.7233779e-01   7.6073347e-02   1.0766631e-02   3.5391313e-01   3.6992061e-01  -3.7848838e-01  -1.3992284e-01   2.1300701e-01  -2.1122883e-01  -3.8898854e-01   5.2281452e-01  -4.3884280e-02  -1.1607689e-01  -1.1720022e-02  -1.4301996e-01  -6.9445886e-02   3.5222472e-02   1.0970110e-01   2.8744471e-01  -1.7760123e-01  -3.2951398e-01   3.8924449e-01   1.2534118e-01  -3.3294239e-01   7.0842131e-02   2.6091995e-01   3.4379850e-01   7.3738923e-02   3.9455010e-01  -1.5921995e-01  -5.1450727e-02   2.9530705e-01  -2.8405478e-01   4.7010175e-02  -2.8361099e-02   1.8622532e-01  -3.8214572e-01  -7.7633767e-02  -1.3227781e-01   1.4459130e-01  -2.4921002e-01  -1.3772303e-01  -1.8410064e-01   3.3253256e-01  -3.2875965e-01   1.1796884e-01  -4.5321424e-02   1.3857133e-01  -9.2548466e-02   1.3156807e-01   2.6032894e-01   6.1467050e-02  -4.5947876e-02   2.7855261e-01  -4.9646510e-02  -2.2571854e-01   2.5846375e-02  -4.2259548e-01   2.6100114e-02  -9.2279743e-02   1.7335353e-01   4.4856876e-01  -2.4966639e-01  -1.6661729e-01  -7.7830784e-02  -9.1911375e-03   2.2281711e-01   1.7657065e-01  -2.0826552e-01   1.5235532e-01   6.1692462e-01  -1.3800964e-01   3.5891194e-02   3.2922349e-01   3.3139242e-01
   1.7516121e-01   4.0561463e-01  -3.2871902e-01  -1.5430798e-01   0.0000000e+00   2.9462409e-01   3.0540104e-01   4.5368612e-01   4.8768683e-01   5.4165511e-01   4.1621278e-01   1.9384912e-01   4.9997517e-01   1.6733770e-01   2.5964582e-01  -3.0866512e-01   2.1189197e-01   3.8875673e-01   3.9163555e-01   7.5170981e-01   4.5904130e-01   4.7418418e-01   4.3835965e-01  -3.7393296e-01   2.2626436e-01  -3.8513168e-02   4.0850586e-01  -3.8300232e-02  -5.0545334e-01   4.3466326e-01   5.0917998e-01   1.6194306e-02  -2.1458688e-01   5.1899968e-01   1.7430142e-01   7.6627236e-01   7.6949246e-02  -1.7162300e-01  -8.2878479e-02   4.3153423e-01   4.0884468e-01  -5.5665308e-01   1.1152783e-01   5.0987312e-01   4.7959644e-01  -2.5150851e-01   4.7846495e-01   4.3176438e-01   1.7938353e-01  -4.3528152e-01   4.7168258e-01   7.1362610e-03   5.0097296e-01  -4.7633072e-01   2.3387960e-01   1.0009990e-01   2.5587603e-01   1.4129968e-01   2.8224476e-02   2.1076265e-01  -8.4611232e-02  -1.0650677e-01   3.5732090e-01   5.6139922e-01   4.3628305e-01   4.6807581e-01   5.1037921e-01  -2.7873910e-01   3.3707393e-01  -3.4044078e-01   4.0696458e-01   7.0673428e-04   3.6307451e-01   3.7895372e-02  -2.8088418e-01   3.9275549e-01  -2.7999901e-01   4.2328017e-01   6.0120444e-01   8.7763422e-02   4.0893743e-02   7.5269121e-02   5.3315596e-01   2.1620658e-01   3.7171595e-01   9.7325099e-02   3.8656558e-01  -5.4640342e-01   4.0303355e-02  -1.5424988e-01   3.7752083e-01  -2.9702804e-01   2.9461112e-01   1.1946055e-01  -2.2586525e-02   5.3223163e-01  -2.9676217e-01   4.4317325e-01   9.7512545e-02   5.3504614e-01   2.8973427e-01   1.8052064e-02   4.3270757e-01   4.5548371e-01   2.5737120e-01   3.4706697e-01  -5.1984383e-02   2.7534896e-01  -4.2993798e-02   4.2086844e-01   4.2850659e-01   1.9391044e-01  -1.7011102e-01  -1.8602492e-01  -2.4766740e-01   5.3624467e-01  -2.1893608e-01   4.4120359e-01   3.8329350e-01  -3.1279111e-01  -4.4352041e-01   2.6562607e-01  -9.9772846e-02   4.4253648e-01  -2.5999763e-01  -1.1669278e-01   3.3601669e-01   3.6848249e-01   4.6736403e-01   5.1815099e-01   1.8202929e-01   6.4304487e-01   1.6274528e-01   3.8413656e-01   1.0240092e-01   5.5484111e-01   6.4396522e-02   3.6297830e-01   1.0530087e-01  -2.3876981e-01   1.1608434e-01   2.1151197e-01   2.7268484e-02  -2.2463281e-01   4.1489101e-01   4.0717031e-01   2.4200832e-01   4.2643925e-01   2.4427672e-01   2.5893127e-01  -2.0071074e-01   4.3993223e-01  -4.3093210e-01   3.8231140e-01   2.8701971e-01  -4.3874227e-01  -8.8282550e-02  -1.6029752e-01   7.4851985e-02   3.9256376e-02  -3.5828677e-01   3.2415986e-01   3.9915505e-01   3.2670014e-01  -2.9694106e-02   3.3832701e-01   2.5914284e-01   2.1593053e-01  -1.4065968e-01   4.1822101e-01   3.6058874e-01  -2.3242085e-01   1.0647538e-01   3.8527352e-01  -3.5752238e-01  -3.8114130e-01   3.2943449e-01
   2.5595112e-01  -3.6031055e-01  -4.5235366e-01  -3.7655678e-01   2.9462409e-01   0.0000000e+00   6.9324756e-01   1.1050802e-01  -1.4967250e-01   2.9852411e-01   2.8230597e-01   3.6716902e-01   3.1728144e-01   1.3189987e-01   4.9359544e-01  -6.1125313e-01   2.1165301e-01   6.1538069e-02   4.4634839e-01   1.4365079e-01  -4.2673034e-02   1.2252228e-01   3.4972916e-01  -4.9251033e-01  -6.5763828e-02   5.3874885e-01   3.5991293e-01   4.5167732e-01  -1.4625132e-02   1.6564331e-01   7.4623209e-02   4.0242140e-01  -4.1673806e-01   2.7592648e-01   7.2154782e-01   1.6279405e-01   6.6341565e-02  -3.9115372e-01  -4.0130050e-01   4.0456167e-01   9.4451119e-02  -5.4945314e-01   7.0317695e-01   1.0246074e-01   3.4262852e-01   7.7283748e-02   2.6022812e-01  -8.4272654e-02   1.0372078e-01  -2.5292793e-01   4.0215267e-01   3.8546242e-01  -5.0787450e-02  -4.3214273e-01  -3.3048601e-02   4.3442926e-01   9.1585392e-01   5.8179822e-01   2.4601618e-02   7.0246930e-01   1.3398842e-01   2.5157849e-01  -2.7941561e-01  -1.4274270e-02   2.2578126e-02   1.5557614e-01   3.7768833e-01  -2.8498705e-01   5.2199992e-01  -3.5936585e-01  -1.6066602e-01   2.5111660e-01   2.9844059e-02   2.5455074e-01  -9.6905347e-02   1.3223492e-01  -4.7657428e-01   2.2299946e-01   1.4963476e-01   1.2912952e-02   7.5991162e-01  -1.7475509e-01   1.2250207e-01   1.7183246e-01  -1.8616866e-02   3.9668941e-01  -1.2686930e-01  -3.6733969e-01  -1.5394636e-01  -5.4537327e-02   6.6867296e-02  -4.3516444e-01   2.5369844e-01   7.2871241e-01  -1.7528603e-03   1.5676859e-01   3.2437148e-01   4.4200400e-01  -1.8226901e-01   2.5837950e-01   2.2696287e-01   4.4523562e-01   1.2525009e-01  -1.8585226e-01   3.7139466e-01   7.9416604e-02  -2.6186821e-01   7.2749323e-01   1.7344135e-01  -1.2038744e-01   2.5208193e-01   6.6472466e-01  -2.8195483e-01   1.5185141e-01   1.2937470e-01  -5.1706923e-02   2.4451000e-01   4.7745408e-01   2.1811499e-01   3.8519863e-01  -4.4973483e-01   2.6074736e-01   5.5897693e-01   1.9615360e-02  -2.3307121e-01   2.2707855e-01   1.7375526e-01  -6.7606011e-02   4.2756009e-02   2.0316981e-01  -2.0631230e-01   2.6382780e-01  -2.8524414e-01  -9.8494338e-02   6.6065176e-01   1.2167605e-01  -6.7032988e-02   1.8271778e-02   4.0382556e-01   1.3462756e-01   1.4821960e-01  -3.2005842e-01   4.3797841e-01   1.6685592e-01   4.7645190e-01   8.6071665e-03   6.0794978e-01   7.6176792e-02   2.6612069e-01   4.2433472e-02   1.1252578e-01   8.9081433e-02  -4.6408536e-01  -6.1040763e-03   1.0543233e-01  -4.8611865e-01   1.0967476e-01   5.1360283e-01   2.2320795e-01   5.5287302e-01   9.4444616e-02   3.2331836e-01  -5.5475445e-02   2.1149326e-01   5.6927441e-01   1.3717133e-01   2.2445534e-01   2.2854251e-01   1.8992004e-02  -9.5212258e-02   9.3550375e-02  -3.3263972e-01  -4.0708637e-04   5.1332539e-01  -5.7953299e-02  -5.4289617e-01   1.3069271e-02
   3.3867678e-01  -1.1488417e-01  -4.6920560e-01  -3.2401871e-01   3.0540104e-01   6.9324756e-01   0.0000000e+00   7.5693470e-02   5.2700770e-02   4.5637506e-01   2.1569913e-01   4.0432565e-01   2.2311154e-01   2.2168739e-01   4.0908832e-01  -4.8447629e-01   3.5535207e-01   5.7626588e-02   4.4932176e-01   2.4423765e-01   7.0105700e-02   1.8959272e-01   5.0642838e-01  -5.8459797e-01  -5.0180591e-02   4.7635658e-01   4.9846558e-01   1.5391211e-01  -1.1735613e-01   1.7908034e-01   6.9135855e-02   4.3796615e-01  -2.5023430e-01   5.1092056e-01   5.5781465e-01   2.7576502e-01  -1.9155216e-02  -5.8923316e-01  -3.7187492e-01   4.8448578e-01   3.2351279e-02  -4.7133177e-01   5.1761509e-01   1.4237552e-01   3.9617811e-01   3.6993219e-02   2.4650772e-01   1.9961029e-01   1.4003133e-02  -2.6139304e-01   4.3861996e-01   4.2224860e-01   6.8866523e-02  -2.8065024e-01   3.5304886e-02   3.4958727e-01   5.6168358e-01   6.2435334e-01  -8.4995174e-02   5.6108011e-01  -5.8057378e-02   1.3537709e-01  -5.5047844e-02   5.6935753e-02  -3.0235824e-02   3.0415019e-01   3.9001366e-01  -2.6856709e-01   4.0249239e-01  -5.1000252e-01   1.7287311e-01   4.2621337e-01   3.3630641e-03  -5.5154618e-02  -3.5348593e-02   4.9212768e-02  -5.9676827e-01   2.7677241e-01   1.2389190e-01   1.3501506e-02   6.7132305e-01  -1.8337190e-01   1.3063039e-01   4.0679679e-02   2.5879004e-01   3.5095539e-01   6.5481436e-02  -4.1626286e-01  -5.0308337e-02  -3.8644393e-01   7.9192425e-02  -4.9521366e-01   3.0147473e-01   6.1940522e-01  -2.5983388e-02   2.2472793e-01   2.1523974e-01   3.3257248e-01  -1.3090147e-01   3.7275416e-01   3.9225421e-01   4.1628193e-01   1.4066651e-01   5.0285637e-02   4.2744462e-01   1.6044053e-01   4.2280424e-02   5.3496636e-01   4.3963769e-02  -5.6286952e-02   4.1728736e-01   7.3357778e-01  -2.5477767e-01   2.7495458e-01  -1.2241099e-01   1.2676666e-02   1.9368333e-01   3.3266885e-01   3.5824744e-01   3.8214300e-01  -5.8077049e-01   2.6431742e-01   5.1604911e-01   3.0178822e-03  -4.0871872e-01  -5.5661819e-02   2.5750540e-01   7.4099996e-02   8.9052164e-02   4.1789902e-01  -2.2789157e-01   2.7377659e-01  -6.8521303e-02  -3.6958587e-02   6.4012151e-01   1.2521197e-01  -3.2965046e-02   1.9986158e-01   4.2145664e-01   6.2479909e-02   5.0222975e-02  -2.7284676e-01   2.3693393e-01  -1.8002296e-01   4.9103038e-01  -2.6460435e-02   6.6001336e-01   1.0050903e-01   3.1402058e-01   3.7702374e-02  -2.2219035e-01   1.0344174e-01  -4.6633149e-01   2.0433870e-02   1.5677570e-01  -5.7204543e-01   1.1277546e-01   2.2694263e-01   1.8364902e-01   6.6961830e-01   6.6560438e-02   2.1914345e-01   8.7065845e-02   1.3516371e-01   5.6853020e-01   1.8063807e-01   3.0933946e-01   2.1940261e-01   1.4929976e-01   3.0526923e-02   1.8062446e-01  -5.7035506e-01  -9.6467233e-03   4.1384680e-01  -2.0353888e-01  -3.4386807e-01   8.7526541e-02
   1.7302636e-01   2.6928919e-01  -8.0258329e-02   5.2772763e-02   4.5368612e-01   1.1050802e-01   7.5693470e-02   0.0000000e+00   4.4035238e-01  -2.0002916e-02   2.3585272e-01  -1.9246609e-02   2.1099885e-01   2.5711935e-01   4.1541220e-02  -1.8406673e-01   1.1565501e-01   5.0095768e-01   4.4838556e-01   2.2432773e-01   4.3641768e-01   4.9056275e-01   1.9985477e-02  -9.9849353e-02   4.6637769e-01   1.1041994e-01   3.2429422e-02   1.1114213e-01   2.7816053e-03   4.6285318e-01   6.8788757e-01  -7.0877653e-02  -1.4589476e-01   1.8255992e-01   1.4194710e-02   3.0880103e-01   1.6840028e-01  -1.0008695e-02  -1.6954904e-02   6.2196277e-02   2.8146392e-01  -2.8968768e-01  -2.8421333e-02   7.4481291e-01   2.1202658e-01  -7.4282674e-02   1.7909088e-01   3.6129009e-01   3.6582861e-01  -3.4433378e-01   2.7164337e-01   1.2036773e-01   4.8609478e-01  -3.0503453e-01   1.9754238e-01  -2.5596213e-02   1.5031435e-01  -8.0472860e-02   6.1041218e-02   3.9356128e-03   1.1235590e-01   9.4603017e-02   2.4210238e-01   7.6097511e-01   5.3595357e-01   4.6706520e-02   3.1039549e-01  -1.6204766e-01   1.4314464e-01  -6.9862162e-02   4.1148342e-01  -4.1106994e-02   1.3794870e-01   1.5341453e-01  -2.7551148e-01   6.7537066e-01  -9.0344856e-02   6.6286346e-01   1.6438308e-01   6.6761979e-02  -3.9487502e-03  -1.1975566e-01   4.1838285e-01   7.5621845e-01   2.5950112e-01  -2.0417440e-02   3.0132834e-01  -3.1020194e-01   1.1671739e-02   9.9329493e-02   1.3482313e-01  -7.9992737e-02   1.7721341e-02  -7.0711514e-02  -4.9896176e-03  -7.7641858e-02  -2.5724009e-02   5.0212149e-01   4.4808098e-01   2.1883835e-01   3.7932988e-01   3.7146771e-02   6.2334608e-01   4.1037353e-01   5.4619940e-02   4.7233537e-01   1.2917421e-01   3.4776927e-01   1.6764568e-01   4.3172449e-01   5.8152789e-02  -4.1178535e-02  -3.1180768e-02  -6.7637478e-02  -1.8599448e-03   2.7793570e-01  -1.2467255e-02  -1.5427622e-02   1.7902598e-01  -3.1197388e-01  -1.9682575e-01  -1.5834332e-01  -1.1431253e-01   4.6479103e-01  -2.6790273e-02   8.7813220e-02   1.6495631e-01   3.0321327e-01   4.5589519e-01   1.7309919e-01   6.0489540e-02   3.1349815e-01   2.4360719e-01   4.7055499e-01   4.1170001e-02   8.6995602e-01  -9.0152139e-02   5.5215118e-01   7.2006629e-02   3.8553270e-02   1.7994857e-01   2.4513178e-01  -1.1724045e-02  -1.6246003e-01   9.7161365e-02   5.9290878e-01   1.0765972e-02   2.9551363e-01   4.8935016e-02   3.6832009e-01   5.2490658e-02   7.2227382e-01  -2.8533891e-01   1.9425509e-01  -1.5450985e-02  -1.6735550e-01  -9.2185945e-02  -2.0272368e-01   3.1186342e-02  -3.3721861e-02  -3.0400148e-02   4.0448677e-01   1.2242642e-01   3.9858652e-01  -1.4462394e-01   1.6535960e-01  -1.4186819e-03   2.5144730e-01   8.0330740e-03   3.0013841e-01   1.2354941e-01  -1.9685657e-01   1.6165987e-01   1.1844938e-01  -2.6792875e-01  -2.5264537e-01   4.5130593e-01
   1.6637904e-01   7.5243500e-01  -1.9819485e-01   1.3298942e-01   4.8768683e-01  -1.4967250e-01   5.2700770e-02   4.4035238e-01   0.0000000e+00   1.2933641e-01   1.5938544e-01  -2.0443606e-01   3.5281647e-01   5.0359748e-01  -2.2293688e-01   1.4163242e-01  -2.2075952e-01   5.9815440e-01   1.4068638e-01   4.6479146e-01   6.3446064e-01   7.8375523e-01   2.6798592e-01  -1.4709852e-01   4.1235433e-01  -4.3057011e-01   2.7785124e-01  -4.7190943e-01  -2.8736475e-01   7.4529250e-01   4.2855837e-01  -1.8857478e-01  -8.5223694e-02   3.5745304e-01  -2.3251206e-01   5.7362036e-01  -3.2025309e-01  -1.5031594e-01   1.7124153e-01   2.6041431e-02   1.0421779e-01  -3.0635853e-01  -2.3819414e-01   4.2155862e-01   3.4714684e-01  -5.3544909e-01   2.4593074e-01   6.5817454e-01  -1.4889857e-01  -5.4894085e-01   4.8744773e-01  -3.2816292e-01   6.0385024e-01  -1.4926796e-01   6.7312795e-01  -3.4904019e-01  -2.0582233e-01  -9.2167345e-02   9.8009882e-04  -2.5716412e-01  -3.4184462e-01  -3.7560715e-01   6.3174443e-01   6.3270261e-01   2.4430233e-01   5.0616442e-01   2.6193440e-01  -2.6284823e-02   1.4469809e-02  -2.2054483e-01   6.5005814e-01   1.2091295e-01   5.4491840e-01  -3.2899793e-01  -2.6941613e-01   3.0567242e-01  -1.3483940e-01   3.2729017e-01   3.5433597e-01   2.9425640e-01  -4.1834870e-01   3.3723579e-01   4.8752866e-01   6.7191652e-02   6.0788947e-01  -3.5352901e-01   8.5705217e-01  -2.5001688e-01  -3.8131426e-03  -3.2999431e-01   4.5613470e-01  -8.5881787e-02   8.9507130e-02  -2.6708222e-01  -1.9348181e-01   1.3919223e-01  -3.3257079e-01   1.9450554e-01   6.7914901e-02   4.9553083e-01   2.4676126e-01  -4.3105384e-01   5.7501051e-01   8.7954767e-01  -1.1402268e-02   3.2809885e-01   4.7402803e-01  -2.1683960e-01  -3.4636083e-01   6.0952498e-01   2.1086277e-01  -1.0134174e-01  -6.8096250e-02  -1.5914612e-01  -4.7847097e-01   6.3094915e-01  -4.6442922e-01   3.7214964e-02   3.6109675e-01  -4.1023000e-01  -3.8591828e-01  -2.6017042e-01  -1.2484044e-01   2.2930041e-01  -2.4539059e-01  -3.2354251e-01   3.0983840e-01   5.8761288e-01   7.1791752e-01   3.8921171e-01   4.8488635e-01   4.1501690e-01   5.7599013e-01   5.8724422e-01  -3.5034833e-02   5.7216634e-01   1.8348093e-01   4.7395796e-01  -2.3185899e-01  -2.8710813e-01   4.8121666e-02   3.0173224e-01  -1.8503723e-01  -5.1009749e-01   9.4243928e-02   3.8964315e-01  -2.0145092e-01   4.5690448e-01   2.5016758e-01  -1.1442433e-01  -5.1226116e-01   4.0789340e-01  -2.6634433e-01   4.1274467e-01   4.3447366e-02  -2.8805051e-01  -3.7727882e-01  -5.2850192e-01  -2.8749298e-01  -2.0402701e-01  -3.3742670e-01   6.9891646e-03   5.8899200e-01   3.9942485e-01  -4.0774251e-01   2.0082812e-01  -1.1388923e-02   1.0350345e-01  -1.9357965e-01   4.1538194e-01   4.9237709e-01  -3.1715572e-01   2.4445541e-01   6.8895902e-02  -2.9572101e-01   8.2377149e-02   5.6114689e-01
   1.3260884e-01   1.4642001e-01  -3.3316326e-01  -1.9162970e-01   5.4165511e-01   2.9852411e-01   4.5637506e-01  -2.0002916e-02   1.2933641e-01   0.0000000e+00   3.2808785e-01   2.0423137e-01   4.3183725e-01   1.2079826e-01   5.3094528e-01  -2.9679835e-01   1.5690055e-01  -3.0409392e-02   3.2507434e-01   5.7766130e-01   2.3361947e-01   1.7322421e-01   6.5808433e-01  -4.5306702e-01  -1.1604828e-01   2.0643894e-01   6.1079358e-01  -1.6229547e-01  -4.8752086e-01   1.3525619e-01   2.1114817e-01   3.1943336e-01  -5.8294107e-02   6.7264140e-01   2.2368914e-01   5.1316308e-01   9.4554379e-02  -2.9853498e-01  -1.6145198e-01   4.5667461e-01   2.5779943e-01  -3.3948806e-01   1.9985030e-01   2.5508042e-01   6.3577623e-01  -2.3478680e-01   4.6605795e-01   2.7654755e-01   3.2341255e-02  -2.0619887e-01   4.8603074e-01   3.3163327e-01   1.6407935e-01  -2.8563805e-01  -4.7992792e-02   4.5682487e-01   1.6955409e-01   4.3919879e-01  -8.2059205e-02   2.4009401e-01  -3.3561236e-01   6.7910773e-02   2.2957429e-01   1.4904604e-01   1.2062863e-01   6.2711952e-01   4.9285083e-01  -2.3578222e-01   4.5927972e-01  -4.0229767e-01   2.4587399e-01   3.8576620e-01   7.2254680e-02  -1.3489797e-01   6.7805865e-02  -3.4438211e-02  -3.6898077e-01   1.4227166e-01   3.7096208e-01   1.3239728e-02   2.2583839e-01   1.4484353e-02   2.6065715e-01  -1.1014250e-01   2.7965093e-01   4.5763163e-01   1.5005163e-01  -4.8786536e-01   2.0107398e-01  -3.3245502e-01   9.0602034e-02  -3.7967063e-01   6.3642431e-01   2.5638032e-01  -2.2485340e-01   6.2419707e-01  -4.6755184e-02   1.4987005e-01  -7.8764219e-02   6.3553252e-01   2.2527345e-01   4.2896555e-01   4.9543130e-02   1.7412960e-01   5.5585108e-01   1.8447987e-01  -4.0881231e-02   2.5829240e-01   2.8126168e-02   6.4133729e-02   7.0852685e-01   4.7098478e-01  -5.9916711e-02  -7.8882276e-02  -3.4604542e-01   2.1520863e-01   1.5434746e-01   5.1332044e-01   3.4471605e-01   1.7819756e-01  -4.2389882e-01   6.3845282e-01   7.8330305e-02   1.9656174e-01  -3.4458286e-01  -2.2121266e-01   4.6906140e-01   1.7419552e-01   1.8153293e-01   4.1480663e-01   8.1560607e-03   4.3812259e-01   8.0593406e-02   7.1995205e-02   2.8530598e-01   4.9489551e-02   6.1464584e-02   1.8727563e-01   4.6023690e-01  -4.1346507e-01  -2.1368257e-01   5.4926266e-02   2.7896931e-01  -2.2559529e-01   6.8477094e-01   8.7237478e-02   3.3938012e-01   2.0467935e-01   5.2288675e-01   2.3999863e-01  -2.9597454e-01   1.2609750e-01  -2.8055473e-01   1.6157898e-01   2.3610707e-01  -4.3238929e-01  -1.0868633e-01   7.9416329e-02   6.5928259e-02   3.4461830e-01  -8.0806965e-02   2.5485972e-01   3.0989340e-01   1.3353824e-01   2.5926051e-01   4.9809589e-01   6.0788982e-01   2.1731912e-01  -6.3923665e-02   1.7412954e-01   4.1416789e-01  -3.3855057e-01   7.9511879e-02   4.3245852e-01  -2.5588692e-01  -2.4935616e-01   1.4377124e-01
   1.5315574e-01   2.8623412e-01  -4.7870687e-01  -5.1164634e-02   4.1621278e-01   2.8230597e-01   2.1569913e-01   2.3585272e-01   1.5938544e-01   3.2808785e-01   0.0000000e+00   1.7279677e-01   1.5969425e-01   2.8208890e-01   6.4365379e-01  -4.6144638e-01   1.4022991e-02   2.3051932e-01   2.6924577e-01   4.5878152e-01   3.1083184e-01   3.2713223e-01   4.6620621e-01  -4.1696687e-01   1.9374765e-01   8.0971755e-02   5.5792857e-01  -7.9268668e-02  -4.7176484e-01   4.4914627e-01   5.2394885e-01   2.0304252e-01  -4.6745109e-01   5.4203929e-01   1.8845726e-01   5.6415377e-01  -8.4573721e-02  -3.8329531e-01  -4.1882382e-01   1.3256902e-01  -2.0511872e-02  -6.3301100e-01   2.6347117e-01   4.5648483e-01   4.0813547e-01  -3.6126536e-01   7.0685580e-01   2.5481796e-01  -4.0571701e-03  -3.9670699e-01   5.1566889e-01   1.9653508e-01   4.7234363e-01  -5.2504252e-01   3.2195685e-01   5.2860559e-01   2.5826530e-01   3.3971580e-01   2.3664491e-01   3.4880652e-01  -1.9352612e-01  -1.9620282e-01  -1.9989345e-02   5.8375185e-01   3.0484526e-01   5.4902038e-01   6.2553268e-01   4.5436543e-02   7.3179560e-01  -5.0144765e-01   2.3351704e-01   2.5283880e-02  -2.5454614e-02  -3.0636458e-02  -4.7140173e-01   1.0184173e-01  -4.7060315e-01   3.6823945e-01   6.1341367e-01   3.8363721e-01   1.0581045e-01   9.9321027e-02   6.1376884e-01   1.9981912e-01   8.7256901e-02   2.1944093e-01   2.0446094e-01  -3.4892304e-01  -1.4096445e-01  -2.6083806e-01   2.7913524e-01  -4.6694145e-01   5.6392238e-01   1.9828338e-01  -2.9630506e-01   2.9701084e-01  -2.7329192e-01   5.1016762e-01  -1.2273041e-01   4.4684660e-01   1.6486923e-01   3.8393478e-01   3.7528098e-01   2.7279024e-01   3.4815571e-01   1.9374492e-01  -4.6222959e-02   4.8227240e-01  -8.9316865e-02   4.6297481e-01   5.6114983e-01   4.3777328e-01  -1.3578592e-01  -4.9266360e-02  -3.1083250e-01   4.2620397e-01   2.4176630e-01   3.5688388e-01   3.1713122e-01  -7.5593188e-02  -5.3354156e-01  -2.8621753e-04   1.6079815e-01   3.3838328e-01  -4.6469994e-01  -1.8875532e-01   2.7328456e-01   2.5861660e-01   2.1170757e-01   2.6798532e-01  -9.9219003e-03   7.5296939e-01   3.4055090e-02   4.5620832e-01   1.7535456e-01   3.1295588e-01   4.6981981e-02   3.5004788e-01   3.4336525e-01  -2.2462839e-01   6.4178278e-02  -2.2154930e-01   5.5330968e-01  -9.4323217e-02   6.3073699e-01   4.0382180e-01   1.9414888e-01   3.8318766e-01   5.8267319e-01   1.1988410e-01  -2.4765782e-01   3.9006838e-01  -5.6057741e-01   8.0665828e-01   2.5282607e-01  -4.9725815e-01  -1.4653317e-01  -1.3316345e-02   1.1911186e-02   1.7453342e-01  -3.1818374e-01   7.1570385e-01   2.4099879e-01   3.1041735e-01   5.3530948e-02   3.7643559e-01   6.0925948e-01   2.2070653e-01  -2.5114555e-01   4.2225491e-01   4.4874962e-01  -4.7080218e-01   1.7780708e-01   5.8079866e-01  -3.2494269e-01  -3.3277989e-01   3.1045240e-01
  -1.4876143e-01  -1.7568405e-01  -1.2610219e-01  -2.5662852e-01   1.9384912e-01   3.6716902e-01   4.0432565e-01  -1.9246609e-02  -2.0443606e-01   2.0423137e-01   1.7279677e-01   0.0000000e+00  -2.4084315e-02  -2.9600991e-01   2.2535467e-01  -2.3224305e-01   4.9325400e-01  -1.5620603e-01  -6.9384190e-02   7.0588699e-02  -2.6756488e-01  -1.1451708e-01   1.5599475e-01  -2.2783747e-01  -1.0027220e-01   2.9281537e-01   1.7312809e-01   4.3299011e-01  -5.3647405e-02  -1.2598109e-01  -1.7100723e-01   4.7907919e-01  -1.2281830e-01   2.4687242e-01   5.7777176e-01  -5.9139570e-04  -2.8478559e-02  -2.0797305e-02   3.9153270e-02   5.5651915e-01  -6.9693528e-02  -2.4661271e-01   3.9408008e-01  -1.3583490e-01   1.6426603e-01   1.6944263e-01  -9.3505279e-02  -1.5337946e-01  -4.2191308e-02   2.9237557e-01   1.5319892e-01   3.1493217e-01  -1.6840156e-01  -1.8082722e-01  -1.2675458e-01   1.3044073e-01   3.8822681e-01   2.0049005e-01  -8.1796494e-02   7.3192465e-01   4.5688458e-01  -2.8677293e-02  -2.8748355e-01  -1.1554136e-01  -1.5845242e-02  -1.0904983e-01  -1.1589443e-01  -1.1422451e-01   6.2427539e-02  -1.4047094e-01  -7.3010514e-02   6.9870396e-02   1.1133127e-01   3.8264748e-01  -1.6603560e-01   4.5305391e-02  -1.6976863e-01  -1.2466282e-01   2.5827861e-01  -2.6121880e-02   4.0069651e-01   1.1310759e-01  -7.3599939e-02   4.2639514e-02  -2.9461113e-01   3.3376845e-01  -1.3917021e-01  -1.7209950e-01  -1.7776949e-01   1.4514564e-01   1.1515894e-01  -1.4641139e-01   3.3897897e-02   5.7574743e-01   2.8446545e-01   1.5737767e-01  -3.3889893e-02   3.3189675e-01  -1.3208102e-01   1.6169254e-01  -1.4973684e-01   2.4197114e-01  -9.2663577e-02  -2.0473085e-01   2.2942711e-01   2.9087409e-02  -1.5261541e-01   3.7729133e-01  -4.3571038e-02  -3.0366832e-01   1.8015665e-01   2.5821466e-01  -1.9802429e-01  -1.1252958e-01   1.9900398e-01   1.0333298e-02   8.3917133e-02   2.4178841e-01  -2.3053899e-01   2.6934272e-01  -1.8197680e-01   1.5236330e-01   4.2149838e-01   2.1786087e-02  -3.0059914e-02   3.0735018e-01   7.0542174e-02   7.4642893e-02   1.6685492e-02   1.4266890e-01   6.2610707e-02   7.7035136e-02  -2.9892744e-01  -2.6368276e-01   3.5252520e-01   4.6739338e-02   2.5429504e-01  -2.1169679e-01   2.7000622e-01   1.4451361e-01  -3.3227762e-02  -3.1602445e-01   1.6906191e-02   3.1539463e-01   2.5980235e-01  -1.2798788e-01   7.9854488e-01  -1.0529279e-01  -1.8973336e-01   7.7546534e-02   2.4189507e-01  -1.4286951e-01  -2.8154667e-01   3.6368992e-02   5.3075583e-01  -1.4938379e-01   1.2977651e-01   2.4953297e-01   3.7279161e-01   1.2622493e-01   1.7092523e-03   5.6678080e-02  -1.0353349e-01  -1.4792700e-01   5.2589388e-01   1.8332631e-01   2.7792439e-02  -2.6295019e-01  -1.1240540e-01  -6.0884155e-02  -5.9628483e-02   1.5657551e-02  -5.8762874e-02  -3.7717022e-02  -1.3916026e-01  -1.4077935e-01   5.0127077e-02
   1.6108319e-01   1.5051564e-01  -1.7796419e-01  -1.1609469e-01   4.9997517e-01   3.1728144e-01   2.2311154e-01   2.1099885e-01   3.5281647e-01   4.3183725e-01   1.5969425e-01  -2.4084315e-02   0.0000000e+00   1.7860802e-01   2.6369274e-01  -3.2401288e-01   1.2140738e-01   1.7636218e-01   3.5896273e-01   4.9763994e-01   1.1479515e-01   3.7276350e-01   2.1756739e-01  -2.5684228e-01   8.8065574e-02   1.3830220e-01   2.7071654e-01  -5.3024768e-02  -1.2129133e-01   2.7153044e-01   2.2130937e-01   1.4102669e-01  -1.1238595e-01   2.5446487e-01   1.0841824e-01   3.5894298e-01   2.2481509e-01  -9.5998692e-02  -1.4497246e-01   1.0710827e-01   5.4854005e-01  -3.4726392e-01   2.2671834e-01   2.8631059e-01   5.9465256e-01  -1.6028123e-01   2.8141146e-01   1.8387541e-01   3.1354521e-01  -3.4577040e-01   5.5325978e-01   2.0443893e-01   5.9384452e-02  -2.9041978e-01   1.4303881e-01   1.8961738e-01   2.1494467e-01   3.4762704e-01  -4.4916467e-02   1.3328188e-01  -1.3131963e-01   3.2721377e-01   2.6137955e-01   1.9804237e-01   2.4256551e-01   4.4757800e-01   4.7311642e-01  -3.0023734e-01   2.8174163e-01  -1.1696064e-01   1.8126069e-01   3.1897363e-01   2.2749277e-01   1.1735616e-01   6.3760770e-02   9.4988354e-02  -1.3823568e-01   2.4294606e-01   1.2145452e-01   2.1737467e-02   1.3881128e-01   9.7049489e-02   1.8875884e-01   1.1937637e-01   3.0166678e-01   3.1765312e-01   2.4288923e-01  -2.8877839e-01   1.3102294e-01  -5.5325804e-02  -7.0524459e-02  -1.0225310e-01   2.8206526e-01   2.0495403e-01  -1.3164365e-01   3.3430694e-01   2.7305864e-01   2.2879006e-01   2.7516625e-01   4.2205900e-01   1.9194182e-01   9.8367815e-02   2.1498737e-01   2.8436080e-01   4.2257647e-01   2.2892938e-01   2.1925946e-02   2.2050353e-01   2.9036112e-01   3.0235378e-02   3.2063333e-01   3.5444810e-01  -1.1858458e-01  -2.6872957e-02  -1.6721748e-01   9.1607684e-02  -6.0698760e-02   6.6080907e-01   2.6726973e-01   7.7210568e-02  -2.9834911e-01   2.8821294e-01   2.7386849e-02   6.5345580e-02  -3.7198371e-03  -2.8154644e-02   4.0903777e-01   1.7440226e-01   3.8322400e-01   3.6774659e-01   1.1807307e-01   1.7794989e-01   1.6396080e-01   3.5755252e-02   3.6592399e-01   2.6201469e-01  -1.1175347e-01   1.3235635e-01   3.3588009e-01  -2.5913396e-01  -5.0691566e-02   3.1037225e-01   4.4495439e-02  -2.6596083e-01   3.7226517e-01   1.0503193e-01   7.9965071e-02   9.9178351e-02   3.1558781e-01   1.5108481e-01  -2.5334832e-02   1.9457948e-01  -1.4866168e-01   9.7371257e-02  -8.2880482e-02  -3.0167456e-01  -1.0226586e-01   2.1374154e-01   6.4352815e-02   2.2723423e-01   6.2441863e-02   2.2926894e-01   4.3225711e-02   1.0169840e-01   1.5060624e-01   2.1044824e-01   3.0941151e-01   1.2975595e-01  -4.9018974e-02  -2.7633356e-03   3.0681197e-01  -2.2861054e-01   4.9557344e-02   3.0910165e-01  -6.9835954e-02  -3.5771957e-01   2.6370937e-01
   3.5160269e-01   4.0337850e-01  -3.8006364e-01  -1.7670114e-02   1.6733770e-01   1.3189987e-01   2.2168739e-01   2.5711935e-01   5.0359748e-01   1.2079826e-01   2.8208890e-01  -2.9600991e-01   1.7860802e-01   0.0000000e+00   1.3340321e-01  -9.3882650e-02  -1.3861812e-01   4.3765809e-01   2.3129925e-01   1.9588245e-01   5.1394970e-01   6.4769396e-01   3.4817938e-01  -2.9206213e-01   2.4396615e-01  -4.4560965e-03   3.5126113e-01  -2.6471808e-01  -4.9090009e-02   6.2736291e-01   3.7658924e-01  -9.8766452e-02  -3.6455835e-01   3.7777434e-01  -6.0340467e-02   4.0474225e-01  -3.1556625e-01  -4.0400726e-01  -1.9674465e-01  -1.2414442e-01  -1.6306920e-01  -3.4410837e-01  -6.4086534e-02   3.4679652e-01   2.5807924e-01  -4.3189620e-01   4.7433585e-01   4.8860874e-01  -1.8976139e-01  -6.6949995e-01   4.4634827e-01  -2.6821603e-02   4.4131711e-01  -1.2023201e-01   5.2386364e-01   1.7578073e-01   5.2755498e-02   2.6553181e-01   1.7358228e-01  -1.3205161e-01  -4.8154582e-01  -1.5173741e-01   1.5559669e-01   4.4595083e-01   2.9850618e-02   4.3095626e-01   3.8946874e-01   1.3479178e-02   3.3140553e-01  -4.0337295e-01   3.9689203e-01   2.2373712e-01   1.2194316e-01  -3.2133794e-01  -3.3084630e-01   3.3456909e-01  -3.7373057e-01   4.7029331e-01   2.3016272e-01   3.3396953e-01   4.3773632e-02  -4.3291004e-02   4.4506364e-01   1.4579720e-01   5.5966024e-01  -1.0146487e-01   5.6372774e-01  -2.5524249e-01  -1.8910471e-01  -4.1747064e-01   2.9496484e-01  -3.3519635e-01   3.9028916e-01  -4.1468482e-02  -4.1007095e-01  -3.1331753e-02  -1.2294470e-02   1.6129737e-01  -1.1065107e-01   2.5812293e-01   4.3037589e-01   7.8182300e-02   5.4487993e-01   5.9919155e-01   8.3501254e-02   1.5785073e-01   2.6315067e-01   8.4904234e-02  -2.2805204e-01   5.4753878e-01   2.8088884e-01   2.5650262e-01  -4.0725453e-02   9.9270253e-02  -4.1598311e-01   4.1850029e-01   6.9383170e-02  -1.3087676e-01   4.1842812e-01  -8.9328918e-02  -4.3177596e-01  -6.5134294e-02   6.3769326e-02   2.9880826e-02  -4.0209704e-01  -2.4563067e-01   2.1638028e-01   1.3064642e-01   4.3321121e-01   1.5698734e-01   5.4687084e-02   4.2263112e-01   3.8036189e-01   4.3404687e-01   1.1024726e-01   3.5158328e-01   4.5415630e-02   5.4906701e-01   9.6144241e-02  -1.8153375e-01   1.1200287e-01   8.7049718e-02   3.0656988e-01  -4.7561625e-01   2.1205703e-01   3.0314075e-01  -2.4159088e-01   4.3073950e-01   5.4285176e-01  -2.6963372e-01  -4.6804772e-01   4.3392358e-01  -3.4374201e-01   3.4463410e-01  -2.0486173e-01  -3.7038133e-01  -3.0585395e-01  -1.3757525e-01  -2.8496217e-01   3.1571923e-01  -1.1664094e-01   2.7707580e-01   3.8398889e-01   3.2472034e-01  -1.8979917e-01   3.1443443e-01   2.1392842e-01   4.2769319e-01  -1.6723756e-01   3.0072861e-01   5.3756353e-01  -5.4391879e-01   2.4595801e-01   3.1918388e-01  -3.4648488e-01  -9.6708301e-02   4.3575165e-01
