   0.0000000e+00  -1.2557130e-01   9.5565647e-02  -3.4750591e-02   3.0916656e-02  -1.4065841e-01  -2.0885577e-01  -8.5043312e-02  -1.4973088e-01  -8.4322129e-02  -3.9055367e-01  -2.9388244e-02  -1.3729334e-01   4.6863351e-01  -6.6848324e-02  -9.1333394e-02   1.9746871e-02  -5.3035159e-02  -7.8873139e-02   6.6243576e-02  -2.6691355e-02  -1.4896271e-02   2.7867891e-01   6.2692763e-01  -1.0441452e-01  -9.4914379e-02  -7.5472479e-02  -1.3625436e-01   1.9399708e-01   1.3885556e-01   7.7443691e-04  -1.2336599e-01  -8.8097170e-02   2.1051106e-02   5.0732641e-02  -1.4983763e-01   1.0401310e-01   4.4863662e-01  -1.3860026e-01   4.0972152e-02  -9.0881223e-02  -7.9724903e-02  -1.1121495e-01  -2.0132744e-01   1.1863810e-01   2.5846209e-01  -1.6952236e-01  -2.3131795e-01   8.5660070e-02   1.6096243e-01  -1.3786281e-01  -1.4575712e-01   3.4487038e-02   1.2583224e-01   3.3064654e-01  -1.5694565e-01  -7.3189926e-02  -4.9331307e-02  -5.9046019e-02  -5.8747242e-02   2.2261514e-01  -2.4131884e-01   9.8351955e-02   1.8830603e-02  -9.6055005e-02  -8.3441417e-02  -1.2577654e-01  -6.7691248e-02  -1.9511445e-01   9.4156365e-04  -1.2130483e-01  -1.2433141e-01  -1.8770665e-01   6.1660666e-01   4.8307606e-02   2.4747425e-02   2.6715619e-01  -1.1483425e-01  -1.6591314e-01  -3.9973453e-02  -2.4738841e-01  -1.6777525e-01  -7.2814539e-02  -1.0232512e-01   3.4471978e-01  -3.7556556e-02  -1.2337804e-01   1.4876763e-01  -1.7035130e-01   8.1203322e-01   1.4175447e-01   1.7038761e-01   1.2001600e-01  -2.1099156e-01   4.5724319e-01   2.1550250e-01  -2.4310214e-01  -1.0097641e-01  -2.0611733e-01   1.2545216e-01  -2.4604082e-02  -6.7350842e-02   7.9765067e-02  -7.8863761e-02  -2.4262114e-02  -9.2670142e-02   2.8731230e-01  -1.1044222e-01   8.5620447e-02  -1.1591699e-01  -1.8705802e-02   1.2525581e-01   2.1686201e-02   6.5372205e-01   6.3377305e-02  -9.8423558e-03  -1.9656426e-01  -8.3375059e-02   3.7900772e-03  -1.7095241e-01   3.9873248e-01   1.6906477e-01   1.4780473e-02  -1.9971634e-01   4.9833196e-01   3.7049367e-01  -3.5783904e-02   2.1031632e-01  -2.1604492e-03  -1.6464648e-01  -1.2361840e-01  -7.7475969e-02   3.6062775e-01   3.3539792e-02   1.4405900e-01   3.7271902e-02  -6.1071310e-02  -2.1863355e-01  -3.3961431e-02   5.0291006e-01   6.1380322e-01   7.1285912e-03  -1.9477922e-01  -1.6599959e-01   1.0688535e-01  -5.9611878e-02  -1.6124589e-01  -1.7566122e-01   6.9902622e-02  -4.8515017e-02   2.8609153e-01  -1.0381644e-01   2.2403324e-01  -3.7199583e-01  -6.5117476e-02   4.1856841e-01   3.8275114e-01  -1.7212523e-01   1.6629181e-01  -1.5135770e-01  -3.2327039e-01  -2.4947197e-01  -8.6507395e-02  -2.9444311e-02  -1.2335457e-01   8.5529180e-02  -2.7733286e-01  -2.0054379e-02   2.6682720e-01   1.2336366e-01  -1.1294935e-01   2.6945171e-01  -2.1069143e-01  -1.5443283e-01  -1.4703522e-01  -1.8063878e-01  -8.5423089e-02
  -1.2557130e-01   0.0000000e+00   1.5069789e-01  -1.0800692e-01   2.2840295e-01  -1.1814906e-01   2.7151806e-01  -1.3640103e-01   3.9044794e-01   3.1221412e-02  -2.2511420e-01   8.4864315e-01  -2.8973615e-01   3.1957205e-02  -3.6360434e-02  -6.0731022e-02   2.2919080e-01  -1.6574664e-01  -2.5148993e-02  -3.9655277e-02   3.2029670e-02   1.0380403e-01  -3.7182944e-02  -1.3677989e-01   3.7512989e-01  -1.0637146e-01  -1.7762023e-01  -2.1939038e-01   7.0155728e-02  -1.3244828e-01  -1.4398963e-01   1.2486190e-01  -4.4731292e-02  -5.2225283e-02   3.9290188e-01  -2.6819461e-02  -3.0217699e-01  -3.0981633e-01  -1.2313993e-01  -2.0192678e-01  -3.4620440e-01  -1.2465019e-01   5.0088843e-01   2.8154874e-01   2.2506358e-01  -2.3479266e-01  -2.1261392e-01  -8.5608674e-02  -7.9783523e-02   2.5498934e-01  -2.9314315e-01  -9.8642064e-02   7.1850035e-03  -1.6067498e-01   1.5889296e-01  -8.3967570e-02  -1.4222663e-01   3.6829725e-02  -1.5689228e-01   7.2837481e-01  -2.4373348e-01  -6.2164719e-02   6.3169420e-01  -2.1951432e-02   3.2803625e-01  -6.0918218e-02  -5.2175167e-02  -3.6897436e-01  -1.8756628e-01  -1.2011969e-01   5.0339833e-01  -3.9735821e-01  -3.1013097e-01   3.9022415e-01   1.0139332e-01  -1.9530800e-02  -3.6842477e-01   1.0068973e-01   6.6409510e-01  -1.5656115e-01  -5.6889541e-02  -1.4360128e-01   2.4428444e-01  -1.0968482e-01   1.2060649e-02   2.2324762e-01   3.8468094e-01  -2.1924172e-01   5.0088014e-01  -2.2197304e-01   3.4381402e-01  -1.7670255e-01   4.0534299e-01   2.2054956e-01  -4.0630228e-01   2.4432992e-01  -3.8835136e-01  -1.0513559e-01  -2.4523362e-01   2.9608488e-01  -2.9885187e-01   2.1198338e-01  -8.4630434e-02   6.3677872e-01  -6.8099457e-02   4.9771637e-02  -1.0927285e-01  -1.3205516e-01  -3.5658493e-01   1.6928172e-03   1.3908170e-01   4.7118641e-02  -2.3124338e-01  -3.0303237e-01  -3.4980768e-01   4.3284638e-01  -5.5585885e-02  -2.1487678e-01  -2.3163819e-01  -2.7527991e-02  -2.6440472e-01   3.9534977e-01   5.4883355e-01   1.2360334e-01  -2.5932933e-01   5.0060859e-01   2.4281247e-01  -8.7056728e-02  -1.8821846e-02   4.7872178e-02  -1.7643943e-01  -1.8101837e-01   6.6034243e-01  -2.7697014e-01   1.1345837e-01   8.7113651e-02  -1.5098375e-01  -2.3742248e-01   7.5312462e-02  -2.0913424e-01  -2.6818656e-01  -2.8225930e-01  -2.1251761e-01   4.9477024e-01   4.7824288e-01   1.9754414e-01  -1.0266837e-01  -1.1621563e-01  -1.1863777e-01   1.7402303e-01  -1.2292388e-01   3.2768571e-02  -1.3096230e-01   1.6202604e-01   7.6254273e-01  -3.1968829e-01  -3.2748785e-01  -1.1689522e-01  -1.7231703e-01   1.5110356e-01  -2.3268127e-02  -2.4493817e-01  -5.4887034e-02  -3.2322055e-01  -8.2845529e-02   5.0478052e-01   1.8319177e-01  -2.3291076e-01  -7.8662924e-02   3.8287905e-01   6.0557558e-01  -4.7892842e-01  -2.2029857e-01   9.4215616e-02   8.7944209e-02  -3.0582589e-01   7.2538073e-03
   9.5565647e-02   1.5069789e-01   0.0000000e+00  -1.6954972e-01   3.9249832e-02   2.0555381e-01   1.0000768e-01  -1.7507755e-01  -1.9395589e-01   4.1266355e-02  -1.0419901e-01   1.9251905e-01  -9.8965821e-02  -1.4917775e-01  -2.1606570e-01   1.4520411e-01   8.7497176e-01  -7.5078882e-03  -6.1552189e-02   7.8399948e-02  -2.2927398e-01  -4.6992819e-02  -1.1669490e-01   6.1404531e-02  -8.0397981e-02  -6.2153765e-02   1.1362912e-02  -3.0083561e-01  -5.6160123e-02  -5.7955496e-02  -1.5479724e-01  -2.2250351e-01   2.4145808e-01  -2.2362619e-02  -1.6535638e-01   3.4971975e-02  -1.1145882e-01   1.6502663e-01   1.4417113e-01   3.9866398e-01  -9.3939578e-03   1.9565405e-01  -1.0326985e-01  -3.4722076e-01  -2.8510697e-01   4.2850095e-01  -1.5733887e-01   1.1556430e-01  -1.0267104e-01   4.4449641e-01  -2.4234973e-01  -3.6363930e-02   3.5889468e-02  -6.0455135e-02   1.1241578e-01  -2.9140897e-01   2.5539507e-02   5.4419160e-02  -1.1684547e-01   1.0160154e-01   6.6915926e-01  -1.5544692e-01   4.9859691e-02  -1.5952861e-01  -2.5513232e-01   1.6554946e-01   9.0210338e-02  -2.1310121e-01  -3.2920160e-01   6.8304788e-01   1.7399876e-01  -3.6842489e-01  -1.0522371e-01   2.2826282e-01  -2.4670722e-01  -1.0853646e-01   5.1796141e-01  -3.4785570e-01  -5.2658957e-02  -7.3706625e-02  -2.3446604e-01  -4.9100479e-02   4.6820399e-02  -1.2897013e-01   1.9133084e-01  -2.4941295e-01  -3.0739598e-01  -2.1275104e-01  -3.2505351e-01   1.0941313e-01   1.5481475e-03   5.7045724e-01   1.6270151e-01  -4.1930048e-02   3.2827632e-01   1.2677826e-01  -3.3116535e-01  -8.1808569e-02  -2.1298037e-01  -4.0580124e-02   3.1580033e-01  -2.7680086e-01  -2.7998480e-01  -7.4001531e-02  -2.6603901e-01  -1.9664339e-01   2.0894108e-01  -1.7046205e-01  -1.0230301e-01   1.9226153e-01   1.0977947e-01  -2.0350416e-01  -3.0532658e-01   9.4891533e-02   2.1539237e-01  -2.6690956e-01  -2.8197347e-01   9.6200775e-04   1.9829698e-01  -3.6247311e-01   3.3410604e-01  -1.0445386e-01  -1.7491030e-01  -8.3362330e-02   3.9651815e-01  -6.8197765e-02   2.3165142e-02  -9.5586261e-02  -1.9590323e-01   6.9620486e-01   8.0460049e-02  -1.0237955e-01   1.9695470e-01   6.7763278e-02  -1.6067738e-01  -1.8104441e-01  -1.4617116e-01   4.1696124e-03  -1.6962438e-01   1.5563506e-01   7.0683611e-02  -1.4479215e-02  -3.4010688e-01   1.9023223e-01  -1.6576372e-01  -3.3772173e-01   1.9723983e-01   2.5688625e-01   2.0533387e-01  -1.8495432e-01   4.9058907e-01  -2.6507018e-01   2.5469563e-01  -4.7081227e-02   3.6206807e-01   6.1850281e-02   3.4634728e-01  -1.0078411e-01   6.2827978e-01  -2.3028523e-01  -3.6866445e-01  -2.0770828e-01   3.1145335e-01  -2.4710643e-01   4.0550831e-02  -1.6722983e-01  -6.2271413e-02  -2.6187305e-01   2.8768231e-01   1.9654861e-01   1.1793040e-03   2.2939048e-01  -3.1242407e-01   1.8164343e-01  -2.2864833e-01  -1.3870901e-01   9.9801191e-02
  -3.4750591e-02  -1.0800692e-01  -1.6954972e-01   0.0000000e+00   1.8118555e-01   5.4229064e-01  -3.4071443e-01   2.0780987e-01   1.1883312e-01  -2.0608466e-01   1.4123260e-01  -6.6455014e-02   1.6491591e-01  -1.9830347e-01  -4.8491017e-01   6.1816632e-01  -2.8511697e-01   1.8333032e-01   3.1996581e-01   2.8611973e-01   2.7914439e-01   6.7608069e-01  -1.3321748e-01  -1.3872938e-01   3.0358790e-01   1.1860576e-01   3.7560235e-01  -3.0777999e-01   1.5594822e-02   5.7687724e-01  -4.5143492e-01   5.7365958e-01   5.1518526e-01  -5.2604824e-01  -1.3937289e-01   4.0605903e-01  -4.9443209e-01  -3.6611925e-02   6.0573971e-01  -2.7557464e-01   2.6456787e-01   5.0505611e-01  -6.8909510e-02  -3.2573882e-02  -2.5383743e-01  -1.0559108e-01   6.2926393e-01  -5.9919754e-01  -6.2192149e-02  -2.0209749e-01   3.3523834e-01   1.3938785e-01  -5.4046222e-01   1.3842391e-02  -1.1716109e-01  -1.0391435e-01   4.5758880e-01   5.6073179e-01   5.2125869e-01   1.5604991e-01  -8.7841948e-02   1.5215409e-01   1.3976098e-01  -4.1528472e-01  -6.4688333e-02  -2.8824430e-02   5.6292848e-01  -1.9546142e-02   6.0518647e-01  -1.7560239e-01  -5.3694867e-01   4.6780793e-01   1.3568832e-01   6.9968071e-02   6.8441409e-03   2.9825353e-01  -6.4047784e-02   3.8600053e-02  -5.8918882e-02   2.5572918e-01  -4.7462157e-01   3.7384391e-01  -4.0774740e-01   1.7851375e-01  -6.3973283e-02   1.0966860e-01  -5.9831112e-02  -2.3824476e-01   1.0737880e-04  -2.0581197e-01  -5.1446156e-02   1.4519266e-01  -1.2990934e-01   2.6195876e-01  -2.8015135e-02  -4.6872796e-02   1.1315997e-01   2.9203877e-01   2.1909668e-01  -3.7723189e-01  -4.5580080e-01  -1.0627525e-01   1.1255478e-01   1.4906169e-01   2.9970475e-01   7.4769055e-01   6.4912691e-02   5.2098413e-01  -4.3037017e-01   1.7885373e-01  -3.8752952e-01   3.4200588e-01   4.9918258e-01  -1.3798878e-01  -2.6512163e-01  -2.7043887e-01  -8.8974456e-02   2.1106290e-01  -2.9664496e-01   6.8660361e-01   3.0208954e-02   1.7758916e-02  -3.2780814e-02   1.6900906e-02  -4.1501517e-02  -6.8066872e-02   9.9148999e-02   1.6615343e-01   7.5288844e-01  -2.0280635e-01   5.1373454e-01  -3.2278475e-01   1.1989660e-01  -3.0240910e-01   5.8301431e-01   3.2861629e-01   1.8586921e-01  -5.5476123e-01   2.1664678e-01  -1.8522333e-01  -5.9485137e-02   2.0344763e-01   2.4361164e-01   1.1828027e-01  -1.0051992e-01   3.8495944e-02  -5.3615087e-01   5.6138198e-02   1.1784266e-01  -2.0718584e-01   7.5058000e-03  -3.8273389e-01   9.4355334e-02  -3.5087523e-01  -1.1505442e-01  -1.6341567e-01   3.9952244e-02   3.9690766e-01  -8.7928421e-03  -3.5979551e-01  -1.8744533e-02   1.2795294e-01  -2.7426740e-01   4.5279334e-01   5.7038522e-01  -2.2184966e-01  -2.6726470e-01  -2.1366306e-01   2.1697804e-01  -4.0476906e-01  -1.0516474e-01  -8.2224033e-02   1.9303879e-01   4.7110242e-01   3.1872190e-01   3.3903439e-01   7.0082406e-01
   3.0916656e-02   2.2840295e-01   3.9249832e-02   1.8118555e-01   0.0000000e+00  -3.3012545e-02  -1.7423254e-01  -4.6250616e-02  -5.0735374e-02  -1.6623043e-01  -4.9988053e-02   2.1346460e-01   7.0949988e-02  -1.4575571e-03  -1.0809971e-01   8.9920581e-02   1.5546917e-01   2.6426196e-01  -9.3887273e-02   7.7924627e-01  -4.2804642e-02   1.4316593e-01  -2.5785091e-02   1.3195890e-03   1.2470372e-01  -1.3224354e-01   2.9210557e-01  -1.8306552e-01   1.6361770e-02   2.6445709e-02  -1.1937639e-01   1.9923017e-01   3.1633284e-02  -1.5930282e-01   5.5690523e-02   5.5829666e-01  -2.7904930e-01   6.1972258e-02   7.6572011e-02  -1.7280905e-02   7.6684294e-02  -8.8016010e-03  -1.2102886e-02  -1.1687693e-01   6.8667535e-02  -8.2536649e-02   3.4915269e-01  -2.1411717e-01  -8.2219840e-02   9.6604969e-02   1.1570061e-01  -1.1498492e-01  -1.6458379e-01   1.7259199e-01   1.1015776e-01  -2.9914922e-01  -1.1434745e-01   6.9891553e-02   3.6483959e-01   1.8043741e-01   2.0788737e-02   2.0524135e-01   2.4332809e-01  -9.4730328e-02   3.7564644e-02  -2.4545371e-03  -3.2059588e-02  -4.9435686e-02   1.0763784e-01  -1.2265905e-01   7.6757807e-02   2.6599671e-02   8.1427137e-02   1.3065643e-01   1.3972797e-01   1.4940470e-01  -7.7645072e-02  -1.4532695e-01   4.5800823e-01   1.7603451e-01  -2.9020915e-01   1.6372238e-01  -5.7056349e-02  -1.4247052e-01  -5.5156120e-02   1.0611583e-01   1.6361324e-02  -1.1535335e-01   5.0046878e-02   2.6756539e-02   5.3605628e-01  -2.5959012e-02   2.1945356e-01  -1.1067936e-01   1.3011611e-02   6.1340077e-01   4.7669185e-02  -1.1749394e-01   2.6225516e-01  -2.4930333e-02  -1.4257704e-01   4.5090507e-02   8.6761996e-02   3.3818328e-02   9.4290059e-02   2.0218222e-01   2.8671099e-01  -4.0949827e-02  -6.9496219e-02   1.1403545e-02  -1.1086447e-01   3.8491437e-02   3.0995982e-02   2.3677267e-02  -2.1567988e-01   1.1113629e-01  -1.2646344e-01   1.8754828e-01  -2.1744151e-01  -7.0648645e-02  -1.9122170e-02   5.5913012e-01   1.3897048e-01   1.6031721e-01   4.1662932e-02   5.7283426e-02   3.2489708e-01   2.4768921e-01   2.1655903e-02  -1.3474237e-01   7.1052800e-02  -1.1209550e-01   2.6336476e-01  -9.9887034e-02  -1.3043265e-01   6.3058406e-02   6.9680063e-02  -2.5856585e-01  -2.9462885e-03   7.9594097e-02   7.1101956e-02   2.1656362e-01  -1.5363000e-01  -3.3089987e-02   4.9275271e-02  -3.3133501e-02  -1.8163562e-01   3.8042778e-02  -3.5478784e-02  -2.3506363e-01  -1.2339164e-01  -1.5765959e-01  -3.3093866e-02   6.9492974e-02   7.7173185e-02   5.6867974e-02   3.9002780e-02   2.3951307e-01   3.3040347e-02  -2.0084243e-01  -1.3836649e-01  -6.3858104e-02  -8.6953172e-02   1.7277535e-01   2.6364784e-02   2.4100535e-01  -4.7010471e-02  -1.8683283e-01   6.9248797e-02   2.6148358e-01   3.6281507e-01  -4.4044975e-03   5.7247816e-03  -4.6899149e-02   6.2841730e-02  -6.5261281e-02   1.0512175e-01
  -1.4065841e-01  -1.1814906e-01   2.0555381e-01   5.4229064e-01  -3.3012545e-02   0.0000000e+00  -1.3227722e-01   3.4433759e-01  -1.5928693e-01  -2.5227533e-01   1.7614200e-01  -2.8195210e-02   1.5321667e-01  -2.5043236e-01  -4.7065754e-01   4.9173632e-01   9.3359967e-02  -2.0292169e-02   5.5300666e-01   1.0329015e-01   1.0682502e-01   4.2889068e-01  -2.2368941e-01  -3.1313661e-01   8.8524180e-02   4.6245218e-01   4.3125758e-01  -9.4432631e-02  -1.1286250e-01   4.2988200e-01  -5.3008092e-01   1.9322096e-01   3.3842203e-01  -5.7663864e-01  -3.3272454e-01   3.2905408e-01  -4.7969667e-01  -1.1047091e-01   4.5073879e-01  -4.8478776e-02   2.4885576e-01   3.4523217e-01  -1.4154952e-01  -7.6934361e-02  -4.3853729e-01   1.0815233e-01   4.6201121e-01  -3.0450470e-01  -1.1433544e-01   7.4238880e-02   1.3244996e-01   5.2335359e-01  -3.9261390e-01  -2.2357723e-01  -3.3333284e-01   1.1195882e-01   8.2060916e-01   4.4200733e-01   2.5915025e-01   1.5612766e-01   1.3629226e-01   2.6284461e-02  -8.1906106e-02  -5.5527052e-01  -3.3326189e-01   1.9651524e-01   8.8918216e-01  -4.3908160e-02   5.8958109e-01   2.0680520e-01  -3.5278734e-01   2.0615585e-01   9.0581817e-02   1.5571491e-02  -1.8694588e-01   1.9336274e-01   5.6375007e-02   1.6134045e-01  -1.5171138e-01   1.1726366e-01  -2.8341512e-01   1.5937281e-01  -3.1027070e-01   4.9561769e-01  -6.0549421e-02  -1.2977151e-02  -2.7584291e-01  -3.5591285e-01  -2.5094038e-01  -2.9095164e-01  -2.0143288e-01   2.4897229e-01  -1.1242971e-01   1.0874606e-01  -9.3982113e-02  -2.3317108e-01   8.7148039e-02   6.5257890e-01   2.5855835e-02  -3.8570054e-01  -1.7650144e-01  -2.2050406e-01   9.1259721e-02  -9.2209058e-02   1.7112238e-01   3.2238634e-01  -8.6275968e-02   7.7377981e-01  -4.7887557e-01   3.6225643e-01  -3.5242617e-01   3.6596759e-01   1.2733645e-01  -2.3468419e-01  -3.9290795e-03  -4.0033833e-01   1.3087100e-01   9.3133092e-02  -4.0334143e-02   4.3855612e-01  -4.2024667e-02  -2.2424008e-01  -2.2413784e-01  -2.8501320e-01   2.2377283e-02  -1.1454695e-01  -3.5368119e-02  -9.9698069e-02   4.6976248e-01   2.6062526e-01   3.9973803e-01  -2.8957945e-01   3.9316213e-02  -3.6453847e-01   3.3630811e-01   2.4534529e-01   1.2898048e-02  -2.3166607e-01   1.6546001e-01  -3.1345300e-01  -2.4590457e-01   3.4214107e-02   4.3085121e-01   2.9694500e-01  -3.2890227e-01  -2.7606797e-01  -3.9969804e-01   2.1935672e-01   3.7493653e-01  -3.9291970e-01   2.6678136e-01  -2.5223212e-01   4.3607729e-02  -2.2859715e-01   1.0048064e-01  -2.9091667e-01   3.0102542e-02   2.5219721e-01   1.6395843e-01  -2.5772190e-01  -1.8813625e-02   1.7075497e-01  -1.5061778e-01   1.4658156e-01   5.4000110e-01  -4.5918204e-01  -1.1722166e-01  -9.5560412e-03   1.2307392e-01  -2.2031179e-01  -1.9129949e-01  -1.1008788e-01  -8.4100852e-02   8.3256545e-01   2.3153410e-01   1.2457889e-01   5.6511683e-01
  -2.0885577e-01   2.7151806e-01   1.0000768e-01  -3.4071443e-01  -1.7423254e-01  -1.3227722e-01   0.0000000e+00  -3.5045335e-01   4.9165323e-02   1.5450523e-01  -5.1418177e-02   3.5439319e-01  -1.2212042e-01  -2.0495810e-01   2.6630447e-01  -8.4186493e-02   1.9111811e-01  -9.0281815e-02  -2.9611388e-01  -1.1175122e-01  -1.7200077e-01  -4.4397478e-01  -4.8935888e-03  -3.0927872e-01  -1.6928356e-01  -2.2781709e-01   9.2793726e-02   7.1644368e-02  -3.6960892e-02  -2.5771547e-01   1.4985238e-01  -2.9555053e-01  -9.7675896e-02   5.6610627e-01   1.3475337e-01  -2.1784268e-02   6.7333893e-02  -2.0271692e-01  -1.1131405e-01   3.0663612e-01  -2.3598315e-01  -7.1647229e-02   2.5378564e-01  -6.3151762e-02   9.3058911e-02  -2.2214947e-01  -1.5087738e-01   6.6516465e-01  -3.4342861e-01   1.6097872e-01   1.1867726e-02  -1.6868623e-01   5.0097664e-01  -1.0229216e-01  -4.2886197e-02  -6.7634049e-02  -2.8109445e-01  -3.8278650e-01  -2.5129944e-01   1.2766632e-01  -1.6149020e-01  -8.8642404e-02   1.7989117e-01   1.9367643e-01  -1.3354425e-01   1.3787593e-01  -1.2380006e-01  -3.3498313e-02  -2.3852217e-01  -2.9862326e-02   4.7658449e-01  -9.0926642e-02  -1.3318462e-01  -5.9412447e-02   1.8160454e-02  -3.8318839e-01  -2.0223047e-01  -2.0439940e-01   1.6796162e-01  -2.1272305e-01   3.5957491e-01  -7.1248772e-02   1.6252591e-01  -2.5244524e-01  -5.6853790e-02  -2.2743101e-01   1.9909180e-02  -1.9007676e-01   6.1203860e-02  -1.8454569e-01  -1.5554887e-01  -1.3380037e-01   4.1065163e-01   4.7473959e-03  -2.3292167e-01  -3.2639196e-01  -6.7729180e-02  -3.1772053e-01  -1.3055543e-01   3.6383934e-01   2.8121383e-01   1.9354655e-02  -3.6945747e-01   1.4777356e-02  -1.0177292e-01  -4.5902994e-01  -1.4245144e-01  -3.4971986e-01   1.0586558e-01   1.5405467e-01   4.8024992e-01  -2.5748692e-01  -1.8711904e-01  -1.7780001e-01   1.8903866e-01   1.1322110e-01  -2.3309861e-01  -7.4189507e-02   1.0497035e-01  -1.1432619e-01  -2.5674111e-01  -1.4061238e-01   9.1544739e-02  -1.2854756e-02  -1.9803275e-01  -4.8505854e-02   1.7040263e-01  -2.9216103e-01  -4.0391419e-01   1.8722765e-01  -1.5352237e-01   4.4937427e-01  -9.2750414e-02   3.4659899e-01  -1.5358804e-01  -3.3290969e-01  -9.6068727e-03   4.2081327e-01  -2.8532702e-01  -3.9961898e-02  -2.9156584e-01  -2.3664381e-01  -2.7972915e-01   5.4695493e-02   4.9849260e-02  -1.3861568e-01   5.3021119e-01   1.4385379e-01   1.1473935e-01   8.7447505e-02  -1.7095813e-01  -2.2771403e-02  -8.0014516e-02   1.9488183e-01   1.3682691e-01  -2.0730240e-01  -2.6770550e-01  -4.6678478e-02  -1.2743448e-01   2.0009196e-01   1.4735685e-01  -1.8647214e-01   4.2296990e-01  -1.6785594e-01  -2.7799201e-01   7.2376751e-02   5.5875721e-01  -4.1562739e-02  -2.5319649e-01   1.6083471e-01   2.2058134e-01  -1.5913919e-01  -6.9569543e-02  -2.0744324e-01  -2.1177668e-04  -1.3785401e-01  -3.5754058e-01
  -8.5043312e-02  -1.3640103e-01  -1.7507755e-01   2.0780987e-01  -4.6250616e-02   3.4433759e-01  -3.5045335e-01   0.0000000e+00   1.6694935e-02  -2.1141266e-01   3.9052836e-01  -2.6459686e-01  -2.9912296e-02   1.7081694e-02  -2.3502706e-01   9.4502084e-02  -1.5098604e-01  -1.7617723e-01   4.1666480e-01  -3.4219939e-02  -5.3428788e-03   4.6948999e-01  -2.8325944e-01  -9.7447241e-02  -1.4786302e-01   3.7930923e-01   7.5988607e-02   1.8184377e-02  -1.2115571e-01   3.6248058e-01  -3.2632074e-01   2.5586223e-01   8.5195434e-02  -4.3705631e-01  -3.3291573e-01   1.7616784e-01  -2.1435656e-01  -1.6212099e-01   4.8230684e-02  -3.2166510e-01   6.0359154e-02   5.9953445e-02  -1.1222505e-01   4.1953818e-01  -1.7956691e-01   1.8289987e-01   1.1820185e-01  -3.1777115e-01   4.1000281e-02  -7.8749674e-02   3.3088452e-04   4.2970397e-01  -2.7350310e-01  -2.7340657e-01  -2.2778997e-01   1.6615199e-01   3.8447210e-01   3.9212597e-01   2.2494788e-02  -5.8870158e-02  -1.4444236e-05   2.1502104e-01  -2.3872074e-01  -2.0394739e-01  -1.7502077e-02   1.5366295e-01   4.6133077e-01   5.2207364e-02   3.2229302e-01   7.6933742e-02  -2.0645985e-01   2.5149159e-01   1.6918881e-01  -2.7131557e-01  -2.7434745e-01   6.6715744e-01  -1.9535910e-02   3.7995266e-01  -1.5327421e-02  -3.4932464e-02  -1.2291121e-02   7.1719811e-02  -2.4292880e-01   6.8964232e-01  -1.1264904e-01   4.9804528e-01  -2.8365034e-01  -1.7806086e-01  -1.8722721e-01  -2.3689595e-01   1.0824908e-01  -5.1329652e-02  -3.6772037e-01   2.1680300e-01  -7.6622622e-02  -1.5664971e-01   1.8125217e-01   4.5897425e-01   1.2147838e-01  -3.6976782e-01  -2.2830673e-01   2.9995767e-01   4.5656589e-01  -2.1020667e-02   1.5783725e-01   4.1634153e-01  -2.9138458e-01   5.3740129e-01  -2.6895892e-01  -1.7707297e-02  -4.1381217e-01   4.0132516e-01  -3.0967071e-02  -1.4139931e-01  -1.3010366e-01  -1.0286259e-01   2.9526810e-01   2.3256684e-02  -8.7200665e-02   2.5615042e-01  -5.1517679e-02  -8.4187746e-02  -3.5300675e-01   8.2637860e-02   6.2380827e-03  -7.4040738e-02  -3.3514792e-02  -1.9617000e-01   4.7984820e-01  -2.6056358e-02   1.1779707e-01  -3.0631149e-01   8.2904759e-03  -3.9328670e-01   1.0042494e-01   5.8384594e-01  -4.3280931e-02  -1.1127556e-01   6.4206877e-01  -1.7992284e-01  -1.3424951e-01  -1.2820176e-01   6.2840651e-01  -5.8480730e-03  -3.3639289e-01  -7.6365540e-02  -4.3899589e-01   2.3016637e-01   9.6799217e-03  -2.7675190e-01   1.5681736e-01   3.6283381e-01  -8.5871559e-02   3.1554591e-01  -1.4696355e-01  -3.2751399e-01  -6.1131301e-02  -1.8096776e-02  -2.4538551e-02   1.3251178e-01   1.7891107e-01   5.0472582e-01  -2.5589029e-01   1.4461372e-01   4.1398845e-01  -2.7111966e-01  -8.6756547e-02   2.6240743e-01   7.6908048e-03  -2.2365038e-01  -4.1469921e-02  -1.5755436e-01   1.1480753e-01   3.6940569e-01   3.3846269e-03  -2.0111045e-02   4.6727857e-01
  -1.4973088e-01   3.9044794e-01  -1.9395589e-01   1.1883312e-01  -5.0735374e-02  -1.5928693e-01   4.9165323e-02   1.6694935e-02   0.0000000e+00  -3.2482733e-02   5.7315427e-02   2.1916483e-01  -1.5651867e-01  -2.2283231e-01   5.5213708e-02   5.7511590e-02  -1.6121308e-01   1.7647899e-01  -1.8400551e-01  -1.1661882e-01   3.0594018e-01   3.7490136e-01   1.4648218e-02  -2.5744254e-01   2.3657192e-01  -2.3631384e-01  -2.5434375e-01  -1.5745641e-01   2.3163976e-01   2.5033996e-01   3.3870046e-02   2.1166646e-01   9.5174531e-02   3.3228301e-02   5.6754364e-01  -1.8099291e-01  -2.5375063e-01  -1.3524734e-01   9.8074871e-02  -2.8057973e-01  -2.5461529e-01   2.2073861e-02   6.8896396e-01   3.9360711e-01   2.5987283e-01  -3.1582961e-01  -1.7751995e-01  -1.7900451e-01  -1.6745341e-01  -2.1796949e-01   7.4132939e-02  -2.1191519e-01  -1.4992773e-01   4.5788683e-02  -6.4027900e-02   5.3239947e-02  -2.1206978e-01   2.5686610e-01   5.9415005e-02   3.3825619e-01  -2.4004240e-01  -1.0521320e-01   5.2076337e-01   2.4928792e-01   5.8507866e-01  -7.9738721e-02  -1.1006382e-01   3.0802595e-02  -1.7506743e-01  -3.6244750e-01   1.3305946e-01   8.5442871e-02  -2.8054553e-02   3.2243302e-02   1.1443735e-01   1.6537826e-01  -2.8958353e-01   1.1302366e-01   3.6966141e-01   5.3170015e-02  -1.2969472e-01   1.2762966e-01  -2.5837767e-02  -1.2102894e-01  -1.0149443e-01   1.6856474e-01   5.1019883e-01  -1.6777091e-01   5.7913252e-01  -1.9092412e-01  -3.6388611e-02  -1.3458491e-01  -1.4350612e-01   7.4951923e-01  -1.9908842e-01  -9.8495229e-02  -8.4465126e-02  -2.2998999e-01   4.2977061e-02   1.9908959e-01  -2.6582490e-01   2.6772673e-01  -4.6137289e-02   7.8629650e-01   9.7654355e-02   2.3246460e-01  -3.4304991e-02  -7.8125375e-02  -1.4707571e-01  -2.4431319e-01  -1.5304273e-01   2.5782389e-02   2.7038359e-01  -2.1921015e-01  -1.7898039e-01   2.4643265e-01  -8.5095460e-02  -6.7732943e-02  -1.5440983e-01   4.6179990e-02  -2.1143189e-01  -9.1468637e-02   2.8016866e-01   4.9363625e-01  -3.1929711e-01   1.3146128e-02   1.9922954e-01   5.2264278e-02   3.7631550e-01  -2.8718401e-01   6.2604314e-02  -1.4146850e-01   5.5757330e-02   6.4981220e-04   4.6883973e-01   2.4617439e-01   2.9611343e-02  -2.0910360e-01   1.7939078e-01   2.1315820e-02  -2.5533356e-01  -2.0958085e-02   7.8067612e-03   5.8447041e-02   3.6347467e-01   5.4534345e-01  -1.0010166e-01  -8.8627038e-02  -2.5626050e-01   4.2734515e-01  -2.1523860e-01  -8.5315284e-02  -1.2866783e-02   1.1308224e-01   1.0860146e-01  -1.9005376e-01  -2.5822184e-01  -2.3610677e-02  -2.1579697e-01  -1.3723144e-02   2.3655862e-01   4.4451123e-02  -1.4901383e-01   2.1953985e-01   4.4348812e-02   2.7156298e-01  -1.3448772e-01  -1.8294454e-01  -1.7250792e-01  -2.4247662e-01   1.9194600e-01  -2.2723333e-01   3.6173746e-01  -1.2576176e-01  -9.9045304e-02  -2.8052592e-03   9.7107659e-02
  -8.4322129e-02   3.1221412e-02   4.1266355e-02  -2.0608466e-01  -1.6623043e-01  -2.5227533e-01   1.5450523e-01  -2.1141266e-01  -3.2482733e-02   0.0000000e+00   7.6033452e-02  -3.7112039e-02  -3.8389499e-02   9.9197267e-02   1.7376244e-01  -1.7767807e-01   8.4434784e-02   2.2386374e-02  -1.9040951e-01  -2.7663774e-01  -1.7453466e-01  -2.8715850e-01  -4.8711665e-02   2.1504238e-02  -4.3827010e-02  -1.1499018e-01  -2.7365932e-01   1.1639731e-01  -3.1097075e-01  -4.6228001e-01   1.5643282e-01  -1.2352579e-01  -3.4110155e-02   2.6363553e-01  -3.2272983e-02  -1.5040494e-01   2.1372737e-01  -1.2126486e-01  -1.6319993e-01  -1.5023465e-02  -2.0243105e-02  -1.2457397e-01   5.3041318e-02  -9.6103047e-02  -8.1769905e-02   1.1314537e-02  -1.3444521e-01   2.1253253e-01   8.1088797e-02   7.4347022e-02   6.4932368e-02  -1.1932932e-01   1.3002968e-01  -5.3649605e-02   2.0452647e-01   8.5161997e-02  -2.4951976e-01  -2.0996467e-01  -1.7553221e-01  -1.2185504e-01   2.0140435e-02   9.7006184e-02  -1.4201956e-01   3.2385848e-02  -1.0900986e-01   1.0683844e-01  -3.2217554e-01   4.6035126e-02  -1.7991414e-01   1.9780828e-01   9.4568095e-02  -2.1508168e-01  -1.9265963e-01  -1.6623046e-01  -2.2108661e-01  -2.0636427e-01   5.9099710e-02  -6.9097119e-02  -3.8378705e-02  -8.7121061e-02   1.8790222e-01  -2.2880633e-01   2.3231822e-01  -2.0141729e-01   2.9482521e-01  -1.4933728e-01   1.1986446e-01   3.3479761e-01  -2.0851547e-02   3.4066713e-03  -1.5531461e-01   1.1640823e-02   1.2045543e-01  -1.8607085e-01  -1.1161460e-01   1.7016441e-01  -6.0269288e-03  -2.6290041e-01   4.8258760e-02   2.0954723e-01   3.1003759e-01   3.4668082e-02  -2.3407063e-01  -1.1512424e-01  -1.5066239e-01  -1.8745354e-01  -8.9193876e-02  -3.5458160e-01   1.4226480e-01   1.6314633e-01   3.2129049e-01  -2.9516693e-01  -1.2556167e-01  -4.3818520e-03   2.2439960e-01   4.5508514e-02  -1.6878691e-02  -2.0947936e-01   3.0256758e-01  -1.2284810e-01   6.1306450e-02   9.2672914e-03  -9.5353733e-02  -5.9156682e-02  -8.2041903e-02  -1.2999380e-01  -3.7050924e-02  -1.2890941e-01  -3.0641067e-01   3.5814315e-01  -1.8957472e-01   1.7396059e-01  -9.1538130e-02   1.5906382e-01  -2.6233509e-01  -2.2090376e-01  -1.1756783e-01   2.1186740e-01  -1.4316599e-01  -7.5139100e-02   1.6619956e-01  -2.0304032e-02  -1.5055244e-01   1.1835039e-01   2.9697156e-02  -1.8810306e-01   3.3650428e-01   1.9325941e-01   2.1742488e-01   1.9342467e-01   3.8973201e-02   2.2186556e-02  -9.1872362e-02   5.9858706e-02   1.1967610e-01   1.3468707e-01  -5.2584784e-02  -1.0433635e-01   4.4067631e-02   1.0785835e-01  -5.3149199e-02  -6.4225962e-02   6.7918241e-01  -2.8434136e-01  -2.2683227e-01   3.3890894e-02   1.1713854e-01   1.2326392e-01  -2.2472091e-05   1.1213840e-01  -4.6514731e-02   2.1757117e-02  -1.4280915e-01  -1.1675941e-01   7.6277195e-02  -5.3149271e-02  -1.9022988e-01
  -3.9055367e-01  -2.2511420e-01  -1.0419901e-01   1.4123260e-01  -4.9988053e-02   1.7614200e-01  -5.1418177e-02   3.9052836e-01   5.7315427e-02   7.6033452e-02   0.0000000e+00  -2.7371646e-01   1.7691515e-02  -3.3343885e-01  -7.5257082e-03   9.4085603e-03  -1.4495995e-01   1.1280632e-01  -9.9693814e-02  -1.2526877e-02   5.0712017e-02   1.2750742e-01  -3.2842995e-01  -3.5722170e-01  -1.0888042e-01   3.6670640e-02   1.4114104e-01   2.6035261e-01   4.0921826e-02   1.2963614e-01   9.0094759e-02  -4.5608177e-02  -6.6450564e-02  -8.1392130e-02  -3.9936266e-01   4.5710043e-01  -8.9031964e-02  -1.4740893e-01   4.7797645e-02  -8.5238804e-02   1.1134778e-01  -1.0475708e-01  -1.8874854e-01   4.1440923e-01  -1.4500832e-01  -2.5072349e-02   3.7079183e-01   1.4918258e-01  -1.3807517e-01  -1.1216672e-01   2.1270704e-01   1.9606005e-01  -1.5959581e-01  -3.7908804e-01  -2.9384188e-01   3.2050333e-01   7.9882474e-03  -4.5220239e-02   1.6421419e-01  -2.6546791e-01  -9.1619424e-02   2.8704984e-01  -1.7792732e-01   1.1038135e-01   2.1671556e-02   4.3182354e-01   2.6220702e-01   1.6340606e-01   3.5701720e-01   1.0924582e-01  -1.8987383e-01   2.3194235e-01   2.9080364e-01  -5.4521596e-01  -3.4555367e-01   1.8774348e-01   2.4003548e-02   1.1806543e-01   2.0013276e-01  -1.3971872e-02   1.2253692e-01   1.1064004e-01  -7.7879680e-02   4.4314081e-02  -2.2802372e-02   3.4842214e-02  -1.8370873e-01  -2.1818538e-01  -1.7267722e-01  -3.3691289e-01  -1.7023647e-03  -1.0296955e-01  -2.0135958e-01   1.2086333e-01  -6.5243135e-02  -2.3535361e-01   2.2091591e-01   8.7386119e-03   2.6691850e-01  -1.7813557e-01   8.4004483e-02   2.7999282e-01  -2.7781168e-03  -1.1642341e-01  -7.6785431e-02   7.8352546e-02  -4.6019265e-01   2.2268859e-01  -7.7403838e-02   2.4331566e-01  -1.4727312e-02  -8.6964409e-02  -1.1281480e-01  -2.2458070e-01   1.8210445e-01   5.5128195e-03   1.8260131e-01   4.0650465e-02   2.2940333e-01   1.9192340e-01  -6.8378663e-02  -2.1182744e-01  -3.7950236e-01   3.2241269e-01  -1.0782281e-01  -4.7402714e-01   1.4378770e-01  -3.1375959e-01   4.4032077e-02   2.7899839e-02   4.7363742e-02   2.0454994e-01  -4.6573920e-01   4.1613195e-02  -1.3163144e-01   6.3921753e-02  -1.0189884e-04   2.2082323e-01   1.5277719e-01  -5.7661486e-02  -3.0470476e-01  -5.5341640e-02   5.2857410e-01   7.1643751e-03  -2.2885604e-01   1.1927873e-01   5.0721305e-02   5.6258261e-01   2.3396906e-01  -1.2848939e-02   7.9030709e-02   8.7193056e-02  -2.0896684e-01   5.1194865e-01  -1.9731023e-01  -2.4519291e-01  -8.0662356e-02   1.0136374e-01  -1.9879757e-01   1.1678415e-01   2.0896128e-01   8.1725061e-01   1.8411687e-01   3.6570211e-01   1.5590360e-01  -2.2988231e-01   3.2746644e-01   1.9519709e-01  -2.5300510e-01  -2.2502583e-01   5.5590858e-03  -5.8252518e-02   4.5160327e-01   6.8021552e-03   8.9020951e-02  -2.6247717e-02   2.1460786e-01
  -2.9388244e-02   8.4864315e-01   1.9251905e-01  -6.6455014e-02   2.1346460e-01  -2.8195210e-02   3.5439319e-01  -2.6459686e-01   2.1916483e-01  -3.7112039e-02  -2.7371646e-01   0.0000000e+00  -1.7835002e-01   3.7056057e-02  -4.7462866e-02   9.3959480e-02   1.7442473e-01  -1.0492314e-01  -6.9973830e-02   6.1865025e-02  -3.8186035e-02   2.8336166e-02  -2.8203207e-03  -1.3551667e-01   4.1199132e-01  -1.2130419e-01  -1.1524593e-01  -1.3585614e-01   1.0291383e-01  -1.1080453e-01  -1.5498405e-01   4.8220832e-02   1.1828246e-01  -3.5446823e-02   4.6831939e-01   4.3420398e-03  -3.3267464e-01  -1.4476820e-01   3.5696341e-02  -1.7166580e-01  -1.9760726e-01   4.3390522e-02   4.4483362e-01   1.4872015e-01   2.2275444e-01  -2.8400831e-01  -1.3626375e-01  -6.6589631e-02  -1.4985292e-01   2.0508777e-01  -2.4175103e-01  -1.2838132e-01  -3.7464774e-02  -7.3693186e-02   1.9212089e-01  -3.9516819e-02  -1.2018663e-01  -2.6699695e-02  -6.8579555e-02   8.5330371e-01  -2.4479893e-01  -9.5923944e-02   5.7287338e-01  -1.3637077e-01   1.1187577e-01   5.4308545e-02   1.1825026e-02  -3.2880536e-01  -1.4462957e-01  -1.6732865e-01   2.9850561e-01  -3.9840893e-01  -2.2732645e-01   5.0078000e-01   1.9591709e-01  -1.4102355e-01  -3.8080572e-01   4.1658711e-02   5.9162283e-01   5.7634752e-04  -1.3177328e-01  -1.0918293e-01   1.6924537e-01  -1.6899585e-01   2.3954834e-02   4.0013112e-02   2.0984992e-01  -2.3245783e-01   4.9197823e-01  -1.3078312e-01   2.9770760e-01  -1.7093426e-01   5.1944533e-01   2.1665737e-01  -2.8678925e-01   2.1133913e-01  -3.0002529e-01  -1.2709078e-01  -1.7502838e-01   2.9063109e-01  -2.6475259e-01   2.1678394e-01  -2.0906277e-01   5.5650882e-01  -1.4368692e-01  -4.1503702e-02   2.1329959e-03  -1.1129546e-01  -3.3743086e-01   6.5668201e-02   1.9732549e-01   3.1954647e-02  -1.8237867e-01  -1.7421372e-01  -2.6376968e-01   3.1258295e-01  -1.2071933e-01  -1.2613998e-01  -1.6893724e-01  -3.5489306e-02  -2.7409982e-01   4.4724822e-01   6.6495223e-01  -3.9323402e-02  -2.0093699e-01   6.1043665e-01   3.4348217e-01   6.9105073e-02  -7.8497005e-02  -3.9346821e-04  -8.1156739e-02  -1.7506790e-01   7.0541085e-01  -2.9199030e-01   1.1425106e-01  -3.3721880e-02   2.9797043e-02  -2.3191330e-01  -9.3975434e-02  -7.2109856e-02  -1.7715984e-01  -2.1009248e-01  -2.3383677e-01   5.5301456e-01   5.3170001e-01   6.2670091e-02  -6.8888083e-02  -7.1306387e-02  -1.9929914e-02   6.6924906e-03  -1.7248924e-01  -1.1036361e-01  -1.1381685e-01  -3.4431959e-02   7.8055769e-01  -2.7660241e-01  -2.5739534e-01  -3.7827697e-02  -1.6491347e-01   3.4558885e-02  -5.1955074e-03  -3.2382363e-01  -9.1191183e-02  -2.7027775e-01  -2.0898706e-02   5.2447263e-01   2.4412514e-01  -2.4477344e-01  -6.3556626e-02   2.9897311e-01   6.5208277e-01  -3.7808749e-01  -2.8903042e-01   1.2022526e-01   1.6629450e-01  -2.3016828e-01   5.3594877e-03
  -1.3729334e-01  -2.8973615e-01  -9.8965821e-02   1.6491591e-01   7.0949988e-02   1.5321667e-01  -1.2212042e-01  -2.9912296e-02  -1.5651867e-01  -3.8389499e-02   1.7691515e-02  -1.7835002e-01   0.0000000e+00  -1.6902364e-01  -2.4804337e-01   4.1363655e-01  -3.0749882e-02   1.5392746e-01   6.3929083e-02   2.7890588e-01  -1.0634478e-01   3.7965087e-03  -1.6340634e-01  -1.3985483e-01   1.7426990e-01   2.8970528e-02   2.5928965e-01  -7.8869818e-03  -6.1739831e-02   4.2921673e-03  -2.4587476e-01   1.0977278e-01   2.6316496e-01  -2.4850242e-01  -6.1146095e-02   1.4947524e-01  -2.3418984e-01   9.2093215e-02   4.7650932e-01   1.0964072e-02   8.5684747e-01   3.5022742e-01   6.9252415e-03  -2.8373766e-01  -2.0637273e-01  -9.7642004e-02   2.7364745e-01  -1.0106917e-01  -6.9020479e-02  -5.8772754e-02   2.6876905e-01   8.7254484e-02  -1.6158666e-01   3.1374620e-01  -2.0772489e-01  -1.8858921e-01   7.9381907e-02   1.0308250e-01   4.8254680e-01  -1.6574129e-01  -5.3461009e-02   3.7646943e-01  -1.3844610e-01  -3.0107351e-01  -2.5067895e-01  -1.6296423e-02   3.9869060e-02   3.2019166e-01   1.4733330e-01  -1.4373728e-01  -1.7941630e-01   2.2395427e-01   6.1448253e-01  -2.5754408e-01   2.2755618e-01  -2.4351828e-02  -5.6124618e-02  -2.0133404e-01  -2.3502848e-01   6.0959334e-01  -1.2845122e-01   6.4971055e-01  -2.1434816e-01  -6.0805332e-02  -3.1434598e-01  -1.5679320e-01  -2.5832502e-01  -7.1068413e-02  -7.8507665e-02  -3.8205405e-02  -1.3835969e-01  -1.4878962e-01  -1.4958266e-01   5.2421069e-02   7.3346320e-02   4.4496135e-02   5.0732763e-01   4.3754908e-02   4.5461835e-01  -1.9840950e-01  -1.2562993e-01  -2.3828804e-01   3.8177291e-02  -2.8934596e-01   1.0182863e-01   3.0922073e-02   2.5212795e-01   5.6614167e-02  -4.8309923e-02   1.0239156e-01  -2.3077305e-01   1.2649541e-01   3.0046885e-01   8.6106376e-02  -1.5337322e-01  -3.7553109e-01  -5.7411724e-02   8.1105902e-01  -1.9117775e-01   8.0057343e-02  -8.2410909e-02  -1.2487112e-01  -6.5573916e-02  -6.6628011e-02  -7.7265594e-02  -1.6223474e-01  -3.5357526e-02   3.7042857e-01   7.7293183e-02  -5.2811782e-02   6.6151679e-01  -1.3067877e-01  -2.2295296e-01  -1.2797693e-02  -3.9052536e-02  -2.5253688e-02   5.5454747e-01  -3.4067830e-02  -8.2378801e-02   9.4613870e-02   2.9485357e-02   7.7706625e-01   3.7059452e-02  -1.5964662e-01  -2.9664784e-01  -3.1609121e-01  -8.7826520e-02   3.5282190e-02   1.5578666e-02  -2.7612877e-01  -3.1059881e-01  -2.5664241e-01  -6.6463500e-02  -1.3532946e-01  -1.6860341e-01   1.6355089e-01  -3.5507225e-03   6.3613353e-01  -1.0834692e-01  -1.8122445e-01   2.3466738e-01  -8.7624701e-03  -5.5595049e-02   8.5394180e-02   2.4157043e-01  -3.4447295e-01  -1.5556805e-01  -1.3557461e-01  -8.7024131e-02  -1.2687414e-01  -1.7759831e-01   1.2693048e-01   3.5580088e-02  -3.4455612e-02   2.5927799e-01   4.7222673e-01   1.4730069e-01
   4.6863351e-01   3.1957205e-02  -1.4917775e-01  -1.9830347e-01  -1.4575571e-03  -2.5043236e-01  -2.0495810e-01   1.7081694e-02  -2.2283231e-01   9.9197267e-02  -3.3343885e-01   3.7056057e-02  -1.6902364e-01   0.0000000e+00   3.3155581e-01  -2.4356275e-01  -1.6740470e-01  -1.2456957e-01   2.2925355e-01  -1.6808770e-01   4.6299507e-02  -1.7416882e-01   2.8718167e-01   5.5793741e-01   1.2041299e-01   2.0671815e-01  -1.6365131e-01   3.2817195e-01  -8.4182298e-02  -1.2366789e-01  -9.7232328e-02   6.7166719e-03  -1.2399628e-01  -1.4399160e-01   1.2479734e-01  -2.0690088e-01   1.9139538e-01   2.8645599e-02  -2.8675694e-01  -1.8470365e-01  -7.0760896e-02  -1.1308775e-01  -2.5132146e-01   3.4826988e-02   1.3625118e-01   2.4387320e-01  -1.8503806e-01  -1.0676020e-01   1.9187632e-01   6.8729204e-02  -1.6206056e-01   4.3833530e-02  -8.2618653e-02   8.1552212e-02   5.6084517e-01   1.1526199e-01  -6.9391893e-02  -1.5365359e-01  -1.1172471e-01   5.4182787e-02  -2.1704448e-02   2.0865131e-02  -8.1806945e-02  -5.0788452e-02   1.0919574e-02   1.8535015e-02  -2.1024636e-01  -1.6249151e-01  -1.0335853e-01   4.5256451e-02  -9.7865822e-02  -1.8004932e-01  -1.6088954e-01   2.1357789e-01   1.1008980e-01  -6.3949892e-02   7.5204580e-02   2.1896872e-01  -1.0231037e-01   1.3827914e-02   2.0375502e-01  -3.0180635e-01  -1.7264530e-01   1.5303000e-01   3.2826630e-01   9.6806916e-02   1.6960345e-01   5.4061975e-01  -1.2757485e-01   4.0506742e-01   1.3354775e-01  -1.1488460e-01  -1.1779446e-01  -2.3366057e-01   1.3417556e-01   1.9855267e-01  -1.5345258e-01   1.4111773e-01  -1.3508559e-01   6.0393324e-02   5.2404159e-02   1.2540636e-01   2.1629485e-01  -2.9207108e-02   7.4773851e-02  -8.6337780e-02   3.3072910e-02  -3.8219670e-02   5.1859390e-02  -6.8564320e-02  -1.8204943e-01   1.7586391e-01  -1.7661595e-01   3.8483136e-01   1.5839342e-01  -2.6091935e-02   2.3827867e-01  -1.4177192e-01   5.8835680e-02  -1.3604010e-01   1.3556357e-01   2.5255184e-01   6.0826588e-02  -1.1456336e-01   1.8635812e-01   5.1298386e-01   3.2929035e-02   1.4612147e-01  -1.8147280e-01  -1.2462696e-01  -2.8697413e-01  -2.8738834e-01   2.9914856e-01  -2.6677789e-01  -1.8462516e-01  -9.9151381e-02   3.0269667e-02   2.8982588e-02  -4.0806059e-02   1.6379194e-01   5.0307776e-01  -1.0651363e-01  -6.4935821e-02  -7.0704380e-02   2.2302215e-01  -7.2661729e-02  -8.7868240e-02  -1.2857777e-01  -1.0645437e-01  -1.1316920e-01   1.9114943e-01   3.1981580e-01  -1.0674458e-01  -1.3936142e-01   2.7478454e-02   1.3937179e-01   9.3967873e-02  -1.7261578e-01  -1.2180422e-02   1.9303045e-01  -2.1184968e-01  -2.3845541e-01  -4.8578090e-02  -1.8694829e-01  -9.9119406e-02   1.1477902e-01  -1.6488485e-01   3.5278186e-01   3.9025028e-02   3.6673216e-02   8.1343150e-02  -1.2605394e-02  -2.4659512e-01  -1.0065494e-01   3.1125906e-02  -1.3591763e-01  -1.2774513e-01
