   0.0000000e+00  -2.7948224e-01  -2.8348231e-01   1.0407900e-01  -1.8198783e-01   2.4268360e-01  -1.0720989e-01   2.8762859e-01   1.8424566e-01  -3.8144608e-01  -1.7489838e-02  -1.3948358e-01   8.7865549e-02   3.9009489e-01  -9.5301761e-02  -3.1980242e-01  -3.0400324e-01   8.0503214e-02   2.8630622e-01   1.4364501e-03  -1.0554913e-01   4.2999000e-01  -2.5417499e-01   5.3948927e-01   3.6039399e-02   2.4473437e-01   2.0612540e-02   3.7173235e-01   1.6821254e-01   3.3243339e-01  -1.1208897e-01   1.6566127e-01  -3.1157809e-01  -2.7985369e-01   1.5881412e-01  -2.3863360e-01   2.2180361e-01   3.1270785e-01  -3.6329228e-01  -3.3340114e-01   4.8091146e-02  -3.9529130e-01   2.6208571e-01   9.0418603e-02  -1.3040452e-02   4.2007480e-01  -1.1596385e-01  -1.2343488e-01  -1.4638703e-01  -3.1890890e-01  -3.6232387e-02   2.2912651e-01  -2.7973261e-01  -1.6981864e-01   1.3052503e-01   7.9929986e-02   3.6107686e-01   2.1726636e-01   5.4093808e-03   3.7280222e-01   1.4647935e-01   2.0787345e-03  -8.4220270e-04  -1.5016273e-01  -2.8181226e-02  -2.6205222e-01   1.1650619e-01   3.6966118e-02   1.9273915e-01   2.6787523e-03  -3.5698655e-01   2.8962666e-02  -1.2513557e-01  -1.6086154e-01   7.9173978e-03   3.8720309e-01   2.8682957e-01   2.1191646e-01  -1.7096060e-01   2.3169515e-01   1.4063457e-01  -3.1192358e-02  -3.0195175e-01   2.7181248e-01  -9.8723348e-02   2.0550693e-01   2.4577361e-01   3.9734777e-01   7.7993998e-03   5.6035742e-01  -1.0861898e-01   8.9493818e-02  -2.0762418e-01   3.4840675e-01   3.5578878e-01  -1.5649464e-01   1.4077653e-01   2.1014226e-01   3.6190470e-03  -7.3120083e-02  -4.8123538e-02  -3.3623481e-02   3.4009296e-01   2.6889074e-01   1.9167768e-01   2.2976605e-01  -1.3021969e-01   2.7756467e-01   3.1478391e-01  -2.1584589e-01  -2.6851739e-01   3.8924716e-01   1.6204606e-01   6.9146483e-01  -8.7607331e-02  -3.2331204e-01   1.2531452e-01  -1.0958566e-01   1.1673147e-01   1.1578792e-01   4.2663295e-01  -6.4230545e-02  -3.4698072e-03   7.3690218e-02   5.3336429e-01   3.0806545e-01  -1.6947544e-01  -2.3317350e-02   3.1846818e-01  -2.7273236e-01  -1.7245596e-01  -1.9735604e-01  -2.8865141e-01  -1.3795388e-01   2.1049319e-01   4.0402606e-01   1.1497550e-01   9.2030549e-02   3.2856419e-01   3.8778722e-01   4.3083194e-01   1.1240529e-01   1.6966142e-01   8.9491922e-02  -7.9926898e-02   1.2739172e-01  -3.3504058e-01  -3.5363629e-01  -3.2217496e-01  -2.1979066e-01   3.6175185e-02   2.0536949e-01   3.0092680e-01  -7.5741124e-02  -2.2068716e-01   4.4725670e-01   5.1254110e-01  -9.9127503e-02   2.0971287e-02   1.7043477e-01   2.4971600e-02   1.7250723e-01  -4.5744720e-01   2.6596767e-01   2.2824902e-01  -7.5018695e-02  -1.6145545e-01   1.3591135e-01   2.5198208e-01  -2.7864613e-01  -2.5897231e-01   3.4341527e-01  -7.6588634e-02   1.9978663e-01   2.2304662e-02  -4.3824264e-01   3.0383757e-01
  -2.7948224e-01   0.0000000e+00   3.9884727e-01  -1.8703616e-01   2.8528697e-01  -1.0658221e-01   2.4345521e-01  -4.0518480e-01   6.0087919e-04   3.3156860e-01  -4.9295841e-01   6.8834112e-01  -1.6131033e-01  -2.8984500e-01  -1.2647901e-01   9.6854267e-02   3.5011289e-01  -4.4978456e-01  -5.1555767e-02  -8.4197833e-02  -1.2990880e-01  -2.5656605e-01  -1.2708483e-01  -1.7484614e-01  -2.6574420e-01  -2.9370176e-01   2.0722055e-01  -4.7082292e-01  -2.1806029e-01  -2.5481845e-01  -2.3544234e-01  -2.5668228e-01  -4.0855245e-02   2.4149744e-01   1.6136962e-01   2.4133964e-01  -1.9973727e-01  -3.1199892e-01   8.5627728e-02   4.7351786e-01  -1.1093011e-01  -1.0714102e-01   9.7225107e-02  -4.5963475e-01   3.2923691e-01  -9.2696056e-02  -2.8352027e-01  -2.7477406e-01   2.2187185e-01   3.9765806e-01  -5.0241552e-01  -2.9450314e-01   7.2004855e-01   7.6468433e-02   3.3668079e-02  -4.3021803e-01  -1.2444059e-01   1.7707892e-01  -3.9835599e-01   1.0091625e-01  -1.4861392e-01   2.5490517e-01   1.1932880e-02   3.3135654e-01   2.0021463e-01   2.3275805e-01   3.4556144e-02   2.5879774e-03  -5.2451042e-01   2.4048360e-02   3.1946842e-01  -3.0392519e-02   1.9235204e-01   2.6786111e-01  -1.2520591e-01  -1.8874575e-01  -2.1239382e-01  -3.8879222e-01   5.6062620e-01  -2.3703540e-01  -4.3278596e-01   1.1822715e-01   1.9487308e-01  -1.4627721e-01   2.4862185e-02  -4.2416892e-01  -1.8423090e-01  -2.8514583e-01  -1.9692980e-01  -1.6142645e-01   5.1174086e-01  -1.4635606e-01   4.4812980e-01  -1.1802785e-01  -3.1458299e-01   2.3042939e-01  -1.3421029e-01  -2.2811506e-01  -3.0395545e-02   6.8989006e-02  -7.7241142e-03   3.7135806e-01  -4.3833166e-01   9.2704065e-02   7.1953107e-02   2.4919473e-02  -4.9973986e-02  -4.3067984e-01  -3.9112594e-01   1.1833667e-01   5.3143377e-01  -4.0941593e-01  -2.6400682e-01  -2.5500238e-01  -1.5468395e-01   4.5900822e-01  -3.3912918e-01   1.1791276e-01  -3.9099384e-01  -1.7496081e-01  -2.9831222e-01   3.4978719e-01  -6.5244325e-02   4.5348338e-01  -1.4806861e-01  -6.7645208e-02  -3.2192061e-02   1.0980602e-01  -8.7877960e-02   2.8312632e-01   1.0769497e-01   4.2606406e-01   6.5253910e-01  -2.1289416e-01   2.4378600e-02  -2.9784888e-01  -1.8034677e-01  -4.8877161e-01  -1.6826771e-01  -1.6986092e-01  -1.3508544e-01   1.6695474e-02  -5.8710290e-01  -2.5461176e-02  -3.5845061e-04  -3.3316464e-01   5.8071661e-01   4.2365476e-01   3.1555552e-01   1.0725318e-01  -1.4773298e-01  -4.4834419e-01  -1.7992266e-01   4.1018171e-01   6.1830857e-01  -2.9541505e-01  -3.1276996e-01  -4.6153011e-01  -1.1077309e-01  -4.0026119e-01   9.7321225e-02  -5.8351323e-01   4.0326758e-01  -3.0210789e-01  -1.8841563e-01   5.1036193e-01   5.0057544e-01  -2.3640134e-01  -3.2301806e-01   4.9232391e-01   4.9844246e-01  -2.8222107e-01   7.0641773e-02  -1.7020205e-01  -1.1428487e-01  -1.9097016e-02  -1.9447228e-01
  -2.8348231e-01   3.9884727e-01   0.0000000e+00  -2.2259807e-01   2.4541989e-01  -1.1355782e-01  -1.3663376e-03  -4.3344444e-01  -1.9758813e-02   4.3589414e-01  -3.7578631e-01   5.7523703e-01   4.0326833e-02  -3.1384495e-01  -2.0236782e-01   2.6153174e-01   8.6904122e-01  -3.4638200e-01  -1.2486908e-01   1.7120804e-01  -2.1148190e-01  -1.0584041e-01  -9.0484847e-02  -1.9903827e-01  -2.1970489e-02  -3.8216994e-01   2.3451742e-01  -5.3343468e-01  -1.3323351e-01  -5.1941015e-01  -3.0017807e-01  -1.8805419e-01   1.7017465e-01   8.3507546e-02   6.6215023e-02   1.8413251e-01   1.6592089e-02  -1.4472629e-01   2.3798180e-01   7.3580913e-01   6.1190499e-02   7.3896843e-02   1.6340905e-02  -3.8441230e-01   7.2952032e-02   1.9041945e-01  -2.6335572e-01  -4.0738853e-01   2.5723568e-01   7.3060048e-01  -3.3597526e-01  -3.4113021e-01   1.8781965e-01   3.3176419e-01  -7.8547197e-02  -4.4380419e-01  -1.3108744e-01   1.0651905e-01  -3.5145580e-01  -7.4808004e-02   1.8818444e-01   2.1849029e-01   6.4552990e-02  -3.9158046e-02  -3.4861308e-01   4.5400263e-01  -1.7586314e-04   1.2442784e-01  -5.0107787e-01   4.7394318e-01   1.8201611e-01   2.4057013e-03   5.3879284e-02   2.9877177e-01   2.3350442e-02  -3.1935486e-01   6.8499385e-02  -4.0643498e-01   1.3550816e-01  -3.2734619e-01  -4.0566526e-01   7.9037406e-02   8.8567171e-02  -3.4577625e-01   2.8328800e-01  -4.3549297e-01  -3.1324603e-01  -2.3844798e-01  -2.6138258e-02  -1.5239377e-01   1.4418072e-01   3.6597713e-01   4.9761403e-01  -1.9344936e-01  -2.3243082e-01   3.3691959e-01  -9.7908987e-02  -3.9493420e-01   9.6916055e-03  -1.0261524e-01   3.0506432e-01   2.5788418e-02  -5.1142262e-01   2.1137761e-02  -1.3087829e-01   3.2797902e-03   4.7970656e-01  -4.5187004e-01  -1.1296547e-01   2.0590798e-01   3.1368696e-01  -3.0272145e-01  -2.0404212e-01  -1.8137117e-01  -6.5068120e-02   2.7495360e-02  -4.3865616e-01   7.3995212e-02  -9.1515052e-02  -2.4562470e-01  -8.9319992e-02   2.9781724e-01  -1.5367741e-01  -1.9100363e-01  -1.0362305e-01   5.3128612e-02  -8.8541071e-02   2.1941876e-01  -6.3902169e-02   7.3599478e-01   6.4247784e-02  -1.0197149e-01   5.2898278e-01  -3.8508742e-01  -5.7380561e-02  -4.0262864e-01  -6.8721053e-02  -4.2229505e-01  -3.4082865e-01  -1.3842962e-01  -2.1864155e-01   4.4316131e-02  -4.5023702e-01   2.8636464e-01  -1.5616424e-01  -5.5894973e-01   3.9307153e-01   3.8454686e-01   3.1199944e-01  -2.2780358e-01   1.9355228e-01  -3.8142067e-01  -1.5742178e-02  -1.1280160e-01   6.6052882e-01  -1.8068349e-01  -2.3060684e-01  -2.3255998e-01   3.8064176e-01  -4.3725759e-01   1.2753456e-01  -4.1802347e-01   4.9034303e-01  -3.6018569e-01  -6.1907058e-02   2.0916785e-01   2.9704788e-01  -2.4110548e-01  -1.4387609e-01   3.7354864e-01   2.9685697e-01  -1.3536980e-01   2.4815363e-02   3.8746942e-03  -7.5870289e-02   9.2943824e-02  -9.3846349e-02
   1.0407900e-01  -1.8703616e-01  -2.2259807e-01   0.0000000e+00   4.3598847e-03   1.7096809e-01  -1.6337283e-01   2.1909543e-01   3.3035639e-02  -5.7771287e-02  -5.6002619e-03  -8.2843017e-04   1.1873398e-01   2.9965567e-01  -1.7714190e-01  -1.1450814e-01  -1.1269970e-01   2.8514204e-01  -4.9643079e-03   5.3049899e-02   3.6055476e-02   4.2577041e-01  -2.2075783e-01  -1.8676090e-01   6.0475516e-04   2.2287310e-01  -1.8145463e-01   4.0346733e-02   1.4683260e-01   1.7039952e-01  -8.6228014e-02   4.1096545e-01  -3.4314286e-02  -2.5447979e-01   2.4144260e-01  -2.3377851e-01  -6.5656634e-02  -1.9000031e-01  -3.9031802e-02  -2.6733968e-01   1.4256075e-01   1.4487735e-02   4.0866022e-02   2.1365045e-01  -3.8180052e-02  -3.2620285e-01  -5.5083988e-03  -9.7088664e-02  -7.8217498e-02  -1.3223155e-01   9.1105223e-02   2.2901680e-01  -1.7770584e-01   1.9019289e-02  -9.9473662e-02   8.6675114e-02   8.8677970e-02   1.3576169e-01   5.5876866e-01   2.9608251e-01  -1.6131236e-01  -1.0167279e-01  -3.9425627e-02  -1.7433714e-01   4.4840791e-02  -1.3608218e-01   7.2051759e-03   2.3939894e-01   2.2555396e-01  -5.2844994e-01  -3.1232949e-01   4.7872002e-01   8.9309121e-02  -1.8194911e-01   1.7248747e-01   1.9095306e-01  -3.0495105e-01   3.0376949e-01  -1.1186618e-01   4.0706987e-01  -8.1558897e-02   7.0879541e-02  -1.3457720e-01   1.2361388e-01  -1.4797314e-01  -1.0678963e-04   3.9218931e-02  -1.1074709e-01  -5.4685731e-02  -2.3267515e-01   2.3036926e-02  -1.9260133e-01  -6.6663829e-02   2.6850215e-01  -1.6729244e-01   2.0757878e-02   4.0341530e-01   1.1849955e-01   2.5384581e-01  -2.3924609e-01  -2.3813829e-01  -1.9003196e-01   2.6946549e-01   2.8714873e-01   1.9910556e-01   3.8913508e-01  -1.2261801e-01   2.6438671e-01   4.5121427e-02   6.4175010e-02  -2.9607069e-01   4.3374386e-01   6.3144523e-01  -1.3284397e-01  -3.8649132e-01  -1.7269416e-01   3.4579837e-01   8.7961647e-02   1.0614233e-01   7.3459943e-01  -1.9054454e-01  -1.4105224e-02   1.5935809e-01   4.6056925e-02  -2.0803876e-01   1.9084071e-01  -8.5017631e-02   1.6750541e-01   2.4629078e-01  -3.4412170e-01   5.2648522e-02  -3.3029069e-01   5.4140003e-02  -5.0379766e-02   2.5711465e-01   1.1534014e-01   2.5074552e-01   7.4844473e-02  -2.0686751e-02  -7.7729400e-02   2.0104288e-02   9.7556078e-02   3.9970264e-01   2.5543394e-02  -2.1579054e-01   1.0729904e-01  -3.9367510e-01  -1.4752989e-01  -1.8585863e-01  -8.7120006e-02  -4.8033817e-01   2.8406593e-01  -1.7610462e-01  -1.5764459e-01  -6.1572634e-02  -2.0286918e-01  -1.1472435e-01   4.3535705e-01  -1.8124209e-01   7.4306157e-02   3.6640505e-01   2.8497311e-01  -1.3830766e-01   5.2831574e-01   3.0055126e-01  -1.5711050e-01  -2.5968715e-01   1.5530637e-01  -1.5264098e-01  -2.5796386e-02  -1.1583173e-01  -3.1092680e-01   4.9099045e-01   1.6239972e-01   1.3904587e-01   3.4244106e-01   3.9740802e-01
  -1.8198783e-01   2.8528697e-01   2.4541989e-01   4.3598847e-03   0.0000000e+00   4.1596833e-01  -1.8223017e-01  -3.0597964e-01  -1.0020808e-02   1.3470003e-01  -4.3523263e-01   3.0938885e-01   1.7085165e-01   3.7656974e-02  -5.4104033e-01   5.5419715e-02   3.8273215e-01  -2.4608845e-01   1.8215508e-01   7.8479261e-01  -4.4836008e-01  -1.3112109e-01  -3.5882483e-01   1.0455972e-02   2.3937559e-01  -8.5927728e-02   6.2613829e-01  -5.1654955e-01   9.7968916e-02  -4.7559974e-01  -5.6850583e-01   1.2281113e-01   6.2230816e-02  -1.7176635e-01   1.4668847e-01   7.0905905e-01  -7.4802933e-02  -3.4405559e-01  -3.9124561e-03   6.0820612e-01   1.1916996e-01   4.0417256e-01   3.2014416e-01  -4.9017727e-01   4.1328654e-01  -1.3653233e-01   1.0613648e-01  -3.9510992e-01   2.9333657e-01   5.8326910e-01  -9.2295310e-02  -1.8173168e-01   3.2729619e-02   6.3835176e-01  -2.0245259e-01  -5.0374878e-01   2.6767055e-03   3.0945383e-01  -2.1158202e-01   2.1147288e-01  -2.6118937e-01   4.9604179e-01   2.5191710e-01  -4.9019618e-01  -1.7435959e-01   3.5661858e-01   5.9729814e-01   1.7882727e-01  -2.1986863e-01  -2.1410978e-01  -2.0283710e-01   2.6455281e-01   1.5006005e-01  -1.8067618e-01   5.7783950e-01   7.5068580e-02  -4.2458480e-01  -1.4284411e-01   6.6296711e-01  -5.0058898e-03  -5.3393953e-01   8.8765864e-03   1.2445561e-01   1.5386315e-01  -5.4204346e-02  -5.2573920e-01  -3.0028396e-02  -9.0929319e-02   2.3708705e-01  -1.3454558e-01   5.7261181e-01  -8.8438612e-02   4.6748883e-01  -7.4062009e-03  -4.6771838e-01   8.6778879e-01   3.1702094e-01   7.9436937e-02   4.7077515e-01  -1.2810490e-01  -2.8916651e-01  -2.9636951e-01  -3.3930574e-01   4.2223103e-02   1.2020682e-01   3.2979688e-01   3.0372649e-01  -8.4889382e-02  -1.3123875e-01   2.8228200e-01   8.1196959e-02  -2.3555641e-01   1.5327581e-01  -1.8536832e-01  -5.0699127e-01   3.0134353e-01  -2.0314395e-01   2.6743177e-01  -3.0419820e-01   7.7360732e-02  -2.0601089e-01   7.8115934e-01   3.2277496e-01  -1.8477411e-01  -7.0964118e-02   1.2459536e-01  -5.0755338e-02   6.1072199e-01   1.4199439e-01   4.8614975e-02   2.0978039e-01   1.2165466e-01   3.3369170e-01  -5.5408368e-01   2.8080686e-01  -7.2729374e-02   2.9746445e-01  -5.7193678e-01   5.4726690e-02   3.7797708e-02  -1.5647325e-01   8.4872223e-02  -4.1402691e-01   1.2403891e-01  -2.9986520e-01  -6.7182616e-01   5.8986310e-02   5.6219162e-01   4.4418603e-01  -4.1607353e-01  -3.5391491e-01  -2.8717656e-01  -9.7592585e-02  -1.2467106e-01   5.7955625e-01  -1.1094017e-01  -1.9267601e-01  -1.5745861e-01  -2.3756659e-02  -4.8700116e-01   3.0763817e-01  -5.2676911e-01   2.5298445e-01  -2.3189199e-01  -3.6649103e-04   5.2545222e-01   3.1904212e-01  -1.9738051e-02  -2.0441315e-01   6.8344171e-01   5.1217148e-01  -3.5871904e-01   1.2399768e-01   4.3472491e-01   8.7306918e-02   1.7979721e-01   4.1990851e-02
   2.4268360e-01  -1.0658221e-01  -1.1355782e-01   1.7096809e-01   4.1596833e-01   0.0000000e+00  -1.6109587e-01  -1.0160341e-02   1.3193344e-01  -5.0439782e-02  -2.0584644e-01   9.3078365e-02  -1.8100525e-02   4.8873738e-01  -3.3717827e-01   1.0891169e-01  -7.9503255e-02  -9.4289020e-02   5.4147120e-01   4.1604588e-01  -2.6653907e-01   4.2906749e-01  -3.8707247e-01   3.6213481e-01   3.2932105e-01   4.9695905e-01   4.6348481e-01   2.0317624e-02   2.5161162e-02   9.6543183e-02  -4.6615026e-01   5.1341751e-01  -1.8413535e-01  -2.4692216e-01   1.1947356e-01   2.1776972e-01  -9.5192969e-02  -2.4480458e-01  -1.8079502e-01   1.0385586e-01  -8.3243656e-03   1.0146606e-01   3.6089619e-01  -1.1311336e-01   3.3449593e-03  -3.3876878e-02   8.7790015e-02  -3.5104502e-01  -2.9711156e-02   1.0036179e-01  -6.3618010e-02   4.0377959e-01  -2.1467747e-01   2.0866671e-01   8.0168462e-02  -5.9155456e-03   5.2060638e-01   4.4391408e-01   1.8619132e-01   5.3267966e-01  -4.1955062e-01   1.8275310e-01   1.4215557e-01  -5.0301493e-01  -2.9709339e-01   1.5830407e-01   8.1894018e-01  -1.4491640e-02   2.5137393e-01  -2.5917136e-01  -4.3579035e-01   2.1288789e-01   3.8956527e-02  -1.6441791e-01   4.1021541e-01   5.0887145e-01  -3.6214426e-01   2.0449987e-01   1.9053771e-01   3.5371316e-01  -1.0998040e-01  -1.5997750e-02  -1.5851432e-01   4.1832961e-01  -2.2501872e-01  -1.5689222e-01   3.0386523e-01   8.9452208e-02   1.7948724e-01   6.1330645e-02   1.6475891e-01  -2.2016851e-01   1.6003616e-01   2.7388964e-01  -3.7206746e-01   3.2662466e-01   2.8082598e-01   5.9582660e-01   2.4927664e-01  -2.1260531e-01  -2.7235871e-01  -2.2875902e-01   1.7698846e-01   4.4769455e-01   4.3886901e-01   5.6024922e-01  -1.1535079e-02   4.9814335e-01  -2.1579586e-01   2.0573096e-01  -9.8300030e-02   3.9098190e-01   3.6816798e-01   7.8456972e-02  -4.0805761e-01  -9.6964654e-02   3.4794336e-01  -2.1457397e-02   1.0842687e-01   4.6922966e-01   3.1165756e-02   3.7939475e-01   2.3617656e-01  -2.2862995e-01   1.7638197e-01   5.2267714e-01  -2.0378310e-02   2.6487775e-01   5.6601832e-01  -2.0398111e-01   3.4914379e-02  -1.9141147e-01   2.8072478e-02  -4.5358275e-01   5.3673470e-01   3.1564038e-01   3.3472422e-01  -2.6517451e-01   4.0091929e-01   3.1168232e-03   2.0476098e-02   1.1707892e-01   8.5206199e-02   5.3318423e-01  -2.1341925e-01  -3.3944551e-01  -2.2698409e-01   1.5612857e-01   1.7190439e-01  -4.8906779e-01  -4.0320497e-01  -4.0918403e-02  -1.7098329e-01  -1.9268128e-01   1.8917116e-01   2.5582341e-01   8.0278645e-02   5.4603480e-02  -2.1267853e-01   1.0435096e-02  -4.7250396e-02  -8.3808168e-02  -3.6318241e-02   1.4714487e-01   5.1202625e-01   1.1464740e-01   6.7012078e-03   2.5755689e-01  -1.4141115e-01   2.0669127e-01  -1.2398610e-02  -2.9754429e-01  -1.3908279e-01   8.4234347e-01   2.2054106e-01  -5.4221379e-02   4.1411785e-01
  -1.0720989e-01   2.4345521e-01  -1.3663376e-03  -1.6337283e-01  -1.8223017e-01  -1.6109587e-01   0.0000000e+00  -1.8758206e-01  -3.7311862e-01   1.1568576e-01   1.0602236e-01   1.6971888e-01  -1.0582870e-01  -2.7293019e-01   6.1199110e-01   3.2129307e-01  -2.2179651e-01   5.1705058e-02  -2.7244201e-01  -1.8967680e-01   2.1462894e-01  -7.5858103e-02   4.9091585e-01  -2.1459094e-01  -3.9724830e-01  -2.3660964e-01   5.3641720e-02  -4.7355004e-03  -2.7881435e-01   2.7067441e-01   3.7166984e-01  -4.2844266e-01  -2.8947527e-02   5.7665869e-01  -6.4355548e-02   2.9359161e-01  -1.2020949e-01  -1.1409240e-01   1.9700339e-01   1.0539317e-01  -3.8328038e-02  -8.4082687e-02  -2.6986780e-01  -1.7114252e-01   2.3777960e-01  -1.2384405e-01   2.1537074e-01   4.1563018e-01  -1.6335713e-01  -1.2767635e-01   1.8200430e-01  -3.5135090e-01   3.9145195e-01  -3.2868778e-01   7.6445035e-03  -3.1669080e-02  -8.1159962e-02  -3.3985672e-01  -1.3554713e-01  -2.6690609e-01  -1.0413778e-01   6.8817518e-02  -3.8367065e-01   4.6751512e-01   3.4410262e-01   1.2856040e-01  -1.4762161e-01  -2.3403033e-01  -1.0433725e-01   1.4521751e-01   4.2743750e-01  -2.1790306e-01   1.6451224e-01   2.4940543e-01  -4.3804003e-01  -2.9234180e-01   5.2968828e-02  -3.1705311e-01   8.6131597e-02  -1.1655123e-01   1.8461250e-01   2.7027306e-01   1.0456732e-02  -2.9122754e-01   1.0756804e-01   4.1305425e-02  -2.8753927e-01  -1.6326940e-01  -2.8790060e-01  -1.2660525e-01  -1.6699143e-01  -1.7769117e-01   1.3344605e-01  -3.4649308e-01  -5.3839746e-02  -1.3828570e-01  -2.1359878e-01  -3.4549872e-01  -2.2620921e-01   3.9794877e-01   2.0028187e-01   5.7341401e-01  -1.1331081e-01  -9.8184721e-02   1.1278772e-01  -2.7441687e-01  -3.7027759e-01  -3.9741220e-01  -9.4478786e-02  -3.1310141e-02   5.0907927e-01  -8.6509095e-02  -3.4991566e-01  -2.9008844e-02   4.2385671e-01   3.6427161e-01  -3.0983876e-01   8.9177227e-02  -7.1965540e-02  -1.6685503e-01  -1.6779096e-01  -9.4666766e-02  -3.4054284e-01   2.8820242e-01  -1.4646326e-01  -2.4978638e-01   4.1023382e-01  -3.3401448e-01  -1.9273055e-01   9.8229677e-03   3.5463172e-02   6.0707497e-01  -3.8531267e-02   2.4230548e-01  -3.9220110e-01  -3.6534233e-01  -1.8292293e-01   1.8202797e-01  -3.1534445e-01  -2.3520083e-01  -7.3799717e-02  -1.6171320e-01  -2.2261378e-01   3.7564387e-02   6.3295495e-01   1.8394139e-01   6.9499136e-01  -6.5816391e-02   3.8587855e-01   3.3848834e-01   2.2859574e-01  -6.9291177e-02  -1.7014933e-01   2.2285901e-01  -2.9535530e-02  -9.2280672e-02  -3.0910078e-01  -1.4903824e-01  -2.7150896e-01   1.6301261e-01  -1.7015797e-01  -1.8756043e-01  -4.0944785e-02  -1.6837017e-01  -2.1572406e-01   2.0894909e-01   3.9647768e-01  -1.2897009e-01  -2.3642586e-01  -1.2727141e-01   2.2646708e-01  -3.9467659e-02  -1.8721773e-01  -2.4913700e-01  -2.4089583e-01  -1.6790120e-01  -1.4767130e-01
   2.8762859e-01  -4.0518480e-01  -4.3344444e-01   2.1909543e-01  -3.0597964e-01  -1.0160341e-02  -1.8758206e-01   0.0000000e+00  -4.4334329e-02  -3.1426207e-01   2.7192879e-01  -3.4517054e-01   1.4283525e-01   2.6155312e-01  -8.8946538e-02  -1.3207073e-01  -3.4670802e-01   2.6275844e-01   1.0058838e-01  -2.5858402e-01   3.9784477e-02   3.5616564e-01  -7.7855835e-02   3.3250921e-02  -5.8026778e-02   3.1879256e-01  -1.9442377e-01   5.6472135e-01   1.4499004e-01   3.4852885e-01   1.3376808e-01   2.3253365e-01  -7.1813228e-03  -2.1461290e-01  -4.8496791e-02  -3.1156418e-01  -8.0531612e-02   1.6367830e-01  -1.1912481e-03  -4.8448981e-01   1.4032412e-01  -1.8885673e-01  -7.9623740e-02   5.3658346e-01  -2.7609883e-01  -1.5091938e-01   7.1428612e-02   1.6542043e-01  -1.1152762e-01  -3.8457012e-01   1.7264291e-01   3.4954178e-01  -3.1830785e-01  -2.3135511e-01  -1.1120168e-01   4.1948908e-01   9.0803503e-02  -1.1221557e-01   3.5498712e-01   8.0766661e-02  -7.1597032e-02  -3.9420869e-01  -1.7349981e-01   6.9617452e-02   8.4208998e-02  -3.8354816e-01  -4.6482201e-02  -1.7983168e-01   4.9416972e-01  -2.2071112e-01  -2.8871489e-01  -1.7130760e-01  -2.4264296e-02  -2.3948502e-01  -8.2179730e-02   3.0306429e-01  -8.9334013e-03   5.8010636e-01  -2.4823460e-01   2.3179961e-01   4.3507740e-01  -7.7436681e-02  -1.8076243e-01   4.6737793e-01  -1.2778048e-01   5.0292405e-01   1.2626677e-01   1.5184381e-01  -1.7660753e-02   1.0286110e-01  -8.5083898e-02  -1.5102703e-01  -3.2461395e-01   2.2553436e-01   3.0164267e-01  -3.4045564e-01  -9.3451886e-02   2.8652249e-01  -1.9227153e-01  -1.9205984e-01  -9.7520368e-02  -2.0182055e-02   7.3973846e-01  -2.6346045e-02  -1.5231933e-01   5.0805558e-02  -2.0117248e-01   6.2863943e-01   9.2418172e-02  -1.5759474e-01  -3.6870383e-01   4.4862264e-01   1.7997093e-02   1.2803631e-01   4.8079991e-02  -2.1138121e-01   4.1811195e-01  -4.2403824e-02   3.0298416e-01   4.4577428e-02   6.9400986e-02  -2.4162781e-01  -5.1423019e-03  -1.0794853e-02  -6.7562285e-02  -4.9878253e-02  -2.7173574e-01  -1.1705959e-01   4.2614443e-02  -3.7770267e-01  -1.6808771e-02  -2.6700056e-01  -3.4021679e-01   1.8002253e-01  -7.6373328e-02   5.9034270e-01  -4.4218645e-02   5.0419495e-01   3.2172610e-01   2.1894093e-01   1.5918614e-01   6.7462187e-02   5.8031263e-01  -1.3600478e-01  -1.5497273e-01   4.3155944e-01  -4.9871181e-01  -2.9816344e-01  -3.6650068e-01   8.0916251e-03  -1.0112810e-01   8.3391412e-01  -2.2934607e-02   1.6770737e-02  -3.6669066e-01   1.5905747e-01   1.7273896e-01   3.4920278e-01  -1.2801624e-01   5.1708087e-01  -2.2360549e-01   5.9234754e-01  -3.4558502e-01   3.5484757e-01   1.5426480e-01  -2.7532092e-01  -1.6873748e-01   3.0572635e-01   1.3168489e-02  -3.3270789e-01  -2.6505231e-01   1.5397659e-01  -1.8962954e-01  -5.0371809e-02  -1.0703055e-01  -1.9038467e-01   4.2611238e-01
   1.8424566e-01   6.0087919e-04  -1.9758813e-02   3.3035639e-02  -1.0020808e-02   1.3193344e-01  -3.7311862e-01  -4.4334329e-02   0.0000000e+00  -4.8265457e-02  -1.7084925e-01  -1.3275178e-02  -1.8248629e-01   3.9443948e-01  -2.4054295e-01  -3.0805416e-01   4.1820069e-02  -1.1751671e-01   2.6363177e-01   6.4431407e-02  -2.1258124e-01   2.6053650e-01  -1.4946321e-01   3.9901502e-01   1.1823748e-01   8.7480101e-02  -9.6498249e-02  -3.2438253e-02   1.3705191e-01  -1.1621348e-01  -3.0272680e-01   2.7524107e-01  -2.3504415e-01  -2.9783419e-01   2.3153811e-01  -1.0268410e-01  -2.1222669e-02   2.0575380e-01  -3.3244846e-01  -1.6747956e-01  -2.5399415e-01  -1.6267271e-01   3.3423414e-01  -7.9303059e-02   3.7805739e-02   1.3709773e-01  -1.9636487e-01  -3.2050444e-01   1.8547569e-01  -4.4213376e-02  -1.6761403e-01   1.1701924e-01  -2.8496867e-01   2.0760171e-01   2.9474119e-01  -3.5634366e-02   7.0464470e-02   4.0786238e-01  -1.5095595e-01   4.2242780e-01  -1.8617372e-02   1.1564385e-01   4.3539435e-01  -2.2911159e-01  -1.4652195e-01  -7.2618173e-02   5.7422761e-02   3.4546512e-01  -1.3957374e-01   1.5711082e-03  -2.7918065e-01   2.4382201e-01  -4.3047131e-01  -5.8698979e-02   1.0631548e-01   2.0954190e-01  -4.2486729e-02   8.7783453e-02  -5.8636291e-03  -3.0819151e-02  -1.0869833e-01  -4.2585080e-01  -2.5771449e-01   4.4678550e-02  -2.1963342e-01  -3.7872579e-02   5.0796808e-01   2.5981008e-01   2.4045410e-01   2.3205831e-01  -7.0182079e-03   1.2000472e-02  -1.4348952e-01   6.2153707e-01   1.3982067e-01   8.4490201e-02   1.9549175e-01   1.8644644e-01   2.0188109e-01  -1.4011079e-01  -9.4937020e-02  -2.1527396e-01  -4.3551089e-02   5.6394548e-01   1.2711050e-01   3.1415987e-01   1.0571157e-01   5.2940786e-02  -4.2944104e-02  -4.5935326e-02  -2.7001804e-01   1.3089213e-01   2.4823895e-01   2.7564861e-02  -1.5476604e-01  -2.3692159e-01   6.6465895e-02  -3.5929555e-01  -6.9566575e-02   1.1746959e-01   1.3494104e-01  -2.5173095e-02   1.4069208e-01  -1.1439617e-01   1.6211988e-01   4.1230611e-01  -2.7073556e-01   5.1534678e-02   5.0027095e-01  -6.9250926e-02  -3.8381817e-01  -2.9068825e-01   2.1675172e-02  -2.9084607e-01   5.0143121e-01   2.1556313e-01  -2.9679190e-02  -1.7010175e-01   2.0127397e-01   2.8108809e-01   1.5057471e-01  -9.2252485e-02  -2.8620793e-02   7.9111004e-02  -3.0699460e-01  -1.7306267e-01  -2.4190125e-01  -2.5478427e-02  -1.7934505e-01  -3.1838077e-01  -9.1524045e-02  -1.2609097e-01   3.0053786e-02  -2.2859642e-01   2.4287600e-02   3.1499802e-01   1.6988419e-01  -2.7106066e-01  -1.1132603e-02  -1.3799130e-01   2.2137103e-01  -3.8471907e-04  -1.4242265e-01   1.2457754e-01   2.5768697e-01  -1.6227852e-01  -2.6433218e-01   9.9167378e-02   1.7166790e-01  -1.4044230e-01  -5.3074693e-02   4.5065867e-02   2.3786547e-01   2.1927322e-01   1.6428536e-01  -8.2407492e-02   2.7533593e-01
  -3.8144608e-01   3.3156860e-01   4.3589414e-01  -5.7771287e-02   1.3470003e-01  -5.0439782e-02   1.1568576e-01  -3.1426207e-01  -4.8265457e-02   0.0000000e+00  -3.3889617e-01   4.9386383e-01  -3.3572634e-02  -2.8859258e-01   7.7836399e-02   4.2591852e-01   2.7286871e-01  -2.3652897e-01   1.2960964e-02   1.5543817e-01  -3.1577883e-02  -1.6900236e-01   1.7049246e-01  -2.6482747e-01  -5.4454366e-02  -3.5837693e-01   7.3741610e-02  -3.9361081e-01  -1.5482398e-01  -2.6452740e-01  -1.1057322e-01  -2.0018962e-01   2.1384274e-01   4.9793514e-01  -1.5739629e-01   1.7378751e-01   9.5887596e-02  -2.7379050e-01   4.0002802e-01   4.2948636e-01  -5.2878952e-02   1.5519472e-01  -1.1937522e-02  -4.6870660e-01   5.8215180e-02   2.4762701e-02  -3.8536911e-01  -2.5706505e-01  -9.4869346e-02   4.7789467e-01  -1.5730198e-01  -2.5586358e-01   2.9751170e-01   2.2322708e-02  -7.8099700e-02  -3.6301913e-01  -2.6771920e-02  -1.2387155e-02  -1.0440578e-02  -1.5803829e-01  -4.0752123e-03   1.9230873e-01  -6.3635753e-03  -1.6189381e-01   2.8759159e-03   7.2719061e-01  -6.0611907e-03  -1.6134445e-01  -3.6535330e-01   5.4695079e-02  -1.0868448e-02  -1.4595329e-01   2.2671724e-01   3.0212602e-01  -4.8763820e-02  -7.4328715e-02  -4.7610586e-02  -4.1946072e-01   2.9289750e-01  -1.5615890e-01  -2.8893053e-01   2.9108202e-01   1.2395179e-01  -1.9655729e-01   8.0734175e-02  -3.5723959e-01  -2.3007127e-01  -4.9536826e-01  -2.3255028e-01  -1.7747454e-01   2.0647633e-01   4.6990495e-02   6.0058467e-01  -3.4523441e-01  -2.8695715e-01   6.9445401e-02  -1.5105663e-01  -1.3677759e-01  -2.0571804e-01   3.7721736e-01  -1.4546917e-01   2.0963428e-01  -2.9303858e-01   1.4995600e-02   7.0288108e-02  -5.3418277e-02  -3.4416022e-02  -3.2899318e-01  -1.4062429e-01  -1.1372314e-01   5.5005124e-01  -2.6680471e-01  -1.4300665e-01  -1.1773372e-01  -6.0506177e-02   2.1820950e-01  -3.6868292e-01   1.4102408e-01  -2.9910975e-01  -5.2515532e-02  -1.7223000e-01   1.4114465e-01  -1.8116318e-02   1.2369826e-01  -8.0363577e-02  -9.8178892e-03   2.9301572e-01  -1.5535246e-01  -1.1004996e-01   2.0701709e-01   1.9482826e-01   1.5584652e-01   4.0163467e-01  -1.3361046e-01  -2.3258194e-01  -3.6473952e-01   1.0146234e-01  -3.3524296e-01  -1.8234086e-01  -2.3072392e-01  -2.6348742e-01  -8.4099340e-02  -4.4828797e-01   3.1602369e-02   2.2345289e-01  -2.7403913e-01   4.1541178e-01   2.4119392e-01   3.4264296e-01   2.9547799e-01   1.1284735e-02  -2.0699884e-01  -5.9951184e-02   1.0416051e-02   3.7775163e-01  -2.8251165e-01  -3.5024234e-01  -5.1272348e-02   7.3071451e-02  -2.3177793e-01  -1.2792812e-01  -4.1183067e-01   5.0140333e-01  -4.5270849e-01  -2.9079588e-02   3.7440917e-01   2.8181826e-01   1.1423133e-02  -3.0440053e-01   3.0978028e-01   3.8690841e-01  -1.7668806e-01  -6.0175026e-02  -9.8914228e-02  -1.3789883e-02   1.6992101e-01  -1.4430062e-01
  -1.7489838e-02  -4.9295841e-01  -3.7578631e-01  -5.6002619e-03  -4.3523263e-01  -2.0584644e-01   1.0602236e-01   2.7192879e-01  -1.7084925e-01  -3.3889617e-01   0.0000000e+00  -6.6014597e-01   1.6737725e-01  -1.2548108e-02   4.7518088e-01   1.5294839e-01  -3.2893519e-01   7.0821724e-01  -1.1050997e-01  -3.0882222e-01   6.6748041e-01  -2.0707864e-02   4.8192368e-01  -9.1357874e-02  -6.9213940e-02   2.3856327e-01  -2.1557096e-01   5.4492364e-01  -3.3100300e-02   5.2412085e-01   6.6022930e-01  -3.5369413e-02   7.4930680e-02   4.3836162e-02  -2.2641753e-01  -1.2705921e-01   5.4476994e-02   1.9393337e-01   1.9261139e-01  -4.8355673e-01   1.9791622e-01  -7.3913326e-02  -4.1718827e-01   7.2181639e-01  -3.4045458e-01  -1.1849965e-01   6.4315164e-01   7.1446466e-01  -2.7857697e-01  -5.6960525e-01   6.7036889e-01   1.6476411e-01  -1.9822541e-01  -3.9527579e-01   1.6084198e-01   7.2176963e-01   4.8956423e-02  -4.7449103e-01   2.9805957e-01  -3.7797642e-01   4.1583883e-02  -4.1616507e-01  -2.4646189e-01   3.3083095e-01   6.8476381e-02  -2.8068717e-01  -2.8271239e-01  -2.5793797e-01   6.2947830e-01   1.5818013e-01   3.4683991e-01  -1.0290081e-01   7.1557933e-03  -9.4372764e-02  -2.6747289e-01  -7.6740268e-02   9.9662029e-02   2.8360215e-01  -5.9115438e-01   4.4546145e-02   6.5310298e-01   1.2782172e-02   1.9095437e-01   7.8633799e-04   4.6418826e-02   6.2758351e-01   7.4733370e-02   1.5855668e-01  -6.4707903e-02  -1.4171573e-01  -5.7011168e-01  -8.7287627e-02  -6.3100442e-01  -1.0237859e-01   2.6781786e-01  -4.6997324e-01  -1.8990455e-01   8.7122214e-02  -1.7663367e-01   3.6530694e-02   4.3103826e-01   6.3101407e-03   4.1771417e-01  -3.4166902e-01  -1.1149346e-01  -3.4173755e-01  -2.4787882e-01   2.6477579e-01   1.2990059e-01   2.9669259e-01  -3.5204908e-01   2.3297775e-01  -1.1118943e-01  -4.6714846e-02   5.2728754e-01  -3.1296375e-01   3.1498643e-01   2.2397879e-02   5.0606716e-01  -8.3447368e-03  -7.3597612e-02  -5.5164705e-01  -2.2327453e-01  -1.6776236e-01  -2.0189233e-01  -1.9260210e-01   5.8206734e-02  -4.1592838e-01  -2.4594903e-01   2.7491975e-02   4.7960906e-02   2.3377389e-02  -5.5776388e-01   6.9520841e-01  -3.2735806e-01   1.0791869e-01  -1.8406645e-01   7.4714018e-01  -1.3188613e-01  -6.8041157e-02  -1.3026220e-02  -2.3532111e-02   6.0315618e-01  -1.8426940e-02   3.0179768e-01   6.6000793e-01  -1.8667011e-01  -9.0761463e-02  -2.2137765e-01   2.8795329e-01   2.6524913e-01   3.6724557e-01  -1.4494359e-01  -9.8045765e-02  -6.4376787e-01  -1.2932504e-02  -7.1031122e-02   3.1986914e-01  -1.4582838e-01   6.1548610e-01  -2.1506182e-01   7.2478132e-01  -7.5520302e-02   3.4032359e-01  -4.0003879e-02  -6.6079754e-01  -3.9250372e-01   7.5619425e-02  -2.4247174e-02  -4.2628285e-01  -5.3623738e-01   1.7435964e-01  -8.4754216e-02  -1.3015293e-01  -1.1543744e-01  -2.6828259e-02  -6.3161582e-02
  -1.3948358e-01   6.8834112e-01   5.7523703e-01  -8.2843017e-04   3.0938885e-01   9.3078365e-02   1.6971888e-01  -3.4517054e-01  -1.3275178e-02   4.9386383e-01  -6.6014597e-01   0.0000000e+00  -1.7550929e-01  -1.4137791e-01  -2.7152776e-01   1.6517278e-01   4.2109504e-01  -4.8300180e-01  -3.2199407e-02   9.6025639e-02  -3.7405942e-01  -4.0489572e-02  -3.6744988e-01  -8.5443736e-02  -1.5338486e-01  -3.2987057e-01   1.8613785e-01  -5.9964502e-01  -1.2402804e-01  -2.9659066e-01  -5.1199936e-01  -6.1792249e-02  -3.0247910e-02   1.6814199e-01   3.0297210e-01   1.8478670e-01  -8.0314645e-02  -3.3701194e-01   9.9592288e-02   5.7248644e-01  -5.7338730e-02  -8.3753942e-02   2.2024572e-01  -5.7078774e-01   3.3183398e-01   2.6380998e-02  -4.2879100e-01  -5.9782852e-01   1.9121541e-01   5.8911790e-01  -5.5046258e-01  -2.9658260e-01   5.0189019e-01   1.3564537e-01  -5.8066250e-02  -5.8245953e-01  -5.9972312e-02   2.8816144e-01  -2.0241817e-01   2.6182323e-01  -6.0171968e-02   3.5589565e-01   7.6489186e-02   9.1018104e-03   4.7375074e-02   4.3726093e-01   1.6900768e-01   3.8891912e-02  -6.0079412e-01  -1.4349935e-01  -1.2215100e-01   4.0583565e-02   2.5195230e-01   2.3881185e-01  -4.1531641e-03  -1.1165854e-01  -1.3727415e-01  -4.0189605e-01   5.2438864e-01  -9.2999827e-02  -6.6359228e-01   2.7219955e-01   1.1184437e-01  -1.4663156e-01  -5.5715175e-02  -5.8961743e-01  -2.9693702e-01  -3.4086031e-01  -1.7044360e-01  -8.3477095e-02   5.6763387e-01   7.1243343e-02   7.7144805e-01  -7.9396954e-02  -3.8868178e-01   3.4044826e-01  -3.4611481e-03  -2.4019649e-01   2.1391706e-02  -1.3284306e-01  -2.8790220e-01   3.4023026e-01  -4.3972413e-01   1.9594774e-01   2.0071159e-01   2.2386777e-01   1.1748353e-01  -3.8522896e-01  -2.9231388e-01   6.5605849e-02   5.8919764e-01  -2.2503634e-01  -1.1492611e-01  -1.6489120e-01  -5.0302468e-01   2.6833693e-01  -3.5359926e-01   8.4064063e-02  -3.8263201e-01   1.9285118e-02  -1.5369199e-01   5.3102142e-01  -4.6952792e-02   2.7429395e-01  -1.9983701e-02   1.8958636e-01   2.9205245e-02   2.1338697e-01   1.1102992e-01   2.0249627e-01   9.3905259e-02   8.0670801e-02   7.4165173e-01  -4.5735001e-01   1.3611838e-01  -2.7207808e-01   4.8193901e-02  -6.8435414e-01  -1.0131778e-01  -1.8148749e-01  -7.3960859e-02  -1.0995261e-02  -5.2841407e-01   3.1944796e-01  -2.2582233e-02  -4.9508476e-01   3.8214044e-01   2.8092778e-01   4.6798519e-01  -1.2836837e-01  -2.3895612e-01  -4.0991389e-01  -5.1117133e-02   3.2023170e-01   8.1657669e-01  -2.3607488e-01  -2.0668732e-01  -2.3832191e-01   9.2308158e-02  -5.5017906e-01   1.2153700e-01  -5.8867556e-01   3.0447822e-01  -3.0862829e-01   1.1722140e-02   6.0862028e-01   5.6911790e-01  -1.3243647e-01  -2.2732796e-01   5.1956710e-01   5.5818080e-01  -3.1682802e-01   9.9502672e-02   9.8406881e-02  -8.4459290e-02   4.1033621e-03   1.2369225e-02
   8.7865549e-02  -1.6131033e-01   4.0326833e-02   1.1873398e-01   1.7085165e-01  -1.8100525e-02  -1.0582870e-01   1.4283525e-01  -1.8248629e-01  -3.3572634e-02   1.6737725e-01  -1.7550929e-01   0.0000000e+00  -3.3370911e-02  -1.3992739e-01   8.3364481e-02   1.0969015e-01   1.2332160e-01  -2.2403312e-02   2.0119208e-01   6.2294180e-02  -1.2181480e-02  -2.8563527e-02  -1.8190836e-01   4.5989495e-02   1.2428565e-02   1.3692595e-01  -1.4924718e-02   3.9544298e-01  -8.2018012e-02   8.7213742e-02  -1.4992557e-01   6.0923403e-02  -7.5141183e-02  -6.0803811e-02   1.7733223e-02   4.0617566e-01  -5.9084213e-02   2.1278814e-01   1.0887217e-01   8.1865894e-01   1.0741068e-01   8.6545585e-02   1.2269098e-01  -9.4931430e-02  -4.9454747e-03   1.0865325e-01   6.7858494e-02  -6.6664245e-02   9.3860701e-02   2.2200641e-01  -3.3824412e-02  -7.5653645e-02   2.1626225e-01  -1.2448822e-01   1.0532720e-02  -2.3552324e-02   9.7175963e-03   2.1307406e-01  -1.3935039e-01   8.4554889e-02   7.2283655e-02  -9.3386253e-02  -1.2728040e-01   5.3745409e-02  -8.2232297e-03   6.6851580e-02  -6.7220249e-03   1.8186772e-01   5.5905637e-02  -2.9036694e-02  -1.2845763e-01   4.9209903e-01  -4.3488823e-04   3.4580126e-01   5.6431272e-02   2.4473969e-02   8.0888130e-03  -1.0500410e-01   1.3956591e-01   5.8721100e-02   2.6349712e-01   5.8588773e-02   7.2831018e-02   1.9906472e-01   7.8009186e-02  -8.7036796e-02  -3.5166123e-02   6.2971479e-02  -1.2458472e-01  -3.3118771e-02   3.6626284e-02  -9.5146676e-02  -9.4080849e-02  -3.7663099e-02   7.4773387e-02   2.5209383e-01  -3.7645854e-02   1.8602664e-01   6.5142411e-02   1.3022440e-01  -2.3804708e-01   4.6206247e-02  -1.5039147e-01  -1.3379987e-01  -2.1347381e-01  -2.4212670e-03   6.8121979e-02   3.8235447e-01   6.8445548e-03  -1.3199332e-01  -2.2169373e-02   2.2872081e-01  -1.4187913e-02  -5.3095451e-03  -2.3544475e-01  -4.8883344e-02   7.4845477e-01   1.1154505e-01   3.5781317e-02  -3.4078070e-02   6.4023931e-02   1.0383625e-01  -2.4456016e-03  -1.0665256e-01  -7.0609919e-02  -1.8481977e-02   8.1063909e-02  -1.7473278e-01   1.0296976e-01   6.7171796e-01  -5.0225665e-02  -5.5544557e-02   7.4837617e-02  -1.4684269e-01   9.0575608e-03   5.1346225e-01   8.0277579e-02  -6.5319476e-02   5.1819668e-02  -1.1461061e-01   5.6983522e-01   7.2455084e-02  -1.6987522e-02   3.8551729e-03   4.4824407e-02  -1.2016583e-01  -1.7885656e-02  -1.9662927e-01  -1.9403389e-02  -1.6416167e-02   1.3110049e-01   3.6821213e-02  -9.4344268e-02   3.8585456e-03  -1.7022656e-01  -5.0387814e-02   4.0890119e-01  -8.6237945e-03   5.9054529e-02   1.8281212e-01   7.6849421e-02  -5.2722649e-03  -1.2116586e-01  -1.2505216e-01  -7.0795199e-02  -9.2732530e-02  -2.4107385e-02  -1.8265323e-01   4.8045210e-02  -1.3006938e-01  -1.9677238e-02   9.4408824e-02   5.3717193e-02  -1.7836363e-02   3.5996643e-02  -8.3035296e-02
   3.9009489e-01  -2.8984500e-01  -3.1384495e-01   2.9965567e-01   3.7656974e-02   4.8873738e-01  -2.7293019e-01   2.6155312e-01   3.9443948e-01  -2.8859258e-01  -1.2548108e-02  -1.4137791e-01  -3.3370911e-02   0.0000000e+00  -3.0405596e-01  -2.5181072e-01  -1.9212914e-01   1.3322234e-01   3.6640048e-01   9.7171572e-02  -2.1930246e-01   6.0930856e-01  -2.8868919e-01   4.0225620e-01   3.6066360e-01   4.5154884e-01   3.3584372e-02   2.9247097e-01   1.9196194e-01   2.4671514e-01  -2.9230768e-01   5.3903733e-01  -2.5148538e-01  -4.3399470e-01   2.7661491e-01  -9.3543742e-02  -7.0044481e-02   1.9140576e-02  -3.7801050e-01  -3.3426102e-01  -8.0768789e-02  -3.4758772e-02   3.5111714e-01   1.0697487e-01   6.0311553e-03  -8.3433607e-02   5.3187884e-02  -2.3111090e-01   2.9697108e-02  -2.0877924e-01   5.7601882e-02   4.9806876e-01  -4.7479769e-01   1.1090448e-01   1.4631926e-01   1.6710104e-01   1.8947143e-01   3.2698812e-01   2.4012952e-01   5.6216826e-01  -2.6503452e-01   6.9752367e-02   2.6986303e-01  -3.3805204e-01  -2.0254898e-01  -2.4474163e-01   2.6349772e-01   1.4728750e-01   2.6807982e-01  -2.8194428e-01  -5.3003758e-01   2.4499943e-01  -1.9439543e-01  -3.0816979e-01   2.4542862e-01   5.2938843e-01  -2.4684606e-01   3.7004840e-01  -9.6437827e-02   2.8378859e-01   1.2273809e-01  -2.3082730e-01  -4.3578247e-01   2.6359265e-01  -4.0612368e-01   1.3619639e-01   6.0155472e-01   3.4890302e-01   3.1348815e-01   6.1971792e-02  -1.3615790e-02  -2.8189825e-01  -2.2943837e-01   6.3106732e-01  -1.5904912e-02   7.1120095e-02   4.5877441e-01   3.9331911e-01   3.2833183e-01  -3.2920655e-01  -2.8254671e-01  -1.7971306e-01   4.4286829e-01   5.1290650e-01   3.2157921e-01   4.6596188e-01  -1.4202813e-02   4.8568213e-01  -2.9222102e-02  -5.0742723e-02  -4.4240435e-01   6.1848974e-01   4.6966524e-01   3.5991942e-02  -2.4379688e-01  -2.2691780e-01   4.4437571e-01  -2.0124757e-01   1.5184757e-01   4.3119239e-01   5.2425741e-02  -6.5984478e-03   2.8383825e-01  -2.1531911e-01   7.6219838e-02   5.5441374e-01  -3.6006086e-01   1.7452315e-01   5.1106151e-01  -4.1226255e-01  -2.1495048e-01  -3.2602137e-01  -1.9230671e-01  -3.2068252e-01   5.3176500e-01   4.2531249e-01   2.7785578e-01   4.5933464e-02   3.3499841e-01   2.9394336e-01   2.2933048e-01   8.4805604e-02   3.3436971e-01   1.7724038e-01  -3.2563859e-01  -2.1400246e-02  -4.1448317e-01  -1.6652362e-01  -2.1051729e-01  -4.7267865e-01  -4.4215249e-01   2.7038133e-01  -1.4973684e-01  -2.2481825e-01  -1.0639363e-01   2.7566797e-01   2.5212370e-01   1.0338332e-01  -2.2404100e-01   2.3861071e-01   1.5109538e-01   2.8328504e-01  -3.9109102e-01   3.6431998e-01   5.0451432e-01  -1.3065801e-01  -2.6980701e-01   2.5719460e-01   1.1179662e-01  -1.4164223e-01  -2.3558398e-01  -1.5004117e-01   1.3940048e-01   4.5203773e-01   2.0865075e-01  -8.2099649e-02   5.3156912e-01
