   0.0000000e+00   3.8257940e-01   5.4649743e-02  -2.5590789e-01  -1.2528082e-01  -2.6660686e-01  -1.0519801e-01  -1.9446502e-01   2.2683502e-02  -1.4435966e-01  -1.5992166e-01   3.2807463e-01  -1.7544062e-01   3.3272635e-01  -8.8573032e-02  -2.7171786e-01  -3.4501993e-02  -5.1692502e-03  -3.1421713e-02  -1.2815728e-01  -3.7295154e-01  -3.1851488e-01  -4.3952762e-01   4.4113891e-01  -2.6787800e-01  -1.9363406e-02  -2.8354243e-02  -4.8964818e-02  -2.0703463e-02  -2.8061493e-01  -2.1208921e-01  -2.6142627e-01  -6.0985559e-02  -1.3709633e-02   1.5894263e-01  -2.0239551e-01  -2.4484895e-01   3.8272928e-01  -2.0214747e-01  -8.2407399e-02  -2.0122123e-01   6.9506360e-02   3.4398219e-01  -3.0683235e-01  -9.8060297e-02   3.4399353e-01  -2.0953624e-01  -3.3206473e-01  -1.6738046e-01  -5.5479393e-02  -1.5212371e-01   1.9521486e-01  -1.3056516e-01   2.2497115e-01   3.8062138e-01  -2.3484520e-01  -8.8339774e-02  -2.3901877e-01  -2.8750834e-01   1.5010602e-01   5.8705565e-02  -1.4683662e-01   2.9235748e-02  -8.1892244e-02   5.1967177e-02  -2.6065982e-02  -3.9404372e-01   5.4259785e-02  -2.4096409e-01   2.7795791e-01  -1.8088557e-01  -4.4375525e-02   1.1151131e-01   6.1499231e-01   5.0757645e-02  -2.5618444e-01   2.0011106e-01  -3.8284172e-01  -1.3823608e-01  -8.4213356e-02  -9.2893728e-02   1.1536761e-01  -2.5759785e-01  -2.4264055e-01   2.7355555e-01  -1.7308564e-01  -1.4553147e-01   2.8706314e-01   1.6258997e-03   4.2683842e-01  -1.7717104e-01   1.6319168e-01   1.5181898e-03  -1.0022763e-01   2.4823081e-01  -3.4952323e-02  -6.1584371e-02  -5.1204628e-02  -3.3659408e-01  -6.0781574e-02   5.4371959e-02  -2.9410862e-01  -3.0649469e-01   2.9037516e-01  -1.4732658e-01  -2.2654960e-01   1.0926100e-01  -2.3273915e-01  -1.5767798e-01  -2.1533065e-01  -2.0826919e-02  -4.2400818e-01  -9.4221621e-03   4.1661592e-01   1.2388765e-01  -6.7837263e-02  -4.2261128e-01  -1.8302505e-01  -1.9902814e-01  -2.0508777e-01   3.7015980e-01  -1.0296823e-02   1.2745813e-01   9.5609220e-03   3.9860281e-01   5.3984709e-01  -3.2905020e-01   7.4027155e-02  -1.8833855e-01   1.8338939e-01  -1.8908478e-02  -2.2481622e-01   6.7036597e-01  -2.8339720e-01   9.9679912e-02  -2.4463354e-01   1.5966547e-01  -1.6790529e-01  -2.5722830e-02   5.3750263e-01   3.8829775e-01   9.1394652e-03  -4.2196841e-02   6.6431686e-02  -2.4301170e-01  -3.7477229e-01  -7.1814981e-02  -2.4822406e-01  -1.3806862e-01  -1.0077134e-01   2.0506706e-01  -2.4940672e-01   1.9982259e-01  -2.8401241e-02  -2.4653551e-02   4.9698541e-01   2.4163189e-01  -3.1390038e-01   9.2295397e-02  -1.1857500e-01   5.6980881e-02  -1.5358046e-01  -1.9812209e-01  -5.9595620e-02  -2.3820878e-01  -9.0755557e-02  -6.6656083e-02   1.1671528e-02   1.2800878e-01  -5.1769898e-02  -1.7377122e-01   2.3639214e-01   1.5443567e-02  -2.1736585e-01   1.2199618e-01  -6.4756101e-02  -3.1514647e-01
   3.8257940e-01   0.0000000e+00   6.3142893e-02  -1.1199913e-01   3.6430696e-01   9.1072573e-02   3.8597057e-02  -6.6608620e-02   3.9645951e-01   7.4825161e-02   1.4557592e-01   5.2963230e-01  -9.4249912e-02   1.2778586e-01   7.0375677e-02  -2.3099622e-01   5.0087276e-02   1.7971481e-02   2.7229357e-01   3.3832133e-01  -2.5101712e-01  -1.0519428e-01  -2.8087850e-01  -8.8417017e-02  -3.6544094e-02  -7.3501445e-02   8.4158472e-02  -1.2265400e-01  -8.3007490e-02  -1.4770990e-02  -1.4841497e-01  -4.9719916e-02   4.5346721e-02   2.0686524e-01   1.3170577e-01   1.8584200e-01   5.2803865e-02  -2.5326080e-02  -1.9308161e-01  -1.5899675e-01   1.1627351e-01   4.2066587e-02   4.7747036e-01  -2.0534987e-01   2.5182684e-01   3.2639980e-02  -5.4007863e-03   5.2529634e-02  -9.3957543e-02  -4.4971453e-02  -3.1498982e-02   9.3580622e-03   2.0814030e-01  -1.5495453e-01  -6.8848428e-02  -9.2761097e-02   1.9942451e-01  -7.8421424e-03  -9.1355330e-02   2.8198139e-01  -8.1659540e-02   6.0281585e-02   5.2462929e-01   3.2100576e-01   3.7852338e-01   2.6715754e-02  -2.3599375e-02   1.9525146e-01  -1.8713655e-01   1.5351767e-01   1.4584206e-01  -3.1993000e-02   5.2884629e-02   2.5064492e-01  -1.0431672e-01  -1.1752328e-01  -2.9791524e-02  -2.6931615e-01   2.6264528e-01   5.0244482e-02  -1.3602128e-01  -1.1578389e-01  -3.8622185e-01  -2.4129301e-02   8.2023549e-02  -8.4436962e-02  -5.5987052e-02  -2.3520733e-01   2.4199839e-01   9.1715099e-02   3.1217793e-01  -8.0800482e-03   2.6816159e-03   1.6683627e-01  -8.2786316e-02   2.5488146e-01  -5.4386119e-03   1.6339592e-01   7.0425312e-02   5.5261870e-02  -2.6917606e-01  -1.5473453e-01  -1.6066613e-01   4.4074708e-01  -5.3170762e-02  -1.4408097e-02  -1.0856052e-01  -9.4348309e-02  -5.0504163e-02  -1.4711349e-01   3.1241352e-02  -2.5237547e-01  -1.6128443e-02   2.3846811e-02  -2.2443885e-02   3.1210839e-01  -3.1129155e-01   2.6766116e-02  -3.5596472e-01  -1.1639059e-01  -1.8506752e-01   4.3984137e-01   2.5128184e-02   5.0279633e-01   6.4586202e-03   4.0244139e-01  -1.5243294e-01  -1.1297110e-01   1.2269562e-01   6.4175160e-02  -3.6799475e-02   2.6121426e-01   4.4956790e-01  -2.6550644e-01   2.4967860e-01   1.1652159e-01  -1.1704305e-01  -1.4791596e-01   1.3835546e-01   8.2650602e-02  -1.0010457e-01  -4.1128464e-02   1.4795845e-01  -3.1378680e-02  -6.2857206e-02  -2.4602493e-01  -9.6166107e-02  -1.3202068e-01   8.9028641e-03   1.3761732e-01  -7.6575890e-02  -2.3105518e-01  -1.5875625e-01   4.3853037e-01   2.5098477e-01  -1.2455331e-01  -1.6811991e-01  -1.4678407e-01   4.3441114e-02  -1.1984648e-01  -1.3032359e-03  -3.5313288e-02   1.7532793e-01  -9.8701278e-03   5.7548195e-03   3.1150963e-01   2.1579579e-01   3.1583048e-02  -2.2367530e-01  -6.3130642e-02   1.5037372e-01  -1.7852089e-01   8.0730627e-02  -1.1710798e-02   4.4316767e-02  -1.8806763e-02  -4.9384919e-03
   5.4649743e-02   6.3142893e-02   0.0000000e+00  -1.1449305e-01   1.4304380e-01   3.6058174e-01  -1.1263112e-01   1.3962875e-02   2.1736615e-01  -3.3720372e-03   1.6671579e-01   2.2789380e-01   1.9550482e-02  -4.3436464e-01   5.9312179e-02  -1.6921733e-01   7.1312697e-01  -2.1775441e-01   3.5351542e-01   2.6469918e-01  -1.0539638e-01   1.2512316e-01  -1.9797070e-01  -8.0816524e-02  -2.5996115e-02   2.4631097e-01   2.6722398e-02  -2.6427159e-01  -1.3825949e-01  -3.0061536e-01  -2.3748662e-02   6.7865623e-02   1.6528477e-01   9.0815655e-02   8.2670390e-02  -3.2994347e-02  -1.5078547e-01   1.0216830e-01  -1.8191910e-01   5.2925188e-02  -1.8516338e-01   2.1734754e-01   2.5997987e-01  -2.0668885e-01  -1.3156491e-03   1.9752433e-01  -9.6250379e-04  -1.9005806e-01  -2.0030332e-01   2.3238010e-01  -1.9611951e-01   2.8457576e-01   8.2398478e-02   2.8206488e-01   2.2763017e-01   1.0188136e-01   3.9959794e-01   3.6639979e-01  -2.3938696e-01   2.7562456e-01   4.3475835e-01   6.0768145e-02   1.2175201e-01   1.8074255e-01   4.4389158e-02  -1.6226709e-01   2.1400180e-01  -1.1137622e-01   1.0548809e-02   4.7873886e-01   2.3092233e-01  -2.7151913e-02  -5.5605221e-02   3.1122658e-01   5.2935023e-02   1.1120624e-01   3.6449176e-01  -1.9018619e-01   1.8883970e-01  -2.1323648e-01  -2.1685879e-01  -2.9543683e-02   6.2858070e-02   1.9366418e-01   1.4753106e-01   1.1887839e-01  -2.5496649e-01  -1.9477788e-01   7.1754485e-02  -3.6947520e-02   1.3930594e-01   7.3475351e-01   2.3123508e-01   3.1493427e-01   1.7081706e-01   1.7568144e-01  -9.2505779e-02   3.9534062e-01  -2.2350626e-01   1.7602991e-01   4.5209025e-02  -1.3024256e-01  -4.2332882e-01   2.1439685e-01  -3.4342671e-02   2.2534097e-01   4.7204438e-01   1.2903624e-01  -4.5506754e-02  -1.9434182e-01   1.7976193e-01  -1.3320755e-01  -1.2528410e-01  -9.7806402e-02  -1.6141129e-01  -1.3455117e-02  -1.5357736e-01  -9.1094371e-02   5.4987797e-02  -1.1552365e-02   1.9041111e-01   1.7576705e-01   3.2696955e-02   1.1139059e-02   6.9164188e-02   2.5387621e-01  -2.1802713e-01   2.0235523e-01   2.5913397e-01   3.9315148e-01  -5.2218779e-02  -4.8742789e-02   1.1632746e-01  -1.2844738e-02   1.8465974e-01   1.9875382e-01   8.4662886e-03  -2.2332085e-01   2.2671376e-01  -1.3156487e-02  -7.8000162e-02   8.4193070e-02   2.2031300e-01   1.7713659e-01   8.2528156e-02  -1.5895641e-01   6.4141928e-02  -2.5134927e-01  -1.2661176e-01  -4.9149520e-03   9.7727040e-02  -3.0861099e-01   4.0313588e-01   6.9690423e-02   3.0085548e-01   1.7561727e-02   8.2267479e-02  -2.1261382e-01   5.2083278e-01  -1.2723377e-01  -1.0098138e-01   1.6879652e-01  -8.1906252e-02  -2.7526354e-01   3.3976319e-01   3.8397523e-03   6.3900910e-02  -5.0031181e-02   2.3312681e-01  -5.5806029e-02   6.5057871e-02  -1.8991172e-02  -2.6056780e-01   3.0429514e-01   1.4093981e-01  -5.4293320e-03   2.8853526e-01
  -2.5590789e-01  -1.1199913e-01  -1.1449305e-01   0.0000000e+00   2.1821153e-01   3.7094037e-01  -8.7860807e-02   3.5590582e-01   2.9932982e-02   7.0824007e-02   8.1696035e-02  -1.4921078e-01   2.7962433e-02  -1.1122386e-01  -6.6129979e-02   2.5140242e-01  -7.4647065e-02   2.9429208e-01   1.6403332e-01   2.6612573e-01   9.6986544e-02   7.3505776e-01   2.1508856e-01  -3.6461979e-01   2.6202830e-01   2.0040735e-01   2.1736798e-01  -1.2609768e-01   3.7568393e-01   4.3093971e-01   2.5698390e-02   7.0507730e-01   3.6646765e-01  -1.7576572e-01  -8.9914890e-02   2.4035431e-01   1.3624291e-01  -2.1918578e-01   1.8669841e-01   4.9782785e-02   1.5419910e-01   1.8541787e-01  -1.3586416e-01   2.3491083e-01   6.3384833e-04  -2.6219617e-01   2.5103577e-01  -6.9762176e-02   1.4885112e-01   9.0348118e-02   3.5383134e-01  -1.3904473e-02  -4.8204704e-02  -1.7522754e-01  -3.0129832e-01   5.6406771e-02   2.0486943e-01   6.0915447e-01   4.8544849e-01   1.9491809e-01  -1.2738656e-01  -9.3927353e-02   1.5517675e-01  -7.2784286e-02  -1.9910084e-01  -1.5861269e-01   4.3375986e-01   2.9978090e-01   6.0322187e-01  -2.5313292e-01  -1.1217780e-01   3.3217430e-01   5.8997320e-02  -3.0606751e-01   4.4033663e-03   4.4327235e-01  -2.1573487e-01   3.6617733e-01   2.4603343e-01   4.0633953e-01   7.0227286e-03   8.9536445e-02  -6.9285007e-02   3.1341828e-01  -1.9535905e-01   2.9407211e-01  -7.4523441e-02  -5.2247435e-01  -3.1591903e-02  -2.1866770e-01   3.7762775e-02  -1.7152453e-01   8.8291338e-02   5.5410569e-01  -2.2152095e-01   2.0865771e-01   2.7437290e-01   3.0973917e-01   1.6842034e-01  -1.7551464e-01  -2.0464023e-01   1.7482828e-01   4.7462166e-01   3.6409002e-02   3.8141804e-01   7.3112167e-01  -6.5573704e-02   6.9448515e-01  -7.2622003e-02   1.9575203e-01  -1.4975673e-01   5.0678384e-01   6.0899681e-01  -2.1697443e-01  -2.5554493e-01  -7.3815038e-02   2.6785801e-01  -5.4119154e-02  -8.0971170e-02   8.2607557e-01  -3.1442599e-01   2.2291619e-01   7.5869113e-02   2.0490891e-01  -2.6861235e-01  -1.2667045e-01   3.6630342e-01   1.1695277e-01   5.9964115e-01  -2.6684185e-01   3.0704851e-01   6.1338031e-02  -2.9366700e-01   1.8593907e-01   4.4937048e-01   4.3618125e-01   5.3439410e-02   6.8110833e-03   2.7147846e-01  -2.8521072e-01  -2.7165329e-01  -1.1991910e-01   1.7256293e-01  -1.7641577e-01   1.0836310e-01   3.6215352e-01  -2.1477006e-01   1.3307495e-01  -9.4364850e-02  -2.9309737e-01  -2.7519763e-01   2.8509816e-01  -3.6416973e-01   9.4233431e-02   9.5035764e-02  -3.6491474e-01  -2.2833297e-01   3.2957129e-01  -9.1557542e-02   1.1028596e-01   3.5560572e-01   2.0025815e-01   4.9546515e-02   1.8101167e-01   6.7767949e-01   9.8007048e-02   1.1016551e-01  -1.4996627e-01  -2.6623177e-01   2.6075202e-02  -1.1046959e-01  -4.1928113e-01   2.7438401e-01   6.2374664e-02   2.7538662e-01   2.3864941e-01   7.3411371e-01
  -1.2528082e-01   3.6430696e-01   1.4304380e-01   2.1821153e-01   0.0000000e+00   3.1445157e-01  -1.8474300e-01   1.6622979e-01   2.4369495e-01   5.8434949e-02   8.3573177e-02   8.5540267e-02   8.1126828e-02  -1.1123793e-01  -1.7559760e-01  -1.1691673e-01   1.7573685e-01   2.0720716e-01   2.1195417e-01   7.7415077e-01  -6.6147730e-02   3.2347781e-01  -1.3036632e-01  -5.8000304e-02   2.6046947e-01  -2.9243334e-02   2.6102451e-01  -4.5204615e-02   2.7123349e-02   2.3959027e-01  -1.4548969e-01   2.7779229e-01   7.2611573e-02  -2.0037500e-01   8.1888408e-04   5.8911364e-01   1.4221553e-01  -2.6139091e-02  -1.1795146e-01  -1.1939979e-01   1.6830153e-01  -1.8166477e-03   2.2404874e-02  -5.9479125e-03   3.6148605e-01  -2.3904204e-02   2.9628651e-01  -2.5459268e-02   2.4012854e-01  -1.2633665e-02   2.1689028e-01  -3.2739575e-04   2.8781542e-02  -2.3662209e-01  -2.4013891e-01  -1.6283937e-01   1.9838641e-01   4.1903021e-01  -2.3967741e-02   1.8459146e-01   1.1055110e-01   2.2736135e-01   1.5477775e-01   1.0143616e-01   2.4661958e-01  -5.3367731e-02   3.6633617e-01   6.7165251e-02   1.4736712e-01   1.5409293e-01   6.0867345e-02   1.0870853e-01  -1.4441277e-01  -4.5830645e-02  -2.1079184e-01   1.4206249e-01   7.7493336e-02  -2.8199243e-02   6.0853473e-01   1.7014737e-01  -2.2451200e-01  -1.9143105e-01  -3.7741576e-01   1.8420334e-01   1.1527470e-01   9.3504825e-02  -7.2587550e-02  -3.6585377e-01   1.7510808e-02   1.2412533e-01   4.6033297e-01   9.2215931e-02   7.2260396e-02   2.7680491e-01  -4.4095216e-03   6.3419272e-01   2.5710621e-01   2.6170569e-01   4.4847620e-01  -9.9007476e-04   2.2551114e-02  -8.3415215e-02  -1.6905867e-02   2.1445101e-02   9.0473824e-02   2.8773659e-01   3.4613882e-03   2.6870110e-01   1.1479711e-01  -9.9158835e-02  -2.3760630e-01   1.9512983e-01   1.6759308e-01  -2.5914329e-02   5.8362332e-02   3.8501919e-01  -6.2791024e-02  -2.6658617e-02   6.0232807e-02   2.1682735e-01  -1.0554991e-01   5.7924676e-01  -2.3494800e-01   6.0284521e-01   4.1511636e-02   4.4524978e-04   1.1341526e-01  -1.9583925e-01   4.0325758e-01   1.7847059e-01  -5.7457193e-02   3.7293920e-01   2.3782435e-02  -2.3356885e-02   1.6588913e-01   2.8058828e-01  -2.1736910e-01  -1.7977029e-01   1.5312687e-01  -6.7825293e-02  -1.1620572e-01   1.1154668e-01   8.9963453e-02   7.8693171e-02  -3.2204100e-02  -3.1240804e-02  -2.8835817e-01   1.0840942e-01   6.4462831e-02  -1.8229784e-02   1.5453879e-01  -1.4114593e-01  -1.1875582e-01   3.2706046e-01   2.5911652e-01  -9.7697552e-02  -6.3249491e-02  -1.5300553e-02   9.3456110e-02  -1.5908664e-01   2.6744263e-02  -1.0897291e-01   1.2029790e-01   1.0569632e-01   3.4454980e-01   3.6762877e-01   1.2819203e-01  -3.9519505e-02  -2.1633958e-01  -4.2046643e-02   1.2797772e-01  -2.0660533e-01   8.3498203e-02   1.6576696e-01   8.8523191e-02  -3.7124980e-02   4.0063533e-01
  -2.6660686e-01   9.1072573e-02   3.6058174e-01   3.7094037e-01   3.1445157e-01   0.0000000e+00  -1.5491758e-02   4.1060328e-01   7.4918253e-03   2.2214427e-01   1.1912596e-01   3.5308250e-02   2.2209294e-02  -1.9285737e-01   9.8872245e-02   1.2949546e-02   3.1525852e-01  -1.5598496e-01   4.6639553e-01   4.8142304e-01  -4.5031958e-02   4.1223869e-01   8.5066108e-02  -1.9236156e-01   9.8025756e-02   3.9717821e-01   4.0465848e-01   6.8725339e-02   3.2190339e-02   1.5011459e-01  -6.8873865e-02   3.9430909e-01   2.4650348e-01  -6.3842906e-04  -8.5644473e-02   2.9662066e-01   2.4208875e-01  -5.5533118e-02  -7.9223349e-02   2.9164877e-01  -1.2310319e-01   7.1459114e-02  -5.7769713e-02   2.5735504e-01   3.7575526e-02  -1.2474882e-01   2.2205740e-01  -2.8744116e-02  -1.6804488e-02   4.3522191e-01   5.7131500e-02   3.1899632e-01  -4.0512098e-02  -1.3888889e-01  -1.8928276e-01   1.7049265e-01   6.8695172e-01   5.1549011e-01   1.5291833e-03   2.2663386e-01  -9.6223554e-03   5.3030972e-02   2.0468975e-01   4.1979864e-02  -1.3185868e-01  -2.1641233e-01   8.7784269e-01   6.6760808e-02   4.3203889e-01   2.0031232e-01   4.8923653e-03   2.7823000e-02  -1.5921256e-01  -2.9406848e-01  -9.7736002e-02   3.4056423e-01   5.5992941e-02   2.5152359e-01   3.0161016e-01   4.6864544e-04   3.1654226e-02  -2.6425928e-01  -7.1319286e-02   4.8533250e-01  -1.0309885e-01   3.1915811e-01  -2.8361424e-01  -4.2798030e-01   1.5770001e-01   4.4902496e-02   3.7217548e-01   1.9643232e-01   2.5732531e-01   4.9097830e-01  -1.8851038e-01   3.1688083e-01   2.5309098e-02   6.3281093e-01   1.0716839e-01   1.7108961e-01  -4.1073891e-02   1.4381805e-01   6.0842075e-02  -4.1861915e-03   4.7908801e-02   5.0499640e-01   7.7318988e-02   6.7844989e-01   1.0653870e-01   8.0809329e-02   7.3279503e-03   2.6196528e-01   1.7283447e-01  -5.2038508e-02  -3.1600437e-02   7.4904438e-03   8.0625955e-02  -2.7523377e-01   1.5594423e-01   3.7357504e-01  -2.5502221e-01   4.1786681e-01   8.4463406e-02   1.0857951e-01  -1.0609261e-01  -5.8013453e-02   2.0520664e-01  -2.9071426e-02   3.8881220e-01   1.3029966e-01   6.3405675e-02   9.0602244e-02  -1.6444455e-01   1.1567103e-01   3.4626713e-01   4.4980225e-01  -2.2456478e-01   5.6614712e-02   4.5448547e-01  -1.7470988e-01  -2.5672221e-01   4.8751614e-02   3.1512495e-01   1.3467819e-01   1.0610031e-01   6.8665576e-02  -1.7245294e-01   9.2882884e-02  -2.8728574e-02  -1.7192958e-01   3.9355299e-02   1.2837232e-01  -2.3163014e-02   1.2799442e-01   3.2235398e-01  -1.9814316e-01  -3.0131375e-01  -7.5385306e-02   1.6112766e-01   9.1622621e-02   5.7059881e-02   1.6424707e-01   1.7071317e-01  -2.5755766e-01   6.1412750e-01   2.5535349e-01   3.6361381e-01   2.0395701e-01  -2.5097925e-01  -1.5348602e-03   2.5109614e-02  -3.2411068e-01  -4.5986851e-02   4.9615023e-01   1.4813336e-01  -1.7329297e-02   5.8870502e-01
  -1.0519801e-01   3.8597057e-02  -1.1263112e-01  -8.7860807e-02  -1.8474300e-01  -1.5491758e-02   0.0000000e+00  -6.3662664e-02  -2.8043746e-02   3.0370700e-02   1.4061571e-01   2.1570892e-01   9.8397743e-02  -1.1662336e-02   4.5562202e-01   3.0477124e-01  -2.7615281e-01   9.2776052e-02  -3.3500013e-01  -1.2017188e-01   2.6686313e-01  -1.6471162e-01   6.2773070e-01  -3.1384370e-01  -1.9019981e-01  -2.9576365e-01   7.5999324e-03  -9.8502750e-02   1.8167440e-01   2.2586364e-01   1.0918098e-01  -2.2185889e-01  -7.9086040e-02   5.5325724e-01   1.9651012e-01   2.1332198e-01  -2.7120516e-01  -3.8895672e-01   2.0668088e-01   8.7494624e-02   1.8960629e-01   2.8058224e-02   5.5403840e-02  -9.4865287e-02   1.4323983e-01  -4.5249483e-01   1.7113863e-01   6.1590003e-01  -1.6761920e-02  -1.6822400e-01   3.0794628e-01  -2.9146591e-01   4.4688081e-03   6.9889221e-02  -1.9445137e-01   2.4383391e-01  -3.1857466e-01  -2.4766467e-01   6.7317643e-02  -1.7210728e-01  -4.7611139e-01   3.7263331e-01  -3.9432418e-02   1.4599197e-01  -1.2732928e-01   4.0729160e-01  -2.0806636e-02  -4.8605495e-02  -5.2304064e-02  -2.1942741e-01   2.8851560e-01   3.6306893e-02   1.9989786e-02  -1.2373788e-01   7.3409934e-02  -1.2292427e-01  -4.5011573e-01  -7.6509654e-02  -1.9312092e-01  -1.5715260e-01   2.3637858e-01   7.3372970e-02   6.2056969e-02  -1.5873550e-01  -4.5787619e-01  -8.0029862e-02   2.7666179e-01   7.9749107e-02  -2.1672146e-01  -3.3109158e-01  -2.1921869e-01  -2.6455780e-01   1.3842017e-01  -3.4233162e-02  -4.9148941e-01  -3.0352790e-01   2.5301013e-01  -3.3048264e-01   1.9485047e-01   6.8499956e-02  -3.1739025e-01   2.9971307e-01   1.2353867e-01   1.0430459e-01   2.7548732e-01  -2.3925880e-01  -3.5443606e-01  -1.6880257e-01  -3.6771743e-02   1.4174200e-01   4.0904116e-01  -1.0857969e-01  -1.2344000e-01  -3.6326636e-01   6.8560385e-02  -3.3311501e-01   9.1734250e-02   2.7879023e-01  -7.3720396e-02  -1.1413831e-01  -4.0884469e-01  -2.8462413e-01  -1.2033467e-01  -2.3021413e-01  -5.2453406e-01  -1.3303827e-01   2.9304638e-01  -4.5467922e-02  -2.0842167e-01  -3.6146099e-01   8.6435699e-02   3.2999338e-01  -1.4136995e-01  -1.6950902e-01  -1.4931836e-01  -1.4297887e-01   1.2125467e-01   2.6821885e-01  -1.2826421e-01  -2.0761358e-01  -4.1249764e-01  -9.8351646e-02   1.1639217e-01  -1.5710842e-01   2.1784543e-01  -4.1130462e-02   7.3063569e-01   2.7498443e-01   2.9128307e-01  -7.4779998e-03  -3.1597990e-01   1.0837583e-01  -6.2860331e-02   5.6073837e-02   1.5675209e-01  -3.6969207e-01  -5.1470557e-01   2.0547365e-01  -4.2419153e-01   2.8452651e-01   7.7409322e-02   4.7352157e-03   2.6044942e-01   1.6090398e-02  -2.1086620e-01   1.1019177e-01   2.9570096e-01  -1.3737506e-01  -3.0984484e-01  -2.1062745e-01   2.8960916e-01  -3.6405704e-01  -8.6230880e-02   1.0564466e-01  -5.0392430e-02   2.2404195e-01  -1.8382054e-01
  -1.9446502e-01  -6.6608620e-02   1.3962875e-02   3.5590582e-01   1.6622979e-01   4.1060328e-01  -6.3662664e-02   0.0000000e+00  -9.5441317e-02   6.5483151e-02   1.7813261e-01  -8.0367943e-02  -6.8898908e-02  -4.4210792e-02   4.1936686e-02  -1.1005398e-01  -5.8394730e-02  -3.6232550e-02   3.3000887e-01   2.6327175e-01  -3.0875264e-03   4.8642195e-01   1.6364664e-01  -1.3430967e-01   2.1253705e-01   3.6753416e-01   2.6124971e-02   2.2227362e-01   1.4316556e-01   7.9285616e-02   2.0834291e-02   4.1854952e-01   1.8063080e-01   3.0194649e-02   9.1841762e-02   1.3538204e-01   3.0902263e-01  -1.5049708e-01  -1.5332939e-01  -4.5362981e-02  -1.7725329e-01  -2.4947797e-02  -1.1213378e-01   4.9044024e-01  -3.0983504e-02  -3.3488919e-01  -4.2835211e-02  -3.6999782e-02   9.0404507e-02   8.1523459e-02   1.4108289e-01   2.9841665e-01   1.1276647e-01  -9.2302519e-02  -9.6595102e-02   1.6277816e-01   3.8297427e-01   4.1629649e-01   5.8202112e-02   1.6670273e-01  -1.8374227e-01   6.6479835e-03   8.6849419e-02  -4.2622801e-02  -2.2731133e-01  -9.6572554e-02   4.2419853e-01   6.4914993e-03   2.7660977e-01  -2.8503089e-01  -1.2202331e-01   4.6061578e-02  -1.4285714e-01  -2.9221019e-01   1.3533921e-01   4.7831164e-01  -1.8323829e-01   4.5434544e-01   2.8434610e-01  -2.9118004e-02   2.7376213e-01  -1.5284917e-01   2.9485601e-04   6.2544721e-01  -1.7709722e-01   4.3581999e-01  -2.2181009e-01  -3.4897468e-01   6.4030284e-02  -5.2352291e-03   2.7048417e-01  -8.6893103e-02   2.5800758e-01   2.7893357e-01  -1.8963842e-01   9.0924754e-02  -3.1782477e-02   4.4714279e-01   9.1433517e-02   5.2417633e-02  -1.3749721e-01   2.3660154e-01   3.3939275e-01  -1.1181360e-01   7.3477526e-02   5.2354649e-01   5.9213489e-02   5.6396063e-01   8.4872933e-02   2.6619474e-01   7.2899627e-02   2.6953455e-01   1.0224299e-01  -3.9672581e-02  -1.2289688e-01   7.8994030e-02   2.3013895e-01  -1.2589598e-01  -1.9657767e-01   2.4746773e-01  -2.6116220e-01   2.3799753e-01   1.3653346e-01  -1.5196321e-02  -2.3389843e-01  -1.1020230e-01   1.7506292e-01   5.1423398e-02   1.9651875e-01  -2.5110244e-01  -4.2044875e-02   2.2187533e-01  -2.0085410e-01  -6.4883138e-03   1.5315539e-01   5.4370392e-01  -3.2142932e-01   1.3217813e-01   3.4569656e-01  -8.4762347e-02  -1.4606472e-01  -1.1293462e-01   1.9070383e-01  -2.0936013e-01   4.7647209e-02   1.0017019e-01  -1.6243181e-01   1.4568322e-01   4.9777597e-02  -4.9194533e-02  -1.6101394e-01   4.7820521e-01  -1.3885120e-01   1.4373631e-01  -6.8617392e-02  -1.6509496e-01  -2.3023592e-01  -3.4861908e-02  -4.6618535e-02   2.2720677e-01   6.3267365e-02   1.9187023e-01   2.3133310e-01  -1.1742497e-01   3.7535567e-01   2.8234868e-01   2.6109679e-01   3.7031378e-01  -1.8684885e-01   2.2524809e-01   1.3166367e-01  -3.0461448e-01   2.0964364e-02  -1.0393660e-02   9.8060346e-02   2.4701237e-02   5.3002573e-01
   2.2683502e-02   3.9645951e-01   2.1736615e-01   2.9932982e-02   2.4369495e-01   7.4918253e-03  -2.8043746e-02  -9.5441317e-02   0.0000000e+00   5.4611271e-02   1.5405213e-01   5.3205729e-01   5.0267941e-02  -1.8149871e-01   1.2968849e-01  -7.8562481e-02   1.0091257e-01   2.4968798e-01   2.4610583e-01   1.8934563e-01   7.3792909e-02   1.8610571e-01  -1.9500899e-02  -3.4405080e-01   1.4285229e-01  -2.1105505e-01  -1.3340190e-01  -4.5471500e-01  -3.5454289e-02   2.2257266e-01  -2.1288441e-01   2.0677572e-01   1.6886030e-01   1.7176948e-01   5.4610207e-01   6.5201114e-02   6.2380870e-02  -1.2576624e-01  -6.3718729e-02  -3.2222022e-01   2.0816835e-01   1.2775727e-01   6.0082557e-01  -1.9690495e-01   3.2485363e-01  -2.4437037e-01  -4.8142376e-03  -6.6207479e-02   1.6873099e-01  -2.0390829e-01   2.4516522e-01  -1.1920852e-01   1.0502688e-01  -4.6392899e-02   7.6626179e-02   1.8234121e-02   6.4862218e-02   3.5573851e-01   1.5484473e-01   5.4210115e-01   1.0766554e-01   3.1932476e-01   5.9228569e-01   2.7740931e-01   3.1011699e-01   2.1413652e-01   3.3682731e-02   5.3301489e-02  -1.0702663e-01  -8.0218916e-02   5.1416828e-02   1.2936051e-01  -1.1605254e-01   2.1521513e-01   2.2741722e-01   1.6493328e-01  -1.1427265e-01  -1.9447203e-01   9.8686494e-02   9.0343454e-02  -4.0407890e-01  -1.5766688e-01  -1.5166495e-01   1.9929966e-02  -5.2981324e-03   9.0812206e-02   3.7590251e-01  -2.8740540e-01   2.6454777e-01  -2.4885941e-01   2.4551109e-01   1.1611734e-01  -1.0651612e-01   4.1204921e-01  -5.9406388e-02  -3.2499332e-02   2.1625956e-01   5.0944340e-02   1.4948004e-01   1.9017876e-01  -3.3785260e-01  -1.5897453e-01  -1.7631813e-01   6.0268294e-01   2.7168094e-01   2.1048474e-01   6.4266274e-02  -6.6608506e-02   9.5642014e-02  -1.4793427e-01  -3.3246922e-02  -8.8910341e-03   3.4008649e-02  -3.3011741e-01  -3.6267997e-01   3.4360027e-02  -6.2282282e-02   1.9212431e-01  -3.7163491e-01   2.0009529e-02  -1.9003755e-01   1.5017401e-01  -7.9192933e-02   4.5233032e-01  -2.3773534e-01   2.6333473e-01   1.7614863e-01   3.6336607e-02   4.6248222e-01  -2.1036204e-01  -1.8603367e-01   3.4759964e-01  -4.8029952e-02  -1.6362503e-02   1.9446365e-01   2.2090138e-01   5.4234184e-02  -3.0729564e-01   1.0560423e-01  -1.2774260e-01  -1.6952722e-01  -1.4222502e-01   2.2121129e-01  -1.1391009e-01   5.3857554e-02   5.5389826e-02  -1.1901947e-01   4.5315808e-02   1.5132466e-01   1.1931598e-01  -2.4128319e-01  -3.2046084e-01  -4.4848426e-02   2.5059779e-01   2.3614286e-01  -2.9937070e-01  -2.0062053e-01   1.2664629e-01   1.9971301e-01  -3.1750239e-01  -1.8095362e-01   7.9162888e-02   1.4641361e-01   1.0596530e-01   1.7562678e-01   7.6153562e-03   8.7790323e-02  -2.6475563e-01   1.0198091e-02  -2.0045053e-01   6.5010874e-02  -2.1549310e-01   1.7481473e-01   1.3918081e-01   1.2565244e-01   1.1081358e-01   2.3227637e-01
  -1.4435966e-01   7.4825161e-02  -3.3720372e-03   7.0824007e-02   5.8434949e-02   2.2214427e-01   3.0370700e-02   6.5483151e-02   5.4611271e-02   0.0000000e+00  -2.2261952e-02   2.4852721e-02   3.1220231e-01  -1.5754672e-01  -4.4936224e-02  -1.0087547e-01  -7.7999289e-02  -1.6971328e-01   4.9614305e-02   3.8437015e-01  -8.8615064e-02   7.4801458e-03   8.1244653e-04  -2.6077278e-01   1.6392603e-01  -1.5486105e-01   1.7007694e-01  -9.7162483e-02  -4.8451697e-01   9.2932986e-02  -1.2623402e-01  -1.4901393e-03   1.0654755e-01   7.2317416e-02  -1.4591773e-01   6.7274797e-02   4.5750114e-01   1.1547021e-01  -7.7446218e-02  -3.4079710e-02   1.4669992e-01  -5.9663363e-02  -4.4689262e-02   1.1815456e-01   9.8258026e-02  -5.1617100e-02   1.2616698e-01   1.2708531e-02   1.5093132e-01  -6.4939488e-02  -8.7168470e-03  -1.5026037e-01   2.5243645e-02  -7.9226439e-02  -1.2897958e-01  -7.7306925e-02   7.1653984e-02  -1.7092162e-02   8.1890323e-02  -1.0374100e-01   1.5132540e-02   3.2692481e-01   3.6723131e-01  -5.9256197e-02   2.6191310e-02  -2.5978348e-01   2.5594806e-01   1.7744557e-01   1.2219109e-01   1.9206684e-01   9.7627120e-02  -1.8637786e-01  -1.9790367e-01  -1.4808311e-01   2.0425445e-01  -1.5358823e-01   6.2169099e-02   6.1475337e-02  -6.5849624e-02  -1.0074353e-01  -1.4902353e-01  -1.8024897e-01  -9.3847529e-02   1.7636085e-01   3.1305575e-02  -1.0131081e-01  -1.5897229e-01  -2.7398451e-01   4.8067169e-01   9.2475954e-02   1.4862193e-01   5.6067499e-03   9.7088143e-02  -6.2210469e-02   1.6303824e-01   2.8003842e-01  -1.2881737e-01  -9.8010080e-03   2.9172150e-01   6.4471578e-01  -1.2768888e-02   7.1703537e-02  -1.7343806e-01  -1.6234741e-01  -5.3426925e-02  -6.5037008e-02  -8.8734768e-02   1.1627543e-01   5.7849697e-01   3.6668156e-02   9.7944863e-03  -3.5802587e-02   9.0097054e-02   7.6086529e-02   6.1756762e-02   4.2832978e-02  -1.2159442e-01   1.0943181e-01   1.5410105e-01   3.4755458e-02  -1.4986574e-01   3.6432615e-01   6.8958580e-02   2.3571899e-02   1.3070230e-01  -1.1165499e-01   1.3185576e-01   1.4551009e-01   6.1864745e-02   9.4565184e-02  -1.9567351e-01  -1.0877925e-01  -1.6380687e-01   4.8970229e-03  -1.9954950e-01  -7.9434514e-02  -1.4941459e-02  -7.9430243e-02   1.6569312e-03   1.0871638e-01   2.1092649e-02  -3.5888437e-02  -5.3500510e-02   3.0081443e-01   6.2278898e-02  -1.2903847e-01   8.0801711e-02   1.7332161e-01   3.3513339e-02   1.4710848e-01   4.2733890e-02  -7.7320398e-02  -2.9086215e-01  -7.5993196e-02   2.0273295e-01  -1.9259362e-01   1.0641978e-02   1.2872852e-01  -3.0579335e-02  -1.6464968e-01  -2.9702926e-01  -3.6369622e-02   5.7239647e-01  -2.6175618e-01  -5.2897650e-02   2.9683978e-02  -7.2685250e-03   7.2573729e-02  -2.6434790e-01   1.1666328e-01  -6.3073412e-02   8.9722099e-02   3.0592393e-01   2.7927694e-01  -6.6781369e-02   6.2263711e-02   6.4702562e-02
  -1.5992166e-01   1.4557592e-01   1.6671579e-01   8.1696035e-02   8.3573177e-02   1.1912596e-01   1.4061571e-01   1.7813261e-01   1.5405213e-01  -2.2261952e-02   0.0000000e+00   8.0529134e-02   2.4497729e-02  -1.8817615e-01   4.8309409e-01  -4.1805933e-03   1.2941080e-01   2.0775732e-01   2.9528368e-01   1.6717249e-01   8.3501641e-02   5.7910484e-02   2.2088281e-01  -1.7430591e-01  -1.1230085e-01   7.1149255e-02  -3.5644551e-02  -2.3563472e-02  -1.2389591e-01  -6.5945287e-02   4.6146755e-01   1.2945599e-01   9.7446704e-03   3.9073852e-01   4.3711018e-02   1.3901007e-01   7.9798381e-02  -2.8506613e-01  -7.1620845e-02  -5.4590304e-02   2.2076807e-01   6.6727729e-02   1.2898459e-01   2.5874538e-01   2.0231922e-01  -2.5322732e-01   2.5964645e-01   1.7719319e-01  -2.9026032e-01   1.4518824e-02   1.8953887e-01   7.7653014e-02   4.9731971e-01  -1.3637467e-01  -3.2977008e-02   7.0155185e-01   2.9762524e-01   1.2517367e-01   3.3651213e-01   1.8027124e-01   1.1575870e-02   8.4029353e-02   2.6858632e-01   7.8998071e-01   2.9725670e-01   3.0159547e-02   3.8523137e-02   3.6208090e-02   3.0474092e-01  -1.7451616e-01   1.4359588e-01   2.1882049e-01   1.9193433e-01  -3.8046231e-02  -1.2862234e-01   1.9142018e-01  -8.5513994e-02   1.8632130e-01   2.3217520e-01   1.2384566e-01   1.5039278e-01   1.1515912e-02   3.2680283e-01   1.0046220e-01  -1.7112512e-01   3.7864879e-01  -2.0238961e-01  -3.3629923e-01   1.5324131e-01  -1.8496263e-01   2.4569082e-01   9.4814594e-02   7.8074293e-02   1.8876606e-01  -1.6510565e-01  -9.4182610e-02  -1.6802707e-02   2.7890326e-01   1.0043961e-01   1.5826715e-01  -3.6972824e-01   3.5927164e-01  -5.8516793e-02   1.6915851e-01   3.4303655e-01   1.1324259e-01   1.1757324e-01   1.8264962e-01  -2.2698378e-02   3.5825233e-01   2.6490185e-01   1.1787458e-01  -8.3932975e-02  -2.0720869e-01  -1.4160036e-01   2.3041444e-01   4.2158414e-01   1.0301260e-01  -3.2496165e-01   4.5327927e-02  -1.2270694e-01   9.0211533e-02   2.1890313e-01   2.4586825e-01  -2.2576501e-01   1.3912443e-01   1.5024234e-01   3.6236075e-02   9.5891803e-02  -2.5608286e-01   1.3057103e-01   3.8698127e-01  -6.4119695e-02   3.1347551e-01   9.8151796e-02   2.6139606e-01  -1.6570558e-01   1.5024945e-01   3.0421872e-01  -3.1664086e-01  -3.8646671e-01  -6.4816406e-02   6.6656008e-01  -2.1496371e-01   5.4955325e-01   3.3508194e-01   1.4214239e-01  -2.8669574e-02   2.7758944e-01   2.8603150e-01  -1.9229775e-01   1.5182175e-02   8.5785636e-03   6.7196651e-01  -1.5038025e-01  -2.2971328e-01  -1.8059347e-01   3.5235641e-01   1.4059150e-01   1.5807370e-01   8.2244104e-02   7.8208114e-01   2.9043033e-01   2.1437821e-01   1.7615560e-01   2.2192833e-01   2.9530838e-01   2.6059791e-02   6.1380687e-02   1.4354568e-01   3.2589833e-01  -2.3594332e-01   1.5033657e-01  -1.8281910e-01  -3.6639060e-02  -1.2074898e-01   1.9972156e-01
   3.2807463e-01   5.2963230e-01   2.2789380e-01  -1.4921078e-01   8.5540267e-02   3.5308250e-02   2.1570892e-01  -8.0367943e-02   5.3205729e-01   2.4852721e-02   8.0529134e-02   0.0000000e+00  -4.7453432e-02   3.1127125e-02   2.6880077e-01  -2.1105074e-01   2.6363363e-02  -7.7672886e-02  -5.5485960e-03   1.9109387e-01  -1.4800164e-04  -1.2542958e-01  -1.3672059e-01  -1.0913959e-01  -7.8008025e-02  -1.7656708e-01  -2.3849110e-01  -3.1141270e-01  -2.6413468e-02   4.5499465e-02  -9.2734742e-02  -8.4876709e-02   7.1646508e-02   2.3831848e-01   4.8627327e-01   1.4401971e-03  -5.1369075e-02  -4.2406950e-03  -1.9984553e-01  -3.1316087e-01   2.5212097e-02   1.3364061e-01   7.2663970e-01  -2.3011979e-01   8.0447121e-02  -9.7678263e-02  -2.2596512e-02   4.8965372e-02  -1.0035920e-01   3.2096084e-03   2.1029228e-02  -8.7906905e-02  -5.4587227e-02   9.2851945e-04   2.2997147e-01   9.8505102e-02   1.1477428e-02   1.9879160e-02  -1.5437594e-01   6.7438645e-01  -1.0197129e-01   2.5005241e-01   3.7640699e-01   7.1592621e-02   7.5924029e-02   1.3927778e-01   1.3274111e-02   1.6716093e-01  -1.9913112e-01   1.2287132e-01  -3.0196486e-02  -8.3473369e-02  -1.7129969e-02   5.3123677e-01   1.0854937e-01  -6.5525088e-02   1.1972179e-02  -2.2337751e-01   1.2411512e-02  -1.5193407e-01  -1.8194416e-01  -2.0019257e-01  -2.6972355e-02  -6.7400930e-02   1.5064812e-01  -1.8383128e-02   2.8087067e-01  -1.1739870e-01   2.0035471e-01  -8.3081360e-03   5.7883627e-02   1.1682824e-01   1.3594288e-01   2.3359295e-01  -6.7582151e-02  -3.0542007e-02   8.9914815e-02  -8.9628814e-02  -3.9919885e-02   7.5699432e-02  -1.0732139e-01  -8.4048328e-02  -1.8993373e-01   7.1138211e-01   1.8641062e-02  -6.3802375e-02   6.0359406e-02  -1.8812386e-01  -3.0790134e-02  -1.7297065e-01   1.6381874e-01  -1.5122584e-01   3.6833988e-02  -1.3036424e-01  -1.2230315e-01  -2.7174472e-02  -2.3515247e-01   7.0172580e-02  -1.7523166e-01  -1.2905280e-01  -6.6831310e-02   1.6712004e-01   3.2250667e-02   1.4885933e-01  -3.8541271e-02   5.6690754e-01   4.8951290e-02  -6.4031206e-02   2.1384234e-02  -1.1809520e-01  -1.0685847e-01   1.3798831e-01   2.7580548e-01   1.7753882e-02   3.0048236e-01   8.6850493e-02   5.1748866e-02  -5.6262934e-02   9.5248049e-02   9.0498155e-02  -7.8043299e-02  -2.0789111e-02   2.9343749e-01   1.4432213e-01   2.9956232e-02  -5.0354397e-02   3.7160990e-02   2.6939269e-03   5.3643662e-02  -1.1366790e-02  -6.2814837e-03  -1.8099492e-01   1.2010973e-01   2.2414423e-01   1.7756308e-01  -1.4360807e-01  -1.6227164e-01  -1.0061230e-01   7.6648762e-02  -5.5113294e-02   2.7467253e-03   7.7925010e-02   3.6428442e-02  -1.2354234e-01  -3.9746663e-02   2.1364118e-01   3.1843623e-01  -1.2421352e-01  -4.1012288e-02  -1.8667121e-01   2.2298094e-01  -1.8451721e-01  -5.3245127e-02   2.9277161e-01   1.5000531e-01   3.9086182e-02  -4.9340163e-02
  -1.7544062e-01  -9.4249912e-02   1.9550482e-02   2.7962433e-02   8.1126828e-02   2.2209294e-02   9.8397743e-02  -6.8898908e-02   5.0267941e-02   3.1220231e-01   2.4497729e-02  -4.7453432e-02   0.0000000e+00  -1.2961538e-01   1.5063034e-01  -1.6305975e-01   1.5725996e-02  -2.4704539e-01   4.1249342e-02   2.1951471e-01  -1.9113951e-01   2.5332709e-02  -2.1209305e-02  -1.5412000e-01   3.9482103e-01  -1.9335819e-01  -2.0344841e-02   1.5121077e-02  -1.4981768e-01  -6.4235521e-02  -4.2378045e-03  -1.4461140e-01  -1.8772036e-01  -1.8578760e-02  -3.3668923e-02  -7.3886657e-02   1.0610013e-01  -1.3992242e-01  -1.7573728e-01  -6.1663982e-02   5.2116652e-01  -3.3067826e-01  -6.2196318e-02   4.6948995e-02   4.4067869e-02  -1.3537285e-01  -1.0632202e-01  -1.1126397e-01   1.2870352e-02  -6.8094319e-02  -1.0381638e-01  -1.4049551e-01  -3.1414979e-02   1.9490944e-01  -3.0262909e-01   6.4405187e-02  -1.7498475e-01   6.0125327e-02   3.3265644e-02  -1.7255345e-01  -2.7098958e-02   3.5278482e-01   1.5011713e-01  -1.1648830e-01  -1.1221442e-01  -3.1841076e-01  -3.8599980e-02   2.2563644e-01  -1.8462943e-01  -8.0228563e-02   1.2720375e-01  -1.5366657e-01   1.9873604e-01  -2.0559364e-01   1.8437327e-01  -3.8643588e-03  -7.9551735e-02  -2.2069293e-02   6.0034831e-02  -6.9638705e-02   8.9228444e-02   2.3562576e-01   5.2816132e-02  -8.6167542e-02  -8.7925702e-02   7.3787834e-02  -6.4026368e-02  -3.0258339e-02   1.9750390e-01  -1.7476038e-01  -4.8016161e-03  -1.8152603e-01   5.2433598e-02  -6.6317000e-02   2.2493394e-02   2.2090725e-01   1.9050697e-01  -9.3974876e-02   3.7175049e-01   2.0234300e-01  -6.5467776e-02   2.0339875e-01   2.2784260e-02  -8.2185715e-02  -1.9943367e-02  -1.1267242e-01  -6.9013811e-02  -1.3799079e-01   3.6192502e-01  -6.5014114e-02   8.4036224e-02   4.4519634e-02   1.1571381e-01  -1.4793412e-01   6.1193547e-02   9.9276813e-02   3.6236976e-02   4.5880220e-01   2.9829996e-02  -6.6603338e-02  -1.7423551e-01   1.1619757e-01  -1.3922513e-01   4.9916204e-02  -1.1336318e-01  -8.6195751e-02   2.4032306e-02   2.3372062e-01   3.2586225e-02  -6.9210914e-02   9.5257230e-02  -1.0980936e-01  -1.3281904e-01  -2.1173315e-02  -1.4451261e-01   4.6661773e-02   1.9203882e-01   3.7979335e-02   1.5810673e-01  -1.0300698e-01  -8.7140680e-02   5.4456403e-01  -1.6389642e-01  -1.3961520e-01   2.0465483e-01   4.6222277e-02   1.6400039e-01  -1.7858966e-03  -1.5394029e-01  -4.7830625e-02  -1.2871253e-01   4.5757764e-03  -1.6211811e-01  -4.3681750e-02   2.1558447e-02  -2.0919527e-01  -8.0605665e-02   2.8742724e-01  -9.5374051e-02   1.1411030e-01  -1.1043315e-01  -1.0731607e-01   1.1844170e-01  -3.0843971e-01  -1.4924409e-01   2.2000064e-01  -4.1950793e-02  -9.8590741e-02  -1.3213666e-01  -2.9798477e-03   1.2091578e-01  -5.3275550e-02   5.7860642e-02  -1.5200663e-01  -5.7087059e-02  -3.3077217e-02  -1.7310567e-02
   3.3272635e-01   1.2778586e-01  -4.3436464e-01  -1.1122386e-01  -1.1123793e-01  -1.9285737e-01  -1.1662336e-02  -4.4210792e-02  -1.8149871e-01  -1.5754672e-01  -1.8817615e-01   3.1127125e-02  -1.2961538e-01   0.0000000e+00   5.5927919e-02  -1.8887164e-01  -2.9474229e-01  -2.4165862e-02  -1.3074891e-02  -2.1911259e-01  -1.0305235e-01  -1.7649200e-01  -7.8531198e-02   5.0167448e-01   1.4352775e-02  -1.1718187e-01  -1.3617706e-01   4.5375022e-01   5.4044344e-03   3.6283444e-03   4.4111687e-02  -1.2442109e-01  -7.3309953e-02  -2.1352995e-01   1.0592360e-01  -2.6908276e-01   7.6746328e-02   1.6856026e-01  -1.7515117e-01  -1.7046057e-01  -1.7763610e-01  -6.6329142e-02  -2.7821953e-02   2.5399393e-01  -2.2420428e-02   8.5918965e-02  -2.8664433e-01  -3.5141500e-02  -1.1876697e-01  -1.0579486e-01  -4.8204632e-02   4.9202201e-03  -1.7681560e-01  -3.6474282e-02   2.7484013e-01  -5.1785905e-02  -1.6758252e-02  -2.5411829e-01  -1.6721935e-01   4.5360949e-02  -6.9522809e-02  -1.5196326e-01  -5.4948309e-02  -1.7353163e-01  -8.8663597e-02  -1.1129879e-01  -1.9908999e-01   1.6535303e-01  -2.1750470e-01  -1.4072778e-01  -2.7144523e-01  -8.2934519e-02  -7.3311425e-02   6.4002391e-02  -3.9561224e-02  -5.2098893e-02  -7.1479465e-03   6.0702901e-02  -1.8953386e-01  -4.7546435e-02   2.6777940e-01  -1.7756283e-01  -9.2519276e-02  -1.2243342e-01   2.8870423e-01  -4.5140409e-02   2.8104428e-01   3.4759995e-01   8.6397226e-02   4.1442736e-01  -1.5222118e-01  -3.0554255e-01  -2.1165186e-01  -1.9883699e-01   1.0506003e-01  -1.0618551e-01  -1.1668390e-01  -5.6574807e-02  -1.2991746e-01  -1.4327497e-01   4.0303773e-01   1.6575397e-01   2.7088752e-01   5.0598006e-02  -3.9689935e-02  -2.1602893e-01  -9.0310896e-02  -2.1768804e-01  -2.5101760e-02  -1.4193224e-02  -2.4672595e-01   2.1034712e-02   1.7800065e-01   4.4357625e-01   5.6370247e-01  -1.2814526e-01  -3.0591101e-02  -2.5638172e-01   1.7252067e-01  -8.0721794e-02   1.4244214e-01  -2.1444352e-02   5.4619049e-03   8.5498179e-02   2.2918170e-01   2.3985868e-01   6.3977784e-02  -9.6344160e-02  -2.3578360e-01  -1.1646614e-02  -3.1390798e-02  -1.6066578e-01   3.3033067e-01   9.2415090e-02   5.3661168e-02  -3.4462539e-02  -2.0248237e-03   4.3213986e-01   3.1215126e-02   3.2197238e-01   4.0441823e-01   6.8243886e-02  -1.3825992e-01   4.2427028e-02   6.5743913e-02   1.3174591e-01  -1.1460332e-01  -1.2336216e-01  -1.3346877e-01  -1.5460751e-01   3.7005766e-01   3.2676582e-01  -7.4829814e-02  -1.5458923e-01  -2.3430769e-01   2.8907058e-01   1.8408693e-01  -1.9145290e-01  -1.0832592e-01   1.7548425e-01   1.4743521e-01  -1.3180758e-01  -1.3116224e-01   8.0447070e-02  -2.7003782e-01  -5.4192865e-02  -1.2969698e-01   4.3500111e-01  -6.8738809e-02  -4.3922823e-02  -2.1628842e-01   7.8475270e-02   7.2574996e-02  -2.0225950e-01  -7.5207471e-02  -1.1586273e-02  -2.8469279e-01
