   0.0000000e+00   3.0332734e-01   8.2131963e-02   2.0064286e-01  -2.3127923e-02   3.7038608e-01   4.2736780e-02  -2.5565213e-01   2.0420453e-01  -2.5833784e-01  -7.4273920e-03   2.6173298e-01   3.5745552e-02   4.6226215e-01  -3.6080819e-01  -1.1001828e-01   1.4615041e-01  -3.9146840e-02   2.6915045e-01  -1.5870788e-01   1.1195475e-01   1.0733465e-01  -3.1508960e-01   6.5103836e-01   1.5929214e-01   2.3084774e-01   4.6541901e-02   1.5964862e-02   1.6070437e-01   3.9714231e-01  -3.8820920e-01  -2.5468800e-02   3.0933134e-01  -1.0069562e-01   2.1676151e-01  -2.3734129e-01  -3.9880483e-01   3.3873236e-01  -3.1810407e-01  -1.1087026e-01  -1.4369850e-02   3.2604145e-01   2.5502315e-01  -8.8171171e-02  -3.9055039e-01   5.8898457e-01   8.6341488e-02   7.4310862e-02  -5.3367768e-01  -1.7711834e-01   9.2390431e-02   5.5165462e-02  -1.9975223e-01   2.3054747e-01   2.6472299e-01   9.1660280e-02   2.7791512e-01  -3.0232513e-02   3.7432802e-02   3.6147580e-01  -2.9537177e-02  -4.1385740e-02   2.8913572e-01  -4.6018504e-02  -3.3097711e-01   1.1630329e-01   3.5214878e-01   1.6464086e-01   1.2074590e-01   4.4638341e-01  -1.5809278e-01   9.0386314e-02  -2.1093804e-01   5.0705841e-01   7.2522635e-02  -9.9984995e-02   1.8359003e-01   2.6507793e-02  -4.8683548e-01  -5.8213165e-02  -1.3877929e-01  -2.8871210e-01   1.7754856e-02   9.4399178e-02   6.2865383e-01  -5.8861455e-02   7.2144951e-02   1.2889548e-01   5.2989038e-01   6.7080915e-01  -4.5818109e-02   3.7648083e-01  -2.5976321e-01   3.4884712e-01   3.1793806e-02  -2.7971772e-01  -1.4930922e-01   1.0629589e-01  -5.2364573e-02  -2.8855862e-01   3.9074780e-01  -9.2618575e-02   1.1601853e-01   1.8812514e-01   1.2797942e-01  -2.9762335e-02   3.8090362e-01   2.6753894e-01  -4.0793511e-01   3.4712773e-03  -2.3383805e-01   9.1409265e-02   3.6833267e-01   6.3155288e-01   2.7726204e-03  -2.6350811e-01  -1.0950553e-02  -1.3686421e-01   1.8679477e-01   6.3258221e-02   6.6575044e-01  -8.4795768e-02   1.5111659e-01  -2.4405816e-01   7.9218828e-01   2.4682350e-01  -1.3007039e-01   1.1018728e-01  -4.1839352e-02   3.0321004e-01  -3.0614658e-01  -4.9990847e-01   7.6089020e-01  -2.3190351e-01   3.6272213e-01  -1.9709926e-01  -9.8744050e-02  -2.5916087e-01  -6.6320100e-02   1.4126103e-01   6.1222029e-01  -2.0039311e-01   7.0445246e-02   3.0604397e-01  -1.3345060e-01  -3.0737678e-02  -1.5743720e-01   3.0525089e-01   3.3688040e-01  -5.0908940e-01   3.7223524e-01  -1.0437980e-01   6.2444627e-01   1.2131137e-01  -7.5757627e-02   6.2313460e-01   4.5939105e-01   1.0106640e-01   3.9835300e-01  -1.8240724e-01   9.5602471e-02   1.7626075e-01  -2.0731109e-01   3.1691058e-02  -7.1084242e-02  -3.3070789e-01   3.8278803e-03   4.4010600e-02   7.1907458e-01  -4.0496996e-01  -2.0904855e-01   4.6453199e-01  -2.3708988e-02   2.9131794e-01  -1.0800369e-02   2.8391572e-01   8.6519860e-02
   3.0332734e-01   0.0000000e+00   1.7961756e-01   1.1285463e-01  -3.4191225e-02   6.0473249e-02  -1.1469189e-01  -9.2159883e-02   3.1031663e-01  -3.3927437e-02  -1.3510045e-01   2.3623863e-01  -1.8059911e-02   7.8930034e-02  -4.0735756e-02   2.3727032e-03   2.2117698e-01  -4.1490984e-02   1.0150907e-01  -8.0996242e-02   1.2801902e-02   1.2276487e-01  -1.6016514e-01   2.6409865e-01  -4.8146736e-02   2.7334155e-01  -7.9644439e-02   2.3696227e-01   5.7784015e-02   5.6523341e-01  -2.3155854e-01  -6.9619124e-02   2.4374633e-01   3.5256499e-02   1.5562377e-01  -2.0936157e-01  -7.8036922e-02   1.7778397e-02  -3.5065008e-02   1.0757293e-01  -7.2295410e-02   1.8310008e-01   7.8991024e-02   6.0226424e-02  -1.2244614e-01   1.8264716e-01  -1.7181979e-01   2.0491683e-01  -2.0643986e-01  -6.5861241e-04  -9.6415592e-02   1.1175967e-01   1.4474240e-01   1.3705730e-01   2.2998670e-02  -7.8568295e-02   3.1099234e-02   4.4426443e-03  -4.2675426e-04   2.7722546e-01  -1.3625899e-01  -1.5718109e-01   4.4353761e-01   1.9399260e-01   7.5413261e-02  -1.3572898e-01   3.9319797e-01   1.0403029e-01  -7.2294836e-02   1.7461835e-01   2.8110352e-01  -1.3762388e-01  -4.6437014e-02   2.5380289e-01   9.1319165e-02   4.0463753e-02  -5.6810940e-02   9.0678052e-02   5.8733343e-02   2.9954039e-02   6.0286146e-02  -2.4054520e-01  -1.0524418e-02   1.9617037e-01   2.4287438e-01   1.3484743e-02   2.1227445e-01  -8.8755760e-02   3.6619668e-01   1.6887321e-01   3.0719982e-01   1.2257838e-01  -4.2513854e-02   1.4141781e-01  -1.7503459e-01  -2.0224011e-01  -8.4148601e-02   7.9362139e-02  -1.6610016e-02  -1.8802728e-01   1.7373972e-01   8.9730799e-02   1.4103008e-01   1.9221026e-01  -1.5533674e-02   2.1541633e-02   1.7132090e-01   1.0051943e-01  -1.7785719e-01   2.9389100e-02   8.1609207e-02   1.8316698e-02   1.9005036e-01   1.2786444e-01   3.2656807e-02   1.5587208e-01   5.7815913e-02  -1.4726698e-01  -6.2468888e-02   3.2484309e-02   1.3944499e-01  -5.5639937e-02   8.0666098e-02   1.2644759e-01   2.0800222e-01   3.9196373e-02  -1.4930270e-01   1.0041622e-01  -7.1251416e-02   1.4541577e-01  -1.5578254e-01  -1.4368600e-01   2.8881647e-01   6.2942919e-02   5.9236053e-02  -4.3346467e-02   3.3772991e-02  -1.7042775e-02  -6.4299145e-03  -1.0776429e-01   1.8238264e-01  -1.4475184e-01  -2.5750199e-02   2.1278824e-02  -1.4029793e-02   6.4913764e-02   8.0498746e-02   2.5880918e-02   4.1809220e-03  -4.9695912e-02   1.2570122e-01  -8.9196349e-02   2.2300665e-01   9.2425723e-02   1.8515896e-01   2.0170536e-01  -1.1974443e-02   1.1106420e-02   1.0648841e-01  -2.2160180e-02   2.2860810e-01   1.3021816e-01  -1.8071212e-01   5.3997874e-03   7.0160283e-02   3.2632460e-02   6.2003959e-02   4.6296174e-02   2.0304924e-01   5.8201786e-02  -1.6426760e-02  -9.7225011e-03  -1.2105152e-02   4.6369457e-02   4.3096384e-02   8.2680681e-02   1.0832810e-01
   8.2131963e-02   1.7961756e-01   0.0000000e+00   3.7319474e-02  -6.3241583e-02   4.2819976e-01  -1.5115333e-01   1.1236215e-01  -2.8704440e-01   5.9226383e-02  -1.6850503e-01   2.9097375e-01   5.6028455e-02  -2.6271346e-03  -1.3076852e-02   1.7472720e-01   9.2837676e-01  -2.5405162e-01   7.5641801e-02   4.1887132e-02  -2.4025644e-01  -2.2491404e-01  -1.4547872e-01  -1.0421670e-01  -2.0835855e-01   1.5365076e-01   1.2664311e-01   3.9438057e-01  -2.0520554e-01  -1.0964988e-01  -2.2608845e-01   2.7834577e-03   3.4220529e-01   5.7709652e-02  -1.0735242e-01  -1.3474629e-01  -2.9734651e-01   3.9426391e-01  -1.5748653e-02   3.8367462e-01   2.8449481e-02   3.8506876e-01   1.5051740e-01   2.3694986e-01  -2.1564326e-01   2.9602515e-01   5.4315380e-02  -7.4925057e-02  -1.8156156e-01   7.1144700e-01  -9.1034210e-02   3.8225755e-01  -2.5008961e-01   1.0180827e-01  -1.0797210e-01   2.8033958e-01   1.0400594e-01   1.1526505e-01  -6.1073443e-03  -4.5538117e-02   5.6014165e-01  -8.3626653e-02   2.0535755e-02  -1.4047106e-01  -4.4053131e-01  -1.7119519e-01   4.1775622e-01  -2.5873899e-02   1.7939441e-01   6.0097730e-01   5.1660535e-01  -1.0141062e-01  -1.5886995e-01   3.8089273e-01  -1.5415848e-01  -1.4722726e-01   5.2872110e-01   2.0974248e-01  -1.9555349e-01   4.1420014e-02   6.5538803e-02  -3.4383285e-02   9.4197624e-02   1.2097045e-01   1.0448307e-01  -6.5197189e-02  -4.0839552e-01  -3.6544690e-01   5.0383352e-03   1.7761824e-01  -1.0483926e-01   5.8994466e-01   3.4392308e-01   2.4764053e-04   4.4607076e-01   7.9314279e-02   1.7383064e-02   5.0649366e-02   1.6443357e-03  -3.2969649e-01   2.6361429e-01   1.9964883e-01  -1.1837194e-01  -4.1372382e-01  -2.0426849e-01   7.3679382e-02   4.7259442e-01   2.3031278e-01   3.5098662e-02  -5.5752657e-02   3.5460404e-01   1.4846288e-01  -3.0655440e-02   2.2899767e-01   4.0088506e-01  -7.8470728e-02   2.8964036e-01   1.0092860e-01   3.3743959e-01   1.3576774e-01   3.6964430e-02   2.0376980e-01  -5.2408619e-02  -3.6750486e-01   1.1253733e-01  -8.1907744e-02  -1.7452877e-01   1.6865523e-01  -4.3971744e-02   5.9772670e-01   1.1031369e-01  -3.5459473e-01   5.8428803e-02  -1.6294184e-01   2.9239883e-02   7.2350328e-02  -1.7906625e-01   1.0845527e-01   1.4184862e-01   4.6202535e-01   2.6113386e-01   5.4956014e-03  -1.4943624e-01   4.2354053e-01   1.5581242e-01  -8.5509384e-02   4.7447760e-01  -1.1908941e-01   1.4779738e-01  -3.4884007e-01   4.7043418e-01  -1.3588403e-01   3.0520781e-01  -2.6263788e-01   6.8389957e-01  -7.2237408e-02   3.0960541e-01   1.7483953e-01   5.3181951e-01   3.7857178e-01  -3.7448072e-02  -5.3796398e-02  -3.1039046e-01  -3.2520495e-01   1.1998185e-01  -1.7526418e-01  -1.6552731e-01   1.0546848e-01   2.8321483e-01  -2.3099137e-02  -2.5277772e-02   2.9240077e-01  -3.3595083e-01   3.5639987e-01  -7.9623586e-02   4.2277310e-01  -5.7721290e-02
   2.0064286e-01   1.1285463e-01   3.7319474e-02   0.0000000e+00   1.7522787e-01   3.1867028e-01  -4.7102454e-02  -1.4918160e-01   3.4139346e-02  -2.0317946e-01   3.5070402e-01  -1.9451260e-01   3.0367297e-01   3.2440764e-01  -1.8850877e-01   2.1063848e-01  -5.9612244e-03   5.9649353e-01   2.6508088e-01   5.7634309e-02   3.6148237e-01   6.7847037e-01  -1.9189001e-01   6.8634107e-02   3.2716447e-01   1.9617228e-01   1.7722087e-01  -1.5476041e-01   9.4889699e-03   4.4251509e-01   7.0775083e-02   3.7553320e-01   4.3456815e-01  -4.1802930e-01  -4.9933696e-02   1.1963991e-01  -1.0489884e-01  -3.9355491e-02   2.9414407e-01  -9.9171578e-02   4.2951455e-01   2.5283600e-01   1.0283795e-01   1.5290040e-01  -1.8478513e-01  -1.1680324e-01   4.8194066e-01   1.2682094e-02   8.3366385e-02  -9.7276184e-02   5.0838131e-01   9.4112770e-02  -3.3930392e-02   1.2180532e-01   1.0663313e-01   7.7070157e-02   4.9204271e-02   3.5017940e-01   5.3875825e-01   2.7528101e-01  -1.0967029e-01   1.2316373e-01   1.4146894e-01   3.1841620e-01   8.3855956e-02  -3.7278607e-04   3.6585015e-01   3.5424088e-01   4.3339591e-01   5.2901270e-02  -3.0459440e-01   5.1853786e-01   1.5513898e-01  -3.5695605e-02   3.0644707e-01   2.2127411e-01  -9.6984841e-02   1.1935745e-01  -4.3889712e-01   2.5083940e-01  -6.0107929e-02   7.6488411e-02  -3.3630675e-02   2.3802664e-01  -5.4149560e-04   1.8921204e-01   7.1420257e-02  -1.5389116e-01   2.7516751e-01   1.5642495e-01  -4.7224010e-02   4.6609026e-02  -4.1722946e-01   1.5178539e-01  -1.9660569e-01  -6.0124480e-02   1.2803405e-01   5.4752841e-03   4.6133289e-01  -2.2615749e-03  -7.6994761e-02  -5.0474884e-02   6.3374744e-01   8.8871783e-02   3.8864550e-01   4.6471929e-01   3.8320438e-01   4.2279761e-01  -6.9715019e-02  -6.6333578e-02  -3.5013280e-01   4.4295311e-01   7.0186949e-01  -5.5226267e-02  -2.1747506e-01  -2.5605654e-01   1.7812887e-01   2.6954110e-01   1.2017976e-01   5.5044639e-01   3.2639530e-03  -3.0700109e-02   2.0574068e-01   1.0225852e-01   9.7379477e-02   2.7447945e-01   1.9626115e-01   4.1021892e-01   4.2035166e-01   1.9757807e-01   2.3387886e-01  -1.0703563e-01   1.2743465e-01   7.8527737e-02   4.6865249e-01   1.0332125e-01   4.0777641e-02  -1.4628184e-01   1.3274291e-01  -1.3498771e-01  -1.0175399e-01   7.4605671e-02   4.3224863e-01   1.1957153e-02  -4.1843886e-02   5.1154384e-01  -4.1072701e-01   2.1626181e-01   7.9788596e-02  -1.8897867e-01  -1.3531706e-01   1.4656731e-01   1.1162991e-01   5.8614780e-02  -1.9996090e-01  -3.2413265e-02  -1.0382483e-01   3.6281537e-01   8.3058112e-02   2.0554694e-02   2.5489702e-01   6.6090394e-01  -7.2687588e-02   6.5243691e-01   4.3972209e-01  -3.7263821e-01  -1.4785464e-01   5.9576150e-02   1.3093340e-01  -4.0834657e-01  -4.0790352e-01  -1.6465677e-01   6.2606336e-01   2.0642738e-02  -1.2824489e-01   2.9050525e-01   6.1369014e-01
  -2.3127923e-02  -3.4191225e-02  -6.3241583e-02   1.7522787e-01   0.0000000e+00  -5.2817902e-02   4.5256142e-01   1.0732826e-01  -2.9580962e-02   4.4792175e-02   2.6050786e-01   2.0255826e-01   1.1096322e-01  -2.5224563e-01   1.6660715e-03   3.2694533e-01  -1.2544326e-01   3.1862445e-01  -1.8790974e-01   7.1915752e-01   9.2514316e-02   3.1100322e-02   5.3421161e-02  -1.8097643e-01  -6.0766407e-02   3.9970084e-02   5.2452433e-01  -2.7565676e-01  -5.2056008e-02   2.4950750e-01   2.7883902e-02   1.5449224e-01   1.2820724e-01   1.3487612e-01   4.8337051e-02   6.5855979e-01   8.2198482e-02   6.5934595e-02   1.8938449e-01   3.1935514e-01   2.9243381e-01   1.1371185e-01   1.9712584e-01   9.4843896e-02   1.6499837e-01  -1.3734587e-01   4.8265699e-01   1.6274528e-01   3.0420785e-01  -8.3028001e-03   4.5876003e-01   2.3308383e-02  -2.2807074e-01   9.2984379e-02  -2.7958247e-01  -1.2912928e-01  -1.8483582e-01  -5.5188086e-02   2.5376936e-01   1.0848850e-01  -1.7838008e-01   2.6859137e-01  -9.6211560e-02  -3.0392392e-02   1.7124135e-01   4.1440412e-01   1.5198369e-01   5.9442994e-02   3.2892896e-01  -8.8834439e-02  -1.4638284e-01   4.1721558e-01   4.0032473e-01   3.7507620e-03   7.5656350e-02  -1.3253133e-01  -1.0083630e-01   1.8632393e-02   2.3896937e-01  -7.2893242e-02  -1.6052763e-01   2.8422531e-01  -1.0288851e-02  -1.3573614e-01  -2.1786199e-01  -3.5139313e-02  -1.6959432e-01  -4.2401147e-01   2.0627481e-01   1.4361123e-01   4.4299093e-01  -1.4323103e-01   1.2672736e-01   5.1531850e-02  -2.0200537e-01   3.7141758e-01  -4.7422350e-02   1.6231663e-01   2.9309288e-01   1.6788277e-01  -3.4292243e-01  -1.2228805e-02   1.8475164e-01  -8.3252106e-02   1.1858231e-01   1.0140265e-01  -4.5910411e-02   1.6668903e-01  -5.9063749e-02   2.6402810e-01   1.2303804e-01  -1.4488556e-01   8.1703501e-02  -2.4178255e-01  -2.1582749e-01   2.0962602e-02  -1.6783496e-02   2.7005233e-01  -7.2394236e-02   1.8109308e-01  -8.4509528e-02   5.2845438e-01  -3.8690404e-03   1.8758741e-02   3.1854798e-02  -2.5565616e-01   2.5057926e-01  -4.2720472e-02  -1.4006970e-01   2.0490723e-01   2.2684859e-01   1.0673401e-01  -1.2002543e-02  -1.0232872e-01   1.5801232e-01  -3.6725594e-02  -1.7152054e-02  -3.2567474e-01  -7.4376669e-02  -2.5656665e-01  -3.1817197e-01  -2.6838560e-01   2.6789170e-02  -1.7670096e-01  -9.7798874e-02  -9.8851656e-02   1.4288809e-01   6.0138090e-01   3.8288655e-01  -2.3622577e-01  -2.5174118e-01  -1.3946620e-01   6.6017938e-02   3.9184793e-01   9.6563364e-02  -2.4656577e-01  -2.1715718e-01   3.8623867e-01  -1.2026801e-01  -4.7771186e-02  -1.4341108e-01  -2.1180863e-02   3.9406903e-01   2.5762237e-02   3.7085793e-02  -1.0994855e-01   3.9581692e-01  -3.3050356e-01   9.7137013e-02  -4.3578726e-02   2.3459014e-01  -2.4409244e-01   3.6086174e-01  -1.2773563e-01  -3.5145801e-01   7.5656477e-02   9.8443456e-02
   3.7038608e-01   6.0473249e-02   4.2819976e-01   3.1867028e-01  -5.2817902e-02   0.0000000e+00   1.9524991e-01  -3.7311086e-01  -4.2832523e-01  -1.1157340e-01   3.1264895e-02   2.6801970e-01   9.8138106e-02   4.2563410e-01  -1.2785176e-02   7.8400417e-02   3.9606825e-01  -3.3084888e-02   4.8557493e-01  -2.8044575e-01   1.2910454e-01   1.8161730e-01  -1.5246878e-03   8.9996677e-02   1.0142454e-01   1.3037365e-01   1.0646347e-02   2.1786581e-01  -4.1575493e-02   2.8068560e-01  -1.8885183e-01   2.4470020e-01   1.5181625e-01  -9.3325476e-02  -1.1775034e-02  -1.2520124e-01  -3.4152005e-01   2.3091992e-01  -2.2187673e-01  -6.7170516e-02   1.0315840e-01   2.3063077e-01   1.8590452e-01   4.6542562e-02  -2.1476224e-01   3.6972598e-01   2.8654096e-01   1.5677927e-01  -3.3678199e-01   1.5730132e-02   4.0496318e-01   1.9021426e-01  -2.2746917e-01  -2.3148606e-02   8.2467640e-02   6.5691366e-01   6.0798154e-01   2.9372521e-01  -6.9089557e-02   3.4254286e-01   1.7105376e-01   6.5019703e-02  -1.9937070e-01  -2.1976263e-01  -3.9407812e-01   2.1649428e-01   7.1147666e-01  -2.0941553e-02   2.3756465e-01   5.6521281e-01  -6.9427463e-02   2.5758076e-01  -1.2077447e-01   4.4682408e-01   2.8475837e-02  -4.1807786e-02   2.4213511e-01  -2.1291796e-02  -4.5765324e-01  -2.7633022e-01   3.0955618e-01  -1.0309873e-01   3.9952202e-01  -8.3482239e-03   3.0244312e-01   5.6764009e-02  -8.6859684e-02  -1.0767935e-02   1.8116005e-01   3.4894780e-01  -2.5995509e-01   3.6092551e-01   2.5220484e-02   2.1317820e-01   7.4729731e-02  -2.7929931e-01   6.7565724e-02   2.3489144e-01  -1.1236177e-01  -2.6886453e-01   3.2575279e-01   2.0521230e-01   2.8854129e-01  -2.2365354e-01   3.7184756e-01  -1.4268800e-02   3.3804394e-01   3.7937018e-01  -1.2250177e-01   3.2625850e-01   1.2382180e-01   5.9162125e-01   2.9316348e-01   3.3014751e-01   4.2023190e-01  -3.5634187e-01   2.9330110e-01   1.4301181e-01   5.9583532e-01   4.7923360e-01   1.8973432e-01  -1.6903159e-01   8.5032255e-02  -4.6990496e-01   3.3823102e-01   5.2712776e-01   1.9509490e-01   6.9048750e-02  -9.8775911e-03   4.0694845e-01  -1.1800234e-01  -2.9848083e-01   2.1748805e-01  -2.0085218e-01   3.8407515e-01  -1.7326569e-01  -2.9127936e-01  -7.0031551e-02   1.3703905e-01   1.2066722e-01   3.5368692e-01  -1.3239045e-01   1.0798731e-01   7.5309639e-01   2.0008067e-01   5.6713373e-02  -1.4277431e-01   2.7186587e-01   3.5583234e-01  -3.0898161e-01   5.2343161e-01   6.8757940e-02   2.5758269e-01  -8.0220936e-03   7.6001097e-02   1.9781222e-01   2.7428032e-01   2.9794892e-01   3.6855936e-01   1.7546865e-01   1.5443556e-01   1.9369099e-01  -3.4819560e-02   6.5465449e-04   2.3193089e-01  -4.4788004e-01   2.1408661e-02  -4.7031586e-02   4.6566215e-01  -2.7667644e-01  -3.5176616e-01   2.9612231e-01  -1.2276085e-01   7.4997317e-01   2.5485807e-02   2.5741354e-01   8.5443035e-02
   4.2736780e-02  -1.1469189e-01  -1.5115333e-01  -4.7102454e-02   4.5256142e-01   1.9524991e-01   0.0000000e+00  -5.4946722e-02   6.8423443e-03   1.0560166e-01   3.2400690e-01   4.9764074e-01  -2.3104912e-01  -8.6903230e-02   3.6070481e-01   2.4124514e-01  -2.4679324e-01   1.3151683e-01  -9.5375636e-02   2.1951807e-01   1.8260719e-01  -8.4121644e-02   4.2311498e-01  -1.6008900e-01   6.0394177e-02  -1.6486589e-02   2.0905095e-01   8.8419575e-02   2.1664594e-01   3.1592870e-01  -6.0029911e-03   2.6391795e-01  -1.1984909e-01   4.3550809e-01   2.5315334e-01   3.6467134e-01   1.9788349e-02   1.2255753e-01   2.7511601e-02  -1.3737149e-02   2.9216194e-02   7.8537316e-03   2.0042553e-01  -5.5455426e-02   5.1861956e-01  -2.8348401e-02   3.4657629e-01   1.4101894e-01  -7.1057583e-02  -2.6286360e-01   4.7396115e-01  -6.0907531e-02  -2.2901555e-01  -7.3315249e-02   1.6953243e-02   1.1517290e-01  -1.8634420e-02   2.2575777e-02   2.5638438e-02   2.5799855e-01  -1.1691725e-01   1.1188289e-01  -1.9953584e-01  -2.5264861e-02   1.9291016e-01   7.0294542e-01   3.8887186e-02  -8.0643459e-02   8.3017924e-02   4.0059967e-03  -3.8532833e-01   5.3997156e-01   2.0043244e-01   2.2706306e-01   5.4475453e-02  -7.0828626e-02  -6.5434923e-02  -4.6514833e-03   1.5115476e-01  -4.4657064e-01   2.8215595e-01   2.3890860e-01   1.6660532e-01  -1.7564321e-01  -8.8516941e-02  -4.4977690e-02   1.8387156e-01  -9.4586573e-02   1.2097064e-01   2.3620942e-01   2.1710333e-01  -1.2489716e-01   1.0655634e-01   1.1529416e-01  -1.5875359e-01  -2.9141505e-02  -1.4521487e-01   1.6473343e-02   7.2234334e-02   3.1962068e-01  -1.4709270e-01   2.7244880e-01   7.0114254e-02   7.5876404e-02   4.6965396e-01  -2.2272377e-02  -2.7084765e-01   2.2615509e-02  -1.2911567e-01   2.9857755e-01   2.6080383e-01   6.8517431e-02  -1.7995649e-02  -1.5085015e-01   1.8749206e-01  -1.7259798e-01  -1.4507005e-01   1.1002466e-01   3.8544569e-02   3.0993067e-01  -3.8237993e-02   1.7291380e-01   1.3925410e-01   3.5999395e-03   9.1837129e-02   4.6318028e-02   6.5422998e-01  -3.0288239e-01  -2.2791741e-01  -3.1227080e-02  -6.1754312e-03   1.9568720e-01   1.9029229e-02  -4.6538482e-02   2.2639947e-01  -2.0741065e-01  -1.9431952e-01  -2.3031871e-01  -7.4481828e-03  -2.0133429e-01  -1.1871892e-01  -5.3282302e-01   1.3141530e-01   1.4675750e-01   2.5863066e-01  -2.6215076e-01   1.3939144e-01   6.2207465e-01   4.5700891e-01  -1.1466175e-01  -4.0804612e-04  -4.5093804e-02   1.9386361e-02   5.3827969e-01  -1.4446601e-01  -9.0205765e-02  -6.6043941e-02   3.2956974e-01  -6.6768092e-02  -1.2702282e-02  -1.3136258e-01  -9.2769480e-02   3.0177518e-01  -8.6536510e-02   3.1938084e-02  -1.0795168e-01   6.3928607e-01  -3.1054596e-01   1.0876395e-01  -2.3291590e-01   3.5278550e-01  -7.3708326e-02   7.8928976e-02   1.2671160e-01  -1.2121087e-01  -1.0972399e-01  -5.8573672e-02
  -2.5565213e-01  -9.2159883e-02   1.1236215e-01  -1.4918160e-01   1.0732826e-01  -3.7311086e-01  -5.4946722e-02   0.0000000e+00   9.1687199e-02   4.1291117e-02  -5.9722036e-02   4.6324199e-03  -2.9103762e-02  -2.1556860e-01  -1.1025431e-01   1.3026039e-01   7.5471259e-02  -1.7042369e-01  -2.2321301e-01   3.6705723e-01  -2.7567284e-01  -2.1075025e-01  -1.6258826e-01  -1.8912769e-01   1.3265705e-02   3.5590821e-01   1.3279253e-01   1.8303833e-02  -9.0524986e-02  -1.9935831e-01  -5.3916217e-02  -1.1847311e-01   9.4983392e-02   1.1694198e-01  -9.6844170e-02   6.4343731e-03  -1.1682733e-01  -4.8719569e-04   2.5115653e-01   2.4333968e-01  -1.2672478e-01  -7.1019398e-03   5.1360397e-02   5.8656906e-01   1.6257550e-01  -2.1040577e-01  -1.3473903e-01  -3.3025315e-01   9.2386691e-02   2.7007372e-01  -2.1028590e-01   5.0443318e-01  -1.1252440e-01   3.7993223e-03  -1.1841739e-01  -2.0110384e-01  -2.9053905e-01  -1.4164383e-01   5.5060550e-02  -3.5123863e-01   1.1442844e-01   4.7813718e-02   1.5177554e-01   3.5955894e-02  -4.6248847e-02   2.8794287e-02  -2.1284120e-01   5.4840952e-02   1.1538034e-01  -1.8617992e-01   1.5247325e-01  -7.6204641e-02  -2.5924604e-02  -1.6225642e-01  -5.3408058e-02  -2.7715176e-01   6.2480204e-02   3.9468990e-01   1.1428906e-01   1.4994530e-01  -2.9551213e-01   1.2840017e-01  -2.2918755e-01   4.9388554e-01  -2.6525858e-01  -3.3539860e-01  -1.3061284e-01  -3.4718015e-01  -6.2100883e-03  -1.2652243e-01   1.4984699e-01  -4.6584990e-02   2.3535926e-01  -2.6160476e-01   7.1774496e-02   2.2826537e-01  -1.1623872e-01  -8.7499719e-02   2.3016344e-01   1.1588266e-02  -1.6678513e-01   7.8835269e-02  -2.2598304e-01  -6.0803708e-04  -3.3480377e-01   3.2198497e-01   7.5736162e-03   1.0921662e-01  -1.2960436e-01  -3.2686608e-01   1.5242394e-01  -3.0487967e-01  -1.6170177e-01  -2.3297619e-01  -1.8663080e-01   7.7260343e-02   1.4990365e-01  -5.3788995e-02  -2.6931373e-01  -1.7634717e-01  -1.5666635e-01   3.1277772e-01   8.7831889e-02   7.0022219e-02  -2.1604546e-01  -4.3866366e-01  -1.3843134e-01   1.1652720e-01   8.0022022e-02  -7.3379387e-03   1.7518216e-01  -9.5642692e-02  -1.1905079e-01  -1.1745557e-01  -1.6528756e-01   3.5940967e-01   6.8622350e-03  -8.8937176e-02  -1.0744997e-01   2.8812884e-02  -2.6146958e-01   6.7835912e-02  -6.2167269e-02  -3.8013916e-01  -1.9691883e-01  -9.4918837e-02   2.9948408e-01  -9.9391546e-02  -2.3823528e-02  -1.8630882e-01  -2.1628378e-01  -1.4360223e-01   9.5384994e-02  -1.2778158e-02   2.2765817e-01  -2.8135970e-01  -1.4241927e-01  -1.0718793e-01  -6.2246555e-03   3.9983458e-01  -1.1228001e-01  -1.7999456e-01  -1.4471593e-01  -1.8084014e-01   7.2072330e-02   1.7023774e-01   6.7735570e-02   1.1068856e-01  -8.0084867e-02   1.0906937e-01   3.9870559e-01  -1.0071493e-01  -1.8878055e-02  -3.5665671e-01  -7.6346553e-02  -9.5964737e-02  -7.4821702e-02
   2.0420453e-01   3.1031663e-01  -2.8704440e-01   3.4139346e-02  -2.9580962e-02  -4.2832523e-01   6.8423443e-03   9.1687199e-02   0.0000000e+00   8.9285778e-02   4.3841688e-02   1.1823237e-01  -7.3062545e-02   2.4154753e-02  -1.5013003e-01  -2.1115171e-01  -1.9326276e-01   1.2340824e-01  -2.0258596e-01   1.2163497e-01   9.7531566e-02  -6.1199271e-03  -1.6039028e-01   3.8079551e-01   1.6801538e-02   1.9090345e-01  -4.3574269e-02  -1.3017807e-01   2.2082545e-01   3.3901660e-01  -1.0688143e-01  -1.4099209e-01   3.2457266e-02  -4.1126345e-02   4.2541833e-01  -1.3462365e-01   8.4522859e-02  -1.3215147e-01  -1.8555811e-01  -1.0467688e-01  -1.4414308e-01  -3.2735278e-02   1.2749609e-01  -1.1418232e-01   1.2296615e-01   1.1234889e-01  -1.0972026e-01  -9.0474485e-02  -2.0126892e-01  -2.3027913e-01  -2.3370326e-01  -4.1845900e-02   2.1079911e-01   2.1850887e-01   2.9462654e-01  -5.2179323e-01  -2.6047646e-01  -1.6337669e-01   1.6765675e-01   2.0166043e-01  -2.0869469e-01  -5.6850147e-02   6.4697060e-01   3.4352929e-01   3.2027495e-01   1.4875923e-02  -2.3454344e-01   1.8791614e-01   1.2977090e-02  -1.2315047e-01  -1.3229755e-01   9.4558384e-02  -8.2548906e-02   5.0264684e-02   5.7664210e-02   1.5295694e-01  -1.3658388e-01   4.0901009e-02   6.0177705e-02   2.9376109e-02  -2.8938181e-01  -2.8023316e-01  -4.0395124e-01   1.8263467e-01   2.0939400e-01   4.9799878e-02   3.3636747e-01   1.2084453e-01   3.3506125e-01   1.2217609e-01   3.4813234e-01   1.8134870e-02  -2.1756119e-01   3.4119027e-01  -1.7077599e-01  -2.5070147e-02  -9.6367973e-02  -5.1116194e-02  -5.7416940e-02   1.9165993e-02   1.0322180e-03  -1.4819313e-01   2.2313232e-02   4.8868182e-01  -3.4188896e-02   3.3609677e-02   1.1093210e-01  -3.3357088e-02  -1.2792466e-01  -2.5527066e-01  -2.9239376e-01  -2.0802967e-01   1.3740063e-01   2.7871916e-02  -3.7618309e-01   2.0206570e-01  -1.9715455e-01  -2.3308168e-01  -4.0510694e-01  -8.8261029e-02   2.1240708e-01   1.0690982e-01   2.6004699e-01   4.5183052e-01   2.2366542e-01  -2.2430135e-01   3.1948601e-02   6.8923731e-03   7.3393581e-02  -1.6100424e-01  -2.2132984e-01   1.3151746e-02   3.3993191e-01   1.3021921e-01   6.4771772e-02   8.2229500e-02   2.2969955e-01  -1.8961817e-01  -1.7417647e-01  -1.4476644e-01   1.4231572e-01  -2.3321180e-01   2.2302018e-01  -4.5410236e-01  -1.3644840e-01   6.5509630e-02  -9.3226245e-03   5.1180039e-02  -6.1416267e-02   9.6168158e-02  -1.6037231e-01  -7.3631311e-02   3.0695481e-01   2.4698338e-01  -2.4839220e-01   2.5673112e-01  -2.6986563e-02  -9.9810123e-02   3.2713329e-02  -2.4889283e-01   1.9463934e-01   9.3191162e-02  -1.5254631e-01   1.8945437e-01   6.4476706e-02   2.2157354e-01   9.7355075e-02   2.2822034e-01   5.2073342e-02  -1.5781820e-01   2.5738632e-01  -1.0015874e-02   1.6748881e-01  -4.7563343e-01   1.6527706e-01  -9.7077452e-02   7.5895853e-02
  -2.5833784e-01  -3.3927437e-02   5.9226383e-02  -2.0317946e-01   4.4792175e-02  -1.1157340e-01   1.0560166e-01   4.1291117e-02   8.9285778e-02   0.0000000e+00  -1.9465105e-02   7.7208924e-02   1.6033718e-01  -4.1855130e-01   2.8048130e-01   2.5662542e-01   7.5224254e-02  -2.5760966e-01   4.0292041e-02   8.4781732e-02  -5.0321880e-02  -3.3975391e-01   3.5006642e-01  -4.7486400e-01   3.2123021e-02  -1.3668058e-03  -6.5447101e-02   4.7979938e-03   3.0246985e-01  -1.9991857e-01  -7.9868243e-02  -8.9376030e-02  -4.5888663e-02   4.8574561e-01  -2.0012186e-01  -9.6993816e-02   6.9741522e-02   1.4820030e-01   1.2514191e-01   3.0544669e-01   1.4908974e-01   7.3057880e-02   1.2136035e-01  -2.2101716e-01   3.9435903e-01  -1.2648664e-01  -1.3581398e-01   3.6909590e-02   6.4098156e-02   2.5179476e-01  -1.0366979e-02  -7.4291283e-03   1.9807214e-01  -1.2564332e-01  -7.9483011e-02  -1.0590107e-01   7.1146521e-04  -3.1557297e-01   5.7203883e-02  -2.1118342e-01   2.1426297e-01  -2.0313002e-01   2.2058216e-01  -2.4176666e-01  -1.0950490e-01   2.7774785e-01  -1.0903075e-01   1.6401725e-01  -5.4813846e-02  -2.7141071e-01   3.7134976e-01  -3.1159349e-02   2.6515084e-01  -5.6001620e-02   3.6721202e-02  -1.9615859e-01   2.6349312e-01   2.2549202e-02   2.8880853e-01  -1.1587006e-01   4.7035159e-02   2.9862795e-01  -7.1459651e-02  -1.3347056e-01  -2.4018639e-01  -2.8384986e-01  -8.9032745e-02  -2.4146402e-01   8.2189408e-03  -1.5315049e-01   3.0195806e-01   1.3519706e-02   2.7375015e-01  -3.9528991e-02   1.9295579e-01   3.5677247e-01   7.6621350e-02   1.1967039e-01  -5.4898058e-02   4.1725511e-01  -2.6465463e-01   1.4261022e-02  -3.7045702e-01  -1.3774060e-01  -2.6150041e-01  -3.2500860e-02  -3.8872933e-02  -1.1185875e-01   3.3031500e-01   4.6393578e-02   3.6207300e-01  -3.6226740e-01  -1.0092144e-01  -1.3782026e-01   1.5775806e-01   1.8064372e-01  -4.2489605e-02   3.8148718e-01  -2.1572849e-01  -1.0641750e-02  -2.9781684e-01   4.7650919e-01   2.8650440e-01   3.6349886e-03  -2.4391526e-01  -3.4459091e-01   5.5505555e-02   1.0294789e-01  -2.0666109e-01  -1.9098482e-01   2.6426475e-01   1.5875144e-01  -3.5786565e-01   5.6536689e-02  -5.9256606e-03  -1.3229445e-01  -1.6147270e-01   5.1158626e-02  -1.8264791e-01   1.4376057e-01  -1.3218720e-01  -5.4030636e-02  -3.3370330e-01  -1.2540477e-01   9.2393763e-03  -2.0349937e-01   5.1066203e-01  -1.1327260e-01   1.2918073e-01   1.4382842e-01  -1.9824754e-01  -2.2560228e-01  -1.3526020e-01  -3.2860854e-02   3.3585231e-01  -3.1775846e-01  -5.8984757e-02   2.6007968e-01   1.4512736e-02  -1.8575329e-01   2.0670491e-01  -1.9764437e-01  -5.3196386e-02  -3.4915446e-01   3.7452064e-02  -1.2705914e-02   9.2088650e-02  -1.0197627e-01  -1.6833343e-01   1.6731776e-01   3.3622604e-01  -3.3648299e-02  -7.6627767e-02  -1.3848182e-01   3.5258966e-01  -8.6545716e-02  -1.8583933e-01
  -7.4273920e-03  -1.3510045e-01  -1.6850503e-01   3.5070402e-01   2.6050786e-01   3.1264895e-02   3.2400690e-01  -5.9722036e-02   4.3841688e-02  -1.9465105e-02   0.0000000e+00  -3.1516651e-01   8.1329568e-02   5.9660811e-02   1.4596058e-01   4.7075889e-01  -2.8167992e-01   7.4856636e-01  -7.8677985e-03   8.6308060e-02   5.7510573e-01   2.4905846e-01   3.7876204e-01  -3.1868130e-01   2.0772293e-01  -1.8275964e-01   5.2458415e-02  -7.1346270e-02   1.9310027e-01   1.7263396e-01   4.6665119e-01   2.6821784e-01   9.2692820e-03  -8.6918810e-02  -2.5465203e-01   3.5957833e-01   1.3382141e-01   1.6403619e-01   4.7891145e-01  -1.9952640e-01   3.6931008e-01   4.1867349e-02  -2.1645752e-01   2.7947366e-01   2.7013186e-01  -2.8682175e-01   5.5606055e-01   1.4674178e-01   2.9974204e-01  -2.7433105e-01   6.9380846e-01  -2.6421018e-01  -5.9358913e-02  -2.0567234e-01   1.6371455e-01   1.5606808e-01  -1.0007883e-01  -3.4122965e-02   5.3680182e-01  -2.5713890e-02  -2.6135561e-02  -4.1016467e-02  -1.7580037e-01   5.1939233e-01   3.5318290e-01   2.9893152e-01  -1.1531839e-01   1.9630016e-01   3.8030336e-01  -2.7527131e-01  -3.6829293e-01   6.0969690e-01   5.1599730e-01  -9.1740442e-02   6.8191003e-02   9.7372209e-02   6.6848052e-02   1.0940233e-01  -2.2018870e-01  -1.0877063e-01   1.9653361e-01   3.3067623e-01   2.6897114e-01   2.6582904e-02  -3.2690053e-01   7.3620050e-02   1.8115259e-01  -2.9673593e-01  -5.8570696e-02   9.3209313e-02  -1.3244627e-01  -1.9750681e-01  -3.8392656e-01  -9.8733972e-02  -5.5951293e-02  -2.1390683e-01  -1.4324871e-01  -2.4157363e-01   3.7372525e-01   2.3032286e-01  -3.2636422e-01   4.2877337e-03   4.1923955e-01   2.8980019e-01   4.7212518e-01   1.1990399e-01  -2.5606551e-01  -1.1245064e-02   1.6374419e-01   1.6017140e-01  -1.3359627e-01   5.0093157e-02   9.7017962e-02  -3.1772787e-01  -1.4127773e-01  -3.0322847e-01   1.7132404e-01   3.7456397e-01   7.3970207e-02   2.2584842e-01  -1.7734167e-01   1.5645343e-02   6.7112761e-02   4.5474433e-01  -5.0028635e-02   3.5842622e-02   5.0483034e-01   1.7857461e-02  -2.7272658e-01  -9.6948488e-02   4.3848148e-01   3.1688435e-01  -1.8695616e-01   5.5346842e-01   9.3757083e-02  -2.2114095e-02  -2.1941952e-01   1.3173128e-01  -4.2721927e-02  -8.7691077e-02  -4.0412272e-01  -1.4912879e-01   5.2821075e-01  -6.3951435e-02   2.9775343e-01   3.3747420e-01  -2.9412936e-01   5.3703005e-01   2.3989234e-01   4.4953051e-02  -3.8008111e-01   3.7021638e-01  -2.0509507e-01   6.7182458e-01  -1.9559841e-01  -3.4107750e-01  -9.9359124e-02   3.9037388e-01  -1.8973016e-01  -9.8627375e-03  -1.2366122e-01   4.4441367e-01   3.1499251e-01   2.3950047e-01  -1.0142420e-01  -4.1705049e-01   2.5979234e-01  -7.0630329e-02  -2.1074854e-01  -3.9085285e-01  -1.8241414e-01  -2.0892699e-01   5.2428166e-01  -1.1603433e-01  -3.4812483e-01  -7.2660068e-02   1.7612273e-02
   2.6173298e-01   2.3623863e-01   2.9097375e-01  -1.9451260e-01   2.0255826e-01   2.6801970e-01   4.9764074e-01   4.6324199e-03   1.1823237e-01   7.7208924e-02  -3.1516651e-01   0.0000000e+00  -2.6975973e-01  -1.0855319e-01   1.0725849e-01   3.9175348e-02   3.3145051e-01  -4.1087482e-01  -2.8364831e-02   1.5442177e-01  -3.3946138e-01  -2.9409798e-01  -4.5935324e-02   2.0571875e-01   8.0304838e-03   2.3610675e-01   1.5944500e-01   2.0029423e-01   3.5637323e-02   2.4809308e-01  -4.8337528e-01   7.5620179e-02   1.6027346e-01   3.6837279e-01   5.7592752e-01  -6.6587204e-02  -1.9515906e-01   1.0666131e-01  -2.7527610e-01   2.4605623e-01  -2.4567317e-01   3.3033092e-01   5.8745242e-01  -1.5552905e-01   2.5044897e-01   4.0490178e-01  -5.4572025e-02  -1.2383125e-01  -3.8174270e-01   1.9787275e-01  -8.9329137e-02   2.1836769e-01  -3.3991742e-01   2.9011732e-01   1.4254554e-02  -5.6530972e-02   1.4746675e-01   1.0512580e-01  -2.6220549e-01   4.7601382e-01   6.6060781e-02  -1.3920047e-01   1.7172024e-01  -3.3094315e-01  -2.0202119e-01   3.3239224e-01   2.4272120e-01  -1.0291511e-01  -1.3363933e-01   3.3364325e-01   4.4362163e-02   1.0964860e-01  -2.4134282e-01   5.9636908e-01   1.3997375e-01  -1.7040761e-01   1.1164184e-01   5.2388822e-02   7.7068295e-02  -2.4748542e-01  -3.5510965e-02  -7.7198223e-02  -8.8451565e-02  -9.2069006e-02   2.7202801e-01  -8.0363297e-02  -1.0321456e-01   6.0777656e-03   3.3222836e-01   3.8058197e-01   3.4270145e-01   3.3891346e-01   3.6338045e-01   3.9037773e-01   8.5081235e-04   6.8009442e-02   1.3128343e-02   2.3472322e-01  -1.4030139e-01   6.4139957e-02   1.6624340e-01   4.0917664e-01  -2.4839724e-01  -1.1956066e-01   1.0317971e-01   6.6281201e-02   2.1188533e-01   1.2870015e-01  -2.8699915e-01   4.3235638e-02   4.1777344e-01   8.2449274e-02   3.0294411e-02   2.2915965e-01   2.4169966e-01  -5.1000274e-02  -1.7173982e-01  -3.5904764e-02  -9.1482254e-02   2.3040575e-01   2.0597268e-01   3.1027191e-01   3.0766681e-01  -2.9993280e-01   3.5433346e-01  -9.3350906e-03   1.1403017e-01  -6.2559818e-02   2.8872760e-02   1.8079847e-01  -2.4850979e-01  -2.5602448e-01   3.3612016e-01  -4.3904292e-01   2.8610893e-01  -1.0792275e-01  -1.0077021e-01  -3.1718017e-01   5.9284964e-02   8.4100069e-03   3.3667046e-01  -4.0737880e-01  -1.8367108e-01   1.5998317e-01   1.0166685e-01  -5.1245809e-01   4.6622689e-01   1.6906286e-01   3.6913286e-01  -3.8053687e-01   3.3954346e-01  -3.8736820e-01   4.3608575e-01   8.8123109e-02   1.8785474e-01   2.3327103e-01   1.2934648e-01   1.0092434e-01   4.0178053e-01   2.5764098e-02   1.1481925e-01  -3.4957744e-01  -1.5765351e-01  -2.8872441e-01   1.6392483e-01   1.1293694e-01   4.1028352e-01  -1.0395588e-01   4.3901512e-01  -7.9728120e-02   4.3320102e-01   2.0052495e-01  -3.1511176e-01   1.7249058e-01   1.1137049e-01   1.5877299e-01   1.1303894e-02
   3.5745552e-02  -1.8059911e-02   5.6028455e-02   3.0367297e-01   1.1096322e-01   9.8138106e-02  -2.3104912e-01  -2.9103762e-02  -7.3062545e-02   1.6033718e-01   8.1329568e-02  -2.6975973e-01   0.0000000e+00  -9.2405083e-02  -2.4860330e-01   3.8550991e-02   8.8791835e-02   1.7559040e-01   1.4881007e-01   2.6888753e-01   1.9498575e-01   7.0953778e-02  -7.7965801e-02  -7.4710288e-02   2.1038374e-02   5.2208172e-02   1.0584847e-01  -3.3590279e-01   2.3567692e-01   2.7548426e-02  -2.0034792e-02  -1.7642368e-01   2.1553290e-01  -6.5706159e-02  -1.3171071e-01   2.5649003e-01  -3.1335793e-01  -1.2944078e-01   1.2590386e-01   1.3098110e-01   7.5382901e-01   8.2770689e-02  -7.5457240e-02  -4.1866906e-02  -2.6287570e-01  -1.8130468e-01   2.4500864e-01   1.1584701e-01   7.2501579e-02   8.4594977e-02   1.7956399e-01   1.5108503e-01   4.5947644e-01  -3.1759228e-02  -1.4139788e-01  -1.9055698e-02   3.3954200e-02  -2.9594352e-01   2.0118536e-01  -2.1800298e-01  -1.2055529e-01   3.5128096e-01   3.1806197e-01  -1.5880281e-01  -2.5028505e-01   7.4117337e-02   1.7269084e-01   2.5488977e-01   1.7181052e-01  -1.5735656e-01   1.6923933e-01   8.9223339e-02   4.3123795e-01  -1.5297402e-01   8.4535095e-02  -1.0818711e-01  -1.2608934e-01   6.8893652e-02  -1.7901605e-02   4.2484066e-01  -1.9193544e-01   3.3310485e-01  -9.7212679e-02   1.0587357e-01  -1.3354468e-01  -2.5155777e-01  -1.7263897e-01  -1.8973422e-01   3.5455996e-01  -2.8419866e-01  -3.2289032e-02  -9.8580741e-02   7.6709523e-02  -6.8082162e-02  -8.8022303e-02   3.9705019e-01   3.6863367e-01   1.9833953e-01   2.8392110e-03  -9.8243343e-02  -2.0562343e-01   3.5683440e-02   1.8015083e-01  -2.2663674e-01  -1.0474197e-01  -4.7684479e-02   2.8925375e-01   2.2494898e-01   1.9660946e-01   1.7156977e-01  -6.5352356e-02  -1.1870274e-01   3.3078575e-01   2.4843274e-02  -3.1432554e-01   2.9739040e-01   3.8135566e-02   6.0733624e-01  -5.0154970e-02  -3.9517345e-02  -1.9225190e-01   8.7621026e-02  -2.6199143e-02  -8.9351491e-02  -1.9638001e-01  -2.6000320e-02  -2.8558635e-02   4.3831947e-01  -3.4951737e-03  -1.5298435e-04   4.7373571e-01   1.0579348e-01  -6.8355594e-02  -9.8556500e-02  -5.4163399e-02  -1.1409169e-01   1.4381264e-01  -5.1831647e-02  -2.7273071e-01  -1.8243464e-01  -1.2752830e-01   5.6475414e-01  -3.5023925e-02  -1.0152325e-01  -1.0847378e-01   2.8496727e-01  -1.5864067e-02   7.5958057e-02   1.5949134e-01  -1.0256734e-01  -2.1997771e-01  -5.1711265e-02  -1.2276456e-01  -8.6977878e-02   1.5905198e-01  -1.3538551e-01  -2.9718011e-01   3.4604786e-01  -3.7153289e-02  -9.5768559e-02   5.2988019e-01   5.1521754e-02  -1.4496508e-01   1.9032488e-01   1.4753736e-02  -2.3588623e-02  -4.4164386e-02  -7.4595493e-02  -1.1559698e-02   1.9665027e-01  -1.7698071e-01  -2.7396772e-01   3.4896139e-01  -1.4495983e-01   1.8992259e-01   1.6657526e-01   4.5738269e-02
   4.6226215e-01   7.8930034e-02  -2.6271346e-03   3.2440764e-01  -2.5224563e-01   4.2563410e-01  -8.6903230e-02  -2.1556860e-01   2.4154753e-02  -4.1855130e-01   5.9660811e-02  -1.0855319e-01  -9.2405083e-02   0.0000000e+00  -9.0955140e-02  -2.3977741e-01   1.7113171e-03   1.7924170e-01   3.2336941e-01  -3.3335977e-01   3.5457561e-01   2.4721314e-01  -1.5332441e-01   4.4492188e-01   7.8616273e-05   2.1568584e-01  -2.9582015e-01   3.7831110e-01  -7.8341244e-02   2.3718185e-01   8.2144908e-02   1.3205221e-02   1.7710656e-01  -2.9771737e-01   1.5975444e-01  -2.5258620e-01  -1.6186435e-01   8.1610130e-02  -1.4129433e-01  -5.3858812e-01  -4.5555950e-02   3.4549333e-02  -1.8370069e-01   2.1573889e-01  -2.7200182e-01   4.4008952e-01  -4.6538631e-03  -5.2233780e-02  -2.9030602e-01  -3.7407630e-01   1.8213533e-01   2.6145198e-02  -1.0138771e-01   7.2633039e-03   5.3955807e-01   4.6317240e-01   5.1139166e-01   2.0167539e-02  -8.9348890e-02   3.0499712e-01   6.3193428e-02   9.3286535e-02  -2.8925732e-02   1.2506998e-01  -4.2846899e-02  -5.1947236e-02   1.2532486e-01  -1.8460714e-03  -3.8016483e-02   4.6307774e-01  -3.1670328e-01   5.0304515e-02  -3.1597705e-01   3.0051637e-01  -1.6882934e-01  -8.3564719e-02   1.1608305e-01   1.0679641e-01  -4.8207187e-01  -6.1157625e-02   3.0964317e-01  -2.7899951e-01   3.6880928e-01   3.7461400e-01   5.6952427e-01   1.2978115e-01   3.8874918e-01   3.3799251e-01   6.0578675e-02   3.6529876e-01  -3.9935158e-01   2.8083403e-01  -3.1192151e-01   1.5737597e-01  -1.4283397e-02  -4.3005628e-01  -1.7999683e-01  -6.8856274e-02  -6.4787278e-02  -3.9578980e-01   6.6208766e-01  -3.0701381e-02   4.2500300e-01   2.1678501e-01   2.2431961e-01  -1.1129265e-01   2.3448647e-01   1.0681329e-02  -2.0703368e-01  -3.3032094e-03  -4.0099685e-01   4.8771114e-01   1.2458753e-01   3.9111149e-01   2.3880118e-01  -2.5390454e-01   2.1994782e-01  -2.5627670e-01   5.8844297e-01   1.0072349e-01   3.4592106e-01  -4.5118837e-01  -1.3266537e-01   1.5193333e-02   4.7322080e-01   6.6438519e-01   1.2086904e-01   3.3867113e-02  -1.0015772e-01   1.3185146e-01  -3.5127143e-01  -2.5585482e-01   5.5160773e-01   8.1788305e-02   1.5343233e-01  -1.0114475e-01   1.6663347e-02   1.2983421e-01  -8.5941627e-03   6.2395348e-02   4.0121112e-01   5.2749303e-02   2.0130858e-01   5.1474579e-01   1.3782565e-01   3.1270400e-01  -5.0377094e-01   1.9591969e-01   3.7061023e-02  -1.2933518e-01   4.9142843e-01   4.9920683e-01   2.8514798e-01  -4.9307062e-03  -4.0115366e-01   3.7887054e-01   3.5277920e-01  -1.0497808e-01   2.7875409e-01   2.8921734e-01  -5.4699141e-02   2.1335351e-01  -5.4883542e-02   1.5504405e-01  -3.0769512e-02  -2.1478501e-01  -1.7589987e-01   4.6270116e-01   3.8009893e-01  -3.8412167e-01  -3.6557007e-01   2.7490568e-01   9.8571310e-02   4.7464931e-01  -6.2977694e-02   2.0081230e-01   2.9694606e-03
