   0.0000000e+00  -3.5884014e-02   1.0224498e-01  -3.8660780e-01  -6.5574719e-01  -2.9301320e-01  -5.1228642e-01   2.0348476e-01   3.3208122e-01  -4.9668542e-01  -3.0604587e-01   3.6122276e-01  -3.8350941e-01   5.9965470e-01   7.7457070e-02  -3.1946900e-01   3.3739994e-02  -6.0400543e-01  -3.6304245e-02  -5.7518439e-01  -1.5216585e-01   5.8914609e-02  -3.0788289e-01   7.9134484e-01  -3.2489952e-03   3.2540735e-01  -4.8070711e-01   2.1790035e-01  -2.6617273e-01  -2.6155598e-01  -1.7915105e-01   1.3380700e-02   1.5504650e-02  -5.2604554e-01   2.6382801e-01  -5.6084179e-01   1.7388232e-01   4.3373691e-01  -5.7583079e-01  -3.6319133e-01  -5.4745516e-01   8.7085737e-02   1.9606477e-01   4.4585721e-02  -6.4052782e-01   4.3491792e-01  -3.8170228e-01  -5.1749587e-01  -2.1784094e-01  -8.2204493e-02  -4.4226621e-01   5.5468927e-01  -3.0209552e-01   2.2137536e-01   5.5646466e-01   3.3322507e-01   3.1405567e-01   2.7707014e-02  -4.5102362e-01   3.9419065e-01   3.0330857e-01  -4.5505004e-01   1.6454301e-01   1.3416395e-01  -5.4562170e-01  -4.8937600e-01  -3.6752275e-01   1.0547332e-01  -2.5838868e-01   4.2039899e-01  -3.9034688e-01  -3.1631577e-01  -4.6563142e-01   7.5167506e-01   2.0699446e-01   6.5165101e-02   2.5975814e-01   1.3399749e-01  -5.8999131e-01  -2.8289718e-01  -1.1356199e-01  -2.9293989e-01  -9.8793659e-02   3.4534108e-01   5.5855704e-01   1.6335736e-01   4.7527537e-02   6.3359197e-01   2.7139386e-01   6.5846653e-01  -5.9826885e-01   2.6752275e-01  -4.1607242e-01   3.5205849e-01   3.8692382e-01  -6.3524842e-01  -2.6046026e-01   1.7699135e-01  -6.0337841e-01  -5.0141356e-02   5.3507154e-01   3.3528849e-01  -3.5094284e-01   3.8497460e-01  -3.0761776e-01  -7.2282759e-02   2.7065616e-01   1.1099189e-02  -1.2230259e-01  -5.0429528e-01  -2.4446209e-01  -2.4488966e-01   4.9703876e-02   7.5642174e-01   5.1678560e-01  -4.4672609e-01   2.7130045e-01  -4.3422851e-01   1.2044655e-01  -2.6097378e-01   3.1550097e-01  -5.1056154e-01   3.0796997e-01  -1.1391525e-01   3.7212421e-01   7.6724207e-01  -2.4843788e-01   1.8371591e-01  -1.6710826e-01   7.6139560e-02  -6.5415750e-01  -6.2505503e-01   6.2314826e-01  -2.5850105e-01   8.9316644e-02   1.5574169e-01  -2.0917350e-01  -2.0898905e-01   3.3210234e-01   6.3814903e-01   6.9180316e-01  -1.3729697e-01  -7.5589678e-02  -7.1913190e-02  -5.4907220e-03  -2.5537775e-01  -3.2647802e-01  -6.2141085e-01  -5.0220644e-01  -3.2760948e-01   5.3754121e-01  -2.8195992e-01   2.3912368e-01  -4.8560733e-01  -1.4692658e-01   6.3988390e-01   3.2040792e-01  -4.2452684e-01   2.2970064e-01  -4.8442281e-01  -4.7725801e-02  -1.1850330e-01  -4.7117262e-01  -4.2139937e-01  -1.2847937e-01  -4.3320929e-01  -4.7083193e-01   4.4577250e-01   4.1162297e-01  -3.7169564e-01  -4.0468967e-01   9.0964612e-02  -4.2858298e-01   1.1013778e-01   8.7502979e-02  -2.2212375e-01  -1.1316717e-01
  -3.5884014e-02   0.0000000e+00  -1.2505774e-01   2.9377995e-02   6.7614099e-02  -6.3397097e-02   3.3448197e-01   8.1055777e-02   3.4282050e-01  -1.2923285e-02   6.5367637e-02   6.0534894e-01   1.3032010e-01   9.6924016e-02   7.3340480e-02  -6.8523498e-02  -1.4428500e-01   2.2188393e-02   4.4518729e-02   5.3527244e-03   9.4771665e-02  -2.7618044e-02  -9.3971546e-02  -9.3497698e-02   1.2555455e-01  -2.5581905e-02  -2.0779056e-01  -1.5021833e-01   3.6330528e-01   5.4218663e-01   2.6287851e-01   6.5801616e-03  -4.2889706e-02   8.3099363e-02   5.4087686e-01  -1.2993910e-01  -1.1161820e-01  -2.3592212e-01   3.6276345e-03  -1.9218616e-02   1.0700189e-01  -2.9415576e-02   4.7029267e-01   4.2158105e-02   2.0262418e-02  -1.6853120e-01   9.8457785e-04   1.5199817e-01  -1.0173091e-02  -1.2465735e-01   8.0365941e-02   5.2370196e-03   4.5938424e-02   1.9851482e-02   2.1401171e-01   2.9727069e-02  -1.8002510e-02   7.3203370e-02   9.1152437e-02   4.4400358e-01  -1.5347667e-01   1.3288028e-01   3.7277735e-01  -8.5693139e-02   1.6663162e-01  -1.6116777e-01   7.3023732e-02   5.8718225e-02   2.5826260e-02  -3.4120340e-01   3.6248813e-01  -1.3886563e-01   1.7082963e-01   1.1056449e-01   8.8850914e-02   2.6654640e-02  -1.5953049e-01  -8.9781368e-02   1.9025581e-01   1.2513229e-01  -7.7165638e-02   9.7952642e-02   2.2196184e-01  -4.5935479e-02  -6.4647070e-02   6.7332112e-03   3.9823692e-01   1.8067241e-01   1.6119054e-01  -1.3426372e-01   2.0891450e-01  -2.4157252e-01   9.1237747e-02   3.1599056e-01  -1.9786327e-01   5.2916484e-02   1.3415279e-01  -8.4962424e-02   2.8974490e-02  -1.8727636e-01  -1.2110602e-01  -4.8130368e-02   2.1963875e-01   4.4910616e-01   1.0613208e-02  -4.4370808e-02   1.4119058e-01  -4.0679194e-02  -1.8916858e-01   1.2650543e-01   4.3396144e-02   3.3575601e-01   1.8728482e-01  -1.0397470e-01  -1.4843528e-01   1.6892737e-01  -3.1603165e-02   6.6193807e-02   4.8602206e-02  -8.9383950e-02  -1.4370396e-01   2.2818085e-01   3.8413528e-01   2.9774122e-01  -1.2329017e-01   1.3139684e-01   3.1483993e-01  -1.7967419e-02   2.2067425e-02  -3.4756647e-01   8.9861240e-02   1.4693857e-02   3.1569213e-01   1.4304352e-01   1.4306115e-01  -2.6859771e-02   1.2450945e-01   2.5798113e-02  -5.9115132e-02  -3.2070151e-01  -1.9286554e-01   6.7023105e-02  -5.3718030e-02   2.9806155e-02   1.3978350e-01  -8.5167071e-02   3.7284326e-01   1.3335332e-01  -2.9668292e-02  -5.5024430e-03  -2.0266786e-01   1.4918841e-03   3.7706258e-02  -4.4896048e-02   3.2158031e-01  -2.8465203e-01  -1.5980713e-01  -5.0677959e-02  -2.2313312e-01  -1.1402591e-01   1.9835001e-01   1.6737053e-02   3.5287812e-02   4.1677816e-02   6.4092887e-02   4.2731651e-01   3.7546858e-02  -7.3970899e-02  -2.5546220e-02   1.2480031e-01   4.0716671e-01  -2.1598758e-01  -7.9468754e-02   1.5334165e-01  -2.8065623e-02  -2.4204289e-01   2.5950636e-02
   1.0224498e-01  -1.2505774e-01   0.0000000e+00  -9.8953347e-02  -1.6393879e-01   3.6309322e-01  -1.9095515e-01   4.6792716e-01   6.7632838e-02  -9.8188346e-02  -2.3651405e-02   1.8032190e-01   2.9540969e-02  -1.9587278e-01  -2.8860768e-02   1.6007120e-01   8.6364867e-01  -2.8890104e-01   4.2397906e-01  -1.5449470e-01  -4.1342902e-01   2.3131615e-01  -9.4973885e-02   2.0609369e-02  -1.5821412e-02   3.8614858e-01  -7.2939638e-02   2.2307254e-01  -6.9935483e-02  -8.6059410e-02  -2.9134059e-01   1.3217680e-01  -1.4333587e-01  -2.8723659e-01  -2.7264993e-01  -2.4023836e-01   1.3799748e-01   4.3005753e-01  -8.0018641e-02  -5.8102204e-02  -1.4823948e-01  -2.0103954e-02  -2.3845372e-01   1.2892964e-01  -3.4356347e-01   6.9101441e-01  -1.5890411e-03  -3.6196833e-01  -3.4583982e-01   4.7326941e-01  -3.6476562e-01   3.7905383e-01  -3.5615826e-01   1.5136714e-01  -3.0611989e-01   8.9686521e-02   5.9901597e-01   2.0949243e-01  -2.0875282e-01  -2.4305102e-01   7.6272747e-01   1.7658872e-02  -1.5205206e-01   2.5589272e-01  -3.7074058e-01  -1.3623753e-02   1.9545110e-01  -1.5785619e-01   6.4990803e-02   7.7024610e-01  -2.8827176e-01  -2.9501097e-01  -4.1114506e-01   3.2187854e-01  -1.5542240e-01   2.3652354e-01   6.5366414e-01   2.8831237e-01  -3.8768416e-01  -4.3909232e-01   6.8498817e-02  -2.3428732e-01  -4.8536016e-02   3.9363901e-01   5.2611252e-01   1.0227271e-01  -4.7421951e-01  -3.8717895e-01   2.0255272e-01   3.8899894e-01  -2.0501926e-01   8.7171657e-01  -1.8041387e-01  -1.0662692e-01   6.0878386e-01  -1.8206446e-01  -4.2808572e-01   3.9952238e-01   1.4589751e-02  -2.8708686e-01   4.1492275e-01   1.8970728e-01  -4.3638043e-01  -1.6339351e-01  -2.1404322e-01   2.8470897e-01   1.5060073e-02   2.1979463e-01   1.4310952e-01  -3.2295987e-01   6.5076777e-02  -1.4857714e-01  -4.9088237e-02   4.5253245e-01   4.0077236e-01  -4.9709014e-01   3.2620101e-01  -4.6024638e-01   2.8947223e-01  -1.9442177e-01   4.5776493e-01  -1.6735073e-01  -2.3195731e-01  -2.8411537e-01   5.9583556e-01  -1.0414310e-01  -4.5980154e-01  -1.1751172e-01  -5.3118363e-02   6.2325460e-01  -2.9707589e-01  -3.5701444e-01   1.3371444e-01  -1.9825098e-01  -1.8656670e-01   2.8879169e-01  -4.8744613e-01  -2.6198683e-01   2.7993578e-01   3.0336047e-01   3.0163528e-01  -2.5317730e-02   2.0100696e-01   4.0788811e-01  -4.1712104e-01  -2.5234289e-01   1.1066395e-01  -2.7658816e-01  -1.0508181e-01  -5.9549057e-01   4.6778713e-01  -2.7082631e-01   2.9075841e-01  -1.9571825e-01   2.0149613e-01   1.7684671e-01   3.8426100e-01  -1.8402323e-01   7.3243869e-01  -7.9956488e-02  -4.0885102e-01  -6.7668665e-02  -7.7527375e-02  -3.5001924e-01   3.5180129e-01  -5.8244655e-01  -3.8424929e-01   4.6516547e-01   4.8902125e-01  -2.2998917e-01  -4.2547527e-01  -1.9017887e-01  -2.0980471e-01   6.5700537e-01  -2.5674101e-01  -1.8958103e-01   3.8162541e-01
  -3.8660780e-01   2.9377995e-02  -9.8953347e-02   0.0000000e+00   5.2333362e-01   1.9530731e-01   2.2853237e-01  -2.4377589e-01  -2.6060603e-01   2.9074157e-01   1.4622954e-01  -1.5934217e-01   4.6401179e-01  -3.6365050e-01  -7.0977870e-02   2.8265972e-01  -1.3967010e-01   5.6574057e-01  -2.7369355e-03   5.7715642e-01   2.5704424e-01   2.8085008e-01  -4.0103450e-02  -4.6576292e-01   3.2057086e-01  -3.1777547e-01   3.1915992e-01  -2.5510157e-01  -1.2586911e-01   2.7730557e-01   8.5920365e-02   5.1961669e-01   7.0728448e-02   1.9386920e-01  -1.6227537e-01   5.8778943e-01  -5.5320124e-02  -3.4089690e-01   4.4391617e-01   1.7760876e-01   7.3689438e-01   1.8570315e-01  -1.6389919e-01  -3.2833587e-01   4.7405965e-01  -2.2748243e-01   5.7482228e-01   2.7708194e-01   2.4270956e-01   4.6791316e-02   4.8113052e-01  -3.2433718e-01  -8.4119215e-02   2.3331294e-01  -1.3237055e-01  -5.0747790e-01  -2.9981236e-01   3.0011181e-01   7.4118326e-01  -6.5685995e-02  -2.0160805e-01   4.1070410e-01  -1.2390685e-01  -1.6078402e-01   3.1054135e-01   1.1868240e-01   3.8759698e-01  -1.7878331e-02   5.7877605e-01  -2.7449300e-01   1.5209203e-01   5.9302464e-01   2.6032046e-01  -1.8653157e-01   1.3143862e-01   1.8190288e-01  -1.2215219e-01  -2.3862208e-01   3.4792777e-01   3.9898963e-01  -6.5164913e-02   7.3469253e-02  -2.2091594e-01  -3.8586560e-01  -2.4246493e-01   9.4106936e-03   1.7443572e-01  -2.7746655e-01  -2.3669390e-01  -1.3613248e-01   2.6328065e-01  -1.5276016e-01   4.7927989e-02  -2.2417588e-01  -2.5223501e-01   4.6212191e-01   5.0344507e-01  -1.5487792e-02   4.9108702e-01   3.2956606e-02  -3.9920071e-01  -2.5508730e-01   4.5568545e-01  -2.3194009e-02   5.0834205e-01   5.8664380e-01   7.0883656e-02   1.1165652e-01   1.7258711e-03   2.5369541e-01  -2.5769141e-01   3.3198003e-01   4.7984780e-01  -2.8763173e-01  -3.2878281e-01   2.1206114e-01  -3.2586363e-01   2.4873036e-01  -2.2381449e-01   8.1943064e-01  -9.3046015e-02   3.6106955e-01  -2.0344311e-02   1.6582775e-02  -1.3745522e-01  -2.0918052e-01   1.1786012e-02  -1.0275863e-01   5.3302644e-01  -1.0028795e-01   4.8743047e-01   2.8985446e-01  -1.6358483e-01   7.4592832e-02   1.9980193e-01  -5.6920637e-02   2.9744263e-01   9.9626950e-02  -1.3810592e-01  -2.9656188e-01  -4.5296338e-01   4.5956953e-03   1.6363576e-01  -1.8959507e-01  -4.7803014e-04   3.2675802e-01   8.5177596e-02   3.1363833e-01   1.5791359e-01   2.5552473e-01  -2.0208280e-01   1.7897234e-01  -2.2438150e-02  -1.2637822e-01  -1.3118093e-02  -2.8748422e-01  -1.6167617e-01   7.1161645e-01  -3.8045312e-02   3.5573695e-01   1.6804794e-02  -4.3589829e-02   3.7866693e-01   5.1515621e-01   3.9581679e-01   1.0574865e-01   1.3088737e-01  -3.7506255e-01  -1.0742110e-01   1.7839155e-01   1.4046959e-01  -4.8749405e-01   2.7989178e-01  -2.7066388e-01   9.6381652e-02   2.5224512e-01   3.7489067e-01
  -6.5574719e-01   6.7614099e-02  -1.6393879e-01   5.2333362e-01   0.0000000e+00   2.1010441e-01   5.2016596e-01  -4.2181853e-01  -2.3640043e-01   6.5842176e-01   3.8822176e-02  -2.8896496e-01   3.9661640e-01  -4.8560577e-01  -3.6440290e-01   2.1365313e-01  -1.0341971e-01   6.4151218e-01  -1.3951887e-01   8.5561355e-01   8.7664172e-02  -7.7843893e-02   1.2627294e-01  -6.6404976e-01   1.2579457e-01  -5.9806920e-01   6.1311203e-01  -4.0134187e-01   1.7580313e-01   2.5149303e-01  -6.6265835e-02   9.8500956e-02   1.2052407e-01   5.0557976e-01  -3.5486204e-01   7.3078877e-01  -2.4414076e-01  -4.0728074e-01   5.9885044e-01   5.5561357e-01   6.7543985e-01  -1.0042795e-02  -9.4105405e-02  -3.1695425e-01   6.1433494e-01  -4.9405601e-01   3.6605313e-01   6.0692531e-01   2.9801980e-01   2.6528876e-01   4.0819964e-01  -5.9396078e-01   2.3699244e-01  -7.7615975e-03  -3.8058279e-01  -5.2947941e-01  -3.9097858e-01  -1.0630759e-01   4.9264618e-01  -3.0215017e-01  -4.3401258e-01   5.9891768e-01  -1.4051736e-01  -3.9378330e-01   6.0585608e-01   3.4176473e-01   4.6518835e-01  -1.0579697e-01   1.8216954e-01  -4.8644642e-01   6.2832580e-01   3.0679999e-01   4.8299675e-01  -6.2355222e-01  -2.6475355e-04  -1.8495885e-01  -3.6664091e-01  -2.5873493e-01   7.9147218e-01   4.3008080e-01  -1.4889123e-01   2.3590996e-01  -1.9582075e-01  -5.1759772e-01  -5.7286975e-01  -2.7119259e-01  -1.6891162e-01  -5.0395246e-01  -3.1648475e-01  -4.3818175e-01   8.0153693e-01  -3.5642340e-01   4.5183966e-01  -2.2956915e-01  -4.4695706e-01   8.7825643e-01   4.5161333e-01  -2.1843519e-01   7.5101803e-01  -1.2810567e-01  -5.6480583e-01  -4.7906885e-01   1.9202773e-01  -3.2301913e-01   2.3824234e-01   1.9404981e-01  -6.7339268e-02  -8.8054638e-02   2.5328659e-01   7.1409962e-01  -9.4516342e-02   3.6435613e-02   6.8003719e-02  -5.9995211e-01  -5.5928700e-01   5.6788465e-01  -4.5751535e-01   5.5299410e-01  -2.7651643e-01   3.9817562e-01  -3.1226604e-01   8.0353602e-01  -2.1206941e-01   1.6929009e-01  -3.3070837e-01  -6.0972696e-01   1.3188010e-01  -3.4404932e-02   3.0420884e-01  -1.2890849e-01   6.7194388e-01   5.8515243e-01  -4.9887108e-01   2.7749452e-01   5.9863066e-02  -3.4850755e-01   4.2624515e-01   1.1484133e-01  -4.9007230e-01  -4.1950508e-01  -6.2319945e-01  -1.6654581e-02  -3.6112679e-02   4.3451440e-02  -1.3804306e-01   1.4700082e-01   3.8262825e-01   7.6456426e-01   5.7204252e-01   3.6494589e-01  -5.3258901e-01   1.1209074e-01  -2.7957102e-01   1.9380483e-01   3.6479607e-01  -3.9102888e-01  -4.4375193e-01   4.4380442e-01  -2.7194865e-01   2.2216064e-01   9.4310980e-02  -1.7102543e-01   6.8396260e-01   3.4079010e-01   6.2835000e-02   4.9318008e-01   2.4693851e-01  -5.8551380e-01  -5.1622173e-01   4.8814044e-01   5.8116648e-01  -2.2351050e-01   4.1544509e-01  -2.6436872e-01  -2.5127102e-02   3.5954823e-01   7.1941486e-02
  -2.9301320e-01  -6.3397097e-02   3.6309322e-01   1.9530731e-01   2.1010441e-01   0.0000000e+00   1.1036418e-01   1.1690236e-01  -3.0920595e-01   4.2381764e-01   1.3473078e-01  -2.4774728e-03   1.1443933e-01  -1.7272627e-01  -1.1952587e-01   2.5981067e-01   3.7874019e-01   2.9568272e-01   5.0334086e-01   2.7311345e-01   2.9854702e-02   3.8365060e-01   2.9487906e-01  -1.9840461e-01  -2.3996890e-01  -3.9420985e-02   3.0252563e-01  -1.1257131e-01   1.3709798e-01   1.9613763e-01  -1.3764607e-01   2.7077946e-01   8.5620050e-02   1.0555644e-01  -2.6344095e-01   3.4464612e-01  -2.7176902e-01   2.0983825e-04   3.3035507e-01   1.8066779e-01   2.2478488e-01  -8.2388029e-02  -3.1805496e-01  -9.0557830e-02   3.0207409e-01  -1.1214333e-01   3.8595880e-01   1.4853732e-03  -2.1032985e-01   2.6990106e-01   1.7403004e-01  -4.8877337e-02  -1.9990024e-01   7.6798580e-02  -4.0280012e-01  -3.0578757e-01   1.3231345e-01   7.3596024e-02   1.6376117e-01  -3.1692554e-01   1.6232075e-02   2.0975943e-01  -3.3161762e-01   8.9042452e-02   1.4330716e-01   5.1597644e-01   6.9080507e-01  -2.5756924e-01   3.5073045e-01   7.8682080e-02  -3.2259775e-02  -1.9902078e-02   1.1880853e-01  -2.3874205e-01  -2.4644343e-01   1.7709274e-01  -1.2464784e-01   9.3305344e-02  -2.4076352e-02  -7.8418315e-02   5.1543880e-02  -3.9409276e-02  -1.8268253e-01  -5.3873957e-02  -1.2813487e-01   4.6153056e-02  -8.8426260e-02  -4.1091047e-01  -3.2915588e-01  -1.3856368e-01  -2.9843011e-02   1.2951656e-01   1.5729481e-01  -4.2198302e-01  -4.8258133e-02   3.2258313e-01  -1.0956852e-02   3.5682673e-01   1.3220204e-01  -1.0402064e-01   1.6477771e-03  -6.3046360e-02   7.9128532e-02  -2.1285826e-01   1.5715513e-01   3.3735820e-01   1.6480258e-01   4.4533272e-01   1.2059789e-01  -1.8061342e-02   3.1120118e-02   2.3358048e-01  -1.8707626e-01  -1.4192718e-01  -1.1961082e-01  -2.5782523e-01   1.4940807e-01   9.2866680e-02   1.0132344e-03   1.5417390e-01  -9.3825898e-02   4.7503775e-03  -3.3335622e-01   4.9100036e-03  -8.6057142e-02  -4.7803684e-01   5.1208647e-02  -1.1273909e-01   2.1069360e-01   4.0879605e-01   1.5677318e-01   2.6328410e-01  -1.6512950e-01  -1.1537885e-01  -2.3780762e-01  -7.0861281e-03  -1.5184968e-01   3.3469411e-02  -1.4059894e-01  -6.4744979e-02  -7.5524868e-02  -5.4653041e-02   3.7714672e-01   5.2797133e-01  -2.0573732e-01   5.9837625e-03   3.7730379e-01   2.3758439e-01   3.1971038e-01  -6.4080864e-02  -2.3903610e-01  -2.3862483e-02   3.0542477e-02   8.9221583e-02   1.3026279e-01   5.5714980e-02  -1.8332667e-01   7.4796846e-02   1.7617993e-01   2.2835039e-01  -3.4554848e-01   8.8240365e-02   2.7250281e-01   1.2222651e-01   3.5534674e-01  -2.1039139e-01   1.3511767e-01  -1.1538224e-01  -4.3791407e-02   1.8056180e-02  -2.0834812e-01  -2.8500118e-02  -1.6178413e-02   5.0718862e-01  -3.5594900e-01   1.9632328e-01   3.8870582e-01
  -5.1228642e-01   3.3448197e-01  -1.9095515e-01   2.2853237e-01   5.2016596e-01   1.1036418e-01   0.0000000e+00  -2.5526844e-01  -2.1435826e-01   5.7561387e-01   1.6567094e-01   1.6201564e-01   1.5262687e-01  -2.2931201e-01  -7.4078091e-02   1.4592840e-01  -2.4212787e-01   3.3680554e-01  -1.1667093e-01   4.2253018e-01   7.5355754e-02  -3.5753108e-01   4.6207673e-01  -5.6639876e-01   8.5425085e-02  -3.5244392e-01   4.0380767e-01  -1.0465758e-01   2.4353835e-01   3.6271183e-01   1.2061129e-01  -1.3630351e-01  -3.3267094e-02   7.6787860e-01  -2.7995425e-02   2.9008376e-01  -6.7268969e-02  -5.1208829e-01   3.9336620e-01   4.9491276e-01   3.3350419e-01  -2.1558765e-01   1.3369907e-01  -7.0697839e-02   4.2803408e-01  -4.6585494e-01   1.1524772e-01   7.7647997e-01   3.1375752e-01   3.0728581e-02   2.2569779e-01  -4.0254945e-01   4.6890092e-01  -1.0989503e-01  -6.8979669e-02  -2.8752317e-01  -4.4316473e-01  -1.6525093e-01   3.8826634e-01  -3.1114941e-02  -5.1132370e-01   4.8749061e-01  -1.9253072e-01  -1.3111069e-01   3.4572277e-01   2.2132862e-01   2.8672452e-01  -1.6202245e-01  -1.8295816e-02  -5.0588951e-01   7.1341180e-01  -5.0166230e-02   2.4576196e-01  -4.2333498e-01   2.0513371e-02  -1.6963193e-01  -4.0978986e-01  -1.3221574e-01   6.5324116e-01   1.9655835e-01   2.3906059e-01   1.2186949e-01   1.4330846e-01  -3.2733258e-01  -4.6749089e-01  -1.1921392e-01   1.4272213e-01  -2.7003860e-01  -2.0603486e-01  -4.5544699e-01   4.0762123e-01  -4.4913159e-01   7.0082791e-01  -1.6334607e-01  -5.2031630e-01   4.9582011e-01   2.5550736e-01  -1.9709813e-01   4.1116178e-01   5.8279624e-02  -4.2676369e-01  -3.2272246e-01   2.9334346e-01  -1.4314149e-01   2.6256524e-02  -1.1320038e-01  -2.2072874e-01  -1.4578660e-01   1.0036992e-01   6.6258962e-01   2.6912095e-01   2.7034953e-01  -3.1118480e-02  -5.4861986e-01  -3.5018521e-01   4.2949325e-01  -2.6912212e-01   2.2372619e-01  -5.1394844e-02  -2.2171055e-03  -3.8673313e-01   5.1874491e-01  -4.5230508e-02   4.5984399e-02  -3.8083204e-01  -3.6181608e-01   4.2024251e-01  -2.0162996e-01   2.1708577e-02  -2.3340870e-01   5.2734359e-01   5.0212841e-01  -2.5496982e-01   4.6017019e-01  -1.4413167e-02  -9.8325901e-02   1.8449858e-01   4.6951289e-01  -2.4969332e-01  -5.0811368e-01  -5.5964473e-01  -1.0157927e-01  -8.7839154e-02   2.2785964e-01   1.8098605e-01   8.5237882e-02   7.3713069e-01   5.6268121e-01   6.8498937e-01   2.7055956e-01  -4.8261828e-01   3.9576671e-01  -2.3440602e-01   2.6806111e-01   5.1650488e-01  -4.4985807e-01  -4.4372937e-01   2.5891505e-01  -4.5205001e-01   4.5274167e-01  -9.2735117e-02  -1.5002538e-03   4.5671148e-01   9.7470856e-02  -9.5920341e-02   6.2225376e-01   4.4329335e-01  -3.8833731e-01  -4.0381076e-01   4.7645490e-01   5.8998085e-01  -3.3019247e-01   1.3037428e-02  -1.7976436e-01   3.7313847e-02   1.2431123e-01  -1.6265705e-01
   2.0348476e-01   8.1055777e-02   4.6792716e-01  -2.4377589e-01  -4.2181853e-01   1.1690236e-01  -2.5526844e-01   0.0000000e+00   1.9604928e-01  -4.0889844e-01   3.4209294e-01   1.3827185e-01   3.9949687e-02   1.0585326e-01   4.1934104e-01   1.4502724e-01   3.5577601e-01  -1.8534367e-01   3.7740673e-01  -4.7323801e-01  -5.7742208e-02   3.1080306e-01  -1.0168313e-01   1.4687013e-01  -1.9042769e-02   7.4271825e-01  -3.2363912e-01   3.9657393e-01  -8.3514240e-02  -1.2638191e-02   2.9921291e-01  -8.7071587e-03  -1.3933042e-01  -2.2704246e-01   2.2556536e-01  -3.0972354e-01   1.7830750e-01   3.3698047e-01  -1.4606969e-01  -3.2308525e-01  -1.5579017e-01  -3.3374376e-01  -3.5695929e-02   7.3504230e-01  -2.2514479e-01   3.9661053e-01   4.9521696e-02  -3.6741506e-01  -2.4902395e-01  -5.8232054e-02  -1.4276560e-01   5.2675711e-01  -2.0505220e-01  -2.0572091e-01  -4.4589907e-02   6.1486981e-01   5.5708078e-01   4.1131609e-01  -2.3562840e-01   9.7415569e-02   4.5934601e-01  -2.4593620e-01  -1.1419337e-01   6.2207506e-01  -3.1956905e-01  -2.4494610e-02   1.2949522e-01  -2.0591025e-01   2.7053480e-01   4.6468880e-01  -4.4149291e-01  -2.9089536e-01  -1.7720813e-01   3.7551167e-01  -3.2591226e-01   4.7995481e-01   3.8250217e-01   4.4108287e-01  -3.8603734e-01  -5.2039870e-01   3.0129042e-01   4.9085247e-02   3.1465683e-01   8.3518632e-01   5.0721968e-01   2.5164359e-01   5.8828308e-02  -6.3255165e-02   2.1107281e-01   2.6327776e-01  -3.1912315e-01   4.4846218e-01  -2.9438543e-01   8.8090111e-02   4.3137633e-01  -5.2213499e-01  -6.5236631e-01   3.8667658e-01  -2.1710445e-01  -8.3847196e-02   5.3445840e-01   4.5647268e-01   1.7147240e-02   1.4502031e-01  -4.4719081e-02   2.0835001e-01  -1.2501994e-01   3.9398355e-01  -2.9562915e-01  -3.9834408e-01   2.2245377e-01   3.3880321e-02  -2.1676992e-01   3.6484495e-01   4.9877345e-01  -4.2957104e-01   5.5197593e-01  -2.8539091e-01   5.3270442e-01  -3.3445111e-01   1.7660999e-01  -3.9113237e-01  -1.1278168e-01   1.0993563e-03   2.5613183e-01   1.8711622e-01  -1.2718250e-01  -1.5128632e-01  -9.8138687e-02   2.4575536e-01  -3.1966117e-01  -2.9342741e-01   1.4864167e-01  -3.7226564e-02  -1.8972236e-01   6.4527632e-01  -6.2856467e-01  -4.1344229e-02   5.8393380e-01   2.3121183e-01   2.4542149e-01   1.2877665e-01   2.3334628e-01   1.9459448e-01   1.0927610e-01   1.4094884e-01  -1.1351521e-01  -3.3777582e-01  -3.0001725e-01  -3.8819821e-01   4.0928554e-01   3.7558127e-02   5.8614947e-02   3.4921787e-03  -1.4392425e-01   1.2867298e-01   2.1811455e-01  -2.9751874e-01   2.4749220e-01   5.9314395e-02  -3.3066392e-01   4.5670511e-01  -2.7128722e-01  -1.9508347e-01   2.4182488e-01  -4.0021013e-01  -7.5393451e-02   6.0214794e-01   3.5317488e-01  -2.9173907e-01  -3.9164978e-01  -1.4232365e-01  -2.2481218e-01   4.2725667e-01  -2.6464903e-01  -4.0908766e-01   2.4138870e-01
   3.3208122e-01   3.4282050e-01   6.7632838e-02  -2.6060603e-01  -2.3640043e-01  -3.0920595e-01  -2.1435826e-01   1.9604928e-01   0.0000000e+00  -4.4727705e-01  -8.7723654e-02   2.3865260e-01   1.1173605e-01   1.5491801e-01   1.6170998e-01  -4.7438241e-02   8.7771352e-02  -1.7275972e-01   8.9766209e-02  -2.3989874e-01   1.0542605e-02   1.0068188e-01  -9.3663802e-02   1.0199709e-01   1.8079458e-01   3.1462364e-01  -2.3218540e-01   2.8952598e-01   2.9189138e-02   1.4564458e-01   1.5919950e-01  -6.6860422e-02   4.6778920e-02  -1.5322285e-01   4.1490820e-01  -3.2081533e-01   5.1621223e-02  -6.6431678e-02  -1.9966506e-01  -1.1593962e-02  -1.4355887e-01   1.1111784e-01   6.3309415e-01   2.3595168e-01  -2.6888183e-01   1.4860811e-01  -3.2986882e-01  -1.2246320e-01  -4.3344875e-02  -4.2547426e-02  -1.7421943e-01   3.2489222e-01   1.7186110e-01  -1.0612252e-01   2.3238416e-01   3.7722139e-01   3.0352162e-01   8.8037450e-02  -2.7257563e-01   4.5181742e-01   2.1756932e-01  -2.7685782e-01   8.0740856e-01   1.9018847e-01  -1.6471666e-01  -3.4752563e-01  -1.5715933e-01   6.3767994e-02  -8.0130616e-02   1.2856474e-01   1.1659226e-02  -4.9511579e-02   5.4250862e-02   1.9839439e-01   2.6054713e-01  -3.8408563e-02   1.1700377e-02   1.1401308e-01  -1.3166959e-01  -2.3621133e-02   1.5138983e-01   2.0679919e-01   2.7288881e-01   3.4494539e-01   1.3791824e-01   6.3867845e-03   4.1885592e-02   1.5088555e-01   7.5190572e-01   3.8231039e-02  -6.6044277e-03   1.6607828e-01  -1.6663626e-01   8.5801568e-01   4.7600860e-02  -3.1513464e-01  -1.8089895e-01   5.0382303e-02  -9.6730471e-02   3.0925265e-02   3.3590006e-01   2.2756031e-01  -2.4024990e-01   4.0582449e-01  -1.2252691e-01  -2.3507418e-02   1.4165946e-02   5.6452825e-03  -2.6464091e-01  -1.5696027e-01  -3.1204096e-02  -2.8654339e-01   3.8064995e-01   2.4660718e-01   2.3884516e-01   4.3472416e-02   1.8433762e-01   5.2763116e-02   2.9481749e-01  -1.2343385e-01  -8.5681078e-02  -1.4870905e-01   5.4448722e-01   4.4780809e-01  -2.3445587e-03   3.1041382e-01   1.8662629e-01   3.3272271e-01   1.8841726e-01   5.4896726e-03  -2.4916503e-01  -2.2917982e-01   1.6556462e-01   2.1144519e-01   5.2256539e-01   4.3610370e-02  -7.1985686e-02  -3.0765895e-02   2.0152059e-01   8.3836605e-03  -6.0037548e-03   2.6295728e-01  -9.2336545e-02  -4.1909157e-03   2.1507894e-01   2.0021200e-02  -2.0134265e-01  -1.3780045e-01  -3.4396978e-01  -1.9486674e-01   1.9262253e-01   5.1434039e-02  -1.8913557e-01  -4.3712288e-02   1.2251038e-01  -3.5025862e-03   2.6601417e-02  -3.2973107e-01   5.8378819e-02  -2.2546989e-01   2.9715649e-01  -8.6706977e-02  -1.3169042e-01  -1.2619920e-01   1.0626993e-01   5.9233113e-02  -1.8242100e-01   3.2208185e-01   2.6916426e-02   6.7706688e-02   5.2197423e-02  -1.9501193e-01  -6.1971995e-02   8.5832264e-02   6.0334499e-02  -2.0284948e-01   1.5098461e-01
  -4.9668542e-01  -1.2923285e-02  -9.8188346e-02   2.9074157e-01   6.5842176e-01   4.2381764e-01   5.7561387e-01  -4.0889844e-01  -4.4727705e-01   0.0000000e+00   4.2906410e-02  -1.3220600e-01  -4.8870957e-03  -3.1885311e-01  -3.2000903e-01  -7.4173656e-02  -7.2672317e-02   4.7687030e-01  -8.5066889e-02   5.8961268e-01   1.0857628e-01  -1.5594191e-01   4.0174726e-01  -4.1345576e-01  -1.3143093e-01  -5.3348098e-01   4.9047292e-01  -3.3896204e-01   2.7690922e-01   1.7264847e-01   1.8982218e-02   1.5824868e-01   3.8408646e-02   4.8145723e-01  -2.6136992e-01   5.7627314e-01  -4.1674951e-01  -2.4983108e-01   3.8136064e-01   3.9358436e-01   3.4458474e-01  -7.3372260e-02  -2.2690617e-01  -3.7238404e-01   5.5131928e-01  -4.5379853e-01   3.1619117e-01   5.6590081e-01   1.0133390e-01   6.5628151e-02   4.3827936e-01  -4.4914822e-01   7.3912422e-02   1.1419794e-01  -3.6479660e-01  -5.6694095e-01  -5.2493998e-01  -2.0853986e-01   2.6202071e-01  -3.3471784e-01  -4.3226442e-01   4.3423924e-01  -3.7559740e-01  -2.9497896e-01   4.4603675e-01   4.9506450e-01   4.4957296e-01  -2.2559730e-01   4.6154670e-02  -4.1594533e-01   4.8334910e-01   1.3053216e-01   2.3950412e-01  -4.6038185e-01  -3.5968970e-02  -4.9928186e-04  -3.5715773e-01  -1.1196361e-01   4.7938953e-01   1.2688755e-01  -7.7334615e-02  -9.2859195e-02  -2.3558197e-01  -5.0826696e-01  -4.4018743e-01   2.1415353e-02  -9.6766775e-02  -3.4827402e-01  -5.2779850e-01  -2.8650014e-01   3.0735064e-01  -3.4082588e-01   4.1594918e-01  -4.6007485e-01  -3.5070084e-01   6.8121660e-01   4.3071960e-01  -1.5823751e-01   2.9523050e-01  -7.2866437e-02  -4.5299218e-01  -4.7304746e-01   2.6255186e-01  -3.4133456e-01   2.5956391e-01   1.1555664e-01  -2.2804123e-02  -1.0617289e-01   3.2239286e-01   5.7126430e-01   4.2887021e-02   2.6597017e-01  -1.8678005e-01  -4.4259139e-01  -4.3666557e-01   1.7869048e-01  -3.7819750e-01   3.0126216e-01  -1.8674792e-01   1.6566483e-01  -1.9782646e-01   4.1352804e-01  -2.9332959e-01  -2.0955792e-02  -2.7569948e-01  -4.7015111e-01   1.0691351e-01  -1.5106562e-01   1.7593620e-01  -1.3411799e-02   4.1060373e-01   4.6113039e-01  -3.0857166e-01   5.9336419e-02  -1.6061383e-01  -1.4260769e-01   2.8927608e-01   2.8738012e-01  -3.8010627e-01  -3.3937503e-01  -3.0369883e-01  -3.2207755e-01  -7.0678958e-02   2.9596477e-01  -9.6272699e-02   1.0304836e-01   5.1652628e-01   6.1311371e-01   6.3744797e-01   3.6343062e-01  -4.8924859e-01   1.6224659e-01  -7.0038765e-02   1.6383142e-01   3.1190617e-01  -2.1868317e-01  -3.6357829e-01   2.0523384e-01  -2.5507713e-01   3.5868773e-01  -1.1081784e-01  -1.1806475e-01   5.5209856e-01   2.7646716e-01  -1.4864709e-02   2.1761370e-01   2.6275301e-01  -4.7956121e-01  -3.5695407e-01   2.3898260e-01   2.7187841e-01  -1.7322026e-02   7.7295145e-02  -1.0822038e-01  -1.8050755e-01   3.2461213e-01  -3.1559325e-02
  -3.0604587e-01   6.5367637e-02  -2.3651405e-02   1.4622954e-01   3.8822176e-02   1.3473078e-01   1.6567094e-01   3.4209294e-01  -8.7723654e-02   4.2906410e-02   0.0000000e+00  -1.8836878e-01  -9.2284877e-03  -2.4978292e-01   4.9979604e-01   5.1332440e-02   3.4914774e-02   3.9388516e-01   9.9392182e-02  -7.3190242e-02   1.1099852e-01   1.5875286e-01   1.3873748e-01  -3.9079329e-01  -7.7444190e-02   1.8806817e-01   4.5505749e-02   1.3461724e-01  -1.4319326e-01   1.2850995e-01   5.4630403e-01   1.5643843e-01  -1.2325032e-01   2.0610647e-01   8.8346824e-02   1.8124512e-01  -1.3192421e-01  -3.3814165e-01   1.7891996e-01  -4.8915329e-02   2.1550649e-01  -1.6032853e-01  -1.6004271e-01   4.9935869e-01   3.9778859e-01  -6.3480932e-02   5.4707925e-01   7.9676013e-02  -9.1602893e-03  -2.7885879e-01   4.5528985e-01  -9.4542180e-02   7.8695060e-02  -1.6106568e-01  -2.3890492e-01   2.7699836e-01   1.4780435e-02   2.4215911e-01   2.3899804e-01  -2.5299996e-02   4.0534035e-02   2.2447416e-02  -8.8231005e-02   4.5495530e-01   4.4463488e-02   3.7948590e-01   2.0919263e-01  -7.3790587e-02   4.0447097e-01  -8.8875034e-02  -7.3759569e-02   1.6129486e-01   1.9719510e-01  -2.0168137e-01  -7.6217633e-02   3.4332412e-01  -7.0355973e-02   2.1096615e-01   4.6517061e-02  -1.0027495e-01   3.7261894e-01   2.0403157e-01   4.4752354e-01   2.3362357e-01  -8.1644863e-02   1.7015860e-01   6.3410143e-02  -2.8381578e-01   2.3520643e-02  -3.0016921e-01   4.2430584e-02  -5.9881232e-02   3.3384234e-02  -1.4795636e-01  -1.4062559e-01  -7.0604928e-02  -1.5647782e-01   1.4971086e-01   5.7065887e-02  -1.1702285e-01   4.1480553e-03   1.6192954e-01   3.8876149e-01  -1.7667569e-02   4.5444121e-01   2.5410896e-01  -3.4441300e-01   3.0067497e-01  -2.7915964e-01   1.0338387e-01   4.3881014e-01   3.4588815e-01  -1.4076621e-01  -3.5427132e-01  -5.3635820e-02   7.4325943e-02   3.2653177e-02   1.5807731e-01   2.3134957e-01  -1.9118204e-02  -1.9936883e-01  -3.3515147e-02  -1.4869325e-01   7.5471402e-02  -1.7774132e-01  -2.3507030e-01   6.7454336e-02  -2.1589831e-01   9.2586212e-02   3.9425996e-02   2.1594875e-01   3.3329241e-01  -1.3540391e-01   1.0144476e-01  -1.6160362e-01   3.9199571e-01  -1.0697056e-01   2.7434208e-01   2.4838599e-01  -4.2478756e-01  -3.2099824e-01   2.0693960e-02   4.2725928e-01   4.0884352e-02   3.8602474e-01   5.1992112e-01  -4.4147683e-03   2.2599785e-01   2.6305740e-02   1.1675642e-01  -1.3686396e-01   3.1417210e-01   9.3552660e-06   4.5248774e-01  -1.0559148e-01  -3.4389690e-01  -4.5395988e-05   1.0915551e-01  -9.3248211e-02   4.0770403e-01  -1.2039437e-01   7.0146098e-01  -4.4246494e-02   4.1173764e-01   3.0073870e-01   8.4310079e-02   5.6803426e-01   1.5166267e-01   1.2296039e-02   4.0354051e-02  -3.6084504e-02  -1.9830884e-01   2.1449414e-02   3.8209321e-02   2.4551398e-02  -7.8700263e-02   2.1656881e-01
   3.6122276e-01   6.0534894e-01   1.8032190e-01  -1.5934217e-01  -2.8896496e-01  -2.4774728e-03   1.6201564e-01   1.3827185e-01   2.3865260e-01  -1.3220600e-01  -1.8836878e-01   0.0000000e+00   1.7939762e-03   2.8664926e-01   6.3492765e-02  -2.2111083e-01  -1.2620857e-02  -3.8042187e-01   5.2834496e-02  -2.0386479e-01  -1.0909536e-01  -5.4615994e-02  -5.3864159e-02   2.9121899e-01   9.7471048e-02   1.3391814e-01  -4.0356354e-01  -1.0411346e-02   8.5592775e-02   3.3789962e-01  -7.0211339e-02  -6.2992138e-02  -3.2338807e-01  -9.1011186e-02   4.1095921e-01  -3.7946672e-01   1.9476578e-01   7.5436577e-02  -4.0538365e-01  -1.9982618e-01  -1.4300776e-01  -2.6640487e-02   4.6726355e-01  -3.9087094e-02  -3.3321859e-01   1.0489393e-01  -2.4312953e-01  -1.3126645e-01  -1.5134022e-01  -1.0790572e-02  -2.9270102e-01   3.1676282e-01  -1.4254514e-01   2.6865220e-01   4.4374166e-01   1.1261666e-01   2.1254908e-01   1.8370937e-02  -1.2408297e-01   5.9077881e-01   6.5226385e-03  -5.0504799e-02   2.2072296e-01  -4.7828613e-02  -2.4830794e-01  -3.2818375e-01  -8.8550213e-02   9.6188339e-02  -1.3776963e-01   1.8032789e-02   6.9293678e-02  -3.7655961e-01  -2.2040092e-01   5.0671861e-01   2.1559128e-01  -7.9028328e-03   3.0633772e-02   3.0299008e-02  -1.2420087e-01  -1.0306873e-01  -9.7785376e-02  -1.4978715e-01   7.6147117e-02   5.0868372e-02   2.1386872e-01   7.1330240e-02   2.1541464e-01   3.7814065e-01   2.2001382e-01   2.1140147e-01  -1.7991186e-01   1.0231816e-02   8.1682174e-02   2.8251851e-01   5.5784960e-02  -1.9810526e-01  -1.2671869e-02   1.4919698e-01  -1.9054433e-01  -5.8116958e-02   8.5390306e-02   1.5520202e-01  -1.4620779e-01   4.8497642e-01  -2.9868686e-01  -1.3736334e-01   3.5688382e-01  -1.7531810e-02  -1.4033318e-02  -1.6997517e-01   9.2209948e-02   2.5188392e-01   2.1983108e-01   2.7227661e-01   9.2466036e-02  -1.9645625e-01   2.2093313e-01  -3.4513620e-01  -8.3554514e-03  -1.9568144e-01   7.0772937e-02  -3.3869870e-02   4.5882214e-01   3.3041752e-02   1.2923235e-01   3.9803856e-01   1.5575219e-01   2.8785531e-02  -1.8384175e-01  -2.0529961e-01  -3.0205689e-01  -2.5676628e-01   5.3458931e-01   4.6878197e-02   1.6682768e-01   2.2207529e-02  -1.3088738e-01  -1.5736174e-01   8.8887720e-02   1.1046071e-01   1.8990025e-01   4.7180856e-02  -1.1124266e-02   1.0345200e-01   5.6875835e-02  -3.7776823e-01   3.8165459e-01  -3.0233068e-01  -1.5495394e-02  -2.6201799e-01   8.6340301e-02  -2.1101131e-01   2.8392690e-01  -3.3837946e-01   2.9310061e-01   1.5670570e-01  -1.0146489e-02  -1.2180288e-01  -2.4582611e-03  -2.7954209e-01  -7.3253727e-02  -1.7553189e-01  -1.4214767e-01  -2.8509018e-01  -8.1353216e-02   6.8371857e-02  -1.9423278e-01   6.3945489e-02   2.9280795e-01  -1.3670281e-02   9.1764057e-02  -2.3755895e-01  -2.8281327e-01   3.0890571e-01   3.6704156e-02  -2.9361610e-01  -1.7992749e-01
  -3.8350941e-01   1.3032010e-01   2.9540969e-02   4.6401179e-01   3.9661640e-01   1.1443933e-01   1.5262687e-01   3.9949687e-02   1.1173605e-01  -4.8870957e-03  -9.2284877e-03   1.7939762e-03   0.0000000e+00  -2.9556871e-01   1.8427581e-02   5.4876600e-01  -1.0309889e-01   3.7432530e-01   8.7781697e-02   5.1836554e-01   1.8828907e-01   1.7883231e-01   1.3410750e-01  -4.6910726e-01   4.4431354e-01  -5.5651320e-02   2.4799137e-01  -1.0415885e-01   2.1362783e-02   3.1396490e-01   1.5836317e-01  -2.0308524e-02   3.1091342e-02   2.4227577e-01  -2.4960431e-02   3.6946251e-01   1.3895033e-01  -3.0922312e-01   4.4962851e-01   1.8711063e-01   7.2447484e-01   6.2248751e-02   9.8716313e-02   1.0407973e-01   2.7799945e-01  -2.9668656e-01   1.2301970e-01   2.2911938e-01  -3.9880473e-02   7.4291644e-02   2.4288214e-01  -1.7932663e-01   1.8304738e-01  -1.0551280e-02  -1.3367441e-01  -1.0744716e-01   1.3360150e-02   6.4812072e-02   4.8006188e-01   2.9810019e-02  -2.2528631e-01   2.6953679e-01   1.9124183e-01  -1.8210211e-03   2.1888452e-01   8.4027141e-02   1.5573817e-01  -1.8543117e-02   2.7639380e-01  -2.4622868e-01   1.0247751e-01   1.9033768e-01   4.9342821e-01  -2.8669139e-01  -7.3097787e-02  -9.2468159e-02  -2.1408372e-01  -1.8946631e-01   3.8682366e-01   3.3435740e-01   1.3669361e-01   4.8903860e-01   5.8005506e-02  -5.5664287e-03  -3.1502304e-01  -1.9262067e-01   1.0170487e-01  -2.7484308e-01   1.0367226e-01  -3.7890212e-01   3.5868542e-01  -1.0978613e-01   2.2964502e-01   8.8106034e-02  -2.6241734e-01   3.6433343e-01   1.9240721e-01   5.1026550e-02   5.8534701e-01   1.5790304e-01  -2.8848193e-01  -1.6353683e-01   1.0593645e-01   2.1913403e-02   2.2753716e-02   2.2952433e-01  -1.8328899e-02   1.0342668e-01  -9.4937624e-03   2.1586356e-01   2.3473129e-02  -1.5508930e-02   3.4904285e-01  -3.3755544e-01  -2.6112002e-01   2.2215111e-01  -9.7222717e-02   4.2424777e-01  -4.1475383e-02   4.1993983e-01  -3.5757539e-01   3.4709866e-01   1.0759921e-01   2.1582740e-01  -3.0326311e-01  -2.5439003e-01   1.6852359e-01   8.5134601e-02   2.7344002e-01  -1.0325555e-01   5.3258878e-01   1.9411880e-01  -2.5984245e-01   2.9641331e-01   1.9866555e-01  -1.7655181e-01   1.1638990e-01  -1.8313916e-02  -1.9020812e-01  -2.8258510e-01  -4.7545259e-01   5.9379752e-01   2.9868101e-02   1.4049923e-02   4.4638240e-03   1.7054222e-01   1.1453306e-01   2.5582511e-01   2.8904309e-01   5.7430975e-02  -2.6722217e-01   7.0339590e-02  -2.5832173e-01   6.8350209e-02   7.1891637e-02  -3.5754406e-01  -3.3283482e-01   4.9592154e-01  -1.6739647e-01   1.8309443e-01   1.0743563e-01  -1.2815540e-01   3.8779463e-01   1.9111295e-01   7.6276734e-02   2.2266863e-01   8.4665772e-02  -2.4582436e-01  -2.0085985e-01   2.5675495e-01   2.1861020e-01  -3.8949101e-01   4.6429753e-01  -3.6530990e-02   1.3066961e-02   6.7398249e-02   1.7036873e-01
   5.9965470e-01   9.6924016e-02  -1.9587278e-01  -3.6365050e-01  -4.8560577e-01  -1.7272627e-01  -2.2931201e-01   1.0585326e-01   1.5491801e-01  -3.1885311e-01  -2.4978292e-01   2.8664926e-01  -2.9556871e-01   0.0000000e+00   2.1980370e-01  -1.5761928e-01  -2.2330799e-01  -3.6918615e-01  -1.4198288e-01  -3.9453763e-01   6.4805477e-02  -2.0721539e-01   2.4323138e-02   6.0238899e-01  -5.7342497e-02   2.0814585e-01  -3.5573577e-01   2.6703709e-01  -4.9608428e-02  -1.7121414e-01  -9.2414173e-02  -7.2752863e-02  -1.6238318e-02  -1.1020341e-01   3.8558554e-01  -3.4101317e-01  -2.2276700e-02   1.6591969e-01  -3.7067286e-01  -2.2146855e-01  -4.6010934e-01   4.2046545e-02   2.3253079e-01   8.4275333e-02  -3.2714552e-01  -3.1791756e-03  -3.5683303e-01  -2.1742062e-01  -1.0247775e-01  -6.6540629e-02  -2.2541035e-01   3.3714907e-01   2.7632588e-03   1.9681425e-01   6.3045109e-01   3.5850908e-01   4.4602814e-02  -1.3506994e-01  -3.2178504e-01   3.2688395e-01  -5.1908131e-02  -2.9581826e-01   1.2544293e-01   2.8181685e-02  -2.5305803e-01  -3.1548673e-01  -2.5388445e-01   2.2485540e-01  -2.4804819e-01   7.2322298e-02  -9.4301326e-02  -2.7680279e-01  -2.4994272e-01   4.1265904e-01  -4.5316699e-03  -1.9420394e-01  -1.0554703e-01   5.3403600e-02  -2.4705741e-01  -1.0620345e-01   9.5465960e-02  -1.3917011e-01   6.7726589e-02   2.3827056e-01   3.1821308e-01  -1.6598759e-02   3.1500248e-01   6.8237579e-01   6.5459349e-02   2.3703120e-01  -4.1429680e-01  -4.7868579e-02  -1.0020288e-01   2.3202645e-01   1.4998101e-03  -3.5633640e-01  -9.9214774e-02  -4.2572644e-02  -5.2941481e-01   1.3614643e-01   3.8754518e-01   2.4365904e-01  -1.6000844e-01   3.0873132e-01  -2.3563178e-01  -2.6908640e-01   3.4488471e-01  -4.9727975e-02  -2.3368588e-01  -2.4145920e-01   1.7990470e-02  -1.0732599e-01  -9.6053655e-02   3.3620115e-01   3.7779530e-01  -2.0744827e-01   2.1246622e-01  -2.4312571e-01   1.3151480e-01  -2.2508158e-01   4.2499081e-02  -4.2152387e-01   2.6328230e-01   5.9277176e-02  -6.6372074e-02   5.1324194e-01   1.3487091e-01   2.0316628e-01  -1.9468741e-01  -1.6363818e-01  -3.8725402e-01  -2.5448410e-01   3.6350311e-01  -6.0601005e-02   1.5104147e-01  -1.2976438e-01  -1.5755959e-01   6.5807769e-02   1.5023845e-01   3.5731828e-01   5.1592481e-01   1.4000052e-02  -7.4614400e-02  -1.0695949e-01   2.7220113e-01  -2.3011803e-01  -6.6892713e-02  -3.8112110e-01  -2.5648613e-01  -1.0377294e-01   2.1110628e-01   6.7121390e-02   1.1164372e-01  -1.8962202e-01  -1.4253574e-01   4.0777327e-01   1.9930192e-02  -4.1006597e-01  -6.6683051e-02  -2.2015973e-01  -1.4292720e-03  -6.7661251e-02  -3.9563934e-01  -3.0612576e-01  -2.5511792e-01  -9.2122379e-02  -1.5504645e-01   3.1693251e-01   1.8200522e-01   4.7800812e-03  -1.3368640e-01   2.6785134e-01  -2.6078478e-01   1.4911851e-03  -8.1352605e-02  -2.5209715e-01  -3.0811851e-01
