   0.0000000e+00   4.4527264e-01   9.3704301e-02  -1.4729025e-01  -4.5381641e-01   1.8176769e-01  -3.8979437e-01   5.9637507e-01   1.8634043e-01  -3.5944836e-01  -7.6887522e-02  -8.7287208e-02  -4.3774077e-01   3.4811599e-01  -3.9975225e-01   1.0084895e-01  -1.4855082e-01  -5.1506408e-01   2.8033300e-01  -4.6889757e-01  -6.0980876e-01   4.3963324e-01  -4.8469309e-01   7.7467229e-01  -1.1486863e-01   6.9550283e-01  -2.8356825e-01   6.7824891e-01   2.3724619e-01   1.1510433e-01   2.4162843e-02   2.7061564e-01   1.4946979e-01  -3.4895824e-01  -8.7706566e-02  -6.2238725e-01  -4.8066627e-01   5.5822658e-01  -3.4149865e-01  -2.1781984e-01  -4.8602833e-01   3.0459592e-01   3.1949463e-01   5.5422302e-01  -5.1641311e-01   4.7101882e-01  -4.4483568e-01  -1.5027741e-01  -3.8700547e-01  -4.8112843e-02  -4.1504612e-01   6.1940821e-01  -4.8852963e-01   9.2313445e-02   2.6844370e-01   4.4454408e-01   3.3455772e-01   3.4444059e-01  -2.6268507e-01   6.6544336e-02   2.1204232e-01  -4.6977237e-01  -6.2414669e-02   8.6391586e-02  -3.8061943e-01  -4.2534252e-01   4.0979028e-03   7.4632764e-02   4.7277331e-02   1.8858509e-01  -8.7785932e-02  -3.4594366e-01  -3.6799764e-01   6.6943264e-01   1.5503083e-01   4.9152900e-01   3.6562203e-01   3.2146883e-01  -2.8929220e-01  -3.4604938e-01   4.6944345e-01  -4.0888413e-01  -4.2500419e-01   7.2736521e-01   4.8861219e-01   3.6624412e-01  -3.2823309e-01   4.1972738e-01   2.2590822e-01   8.8601985e-01  -2.5326832e-01   3.3595041e-01  -2.6898985e-01   2.3744682e-01   4.8900536e-01  -4.7255934e-01  -3.7507991e-01   4.8184339e-01  -3.3418257e-01  -4.5880049e-01   3.1645250e-01  -5.5683280e-02   3.2071745e-01   3.7495423e-01  -3.6517350e-01   8.8163638e-02   6.3065395e-03   4.6252505e-01  -3.4626651e-01  -5.1970867e-01  -2.7442692e-01   9.9581937e-02  -1.0281999e-02   9.0372768e-01   5.1628932e-01  -3.3086295e-01   4.3562601e-01  -3.9310708e-01   5.4092257e-01  -2.3080579e-01   6.7091117e-01  -2.9267435e-01   3.2053580e-01  -4.0863901e-01   7.2403354e-01   6.3182160e-01  -4.8270948e-01   5.1320604e-02   1.7682841e-01   3.5374717e-01  -4.8745269e-01  -5.4585037e-01   8.2436212e-01  -6.3598588e-01   1.4625139e-01   4.7230095e-01  -2.6946606e-01  -7.7925412e-02   5.9928532e-01   8.2876411e-01   7.7179702e-01   1.0520050e-01  -1.5523908e-01  -6.6538236e-02  -3.6779907e-01  -9.4703225e-02  -1.6954994e-01  -3.0535097e-01  -4.2780298e-01  -6.4067197e-01   6.8885886e-01   3.6975554e-01   6.2754442e-01  -3.3808953e-02  -1.2644819e-01   7.4420965e-01   6.5311293e-01  -3.7562496e-01   2.7452541e-01   4.2693665e-01  -7.1720012e-03  -1.8815656e-01  -4.2809086e-01  -3.5919932e-01   7.5367108e-02  -3.3309345e-01  -7.0701647e-02   6.8393734e-01   5.2097558e-01  -4.6469187e-01  -1.6872498e-01   4.6476649e-01  -4.1145219e-01  -1.1928155e-01  -2.0192720e-02  -7.0668428e-03   1.0507062e-01
   4.4527264e-01   0.0000000e+00   4.7945931e-01   3.2801999e-01  -5.4691122e-01   5.2179363e-01  -2.7233433e-01   5.3098529e-01   4.6326029e-01  -4.8962709e-01   2.6376994e-01   2.7611975e-01  -2.3782651e-01   2.5884478e-01  -3.6699058e-01   2.1737308e-01   3.7857357e-01  -2.4795335e-01   2.0844111e-01  -5.9936525e-01  -5.1212603e-01   5.4471442e-01  -5.9760399e-01   4.9926331e-01  -3.3881764e-02   5.3679567e-01   1.7996362e-02   2.0722496e-01   3.0312010e-01   7.0717352e-01   1.7620495e-01   3.1786138e-01   3.3488739e-01  -5.0501948e-01   2.1041041e-01  -5.6820149e-01  -5.0469025e-01   2.8393260e-01  -2.1738741e-01  -1.0186467e-01  -3.0967608e-01   4.5987205e-01   4.2970466e-01   3.1744800e-01  -3.0506405e-01   6.9200292e-01  -1.8876889e-01  -4.5605090e-03  -3.9810937e-01   1.7942877e-01  -1.8538762e-01   5.6822567e-01  -3.9426355e-01   2.2747419e-01   1.1183827e-01   1.7696006e-01   4.2533142e-01   4.7066172e-01  -9.1628191e-02   6.6784802e-01   5.9636648e-01  -5.3331968e-01   2.5826118e-01   2.5243366e-01  -2.5957846e-01  -3.4242646e-01   4.8209775e-01   1.4155563e-01   2.3027870e-01   6.3465936e-01   4.0847186e-02  -1.2089247e-01  -2.2760128e-01   5.8302536e-01   2.2083222e-01   4.7330839e-01   4.7981665e-01   3.5932419e-01  -4.7758361e-01  -2.3331682e-01   1.7878612e-01  -2.5111962e-01  -3.3488378e-01   3.5721392e-01   6.4136453e-01   3.6504216e-01   7.3228569e-02   6.5953066e-01   2.3522158e-01   5.1462682e-01  -4.7384275e-01   5.2417086e-01  -5.9593051e-01   6.2474302e-01   4.0258532e-01  -4.5947943e-01  -3.4723817e-01   4.7974485e-01  -3.3228041e-01  -5.4782847e-01   1.7070970e-01   2.1429340e-01   3.2758278e-01   8.0739994e-01  -1.3073950e-03   3.1136572e-01   2.6981226e-01   4.4002644e-01  -5.3586500e-01  -5.0340061e-01  -3.7924886e-01   4.8856079e-01   1.9152663e-01   4.9648271e-01   2.2196565e-01  -2.2895783e-01   3.4978218e-01  -4.8537339e-01   3.0403803e-01   7.2384170e-02   5.7881838e-01  -5.6453357e-01   2.3205243e-01  -1.5658840e-01   6.4712352e-01   7.4476738e-01  -5.0415608e-01   2.8643733e-01   5.2005004e-01   4.3093178e-01  -4.3007933e-01  -4.3380450e-01   6.6114810e-01  -3.6090532e-01   3.7263446e-01   6.1684544e-01  -2.4899426e-01   2.8394573e-02   5.4881074e-01   4.5533466e-01   4.3710368e-01   2.3979889e-01   2.8742557e-01  -2.7744255e-02  -4.8834492e-01   1.4115963e-01  -3.7395196e-01  -3.2164162e-01  -4.4024356e-01  -3.9436670e-01   6.3345807e-01   1.6270358e-01   5.6244305e-01   1.0381052e-01   8.2771897e-02   4.1527484e-01   5.7807801e-01  -2.4704087e-01   4.9506854e-01   2.3491890e-01  -1.3511974e-03   1.6669689e-01  -3.5152822e-01   6.8598069e-02   2.8023065e-01  -5.3490153e-01  -4.8766389e-02   2.7237818e-01   4.9476381e-01  -3.0369545e-01  -4.5818710e-01  -2.2987824e-02  -1.1897638e-01   6.1947711e-02  -1.6857726e-01   2.3523188e-01   4.4132323e-01
   9.3704301e-02   4.7945931e-01   0.0000000e+00   1.6589197e-01  -4.4805039e-01   4.6186226e-01  -9.0059779e-02   2.3855643e-01   2.2416332e-01  -2.8703025e-01  -2.6855545e-01   2.6828829e-01  -3.9329012e-01   7.3329776e-02  -3.8773314e-01   3.2536395e-01   7.7131246e-01  -3.2164088e-01   1.0261986e-01  -3.8751839e-01  -5.3276798e-01   3.2421967e-01  -5.2718955e-01   3.0022509e-01  -2.8124918e-02   2.4056402e-01   3.5040883e-01   9.1851466e-02   2.1681914e-01   2.2229898e-01  -1.5702154e-01   3.1025882e-02   4.2212913e-01  -1.5574802e-01   2.3618090e-01  -4.7374484e-01  -3.1532448e-01   4.1600665e-01  -1.2388441e-03   5.0214545e-01  -3.4416447e-01   3.8638973e-01   2.5774761e-01  -5.1851637e-02  -4.1900692e-01   4.8195981e-01  -3.0427674e-01   6.1659724e-02  -2.0827787e-01   8.0481609e-01  -3.7092650e-01   2.5369785e-01  -1.9666982e-01   4.5964897e-01   1.5056462e-01  -1.5507274e-01  -4.4329288e-03   2.4227928e-01  -1.6566118e-01   2.8027339e-01   7.2625506e-01  -3.3295165e-01   4.4043889e-01  -1.5993804e-01  -2.8530605e-01  -3.9436267e-01   4.6849071e-01   1.1085221e-01  -1.0611915e-01   7.7045514e-01   2.5502357e-01  -3.1453771e-01  -1.4705355e-01   2.3215132e-01   2.6661547e-01   1.5282797e-01   6.1599881e-01   1.8189584e-01  -3.7912539e-01  -2.6119670e-01   9.4016109e-02  -2.2540153e-01  -3.0573246e-01   1.2148607e-01   4.0215332e-01   1.0015925e-01   1.1231529e-01   3.0194648e-01   1.3054731e-01   2.2377655e-01  -3.7905233e-01   6.7827469e-01  -1.1441042e-01   2.7751623e-01   5.2629338e-01  -3.7219199e-01  -3.3592377e-01   1.9948393e-01  -1.8366979e-01  -3.1459219e-01   4.2094830e-01  -1.9436667e-01  -2.6776892e-02   4.3393203e-01  -2.5225230e-01   2.2741565e-01   4.6951949e-01   1.9216484e-01  -2.6256770e-01  -3.1693501e-01  -1.3668041e-01   4.5855384e-02   7.1080345e-02   1.7968152e-01   3.3408481e-01  -1.7621566e-01   1.6167616e-01  -4.1917367e-01   2.2954203e-01   2.9268798e-02   4.2120301e-01  -3.7884755e-01   2.2016913e-01  -1.3268606e-01   3.4400386e-01   3.6445481e-01  -4.8167658e-01   3.6972327e-01   2.7301087e-01   4.8311922e-01  -3.5881800e-01  -2.7415650e-01   2.2109454e-01  -1.6553509e-01   2.0913092e-01   2.4451647e-01  -4.3133873e-03   2.5637168e-01   2.2876269e-01   2.9956957e-01   1.2512469e-01  -1.0683513e-02  -2.2232584e-01   2.6831567e-01  -3.6695806e-01  -1.2066659e-01   2.5070707e-01  -4.7352629e-01  -3.4318137e-01  -4.1187681e-01   4.1042547e-01  -2.8991039e-02   4.6402672e-01  -1.3811819e-01   5.9669378e-01   2.9608713e-01   3.9932034e-01  -2.8437589e-01   7.3942518e-01  -8.9182089e-02  -2.1931010e-01  -2.6762190e-01  -4.8234289e-01  -1.2655150e-01   2.5108474e-01  -2.0599914e-01  -2.1704516e-01   7.0443364e-02   4.1895671e-01   1.0181459e-01  -2.8633698e-01   9.0922490e-02  -2.7461179e-01   4.4462342e-02   7.2274595e-02   1.3769450e-01   3.9711993e-01
  -1.4729025e-01   3.2801999e-01   1.6589197e-01   0.0000000e+00  -2.3046399e-01   2.3248695e-01   1.6520083e-01  -2.7057407e-02   2.9728626e-01  -1.3789209e-01   3.7331465e-01   1.7769929e-01   3.7705539e-01   2.4797185e-01   2.8937440e-01   4.5717163e-01   2.3764679e-01   4.6960803e-01  -4.4087113e-02  -1.3311346e-01  -5.0156164e-03   4.7169688e-01  -1.3272448e-01  -1.1445643e-01   1.1913663e-01   6.8793198e-03   1.6085292e-01  -1.0916799e-01   7.7691696e-02   4.9383674e-01   3.9125795e-01   5.5907432e-01   3.7250944e-01  -4.4512723e-02   2.0948009e-01   6.6477381e-02  -9.6511707e-02  -1.6340480e-01   2.7438291e-01   7.5936542e-03   3.9891240e-01   3.9697674e-01   3.2276844e-01  -3.5999863e-02   1.9829207e-01   1.5745798e-01   4.9770540e-01  -5.2591151e-02   1.1788919e-01  -8.3651582e-02   3.2699800e-01   4.7149685e-02   1.5622789e-01   1.2925955e-01  -1.5674317e-01  -8.4288380e-03  -1.7480255e-02   4.8949139e-01   5.2240702e-01   4.7420313e-01   2.8966909e-01  -1.0180011e-02   2.5642157e-01   3.3741816e-01  -8.9470782e-02  -2.3248020e-01   2.9483037e-01   6.5067271e-01   4.2822283e-01   1.7010473e-01  -8.2802403e-02   5.7866752e-01   3.9144743e-01   1.7598115e-02   1.5875728e-02   3.2340865e-01  -2.9128874e-02  -3.9237665e-02  -3.6188888e-01   1.4985600e-01   5.7899134e-02   1.1808986e-01   1.6307466e-01  -1.5621518e-01   2.5678599e-01   3.6153763e-01   2.1096379e-01   1.4614178e-01   1.8892412e-01  -1.4107383e-01  -5.1151886e-01   1.7742819e-01  -2.1773129e-01   5.1427519e-01  -6.3680775e-02  -2.9811883e-01   2.3979760e-01   8.6388442e-02   3.6486379e-01  -6.0220353e-02   4.9025316e-03   2.7597888e-01   3.1004133e-01   4.0457159e-01   5.5688393e-01   7.4176998e-01   3.2566122e-01   9.0200225e-03  -1.3773192e-01  -1.8019153e-01   9.2299365e-02   2.9467396e-01   8.0857590e-01  -1.0850380e-01  -2.9386860e-02  -1.7841605e-01  -5.9252233e-02  -1.5747810e-02  -4.3800013e-02   8.2833522e-01   3.5986449e-02  -4.6529280e-01   8.6184468e-02   4.0202941e-01  -9.9003314e-02   1.1318320e-01  -4.0243235e-02   1.0093919e-01   7.4037762e-01   6.1092977e-02  -1.0700175e-01   2.1393534e-01   3.0953335e-02   1.5541620e-01   6.5262586e-01   2.6811659e-01   8.8701669e-02   1.3083034e-01   1.4433176e-01  -5.4364028e-02  -1.5393702e-01   2.6469071e-01   3.4773786e-01  -1.2459970e-01   2.0273768e-01   6.8169937e-01  -1.6432713e-01  -2.0942990e-01  -2.5052376e-01  -1.2377969e-02   1.4315680e-01   1.0097815e-01   8.6379414e-02   8.3491488e-02   6.5207312e-03  -1.3261700e-01   7.1626046e-02   4.6592769e-01   1.5080979e-01   1.1464379e-01   2.7148340e-01   2.2605141e-01  -8.5034412e-02   6.9087760e-01   6.3686420e-01  -1.9852775e-01   2.5959352e-01  -4.4138239e-02   8.8146598e-02   4.5393865e-02  -4.8009005e-01  -4.7997193e-01   3.9180157e-01  -9.4529005e-02  -2.6368393e-01   3.8542001e-01   6.4616225e-01
  -4.5381641e-01  -5.4691122e-01  -4.4805039e-01  -2.3046399e-01   0.0000000e+00  -3.4715839e-01   2.6739366e-01  -3.8600555e-01  -2.9588155e-01   6.3675112e-01   1.2616580e-01   5.3946319e-02   3.3508744e-01  -4.7859485e-01   8.0275521e-02  -3.7042233e-01  -2.1320855e-01   4.4973680e-01  -1.4570376e-01   8.0980294e-01   5.1590765e-01  -6.0443063e-01   5.1212198e-01  -4.8453201e-01  -7.0070187e-02  -4.3111895e-01   1.6287216e-01  -5.7702888e-01  -5.0404369e-01  -3.4165314e-01  -1.7420708e-01  -2.1965386e-01  -6.3120192e-01   3.0329204e-01  -1.7757175e-01   8.2749248e-01   5.7636911e-01  -5.0481922e-01   1.4307536e-01  -7.2500784e-02   4.0619206e-01  -6.2661778e-01  -3.0777332e-01  -4.2192383e-01   6.6713497e-01  -5.4968208e-01   1.8052389e-01   2.1331073e-01   4.0303195e-01  -1.4656504e-01   5.6366455e-01  -3.8117780e-01   2.1285445e-01  -5.0423302e-01  -3.1302020e-01  -2.9794043e-01  -1.4984425e-01  -2.8594398e-01   2.3700776e-02  -3.4053424e-01  -5.3134929e-01   6.8977398e-01  -2.9784697e-01  -2.7807540e-01   5.2943771e-01   7.8067619e-01  -1.7260406e-01  -8.3113053e-02  -2.0780428e-01  -5.0440376e-01   1.0344640e-01   3.7942950e-01   2.3254109e-01  -6.2182320e-01  -4.4497228e-01  -4.8999696e-01  -5.2806702e-01  -2.4349639e-01   8.5062568e-01   6.5256094e-02  -4.7734336e-01   3.2475127e-01   2.5200891e-03  -4.3135979e-01  -6.7566083e-01  -3.0486353e-01  -5.8408560e-02  -4.2558081e-01  -3.7040385e-01  -5.3166367e-01   8.3728146e-01  -5.6415973e-01   3.1830311e-01  -3.6323402e-01  -5.4826759e-01   8.0352762e-01   3.7501598e-01  -3.4066365e-01   3.6766336e-01   5.3347421e-01  -5.9272573e-01   8.4155402e-02  -4.6483966e-01  -6.6793384e-01   1.8796562e-01  -3.8236035e-01  -5.5142888e-01  -2.4136437e-01   5.9537801e-01   6.7264685e-01  -1.0479676e-01  -7.0995492e-02  -2.9600703e-01  -5.3115998e-01  -6.7497310e-01   5.7343858e-01  -3.3597412e-01   7.3993449e-01  -6.3182669e-01   9.3363187e-02  -6.4938736e-01   8.5608265e-01  -1.2579161e-01   2.0716246e-01  -5.9760684e-01  -6.1716198e-01   7.1752201e-01  -4.7155088e-01  -5.3841841e-01  -6.5644248e-01   5.7408472e-01   5.1938507e-01  -5.7219733e-01   3.2527392e-01  -4.1766158e-01  -4.7962171e-01   7.9684743e-02  -3.0230290e-01  -3.5998233e-01  -5.4929205e-01  -4.2820429e-01  -1.9044076e-01   2.0896192e-01  -3.6093196e-01   8.5399719e-02  -2.1239692e-01  -7.4535334e-02   8.1618384e-01   6.8050385e-01   4.5286832e-01  -7.2892505e-01  -5.4184676e-01  -6.3362135e-01   2.4819894e-01  -2.0369313e-01  -4.9568456e-01  -6.3525708e-01   3.2648205e-01  -5.5253163e-01  -3.9404297e-01   1.3195495e-01   1.5419038e-01   7.3610665e-01   1.3570622e-02  -1.3701503e-01   5.5216251e-01   3.1456117e-01  -5.2855806e-01  -5.3041924e-01   2.4793247e-01   8.0614699e-01  -3.0638192e-01   4.5401563e-01  -1.5390123e-01   1.8829810e-02  -2.3350453e-01  -4.0583839e-01
   1.8176769e-01   5.2179363e-01   4.6186226e-01   2.3248695e-01  -3.4715839e-01   0.0000000e+00   9.0791431e-02   4.7548063e-01   2.2251838e-01  -1.3297802e-01   9.1119091e-02   4.0665721e-01  -2.0373064e-02   2.0100238e-01  -1.8498820e-01   4.7640923e-01   4.4833823e-01  -1.9371186e-01   3.8501112e-01  -4.6233381e-01  -3.6178562e-01   4.3724363e-01  -2.5750897e-01   1.8174463e-01  -2.0512987e-01   5.3650058e-01   2.7794643e-01   2.5131683e-01   8.0901217e-02   4.6374723e-01   1.6238584e-01   1.9820950e-01   3.5792951e-01  -2.2532553e-01   2.3336811e-01  -3.7596518e-01  -1.4827366e-01   2.4937585e-01   1.6459550e-01   1.3481261e-01  -8.8743408e-02   5.0488301e-01   1.6760250e-01   2.7345175e-01  -2.2144572e-01   4.7675179e-01  -9.9740949e-02   6.5917059e-02  -1.5666601e-01   1.9834253e-01  -1.9985947e-01   5.1046779e-01  -2.3829686e-01   2.5370680e-01   5.2332921e-02   1.8708419e-01   4.7488223e-01   3.9593867e-01   7.3189289e-02   5.2203886e-01   5.9908131e-01  -3.0801615e-01   1.1707694e-01   2.4724808e-01  -4.1061694e-01  -2.3693439e-01   8.1607273e-01   1.0757556e-01   2.6819060e-01   5.5419350e-01   1.0293359e-02  -1.8334255e-01  -1.3011081e-01   3.0012284e-01   7.0517765e-02   4.2306232e-01   3.7412933e-01   4.8033707e-01  -3.4303808e-01  -4.6648086e-01   4.0568145e-01  -1.9743631e-01  -6.0287741e-02   3.3657038e-01   4.3385831e-01   4.6691596e-01   2.2437916e-02   2.9501780e-01   1.6638791e-01   2.7910386e-01  -4.4100949e-01   4.1635582e-01  -2.8449490e-01   4.0674969e-01   3.9484044e-01  -4.0828054e-01  -2.7647423e-01   5.4338383e-01  -1.4190221e-01  -2.6890803e-01   2.2408966e-01   2.6191299e-01   3.7281788e-01   5.1212231e-01  -8.3698788e-02   3.5022418e-01   2.8305751e-01   5.2238251e-01  -4.0059669e-01  -2.4341867e-01  -1.0410376e-01   3.6219940e-01   1.6659767e-01   2.3870979e-01   3.3954804e-01  -2.4172351e-01   3.4416604e-01  -2.9949901e-01   3.7937342e-01   7.3048177e-02   3.0658270e-01  -4.0233464e-01  -3.7819693e-02  -3.0934770e-03   3.6518725e-01   3.8657084e-01  -3.6747586e-01   1.1510864e-01   3.7937291e-01   4.2123253e-01  -3.3175256e-01  -2.4402912e-01   3.7980805e-01  -3.0664465e-01   2.3697475e-01   5.7192695e-01  -3.9782981e-01   3.0076195e-01   5.6916194e-01   2.8763798e-01   1.9070382e-01   4.1141260e-01   1.9766105e-01   1.0444358e-01  -1.9520119e-01   1.9326286e-01  -1.3143925e-01  -1.2511755e-01  -1.8331243e-01  -3.3344868e-01   4.5556998e-01   2.8884194e-01   3.7020950e-01  -1.0089281e-01   3.2218997e-01   6.5792641e-02   3.8986906e-01  -3.0661562e-02   4.5915309e-01   3.4431214e-01  -2.4071600e-01   1.4602224e-01  -1.5433689e-01  -4.1010447e-03   4.4033207e-01  -3.6003802e-01   5.4310965e-02   2.9064442e-01   3.1282119e-01  -7.8834698e-02  -2.8151565e-01  -2.3517979e-01  -3.0212726e-01   1.1017716e-01  -1.9554881e-01   6.0587830e-03   5.9784840e-01
  -3.8979437e-01  -2.7233433e-01  -9.0059779e-02   1.6520083e-01   2.6739366e-01   9.0791431e-02   0.0000000e+00  -4.9204331e-01  -2.1810778e-01   2.8485063e-01  -1.0020081e-01   4.1311646e-01   3.2905486e-01  -3.9801418e-01   3.3278072e-01   2.4185798e-01   2.3218255e-01   2.8267967e-01  -2.6871309e-01   1.6781858e-01   3.2018565e-01  -4.2598758e-01   4.1930051e-01  -4.8218727e-01  -4.4036722e-02  -4.9023734e-01   4.2229689e-01  -2.8189178e-01  -2.2280558e-02  -2.3261426e-01  -1.5931593e-01  -1.9739998e-01  -7.0387175e-02   5.4737312e-01   4.8517126e-02   3.2998661e-01   3.0193294e-01  -3.9910045e-01   3.6634687e-01   2.1439129e-01   3.7072020e-01  -3.8102822e-02  -7.5370366e-02  -4.5302230e-01   5.6703781e-01  -3.2928746e-01   2.5947376e-01   4.2817098e-01   2.7029049e-01  -4.3110025e-02   4.2504059e-01  -5.2368230e-01   4.3274538e-01  -2.3460316e-01  -3.8218525e-01  -3.3192607e-01  -1.1129297e-01  -3.2315798e-01   3.8862555e-01  -1.0526099e-01  -3.0121286e-01   3.9181860e-01   3.2763328e-02  -1.6180479e-01  -3.2641470e-02   3.2164020e-01   2.4360437e-01   9.7732877e-02  -1.5445303e-01   7.9259646e-03   2.4089043e-01   1.6504301e-01   9.4434979e-02  -3.7215263e-01  -4.1795660e-01  -2.8010309e-01  -3.2421429e-01  -2.3322961e-01   1.9402669e-01  -6.3549927e-02  -1.2339622e-01   4.2260665e-03   2.7560392e-01  -4.8005174e-01  -1.7604523e-01  -1.8523310e-01   2.6611471e-01  -5.1971629e-01   6.6283290e-02  -3.6852811e-01   7.9190164e-02  -4.7727878e-01   2.6644628e-01  -3.5419352e-01  -4.0277772e-01   1.2813776e-01   3.1827383e-01  -4.6007862e-01   4.1361641e-01   5.1757634e-01  -2.1431841e-01   2.1785052e-01  -2.4021246e-01  -3.1513500e-01   2.3160106e-01  -1.6019833e-02  -2.2351679e-01  -4.9392154e-01   2.6070192e-01   4.8116848e-01   3.5642256e-01  -1.8994755e-02   9.0641433e-02  -3.8162273e-01  -2.3160255e-01   2.2483817e-01  -3.6421791e-01   1.9914805e-01  -3.2692969e-01   1.8737057e-01  -4.2982209e-01   1.7886566e-01  -2.5299889e-01   2.8113140e-01  -4.3735046e-01  -4.3424132e-01   4.5450712e-01  -4.0161798e-01  -1.3501196e-01  -1.1983400e-01   2.9682791e-01   4.3471616e-01  -4.4998115e-01   3.6368699e-01  -2.9463203e-01  -3.4334560e-01   7.6611727e-02   2.8433848e-01  -4.0737154e-01  -4.1787528e-01  -3.7663396e-01   2.7927888e-02   1.0944286e-01   1.2946315e-01   3.8747317e-01  -7.8765936e-02   3.4185102e-01   2.4067603e-01   1.9044729e-01   3.4443988e-01  -3.9463582e-01  -2.6665726e-01  -3.4794993e-01  -1.3145993e-01   3.6735910e-01  -4.1839142e-01  -3.7144239e-01   5.1793660e-01  -3.8474369e-01  -1.5075210e-01  -6.7539959e-02   2.1817653e-02   2.8414081e-01   6.9864366e-02  -5.5262289e-02   5.3428808e-01   1.6967739e-01  -4.1511298e-01  -3.1272890e-01   3.7231404e-01   5.8551050e-02  -3.6659494e-01   7.6376482e-02   2.5783262e-01  -1.1778359e-01  -3.5838115e-01  -1.0442676e-01
   5.9637507e-01   5.3098529e-01   2.3855643e-01  -2.7057407e-02  -3.8600555e-01   4.7548063e-01  -4.9204331e-01   0.0000000e+00   2.9036131e-01  -3.7694297e-01   1.2237422e-01  -9.0298720e-02  -2.9408070e-01   3.2263954e-01  -3.9281485e-01   2.0059004e-03  -5.4319365e-02  -3.9076135e-01   4.2503953e-01  -5.2841554e-01  -5.1460440e-01   5.9403559e-01  -4.9843966e-01   5.0300437e-01  -3.7342658e-02   8.5779386e-01  -2.2944649e-01   4.6670657e-01   1.0510269e-01   3.2233935e-01   2.3041670e-01   3.5517014e-01   1.2521373e-01  -4.9987338e-01   2.9888580e-02  -6.2131771e-01  -3.0973335e-01   4.4164790e-01  -3.4944272e-01  -2.6201865e-01  -3.9368895e-01   2.7732265e-01   2.7350241e-01   7.6380690e-01  -4.3598283e-01   5.3515876e-01  -4.5548793e-01  -1.7012848e-01  -2.8920120e-01  -3.9521488e-02  -4.0644845e-01   8.7205115e-01  -5.0086633e-01   1.5903143e-01   2.4247446e-01   5.7249380e-01   5.0817986e-01   5.1825081e-01  -1.8186928e-01   2.3177064e-01   4.9094914e-01  -4.2054944e-01  -5.6674195e-02   3.6651906e-01  -2.7181274e-01  -3.8255752e-01   2.5424148e-01   9.0974226e-02   2.8093941e-01   2.8751510e-01  -1.2385758e-01  -2.5758781e-01  -3.1161752e-01   4.2567250e-01   2.8033623e-01   6.5007850e-01   4.9185918e-01   6.6461404e-01  -2.6566962e-01  -3.0880399e-01   4.3985939e-01  -3.1212950e-01  -3.3317809e-01   7.9492701e-01   3.9020914e-01   5.9932531e-01  -2.9211647e-01   4.8511974e-01   2.2297123e-02   5.3658736e-01  -2.4271853e-01   4.9048931e-01  -4.5155145e-01   4.7012413e-01   4.8780898e-01  -3.2987315e-01  -5.0373724e-01   7.6477371e-01  -4.2925471e-01  -5.2576504e-01   2.0501791e-01   2.2246870e-01   4.2191251e-01   4.9489637e-01  -2.3882305e-01   1.9218638e-01   1.2217376e-01   8.2455054e-01  -4.0330338e-01  -4.7119275e-01  -3.2656368e-01   1.8654547e-01   4.7333041e-02   5.7140178e-01   3.7002212e-01  -2.7297318e-01   6.7874034e-01  -2.6847554e-01   4.6934600e-01  -1.8813159e-01   4.9951170e-01  -2.9861421e-01   2.2671086e-01  -1.6563290e-01   6.2891600e-01   5.0353572e-01  -4.6265248e-01   2.5408268e-01   3.2189079e-01   2.1844802e-01  -4.9699273e-01  -4.9982407e-01   6.4825355e-01  -5.4072743e-01   3.0940156e-01   7.6872175e-01  -2.9630919e-01  -4.4906015e-02   8.3211251e-01   5.5827530e-01   5.2076865e-01   2.0790993e-01   7.4050138e-02  -1.9769544e-01  -3.8859217e-01   1.2095328e-01  -4.0007220e-01  -2.0135241e-01  -3.7202750e-01  -6.2143688e-01   5.9751713e-01   4.2968228e-01   5.0888614e-01   1.1071946e-01  -2.6027502e-01   4.1442621e-01   5.3290052e-01  -4.1489549e-01   4.3727049e-01   4.9625243e-01   1.5158770e-02   1.1617896e-01  -2.8388588e-01  -1.8452196e-01   2.3104050e-01  -5.0775631e-01   4.1794527e-02   5.8808087e-01   3.4617545e-01  -4.0654096e-01  -1.3358617e-01   3.8568747e-02  -3.1580334e-01  -2.8658933e-01  -1.1438808e-01   7.9314152e-02   3.4055931e-01
   1.8634043e-01   4.6326029e-01   2.2416332e-01   2.9728626e-01  -2.9588155e-01   2.2251838e-01  -2.1810778e-01   2.9036131e-01   0.0000000e+00  -4.0177449e-01   2.5222624e-01   2.3331125e-01  -3.9493203e-03   9.0448963e-02  -3.4865670e-01   2.3052614e-01   1.1567187e-01  -1.0577225e-01   7.0771387e-02  -3.8537421e-01  -4.1288027e-01   4.5330569e-01  -5.3391839e-01   1.2498628e-01  -9.5024287e-02   2.9019970e-01   2.2998310e-01   1.4387441e-01   2.5266135e-01   4.0268180e-01   4.5665959e-01   2.5109011e-01   4.4299865e-01   4.2748393e-02   5.6390160e-01  -2.7186199e-01  -2.3455160e-01   2.3552731e-01  -1.0011375e-02   1.7896739e-01   1.3985840e-02   4.7474184e-01   6.0166466e-01   1.8092033e-01  -2.3900430e-01   1.0263839e-01  -1.5560638e-01   3.7704007e-01   1.4803447e-01   3.1427210e-01  -2.5504420e-01   2.9879205e-01   3.5041741e-02   2.5981008e-01  -5.0894811e-02   5.0256349e-02  -8.6801255e-03   3.0404060e-01   1.2933202e-01   3.9575188e-01   3.3562209e-01  -1.3206487e-01   6.0673857e-01   2.9395904e-01   2.3060002e-01  -4.5714473e-01   2.1060888e-01   3.5946431e-01   1.0527154e-02   8.1886568e-02   5.0342269e-01  -2.3835084e-02   2.4373287e-01   9.3431540e-02   1.3525641e-01   4.2641498e-01   3.1084826e-01   1.4954565e-02  -9.7630022e-02  -3.7064934e-02   1.1373372e-01   1.2740143e-01  -1.4164290e-01   1.6950238e-01   9.0372698e-02   2.9337609e-01   2.7954796e-01   1.6900178e-01   4.3793752e-01   1.6322264e-01  -2.4409794e-01   3.7790544e-01  -1.8122788e-01   6.9196689e-01   2.5247499e-01  -2.7086548e-01  -2.5102959e-01   4.0105346e-01   1.0869574e-01  -4.4006218e-01   1.4102127e-01  -2.5271367e-03   4.7707371e-02   6.3962571e-01  -1.0855851e-01   3.9677767e-01   4.2059511e-01   2.0953107e-01  -2.7548277e-01  -1.6911502e-01  -2.1352098e-01   6.2577806e-02   2.5638218e-01   1.8825277e-01   1.1063903e-01   2.0378029e-01   1.1284906e-01  -1.0934093e-01   1.1821930e-01   6.0781700e-02   2.2701614e-01  -3.6621895e-01   2.1837611e-01   3.3394153e-01   2.2803008e-01   2.6375066e-01  -4.0073493e-01   3.7135887e-01   3.6262666e-01   1.0669550e-02  -1.8216104e-01   1.2686167e-01   2.3148523e-01   8.3059416e-02   3.6717445e-01   3.7064479e-01  -1.8062783e-01   6.7174989e-02   2.9728312e-01   2.7537748e-01   2.5666507e-01   2.8553487e-01  -2.6191940e-02  -2.3623259e-01  -1.5562821e-01   2.1304075e-01  -8.2144191e-02  -2.1721420e-01  -5.1998865e-01  -4.5748738e-01   2.9019497e-01   4.6904520e-02   2.2264703e-01   4.1808013e-01   1.3528086e-01   7.8092686e-02   2.3885771e-01  -7.9663304e-02   2.8951856e-01   1.1411871e-01  -7.0039514e-03  -1.7135616e-01  -2.1683318e-01   2.5854650e-01   3.9029367e-01  -1.2999487e-01   1.3814070e-01   1.2400470e-01   1.6983063e-01   1.8129742e-01  -3.2983069e-01  -1.9906047e-02   1.2631307e-01  -2.7984278e-01  -8.9349292e-02   4.9242442e-01   4.2717870e-01
  -3.5944836e-01  -4.8962709e-01  -2.8703025e-01  -1.3789209e-01   6.3675112e-01  -1.3297802e-01   2.8485063e-01  -3.7694297e-01  -4.0177449e-01   0.0000000e+00  -3.8386421e-02  -3.4263542e-02   3.0185487e-01  -3.6313810e-01   1.4407427e-01  -2.1389755e-01  -1.1609397e-01   3.6748443e-01  -1.7599308e-01   6.8935189e-01   4.9320682e-01  -3.9184782e-01   5.8651763e-01  -3.9188207e-01   1.1193806e-01  -3.4382324e-01   6.3961233e-02  -4.0762809e-01  -5.2649801e-01  -2.8308284e-01  -2.1950893e-01  -2.1470450e-01  -4.3960591e-01   3.0486630e-01  -2.3170563e-01   6.4804618e-01   6.0317489e-01  -3.6486963e-01   2.3510027e-01  -2.8532868e-02   3.1236595e-01  -4.7809197e-01  -4.4294587e-01  -3.7872846e-01   3.6343717e-01  -3.7672694e-01   1.6316651e-01   8.4208526e-02   3.1541070e-01  -1.9560906e-01   3.6135969e-01  -3.2394375e-01   2.6870119e-01  -4.7812316e-01  -1.6996584e-01  -2.7635895e-01  -1.1759956e-01  -1.9802382e-01  -6.4825430e-03  -2.5802465e-01  -3.5963375e-01   4.7180952e-01  -3.1964313e-01  -2.8202874e-01   1.9414002e-01   5.9034190e-01  -7.8519397e-02  -6.3902151e-02  -7.6363630e-02  -3.4261806e-01  -7.6983537e-02   2.4525240e-01   3.0931425e-01  -4.6678146e-01  -2.4570813e-01  -4.6704730e-01  -4.5265690e-01  -2.2332867e-01   5.6844038e-01   9.7170675e-02  -3.0194694e-01   3.4482678e-01   1.6781528e-01  -3.0234580e-01  -4.5387960e-01  -2.7506512e-01   1.5393966e-02  -3.1694887e-01  -3.2677507e-01  -4.3565314e-01   5.3232502e-01  -4.2803980e-01   4.0436417e-01  -3.6190692e-01  -3.4924604e-01   5.0700443e-01   4.3737295e-01  -3.0426391e-01   3.8939361e-01   6.9583327e-01  -2.7588094e-01  -1.4563592e-02  -3.5818661e-01  -5.7236430e-01   2.0932063e-01  -2.7352753e-01  -3.2764383e-01  -1.8488343e-01   4.7352963e-01   6.0249379e-01   1.2376679e-01  -9.3351338e-02  -1.1748998e-01  -4.2157787e-01  -3.8299056e-01   2.7755325e-01  -2.0584792e-01   5.8938916e-01  -3.6721389e-01   1.2690749e-01  -5.0022473e-01   6.2433011e-01  -1.4319447e-01   1.8687522e-01  -5.0062633e-01  -5.0174171e-01   5.2894295e-01  -3.2843882e-01  -3.3528809e-01  -3.9938242e-01   4.3081113e-01   3.4165628e-01  -4.2581096e-01   3.1597279e-01  -2.0031019e-01  -4.2741827e-01   9.6597763e-02  -5.3035748e-02  -3.3259312e-01  -3.5364778e-01  -4.3176439e-01  -1.7061926e-02   1.1123281e-01  -7.2150698e-02   1.4247782e-01  -1.3099631e-01   7.5902081e-02   6.5023086e-01   6.6287086e-01   5.1295060e-01  -5.4918638e-01  -3.6111754e-01  -4.8019904e-01  -9.6532986e-02  -6.7118584e-02  -3.7861139e-01  -3.5073000e-01   2.1135256e-01  -4.2596084e-01  -3.7276998e-01   1.8019390e-01   7.8429213e-02   7.1238988e-01   1.9550474e-02  -9.0603940e-02   3.6605054e-01   6.1164774e-02  -3.3572574e-01  -4.0637622e-01   2.3528637e-01   5.1832541e-01  -1.8604953e-01   2.6848859e-01   1.9992425e-03  -2.6251145e-02  -1.9156855e-01  -2.7267886e-01
  -7.6887522e-02   2.6376994e-01  -2.6855545e-01   3.7331465e-01   1.2616580e-01   9.1119091e-02  -1.0020081e-01   1.2237422e-01   2.5222624e-01  -3.8386421e-02   0.0000000e+00   3.9426588e-01   2.8567193e-01   7.7249269e-02   1.5616105e-01  -3.8776179e-02  -2.7402791e-01   4.4927504e-01   1.7956056e-01  -3.5384210e-02   9.3560809e-02   2.5923059e-01  -1.0101621e-01  -9.2196606e-02   1.5264822e-02   1.3374921e-01  -1.9744061e-01  -1.7815123e-01  -3.6537180e-02   4.8096214e-01   4.7848398e-01   4.6685467e-01  -1.3215914e-01  -1.8818808e-01   1.4882747e-01   2.1828237e-01  -4.3415235e-02  -3.3814226e-01   3.1850961e-02  -5.6305933e-01   2.8351869e-01  -6.7456963e-02   2.9899909e-01   2.2093975e-01   4.2590343e-01  -1.4120119e-01   4.6757727e-01   3.0380602e-02   1.1155526e-01  -3.8323262e-01   4.5911541e-01   1.2177430e-01  -1.5910428e-01  -3.5712244e-01  -3.0705629e-01   2.3235731e-01   2.8148610e-01   3.4248199e-01   3.4539140e-01   3.4658357e-01  -7.1403408e-02   2.8686618e-03  -1.0008707e-01   5.8813932e-01   4.0424330e-01   2.4759338e-01   4.8034088e-02   1.2959691e-01   4.8866698e-01  -2.2014430e-01  -1.0473020e-01   5.4892839e-01   1.9114871e-01   3.4044184e-02  -2.0388050e-01   2.4692365e-01  -2.8325442e-01  -3.6316908e-04   1.4148645e-02   6.3718842e-02  -1.6745349e-01   1.1508302e-01   1.1762758e-01  -3.8528838e-02  -1.2479355e-01   2.9476495e-01   9.5747117e-03   2.0009277e-01  -1.1105996e-01  -1.2665256e-01   1.5527386e-02  -4.9597013e-02  -3.6519440e-01   4.7619477e-01  -2.8945608e-01   6.5246339e-02   8.8777397e-02   1.3844996e-01   1.2726766e-01  -2.8733765e-01  -5.1986564e-01   6.7094338e-01   2.4057229e-01   1.9953399e-01   5.3048694e-01   3.2187541e-01  -2.4965498e-01   1.6125665e-01  -9.5127118e-02  -2.4643842e-02  -1.4375492e-01   4.9658732e-01   2.3553289e-01  -1.8573495e-01  -3.9778310e-01   4.7530378e-02   7.7714401e-02   7.9569826e-02  -2.7210079e-01   4.0145354e-01  -2.1249859e-01  -1.0637834e-01   9.0071809e-02   3.3120531e-01  -1.6870140e-01   8.5449964e-02   1.2994459e-01  -1.9964880e-01   4.1427551e-01  -3.7635140e-01   9.3704398e-02   2.6022490e-01  -3.6293181e-02   2.1008912e-02   2.7929240e-01   4.3411474e-01  -1.4615372e-01  -4.0494814e-01   2.7858554e-01  -1.4997626e-01  -1.0101617e-02   1.6663738e-01   7.5131041e-01  -2.5742183e-01   3.7125098e-02   4.0910844e-01  -5.3044051e-01   3.0736125e-01   4.2405185e-02  -4.6511910e-02  -3.3952013e-02  -4.1509449e-02  -1.9349305e-01   5.9958522e-01  -2.9489623e-01  -1.1562025e-01  -2.2684961e-01   3.3991781e-01  -2.5125330e-01   1.6254719e-01   1.8985932e-01   6.1447803e-01   3.9980415e-01   6.0688039e-01   3.3260859e-01  -1.7043966e-01   6.7042266e-01  -5.6455936e-02  -2.7642883e-01  -1.5769600e-01   1.8901675e-02  -3.9020755e-01   5.9988297e-01   6.9925120e-02  -2.4011377e-01   9.8227356e-02   2.3027489e-01
  -8.7287208e-02   2.7611975e-01   2.6828829e-01   1.7769929e-01   5.3946319e-02   4.0665721e-01   4.1311646e-01  -9.0298720e-02   2.3331125e-01  -3.4263542e-02   3.9426588e-01   0.0000000e+00   4.0052377e-02  -3.0626608e-01  -8.2981708e-02   2.8884166e-01   2.8119701e-01   1.5813590e-01   2.3894991e-01  -1.6133677e-01  -2.1102756e-01   4.9129555e-02  -2.1425540e-01  -7.8755209e-02  -1.4910735e-01  -6.6706985e-02   3.5855419e-01  -1.7325118e-01   1.9206606e-01   2.0144050e-01   5.4371377e-02   9.4746604e-02   4.0231571e-02   2.1316327e-01   4.2152959e-01   5.4033003e-02  -4.9626725e-02  -7.7228182e-02   1.8327625e-01   4.6730686e-02   9.3115225e-02   1.7043798e-01   3.7908937e-01  -2.2025842e-01   3.2266682e-01  -5.9318656e-02   1.4231983e-01   4.8731899e-01   1.9521758e-01   2.8918212e-01   2.2112799e-01  -1.1452141e-01  -4.9004289e-02  -9.9925456e-02  -4.4051610e-01  -2.1326958e-01   1.5384910e-01   3.5469238e-02   2.2540044e-01   2.7870128e-01   1.1488756e-01   9.2357747e-02   2.4868450e-01   3.3786617e-02   2.0139684e-01   1.4646396e-01   4.2752907e-01   1.2789589e-01  -1.3229463e-03   2.5092058e-01   4.2573336e-01   1.2773546e-01  -2.6968604e-02   2.1366664e-02  -2.6633570e-01   6.0428753e-02   2.4511961e-02  -6.8026872e-02   7.6646140e-02  -2.1420693e-01  -2.1168813e-01  -1.3124488e-01  -1.5635628e-01  -2.2407666e-01  -2.7719320e-02   1.5632344e-01   1.9518395e-01  -3.3026946e-02   1.8192202e-01   2.2223578e-02   7.6633645e-03   1.0491035e-01  -1.8389904e-02   1.9801989e-01  -6.7502598e-02   1.0944931e-02   2.1029325e-02  -2.6219902e-02   3.0173788e-01  -1.7777676e-01  -3.2937061e-01   3.7526067e-01  -1.4724219e-01   1.8360722e-01   1.8242283e-01   2.0397155e-01  -1.0589946e-01  -1.1152127e-01  -2.3045227e-02   1.0250472e-01  -1.0706287e-01   3.0368641e-01   2.1920404e-02  -1.2100064e-01  -2.1164696e-01   2.2342185e-01  -7.1894569e-02  -8.4941945e-02  -2.7996486e-01   1.7426960e-01  -7.3377101e-02  -3.6439105e-02   8.9772152e-02   1.9638930e-01  -6.6623473e-02   6.4451947e-02   5.6170879e-02  -2.7710023e-01   1.5037336e-01  -1.0615480e-01   2.5468616e-02   2.9277187e-01  -1.0729168e-01   1.0661813e-02  -7.4057652e-02   1.8454519e-01  -8.2035782e-02  -1.1835672e-01   5.0712182e-02  -8.1198246e-02   2.4977760e-03   1.6292190e-01   3.4441163e-01   2.0176548e-02  -1.5512610e-02  -4.7272331e-02   3.0221905e-02   1.0627875e-01  -6.1038873e-02  -2.3248066e-01  -7.5471535e-03  -3.2559198e-01  -8.1230491e-02   3.4053379e-01   5.0036851e-01   3.2498326e-02  -1.4713435e-01   2.7735180e-01  -4.5824137e-02  -9.5999052e-02  -2.2969747e-01   1.1981465e-01   1.3275752e-01   2.2915155e-01   2.0501912e-01   2.3953210e-01   4.8114356e-01  -2.7097978e-01  -9.4553145e-02   2.8119007e-01   8.0714626e-02  -2.0114846e-01   2.3978335e-01   3.3803588e-01  -6.9547834e-02  -1.6276160e-01   1.7868759e-01
  -4.3774077e-01  -2.3782651e-01  -3.9329012e-01   3.7705539e-01   3.3508744e-01  -2.0373064e-02   3.2905486e-01  -2.9408070e-01  -3.9493203e-03   3.0185487e-01   2.8567193e-01   4.0052377e-02   0.0000000e+00  -7.2071820e-02   4.4590842e-01   2.7902009e-01  -1.8106067e-01   4.3222385e-01  -5.3079712e-02   2.3776564e-01   4.2141510e-01  -1.5116989e-01   3.5783346e-01  -6.0521651e-01   5.2610494e-02  -2.7990382e-01   2.8039311e-01  -2.6710842e-01  -2.1988490e-01   7.6963743e-02   3.9136194e-01   1.6575080e-01   1.6057879e-02   4.0258133e-01  -1.0513069e-01   4.5533886e-01   4.2342721e-01  -4.6933607e-01   4.6202232e-01   6.3450420e-02   8.3818282e-01   8.4439241e-02  -1.1636137e-01  -1.6757785e-01   4.0098117e-01  -3.5955021e-01   5.1161695e-01   1.9846233e-01   5.3560307e-01  -3.1364108e-01   4.6558681e-01  -2.4114322e-01   5.2935304e-01  -2.6741842e-01  -3.2349224e-01  -2.2823752e-03  -1.1312137e-01  -3.6277746e-02   6.3273431e-01  -2.0849264e-02  -3.5512293e-01   5.7543781e-01  -2.5376750e-02   2.6295148e-01   1.8640014e-01   1.1725795e-01   2.0577608e-02   2.3679570e-01   2.2125735e-01  -4.2193243e-01   4.9801247e-02   4.0634515e-01   5.9081641e-01  -4.6613998e-01  -2.8771151e-01  -1.8158861e-01  -5.5057391e-01  -1.0880657e-01   1.5375548e-01   2.1560647e-01  -6.6461105e-03   3.2063908e-01   5.4189477e-01  -3.3033402e-01  -3.2097604e-01  -6.2615687e-02   9.2431157e-02  -4.2126316e-01   1.1569907e-01  -4.8078748e-01  -1.2458756e-02  -5.0479118e-01   1.8803203e-01   8.6310197e-03  -4.5829756e-01   2.1501228e-01   5.7876635e-01  -1.8262093e-01   5.5218211e-01   3.9463755e-01  -1.4098314e-01   2.8559890e-01   4.4920765e-02  -2.5235828e-01   4.2834599e-01   1.8551515e-01   2.8408614e-02  -1.4183047e-01   1.5405780e-01   4.2902044e-01   3.6211346e-01   2.2819910e-03   3.5485158e-01  -4.2665829e-01  -1.7168292e-01   1.3486622e-01  -1.0528899e-01   6.0860719e-01  -1.8498006e-01   4.0110411e-01  -5.2676176e-01   1.1740120e-01  -2.7732124e-01   5.2874030e-01  -5.0381992e-01  -4.4248805e-01   2.7439101e-01  -2.8244501e-01   6.9274973e-02  -2.9190210e-01   3.4697479e-01   5.2651638e-01  -3.5126848e-01   3.8241979e-01   6.7458065e-02  -1.8528862e-01   1.1850747e-01   2.2385216e-01  -1.3926845e-01  -3.9417033e-01  -4.5109604e-01   5.0533776e-01   2.2641098e-01  -2.0502715e-01   3.9958791e-01   4.2979508e-01   6.5703347e-02   2.9634994e-01   1.0435833e-01   2.8815987e-01  -3.6494891e-01   2.6185758e-02  -4.3891898e-01   2.8846333e-01  -7.4536860e-02  -5.7792824e-01  -4.1722297e-01   6.9393863e-01  -4.1722413e-01   1.3498114e-03   2.7039668e-02   1.8352140e-01   3.1298681e-01   4.3413589e-01   1.7297134e-01   2.6751883e-01   2.9099659e-01  -2.1598556e-01  -4.2096220e-01   4.6119199e-01   2.8460492e-02  -6.2650308e-01   2.5013905e-01  -1.9092712e-01  -9.1940785e-02   9.9121459e-02   1.0485073e-01
   3.4811599e-01   2.5884478e-01   7.3329776e-02   2.4797185e-01  -4.7859485e-01   2.0100238e-01  -3.9801418e-01   3.2263954e-01   9.0448963e-02  -3.6313810e-01   7.7249269e-02  -3.0626608e-01  -7.2071820e-02   0.0000000e+00   2.3568571e-01   2.7309665e-01  -1.0076752e-01  -1.5176027e-01   1.6747229e-01  -3.9314447e-01  -2.6290478e-01   5.7466237e-01  -1.6176397e-01   4.0354144e-01  -8.4664594e-02   5.1778968e-01  -3.4144749e-01   5.9129182e-01   1.2581801e-01   3.0807182e-01   4.9522096e-01   3.0501596e-01   3.6343946e-01  -4.4651935e-01   1.5719615e-02  -3.7285010e-01  -4.1507573e-01   1.4219807e-01   1.8555768e-02  -2.3218865e-01  -8.8227513e-02   3.4153063e-01   1.3361643e-01   5.2526074e-01  -4.2138045e-01   3.5158581e-01   5.3820261e-02  -4.0240285e-01  -3.7601388e-01  -1.9767675e-01  -2.9134034e-01   4.6912886e-01  -3.1330148e-01   3.1454663e-01   5.3034197e-01   5.7294958e-01   2.8244737e-01   3.7851676e-01   1.1216884e-01   1.7261828e-01   2.5007987e-01  -4.9235008e-01  -9.2551791e-02   4.0555777e-01  -3.8845743e-01  -4.0446579e-01  -2.9567509e-02   1.6438290e-02   4.1684763e-01   1.0816639e-01  -4.5121760e-01  -4.1664998e-02  -2.2445693e-02   5.3957667e-01   3.4062068e-01   5.0459700e-01   1.3238942e-01   2.3649550e-01  -5.6269317e-01  -1.9215030e-01   6.6629296e-01  -1.2141161e-01   7.2245563e-02   4.7871175e-01   4.5094793e-01   3.6147416e-01  -1.8437666e-01   4.6530165e-01   7.0507232e-02   3.1900911e-01  -5.2110189e-01   2.6608775e-01  -3.7984541e-01   3.6648344e-01   2.2382846e-01  -4.9622435e-01  -2.3867940e-01   4.5373176e-01  -3.3072965e-01  -3.6301819e-01   3.6715655e-01  -4.7521172e-02   8.4023216e-01   3.9665084e-01  -2.4522299e-02   2.8982770e-01   3.3805634e-01   3.9022759e-01  -4.3401382e-01  -4.9131588e-01   2.2563654e-02   2.0567029e-01   2.3835376e-01   3.5344339e-01   5.2384477e-01  -5.5860322e-01   3.8922815e-01  -3.2729646e-01   5.3576670e-01   1.4549004e-01   3.0719229e-01  -5.1746384e-01   1.5314740e-01  -9.7938705e-02   3.4090000e-01   4.9235391e-01  -3.7241575e-01   3.0531188e-01   4.5255142e-01   4.2810043e-01  -2.8195433e-01  -3.6780899e-01   4.7286726e-01  -3.3707419e-01   4.7016508e-01   4.1023848e-01  -2.0220156e-01   1.7286256e-01   4.5802305e-01   3.4329078e-01   2.3140030e-01   1.5883912e-01  -9.3253022e-02   1.2839203e-01   1.8261039e-01   6.1482895e-01  -2.2403027e-01  -3.6894476e-01  -2.5514138e-01  -2.5156719e-01   5.7823107e-01   7.3819390e-01   2.8200972e-01  -1.5307292e-01  -2.2756446e-01   2.3571393e-01   3.2635654e-01  -1.2888400e-01   2.3075631e-01   6.6673885e-01  -6.8249698e-02   2.8671082e-02  -3.5043819e-01   1.3918290e-01   1.8924344e-01  -6.4833133e-01  -1.3590292e-02   6.7038745e-01   2.3296237e-01  -4.8805408e-01  -4.4769622e-01   2.4631679e-03  -1.9670280e-01  -4.9823388e-02  -1.0132378e-01   1.7179761e-01   3.5257358e-01
