   0.0000000e+00  -2.9065314e-01   2.8533160e-02  -1.6107302e-01  -3.3684636e-01   4.8983933e-02  -4.0892809e-02  -2.0586563e-01  -1.7416104e-01  -3.3560586e-01  -2.2614480e-01  -1.6205222e-01  -2.9724260e-01   3.8575459e-01  -8.3240583e-02  -1.2231229e-01   1.7069670e-03  -2.2262859e-01  -1.0743186e-01  -2.8635887e-01  -2.4767253e-01  -2.7104812e-02  -1.3083008e-01   7.9135619e-01   1.1008772e-01   3.8015681e-02  -3.3683913e-01   5.7064342e-01  -3.6489171e-02  -8.4927470e-02  -4.3141544e-01  -1.5829191e-01  -2.3565932e-02  -1.1938304e-01  -4.1831361e-02  -2.9112198e-01  -1.3765790e-01   5.1020158e-01  -2.3147003e-01  -3.3680178e-01  -3.8016860e-01   3.2200172e-01  -2.1497952e-02  -1.4783958e-01  -2.6573930e-02   5.8609154e-01  -1.4028723e-01  -3.9940566e-01  -3.6754923e-01  -6.7317424e-02   5.1124795e-02  -1.0021426e-01  -3.8907097e-01   8.7601938e-02   1.8475588e-01   8.7527841e-02   2.1171401e-01  -2.3135343e-01  -1.9717386e-01   2.7530821e-01   2.5607549e-01  -7.6423065e-02  -2.3537829e-01  -1.6867387e-01  -3.0636387e-01  -3.3699136e-02  -2.1320049e-01  -9.5734936e-02  -1.0533200e-01   1.4468550e-01  -4.8985413e-01   1.7987228e-02  -3.4621357e-01   6.9357178e-01   7.7141994e-03  -2.3324624e-01   4.5472279e-01  -8.6325489e-03  -2.4271807e-01  -1.7403149e-01   3.1211374e-01  -3.0945136e-01  -5.9290674e-01  -5.1670694e-02   4.8308367e-01  -1.5095248e-01  -3.0295173e-01   6.5174238e-01  -2.5889095e-01   8.2354061e-01  -2.0316285e-01   3.3023337e-01  -3.1292617e-01   4.6161608e-02   6.3129960e-01  -2.9300178e-01  -1.5536945e-01   2.6753187e-02  -3.9619119e-01  -2.0783125e-01   1.9416423e-01   2.8256036e-01   8.3358024e-02  -2.2414785e-01  -4.5990194e-02  -3.5023775e-01   8.7168452e-02  -1.9001806e-02  -2.5436770e-01  -4.0266489e-01  -2.8260374e-01   1.6128492e-01  -2.6838899e-01   8.3964517e-01   3.6891312e-01  -2.7612236e-01  -2.6776259e-02  -3.4382863e-01   3.9917946e-01  -1.9069043e-01   5.8180582e-01  -1.1534489e-01  -5.6470583e-02  -3.4991600e-01   5.2592877e-01   5.3224112e-01   2.4579570e-02  -1.3909581e-01  -3.6199507e-01  -2.4143870e-01  -2.9628579e-01  -4.7787645e-01   3.1164963e-01  -3.6348828e-01  -1.7183545e-01  -2.6102034e-01  -2.7373439e-02   2.1649650e-01   6.4645816e-03   6.1269937e-01   6.2826662e-01  -4.1034989e-02   6.2876297e-02   2.8418805e-01  -3.7348509e-02  -2.8037908e-01  -1.4171496e-01  -3.2694140e-01   1.0013423e-02  -3.0287438e-01   5.5281698e-01  -5.8210401e-02   4.6700099e-01  -2.2004069e-01  -2.1093178e-01   6.8391465e-01   6.2216731e-01  -1.5853285e-01   1.4910943e-01  -5.9758851e-03  -8.8870513e-02  -2.1928414e-01  -4.5919790e-01  -1.7916271e-01  -1.7111960e-01  -1.0439347e-01  -6.5513945e-02   3.0724740e-01   4.9464596e-01  -4.3153432e-01  -1.1025388e-01   6.0806629e-01  -2.6459894e-01   9.3867489e-02  -9.8343012e-03  -1.2216822e-01  -2.1965877e-01
  -2.9065314e-01   0.0000000e+00   5.0245552e-01  -1.5104344e-01   6.8584956e-01  -4.0029545e-01  -4.5637467e-01  -1.1922821e-01   2.8971216e-01  -1.3942249e-01  -3.6494443e-01   7.0011212e-01   2.4603095e-01  -6.1478010e-01  -3.0654621e-01   2.0478661e-02   5.1926845e-01  -3.9368475e-01  -3.5199051e-02   3.0664078e-01  -3.0161619e-01  -3.2671787e-01  -5.4373512e-01  -2.9101907e-01  -6.6502911e-02  -3.8776278e-01   4.6727476e-01  -4.3982031e-01   3.0937178e-01  -1.5320993e-01   2.6642709e-02  -8.5561029e-02   1.0465480e-01   4.6441509e-01   1.5278878e-01   2.2464213e-01   1.6122709e-01  -1.1498159e-01   1.7461411e-01   5.8983677e-01   2.8464360e-01  -2.6589250e-01   1.5272880e-01  -5.7956301e-01  -2.9757000e-01  -1.1359451e-01  -2.3184765e-01  -5.0026115e-02   1.4322871e-01   7.0601409e-01  -6.1859799e-01  -2.7739957e-01   8.2775211e-01  -1.9141974e-02  -2.7839319e-01  -7.1385593e-01  -3.5528441e-01  -2.8145204e-01   1.2269101e-01  -1.5391959e-02  -1.0553438e-01  -9.5762013e-02   2.4995063e-01   7.7749830e-02   2.1043702e-01   4.2083980e-02  -7.8770144e-02   3.6302935e-01  -4.4627844e-01  -1.3296754e-01   6.9626857e-01  -4.1076631e-01   2.3146938e-01  -5.8192198e-01   1.5829830e-01   7.7500534e-02  -1.5019621e-01  -2.4903178e-01   8.0017086e-01   1.8319176e-01  -5.3775381e-01   2.3812050e-01   3.4887491e-01  -3.0213565e-01  -6.0460265e-01   3.0859199e-02   5.3479059e-02  -4.5511333e-01   2.2411170e-01  -1.9787110e-01   8.0110759e-01  -9.6619163e-02   3.2707042e-01  -2.9478910e-01  -1.7840296e-01   6.1855474e-01   2.0444465e-02  -7.3330779e-02   3.4563158e-01  -5.0261929e-02  -5.3304432e-01  -5.2137458e-01  -3.4787306e-01   1.4299030e-01  -3.5870543e-01   5.4287524e-03   3.0630750e-02  -3.6512948e-01   6.8945271e-02   5.3081805e-01   3.1106058e-01  -4.1883036e-01  -1.9368112e-01  -2.5524453e-01  -6.9028030e-01   8.3322177e-01  -4.1799502e-01   3.6872768e-01  -6.4386436e-01  -5.4628919e-02  -2.7886141e-01   7.6565004e-01   1.8756233e-01   2.5789986e-01   3.5086919e-02   4.0057954e-02  -3.7931951e-01   4.5053617e-01  -2.5147831e-01   1.6423773e-01   3.6288018e-01   2.2874292e-01  -2.7402624e-01   5.0668409e-01  -3.1626150e-01   7.7562987e-04   7.5535029e-02  -5.4929974e-01  -3.9437279e-02  -2.0746907e-01  -2.9512414e-01   1.9828227e-01  -4.2554838e-01  -6.2921991e-01  -5.0754427e-01  -3.7163895e-01  -1.3423462e-02   4.0253383e-01  -1.3404475e-01   3.3311251e-02  -4.4708192e-01  -2.7292636e-01  -3.0196016e-01   4.7457996e-01   7.5361006e-01  -2.3366493e-01  -2.7063287e-01   1.7911877e-01   5.9650111e-02  -5.1860877e-01  -1.4159021e-01  -1.8924115e-01   9.7253538e-02  -3.6729699e-01  -4.5314797e-01   5.4298716e-01   1.5140476e-01  -4.2798329e-01  -2.7909033e-01   8.1863001e-01   7.0442592e-01  -2.0045892e-01   1.2867105e-01  -2.5589006e-01   2.7736606e-02   2.4717621e-01  -3.6421079e-01
   2.8533160e-02   5.0245552e-01   0.0000000e+00  -3.5125620e-01   5.1106563e-01  -1.7986580e-03  -4.0852261e-01  -1.4937264e-01  -2.2666957e-01   1.6765268e-02  -4.0750627e-01   7.0649868e-01   7.1450923e-02  -3.6724205e-01  -1.0927488e-01   2.6542435e-03   9.1984110e-01  -3.1579296e-01   1.8804209e-02   5.0145933e-01  -2.6906292e-01  -2.6833296e-01  -5.6638299e-01  -3.6446344e-02  -1.4246990e-01  -2.7668341e-01   5.1362182e-01  -2.0555471e-01   1.6963308e-01  -4.5704263e-01  -1.7944797e-01  -1.4789468e-01  -1.3354224e-01   3.2632932e-01   4.3017336e-01   1.0138197e-01   2.6520336e-02   3.4017173e-02  -1.1619792e-01   6.7902830e-01  -6.9243528e-02   1.1122801e-01   2.7572414e-01  -3.1578988e-01  -3.1999841e-01   3.0820640e-01  -2.9263796e-01  -4.0720193e-01   8.8272932e-02   8.6671162e-01  -3.2791090e-01  -7.3658818e-02   2.5930209e-01   4.4074456e-01  -5.2918107e-02  -2.4266297e-01  -1.1038785e-01  -2.7191773e-01  -3.3388337e-01   2.9322175e-01   4.1286806e-01  -7.7233226e-03   1.8644362e-01  -2.1119482e-01  -3.6187118e-01   8.2950546e-02   1.8659996e-01   3.1771021e-01  -4.4453575e-01   4.9481340e-01   3.2960649e-01  -2.1421657e-01   9.1988327e-02  -1.3847711e-01   2.4655926e-01   6.1028279e-02   2.3936258e-01  -1.3691248e-01   5.1343368e-01  -4.0981329e-02  -3.7986155e-01   1.4693818e-01   1.1033161e-01  -3.4814137e-01  -1.6090651e-01  -1.1899782e-02  -1.3567733e-01  -1.8081719e-01   2.1133532e-01  -4.0630679e-02   3.9195745e-01   4.4648705e-01   5.3934114e-01  -2.0128535e-01   9.7958121e-02   6.9842712e-01   5.8924091e-04  -8.9873343e-02   9.5423734e-02   5.3511720e-02  -2.7143936e-02  -3.0005614e-01  -2.7181327e-01  -1.3947372e-01  -2.8259642e-01  -1.3909160e-01   4.7524575e-01  -3.8410600e-01   8.8552510e-02   3.4408544e-01   3.7932251e-01  -3.3008531e-01  -2.7990298e-01  -1.0753462e-01  -2.6148808e-01   4.1419092e-01  -2.2834766e-01   2.4638878e-01  -1.4331281e-01  -2.1555111e-01   1.0446040e-01   6.5269548e-01   4.7463741e-01  -2.1430516e-01   2.0882362e-01   2.5340029e-01  -2.2363135e-01   4.4910894e-01  -3.0852663e-01   5.5324239e-01   5.9395958e-02  -1.4991171e-01   3.2386134e-01   2.0742915e-03  -1.9434771e-01  -3.9406904e-03   3.2728782e-01  -3.4377393e-01   1.3777470e-02   6.4588152e-02   8.5039160e-02   1.4847390e-01  -3.8471822e-01  -1.0267977e-01  -3.3986118e-01  -5.6869513e-01   2.5046250e-01   2.1561996e-01  -1.9372427e-02  -9.4792458e-02   1.5981266e-01  -3.8534573e-01   1.8116708e-01  -7.9202230e-02   7.8077997e-01   7.6440805e-02   1.8810853e-01  -5.7859629e-02   5.1222514e-01  -3.9239896e-01  -9.7147050e-02  -5.0542609e-01  -4.6586544e-02  -5.6834339e-01  -3.8682316e-01   5.1440765e-01   2.2822862e-01  -1.9661312e-01   2.6206003e-01   4.1523277e-01   4.8587424e-01   1.4411236e-01  -1.6146731e-01   2.0116345e-01   7.9613417e-02   1.0467853e-01  -3.9714889e-01
  -1.6107302e-01  -1.5104344e-01  -3.5125620e-01   0.0000000e+00  -2.4375341e-01   2.9182288e-01   1.9379915e-01   2.0832064e-01  -1.4522318e-02  -2.7136391e-01   2.3640835e-01  -3.0135661e-01  -3.5101281e-02   4.7435358e-02  -1.4913348e-02  -1.3772126e-01  -3.3303671e-01   9.4603474e-02   4.8351948e-02  -3.5523974e-01   1.4805435e-01   5.6447241e-01   2.2843972e-01   1.3454081e-02   2.7889536e-01   3.2034571e-01  -7.4936098e-02   6.1744989e-02   5.6904888e-02   5.6924421e-01   4.5313537e-02   4.5163917e-01   6.9479059e-02  -3.3605235e-01  -2.8290050e-02   3.1859977e-02  -1.0805770e-01  -1.1601687e-01   2.6140560e-02  -2.1884149e-01   1.3729893e-01  -3.1026951e-01  -1.3759771e-01   6.9924922e-02   4.6262565e-03  -7.6384166e-02   3.7652843e-01   8.2292454e-02  -7.7216142e-02  -3.4251595e-01   2.9596230e-01   1.1151678e-02  -1.3644911e-01  -9.5177915e-02   4.7603197e-02   2.6978121e-03   2.6710683e-01   5.4751211e-01   4.9890016e-01   1.2953585e-01  -2.9864903e-01  -1.2307229e-01  -7.9494389e-02   3.8279557e-02  -1.5090859e-01  -1.9444255e-01   2.6999574e-01  -3.6441073e-02   4.4828466e-01  -2.1439791e-01  -2.3435277e-01   2.2150380e-01   2.1756339e-02  -4.4508685e-02  -2.1714612e-01   3.0749161e-02  -1.7421606e-01   4.0973154e-02  -2.5104382e-01  -1.1895007e-01   1.7020521e-01  -7.4132025e-02  -1.4884638e-01   3.7629075e-01  -8.6803308e-02   1.9135844e-01  -7.8554550e-02   3.8486306e-02  -1.7905722e-01  -1.4718830e-01  -1.8145264e-01  -1.4377477e-01  -1.9150185e-01   4.4110831e-01  -1.6842293e-01  -3.2676226e-01   2.9230714e-01   5.4437492e-02   2.3670637e-01  -1.2931136e-01  -1.7286714e-01   2.5840377e-01   3.6697480e-01   6.4502707e-02   4.9770220e-01   4.4696085e-01  -1.8798661e-01   3.7871167e-01  -1.8280682e-02  -6.8443369e-03  -3.1344371e-01   5.3819238e-01   2.7770542e-01  -7.1029314e-02  -5.8938182e-02  -9.4068103e-02   1.3166020e-01  -1.4151873e-01  -1.2633804e-02   6.1872151e-01  -1.0294829e-01  -3.2949959e-01   1.5160975e-02  -8.3068916e-02  -3.8773432e-02   6.5012361e-02   8.3502086e-02  -1.5870187e-01   4.7847363e-01  -2.6344217e-01   1.2773559e-01   1.0481240e-01  -1.6428981e-03  -1.3710825e-01   4.1486494e-01   1.7240278e-01  -3.0297763e-01   1.9144238e-02   1.5349508e-01  -9.8389667e-02   5.1151499e-02   1.1159729e-01   3.9082839e-01   4.6410282e-02   2.4514527e-01   4.2096299e-01  -1.7778145e-01  -8.0895777e-02   7.0893228e-02   2.1168217e-02  -1.5672840e-01   3.2434067e-01  -6.5840177e-02  -6.7072753e-02  -2.9799783e-01  -1.6531301e-01  -1.5768509e-01   3.0315890e-01  -2.0496556e-01   4.2290215e-01   1.3290341e-01   2.9460323e-01  -1.8788383e-01   5.1120392e-01   4.1870058e-01  -2.5704899e-01  -2.1916190e-01   1.4651380e-01  -1.0797332e-01  -1.2765873e-01  -2.2630926e-01  -3.2299606e-01   4.2327728e-02   6.9202056e-02  -9.1271315e-02   1.7135777e-01   5.8849655e-01
  -3.3684636e-01   6.8584956e-01   5.1106563e-01  -2.4375341e-01   0.0000000e+00  -1.4721035e-01  -3.2892984e-01  -2.4567089e-01   1.1825055e-02   8.0243435e-03  -1.1340624e-01   5.8173175e-01   3.2732177e-01  -5.0451860e-01  -2.2934827e-01   2.8391210e-01   4.7832327e-01  -9.5986447e-02  -2.6692831e-02   7.2971879e-01  -8.8584342e-02  -3.4276539e-01  -3.5757179e-01  -3.8223504e-01  -1.0941419e-01  -3.4561277e-01   6.2327862e-01  -3.6404033e-01   1.3253786e-01  -2.1779405e-01  -1.2999339e-01  -1.2779819e-01   9.9375794e-02   3.3180557e-01   1.0798096e-01   6.6237312e-01  -7.5639039e-02  -2.6505207e-01   3.0055359e-01   6.2130124e-01   2.5127759e-01  -7.6518195e-02   1.4482445e-01  -4.2575540e-01   1.8189991e-02  -2.7708552e-01   1.4801843e-01  -2.0766096e-01   4.6333512e-01   6.7968214e-01  -3.2776671e-01  -2.5904395e-01   5.4122193e-01   3.5189044e-02  -2.7742074e-01  -5.6904110e-01  -3.7190939e-01  -1.7541546e-01  -1.1554210e-01  -3.8301976e-02  -1.4863284e-01   2.0372036e-01   2.2160409e-01  -2.1945993e-01   5.4054393e-02   2.7023221e-01   1.4726101e-01   3.7349732e-01  -2.3019846e-01   1.3103305e-02   4.0943930e-01  -1.1974465e-01   3.2920956e-01  -5.1007710e-01   1.6251226e-01  -7.9729505e-03  -2.1476149e-01  -2.4100887e-01   7.2986895e-01   2.8230542e-01  -4.7870363e-01   2.5287467e-01   3.8793023e-01  -3.0447378e-01  -5.1475982e-01  -1.1683605e-01  -1.4828124e-01  -3.7041827e-01   2.0252776e-01  -2.3199928e-01   6.9369633e-01  -9.7976439e-02   3.4242795e-01  -3.4573070e-01  -3.2912224e-01   8.3379554e-01   1.4354281e-01  -2.9667998e-01   5.0041275e-01   1.7374954e-01  -4.0590508e-01  -4.8480739e-01  -3.0298232e-01  -1.0189536e-01  -2.2250389e-01  -1.0131025e-01   9.6646868e-02  -4.4477523e-01   8.6669222e-02   6.1266636e-01   3.1579896e-01  -2.7745424e-01  -1.1453065e-01  -3.1077783e-01  -5.3970694e-01   5.6455201e-01  -2.9177860e-01   4.5743469e-01  -4.3339438e-01  -9.7815669e-02  -2.3520562e-01   7.8683714e-01   1.2405018e-01   1.2509184e-01  -1.3428260e-01  -6.8316726e-02  -2.3165534e-01   3.9739634e-01  -3.4777895e-01   2.5251345e-01   3.6576033e-01   2.1472872e-01  -1.6024487e-01   2.0656907e-01  -2.5444370e-01  -1.1798078e-01   3.0602237e-01  -5.6825114e-01  -1.4178860e-01  -2.0398404e-01  -3.5740308e-01   4.8233991e-02  -4.3498780e-01  -4.0084883e-01  -4.6846671e-01  -4.1358618e-01   6.2007523e-03   5.1827336e-01   1.1316985e-01  -1.1823437e-01  -3.3895072e-01  -3.5826834e-01  -2.9197454e-01   3.3565578e-01   7.1197135e-01  -2.8813126e-01  -2.9074840e-01   6.4407435e-02   5.8853265e-02  -3.3223457e-01   2.0759443e-01  -3.4430560e-01   1.8152250e-01  -3.5806007e-01  -2.8572540e-01   4.5725815e-01   3.5082258e-01  -3.4765998e-01  -2.3232816e-01   5.6996416e-01   5.6227752e-01  -2.5883157e-01   3.3781223e-01  -5.4126192e-02  -2.8910388e-02   2.1794338e-01  -3.0250167e-01
   4.8983933e-02  -4.0029545e-01  -1.7986580e-03   2.9182288e-01  -1.4721035e-01   0.0000000e+00   2.1796696e-01   1.7930773e-01  -4.3366509e-01  -1.2720801e-01   2.2846404e-01  -1.7305306e-01  -1.5531584e-01   1.9635114e-02  -2.2831175e-01   6.5700705e-03   2.5003555e-02   8.3504949e-02   3.8984853e-01   6.4823400e-02   2.9483579e-01   4.6951428e-01   1.2870358e-01   5.2206189e-02   1.5335399e-01   5.5170281e-01   2.5596470e-01   3.2354358e-01  -2.1035793e-01   2.7905029e-01  -3.9956396e-01   2.3428408e-01  -4.7372175e-02  -3.1642177e-01   4.1467322e-01   9.2480479e-02  -2.6611604e-01   4.3966512e-03  -1.8178965e-01   1.7393590e-02  -2.8439147e-01   2.9895228e-01   9.1748660e-02   1.0217575e-01  -1.2094795e-02   2.2268754e-01   3.8871549e-01  -2.2393618e-01   7.9333240e-02  -6.8783787e-02   3.9346073e-01   3.7154188e-01  -5.3451630e-01   8.6617655e-02  -4.0111648e-02   1.5096152e-01   5.2891412e-01   4.1286826e-01  -1.5951182e-01   5.8221586e-01   8.6007405e-02   5.4956992e-03  -2.8649362e-02  -3.7595032e-01  -5.1290561e-01   2.8070445e-02   7.9379058e-01   7.8518965e-03   5.3524514e-01   3.9840940e-01  -3.7082309e-01   3.9737093e-01  -2.9760818e-01   1.7469552e-01  -5.6155753e-02  -4.5167684e-02   5.5694313e-02   6.0371582e-02  -4.2574651e-01  -5.6749440e-02   6.4057192e-02  -1.8820001e-01  -2.4163573e-01   4.6943709e-01   1.4429289e-01   5.4546214e-02  -3.3971515e-01   5.6782427e-03  -1.6564199e-01   8.3426962e-02  -4.3338512e-01   1.8452458e-01   4.3241031e-03   5.1346601e-01   6.8013058e-02   7.3501019e-02   2.7445320e-01   2.5510737e-01  -1.0334653e-01   1.9983619e-02   1.8968898e-01   5.7218617e-01   1.1495151e-01  -3.8621814e-02   4.6984178e-01   7.3398263e-02   3.6817703e-02   5.2444340e-01  -1.0717701e-01   1.1912281e-01  -2.7671270e-01   4.7208101e-01   1.6679533e-01   1.3399286e-01   1.6914449e-01  -4.1005045e-01   3.3411374e-01  -1.8544342e-01   4.2120479e-01   1.8041679e-01   2.8539942e-01  -2.6375239e-01   2.5394763e-01  -5.4657862e-01   6.6767118e-02   1.6095914e-01   1.0572903e-01  -1.3644923e-01   1.4595751e-01   2.6185226e-01  -8.3665724e-02  -3.7706687e-01   4.4159109e-01  -6.9115174e-01   3.4984027e-01   7.1156845e-02   1.9932287e-01   4.5112840e-02   2.3619456e-01   2.1812194e-01   2.5974940e-01  -4.1099772e-02   5.0962362e-01   4.7975260e-01   2.2849518e-02   1.3885697e-01  -1.9162779e-01  -1.4076469e-01   2.8407195e-01  -9.4775269e-02   2.3177525e-01  -2.7334295e-02   3.4056361e-01  -5.8524064e-01  -2.5673803e-02   2.1147481e-01   2.3267448e-01  -1.0520929e-01   2.0067347e-01   3.1771785e-01   2.0818378e-01   2.5360784e-02  -3.4351232e-01   2.5803908e-01   5.2037008e-01  -2.8967106e-01  -1.3547313e-01   4.5360479e-01   2.6381691e-01  -3.9700676e-01  -2.5831735e-01   3.2549222e-02  -2.4029795e-01   7.3105900e-01  -6.0871543e-02  -3.7961226e-02   3.8039161e-01
  -4.0892809e-02  -4.5637467e-01  -4.0852261e-01   1.9379915e-01  -3.2892984e-01   2.1796696e-01   0.0000000e+00  -1.6143564e-01  -2.0193561e-01   3.0962818e-01   1.4994966e-01  -1.5724221e-01  -1.6596194e-01   2.1815408e-01   4.1362942e-01  -2.9043807e-02  -5.1052927e-01   1.7955494e-01  -2.6542565e-01  -1.6823477e-01   3.3918479e-01   7.3274709e-02   7.2048433e-01   2.2780848e-02  -1.5078579e-01   7.2344205e-03  -1.0018289e-01   1.4937408e-03  -1.8593827e-01   4.1854579e-01  -5.2550768e-02  -1.6515842e-01  -1.9106306e-01   5.3114750e-02  -9.2095911e-02  -1.0705088e-02  -1.8514563e-01  -3.7603963e-02  -5.4600436e-03  -2.7599203e-01  -1.8174584e-02  -2.2082818e-01   4.2508958e-02   3.1996733e-01   3.4539479e-01  -1.6726904e-01   1.4863110e-01   4.7590481e-01   2.1460513e-02  -5.1357188e-01   4.5249897e-01  -9.6193842e-02  -3.9735909e-01  -1.7595143e-01   8.5338839e-03   5.3534842e-01  -1.6056044e-02   2.6607372e-02   1.1389415e-01  -1.2919702e-01  -2.2488936e-01   6.6689734e-02  -3.4769015e-01  -2.7783334e-01  -8.8973779e-02   2.5069268e-01   8.7805895e-02  -1.9772174e-01   2.4339301e-01   1.6437743e-01  -1.9283891e-01   2.6947664e-01  -6.8441599e-02   3.4506275e-01  -3.4335570e-01  -2.7499551e-01  -9.1474589e-02   1.1633054e-01  -2.8991187e-01  -2.3385175e-01   1.7214551e-01   3.5228131e-02   1.7872901e-02  -3.1171738e-02   2.2903101e-01  -2.4500925e-01  -1.1316112e-01   2.0498066e-01  -1.5595283e-01  -1.9219310e-02  -4.5967339e-01  -3.1084398e-01   6.3266429e-03  -2.7048169e-03  -8.8462130e-02  -3.5973238e-01   4.1236991e-02  -1.2943551e-01  -3.0893353e-02   3.4064963e-01   1.3848189e-01   3.4523721e-01   1.1859335e-01  -1.2827659e-01   1.4406710e-01  -1.3037215e-01  -3.2391931e-01  -2.0473428e-02  -1.2823941e-01  -2.1035141e-01   2.5071746e-01   3.1167922e-01   1.1757203e-01  -2.7338324e-02   4.8416288e-01  -5.0611147e-01   1.3398242e-02  -7.8686839e-02   1.8847422e-01   1.2477639e-02  -9.3804650e-04  -4.2979839e-01  -4.2843992e-01  -1.2684818e-01  -2.3141827e-01  -2.1453403e-01   2.8256846e-01  -4.9487148e-01   2.1285897e-01  -8.0414430e-02  -1.7196468e-01   1.3236137e-01  -1.8890764e-01  -2.2260076e-01   6.4180046e-02  -2.6257610e-01  -2.5201300e-01   1.6945079e-01  -3.5543062e-01  -1.2692891e-01  -1.0735529e-03  -1.0068136e-01   1.4834839e-01   4.1263614e-01   4.7631182e-01   3.4633082e-01   3.8036704e-01  -2.5109047e-01   2.4381147e-01   2.9176766e-02   1.4665710e-01   1.2145368e-01  -4.4777375e-02  -2.0729504e-01  -4.3943485e-01   2.5285822e-02  -1.1252510e-01   9.1718939e-02  -3.7611279e-01   2.8101913e-01   1.3216436e-01   1.7884666e-01   4.7081006e-03   3.1776405e-01   9.3321834e-02  -2.9359611e-01   9.1420351e-02  -4.1429915e-02  -1.2568056e-01  -4.4256109e-01  -3.7024806e-01  -3.4547202e-02   1.3835431e-01   6.9394019e-02   3.3117047e-02  -3.5626660e-01   1.1011038e-02
  -2.0586563e-01  -1.1922821e-01  -1.4937264e-01   2.0832064e-01  -2.4567089e-01   1.7930773e-01  -1.6143564e-01   0.0000000e+00   2.6185556e-01  -2.2318141e-01   7.5919557e-02  -2.2122467e-01   3.8711990e-02   9.9095071e-03   3.7305395e-02  -1.5437087e-01  -7.8469115e-02  -1.1978392e-01   3.7860086e-01  -2.5957568e-01  -2.3468725e-01   8.0278752e-02  -4.6247755e-02  -4.1237454e-02   2.1417063e-01   4.4844554e-01  -1.0591348e-01   7.4463334e-03  -1.1306951e-02  -7.0493375e-02   3.8703376e-01   5.7605313e-01   6.0384938e-02  -1.3813235e-01   1.3690473e-01  -2.3844840e-01   1.2047868e-01   8.0150304e-02  -1.8532976e-01  -1.3138997e-01   1.9113027e-02  -8.7475078e-02  -3.9614406e-02   1.6997333e-01  -9.7783700e-02   1.1599836e-01  -5.3648120e-02   1.9238695e-01  -7.6387515e-02  -1.8959397e-01  -6.4639602e-02   7.3560422e-01  -3.0390296e-02   5.9184443e-02   6.2338619e-03  -5.0097100e-03   4.3948124e-01   8.1746256e-02  -6.4268332e-02   7.3016984e-02   2.0890464e-01  -4.0386290e-02   1.1293976e-01   3.7430863e-01   3.8750778e-02  -4.7631546e-01   7.8409543e-02  -5.4901008e-02   8.5374358e-02  -2.0865023e-01  -3.5130338e-03  -2.0043021e-01  -9.2918431e-02  -2.3105869e-01   2.5356779e-01   6.1784844e-01   1.1886109e-01   2.9932263e-01  -1.5143112e-01  -5.5068564e-02   1.8615469e-01  -1.0723953e-01  -1.2837835e-02   6.5292089e-01  -1.0362895e-01   7.1089779e-01   2.1624551e-01  -2.4480378e-01  -4.7394303e-02  -2.5829189e-01  -1.4842329e-01   2.2333122e-01  -4.4077043e-02   4.3956537e-01   8.4731274e-02  -1.7906082e-01  -1.3557989e-02   5.2847358e-01  -1.4890288e-01  -3.1346233e-01   5.6934398e-02   1.2428025e-01   2.8865536e-02   2.4906186e-01   5.1729856e-02   5.6696746e-01   8.7422665e-03   6.7671110e-01   1.8407397e-01  -2.3575944e-01  -3.0834371e-01  -2.1388009e-01   3.8326364e-02  -2.6694686e-01  -1.3689838e-01   1.3797054e-02   1.1920510e-01  -1.1515361e-02  -4.5087252e-02   9.9606079e-02  -2.8893878e-02  -2.0859594e-01   1.4793458e-01   3.3309296e-02   9.9305276e-02   5.2443524e-02   1.2670634e-01   1.1411364e-01   1.8340925e-01  -6.5235414e-02   6.3199400e-02   1.4599041e-01  -1.4193156e-02  -3.6284542e-02   1.1862021e-01   7.9948471e-01   7.3466711e-03   1.7923920e-01   7.1895076e-01  -1.2052500e-01   2.8740332e-02   1.9410917e-01   2.3719915e-01  -2.1839972e-01   1.2525073e-01   2.2636871e-01  -1.3103080e-01  -2.3168731e-01  -3.5851591e-01   6.7463442e-02  -4.8667406e-02   4.7514019e-01   9.8534301e-02  -5.0964896e-02  -1.6893361e-01  -1.5020245e-01  -8.8371143e-03  -1.6011345e-01   2.3120726e-01   2.3576500e-01  -2.4012453e-02   3.6793829e-01  -1.7312914e-01   3.6947329e-02   3.6398366e-01   1.1612841e-02  -2.3081153e-01   1.3835379e-01  -5.4959399e-02  -1.6828843e-02   1.7749129e-02  -3.6964879e-02  -3.1135561e-01  -1.6119692e-01   1.8576751e-01   3.5561683e-02   4.9542338e-01
  -1.7416104e-01   2.8971216e-01  -2.2666957e-01  -1.4522318e-02   1.1825055e-02  -4.3366509e-01  -2.0193561e-01   2.6185556e-01   0.0000000e+00   2.3268143e-02   1.0175588e-01   1.0323797e-02   1.2324040e-01  -2.5880420e-01  -2.6007993e-02  -2.3098310e-01  -2.3577673e-01  -8.1570211e-02  -7.1174899e-02  -1.7016234e-01  -1.8541199e-01  -1.1702537e-01  -6.8878075e-02  -2.4207958e-02  -2.9901030e-02  -1.9225668e-01  -1.3532530e-01  -3.0815883e-01   2.0713693e-01  -5.6864016e-03   1.9330919e-01   1.9871327e-01   2.4029782e-03   1.6730815e-01  -1.9584352e-01  -1.9787556e-02   4.8153865e-01  -1.6333857e-02  -7.5003336e-02  -6.0106151e-02   2.7478306e-01  -3.0324220e-01   1.9353392e-01  -1.0016022e-01   2.4059520e-02  -6.9056205e-02  -2.2104459e-01   8.4917731e-02  -2.1644546e-01  -1.5105184e-01  -3.0515252e-01   3.0451186e-02   3.7568259e-01  -8.5257690e-02  -1.7968382e-01  -2.7112809e-01  -8.3946824e-02  -2.6119079e-01   1.9229506e-01  -2.3678835e-01  -1.0187774e-01  -8.5073818e-02   3.4513280e-01   5.2361758e-01   4.6875538e-01  -7.0430750e-02  -3.9593287e-01   1.0056176e-01  -3.3135312e-01  -3.1889073e-01   2.0773000e-01  -2.8689440e-01   1.8574414e-01  -3.7371639e-01  -4.2171559e-02   3.4873089e-01  -9.9429322e-03  -1.2478861e-01   2.7938873e-01   1.7429866e-01  -2.4323974e-01   4.3975167e-02  -1.9434785e-02  -6.9904831e-02  -3.9680073e-01   3.1060061e-01   2.2310232e-01  -2.6091362e-01   3.3669696e-01  -1.0432771e-01   4.3462674e-01  -1.0586145e-01  -1.5070529e-01   2.7137808e-02   1.8159690e-03  -1.5682943e-01  -3.3059390e-02   1.0283061e-01   6.8775159e-02  -4.5278767e-02  -2.6013997e-01  -3.4007476e-01  -2.6905699e-01   4.9751004e-01  -1.4292870e-01   3.5367261e-01  -4.1643748e-02   5.6053099e-02   7.0923212e-02   6.8840935e-02  -1.8491523e-03  -3.8000299e-01   1.7680197e-01  -1.0025306e-01  -3.2731094e-01   3.4813562e-01  -3.5072299e-01   7.2008778e-02  -3.6587071e-01   1.9135789e-01  -4.5188579e-02   1.3558893e-01  -1.0281701e-01   5.6580382e-01   5.6907432e-02  -2.2878614e-01  -9.0640417e-02   9.0000229e-02   8.9327537e-02  -1.7907700e-01   5.2498641e-02   2.4142562e-01  -4.1755676e-01   5.2783827e-01  -5.6823517e-04   2.9362996e-01  -2.0603669e-01  -1.5120755e-01   1.1976830e-01  -7.2045321e-02  -1.4239487e-01   1.0212898e-01  -1.7554679e-01  -5.7257997e-01  -7.1870155e-02  -3.7813227e-02  -1.0421625e-01   1.4424832e-01  -2.0440990e-01   2.6205247e-01  -3.3497592e-01  -5.9214160e-02  -1.0528064e-01   4.9925909e-01  -8.7454377e-02  -1.0856541e-01  -9.9557957e-02   5.0243841e-02  -9.3272936e-02  -2.8458123e-01  -1.7199687e-01   4.9278318e-01   1.6025613e-01   1.0037527e-01  -1.4800957e-01   1.6318150e-01  -1.6709532e-02  -6.8067668e-02  -1.2329114e-01   1.8986583e-01   2.6324017e-01  -1.0192865e-01   2.7211615e-01  -4.9195054e-01   4.8177933e-02  -9.2722823e-02   2.5172129e-02
  -3.3560586e-01  -1.3942249e-01   1.6765268e-02  -2.7136391e-01   8.0243435e-03  -1.2720801e-01   3.0962818e-01  -2.2318141e-01   2.3268143e-02   0.0000000e+00   1.6804229e-01   7.3024734e-02   9.0488565e-02  -5.3207215e-02   3.8351165e-01  -7.9841927e-02  -4.9877514e-02   3.2320175e-01  -1.3373034e-01   3.4213233e-01   3.6856196e-01  -9.6258240e-02   4.3556261e-01  -3.9298809e-01  -3.1383262e-01  -2.5397944e-01   8.5360338e-02  -3.0629945e-01  -3.2600344e-02  -1.3738609e-01   1.4225037e-01  -2.8977190e-01  -3.3681734e-01   2.2365990e-01  -3.2320280e-02   1.3881482e-01   1.8724134e-01  -1.4716623e-01  -1.4010128e-01   1.1730343e-01   6.4843499e-02  -1.0443345e-01   3.2410514e-01   3.1218379e-01   2.2517351e-01  -3.5581995e-01  -1.4496893e-01   2.5765575e-01   8.4475340e-03  -7.1066362e-02   1.4593093e-01  -6.0042116e-02  -1.3786541e-01   8.4862764e-03   1.0949189e-01   4.2136219e-01  -1.7832216e-01  -4.2377189e-02   1.2262323e-02  -1.9327606e-01  -7.7698496e-02   1.8254531e-01   9.1225246e-02  -1.2339770e-01   5.9752732e-02   5.3060036e-01  -1.1327798e-01  -4.1880593e-02  -8.9216348e-02   2.4529507e-01   1.4676388e-01   1.9280440e-01   1.4787105e-01  -6.1175575e-02  -2.5312583e-02  -2.6366571e-02  -1.7337519e-01  -6.8093647e-02  -5.7277117e-03   1.3278406e-01  -1.3185715e-01   1.0985340e-01   2.2990835e-01  -3.4300620e-01  -1.3735967e-02  -1.8278075e-01   6.8558991e-02  -1.8752729e-01   3.4953663e-01  -3.5454513e-01  -5.9593681e-02  -2.1917889e-01   3.3903360e-01  -1.5156195e-01  -2.7208362e-01   1.0706491e-01   1.3229200e-01  -1.5703114e-01   3.4484321e-02   7.1566307e-01   1.6487468e-01  -1.1942402e-01  -8.1268479e-02   5.2307945e-02  -9.7695950e-02  -1.0046966e-01   3.5341924e-02  -2.6911561e-01   7.1577891e-02   8.9120954e-02   4.7280809e-01  -1.7434155e-01   3.4218122e-01  -3.3485966e-01   2.2715469e-01  -1.8194381e-01   9.8252990e-02   6.9753128e-02   4.6416891e-02   2.8049512e-02  -2.4057295e-01  -3.5324506e-03   4.2698303e-02   1.8229359e-01  -3.6565021e-01  -4.0190694e-01   1.0115295e-01  -2.1089960e-02   2.0018740e-01   2.5890775e-01  -1.4441083e-01   1.7198823e-01  -1.8634213e-01   1.4285672e-01   2.3225040e-01  -2.0606864e-01   1.2341613e-01   6.9635536e-02  -3.8662751e-01  -2.7097530e-01  -4.5210679e-01  -1.0937757e-01  -2.9176079e-01   1.8789668e-01   2.3085146e-01   5.5913359e-02   4.9916975e-01   2.1535608e-01   4.2059628e-01   3.6028608e-01  -1.1089334e-01  -6.9527685e-02  -2.1420579e-01   4.8508446e-02  -4.5188030e-02  -1.4720338e-01  -2.3987856e-01   1.9291345e-01  -1.7840049e-01  -9.3356597e-02  -9.5103647e-02   4.8813302e-02   5.2366244e-01   1.2988093e-01  -1.8408335e-01   4.4069640e-03   2.1625647e-01  -1.5454234e-01  -1.7630176e-01  -9.5894036e-02  -1.0653996e-01  -8.8578619e-02   2.5713933e-01  -2.0522792e-02   1.8721482e-02  -4.3692819e-01  -2.0341419e-01
  -2.2614480e-01  -3.6494443e-01  -4.0750627e-01   2.3640835e-01  -1.1340624e-01   2.2846404e-01   1.4994966e-01   7.5919557e-02   1.0175588e-01   1.6804229e-01   0.0000000e+00  -4.8366976e-01   2.6094271e-01   9.5551266e-02   1.5525536e-01   1.3387090e-01  -4.0753413e-01   7.0037562e-01  -4.6469879e-02   6.7353860e-03   4.8444872e-01   3.8657910e-01   4.2211494e-01  -1.0711597e-01  -6.6704916e-02   5.5303998e-02  -7.3067257e-02  -1.5192480e-02  -1.2828033e-01   3.9016944e-01   9.3895331e-02   1.2888503e-01  -5.2061635e-02  -3.6875664e-01  -2.6666091e-01   3.4688268e-01  -7.1430032e-02  -2.6468691e-01   1.6643820e-01  -3.2314866e-01   2.6661523e-01  -1.6318592e-01  -1.0572577e-01   4.3786313e-01   4.7397961e-01  -2.8780970e-01   6.4784795e-01   1.2500585e-01   2.5110732e-01  -4.7350749e-01   5.8161973e-01   2.9798469e-02  -1.8619666e-01  -3.4040715e-01  -8.4098150e-02   3.2816904e-01   1.1460852e-01   4.5598768e-01   2.9469808e-01  -1.3497376e-01  -1.2922521e-01   1.5968910e-01  -1.8033648e-02   2.5425119e-01   2.3444869e-01   4.8583434e-02   9.3733308e-02  -9.9632896e-02   5.1254952e-01  -1.0125709e-02  -2.7711010e-01   4.6265371e-01   2.9910772e-01  -1.2915863e-01  -3.1376400e-01   9.9784529e-02  -1.5296366e-01   2.6681073e-02  -4.0832398e-01   1.0865222e-01   1.3522986e-01   9.6434141e-02   3.9277904e-02   1.3315140e-01  -2.4085841e-02  -5.9005865e-03  -1.0188287e-01  -2.8202023e-02  -2.7631220e-02  -1.8023506e-01  -2.3656927e-01  -2.0929082e-01  -3.0214105e-01   8.8390546e-02  -1.7250817e-01  -2.8866248e-01   2.3109598e-01  -5.0001354e-02   3.5119124e-01   1.0953225e-01   3.3605876e-02   2.9471325e-01   2.6472542e-01   1.5444909e-01   5.4993861e-01   1.8549356e-01  -2.1234724e-01   2.7584222e-01  -8.5726054e-02   2.4509130e-02  -2.2196360e-01   3.8056313e-01   3.1707186e-01  -5.0351346e-02   1.5484686e-01  -4.4261282e-01   2.9738396e-01   3.0441745e-02   1.7231205e-01   3.2553642e-01  -1.0672706e-01  -4.2825924e-01  -2.2433606e-01   3.1228962e-01  -3.2999849e-01  -3.7626674e-01   2.6304099e-01  -3.4822862e-01   3.7174979e-01  -5.6400662e-03   1.7819239e-01   3.0209959e-01  -1.6212107e-01   6.0774890e-02   2.7875885e-01   1.1610467e-01  -2.9265804e-02   1.7732947e-01   9.9922193e-02  -6.9334145e-02  -1.2549332e-01  -6.9902350e-02   4.3418660e-01   1.4603893e-01   2.1138662e-01   4.0084343e-01  -7.6177742e-02   2.3629439e-01   3.0956933e-01   1.0249989e-01  -7.8236943e-02   1.2841075e-01  -1.3277877e-01   1.5411938e-01  -3.5562306e-01  -2.0378426e-01  -8.3788187e-02   2.7487037e-01  -1.8880036e-01   4.4222959e-01   1.8955640e-01   5.3130866e-01   3.2116591e-01   5.6043857e-01   3.7325594e-01  -5.0628451e-01   2.3539406e-01   1.7801359e-01  -1.3944419e-01  -3.4513216e-01  -4.6598851e-01  -2.4739039e-01   4.5468763e-01   1.1752229e-01  -1.6075719e-01  -1.2537648e-01   3.3980122e-01
  -1.6205222e-01   7.0011212e-01   7.0649868e-01  -3.0135661e-01   5.8173175e-01  -1.7305306e-01  -1.5724221e-01  -2.2122467e-01   1.0323797e-02   7.3024734e-02  -4.8366976e-01   0.0000000e+00   9.9957649e-03  -5.3729301e-01  -6.5963420e-02   4.4133186e-02   6.2894953e-01  -4.9618895e-01  -3.8504174e-02   3.9395666e-01  -2.6190783e-01  -4.8953577e-01  -3.7885841e-01  -2.3173096e-01  -2.9750145e-01  -3.9111903e-01   5.9785621e-01  -3.6050155e-01   2.0656779e-01  -3.3540550e-01  -1.5416651e-01  -2.8671862e-01  -2.4877587e-02   6.3324037e-01   4.5899264e-01   1.1613359e-01   5.5939667e-02  -5.9741644e-02   3.4595353e-02   6.9781055e-01   4.5313356e-02  -1.7468838e-01   2.8031030e-01  -4.1645346e-01  -2.5111685e-01   7.9887024e-02  -2.8893128e-01  -1.2193657e-01   4.3219196e-02   7.3607272e-01  -5.2076879e-01  -2.2642351e-01   4.5567272e-01   9.7929422e-02  -2.5809983e-01  -3.9123916e-01  -2.4867785e-01  -5.1573857e-01  -1.4807099e-01   1.8471219e-01   3.3290845e-02  -1.4414686e-01   9.4340136e-02  -1.7762612e-01  -2.3147965e-01   2.4997366e-01   1.3345367e-01   2.5512436e-01  -4.8085396e-01   3.0043917e-01   5.9285327e-01  -4.7944249e-01   6.4530022e-02  -2.5688859e-01   4.9704023e-02  -1.0045774e-01  -3.9962544e-02  -1.5137357e-01   6.7401982e-01  -1.2529879e-01  -5.3182634e-01   1.7658926e-01   3.2598287e-01  -3.7476379e-01  -3.4711240e-01  -8.5863192e-02   8.0828114e-03  -3.4275353e-01   2.3031888e-01  -1.0750060e-01   5.1684607e-01  -7.9204038e-04   6.3066017e-01  -2.9114464e-01  -1.1345682e-01   6.7179556e-01  -9.7564063e-02  -8.0444023e-02   1.9066625e-01   1.2634187e-01  -2.7675182e-01  -2.5942006e-01  -4.3240983e-01  -7.0942786e-03  -5.1089469e-01  -2.3036841e-01   1.3951998e-01  -4.1836946e-01   8.1341023e-03   4.0191664e-01   6.5990697e-01  -3.6990180e-01  -3.0767365e-01  -2.2684829e-01  -3.5733561e-01   5.6238406e-01  -4.5351961e-01   3.3627070e-01  -3.7986417e-01  -3.3052569e-01  -2.1360775e-01   7.1567215e-01   2.7668435e-01  -1.1372247e-01   3.4487861e-02   1.2530602e-01  -2.6549297e-01   2.8537053e-01  -3.9577123e-01   3.7282593e-01   1.6449800e-01   5.7396580e-02   3.1396743e-03   1.8624365e-01  -3.8856717e-01  -9.1780582e-02   7.9293930e-02  -4.8459498e-01  -9.8644653e-02  -1.6005494e-01  -2.1276861e-01   2.5470564e-01  -3.8562408e-01  -2.4294074e-01  -4.0658586e-01  -5.8076534e-01   4.2011107e-01   1.8654106e-01   3.9947887e-02  -8.0506774e-02  -1.1470331e-01  -4.2419373e-01  -1.7740311e-01   1.7350134e-01   7.2405718e-01  -1.0255730e-01  -1.5360170e-01   3.4288700e-02   1.1100110e-01  -5.8726153e-01  -7.7181809e-02  -3.0081061e-01   1.7468505e-02  -5.2211440e-01  -5.5982981e-01   6.6341228e-01   3.1997435e-01  -3.2595815e-01  -1.0372886e-01   5.5945833e-01   6.8376664e-01  -5.5989259e-02  -1.1152711e-01   3.9722010e-02   1.6117482e-01   5.3047573e-02  -5.1689958e-01
  -2.9724260e-01   2.4603095e-01   7.1450923e-02  -3.5101281e-02   3.2732177e-01  -1.5531584e-01  -1.6596194e-01   3.8711990e-02   1.2324040e-01   9.0488565e-02   2.6094271e-01   9.9957649e-03   0.0000000e+00  -2.2782097e-01   1.5619872e-01   1.7633699e-01   8.2082106e-02   1.0494264e-01  -3.8679295e-02   1.7314224e-01   8.8333478e-02   1.6515948e-02  -7.8367601e-02  -3.2687048e-01  -1.5077699e-01  -2.4466272e-01   1.2353530e-01  -2.4945551e-01  -4.0345701e-03   5.0242512e-02   1.5995784e-01  -1.1267337e-01  -9.2308799e-02   9.0114924e-02  -1.3117738e-01   3.1046032e-01   2.3888509e-02  -1.9017977e-01   3.5168604e-01   1.2556614e-01   7.0052900e-01  -2.9100463e-01  -2.8788508e-02  -1.1509067e-01   2.5120352e-01  -2.4770288e-01   1.0627380e-01  -1.5794044e-02   2.9274457e-01   1.8307161e-01   6.0900235e-02  -6.6622064e-02   3.6318212e-01  -1.2685938e-01  -2.4901272e-01  -9.4670043e-02  -2.5347147e-01   9.2761823e-02   2.6227691e-01  -1.3836905e-01   2.7873190e-02   2.8680293e-01   2.3575320e-02   2.1182362e-01   2.6094164e-01   5.1308211e-02  -2.4050171e-02   2.8484222e-02  -3.6336007e-02  -2.3980973e-01   1.4133050e-01  -2.4544526e-02   5.5772387e-01  -3.9156769e-01   1.3200749e-02   5.9695101e-02  -5.5479519e-02  -2.3966246e-02   2.4436504e-01   2.2318017e-01  -1.3079372e-01   5.4186329e-01   1.7967097e-01  -1.9738252e-01  -3.4683854e-01   4.2349835e-02   1.6665880e-02  -2.5592427e-01   1.6017926e-01  -3.2434243e-01   2.7530474e-01   1.1699969e-02   9.0182766e-02  -1.0650206e-01  -1.5921316e-01   1.8417442e-01   2.0993421e-01  -6.2490697e-04   4.4713289e-01   2.0460706e-01  -3.3820607e-01  -2.3193136e-01  -5.8557376e-02   3.6489011e-02   2.1091409e-02  -4.2883718e-02  -1.7578113e-01  -4.0953560e-02   2.2499481e-01   2.4855081e-01   4.7433357e-02  -5.0476669e-02   1.8316833e-02  -2.6602585e-01  -3.7073895e-01   2.4064848e-01   5.0645430e-02   6.9732430e-01  -3.8403618e-01   1.5247686e-01  -2.0216643e-01   1.4235747e-01  -2.4310534e-02   3.8342759e-01  -2.1267884e-01  -2.6856020e-01   1.9918858e-01   5.4655465e-02  -1.7704493e-02  -2.8282997e-02   5.5539740e-01   5.0234006e-01  -1.2450357e-01   3.7471713e-01  -5.1110023e-02   8.8419348e-02   5.7505095e-02  -2.0961017e-01   5.0313335e-02  -1.8103214e-01  -2.1677848e-01   1.8908074e-01  -1.7563860e-01  -3.5704454e-01   1.1156184e-01   5.8753856e-02  -9.6983890e-03   4.0765050e-01  -1.1133426e-02   9.5845691e-02  -3.4211958e-01  -6.0744815e-02  -2.2807003e-01   3.7787725e-01   2.3448622e-01  -3.1507168e-01  -1.2040797e-01   3.9650390e-01   1.5413606e-02   1.0882156e-02  -2.2698547e-02   8.1128893e-02   3.1300889e-01  -4.7695124e-02  -1.0864905e-01   1.4570036e-01   3.2589429e-01  -2.3976830e-01  -2.4885166e-01   2.9003020e-01   7.5017485e-02  -2.2198425e-01   2.8512890e-01  -2.1469581e-01  -3.8632041e-02  -7.6246357e-02  -5.6250691e-02
   3.8575459e-01  -6.1478010e-01  -3.6724205e-01   4.7435358e-02  -5.0451860e-01   1.9635114e-02   2.1815408e-01   9.9095071e-03  -2.5880420e-01  -5.3207215e-02   9.5551266e-02  -5.3729301e-01  -2.2782097e-01   0.0000000e+00   3.3475702e-01   1.5752894e-01  -4.0781854e-01   1.9354144e-01  -9.9011130e-02  -3.3341063e-01  -1.3550946e-01   1.8066627e-01   1.8207874e-01   3.9217469e-01   1.4890697e-01   1.7961119e-01  -5.1901598e-01   5.0211485e-01  -3.2760719e-01   1.1654687e-02   1.3404719e-01   4.1553677e-02   1.4746792e-01  -3.9331373e-01  -2.9076050e-01  -3.3142222e-01  -3.0982287e-02   1.9749951e-01   6.4943682e-02  -4.6999814e-01  -3.3100155e-01   2.7746282e-01  -3.7210590e-01   3.5640229e-01   1.1234103e-01   5.2601981e-02   6.0587341e-02   1.4081701e-01  -1.6351933e-01  -5.4637438e-01   3.2941220e-01   8.4704550e-02  -5.4343948e-01   7.4572870e-02   5.1609361e-01   4.9873322e-01   2.1379798e-01   1.1401192e-01  -1.2093968e-01  -7.9455410e-02   1.1584492e-02   1.1151620e-01  -4.0183059e-01   1.0680574e-02  -8.7644289e-02  -3.6699050e-01  -2.2592239e-01  -3.4466384e-01   2.6170427e-01  -1.8584705e-02  -4.3254326e-01   1.5820894e-01  -2.5997993e-01   6.6285201e-01  -7.8191805e-02  -1.0298762e-01   1.0874225e-01   2.0276944e-01  -5.9508735e-01  -1.9262243e-01   6.6141451e-01  -1.9662685e-01  -2.5771029e-01   1.1431275e-01   7.7103852e-01  -1.1690374e-01   2.4899095e-01   7.0963753e-01  -2.8196534e-01   2.0297177e-01  -6.4539994e-01   4.9309130e-02  -3.8629000e-01   7.9298835e-02   1.8244800e-01  -5.6009793e-01  -7.4819882e-02  -1.3073902e-01  -3.0316267e-01  -1.9204616e-01   6.2910667e-01   2.7272067e-01   4.7187422e-01  -2.0976885e-01   9.0176074e-02  -8.5118518e-02  -3.9008798e-02   7.5132173e-02   8.6336174e-02  -6.7411866e-01  -3.8651793e-01   3.7470083e-01  -6.6310724e-02   2.7004577e-01   6.9742590e-01  -6.1153966e-01   2.9664104e-01  -3.2253126e-01   5.7149990e-01  -1.0801115e-01   1.4654242e-01  -5.9781131e-01  -2.3521864e-01  -2.7855450e-01   3.7000141e-02   2.6753108e-01   2.2785450e-01  -2.8358139e-01  -1.8810906e-03  -2.3044271e-01  -3.1897547e-01  -2.0947488e-01   2.6476600e-01  -3.8937681e-01   2.0513839e-02  -9.2687519e-02  -1.6133669e-01   7.1642751e-01   1.1761479e-03   9.9478515e-02   3.0337377e-01  -3.0505424e-01   1.9170739e-01   4.9634328e-01   4.6181560e-01   2.5527633e-01   9.5614322e-02  -5.5361878e-01  -2.0097152e-01  -1.9733856e-01   5.5718053e-01   4.9529181e-01   1.6738325e-01  -3.8060277e-01  -5.6752151e-01   1.5179462e-01   1.5219622e-01  -2.0978896e-01  -1.6371773e-01   4.8768095e-01   4.3415179e-02  -5.9198117e-02  -2.6189617e-01   7.2359960e-02   1.9794050e-01  -3.5658575e-01  -2.9546355e-01   2.7119810e-01   1.5248073e-01  -5.4490791e-01  -6.5361886e-01   2.0991516e-01  -2.7080324e-01   4.2155045e-02  -1.2074929e-01  -4.5232586e-02   1.2878019e-01
