   0.0000000e+00   4.5535114e-02   4.2657272e-02  -3.2024054e-02   1.1913980e-02   7.5145545e-02   1.0597128e-01   2.7298223e-01  -6.7368598e-02   2.0899983e-01   1.0136887e-01   2.4370502e-01   1.3596302e-01   1.2019639e-01   5.3953359e-03  -2.6399125e-01   1.1028132e-01  -1.1827484e-01   6.4957309e-02   7.6443157e-02  -1.0020403e-01   1.4106526e-01  -6.0412631e-02   6.8398858e-01   1.6947316e-01   2.0200942e-01   1.7638993e-02   1.0395707e-01   1.6255407e-02  -2.5401634e-02  -2.7359228e-01   7.5949966e-02  -2.8062286e-01   1.9794780e-01   2.0311266e-01   8.2813327e-02   5.3253462e-02   3.7750846e-01  -3.8597147e-01  -9.3416294e-02  -3.7384811e-02  -1.2791632e-01   7.9966291e-02   1.3386841e-01  -1.1574351e-01   2.2393793e-01   1.3851777e-01  -2.9607702e-01  -1.4777007e-01   4.8795923e-02   1.4049116e-01   1.1251144e-01  -2.9225076e-01   1.4696608e-01   2.4038339e-01   7.5125428e-02   7.1551103e-02   3.7406658e-02   5.2088620e-02   3.4148425e-01   3.7802646e-02  -5.6237309e-02  -1.4883134e-01   3.9383038e-02  -2.3122673e-01   1.6363396e-01   1.5633494e-01  -2.0912735e-01   1.2104827e-01   9.2244623e-02  -3.1148663e-01  -3.2522686e-02  -1.9291721e-01   2.8266835e-01  -2.2312390e-01   3.6822171e-02   9.7495249e-02   1.6563508e-01  -1.0400803e-01  -2.9557464e-01   2.1891231e-01  -5.9722391e-02   9.0726297e-02   8.8849142e-02   3.5390271e-01   7.5129596e-02  -1.0252940e-01   2.2407306e-01  -2.8783957e-01   2.7713479e-01  -1.2839776e-01   2.0254313e-01   2.3965755e-01   2.1521344e-01   3.8073009e-02   5.3965743e-02  -1.0554766e-01   1.9352708e-01  -1.9975460e-01   1.2390037e-01   1.5137186e-02   7.8944225e-02  -2.4064384e-02  -5.6541499e-02   1.6301421e-01   1.8595586e-01   9.0042541e-02   1.8220422e-01  -4.7091076e-02   1.5967887e-01   2.0106412e-01   7.0160016e-02  -1.7353011e-01   4.0595716e-01   5.5089071e-02  -9.7592418e-02   5.0617585e-03   4.3116530e-02   5.7452594e-02   3.2266953e-02   2.6639983e-01   2.7088183e-02  -1.2329859e-02  -2.3881043e-01   3.0243897e-01   2.8039392e-01   1.2117002e-01  -5.6011051e-02   2.0831012e-01  -2.8709061e-02  -4.1622274e-01  -1.9211545e-01   5.6078648e-01  -1.6282822e-01   1.3015864e-01   1.9857976e-02  -1.2777959e-01  -7.2277735e-02   2.4196014e-02   3.2817471e-01   5.9294154e-01   8.5460348e-02   3.6803900e-02   1.6163083e-02   1.0144007e-01  -2.8027926e-01  -3.3873535e-02   1.6315445e-01   3.0361808e-01  -3.0349279e-01   6.9693075e-02   1.3318589e-01   1.5584873e-01   2.0457634e-01   2.2196005e-02   4.6031815e-01   1.1091875e-01   2.9100540e-02   3.0295905e-01   1.6373818e-01  -8.3198349e-02   9.3673996e-02   1.7591050e-01   1.1570207e-01   1.3985969e-01   3.7321294e-02   1.9349959e-01   4.5137804e-02   4.7266457e-01  -9.6368087e-02   1.6690985e-01   4.7658913e-01  -2.4385564e-02  -3.1810714e-02   1.4188265e-01  -2.5931799e-01   1.0294477e-01
   4.5535114e-02   0.0000000e+00   5.0313826e-01  -5.7330501e-01   4.1946252e-01   2.6563869e-02  -2.9225714e-01   2.3334248e-01   6.9784450e-02  -1.7525340e-02  -2.2723594e-01   3.6005085e-01  -3.5056998e-02  -3.3044166e-01   3.1371979e-02   3.9063441e-02   6.2255919e-01  -4.9958923e-01   2.7019228e-01   2.0868782e-01  -3.8389976e-01  -4.7257035e-01  -2.7787880e-01  -2.3570911e-02  -9.5550547e-02   2.1605199e-01   3.8120758e-01  -2.6476729e-01   3.8219557e-01  -1.7781617e-01   1.4079107e-01  -2.7550357e-01  -2.4491713e-01   2.3275315e-01   3.5762472e-01   2.3672485e-01   1.9583194e-02   2.5557525e-01  -1.3657923e-01   5.2085504e-01  -7.3766797e-02  -1.0637589e-01   1.5119333e-01  -2.3924709e-02   1.4271165e-01   3.3266017e-01  -2.9183793e-01  -7.2901715e-02  -1.3777521e-01   6.4294093e-01  -6.2591871e-01   8.3692666e-03   5.0379775e-01  -3.5369785e-02  -2.5395082e-01   3.0532691e-01  -3.9353012e-03  -3.8598406e-01  -1.3297190e-02  -1.0351470e-01   1.2357035e-01  -2.1639301e-01   4.9704955e-01   5.0168249e-01  -8.2192433e-02  -1.5496291e-01   2.9190277e-01  -4.0793344e-01  -2.2514050e-01  -8.1791390e-02   5.6498237e-01  -5.0458587e-01  -1.1469271e-01   6.4138762e-01  -1.2628411e-01  -2.6690874e-01   1.7390388e-01   8.3272275e-02   5.1222616e-01  -3.5406502e-01  -7.5757042e-02   8.0362171e-02   3.6666116e-01  -1.9988621e-02   1.8294551e-01  -1.6726195e-01   1.3317131e-01  -2.4900841e-01   2.6345995e-01   1.6375081e-01   3.4881120e-01   2.1392464e-01   5.5172291e-01  -1.9894226e-01   5.4085777e-02   4.6982388e-01  -3.2620985e-01   3.0643514e-01  -2.1897746e-01  -7.1096958e-02  -9.6544422e-02   4.8585545e-01  -2.1095518e-01   4.6928363e-01  -5.7851780e-01  -1.2758963e-01   1.3934427e-01   1.5961846e-01  -1.5010440e-01   3.6481822e-01   5.4677855e-01  -4.4198560e-01  -5.3144132e-01   8.3152354e-02  -1.0694015e-01   5.9463163e-01  -1.3057504e-01   1.5885878e-01   2.3864879e-01  -4.8828405e-01  -1.3113184e-01   3.8776053e-01   7.0857303e-02   1.4099262e-01   7.3035002e-02  -9.8711485e-02  -3.9372015e-01  -6.6236363e-02  -3.5410215e-01   2.3807827e-01  -7.1506388e-02   1.9083464e-01   2.6363822e-01   7.5013574e-03  -8.9181626e-03  -7.8828255e-02  -4.1723988e-01   7.5629141e-02  -4.9739852e-02  -2.9096566e-01  -1.0091978e-02  -7.2462041e-02  -2.2977379e-01  -2.0238328e-01   1.4179858e-02  -1.0520924e-01   1.1063223e-01  -3.2295040e-01  -3.9526095e-01  -1.2050145e-02  -5.3986400e-02  -1.6214745e-01   1.3075122e-01   4.4313305e-01   7.4389735e-01   3.0567378e-02  -1.3295988e-01   2.3416894e-02   3.9200327e-01  -3.2952437e-02  -3.6716446e-02  -5.0971775e-02  -7.5203653e-02  -5.3586378e-01  -1.8886538e-02   4.8407949e-01   4.1175438e-01  -2.7262955e-02  -8.2575692e-02   7.0302169e-01   2.2167802e-01   1.1930032e-01  -5.2782355e-01   3.2241844e-02   3.1603567e-01  -2.1315677e-01  -2.6887422e-01
   4.2657272e-02   5.0313826e-01   0.0000000e+00  -3.6893007e-01   2.8126529e-01   3.2609566e-01   3.5931821e-02  -2.1484956e-01   9.9050663e-02   1.5422522e-01  -3.9323121e-01   4.4285965e-01   1.9321977e-02  -2.6023823e-01  -2.2198120e-02   2.2120007e-01   7.2990510e-01  -3.0633329e-01   1.1029678e-01   4.0368471e-01  -3.4939509e-01  -2.6690658e-01   8.3263496e-02  -1.3199463e-01  -1.5400730e-01  -1.7903195e-01   6.3610895e-01  -2.3593018e-01   8.4349716e-02  -1.9164796e-01  -2.3813119e-01  -2.6639488e-01  -1.8325003e-01   3.2648918e-01   4.7507724e-01   3.6869216e-01   4.8445538e-03  -4.5717664e-02   2.0718740e-02   7.6021893e-01  -1.8420537e-01   2.0092572e-01   3.3932710e-01  -2.6778527e-01  -2.2244530e-02   3.9103814e-01  -1.1461257e-01  -1.7196594e-01  -2.3807576e-01   7.6449862e-01  -3.2778540e-01  -3.7098498e-01   5.2052654e-02  -1.0401356e-02  -3.5951868e-01   3.0210853e-01   1.5967330e-02  -3.9359903e-01  -3.0607640e-01   7.8889853e-02   4.4296588e-03  -7.4477609e-02   2.8957281e-01   1.0403313e-01  -3.2287515e-01   4.1944586e-03   4.5169014e-01  -1.6012713e-01  -4.0808411e-01   5.4107299e-01   2.6363704e-01  -9.7908433e-02  -2.4069330e-01   5.6359565e-01  -1.6017306e-01  -3.4698317e-01   9.5630398e-03  -3.6224546e-02   2.7850666e-01  -3.8938655e-01  -1.5028813e-01   2.5384392e-02   3.0838572e-03  -2.3982067e-01  -5.4377353e-02  -2.0886587e-01  -1.2863846e-01  -2.8717758e-01   1.3397597e-01  -1.3855136e-01  -3.8769642e-02   3.3991575e-01   6.1328249e-01  -1.4023317e-01  -4.5516240e-03   4.5637906e-01  -2.4562099e-02  -6.1932404e-02   3.3842876e-02   3.1494629e-02   1.7512615e-02   4.1640571e-01  -3.2941643e-01   3.2035992e-01  -3.2123172e-01  -2.3778629e-01   8.8571243e-02  -3.1947757e-01  -7.1359060e-02   7.4009709e-03   5.3226420e-01  -3.7278225e-01  -1.9044148e-01  -1.5097923e-01   1.4189965e-01   3.0353700e-01  -1.9515681e-01   8.7401669e-02   2.5934057e-01  -2.3820603e-01  -2.0347691e-01   3.0293851e-01   1.1538326e-01  -2.4414972e-01  -1.3765010e-01   1.8673756e-01  -1.1581905e-01  -2.1486969e-01  -2.3542917e-01   7.4684955e-01  -5.6154024e-03  -1.4247132e-01   3.7871329e-02  -2.3354692e-01   1.7362909e-02  -3.8287641e-01  -2.5249829e-01  -1.7806620e-01  -3.6388649e-01  -3.3279825e-01  -1.2384349e-01   3.0699206e-02  -4.5191889e-01   6.1140073e-02  -4.8058042e-02  -4.0760149e-01   3.9338261e-01  -1.1457013e-01   2.7676028e-02  -4.1172487e-01   1.1801621e-01  -2.0633903e-01   3.1718676e-02  -1.0219983e-02   8.1975597e-01  -1.3832647e-01  -2.0474896e-01  -2.4024385e-01   2.1736743e-01  -3.4831395e-01   1.4684289e-01  -3.7439723e-01  -7.9143085e-02  -3.2354567e-01  -1.5496032e-01   3.4128346e-01   2.5595743e-01  -1.6912447e-01  -1.1333249e-01   1.8103365e-01   2.0356620e-01   8.6174087e-02  -2.1882871e-01   3.9107244e-01   2.8047054e-01  -7.2960915e-02  -3.2774668e-01
  -3.2024054e-02  -5.7330501e-01  -3.6893007e-01   0.0000000e+00   3.5974277e-02  -1.4303567e-02  -3.3901836e-02  -3.7168487e-01   2.5816528e-01  -5.6147131e-02   1.8420689e-01  -3.6592776e-01   2.1469093e-01   2.8379151e-01  -2.1832683e-01   1.0101594e-01  -3.3783933e-01   6.6182797e-01  -4.9339640e-01   1.9989360e-01   4.3683646e-01   4.6699331e-01   1.4029383e-01  -1.8053053e-02   5.1190236e-01  -2.0764897e-01  -6.1689548e-02   1.2410883e-01  -2.1369762e-01   1.7735707e-01  -9.3783765e-02   5.0932177e-01   3.2203160e-01  -3.4215938e-01  -1.0589145e-01   1.3381277e-01  -2.1535510e-02  -2.5784445e-01   3.4682475e-01  -3.7930424e-01   1.8212512e-01   3.6599825e-01   2.7945503e-01  -2.1713561e-01  -2.7720346e-01  -3.6472281e-01   4.4247057e-01  -1.2409211e-01   3.5498502e-01  -3.5192389e-01   5.5412587e-01  -1.3726042e-01  -2.8250425e-01   3.7261169e-01   1.8899292e-01  -4.9546397e-01  -1.9457479e-01   5.5597513e-01   1.3947038e-01   2.1647012e-01  -3.7786379e-02   6.8749073e-02  -9.0398052e-02  -4.0934959e-01   3.4804561e-01   6.1543387e-02  -9.7763182e-02   3.9850856e-01   1.7961108e-01  -5.7762900e-02  -5.0274205e-01   5.5310846e-01   6.5551696e-02  -3.7019605e-01   2.5236268e-01   3.1152647e-01  -1.6748803e-01  -1.0345321e-01  -1.3288631e-01   5.6067281e-01  -7.3342035e-02  -8.9151665e-02  -3.6012598e-01  -1.4486665e-01  -1.5924240e-01   1.1242254e-01   1.1254113e-01   2.9467076e-01  -1.2498547e-01  -9.3148928e-02  -4.9548260e-03  -1.0255504e-01  -3.5568118e-01   4.8711704e-01  -6.1024556e-02  -1.1906633e-01   5.1987393e-01  -4.7991229e-01   3.3557511e-01  -8.9719222e-03  -1.8680629e-02  -5.5708939e-01   8.1401557e-02  -1.5696447e-01   6.4906551e-01   2.9877971e-01   2.2442936e-01  -2.1201657e-01  -5.7162292e-02  -1.3443940e-01  -4.7148426e-01   3.7083731e-01   7.2720038e-01  -2.4989151e-01  -1.5948274e-01  -2.2300723e-01  -1.6501339e-01   1.1972881e-02  -3.8435284e-01   8.2745005e-01   2.6373369e-02  -2.7478367e-02   9.1381388e-02   1.7459712e-01  -2.0993753e-01   1.8346132e-02   3.5951611e-01   3.5992471e-01   6.2287594e-01  -1.8339395e-01  -1.2864158e-02  -1.4554463e-01  -2.4417609e-01  -2.6143761e-02   3.6053082e-01   9.2382033e-02   5.4977223e-01  -3.2944017e-01   1.0442241e-01   7.5976369e-02  -1.7204182e-02   1.8361885e-01   4.3309845e-02   5.5835143e-02  -5.3390475e-02   4.9385944e-02  -3.4073426e-01   3.6372940e-01   3.5195365e-01   6.3300300e-02  -1.4172030e-01   2.3605422e-02  -7.6675346e-02  -3.1470068e-01  -3.7776958e-01   5.0960184e-02  -3.0409392e-03   3.8203820e-02  -1.4955650e-01   6.8242862e-03  -2.6722029e-01   1.7654738e-03   2.7341061e-01   7.7008674e-01   2.6843765e-01  -3.8397515e-01  -5.9417981e-01  -2.0729753e-01   1.1393055e-01  -3.9294369e-01  -1.7295954e-02  -1.6661051e-02   6.2680175e-01  -3.2328172e-02  -4.6477253e-01   3.6508829e-01   5.1526641e-01
   1.1913980e-02   4.1946252e-01   2.8126529e-01   3.5974277e-02   0.0000000e+00   2.9890403e-02  -4.0454246e-01  -1.8507862e-01   2.0481765e-01   2.5305603e-01  -3.0977651e-01   1.8421651e-01   2.0945951e-01  -1.8837848e-01  -4.4168344e-01   3.1836860e-02   2.6863460e-01  -6.9749706e-03  -1.3552556e-01   7.5304077e-01  -3.6431458e-02  -3.5867590e-01  -2.5750916e-01   5.1568624e-02   2.4088768e-01  -3.1116879e-02   3.4392480e-01  -1.2781481e-01   1.4559995e-01  -2.3942994e-01  -1.4858045e-01  -1.4978146e-01   8.6801918e-02  -1.8673424e-01   2.6681119e-01   6.5138230e-01   2.7719008e-01   5.6438396e-03   5.5747164e-02   2.1125517e-01  -3.0016725e-04   2.9069715e-01   5.7575239e-01  -2.3911688e-01   1.2748248e-01  -2.3157522e-02   4.5289580e-02  -4.2793176e-01   3.5181895e-01   4.2641332e-01  -2.5476115e-01  -2.8954550e-01   1.4141898e-01   2.2789443e-01  -2.0568750e-01  -2.2551114e-01  -1.8152292e-01  -3.0238154e-01  -1.6479187e-01  -1.0239947e-02  -1.5220840e-02  -6.2706451e-02   5.3295601e-01   1.7003474e-02   2.7836065e-01   2.1159508e-01   1.3966217e-01   7.6541329e-03  -2.9249795e-01   1.5117928e-02  -1.0830067e-01  -2.4388390e-02  -9.0134845e-02   3.8270770e-01   1.3705659e-01  -3.6647942e-01  -9.8395988e-02   1.8517302e-02   7.6804440e-01  -3.8967164e-02  -2.6028165e-01  -9.0527965e-03  -1.6811876e-01  -2.0046053e-01  -6.6225178e-02  -4.7815289e-01  -4.0442019e-02  -2.3317187e-01  -9.2861329e-02  -7.2209454e-03   6.2400391e-01   6.6568981e-02   3.9616275e-01   1.4855636e-01   5.0004855e-03   6.8444568e-01   2.8006987e-01  -1.3746831e-01   4.2184280e-01  -5.2162645e-02  -1.5888508e-01  -1.0037323e-01  -3.2325920e-01   3.3770355e-01  -2.4965176e-01  -9.7532820e-02   2.0700043e-01  -1.5808732e-01  -7.4582255e-02   5.0780378e-02   1.0326813e-01  -4.0655702e-01   1.0873836e-01  -2.0544560e-01  -3.5364974e-01   6.0644766e-01  -3.2683961e-01   3.3714909e-01   1.2589914e-02  -9.0400554e-02  -1.7841228e-01   6.4942064e-01   3.1739741e-01   1.4089587e-01  -1.0498284e-01  -2.0149882e-01   3.6266321e-02   1.7170400e-01  -3.2833973e-02   1.2236308e-01   2.7084149e-02  -1.6993921e-01  -9.1031666e-02  -3.2085029e-01   3.2285459e-01  -3.1693574e-01   3.5904694e-02  -3.1917505e-01  -2.7296225e-01  -2.3431657e-01  -8.0961638e-02   1.7535160e-01  -4.1335517e-01  -1.3942196e-01  -2.0048336e-01  -4.8035336e-01  -2.9617436e-01   1.3897090e-01  -2.4687529e-02  -8.9788807e-02  -2.9542228e-01  -1.5854132e-01  -5.5949125e-02   7.3511227e-02   5.2949274e-01  -8.2070823e-02  -2.8252376e-01  -6.4294093e-02   2.0090226e-01  -3.8856028e-01  -2.4500722e-01  -3.4422911e-01   5.1070860e-01  -1.1941106e-01  -1.5088550e-01   4.6035524e-01  -4.7381685e-02  -1.3952844e-01   3.3939068e-02   3.5435536e-01   4.6168041e-01   6.5513959e-02   1.2130289e-01   1.3198970e-01   5.7310429e-04   1.0088331e-01  -2.3833411e-01
   7.5145545e-02   2.6563869e-02   3.2609566e-01  -1.4303567e-02   2.9890403e-02   0.0000000e+00   9.3605190e-02   1.9391581e-01  -1.9871570e-02  -2.3623664e-01   1.9874528e-01  -6.7115194e-03  -8.5566917e-02   2.5587888e-01   5.8709904e-04   5.5078961e-02   2.8287860e-01   1.7431827e-01   1.8182981e-01   1.6915708e-02   1.9424409e-01   3.8378039e-01  -2.4486036e-01   4.0693799e-02  -1.2058611e-01   1.0757609e-01   4.9180467e-01   4.0114579e-01   3.4649551e-02   2.8267507e-01  -6.3027964e-02   1.1618219e-01  -1.8870468e-01  -8.8897843e-02  -1.8382043e-01   7.8851008e-02  -1.8966578e-01  -9.7596373e-02  -1.0802690e-01   2.2391354e-01   6.3798160e-02  -5.7398956e-02  -2.8220879e-02   2.9117455e-01  -3.4552799e-01   4.4031985e-02   5.2398812e-01  -8.0475099e-02  -2.0683642e-01   1.2902593e-01   3.3082458e-01   2.0188597e-01  -2.3804108e-01  -2.3173853e-01   6.0832838e-02   2.7080036e-01   5.1984827e-01   3.4391027e-02   3.0480468e-01   2.2114164e-01  -9.3682451e-02  -2.5526956e-01   2.2971869e-03   1.7361738e-01  -2.2990725e-01  -5.5803607e-02   8.1832326e-01  -5.3969895e-02   4.0069975e-01   4.7896717e-01  -3.0102271e-02   1.7657057e-01   6.7932387e-02   1.1627310e-01  -7.7934103e-02  -3.2280249e-02   3.7276418e-02   1.3588410e-01  -2.8001082e-01  -6.3787190e-02   3.9966744e-01   6.8891233e-02   1.7685651e-01   3.8021934e-01   6.2722303e-02  -1.1741310e-01  -2.7179679e-01  -2.1459884e-01  -1.5529421e-01   1.1175678e-01  -1.9939350e-01   2.0746439e-02   1.4236173e-01   6.1711601e-02  -2.5779919e-01  -5.0698036e-02  -4.8675158e-02   1.3288748e-01   1.1082660e-01  -4.0047495e-01   4.3327379e-01  -1.0728896e-01   1.9171489e-01   2.5636026e-01   8.8848612e-02   1.9413426e-01  -6.6370383e-02   2.3972405e-01  -2.1965449e-01   8.2954007e-02   1.1052885e-01   2.4996380e-01  -4.4509129e-02  -1.4232021e-02  -2.8674492e-02   3.1575401e-02   3.8637846e-01   1.0724302e-01   3.8172948e-01   1.5476222e-01  -8.3641282e-02  -2.8248583e-01  -4.0436241e-02  -2.5420675e-01   6.3481417e-02   5.2379665e-01   9.7075862e-02  -2.0820168e-01   2.1996794e-01   2.7033284e-01  -5.8576403e-02  -1.8232262e-01   2.0118331e-01   1.0993333e-01   2.4485423e-01   5.4749754e-02  -2.4965343e-01   5.8476727e-02   1.9647020e-02  -2.9249039e-01   4.0552865e-02  -2.1482959e-01   2.2808334e-01   5.5297017e-01  -3.5743721e-03  -2.2674401e-01  -8.2547294e-02   3.8205941e-01   4.1242105e-01  -4.6270677e-01   1.1815456e-01   2.7372655e-01   4.9598632e-02   3.3912379e-02   1.2115127e-01   8.2378672e-02   1.6890360e-02   1.8218834e-01   5.3228690e-02   1.2790868e-02  -6.5884402e-02   2.5220284e-01   1.1154177e-01   1.5104888e-01   2.2642677e-01  -3.8097658e-02   2.4295033e-02   1.4119472e-01  -6.5272922e-02  -1.3729068e-01   1.7158060e-01   1.5112222e-01   1.1037188e-01   6.9491057e-01   2.2221546e-01  -1.7719274e-01   2.6408563e-01
   1.0597128e-01  -2.9225714e-01   3.5931821e-02  -3.3901836e-02  -4.0454246e-01   9.3605190e-02   0.0000000e+00  -3.5086230e-02  -3.1556915e-01   3.0782301e-02  -7.4624927e-02   3.8666688e-01  -2.4745017e-01   1.5915582e-01   2.4441005e-01  -3.2254310e-02  -2.0742314e-01  -3.1269253e-02   2.3433491e-01  -2.7176658e-01  -1.2008873e-02   1.4957619e-01   4.8044033e-01   1.0042222e-02  -3.3738559e-01  -1.9258700e-01  -9.8478760e-02   2.8175641e-01   2.7491091e-02   4.0927810e-01  -2.0056888e-01  -1.7267006e-01  -3.5726171e-01   5.2864565e-01   7.3497162e-02  -1.5212124e-01   6.1855611e-02  -1.4047832e-01  -2.0606329e-01  -1.2881373e-01  -2.5354674e-01  -2.3055808e-01  -2.9232099e-01   2.3862035e-01  -3.7020001e-02   7.6300039e-02  -6.5729629e-02   3.4648592e-01  -3.4896402e-01  -3.1090048e-01   2.5790361e-01  -1.9730898e-01  -3.0655785e-01  -2.2931085e-01   1.8024410e-01   4.5878233e-01   1.8100231e-01  -8.2574521e-02  -1.4908589e-01  -7.3650938e-02  -6.0258439e-02   1.9647666e-01  -4.0510583e-01  -2.1418444e-01  -3.6842370e-01   1.7871036e-01  -2.0916896e-02   3.7804551e-02   7.2640890e-02   4.8278281e-01  -1.4903045e-01   9.5726957e-02  -6.1553932e-02  -1.5172736e-01  -2.6916544e-01  -7.8258858e-02   5.5567095e-02  -4.0408036e-02  -4.7715397e-01  -3.3285787e-01   4.1527118e-01  -5.8703985e-02   7.0928942e-02   2.2112468e-01  -8.9412687e-02   2.0697282e-01  -1.3644594e-01  -1.9649839e-02  -3.4258192e-01   3.7491078e-02  -5.9316484e-01  -1.2033895e-01  -8.8321512e-03  -3.1523729e-01  -7.6779639e-02  -4.3796727e-01  -1.2973527e-01  -2.1255968e-02  -3.5469671e-01   3.2414284e-01  -4.7115630e-02   2.2608681e-01   3.8232360e-01  -1.3596967e-01   3.2286803e-01  -7.4647144e-02  -3.4082524e-01  -2.1589773e-01   8.2712491e-02  -1.4187785e-01   3.0045614e-01   4.5775295e-01  -5.2135413e-02   1.3487304e-01   6.0367299e-01  -3.9150296e-01   2.3937301e-01  -1.3324153e-01   9.0896560e-02  -5.9930516e-02   2.3507404e-01  -3.8423687e-01  -1.8148908e-01  -3.8334096e-01   8.0516818e-02   5.0111181e-01   2.4960486e-01  -4.6652565e-01  -2.9669271e-02   5.9268573e-02  -1.7926027e-01   2.5452785e-03   8.5552370e-02  -1.1229968e-01  -3.3402273e-01  -2.4134076e-01  -2.6078929e-01   1.0845293e-01  -2.3202301e-01   1.5397659e-02  -3.2385847e-02  -1.5291239e-01  -1.0308305e-01   4.9274268e-01   3.1989615e-01  -6.8506033e-02   7.2198910e-01  -1.3576780e-02   2.3506288e-01  -3.0308960e-01   3.1693055e-01   5.2878535e-01  -5.8341394e-02  -2.3852971e-01  -2.1560788e-01  -9.6316244e-02   2.5123562e-02  -2.3299248e-01  -2.7505642e-01   2.6051133e-01   2.6108517e-01  -8.8745897e-02  -1.9369355e-01   4.2771716e-02  -1.4052169e-01  -8.2251665e-02   2.7596759e-01  -1.7701593e-03  -3.0065458e-02  -5.3569511e-01  -2.0528631e-01   7.2993828e-03   5.8188821e-02   7.5773981e-02   8.4540013e-02  -2.0745044e-01  -4.7796712e-02
   2.7298223e-01   2.3334248e-01  -2.1484956e-01  -3.7168487e-01  -1.8507862e-01   1.9391581e-01  -3.5086230e-02   0.0000000e+00  -2.8582001e-01  -2.1507643e-01   3.1210806e-01  -3.2433549e-02  -1.0056804e-01  -1.6957011e-02   2.4642541e-01  -2.0086783e-01   7.0876212e-02  -1.8379775e-01   4.3869204e-01  -4.0104864e-01  -3.2127470e-02   1.2401352e-01  -3.5287179e-01   4.2118281e-01  -1.5404667e-01   6.1711917e-01  -5.8015670e-02   3.1124993e-01   2.3118551e-01   3.9538546e-02   2.5469033e-01   4.9321865e-02  -1.8561226e-01  -1.6827542e-03  -3.5244384e-01  -3.5470587e-01  -1.9628809e-01   4.3996030e-01  -3.8554160e-01  -6.5401571e-02   1.6804170e-01  -4.5796482e-01  -4.7197450e-01   6.1965191e-01   1.1297925e-01   2.6378559e-01   2.3381626e-02   3.5541143e-02  -2.5821538e-01  -6.1761618e-02  -1.1672127e-02   7.0268485e-01   3.2672920e-02  -3.2260203e-01   2.8129384e-01   2.5628205e-01   3.3209988e-01   9.5176810e-02   5.3299875e-01  -6.4852965e-02   5.9569442e-02  -1.0666510e-01  -1.0968355e-01   5.3546156e-01  -1.1472796e-01  -2.1468915e-01   1.4693681e-01  -3.0348528e-01   4.4135121e-01  -2.8262865e-01   1.8247971e-01  -3.0243013e-01   2.2581127e-01   2.3389507e-02  -4.4539080e-02   2.0181898e-01   2.4365642e-01   4.5539205e-01  -2.5479226e-01  -1.4439844e-01   5.2256696e-01   1.5735195e-01   3.7692566e-01   6.4259512e-01   3.6390211e-01   1.1887963e-01  -2.6844426e-01  -2.2093682e-02   3.2985519e-02   3.7064161e-01   6.1513001e-02   8.4980526e-02  -7.0902501e-02  -1.4473538e-02  -1.1797183e-01  -1.6287053e-01  -4.1408129e-01   5.2304274e-01  -3.8208930e-01  -2.3063979e-01   1.6847446e-01   1.4311446e-01   2.4957243e-01   6.0022418e-02  -2.5360475e-01   3.1207876e-01  -8.8322813e-02   6.7902083e-01  -2.2759943e-02   1.8540214e-01  -2.4660791e-02   1.9485087e-01  -4.5519967e-01   4.5904305e-01  -1.5168411e-01   3.0018666e-02   4.4819440e-01   5.3512505e-02   2.1677055e-01  -2.2672024e-01   3.0166127e-01  -2.1959223e-01  -1.8873907e-01   5.0749392e-03   4.4972296e-01   3.1173289e-02  -1.6417295e-01  -1.0404321e-01  -6.6221052e-02  -2.5348551e-01  -1.1372097e-01   2.5186605e-02   5.1175697e-01   2.7105675e-01  -8.3370425e-02   4.7064894e-01  -3.6537158e-01   3.9909964e-01   4.4633002e-01   7.3402951e-02   2.7899462e-01  -2.1609545e-01   4.2798701e-01   8.7412652e-03   1.1720004e-01   1.2584650e-01  -2.1208698e-01  -7.6300696e-02  -1.8243148e-01   2.2927131e-02   8.9043531e-03   3.4826481e-01   3.0034688e-01   4.7526007e-01  -1.5334632e-01   4.0697910e-01   3.4083970e-01   3.2232605e-01   2.6591467e-01   6.1329320e-01   1.9129583e-01   5.6972988e-01  -1.1885551e-01  -2.0622228e-01   4.1865134e-01  -7.6474143e-03   2.3621671e-01   3.5331452e-01   1.3207001e-01   1.4953429e-01   2.5337850e-02   2.3585204e-01  -3.6202615e-01  -1.2828157e-01   2.6343301e-01  -3.0889107e-01   3.0592111e-01
  -6.7368598e-02   6.9784450e-02   9.9050663e-02   2.5816528e-01   2.0481765e-01  -1.9871570e-02  -3.1556915e-01  -2.8582001e-01   0.0000000e+00  -2.4524724e-01   1.8492497e-01  -7.7153579e-02   8.4892076e-02   2.6523516e-01   4.3266933e-02  -8.7837035e-02   2.5109745e-02   4.3419947e-01  -3.1672128e-01   1.4747307e-01   1.9484857e-01   2.0336524e-01  -8.5259223e-02  -6.6269764e-02   2.0814433e-01  -1.8283204e-01   3.8926486e-01  -2.7926500e-01  -6.5095502e-02   1.1590836e-01   3.0873174e-01   1.3858089e-01  -1.0447347e-01  -2.1195619e-01   3.1133396e-01   2.0103686e-01   1.3836256e-01  -6.1808075e-02   1.7254797e-01  -1.3458762e-02  -8.7444671e-02   2.1778746e-01   2.7818002e-01  -3.0951177e-01   9.2408924e-02  -1.2692831e-02   2.0078702e-01   4.1020705e-02   4.2846402e-01   5.2610761e-02   1.3504801e-01  -1.8635790e-01   2.7595182e-01   2.9523812e-01  -1.6931295e-01  -4.0638691e-01  -2.6616710e-01   1.4236070e-01  -1.6188459e-01   4.6313390e-01   2.0461488e-02   2.3077081e-01   2.1451579e-01   2.3227454e-02   5.1593436e-01   9.0501599e-02   6.0597254e-02  -3.7436655e-02  -5.7393908e-02  -1.8427768e-02   5.7350753e-02   2.2674325e-01  -1.7545772e-01  -6.4141341e-02  -3.6002630e-03  -2.3085959e-02  -1.1097048e-02  -2.6681889e-01   2.1291638e-01  -2.8794244e-02  -1.9548552e-01  -5.7584659e-02  -1.8634489e-01  -4.2660085e-01  -1.1316215e-01  -3.2866937e-02   5.4651894e-01   7.9007540e-02   1.2196029e-01  -1.3520251e-02   1.1532373e-01  -9.4014359e-02  -2.7148821e-01   4.7017884e-01   5.7755769e-02  -5.1367788e-02   1.3948540e-01  -1.4546983e-01   2.8616572e-01  -8.3788437e-02   1.3208036e-02  -2.3130361e-01  -1.8608913e-01   4.5325792e-01   2.8309020e-01  -2.5808596e-02   8.1020470e-02  -6.3919068e-02   2.7408446e-02  -1.5107515e-01  -3.1390030e-01  -6.2587746e-02   2.4613898e-01  -3.3853994e-01  -2.1808813e-01   2.3501852e-01  -3.6790109e-01   1.1718080e-01  -3.3816722e-01   3.2198118e-01  -1.5345909e-01  -6.2234520e-02   2.7910532e-01   5.4127410e-01  -2.1022783e-01   4.6579453e-02   4.9425586e-01   1.5877706e-01   2.7725560e-01   1.9539466e-01  -1.4383416e-01   2.5787505e-01  -1.0668090e-01   9.9262177e-02   3.5231991e-01  -1.4137403e-01   3.1551819e-02  -1.6600307e-01  -1.6209820e-01  -8.2744745e-02   6.5553157e-02   1.2065237e-01  -1.2471143e-01  -2.6264352e-01   3.0954334e-01   1.4919531e-01  -2.4412248e-01   1.1967872e-01   1.2919461e-01   2.9355517e-01  -1.8490727e-01  -3.1663178e-01  -3.2442574e-02   7.9911901e-02   9.4711498e-02   1.1031046e-01  -1.4810777e-01  -1.6357422e-01   6.2008828e-02  -2.7481094e-01  -1.7055503e-01  -1.9621145e-01   2.1764555e-02   2.8595999e-01   9.8769125e-02  -2.0054594e-03  -2.1583286e-01  -3.1410559e-01  -1.1641930e-01  -6.7476616e-03   2.6459382e-01   1.9055418e-01   3.7986558e-01  -3.8314216e-02  -1.4972348e-01  -9.8311572e-02   1.1890078e-01
   2.0899983e-01  -1.7525340e-02   1.5422522e-01  -5.6147131e-02   2.5305603e-01  -2.3623664e-01   3.0782301e-02  -2.1507643e-01  -2.4524724e-01   0.0000000e+00  -4.2120774e-01   3.9087943e-01   1.9812633e-01  -5.8070973e-01  -3.5592425e-01   1.8770065e-01   2.9997739e-02  -2.9727672e-01  -4.7723121e-02   4.5121193e-01  -2.5235442e-01  -3.3307849e-01   3.2153908e-01  -5.4927140e-02   1.3891243e-03  -1.4850840e-01  -1.2916391e-01  -2.1910516e-01  -3.2182179e-02  -4.8396825e-01  -5.8049199e-01  -1.3837247e-01  -7.4249396e-02   3.3545326e-01   1.9375106e-01   2.7325538e-01   2.5334314e-01  -9.2305038e-02   4.3301577e-02   2.0626028e-01  -1.1232278e-01   1.4553874e-01   3.6130606e-01  -3.6222133e-01   1.3311102e-01  -1.7032224e-02  -3.7901171e-01  -3.7671974e-01   6.4930055e-02   2.9427927e-01  -9.7939336e-02  -2.6277865e-01  -1.9879790e-01   1.3723907e-01  -1.7279420e-01  -6.3655077e-02  -1.5863975e-01  -2.3854078e-01  -3.2774351e-01  -7.4754897e-02  -8.4393047e-03  -1.8667948e-02   5.8966111e-02  -2.4935620e-01  -1.2630974e-01   5.1152129e-01  -2.1322121e-01   2.8084359e-01  -4.5113129e-01  -3.7546646e-02  -3.1953644e-01  -1.9110636e-02  -1.8062312e-01   1.2164726e-01   2.2075469e-01  -1.3853339e-01  -7.2515813e-02  -1.1375841e-01   2.0903964e-01  -3.4368862e-02  -4.0725355e-01  -3.3627756e-02  -3.5901298e-01  -2.4715405e-01  -2.4055279e-01  -2.1924705e-01  -4.6915029e-01  -8.7100339e-02  -2.5750242e-01  -2.0133104e-01   1.5981107e-01   2.4068708e-01   4.1516243e-01   2.5856467e-02   1.0600267e-01   5.2320531e-01   2.3804130e-01  -3.7229774e-02   1.9432603e-01   6.3130643e-01  -4.2535751e-01   1.7101064e-01  -4.8963127e-01  -3.5711157e-01  -1.9070122e-01  -2.0605058e-01   1.4886666e-02  -2.7086157e-01   2.3120018e-01   4.5320882e-02   1.6964570e-01  -4.1271151e-01   4.1243849e-02   3.7448369e-02   7.8991728e-04   1.5412825e-03  -1.7836800e-01   1.5224614e-02  -1.1068640e-01  -1.5302298e-01  -3.8781808e-02   5.1883094e-01   1.9154084e-01  -3.7671090e-01  -1.9409636e-01  -3.3609861e-01  -1.7588447e-01  -2.9902192e-02  -1.0500421e-01   1.4755348e-01   1.4058464e-01  -3.2300956e-01  -2.4615334e-01  -4.9144564e-01  -8.9472165e-02  -1.6157502e-01   2.2447420e-01  -4.8699466e-01  -1.6274511e-01   1.4042558e-02  -8.4103426e-02   8.0478049e-02  -2.2089592e-01  -1.9685476e-01  -3.3421330e-01  -4.3641338e-01   1.4608586e-01  -1.2391246e-01   2.5264509e-02  -1.3334024e-01  -2.8242674e-01  -2.7216724e-01  -1.0448904e-01  -2.1456229e-01   2.7862928e-01  -1.9696616e-01  -5.3770964e-02  -1.1052421e-01   7.1196946e-02  -2.4014241e-01  -3.9841217e-02  -3.4264737e-01   4.5363443e-01  -1.9647313e-01  -2.1120651e-01   1.8770937e-01   2.0181419e-01  -1.8711833e-01   6.2967276e-02  -1.2019220e-01  -4.9262991e-02   4.1012225e-02  -7.5346705e-02  -7.8873999e-02  -5.8291617e-02   2.2823850e-01  -2.6203781e-01
   1.0136887e-01  -2.2723594e-01  -3.9323121e-01   1.8420689e-01  -3.0977651e-01   1.9874528e-01  -7.4624927e-02   3.1210806e-01   1.8492497e-01  -4.2120774e-01   0.0000000e+00  -4.1782275e-01   1.9903021e-02   3.3030907e-01   3.8954346e-01   2.4238142e-03  -1.7401084e-01   5.1260919e-01  -1.5788061e-01  -2.8604196e-01   4.3778302e-01   5.4124425e-01  -1.8714423e-01   1.4045103e-01   8.6212359e-02  -1.2164376e-02  -6.8273181e-02   9.3693506e-02   5.7263211e-02   1.8625478e-01   4.9535034e-01   4.9015626e-01   8.5850047e-02  -2.5669204e-01  -2.9473871e-01  -7.2874622e-02  -9.3438120e-02   9.3959407e-03   1.3202531e-01  -3.5556390e-01   3.3336123e-01   3.0578579e-02  -2.2423151e-01   3.0765276e-01  -2.3085199e-01  -2.2690818e-01   6.2582250e-01   2.7353910e-02   1.1284648e-01  -3.2676640e-01   5.1340030e-01   4.9198139e-01  -1.6615300e-01   1.4173953e-01   2.7981162e-01  -2.2938987e-02   1.5290568e-01   4.7041995e-01   4.6084176e-01   3.7053092e-01   6.6113052e-02  -3.9680712e-02  -2.0638488e-01   2.0483293e-01   7.6391374e-02  -2.6802503e-01   2.3985039e-01  -3.1857714e-01   6.6633230e-01  -1.8337526e-01  -1.4198501e-01   8.8007915e-02   2.7803429e-01  -1.1106795e-01  -4.1253896e-02   4.3546122e-01   1.8425685e-01   1.4634008e-01  -3.3190401e-01   8.4591173e-02   2.7113530e-01   2.1015881e-01   2.8044327e-01   9.4935136e-02   4.4597478e-02   4.9623888e-01   1.5648632e-01   2.4845627e-01  -1.3091284e-02   5.8221843e-02  -6.7765374e-02  -1.2231016e-01  -2.9121134e-01   3.4107400e-01   9.4269772e-02  -3.8526413e-01  -1.5558036e-03   8.2377478e-02   9.0671486e-03  -3.8652214e-01   2.0915368e-01  -1.9448655e-01   3.2550794e-01  -6.3152687e-02   3.6585660e-01   4.6322754e-01   1.3726823e-01   3.7113883e-01  -8.5781574e-02   2.3334115e-01  -2.4141816e-01   4.1859863e-01  -5.5959503e-03  -2.5836797e-02  -1.8577464e-01  -1.9783944e-01   2.3342853e-01   1.9479006e-01  -4.8876461e-02   3.5512293e-01  -4.6681922e-02  -4.8089168e-01  -1.5557692e-01   2.0704346e-01  -1.3399830e-02   3.2346374e-01   2.4551551e-01   2.0715884e-01   4.6386822e-01  -4.2471801e-01  -1.1469658e-01   3.0043600e-01   3.1901591e-01   5.2565885e-01   1.2935775e-01   4.3791809e-01  -2.9908623e-02   1.4276042e-01   4.3218135e-01   1.1367269e-01   9.4979298e-02   4.8316816e-02   5.9349251e-01   6.2215009e-02   3.1834143e-01   4.3688317e-01  -3.7373141e-01   3.4239468e-01   2.5523119e-01   1.2164783e-01   7.5459422e-02   8.5729997e-02   4.5498745e-02   4.3577719e-01  -4.8093525e-01   2.0204043e-01   6.6490576e-02   4.0411797e-01   1.1981930e-01   3.5998535e-01  -2.3988455e-01   5.4340134e-01   1.8965504e-02   4.7849079e-01   4.5002079e-01  -1.7433132e-01  -6.2693492e-02  -1.5119131e-03   1.1642305e-01  -6.0459764e-02   4.2005262e-02   2.9933285e-01   2.2856344e-01  -9.3876825e-02   6.8953877e-03  -2.5888816e-01   3.8373980e-01
   2.4370502e-01   3.6005085e-01   4.4285965e-01  -3.6592776e-01   1.8421651e-01  -6.7115194e-03   3.8666688e-01  -3.2433549e-02  -7.7153579e-02   3.9087943e-01  -4.1782275e-01   0.0000000e+00  -1.1133800e-01  -3.7743745e-01  -1.4384362e-01   2.9191575e-02   1.4775565e-01  -4.1972008e-01   1.7207384e-01   1.8227221e-01  -3.8390539e-01  -3.4783725e-01   2.2456173e-01   9.9602216e-02  -3.1237967e-01  -1.6954136e-01   2.9896351e-01  -1.6541433e-01   1.2943207e-01  -8.7981167e-02  -3.7759728e-01  -3.2170919e-01  -4.4967578e-01   6.9026701e-01   5.1092703e-01   3.0654976e-01   4.4134438e-02   1.0604408e-01  -2.4113546e-01   3.0752427e-01  -1.9703499e-01  -1.5272052e-01   1.9733555e-01  -1.4239411e-01   1.0756572e-01   2.8373274e-01  -2.8374114e-01  -1.2287240e-01  -3.7240275e-01   2.6027286e-01  -2.3041610e-01  -3.1520370e-01   1.3075064e-01  -9.5490790e-02  -3.1097672e-01   3.1128724e-01   2.1144902e-02  -4.2957062e-01  -2.6757506e-01   4.8907712e-02   8.8058066e-02   1.6161319e-02   1.4614688e-01   1.1386161e-01  -2.2195400e-01   4.6239828e-01   1.3299013e-01  -1.6508620e-01  -3.8560271e-01   2.0232445e-01  -9.4056318e-02  -2.1024795e-01  -2.0356922e-01   2.4186148e-01  -1.4197070e-01  -3.4451066e-01   1.1389316e-01  -5.7831442e-03   1.9229100e-01  -4.7532868e-01  -8.4670318e-02   9.9339417e-03  -5.8227010e-02  -2.5673799e-02  -1.8626866e-01  -1.9591327e-01  -2.0441734e-01  -2.1936430e-01  -2.1813089e-01   2.8816206e-03  -7.2481422e-02   1.8243336e-03   5.2477623e-01  -3.7740332e-02   9.3796715e-02   1.4845181e-01  -1.6153943e-01   2.5737788e-02  -1.3608579e-01   4.4781670e-01  -4.0247551e-01   5.2413902e-01  -2.5761107e-01   2.0637997e-01  -1.5619606e-01  -1.8456491e-01  -2.3350877e-01  -1.5708734e-01  -5.5575097e-02   8.3024511e-02   5.6989709e-01  -3.1271248e-01  -3.4321189e-01   6.2994098e-02   1.0611015e-01   2.6987487e-01  -1.8910106e-01   9.5325018e-03  -1.7324412e-02  -3.2737302e-01   2.4265646e-01   1.6258654e-01   1.8667228e-01  -2.3140739e-01   8.5343178e-03   2.8115565e-02   1.6703488e-02  -3.8948264e-01  -3.6146122e-01   3.5802133e-01  -1.5325965e-01  -1.5259568e-03   3.4123617e-02  -4.7135257e-01  -1.4512289e-01  -3.2934784e-01  -3.2983360e-01  -2.9852109e-01  -3.2016934e-01  -6.9767919e-02   3.0535803e-02  -1.7831183e-01  -4.5100785e-01  -4.6619517e-02   4.7480311e-02  -4.8514610e-01   4.7715154e-01  -2.0902394e-01   7.2515281e-02  -3.2100513e-01  -2.4341035e-01   5.0277077e-02   1.6164720e-02   9.4962390e-02   5.1237386e-01   8.2580774e-02   5.1077059e-02  -1.9959641e-01  -3.1980423e-02  -7.4894550e-02   1.7088422e-01  -4.0037437e-01   1.4388612e-01  -3.8907098e-01  -2.4909724e-01   4.8496862e-01   4.9043321e-01  -1.9196676e-01   8.6976316e-02  -1.1427183e-02   1.5383304e-01   1.5891530e-01  -2.1326206e-01  -2.9536792e-02   2.2862258e-01  -2.8264357e-01  -2.9724055e-01
   1.3596302e-01  -3.5056998e-02   1.9321977e-02   2.1469093e-01   2.0945951e-01  -8.5566917e-02  -2.4745017e-01  -1.0056804e-01   8.4892076e-02   1.9812633e-01   1.9903021e-02  -1.1133800e-01   0.0000000e+00  -1.3893388e-01  -8.4411335e-02   2.2145041e-01   9.1377465e-02   1.0796637e-01  -9.9162770e-02   4.5295105e-01   1.6450068e-02  -1.6438180e-01  -1.1128280e-01   1.4442037e-03   2.8763978e-01   3.4532080e-02  -1.1742378e-01  -1.3507098e-01  -2.5165136e-01  -3.2934988e-01  -1.7645775e-01  -1.2699020e-01   3.3328844e-01  -1.1048235e-01  -4.2081349e-03   2.4977541e-01  -1.3482375e-01   1.7027876e-01   2.4195490e-01   1.1425028e-01   6.0119968e-01   2.3368748e-01   4.1952858e-01  -1.2605970e-01   1.1827754e-01   8.6303884e-02   5.8682187e-02  -3.2123472e-01   3.5257467e-01   1.8152157e-01  -4.4659932e-03  -3.0834858e-02  -2.8698952e-01   3.5116065e-01  -2.7699594e-02  -8.6023309e-02  -1.6022408e-01  -1.5757641e-01   4.1667525e-02   1.0181358e-01  -3.7898451e-02  -5.0236331e-02   3.3936190e-02  -1.3110402e-01   1.2520299e-01  -1.1059231e-01  -6.1493098e-02   2.0168195e-01  -2.4779595e-01  -6.9480671e-02  -1.8106337e-01   4.4281336e-02   3.4927370e-01   1.0734859e-01   2.1254100e-01  -2.0111868e-01  -1.1748249e-01   2.7577860e-02   1.5446963e-01   3.1829399e-01  -2.5225137e-01   4.6309871e-01   6.7089964e-03  -1.9064096e-01   1.2547727e-01  -1.9672046e-01  -8.8523104e-02   5.9763520e-02   1.4567025e-01  -1.0288352e-01   8.8450347e-02   1.7489426e-01   1.8859731e-01   1.3968314e-01   5.7336417e-02   3.7568356e-01   5.0307435e-01  -9.1104073e-02   4.1024832e-01   7.9116031e-02  -7.8325672e-02   3.9670090e-03  -2.5714744e-01  -1.9157591e-01  -1.7324379e-01  -1.2104406e-01   3.7610517e-01  -1.7290559e-01   2.4310451e-01  -6.9558003e-03   2.5205886e-02  -3.2031540e-01   3.3865729e-01   8.8002558e-02  -1.4122976e-01  -7.0125473e-02  -2.3259340e-01   6.7961511e-01  -3.4780022e-02   1.8759134e-01  -1.9050134e-01   4.1935668e-01   1.6663751e-01  -6.1941568e-03   1.9111376e-02  -1.0826942e-01  -7.9476019e-02   4.0301956e-01   7.4876045e-02  -9.2270549e-02   5.2575174e-01  -9.9802529e-02   3.7909257e-02  -7.6935190e-02   2.7883893e-01  -1.4163582e-01   2.8561872e-01  -2.8884098e-01  -1.6523069e-01   1.2331618e-01  -7.4295640e-02   4.8417953e-01  -1.4993615e-01  -2.3284297e-01  -3.1971662e-01  -1.9356189e-01  -2.3689086e-01  -1.0342737e-01  -8.8040399e-02  -4.6945131e-02  -9.7997049e-02  -2.2926881e-01   8.2915363e-02  -4.9494126e-02   1.1510640e-01  -6.9917000e-02  -2.3380266e-01   2.1088259e-01   1.3035221e-01  -1.2379707e-01  -1.8431996e-01  -2.1347458e-01   2.4076041e-01  -3.1111451e-03  -8.3401543e-02   5.0302685e-02  -1.2771972e-01  -6.5836253e-02   5.4964181e-02  -2.4668548e-02   4.4786832e-02   4.1727559e-02   1.5385045e-01  -3.1068668e-02  -2.2654068e-01   2.1135396e-01  -2.3739958e-03
   1.2019639e-01  -3.3044166e-01  -2.6023823e-01   2.8379151e-01  -1.8837848e-01   2.5587888e-01   1.5915582e-01  -1.6957011e-02   2.6523516e-01  -5.8070973e-01   3.3030907e-01  -3.7743745e-01  -1.3893388e-01   0.0000000e+00   2.4083199e-01  -3.9548222e-01  -2.2182816e-01   4.5569504e-01  -2.0879943e-02  -2.7464246e-01   4.8422159e-01   5.6493067e-01  -2.1709765e-01   2.0768601e-01   1.2700191e-01   3.6933475e-02   3.4685976e-03   3.7606256e-01  -9.1870526e-02   6.8216293e-01   3.2948173e-01   1.2372252e-01  -1.1384844e-02  -3.7247573e-01  -1.1480858e-01  -1.5574649e-01   1.6744954e-01   3.5348007e-02  -1.5454562e-01  -4.4022879e-01  -9.8919079e-02  -9.3010211e-02  -2.9426007e-01   3.4103851e-01  -1.4126407e-01  -1.6677170e-01   4.1567166e-01   3.7414369e-01   1.5708380e-01  -4.8084162e-01   3.9011801e-01   3.5290932e-02  -1.3295036e-01  -6.2704700e-02   4.5402645e-01  -1.3055052e-01   1.2218101e-01   3.1063668e-01   8.8222103e-02   2.6771436e-01  -1.8967691e-01   1.0035022e-01  -3.2092550e-01  -7.9605958e-02   1.2258391e-01  -1.1831069e-01   1.5463484e-01  -1.0341937e-01   3.8583484e-01   2.5452975e-01  -5.1956512e-02   3.0760923e-01  -3.0454844e-02  -2.1854177e-01  -3.7566190e-01   1.0405003e-01  -5.9051178e-02  -1.5625687e-01  -2.7268955e-01  -2.2674203e-02   5.0847487e-01  -1.5406837e-01   2.0335500e-01   2.3362979e-01   2.5411724e-01   6.2668145e-02   4.4012393e-01   2.4843162e-01  -2.2747311e-01   2.2287972e-01  -2.7502476e-01  -1.8922244e-01  -5.0293581e-01   9.5357149e-02  -1.6256392e-01  -4.7743541e-01   5.5028535e-02  -3.7809108e-03  -4.1721686e-02  -4.4133802e-01   5.1693081e-01  -3.7531772e-01   6.5346859e-01   2.0902573e-01   4.8470022e-01   1.7842109e-01  -7.6425437e-02   4.1092055e-02  -1.3086454e-01  -1.5016111e-01  -2.7855298e-01   5.7022374e-01   1.5721635e-01  -5.8752049e-02   1.2981442e-01  -2.2153645e-01   1.1922481e-01  -9.9886865e-02   1.7445585e-01   3.3543114e-01  -2.5325975e-04  -5.3898778e-01  -1.9706815e-01   2.2363457e-01   1.1355850e-01   5.3279869e-01   5.1908351e-01  -9.1409940e-03   3.8919431e-01  -1.4915570e-01  -3.1736399e-01   1.5056476e-01   2.5250847e-01   3.5514473e-01   9.6262809e-02  -3.0380423e-02  -1.2435228e-01   5.1774341e-01  -2.8105511e-03   1.1675358e-01   2.8202605e-01   1.7781599e-01   1.0201367e-01   4.0912898e-01   4.1715489e-01   3.0509389e-01  -1.4584644e-01   4.1417854e-01   2.8507534e-01   3.5114546e-02   2.9105759e-01   4.5325816e-01  -9.5070860e-02   8.3661778e-02  -4.9045037e-01   1.6796103e-01  -1.0934978e-01  -8.9205943e-02  -1.2799265e-01   1.3444097e-01  -6.1121468e-02   1.6058890e-01  -1.3599346e-01   4.7179849e-01   1.6662596e-01  -2.7911162e-01  -1.3313265e-01   1.8195958e-01  -3.9665339e-02  -2.5208382e-01   1.3735388e-01   4.6012508e-02   4.0978889e-01   3.0188207e-01   1.2396643e-02  -2.3166317e-01   2.7990622e-01
