   0.0000000e+00  -4.0934206e-01  -3.3929627e-01   2.0141439e-01  -3.7918546e-01  -8.9270060e-02  -3.0345256e-02   4.4560432e-01  -2.3805830e-01  -3.3344554e-01  -4.6677557e-02  -3.2019543e-01  -3.8123044e-02   4.8103210e-01  -2.9988621e-01  -3.7071276e-01  -1.8301673e-01  -1.3536277e-02   2.0565397e-01  -2.0261240e-01   1.4943046e-02   3.4365812e-01   6.2760435e-02   6.9340567e-01   1.1977666e-01   2.5576613e-01  -2.3885455e-01   4.4270446e-01  -2.1572695e-01   1.2953895e-01  -5.3470229e-02   3.1621324e-01  -1.9821648e-01  -3.7295407e-01  -2.9560801e-01  -2.1538418e-01  -1.6126205e-01   4.6073941e-01  -3.0253417e-01  -4.0979173e-01  -1.6097072e-01  -8.1065441e-02  -1.7287632e-01   1.7229353e-01   2.7709497e-02   6.4536767e-01  -3.6048663e-02  -5.3725974e-02   3.3822943e-01  -5.0974038e-01   6.7458744e-02   1.4002136e-01  -2.7460529e-01   2.3495259e-03   2.8860411e-01  -2.6364006e-02  -6.3202581e-02   2.6358961e-01  -2.7828756e-01   3.1849652e-01  -5.0140829e-02   3.5515347e-01  -3.3196950e-01  -3.1322458e-01  -2.6675645e-01  -4.3563895e-01  -1.1614437e-01  -2.3886694e-01   1.2710388e-01  -1.0774987e-01  -4.8219692e-01   1.5431515e-01  -1.8890268e-01  -2.7040309e-01   1.5762941e-01   5.4723472e-01   2.7726439e-01  -1.1957492e-01  -2.6040017e-01  -1.5479151e-01   3.0121385e-01  -1.0116726e-01  -2.0054972e-01   4.4329757e-01   8.7958382e-02   3.5332940e-01  -3.1439217e-01   4.1655304e-01  -2.2854102e-01   6.1217093e-01  -2.0791487e-01   6.6493972e-02  -4.6842183e-01   2.0441330e-01   4.7489670e-01  -2.2477911e-01  -5.8691006e-02   1.9745796e-01  -1.3508563e-01  -1.1245714e-01   3.8850178e-05  -2.5273084e-01   5.1589716e-01   9.4750850e-02   5.9582268e-02   4.2454816e-01  -1.3898181e-01   2.2753348e-01   2.4809091e-01  -1.9082160e-01  -4.8690333e-01   4.2761591e-01  -6.3814764e-02   8.5801739e-01   6.2759379e-02  -2.5335911e-01  -1.5748409e-01  -2.5925704e-01   3.7761932e-01   2.4536178e-01   6.5384360e-01  -2.0049940e-01  -1.6408145e-01  -2.0013356e-01   6.6325306e-01   1.5530526e-01   2.0204515e-02   7.3289893e-02   1.6369269e-01  -2.2038605e-01  -2.3572257e-01  -1.4652729e-01   1.8850085e-01  -1.5311799e-01   2.1578641e-02   4.4379440e-01  -2.5758992e-01   1.8428548e-01   3.2917650e-01   7.0971923e-01   6.3596897e-01   8.6818889e-02  -3.0884439e-02  -4.8159969e-02  -1.5290446e-01   1.4066244e-01  -3.0592809e-01  -2.1999469e-01  -2.9405917e-01  -5.0665085e-02  -3.1469579e-01   5.0352655e-01  -6.9376371e-02  -2.3914347e-01  -4.7562504e-01   7.4678215e-01   4.7890804e-01  -3.3110916e-01  -1.2845487e-01   3.8983757e-01   3.0533612e-01   1.0315320e-01  -1.5867729e-01   9.3030118e-02   3.1429373e-01  -1.8820690e-01  -2.7529288e-01   4.9670420e-01   3.6928558e-02  -2.5345998e-01  -3.2184138e-01   1.3946701e-01  -2.6061020e-01  -9.6535040e-02  -7.0487854e-02  -1.6700397e-02   3.1025666e-01
  -4.0934206e-01   0.0000000e+00   3.7229178e-01  -6.9848053e-02   4.6540348e-01   1.9020614e-02   7.3709713e-04  -2.7035606e-01   6.2962500e-01   2.7415575e-01  -2.5022872e-02   5.6151517e-01  -1.0471918e-01  -1.9059751e-01   9.5235034e-02   2.8940822e-01   3.9354372e-01  -2.8533319e-01  -2.9325882e-01   1.5994812e-01  -9.1295389e-02  -3.9722874e-01  -2.7604515e-01  -3.8237250e-01  -6.3853310e-02  -3.8273564e-01   3.2213862e-01  -5.4730235e-01   3.0983325e-01   1.8105536e-01   6.5486439e-02  -3.0544518e-01   1.1347471e-01   3.8953869e-01   4.1154487e-01   3.3337613e-01   2.3847248e-01  -1.6045685e-01   4.4668426e-01   5.0258859e-01   2.5771453e-01  -8.6384501e-02   1.8690018e-01  -2.4063588e-01  -2.1639357e-01  -3.8201942e-01   4.5847038e-02   9.5489059e-03  -4.0881776e-01   5.6536509e-01  -3.9732849e-01  -4.1697028e-01   6.3843261e-01   2.0854843e-01  -2.6219587e-01  -1.4190501e-01  -2.6461591e-01  -4.7699132e-01   2.3183563e-01  -2.5975046e-01   1.6504428e-01  -4.6396976e-01   5.4037019e-01   3.6678539e-01   2.6298438e-01   3.6403068e-01   2.9526872e-01   8.0102325e-02  -2.7736190e-01   3.5025493e-02   5.9972378e-01  -3.0380967e-01   3.0898496e-01   5.0219668e-01  -4.9347050e-02  -3.2315381e-01   8.6450414e-02   9.9432184e-02   6.2281011e-01  -1.9944524e-01  -5.8763272e-01   1.6290975e-01   1.8753485e-01  -4.6655872e-01  -2.5727798e-02  -5.6128221e-01   5.2735729e-01  -6.1761839e-01   3.3887575e-01  -5.0003274e-01   6.2209060e-01   2.5304519e-01   6.8423301e-01  -1.5322830e-01  -1.4397949e-01   5.1670639e-01  -2.8243936e-01  -2.5773792e-02   2.5458324e-01  -2.6738547e-02  -3.6263784e-02  -4.6028527e-02  -4.9459477e-01   2.1285992e-02  -3.0957708e-01  -2.0464031e-01   3.5027038e-01  -1.3259730e-01  -4.1224921e-01   4.3754787e-01   4.7910840e-01  -5.4474882e-01  -2.1957830e-01  -4.0679972e-01  -2.7897215e-01   5.8247624e-01  -2.3719247e-01   2.9863236e-01  -2.4963292e-01  -2.4877913e-01  -3.4051737e-01   4.8567953e-01   2.2736693e-01   2.0142666e-01  -4.2095530e-01  -8.9254017e-02  -1.5281703e-01  -9.0870617e-02  -4.0357891e-01   2.2667391e-01   2.5745937e-01   2.3623384e-01   4.6021039e-01   1.2459360e-01  -1.3399121e-01  -2.3325671e-01  -1.8723305e-01  -2.5136414e-01  -2.4067089e-01  -3.2613852e-01  -4.6504563e-01  -8.8086808e-02  -3.0596099e-01  -1.0996657e-02   6.7848118e-02  -8.7776340e-03   2.5138642e-01   6.1169826e-01   2.7199154e-01  -1.9187257e-01   1.2407524e-01  -5.4969805e-01   2.6872884e-01   5.2852090e-01   6.5501749e-01  -4.6833709e-01  -1.8705273e-01   2.1065719e-01   2.2895367e-01  -3.9023043e-01   9.3346859e-02  -3.4915384e-01   3.8931499e-02  -1.4237991e-01  -2.9042837e-01   5.7278196e-01   4.4577878e-01  -4.0606012e-01   1.7287077e-01   5.4232238e-01   6.1053342e-01   1.9692195e-03  -8.0894839e-02   9.7407022e-02  -3.0162244e-01   8.8116697e-02  -2.6429278e-01
  -3.3929627e-01   3.7229178e-01   0.0000000e+00   1.7141975e-01   4.4357875e-01   5.1472389e-01  -9.8560185e-02  -3.6670316e-01   1.4234908e-01   3.1849415e-01   1.0567724e-01   6.5463199e-01   2.5758327e-01  -5.3487195e-01  -6.4759460e-02   5.1997489e-01   8.6184098e-01   4.1061618e-02  -2.5665940e-01   3.9581958e-01  -6.3195503e-02   1.8797174e-03  -9.9612084e-02  -4.4724536e-01  -2.1501521e-01  -4.5994732e-01   6.1936321e-01  -4.3203854e-01   2.5885396e-01  -2.8012269e-01  -2.3883884e-01  -1.0154263e-01   5.3956767e-02   2.3547243e-01   9.3566271e-02   4.0900517e-01   7.2667286e-02  -9.5851730e-02   4.7543416e-01   5.1409506e-01   3.9021054e-01   2.2292004e-01   3.5743686e-01  -1.2293432e-01  -4.4260542e-02  -4.0917447e-01   3.7335770e-01  -4.0596563e-01  -4.9329814e-01   7.7619390e-01   2.6103598e-02  -3.8456774e-01  -2.3679362e-02   3.7991536e-01  -2.1988024e-01   2.4036978e-02  -1.6319791e-01  -4.4220783e-02   4.2065148e-01   2.6857714e-02   4.0714668e-01  -1.2880124e-01   4.3056610e-01  -2.3326868e-01  -3.2177538e-01   3.0439627e-01   5.8640851e-01  -4.5694792e-02   8.7205687e-02   6.9339207e-01   3.1140641e-01  -6.7505724e-03   9.9191200e-02   4.9738814e-01  -1.5153494e-01  -2.8388662e-01   9.5137269e-02  -3.3343476e-02   2.4566454e-01   6.2752975e-02  -3.1417000e-01  -3.1333607e-02   2.6177800e-01  -3.5629940e-01   1.9677220e-01  -3.1516226e-01  -2.0570488e-01  -3.0479086e-01   2.2549043e-02  -2.4003331e-01   1.4205907e-01   4.1349663e-01   4.3602378e-01   1.0769594e-01  -6.2941223e-02   4.0768080e-01   1.5436594e-01  -1.7313975e-01   4.0681541e-01  -1.3929897e-01   9.3465425e-02   2.4803543e-01  -3.0691299e-01  -4.1194235e-02  -2.0730018e-03  -1.6672211e-01   4.5849419e-01  -3.1899129e-01  -4.9043288e-01   4.1408687e-01   4.5226416e-01  -1.8292521e-01  -6.5893088e-02  -3.9366191e-01   9.2224643e-02  -1.6601690e-01  -2.1983125e-01   1.9943120e-01   1.4183373e-01   1.1435783e-01  -3.2669745e-01   3.8910127e-01   1.4247505e-01  -2.9675631e-01  -4.0226138e-01   2.2417490e-01  -1.6252753e-01  -6.1509870e-02  -2.5823863e-02   7.9927815e-01   3.5354842e-01  -3.3555716e-01   8.0213798e-02  -1.8999607e-01   1.7113117e-01  -2.4231265e-01   4.4430316e-02  -2.2023769e-01  -1.7989577e-01  -3.6599191e-01  -2.2354493e-01   2.3742452e-01   3.0364357e-02   5.3280550e-01  -2.6843315e-01  -5.4230293e-01   8.8165427e-02   4.1863440e-02   3.2595333e-01  -4.9494221e-01   3.9749312e-01  -3.4059174e-01   3.8753608e-01  -1.0735139e-01   7.3974646e-01  -5.1409998e-01  -1.4408225e-01   3.7603696e-01   4.1712814e-01  -4.7169089e-01  -8.6532207e-02  -2.1580678e-01   3.9880513e-01   2.4577011e-02  -5.6245312e-02  -6.6742191e-02   2.0911471e-01  -4.7140315e-02   3.5903508e-01   1.8171732e-01   1.8047085e-01   1.4081438e-01   1.3823729e-01   5.4657779e-01  -2.6447389e-01   3.3345759e-01   4.2953849e-02
   2.0141439e-01  -6.9848053e-02   1.7141975e-01   0.0000000e+00  -6.2581721e-02   4.3957190e-01  -2.8896393e-01   4.8914152e-02  -1.0720928e-01  -2.1148935e-01   2.7801813e-01   1.0699809e-01   3.8534595e-02   8.0854510e-02  -4.6670359e-01  -4.9488414e-02   2.2512049e-01   3.6915453e-01  -2.4650561e-02  -3.9710967e-02   1.7006109e-01   7.7324326e-01   4.6716960e-02   2.3136665e-01   1.4113779e-01  -9.8281058e-02   1.9845283e-01   9.1182159e-02   5.0034468e-02   3.6394104e-01  -2.4096371e-01   6.8703355e-01  -2.8353084e-01  -3.0924817e-01  -2.3032862e-01   2.3358012e-01  -2.8379681e-01  -6.9968046e-02   8.3111240e-02  -1.0394403e-01   2.1006143e-01   6.6436213e-02   1.6028847e-01   6.9618624e-02   2.1450589e-01  -1.8167992e-02   5.0190090e-01  -4.4601660e-01   2.6652920e-01   9.1897436e-02   2.7894396e-01  -2.4502421e-02  -3.3716988e-01   3.0714065e-01   2.7426140e-01  -1.6896289e-01  -1.8046520e-01   6.5137149e-01   5.4847828e-01   4.7598419e-01   1.2444884e-01   2.8624640e-01  -4.1317289e-02  -3.4630592e-01  -1.8030894e-01  -2.7684114e-01   3.6986830e-01  -2.5059213e-01   6.6137866e-01   2.3965015e-02  -4.2773087e-01   4.8039702e-01  -7.7937895e-02   1.2526608e-01   2.7162994e-04   2.3972015e-01   8.3634219e-02  -1.4406806e-01  -5.6985818e-02   2.5263696e-01   6.0282467e-02  -1.0653608e-01  -1.5389585e-01   6.9250605e-02   2.4543714e-01   1.1097667e-01  -3.9599221e-01   2.9053265e-01  -1.2465461e-01   9.5173136e-02   2.5161918e-02   2.7897089e-01  -2.1116427e-01   5.1500955e-01   4.4013918e-02  -5.4769265e-02   1.7816275e-01  -1.3598615e-01   2.6642208e-01  -4.2218319e-01   1.8726795e-02   1.4297229e-01   5.0674920e-01   3.9017140e-01   4.4899450e-01   6.8462038e-01   2.5290667e-01   1.5240317e-01   2.2198759e-02   1.8716767e-01  -3.5543244e-01   6.1100174e-01   2.5863730e-01   1.5980119e-01  -2.6392136e-01  -2.5197019e-01  -7.0882399e-02  -7.2845473e-02   2.9571140e-01   8.2534769e-01   2.3404171e-01   5.4883581e-02   1.8983130e-01   5.0297391e-02   3.2556910e-02   6.0545240e-01   2.1744924e-01  -1.0496621e-01   6.5408306e-01   4.6095344e-02   1.2343896e-01  -3.2120686e-01   2.1021272e-01  -2.3554733e-01   4.2822246e-01   2.7769387e-01  -7.0163063e-02  -1.2913058e-01   2.3415960e-01   1.0800919e-01   4.4389557e-01   2.3199585e-02   3.8056727e-01   1.4016687e-01  -3.5534147e-01   8.1622499e-02  -5.4431334e-01  -1.6062300e-02  -2.0737560e-02  -2.6824150e-01  -2.4584957e-01   2.8190697e-01   3.7182770e-01   1.4232915e-02  -1.2018877e-01   4.4519369e-03   1.8735290e-01   3.6374116e-01   5.0641849e-02  -3.8331779e-02   1.6544949e-01   3.3104527e-01   5.5446261e-03   6.7900239e-01   6.1760516e-01  -7.1841449e-02  -2.6722166e-01   4.7744931e-01   4.1613815e-01  -1.1811530e-01  -1.2920522e-01   1.3077925e-01   1.4846510e-01   3.2455981e-01  -3.2846120e-01  -1.5941167e-01   6.7888506e-01
  -3.7918546e-01   4.6540348e-01   4.4357875e-01  -6.2581721e-02   0.0000000e+00   1.6211230e-01  -3.4179708e-01  -2.9547269e-01   2.2617415e-01   2.9818979e-01   1.1312376e-01   4.4567224e-01   3.1897717e-01  -3.9637485e-01  -1.7352992e-01   3.6482950e-01   4.6868874e-01  -1.9378874e-02  -2.5405274e-01   8.1438228e-01  -8.9859956e-03  -3.2348865e-01  -2.8392439e-01  -3.3331542e-01  -2.3235083e-01  -4.3648473e-01   5.7394220e-01  -4.9445909e-01   1.0721349e-02  -2.6901957e-01  -1.7750518e-01  -3.7347791e-01   4.3370306e-01   7.8078265e-02   1.8596677e-02   7.0738121e-01   3.1932318e-01  -2.8286077e-01   3.7887189e-01   4.9406948e-01   2.4894888e-01   3.6440820e-01   3.4776794e-01  -1.0206946e-01   4.9878403e-02  -4.7214836e-01   4.6281811e-01  -4.2839038e-01  -1.8960102e-01   6.6145760e-01  -2.6641362e-01  -4.6142477e-01   1.5123057e-01   4.1029706e-01  -1.8401344e-01  -8.4979415e-02  -1.1444355e-01  -3.5888064e-01   2.9253486e-02  -2.2378403e-01   2.3952911e-01  -2.7417278e-02   5.8804656e-01   8.6242034e-02   3.0035390e-01   3.1387153e-01   3.5932828e-01   3.4459887e-01  -1.8224907e-01  -1.5734817e-02   3.2475861e-01   1.8062783e-02  -1.0983600e-02   2.3950501e-01   1.1152015e-01  -3.1426195e-01  -1.1669683e-01   2.9654396e-02   7.6382216e-01   3.2988485e-01  -6.2935761e-01  -8.6875467e-02   2.3574316e-01  -4.1347765e-01   1.6853823e-01  -6.4876582e-01   2.0592401e-02  -5.1000720e-01   7.0939140e-02  -4.7478146e-01   6.8477084e-01   2.4339911e-01   6.3421006e-01  -1.7806922e-01  -2.8148981e-01   8.0283142e-01   2.6627675e-01  -1.5364904e-01   6.5629419e-01  -1.9749648e-01  -6.3184722e-02   1.1152312e-01  -4.6518567e-01  -3.6521948e-01  -2.7216896e-01  -2.6867708e-01   5.5495129e-01  -2.9875495e-01  -3.7742183e-01   4.7340337e-01   3.4398725e-01  -5.3470154e-01   2.2264846e-01  -3.8773805e-01  -3.4287738e-01   3.0626129e-01  -2.4557089e-01   2.4620519e-01  -8.5559205e-02  -1.1485279e-01  -3.9243035e-01   6.2400268e-01   2.8556808e-01  -6.4765728e-02  -4.3407852e-01  -1.0730656e-01  -1.8914033e-01   3.4447010e-01  -2.4595959e-01   2.3325609e-01   2.1628824e-02  -1.6391665e-01   8.8585622e-02  -1.1241381e-01   1.4967104e-01  -2.8025875e-01   2.8710166e-01  -4.8034033e-01  -1.3454097e-01  -4.1075624e-01  -2.4492721e-01   2.0110681e-01  -2.6990194e-01   5.5845664e-02  -2.9355486e-01  -3.4113502e-01  -8.1418353e-02   2.7059544e-01   1.5779502e-01  -2.5662223e-01  -1.2873142e-03  -5.3464978e-01   4.6454787e-01   2.4800962e-01   6.8899095e-01  -4.1914960e-01  -2.9220298e-01   2.8123900e-02   3.4459891e-01  -6.3353985e-01   8.3962974e-02  -4.6222350e-01   2.7773307e-01   2.0170036e-03  -3.8294278e-01   1.3051107e-01   2.8118518e-01  -3.2747838e-01   3.5561971e-01   4.9170600e-01   6.2420788e-01   8.7230727e-03   4.6828655e-01   3.4369063e-01  -7.9573406e-02   4.1700238e-01  -2.4330940e-01
  -8.9270060e-02   1.9020614e-02   5.1472389e-01   4.3957190e-01   1.6211230e-01   0.0000000e+00  -7.3656486e-02  -1.5193598e-01  -2.7490067e-01   9.8981156e-02   3.3367869e-01   4.9357647e-01   5.7201727e-02  -4.5329135e-01  -4.2994342e-01   1.8073613e-01   4.3675784e-01   3.5323597e-01   8.1192464e-02   6.9933586e-02   2.7952696e-01   4.6740654e-01   3.3078760e-01  -1.3434794e-01  -5.0729587e-02  -2.0542594e-01   4.6947142e-01  -6.6146284e-02  -1.4237829e-03   8.6129744e-02  -5.0876579e-01   2.3460188e-01  -1.9350911e-01   5.0409172e-02  -1.9725297e-01   4.2854442e-01   2.0859031e-02  -3.9225753e-02   2.0957931e-01   9.5937700e-02   1.5988078e-01   4.5045127e-02   2.4874649e-01  -8.2071412e-03   1.5585584e-01  -8.7211802e-02   5.9169147e-01  -5.3249607e-01  -1.5815837e-01   3.8742308e-01   3.1635576e-01  -1.8200012e-01  -3.1110150e-01   1.6126422e-01  -1.8363290e-01  -3.4030533e-03   1.2346845e-01   3.4597358e-01   3.6157526e-01   4.1691570e-01   1.8241398e-01   2.3927837e-01  -2.0196228e-02  -5.4703002e-01  -2.8121511e-01   1.4500659e-04   7.7869604e-01  -8.9179555e-02   5.1748154e-01   5.4162312e-01  -2.9475759e-01   3.8231297e-01  -1.2090051e-01   2.5612993e-01  -3.4200971e-01  -1.7155306e-01   1.8546979e-02  -7.8238795e-02  -3.4857710e-02   1.0767751e-01   3.0196720e-02  -1.4777564e-01   2.7649860e-02  -1.1259697e-01   2.1644974e-01  -1.7968588e-01  -5.2684455e-01  -2.3625384e-02  -1.5116749e-01  -2.6040684e-02  -5.4027134e-02   2.1368250e-01   8.1090687e-02   2.5244767e-01   4.5623173e-02   1.6879247e-01   2.5662354e-01   1.0070327e-01   2.7395499e-01  -2.2588115e-01   9.0440600e-02   3.7754277e-01   1.8912914e-01   5.3757032e-02   4.5018973e-01   7.8530977e-02   1.9736654e-01  -1.8009960e-02  -3.4471222e-01   4.0210011e-01  -1.2812699e-02   3.8715196e-01   1.3144408e-01  -2.6100473e-02  -1.3213909e-01  -4.5915305e-01  -9.9334906e-02  -3.3478442e-03   3.1235223e-01   4.3218717e-01  -7.1827768e-02   4.0737577e-01  -6.4690242e-03  -3.0023461e-01  -4.3688821e-02   4.2784288e-01   5.0711636e-02  -3.1083714e-01   3.5567184e-01   4.7267631e-01   2.7762556e-01  -4.7889380e-01   1.3587700e-01  -3.0601714e-01   2.0109438e-01  -3.9318732e-02  -1.5799612e-01  -2.1154981e-01   1.0697440e-01  -1.8616394e-01   8.0172513e-02   1.2920539e-01   4.4317739e-01   6.6453888e-01  -5.3704445e-01  -4.0967767e-01  -3.8971590e-01  -1.6041519e-01   3.8417123e-01  -6.3686450e-01   6.5590570e-02   7.4352762e-03   2.6159774e-01  -8.5884179e-02   3.1385159e-01  -1.4623523e-01  -3.1063321e-02   3.3614425e-01   1.4850056e-01  -3.2986707e-01  -1.4067676e-02   1.2352536e-01   3.3422015e-02   3.5170097e-01   2.1215751e-01  -2.2648735e-01   4.7707438e-02   2.4102922e-01   3.2315859e-01  -8.0333140e-02  -1.0443573e-01   2.8709064e-02   2.9942909e-01   7.4314649e-01  -4.6037106e-02  -8.1551131e-02   3.3293958e-01
  -3.0345256e-02   7.3709713e-04  -9.8560185e-02  -2.8896393e-01  -3.4179708e-01  -7.3656486e-02   0.0000000e+00  -3.1216385e-01   1.0614720e-01   3.7301009e-01   1.8041957e-01   2.2580080e-01  -2.8070865e-01  -9.1271907e-02   6.4339870e-01   1.1478466e-01  -3.6440588e-01   1.7855625e-02  -8.4839216e-02  -2.7299892e-01  -2.6627957e-02  -1.8258521e-01   5.6581767e-01  -2.0766660e-01   1.4095587e-01  -1.0504542e-01  -2.3631832e-01  -6.9837526e-02   2.2743139e-01   8.7670922e-02  -2.4295558e-02  -1.7619151e-01  -2.9832576e-01   5.7222341e-01   4.8242812e-01  -1.3057825e-01   7.7464001e-02  -8.1776268e-02  -1.7785325e-01  -1.2013903e-01  -2.4928112e-01  -2.3018986e-01  -2.8153637e-02  -4.0842356e-01   2.1400904e-01   2.0668106e-02  -3.1715878e-01   4.0529087e-01  -3.5281914e-01  -3.2828206e-01   4.0166944e-01  -1.3194461e-01   9.4930544e-02  -2.7607090e-01  -1.7751920e-01   1.8816913e-01  -4.7975209e-02  -1.4019125e-01  -2.0531853e-01  -9.4252253e-02  -3.9513103e-01   4.7166663e-03  -1.1786190e-01  -1.3869047e-01  -6.6098842e-03   3.9172883e-01  -3.7227879e-01   1.1265461e-01  -2.6409202e-01   3.5676588e-01   2.3604449e-04   1.7244960e-01   1.2527836e-01  -1.9956147e-03   2.7340816e-02  -3.4692298e-01  -1.9093383e-01   3.3382429e-02  -2.4410287e-01  -4.6602040e-01   3.3642549e-01   2.4541169e-01  -3.7275936e-01  -2.2241282e-01  -4.7368271e-01   1.8633360e-01   2.0800031e-01   1.3429965e-01   1.0527914e-01  -4.2925287e-02  -2.1296643e-01  -4.9303981e-01   4.0027546e-02  -1.9263991e-02  -1.3871954e-01  -2.8744636e-01  -2.1181668e-01  -8.3206328e-02  -3.3513816e-01   7.6007922e-01  -2.8290014e-01   2.7331051e-01  -2.7401971e-01  -1.8607491e-02   3.1233935e-01  -3.0103016e-01  -4.6616071e-01  -2.4533573e-01   2.4149112e-01  -3.4660111e-01   2.8311315e-01   1.7418271e-02  -9.8273031e-02  -1.1131070e-01   3.8655077e-01  -9.5594210e-02  -6.2153469e-02   5.5670543e-02  -4.3715486e-01  -8.3658678e-02  -1.4990610e-01   8.7041575e-02  -7.3024013e-02   4.1897841e-02  -9.3410062e-02  -2.3693777e-01   4.3290496e-01  -7.5668530e-02  -1.4172971e-01  -9.8336097e-02  -8.2350793e-02   4.2737810e-01  -2.6099700e-01   1.0487329e-01  -2.3364336e-01  -2.8978443e-01  -2.6659685e-01   1.0169354e-01  -1.7674813e-01  -2.4065174e-02  -4.1765385e-01  -1.6012659e-01   1.0396390e-01  -2.4124839e-02   6.7824484e-01  -8.5943399e-02   6.5921970e-01  -1.5500574e-01   4.5547038e-01  -2.7943928e-02   3.7572697e-01  -2.2177047e-01  -4.4309106e-01  -1.4540137e-01  -1.8717002e-01  -5.8833577e-02  -7.8026643e-02  -8.1527451e-02  -4.6173461e-01   2.8687939e-01   1.2009032e-01  -5.6886627e-02  -3.1756785e-01  -1.1191361e-01  -2.0955802e-01   2.1427850e-01   4.5778795e-01  -3.5124004e-01  -5.6679743e-01  -4.2500788e-01  -1.8976610e-01  -2.3106444e-01  -1.1137533e-01  -4.4024053e-01  -6.2924225e-02  -2.4415359e-01  -2.5288466e-01
   4.4560432e-01  -2.7035606e-01  -3.6670316e-01   4.8914152e-02  -2.9547269e-01  -1.5193598e-01  -3.1216385e-01   0.0000000e+00  -1.5277851e-01  -4.0832784e-01  -2.0617849e-01  -4.8248180e-01  -1.1832696e-01   3.2576405e-01  -3.9447326e-01  -2.7705007e-01  -1.0853808e-01  -5.9113835e-02   4.6262793e-01  -1.8569795e-01  -2.2443994e-01   2.2868887e-01  -2.1303646e-01   5.3590787e-01   1.1484037e-01   5.8803489e-01  -3.0788047e-01   3.6071518e-01  -2.1136443e-01   6.7094334e-02   3.2596681e-02   2.7997666e-01   1.2069183e-01  -5.1375756e-01  -4.3905737e-01  -4.2732894e-01  -1.6654083e-01   3.7017757e-01  -1.1673146e-01  -2.6047228e-01  -1.6977123e-01   1.1185563e-01  -3.4405547e-01   5.0782339e-01  -1.8049747e-01   5.9020843e-01  -2.3328567e-01   1.6174787e-02   1.9954651e-01  -2.7256493e-01  -1.7527274e-01   6.1774703e-01  -2.5070330e-01  -2.4761709e-02   1.0116365e-01  -3.0695411e-02   2.4117592e-01   2.0348395e-01  -2.9445307e-01   2.3160968e-01   5.6066205e-02   3.0665633e-02  -1.5574890e-01   1.0340544e-01  -1.3869006e-01  -5.3655249e-01  -7.4097987e-02  -1.3081147e-01   1.5106899e-01  -3.3550176e-01  -2.4100486e-01  -2.4956056e-02  -8.2330326e-02  -3.6326742e-01   1.0535799e-01   5.8981415e-01   2.0333831e-01   1.4895192e-01  -2.4079527e-01   3.2184651e-02   1.1978269e-01  -8.9867959e-02  -1.2916329e-01   7.1344623e-01   9.2272659e-02   2.6375798e-01  -1.9176204e-01   1.9738402e-01   6.1094150e-02   3.4511395e-01  -1.7984013e-01   1.5847129e-01  -4.2156910e-01   6.1657318e-02   3.7411710e-01  -1.6622363e-01  -1.2424468e-01   5.3872216e-01  -2.6919458e-01  -3.2809568e-01  -2.3725720e-03  -2.9785551e-01   3.5675727e-01   2.1187629e-01  -1.2102325e-01   4.0077670e-01  -1.9222423e-02   6.5446303e-01   3.0325788e-02  -2.5726147e-01  -5.1505914e-01   2.6161679e-01   3.6992801e-03   4.7414148e-01  -1.2703894e-01  -9.4345533e-02   2.9582295e-01  -2.4409899e-01   2.7798983e-01   5.7119930e-02   4.6388847e-01  -3.8565972e-01  -2.4947720e-01  -5.0585616e-02   5.7657925e-01  -2.4255344e-02  -2.8540966e-01   6.6697804e-02   1.4593090e-01  -2.4946882e-01  -1.7247849e-01  -2.2206959e-01   2.6907252e-01  -1.8006950e-01   4.8375120e-02   7.1708727e-01   1.2448893e-02   1.0487390e-01   5.4944380e-01   3.6994536e-01   4.2322310e-01  -1.2494434e-01   2.8530213e-02  -1.8488418e-01  -3.2988601e-01   1.8139278e-01  -4.2442819e-01  -2.3858922e-01  -4.9457935e-01   8.7708218e-02  -3.7548710e-01   4.8855673e-01  -2.1561587e-02   2.0976076e-02  -3.4704793e-01   5.0580163e-01   3.3983361e-01  -3.7582507e-01   1.2495388e-01   2.7163071e-01   5.5846125e-02   3.0961221e-01  -2.7143311e-02   1.1884191e-02   3.7063064e-01  -3.2488955e-01  -4.0634662e-01   4.1471901e-01   8.5354516e-02  -1.5625733e-01  -3.3578981e-01  -5.9014416e-03  -2.0116351e-01  -8.5804499e-02   2.7947161e-01   4.1419797e-02   4.0886965e-01
  -2.3805830e-01   6.2962500e-01   1.4234908e-01  -1.0720928e-01   2.2617415e-01  -2.7490067e-01   1.0614720e-01  -1.5277851e-01   0.0000000e+00   1.3453642e-01  -5.8135909e-02   1.8279684e-01   3.2451235e-02   1.3215793e-01   1.4333103e-01   1.5319333e-01   1.5716350e-01  -3.4443122e-01  -2.9808395e-01   1.1272913e-01  -3.2736054e-01  -3.5910926e-01  -4.0818241e-01  -1.7079101e-01   2.3454302e-01  -2.1899095e-01   1.6831810e-01  -3.3357344e-01   2.9304091e-01   2.6385660e-01   3.0528175e-01  -2.3203397e-01   1.2525775e-01   1.4441588e-01   3.4311753e-01   1.2732805e-01  -8.1743408e-02  -1.0758613e-01   2.6484367e-01   2.8890919e-01   2.2216647e-01  -2.4359077e-02   9.8224414e-02  -1.6785846e-01  -2.3169109e-01  -2.5235640e-01  -1.5227653e-01   1.5257229e-01  -3.4453807e-01   2.4383099e-01  -3.8394485e-01  -2.7332897e-01   2.8808482e-01   1.6821270e-01  -7.8162317e-02  -2.4665230e-02  -2.3055640e-01  -3.5174011e-01   1.0042265e-01  -2.7631137e-01   1.4973722e-01  -4.8681399e-01   6.6437602e-01   4.5673244e-01   2.1046876e-01   1.4705435e-01  -1.0000848e-01   2.3688609e-01  -2.8622125e-01  -8.7316859e-05   4.2810577e-01  -2.8872071e-01   3.8562340e-01   1.1640714e-01   1.7617050e-01  -1.5760122e-01   1.6249658e-01   8.0080916e-02   5.3493806e-01  -7.4127066e-02  -4.2981058e-01   1.0750461e-01  -6.1351395e-02  -2.5205336e-01  -1.5297611e-01  -2.9544101e-01   5.1078333e-01  -4.1636345e-01   5.6878295e-01  -3.2194133e-01   5.0242951e-01   1.3548570e-01   3.1485816e-01  -7.0680620e-02  -6.8376601e-02   2.4103899e-01  -3.1667405e-01  -7.9434478e-02   6.2765048e-02   1.6043352e-02  -2.0698452e-01  -1.4122919e-01  -4.7804267e-01   1.8591944e-01  -3.2626765e-01  -6.2369051e-02   1.8335212e-01  -9.5887262e-02  -1.5785490e-01   3.9509100e-02   2.0698799e-01  -4.5750240e-01  -1.3396258e-01  -3.4315663e-01  -5.3604161e-02   6.5128925e-01  -1.9744796e-02   3.2574897e-01  -3.1697738e-01  -1.8368300e-01  -1.6207455e-01   2.1664382e-01   3.1924804e-01   4.0621383e-01  -3.1136390e-01  -1.4045839e-01  -1.5971391e-01   7.8216627e-02  -2.3746701e-01   1.0919692e-01  -2.1813072e-02   2.9354103e-01   5.9037765e-02   2.9365646e-02  -4.4748947e-02  -1.0431641e-01  -6.0596957e-02  -1.7233509e-01  -3.0687726e-01  -1.4510892e-01  -3.6071754e-01  -3.2019696e-02  -2.8861596e-01  -1.6652680e-01   2.1825125e-01   1.9339203e-01   3.2493475e-01   4.2588166e-01   4.9709397e-02   4.1336722e-02   8.4653834e-02  -4.3292212e-01   2.2340383e-01   4.8072195e-01   2.9523674e-01  -3.1561563e-01   2.3208501e-02   9.5701218e-02   1.0134910e-01  -2.0950393e-01   2.1276766e-01  -1.4895076e-01   1.4702062e-01  -2.5029454e-02  -2.0688614e-01   3.8665196e-01   2.2841425e-01  -3.2581467e-01   7.6650044e-02   1.4432490e-01   3.2842315e-01   1.2555789e-01  -1.3845122e-01  -2.1443687e-01  -3.6798188e-01   7.8109130e-02  -2.0352942e-01
  -3.3344554e-01   2.7415575e-01   3.1849415e-01  -2.1148935e-01   2.9818979e-01   9.8981156e-02   3.7301009e-01  -4.0832784e-01   1.3453642e-01   0.0000000e+00   1.7877811e-01   5.5322420e-01   5.6298676e-02  -3.3176124e-01   3.7579018e-01   2.5489453e-01   7.0009591e-02  -8.9760498e-03  -2.4557175e-01   2.6184034e-01   1.7815106e-01  -2.4908903e-01   3.7458372e-01  -3.9940126e-01  -7.1651512e-02  -2.8223427e-01   1.3995300e-01  -5.7120052e-01   4.6494413e-02  -1.3252337e-01  -1.5076064e-01  -2.6392773e-01  -3.9606941e-02   6.7922192e-01   4.2346576e-01   3.9046175e-01   3.9682412e-01  -3.6090581e-01   4.3748265e-02   1.0694384e-01   4.2632859e-02   6.4588742e-02   4.5230469e-01  -3.9214147e-01   1.7209873e-01  -2.1505566e-01   1.3272355e-01  -8.6623908e-02  -5.0446984e-01   1.6210326e-01   1.7087033e-01  -3.8976725e-01   2.8999204e-01   1.9257510e-01  -2.5851764e-01  -5.5522312e-02  -1.1622339e-01  -2.4996333e-01   2.8366655e-03  -2.7103662e-02  -2.8995101e-01  -1.1159845e-03   1.8475509e-01   4.9949375e-02   1.8585627e-01   8.1312066e-01   5.7267063e-02   9.2312559e-02  -2.9133014e-01   2.9918488e-01   2.6014669e-01   1.3268065e-01   3.4306795e-02   2.7100648e-01   1.2773216e-01  -4.8458370e-01  -2.3055564e-01  -1.3289552e-01   2.0363953e-01  -4.2938535e-02  -3.0366230e-01   7.2446098e-02   6.7000162e-02  -4.6381848e-01  -3.9090907e-01  -4.0516078e-01   2.0851326e-01  -3.2389552e-01   9.8336227e-02  -4.7629631e-01   2.0722723e-01  -2.2112622e-01   5.5984547e-01   8.1375963e-02  -3.4907898e-01   2.4306516e-01   6.5797219e-02  -2.0946052e-01   1.7827049e-01   5.8417222e-01  -2.5715084e-01   2.6751588e-01  -5.9088469e-01   1.0189675e-02   5.5621948e-02  -3.7849613e-01   2.9532135e-02  -3.1313648e-01  -1.0833371e-01   3.1506742e-01   5.8058597e-01  -3.5668822e-01   1.2413180e-01  -3.7234526e-01  -1.1649432e-01  -8.1268140e-02  -2.0311390e-01   2.5757052e-01  -4.0542016e-01  -7.5389161e-02  -2.3551420e-01   4.9972822e-01   2.7866118e-01  -1.5151222e-01  -2.7181521e-01  -1.4651447e-01   1.8427897e-01   1.4919459e-01  -1.4450224e-01   1.0674091e-01  -9.5076798e-02   9.6035832e-02   2.1702221e-02   7.8838910e-02   1.0633893e-01  -3.7062371e-01   9.0794734e-02  -2.8688738e-01  -3.2923561e-01  -2.8871564e-01  -5.0265915e-01   1.1217938e-01  -1.7328002e-03   7.8063190e-02   2.7462336e-01  -3.3753089e-01   3.5507036e-01   2.2629567e-01   7.8344484e-01  -1.6233178e-01   2.4172863e-01  -5.6884572e-01  -7.6952133e-02   6.6770742e-02   4.2951369e-01  -2.8807905e-01  -1.8854126e-01   5.5464398e-02  -1.9430679e-01  -3.6703126e-01   3.9531746e-02  -3.9507429e-01   2.0566530e-01  -7.9042324e-02  -3.0326643e-01   1.3489431e-01   5.1036646e-01  -5.2413277e-01  -2.3048224e-01   1.3842332e-01   3.3150198e-01  -3.3007771e-01   2.1903126e-01  -1.4832538e-02  -3.5610032e-02   2.7736016e-02  -2.6943006e-01
  -4.6677557e-02  -2.5022872e-02   1.0567724e-01   2.7801813e-01   1.1312376e-01   3.3367869e-01   1.8041957e-01  -2.0617849e-01  -5.8135909e-02   1.7877811e-01   0.0000000e+00   3.6048563e-01  -1.9017718e-01  -1.9037543e-01   4.2420651e-03   9.1151919e-02   3.6226054e-02   6.3791630e-01  -2.6536704e-02   7.6544074e-02   2.6816233e-01   2.5048555e-01   3.7414768e-01  -1.2018066e-01   9.6404656e-02  -1.7613414e-01   2.6117669e-01  -1.3855552e-01  -7.0546694e-02   3.8540042e-01  -1.5552602e-01   1.7894634e-01  -1.3163900e-01   7.7130373e-02  -8.3489629e-02   5.2608450e-01  -7.5240675e-03  -2.4017270e-01   1.2288234e-01  -1.0905938e-01  -5.5186977e-02  -1.2198732e-02   2.0297732e-01  -2.1992645e-01   5.2577027e-01  -2.2888995e-01   6.1252233e-01  -2.3111747e-01   2.9038807e-02   1.4158455e-02   6.1118735e-01  -7.2641918e-02  -1.3967504e-01   3.2312560e-02  -1.8893564e-02   9.1406687e-02  -1.9943923e-01   2.5096878e-01   1.1450896e-01   1.1028310e-01  -1.0158052e-01   3.6628511e-01   5.4311944e-02  -8.5573706e-02   2.5034452e-01   1.2842244e-01   2.0334226e-01   1.1593312e-01   4.5367616e-01   1.6180709e-01  -2.4995880e-01   6.1841224e-01   1.7678688e-01  -1.4058767e-02  -4.1193772e-02  -2.2136286e-01  -1.3224255e-01  -2.8551240e-01   4.4794365e-02   6.4651610e-02   3.5561293e-02   1.2259501e-01  -1.2236978e-01  -2.5754935e-01  -1.2834148e-01  -1.0217300e-02  -1.5233569e-01  -2.3883175e-02  -1.4345805e-03  -2.0729605e-01   2.0340172e-02  -1.0063679e-01  -8.9117652e-03   3.7790135e-02  -2.3714519e-01   6.8378945e-02   2.7853286e-01  -2.1815169e-01   3.0444452e-01   6.4425497e-02  -1.9677048e-01   3.0980115e-01   1.0373973e-01   3.5918374e-02   5.4752915e-01   1.3927795e-01   2.0454236e-02  -9.1872647e-02  -7.4111176e-02   8.0378506e-02  -4.9965943e-03   3.2593461e-01   2.2171471e-01  -9.2604730e-02  -1.9585626e-01  -1.8753381e-01  -2.3672550e-01  -3.6962963e-02  -1.9752566e-01   3.3091932e-01  -1.0235695e-01   2.9295976e-01   1.0219685e-01   1.7116607e-01  -2.4746804e-01   3.8865611e-02   4.0413810e-01  -1.3805256e-01   3.2668568e-01   4.7092789e-02   1.3841664e-01   9.2831550e-02  -1.1122303e-01  -4.1432636e-02   1.0543988e-01  -1.1884719e-01  -8.8947732e-02  -1.3818963e-01   7.3132729e-02  -2.4742987e-01  -9.8869754e-02  -7.1644125e-02   4.6602623e-01  -4.1440637e-02  -6.0896665e-02  -6.4558034e-02  -1.8305018e-01  -2.6192364e-02   2.9409772e-01  -2.8992283e-01  -8.6662632e-02  -2.3628923e-02  -6.0037483e-02   3.1467127e-01  -2.7797774e-02  -1.7582729e-01  -1.4155051e-01   1.1890760e-01  -2.2000992e-01  -4.8937726e-02   3.2731722e-01   2.3295567e-01   1.5158834e-02   4.6221350e-01   1.5610313e-01   1.8821256e-02   2.1004430e-01   3.1077378e-02  -1.1922941e-01  -1.4063265e-01  -9.6745379e-02  -1.3545912e-01   5.3621351e-01  -1.2197777e-02  -1.4575323e-01  -2.7671318e-01   1.4545421e-01
  -3.2019543e-01   5.6151517e-01   6.5463199e-01   1.0699809e-01   4.4567224e-01   4.9357647e-01   2.2580080e-01  -4.8248180e-01   1.8279684e-01   5.5322420e-01   3.6048563e-01   0.0000000e+00   7.4049010e-02  -5.8569724e-01   6.5102055e-02   4.8374047e-01   4.5781877e-01   1.4411552e-01  -3.9632534e-01   2.7496311e-01   1.3059382e-01   8.5228855e-03   2.9732124e-01  -5.5512015e-01  -1.7758182e-01  -5.1760773e-01   5.2673495e-01  -6.1394891e-01   2.5259504e-01   9.5684754e-02  -4.5249600e-01  -1.3257160e-01  -5.5117511e-02   4.9585174e-01   3.9723109e-01   6.0293340e-01   1.7128439e-01  -2.7615274e-01   3.3061529e-01   3.3536484e-01   2.9101393e-01   6.8440726e-02   5.9725862e-01  -4.6693324e-01   3.1334945e-01  -3.8808410e-01   4.5702873e-01  -4.5286745e-01  -5.3300483e-01   4.9955207e-01   2.1863988e-01  -4.9572163e-01   1.8308491e-01   2.2755930e-01  -3.2574364e-01  -1.7245717e-01  -2.5519272e-01  -8.4944667e-02   3.4832059e-01   1.9794894e-01  -1.2498514e-02   6.6990706e-02   3.3910389e-01  -2.2832637e-01   2.9952564e-02   5.3733344e-01   4.6067206e-01   9.5007924e-02  -1.1041771e-02   4.6174511e-01   1.1647932e-01   2.6495419e-01   2.2398818e-01   4.2636148e-01  -5.5593712e-03  -5.6000865e-01  -1.0826353e-01  -7.6605089e-02   4.4761480e-01   3.6415855e-02  -3.4076517e-01   1.1867823e-01  -3.8272075e-02  -5.2313608e-01  -2.6548259e-01  -5.2256560e-01   2.5125329e-03  -4.4239057e-01   1.0837984e-01  -5.0702118e-01   3.9798460e-01  -4.7836373e-03   5.7181283e-01   1.9226614e-01  -2.1703132e-01   4.3754547e-01   1.7278854e-01  -2.1192050e-01   4.5693163e-01   8.0435786e-02  -2.9771780e-01   4.7418205e-01  -3.7311327e-01   8.1548965e-03   3.0631537e-01  -1.9836407e-01   1.6163612e-01  -4.0741906e-01  -4.7910051e-01   4.7256323e-01   4.4429612e-01  -1.4735780e-01   1.2408757e-01  -3.2250610e-01  -2.7460566e-01  -1.8223945e-02  -4.3438257e-01   3.2929561e-01  -2.4440609e-01   1.6908077e-01  -4.0098008e-01   7.6047665e-01   2.9370237e-01  -1.7803795e-01  -4.5046665e-01   1.9130978e-01   1.7645104e-01  -3.2968501e-02  -2.3857641e-03   3.8334111e-01   3.4620762e-01  -9.5397319e-02   2.1322092e-01  -1.8561377e-01   1.6755529e-01  -4.1982219e-01  -7.6599750e-02  -4.8831798e-01  -2.8414583e-01  -3.5437618e-01  -4.3914921e-01   1.4272366e-01   1.6059625e-01   2.7125803e-01  -8.2195453e-02  -5.0946683e-01   1.1311195e-01   1.9291478e-01   6.3380190e-01  -5.9561384e-01   9.2701873e-02  -5.0535325e-01   6.5501135e-02   1.6602175e-01   6.7852891e-01  -4.4352925e-01  -2.6623227e-01   3.8811859e-01  -4.5095991e-02  -4.5877220e-01   1.6747262e-01  -2.9680503e-01   1.0122994e-01   1.1437243e-01  -1.6731404e-01   3.2388457e-01   6.1525264e-01  -2.7886884e-01  -4.2094246e-02   1.6919075e-01   3.7579710e-01  -1.6039982e-01   3.1683093e-01   3.2246694e-01  -1.9013034e-01   3.9270781e-02  -4.0897253e-02
  -3.8123044e-02  -1.0471918e-01   2.5758327e-01   3.8534595e-02   3.1897717e-01   5.7201727e-02  -2.8070865e-01  -1.1832696e-01   3.2451235e-02   5.6298676e-02  -1.9017718e-01   7.4049010e-02   0.0000000e+00  -4.8025076e-03  -1.1283231e-01   2.9636479e-01   2.5952988e-01  -1.0254819e-01  -1.0898352e-01   4.9340688e-01  -1.2875147e-01   1.0106366e-01  -1.5512474e-01  -1.1363951e-01  -2.2723827e-01  -2.1398091e-01   2.0135482e-01  -2.4942267e-01  -4.4264134e-03  -2.2698360e-01  -2.2035520e-02  -1.3423380e-01   2.5510159e-01  -2.5078115e-01  -5.8579521e-02   1.1561464e-01  -1.0225190e-01  -1.5080718e-01   2.0661350e-01   1.5592360e-01   7.3405096e-01   3.4301950e-01   3.6718380e-01   2.3256376e-03   8.1224415e-02  -2.2162620e-01   7.9345857e-02  -2.6091304e-01  -1.1297873e-01   1.9376664e-01  -5.9799193e-02  -2.9373696e-01  -3.4797732e-01   2.1640039e-01   2.0348550e-01  -1.2255086e-01  -7.2839268e-02   6.6422831e-02   2.0762421e-01   1.4292817e-01   1.1759620e-01   2.4998879e-02   1.4452696e-01  -6.0329771e-02  -1.9009715e-01   3.8833555e-02   1.2328943e-01   3.1992154e-02  -1.5570087e-01   4.3471500e-02   9.2015800e-02   1.9353091e-02   1.3176861e-01  -9.5346054e-02   1.3526673e-01   1.3875556e-02  -7.3335483e-02   2.5704826e-02   2.0630134e-01   4.3738384e-01  -2.5800051e-01  -1.1396381e-01  -2.5827201e-02  -5.8756164e-02   1.8801612e-01  -8.7525027e-02  -1.8912827e-01  -1.4079905e-02  -1.3752657e-01  -8.7433722e-02   4.3687605e-02   2.6782676e-02   6.1482386e-03   2.4051012e-01  -7.7120456e-02   2.1588373e-01   4.3646761e-01  -8.3135644e-02   3.4929996e-01  -1.3777612e-01  -4.4963156e-02   1.5158866e-01  -1.5714639e-01   5.6382038e-02  -9.4855151e-02  -5.9407165e-02   2.7312921e-01  -1.8072768e-01  -1.2531944e-01   5.1876880e-02  -5.2175139e-02  -1.8613414e-01   1.7118103e-01  -1.0374221e-01   8.6350576e-02  -6.0935265e-02  -1.2843846e-01   6.0919402e-01   2.2022944e-01   1.4167500e-01  -2.0906707e-01  -8.7151859e-03   1.3549624e-01  -1.0830518e-01  -2.1837716e-01   1.7424646e-01  -8.7386491e-02   3.0266344e-01   9.0326379e-02   2.6399443e-01   8.7098056e-02  -2.9768613e-01  -2.3129201e-01  -1.2981290e-01   4.1343100e-01   7.3286278e-02   4.0235561e-01  -9.5892694e-02   2.5391059e-02  -1.5898958e-01  -4.6973097e-02   5.9631251e-01  -8.8794772e-02   1.8520416e-01  -1.7036091e-01  -1.6040577e-01  -4.7433450e-02  -2.1589606e-01  -6.0062136e-02  -8.9786698e-02   2.4946143e-02  -2.3314840e-01   1.8546973e-01  -2.1599720e-01   3.3888583e-01  -1.6978581e-01  -1.4021087e-01   3.4185705e-01   9.1020759e-02  -4.3354120e-01  -1.0523915e-01  -2.0060101e-01   3.6744548e-01  -5.5087943e-02  -1.3987700e-01  -2.7187738e-01  -1.9718638e-01  -3.0132793e-02   1.2020263e-01  -6.7348427e-02  -2.8213163e-02   8.7582716e-02   1.2819230e-01   3.3083014e-01   5.1057944e-03   3.2456085e-01   7.4452949e-02
   4.8103210e-01  -1.9059751e-01  -5.3487195e-01   8.0854510e-02  -3.9637485e-01  -4.5329135e-01  -9.1271907e-02   3.2576405e-01   1.3215793e-01  -3.3176124e-01  -1.9037543e-01  -5.8569724e-01  -4.8025076e-03   0.0000000e+00  -4.0035597e-02  -4.4212118e-01  -3.8630476e-01  -1.4097513e-01   5.5494345e-02  -2.7200387e-01  -2.9148100e-02   8.0558227e-02  -1.8903683e-01   5.8025337e-01   2.3528205e-01   2.7883575e-01  -4.6798150e-01   3.3128384e-01  -4.0942192e-02   3.0860495e-01   4.3397049e-01   1.9763923e-01  -1.3040950e-01  -2.0193159e-01  -4.4723986e-02  -3.0749297e-01  -2.1573235e-01   1.2852206e-01  -1.4924357e-01  -2.5612047e-01   2.0815827e-02  -2.3981423e-01  -2.9096918e-01   9.3895785e-02  -2.7933777e-01   3.3773233e-01  -3.0434750e-01   4.0480599e-01   3.4555486e-01  -4.9283977e-01  -1.1350788e-01   1.3867940e-01   6.8308008e-03   1.8779987e-03   6.2340051e-01   1.0358117e-02  -4.5530210e-02   1.0850113e-01  -1.5152737e-01  -2.6155751e-02  -1.8272702e-01  -1.0840269e-01  -2.1132835e-01   3.2553903e-01   6.7123852e-02  -2.7927603e-01  -3.5483932e-01  -1.3725788e-01  -8.2873953e-02  -3.7181822e-01   5.9025144e-03  -1.5660925e-01   7.5925584e-03  -1.9553447e-01   1.0920541e-01   4.2824946e-01   1.2036932e-01   1.3850695e-02  -2.3866139e-01  -2.2353466e-01   1.2494430e-01  -2.1830413e-02  -7.1147253e-04   2.5826419e-01   2.3621511e-01   3.3704935e-01   3.2197945e-01   3.4569730e-01   1.9888217e-02   4.1396629e-01  -1.9454138e-01  -3.3598953e-02  -3.7113143e-01   6.3263479e-02   1.0639329e-01  -3.5332840e-01  -2.3543564e-01   3.9782666e-02  -2.7600293e-01   4.5807630e-03   1.8927530e-01  -3.9164134e-01   2.5661122e-01   3.8378383e-01  -1.7975199e-01   3.1960806e-01  -6.5117942e-02   2.2028630e-01   3.6938130e-01  -2.4962980e-01  -2.2809115e-01   1.1793289e-01  -1.2601866e-01   3.9459389e-01   1.0136166e-01   1.3839130e-01   8.5473440e-02  -1.8679374e-02   2.2967368e-01  -5.7274987e-03   4.4101322e-01  -5.0013460e-01   5.8991633e-02   3.6306597e-01   3.8738165e-01  -5.5088723e-02  -4.5250949e-02   9.5663472e-02   1.1095291e-01  -3.0451163e-01  -2.8830703e-01   2.3267902e-01   1.4528837e-01   3.4433567e-01  -3.6950837e-03   4.0965642e-01  -2.1029430e-01   4.7425491e-01   2.0287725e-01   4.6190038e-01   3.1638062e-01  -9.1731287e-02  -1.6095122e-01  -2.3151547e-01   2.2189766e-01   6.9546530e-01   5.6981249e-03   1.5864121e-01  -3.2760700e-01   3.8194610e-01  -8.3575145e-02   2.3431237e-01  -3.5525884e-02   5.4271777e-02  -4.5179145e-01   4.2436737e-01   4.1481561e-01  -1.3384569e-01  -1.6411034e-01   3.2313381e-01   1.2012489e-01   1.3087500e-01  -6.9793426e-02   3.5228409e-02   1.6283738e-01  -1.5209138e-02  -3.8191672e-01   1.1362985e-01  -2.1844820e-03  -7.3804171e-02  -1.7268328e-01   8.9378791e-02  -3.3924800e-01  -3.1267902e-01  -2.2123001e-01  -2.2800923e-01   5.6328836e-02
