   0.0000000e+00  -2.1459565e-01   4.1179252e-01   5.1008059e-02   1.1488316e-01  -2.0115339e-01  -2.1022036e-01   1.1193923e-01   3.3817413e-01  -1.9979188e-01  -2.4287105e-01  -7.6490042e-02  -2.2775943e-01   4.0971635e-01  -3.6022490e-01  -4.3708266e-01   2.9205408e-01  -5.2818455e-01   1.5195068e-02   1.5859864e-01  -6.4832729e-01   1.5160465e-01  -3.8877440e-01   8.7265041e-01   8.3451254e-02   3.1651769e-01  -1.2439896e-01  -3.4694537e-02   9.3617928e-02  -4.3561585e-01  -7.1290044e-01   3.2959346e-01  -6.7524682e-02  -2.4693190e-01  -3.3149353e-01  -3.6430280e-01   6.4042924e-02   7.0081812e-02  -6.5756290e-01  -6.8828143e-02  -3.9893592e-01  -9.5632323e-02   3.6996009e-01  -2.0055331e-01  -3.8192196e-01   7.4669530e-01  -2.7698987e-01  -4.6572198e-01  -6.4071939e-01  -1.4546328e-01  -2.9645749e-01   2.7496853e-01  -1.6756695e-01  -1.7239426e-01   6.4034802e-02   1.0380545e-01  -7.5618398e-02   3.0748159e-01  -2.5953185e-01   2.1226872e-01  -7.7948894e-02  -3.0426130e-01   3.5203854e-01  -4.5125938e-01  -3.4805136e-01  -1.2421808e-03  -4.7285401e-01   2.0343035e-01   6.1204473e-02   6.4764593e-01  -4.2152266e-01   1.3407282e-01  -4.1765385e-01   4.5169199e-01   3.2568947e-02  -5.0834560e-02   1.5758124e-01   2.2237092e-02   2.4984207e-01  -2.4930480e-01   9.3437264e-03  -3.4610086e-01  -6.3343546e-01   1.9656500e-01   5.1146452e-01   8.8398856e-02  -5.5056589e-01   4.6354758e-01   3.9978362e-01   9.1734563e-01   2.0476328e-01   2.5727654e-01  -1.8584727e-01   5.0419984e-01   1.5069129e-01   2.1195407e-01   5.3165214e-02   7.5544511e-02  -8.5978677e-02  -1.9693066e-01   3.1423154e-01  -1.2383471e-01  -5.5730037e-02   3.7804895e-01   2.8383573e-02   2.6452997e-01  -1.4392054e-01   1.3755147e-01  -1.9876245e-01  -5.6630392e-01  -2.9175437e-01   2.0909630e-01   1.7777190e-01   9.1019698e-01  -4.1561151e-02  -2.7048422e-01   1.9995594e-01  -2.5751322e-01  -1.1597403e-01   1.9668610e-01   7.3667790e-01   3.9019619e-01   2.3512668e-01  -3.2730985e-01   7.6658235e-01   6.8246479e-01  -4.6793482e-01  -3.2811347e-01   3.7636259e-01   1.4828758e-01  -5.1922749e-01  -6.4696108e-01   6.0395623e-01  -6.6588658e-01   5.3966544e-01   6.3744799e-02  -1.5537249e-01  -3.9658240e-01   2.5242877e-01   8.5545081e-01   8.0525801e-01   1.0942648e-01   1.6998091e-02  -1.6239813e-01  -4.3543417e-01  -6.1915096e-01  -4.0528511e-01  -1.3315488e-03  -1.6612875e-01  -6.6231757e-01   6.0520600e-01  -6.3885289e-02   5.1876084e-01  -1.3087922e-01  -9.4513756e-02   8.8472840e-01   7.8251156e-01  -2.5759767e-01   4.5472951e-01  -9.7448008e-02   1.5157142e-01  -1.1013052e-01  -4.1332884e-01  -1.1230900e-01   3.1161420e-01   1.4693650e-01  -1.8957729e-02   3.5387326e-01   7.9459967e-01  -4.5365113e-01   2.0455677e-01   5.2180125e-01  -2.1957353e-01  -1.7686061e-01  -1.0364356e-02  -1.6592012e-01   4.9626257e-01
  -2.1459565e-01   0.0000000e+00  -2.3899701e-01  -3.3259395e-01   5.1260393e-01  -9.0956829e-02  -1.5002831e-01  -1.6106820e-01   2.9038268e-02  -8.1237315e-02  -3.6527948e-01   2.5889593e-01   9.5309712e-02  -4.6064721e-01  -3.5741996e-01  -1.2483770e-01   1.4729895e-01  -2.6331513e-01  -1.5098953e-01   3.1245413e-01  -2.2362194e-01  -5.4271826e-01  -3.6233985e-01  -1.7957134e-01   2.7999242e-02   9.4679232e-04   1.1093806e-01  -3.8047367e-01  -3.1534048e-01  -4.6234762e-02   1.9403648e-01  -2.4556221e-01   9.2020202e-02   1.4142394e-01  -2.6100379e-01  -1.6178876e-01  -3.7717720e-01  -3.7027803e-02   6.4487769e-02   4.7506183e-01   6.4764348e-02   1.1925510e-01   3.1443611e-01  -1.2347994e-01  -3.7662437e-01  -1.2158160e-01  -5.0949607e-01   4.5807041e-01   3.1988917e-01   4.7950016e-01  -4.4981205e-01  -3.2736706e-02   8.1416720e-01   2.4962354e-01  -1.8098187e-01  -2.0571230e-01  -2.2242149e-01  -4.1721517e-01  -2.2916245e-01  -1.5807232e-01   3.0254318e-02  -6.0342448e-02   3.9571185e-01  -8.5837152e-02   2.7634220e-01   1.9932162e-02   2.3674198e-01  -7.0064854e-02  -3.3410172e-01  -4.1291304e-01   7.0641858e-01  -6.3253808e-01   2.3797306e-01  -9.6396342e-02   4.2052284e-01  -1.5580470e-01  -7.0417663e-02  -4.5528018e-02   2.8943802e-01   1.1000546e-01  -4.6492032e-01   2.6631960e-01   2.2513837e-01  -4.9676336e-02  -4.2141263e-02  -3.7869632e-02   1.6916170e-01  -2.4309872e-01   2.2033531e-01  -2.2375001e-01   5.2491693e-01  -1.9687144e-02   4.8390136e-01  -5.4390741e-02  -6.4472608e-02   3.5287690e-01  -2.5593663e-02   2.0794936e-01   5.8795453e-02  -3.1373189e-01   7.5941063e-02  -3.6101867e-01  -3.6159781e-01  -1.9677622e-01  -6.3883789e-01  -2.4540626e-01   3.3746438e-01  -3.3023960e-02  -3.3561152e-02   1.7101264e-01   1.8735098e-01  -5.5779673e-01  -9.4699171e-02  -2.1430376e-01  -4.1615030e-01   7.0314646e-01   8.4453111e-02   1.2775014e-01  -2.0081320e-01  -4.0077210e-01  -2.7079109e-01   4.1342961e-01   3.9755192e-01   4.0229874e-01  -2.0725954e-01  -2.7941862e-01  -1.6942710e-01   3.6797513e-01  -4.5714438e-01  -2.9303224e-01   2.4432945e-01   8.1864178e-02  -2.1244860e-01   4.0370832e-01  -5.8469826e-02  -8.3008320e-02   3.0331069e-01  -2.9874870e-01  -7.4977793e-02  -2.1974653e-01  -3.0163295e-01   1.1156031e-01  -3.6207661e-01  -3.4566925e-01  -8.3069225e-02  -1.6954307e-01   1.5707359e-01   2.2250651e-01  -3.9196447e-01   6.9167575e-02  -1.6741478e-01  -2.5213932e-01   2.1663825e-02   1.6210991e-01   3.8937045e-01  -3.0475697e-01  -2.5881828e-01  -1.8883400e-01   1.5879180e-01  -4.3548481e-01  -2.3904174e-01  -2.6579188e-01   1.0921511e-01  -3.4566231e-01  -1.2167155e-01   1.7685610e-01   2.3907521e-02  -2.4732655e-01  -6.5187511e-02   6.7898798e-01   4.9441739e-01  -2.1437358e-01  -2.4588812e-01   7.5406626e-02   3.1681221e-02   3.5634012e-01  -1.7868496e-01
   4.1179252e-01  -2.3899701e-01   0.0000000e+00   1.1801798e-02   2.3607500e-02   9.5971992e-03  -6.6929922e-03   1.6394640e-02   7.2575425e-02   2.5807115e-01   3.2402289e-02   1.6845581e-01   1.4367389e-02   1.9509371e-01  -1.8903796e-01  -2.9799788e-01   5.7627805e-01   5.9887439e-02  -6.6892840e-03   1.6588959e-01  -1.8334937e-01   1.5942430e-01  -1.0268257e-01   3.8170594e-01   8.0660027e-03   1.0877772e-01   4.6487102e-01  -1.6705149e-01   1.2468220e-01  -1.1053182e-01  -4.1817377e-01  -1.7428982e-02  -2.6308963e-01  -2.4367365e-01  -8.1704950e-02   1.8802270e-01  -6.9326762e-02  -2.4223368e-01  -3.9198340e-01   3.7528510e-01  -7.6926825e-02  -2.3300256e-01   5.0363767e-02  -2.0301626e-01   8.3289876e-02   1.7812977e-01   1.0631553e-01  -3.2416613e-01  -3.9362992e-01   2.8644655e-01   1.4322412e-01   6.9008571e-02  -2.3637856e-01  -1.2036388e-01   2.8749378e-02  -5.9364076e-02  -3.6955833e-02   1.4787314e-01  -1.8008148e-01   4.0599890e-01  -1.4089645e-01  -1.4721102e-01   7.4623502e-02  -3.3212672e-01  -1.7237804e-01   1.5396798e-01  -9.7722256e-02   2.6670701e-01  -1.2931159e-01   7.2347637e-01  -2.9099332e-01   2.3730176e-01  -1.6106379e-01   1.8338673e-01  -7.7075434e-02  -2.7175887e-01  -1.6859843e-01   5.2774416e-03  -2.0449852e-02  -1.2435141e-01  -1.1789236e-01  -8.1401112e-02  -4.7606781e-01   2.5657226e-04   8.3162289e-02  -1.8801164e-01  -2.3905576e-01   1.3711791e-01   2.3689330e-01   4.1104286e-01   7.2931591e-02   1.1891079e-01  -1.3147021e-01   3.2779623e-01  -2.5874518e-01   3.0903539e-01  -1.5485153e-01  -7.8936821e-02   1.8055705e-01  -3.9788943e-02  -1.8795874e-02   3.9842205e-02  -1.0009095e-01   3.8435358e-01   1.2275990e-01   6.8900087e-02  -1.5794515e-01  -1.2071208e-02  -8.5978352e-02  -5.3933196e-02  -3.3345056e-01   1.8771056e-01   1.7390421e-01   3.1184227e-01   2.6473793e-02  -2.9911895e-01  -1.2464974e-02  -1.5991001e-01  -4.8573899e-03   2.2608359e-02   3.4745776e-01   1.3743689e-01   4.9119923e-02  -1.1132100e-01   2.3904514e-01   2.4315315e-01  -9.1131128e-02  -1.7670475e-01   3.0313239e-01   6.9606035e-01  -1.7809722e-01  -2.5338586e-01   3.0091755e-01  -3.8729413e-01   3.0932581e-01  -2.6447500e-01  -1.3015018e-01  -1.8950540e-01  -3.9817698e-02   2.5111886e-01   4.1878679e-01  -5.9099290e-02   1.0200549e-01   2.0733173e-01  -2.3126954e-01  -3.6545374e-01  -2.1052351e-01   1.5909272e-01   2.6918123e-01  -4.7278660e-01   2.0113846e-01  -1.0045363e-01   2.3840129e-01  -2.1415707e-01   4.5837476e-01   3.9811164e-01   2.5961346e-01  -1.3720421e-01   1.4064514e-01  -5.9023467e-02   5.1550264e-02  -2.3174935e-02   1.7597065e-01   2.4654803e-03   2.0213647e-01  -1.5437126e-01  -7.6276488e-02   1.5920036e-02   3.0043227e-01  -2.4634402e-01  -1.9408894e-01   1.5590892e-02   7.8862146e-02  -1.2399329e-01  -9.7553223e-02  -3.2025960e-02   2.8584861e-01
   5.1008059e-02  -3.3259395e-01   1.1801798e-02   0.0000000e+00  -3.1506889e-01   3.1671947e-01  -1.9622771e-01   3.0012427e-01   1.1721171e-01  -2.6089406e-01   1.9769299e-01  -1.1869498e-01   1.3676010e-01   3.9715096e-01   1.0316235e-01   1.4804986e-01  -4.6792652e-02   2.5564607e-01   1.9912788e-01  -2.5448247e-01   2.2394893e-01   5.5663976e-01  -1.1468307e-02   3.9277146e-02   2.8367211e-01   1.8468120e-01  -3.5036627e-01   4.0372885e-01  -4.6585842e-02  -1.3020926e-01  -2.5836723e-02   4.0394312e-01   1.2817890e-01  -2.3504510e-01   1.1912359e-01  -2.2637131e-01   2.3567342e-01   7.3350811e-02   2.3808701e-03  -3.9226861e-01   9.9498936e-02   1.1467505e-01  -2.1677077e-01   3.1951264e-01   3.8604333e-02   1.1633252e-01   1.8448213e-01  -3.3084304e-01   1.3500571e-01  -3.2957758e-01   2.4325023e-01   2.1055200e-01  -3.9906988e-01   2.1863277e-01   2.9220211e-01   2.9321410e-01   2.4757510e-01   3.8549401e-01   4.2522910e-01  -5.8845689e-02  -2.1801700e-02   7.0381169e-02  -2.1117983e-01   2.6006340e-01  -3.4823811e-02  -3.4807103e-01   1.3491988e-01   2.3592742e-01   4.6078269e-01   1.4778101e-02  -4.1399935e-01   5.4539474e-01  -9.0223764e-03   2.3020399e-01   1.1937671e-01   2.9485614e-01   1.0689218e-01   1.1249662e-01  -2.8081138e-01   3.5324252e-01   2.1646115e-01   8.8622501e-02  -5.5888019e-02   2.9345310e-01   2.1538326e-01   6.1150511e-02  -1.6414987e-01   3.9855139e-02   1.2137257e-01   1.1574868e-01  -3.0915387e-01   8.2577503e-02  -3.5564645e-01   5.1257503e-02   3.9913044e-02  -2.7567514e-01   3.6161011e-01   1.3633711e-02   8.4564034e-02   9.2791496e-02   1.0885060e-01   2.6466533e-01   4.6472058e-01   2.1963302e-01   3.5959557e-01   5.9089561e-01   1.9546270e-01   1.8503886e-01   1.8818125e-01  -2.2205111e-01  -2.8580799e-01   6.1372067e-01   5.8319984e-01   1.3372721e-01   2.4974479e-01  -4.1332346e-01   3.5317930e-02   2.3538563e-01   2.4402854e-01   7.1477956e-01   4.4138501e-02  -2.9458414e-01  -8.0557171e-02  -1.9340490e-01   1.6287930e-01   3.0000993e-01   9.1460465e-02  -7.7722065e-02   4.0308679e-01   4.5129999e-02  -1.9400360e-01  -1.4740174e-01   1.7416422e-01  -2.4159023e-01   1.3875106e-01   2.4271583e-01   6.1700941e-02   2.6211576e-01   1.7673974e-01   1.5677876e-01   1.8447225e-01   6.0660216e-02   3.1592999e-01  -5.3899810e-02  -2.9297189e-02   1.9181646e-01  -2.3930356e-01  -2.1120805e-01  -5.4582642e-02  -1.7803007e-03   1.0290125e-01   4.2359700e-01   1.0927153e-01  -4.4105986e-03  -3.7949098e-01   1.5331212e-01   2.1183359e-01   2.4715789e-01   2.6667318e-02   2.4695030e-01   2.6495221e-01   3.3334508e-01  -1.8674014e-01   4.6070403e-01   2.8659802e-01  -3.1494014e-01  -3.3383988e-01   3.7586109e-01   7.4457688e-02  -3.4762117e-01  -3.5349329e-01   1.7894840e-01   4.4477180e-01  -3.7458122e-02   6.1725301e-03   8.1046375e-02   3.8546185e-01
   1.1488316e-01   5.1260393e-01   2.3607500e-02  -3.1506889e-01   0.0000000e+00  -3.6828785e-01  -1.4381407e-01  -2.3464126e-01  -5.4220028e-02   9.3441075e-03  -2.7824189e-01   7.2654001e-02   1.8736151e-01  -2.9993356e-01  -3.8576983e-01  -3.2106440e-01   1.3998434e-01  -3.1570297e-01  -2.6966222e-01   7.0132007e-01  -4.9410382e-01  -4.0312795e-01  -3.6937551e-01   1.4264716e-01   9.8487126e-03  -5.1490038e-02   2.5469700e-01  -5.0707537e-01  -1.1192178e-01  -1.9217589e-01  -2.8033117e-01  -2.2090606e-01   2.1596362e-02   3.5891623e-02  -4.2254335e-01   1.2610216e-01  -3.1274864e-01  -1.5960322e-01  -1.3335568e-01   5.1608340e-01   9.8667193e-02   1.3356786e-01   5.3299550e-01  -4.2401340e-01  -1.7663299e-01   2.4035903e-02  -3.7236706e-01   4.3211850e-02  -7.8430569e-03   2.9247794e-01  -2.7597234e-01  -7.6731266e-02   6.0902953e-01   8.4122609e-02  -1.3871416e-01  -2.5310621e-01  -2.7753584e-01  -2.5028651e-01  -3.4904403e-01   1.0095960e-02  -1.1024612e-01   1.7223031e-03   4.8061092e-01  -4.0561488e-01   2.2481538e-01   3.3196374e-01  -2.1954751e-01   2.0153141e-01  -2.8653026e-01  -1.6269336e-01   1.6475660e-01  -4.0807990e-01   3.5381751e-02  -1.5498809e-01   2.0482700e-01  -1.7356112e-01  -1.5747089e-01  -2.0230751e-01   7.8537448e-01   2.9809548e-03  -4.6153371e-01   1.4840200e-01  -3.9246964e-01  -1.0538612e-01  -1.4324171e-01  -6.5926977e-02  -2.8971952e-02   2.4463606e-02   3.7406629e-01   7.6021769e-02   7.4797549e-01  -1.0738751e-02   3.1419512e-01   1.5006791e-01  -1.8137068e-01   6.9638178e-01  -5.7526218e-02   2.6287250e-02   3.9853189e-01  -1.9735731e-01  -2.1645677e-01  -3.5538662e-01  -4.2010959e-01  -1.5635082e-01  -3.4194772e-01  -2.9786154e-01   1.7358039e-01  -1.3147452e-01  -8.4660229e-02  -2.4133245e-02  -2.0620328e-02  -4.1110010e-01  -2.1142691e-02   2.3052501e-02  -4.9812028e-01   6.3122768e-01   9.1599539e-02   4.1069066e-02  -4.7634420e-01  -3.8264056e-01   4.9225483e-03   7.6209186e-01   2.0923769e-01   1.8955669e-01  -1.3831622e-02  -1.0121667e-01  -1.8788603e-01   1.7451015e-01  -3.0592424e-01  -2.2854920e-01   8.0306110e-02   4.4517076e-02  -6.8151291e-02  -5.7936452e-02   5.7173452e-02  -1.7710192e-01   2.7123037e-01  -5.8124928e-01  -1.0467717e-01   1.1097263e-01  -2.0251737e-04   3.3216038e-01  -2.4423033e-01  -4.2646468e-01  -2.9421246e-01  -3.7265205e-01  -1.3649172e-01   4.5412679e-01  -1.9546539e-01  -3.1179163e-01  -1.0787918e-01  -3.7364882e-01   1.4877384e-01   1.8508646e-01   4.0841456e-01   1.1951041e-02  -2.3865716e-02  -2.5474787e-01   6.8308765e-02  -4.5297008e-01  -2.6613465e-01  -3.2196690e-01   1.4726594e-02  -1.6863790e-01   1.0230064e-03   3.3244292e-01   1.8306537e-01  -2.7790708e-01   1.8755670e-01   2.0286738e-01   5.2122156e-01  -9.6656721e-02  -2.3689863e-02  -2.6441543e-01  -1.7325912e-01   1.4916848e-01  -1.7209725e-01
  -2.0115339e-01  -9.0956829e-02   9.5971992e-03   3.1671947e-01  -3.6828785e-01   0.0000000e+00   4.3119451e-02   3.2259525e-01   4.7522462e-02  -1.5930450e-01   4.6283562e-02   1.5643191e-02  -2.5918387e-01   9.3965766e-02   8.9765069e-02   3.3036154e-01  -3.7267550e-02   4.0259069e-02   6.5650168e-01  -4.7487861e-01   2.6040320e-01   1.3028173e-01   2.8632208e-02  -2.6810216e-01  -5.7951131e-02   4.1048181e-01  -1.0014053e-01   3.3779941e-01  -1.3714882e-01   1.2067343e-01   1.3260754e-01  -3.9260661e-02   8.4788028e-02   4.2311003e-02   2.6756585e-01  -2.3552664e-01   9.1673440e-02   9.6580512e-02   1.5318313e-01  -2.2433254e-01  -1.4996677e-01  -1.3328052e-02  -2.0455590e-01   3.5619284e-01  -2.8930937e-02  -1.3440363e-02   3.8411045e-02  -8.2274717e-02   1.3516779e-01  -9.8732868e-02   7.4006295e-02   2.8418192e-01  -2.2064064e-01   2.6252499e-02   1.2113211e-01   3.3758468e-01   6.6212977e-01   2.0408279e-02   1.8592502e-01  -4.8479806e-02   7.5502313e-02  -2.6307181e-02  -2.4514703e-01   1.9055439e-01  -1.9357316e-01  -9.8378847e-02   6.4521432e-01  -5.2575068e-02   3.2716672e-01   8.1227322e-02  -9.8752148e-02  -1.1053999e-02  -1.1186840e-01   2.9876529e-01  -1.1255124e-01   1.4779659e-01   1.7758553e-01   2.9151062e-01  -3.6388422e-01   7.0887607e-02   2.1925925e-01  -5.2868095e-02   2.3710460e-01   4.2815333e-01   1.6650831e-01   8.9814634e-02  -3.8904497e-02  -1.5946247e-01  -7.4329359e-02  -1.4825899e-01  -2.7265546e-01   1.0172971e-01  -1.9979035e-02  -2.5323473e-02   1.3904073e-02  -3.3564380e-01   1.6107099e-02   3.5194855e-01  -2.4647679e-01  -7.6829542e-02   1.8031354e-01   2.0493291e-01   2.3146029e-01   1.5987780e-01  -9.4497143e-02   1.5586739e-01  -7.1102906e-02   5.0764900e-01  -8.9629946e-02   1.4404808e-01   6.6020001e-02   3.6113698e-01  -3.2839967e-02  -1.0831749e-01   2.8183258e-01  -1.6885350e-01   2.9296376e-01  -1.9654901e-01   3.4930372e-01   1.7288061e-01  -6.5608808e-02  -2.6275097e-01   3.4183608e-02  -2.4982166e-01   8.2160037e-04   5.2769292e-02   4.8644921e-02  -2.2878694e-01  -6.3142981e-02   2.0640428e-01   8.6206382e-02  -7.1119157e-02   8.0582459e-02   1.9828809e-02  -9.4629872e-02   2.0241301e-01  -8.9127552e-02   2.7404948e-01   2.4602348e-01  -2.1282446e-01  -1.5709310e-01  -2.3789655e-01   1.9509044e-01   2.1668999e-01   5.3982818e-03   5.5945762e-02   4.7569522e-05  -1.8907563e-01   9.4147052e-02   7.9805291e-02   1.2934270e-01   2.2348390e-01  -5.6991707e-02  -4.9797698e-02  -1.6553224e-01  -1.7272069e-01  -7.1270658e-02   3.4410442e-02   1.1052904e-02   8.4779620e-02   1.3316504e-01   1.7434161e-01  -6.6629765e-02  -1.8735703e-01   8.1439547e-02  -2.3779727e-01  -2.1162236e-01   2.9663166e-01  -1.4945946e-01  -4.0713307e-02  -1.9136531e-01   2.6192961e-02  -6.9605966e-02   2.6747782e-01  -3.3957356e-02  -3.6016483e-02   2.4683642e-01
  -2.1022036e-01  -1.5002831e-01  -6.6929922e-03  -1.9622771e-01  -1.4381407e-01   4.3119451e-02   0.0000000e+00  -2.6096291e-01  -3.1363025e-01   5.7015415e-01   6.2223556e-02   5.3517690e-01   6.0556826e-02  -2.0742404e-01   6.6948484e-01   2.0455214e-01  -3.8821993e-01   1.0857582e-01  -1.5429513e-01   8.2949425e-03   2.6353561e-01  -9.4369750e-02   7.8268646e-01  -3.7214869e-01  -1.2417809e-01  -4.3840237e-01   3.8944961e-01  -6.8481569e-02   5.3495563e-02   5.9545998e-01   1.0631682e-01  -2.8199842e-01  -4.1451062e-01   8.1048462e-01   6.5918249e-01   3.9121229e-01   1.3459309e-01  -2.4034843e-01   5.8276722e-02   5.7262761e-02   1.9633290e-02  -2.2279480e-01   3.4672665e-02  -3.2670119e-01   5.9826982e-01  -5.0049828e-01   2.0703168e-01   4.4147441e-01  -7.6790080e-02   2.2284573e-02   4.2285581e-01  -4.8808659e-01  -1.4173350e-01  -2.4543675e-01  -2.1123730e-01  -4.5507982e-01  -1.3738491e-01  -3.0838296e-01   6.0155703e-02   1.3968070e-01  -2.1295921e-01   4.1709050e-01  -3.3969797e-01  -1.4973575e-01  -1.9886591e-01   6.1152762e-01   2.0508646e-01  -3.2732341e-01  -3.4352062e-01  -5.4509694e-02   1.7626959e-01   1.1651373e-01   1.0663328e-01  -3.1584975e-01  -2.5362493e-01  -3.1082179e-01  -3.4569851e-01  -4.4138916e-01   1.0594056e-02  -1.1096908e-01   2.1518028e-01   8.3531235e-02   6.2921061e-02  -3.0444084e-01  -3.6996820e-01  -3.3826891e-01   2.4951064e-01  -2.3997197e-01  -3.4474938e-01  -3.3650911e-01  -4.2576037e-01  -4.6372890e-01   4.1298404e-01  -2.3045148e-01  -2.7031426e-01  -2.0696275e-01  -2.2519411e-01  -2.9479218e-01  -1.3628715e-01   6.2900044e-01  -2.4780396e-01   4.2006182e-01  -2.0638722e-01   1.0892315e-02   1.3461575e-01  -3.7215154e-01  -2.5425990e-01  -2.7594698e-01   3.0888043e-01   1.3453233e-01   7.3759206e-01  -2.1603384e-01  -2.2591850e-01  -3.3736410e-01   2.1216537e-01  -1.4211396e-01  -4.2294797e-01   1.8254336e-02   4.5319964e-02  -1.6893897e-01  -3.9317661e-01  -1.6940206e-01  -3.6735645e-02  -1.5368937e-01  -4.7020229e-01  -4.0581945e-01   6.9654136e-01  -5.5822605e-02  -1.4872440e-01   1.7013924e-02   6.9377789e-02   4.2621418e-01  -2.6394682e-01   2.7005363e-01  -3.3436813e-01  -3.0809839e-01  -2.6805720e-01   1.8618883e-01  -3.0610725e-01  -2.2001048e-01  -1.7511208e-01  -2.1081155e-01   2.5206676e-02   4.8717836e-01   7.2679344e-01   1.4589482e-01   7.9832028e-01  -1.7052245e-01   5.5471568e-01   2.7295855e-01  -2.8983886e-01  -2.1887360e-01  -5.3877081e-01  -1.0243617e-01   2.7899610e-01  -3.2145473e-01  -3.2593846e-01   1.5701201e-01  -4.5124498e-01   9.4744477e-02   2.7412829e-01  -4.2455488e-02   7.0290091e-02   8.3188014e-03  -3.2432989e-01   4.9990355e-01   5.3349013e-01  -3.9410324e-01  -4.9207815e-01   4.3031626e-02   1.8869553e-01  -3.8993725e-01  -1.8421313e-01   3.2261513e-02   3.0607285e-02  -1.8522395e-01  -2.9567981e-01
   1.1193923e-01  -1.6106820e-01   1.6394640e-02   3.0012427e-01  -2.3464126e-01   3.2259525e-01  -2.6096291e-01   0.0000000e+00   1.7250590e-01  -4.8172921e-01   7.8692822e-02  -6.3905630e-02  -2.6429525e-01   2.3479543e-01  -9.4459174e-02   1.7934286e-01   1.2138980e-01  -1.4900403e-01   2.6637389e-01  -3.2509110e-01  -1.6091587e-01   2.5345182e-01  -2.7144057e-01   3.7227914e-02   6.2099515e-02   6.5754125e-01  -3.4768469e-01   3.4575944e-01  -4.5973038e-02  -2.4181952e-01  -1.5756903e-01   2.4285436e-01   2.6177721e-01  -2.6194075e-01  -5.9301922e-03  -5.3726123e-01  -9.3098530e-02   7.8767270e-02  -1.1686870e-02  -3.0365499e-01  -3.3992356e-01   5.7648767e-02  -3.3775169e-02   6.3999773e-01  -2.1054332e-01   3.5316187e-01  -1.5827635e-01  -4.4185588e-01  -1.1979776e-01  -1.9809346e-01  -1.3279533e-01   6.8080688e-01  -2.1952532e-01  -5.2292621e-03   1.8053184e-01   5.5783072e-01   3.0054635e-01   3.7735739e-01   7.2092516e-02  -1.1794822e-01   2.3896829e-01  -3.2483244e-01   4.0028809e-02   2.6768132e-01  -1.2035065e-01  -3.0844401e-01   3.0521603e-02   4.2280794e-02   5.4205397e-01   7.7425070e-02  -2.9672139e-01   1.0679199e-02  -2.2888983e-01   2.7731591e-01  -1.2999114e-02   3.9776016e-01   3.6814022e-01   5.3241069e-01  -1.4928966e-01   1.0455912e-01   3.0215415e-01  -9.3606297e-02   3.6828345e-02   7.3842120e-01   2.9021404e-01   4.3100199e-01  -2.4628435e-01   5.5290691e-03  -1.1420960e-02   1.1538100e-01  -4.7302687e-02   3.5283433e-01  -3.0156940e-01   1.0462094e-01   2.0067594e-01  -1.5221581e-01   1.1456848e-02   3.6348799e-01  -1.2528630e-01  -3.3980508e-01   2.7207871e-01   2.8622230e-01   3.2607460e-01   1.6788265e-01   6.3463294e-02   4.8773640e-01  -3.7371545e-02   5.9462905e-01  -1.5755179e-01  -2.8028409e-01  -2.0539874e-01   3.7831056e-01  -1.1877882e-01   2.0372515e-01   1.4867837e-01  -2.5739449e-01   5.0179979e-01  -3.5701073e-02   1.6170110e-01   2.9946816e-01   2.2502401e-01   1.6414347e-02   1.7218487e-01  -1.7455671e-01   3.0948244e-01   2.3941826e-01  -1.9577140e-01  -1.3182209e-01   2.3613834e-01  -7.9194688e-02  -9.9265118e-02  -3.8757258e-01   1.9353439e-01  -3.1555721e-01   1.2684948e-01   7.0322825e-01  -2.3589964e-03   1.1772374e-01   6.0322365e-01   1.3720495e-01   1.0086915e-01  -7.1586711e-02   1.9683687e-01  -2.1888025e-01  -1.6132766e-01  -3.6999430e-02  -3.4244912e-01  -2.2328974e-01  -2.5695656e-01  -1.9972672e-01   3.0826207e-01   4.3447724e-01   3.1678624e-01  -6.4348068e-02  -4.1428442e-01   2.1136200e-02   2.7034581e-01   3.2838560e-02   2.3746456e-01   7.9607474e-02   1.4929235e-01   2.7621733e-01  -4.1699920e-01  -1.0368048e-01   4.3631493e-01  -2.0301254e-01  -3.0730685e-01   5.6391862e-01   2.2497110e-01  -2.9674978e-01  -1.1419484e-01   2.7069139e-01  -9.1873168e-02  -1.0620796e-01   4.4640414e-02  -1.0682928e-01   5.0540866e-01
   3.3817413e-01   2.9038268e-02   7.2575425e-02   1.1721171e-01  -5.4220028e-02   4.7522462e-02  -3.1363025e-01   1.7250590e-01   0.0000000e+00  -3.1880798e-01  -2.7334290e-01  -1.0489612e-01  -2.6228887e-01   1.7397893e-01  -3.3229048e-01  -4.8157157e-01   1.5840162e-01  -2.0756211e-01   2.0831651e-01  -5.5343087e-02  -2.7748397e-01   2.2288173e-02  -3.3830886e-01   4.3690242e-01   3.1249964e-01   3.4364935e-01  -1.8023814e-01  -3.8806723e-02  -7.6394394e-04  -1.2919048e-01  -2.0081774e-01   2.8943181e-01  -4.4626486e-02  -3.2507873e-01  -1.8251841e-01  -3.5928367e-01  -3.2810234e-02   1.9680895e-02  -4.7745356e-01  -1.2282395e-01  -3.4269902e-01   1.0253503e-01   3.5759120e-01   7.6175229e-02  -3.6345330e-01   4.5616266e-01  -1.9211315e-01  -2.3585604e-01  -2.3329765e-01  -1.5572554e-01  -2.7484029e-01   2.7223638e-01  -3.5390226e-02   4.2206449e-02   2.0828718e-02   9.4198727e-02   1.2469362e-01   1.6278697e-01  -9.6519379e-02   3.8995864e-01   2.8327365e-02  -2.2674093e-01   5.9296575e-01  -3.5592430e-02  -1.4458112e-03  -3.1621325e-01  -1.3945475e-01   2.0141432e-01   1.0290908e-01   2.7711191e-01  -1.9444635e-01  -3.8413007e-02  -1.6922045e-01   2.6066573e-01   2.0813962e-01   1.7324304e-01   1.0767154e-01   1.8830392e-01   6.4441079e-03   1.6654812e-01  -3.4321595e-02  -1.7420002e-01  -2.2307317e-01   2.3884271e-01   1.9028145e-01   2.8614890e-01  -2.3665464e-02   2.3656106e-01   4.7088568e-01   2.9072093e-01   1.7315088e-01   1.7628535e-01  -1.9607664e-01   6.4619123e-01   1.2523906e-01  -2.8420653e-02   2.1617894e-01   2.8476469e-01  -4.0208251e-02  -2.7796741e-01   1.4170696e-01  -2.5257487e-01  -3.4307368e-02   6.1435868e-01  -2.0443335e-01   2.6654758e-01   6.3679911e-02   2.8006801e-01  -1.3333035e-01  -2.8023274e-01  -2.8813428e-01   6.6292556e-02   2.0117765e-01   3.6835030e-01  -1.1288585e-01  -8.5004494e-02   2.9531282e-01   1.7166261e-02  -1.1834862e-01   1.0710418e-01   3.0711570e-01   4.2289120e-02   2.6769128e-01   1.5668928e-01   3.8289520e-01   4.3314086e-01  -2.2708613e-01  -4.5062941e-02   3.4299765e-01   1.7776885e-02  -3.4369530e-01  -4.1538085e-01   2.7418370e-01  -1.9509119e-01   6.0315540e-01   1.4999084e-01   1.9803052e-01  -2.2100297e-01   1.1917257e-01   3.4840146e-01   3.7284516e-01  -6.4471021e-02  -3.1164946e-01  -2.4615118e-01  -2.1634832e-01  -2.7411046e-01  -3.6029102e-01  -3.9687741e-02  -3.2884041e-01  -2.7003045e-01   2.4566946e-01   7.8451306e-02   3.2456328e-01  -1.8234161e-01  -2.0392807e-01   3.5400143e-01   4.7776572e-01  -1.4253691e-01   2.8943635e-01  -1.3147909e-01   8.8014638e-02  -2.3055490e-01  -2.3059095e-01  -1.4897449e-01   2.3590063e-01  -1.2867591e-01  -2.8832069e-01   1.9996363e-01   4.2014577e-01  -1.2912235e-01   7.9206244e-02   2.3356908e-01  -2.2554229e-02  -6.3245966e-02   2.7699185e-01   2.2922215e-02   3.9021225e-01
  -1.9979188e-01  -8.1237315e-02   2.5807115e-01  -2.6089406e-01   9.3441075e-03  -1.5930450e-01   5.7015415e-01  -4.8172921e-01  -3.1880798e-01   0.0000000e+00   1.9424916e-03   2.6793625e-01   1.2939518e-01  -4.0699319e-01   3.5084648e-01  -3.0021450e-02  -1.3248803e-01   1.9272812e-01  -1.9572101e-01   3.1014879e-01   2.0031989e-01  -2.7417212e-01   5.4589215e-01  -2.1781379e-01  -1.9699797e-01  -4.4928791e-01   4.9693085e-01  -2.7717449e-01   1.0477452e-01   3.4739343e-01   7.0752158e-02  -3.6085219e-01  -4.2132866e-01   4.8695082e-01   1.6469851e-01   6.0021125e-01   1.7163883e-01  -1.9444762e-01   3.1057761e-02   3.4071662e-01   1.8255213e-01  -1.5834907e-01  -1.0672723e-01  -4.8294037e-01   5.0220633e-01  -5.6227698e-01   1.9396623e-01   3.2979856e-01  -5.2353819e-02   1.5021816e-01   3.2889103e-01  -5.6753114e-01   3.2835054e-02  -1.1195355e-01  -3.4668328e-01  -5.0069441e-01  -2.0649552e-01  -3.6978941e-01  -2.4407553e-02   1.4219992e-01  -2.0130479e-01   2.6968020e-01  -2.6227533e-01  -2.1268121e-01  -6.1998182e-02   6.1746475e-01   4.6580085e-02   2.7687461e-02  -5.8408589e-01   8.0032561e-03   1.4377857e-01  -9.5169111e-03   1.2723700e-01  -3.0483653e-01  -1.3897006e-01  -4.2300085e-01  -4.3845230e-01  -4.2436563e-01   9.6448814e-02  -2.3027984e-01  -1.9150563e-01   1.2789104e-01  -9.5824287e-03  -4.5011450e-01  -4.7742318e-01  -3.5675338e-01   3.2895795e-02  -2.5930208e-01  -2.7565496e-01  -2.9371864e-01  -2.1178200e-01  -3.8369486e-01   4.3555297e-01  -1.2825581e-01  -3.4556539e-01   2.1013550e-01  -3.2834299e-01  -3.0889312e-01   9.7415804e-02   4.6553514e-01  -4.6625323e-01   1.1347778e-01  -4.7895161e-01  -1.0115931e-01   2.2689240e-02  -5.4903340e-01  -1.4283393e-01  -3.0882060e-01   2.7611884e-01   3.7009557e-01   4.3017069e-01  -3.8190243e-01  -1.1929814e-01  -3.7215715e-01  -5.8158470e-02  -2.2923310e-02  -4.0114588e-01   5.0452557e-02  -9.3801388e-02  -2.9547729e-01  -4.1706137e-01  -1.0429692e-01  -2.8064180e-01   3.4038722e-02  -5.0839303e-01  -4.3461741e-01   4.7695512e-01   2.5972981e-02  -2.2229305e-01   1.4985013e-01   1.6487875e-01   4.4908906e-01  -3.5850189e-01   2.3861669e-01  -1.5219412e-01  -4.7060396e-01  -1.2078234e-01  -8.6399979e-02  -4.0553522e-01  -3.2191432e-01  -1.4339782e-01  -1.5260123e-01  -1.1579200e-01   4.4694459e-01   3.6390414e-01  -1.8952715e-02   5.4245729e-01   1.5043301e-01   5.3088159e-01   9.7788527e-02  -4.2146149e-01  -5.2585550e-01  -4.8046698e-01   2.7824116e-02   5.2615154e-01  -2.1515756e-01  -4.2754399e-01   9.2667253e-02  -4.0294747e-01  -1.9903284e-01   5.5497506e-03  -9.7711169e-02   6.0258689e-01  -6.5884006e-02  -1.9502792e-01   3.9231907e-01   4.3059143e-01  -5.9500083e-01  -4.4145501e-01   2.6068825e-01   5.8023481e-02  -4.1672871e-01   1.8989453e-02   2.7067583e-02  -6.7801664e-02   1.9607222e-02  -3.2812340e-01
  -2.4287105e-01  -3.6527948e-01   3.2402289e-02   1.9769299e-01  -2.7824189e-01   4.6283562e-02   6.2223556e-02   7.8692822e-02  -2.7334290e-01   1.9424916e-03   0.0000000e+00  -1.7815503e-01   2.2201173e-01   5.7188672e-02   3.4384332e-01   5.0000996e-01  -1.4276275e-01   6.3010359e-01  -1.2927891e-01  -4.2063182e-01   4.6152436e-01   3.9946969e-01   3.2094724e-01  -2.8876901e-01  -2.5219025e-01  -2.2758502e-01   1.3307207e-02   2.2955053e-01   2.6794773e-02   3.2131072e-01   3.1449480e-01   1.7345890e-01   3.8412820e-02  -1.5147010e-01   3.0260449e-01   4.1803119e-01   7.1434262e-02  -1.5660690e-01   5.2635950e-01  -2.1598554e-01   3.5936639e-01  -1.8453577e-01  -5.4938193e-01   3.2405943e-01   3.9047399e-01  -2.3890075e-01   7.6914497e-01  -1.1108715e-01   6.4287721e-02  -1.9839697e-01   5.6869376e-01   1.0400672e-02  -3.3744469e-01  -2.9742852e-01   1.9569119e-01   2.4797244e-01   2.0573916e-02   2.1087523e-01   5.2435122e-01   4.7505607e-02  -1.4915142e-01   1.1668460e-01  -4.4473291e-01   5.9034814e-01   1.0495473e-01   9.4476145e-02   1.9639889e-01  -2.1853761e-01   4.2837414e-01  -9.9594200e-02  -2.2871290e-01   3.8246546e-01   2.8054220e-01  -3.8172854e-01  -4.0362690e-01   2.3510300e-01  -1.8924200e-01   7.4442720e-02  -3.2872664e-01   7.5811380e-02   1.7783902e-01   1.2626415e-02   2.0921223e-01  -2.0747269e-01  -2.9421945e-01  -4.1527233e-02   2.8783427e-01  -2.6780376e-01  -2.3427458e-01  -2.1174287e-01  -2.0481784e-01  -3.5187621e-01  -4.0007376e-01  -3.6510803e-01  -1.1370894e-01  -3.1376458e-01  -5.0663578e-02  -2.4839198e-01   1.9784126e-01   3.6717745e-02  -1.4701763e-01   6.2550068e-01   4.1031380e-01  -6.2915914e-03   6.5307718e-01   1.2424912e-01  -1.8756253e-01  -4.3062589e-02  -1.3637593e-01   3.3953330e-01  -1.5949544e-01   4.1359363e-01  -1.1907118e-01  -2.7405073e-01   8.5161159e-02  -2.6016400e-01  -6.6923925e-02   2.1520082e-01   2.5126799e-02   2.3530040e-01  -1.8593975e-01  -3.4605829e-01  -3.9557025e-01  -1.0062042e-02  -2.1836346e-01  -3.4453220e-01   1.2120143e-01  -1.4253904e-01   1.7598418e-01   1.1849366e-01   3.0616309e-01   3.3059937e-01  -1.9365616e-01   1.4465655e-01  -4.7125164e-01   1.0103495e-01  -2.4388988e-01   3.7551904e-01   1.5779159e-01  -1.6643906e-01  -2.3866906e-01  -1.6332922e-01   7.3716346e-01   1.0281187e-01   1.4522259e-01   4.7982607e-01  -8.5175560e-02   1.7301110e-01   5.7785538e-01   1.7115022e-01  -2.5217091e-01   2.3405615e-01  -3.2573786e-01   3.1862621e-01  -1.5706768e-02  -1.4950195e-01  -2.7400113e-01   5.5951565e-01  -4.5086469e-01   4.6012606e-01  -5.5500321e-02   7.7405723e-01   2.7405741e-01   5.2875335e-01  -7.3273804e-02  -4.7451121e-01   2.3913810e-01  -6.7903207e-02  -2.6182501e-01  -2.1404099e-01  -5.1364705e-01  -1.5835780e-01   2.3921809e-01  -1.6225921e-01  -7.4554003e-02  -2.8788582e-01  -1.1750948e-01
  -7.6490042e-02   2.5889593e-01   1.6845581e-01  -1.1869498e-01   7.2654001e-02   1.5643191e-02   5.3517690e-01  -6.3905630e-02  -1.0489612e-01   2.6793625e-01  -1.7815503e-01   0.0000000e+00   1.7439068e-02  -9.7893221e-02   2.0599440e-01   6.1512195e-03   2.3608803e-02  -8.3082299e-02  -1.8295897e-01   2.2567885e-01  -3.6591256e-02  -1.8369176e-01   2.1115545e-01  -1.5428047e-01   3.1614020e-02  -1.1101920e-01   3.0894615e-01  -1.8793377e-01  -1.8815755e-02   1.5717604e-01  -1.0217883e-01  -1.7297580e-01  -2.5237251e-01   4.7579600e-01   3.5147912e-01   6.1651892e-02  -1.7368014e-01  -2.0765727e-01  -1.3304851e-01   3.8622897e-01  -6.4217621e-03  -6.3235317e-02   2.7003124e-01  -2.7376668e-01   1.7673523e-01  -2.7565655e-01  -7.1310621e-02   1.7859945e-01  -2.8129484e-02   3.6783716e-01   3.9361187e-02  -1.5731595e-01   7.9249181e-02   1.7617901e-01  -1.0913183e-01  -3.1496787e-01  -1.6362023e-01  -2.2878618e-01  -1.0628643e-02   2.0322761e-01  -1.5642714e-01   1.9356816e-01   6.4606367e-03  -3.5095078e-01  -1.4303223e-01   2.9268297e-01   1.1150868e-01  -1.0879119e-01  -2.3363201e-01  -3.9336930e-02   2.3202931e-01  -1.0372376e-01   1.5662667e-01   2.8881600e-02   1.2615669e-01  -2.8505372e-01  -2.9306200e-01  -3.2267320e-01   1.9881687e-01   1.2277060e-01  -1.8319001e-02   1.4589794e-01  -9.4542281e-02  -6.8611922e-02  -1.1505835e-01  -1.7573685e-01   1.2939135e-01  -5.9043608e-02   7.6259428e-02  -1.4419476e-01  -2.3297747e-02  -1.8014978e-01   5.1438335e-01   7.8780725e-02  -2.4330979e-01   1.7696088e-01  -6.4454957e-02  -1.4166156e-01  -2.2562456e-02   1.7090836e-01  -1.5102547e-01   1.1533342e-01  -2.6334231e-01   1.3609875e-01  -2.1858465e-01  -1.1060667e-01   9.9719905e-02  -1.6160910e-01   2.1132314e-01  -5.5774676e-02   4.0526705e-01  -2.6711511e-01  -5.7233578e-02  -9.2933034e-02   5.5510258e-02  -5.9368911e-03  -1.3685526e-01   7.7434248e-02  -8.8877939e-02  -1.8519645e-01  -2.0909250e-01   2.2963021e-01   4.0038773e-01   1.2513356e-02  -2.7664468e-01  -6.6066222e-02   3.5143471e-01   1.7329176e-01  -1.1721283e-01  -3.1618680e-02  -1.0483995e-02   9.6617842e-02   1.7536740e-02   4.5778723e-02  -1.8163612e-02  -1.8347178e-01   8.3987622e-02  -1.1939642e-01  -1.3110250e-01  -8.6281854e-02  -8.1494526e-02  -2.0473131e-01  -1.6279481e-01   2.1525952e-01   3.9035965e-01  -1.1498257e-01   5.4818154e-01  -1.5529598e-01   1.2798319e-01   1.1540009e-03  -1.3388141e-01  -1.4792728e-01  -1.0773678e-01  -1.9302376e-01   3.9815466e-01  -1.7122543e-01  -1.7795961e-01   7.4732775e-02  -2.4291232e-02  -7.5226578e-02   2.5202817e-01  -2.3994673e-01  -4.9536853e-02  -1.4199136e-01  -9.4304554e-03   3.0589016e-01   2.5020751e-01  -2.3483210e-01  -2.0162070e-01   1.6843529e-01   3.5542433e-01  -3.2092178e-01  -2.0638920e-01   1.2498873e-01   6.7697411e-02   3.7289941e-02  -3.7734111e-02
  -2.2775943e-01   9.5309712e-02   1.4367389e-02   1.3676010e-01   1.8736151e-01  -2.5918387e-01   6.0556826e-02  -2.6429525e-01  -2.6228887e-01   1.2939518e-01   2.2201173e-01   1.7439068e-02   0.0000000e+00  -8.9430166e-02   9.5451283e-02   1.1737215e-01   1.5467677e-02   3.7004993e-01  -3.9574303e-01   3.7443906e-01   2.9822578e-01   5.9641502e-03   1.5884723e-01  -2.8302157e-01  -3.8395478e-02  -5.0270376e-01   1.3448826e-01  -9.5521520e-02  -8.3742303e-02   2.2424924e-01   1.5350360e-01  -1.9587500e-01   2.4856172e-02   1.0440117e-01   1.9616891e-01   4.1632338e-01   1.3004772e-02   1.9479934e-02   2.8368686e-01   2.6125278e-01   7.9798789e-01   1.8049711e-01  -1.2403866e-01  -7.9554059e-02   3.4560784e-01  -3.9372913e-01   1.9556775e-01   8.4858805e-02   2.8413853e-01   1.4381580e-01   3.5612507e-01  -3.8324089e-01   5.9612537e-02   3.5372457e-01   1.3125644e-01  -1.7432072e-01  -3.0443787e-01  -1.7077306e-01   2.8323634e-01   3.2034647e-02   3.5969611e-02   4.6466940e-01  -2.0705294e-01   8.5695202e-02   3.4643330e-01   1.6603729e-01   2.4284061e-02   5.6531193e-02  -1.9884572e-01  -3.5336230e-01   7.5440624e-02   2.7162810e-01   4.7259132e-01  -2.2570917e-01   1.0820038e-01  -1.3690733e-01  -1.6612345e-01  -3.1033551e-01   9.3915974e-02   3.2025836e-01  -2.3339666e-01   3.0174184e-01   1.0140978e-01  -3.9639906e-01  -1.8471269e-01  -3.4839460e-01   3.4211000e-01  -8.5832029e-02  -5.2378470e-03  -2.7385661e-01   4.8598659e-02  -1.4680874e-01   6.6600742e-02  -1.3813813e-01  -1.0282489e-01   2.0070903e-01   2.1370973e-01  -3.7104285e-01   4.6878321e-01   2.5538511e-01  -2.0724324e-01   1.2853336e-01   2.7122324e-02  -1.6477484e-01   1.8061722e-01  -4.6219770e-02   4.3305813e-01  -4.1122421e-01   2.1257360e-01   1.4711541e-01   5.8153381e-03  -1.3296930e-01   2.1193834e-01  -2.8819033e-01  -6.3410731e-02   7.6626562e-02  -4.6834509e-01   6.1734592e-01  -4.1836787e-02   4.1644370e-02  -3.5205096e-01  -3.2700877e-03  -4.6345433e-02   3.0156384e-01  -3.7601660e-01  -2.9641273e-01   3.1756774e-01   3.2561873e-01  -1.2995406e-01  -1.5402055e-01   3.7651477e-01   3.4379364e-01  -2.9274458e-01   1.6276867e-01  -2.5598214e-01  -3.3996506e-01   1.9263477e-01   1.3228146e-02  -3.0149022e-01  -1.5635526e-01  -1.7785480e-01   4.7436130e-01   7.9159315e-02  -1.0055681e-01   8.1440313e-02   3.1491600e-01   9.8055246e-02   1.4900932e-01   2.3453554e-01   1.4267356e-01  -3.2517598e-01  -2.3812283e-03  -1.3940773e-01   1.8088044e-01   1.6147053e-01  -2.2796353e-01  -3.6684839e-01   3.8856824e-01  -1.4708369e-01   3.4319579e-02   9.1992750e-02   9.9724240e-02   2.0113389e-01   4.0018878e-01  -1.9135172e-01  -7.0916056e-02   3.2099849e-02  -2.0869811e-01  -2.0908421e-01   7.4528697e-02  -1.9891776e-02  -1.5871737e-01   4.2361794e-01  -2.9763978e-01  -1.9873307e-01   2.0160727e-01  -2.1048812e-01
   4.0971635e-01  -4.6064721e-01   1.9509371e-01   3.9715096e-01  -2.9993356e-01   9.3965766e-02  -2.0742404e-01   2.3479543e-01   1.7397893e-01  -4.0699319e-01   5.7188672e-02  -9.7893221e-02  -8.9430166e-02   0.0000000e+00   9.6443916e-02   5.3445487e-04   1.0735710e-01  -4.8327055e-02   1.5015015e-01  -2.3327369e-01  -1.6288216e-02   6.4766468e-01  -9.5838006e-02   3.7635592e-01   5.6090795e-02   1.4010137e-01  -3.8650612e-01   5.7891187e-01   1.4932805e-01  -3.1306160e-01  -2.9378217e-01   4.0851762e-01  -2.5033740e-03  -3.4518682e-01   1.0089545e-01  -3.0940188e-01   3.1913005e-02   1.0360283e-01  -2.5243292e-01  -3.7897508e-01  -1.9227955e-01  -1.6237136e-01  -1.1657302e-01   3.7893259e-01  -9.5839310e-02   5.1350293e-01   1.0409351e-01  -5.7546763e-01  -2.9769826e-01  -2.7754070e-01   9.8552524e-02   1.5253053e-01  -5.8211407e-01   2.1943061e-02   5.8600794e-01   4.6577967e-01   2.0757580e-01   4.5876319e-01   6.3539621e-02   5.2896183e-02  -6.6753048e-02  -1.8738994e-01  -1.3203075e-01  -1.1356655e-02  -2.1449432e-01  -3.3584094e-01  -2.3549299e-01  -4.6475053e-02   4.3758087e-01   4.1808125e-01  -5.9084229e-01   3.7734447e-01  -2.2456095e-01   5.5178696e-01  -1.0509246e-01   3.2036551e-01   2.2410622e-01   1.9560526e-01  -2.6290099e-01  -1.3111011e-01   5.4426427e-01  -2.7130877e-01  -2.6291887e-01   2.7990232e-01   5.8278239e-01   1.9912230e-01  -1.7988152e-01   5.9070368e-01   1.3494991e-01   4.6535418e-01  -1.6565606e-01   2.3920406e-01  -4.4684729e-01   2.0810840e-01   2.0395388e-01  -1.6736953e-01   1.4656883e-01  -6.0740453e-02  -2.0365338e-01   3.2356074e-02   3.6379846e-01   9.0661719e-02   6.6429304e-01   2.2376806e-01   3.9785268e-01   5.0565432e-01  -1.8402315e-02   2.3535853e-02  -1.0182480e-01  -4.1889385e-01  -3.6695214e-01   6.5699559e-01   1.1861488e-01   5.3438586e-01   5.8987891e-01  -5.6150599e-01   7.5208769e-02  -1.0684032e-01   3.6737081e-01   3.9306943e-01   5.3988280e-01  -7.2632371e-02   2.2069825e-02  -4.1344831e-01   5.8177126e-01   7.2063553e-01  -2.3125584e-01  -2.3955469e-01   5.2473209e-01   2.2782334e-01  -4.2525617e-01  -5.1627970e-01   6.4345027e-01  -5.6626328e-01   1.7415727e-01   1.5644690e-01  -2.9649702e-01   3.1655671e-01   1.7613829e-01   5.3001983e-01   5.1291659e-01  -3.3973213e-02   1.8620993e-01   1.1254570e-01  -8.5503716e-02   6.8283082e-02  -3.2399105e-01  -2.5772661e-01  -1.6260030e-02  -1.8398581e-01   6.2847711e-01   6.0961189e-01   4.1471897e-01  -3.6000210e-01  -4.2267445e-01   4.7931333e-01   5.3215091e-01  -3.9554419e-02   2.8750439e-01   5.2021200e-01   1.2816269e-01   6.0633293e-02  -4.8688221e-01   2.9736069e-01   7.3145107e-02  -3.4843298e-01  -2.2298114e-01   6.3615632e-01   4.7426410e-01  -6.5105851e-01  -3.2469646e-01   4.5129542e-01   1.3715229e-02   5.5685747e-02  -1.3243236e-03  -2.8198522e-01   2.9693877e-01
