   0.0000000e+00  -3.1573041e-01  -4.7508064e-02  -1.0899356e-01  -3.3185058e-01   8.1026651e-02  -2.2527975e-01   1.8598251e-01  -4.9377459e-02  -2.7642169e-01  -2.5465937e-01  -3.3625830e-01  -1.3987384e-01   3.2645734e-01  -6.3394959e-02  -4.0152588e-02  -6.7392338e-02  -1.4984438e-01   2.5286988e-01  -3.1841149e-01   1.8369217e-01   6.2730710e-02   1.6036625e-01   6.7935133e-01  -1.3450487e-01   3.7142735e-01  -1.1048053e-01   3.9479317e-01   5.0777426e-02  -3.3024220e-01   6.7619096e-02   2.2630013e-01   6.7936199e-02  -2.7433170e-01  -7.9512665e-02  -2.6109654e-01  -1.6897008e-02   3.4013871e-01   3.3323071e-02  -1.8837825e-01  -3.8000327e-01   9.5106207e-02  -1.6680011e-01   3.9003969e-02  -2.9632335e-01   3.8138996e-01  -8.9115561e-02  -6.1978751e-02  -1.4795235e-02  -1.4609616e-02  -1.3849566e-01   3.3723246e-01  -1.1126416e-01  -3.0934579e-02   5.8611287e-02   1.0561043e-01   1.8598993e-01   2.6037334e-01  -1.7391410e-01  -5.0344016e-02   2.2083303e-01  -2.4577236e-01  -1.2722567e-01  -5.3167407e-02  -7.4594541e-02  -1.4128226e-01   1.5059571e-02  -1.8990596e-01   1.8024257e-01   6.9710104e-02  -1.7008827e-01  -6.4994003e-02  -2.2174936e-01   6.3460723e-02   9.7717157e-02   6.5620692e-02   4.0422754e-01   1.2412816e-01  -2.5420593e-01   3.9683588e-02   1.0455539e-01  -1.7145722e-01  -7.8339282e-02   2.1293367e-01   2.8144486e-01   8.2628310e-02  -1.5373193e-01   3.2904056e-01  -3.0666638e-02   6.9772149e-01  -2.1327269e-01   2.9508517e-01  -9.8588876e-02  -2.9480862e-02   3.3696017e-01  -1.3665308e-01  -6.3419436e-02   1.6175113e-01  -2.6963813e-01  -2.6135309e-01   4.1296909e-01  -1.9373250e-01   3.4777588e-02  -1.2076139e-01   2.6265472e-02   1.7016171e-01  -1.8484371e-02   2.3207511e-01   9.1593693e-02  -1.3027564e-01  -1.4294032e-01   3.6153255e-02   1.7478357e-02   7.6743866e-01   1.9958977e-01  -1.0636953e-01   1.1473329e-01  -1.5239013e-01   1.5369212e-01   5.4171139e-02   6.3965621e-01  -7.8744623e-03  -9.9405816e-02  -1.4374178e-01   6.2162091e-01   4.4429008e-01  -4.9337521e-02  -1.4382436e-01   3.9815308e-02  -9.3501977e-02  -2.7325409e-01  -3.7872208e-01   2.6485999e-01  -1.7081031e-02   2.0686950e-01   1.4751540e-01   1.3427964e-01   6.7811142e-02   1.5618957e-01   3.0642242e-01   3.7363462e-01   9.2971137e-02   3.8756148e-02   7.1535249e-02  -2.3448950e-01  -5.2009892e-02  -1.1039509e-01  -5.3621912e-02  -1.0432457e-01  -1.5806156e-03   3.1889078e-01   1.8254815e-01   4.2167217e-01  -2.4025008e-01  -4.2302308e-01   6.2775751e-01   5.4220180e-01  -1.8840786e-01   1.4618381e-01   3.0116878e-01  -6.3238824e-02  -1.2604444e-01   6.1530689e-02  -8.8589925e-02   3.2890378e-01  -1.0165384e-01  -3.1342707e-01   1.5494115e-01   3.5846151e-01  -4.9852861e-03  -3.5370938e-01   5.5614309e-01  -6.6028964e-02  -2.1691031e-01  -2.0213102e-01  -3.2732445e-02   1.4806787e-01
  -3.1573041e-01   0.0000000e+00  -4.1574330e-02  -2.8466177e-01   2.6548984e-01  -3.5090368e-01   5.0960681e-02  -7.9158348e-02   1.7241404e-01   1.8367010e-02  -1.6259074e-01   7.4901969e-01  -4.2113904e-02  -3.6999512e-01  -9.4024885e-02  -7.1925690e-02  -6.5949882e-02  -3.4277178e-01  -2.5792432e-01   4.5791263e-03  -3.5610190e-01  -4.3868608e-01  -3.9613938e-01  -7.0544455e-02   2.1601441e-01  -9.5769661e-02  -1.9617040e-01  -7.9974299e-02   2.8321007e-02   6.2061599e-01  -2.0164111e-01  -3.0567588e-01   4.6800422e-02   2.0254911e-01   1.1247622e-01  -1.5714038e-01  -3.5606395e-01  -2.8256777e-02   9.7169276e-03   2.1597682e-01  -1.6471873e-01  -6.0958595e-02   3.2412763e-01  -1.5384663e-01   2.0362799e-01  -1.0370999e-01  -3.9737956e-01   3.1997468e-01  -4.2484017e-01   5.4948337e-02  -3.0849492e-01   1.5300789e-02   4.4452148e-01   1.3630099e-01   1.3711148e-01  -2.2540806e-01   1.6853711e-01  -2.1423133e-01  -1.7618630e-01   4.2543157e-02  -4.7316148e-02   6.1602658e-02   6.5130605e-01   3.3933894e-01   2.7444610e-01   1.1883770e-01  -2.8694120e-01   3.2389174e-01  -3.4796168e-01  -2.0615295e-01   5.0663795e-01  -2.8310220e-01   9.9474887e-03   4.1449788e-01   1.2146222e-01  -2.1551799e-03  -1.0864332e-01  -1.1711918e-02   6.0302091e-01  -8.6231585e-02  -3.0580136e-01   7.5841674e-02  -1.5552584e-01  -1.5860853e-01  -2.4261409e-01  -1.1398950e-01   2.9291132e-01   4.3952435e-02   3.7857350e-01  -2.5860012e-01   3.0952186e-01  -3.4553365e-02   1.7325659e-01   9.3065827e-02  -4.7567025e-03  -6.2603893e-03  -8.0935980e-02   2.6928789e-04  -5.6913601e-02   1.0029180e-01  -3.4433345e-01   1.9579882e-01  -3.0167423e-01  -3.6364495e-02  -3.7857013e-01  -2.2734080e-01   1.5982153e-01  -5.6378591e-02  -8.7314020e-02  -3.7406731e-01   1.7431313e-01  -3.3144177e-01  -1.8348301e-01  -2.4145281e-01  -9.4577926e-02   6.0462998e-01  -1.2956930e-02   3.5312319e-02  -3.5545405e-01  -3.6022890e-01  -2.4468211e-01   2.8763831e-01   3.5708813e-01   5.6177638e-01  -1.5623123e-01   1.6547311e-02  -1.1400101e-01   1.5137985e-01  -7.3896510e-02  -3.0824763e-01   1.8796539e-02   1.4701116e-01  -1.1548033e-01   2.3129683e-01  -2.0785198e-01  -4.6227929e-02   7.9364408e-02  -3.7183898e-01  -2.5534917e-02   9.1387939e-02   1.8405361e-01  -1.8361662e-02  -1.9588468e-01  -1.2179683e-01   2.2611695e-01  -3.1407939e-01   1.9946189e-01  -1.8962323e-01  -8.5275034e-02   3.3141250e-01  -1.9036827e-01  -2.4574105e-01   3.7020771e-02   2.9131086e-01   5.1464875e-01  -1.6517635e-01  -5.8290329e-02  -1.9185864e-01   7.2032398e-02  -2.4374900e-01   1.6466712e-01  -3.8283070e-02  -3.4044726e-01  -2.9438522e-01  -2.6514740e-01   5.4392592e-01   2.3292416e-01  -1.5107379e-01  -1.1879353e-01  -1.0602747e-02   6.0959113e-01  -2.7430918e-01  -2.0872744e-01  -8.1503985e-02   5.5942479e-02   2.5522738e-02  -4.1432898e-01
  -4.7508064e-02  -4.1574330e-02   0.0000000e+00  -2.8115983e-01   5.3843964e-02   4.2553853e-01  -4.8798385e-02   3.1448950e-01  -2.2523951e-01   1.3268386e-01  -3.5461669e-01  -3.3193271e-02  -1.1886490e-01  -2.5679030e-01  -1.9660602e-01   1.3053234e-01   8.8050664e-01  -2.6208820e-01   4.2707092e-01   1.1350040e-01  -3.4679251e-02  -2.2720020e-01  -3.0037268e-01   1.8260972e-01  -4.1777833e-02   1.6200294e-01  -9.9755983e-02  -2.2768233e-01  -1.2692470e-01  -4.3794565e-01   5.0676974e-02  -7.4834471e-02   1.5857292e-01  -5.5693380e-02   7.4336900e-02  -3.9433998e-02  -1.8854633e-01   6.5753035e-02   2.5430005e-01   2.0435412e-01  -2.8975759e-01   1.9139603e-01   2.6662860e-02   1.1456704e-01  -1.0518295e-01   3.2116592e-01  -1.2541992e-01  -1.3849430e-01  -5.5607243e-02   6.8761499e-01  -3.0265523e-01   1.3317402e-01  -1.7695362e-01   2.7540263e-01  -2.3711768e-01   6.5085948e-02   3.0707060e-01   1.3681855e-01  -2.6609892e-01   6.1547184e-02   3.8197756e-01  -1.2035257e-01  -6.7858786e-02  -2.0500075e-01  -3.8939477e-01   2.2013831e-01   4.4435998e-01  -1.4835502e-01  -6.0632625e-02   2.8010290e-01   2.7138179e-01  -1.9971029e-01  -1.7843072e-01   3.2372217e-01  -1.9042355e-01   3.7153610e-01   3.0013745e-01   1.5496045e-01  -2.4264747e-01  -1.6076582e-01  -1.8120915e-01  -2.1844932e-01   1.9784921e-01   1.0158845e-01   2.2766298e-01   2.3278789e-01  -1.9542685e-01   1.3100837e-02  -1.0360350e-01  -2.0703344e-01   4.1979891e-02   6.0188726e-01   3.0094224e-01  -1.1237098e-01   1.2162024e-01   2.7942947e-01  -1.9384102e-01   4.8881786e-01  -1.5945043e-01  -2.4357110e-01   4.9816357e-02   2.7303265e-02  -1.6344419e-01  -7.8699670e-03  -2.6316799e-01  -7.1607159e-03   3.1632811e-01   3.1664612e-01   1.5079581e-01  -6.3816976e-02   3.2444339e-01  -2.6605463e-01  -1.8533120e-01  -5.6499424e-02  -1.2307013e-01  -7.5843948e-02  -1.6040784e-01  -2.8624938e-01   3.3714600e-02  -1.9903432e-01   7.7644163e-02   5.0421011e-02  -9.9673189e-02  -4.9761817e-01   1.4907020e-01   1.8265988e-01  -2.7246329e-01  -7.1319930e-02   2.1727403e-02   3.9405424e-01  -1.1780950e-01  -1.5251215e-01   2.1125718e-01  -5.0540403e-01  -6.3782793e-02   2.5998014e-01  -1.8429726e-01  -1.1624505e-02   4.1961608e-01   9.0500402e-02   1.2422640e-01   6.0458999e-02  -1.8077351e-01  -5.2364637e-02  -3.4827837e-01  -1.8279850e-01   1.3203969e-01  -1.4245023e-01  -2.5651719e-01  -2.9414125e-01   1.2053934e-01  -1.2963509e-01   1.6576030e-01  -2.6366362e-01   2.1093955e-01   2.7237140e-02  -7.5997582e-02  -3.1506952e-01   4.6633252e-01  -1.2393019e-01  -2.2505342e-01  -1.1769366e-01   7.5179410e-03  -1.7511734e-01  -1.3884465e-01  -8.2171856e-02  -2.2063937e-01  -1.3354307e-01   4.8997761e-02   4.2651898e-01   5.9811797e-02   7.6261739e-02  -2.5230878e-01   2.0797442e-01  -7.5111036e-02   2.3614099e-01   9.3771850e-02
  -1.0899356e-01  -2.8466177e-01  -2.8115983e-01   0.0000000e+00   1.2660920e-01   2.1156240e-01   2.5862646e-01  -1.9105777e-01   1.2848151e-01  -1.0554475e-03   4.9185581e-01  -2.3441733e-01   3.7935875e-01   1.0599902e-01   1.2104836e-01   1.0279717e-01  -2.5584177e-01   6.9243495e-01  -2.3099044e-01   2.5037741e-01   2.9402030e-02   6.9991848e-01   4.7330828e-01  -2.0038075e-01  -2.3250191e-01  -2.9404241e-01   5.4482963e-01  -7.9727236e-02  -1.1228053e-01   8.7331503e-02  -1.2885546e-01   2.5379288e-01   1.1414441e-01   5.0902467e-02  -3.0745974e-02   4.7805324e-01   4.4980414e-01  -2.9406439e-01   4.2617064e-02  -4.6458471e-04   6.0769674e-01   6.4288054e-03   1.4228728e-01  -1.9233763e-01   1.1908315e-01  -3.7296635e-01   5.9598437e-01   6.6709973e-02   5.5079919e-01  -3.8592259e-01   6.9214694e-01  -3.6321334e-01  -9.7888461e-02   2.1493246e-02   6.8883362e-02  -1.6539716e-01  -3.0622695e-01   1.2155681e-01   6.3919124e-01   2.1141814e-01  -2.5985898e-01   3.6346141e-01  -2.4663751e-01  -1.4880887e-01   2.6101986e-01  -7.9434633e-02   3.0696132e-01  -6.0559056e-02   4.2696439e-01   1.3386302e-01  -2.8781502e-01   7.0309525e-01   3.4100942e-01  -4.9667415e-01  -2.3301816e-01  -2.0853473e-01  -4.0596265e-01  -2.5189656e-01  -3.4449538e-02   3.5694685e-01   1.9690233e-01   2.5539338e-01  -1.8562014e-01  -4.3781539e-02  -2.7421391e-01   1.4420377e-02  -2.2476138e-01  -3.2239394e-01  -1.8522038e-01  -1.6222643e-01  -4.2327645e-03  -4.1454844e-01  -9.5229862e-02   1.9285005e-01  -3.1155087e-01   6.4588732e-02   1.7404911e-01  -3.7046543e-01   3.2876293e-01   3.4427612e-01  -2.5367274e-01   2.6885084e-02   2.5191228e-01   3.7254933e-01   7.2947212e-01   2.2491064e-01  -9.5111952e-02  -9.2141776e-02  -2.7210272e-02   3.6061728e-01  -3.1301919e-01   6.5318053e-01   7.4276165e-01  -1.7094667e-01  -1.9684688e-01  -2.5385636e-01  -3.4717931e-01   2.1795207e-01  -1.2259298e-01   7.5632561e-01  -3.1282101e-01   1.4072037e-01  -4.6050272e-02   7.7799462e-03  -2.9252867e-01  -2.1708625e-01   6.3328138e-01   1.6489215e-02   3.5627001e-01   1.9348298e-01   3.9503405e-01   1.1312896e-01  -1.0957486e-02  -2.9507757e-02   2.0239737e-01  -1.9198444e-01   4.5382236e-02   8.9764942e-02  -2.3671619e-01  -2.9551403e-01  -3.3408480e-01   7.1215017e-02   3.9090276e-01  -1.0006550e-01   3.0174689e-01   3.3095444e-01  -1.5858361e-01   4.3577266e-01   4.1618404e-01  -1.6078026e-01  -2.4810203e-01   8.1911793e-02  -3.2836274e-01  -3.7219928e-02  -1.2900597e-01  -3.1536700e-01  -2.4546149e-01   6.2847392e-01  -2.9791203e-01   1.1741401e-01   1.4143341e-01   1.6246465e-01   2.3591700e-01   6.6482664e-01   2.7919236e-01  -2.1166614e-01   5.6614430e-02  -6.9513320e-02  -7.7552621e-02  -8.0975753e-02  -2.3341215e-01  -3.7376201e-01   7.0403879e-01   1.0557516e-01  -1.1690248e-01   2.4395606e-01   4.4765436e-01
  -3.3185058e-01   2.6548984e-01   5.3843964e-02   1.2660920e-01   0.0000000e+00  -6.2598767e-02   1.1209675e-01  -3.3116163e-02  -1.2887190e-01   2.5312822e-01   4.2828282e-03   1.5273718e-01   3.8277433e-01  -2.0924723e-01  -1.7161663e-01  -1.1680253e-01   1.9286086e-01   1.8175145e-01  -1.8777339e-01   7.9868312e-01   6.3047882e-03  -1.8720547e-01  -2.9302992e-02  -2.6504229e-01   6.3971335e-02  -2.3423747e-01   3.2966832e-01  -2.0601409e-01  -1.3915585e-01   1.3143132e-01   3.2969467e-02  -1.3023871e-01   1.3559705e-01   6.7199539e-03  -2.0722305e-01   5.2692845e-01   8.3115527e-02  -1.0379052e-01  -4.2420207e-02   4.7465885e-01   2.1056130e-01   1.2983495e-01   1.2140073e-01  -1.7178479e-01   1.9756888e-01  -1.1849438e-01   9.0184896e-02   1.6847628e-01   2.2591584e-01   1.8084152e-01   1.4381908e-01  -2.7654010e-01   2.1361201e-01   2.0024971e-01   6.9021354e-02  -2.2574495e-01  -2.7475142e-03  -1.5254761e-01   1.3844962e-01  -1.4257945e-01  -1.3807594e-02   2.0677192e-01   2.7864085e-01  -4.7482535e-02   1.5999050e-01  -7.3210852e-02   1.8762989e-01   1.8019300e-01   1.4428403e-02  -8.6109967e-02   4.2305247e-01   2.4453861e-01   1.5133911e-01  -6.7898731e-02   7.0139531e-02  -1.0042133e-01  -1.8946099e-01  -2.4742352e-01   4.7546324e-01   8.2718778e-02  -3.7485270e-01   1.7021962e-01  -1.0878259e-01  -1.6462839e-01  -2.0268348e-01  -1.4018559e-01  -4.6490217e-02  -1.9504853e-01   3.1304477e-02  -3.1832623e-01   6.1421271e-01  -7.8286149e-02   2.6053834e-01   1.4245075e-02  -7.8444855e-02   7.2165880e-01   7.8556889e-02   2.6793329e-03   3.2490172e-01   2.6701151e-01  -6.0146656e-02  -1.5525464e-01  -1.1627178e-01   2.4679478e-03   6.6882850e-02   7.1092289e-02   2.0278666e-01   5.0885312e-03   1.8931314e-01  -8.5701141e-02   9.8343519e-02  -1.0201925e-01  -1.7805843e-02  -2.0231397e-01  -2.5712082e-01   5.2677631e-01  -1.2982437e-01   3.0112016e-01  -1.9028931e-01  -3.4340960e-02  -3.4474209e-01   6.0821853e-01  -2.0309531e-01   2.0608852e-01  -3.3005718e-01  -2.7662367e-01   1.9514166e-01   1.4381248e-01   7.1037522e-02   2.4510689e-02   2.0073318e-01   2.0578608e-01  -2.1983981e-01  -2.8893292e-01   1.5187337e-02  -1.2072386e-01   3.7743030e-02  -2.3780165e-01  -1.0010300e-01  -1.5395533e-01  -1.7427242e-01   2.0799488e-01   9.9685562e-02  -3.5193331e-01  -2.2516000e-02  -1.1072417e-01   1.0953626e-01   5.1432782e-02   9.6556093e-02  -3.0409915e-02  -3.0980264e-01  -2.0704350e-01  -1.2097974e-01   1.2660349e-01   1.5410764e-01  -3.2747682e-01  -2.8206681e-01   9.0724909e-02   9.8718742e-02  -2.2436219e-01   1.3908953e-01  -2.4688970e-02  -9.6378654e-02   1.5676495e-02  -7.4885646e-02   3.8525137e-01   2.1986077e-01  -1.2185323e-01  -1.1979387e-01   2.4432874e-01   5.5265092e-01  -3.3262781e-01   2.6249138e-01  -2.3873125e-01   7.8494889e-02   1.0999467e-01  -1.1524186e-02
   8.1026651e-02  -3.5090368e-01   4.2553853e-01   2.1156240e-01  -6.2598767e-02   0.0000000e+00   2.6256367e-02   2.3587145e-01  -5.2041017e-02  -4.7949877e-02   2.3426356e-01  -2.5791580e-01  -5.4287393e-02   1.5493486e-01   1.7449060e-02   1.3326084e-01   3.8907380e-01   2.6555044e-01   5.0951547e-01   1.1853653e-01   1.1208982e-01   3.0881825e-01   5.1826597e-02   8.0216233e-02  -1.4688264e-01   2.3215615e-01  -1.6213717e-02  -5.7107225e-02  -3.0268279e-01  -3.6301376e-01   3.5310151e-02   3.4268843e-01   9.3898483e-02  -3.6885555e-02   2.1928032e-01   2.4578045e-01   5.8666596e-02  -4.4906608e-02   2.3423754e-01  -2.1422357e-01  -1.7310614e-02   8.9584062e-02   7.9681950e-02   2.4344338e-01  -1.6401477e-01   7.9122258e-02   4.2524698e-01  -2.1407231e-01   2.7124754e-01   6.1343406e-02   1.9173137e-01   2.4076530e-03  -3.6457960e-01   1.2325320e-01  -2.2013879e-01   2.6365848e-01   3.6675825e-01   4.0315640e-01   1.5203320e-02   2.1321890e-01   1.7222519e-01   3.2554364e-02  -2.8827666e-01  -3.2490456e-01  -1.6193027e-01   6.1085245e-02   7.4014259e-01  -2.2013556e-01   5.3602217e-01   1.7426602e-01  -4.1787641e-01   2.0529784e-01  -1.0653276e-01   5.3982217e-03  -3.5333357e-01   2.7862158e-01   3.9569779e-02   1.7483988e-01  -3.4040877e-01   3.5381424e-02   1.3750154e-01  -1.5045924e-01   1.9845851e-01   2.1142652e-01   3.7047428e-01   2.7162183e-01  -3.3766337e-01  -1.7609800e-01  -6.3492419e-02  -3.6771603e-02  -2.8588256e-01   2.0569666e-01   2.3639857e-01   1.1720678e-01  -4.6089462e-02   7.9879587e-02  -6.6898482e-02   3.9683049e-01  -1.2432308e-01  -2.3678183e-01   2.1356212e-01   7.6061895e-03   1.4947756e-01   1.5759653e-01   3.0951375e-01   3.9325554e-01  -1.3703925e-02   4.9414160e-01  -8.9190037e-02   3.0445535e-01  -7.8212580e-02   2.9964256e-01   2.2117645e-01   1.3821382e-01  -5.9654466e-02  -3.6988931e-01  -1.3496871e-01  -1.9759207e-01   3.4621692e-01   2.5280842e-01  -2.2114641e-02  -9.6663473e-02  -1.5275245e-01  -5.0365369e-01   6.0655604e-02   2.3676685e-02   1.3826367e-01  -2.3947395e-01   3.2474224e-01   3.0414725e-01  -9.5412506e-03  -2.2224476e-01   1.9414871e-01  -3.6964897e-01   1.8240658e-01   1.3422801e-01  -8.7744073e-02   2.0250411e-01   2.4571138e-01  -1.0044611e-01  -1.5341095e-01   3.1350488e-02   3.6843315e-01   3.7513816e-01  -1.5951687e-01   2.0698986e-01  -2.0271971e-01   6.1891154e-02   1.7916969e-01  -5.4229383e-01   2.5597040e-01   4.7196096e-02  -4.8142876e-02  -4.3039530e-01  -1.4245970e-01  -1.1723226e-02  -6.1841780e-02  -9.0806044e-03   2.0638762e-01   7.5381205e-02  -3.2159860e-01   1.2139166e-01   1.8678812e-01   4.1154968e-01   3.3574869e-01  -3.2641296e-01  -3.7705107e-01   2.1679469e-01  -5.0559750e-02   2.5047074e-01  -3.1922920e-01   5.0130795e-02   1.5537948e-01   5.3401104e-01  -1.5475484e-01   1.4562015e-01   5.5076054e-01
  -2.2527975e-01   5.0960681e-02  -4.8798385e-02   2.5862646e-01   1.1209675e-01   2.6256367e-02   0.0000000e+00  -4.9536824e-01  -1.9424284e-01   4.7513757e-01   2.3280982e-01   3.0644875e-01   1.3844150e-01  -1.6133829e-01   3.4153655e-01   1.9695076e-01  -1.9830839e-01   2.7249050e-01  -4.0811105e-01   3.3587459e-01  -5.8778387e-02  -1.1877546e-01   5.0937231e-01  -2.2540010e-01  -1.1999803e-01  -3.3612691e-01   3.5324408e-01  -2.7994950e-01  -2.9622042e-03   2.6372789e-01   4.3470799e-02  -3.6390847e-01  -1.9208496e-01   6.7734442e-01   4.0887187e-01   3.9278652e-01   1.3456523e-01  -5.0489517e-01  -4.5725320e-02   2.0792510e-01   3.6344403e-01  -4.6494174e-02   4.0157239e-01  -2.7270983e-01   6.1382537e-01  -4.5015130e-01   2.6952631e-01   6.9088685e-01   4.3900906e-02  -2.8301864e-01   4.5699500e-01  -4.0200285e-01   4.6094463e-01   4.1460883e-02  -1.0027563e-01  -1.0013387e-01  -4.9470572e-01  -4.2952422e-01   2.8190325e-01   1.5161639e-01  -3.9683745e-01   2.3982466e-01  -2.5450332e-01   8.1474950e-02  -6.2705347e-02   5.9282039e-01   1.1147002e-01  -1.0502402e-01  -3.2131086e-01   2.4023367e-01   5.7773837e-02   3.2510995e-01   3.3529343e-01  -2.4851363e-01  -1.9396595e-01  -4.5167047e-01  -4.5186909e-01  -3.5778668e-01  -1.4940985e-01  -1.3137196e-02   2.3113194e-01   2.7691208e-01   2.5009865e-01  -4.9862405e-01  -2.0248641e-01  -2.9879718e-01  -1.7814906e-01  -2.4826102e-01  -1.3439997e-01  -2.8472673e-01   8.8229354e-02  -4.8440892e-01   2.7887656e-01  -6.8053012e-02  -4.3291481e-01  -7.2291613e-02   7.5035660e-02  -3.5031911e-01   1.9000212e-01   6.2569617e-01  -2.6389296e-01   3.7938065e-01  -3.4601190e-02   3.1261667e-02   2.2504657e-01  -3.1121622e-01  -9.2111398e-02  -3.7901475e-01   3.1050567e-01   1.9229900e-01   3.7903994e-01   2.7185303e-03   2.0758555e-01  -3.5475337e-01   2.6160949e-01  -4.7421231e-02  -4.8836314e-01   1.8177397e-01  -1.0902491e-01   1.5213421e-01  -4.1941912e-01   5.0847803e-02   1.5575356e-01  -5.4512621e-02  -4.2241102e-01  -2.7011479e-01   5.3951009e-01  -2.0529030e-01  -2.4336833e-01   3.3621884e-01   3.8595326e-01   6.3173447e-01  -2.9882047e-02  -1.2372038e-02  -2.3228818e-01  -4.5534914e-01  -1.3996440e-01   3.7761265e-01  -3.5770106e-01  -4.1969159e-01  -1.4649640e-01  -8.7854209e-02  -5.6226120e-02  -1.0677096e-02   4.8207776e-01  -2.3707258e-01   6.9876546e-01   3.4491683e-01   4.0179904e-01   1.1065634e-01  -2.6643372e-02  -7.9855720e-02  -3.6582809e-01   1.3992643e-01   2.9900749e-01  -3.9846039e-01  -3.0981791e-01   4.5000542e-01  -5.0689070e-01  -2.8788218e-01  -5.7401424e-02  -2.1063749e-01   2.2351677e-01  -5.0393998e-02  -4.2160392e-01   2.3949313e-01   3.4030277e-01  -3.0725889e-01  -9.1271417e-02   6.9167118e-02   4.4664962e-02  -4.1051562e-01   1.3120386e-01   1.7563543e-01  -7.6364668e-02  -1.4585915e-01  -1.6137201e-01
   1.8598251e-01  -7.9158348e-02   3.1448950e-01  -1.9105777e-01  -3.3116163e-02   2.3587145e-01  -4.9536824e-01   0.0000000e+00   5.2144360e-02  -2.9378400e-01  -3.1141887e-01  -1.1264306e-01  -4.3966799e-02   1.3202025e-01  -1.5653885e-01  -2.4546483e-01   3.3734556e-01  -4.0427804e-01   6.1496215e-01  -1.6653603e-01  -8.6481224e-02   1.2159128e-01  -3.3500253e-01   1.5787127e-01   3.5093311e-02   5.9109026e-01  -3.4773437e-01   4.0025527e-01   4.2856083e-03  -1.7481445e-01  -5.7859739e-02   4.0402553e-01   1.4795326e-01  -3.6207842e-01  -2.8344507e-01  -3.9910844e-01  -3.7086585e-01   4.5351109e-01   1.4156333e-01  -7.6755918e-02  -3.0708139e-01  -2.1975903e-02  -2.4924278e-01   4.2931610e-01  -3.3002882e-01   4.9778363e-01  -3.4389137e-01  -4.6728732e-01  -1.2592116e-01   3.4093069e-01  -5.1317330e-01   5.2377191e-01  -3.4651369e-01  -5.4062410e-02  -1.2845990e-01   3.1939563e-01   4.8137113e-01   4.3998209e-01  -2.0012945e-01  -2.6636558e-01   4.8753084e-01  -2.0443760e-01   1.3045836e-01   7.2006541e-02  -2.5848363e-02  -1.8497343e-01   1.3995105e-01   1.6909321e-01   3.9344782e-01  -8.1096392e-02   2.3572901e-02  -3.2804397e-01  -3.2448879e-01   9.4794867e-02  -1.7666165e-01   5.4427610e-01   4.2527465e-01   2.9281317e-01   3.9729432e-02  -1.5508532e-01   1.0695685e-01  -2.2329218e-01  -2.3931388e-01   8.0444391e-01   3.3487430e-01   5.9749199e-01  -3.9363232e-02   6.2533324e-02   1.4788652e-01   7.4841799e-02  -1.9044601e-01   5.5327931e-01  -8.6274344e-02   6.4869255e-03   3.9340120e-01   1.5831609e-01  -1.7867799e-01   6.2651251e-01  -2.7290338e-01  -3.7244316e-01   3.4105855e-01  -9.5126224e-02   2.3115180e-01  -6.5378791e-02  -1.6394565e-01   3.6559177e-01   9.0443483e-02   7.1351601e-01  -1.1836545e-01  -3.7280529e-01  -8.9897015e-02  -6.9440583e-02  -1.4257921e-01   2.8529901e-01  -9.6933392e-02   2.6634590e-02   2.7792747e-01  -3.3060616e-02   1.7103328e-01  -1.9835574e-01   2.9976036e-01   8.8532951e-02  -2.0356886e-01  -6.9745638e-02   4.0497073e-01   1.1220989e-01  -4.3245668e-01   1.4105223e-01   3.3599376e-01  -2.4815048e-01  -2.1287144e-01  -5.2014137e-01   8.0689910e-02  -2.2389531e-01  -6.6190224e-02   6.4205311e-01   2.9862161e-03  -1.9037032e-01   5.8958430e-01   3.7355656e-01   1.8938966e-01   2.4420833e-01   1.7440661e-01   3.9843982e-02  -2.5582378e-01   3.4877786e-01  -2.5624695e-01  -4.8740991e-01  -4.1818403e-01  -2.7342483e-01   1.8949106e-01   4.0424567e-01   2.5444506e-01  -3.4986724e-01  -2.8872676e-01   1.9970403e-01   1.4071548e-01  -3.3712555e-01   5.7666863e-01   4.9243384e-01  -6.6850456e-02   3.3542372e-01  -3.3779545e-01   1.7884482e-01   2.6298811e-01   2.2875187e-02  -3.0829915e-01   3.7860371e-01  -1.0273928e-02  -9.6908998e-02   2.9829749e-02   2.2279352e-01  -2.7173431e-01  -1.0267436e-01  -2.9905417e-01   3.2289537e-01   2.3500667e-01
  -4.9377459e-02   1.7241404e-01  -2.2523951e-01   1.2848151e-01  -1.2887190e-01  -5.2041017e-02  -1.9424284e-01   5.2144360e-02   0.0000000e+00  -2.8946138e-01   2.2519904e-01   1.0283663e-01   9.7338177e-02  -2.2198973e-02   2.2479975e-01  -1.1779572e-01  -2.5292783e-01  -7.3842758e-02   1.1362876e-01  -1.0398854e-01   1.9593940e-01   2.7854052e-01   2.3172524e-02  -4.8355536e-02  -9.3479002e-02  -3.3944362e-02  -6.9392038e-02   7.5728675e-02  -1.1327447e-01   3.6498134e-01   5.9799847e-02   3.3666005e-01  -1.5077611e-01  -6.0184449e-03   2.4996075e-01  -1.3613670e-01  -8.6811270e-02  -1.7125056e-02   2.5350773e-02  -1.8897581e-01   1.2225741e-01  -4.6609745e-02   1.5864996e-01  -4.9515849e-02  -1.8950910e-01  -5.9805033e-02   8.6249832e-02  -2.3386575e-01  -3.3079897e-02  -2.4709011e-01  -1.2690679e-01   2.7915193e-02  -5.7313520e-02  -1.0763883e-01   2.2184350e-02  -6.1045874e-02   9.9891307e-02   4.0094396e-01   2.1646546e-01   3.6209618e-01   4.7034568e-02   3.9724900e-02   2.9587035e-01   2.0064803e-01   3.7055365e-01  -7.5032663e-02   4.2675025e-02   2.1554513e-01   2.6215553e-01   1.7193864e-02  -9.7318548e-02  -2.7900224e-02   5.3860707e-02  -2.0303099e-02  -1.4939829e-01   1.0560507e-01   3.1580106e-02   1.2711357e-01   1.3796832e-01  -1.0131603e-01  -6.7497267e-02   2.2688020e-01  -2.4765720e-01   1.1714227e-01  -1.1685477e-01   1.5268297e-01   4.2309005e-01  -3.9251110e-02   3.7482193e-01  -1.5865049e-01  -2.5566459e-01   2.7753094e-02  -1.6948108e-01   6.7895713e-01  -1.2337682e-02  -1.4783164e-01   1.3400606e-01  -4.0344475e-02  -2.2170509e-01  -2.3966975e-01  -3.6347737e-02   1.8155986e-01  -9.8235242e-02   4.2140941e-01   8.7367603e-02   2.7079417e-01  -2.3632750e-01   1.2822808e-01  -1.2860917e-01  -7.8604260e-02  -1.2994955e-01   1.3827430e-01   1.3243084e-01   6.8471469e-04  -6.7429537e-02  -1.1112081e-01   2.8281791e-02   2.1799748e-02  -2.1855973e-01   7.2378554e-02   2.6856247e-02   3.8540367e-02   1.8309393e-01   2.1087854e-01   2.2089183e-02   1.1779272e-01   9.2834475e-02   3.6389403e-03   4.4497749e-01  -1.4762166e-01   5.3714076e-03  -8.5833449e-02   2.9750109e-03   5.5726452e-01   3.1512672e-01   1.1144839e-01   8.6363614e-02  -1.9279314e-01   1.1734870e-01  -5.4864666e-02   6.4265424e-02   2.3400943e-01   1.6089326e-01  -2.5065252e-01   2.7208488e-01   4.0687550e-02  -3.7517049e-02  -1.3999953e-01   4.8244491e-02   1.1579990e-01  -2.3894703e-01  -9.7957513e-02   7.8357260e-02  -2.3840612e-02  -8.1173470e-02  -1.5413381e-01   1.7725884e-01   4.6575542e-02   1.4042928e-01   3.7136952e-02   7.3799384e-02   2.1750883e-01  -4.6453056e-02   8.7719690e-02   1.8108274e-01   7.2427959e-02  -2.0421044e-01   7.2566001e-02   9.9364505e-02  -1.7012925e-01  -1.3561894e-01  -4.0457489e-02   7.0030207e-02  -3.0252116e-02  -2.5558100e-01  -5.7192844e-02   1.6643219e-01
  -2.7642169e-01   1.8367010e-02   1.3268386e-01  -1.0554475e-03   2.5312822e-01  -4.7949877e-02   4.7513757e-01  -2.9378400e-01  -2.8946138e-01   0.0000000e+00   6.0683345e-02   1.1777855e-01   2.0170986e-01  -2.4260165e-01  -1.8553283e-02  -7.6263823e-02   1.1612952e-01   2.4591516e-01  -2.4503999e-01   3.9229680e-01  -3.1024149e-03  -2.8582101e-01   1.6531793e-01  -1.0740368e-01  -7.8731167e-02  -3.8782001e-01   2.2149666e-01  -4.4821913e-01  -4.5205387e-02   5.9403788e-02  -3.3046160e-02  -4.3453986e-01  -1.3431904e-01   4.6536523e-01   6.2545416e-02   4.3109651e-01   1.7423786e-01  -3.8130088e-01  -1.6879185e-01   1.6812966e-01   2.2132943e-01   2.6060531e-02   2.9481222e-01  -1.7908630e-01   4.1600032e-01  -2.3086977e-01   2.1002531e-01   4.3995762e-01  -1.8243341e-02  -7.4412096e-02   2.8333577e-01  -3.6526367e-01   3.4465389e-01   2.0139228e-01  -9.1942913e-02  -1.7021631e-01  -2.6089970e-01  -4.9786092e-01   1.7504011e-01   6.8379668e-02  -1.1038031e-01   2.0154374e-01  -2.5617766e-01  -5.0369394e-02  -2.8607622e-02   5.4197629e-01   4.5011269e-02  -2.0479327e-01  -3.0380699e-01   2.0985992e-01   1.2894957e-01   2.5310338e-01   2.7705504e-01  -6.9076118e-02   1.1636178e-01  -4.5971793e-01  -1.8458197e-01  -2.9001394e-01   1.5139480e-02   8.7749544e-02  -2.2831488e-01   3.2602055e-01   1.9595042e-01  -4.3719144e-01  -1.6055440e-01  -4.1820923e-01  -2.1228041e-01  -1.2441976e-01  -2.3697176e-01  -2.5769368e-01   3.3583081e-01  -1.6937313e-01   4.3927921e-01  -1.6083317e-01  -3.8790326e-01   1.8019773e-01   3.8139253e-02  -1.3621008e-01   2.0316488e-01   4.3271605e-01  -2.1157371e-01   1.6721159e-01  -2.5837549e-01  -1.9487714e-02   1.9434557e-02  -4.8541678e-01   1.2240882e-01  -3.0706804e-01   2.1814360e-01   2.5314551e-01   2.9686540e-01  -1.8278228e-01  -9.8026566e-02  -3.5023129e-01   4.3269413e-02   1.2595984e-01  -2.2862924e-01   3.0906004e-01  -1.3956404e-01  -7.2182928e-02  -1.9654812e-01   1.4984657e-01  -1.4904563e-01  -3.5791621e-02  -2.3350933e-01  -1.9267222e-01   3.1492094e-01  -7.2209472e-02  -3.7098045e-01   3.9359271e-01   1.9714368e-01   4.5143766e-01   6.4569881e-02  -1.7923351e-01  -7.8427296e-02  -4.2362048e-01   2.4287374e-03   4.8399416e-02  -3.7852478e-01  -3.6675976e-01  -3.7160984e-02  -5.3606680e-03  -1.1244028e-01  -2.2122713e-02   1.7649910e-02  -3.6251198e-01   2.9404052e-01   5.0897451e-01   4.3247092e-01   1.1963124e-01  -5.3700954e-02  -3.3092536e-01  -1.5927141e-01   9.3683869e-02   3.0835411e-01  -2.9283428e-01  -2.9992731e-01   3.6030996e-01  -1.9893110e-01  -4.9321974e-01  -2.0581703e-01  -2.7692368e-01   4.0964150e-01  -2.5234295e-01  -4.6408663e-01   1.8414057e-01   2.9036746e-01  -3.2803434e-01  -7.8250506e-02   2.6259532e-01   3.1034300e-01  -2.9578408e-01   1.3392049e-01   1.8160800e-01   2.1534172e-02  -1.7084729e-01  -2.7976270e-01
  -2.5465937e-01  -1.6259074e-01  -3.5461669e-01   4.9185581e-01   4.2828282e-03   2.3426356e-01   2.3280982e-01  -3.1141887e-01   2.2519904e-01   6.0683345e-02   0.0000000e+00  -1.6758470e-01   1.5334209e-01  -3.1590681e-02   4.4253371e-01   8.7622481e-03  -3.2552811e-01   5.6779949e-01  -2.0045361e-01   1.2230352e-01   8.8011343e-02   4.0196388e-01   3.5823718e-01  -2.6493652e-01   1.9189299e-02  -2.0850461e-01   1.4265395e-01  -1.3605771e-01  -2.0978793e-02   2.1305113e-01   1.4554790e-01   1.7644009e-01  -2.0711853e-01   1.8597790e-01   1.6122435e-01   4.3547632e-01   1.8598063e-01  -2.3841570e-01  -9.8341585e-02  -3.3908395e-01   4.6700115e-01  -1.8254952e-01  -3.2752255e-02  -5.0292371e-02   2.0169633e-01  -3.3506150e-01   6.7281934e-01  -8.5391383e-03   4.0399213e-01  -5.0261760e-01   5.6241217e-01  -3.8030066e-01  -1.0717334e-01  -1.2961942e-01  -1.1666204e-01  -1.4489670e-03  -1.7286817e-01  -6.9041758e-02   5.0657133e-01   2.8627786e-01  -1.6567388e-01   2.7591065e-01  -2.2226095e-01   3.7392471e-02   3.6228892e-01   1.7047876e-02   1.8176809e-01  -1.0071443e-01   3.2681371e-01   3.6001706e-02  -4.8111682e-01   4.1655284e-01   1.6606336e-01  -2.9436305e-01  -1.9311339e-01  -2.0512155e-01  -3.0828915e-01  -1.5315276e-01  -6.9190549e-03   2.4177567e-01   2.8359172e-02   2.7551257e-01   3.4547394e-02  -1.5581840e-01  -1.8862300e-01  -1.1428166e-01   6.4619042e-02  -1.8664837e-01  -1.3926196e-01  -1.7028698e-01  -1.1888981e-01  -3.5798304e-01  -8.5716236e-02   1.6019779e-01  -2.9113629e-01  -2.0127423e-01   1.9900599e-01  -3.1492972e-01   3.7941556e-01   1.9485266e-01  -1.2031876e-01   2.2621245e-01  -1.4765910e-02   3.3984699e-01   4.6647568e-01   5.3479753e-02  -2.5761637e-01  -1.0440673e-01  -2.9430420e-02   3.3914712e-01  -2.6303978e-01   3.2458153e-01   3.0245629e-01  -2.0696057e-01   4.2338080e-02  -2.9239265e-01  -1.2322260e-01   1.9168440e-01   2.4326743e-02   3.2447564e-01  -3.1123339e-01  -1.4553168e-01   1.2286016e-01   5.7694024e-02  -3.7379190e-01  -2.9380440e-01   5.1436266e-01  -1.4514866e-01   1.0284668e-01   3.1994499e-02   2.0186386e-01   2.7549502e-01   4.8874133e-03   1.3315670e-01   1.8367319e-02  -2.5538352e-01  -1.1201610e-01   1.1038648e-01  -2.2472412e-01  -2.3692427e-01  -2.1366042e-01  -1.7630851e-02   5.1397080e-01   1.2610232e-01   3.4608528e-01   1.4023012e-01  -1.6353654e-01   4.0735798e-01   5.8329110e-01  -1.2425242e-01  -1.4505090e-01  -8.6478940e-02  -2.9490180e-01   1.8447185e-01  -2.2356792e-01  -3.5311310e-01  -2.3248850e-01   5.1676887e-01  -2.3516963e-01  -1.6215949e-01  -8.5128593e-02   3.3513405e-01   2.0742756e-01   3.3223653e-01   1.0814959e-01  -2.4116224e-01   1.2299457e-01   1.3867367e-01  -9.1779733e-02  -1.6077923e-01  -2.4018075e-01  -2.8699000e-01   4.3365351e-01   4.0627135e-01  -9.8210881e-02  -1.8168629e-01   2.0924037e-01
  -3.3625830e-01   7.4901969e-01  -3.3193271e-02  -2.3441733e-01   1.5273718e-01  -2.5791580e-01   3.0644875e-01  -1.1264306e-01   1.0283663e-01   1.1777855e-01  -1.6758470e-01   0.0000000e+00  -9.7423984e-02  -2.7475061e-01   3.2566065e-02  -1.5333162e-02  -1.0662706e-01  -3.5233073e-01  -2.9224961e-01   6.8416556e-02  -3.6747734e-01  -3.8364302e-01  -2.7589087e-01  -1.0364376e-01   1.5322270e-01  -1.1979092e-01  -2.1997693e-01  -3.2077359e-02   5.4194703e-02   5.8130756e-01  -2.0784409e-01  -3.6232654e-01  -8.2198746e-02   4.8733656e-01   3.4971623e-01  -2.0302633e-01  -4.1217538e-01  -1.3867749e-01  -1.0085312e-02   2.0840179e-01  -9.0639032e-02  -1.6372561e-02   3.9008972e-01  -9.2840351e-02   3.2287429e-01  -2.3435677e-01  -3.6865747e-01   3.6558192e-01  -4.7393159e-01   4.3454606e-02  -2.6159984e-01  -1.8012603e-02   5.2560300e-01   2.1882620e-01   1.8437697e-01  -1.1019649e-01   1.8523660e-02  -1.5984272e-01  -1.0988804e-01   8.3511943e-02  -1.3620556e-01   1.2707036e-01   4.5404897e-01   2.6257286e-01   1.6764311e-01   3.4361896e-01  -3.0199881e-01   3.3940637e-01  -3.6571983e-01  -1.9857779e-01   4.0464186e-01  -2.3953247e-01  -5.6421422e-04   3.5511165e-01   3.9269246e-02  -7.4632402e-02  -2.0892888e-01   1.8676878e-02   4.3119107e-01  -1.8505879e-01  -9.7888294e-02   6.8026247e-02  -3.2311259e-02  -2.2237247e-01  -2.3162261e-01  -1.6457394e-01   1.9249993e-01   4.6147804e-02   2.6154113e-01  -3.7491528e-01   1.1246484e-01  -1.5052598e-01   3.0312922e-01   1.6729094e-01  -1.2350127e-01  -2.7440317e-02  -8.1425911e-04  -7.6606784e-02  -1.2369281e-01   1.5345803e-01  -3.9541688e-01   2.8342943e-01  -1.5763693e-01  -6.9899218e-02  -3.9995806e-01  -1.9778101e-01   2.1940875e-01  -1.2656258e-01  -2.9126020e-02  -3.1712880e-01   3.8627316e-01  -2.7092409e-01  -1.5968023e-01  -3.6171978e-01   3.4207184e-02   4.4536332e-01  -1.5737008e-02   3.3958539e-02  -2.3569989e-01  -3.2543621e-01  -3.2411405e-01   3.2533860e-01   4.2951033e-01   4.4789836e-01  -2.3875475e-01   2.7685161e-02  -5.8559389e-02   1.5550705e-01  -1.1653072e-01  -2.5318480e-01  -3.1358367e-02   2.5697015e-01  -1.0048084e-01   2.0063648e-01  -2.4174274e-01  -2.8028157e-02   6.0195729e-02  -2.0981667e-01  -1.2533647e-01  -2.8167229e-04   1.4549777e-01  -1.3025861e-01  -2.9623403e-01  -2.4384339e-02   4.5758628e-01  -2.5497362e-01   3.9984559e-01  -2.8318402e-01  -1.1281746e-01   2.1364541e-01  -1.0920378e-01  -1.8981086e-01  -3.1956765e-02   2.0231379e-01   5.8164903e-01  -2.1044700e-01  -1.3144121e-01  -1.5525675e-01  -8.2720478e-02  -1.5951824e-01   2.2686388e-01  -9.9494425e-02  -3.1987104e-01  -2.7450440e-01  -3.1944664e-01   6.1948167e-01   2.5821536e-01  -8.5339873e-02  -1.6977758e-01  -6.2893350e-02   6.0305527e-01  -3.2392549e-01  -3.1078988e-01  -5.8967343e-02   4.6204396e-02  -1.5229361e-02  -3.6084721e-01
  -1.3987384e-01  -4.2113904e-02  -1.1886490e-01   3.7935875e-01   3.8277433e-01  -5.4287393e-02   1.3844150e-01  -4.3966799e-02   9.7338177e-02   2.0170986e-01   1.5334209e-01  -9.7423984e-02   0.0000000e+00   1.2782372e-01  -1.4052316e-01   1.1499568e-01  -4.8313632e-02   3.7915576e-01  -2.4880123e-01   3.5274963e-01   5.0567995e-02   1.5005125e-01   2.0977075e-01  -2.2236403e-01  -1.7773441e-01  -1.9578926e-01   3.2180457e-01   3.5367097e-02   7.5921643e-02   1.4029745e-01  -2.4108288e-01  -1.1677159e-02   9.4270187e-02   3.5624950e-02  -2.2731973e-01   4.1132061e-01   2.8206779e-01  -2.3250241e-01   2.2097188e-01   2.6287888e-01   6.1817924e-01   2.5937202e-02   1.2449457e-01  -3.7499665e-01   6.1129509e-02  -1.6813090e-01   2.3070987e-01   2.3376135e-01   2.3791380e-01  -1.1704731e-01   3.1161468e-01  -2.0075098e-01   2.0449161e-01   1.5663231e-01   9.8802233e-02  -3.4169901e-01  -1.7564399e-01  -7.6945559e-02   2.7772654e-01  -2.3511176e-01  -1.5582318e-01   1.0219473e-01  -3.0423360e-02  -9.2770225e-02   2.3049296e-01   1.4843126e-01   7.5343378e-02   5.9800186e-02   1.0743561e-01  -8.8008644e-02   1.4158966e-01   2.9653304e-01   4.9527550e-01  -4.7001274e-01   1.0513405e-01  -2.6000793e-01  -2.3284461e-01  -1.6060712e-01   1.2476853e-01   2.1597643e-01   4.7576983e-02   4.6051839e-01  -2.4807361e-01   4.0899959e-02  -3.4168667e-01  -8.1631280e-02  -1.6059563e-01  -2.3807349e-01  -6.9074068e-02  -2.5144434e-01   3.2603475e-01  -3.1049086e-01   1.5432010e-01  -7.4476170e-02  -1.8935146e-01   1.9716697e-01  -6.5551392e-03  -1.7910870e-01   1.9554953e-01   2.4988467e-01  -1.6681477e-01  -2.9776020e-01  -2.0311499e-02   8.2468698e-02   3.2326192e-01   4.9704599e-02  -7.0625394e-03  -5.1113969e-02   4.9055388e-02   1.7029796e-01  -2.2202577e-03   1.5300907e-01   1.1680134e-01  -1.3065541e-01  -1.8490874e-01   2.0467583e-01  -5.4319501e-02   6.7081890e-01  -3.0401512e-01   2.3547523e-01  -1.8141219e-01   1.4897192e-01  -2.6583373e-01   1.8685839e-01  -2.4997446e-01  -1.4201120e-01   3.7892301e-01   1.6882841e-01   2.3273787e-01  -2.1765689e-02   6.0627456e-01   2.0447001e-01  -1.2888486e-01  -1.3945290e-01   9.4046948e-02  -2.1800028e-01   1.2051229e-01  -2.1052151e-01  -2.2307213e-01  -2.6150541e-01  -1.4727652e-01   5.0633994e-01   1.1662844e-01  -3.1467030e-01   5.0611594e-04  -3.0730973e-02   3.2735637e-02   3.9345379e-01   2.5790018e-01   1.2709282e-01  -1.8965656e-01  -5.8638485e-02  -1.9577325e-01   1.4884030e-01  -8.9703249e-03  -2.3866002e-01  -6.1844642e-02   4.4172301e-01  -1.6320821e-01   3.6930071e-04   1.3230177e-01   1.9682154e-02   2.4399097e-01   1.9410154e-01   1.1593065e-01   1.4816218e-01   1.1490925e-01   7.9105083e-05  -8.6826763e-02   1.4530882e-01   1.5538665e-01  -1.9373584e-01   3.8159063e-01  -2.4206053e-01  -9.0325719e-02   2.6016399e-01   1.7201761e-01
   3.2645734e-01  -3.6999512e-01  -2.5679030e-01   1.0599902e-01  -2.0924723e-01   1.5493486e-01  -1.6133829e-01   1.3202025e-01  -2.2198973e-02  -2.4260165e-01  -3.1590681e-02  -2.7475061e-01   1.2782372e-01   0.0000000e+00  -1.0877069e-01  -9.3314562e-02  -2.3507118e-01   1.6523027e-01   7.6006888e-02  -2.1959425e-01   1.2459984e-01   3.5392675e-01   1.7195106e-01  -5.0882557e-02  -4.8309604e-02   9.9563516e-02  -1.2295729e-01   5.5323556e-01   6.7744525e-02  -1.7075432e-01   1.4070051e-02   2.9948574e-01  -7.5559426e-03  -1.8677879e-01  -7.0608154e-03  -1.5263048e-01   1.0417332e-01  -9.3089222e-03   1.3822538e-01  -1.6431999e-01  -1.0133325e-02  -1.3828201e-01  -1.8448600e-01   3.6659114e-01  -3.1457141e-01  -2.2247080e-02   4.1170150e-02  -6.5125180e-02   7.0699687e-02  -2.4940498e-01   1.6683642e-02   1.3984894e-01  -1.0838462e-01  -5.5824639e-02   3.3000414e-01   3.7351834e-01  -4.0381647e-02   3.0002913e-01  -2.9497757e-02  -1.4711656e-01  -2.0633560e-01  -2.6130506e-01  -2.7083769e-01  -2.0608200e-02  -3.9826189e-02  -1.3115926e-01   2.2218715e-02  -2.4238445e-01   3.1056930e-01  -2.0255727e-01  -2.2876589e-01  -2.4077459e-02   7.0832244e-02  -1.9836252e-01   1.0005856e-01   1.2584120e-01  -7.4092286e-02   3.7823915e-01  -2.6713156e-01  -5.0197854e-02   5.5025271e-01   9.0441876e-02   1.9321919e-01   3.4932807e-01   4.3875772e-01   1.9274611e-01  -9.2229435e-02   1.0677600e-01  -7.6853084e-02   3.1225186e-01  -2.1483539e-01  -1.1345950e-01  -1.4164245e-01  -9.6920106e-02  -7.5159540e-02  -8.1556523e-02  -4.8406073e-02  -2.8385829e-02  -3.2442283e-01  -2.1235192e-01   4.5267711e-01  -2.9681575e-01   6.2315697e-01   9.2548862e-03   2.2856495e-01   1.9742143e-01  -4.9246078e-02   3.3294614e-02  -4.6674055e-02   2.3946205e-01  -1.7794450e-01   4.2822632e-01   4.5701376e-02   2.6420716e-01   9.0253359e-02  -1.7800720e-01   4.2498106e-01   1.3295625e-01   4.4324879e-01   1.8162074e-01   1.1945181e-01  -1.2524619e-01  -2.9231342e-01  -1.1213084e-01   2.7139764e-01   3.6713372e-01  -9.2147767e-02   1.9534974e-02   1.2454684e-01  -1.6206593e-01  -1.9229740e-02  -2.3687919e-01   5.1459810e-02   7.3552405e-02   1.3793366e-01   1.8077505e-01   8.8525643e-02   3.1837273e-01   1.9301480e-02  -1.1803688e-01  -1.0883215e-01   8.6869966e-02   1.2751881e-01   3.2053036e-01  -7.5295315e-02   5.0967563e-01  -1.9138002e-01  -4.7418099e-03  -7.2850486e-02  -1.6719941e-01   4.4897772e-01   5.7894406e-01  -2.0139147e-01  -4.3280421e-02  -3.2571545e-01   8.8074818e-02   2.2216445e-01  -5.6382820e-03  -1.6620919e-01   5.8602401e-01  -3.7449560e-02   4.3760848e-02   5.1450509e-03   2.3013546e-01   3.5484247e-01  -2.1288371e-01  -2.0889239e-01   3.4329970e-01  -1.0118074e-01  -2.5565926e-02  -3.2138356e-01   7.5488228e-02   3.5310897e-02  -9.3250057e-02  -6.4043738e-02   6.9529557e-02   2.5071359e-01
