   0.0000000e+00  -1.2564164e-01   3.9874793e-01  -7.4421038e-02  -2.3117369e-01   1.9045642e-01   9.1509807e-02  -2.9702854e-01  -5.1645866e-02  -6.6520577e-02   1.5254708e-01   8.8267230e-02  -2.1019646e-01   9.9472853e-02   3.6589604e-01  -1.9280224e-01   2.2034207e-01   4.6929792e-02   1.6715364e-01  -2.0476192e-01  -2.5169626e-01   8.1070376e-02  -1.6247580e-01   4.7676579e-01  -1.3240339e-01   1.8121307e-02  -8.5334032e-03   4.0694694e-01  -1.0229752e-01   2.2209165e-01   7.7507602e-02  -1.9175773e-01  -3.1141799e-01  -2.2036997e-01   1.4640370e-01  -1.2216475e-01  -1.2016874e-01  -1.1403379e-01  -1.8431752e-01  -9.7136577e-02   5.1746428e-02  -2.1570475e-01  -2.3671052e-01  -3.1372419e-01   2.9302200e-01   4.6230072e-01   1.9848215e-01  -1.3652870e-01  -2.5157415e-01  -7.3036484e-02   1.5291243e-01  -1.6597481e-01  -2.4102132e-01  -1.3631709e-01   2.1114769e-01   1.2163002e-01   2.8535557e-01  -2.6600198e-01  -6.8636409e-02   1.9922257e-01   5.1846103e-01  -2.7676566e-04  -2.2540483e-01   1.8941662e-01   3.0932679e-02   2.8118889e-01   1.5944408e-02  -5.9552740e-02  -1.0390513e-01   5.1987779e-01  -3.0654939e-01   1.2055387e-02  -1.2152536e-01   3.6641407e-01  -3.0425528e-01  -4.5491018e-02   4.4718626e-01   1.3256411e-02  -7.4164007e-03  -3.2662779e-01   1.3786441e-02  -1.4277369e-01  -7.8712944e-02   1.6832643e-01   6.7228070e-01   9.3011145e-02  -1.5823274e-01   2.1998566e-01   2.2139539e-02   6.1659754e-01   3.7637363e-02   4.5293855e-01  -2.8916332e-01  -1.2198740e-01   6.8548742e-02  -2.2503428e-02  -2.7093234e-01  -7.1215308e-02  -9.9404282e-02  -5.3739160e-02   4.7957197e-01   2.8726774e-01  -1.9867070e-01   2.1755310e-01  -5.7921893e-02  -2.5069547e-01   5.9202060e-03  -8.9886237e-03  -2.0967090e-02  -3.6830461e-01  -1.5599828e-01   1.5239712e-01  -2.7404112e-03   3.5935680e-01   5.6967124e-01  -1.4993686e-01  -8.2033666e-02   1.6457414e-02   2.5351104e-01  -1.2856830e-01   4.6879991e-01   2.2754269e-02  -7.3427018e-02   2.4006930e-01   4.6608425e-01   3.7804674e-01   1.7363780e-01  -2.0721653e-01  -8.6146337e-02   4.3170757e-01  -2.2656936e-01  -1.7124272e-01   4.1038200e-01  -1.7910258e-01  -9.4328340e-02  -1.6268440e-01  -3.6498300e-01  -1.8319916e-01  -1.4133760e-01   1.1624152e-01   4.0744271e-01  -1.1977667e-01   9.0360895e-03   2.9315121e-01   2.1825922e-01  -3.5419342e-01  -5.9750481e-02  -6.2194319e-02  -2.0108312e-01  -1.5680671e-01   7.4504101e-01  -3.5664745e-01   3.6141104e-01  -1.1701200e-01  -1.0165395e-01   3.8958094e-01   4.7099450e-01   5.6196846e-02   4.5877486e-01  -1.8115151e-01  -1.1422074e-01   1.6804151e-01   1.5571255e-01   2.7633078e-02  -1.6973342e-01  -1.4002455e-01  -1.5073293e-01   1.6917522e-01   5.1622150e-01  -3.0097348e-01  -1.4632436e-01   6.1533351e-03   8.2839710e-02   2.2260179e-01  -3.0501264e-02  -1.4058978e-01  -1.0284154e-01
  -1.2564164e-01   0.0000000e+00  -5.1954666e-02  -1.6325140e-01   2.6400749e-01  -1.6144930e-01  -3.3491815e-01  -1.4663391e-02   5.4246135e-01  -3.3941194e-01  -4.7028916e-01   4.9464733e-01  -1.2493651e-01  -1.5295888e-01   3.7304125e-02   7.7285625e-02   1.3400207e-01  -4.8694450e-01  -3.3186614e-01   3.5312754e-01  -2.8854340e-01  -5.6084215e-01  -1.4484172e-01  -1.4353984e-01   4.3287468e-02  -4.2588037e-02  -1.8149313e-01   1.1297564e-01  -9.8227698e-02  -3.2551058e-01   4.0640104e-01  -3.2466680e-01   2.6716944e-01   4.5119053e-01   4.8936339e-02   2.2272867e-02  -1.9562953e-01  -3.4782508e-02   2.1900127e-01   2.2056581e-01   8.1513404e-02   2.1202432e-01   5.0409513e-01  -2.1204512e-01  -2.6347046e-01  -1.2632516e-01  -4.8987133e-01   4.2955645e-01   1.1597879e-01   1.7610925e-01  -6.0584326e-01  -7.3985517e-02   7.0566773e-01   3.8716005e-01  -1.5738587e-01  -1.6544905e-01  -1.8712227e-01  -3.4142920e-01  -2.1398323e-01  -2.4083662e-01  -2.3173706e-01  -9.4697256e-03   4.4757334e-01  -2.7128113e-01   4.6855274e-01  -3.8841116e-01   8.0067268e-02   7.8126825e-02  -4.1788860e-01  -3.5457442e-01   6.8380358e-01  -4.7098604e-01   6.0313351e-02   1.6992713e-01   1.0331081e-01  -3.4249358e-01  -1.0188056e-01   4.3966423e-02   5.7198994e-01  -1.8443982e-01  -4.6342492e-02  -5.3734753e-02   1.2639199e-01  -2.9929138e-01  -1.6148947e-01  -3.7456259e-01   5.3336429e-01  -9.6683366e-02   5.8162896e-01  -1.9497621e-01   5.5743422e-01  -1.9737801e-01   5.3230246e-01   5.8606264e-02  -1.4265876e-01   2.5801496e-01  -2.3004547e-01  -4.5944822e-02  -4.4495576e-02  -7.4083222e-02  -2.1445857e-02  -2.5875217e-01  -2.9408067e-01   2.8961765e-01  -3.0279259e-01  -2.6573693e-01   2.5866311e-01  -3.0661156e-01  -9.1440762e-02   3.7606911e-01   3.7203537e-01  -5.1446718e-01  -1.5035031e-01  -5.2218913e-02  -8.5247920e-02   5.9388999e-01  -7.0862158e-02  -3.0183386e-02  -3.9258544e-02  -2.1711004e-01  -3.3390115e-01   3.7828968e-01   3.1745993e-01   9.3834820e-02   3.3760124e-02  -3.2747636e-01   2.7575160e-02   2.4787735e-01  -5.0730294e-01  -2.1300573e-01   4.2488732e-02   3.7965461e-01   2.1803643e-02   4.9214802e-01  -1.2059822e-01  -3.9526133e-01   1.5443793e-01   2.4152623e-01  -2.7513549e-01  -1.5577618e-01  -1.4305999e-01   8.6379032e-02  -3.7306871e-01  -9.2211059e-02  -5.8809003e-02  -2.1156621e-01   4.8387520e-01   3.7622087e-01   3.8169634e-01   2.5759022e-01  -3.5944644e-03  -9.6802166e-03   5.8461654e-03   5.4261368e-01   6.1154394e-01  -1.5407687e-01  -3.5527192e-01  -2.6875784e-01  -1.3033800e-01  -1.8126002e-01   3.1842838e-01  -4.0005780e-01   5.2895477e-02  -5.9270020e-01  -6.0738311e-02   6.1903398e-01   4.6068240e-01  -4.6343762e-02  -3.8637606e-01   6.1916080e-01   5.8639479e-01  -4.0762872e-01  -1.6634371e-01   1.2247490e-01  -1.3502008e-01   1.7819193e-01  -1.7779123e-01
   3.9874793e-01  -5.1954666e-02   0.0000000e+00   2.8350413e-02  -2.3838051e-01   6.8747516e-01   3.0724546e-01  -2.8055162e-01  -3.9097974e-01   1.8851371e-01   3.5436350e-01   4.1426341e-01  -6.3935267e-02  -7.6193216e-02   4.4557791e-01  -2.3710777e-01   8.3994180e-01   3.7244623e-01   3.8472933e-01  -1.3909903e-01   5.1550335e-02   1.1200245e-02  -3.7142822e-02  -1.0087946e-01  -2.8624702e-01  -9.0685718e-02   3.3378759e-01   8.3041423e-02  -9.4310562e-02   2.5210339e-01  -6.9495123e-02  -1.4032760e-02  -3.4646357e-01  -2.4532057e-01   6.7578388e-02  -7.3239657e-03  -1.2195157e-01  -3.5401123e-01  -2.5597059e-01   3.5839389e-01   3.2668464e-02  -2.1112464e-01  -2.7017362e-01  -2.1769650e-01   3.9274403e-01   4.4580790e-01   4.1745335e-01  -1.5780327e-01  -3.7793685e-01   5.7952395e-02   4.6949395e-01  -2.9006574e-01  -5.2225557e-01  -7.4334268e-03   2.9488744e-01   1.0303141e-01   4.1926777e-01  -2.4291006e-01   2.2059024e-01   1.4062138e-01   6.2972104e-01   1.4467903e-02  -3.5059499e-01   3.0054141e-01  -3.3045270e-01   3.3286972e-01   5.5463962e-01  -6.9119682e-03   1.6101962e-01   7.5845916e-01  -4.3388999e-01   1.2513873e-01   4.8308032e-02   3.7964357e-01  -3.0806800e-01   8.1803014e-02   4.3922279e-01   6.8589329e-02  -3.6724442e-01  -4.0286553e-01  -6.5268640e-02   1.1064705e-03   3.2177647e-01   2.7636003e-01   5.8011522e-01   6.1228435e-02  -5.0427221e-01  -1.0959607e-01  -8.6576524e-02   1.8202004e-01  -2.4140602e-01   6.9574801e-01  -2.2943365e-01  -1.8485621e-01  -8.7734855e-02  -8.5497463e-02  -1.8652757e-01  -8.9551446e-02   5.0052242e-02   2.5455999e-02   3.9380488e-01   2.9195693e-01  -1.5370330e-01  -3.0603432e-02  -1.5367429e-01  -1.4877300e-01   2.3195335e-01   2.6465289e-02   5.2681542e-02  -2.2506792e-01   1.8258632e-01   2.5303596e-01   1.3743220e-01  -1.1025554e-01   3.4803662e-01  -5.1702340e-01  -3.8005943e-02   2.5490120e-03   4.6269708e-01   1.2951778e-01   3.1708893e-01  -1.7379687e-02   1.1276615e-01   1.2043390e-01   1.0208800e-01   1.3942856e-01   1.6707814e-01  -3.5038051e-01  -2.7008760e-03   7.5406283e-01  -2.1096380e-01  -1.8997002e-01   4.2329801e-01  -1.1744297e-01  -3.7336288e-03  -9.5207345e-02  -3.4167761e-01  -1.9676055e-01  -6.8136041e-02  -1.3364324e-01   2.6322198e-01  -2.8264744e-01  -4.6329919e-02   6.6355806e-01   2.8826392e-01  -3.1437303e-01   1.0394642e-01  -1.4796231e-01  -9.1044691e-02  -2.5813438e-01   4.3263842e-01  -3.2404032e-01   2.5281591e-01  -3.0552537e-01   2.2752215e-01  -2.7343643e-02   2.2166270e-01   2.1971093e-01   6.9448836e-01  -2.2496911e-01  -9.4133436e-02   2.6000696e-01   2.0538693e-01   2.5647826e-01  -7.6504133e-02  -3.5988845e-01  -3.0400763e-01  -1.3700693e-01   4.8475735e-01  -4.9306127e-01  -3.1568325e-01  -1.1641090e-01   1.6485582e-01   6.0684712e-01  -3.1147742e-02  -9.9587760e-02  -4.2908566e-02
  -7.4421038e-02  -1.6325140e-01   2.8350413e-02   0.0000000e+00   4.0825827e-02   1.1565089e-01   6.0402179e-02   1.4856431e-01   8.2050888e-02   4.5852301e-02   3.3905106e-01  -2.7462754e-01   4.6508754e-02   5.8099885e-02  -1.0008440e-01   1.4561517e-01  -3.6393371e-02   4.2824548e-01   1.7438063e-01   5.8132525e-02   7.6261345e-02   4.6314473e-01   2.1224896e-02  -2.0705968e-01   1.7404261e-01   2.3277690e-01   1.3021590e-01  -6.7694855e-02   1.9794768e-02   4.2662802e-01  -2.9370076e-02   5.4235079e-01   1.8439707e-01  -3.6282637e-01  -3.7917112e-02   1.9728404e-01   1.6674660e-02   1.0472913e-01   1.3268377e-01  -1.7089528e-01   8.3690241e-02   1.7975165e-01  -8.5103148e-02   5.2798148e-02   4.6256870e-01   9.2364911e-02   3.8831883e-01  -1.6931754e-01   6.2753027e-02  -2.3435991e-01   4.4897323e-01   2.1790153e-01  -2.2018286e-01   1.8685504e-01   1.2424049e-01   1.5301549e-01  -4.2725116e-02   5.7324074e-01   5.1039270e-01   2.6811643e-01   7.5279081e-02   1.5458462e-01   1.2553302e-01   1.6838788e-01   1.3568707e-01  -2.2648224e-02   2.1109740e-01   1.6431001e-01   4.8103270e-01  -8.5614476e-02  -1.9036748e-01   5.3978824e-01   8.3092362e-02   9.2014671e-02   2.2861255e-01   2.9376720e-01   1.1309952e-01   7.3600633e-02  -1.4835492e-01   2.7786261e-01  -2.7475327e-03  -2.1565484e-02  -2.1642688e-01   2.1470369e-01  -6.2163632e-02   2.0080997e-01  -7.3520259e-02  -8.1693373e-02  -1.5136914e-01  -5.0519385e-02  -6.6673923e-02   1.7388672e-01  -4.2613658e-01   4.2685263e-01   8.7117265e-02  -1.9974312e-02   2.5761710e-01   1.6696646e-02   3.5285344e-01  -1.6385538e-01  -1.4932318e-01   1.5480237e-04   1.1507092e-01   1.7686881e-01   3.1530971e-01   6.1383116e-01   2.3088358e-01   3.5124875e-01  -2.7805919e-02  -2.8715577e-01  -3.1482606e-01   3.7651477e-01   6.9650951e-01  -1.1307823e-01  -1.5850563e-01  -1.9511754e-01   1.9855156e-01   2.7932754e-02  -1.6517826e-01   8.1615324e-01  -6.3164157e-03  -4.5045866e-02   2.6887503e-01   2.8149973e-01  -2.0675908e-01  -1.4451764e-02   1.5065270e-01   2.1964515e-01   5.1598126e-01  -5.1070288e-02  -1.6594015e-01   5.7544707e-02   9.0079065e-02  -1.8865516e-01   7.0262567e-01   2.7369492e-01   1.4658832e-01  -5.7211552e-02   3.2974423e-01  -5.1816211e-02  -1.5626220e-02  -2.2446911e-01   3.5650260e-01  -1.2630682e-01  -2.0737605e-02   2.0923563e-01  -3.8560221e-01  -2.7703593e-01  -2.9430183e-01  -1.4515354e-01  -1.4936096e-01   5.9572575e-02   4.0394355e-02  -8.7772092e-02  -2.5998580e-01  -1.5343340e-01  -6.9022748e-02   5.5284155e-01   1.6664048e-01   2.0215801e-01   3.4621541e-01   1.7009669e-01  -2.2056026e-01   4.5210175e-01   6.3175145e-01  -2.3669443e-01  -2.4602991e-01  -2.3874947e-01   9.4363610e-02  -2.0693261e-01  -2.2963970e-01  -1.3081587e-01   4.5698871e-01  -1.2090783e-01   2.4739233e-01   2.4788264e-01   6.4362114e-01
  -2.3117369e-01   2.6400749e-01  -2.3838051e-01   4.0825827e-02   0.0000000e+00  -2.5013318e-01  -4.3070394e-01   3.6949080e-02   3.1913678e-01  -4.1103182e-02  -2.0615574e-01   3.5005923e-02   3.3671094e-01  -2.6531154e-01  -3.4195342e-01  -1.0799666e-02  -6.8750280e-02  -1.7400738e-01  -3.2539125e-01   7.7535414e-01   2.3075532e-02  -3.9850366e-01  -7.6167306e-02  -2.1602950e-01   2.1976870e-01  -1.2993739e-01  -5.3589987e-03  -3.6368974e-01  -3.8153610e-02  -4.0669193e-01   2.1393224e-01  -8.5278548e-02   1.8980470e-01   5.6208560e-02  -1.8095080e-01   4.6334946e-01   1.1464290e-01   2.1143714e-01   1.2040419e-01   5.6958352e-02   2.9706755e-01   2.8904521e-01   4.2255834e-01  -7.8777338e-02  -2.4122580e-01  -1.2273111e-01  -2.3091389e-01   2.1062925e-01   4.1146189e-01  -1.7304176e-01  -3.2887167e-01  -6.2621418e-02   4.0808472e-01   3.4435250e-01  -1.7384980e-01  -2.0736484e-01  -3.4340173e-01  -2.8465267e-02  -7.5994475e-02  -3.5586407e-01  -3.1450104e-01   1.5415751e-01   4.4879290e-01  -3.6371651e-01   3.4127881e-01  -1.5734943e-01   1.2101308e-01   7.8859403e-02  -1.3178787e-01  -4.7828762e-01   4.8627132e-01  -7.7305368e-02   1.6714989e-01  -2.0951818e-01   3.8593576e-01  -1.8456884e-01  -2.0167657e-01  -6.1182954e-02   4.0383694e-01   3.9120890e-01  -3.2803360e-01   4.8049461e-02   4.0386379e-02  -3.7166873e-01  -4.3132685e-01  -2.7583525e-01   2.9653626e-01  -2.5050031e-01   2.7465668e-01  -3.5038797e-01   4.1417772e-01  -2.2705724e-01   3.4418600e-01   7.7598839e-02   1.2792236e-01   5.8408647e-01   8.6924643e-03  -1.2064339e-01   1.9803074e-01  -1.4168328e-01  -3.7896872e-01  -5.0881928e-01  -1.3567600e-01   4.4194364e-02  -9.6778057e-02   7.9672580e-02   3.2601232e-01  -2.0033684e-01   2.0365392e-01   5.3563601e-01  -3.0909457e-03  -4.1738159e-01   5.2740584e-02  -1.7790460e-01  -4.5853120e-01   4.9697261e-01   1.2622023e-01   3.3757709e-01  -2.5714685e-01   2.6233184e-02  -4.0268365e-01   5.2276479e-01   1.6882580e-01   5.3751199e-02  -7.6081046e-02  -5.1571733e-01  -5.1356505e-02   4.3005922e-01  -1.7374105e-01  -4.1260231e-01   1.6080385e-01   2.8377509e-01  -4.0552522e-01   3.5244643e-01  -5.4306455e-03  -2.0062769e-01   3.6988786e-01   2.1290462e-03  -1.0343601e-01  -7.2645376e-02  -3.6734383e-02   3.0276449e-01  -2.5433465e-01  -4.3935486e-01  -4.9693430e-01   1.2985824e-02   7.6472121e-02   4.6798249e-01   3.8828356e-01   2.0131858e-01  -4.2088924e-01  -2.1448025e-02  -1.6820734e-01   3.6028186e-01   3.2148742e-01  -1.7743002e-01  -4.5865514e-01  -4.3726527e-02  -2.7616311e-01  -1.2848562e-01   1.5845280e-01  -2.4517253e-01   1.0798990e-01  -1.7645512e-01   7.4879010e-02   3.3535112e-01   4.7760883e-01  -1.8975102e-01  -2.7549553e-01   5.4986316e-01   4.3038407e-01  -1.0253536e-01   1.6876403e-01  -2.7651441e-01   6.0260780e-02   4.0440846e-01  -3.1570258e-02
   1.9045642e-01  -1.6144930e-01   6.8747516e-01   1.1565089e-01  -2.5013318e-01   0.0000000e+00   4.6063286e-01  -1.0588614e-01  -5.0120002e-01   3.2068042e-01   4.0770035e-01   2.0912897e-01  -1.2753300e-03   1.1201274e-01   2.9643612e-01  -8.1814454e-02   6.2008351e-01   5.2700045e-01   5.2604059e-01  -2.0886629e-01   1.7333479e-01   2.0339524e-01  -3.0214235e-02  -1.1536706e-01  -2.3327929e-01  -2.4671995e-02   5.7754378e-01   1.9144116e-01  -2.2213103e-01   4.5877735e-01  -1.9870347e-01   4.4410350e-03  -2.8616454e-01  -3.8623647e-01   2.2340544e-01   1.4025514e-03   5.6639969e-02  -3.3989723e-01  -1.0029503e-01   3.5954325e-01  -1.0133725e-01  -3.1066282e-01  -3.6441535e-01   9.4782528e-02   4.4516182e-01   2.3363147e-01   5.1697428e-01  -4.1858638e-02  -2.3042823e-01  -1.4343594e-01   5.4605598e-01  -1.8954931e-01  -5.8772826e-01  -5.3854597e-02   2.9886295e-01   3.6499440e-01   5.4164644e-01  -1.0643827e-01   1.7541551e-01   1.8869687e-01   4.8413116e-01  -7.9246418e-02  -4.9512730e-01   4.3643599e-01  -3.2222591e-01   4.8867018e-01   7.7555568e-01  -1.2742771e-01   3.7085536e-01   6.9605670e-01  -5.5760595e-01   2.0575298e-01   9.9160927e-03   4.0438524e-01  -2.3840853e-01  -7.3407663e-02   3.1107066e-01   1.9653342e-01  -5.6054274e-01  -2.9606678e-01   9.7108114e-02  -2.3527124e-02   3.8629641e-01   4.2325474e-01   5.2144832e-01  -5.6704273e-02  -4.9196832e-01  -1.2296274e-01  -2.7424014e-01   2.7068305e-02  -4.6263802e-01   5.4012836e-01  -4.3939640e-01  -7.6029072e-02   2.9144038e-03  -9.7493348e-02  -2.6283929e-01  -2.7681695e-02  -1.9903572e-02   7.7978729e-02   3.1184122e-01   4.2575911e-01   1.0219236e-01  -4.4919313e-02  -1.7265930e-02  -1.4371072e-01   1.7815517e-01   2.5776078e-01   3.2391043e-02  -1.7421492e-01   9.8185463e-02   4.3741290e-01   1.3057959e-01  -7.4879773e-02   3.6932295e-01  -6.4399584e-01   1.7537718e-02  -8.6442309e-02   5.6686455e-01   2.3565258e-01   4.4939055e-01  -2.0392785e-01  -5.1896492e-02   1.9211108e-01   2.5155373e-02   3.1659006e-01   9.5177083e-02  -3.3950053e-01  -4.0204591e-02   7.7087423e-01  -1.3913559e-01  -3.5337576e-01   4.2613746e-01  -3.0541515e-01   1.7758057e-02  -1.6828591e-01  -3.7715092e-01  -1.3135786e-01  -1.4652735e-01  -1.8196260e-01   1.3259424e-01  -1.1694051e-01   4.9578453e-02   7.1313531e-01   1.7794993e-01  -1.3593616e-01  -2.3543597e-02  -9.8339884e-02  -1.0593534e-01  -2.2984825e-01   3.3855585e-01  -5.8018050e-02   2.8807738e-01  -3.6459792e-01   1.4278506e-02  -6.4124374e-02   2.2957608e-01   5.1416927e-02   5.5724609e-01   8.2090864e-02  -1.5471127e-01   3.6835545e-01   1.7199666e-01   3.6654010e-01  -1.9249693e-02  -6.1445115e-01  -3.6647662e-01   6.0902502e-02   4.6128258e-01  -6.4171427e-01  -5.0514939e-01   3.4348799e-03   2.1142313e-01   7.1780819e-01  -1.2356440e-01  -2.0432622e-01  -4.9113895e-02
   9.1509807e-02  -3.3491815e-01   3.0724546e-01   6.0402179e-02  -4.3070394e-01   4.6063286e-01   0.0000000e+00   2.4673892e-02  -4.4117394e-01   3.2069141e-01   2.8231449e-01   1.8614960e-01  -1.4355374e-01   3.2759280e-01   4.1256329e-01  -1.4471679e-01   1.3424866e-01   4.9892610e-01   1.8920816e-01  -4.5195105e-01   3.5823634e-01   4.0309426e-01   5.1999860e-01   8.3326832e-02  -5.2906430e-02  -2.0067943e-01   3.2047300e-01   1.9591413e-01  -5.7487967e-02   4.7369293e-01  -1.8471757e-01   3.3256843e-02  -2.9084027e-01   1.0943711e-01   4.1104354e-01  -1.3292009e-02   4.0754821e-02  -2.5619367e-01  -2.7459278e-01  -4.6613071e-02  -3.6617813e-01  -4.0352773e-01  -5.1289144e-01   7.0780733e-02   3.6705817e-01   8.3021269e-02   4.6235726e-01  -1.7333211e-03  -2.4850478e-01  -4.6616962e-03   5.5256795e-01  -1.8442580e-01  -4.8823199e-01  -1.6347221e-01   4.3002115e-01   7.7120777e-02   2.5134952e-01  -1.0731044e-02   1.1232168e-01   2.9389075e-01   2.7318623e-01   8.5553155e-03  -5.6643343e-01   4.5032157e-01  -3.6682295e-01   5.2944121e-01   1.7191442e-01   9.2474795e-03   2.4178286e-01   3.8592922e-01  -5.8600115e-01   4.3572654e-01  -2.1356307e-01   1.6945055e-01  -1.8425345e-01   9.6427136e-03   8.6496261e-02  -1.2990045e-04  -5.1343881e-01  -3.0508818e-01   4.8964899e-01  -1.5468150e-01   2.3215314e-01   1.4774162e-01   2.2500073e-01   6.2145663e-02  -3.2857940e-01   1.4089922e-01  -4.0337570e-01   6.9671056e-02  -5.7738955e-01   2.5959634e-01  -2.8161999e-01  -3.1654156e-01  -1.4928885e-02  -2.8017370e-01  -5.0698585e-02  -3.5873055e-03  -1.6516060e-01   4.4103724e-01   1.9916310e-01   5.8009579e-01   4.0827643e-01  -6.1762014e-02   3.4085765e-01  -7.2810616e-02  -9.6656675e-02   1.7385500e-01   1.0272647e-04  -2.3240230e-01   3.2571721e-01   5.0287295e-01   8.5062526e-02   4.7499115e-02   3.4269290e-01  -5.8570368e-01  -2.5788655e-01  -2.8294796e-01   2.3209819e-01   1.2424624e-01   2.3487641e-01  -3.2658751e-01  -1.7355259e-01   1.2643385e-01  -5.1889710e-02   4.9359647e-01   2.6460174e-01  -3.4056688e-01   8.3441543e-02   3.7271125e-01  -2.5257711e-01  -4.1961686e-02   2.6384992e-01  -3.2888634e-01   4.2404908e-02   2.1894890e-02  -2.9440653e-01   1.1667649e-01  -5.2101657e-02   1.9930969e-02   1.9536581e-01  -2.1375268e-01   2.8153286e-02   4.8507557e-01   4.1737508e-01   2.4142589e-01  -5.6946787e-03  -4.1543604e-01  -1.1589674e-01  -2.0739044e-01   1.3546484e-01   3.0935230e-01   9.6034120e-02  -3.6711247e-01  -3.7692177e-01   5.0755245e-02   2.6663370e-01   1.6907256e-02   2.3785393e-01   2.6470108e-01  -9.7222972e-02   1.6168321e-01   5.6890283e-02   4.5298352e-01  -2.3675301e-01  -4.4666319e-01  -3.0121352e-01  -9.3316381e-04   2.2130473e-01  -6.6656527e-01  -4.9464397e-01  -2.4724986e-02   2.4629675e-01   3.0398047e-01  -1.7083741e-01  -2.8266386e-01  -2.1543197e-02
  -2.9702854e-01  -1.4663391e-02  -2.8055162e-01   1.4856431e-01   3.6949080e-02  -1.0588614e-01   2.4673892e-02   0.0000000e+00   2.3677979e-01  -6.9965843e-03   1.0047025e-01  -2.7390930e-01   7.3530371e-02  -6.7261003e-02  -1.4544530e-01   1.8846577e-01  -2.0228559e-01   4.3733734e-02  -6.2443455e-02  -2.5399267e-02   2.1598807e-01   1.3140262e-01   6.5419688e-02  -1.9120888e-02   1.3469482e-01   2.4870889e-01   1.4606349e-01  -8.3738648e-02  -5.7612033e-02   1.8525010e-02  -9.2454662e-02   2.4516876e-01   3.7194093e-01   8.4851277e-02   3.4825084e-02   1.4787567e-01  -3.6797693e-02   1.0053741e-01   2.6302847e-01  -1.5026360e-03  -3.1437333e-02   6.3622145e-02   5.9053424e-02   7.5253311e-01  -9.9618702e-02  -6.1758895e-02   1.0095163e-01   2.4665377e-01   4.2421696e-02  -2.3675263e-02  -4.7108800e-02   3.3717099e-01   1.0908168e-01  -1.7390721e-01  -1.4852953e-01   2.6065026e-01  -2.9017743e-02   2.5661413e-01   2.0772066e-01   1.1767853e-01  -2.1109207e-01  -9.3627178e-02  -1.3868275e-01   4.3583969e-02   2.6562415e-02   3.4226035e-02   5.3097615e-02  -1.0149022e-01   3.5158412e-01  -2.5502031e-01   9.3312174e-03   1.0689399e-01  -8.7537453e-02  -1.0876893e-01   1.0095853e-02   1.5317029e-02  -1.1710814e-03   2.8173758e-01   3.4580505e-02   5.8718222e-02   2.4560157e-01  -1.8269445e-01   2.7828319e-02   2.4277251e-01  -3.5614419e-01  -8.9596586e-02   9.5205701e-02  -7.5641361e-02  -7.5659039e-02  -4.5135608e-02   3.4567943e-02  -3.0595427e-01  -6.5368076e-02   3.0602243e-01   2.4479713e-01  -4.3915408e-02  -6.9317541e-02   2.1937552e-01   2.7201412e-02  -9.5483672e-02  -3.1346736e-01  -2.5110465e-02   2.0224298e-01   1.1137226e-01   2.8117321e-01   3.9359492e-01  -2.2145092e-01   5.0529456e-01  -1.7450334e-01   7.9007432e-02  -1.5635796e-01   8.3149972e-02  -3.4083330e-02   9.1509664e-02  -2.4402169e-01   7.8340014e-02   2.1328170e-01  -2.0847785e-01  -9.3095821e-02   7.3257259e-02  -2.4142013e-02  -5.5717289e-02  -1.1374980e-02  -4.3043525e-02  -1.0513043e-01  -4.6585377e-02  -2.1851914e-01  -1.2115950e-01   1.2374536e-01  -2.3301041e-01  -7.7699308e-02   3.4387465e-02  -2.0017025e-01   2.4690389e-02   1.1823792e-01   1.7881734e-01  -9.4746619e-02   2.2840074e-01   1.0922572e-01   1.4605372e-01  -4.5822866e-02  -3.9029312e-02   1.0593673e-01  -1.8797732e-01  -2.3624180e-01   2.8945184e-01  -1.5903680e-01   7.1035411e-03  -2.2703743e-02   2.7122410e-02  -3.1255796e-01   4.9350054e-01  -1.3477123e-01   1.7729850e-01  -1.0354147e-01  -7.9593697e-02  -1.8910097e-01   7.2209409e-02  -2.0172061e-01   4.9328613e-01   3.5477652e-02   3.6020703e-02   1.1749151e-01   1.2763857e-01   2.3663417e-01   2.3484060e-02   1.6274418e-01   2.3026426e-01  -2.3757980e-01   2.7558945e-02   8.3746843e-02  -7.6728665e-02   2.5095195e-02  -1.7170973e-01  -9.5859312e-02  -1.4276733e-01   2.6203684e-01
  -5.1645866e-02   5.4246135e-01  -3.9097974e-01   8.2050888e-02   3.1913678e-01  -5.0120002e-01  -4.4117394e-01   2.3677979e-01   0.0000000e+00  -4.3801491e-01  -4.1630487e-01  -3.4056825e-03   1.1880787e-02  -2.5721965e-01  -1.8208957e-01   2.2441591e-01  -2.9927493e-01  -5.2946214e-01  -4.6380888e-01   4.3643998e-01  -3.2466791e-01  -3.3607797e-01  -1.1063213e-01   4.1888898e-02   1.0999340e-01   2.1689766e-01  -2.2119135e-01  -6.5198864e-02  -2.1798437e-02  -2.1287657e-01   2.7966207e-01   5.5918589e-02   4.6078035e-01   3.2592581e-01   8.3822320e-02   2.3241171e-01  -1.5073214e-01   3.1293462e-01   3.6299541e-01  -3.2341939e-02   1.5393373e-01   3.0807641e-01   5.8486861e-01  -7.9502768e-02  -2.7524792e-01  -4.7146817e-02  -4.1353706e-01   4.2463210e-01   2.4853623e-02   1.8254937e-02  -6.0126458e-01   2.3048341e-01   7.1532135e-01   2.5882343e-01  -2.6563151e-01  -1.4831867e-01  -4.1202474e-01  -7.2892610e-02  -3.0899476e-03  -1.3666785e-01  -3.5075172e-01  -2.1067023e-02   5.6029360e-01  -3.0666479e-01   6.2932206e-01  -3.8407230e-01  -2.6509508e-01   3.7249279e-02  -2.6490033e-01  -5.2278803e-01   5.6314718e-01  -2.8371433e-01   8.0753671e-02   3.1751972e-02   1.2698373e-01  -1.0648035e-01  -8.7642115e-02  -9.5106928e-02   7.1494210e-01   3.6941761e-02  -8.4991782e-02  -7.6670650e-02  -2.6177406e-01  -2.6846658e-01  -2.9597600e-01  -1.9726194e-01   7.0043788e-01  -5.3676542e-02   5.3094961e-01   8.1922211e-02   6.4828323e-01  -4.4329745e-01   3.6788017e-01   3.1704125e-01   2.5608238e-01   1.1655070e-01  -1.5300391e-01   2.2828880e-02  -4.7676332e-02  -1.3707648e-01  -1.9801393e-01  -3.8928920e-01  -2.3772765e-01   4.6536422e-01  -1.4446929e-02   1.3647882e-01   2.6479723e-02  -1.1082451e-01  -4.7755947e-02   2.3621512e-01  -9.0622269e-02  -4.7794252e-01  -7.3065845e-02   1.8905166e-01  -2.4529783e-01   7.2927008e-01   1.7674695e-02   8.3649411e-02  -3.4424666e-01  -7.5969418e-02  -3.7715378e-01   3.6150944e-01   2.7525324e-01   1.3753999e-01   1.0449578e-01  -2.9577814e-01  -8.1042775e-02   2.4627408e-01  -1.5166107e-01  -4.9622479e-01   4.8697286e-02   3.5572061e-01  -2.0637303e-01   3.5805072e-01   6.1463019e-02  -1.2263919e-01   1.6376742e-01   1.4185542e-01  -2.9187526e-02   2.7104562e-01   1.9059242e-03   8.8625480e-02  -1.2099421e-01  -5.0868701e-01  -2.7837486e-01  -3.2594447e-02   1.8090584e-01   2.9633738e-01   1.6671065e-01   2.3980098e-01  -1.1292764e-01   1.7376947e-02  -6.5935568e-02   6.1715457e-01   2.6342534e-01  -1.4542634e-03  -2.8024772e-01  -3.2953462e-02  -4.0813215e-01  -1.2659266e-01   2.4413262e-01  -3.0029644e-01  -3.3650271e-02  -4.0409214e-01   2.2294371e-01   5.7570726e-01   4.9863109e-01  -5.7461638e-02  -4.4671900e-01   5.6823710e-01   5.6866462e-01  -2.9498820e-01  -1.2174164e-01  -4.1126621e-01  -1.5899734e-01   2.0381160e-01   1.2709622e-01
  -6.6520577e-02  -3.3941194e-01   1.8851371e-01   4.5852301e-02  -4.1103182e-02   3.2068042e-01   3.2069141e-01  -6.9965843e-03  -4.3801491e-01   0.0000000e+00   2.8361967e-01  -1.3489838e-02  -6.1966308e-02  -3.3167494e-02  -1.0255603e-01  -9.2539010e-02   4.8948192e-02   4.0830129e-01   9.9873275e-02  -3.0767832e-02   3.1313935e-01  -3.5010849e-03   2.3422976e-01  -1.7892408e-02  -5.0667625e-02  -1.2517889e-01   3.2897475e-01  -2.4329178e-01  -2.8598508e-02   1.0270997e-01  -3.6335798e-01   1.4655448e-01  -9.0204590e-02  -1.1905892e-01   1.3963864e-01   2.7520290e-01   2.3984372e-01  -2.0259139e-01  -2.1286168e-01   6.2697855e-02  -4.0404033e-02  -4.3869876e-02  -2.3547540e-01   6.6376646e-02   6.2386503e-02   3.5291857e-02   3.2529859e-01   1.6598522e-03  -1.0130942e-01  -2.1040165e-01   3.8141956e-01  -2.1958034e-01  -3.5423271e-01  -1.1640710e-01   5.7158023e-02  -5.8312166e-02   1.5468869e-01   8.7974278e-02   1.8598347e-01   1.0758503e-01   6.6534599e-02   1.0662277e-01  -3.5687391e-01  -2.8111461e-02  -3.7351470e-01   3.6920694e-01   1.3828830e-01  -2.9748114e-01   1.9258835e-01   2.7665153e-01  -3.1873623e-01   2.6713114e-01   3.9970380e-02  -1.1589023e-01  -1.2675535e-02   1.0116547e-01   4.4123374e-02  -1.2384657e-01  -4.2530433e-01  -5.1040764e-02  -1.8165505e-02   8.6355232e-02   1.4866392e-01  -2.4656688e-02  -6.1537386e-02   1.4712173e-01  -3.1901152e-01  -1.6834019e-01  -3.7638092e-01   2.7745746e-02  -3.8288876e-01   2.8626235e-01  -1.5803486e-01   8.4104423e-03  -2.3934612e-01   1.6966670e-01   8.6133227e-02  -1.0741451e-01   8.8152185e-02   2.8424828e-01   2.2666792e-02   1.4865070e-01   9.3799730e-02  -2.3548616e-01   1.1498522e-01   1.7063387e-01   2.7458680e-02   1.7563792e-01   7.8920322e-02  -2.2922707e-02   1.4397245e-01   1.7917222e-01   6.1237033e-02  -2.0403461e-01   3.4742144e-02  -4.1195515e-01  -1.3676535e-01  -7.8293280e-02   5.3629225e-02   1.3188157e-01   1.5246104e-01  -1.6145957e-01  -2.5821050e-01  -1.5769886e-01  -2.4269268e-02   2.1238845e-02  -1.0720538e-02  -1.5557634e-01   2.5499258e-01   2.1368250e-01  -1.2887033e-01  -2.2377387e-01  -9.0847770e-02  -1.7899761e-01   2.4110332e-02   1.3820000e-01  -1.0507985e-01  -5.6802696e-02   1.6954052e-01  -2.6828543e-01   1.2678637e-01  -1.9723774e-01   1.3321573e-01   2.3197456e-01  -3.2251055e-03  -4.8450775e-02  -2.6320148e-02  -4.2842917e-03   4.5663183e-02  -4.2189133e-02  -7.9220484e-02   4.0852466e-02  -1.3831133e-01  -3.0450086e-01  -1.7160134e-01   2.6050930e-02   2.1910494e-02   1.4832210e-01   9.4631919e-02  -3.3541630e-02  -2.5817020e-01   1.8094633e-01   3.4394393e-01   3.3420825e-01  -5.3584191e-03  -4.0749064e-01  -2.7808167e-01  -1.9908993e-01   8.9142090e-02  -3.7219415e-01  -3.4772414e-01   1.6519621e-01   2.3909968e-01   1.2919611e-01   1.2637496e-01   8.6334711e-02   8.3795507e-02
   1.5254708e-01  -4.7028916e-01   3.5436350e-01   3.3905106e-01  -2.0615574e-01   4.0770035e-01   2.8231449e-01   1.0047025e-01  -4.1630487e-01   2.8361967e-01   0.0000000e+00  -2.4478408e-01  -9.4184303e-02   6.4745220e-02   2.1281990e-01   2.0688247e-02   1.5783544e-01   6.6285337e-01   4.2189870e-01  -3.5465748e-01   1.9768899e-01   4.8205519e-01  -1.2316655e-01  -6.0631093e-02  -3.4267587e-02   3.2842832e-02   1.9323364e-01   9.5050643e-03   6.9392198e-02   5.5142050e-01  -1.7409992e-01   3.8569091e-01  -1.8945557e-01  -6.2017455e-01   1.1596406e-04   1.4286960e-01  -1.4284205e-01  -2.7566184e-01  -2.0922630e-02  -1.6935458e-01  -6.0506432e-02  -1.8700142e-01  -5.4273473e-01   2.6273349e-01   4.1607395e-01   2.3130252e-01   8.3673000e-01  -3.1349574e-01  -1.6578593e-01  -2.2006696e-01   6.8995362e-01   5.2615557e-02  -6.1785918e-01  -2.9204874e-01   4.3029381e-02   4.6261420e-01   4.0501922e-01   3.2830871e-01   3.3091769e-01   3.0175206e-01   2.8877040e-01   1.1294113e-01  -2.9822168e-01   4.9206687e-01  -1.8339768e-01   4.4083236e-01   2.4443959e-01   3.7941667e-02   7.5675339e-01   4.0436226e-01  -6.6110363e-01   5.5459638e-01   1.0111357e-01   3.0214479e-02  -9.5288410e-02   2.3520667e-01   2.0037526e-01   6.6653004e-02  -4.7133775e-01  -2.4024337e-02   2.9977864e-02   5.8405220e-02   2.0322799e-01   4.2868973e-01   2.6940989e-01   3.6855275e-01  -5.4326802e-01  -1.2220423e-01  -3.0531772e-01   8.8199385e-02  -4.1998557e-01   4.2900854e-01  -6.9799898e-01   7.4080437e-02  -8.3508812e-02  -9.5545767e-02   6.1492915e-02  -1.3222089e-01   2.3576787e-01  -2.6363059e-01   7.4812891e-02   4.7053150e-01   6.1962433e-02  -8.0213842e-02   3.3275974e-01   3.2230281e-01  -6.8392364e-02   4.5657207e-01  -8.7327349e-02  -4.1026646e-01  -3.4753995e-01   6.1622002e-01   3.7902155e-01  -1.2463089e-01   1.1529991e-01  -5.7351291e-01   1.8755608e-01  -8.8112513e-02   2.0934879e-01   3.7966667e-01   5.0620377e-01  -1.9253445e-01  -1.5288829e-01   2.9126486e-01  -8.0785644e-02   3.3711865e-01  -4.1795735e-02  -2.1694791e-01   5.6430113e-01   3.8489470e-01  -1.1368098e-01  -1.7625728e-01   7.1459530e-02  -3.5557886e-01   3.6332300e-01   2.9583733e-01  -2.5524421e-01  -2.5281066e-01   2.9501989e-01  -1.5459334e-01   2.8225530e-01  -2.7519856e-01   5.4814381e-01   2.1581415e-01   2.0996625e-02   6.1203442e-02  -5.5565098e-01  -3.3895509e-01  -4.6718824e-01  -2.6799495e-01   1.4705905e-01  -8.5266639e-02   1.1662012e-01  -2.8738806e-01  -4.1710754e-01  -7.7484382e-02   2.7356355e-01   3.5000777e-01   4.1028523e-01   1.5636526e-01   1.9661337e-03   6.1698698e-01   1.7216143e-01   7.3433946e-01   2.9312578e-01  -5.5850599e-01  -2.6964858e-01   1.4048820e-01   4.4558720e-01  -6.0651136e-01  -5.0648191e-01   1.6591295e-01   4.7289835e-01   1.5681339e-01   1.4057282e-01  -8.1985346e-02   3.3629168e-01
   8.8267230e-02   4.9464733e-01   4.1426341e-01  -2.7462754e-01   3.5005923e-02   2.0912897e-01   1.8614960e-01  -2.7390930e-01  -3.4056825e-03  -1.3489838e-02  -2.4478408e-01   0.0000000e+00  -1.3312630e-01  -2.0983154e-01   3.8556362e-01  -7.3112745e-02   4.5851013e-01  -1.6844983e-01  -1.7705095e-01   1.8197157e-01  -9.9046861e-02  -3.7393629e-01   2.1735129e-02  -1.3826292e-01  -7.2744448e-02  -2.3910393e-01   8.4059003e-02  -3.2716877e-02  -2.4482721e-02  -1.2467868e-01  -9.7063940e-03  -3.9550883e-01   2.1543577e-02   3.5326416e-01   2.8570652e-01  -5.7804103e-02  -5.2313766e-02  -1.5634435e-01  -7.5822187e-02   4.0620156e-01   3.5979299e-02   1.1638512e-01   1.0387757e-01  -3.1724222e-01   8.2375072e-02  -4.9512554e-02  -1.4977080e-01   1.9083180e-01  -2.7180857e-01   4.0328531e-01  -1.7560447e-01  -3.7692937e-01   1.1123453e-01   2.6081408e-01   5.3218072e-03  -2.6015859e-01   7.4685012e-02  -5.5663669e-01  -3.8517326e-02   2.4524205e-05  -1.0223537e-02   1.0093782e-02   6.0170705e-02  -2.2023720e-02  -1.1556766e-01   8.8816219e-02   2.5229624e-01   5.2754132e-02  -3.1752622e-01   1.2894436e-01   1.5270939e-01  -2.9615043e-01   2.6902494e-02   1.7335032e-01  -1.0672372e-01  -2.5614688e-01  -6.8356725e-02   5.0541927e-02   1.8548784e-01  -3.0957039e-01  -1.0682783e-01   4.9029479e-02   2.9255848e-01  -1.0038822e-01   2.0521992e-02  -2.7029667e-01  -9.5120076e-03  -1.6137166e-01   2.6516843e-01  -6.6676942e-02   1.9581827e-01   7.0770445e-02   4.1652396e-01  -3.4685421e-01  -2.4516059e-01   1.4490879e-01  -1.8812662e-01  -1.5426781e-01  -1.2691964e-01   2.1892010e-01   2.5344551e-02  -2.7515542e-02  -2.5087765e-01   1.7890009e-01  -3.7267937e-01  -4.1390894e-01   2.7943186e-01  -2.7351050e-01   1.6889212e-01   1.6296144e-01   5.1451938e-01  -2.2088740e-01  -2.1615659e-01  -5.7155378e-02   8.3033322e-02   5.9172595e-02  -2.3107543e-01   5.1901486e-03   1.5983974e-01  -3.0248953e-01  -1.4270174e-01   3.7868107e-01   1.6595535e-01  -1.1589194e-01   2.8582428e-02  -5.2262232e-02   1.2453578e-01   7.1505494e-02  -3.9505597e-01   2.0753669e-01  -1.0221855e-01   8.5473669e-02   2.3985707e-01   9.7286942e-02  -3.1427528e-01  -3.2664935e-01   3.4829272e-02  -3.2775035e-02  -3.1540222e-01  -1.9033591e-01   6.6047043e-02  -6.6537000e-02  -3.9740597e-01   3.5769505e-01   2.4330381e-01  -3.7658477e-01   5.6840441e-01   1.8043179e-01   4.2268213e-01   1.5906513e-01   3.4003638e-02  -1.8437817e-01  -4.0929801e-02   1.2039159e-02   5.8461894e-01  -3.3957549e-02  -1.1647911e-01  -9.0074675e-02   1.0307481e-01  -3.5274456e-01   5.9725423e-02  -1.3615329e-01   2.9175314e-01  -3.2130147e-01  -3.4474388e-01   3.2854149e-01   2.7340177e-01  -2.3409750e-02  -9.2102229e-02   1.1528096e-01   2.8622454e-01  -2.3627193e-01  -1.6391943e-01   3.3725157e-01  -9.3416538e-02   1.4045771e-01  -2.7616248e-01
  -2.1019646e-01  -1.2493651e-01  -6.3935267e-02   4.6508754e-02   3.3671094e-01  -1.2753300e-03  -1.4355374e-01   7.3530371e-02   1.1880787e-02  -6.1966308e-02  -9.4184303e-02  -1.3312630e-01   0.0000000e+00  -1.0217899e-02  -2.5445752e-01  -1.8891083e-03   3.9912051e-02   1.2414479e-01  -2.7905374e-02   3.0046930e-01   2.2253165e-01   2.6077422e-02   2.2113089e-01  -3.2346849e-01   1.2939268e-01   1.0240192e-01   2.3214219e-01  -2.0174450e-01  -1.3139718e-01  -1.1873194e-01  -9.4747679e-03   7.7805518e-02   7.0877247e-02  -1.0218996e-01  -7.5291283e-02   2.1684796e-01   2.3389088e-01  -1.3567326e-02   1.1793061e-01   1.6700481e-01   5.4913332e-01   3.0547048e-02   1.4145667e-01   9.8201039e-02  -4.6205888e-03  -1.3894233e-01  -1.2191153e-01   8.7461150e-02   1.6664273e-01  -7.6662054e-02   1.2321194e-02   1.0420852e-01   3.1873023e-02   8.9329094e-02  -9.1268343e-04  -6.4308477e-02  -1.3132182e-01   1.7826328e-01   1.8177900e-01  -1.0964744e-01  -1.4288746e-01   3.4365132e-02   1.2530753e-01  -8.8769895e-02   2.6961654e-02  -1.1690392e-01   1.1403010e-01   1.9596940e-01   2.5111466e-02  -1.2045460e-01   1.1335269e-01   9.3518146e-02   4.0648558e-01  -1.8377425e-01   1.8444809e-01   1.1207173e-01  -2.1009255e-01   1.4491969e-02  -3.6903577e-02   3.6216058e-01   1.4785686e-02   2.5547993e-01   5.1479650e-02   3.7045116e-02  -2.5886880e-01  -1.1723588e-01   8.0685640e-02  -1.6173591e-01   1.3745647e-03  -3.2924310e-01   1.7013377e-02  -1.9193777e-01   7.5754463e-02   5.2287703e-02   1.3235131e-01   8.8385104e-02   1.5924448e-01  -1.6687878e-02   2.8211082e-01   7.2464413e-02  -2.3767919e-01  -1.6150896e-01   1.7641004e-01  -1.4540860e-01   6.4444587e-02   1.5268702e-01  -1.5400473e-03  -4.5663234e-02   2.0723388e-01   2.4590982e-01   2.2993955e-02  -3.0404199e-02   1.5474613e-01  -1.5846151e-01  -1.9242328e-01   3.1814215e-02   1.3859439e-01   6.6423681e-01  -3.5110610e-02   1.1004928e-01  -3.7764724e-01   9.1361368e-02   2.1567150e-02  -1.6065380e-02  -2.8646552e-01  -2.6493084e-01   5.1550267e-02   3.8925493e-02   6.4899633e-02  -6.5088704e-02   4.1534246e-01   1.3433715e-01  -1.4680946e-01   1.8500639e-01   4.0054387e-02   7.1314550e-02   2.0657097e-01   1.0306497e-01  -3.8071396e-04  -9.6030175e-02  -3.0834907e-01   5.1560697e-01  -1.7407653e-01  -1.1608380e-01  -1.9478476e-01   1.9490423e-01   5.8036498e-02   2.0932304e-02   9.6772070e-02   1.4208258e-01  -2.9222599e-01   1.6262624e-01  -2.0969943e-01   2.2598939e-02   8.3368005e-02  -3.2786933e-01  -4.3514602e-01   1.5944213e-01  -2.9706744e-01   9.0531897e-02   1.0501410e-02  -7.7278104e-02  -1.5416693e-01  -3.8232092e-03   7.9089796e-02  -7.9907284e-02   6.5794750e-02  -2.0779471e-01  -2.3807038e-01   1.4114030e-01  -6.2505792e-03  -2.5253755e-01   1.4064402e-01  -1.3137339e-01   5.7451898e-03   5.0010246e-02  -1.6670118e-06
   9.9472853e-02  -1.5295888e-01  -7.6193216e-02   5.8099885e-02  -2.6531154e-01   1.1201274e-01   3.2759280e-01  -6.7261003e-02  -2.5721965e-01  -3.3167494e-02   6.4745220e-02  -2.0983154e-01  -1.0217899e-02   0.0000000e+00  -7.6236809e-02   8.9669285e-02  -1.4107054e-01   2.3123917e-01   1.0476864e-01  -3.9729470e-01   3.2493763e-01   4.1534910e-01   3.4874175e-01   2.6370357e-01   1.5907508e-01   9.7438688e-03  -1.0875066e-02   4.7954491e-01  -2.7950499e-01   1.5096699e-01   2.3369023e-01   1.1065213e-01  -7.8851665e-02  -1.3660052e-02  -2.4953910e-03  -2.3736551e-01   3.5154812e-02  -8.6018588e-02  -1.7423526e-02  -2.5576182e-01  -1.4851653e-01  -1.0650395e-01  -3.2302875e-01   2.5260028e-02   1.3985176e-02  -1.9863262e-02   4.0008123e-02  -1.4463653e-01   2.2448733e-01  -2.2077140e-01   1.9741304e-01   5.7061605e-02  -1.8415738e-01   2.2338705e-02   5.8736717e-01   2.2765198e-01   1.9789601e-01   3.0406251e-01  -1.9033468e-01  -5.5910037e-02   1.1660369e-01   2.6681197e-02  -2.3555797e-01   2.2502929e-01  -1.7024531e-01  -3.7936091e-02  -1.4670365e-02   4.7335286e-02   1.1707328e-01   9.6028376e-02  -2.3979535e-01   2.7906508e-01  -1.8115339e-01   2.6473175e-01   9.4615917e-02   8.5284641e-02  -3.2190746e-02   5.3917583e-02  -2.7277589e-01   7.0234302e-02   6.9966173e-01  -1.4157242e-01   3.2895433e-01   1.6523052e-01   2.8947008e-01   1.0255125e-01   8.1894321e-02   5.2660760e-01  -3.6081764e-01  -8.1263055e-02  -3.7877664e-01   1.5183694e-01  -2.5545531e-01  -6.1311515e-02   9.1483192e-02  -8.7986948e-02  -2.0292961e-02   2.8612533e-01  -1.2234101e-01   1.1321121e-01   4.3047244e-01   4.2272076e-01   8.0677737e-01  -1.1831882e-01   3.8715678e-01  -1.1272338e-04   5.6951118e-02   1.6369658e-01  -2.3003229e-01  -1.3292574e-01   2.4561078e-01   3.4572020e-01   1.4826111e-01   5.7860065e-02   4.3636170e-01  -2.5282094e-01  -1.5570077e-01  -1.1202910e-01   3.9776185e-01   1.8712445e-01   6.7955111e-02  -3.7611824e-01  -2.5849637e-01   5.4216141e-02  -1.1573409e-01   5.2865669e-01   2.8708604e-01   5.9453699e-02   1.9089677e-03   8.6135710e-02   1.3026126e-02   1.5147516e-02   3.1736652e-01  -1.5340490e-01   1.1798100e-01   3.5474117e-02   4.8647869e-02   5.2568790e-01   5.9693586e-03  -1.2553829e-01  -1.2390018e-01   1.5755919e-01   1.9308818e-02   2.3793564e-01   3.2127682e-01   5.4986030e-01  -9.9379973e-02  -3.5189997e-01  -2.6703858e-01  -1.4881161e-01   2.3495033e-01   4.9356601e-01   2.6711839e-01  -2.7767926e-01  -4.1759610e-01  -9.2039323e-02  -4.9422407e-03  -1.5281798e-01   3.6428964e-03   5.5875383e-01  -6.1729204e-02  -8.3397127e-02  -2.5497319e-01   9.9590909e-02  -3.3317480e-02  -3.1767230e-01  -2.2036399e-01   2.6900318e-01   4.8196574e-02  -2.5643168e-01  -2.7753506e-01  -2.7689203e-01   1.1891264e-01   2.0444515e-01  -2.1674313e-01  -1.2615754e-01  -1.0070231e-01
