   0.0000000e+00  -1.4308635e-01  -4.1456425e-01  -9.2277872e-03  -2.4603242e-01  -1.5846368e-01  -1.6628991e-01   2.3438996e-01   3.4886946e-02   1.5351304e-01   1.4673689e-01  -2.4854826e-01   3.9068874e-02   1.2667528e-01  -1.1980903e-01  -3.5343925e-01  -4.1011846e-01   5.7313881e-02  -4.0559758e-02  -1.9290301e-02  -1.5478656e-01   9.2013696e-02  -7.6085060e-02   4.1261500e-01   1.5775446e-01   3.0394840e-01  -2.8190198e-02   1.3379440e-01  -1.2855106e-01   1.4099980e-01  -1.6041957e-01   1.9561263e-01  -3.9387165e-01  -4.1098599e-01  -2.0062289e-01   5.2571693e-02   8.0946439e-02   3.9428403e-01  -3.7454103e-01  -2.1355469e-01  -7.5575700e-02  -2.7431886e-01  -1.7463809e-01   6.8525168e-02   1.8643437e-02   3.7154833e-01   2.4491220e-01  -2.9035741e-01  -3.8763209e-02  -3.3729912e-01   1.9234045e-01   2.9930864e-01  -3.5192617e-01  -2.6802222e-01  -7.0953350e-02   1.7155223e-01   2.6278350e-01   1.9452808e-01  -1.7348790e-02   1.3867950e-01  -3.4455156e-01  -7.7562359e-02  -5.6108188e-02  -2.6617027e-01  -1.7406882e-01   8.6866909e-02  -4.6733104e-03  -1.1780842e-01   2.5524164e-01  -3.8937978e-02  -2.6996711e-01   2.3517602e-01  -3.3246913e-01   5.3323088e-01   8.9362876e-02   2.1124857e-02   1.2004977e-01   1.3095492e-01  -1.7512510e-01   1.6558096e-02   4.1001478e-02  -2.9559576e-01  -4.2716189e-01   2.5405916e-01   4.7734325e-02   1.1377780e-01  -2.1694517e-01   5.7953243e-02   2.9695030e-02   6.9140376e-01  -7.6400310e-02  -3.0498506e-02  -1.8529483e-01   9.3629721e-02   1.7080962e-01   4.5113053e-02  -1.6288395e-02   1.4655613e-01  -1.2345346e-01  -2.4276562e-01   1.1646994e-01   1.3622820e-02  -1.7778055e-02   7.8518343e-02   1.5719192e-01   1.1014470e-01  -3.3634968e-01   1.5220972e-01  -5.4976042e-02  -5.0126896e-03  -3.6682872e-01   1.3679566e-01   4.1261128e-02   7.3896232e-01  -1.1031467e-01  -3.5249720e-02   1.8585648e-01  -1.8963179e-01  -1.4317408e-01   2.2904169e-01   4.8850305e-01  -4.4226056e-03  -1.1673099e-02  -1.9410573e-01   5.9832483e-01   5.1062571e-01   6.4173712e-02  -4.6927849e-02   1.1417754e-01  -1.2937968e-01  -3.2460019e-01  -2.6804636e-01   3.5313341e-01  -2.4251293e-01   2.3103759e-01   1.0638430e-01   2.6511813e-02  -1.8894450e-01   2.2964289e-01   4.2944912e-01   4.2521346e-01   2.3579335e-01   1.9480494e-01  -2.5823739e-01  -4.2215979e-01  -1.4771953e-01  -4.0277389e-01   1.9095891e-01   1.1715322e-01  -2.2953568e-01   2.3521376e-01   4.0747982e-02  -1.2697055e-01  -2.8388065e-02  -2.3237005e-01   3.2510185e-01   3.3501891e-01  -4.8739436e-02  -2.3634806e-01   3.4771226e-01   1.6268684e-01   1.6300912e-01  -9.7124038e-02   9.5838001e-02   9.1319429e-02  -1.7281085e-01  -1.0492169e-01   3.0557764e-01   1.6626996e-01  -3.4076296e-01  -1.7816236e-01   4.6103054e-01   2.2651154e-02   9.7766337e-02   3.1452400e-01  -1.9877624e-01   7.7702970e-02
  -1.4308635e-01   0.0000000e+00   1.9567382e-01  -1.0730198e-02   2.4784034e-01  -2.2163325e-01  -4.0372287e-01   1.5986575e-01   5.5532779e-01  -1.7556736e-01  -2.4656488e-01   2.6329349e-01  -3.7627229e-01  -8.5944282e-02  -1.2142615e-01  -2.3667367e-01   1.0718588e-01  -2.2858030e-01   2.1195385e-01  -1.3635831e-01  -3.0693129e-01   2.2925981e-01  -5.6797585e-01   3.8796794e-02   1.6107695e-02   1.4926768e-01  -1.2117190e-01  -3.4527461e-01  -1.6892360e-01   3.0325246e-01   6.1254607e-01   1.8684130e-01  -9.0562837e-02  -7.6981862e-02   1.3841939e-01  -2.2525137e-01  -1.5090549e-01  -8.6305829e-02  -2.3214319e-01  -1.2510421e-01  -2.6616145e-01  -2.1053638e-01   7.6247948e-02   2.4121238e-01  -2.2407919e-01   2.2331493e-01  -1.3921288e-01   1.8848924e-01  -2.3451799e-01  -4.6733218e-02  -2.3323151e-01   1.8460377e-01   1.4848921e-01  -5.8769798e-02  -2.0833175e-01   2.0033428e-01   2.0163868e-01   2.8215369e-01   3.0240156e-02   2.9964380e-01   2.1776059e-02  -4.2763614e-01   4.6382937e-01   2.1187308e-01   3.6431465e-01  -3.1757481e-01   1.8983713e-02   2.2015077e-02   7.3273004e-02   4.8785359e-02   2.6269166e-01  -1.8813902e-01  -1.3118272e-01   5.8910151e-02   2.8453983e-01   2.6509942e-01  -2.1115804e-02   1.8313452e-01   4.4576358e-01   2.2376144e-03  -4.8392368e-01  -1.4755205e-01   4.7620163e-02   2.6423185e-01  -1.5620427e-01   2.6713010e-01   1.6267283e-01  -1.0066578e-01   3.1468623e-01   4.5670208e-02   3.5725051e-01   5.4194437e-02   4.8085494e-02   1.6722982e-01  -9.3578204e-02  -8.2540282e-02  -1.6076164e-01   2.3112144e-01   2.3527946e-02  -4.6030958e-01  -6.1606706e-02  -1.8374223e-01   2.5438769e-01   4.6000452e-01  -9.6448431e-02   1.9488907e-01  -1.5316255e-01   2.1174360e-01  -3.2090010e-01   6.6122535e-02  -1.2382610e-01   1.7211705e-01   7.7645808e-02  -2.1324018e-03  -2.6349447e-01   5.8734819e-01   1.2114837e-01  -2.4538242e-01  -1.6780304e-01  -8.7093348e-02  -2.1730238e-02   2.5247400e-01   4.1600037e-01   1.7895820e-01   1.2289055e-01  -2.6587849e-02  -3.3363691e-01   1.1414682e-01   2.6554690e-01  -3.4336559e-02  -2.1416625e-01  -5.8585366e-02   3.4449622e-01  -7.3132852e-02   2.6553195e-01   3.1227789e-01  -8.2859347e-02  -2.5709022e-01   2.9746203e-01   2.2924101e-03  -2.3540521e-02  -2.1392696e-01   1.7589993e-01   7.7283958e-03  -2.7777995e-01   5.6835593e-02  -1.4404478e-01   9.1332834e-02  -1.4805889e-01  -1.4378548e-02  -8.2264427e-02   1.5854529e-01   1.2615624e-01   1.7123001e-01   2.5377811e-01   1.1076660e-01   1.9593403e-01  -1.1364262e-01   4.8776422e-02   5.7224552e-03  -2.6475173e-01   2.5696375e-01   1.4237988e-01  -1.1691378e-01   2.7039723e-01   1.0134994e-01  -1.0698397e-01  -1.1919212e-02   2.3841618e-01   3.6937515e-01   1.9026372e-01   2.0132709e-03   1.5318844e-01   2.4447808e-01  -1.9749610e-01  -2.1515658e-01   3.2677203e-01
  -4.1456425e-01   1.9567382e-01   0.0000000e+00  -1.9130611e-01   3.6026535e-01   2.6109816e-01   3.4496577e-02  -2.8002227e-01  -1.3337813e-01  -1.9155993e-01  -3.0725516e-01   3.9987234e-01  -3.1997260e-02  -2.3821867e-01  -2.2856922e-01   2.6283077e-01   7.7249689e-01  -2.6731470e-01  -4.4589447e-02   2.5504791e-01  -1.6647260e-02  -2.2480392e-01  -1.4773946e-02  -2.5969408e-01   7.6738588e-02  -8.8225082e-02   1.6285110e-01   7.2471984e-02  -7.2523947e-02  -3.2701342e-01  -1.4573746e-01  -2.9813119e-01   5.0599720e-01   4.0792917e-01   1.8350865e-03  -4.7526815e-02   4.3985310e-03  -9.9902762e-02   2.2051310e-01   2.9815506e-01  -2.1009913e-02   4.9197314e-01   3.5259572e-01  -3.4398736e-01  -2.1459761e-01   5.1256149e-02  -3.0915039e-01   9.6557066e-02   3.0158879e-02   4.8281441e-01  -2.8494554e-01  -2.9932672e-01   2.4538819e-01   6.0478560e-01  -8.4613994e-02  -4.3950874e-01  -2.3956582e-01  -2.4142176e-01  -3.3770260e-01  -2.2657668e-01   6.3395484e-01   1.9942361e-02   3.0268171e-01  -4.6610089e-02   8.8822328e-03  -1.2061563e-01   4.4553298e-03   1.5883382e-01  -3.5403667e-01   4.0785603e-01   3.5731842e-01  -2.6502559e-01   7.1044872e-02  -1.0702309e-01   1.3681155e-01  -1.5039577e-01   1.9960052e-01  -3.2550481e-01   9.5320085e-02  -6.8579849e-02  -1.2365444e-01   7.1304828e-02   2.2629294e-01  -1.8683498e-01  -6.9654449e-02  -2.4789753e-01   1.4528886e-01  -4.2337927e-02   4.0610001e-02  -3.3859069e-01   1.0652224e-01   3.0857098e-01   4.9274004e-01  -2.9189519e-01   8.0817461e-02   1.3639244e-01   2.2321861e-02  -2.4311547e-01  -6.0669502e-02   1.6479303e-01  -8.2918224e-02  -1.8858140e-01  -1.9136520e-01  -7.4778359e-02  -3.3016891e-01  -1.7165474e-01   5.0813228e-01  -3.3245674e-01   8.3215396e-02  -1.6351790e-01   2.8535046e-01  -2.4761129e-01   7.9214690e-02  -3.6798899e-01   1.5287800e-01  -1.8915460e-03  -3.8859747e-01   4.3893451e-02   1.0578419e-01  -3.7302960e-01  -3.0201466e-01   2.1086988e-01   3.9578903e-01  -1.2692980e-01  -2.9352800e-01  -3.0007968e-01  -2.0869388e-01   2.5826253e-01  -2.2268822e-01   4.1770619e-01   8.2578931e-02  -9.3471317e-02  -1.3043581e-01  -1.9715909e-02  -1.2041109e-01  -2.3730471e-01   5.7972141e-02   2.0735070e-01  -2.5382468e-01  -2.2580234e-01  -2.1709509e-01  -1.5546946e-01  -4.6294042e-01   4.7750882e-01   9.9431648e-02  -3.4799774e-01   5.0385277e-01  -3.7579515e-01  -3.0124002e-01   1.2575568e-01  -8.4670854e-02  -1.7006330e-01   1.3218501e-01  -3.5055559e-01   4.9256201e-01  -2.9192032e-01  -1.8042097e-01  -3.1179329e-01   5.1731304e-01  -4.2434569e-01  -1.2102994e-01  -4.2044992e-01  -1.4667279e-01  -3.5331978e-01  -6.4861428e-02   2.6437257e-01  -7.2781569e-02  -2.1610054e-01  -1.2156701e-01   5.5836406e-01   1.7128043e-01  -1.9884974e-01  -1.5136570e-01  -4.2830521e-02  -1.2851603e-01   3.3744737e-01  -7.8900633e-02
  -9.2277872e-03  -1.0730198e-02  -1.9130611e-01   0.0000000e+00  -1.9492882e-01   2.4225097e-02   3.4773968e-02   3.2306508e-01   2.8265137e-01   9.3047757e-02   5.6588775e-01  -2.8447601e-01   2.4039919e-02   3.7782220e-01   3.7676099e-01   3.4343429e-02  -2.8631688e-01   6.2558588e-01   2.2406139e-01  -1.5176337e-01   9.1476801e-02   5.7639454e-01  -1.4598956e-03   1.3154119e-01   2.7245687e-01   2.1510146e-01  -1.8292052e-01  -4.6786604e-02  -1.4525796e-01   5.2767862e-01   1.7894630e-01   5.6304295e-01   3.3364938e-02  -2.7695954e-01  -2.9096326e-01   1.9113546e-01  -2.9529429e-02   3.8780980e-02  -3.1165933e-02  -4.4745499e-01   7.0986477e-02   5.1341640e-02  -1.7140780e-01   1.3403674e-01   3.4062214e-01  -3.9478164e-02   5.8259705e-01  -3.4748508e-01   3.1369180e-01  -3.1997300e-01   4.8160776e-01   1.6881482e-01  -3.0397738e-01   9.0340180e-02   3.3589910e-01   1.3217523e-01   1.6284190e-01   4.8577800e-01   5.7320872e-01   3.4369462e-01   5.2265425e-02   1.9939992e-01   5.0530780e-02  -3.3075532e-02  -1.6727034e-01   1.7757709e-01   2.6735005e-01   9.6584479e-03   5.2915473e-01  -4.1308289e-01  -4.8034411e-01   6.2891491e-01   1.3238396e-01   5.9622945e-02   3.1717108e-02   3.5711448e-01   5.7951608e-02   2.4118897e-01  -1.4828953e-01   3.3453495e-01   1.6648049e-01   2.2539296e-01  -1.9999550e-01   6.7849121e-02  -1.7843815e-01   3.6774375e-01  -8.2983471e-02   4.2766008e-01   1.8169756e-01  -3.8884211e-02  -2.2954587e-01   2.0168556e-01  -3.6060281e-01   4.3880847e-01   6.7119587e-02  -3.0209009e-01   2.6004153e-01   1.6729991e-01   3.0016378e-01  -1.8506137e-01  -2.1393293e-01   2.3914275e-01   3.6687825e-01   2.5170261e-01   6.2862059e-01   5.9127246e-01   2.0315516e-01   2.1736933e-01  -5.2168163e-02   1.6795446e-01  -1.7544117e-01   5.5676679e-01   5.0320730e-01   2.7055148e-03  -2.7639619e-01  -1.9372968e-01   1.7521295e-01   2.0763319e-01  -1.6699593e-01   8.0906166e-01  -1.1996212e-02  -2.2639870e-01  -1.2492751e-01   2.2028966e-01   7.1596527e-02   1.0639123e-01   5.1692607e-01  -3.3987274e-02   5.4454215e-01  -4.7044507e-01  -3.4822336e-03  -1.1265675e-02   2.4041618e-01  -5.2060486e-02   4.1623200e-01   3.7123181e-01   2.0609492e-01  -4.4319931e-01   2.6566004e-01   3.7082857e-04  -1.3193528e-01  -3.0207988e-01   4.1359869e-01  -5.0905906e-01   8.1893842e-02   5.7021425e-01  -4.2888947e-01   2.1726772e-01   2.3097800e-01  -3.5607090e-01  -1.1091221e-01   1.0693598e-01   3.2210823e-01   1.0163950e-01  -4.9334824e-01  -5.7836653e-02   1.4383598e-01   4.2450932e-01   9.9152477e-02   2.7917582e-01  -1.0140181e-01   3.5533219e-01  -9.7711049e-02   7.4696102e-01   4.8666494e-01  -4.3589641e-01   1.1149430e-01  -8.1757390e-02   1.7592833e-01  -1.8160333e-01  -4.6245866e-01  -1.3179275e-01   5.1796662e-01  -4.1136936e-02   7.8042801e-03  -3.7741045e-02   4.6331634e-01
  -2.4603242e-01   2.4784034e-01   3.6026535e-01  -1.9492882e-01   0.0000000e+00   1.1976703e-01   1.8996349e-01  -5.4485231e-01  -7.9795682e-02   1.9325223e-01  -2.2969915e-01   3.8908192e-01   2.6427483e-01  -3.3334568e-01  -4.1329155e-01   4.2010137e-01   5.3624290e-01  -1.0234147e-01  -2.8932674e-01   7.3371576e-01   6.9929870e-02  -3.0293963e-01   1.2729363e-01  -3.5428901e-01  -3.2961455e-02  -3.5540524e-01   6.2493085e-01  -3.4677230e-01   1.4824001e-01  -3.8875106e-01  -1.8730783e-01  -3.2165404e-01   4.3137904e-01   1.3015041e-01   2.0190117e-01   5.1592256e-01   1.5251434e-01  -4.4180586e-01   4.7838582e-01   6.0210723e-01   2.3393344e-01   3.0083178e-01   2.8220186e-01  -5.5452633e-01   1.1454754e-01  -1.8960434e-01  -3.9941827e-02   4.0661664e-01  -5.4705839e-02   6.9191439e-01  -4.5258170e-02  -4.5122651e-01   2.5747812e-01   1.0609614e-02  -3.5928233e-01  -5.2324644e-01  -4.9873532e-01  -3.7197110e-01   4.6530498e-02  -2.3714684e-01   6.0023551e-02   1.0770378e-01   3.2562231e-01  -3.1525287e-01   1.0416485e-01   8.8424262e-02  -4.7229778e-02   3.6171963e-01  -2.8908355e-01   4.6580109e-01   5.5498007e-01  -7.3921807e-02   1.2980584e-01  -4.4840275e-01  -1.7541668e-01  -4.2463953e-01  -2.8885457e-01  -4.4014498e-01   6.4593001e-01   1.8835920e-01  -3.8739898e-01   1.4972149e-01  -2.1946108e-01  -4.2635611e-01  -4.3111564e-01  -3.7460161e-01  -5.8018163e-03  -3.9272649e-01  -6.9367712e-02  -3.7386111e-01   6.7042496e-01  -3.8847413e-01   3.5943106e-01  -2.4808696e-01  -3.1356844e-01   6.9375651e-01   3.8448386e-01  -4.3201640e-01   5.1513608e-01   1.1649707e-01  -4.7299415e-01  -3.6667151e-01  -5.4730686e-01  -2.9612788e-01  -2.4374740e-01  -3.0935723e-01   1.5942499e-01  -4.5631962e-01  -1.3657006e-01   1.4012011e-01  -9.1119033e-02  -2.6035492e-01  -6.0862556e-02  -4.2291563e-01  -1.2387170e-01   3.8240254e-01  -4.3118736e-01   1.6147567e-01  -3.5199573e-01  -2.3334803e-01  -4.6617613e-01   6.1684882e-01   5.9861740e-03  -6.3638523e-02  -4.5453387e-01  -4.6594477e-01  -2.6950137e-01   2.0427894e-01  -3.2162822e-01   4.3731188e-01   4.0723941e-01   8.5739673e-03  -4.0182777e-01  -2.8664955e-01  -3.9978513e-01  -4.2536228e-01   1.3119899e-01   1.7208525e-01  -4.4513948e-01  -5.4830494e-01  -1.8174334e-01   9.9657495e-02  -3.5759879e-01   4.0163829e-01  -6.1921153e-02  -5.5474259e-01   3.2056508e-01   1.7112130e-01  -7.9885654e-02   2.8205188e-02  -4.3903744e-01  -5.6177606e-01  -1.8747923e-01  -1.8885340e-01   5.8201913e-01  -5.0735145e-01  -4.0266683e-01   1.4843098e-01  -6.1673726e-02  -5.4193883e-01   3.4735115e-01  -5.3272630e-01   1.1786245e-01  -3.3205310e-01  -3.0692393e-01   3.3542940e-01  -4.0857050e-01  -1.3735782e-01  -3.5388094e-01   5.7065012e-01   4.6772390e-01  -4.2552483e-01  -1.1113626e-01  -1.8033232e-01   8.0400940e-02   4.5734440e-01  -2.9721681e-01
  -1.5846368e-01  -2.2163325e-01   2.6109816e-01   2.4225097e-02   1.1976703e-01   0.0000000e+00   3.9209628e-01  -9.2259231e-02  -3.0437485e-01   9.4325258e-02  -1.3780952e-01   1.6349322e-02   6.4997260e-02  -1.1180777e-01  -1.9572669e-01   3.6710258e-01   1.2314799e-01   9.7909107e-02   2.6921796e-01   2.0393491e-01   1.2068178e-01  -2.4697457e-01   1.0644339e-01  -2.8374997e-01  -9.8941144e-02   3.4725553e-02   3.3444052e-01  -7.8858096e-02   5.1317697e-02  -1.6921886e-01  -4.4979781e-01  -6.6674002e-02   3.0017425e-01   2.0618298e-01  -1.3097869e-01   1.7184298e-01   3.4377045e-01  -1.0677078e-01   2.5663241e-01   2.5448411e-01   7.8355480e-03   9.2764492e-02   1.4272420e-01  -3.3905069e-02  -1.2620939e-02   1.1369727e-01   6.6686969e-02  -7.2361430e-02   2.5604315e-01   1.5046625e-01   4.5325793e-02  -7.3123458e-02   8.4799948e-02   1.3287467e-01  -1.0563525e-01  -5.4096844e-03   1.7729510e-01  -3.3035937e-01  -6.2037724e-02  -4.1050308e-01   1.9057560e-01   7.1231159e-02  -8.4249401e-03  -3.4304338e-01  -4.0322258e-01   4.2289999e-01   6.9285316e-01  -8.4282708e-02  -4.2335241e-02   3.9204120e-01   5.6388320e-02  -2.8132108e-03   2.4745641e-02   5.7647386e-02  -1.6240968e-01  -4.9753802e-04   6.2717991e-02  -1.2463131e-01  -1.1285062e-01  -1.9166123e-01   1.3084671e-01   1.3596814e-01   5.9981982e-03  -5.0368888e-03   1.9048675e-01  -1.0690102e-01  -2.2396633e-01  -1.2940633e-01  -1.5693792e-01  -1.8613127e-01  -1.6407118e-01   7.7477198e-02   4.4195802e-01  -4.7466884e-01  -1.2990118e-01   1.9787274e-01  -9.5012175e-02   3.8508519e-02  -1.5821201e-02   2.1909770e-01  -1.6799716e-01  -1.3301088e-01  -9.4187982e-03  -3.4621242e-01  -4.4504283e-02  -2.0280924e-02   1.0143266e-01   4.5870818e-03  -1.0339279e-01   3.9899319e-01   3.4330040e-01  -2.0069752e-01  -2.2126017e-01  -1.8291112e-01   5.2537928e-02  -1.5670659e-01  -8.2888562e-02   8.3559317e-02   2.8258971e-01  -5.7578098e-02   5.6314170e-03  -1.4084629e-02   3.3777746e-02  -2.5545848e-01  -1.1892715e-01  -3.3291634e-02  -9.6580981e-02  -1.5233497e-01  -7.7753072e-02   3.1958138e-01   1.6656752e-01  -2.0308214e-01  -1.7177858e-02  -3.2908994e-01  -3.6079140e-01  -8.9101577e-02  -2.2715934e-01   1.8211136e-01  -1.6564371e-01  -4.8196350e-02  -1.4139003e-01   1.1595341e-01  -1.8767032e-01   1.5415429e-01   1.2666288e-01  -1.5853651e-01   2.9267410e-01   8.5255826e-03   1.9966810e-01   5.1937352e-02   1.0133620e-01  -2.3865033e-01   1.2895536e-01  -2.0159691e-01   1.6076202e-02  -6.1202102e-02   6.9726003e-03  -1.2748994e-01   2.0170656e-01  -1.1902479e-01   3.3715943e-02  -3.3767771e-01   8.8242426e-03  -8.0536646e-03  -1.3529885e-01   1.3654319e-01  -1.1060086e-01  -1.1328435e-01   2.5028520e-02   1.9789097e-01   4.3418475e-02  -1.1676303e-01  -1.7584303e-01   2.5617198e-01  -1.0178626e-02   2.4744784e-02  -1.3997479e-01
  -1.6628991e-01  -4.0372287e-01   3.4496577e-02   3.4773968e-02   1.8996349e-01   3.9209628e-01   0.0000000e+00  -3.6139693e-01  -3.8851097e-01   5.2829188e-01   1.6906283e-01   3.0617694e-01   4.4481145e-01  -2.6014168e-01   1.3751495e-01   5.7411170e-01   6.4115606e-02   3.3759997e-01  -2.4054785e-01   4.8939439e-01   3.0133495e-01  -2.4885096e-01   6.5154539e-01  -3.3002408e-01  -1.3870172e-01  -3.5785342e-01   3.7576173e-01   1.0347879e-01   1.5546652e-01  -1.2467301e-01  -4.5255335e-01  -3.2091870e-01   3.1115485e-01   3.3078982e-01   3.5520333e-02   5.5631493e-01   4.7710933e-01  -4.0731210e-01   5.0845549e-01   2.6752028e-01   5.3695400e-01   1.9732460e-01   2.9473223e-01  -3.1946976e-01   4.8064330e-01  -2.7038405e-01   1.5158180e-01   1.9532744e-01   5.7374529e-02   1.5243069e-01   2.3722504e-01  -4.0579567e-01   2.3170548e-04  -4.9134248e-02  -1.5807781e-01  -3.3794678e-01  -3.9303999e-01  -4.1254766e-01   2.1153850e-01  -2.4760761e-01   8.7328043e-03   3.4307962e-01  -2.1038580e-01  -2.0628256e-01  -3.6436725e-01   6.0730254e-01   3.9725329e-02   1.6755611e-02  -2.8391469e-01   1.7146649e-01  -3.7314880e-02   1.1278226e-01   4.5960946e-01  -2.2579469e-01  -4.3679569e-01  -3.2044701e-01  -1.4152455e-01  -4.0308295e-01  -7.4841533e-02   1.2407750e-01   3.5709665e-01   4.9197583e-01  -6.7242181e-02  -3.7918963e-01   7.7082236e-03  -3.5831367e-01  -3.2791280e-01  -2.2194653e-01  -1.8082762e-01  -3.6337828e-01  -2.5837959e-01  -2.3543579e-01   4.1365500e-01  -1.1401311e-01  -2.0570741e-01   3.1274807e-01   3.2429787e-01  -4.4875657e-01   3.6487074e-01   5.9799377e-01  -3.1142411e-01   8.2537875e-02  -3.1763416e-01  -2.7452764e-01   9.0012692e-03  -2.6634638e-01   7.2384455e-02  -4.2581028e-01   2.4456891e-01   3.4678820e-01   4.3532244e-01  -2.0145369e-01  -7.0298734e-02  -3.8093558e-01   1.8129974e-01  -3.6809552e-01  -2.8660791e-01   4.6976818e-01  -1.2803978e-02  -2.9925334e-02  -3.1210691e-01  -1.1912227e-01  -1.4146738e-01  -2.6756309e-01  -4.6693500e-01  -2.2977506e-01   2.1050404e-01  -8.1721706e-02  -2.5372853e-01   1.8541875e-01   4.8410803e-01   1.7863521e-01  -3.9633788e-01  -4.6189024e-02  -3.4549742e-01  -4.0101115e-01  -2.2728733e-02   2.9136094e-01  -4.8370987e-01  -4.2633588e-01  -9.0879380e-02   1.2575006e-01  -3.5039812e-01   2.1538413e-01   5.4944253e-01  -2.2741130e-01   3.7058567e-01   9.8705406e-02   4.4133712e-01   1.6068058e-01  -2.0525675e-01  -3.1892000e-01  -4.3059401e-02  -1.7454724e-01   1.9469067e-03  -4.3076477e-01  -3.2328859e-01   3.2011830e-01  -1.4319700e-01  -2.0616093e-01   2.5662862e-01  -4.2965250e-01  -1.4077055e-02   1.5464856e-02  -3.4209386e-01   1.9671413e-01   6.0495247e-02  -7.0650897e-02  -1.6442049e-01  -1.1724026e-01   1.2280238e-02  -5.2426515e-01  -7.5894906e-02  -2.0586562e-01   1.5762693e-01   2.6047401e-01  -2.8627143e-01
   2.3438996e-01   1.5986575e-01  -2.8002227e-01   3.2306508e-01  -5.4485231e-01  -9.2259231e-02  -3.6139693e-01   0.0000000e+00   5.1016248e-01  -5.6258120e-02   4.0166730e-01  -2.5638401e-01  -2.0090498e-01   2.9459381e-01   4.2332408e-01  -4.9962223e-01  -5.2537276e-01   2.4721080e-01   5.6367353e-01  -5.4876927e-01  -2.1225365e-01   6.6666499e-01  -2.7597089e-01   3.8301004e-01   2.1025629e-01   6.5506980e-01  -4.8148930e-01   2.0496308e-02  -2.2977875e-01   6.3292362e-01   4.4290792e-01   7.0457896e-01  -4.8008279e-01  -4.4904184e-01  -1.7326696e-01  -3.7541494e-01  -1.8998702e-01   3.6157622e-01  -6.2188444e-01  -6.8236645e-01  -2.8489032e-01  -3.9025483e-01  -1.8151789e-01   6.4398955e-01   9.7305516e-03   3.5236282e-01   1.7957189e-01  -5.6560686e-01  -6.5497565e-02  -6.7263419e-01   2.5047104e-01   8.0170215e-01  -3.9756671e-01  -1.4008234e-01   2.3768236e-02   6.5908624e-01   6.4799577e-01   7.2859634e-01   5.7033891e-02   6.1069311e-01  -3.1843257e-02  -8.9120428e-02   1.3426504e-01   1.1461045e-01  -9.5417998e-02  -1.2759450e-01   2.7023388e-01  -2.1468269e-01   5.8951785e-01  -3.5613783e-01  -5.4120913e-01   3.6021278e-01  -2.2136312e-01   3.9189776e-01   3.1354294e-01   6.9862832e-01   2.6891423e-01   7.1386929e-01  -2.7161460e-01  -1.7384730e-01   1.1906850e-01  -1.3261652e-01  -1.6767959e-01   7.4173858e-01  -1.8695035e-02   7.4657858e-01  -3.3077970e-02   3.3400068e-01   2.2508794e-01   3.4615937e-01  -2.9334247e-01   3.9746877e-01  -4.1497621e-01   4.8469014e-01   2.9185838e-01  -4.8260924e-01  -2.0371141e-01   7.5309003e-01  -2.1806405e-01  -4.2283944e-01   2.1466291e-01   6.0952263e-01   5.9122625e-01   6.6608177e-01   5.4368008e-01   6.2860216e-01  -2.8160890e-01   8.0401854e-01  -9.5935051e-02  -1.3457699e-01  -2.9476693e-01   6.0414189e-01   1.7713879e-01   3.9122301e-01  -2.6411491e-01   5.5081054e-02   6.6464179e-01  -8.5299326e-02  -1.7733790e-01   4.3481178e-01   4.1728160e-01  -3.1519656e-01   1.1346739e-01   1.2679896e-01   5.1730615e-01   4.3006516e-01   3.7936041e-01  -2.4955671e-01   6.7346486e-01  -5.5377526e-01  -3.7332573e-01  -2.8245971e-01   5.3456757e-01  -1.0550901e-01   5.3251394e-01   7.7852575e-01  -1.6863853e-02  -5.3274323e-01   7.7620862e-01   5.7153174e-01   3.0522986e-01  -9.3874043e-02   7.0712100e-01  -5.6246498e-01  -9.3389912e-02   5.0649715e-01  -5.6085537e-01   7.9647130e-02   1.9391288e-01  -3.6359544e-01   2.7595799e-01   4.4584626e-01   3.4598210e-01   2.7505653e-01  -5.8229242e-01   5.8349393e-01   6.1572374e-01  -5.0932696e-02   1.2853684e-01   6.8482623e-01  -3.5104926e-01   7.3091782e-01  -2.4951304e-01   5.2432335e-01   7.1068995e-01  -3.9507210e-01   2.1510011e-01   2.0119065e-01   5.2835156e-01  -4.1833938e-01  -3.7261773e-01   3.6675063e-01   3.5298293e-01   2.0539817e-01  -6.2288489e-02  -5.7142388e-01   7.0120628e-01
   3.4886946e-02   5.5532779e-01  -1.3337813e-01   2.8265137e-01  -7.9795682e-02  -3.0437485e-01  -3.8851097e-01   5.1016248e-01   0.0000000e+00   5.7006467e-03   6.4375266e-02  -7.5761608e-02  -3.3054066e-01   3.0500637e-01   2.1197750e-01  -4.9546299e-01  -3.0021764e-01   6.8706372e-02   5.0048915e-01  -2.5738757e-01  -3.5588708e-01   6.7364882e-01  -3.4821047e-01   3.1432409e-01   2.9071774e-01   4.6194765e-01  -2.3874128e-01  -1.8451621e-01  -1.1005059e-01   6.5525984e-01   6.7221654e-01   5.3229602e-01  -4.0953088e-01  -3.8683556e-01   1.2714644e-01  -1.6351090e-01  -2.2196705e-01   2.3447562e-01  -5.5635994e-01  -4.8295766e-01  -2.5449697e-01  -2.4144435e-01  -2.4682468e-02   4.0218795e-01   3.0698837e-02   3.2411226e-01   8.4804980e-02  -1.7291369e-01  -2.2416623e-01  -4.1659684e-01   2.4491144e-02   5.3862296e-01  -3.0642766e-01  -9.8453315e-02   1.2508186e-01   3.8853776e-01   4.4630541e-01   7.2116381e-01   1.2653283e-01   7.3333611e-01   7.2722129e-02  -2.0635519e-01   5.2361587e-01   3.7582588e-02   2.4119494e-01  -2.1045710e-01   1.1048780e-01   1.4337342e-01   3.7604610e-01  -2.2656256e-01  -3.3844292e-01   2.7699378e-01  -2.7758725e-01   2.2285604e-01   3.4040803e-01   5.7504034e-01   1.7034895e-01   4.6448112e-01   2.6655007e-01  -9.9536842e-02  -1.3071531e-01  -1.9547564e-01  -2.1891943e-01   4.6724033e-01  -3.2370402e-01   6.2822999e-01   4.2958631e-02   2.6786767e-01   6.1628875e-01   2.3232643e-01   1.1428906e-01   2.9447173e-01  -3.3297938e-01   6.5302248e-01   2.9574479e-01  -2.6917643e-01  -9.3965966e-02   5.1133205e-01   1.0159460e-01  -4.4518860e-01  -4.3027475e-02   2.2927893e-01   5.3624946e-01   7.5482854e-01   2.6536977e-01   5.1035366e-01  -1.6128068e-01   5.3461289e-01  -2.2221184e-01   3.0595005e-03  -3.1599889e-01   5.2303381e-01   4.5744179e-01   2.5057328e-01  -3.5912115e-01   4.9363727e-01   4.3958383e-01  -2.1196964e-01  -3.5601725e-01   3.0812623e-01   1.4338815e-01   8.6134756e-02   4.3124249e-01   2.4868117e-01   3.9017988e-01   2.4926972e-01   5.3018942e-02  -1.6714606e-01   6.6958799e-01  -4.0791905e-01  -4.1364471e-01  -1.2470878e-01   5.5755746e-01  -1.1225389e-01   6.7062694e-01   6.6114915e-01  -9.6805343e-04  -5.5658422e-01   6.6811244e-01   3.3930518e-01   2.0065837e-01  -2.6581895e-01   5.1386229e-01  -4.6838067e-01  -1.5628147e-01   3.9853431e-01  -5.4133939e-01   2.3297286e-01   9.2102823e-02  -3.0790332e-01  -8.8747636e-03   3.2605033e-01   2.3604228e-01   3.8483771e-01  -3.6805173e-01   4.8219064e-01   5.5436136e-01  -5.5526187e-02   1.0048601e-01   4.7984636e-01  -6.7057116e-02   5.4710700e-01  -1.5579523e-01   3.6153311e-01   6.6137264e-01  -1.2525681e-01   4.2834548e-02   1.1233666e-01   4.6394583e-01  -1.6968377e-01   4.0168158e-02   1.4636122e-01   5.4699223e-01   1.6241514e-02  -1.4848108e-01  -4.8356927e-01   7.1037793e-01
   1.5351304e-01  -1.7556736e-01  -1.9155993e-01   9.3047757e-02   1.9325223e-01   9.4325258e-02   5.2829188e-01  -5.6258120e-02   5.7006467e-03   0.0000000e+00   2.4102477e-01   2.3089352e-01   5.2329351e-01  -2.1890420e-01  -3.3086449e-03   2.0722489e-01  -1.2510895e-01   3.7756806e-01  -4.6656835e-02   5.2348486e-01   9.1370284e-02   2.2416489e-02   4.8741966e-01  -1.9037237e-01  -7.0091929e-02  -9.1358861e-02   4.3391185e-01  -7.4317334e-02  -1.9343066e-02  -6.8140211e-04  -1.9738641e-01  -3.4257883e-02  -1.3441119e-01  -1.7690244e-02   1.1735848e-01   6.1132809e-01   4.4905559e-01  -3.2216249e-01   1.2605130e-01   1.6807958e-01   5.2433524e-01  -4.4808376e-02   3.3341398e-01  -1.0929801e-01   5.6604361e-01   1.2892834e-02   3.1165935e-01  -7.2013885e-02  -2.4463411e-01  -3.5722525e-02   4.5166534e-01  -1.0166200e-01  -2.4741914e-01  -2.1660402e-01  -2.3152227e-01  -6.0080308e-02  -1.4099564e-01  -9.9381033e-02   3.7730516e-01   4.2843877e-02  -3.1027557e-01   1.3246750e-01   6.4647887e-02  -3.9332037e-01  -3.5793041e-01   7.2784751e-01  -1.4080303e-02   1.2605931e-01  -2.5755047e-02   2.7625625e-01  -2.1302262e-01   3.0095973e-01   2.8352032e-01   1.5567988e-02  -1.0234064e-01  -1.1413046e-01  -2.3392389e-01  -4.5065836e-02   2.0140759e-01   2.6928173e-01   7.3979613e-02   2.0005996e-01  -4.1895949e-01  -8.2496006e-02  -2.0971830e-01  -1.1415560e-01  -4.3538937e-01  -2.0862632e-01   9.9706300e-02   2.6907871e-02  -1.2203254e-01  -3.3869255e-01   3.0536561e-01   1.0367393e-01  -2.2904452e-01   4.5095422e-01   4.3857619e-01  -1.8046793e-01   4.8076675e-01   4.2792771e-01  -2.8197987e-01   1.4175418e-01  -2.6742463e-01  -7.6404126e-03   2.1547002e-01  -1.0237495e-01  -2.0200957e-01  -1.2189835e-01   2.3955183e-01   2.7792572e-01   5.3861329e-02   8.2533853e-02   1.0306592e-01  -1.3108235e-02   8.0603089e-03  -1.0557504e-01  -3.1391574e-02   4.4377164e-01  -3.3042660e-01   1.3522617e-01  -1.2079892e-01  -6.6557502e-03  -5.5295723e-02  -3.4642091e-01  -1.1920103e-01  -6.8373467e-02   8.1280472e-02  -1.0039506e-01   6.3210610e-02   9.6095565e-02   3.0439232e-01  -5.3606626e-02  -8.7911126e-02  -3.1651319e-01  -8.8342965e-02  -1.7641370e-01   1.3904555e-01  -6.8703082e-02  -1.1669412e-01  -2.2689701e-01   4.5627294e-02   2.4552684e-01  -1.6863063e-02   6.4723203e-02   5.8898635e-02  -3.1096627e-01  -1.3212718e-02   3.3915682e-01   6.8568314e-01  -3.2063228e-02  -2.8520967e-01  -2.7641690e-01  -1.0879546e-01  -1.2618665e-01  -4.2916547e-02  -1.4114225e-01  -6.6181769e-02   4.2984694e-01  -4.1570398e-01   6.3630135e-03   2.2872632e-01  -1.0894986e-01   1.5775186e-01   1.6596663e-01  -1.0435719e-01   9.9178672e-02  -2.1137533e-01   6.5726595e-02  -3.1249774e-02  -1.8443994e-01   7.4697531e-02  -3.2303347e-01   2.0867689e-01  -1.0739507e-01   1.1397695e-01   4.3615141e-02  -8.5403117e-03
   1.4673689e-01  -2.4656488e-01  -3.0725516e-01   5.6588775e-01  -2.2969915e-01  -1.3780952e-01   1.6906283e-01   4.0166730e-01   6.4375266e-02   2.4102477e-01   0.0000000e+00  -1.6014427e-01   3.0110649e-01   1.0578700e-01   4.7366946e-01   7.1624122e-02  -3.5893220e-01   7.9443671e-01  -7.5958302e-02  -5.9267077e-02   3.2243766e-01   4.6459800e-01   2.4391499e-01   1.5699478e-01   1.7655903e-01   1.0648065e-01  -7.2755800e-02  -5.5111395e-02  -3.7006073e-01   4.8589219e-01   2.4906522e-02   3.7936731e-01  -2.5558433e-02  -4.6710359e-01  -3.6346590e-01   3.9235074e-01   4.6865642e-02   1.3460777e-01   1.6241375e-02  -3.8457773e-01   3.1351563e-01  -7.2759489e-02  -2.3009206e-01   2.6447803e-02   5.3109305e-01  -9.3038193e-03   6.9971160e-01  -4.5376768e-01   5.8273310e-02  -3.0993623e-01   7.7627397e-01   9.0931659e-02  -4.5229764e-01  -1.4769604e-01   1.8439917e-02   1.3771001e-01   1.2992718e-02   3.6890555e-01   4.6179379e-01   3.9494064e-01  -5.8538799e-02   2.6583074e-01  -1.5226729e-01  -1.4884716e-01  -3.0609521e-01   2.7540843e-01  -2.8640761e-02  -1.2131614e-01   5.1021378e-01  -2.5209854e-01  -5.5533448e-01   6.7227761e-01   2.3708219e-01   1.4214596e-01  -1.3185689e-01   9.5817780e-02   1.1345363e-01   2.1834432e-01  -3.0493848e-01   1.4815331e-01   2.1268927e-01   2.7558172e-01  -3.4892550e-01   5.9373021e-02  -2.7832898e-01   2.0322862e-01  -2.9580647e-01   2.3279891e-01  -4.8306726e-02   7.0859694e-02  -3.0523792e-01   6.0634810e-02  -4.6695724e-01   4.4183695e-01   1.3261281e-01  -2.0136796e-01   2.5485073e-01   5.0786647e-02   3.0916142e-01  -1.8494903e-01  -2.1772205e-01   4.7553095e-01   8.1253515e-02   2.4991073e-01   7.4682924e-01   3.5046613e-01  -2.8791415e-02   1.0562238e-01  -1.0851842e-02   1.7927890e-02  -3.3882591e-01   5.9483461e-01   1.9624098e-01   8.5844775e-02  -2.3733772e-01  -3.3146915e-01   1.9250247e-01   3.6844914e-01  -3.2462484e-01   5.6576311e-01   1.0685163e-01  -2.8740401e-01  -3.0470895e-01   3.9889952e-02   4.8164819e-02   1.6956416e-01   7.0932410e-01  -2.1584816e-01   3.1532396e-01  -3.3608650e-01   1.2547121e-01  -4.1177715e-02   4.3810471e-02  -1.0572845e-01   2.6271022e-01   1.6185119e-01   9.2557917e-02  -3.5785866e-01   1.2569917e-01  -2.3366575e-02  -4.7406030e-02  -1.1782153e-01   4.7556739e-01  -4.2810629e-01   1.2976643e-01   3.9602454e-01  -5.5046718e-01   3.8251512e-01   5.1256525e-01  -4.5646066e-01  -8.4263924e-02  -9.0077835e-02   1.8088029e-01   1.0497438e-01  -3.9554069e-01  -6.3233033e-02   8.1802070e-02   4.4777744e-01  -4.5187247e-02   2.9113024e-01  -2.4024508e-02   4.3175267e-01  -1.4020377e-01   6.8933584e-01   3.2366031e-01  -6.4544143e-01   2.3102914e-01  -1.5776670e-01   1.1125707e-01  -4.6559090e-01  -5.5298495e-01   2.5486583e-03   3.6837181e-01  -5.8851540e-02   5.2041834e-02  -9.0822596e-02   3.3864308e-01
  -2.4854826e-01   2.6329349e-01   3.9987234e-01  -2.8447601e-01   3.8908192e-01   1.6349322e-02   3.0617694e-01  -2.5638401e-01  -7.5761608e-02   2.3089352e-01  -1.6014427e-01   0.0000000e+00   1.5098116e-01  -3.6121087e-01   2.5198282e-02   3.0246934e-01   2.8048852e-01  -6.3039159e-02  -2.3676001e-01   3.3395024e-01  -6.1128472e-03  -2.0059288e-01   8.3196259e-03  -2.7261946e-01  -1.8263539e-02  -3.6585621e-01   1.5651245e-01  -1.7873472e-01   1.3845347e-01  -2.3727077e-01  -4.6270514e-02  -4.2398133e-01   1.8435685e-01   3.0266774e-01   4.1397759e-01   1.8842379e-01   1.1822965e-01  -4.2563541e-01   2.6821953e-01   3.1894813e-01   2.6715670e-01   1.3892291e-01   6.8395802e-01  -3.6438091e-01   5.3377555e-02  -2.2617659e-01  -2.7835155e-01   2.8048664e-01  -3.3404196e-01   2.3350595e-01  -1.6852132e-01  -3.7495206e-01   1.7322843e-01   7.8012137e-02  -3.4967226e-01  -3.6104343e-01  -3.4870582e-01  -2.7620364e-01  -1.9647634e-02   5.8781885e-02  -9.1886200e-03   1.0638961e-01   1.6282279e-01  -5.8727289e-02  -8.9979823e-02   2.4326395e-01  -2.8711204e-01   1.8587339e-01  -4.6726410e-01   2.5341057e-01   2.5060417e-01  -2.7556556e-01   2.0409852e-01  -1.9949505e-01  -1.6065968e-01  -3.3727025e-01  -1.8958982e-01  -3.9455175e-01   3.0583019e-01   1.1671125e-01  -1.6755510e-01   1.6606712e-01   1.9074973e-01  -2.0350210e-01  -5.9295109e-02  -3.7757786e-01  -1.2575724e-02  -1.6072276e-01  -1.0758542e-01  -3.4699114e-01   1.0420678e-01  -2.0433836e-01   5.2070302e-01  -1.0215645e-02  -2.4386729e-01   2.7804739e-01   1.9955982e-01  -3.0705768e-01   1.7648871e-01   8.8327409e-02  -1.7668520e-01  -1.3446988e-01  -3.3191530e-01   3.0719597e-02  -3.2339189e-01  -3.5883609e-01  -9.7944551e-03  -3.7391699e-01  -8.2535775e-02  -4.5077140e-02   3.7962969e-01  -2.7819393e-01  -3.1559711e-02  -3.2868773e-01   3.0544080e-01  -6.9616951e-02  -2.9340686e-01   1.1907624e-01  -7.1580470e-02  -3.7887874e-01  -3.1240144e-01   1.2364454e-01   1.1106521e-01  -2.2876509e-01  -4.2618558e-01  -2.0103365e-01  -1.3726757e-01   1.8061357e-01  -3.2570172e-01   2.6826203e-01   1.9708930e-01   6.1318444e-02  -2.4490823e-01  -6.7317612e-02  -9.0905006e-02  -3.5548562e-01   1.9338847e-02   1.4626369e-01  -4.1242030e-01  -3.6029847e-01  -1.2436432e-01   8.8941681e-02  -4.1304930e-01   6.4067076e-01   2.0514059e-01  -4.3035458e-01   5.1928321e-01  -1.7060027e-01   4.5577833e-02   8.7415257e-02   1.4672061e-02  -9.0449488e-02  -7.5348348e-02  -2.1819894e-01   5.4010602e-01  -3.9414358e-01  -3.0580091e-01   8.8733288e-02  -1.5332262e-01  -4.2376952e-01  -9.0622549e-03  -3.6918887e-01   1.3963093e-01  -3.7973391e-01  -2.9538589e-01   3.1192540e-01   1.3103981e-01  -1.3228149e-01  -1.9220080e-01   2.7011148e-01   2.0332824e-01  -3.6890724e-01  -1.4683916e-01   3.1810282e-02   9.9587610e-02   2.3423502e-01  -2.2225524e-01
   3.9068874e-02  -3.7627229e-01  -3.1997260e-02   2.4039919e-02   2.6427483e-01   6.4997260e-02   4.4481145e-01  -2.0090498e-01  -3.3054066e-01   5.2329351e-01   3.0110649e-01   1.5098116e-01   0.0000000e+00  -2.4405028e-01   1.1321205e-01   4.2807348e-01   7.6841980e-02   3.0164958e-01  -4.3924660e-01   5.5651251e-01   2.7241516e-01  -1.7933528e-01   6.3972007e-01  -2.8202459e-01  -3.3221201e-02  -4.0453562e-01   3.2060330e-01   6.9678256e-02   1.1012656e-03  -2.1548959e-01  -2.9063821e-01  -2.7944212e-01   2.3458978e-01   1.3846428e-01  -1.5656122e-01   5.3373150e-01   1.9671217e-01  -2.6017056e-01   4.2269385e-01   2.3932479e-01   8.2748526e-01   3.1429866e-01   9.7123761e-02  -3.9692513e-01   4.4314589e-01  -3.5939558e-01   2.4001366e-01  -2.6828928e-03  -1.3051543e-01   2.6746637e-01   4.0755593e-01  -3.6567921e-01  -8.3983123e-02  -1.1409031e-02  -8.2943651e-02  -3.3553392e-01  -4.0262874e-01  -2.7209063e-01   4.2998781e-01  -1.2767423e-01  -2.5755558e-02   3.7663165e-01  -2.1134645e-01  -2.1418041e-01  -2.4583561e-01   4.6623769e-01  -1.8142969e-01  -2.9202815e-02  -1.8564186e-01   1.4475023e-01  -6.2863715e-02   1.7966737e-01   6.1047154e-01  -2.6058233e-01  -2.1114989e-01  -3.6405467e-01  -1.0231422e-01  -2.2152741e-01  -7.5086087e-02   3.8023331e-01   1.3735463e-01   5.4060771e-01  -1.8938014e-01  -3.3845871e-01  -1.5323160e-01  -3.2590003e-01  -3.1179690e-01  -2.2003748e-01  -3.4048346e-01  -1.5402117e-01  -9.2613254e-02  -2.9148260e-01   1.3691545e-01  -5.0107177e-02  -8.2029002e-02   3.6147504e-01   6.1236024e-01  -4.9742986e-01   4.4950417e-01   4.8001821e-01  -2.4826081e-01   2.5164325e-01  -4.8782313e-01  -2.0580443e-01   8.4471372e-02  -2.9528699e-01   7.7578213e-02  -4.2922517e-01   2.0388947e-01   7.1185012e-03   1.0821545e-01  -1.0376870e-01  -4.9914316e-02  -2.0312117e-01   1.4595626e-01  -3.4683260e-01  -2.6118626e-01   8.0070103e-01  -2.0810100e-01   1.3761366e-01  -3.0360810e-01  -9.3306419e-02  -3.5304235e-01  -2.7882390e-01  -4.2676900e-01  -2.9540511e-01   2.2264952e-01   2.8365705e-02  -2.7582322e-01   1.7400581e-01   6.3928978e-01   8.3044111e-02  -3.8568327e-01  -7.9351268e-02  -3.1469305e-01  -4.1417080e-01   2.8809663e-01   1.6692081e-01  -3.9976651e-01  -4.0353939e-01  -2.6999699e-02   4.1191604e-01  -1.1334531e-01   2.0249603e-01   2.0456546e-01  -2.1759532e-01   1.4409086e-01   6.5147835e-02   3.9053517e-01   2.5264355e-02  -1.9206990e-01  -3.8371557e-01  -1.3869453e-01  -1.8503619e-01   1.4928686e-01  -4.7701182e-01  -2.9040541e-01   5.9368540e-01  -2.0010776e-01  -2.1211428e-01   1.7951723e-01  -2.2826044e-01   1.2429809e-02  -1.5114704e-02  -3.1755249e-01  -8.3221092e-03  -4.5323315e-02  -9.0264029e-02  -2.2692899e-01  -9.2454039e-02  -5.9700538e-02  -3.1124145e-01  -5.9160532e-02  -2.7888573e-01   1.0602581e-01   3.6232463e-01  -2.1233707e-01
   1.2667528e-01  -8.5944282e-02  -2.3821867e-01   3.7782220e-01  -3.3334568e-01  -1.1180777e-01  -2.6014168e-01   2.9459381e-01   3.0500637e-01  -2.1890420e-01   1.0578700e-01  -3.6121087e-01  -2.4405028e-01   0.0000000e+00   2.4400702e-01  -2.6928873e-01  -3.0983206e-01   1.3323220e-01   1.7602934e-01  -3.5348317e-01  -1.6789554e-02   3.4185372e-01  -8.4401323e-02   4.9753559e-01   1.0618473e-01   2.0503932e-01  -3.0301678e-01   2.6801732e-01   7.3314966e-02   2.3675384e-01   1.9440511e-01   3.1156548e-01  -2.1579657e-01  -1.2065491e-01   7.7696353e-02  -1.5520336e-01  -1.3137670e-01   2.4013437e-01  -2.7873508e-01  -2.7068391e-01  -2.2242984e-01  -9.2156897e-02  -2.5805206e-01   1.8881426e-01   1.1171865e-02  -3.7252655e-02   1.2368541e-01  -2.9836840e-01   3.1013258e-01  -2.6073133e-01   6.5847370e-02   2.8417279e-01  -1.0335682e-01   7.2521918e-02   6.8082311e-01   1.8467989e-01   1.8808265e-01   3.1214243e-01   1.1102590e-01   2.6396176e-01  -7.4821839e-03   1.2479160e-01  -3.8895087e-02   6.9916557e-02   6.9645346e-02  -8.7353454e-02   1.6663007e-01  -7.4958489e-02   3.1414320e-01  -4.0229916e-01  -3.2405448e-01   2.0203785e-01  -1.2327106e-01   1.5620832e-01   1.4859401e-01   2.9300165e-01   4.5180791e-02   1.4502880e-01  -1.8037953e-01  -5.7187841e-02   2.1645417e-01  -1.2808455e-01   1.3876736e-02   2.3184568e-01   2.3503302e-01   3.1865594e-01   3.7314364e-01   5.5951494e-01   2.2416014e-01   1.2773971e-01  -1.2866760e-01   1.7073095e-01  -3.5182885e-01   2.6819097e-01   1.3808177e-01  -3.3039020e-01  -1.1276417e-01   2.4854457e-01  -7.8952595e-02  -2.8425235e-01   3.2755623e-01   1.6064001e-01   4.6750467e-01   1.6691193e-01   1.9316701e-01   3.3534560e-01   1.2722648e-01   3.1736967e-01  -2.6315628e-02   2.0285104e-02  -9.8917961e-02   2.6119361e-01   1.5736204e-01   1.4699476e-01   9.8286515e-03  -1.3717563e-01   1.2808136e-01  -1.1965779e-01   1.9853754e-01   4.1505122e-01   1.3680520e-01  -1.1889875e-01  -8.2084811e-03   2.8002080e-01   2.1592919e-01   3.4859955e-01   1.3213431e-01  -6.4003698e-02   3.3705928e-01  -3.3299745e-01  -3.2840588e-01  -7.2594681e-02   3.9403123e-01   2.1324822e-01   2.7220226e-01   3.1576738e-01  -7.4322632e-02  -1.9302565e-01   2.9890134e-01   2.3335237e-01   1.9727446e-01  -1.9902277e-01   2.4083533e-01  -3.3698372e-01  -6.9622965e-02   4.0421347e-01  -2.7380654e-01  -6.0197719e-02  -9.2553485e-02  -9.2968529e-02   2.0799990e-01   3.3688200e-01   2.0331650e-01   1.5419389e-01  -4.2179000e-01   3.6093419e-01   2.7448413e-01   5.0789219e-02   8.1778041e-02   4.0570041e-01  -1.1632283e-01   1.8454402e-01  -4.7912729e-02   3.1690636e-01   2.8005422e-01  -2.4357985e-01   1.0471927e-01   2.9704328e-01   1.8438150e-01  -2.1968502e-01  -1.9822966e-01   1.2882403e-01   1.4933663e-01  -2.4513972e-02   1.3571441e-01  -2.2155585e-01   2.9558688e-01
