   0.0000000e+00  -4.5979401e-01   1.6600737e-01   2.6496764e-01  -3.2821210e-01  -2.4277991e-01  -4.8973280e-01   6.7736530e-01   3.9110891e-01  -3.5954934e-01   1.3207081e-02  -4.3254875e-01  -1.9148334e-01   1.9608878e-02  -4.0392075e-01  -3.9088416e-01   4.2387451e-03  -5.8718527e-02   4.6671624e-01  -4.2219043e-01  -2.6734065e-01   6.4638685e-01  -2.7481126e-01   7.2922146e-01   3.3851275e-01   7.3610745e-01  -2.4400990e-01  -1.7717968e-01   2.2473913e-02  -6.5023803e-02  -3.1741190e-01   5.4468935e-01   5.0484989e-02  -5.2212984e-01  -2.8169381e-01  -4.3544644e-01  -2.7543008e-01   2.4544178e-01  -4.7960669e-01  -2.8919340e-01  -3.7128138e-01  -8.7493489e-02   1.5685331e-01   2.6965542e-01  -2.8277499e-01   7.8080410e-01  -3.0883051e-02  -5.3597118e-01  -2.4938070e-01  -1.7790319e-01  -1.7661607e-01   6.4674258e-01  -4.6975017e-01  -2.5959730e-01   3.3712638e-01   4.6112630e-01   1.9940286e-01   6.3065492e-01  -1.6358307e-01   6.9406936e-02  -7.5413244e-02  -3.1935420e-01   4.0779211e-01   2.0745801e-01  -1.4131571e-01  -4.2420232e-01  -5.1805646e-02   1.5514155e-01   3.8135171e-01   4.8421953e-01  -4.9393656e-01   9.9630266e-02  -4.6315284e-01   3.3862499e-01   3.6899708e-02   6.4293284e-01   1.7365226e-01   3.9460113e-01  -2.5013147e-01  -1.4997316e-01  -8.4669439e-02  -2.2569044e-01  -2.6098423e-01   5.2550130e-01   5.3267387e-01   6.8129233e-01  -3.6085696e-01   5.7784971e-01   1.8589179e-01   7.5455923e-01  -4.1392504e-02   3.7296436e-01  -3.8936249e-01   5.1807137e-01   8.1455273e-02  -3.4505170e-01   1.2395379e-01   4.7245389e-01  -1.7846616e-01  -2.8726522e-01  -5.6800337e-03   5.0022181e-01  -1.5420034e-01   7.4927803e-02   1.5465395e-01   6.3551082e-01  -1.4699481e-01   6.6898037e-01  -1.2496340e-01  -3.8493139e-01  -4.7703123e-01   3.5953794e-01   4.0202938e-01   8.9890634e-01  -2.8534718e-01  -3.1785026e-01   4.9314340e-01  -2.4756776e-01  -3.3245085e-01   3.0134481e-01   8.0420346e-01  -3.1433804e-01   5.2719468e-02  -1.3557089e-03   8.3598001e-01   1.3355113e-01  -1.6011010e-01  -5.4871177e-02   5.7029441e-01   2.3671086e-01  -4.7061017e-01  -6.8320624e-01   2.1739458e-01  -4.3523894e-01   5.4980304e-01   7.1596842e-01  -9.4873666e-02  -2.6825076e-01   6.9234451e-01   7.6303114e-01   8.5449975e-01   2.5704870e-02   4.7381065e-01  -2.0220627e-01  -4.0891010e-01  -3.2967604e-01  -5.2098765e-01  -2.4447007e-01  -4.3727499e-01  -4.1572205e-01   4.0426513e-01  -1.2235492e-01   4.6590599e-01  -9.8159311e-02  -1.4577169e-01   7.2934109e-01   7.7919380e-01  -2.8567275e-01   2.4093753e-01  -3.0984837e-02   1.9645769e-01   5.0041750e-01  -4.2973945e-01   1.0698317e-01   6.4541331e-01  -4.6777223e-01  -3.6712926e-01   2.4274288e-01   4.7983623e-01  -3.3565718e-01  -1.9682137e-01   3.8911812e-01  -1.5297421e-02   5.2385571e-02   2.7628458e-01  -1.5110369e-01   6.7458954e-01
  -4.5979401e-01   0.0000000e+00  -1.5483955e-01  -2.8044535e-01   8.4846525e-02   1.5842820e-01   5.2845372e-01  -2.6483680e-01  -2.7080543e-01   2.8487626e-01  -3.8402598e-01   5.5527067e-01  -3.5274824e-01   2.0363710e-02  -5.4825894e-02   2.3439976e-01  -5.3873486e-02  -2.0080300e-01  -1.5874217e-01   1.3088407e-01   1.3085921e-01  -3.8819162e-01   3.7490989e-02  -4.7713768e-01   1.4588985e-02  -3.7562194e-01   1.7594693e-01  -3.5621882e-01  -4.6493390e-02   7.7051667e-02   1.1047103e-01  -3.9759802e-01   1.2598922e-02   4.5628921e-01   3.8990163e-01  -9.4956033e-02   4.8980399e-01  -9.9971648e-02   1.6273473e-01   2.0733438e-01  -5.3262945e-02  -1.1269871e-01   7.8669154e-02  -2.9685211e-01  -1.5657269e-02  -3.1558493e-01  -2.7382681e-01   6.2969519e-01   2.2925130e-01   3.1332682e-01  -2.5095241e-01  -3.1632601e-01   5.8292360e-01  -4.5544548e-02  -2.4346314e-01  -2.8364570e-01  -1.1828189e-01  -3.5615667e-01  -1.4919781e-01   3.0370203e-01  -1.2859401e-01   1.2599368e-02  -1.8129017e-01  -1.7429182e-01   3.3841424e-01   2.0070066e-01   1.4036712e-01   1.8980049e-01  -3.5343572e-01  -3.7631570e-01   5.9894685e-01  -1.6983085e-01   2.5381258e-01  -2.2715482e-01  -1.2149137e-01  -1.9111446e-01  -1.1212956e-01  -2.7571260e-01   2.4240577e-01  -2.4813446e-01  -2.2965339e-01   3.0257930e-01   3.6290402e-01  -2.9672629e-01  -3.8554867e-01  -3.4931153e-01   5.0180040e-01  -5.1440074e-01  -1.8169031e-01  -4.1478073e-01  -2.9437909e-02  -2.7643506e-01   3.9844638e-01  -1.1898464e-01  -1.3441098e-01   1.0677821e-01  -1.4380096e-01  -1.6342790e-01   1.1548434e-01   4.4628453e-01  -2.2772914e-01  -5.2784160e-01   3.1078823e-01   2.5557913e-01  -1.8540546e-01  -2.7506005e-01  -2.1493380e-05  -2.4515829e-01  -1.1295597e-01   4.9917861e-01   4.4157848e-01  -3.5420808e-01  -1.8412166e-01  -4.3866042e-01  -3.1351987e-01   4.1497480e-01  -1.8573827e-01   3.4100225e-02   3.1737453e-01  -1.8589084e-01  -3.6124978e-01   1.2565540e-01   1.0930834e-01  -7.9342968e-02  -3.4792054e-01  -2.3843293e-01  -1.4270158e-01  -1.3153324e-02  -3.6992633e-01  -2.9176604e-02   6.4152714e-02   2.1958958e-01  -5.3438475e-02   4.1897497e-01  -2.4749316e-01  -3.3401279e-01  -1.9731492e-01   5.1279791e-02  -3.6320550e-01  -2.9699856e-01  -4.1823205e-01  -2.1191978e-01  -4.3799559e-01   4.3355273e-02   8.8237911e-02   3.7640443e-01   3.1148422e-01   1.5557738e-01   3.2736758e-01   5.0179697e-01  -4.8333080e-01   2.1038706e-01  -3.8830342e-01  -1.5228433e-02   1.7309009e-01  -2.8743246e-01  -4.0589067e-01  -8.9268610e-02  -1.7871207e-01  -1.9358585e-02   1.4129113e-01  -4.0945106e-01   9.1429954e-02  -8.7891786e-02  -4.6205607e-01   4.9974893e-01  -5.7964071e-02  -1.9711063e-01  -3.7490583e-01   5.8107429e-01   3.7795849e-01  -3.0137008e-01   3.2313862e-02   1.2729590e-01  -2.3740874e-01  -1.7950503e-01  -4.1527907e-01
   1.6600737e-01  -1.5483955e-01   0.0000000e+00  -2.9076751e-01   1.8433538e-01  -6.4062315e-03  -1.2530015e-01   9.8634994e-02   1.6533715e-02   8.6306811e-02  -4.8576788e-01   1.9731224e-01  -1.2781111e-01  -1.4905479e-01  -6.0887246e-03   2.8211378e-02   8.1544717e-01  -4.4278490e-01   3.0445920e-02   1.1624523e-01  -5.3093694e-01  -1.4143304e-01  -2.0785806e-01   1.8089878e-01   5.6730511e-02   7.8395613e-02  -1.4576812e-03   1.9827158e-02   7.5328119e-02  -5.6608374e-01  -2.7308104e-01  -2.8710279e-01   1.8710243e-01   1.2371145e-01   1.5167365e-01  -2.1300161e-01  -7.2449611e-02   2.0103952e-01  -2.2439607e-02   3.8434157e-01  -2.2476285e-01   3.9499256e-01  -1.5482833e-02  -6.4266552e-02  -1.1406196e-01   2.2497517e-01  -4.6338229e-01  -2.1432278e-01  -5.6575522e-02   5.6889793e-01  -3.5898505e-01   2.9802755e-02  -9.2562443e-02   3.8052342e-01   1.3980700e-01  -5.2154114e-02  -1.6415597e-01   1.5981416e-02  -2.4862548e-01  -2.2008332e-01   5.1680676e-01  -1.0692197e-01   2.4998948e-04  -1.8555329e-01  -4.6014276e-01  -3.5843473e-01   6.5939525e-02   1.0354215e-01  -3.6179169e-01   5.6446773e-01   3.1997306e-01  -3.9984570e-01  -1.8250535e-01   1.6705261e-02   2.8548455e-01   9.0920947e-02   4.3737318e-01  -6.8263395e-02   7.5828242e-02  -8.5137102e-02  -1.0249861e-01  -1.5962924e-02  -2.3370470e-02  -9.6717771e-03   2.1944509e-01   5.2315479e-02  -1.6057384e-01   3.7939835e-02   1.4639008e-01   1.4515782e-01   2.4875329e-02   6.7729233e-01   4.3567005e-01   1.7328476e-02   1.8271870e-01   3.0523653e-01  -7.5828521e-02   1.5529381e-02   4.3404929e-02  -4.7173007e-01   2.7659205e-01  -1.2303130e-01  -3.6535266e-01  -4.3621533e-01  -4.8639284e-01   6.3916835e-02   4.1517135e-01  -4.5775780e-02   2.9818709e-01  -3.5515515e-01   1.4790648e-01  -4.0480204e-01  -2.7870579e-01   9.8326001e-02   1.6176589e-01  -2.0215967e-01   3.3286466e-02  -3.2922082e-01   9.4170456e-02  -3.8903727e-01   2.3755664e-01   2.2739212e-01   1.5634934e-01  -2.7801969e-01   2.0377287e-01  -1.0484560e-01  -2.6542020e-01   3.1355630e-01  -6.3779623e-02   5.4350470e-01  -1.6076527e-01  -1.4785136e-01   4.3069121e-02  -1.7801862e-01  -1.3060171e-01   5.7744903e-02   2.1468223e-01  -8.9136006e-02  -8.3230172e-02   5.9391128e-02   2.0987753e-01  -3.0227036e-02  -2.7326078e-01   3.9106400e-01  -1.4769635e-01  -4.2153065e-01   2.7905105e-01  -3.2490386e-01  -3.1832684e-01  -3.7749577e-01   2.6298641e-01  -4.3535665e-01   4.0192636e-01  -2.4551642e-01   5.4231153e-01   9.4432483e-02   2.0517489e-01  -2.0794700e-01   6.3354709e-01  -3.5999261e-01  -9.7147158e-02  -1.8398372e-01  -3.0986178e-03  -5.5958993e-01   2.6928621e-03  -2.0433809e-01   1.3901385e-02   3.9878760e-02   3.3168783e-01   2.5963464e-01  -5.6567511e-02   1.6711626e-01  -4.1125455e-01   9.3839524e-02   1.5028736e-01   4.2326307e-01   3.6215437e-02
   2.6496764e-01  -2.8044535e-01  -2.9076751e-01   0.0000000e+00  -9.4632076e-02  -3.0417192e-02  -3.2902077e-01   1.3421578e-01   2.3375831e-01  -3.4467792e-01   4.4459241e-01  -4.9391568e-01   9.6518148e-02   3.6622997e-01  -1.5567146e-01  -3.6279968e-02  -1.9178324e-01   5.2654432e-01   2.1916089e-01  -2.9467587e-02   4.2423065e-01   5.4847567e-01   1.4631502e-01   2.9048806e-01   1.3605360e-02   2.5566940e-01   2.7178536e-02   3.5552577e-03  -2.0488603e-02   3.7908123e-01  -2.3052557e-03   7.1111174e-01   1.8924104e-01  -4.5974924e-01  -2.9288091e-01   1.9916095e-01  -2.3665235e-01  -1.6030147e-01   9.3674479e-02  -3.0962127e-01   8.4706631e-02  -5.9130013e-02   2.5338092e-02   1.8129050e-01   6.1637167e-02   7.1502762e-02   5.5963713e-01  -2.4883986e-01   2.5728023e-02  -5.5307431e-01   3.7454540e-01   1.4329321e-01  -2.6748172e-01  -9.4970322e-02   3.5000813e-01   1.3358636e-01   2.6381037e-01   5.1467794e-01   3.7210854e-01   1.3253519e-02  -1.7322160e-01   7.2847031e-03   2.8997634e-01   1.4819049e-01   1.6943506e-01   9.0428450e-02   1.2014862e-01   4.7458731e-02   5.1295152e-01  -1.1398052e-01  -4.1252089e-01   6.6553479e-01  -9.7623106e-02   1.1710274e-01  -2.2387521e-01   1.8271205e-01  -1.8487409e-01   1.0959585e-01  -6.1468053e-02   3.1590529e-01  -7.8544243e-03  -1.2597262e-01  -2.1464701e-01   1.8096617e-01  -1.5100995e-02   3.4645633e-01  -1.0060625e-01   2.7205045e-01   1.4219450e-01   2.1139942e-01   1.5448041e-01  -6.5978391e-02  -5.1149816e-01   3.1297559e-01  -1.3609780e-01  -3.2362103e-01   1.1419311e-01   7.7131124e-02   1.7288034e-01   1.0886496e-01  -9.4398033e-02   4.7901356e-01   1.9112519e-01   2.3897082e-01   6.8961451e-01   5.4716330e-01   5.5896362e-02   2.8994730e-01  -1.1341293e-01   2.6558221e-02  -4.8932246e-01   6.5560453e-01   6.7461404e-01   2.0958795e-01  -2.1733924e-01   1.2174747e-02   7.5934696e-02   3.0409578e-02  -1.8672380e-01   8.1321302e-01   1.7200404e-01  -1.3855082e-01  -8.7560624e-02   3.4628783e-01   1.5875910e-01   3.0749863e-01   3.4813225e-01  -1.0742989e-01   6.2333674e-01  -1.6054677e-01  -2.1102190e-01  -1.5202450e-01   1.8255403e-01  -1.4387319e-01   5.7725303e-01   2.2861211e-01  -5.3460396e-02   2.0652020e-02   3.6034260e-01   2.9665889e-01   3.3743386e-01  -1.5294995e-01   5.3444387e-01  -3.3843996e-01  -1.1193149e-01   1.9219586e-01  -4.8625258e-01   2.5437961e-01   3.8811488e-04  -4.7191260e-02  -2.1628438e-02   5.7722296e-02   1.4185923e-01   7.3570184e-02  -3.1727179e-01   2.4770308e-01   2.1802968e-01   2.8602189e-01  -8.9959526e-02   1.6972608e-01   1.1381763e-01   4.4407286e-01   2.9923455e-02   6.6943839e-01   5.0821102e-01  -2.4633780e-01  -1.4428410e-01   8.5092902e-02   2.3289362e-01  -2.7947174e-01  -1.1375096e-01  -6.6549270e-02   4.9633735e-01  -1.8900592e-02  -6.3986867e-02   8.4030006e-03   4.1779736e-01
  -3.2821210e-01   8.4846525e-02   1.8433538e-01  -9.4632076e-02   0.0000000e+00   2.9472136e-01   1.4377809e-01  -3.8474328e-01  -7.5625652e-02   2.1618485e-01  -2.0311880e-01   4.0222038e-01   1.6996778e-01  -3.5674955e-01   1.8279588e-02   1.6022321e-01   2.2091661e-01  -1.8543647e-02  -1.5794036e-01   8.1889944e-01  -1.4823496e-01  -4.2836611e-01  -6.8666775e-02  -3.8776998e-01  -3.7402221e-01  -4.0565950e-01   6.2264850e-01  -8.4732180e-02   1.1301485e-01   1.0019408e-02  -2.4254746e-01  -3.2334420e-01  -4.2222929e-02   2.3982729e-01   9.0947758e-02   5.7929223e-01   5.7127877e-02  -1.1507831e-01   3.0587683e-01   5.4847318e-01   2.6868977e-01   5.1395502e-02   9.8307230e-02  -3.8390076e-01   4.7203554e-01  -3.3033048e-01   3.0473990e-03   1.8659762e-01   6.5374854e-03   3.3593650e-01   2.3856947e-02  -3.9157785e-01   3.0864993e-01   3.5694576e-01  -1.4276482e-01  -3.2150825e-01  -2.2723412e-02  -3.4948412e-01   2.5897452e-02  -3.6458596e-02   2.1070644e-02   3.9900040e-01  -5.3078164e-02  -4.0590924e-01  -2.1463049e-03   3.8984996e-01   3.7769593e-01   1.4888792e-01  -1.5216045e-01  -7.7055649e-02   2.5617638e-01  -6.2512434e-02   1.6603647e-01  -1.9844606e-01   8.5473352e-02  -2.5777364e-01  -1.2668033e-01  -1.0119852e-01   7.8884176e-01   1.8743559e-01  -3.1035089e-01   5.4284226e-02  -1.3827117e-01  -4.5776922e-01  -3.1145784e-01  -3.1755653e-01  -1.0332558e-01  -4.2286349e-01   1.5162508e-01  -1.8169136e-01   4.3566895e-01  -1.5140110e-01   3.9483167e-01  -2.0810391e-01  -2.6690389e-02   6.9469061e-01   1.4458820e-01  -3.3146928e-01   5.7989953e-01  -4.0667324e-02  -2.6768350e-01  -4.3041218e-01  -1.9525097e-01  -3.6570383e-01  -2.9626539e-01  -3.1642100e-01   3.2365222e-01  -3.1470298e-01  -4.7018928e-03   2.1032423e-01   4.8150661e-02  -2.2853762e-01  -3.2286029e-01  -2.9442657e-01  -8.3630168e-02   4.0109554e-01  -6.7872624e-02   1.3003422e-01  -6.5228808e-02  -2.0046764e-01  -3.1901973e-01   7.5316527e-01  -2.3049998e-01  -2.4349635e-01  -2.4947923e-01  -2.0476947e-01  -6.3395977e-02   1.6090242e-01  -2.6289424e-01   1.2702565e-01   2.2311852e-01   5.1481563e-01  -1.2343072e-01  -1.7404713e-01  -4.2654663e-01  -4.3665871e-01  -5.1738610e-02  -3.1210618e-01  -3.8905298e-01  -3.0850972e-01  -2.2199900e-01   1.0716788e-01  -2.5178953e-01   1.6946725e-01  -1.2964372e-01  -1.9278666e-01   1.8339079e-01   3.6266602e-01   2.7215212e-01   3.7909414e-02  -2.1493373e-01  -5.0778166e-01  -2.7527297e-01   4.8467501e-02   5.8857595e-01  -2.9207023e-01  -2.4505218e-01   7.2594185e-02  -9.8756663e-02  -3.2660926e-01  -9.2262661e-03  -3.7522133e-01   4.6931956e-01  -1.5708241e-01  -2.5631331e-01   3.2141359e-01   4.9183153e-01  -2.8671094e-01  -9.2975956e-02   3.0354823e-01   4.9206693e-01  -3.1862512e-01   2.5870719e-02  -7.9118907e-02  -1.5823908e-01   2.4697634e-01  -3.6721532e-01
  -2.4277991e-01   1.5842820e-01  -6.4062315e-03  -3.0417192e-02   2.9472136e-01   0.0000000e+00   4.0398322e-01  -1.4402971e-01  -3.0050823e-01   1.1842042e-01   2.3118353e-02   4.3322322e-01   4.5586614e-02  -3.5530151e-01  -1.0066848e-01   3.3728535e-01  -8.8287993e-02   1.7086426e-01   3.3281483e-01   4.9092094e-01   2.5802194e-01  -1.3131104e-01   8.3567903e-02  -2.2530212e-01  -4.3057843e-02  -2.0056794e-01   6.1538860e-01   1.1407486e-01  -2.3169264e-02   3.4016648e-01  -3.6767247e-01  -1.3102201e-01   1.5951423e-01   8.9602214e-02  -1.0401952e-01   4.5598581e-01  -1.2344163e-02  -3.1667819e-01   2.2733950e-01   4.1027477e-01   1.3395723e-01   1.2849024e-01   3.0602537e-01  -4.0882359e-01   3.3388383e-01  -1.6783535e-01   2.4437274e-01   3.1489940e-01  -3.9918491e-01   1.7448873e-01   2.4206224e-01  -2.5324426e-01  -7.7936476e-02   1.1655525e-01  -2.8180361e-01  -1.5495950e-01   5.6482071e-01  -1.7782801e-01  -1.4254780e-01   3.3071650e-01  -2.0225954e-01   3.3500232e-01  -4.9311377e-02  -4.7187887e-01  -2.9032442e-01   3.9106921e-01   8.1496461e-01  -4.2087467e-03   1.0349730e-01   2.1461749e-01   1.0020118e-01   3.1194832e-01   4.0167748e-02   1.5721695e-02  -3.2266092e-02  -2.4526428e-01  -1.9824737e-01  -3.5013757e-01   8.2677221e-02   1.0039141e-01  -1.5491905e-02   8.2604124e-02  -1.3642349e-01  -1.7561746e-01  -3.1275351e-01  -1.2093620e-01  -3.3129246e-01  -3.6851672e-01  -7.1051798e-02  -2.3901596e-01  -2.7674254e-01  -3.4908652e-01   8.5349725e-02  -6.5438237e-02  -2.1015687e-01   3.2546081e-01   1.3945164e-01  -6.6713215e-02   3.6488657e-01   2.2564194e-01  -3.5138833e-01  -1.4303399e-01   1.5434384e-03  -3.1496063e-01   1.9642310e-01  -1.9554398e-01   8.7981590e-02  -4.0066984e-02  -1.5219363e-01   4.4451609e-01   1.3869692e-01   1.9792623e-01   9.8891725e-02  -2.8300011e-01   6.3029168e-02  -1.5196617e-01  -6.5463470e-02   3.4883801e-02   4.5228342e-01   4.6016559e-03  -2.4280569e-01   7.4936663e-02   3.1844901e-01  -4.9332092e-01  -1.4051466e-01   6.6238319e-02   1.0328534e-01   4.1584618e-02  -7.5018749e-02   1.8026584e-01  -7.6089576e-02   2.6654335e-01  -8.9421913e-02  -1.1717469e-01  -1.3473526e-02  -2.3886028e-01  -1.7580750e-01   5.6869053e-02  -1.8276837e-01  -2.7213467e-01  -2.9317483e-01  -9.8978975e-02   4.3865578e-03   5.7919207e-01  -2.2285627e-01  -1.7520548e-01   2.2924142e-01   8.1373540e-03   6.1980356e-01   1.1313882e-01  -3.6880509e-01  -2.3430592e-01  -2.6685889e-01  -8.2451089e-02   2.4163350e-01  -2.2639261e-01  -2.6299655e-01  -9.8552147e-02  -3.2341687e-01   2.1030187e-01   2.7306247e-01  -1.6375095e-01   1.1426609e-01   5.5828938e-02  -1.5946581e-01   7.0254359e-02   4.4177118e-01  -1.1885152e-01  -3.1794858e-01  -1.8772531e-01   2.0350846e-01  -4.2738126e-01  -6.9179092e-02   4.6140468e-01  -1.8788913e-01  -1.5745082e-01  -2.9096612e-01
  -4.8973280e-01   5.2845372e-01  -1.2530015e-01  -3.2902077e-01   1.4377809e-01   4.0398322e-01   0.0000000e+00  -3.3567605e-01  -2.9195189e-01   5.0383560e-01  -1.6223216e-01   7.3305129e-01  -1.4936948e-01  -2.7881615e-01   4.0256664e-01   3.1314801e-01  -1.9530832e-01   1.0192930e-01  -1.4510522e-01   3.0228610e-01   5.6382268e-02  -4.0288958e-01   5.2196300e-01  -6.1924041e-01  -1.5667924e-01  -4.3704880e-01   2.8860015e-01   1.4684418e-01  -6.7262151e-04   6.3820839e-02   1.6258717e-01  -2.9041617e-01  -1.0505810e-01   6.8657241e-01   6.2625284e-01   1.3405069e-01   5.5103579e-01  -2.7889992e-01   7.6288010e-02   4.2379246e-01   5.0978444e-02  -5.1877246e-04   2.8396463e-01  -4.3741322e-01   2.1887668e-01  -3.2338008e-01  -1.9598941e-01   8.0498870e-01  -1.5066329e-01   2.7444679e-01   2.5839587e-01  -3.4748115e-01   4.3543640e-01  -3.5528655e-02  -5.0118209e-01  -2.8252435e-01  -1.1644226e-01  -3.6607991e-01  -1.8265427e-01   2.7433485e-01  -1.6314804e-01   1.9240416e-01  -2.3724362e-01  -3.2272839e-01   2.1253294e-01   3.8190697e-01   1.8733231e-01   9.5962661e-02  -3.2494939e-01  -1.1861485e-01   5.8037636e-01  -6.4919105e-02   2.8930200e-01  -4.0702160e-01  -1.6643036e-01  -2.8111862e-01  -1.8800478e-01  -3.1548408e-01   8.2278218e-02  -1.8517848e-01   2.8508513e-01   2.7238475e-01   4.9522010e-02  -4.2565333e-01  -6.7549468e-01  -2.6268769e-01   3.8813102e-01  -5.1010722e-01  -2.6098271e-01  -6.4855625e-01  -4.2464737e-01  -3.8568032e-01   4.2799082e-01  -1.8256906e-01  -2.1998462e-01   1.8235887e-01  -3.3289225e-02  -2.0940866e-01   2.0465940e-01   6.1311083e-01  -3.9642898e-01  -3.8134790e-01   1.1454331e-01  -5.7611429e-02  -2.7531870e-02  -3.7651105e-01  -1.4524173e-01  -2.7242649e-01   2.4194603e-02   2.9258778e-01   5.5604519e-01  -2.5203112e-01  -2.2661212e-01  -5.2261404e-01   1.4978521e-01   3.5481216e-01  -2.4904292e-01   1.2767457e-01   1.5107036e-01  -2.0718053e-01  -5.5455575e-01  -2.0238984e-02   1.0544159e-01  -1.8551374e-01  -4.5998947e-01  -2.8023113e-01   2.2573654e-01  -1.3742205e-01  -2.8743765e-01  -7.0395375e-03   1.0239367e-01   5.1851362e-01  -4.8719961e-01   5.2971149e-01  -2.7601967e-01  -3.4972471e-01  -2.1787628e-01   1.4764978e-01  -3.7201326e-01  -3.7237570e-01  -5.0469399e-01  -2.1513683e-01  -3.0435494e-01   3.5664524e-01   4.6542439e-01   1.6933764e-01   7.8195598e-01  -6.1257549e-02   4.4057240e-01   6.3642186e-01  -5.5234900e-01   1.9251945e-01  -5.5292581e-01  -1.5189304e-01   1.1548887e-01  -5.0285885e-01  -4.8992848e-01  -1.0464878e-01  -3.3941874e-01   2.3613550e-01   1.6928993e-01  -4.0652438e-01   1.9056726e-01  -1.0987754e-01  -4.6156138e-01   6.0352315e-01   1.6167588e-01  -4.0122580e-01  -6.3332809e-01   1.5838470e-01   2.1937596e-01  -4.2271852e-01  -3.1034084e-02  -9.1893031e-02  -3.3560891e-01  -3.2087271e-01  -3.9454858e-01
   6.7736530e-01  -2.6483680e-01   9.8634994e-02   1.3421578e-01  -3.8474328e-01  -1.4402971e-01  -3.3567605e-01   0.0000000e+00   3.2116738e-01  -2.8974085e-01  -1.2019337e-02  -3.0573592e-01  -1.7613110e-01   1.9072794e-02  -4.1792844e-01  -2.7057812e-01  -8.1765554e-02  -1.8527858e-01   5.1059750e-01  -4.5729142e-01  -2.7939966e-01   6.1801319e-01  -2.4186649e-01   4.9730527e-01   3.4140204e-01   8.3038375e-01  -3.4325700e-01  -2.2125062e-01  -7.1477239e-02  -2.1372462e-01  -2.5173093e-01   5.1060362e-01  -1.0401927e-02  -4.2033160e-01  -3.3486486e-01  -4.8073107e-01  -1.2703005e-01   7.2571197e-02  -4.4864587e-01  -2.7272344e-01  -3.7266621e-01  -1.6445179e-01   8.0804219e-03   4.1650556e-01  -4.5996706e-01   5.9409826e-01  -1.4087002e-01  -4.3911726e-01  -3.5949036e-01  -1.7062841e-01  -3.0050449e-01   8.5440682e-01  -4.2175089e-01  -1.8915533e-01   1.8663813e-01   5.5365306e-01   3.0313474e-01   5.8824794e-01  -6.3905634e-02   6.0647443e-02  -1.9821054e-01  -5.6849877e-01   3.2758878e-01   2.3099055e-01  -1.5472115e-01  -3.0771408e-01  -5.4170674e-02   7.5843456e-02   3.4883286e-01   4.6151742e-01  -3.8216820e-01  -3.2589864e-02  -3.7245908e-01   3.2238140e-01   7.9753305e-02   7.2618067e-01  -5.5237240e-03   4.2196503e-01  -2.5753945e-01  -1.2465603e-01   7.8545761e-03  -1.3831902e-01  -1.5673740e-01   6.5800012e-01   3.7752948e-01   7.0845002e-01  -2.1372953e-01   4.6227929e-01   2.2261504e-01   5.4189396e-01  -1.3536418e-01   3.0348189e-01  -2.3512853e-01   3.5222217e-01  -1.1419752e-01  -3.7486316e-01  -9.8591345e-02   6.4669315e-01  -3.4454583e-01  -2.4482866e-01  -9.8424454e-02   5.0621322e-01  -9.1794234e-02   1.7169757e-01   1.4258556e-01   5.6498041e-01  -1.8343701e-01   7.4655219e-01  -1.5378724e-01  -2.8547853e-01  -2.7877582e-01   2.2602045e-01   2.5170429e-01   6.4270967e-01  -2.9609464e-01  -2.5473577e-01   6.1907910e-01  -2.2915938e-01  -2.4483493e-01   1.4632903e-01   6.8110204e-01  -3.4871693e-01   1.6688755e-01   7.1380753e-02   6.7424757e-01   1.3518017e-01  -3.6587155e-01  -3.4614381e-02   4.7516928e-01   1.9625940e-01  -3.8049650e-01  -6.2673382e-01   1.7213240e-01  -3.1595253e-01   4.1683606e-01   7.4022448e-01  -6.4841359e-02  -3.0898120e-01   6.4915998e-01   4.5707643e-01   5.3828931e-01  -7.8663087e-02   4.4774514e-01  -1.0707996e-01  -3.9154491e-01  -2.8718771e-01  -3.7003382e-01  -1.2800774e-01  -2.5975713e-01  -2.5532695e-01   3.5412739e-01   5.7232182e-02   3.7616563e-01  -5.5802908e-02  -1.6114349e-01   5.8615796e-01   6.2593689e-01  -2.4545473e-01   1.4416232e-01   6.7183767e-02   5.1204534e-02   4.5409240e-01  -4.2167523e-01   1.4096906e-01   5.5663861e-01  -3.7344028e-01  -3.2949848e-01   2.8682053e-01   3.3473261e-01  -2.2847490e-01  -4.4547549e-02   2.8347548e-01  -9.0619924e-02   1.4043559e-01   3.2678477e-01  -1.9972239e-01   6.8640838e-01
   3.9110891e-01  -2.7080543e-01   1.6533715e-02   2.3375831e-01  -7.5625652e-02  -3.0050823e-01  -2.9195189e-01   3.2116738e-01   0.0000000e+00  -9.1950390e-02   1.6359865e-01  -2.0297455e-01  -4.9599916e-02   6.1966668e-02  -1.1305336e-01  -4.4123585e-01  -5.1205270e-02   2.2677584e-01   1.7617503e-01  -2.9321369e-01  -1.0953744e-01   4.3135464e-01  -1.2208770e-01   2.3655643e-01   7.3035766e-02   3.1327409e-01  -3.5627144e-01  -1.6280081e-01  -1.5881495e-01   7.7002320e-02   2.3134750e-01   3.5204350e-01  -1.7722998e-01  -9.0545043e-02  -1.2469198e-02  -2.2329534e-01   1.1092703e-01  -1.3385085e-02  -4.4090483e-01  -2.3330045e-01  -2.2341740e-01  -2.4001160e-01   3.7216200e-01   3.5547900e-01  -3.6080521e-02   3.2274375e-01   1.4026256e-02  -1.5408425e-01   4.0560719e-02  -1.9997348e-01  -8.6290965e-02   2.6733185e-01   6.9591106e-02  -1.4403873e-01   2.8871785e-01   3.6585771e-01  -8.0621508e-02   4.2663134e-01   4.1418255e-02   9.5261987e-02   5.1652634e-02  -1.3866575e-01   5.9054912e-01   4.1753253e-01   3.0501886e-01  -5.8374072e-02  -2.0505001e-01   2.3294749e-01   9.3832870e-02   1.1434517e-01  -1.7653014e-01  -4.8472432e-02  -1.4945047e-01   2.1976800e-02   2.1773053e-01   4.3550670e-01   9.7597133e-02   3.2889261e-01   1.1278516e-01  -4.0390957e-02  -1.7693267e-01   4.9916393e-05   2.9535591e-02   1.8340830e-01   2.2136265e-01   2.9217627e-01   1.4178715e-01   4.6447406e-01   4.7102633e-01   2.1613095e-01   2.5401328e-01   2.1832724e-01  -7.2881224e-02   6.2080917e-01  -8.3106518e-02  -1.9033446e-01  -1.6126537e-01   1.7283813e-01   1.4805436e-02  -1.0481281e-01   5.8365103e-02   3.4110611e-01  -1.2946083e-01   3.1482585e-01  -2.8635668e-03   4.0117805e-01  -7.4382757e-02   3.3660793e-01   4.4641271e-02  -1.7219837e-01  -1.8094934e-01   1.2308023e-01   2.3872192e-01   2.7268537e-01  -2.5982106e-01   9.2578943e-02   2.1216766e-01  -1.0671264e-01  -5.0573555e-01   9.8062044e-02   2.8262660e-01  -3.3211189e-02  -7.4888839e-02   4.3115569e-01   2.3811321e-01  -1.1201883e-01  -7.8105207e-03  -1.1064970e-02   4.2732269e-01   8.7528128e-02  -2.5257851e-01  -1.6939163e-01   1.5975491e-01   3.3264011e-02   3.6308636e-01   3.7858423e-01   4.9116038e-02  -1.6732828e-01   2.8484945e-01   3.0265564e-01   4.2531656e-01  -3.0800879e-02   1.6952694e-01  -3.8289677e-01  -5.7994357e-02  -6.1447472e-02  -3.3205499e-01   1.0454221e-01  -2.2908877e-01  -4.5671095e-02   2.5897355e-01  -8.4956210e-02   2.8773297e-01   1.8947407e-01  -1.2144681e-01   3.1071692e-01   2.5181026e-01  -1.1294873e-01   1.8969338e-01  -1.9834895e-01   6.4612299e-02   3.1357966e-01  -9.0302078e-03   1.8064639e-01   2.8442115e-01  -9.0659954e-02  -2.1843630e-01   1.4183326e-01   2.1511928e-01   2.8322697e-03   5.3575685e-02  -3.0108562e-02   2.3588144e-01  -1.0490309e-01   2.7041011e-01  -7.4511440e-02   5.5423542e-01
  -3.5954934e-01   2.8487626e-01   8.6306811e-02  -3.4467792e-01   2.1618485e-01   1.1842042e-01   5.0383560e-01  -2.8974085e-01  -9.1950390e-02   0.0000000e+00  -4.1857530e-01   5.8978826e-01  -9.5585179e-02  -1.3382521e-01   4.8155897e-01   1.8783372e-01   5.9757158e-03  -8.6559794e-02  -3.5979377e-01   3.1617333e-01  -1.6252917e-01  -3.9100380e-01   2.9961355e-01  -4.8033374e-01  -8.4460574e-02  -4.1611977e-01   5.7345640e-02   5.1751263e-02  -4.0109305e-02  -1.7342981e-01   3.2936164e-02  -4.1058838e-01  -3.1890347e-01   7.8252093e-01   4.7814841e-01  -2.3403521e-02   4.5225681e-01  -1.0559444e-01   4.7721789e-02   3.7795695e-01  -8.4370902e-02  -2.8712135e-03   3.2825849e-01  -2.2490822e-01   3.2411786e-01  -3.1398865e-01  -3.3558244e-01   5.0720380e-01   5.7666902e-02   4.2101715e-01   7.5052040e-02  -3.7938789e-01   4.6726072e-01   8.8215135e-02  -2.4845294e-01  -2.8578728e-01  -3.8450081e-01  -4.4827269e-01  -1.8059488e-01  -6.3051826e-02   4.0877108e-02   2.2545190e-01   1.1901792e-04  -2.3751745e-01   5.7105476e-02   3.4947056e-01  -3.6066178e-02   2.2824971e-01  -5.5975560e-01  -1.7003104e-02   5.1665129e-01  -1.9859626e-01   1.2281490e-01  -3.4365361e-01   7.5385845e-02  -3.2925119e-01  -1.0040927e-02  -2.2725887e-01   2.3120218e-01  -1.8371464e-01   3.0089934e-02   2.4280135e-01   7.9301515e-02  -3.2648584e-01  -1.8669994e-01  -3.4571862e-01   2.7152073e-01  -3.6651882e-01   4.0680893e-02  -4.0843647e-01  -1.4808257e-01  -1.9724673e-01   6.1852814e-01  -1.3178775e-01  -4.2823159e-02   3.9913944e-01   1.3929084e-01  -3.1749271e-01   2.3330342e-01   4.7769515e-01   8.6976149e-02  -3.4516205e-01  -7.6619149e-02  -2.8242527e-01  -3.4079653e-01  -3.4677543e-01   2.1658356e-02  -4.3756736e-01   2.8298693e-01   4.6576253e-03   4.7623465e-01  -4.1837760e-01  -3.5569418e-01  -3.0947852e-01   1.7051385e-01   2.4529826e-01  -3.8646640e-01   1.4993628e-02   1.1014765e-02  -2.9053705e-01  -5.2051556e-01   2.3102588e-01  -7.4589069e-03  -1.5302750e-01  -4.4326104e-01  -1.5154288e-01   1.5961267e-01  -9.5364650e-02  -3.7716497e-01   4.1747897e-02   1.2887381e-01   3.8516397e-01  -2.1083805e-01   3.3159092e-01  -2.5400791e-01  -3.5142878e-01  -1.7670494e-02   3.2877080e-02  -4.3657810e-01  -3.3255531e-01  -2.6379434e-01  -1.4228143e-01  -5.3154223e-01   3.0035972e-01   4.4153948e-01   1.0916120e-01   5.7066320e-01  -1.4594431e-01   2.9085862e-01   4.6713047e-01  -1.8560445e-01  -6.2876246e-02  -2.9426687e-01  -2.8459756e-01   3.1491433e-01  -4.7334079e-01  -3.4697894e-01  -8.6351380e-02  -1.3579857e-01  -2.2567927e-01   2.0123834e-01  -5.7168186e-01   3.3001766e-01  -4.2856789e-01  -4.7787513e-01   4.5661219e-01   1.2107886e-02  -3.4522794e-01  -3.1849163e-01   3.4931915e-01   2.4741278e-01  -3.8759525e-01  -2.4425726e-01  -1.1052305e-01  -1.2644628e-01  -3.3521219e-02  -3.5251920e-01
   1.3207081e-02  -3.8402598e-01  -4.8576788e-01   4.4459241e-01  -2.0311880e-01   2.3118353e-02  -1.6223216e-01  -1.2019337e-02   1.6359865e-01  -4.1857530e-01   0.0000000e+00  -4.4916686e-01   3.3475991e-01   9.4501757e-02  -3.6303163e-02  -1.7023774e-01  -4.3309674e-01   6.7840901e-01   2.0584510e-01  -1.0839431e-01   4.4413518e-01   3.3592100e-01   1.2223325e-01   6.8034544e-02  -4.5625511e-02   1.2054592e-01  -4.1641399e-02   1.5841028e-01  -6.9503581e-02   4.3376335e-01   3.7472808e-01   4.2023652e-01   2.2228087e-02  -4.2259526e-01  -3.5989167e-01   3.9566953e-01  -1.8043515e-01  -1.3262375e-01  -8.8487120e-03  -4.2682590e-01   3.3022710e-01  -1.1072776e-01  -1.8102078e-01   4.0540939e-01   3.4084972e-02   1.2094053e-02   7.2495103e-01  -2.2321397e-01  -6.1250708e-02  -6.5570578e-01   4.8729294e-01   1.2321796e-01  -3.0130792e-01  -1.9657592e-01   2.0238853e-02   2.0681660e-01   2.5320756e-01   2.6574174e-01   4.1520109e-01   3.5358968e-02  -1.2417489e-01   1.2780825e-03   9.2380193e-02   4.5012231e-01   2.4417146e-01   1.8753417e-01  -5.8491591e-02  -1.9754852e-01   6.3011947e-01  -1.4788154e-01  -4.9061325e-01   4.6401556e-01   1.2896255e-01   3.6677306e-02  -1.6831527e-01   3.3416199e-02  -1.2112696e-01   1.9699755e-01  -2.2721587e-01   3.1116935e-01   1.6696142e-01  -8.5866079e-02  -4.9639715e-02   2.2831634e-01  -2.7937676e-02   1.2911461e-01  -3.0142071e-02   2.6548147e-01  -2.4395741e-02   2.2817171e-03   3.8315361e-02  -1.7218090e-01  -5.6620080e-01   5.4160409e-02  -3.0563073e-02  -2.9701105e-01  -7.2628482e-02   4.0613364e-02   9.9081845e-04  -8.7198233e-02  -6.9541916e-02   4.9407338e-01   6.8896015e-02   3.9476295e-01   5.3656075e-01   1.8187157e-01  -1.2335065e-01   1.8346912e-01  -1.4903458e-01   1.0152695e-01  -2.4778773e-01   4.4972186e-01   4.2721709e-01   1.3068796e-02   7.7855369e-02  -9.3898449e-02   5.3447523e-02   2.0804593e-01  -1.5126887e-01   3.6334871e-01  -2.5600439e-02  -2.4322483e-01   9.7180863e-03   4.5661484e-01  -2.4285498e-02   1.3660940e-01   2.7286816e-01  -1.4246610e-01   3.5972590e-01  -3.0106044e-01   4.0440682e-02   1.6791965e-01  -6.1772337e-02  -7.3116429e-03   2.8092487e-01   1.2175820e-01  -1.4136302e-02   9.3006730e-02   2.5421890e-01   1.4264056e-01   7.8651255e-03   1.1169065e-01   4.9073534e-01  -2.6633337e-01  -3.9133561e-02   7.9682379e-02  -3.4138969e-01   2.8101260e-01   4.9534446e-02  -4.9824530e-02  -3.3374207e-02   2.0127887e-01   1.6313661e-02   5.9647269e-01  -5.7292906e-01   8.5439105e-02  -1.4767586e-02   3.8199792e-01  -1.8873607e-01   2.6250757e-01   1.5398977e-02   6.5925515e-01   8.4091574e-02   6.7332587e-01   3.0338228e-01  -2.1792994e-01   3.1637332e-01   1.7643816e-01  -4.2069344e-03  -4.4172008e-01  -2.2394269e-01  -8.1247747e-03   5.9353100e-01   1.8391905e-02  -8.9443579e-02  -8.4761885e-02   2.8282410e-01
  -4.3254875e-01   5.5527067e-01   1.9731224e-01  -4.9391568e-01   4.0222038e-01   4.3322322e-01   7.3305129e-01  -3.0573592e-01  -2.0297455e-01   5.8978826e-01  -4.4916686e-01   0.0000000e+00  -2.0662487e-01  -3.5753048e-01   2.6109978e-01   3.1783967e-01   5.7959888e-02  -1.9518865e-01  -2.2302727e-01   5.1993453e-01  -1.6501374e-01  -5.3066965e-01   1.4173662e-01  -6.2198129e-01  -6.8583661e-02  -4.8079996e-01   2.5989021e-01  -8.9617021e-02  -4.8562075e-02  -1.5734507e-01  -7.5912381e-02  -5.3590230e-01   6.4107115e-03   7.5744995e-01   5.2669741e-01   1.1382144e-01   3.9807175e-01  -1.6206327e-01   9.5571982e-02   4.9230253e-01  -6.9048453e-02   1.9958906e-01   2.9777290e-01  -4.1313341e-01   3.4735549e-01  -3.7201696e-01  -3.5407806e-01   5.7961541e-01  -1.6537533e-02   5.1776282e-01  -4.9416527e-02  -4.1364130e-01   4.1529308e-01   2.8380562e-01  -3.7299782e-01  -2.1635891e-01  -1.0322341e-01  -5.0362927e-01  -2.8144186e-01   2.7721044e-01  -5.9649571e-02   2.8710179e-01  -1.9620649e-01  -4.6103830e-01   1.2312430e-02   3.1688006e-01   2.2400412e-01   1.6416373e-01  -4.4917263e-01  -6.2722153e-02   5.9492001e-01  -2.7721836e-01   2.0548474e-01  -2.2367334e-01   7.9895438e-02  -2.4679258e-01  -1.3202120e-01  -3.2451859e-01   4.0632286e-01  -1.3376636e-01  -2.6664009e-02   3.4392923e-01   2.0912301e-01  -4.4040999e-01  -3.5948233e-01  -3.4915879e-01   1.5605584e-01  -6.2656530e-01  -1.3003516e-01  -4.7739929e-01  -1.5808313e-01  -2.4453639e-01   7.1502960e-01  -1.0225354e-01  -8.7986222e-02   5.0019537e-01  -3.2720381e-02  -2.6594090e-01   3.0069542e-01   3.0208669e-01  -2.4805862e-01  -5.0716109e-01  -3.8535551e-02  -2.9661210e-01  -3.6269320e-01  -4.9457612e-01   1.7315752e-01  -3.4472726e-01   9.9956936e-02   2.6924744e-01   6.5389368e-01  -4.8682348e-01  -4.0028415e-01  -4.4038560e-01   1.0677147e-02   3.0900743e-01  -1.4857808e-01   2.8167875e-02   2.0662258e-01  -4.6269435e-01  -5.1124302e-01   3.9693141e-01   1.6940649e-01  -3.8887872e-01  -4.1210043e-01  -2.5733212e-01   1.2960364e-02   1.4178842e-01  -4.8469271e-01   8.0257774e-02   9.1818259e-02   4.3772199e-01  -1.8701038e-01   3.1076167e-01  -4.8469419e-01  -3.7773014e-01  -1.6738319e-02  -7.1955515e-02  -4.6644795e-01  -4.0861612e-01  -4.3350707e-01  -1.2794806e-01  -4.8686034e-01   4.8467770e-01   2.1991634e-01  -7.1364944e-03   6.9215243e-01  -1.3620242e-01   3.9349039e-01   4.0049412e-01  -3.2857680e-01  -1.1459487e-01  -4.4930777e-01  -1.9250822e-01   4.7937369e-01  -4.8695338e-01  -5.3113998e-01  -1.9825232e-01  -1.9241090e-01  -9.1047215e-02   1.4668398e-01  -5.4315308e-01   1.8556735e-01  -4.4764659e-01  -5.7967962e-01   5.8619200e-01   2.1291698e-01  -2.3584537e-01  -4.5608928e-01   3.7505829e-01   4.7471405e-01  -4.4241906e-01  -2.0609863e-01   1.7666856e-01  -2.2370003e-01   5.7099842e-03  -4.9234707e-01
  -1.9148334e-01  -3.5274824e-01  -1.2781111e-01   9.6518148e-02   1.6996778e-01   4.5586614e-02  -1.4936948e-01  -1.7613110e-01  -4.9599916e-02  -9.5585179e-02   3.3475991e-01  -2.0662487e-01   0.0000000e+00  -8.3384511e-02   3.8358758e-02  -2.9104693e-02  -1.3467548e-01   8.6685774e-02  -1.7894149e-01   1.9328939e-01  -8.0443399e-03  -1.3553291e-02  -1.0596250e-01  -1.7500962e-01  -1.4980884e-01  -8.6111482e-02  -1.1511085e-02   3.6275812e-02  -1.1697469e-01   1.4285633e-02  -9.7447861e-02   5.9629780e-02  -7.5687175e-02  -1.4321909e-01  -1.8820117e-01   3.0768000e-01  -2.6297483e-01  -3.3744959e-01   1.4781315e-01  -1.2473611e-01   6.6325576e-01   2.9792050e-02  -1.1769789e-01   1.5407606e-01   2.2598064e-01  -1.8130192e-01   1.8225782e-01  -2.0758980e-01   4.2642768e-03  -3.6033457e-01   2.0298307e-01   9.0437600e-03  -2.1058652e-01   2.6347412e-02  -5.8994685e-02   1.3414232e-01   7.7097820e-02  -8.1783798e-02   4.1922438e-01  -1.4941179e-01  -8.4811408e-02   1.1726716e-01  -1.2392405e-01  -2.7618665e-02  -1.0762192e-01   2.4008894e-01   5.2819191e-03  -3.5910031e-01   2.5825405e-01  -8.2099935e-02  -3.4855136e-01  -9.7876166e-03   4.1354908e-01  -2.4887581e-02   2.0031824e-01  -8.7490290e-02  -2.1913080e-01   2.0268955e-01   7.6936943e-02   3.8901363e-01   8.6919421e-02   8.1894256e-02  -7.0063360e-02   8.7509702e-02  -5.5927528e-02   2.9107067e-02  -1.7527594e-01   2.9362797e-02  -9.3381505e-02  -1.5594867e-01   1.3093971e-01  -1.6710584e-01  -8.5984576e-02  -1.5247716e-01  -1.9628965e-01   2.6953776e-01   2.6316825e-02   5.6832640e-02  -3.7573168e-02  -1.5710382e-01  -1.5059456e-01   1.2368062e-01  -2.8679132e-02  -1.5698254e-01   1.3701253e-01  -1.4957211e-01  -2.2157106e-02   1.4587725e-02  -5.1468057e-02   5.2776381e-02  -5.9680885e-02   9.9780435e-02  -1.1929260e-01  -1.5582971e-01   4.5560000e-02  -9.5638369e-02   1.3261404e-01   6.3564566e-01  -1.5766723e-01  -1.1086633e-02  -1.4371465e-01   1.3429746e-01  -3.8080813e-02   2.2857488e-02  -2.0560566e-01   9.5100245e-02   9.8329613e-02   1.5827659e-01  -6.1667400e-02  -1.6593736e-01   6.2305496e-01   9.5852727e-02  -1.0895856e-01  -2.1426194e-01  -1.2309797e-01   5.7586987e-02   3.8389216e-01  -2.3158002e-01   8.2802617e-02  -2.8389558e-01  -2.1407253e-01   6.8662433e-01   2.8547263e-01  -1.3161870e-01  -6.2666622e-02  -7.0834044e-02  -1.3700758e-01   1.5248019e-01   1.4584349e-01  -3.0502242e-01   1.7171750e-02  -8.4748371e-02   3.5996940e-02   1.1372796e-01  -4.6963840e-02  -3.1479608e-01  -7.5936051e-02   4.1762098e-01  -1.5430652e-01   8.5085972e-02  -2.8697162e-01   1.7916068e-01   8.9151986e-02   1.2838170e-01   9.0095816e-03  -7.8162206e-02   2.9463846e-01   9.2317355e-03   3.6158456e-02  -1.2112088e-01  -2.4036456e-02  -2.0186948e-01  -6.9547713e-02  -3.4279295e-02   2.1466318e-01   2.0174625e-01  -3.6271431e-02
   1.9608878e-02   2.0363710e-02  -1.4905479e-01   3.6622997e-01  -3.5674955e-01  -3.5530151e-01  -2.7881615e-01   1.9072794e-02   6.1966668e-02  -1.3382521e-01   9.4501757e-02  -3.5753048e-01  -8.3384511e-02   0.0000000e+00   9.3450307e-02   8.7553789e-02  -5.9211828e-02   8.7047435e-02  -1.5255070e-01  -2.9162711e-01   2.7544093e-01   1.5994581e-01   7.5623056e-02   2.6416567e-01   1.2076720e-01   1.0161991e-01  -3.2933320e-01   7.9071667e-02   2.2552641e-02  -1.7191505e-02   2.6270147e-01   1.7667884e-01   1.8964623e-01  -2.3861468e-01  -8.1096167e-02  -1.2598701e-01  -2.2704002e-01   2.0036401e-01   1.1992108e-01  -4.5291562e-01  -7.0377578e-02   1.3558495e-01  -3.7950924e-01   3.1650520e-01  -1.6123807e-01  -1.2164712e-01   1.6072297e-01  -1.8964018e-01   3.7279129e-01  -2.8369913e-01   4.5864680e-03   6.3893611e-02  -1.7509646e-01   4.4201505e-02   4.9310251e-01   1.1171495e-01  -1.3629468e-01   1.2933090e-01   1.2860556e-01  -1.6945771e-01   1.2077272e-01  -1.0162362e-01   4.6629754e-02   1.7293070e-01   1.3705543e-01  -2.1973427e-01  -2.5412591e-01  -3.1872835e-02   2.3044015e-02  -3.0824454e-01  -2.0384685e-01   5.2262823e-02  -1.7562896e-01   2.3663387e-01   8.7611228e-02   3.5826914e-02   9.8403008e-02   2.5215339e-02  -2.7547176e-01   9.2791800e-02   2.8616760e-01  -1.1868829e-01   3.1189109e-01   2.1586680e-01   3.1718345e-01   1.2163945e-01   1.1146778e-01   1.8790208e-01  -1.0162198e-02   1.5168450e-01   7.6810178e-02   1.5506806e-01  -2.9159345e-01  -6.1291099e-02   2.6893857e-01  -3.3313370e-01   6.0575025e-02   2.0701773e-02  -1.2882018e-01  -9.3304234e-03   4.4808622e-01   1.3093678e-01   5.0029853e-01   2.1960982e-01   1.6085585e-01   2.2317631e-01   2.2631841e-01  -1.5013394e-02   1.7029747e-01  -1.0711128e-01  -9.1373838e-02   4.7966349e-02   1.3121949e-01   6.9488233e-02   3.5375732e-02  -1.4763163e-01  -6.0851429e-02  -2.0511414e-01   1.2683261e-01   2.9083609e-01   6.4217077e-02  -1.7721402e-01  -1.5782886e-01   3.3372894e-01  -4.4264071e-02   5.3743179e-01   1.2055507e-01   6.6086981e-02   9.2007850e-02  -3.7352629e-01  -8.8829255e-02  -1.5294829e-01   4.7031205e-01   1.2078777e-01   7.1629416e-02   6.2437403e-02   1.3282770e-01   2.3727607e-01  -9.5173923e-03   1.6606289e-01   1.4818364e-01  -1.5756356e-01  -4.0672154e-02  -3.6407292e-01   2.1024993e-01   5.0266300e-01  -2.3718219e-01   2.2992802e-02  -2.9823381e-01  -1.1284691e-03   3.4869684e-01   4.6714209e-01   3.5546788e-01   8.3109459e-02  -3.6920691e-01   9.5069465e-02   8.3065290e-02   1.2666529e-01   1.9628595e-01   2.4307049e-01  -7.4020163e-02  -2.6564492e-02  -1.9031674e-01   1.8679217e-01   1.1334175e-01  -2.4207206e-01  -2.4210858e-01   2.3498361e-01   3.3512741e-01  -1.2777255e-02  -1.9492961e-01   2.2341599e-01   1.2093153e-01  -5.8823668e-02   1.4446779e-01   1.6053936e-01   9.5719446e-02
