   0.0000000e+00   4.2415843e-02   8.7476259e-03   3.1903155e-02  -3.1183034e-02  -2.1911323e-01  -2.2875687e-02  -9.0159801e-02  -8.1636575e-02  -1.0058319e-01  -5.9649309e-02   2.2486594e-01   9.6882585e-02   1.8005676e-01   6.5050959e-02  -2.3334925e-03   2.7649977e-02   9.7582961e-02  -9.2362614e-02   1.0049001e-03  -1.0375999e-02   1.2388606e-01   3.6998943e-02   5.3088365e-01   5.6783135e-02   2.9867279e-02   4.4054764e-02  -1.0971999e-01  -1.8346708e-01   1.3501918e-01   6.5853274e-02   1.9873798e-01   9.9273309e-02  -6.7071278e-02  -8.5175716e-02   8.4305367e-02   1.3242855e-01   1.2308863e-01   7.3708955e-02  -1.5892770e-01   3.1414827e-02  -1.1136383e-02  -1.2623824e-01  -1.7121133e-02  -4.6444559e-03   3.2175579e-01   1.3668547e-01   5.5498425e-02   1.1036077e-01  -7.7325214e-02   1.1455193e-01  -8.0103834e-02  -1.4501438e-01   4.1609692e-02   4.6229190e-01   9.7000283e-02  -1.4076554e-01   1.6208951e-01  -1.5727264e-02   5.4279111e-02   1.7030644e-01   8.3461604e-02  -7.1511053e-02   2.2953377e-02   6.9152172e-02  -7.8775233e-02  -8.5501593e-02   1.0809553e-01  -1.3760831e-01   9.3339342e-02  -1.0717873e-01   2.8464441e-02  -1.9228392e-01   3.7888235e-01   9.0066903e-02   1.0832912e-01   1.0963990e-01   1.7785818e-01  -1.2752621e-01   4.6354152e-02   2.6805231e-02  -2.4752360e-01  -2.2079975e-01  -9.0111400e-02   5.9891261e-01   2.0745024e-01  -1.1217159e-01   3.0772078e-01  -9.7619136e-02   4.7445929e-01  -1.1093104e-01   7.0326249e-03  -4.0628144e-01  -1.4980342e-01   2.3362900e-01  -1.5331837e-01  -7.3555737e-03  -8.1006341e-02   2.3757060e-02   1.3764542e-01   3.1336423e-01  -5.0508608e-02   2.3828643e-01   2.3050281e-02   2.5906604e-01   9.7663969e-02  -5.3739946e-03  -1.8217548e-01  -6.4054817e-02   2.2730708e-02  -1.9298643e-01   1.3104692e-01   4.9083169e-02   6.8519319e-01   2.3835515e-02  -1.7394118e-01   3.8393222e-02  -6.2925472e-02  -2.9998826e-03   1.0294528e-01   3.8837561e-01  -1.4923928e-01  -2.4782211e-01   4.2842378e-02   4.5613687e-01   2.9896456e-01   1.3736843e-01   2.3818793e-02   7.4888363e-02   1.1777867e-01  -6.3208756e-04  -8.8460075e-02   4.6777887e-01  -7.3205128e-02  -9.4596505e-02   1.0603269e-01  -4.1332036e-02  -2.1014248e-01   1.7059035e-01   4.1806267e-01   5.4565094e-01   2.2071657e-01  -6.7323369e-02  -1.6773959e-01   9.5343443e-02   1.1393635e-01  -8.0193794e-02   9.3283633e-02  -1.2542608e-01  -7.3232794e-02   4.7314453e-01   3.1197649e-02   2.8275661e-01   2.1095459e-01  -1.3520280e-01   4.8232475e-01   3.8547848e-01  -6.0740710e-02   9.4884484e-02   1.6482430e-01   4.9631813e-02   1.7208794e-01  -2.8344781e-03   2.4621644e-01   2.2115640e-02  -3.7943146e-01   1.3005466e-01  -1.0150530e-01   2.1304254e-01  -1.4173914e-01  -3.2410561e-01  -9.1164260e-02   1.4133039e-01  -2.7077656e-01  -1.2172840e-02  -1.7357445e-01  -8.6330082e-03
   4.2415843e-02   0.0000000e+00  -9.8341112e-02  -5.5709175e-02  -4.0657570e-02   9.7710664e-02   1.9287008e-01   3.0637964e-02   2.6139361e-01  -2.5402993e-02   1.9637623e-04   4.8467186e-01  -4.0993683e-01  -1.5812559e-01  -1.4126615e-01  -5.7042111e-02  -1.1545498e-01   1.7760332e-02  -2.3658388e-01  -3.6721629e-02   1.6480919e-01   1.1879562e-01   1.8247478e-03  -8.7755052e-02  -2.9621380e-02   9.1834978e-02   1.7380303e-01  -1.6866478e-01  -1.3364678e-01   3.3916907e-01  -1.8250121e-01  -5.0254251e-02   9.4660661e-02   4.8743376e-02  -3.8144347e-02  -2.1177033e-01  -4.1512899e-02  -1.9323925e-01  -1.4435708e-01   4.9232579e-04  -2.8561193e-01  -1.5371370e-03   3.1451671e-01   3.2014430e-02   4.4514058e-02  -1.1812647e-01  -1.2116002e-01   3.1061118e-01  -6.0757571e-02  -2.4225514e-01   2.5800817e-02   8.2846406e-02   8.6540524e-02  -2.2237064e-01   2.8864562e-01  -1.2539057e-01  -2.1286471e-01   1.2092179e-01  -1.1355072e-01   2.2810004e-01  -4.0244955e-02  -1.4259876e-01   2.5855845e-02  -3.4390738e-02   4.0218614e-01   1.9939997e-03   6.0325387e-02  -3.6356054e-02   1.2980202e-02   1.6812399e-01   8.0841760e-02   1.3881580e-01  -1.1510327e-01   7.4546947e-04  -3.1470562e-01   6.2938421e-02   3.7403419e-02   7.2788785e-02   1.0773812e-01  -2.0397761e-01  -9.8710024e-02  -1.0626724e-01   4.3184298e-02  -3.7257937e-02  -1.7143986e-01   7.8810324e-02   9.4628212e-02  -2.8780919e-01  -4.5092907e-02   8.3010336e-03  -1.2975389e-01  -1.2786644e-02  -1.4834735e-01   2.9567107e-01  -1.0583705e-01  -2.0731639e-01  -1.9165158e-01  -1.2261115e-01  -1.5549439e-01   8.2881908e-02  -5.6333207e-02  -2.3614847e-02   1.2087791e-02   6.1331921e-01   1.2584475e-01   7.6939976e-02  -1.5853604e-01  -9.7423782e-02   1.4651772e-01  -6.8460247e-02   7.3815627e-02   2.0506280e-01  -2.2107926e-02  -3.9588643e-02  -1.7821227e-01   5.8588780e-04   3.1278357e-01  -2.4890248e-01  -2.3675450e-02  -1.4554251e-02  -4.0007341e-02   1.8217983e-03  -6.7516608e-02   4.3075486e-01   6.9453219e-02  -1.7633493e-01   1.5105807e-01  -1.7405228e-01  -2.6922312e-02   5.2282928e-02  -9.4210916e-02   5.0911524e-02  -8.6099319e-02  -1.0958890e-02   3.1698606e-01   2.1246230e-02  -1.3907416e-01   6.5411233e-02   7.5638240e-02  -1.7098151e-01  -1.9732258e-01  -2.0535117e-01  -4.0459209e-03  -1.4408473e-02   8.1339730e-02   1.4480502e-01   3.0104248e-01  -1.1613372e-01   5.4333590e-02   3.8535713e-02  -6.2031333e-02   6.3034156e-02  -1.9091757e-01  -5.9557001e-03   2.1136335e-02   6.8190926e-03   3.3859363e-02  -1.4245258e-01   1.8928932e-02   1.3400252e-01   1.0594690e-01   1.6539680e-01  -1.2448714e-01  -5.1271363e-02   1.4285384e-01   2.2349542e-01   5.0122769e-02  -3.2335258e-01  -1.1084958e-01   2.3259878e-01   5.6522051e-02  -4.6799916e-02   1.6056763e-01   8.1235852e-02   2.0029677e-02  -2.6467378e-01   3.8603530e-02
   8.7476259e-03  -9.8341112e-02   0.0000000e+00   7.5057683e-01   5.9217125e-01   1.2293029e-01  -6.9329595e-01   1.0629674e-02   6.2785491e-01  -3.8577170e-01  -5.3347770e-01   1.0036005e-01   1.3930155e-01  -1.6281990e-01  -3.5155524e-01   1.3892706e-01   9.6909696e-01  -3.5561970e-01  -1.8202126e-01   6.3139283e-01  -7.3820360e-01   4.9487878e-01  -7.2414626e-01  -7.8660769e-02   6.8957923e-01   1.5295978e-01  -1.9859994e-01  -5.4734251e-01   1.6039281e-01  -2.2759618e-02  -5.5911385e-01   4.1267722e-01   5.7490830e-01  -6.7418771e-01  -1.7124121e-01  -2.3842282e-01  -6.1227624e-01   1.4448336e-01   4.4939213e-01   7.2355694e-01  -4.8050920e-02   4.9656821e-02   4.6871191e-02   5.0024518e-02   5.0012967e-01   5.5510861e-01  -1.8569594e-01  -5.9311972e-01   2.1632969e-01   8.9602530e-01  -6.6566562e-01  -9.0739663e-02  -3.5784972e-01   8.3582401e-01  -1.2048973e-01  -2.7310581e-01  -1.1190757e-01   4.8713786e-01  -4.4330145e-01  -9.2298573e-02   7.3967454e-01   1.5296281e-01   7.8283391e-01  -5.5248986e-01   8.2737503e-02  -5.4596852e-01   6.0355039e-01   7.3066577e-01  -1.4091205e-01   6.6296470e-01   7.3072016e-01   7.0239489e-02  -1.0517369e-01   2.8412670e-01   5.8667859e-01   1.9057226e-01   6.2848990e-01   3.4870262e-01   2.2757476e-01   6.1323787e-01  -6.2456027e-01  -1.3006806e-01  -1.2304187e-01  -9.0545860e-02  -2.5925921e-01   3.3663033e-01  -1.2500556e-01  -1.7522580e-02   8.4094681e-01  -1.3431290e-01   4.6800432e-01   7.3807365e-01   1.1385364e-01   4.8504167e-01   9.7964443e-02   7.4947399e-01   5.7219078e-01   8.8910338e-02  -3.9680787e-01  -5.4675133e-01  -2.8918051e-01  -7.4443782e-01  -4.8194035e-01  -2.8118752e-02  -1.3273639e-01   7.8217980e-01   8.2934371e-01  -1.8018209e-01  -6.3051658e-01  -5.4038067e-01  -3.9787145e-01  -3.6130802e-01   7.1318036e-01   6.9153149e-02  -4.3954142e-01   3.5959365e-01   3.3594610e-01   3.9951666e-02  -3.7554573e-01   7.0937477e-01  -4.0183414e-04   6.5865868e-01   5.8559672e-01  -1.4590679e-01   3.6686081e-01   7.4265070e-02  -3.6277538e-01   7.5830479e-01   4.0650205e-01   7.8903883e-01  -3.5544081e-01  -7.8872225e-01   1.4665223e-01  -5.2882791e-01   3.7544386e-01   2.4040673e-01   5.5089749e-01  -2.7278767e-01   1.6667435e-01   3.1363192e-02  -8.6798025e-02   5.7064539e-01  -2.6417869e-01   1.8461293e-01  -5.3657382e-01  -1.4508503e-01   3.1041149e-01  -3.1779492e-01  -4.0711698e-01  -4.8995407e-01  -1.2594547e-01  -7.2808627e-01  -1.7432096e-01   1.0469227e-02   8.0722970e-01  -1.4060583e-01   2.1993059e-01  -3.2703645e-01   6.6825846e-01  -6.5627651e-01   6.0265679e-01   2.3542855e-01  -3.6389331e-01   3.9857355e-01   7.0222691e-01  -1.3678588e-01  -3.0707315e-01  -2.2237538e-01   4.6721589e-01  -2.1512645e-01   4.8481567e-03  -4.2443369e-01   7.2783058e-02   6.0628403e-01   4.7753541e-02  -2.0124775e-01   6.2219106e-01
   3.1903155e-02  -5.5709175e-02   7.5057683e-01   0.0000000e+00   3.8254839e-01   1.3062978e-01  -3.6268641e-01   3.4566707e-02   5.6232262e-01  -8.9201423e-02  -4.3591282e-01   3.0279578e-01   1.4499571e-01  -2.0515063e-01  -1.4123307e-01   2.7202682e-01   6.9227559e-01  -2.3562202e-01  -1.6343574e-01   5.3846470e-01  -4.7020728e-01   5.3783487e-01  -3.4764302e-01   6.0116901e-02   7.7350179e-01   8.3346079e-02  -3.8982725e-02  -4.5010502e-01  -6.2712375e-02   2.5777308e-01  -4.7233211e-01   3.5474786e-01   3.2676585e-01  -3.3322890e-01   3.4757363e-02  -4.9819976e-02  -4.0748456e-01   3.5380254e-01   3.9254552e-01   4.3362848e-01  -6.2372937e-02  -1.3381203e-01   2.7520249e-01  -4.2647479e-02   7.0469075e-01   5.8797938e-01   9.4005847e-02  -4.3270434e-01   4.7593666e-01   5.3358908e-01  -4.7991282e-01  -1.5026035e-01  -4.4029392e-01   5.8653876e-01  -1.3573532e-01  -4.0859022e-01   6.2278253e-02   5.2585122e-01  -6.0351257e-01   3.2344274e-01   7.9483553e-01   5.7676600e-01   7.1961901e-01  -6.4661094e-01   1.8695279e-01  -2.6477903e-01   2.9001958e-01   9.0206748e-01   3.3400597e-02   5.8730253e-01   3.4490751e-01   4.4442071e-01  -1.5988390e-01   3.3340085e-01   4.6848238e-01   7.7115066e-02   7.4742485e-01   2.1936679e-01   3.9960775e-02   4.1913183e-01  -3.6851234e-01  -7.3824273e-02  -3.0024818e-01  -9.4825055e-02  -1.5819858e-01   2.6038820e-01  -2.9800234e-01  -1.0532213e-01   6.6267183e-01   6.0698007e-02   5.5524397e-02   5.0358109e-01  -1.1408805e-01   6.2836864e-01   2.8855986e-01   4.1172072e-01   7.5362022e-01  -1.7716192e-02  -4.0434206e-01  -2.5251510e-01  -3.7079054e-01  -5.1329832e-01  -3.6767120e-01   1.1859228e-01   1.1022095e-01   8.2185060e-01   5.2594842e-01  -2.0500008e-01  -3.9603515e-01  -3.5806036e-01  -4.4327237e-01  -1.0879602e-01   9.2250566e-01   2.8968814e-01  -3.7516939e-01  -1.3368187e-02   6.2593853e-02   8.2615523e-02  -3.5600011e-01   8.9613184e-01   2.4352587e-02   3.8163011e-01   3.3147697e-01  -1.1270174e-01   5.0536716e-01  -1.0022998e-02  -7.0127316e-02   5.1316862e-01   3.2136783e-01   6.7080428e-01  -5.7743841e-01  -6.2365547e-01   1.3243447e-01  -3.6376848e-01   5.3354288e-01   1.8085909e-01   2.5027067e-01  -3.6690090e-01   1.2933475e-01   1.1387688e-01  -9.3871949e-02   5.2905923e-01  -2.8066268e-01   2.2686593e-01  -2.6666529e-01  -1.6675892e-01   2.0673249e-01  -2.2626473e-01  -2.1014073e-01  -3.7636936e-01   5.7288736e-02  -5.4715686e-01  -5.9910302e-02  -2.0935985e-02   4.9421781e-01  -1.6505913e-01   3.4987014e-01  -3.0058534e-01   5.7512985e-01  -3.7494543e-01   8.0123672e-01   2.1233281e-01  -2.7898160e-01   5.9180702e-01   7.3931305e-01  -2.9077006e-01  -2.1049132e-01  -2.7334057e-01   5.7555463e-01  -4.7828766e-01  -1.8427264e-01  -4.3663794e-01   4.5916137e-01   1.9706859e-01  -7.4400733e-02  -6.0069902e-01   6.5706169e-01
  -3.1183034e-02  -4.0657570e-02   5.9217125e-01   3.8254839e-01   0.0000000e+00  -5.9045137e-02  -3.9198139e-01  -8.4025763e-02   5.1148819e-01  -5.2749076e-01  -3.7492948e-01   1.1072660e-01   1.6972805e-01  -3.9623969e-01  -6.2158452e-01   2.5605994e-01   5.5478588e-01  -1.9888249e-01  -1.6441208e-01   8.0469974e-01  -5.1458097e-01   2.1362797e-01  -5.4954653e-01  -1.0478297e-01   4.9214044e-01  -2.3175572e-02  -9.9353396e-02  -6.4677890e-01   2.3044394e-01   1.4046343e-02  -4.7591477e-01   3.1169433e-01   4.3861666e-01  -4.6691133e-01  -4.3938057e-01   2.7088448e-01  -4.2658356e-01  -3.8139494e-02   4.0753251e-01   4.9025841e-01   1.3079685e-01   3.8046871e-02   2.0527144e-01  -1.1031765e-01   1.9661151e-01   2.7517929e-01  -1.1463999e-02  -1.2061093e-01   2.4708441e-01   6.0564520e-01  -4.7894696e-01  -6.6897725e-02  -2.1534072e-01   5.4634118e-01  -3.3795639e-01  -2.8008674e-01  -1.0039940e-01   2.1940094e-01  -2.1171168e-01  -2.8487461e-01   3.4161243e-01  -2.0166877e-02   6.4404394e-01  -3.2113167e-01   1.4753844e-01  -1.5250579e-01   5.7996033e-01   4.3334829e-01   7.9748735e-02   3.1291692e-01   6.3168773e-01  -9.4756243e-02   8.6506364e-02   2.2671750e-01   5.2254034e-01   6.0297529e-02   2.8263255e-01   1.8062656e-01   5.7111080e-01   3.6792673e-01  -5.8640938e-01   1.6547929e-01  -1.8359365e-01  -2.3424260e-01  -2.3897441e-01   1.5769574e-01  -1.6743793e-01  -2.0756272e-01   5.1058589e-01  -9.0610625e-02   5.3208038e-01   3.7898609e-01   1.5156134e-01   3.1918479e-01  -4.6600525e-02   7.4923334e-01   2.0168766e-01   3.8917252e-02  -3.0176370e-03  -5.8367274e-01  -4.5966577e-01  -4.9865089e-01  -1.5593767e-01  -1.1865473e-01  -1.4129259e-01   4.3201093e-01   5.3871372e-01  -3.7905357e-02  -5.6077072e-01  -2.0727919e-01  -3.3402682e-01  -1.7385958e-01   3.2856536e-01   7.2932374e-02  -4.7414574e-01   5.9192321e-01   2.4444900e-01   2.2250735e-01  -6.5684049e-01   3.3746955e-01  -1.8108899e-01   7.3980786e-01   5.5112114e-01   1.0704546e-01   1.3065248e-01   7.9287204e-02  -1.8265744e-01   5.4250810e-01   1.6160975e-01   4.5598404e-01   5.5181904e-02  -5.0662307e-01   1.9673133e-03  -5.4757672e-01   3.1114921e-01   1.5924886e-01   3.8173030e-01  -5.6709577e-01   2.1083184e-01   1.1831524e-01  -1.5193800e-02   4.6746535e-01  -1.1095248e-01  -1.7800539e-01  -5.1626527e-01  -1.5440096e-02   3.4654376e-01   1.6745453e-01   8.6833879e-02  -5.7818107e-01  -3.1795987e-01  -6.8731639e-01  -3.1684177e-01  -2.3680359e-03   6.1398167e-01  -1.6582371e-01  -2.4425202e-02  -1.1363509e-01   3.6046084e-01  -3.8667572e-01   4.3543009e-01   1.4083200e-01  -2.4007194e-01   2.6072433e-01   4.9953603e-01   3.0135166e-02  -1.5975687e-01  -3.9847727e-01   1.8623859e-01  -4.4551907e-02   2.5869943e-02  -5.1466537e-01   1.8229207e-02   4.0117495e-01  -1.3065917e-01  -7.9954111e-02   3.7910501e-01
  -2.1911323e-01   9.7710664e-02   1.2293029e-01   1.3062978e-01  -5.9045137e-02   0.0000000e+00   2.6574538e-01  -2.2641649e-01   2.3899802e-01   4.0774727e-01  -2.4709851e-01   4.1175827e-02  -5.9918409e-02   1.8357927e-01   3.6635127e-01   1.3687009e-01   4.2906418e-02  -1.8264320e-01  -3.5135630e-01   1.8196269e-01  -1.7804331e-02  -1.3880123e-01   5.9670655e-02  -3.0056623e-01   5.6252794e-02  -9.8416797e-02   6.0637920e-01   2.1133341e-01  -1.8256289e-01  -2.5722322e-01  -7.3695107e-02  -1.7262975e-01   2.8481115e-01   2.2068536e-01   4.7349757e-01   4.3127951e-02  -2.4811988e-01  -1.1015623e-01  -5.5935487e-02   4.0891762e-01  -1.0366836e-01   2.3152981e-01   1.8755063e-01  -2.8103558e-01   1.6678229e-01  -8.0956528e-02  -2.3046899e-01   1.1495362e-01  -1.6710710e-01   1.1831114e-01  -2.4000807e-01  -2.3619990e-01   9.0311295e-02   1.2158259e-01  -8.2921271e-03  -2.2997056e-01   3.8687850e-01  -4.5932737e-02  -2.9007384e-01   3.6230504e-01   1.4027479e-02   2.6967263e-01   1.2442663e-01  -3.0080550e-01  -1.8401608e-01   1.0768010e-01   2.1012989e-01   4.0887446e-02   2.5442112e-02   3.4493336e-01   1.1829105e-01  -4.7526828e-02  -1.7198392e-01  -3.1159884e-01   1.5956930e-02  -2.3777556e-01   7.5314110e-03  -1.0903567e-01  -3.7535814e-02  -1.4452380e-01   1.7182831e-01  -3.2535659e-02   1.9187792e-01  -1.6349363e-01  -3.6672415e-01  -1.2766704e-01   2.6853421e-01  -2.2936838e-01   2.7656295e-02  -3.2485377e-01  -4.8339557e-02   7.1855163e-02   5.5595312e-01   2.9354903e-01  -4.5216435e-02   8.4830982e-02   8.9659152e-02  -9.2033475e-02  -2.3708692e-01   1.4660446e-01  -1.2133107e-01  -1.7927498e-01  -4.0475382e-01   3.6910510e-01  -2.9037100e-01  -1.3595265e-02   1.4509581e-01   2.5235301e-02   1.8787120e-01  -2.8003734e-01   4.1551759e-01  -2.3490479e-01   1.0056090e-01  -2.9254369e-01   2.4274161e-01  -9.6077251e-02  -1.0609029e-01  -5.8031440e-02   1.5425384e-01  -4.6739578e-03  -3.7349105e-01   9.3787690e-02   1.8506819e-01  -2.5939495e-02  -2.8870972e-01  -3.4862111e-01  -6.5215633e-02   8.1126510e-02  -7.0393732e-02   2.8834380e-01  -6.2039183e-02   8.5338150e-02  -1.6746632e-01   7.0596903e-02   1.4029893e-01  -1.9050121e-01   7.4627948e-02   4.6513895e-01  -1.8276447e-01  -2.8120409e-01  -2.7581000e-01  -5.0658752e-02  -2.2939127e-01   6.3934585e-01   8.9025400e-02  -3.8487049e-01   3.3492666e-01  -1.8876972e-01  -1.3766093e-01   4.3554763e-02  -2.7211818e-01   1.7955776e-01  -6.7375298e-02  -5.1157404e-02   2.6745205e-01  -4.2997102e-01  -1.5943323e-01  -5.7818290e-02   8.9130780e-02  -1.5540807e-01   8.5756938e-02  -1.8551783e-01  -1.1098903e-01  -2.9923513e-01   7.2536236e-03   2.0334200e-01  -1.0231990e-01  -1.1404537e-01   7.7487683e-02   5.5963139e-02   4.6437549e-01  -8.0624001e-02  -1.4765203e-01   2.3176172e-01   6.1761644e-03  -1.4439357e-01  -1.3540518e-01
  -2.2875687e-02   1.9287008e-01  -6.9329595e-01  -3.6268641e-01  -3.9198139e-01   2.6574538e-01   0.0000000e+00  -1.5748125e-01  -3.0252800e-01   6.2248862e-01   2.8468739e-01   2.7625406e-01  -3.8562062e-03  -8.8290019e-02   3.4045093e-01   9.6849626e-02  -7.5263045e-01   3.3777271e-01  -8.2363787e-02  -2.8534618e-01   5.9486928e-01  -3.6705524e-01   8.3066143e-01   3.0229346e-02  -3.2917367e-01  -3.0931865e-01   4.5549175e-01   3.9415991e-01  -2.5863980e-01   2.2137752e-01   2.5989148e-01  -4.1314409e-01  -4.4141802e-01   8.8419299e-01   2.6165939e-01   4.1249717e-01   4.2287287e-01   7.2532319e-02  -2.5834664e-01  -5.5420764e-01   1.3657464e-01  -7.7421018e-03   3.2493656e-01  -2.1528834e-01  -2.9878274e-01  -2.5294628e-01   2.9718253e-01   7.2822631e-01  -4.3602447e-02  -7.9620080e-01   5.3472757e-01  -1.9523280e-01   2.5072084e-01  -6.5183567e-01  -8.9124345e-02  -1.8775248e-02   3.7169501e-01  -3.0785991e-01   9.5557352e-02   4.9800191e-01  -4.0792706e-01   2.7284152e-01  -4.2385159e-01   1.9633324e-01  -1.0373498e-01   7.9330942e-01  -5.7263633e-01  -3.6816848e-01   1.6505396e-01  -1.9786805e-01  -6.8723736e-01   5.8803083e-02   6.9473522e-02  -3.5875954e-01  -4.5056578e-01  -3.1139334e-01  -3.0896623e-01  -3.4181070e-01  -2.4937936e-01  -6.0056882e-01   7.0686329e-01   3.0638721e-01   3.1967915e-03  -2.0061469e-01   8.6499156e-02  -3.7491159e-01  -9.5125415e-02  -2.7931966e-01  -6.7198850e-01  -1.2767814e-02  -6.8854099e-01  -4.9925442e-01   1.2948160e-01  -7.5434265e-02   1.0000945e-01  -6.5192259e-01  -3.6208660e-01  -3.0594670e-01   2.1799771e-01   6.2353344e-01  -4.2341922e-02   6.5406462e-01   2.4481810e-01   1.7255142e-01   2.1173041e-01  -4.7717803e-01  -6.8675146e-01   1.1701483e-02   5.5057331e-01   4.9053906e-01   5.5360111e-01   4.1993869e-01  -3.6005974e-01  -1.0825046e-02   3.9356552e-01  -5.1016272e-01  -4.0323103e-01   1.6855776e-01   2.2485136e-01  -3.6522430e-01  -3.8009823e-02  -5.3389105e-01  -5.2551765e-01   5.1151018e-02  -1.8040414e-01  -3.3527707e-01   4.8753718e-01  -6.5703008e-01  -2.7833168e-01  -3.7606152e-01   2.0050014e-01   6.4729451e-01  -2.6185938e-01   3.9492588e-01   3.7057825e-02  -3.3955697e-01  -5.9394291e-01   1.0057752e-01  -2.3069268e-01  -6.9696821e-02   2.2372682e-02  -3.1752535e-01   1.1433941e-01   2.5726015e-01   5.7178749e-01   3.2044579e-02   4.8234749e-02   4.2516215e-01   5.4544132e-01   2.3616693e-01   1.4761125e-01   5.7488213e-01   1.5490472e-01   1.1613062e-02  -5.7607508e-01  -1.1208052e-01  -2.4292506e-02   2.4529764e-01  -3.7895585e-01   6.1087026e-01  -2.6535731e-01  -1.6712184e-01   3.0617304e-01  -1.7606212e-01  -3.8494631e-01   2.6178584e-02   3.4092895e-01  -1.1903600e-01  -2.0312154e-01   1.3619079e-02  -1.5818662e-01   8.8172440e-02   4.6151112e-02  -4.9121983e-01  -8.5716699e-02  -1.8405066e-01  -4.5962570e-01
  -9.0159801e-02   3.0637964e-02   1.0629674e-02   3.4566707e-02  -8.4025763e-02  -2.2641649e-01  -1.5748125e-01   0.0000000e+00  -9.7672484e-02  -3.9645274e-01   4.9155373e-02   8.3789700e-02  -2.3832712e-01  -1.5989632e-01  -9.4238990e-02  -1.3333055e-01   8.0217563e-02  -7.8226617e-02   5.1106828e-01  -1.8526577e-01  -3.9887284e-02   3.9230737e-01  -4.4082633e-02  -2.2420570e-01  -1.0553110e-01   7.3410473e-01  -3.7740434e-01   3.1101563e-03  -1.7706282e-01  -1.1152572e-01  -8.2378637e-03   3.0944041e-01  -1.4568013e-03  -1.4162785e-01  -2.9184126e-01  -1.1942917e-01  -2.0383741e-01  -2.1269559e-01  -1.0570122e-01  -1.3889976e-01  -2.1689315e-01  -1.3607772e-01  -3.2509741e-01   6.0076917e-01  -2.8149004e-02  -9.2752610e-02   1.3207606e-01  -1.7295373e-01  -2.1386213e-01   2.6343692e-02  -7.8278605e-03   7.5658519e-01  -2.8459980e-01  -7.4064953e-02   9.5657154e-02   7.1005983e-02   7.4541901e-02   2.7270118e-01   1.3923184e-01  -4.6323522e-02  -4.1293634e-02  -2.0778396e-01  -1.2517853e-02   1.3017913e-01  -2.0646095e-01  -2.2909795e-01   1.2587093e-01  -8.7398467e-02   3.2161112e-01  -7.5160842e-02   5.9820496e-02   1.4330692e-01  -9.6476621e-02   3.5582315e-01  -9.3649568e-02   6.6465209e-01  -9.1132109e-02   4.6379435e-02  -1.7559494e-02  -3.7646711e-02   8.0828181e-03  -3.3851705e-01  -2.2624320e-01   7.3380518e-01   8.7455251e-02   5.4790468e-01  -1.0029465e-01   6.1211146e-02  -4.2494947e-03   2.7324626e-01  -1.6352429e-02   6.0711737e-02  -3.1536941e-01  -1.3453460e-01  -3.3059572e-01  -2.4925917e-02  -4.4684490e-02   4.5011672e-01  -2.0618895e-01  -1.6326880e-01   2.2722576e-02   1.3277635e-01   2.5121512e-01  -1.7311469e-01   2.1319940e-01   1.8992480e-01   5.0447318e-02   6.1244044e-01  -3.3130212e-02  -1.5890013e-01  -3.3932580e-01   2.6212634e-01   3.8344847e-02   7.1509550e-02  -2.3610352e-02  -2.3351615e-02   8.5718886e-02  -2.9962925e-01  -9.9971724e-03  -2.7315500e-03  -8.2113293e-02   3.4838066e-03  -1.2956220e-01  -2.4586504e-01   7.1306063e-02   1.9746818e-01  -1.5599243e-01  -9.0579636e-02   2.6161755e-01  -4.6610001e-02  -1.9518960e-01  -2.3832933e-01   1.4697958e-01  -2.1600579e-01  -1.5064675e-01   7.8790587e-01   4.3950306e-02  -1.3755970e-01   6.3844096e-01  -9.7339840e-02  -2.6354841e-01  -6.9619250e-02   1.8088694e-01  -3.2841627e-01   5.6527614e-02   3.2613280e-01  -2.2320967e-01  -2.0146907e-01   1.7233915e-03  -2.0583886e-01   1.1491426e-01   5.5846724e-02   8.8216841e-02  -3.7090690e-01  -2.6956183e-02  -5.3890027e-02  -2.6052581e-01  -1.2161154e-01   4.5933360e-02   3.1095375e-01  -1.0526964e-01   9.0417191e-03  -2.3710515e-01   1.2074697e-01   1.8344399e-01   3.7543893e-02  -1.9073314e-01   1.7831295e-01  -1.3997548e-01  -1.1194620e-01  -6.3353896e-02  -1.0006323e-01   3.3996132e-02   1.0751836e-01   1.5583755e-01  -9.6428637e-02   4.2633995e-01
  -8.1636575e-02   2.6139361e-01   6.2785491e-01   5.6232262e-01   5.1148819e-01   2.3899802e-01  -3.0252800e-01  -9.7672484e-02   0.0000000e+00  -1.4309659e-01  -5.8555656e-01   2.2715472e-01  -2.3285392e-01  -1.6757137e-01  -2.4601300e-01   6.0564024e-02   5.5175592e-01  -4.8103958e-01  -4.0533944e-01   5.4228360e-01  -6.1354679e-01   1.9838454e-01  -4.7118411e-01  -1.2929355e-01   6.0341028e-01  -3.4363981e-02   6.7348714e-02  -3.8847971e-01   1.0908486e-01   4.7724473e-02  -6.4115782e-01  -2.2158543e-02   4.8626210e-01  -4.1589586e-01   1.1342810e-01  -1.4451871e-01  -5.2615355e-01  -1.3957970e-02   1.4910265e-01   6.5480684e-01  -2.9410516e-01  -1.1313695e-02   4.8319060e-01  -2.3556089e-01   4.1914587e-01   1.9026803e-01  -3.5644969e-01  -1.0153495e-01   2.9871039e-01   5.5649016e-01  -6.7081549e-01  -1.5936579e-01  -1.8103154e-01   4.8185843e-01  -2.4667624e-01  -4.6015315e-01  -5.3744706e-03   8.4539377e-02  -5.5203234e-01   1.8889514e-01   4.6092646e-01   1.7148028e-01   8.7056878e-01  -4.4565708e-01   4.5860161e-01  -1.7922425e-01   3.5681636e-01   6.0180806e-01  -1.7696272e-01   5.7779757e-01   5.6399666e-01   1.3418393e-01  -1.6703809e-01   1.6943840e-01   3.7286191e-01  -1.0237022e-01   4.7740574e-01   1.7545962e-01   5.0540009e-01   2.1612915e-01  -4.7340830e-01  -8.7472600e-02  -1.7891995e-01  -2.2414792e-01  -3.5431840e-01   9.6746892e-02  -1.1057978e-02  -1.6776868e-01   6.7383163e-01  -1.2329717e-02   3.4008668e-01   4.5159102e-01   1.5295565e-01   8.3163148e-01  -1.3662163e-02   5.4249202e-01   3.6882895e-01  -9.1230529e-02  -4.7282021e-01  -4.7058752e-01  -5.0895593e-01  -6.2477069e-01  -5.2219074e-01   5.1524495e-01  -3.6631188e-01   4.1703161e-01   5.0953779e-01  -1.2042343e-01  -3.8927166e-01  -5.2957035e-01  -1.7892028e-01  -3.9202517e-01   6.4262717e-01   2.9943481e-02  -3.2324217e-01   2.9964911e-01   2.1194792e-01  -9.9654768e-02  -4.7622776e-01   4.9653293e-01  -1.3264435e-01   6.6432252e-01   6.5294392e-01   3.2326627e-01   1.3989605e-01  -1.2066336e-01  -3.0189796e-01   5.4958583e-01   4.9503338e-03   6.2714131e-01  -4.3438127e-01  -5.5490833e-01   5.7163068e-02  -4.0748015e-01   6.6359126e-01  -1.2028464e-02   3.5126968e-01  -1.4530005e-01   1.0089224e-03  -5.5690211e-02  -2.2096892e-01   1.8317722e-01  -4.2825202e-01   2.9008164e-01  -2.3706133e-01  -3.3907044e-01   3.9128419e-01  -2.2300502e-01  -1.2344607e-01  -5.2517973e-01  -3.0529187e-01  -6.3273831e-01  -2.8504086e-01   1.2940706e-02   7.2857707e-01  -1.2825931e-01   6.8984884e-02  -4.2885741e-01   4.7947338e-01  -4.8954327e-01   6.8268084e-01  -7.7787588e-03  -3.4589276e-01   6.1708979e-02   5.3606385e-01   1.5977298e-01  -2.5514318e-01  -3.5419764e-01   3.9573479e-01  -2.5393376e-01   2.0375831e-01  -3.9663365e-01   1.5329941e-01   3.8684014e-01  -3.9202240e-02  -2.8589591e-01   4.3680449e-01
  -1.0058319e-01  -2.5402993e-02  -3.8577170e-01  -8.9201423e-02  -5.2749076e-01   4.0774727e-01   6.2248862e-01  -3.9645274e-01  -1.4309659e-01   0.0000000e+00   5.7410578e-02  -4.4542215e-02   6.7544426e-02   2.8448649e-01   5.0450438e-01  -3.1495010e-02  -4.1523265e-01   2.1778371e-01  -2.2263250e-01  -1.9376283e-01   4.3950449e-01  -2.7087719e-01   5.6630732e-01   3.4467043e-02  -8.3603758e-02  -3.6801307e-01   3.5477964e-01   4.1090800e-01  -2.0987617e-01   1.2815288e-01   3.1807072e-01  -4.3027900e-01  -3.7020897e-01   6.5356844e-01   5.3133043e-01   1.9362197e-01   4.1651242e-01   2.5698215e-02  -2.4145158e-01  -2.3622992e-01   1.0767645e-01  -1.4331982e-01   2.4526254e-01  -3.3658595e-01   9.0763610e-02  -1.7471426e-01   9.7721481e-03   4.4630031e-01   1.6645998e-02  -4.5277893e-01   2.4667194e-01  -3.4209102e-01   3.8539642e-01  -3.8689306e-01  -1.7344898e-01  -1.1516279e-01   2.3198069e-01  -1.8391879e-01  -8.9939661e-02   4.7010148e-01  -1.6098835e-01   4.2011922e-01  -3.1497601e-01  -5.0059428e-02  -8.7540571e-02   5.7632161e-01  -4.8228201e-01  -1.1762687e-01  -1.5299106e-01  -1.0210156e-01  -5.1194564e-01   1.1156328e-01   1.7029011e-03  -5.2891208e-01  -2.4791802e-01  -4.8471082e-01  -8.3892263e-02  -2.2724141e-01  -3.9268204e-01  -4.0328910e-01   4.7431455e-01   1.1186349e-01   2.4481468e-01  -2.4115071e-01  -1.1579220e-01  -4.7314025e-01   2.0923193e-01  -1.7169432e-01  -4.0086741e-01  -1.4057558e-01  -4.7863067e-01  -3.6821703e-01   1.7154821e-01   1.7415776e-02   1.5034602e-01  -4.3241585e-01  -7.2659323e-02  -2.1034608e-01   3.8421558e-02   6.0978599e-01  -2.1560956e-02   2.6160296e-01  -1.8165456e-01   2.8912061e-01   2.4868936e-02  -2.7126669e-01  -3.9351430e-01  -1.8703752e-01   5.1250101e-01   2.0547901e-01   4.8482090e-01   3.5520737e-02  -1.1576565e-01  -4.3809843e-02   2.0429521e-01  -4.2803904e-01  -4.2098879e-01   1.4045344e-01   2.6770583e-01  -1.2693330e-01  -8.2836644e-02  -4.5917174e-01  -2.8580119e-01   6.7179249e-03  -2.0512679e-01  -4.9985344e-01   3.6542716e-01  -3.7084403e-01  -1.8891742e-01  -1.8395301e-01  -8.5604848e-02   5.5445460e-01  -2.3808115e-01   5.6898523e-01  -2.8218047e-02  -5.0495042e-01  -3.7796514e-01   4.4424983e-01  -4.7367027e-01  -4.3679160e-03   1.7361284e-02  -1.7933167e-01  -2.7134048e-02   4.3209678e-01   3.0737775e-01  -2.3765530e-01  -7.5347142e-02   1.3574712e-01   9.0752800e-02   5.2910187e-01  -5.3963597e-02   4.3627097e-01  -8.2389319e-02   6.0508182e-02  -3.4066748e-01  -1.1303013e-01   5.7478592e-03   1.5223447e-01  -2.8321718e-01   8.0223545e-02  -1.1377579e-01  -2.4104871e-01   4.7750353e-01  -1.2027594e-01  -2.7726341e-01  -5.4601488e-02   1.5325099e-01   9.2128198e-02  -7.5548343e-02   5.0757049e-02   5.8541474e-02   2.3840712e-01   2.2636739e-03  -3.3427609e-01  -5.3140971e-02  -2.0188051e-01  -3.7300011e-01
  -5.9649309e-02   1.9637623e-04  -5.3347770e-01  -4.3591282e-01  -3.7492948e-01  -2.4709851e-01   2.8468739e-01   4.9155373e-02  -5.8555656e-01   5.7410578e-02   0.0000000e+00   3.9777436e-02   6.4565022e-02   2.4880185e-01   2.0051635e-01   1.0201531e-01  -4.7902915e-01   5.3021326e-01   3.2415144e-01  -4.5374408e-01   3.8932564e-01  -1.6760944e-01   3.9779462e-01  -6.8946127e-02  -4.6561184e-01   5.6712534e-02   4.0148513e-02   3.9390482e-01   1.2568169e-01   2.4479360e-01   5.0807958e-01  -4.6057898e-02  -3.1950026e-01   2.6485480e-01   1.4942236e-01  -4.6892948e-02   4.9638748e-01  -7.5510248e-03  -1.0860286e-01  -5.5587259e-01   2.7565670e-01   2.3332987e-01  -4.9865912e-02   4.4304438e-01  -2.9572123e-01  -1.1587243e-01   5.2980936e-01   1.1202090e-01  -5.0322698e-02  -5.4119089e-01   7.5550845e-01   2.1993167e-02   2.0360834e-02  -4.8608409e-01   1.8136075e-01   6.1466960e-01  -1.2479466e-01  -2.4446257e-01   6.3133125e-01   8.0834791e-02  -2.0201428e-01  -9.4780373e-02  -5.3225487e-01   5.6589788e-01  -2.2924857e-01   7.4072383e-02  -4.4152906e-01  -3.9862022e-01   1.9219986e-01  -3.8230017e-01  -6.1880407e-01   4.8685175e-02   3.6347469e-01  -9.7195823e-02  -3.0524072e-01   8.8076108e-02  -1.9948179e-01  -6.2092704e-03  -4.5929099e-01   8.8062192e-03   4.7433768e-01   2.2721922e-01   1.8167440e-01   1.4265667e-01   3.2180901e-01  -1.8346061e-01  -2.0624777e-02  -2.0372658e-02  -4.5559290e-01  -9.3904443e-02  -5.1144336e-01  -2.3696018e-01  -1.1485500e-01  -4.2128704e-01  -2.6362044e-03  -3.9889002e-01  -2.6416601e-01  -3.9042989e-03   5.7753030e-01   4.2720039e-01   4.3484394e-01   6.2583059e-01   4.4883408e-01  -2.2413554e-01   3.4812322e-01  -3.8413074e-01  -4.9888578e-01   1.0735152e-02   3.0549757e-01   5.1780522e-01   1.9221724e-01   4.4211881e-01  -4.3206736e-01  -1.6583285e-01   3.2486456e-01  -4.0756153e-01   6.7143539e-02   2.2579164e-02   4.1878603e-01  -3.3553511e-01   2.6455247e-01  -5.7739254e-01  -3.3321723e-01  -3.2230470e-01  -2.7781976e-01   2.2390400e-01   2.3774693e-01  -4.2500185e-01  -7.3053003e-02  -4.9601433e-01   3.7860854e-01   4.8901535e-01   1.4368709e-01   2.2864186e-01  -1.9808691e-01  -1.8611720e-01  -1.9144248e-01   7.6407185e-02  -2.1126366e-01  -2.7564973e-01  -2.4858129e-02  -2.4374418e-01   6.8037406e-01  -2.2481856e-01   3.9840791e-01   3.3616048e-01  -4.0666478e-01   7.8716473e-02   1.1552462e-01   3.0873655e-01   2.4434215e-01   4.2057765e-01   3.4519997e-01   3.4342411e-01  -6.3056296e-01  -5.2508311e-02   5.1435501e-02   5.1404405e-01  -1.8828005e-01   4.8872411e-01  -3.2260027e-01   4.1204859e-01   1.3686934e-01   2.7930851e-02  -3.9320576e-01  -9.8009794e-02   5.7646879e-01   3.3307321e-01  -1.0586334e-01   3.8187854e-02  -2.4765202e-01   3.1035259e-01   3.4828554e-02  -3.9903444e-01   1.8774092e-01   3.7773790e-01  -2.6480904e-01
   2.2486594e-01   4.8467186e-01   1.0036005e-01   3.0279578e-01   1.1072660e-01   4.1175827e-02   2.7625406e-01   8.3789700e-02   2.2715472e-01  -4.4542215e-02   3.9777436e-02   0.0000000e+00  -5.1661648e-02  -4.5325913e-01  -2.5061955e-01   1.9495468e-01   2.9933694e-03   4.1733170e-03  -8.2619429e-02   2.8065357e-01  -1.0219092e-01   3.9475651e-01   1.2367809e-01   6.3102030e-02   1.8534034e-01   1.3962422e-01   1.8758165e-01  -1.4989310e-01  -1.2926274e-01   5.6841522e-01  -3.3141959e-01   1.8613107e-01   1.7882964e-01   1.3929404e-01  -1.0943509e-01   2.3802248e-01  -1.2988612e-01   1.3339642e-01   6.3353309e-02  -5.5579134e-02   8.5599575e-02   1.4131327e-01   3.9301073e-01  -2.5949086e-03   2.5889724e-01   3.2799791e-01   4.3746780e-01   1.5706497e-01   2.1575806e-01  -1.7405496e-01   1.0646492e-01   5.4289903e-03  -4.3252475e-01  -8.8680243e-02   6.3716457e-02  -4.8826737e-02   9.1019546e-02   4.4905831e-01  -1.3439899e-01   4.5431728e-01   2.0131263e-01   2.1612766e-01   2.6249173e-01  -3.2352700e-01   1.6135197e-01   1.4224621e-01  -8.0350765e-02   2.4018095e-01   3.6604249e-01   4.7593650e-01  -4.9771039e-02   4.4969143e-01  -1.1947678e-01   3.4683831e-01  -7.2153374e-02   1.6838814e-01   1.7859691e-01  -1.0744364e-02   1.2095445e-01   9.8596504e-02   4.6485332e-02  -4.1219015e-02  -4.8117151e-01  -6.4567036e-02   2.3059680e-01   1.6991441e-01  -4.9323094e-01  -2.0495193e-01   5.9885982e-03   1.3922663e-01  -4.3761233e-01   6.9108744e-02  -1.4334671e-01   4.2353891e-01   1.2854589e-01  -1.7345755e-01   1.3115717e-01  -9.9690066e-02   7.5886427e-02   1.2229234e-01  -2.3017685e-01   1.6841349e-01   1.9249827e-01   1.9258458e-01   3.8434300e-01   3.5595573e-01  -7.3074109e-02   2.0785396e-02  -5.9617062e-02   2.1408671e-01  -1.2904416e-01   5.1755608e-01   2.9356346e-01   2.9665508e-01  -9.6817405e-02  -3.3746948e-01   2.2675268e-01   9.8704525e-02  -6.6021780e-02   2.4012310e-01   8.5023458e-02   2.5980832e-02  -9.9379539e-02  -3.3019563e-02   4.3955263e-01   1.1810180e-01   2.6750059e-01  -1.2740096e-01   2.4530295e-01   3.6938947e-01  -9.0837336e-02  -2.4902834e-01   2.1497262e-01  -3.7010531e-01   5.4592937e-01   1.5478017e-01  -6.8054824e-02  -4.8469897e-01   1.8526819e-01  -1.0117579e-01  -1.4875366e-01   2.2347064e-01   1.7013186e-02   2.3847348e-01   1.9230471e-01   1.9635343e-01   5.4388183e-01   1.6854573e-01   3.1762910e-01  -4.2059355e-01   2.9417694e-01  -1.7729840e-01   7.8641803e-02  -2.2849254e-02   4.6141176e-02  -1.5605951e-01   2.5719650e-01   4.7755529e-02   1.3165475e-01   2.7803369e-01   3.3504580e-01   2.8815320e-01  -2.7938862e-01   4.1519337e-01   4.0561146e-01  -2.1095536e-01   4.7062212e-02  -3.1712519e-01   1.7824316e-01  -3.2254455e-01  -2.4498835e-01  -5.0105816e-01   4.1404078e-01  -5.3793526e-02   1.5486911e-02  -4.6590187e-01   2.8112052e-01
   9.6882585e-02  -4.0993683e-01   1.3930155e-01   1.4499571e-01   1.6972805e-01  -5.9918409e-02  -3.8562062e-03  -2.3832712e-01  -2.3285392e-01   6.7544426e-02   6.4565022e-02  -5.1661648e-02   0.0000000e+00  -1.8275720e-01  -1.0005334e-01   3.9681876e-01   1.1663451e-01   2.1807038e-01  -1.2542948e-02   3.0584388e-01  -6.7533397e-02   1.3881849e-01  -1.8810122e-03   3.3830438e-02   7.5768100e-02  -1.1498161e-01  -6.7384523e-02  -1.5666028e-01   2.4477010e-01   1.1430659e-01  -5.4616214e-03   2.6770865e-01  -1.0742425e-01   2.3470568e-03  -1.3220272e-01   3.0352333e-01   7.2542678e-02   1.5078438e-01   5.1157453e-01  -5.8159400e-02   7.1068182e-01  -8.7039620e-02  -1.6386060e-01  -5.9979635e-02   4.9128796e-02   2.5953389e-01   2.5889562e-01  -1.7779058e-01   6.0565803e-02   1.0912939e-01   9.9198294e-02  -1.5220511e-01  -1.4864295e-01   1.5909026e-01  -2.4170393e-01   1.3192689e-01   3.2539709e-02   2.7503207e-01   2.6959960e-01  -1.1539244e-01   6.1087014e-02   2.9230414e-01  -7.2531832e-03  -2.9948472e-02  -2.4503963e-01   8.0857965e-02  -5.4123490e-02   7.2187832e-02  -9.4976430e-02   4.3785973e-02  -5.4871749e-02  -8.2744951e-02   3.8559343e-01  -2.1265510e-02   2.7555827e-01  -4.1205996e-03  -8.0762530e-02  -7.3173434e-02  -1.2390764e-01   3.7175747e-01   1.3326064e-02   3.0816936e-01   2.7690982e-03  -1.7507069e-01   8.5115363e-02   9.2838709e-03  -2.3843207e-01  -7.6425381e-03  -1.8097026e-02  -1.8096343e-01  -8.4603091e-02  -1.1118790e-01   1.5692132e-01  -1.6168854e-01   8.8099845e-02   1.0097666e-01   3.0969154e-01  -1.4485975e-01   3.5343086e-01  -5.8419513e-02  -6.0012728e-02   4.2392999e-02   6.7996843e-02  -4.4986132e-01   2.8792445e-01   1.8207539e-01   4.0273731e-03  -2.0077575e-01  -5.2240709e-02   1.5217611e-01  -1.1956528e-02   1.3628743e-01   4.2896522e-02   1.7426575e-01   2.1061830e-02  -6.2356560e-02  -6.4593499e-02   6.8710813e-01  -1.5539388e-01   9.7073024e-02   3.1338749e-02  -2.5074734e-03   9.1701330e-02  -2.5982194e-01   2.1871149e-01   1.0426425e-01   1.8588528e-01   1.9651184e-02   2.4660333e-01   5.7489619e-02   2.8594655e-01  -6.3894202e-02   5.7941843e-02  -7.6429084e-02  -1.6437296e-01  -8.9314588e-02   1.7604702e-01  -2.8435275e-01   2.4486219e-02   2.3534022e-01   3.4195746e-01   6.6162956e-01   1.3871513e-01   5.1574880e-02  -1.8967963e-01   1.9639385e-01  -2.0226448e-02   2.5742931e-01   1.0948952e-02  -4.8310764e-02   3.3417503e-02  -1.6095958e-01  -2.6176344e-02  -2.1571465e-02  -2.0176713e-02  -5.1041301e-02   7.8746871e-02   4.9255358e-01  -1.5648715e-01  -5.3464959e-02  -9.3104836e-02   4.6049869e-02   2.2823957e-01   3.9126433e-01  -4.7228570e-03  -3.4424553e-01   4.1005890e-02  -1.3026029e-02  -5.6798508e-02  -1.8514446e-01  -2.4484578e-01  -2.8337168e-01  -2.1165727e-02   3.0165005e-02   2.3508926e-01  -9.0546039e-02  -3.5993810e-02
   1.8005676e-01  -1.5812559e-01  -1.6281990e-01  -2.0515063e-01  -3.9623969e-01   1.8357927e-01  -8.8290019e-02  -1.5989632e-01  -1.6757137e-01   2.8448649e-01   2.4880185e-01  -4.5325913e-01  -1.8275720e-01   0.0000000e+00   5.0682426e-01  -1.5547720e-01  -6.8405413e-02   3.7892805e-02  -6.2851497e-02  -3.2764981e-01   2.3909177e-01  -2.3391568e-01   7.3514866e-02   8.3549363e-02  -2.5166800e-01  -2.4407125e-02   1.5750262e-01   4.2456381e-01  -4.6447070e-02  -3.0659704e-01   5.1722607e-01  -1.8659110e-01   4.2639629e-02  -1.2370276e-02   5.1064074e-01  -2.7826864e-01   3.2916392e-01  -9.7223861e-02  -2.6291805e-01  -1.1901889e-02  -1.5048875e-01   2.1354811e-01  -2.3737291e-01   9.4670526e-02  -4.2524349e-02  -1.1500852e-01  -2.0551829e-01  -8.1010398e-03  -6.0176790e-02  -6.2484783e-02   8.3164458e-02  -1.4102209e-01   2.4595083e-01  -2.5327285e-02   4.4658627e-01   2.7439946e-01  -1.8739889e-01  -3.4389669e-01   8.8636966e-02   5.3436981e-02   9.7775305e-03  -2.8316937e-02  -3.4509656e-01   2.2908873e-01  -2.6534215e-01  -1.9684601e-01  -8.0193569e-02  -1.7710070e-01  -3.3728134e-01  -2.6127754e-01  -2.1958860e-01  -6.7729626e-02  -3.8411197e-02  -9.4380416e-02   2.6794882e-02  -1.8087776e-01   2.6744865e-02   1.2779264e-01  -4.5049026e-01  -6.4602401e-02   2.0210133e-01  -1.0842078e-01   4.0418077e-01  -1.4972404e-02   1.3207340e-01  -1.7205952e-01   6.2941125e-01   2.3601128e-01  -1.1647291e-01   6.9397992e-02   3.3586049e-04   4.1048834e-02  -3.5167955e-02  -2.8234700e-01   5.7867298e-02  -8.7207567e-02  -1.1816530e-01  -6.7749762e-03  -9.7699512e-02   2.0584039e-01   5.1411078e-01  -6.0143714e-02  -1.8842521e-01   1.9293653e-01  -2.5825649e-01  -3.3500580e-01   5.1333465e-02  -1.5493267e-01   1.6962504e-01  -1.0150310e-01   1.7328463e-01  -2.9053905e-01  -1.8402410e-01  -2.8794363e-02   2.5167308e-01  -1.4114609e-01  -2.9084291e-02  -3.0542990e-01   4.1032034e-01  -1.0654264e-01   1.7397685e-01  -3.6731431e-01  -4.2551454e-02  -1.6420208e-01  -2.7398132e-01   9.0893989e-02  -2.2004550e-01   1.3705363e-02  -2.4037658e-01  -2.1356345e-01  -6.0175368e-02   3.3696423e-01   2.9828121e-01   4.2062991e-01  -3.2605145e-01  -2.6478618e-01  -1.5479780e-02   6.0441478e-01  -3.2670282e-01  -1.3750085e-01   7.4654889e-02  -3.0243127e-01   8.9910970e-02  -9.1032118e-02   2.0768766e-01  -3.0408799e-01  -4.8243507e-01  -2.7596554e-01  -5.3167289e-01   5.3058681e-01   6.6177538e-03   3.2503903e-01   2.4624138e-01   3.2425899e-01  -2.4301261e-01   1.6995289e-01   3.8830552e-02  -1.9266890e-02   8.1769048e-02  -3.7315862e-02  -1.6821757e-01   4.3685137e-02   1.5481175e-01  -3.3563378e-01  -3.4817944e-01  -1.2251716e-01   1.7766579e-01   3.6595568e-01   1.4632026e-01   1.9162308e-01   1.4609996e-01   5.5593767e-01  -1.9863164e-01  -1.8266669e-01   7.9584876e-02   3.1006275e-01  -2.4761172e-01
