   0.0000000e+00  -1.6956664e-01  -1.8522380e-01  -6.8971997e-03  -6.3796203e-02   1.2597780e-01  -1.9595780e-01   2.0432000e-01  -6.7639859e-02  -2.1449873e-01  -1.4784683e-01  -2.0364128e-01  -5.5868824e-02   1.4262970e-01  -8.0327192e-02  -3.6925451e-01  -8.7691347e-03  -1.8751266e-01   9.3787284e-02  -4.7926215e-02  -1.8097459e-01  -5.7719789e-02  -1.4230616e-01   6.1987059e-01   1.4484533e-01   2.7356454e-01  -1.3462124e-01   3.0067480e-01   2.9967537e-01   1.5926330e-01  -2.8041981e-01   3.8093894e-02  -1.9728336e-01  -1.6755031e-01  -1.4814143e-02  -1.5433767e-01  -4.2118718e-01   2.9774421e-01  -3.5775684e-01  -2.5404441e-01  -4.7897290e-02   2.4697030e-04   9.9069312e-02  -1.1220591e-01  -2.3475914e-02   3.4422259e-01  -2.4486750e-01  -9.1873324e-02   8.2387852e-04  -2.4274446e-01  -1.1157187e-01   2.1208034e-01  -1.0530570e-01  -1.8895937e-01  -7.5439079e-02  -6.7448300e-02   4.2680124e-01   2.4918168e-02  -2.4377255e-01  -4.3088267e-01   4.4960630e-01   1.4300439e-01   7.8923830e-02  -3.1084497e-02   8.8162113e-03  -1.2360716e-01   1.9563429e-01   4.6490884e-02  -3.8895598e-01  -8.3480278e-02  -2.0049316e-01   1.2355383e-01  -4.0658389e-02   2.8507084e-01  -8.6688677e-02   6.9690359e-02   2.8660216e-01  -7.3917859e-02  -7.0218918e-02  -2.1244562e-01   1.4732571e-01  -1.9006791e-01  -1.4283876e-01   4.9649796e-01   6.0863240e-02   1.9124165e-01  -2.0411951e-01   4.6595640e-01   1.4753073e-01   6.4035310e-01   1.3999396e-03   1.6538940e-01  -2.3640634e-01   1.0028310e-01   4.1592439e-01  -1.1066074e-01   4.3673453e-03   1.1859010e-01  -6.7542859e-02  -4.2130912e-02  -1.9438249e-01  -1.0907004e-01  -2.9931655e-01   2.6768206e-01  -5.8749584e-02   2.9058756e-01  -4.1138741e-02   6.7240423e-02  -1.0324506e-01  -4.1460425e-01  -2.9227922e-01   1.1732205e-02   1.5112094e-01   7.2485897e-01   3.1393165e-01  -1.5064366e-01  -1.1533334e-02   4.3986601e-02  -5.5208816e-02  -1.1483875e-01   4.0542303e-01  -4.2505859e-02  -1.1648615e-01   2.4254573e-02   4.5397890e-01   4.9231669e-01  -8.5266295e-03  -1.5147444e-01  -8.4526717e-02  -2.0180796e-01  -3.2820751e-01  -2.6611505e-01   3.8595201e-01  -1.8613998e-01  -6.8726795e-03   1.7908490e-01  -1.7595061e-01  -2.5665621e-01   7.2633674e-02   4.6625619e-01   5.1600558e-01  -8.8829862e-02  -6.0301601e-02  -3.8663624e-01  -7.4460997e-02   1.2037430e-02  -4.0906141e-01  -9.9131645e-02  -2.6021391e-01  -1.1068153e-02   3.9352118e-01  -1.1492057e-01   3.6213109e-01   1.8010467e-01  -2.4710721e-01   3.4445192e-01   4.1763272e-01  -2.0025811e-01   3.4348148e-01   8.8197125e-02   5.2592023e-02  -6.8013447e-02   2.5987918e-02  -1.1442823e-01   3.0953481e-01  -2.2773839e-01  -1.6529752e-01  -1.8985910e-02   4.3451046e-01  -1.3316376e-01  -2.6726040e-01   1.2827641e-01  -5.0193386e-02  -1.9642302e-01   2.0071837e-01  -2.0274894e-01   2.7077418e-01
  -1.6956664e-01   0.0000000e+00   4.2674074e-01  -7.6671171e-02   3.2217780e-01  -3.3239079e-01  -9.6829785e-02  -3.7470337e-01   4.7636499e-01   2.1501155e-01  -3.6183661e-01   7.4023813e-01   7.3270039e-03  -1.2978970e-01  -5.2703038e-01  -2.8180149e-01   4.4214343e-01  -5.6271117e-01   8.2567221e-03   1.1691948e-01  -3.1910284e-01  -3.4053500e-01  -5.2710701e-01  -1.9091897e-01   2.9682797e-01  -2.3718143e-01   1.5929505e-01  -2.7185445e-01   3.1044840e-02   6.3101794e-02  -1.6068860e-01  -2.5011996e-01   2.0743253e-01   1.3424884e-01  -3.7609182e-01   1.2614491e-02  -2.0057542e-01  -4.6731095e-01  -8.6548411e-02   3.9938739e-01  -8.2358818e-02  -2.0762635e-02   2.9131679e-01  -9.1704676e-02  -3.0812250e-01  -1.5155103e-01  -1.6390738e-01   3.4377113e-01   1.4295740e-01   4.6751312e-01  -5.8118590e-01  -4.8482860e-01   5.2858710e-01   1.4465736e-01  -1.1472980e-01  -3.4875705e-01  -3.9093261e-01  -4.6919745e-01  -6.7397290e-02   1.5167875e-02  -3.2123769e-03   2.1580013e-01   7.1659868e-01   2.9269791e-01   1.7933443e-01   2.0127858e-01  -2.0715102e-02   1.8080981e-03  -3.0476224e-01  -2.5160528e-02   6.5985961e-01  -3.2162950e-01   2.4462007e-02  -3.7707912e-02   4.0452856e-01  -8.4905700e-02  -1.2897318e-01  -1.5459915e-01   6.2507244e-01   1.7295566e-01  -4.8351946e-01  -4.5724246e-02   2.8659801e-01  -9.8826915e-02   5.0941174e-02  -4.1891138e-01   2.5284343e-01  -1.9856272e-01   2.7168182e-01  -2.1293554e-01   4.8664811e-01   2.1055442e-01   3.3413946e-01  -2.9203558e-01  -3.8002866e-01   4.0737975e-01   1.0449687e-01  -5.2533702e-01  -9.2708947e-02  -4.8925242e-01   2.5470985e-01   4.9454153e-03  -4.3117263e-01  -1.3128730e-01  -5.6235368e-01  -2.7536609e-01   3.8606478e-01  -4.7156134e-01  -2.1327980e-01  -1.9914257e-02   1.6522841e-01  -4.7014654e-01   6.0511457e-02  -2.3042083e-01  -2.3913911e-01   5.8405617e-01  -4.1361890e-01  -1.9204441e-01  -1.1087989e-01  -3.5733907e-01  -1.3484505e-01   3.6149788e-01   5.9622062e-01   1.6271762e-01  -3.0585562e-01  -2.5607685e-01  -3.4965355e-01   9.3006217e-04  -2.8238955e-01   2.0070086e-01  -4.5076078e-02   6.2287955e-03   8.6260786e-02  -3.1277390e-02  -9.1755020e-02  -1.0518301e-01   8.7083580e-03  -4.1535370e-02  -4.5770195e-01  -9.6579915e-02  -1.1182505e-01   2.0538736e-01  -4.9107116e-01   4.5805223e-03  -3.7355903e-02  -2.1152986e-01   2.1029382e-01   3.0091053e-01  -2.3080833e-01  -1.6700410e-01  -3.6406752e-01  -2.3783281e-01   4.7155727e-02   3.7639966e-01   5.9731425e-01  -1.8429701e-01  -1.3353122e-01  -9.1129447e-02   1.3531643e-02  -5.6188362e-01  -4.5935362e-03  -4.7512034e-02   2.4803489e-01  -5.3850694e-01  -2.8791205e-01   5.8829264e-01   3.6696530e-01  -2.4428526e-01   1.0727766e-01   4.3136838e-01   5.8977239e-01  -7.4892583e-02  -2.1153283e-01   1.4308727e-01   2.6378861e-01   4.1123562e-01  -3.1259101e-01
  -1.8522380e-01   4.2674074e-01   0.0000000e+00  -1.4504056e-01  -6.2921959e-02  -2.1133051e-01   9.0565523e-02  -2.8876829e-01   7.6570457e-02   2.4247619e-01  -4.3654425e-01   5.9507337e-01  -2.3886901e-02  -1.6657714e-01  -4.3038332e-01  -3.0476639e-02   8.1104534e-01  -4.8665692e-01   1.1282578e-01  -3.6727278e-02  -2.7194848e-01  -3.0335123e-01  -2.8868550e-01  -1.6189391e-01   8.7917005e-02   2.6011399e-02  -1.6249212e-01  -2.6769288e-01   1.0461721e-01  -4.1533021e-01  -5.8354230e-02  -2.5524665e-01   2.4859339e-01   1.5092594e-01  -2.5127977e-01  -2.0853011e-01  -2.3870524e-01  -1.3209830e-01  -4.4880965e-02   4.1735063e-01  -2.1507306e-01   2.8382887e-01  -5.2290931e-02  -5.6275292e-02  -4.6171214e-01   2.7880716e-01  -2.9834470e-01   1.6277895e-02  -9.9204646e-02   6.9221467e-01  -5.4204619e-01  -3.2058496e-01   1.8337236e-01   4.3813455e-01  -3.6930204e-02  -1.3524609e-02  -2.1040816e-01  -3.4407919e-01  -1.5557026e-01   1.1229047e-01   3.2847543e-01  -1.7913943e-01   1.0028470e-01  -4.8554492e-02  -3.9733323e-01   2.5062840e-01  -2.1751889e-01  -2.6751057e-02  -1.7567602e-01   4.9273781e-01   4.6665925e-01  -2.7795243e-01  -8.2478464e-02   4.0908022e-02   2.3925420e-01   1.5696676e-01   2.2138315e-01  -9.1975001e-02   2.8963169e-02   3.6432771e-02  -2.5519860e-01  -5.5207611e-02   4.0060483e-01  -1.8329497e-01   1.8204958e-01  -3.5204375e-01   7.4860318e-02  -2.2171720e-01   2.1730622e-01  -1.6264904e-01  -1.9358530e-02   6.6869834e-01   6.1883759e-01  -3.6867724e-01  -4.1007949e-02   1.3721371e-01  -7.5655031e-02  -3.5865729e-01  -2.4418602e-01  -3.7580067e-01   4.2050467e-01   2.7376477e-01  -4.6535804e-01  -3.4700155e-01  -4.2502895e-01  -1.5392340e-01   5.7090511e-01  -3.0639161e-01  -1.0667094e-01  -7.5876718e-02   5.5706902e-01  -4.3170351e-01  -4.4672035e-02  -1.7481116e-01  -1.9331978e-01   3.6212311e-01  -3.3246138e-01  -1.3474460e-01   1.1838124e-01  -3.2262928e-01   8.8140500e-02  -6.5621496e-02   5.2052696e-01  -3.1048823e-01  -6.0135525e-02  -3.0899714e-02  -4.4786650e-01  -7.6239157e-02  -1.4466199e-01   6.1892883e-01   7.6545921e-02  -4.3929942e-02   2.2413316e-01   1.7155838e-01  -4.2927843e-02  -1.6635409e-01  -8.1352532e-02   2.9455937e-01  -3.4324844e-01   1.3486868e-02  -9.8077702e-02  -1.6943974e-01  -3.3356900e-01   3.9234110e-01  -6.0462190e-02  -4.8966243e-01   6.0496894e-01  -3.5608355e-01  -1.7128557e-01   2.6180157e-02  -3.1062417e-01  -2.2105162e-01   2.5084184e-01  -1.2296723e-02   7.7872937e-01   5.0951592e-02   1.1837894e-01  -2.0123753e-01   2.8820417e-01  -3.5007229e-01   9.7055402e-03  -2.0129497e-01   1.3354805e-01  -4.7346446e-01  -2.5473897e-01   5.3268776e-01   3.2882630e-01  -5.1395008e-02   2.2121093e-01   4.4522627e-01   2.8928437e-01   2.1017957e-01  -3.6653567e-01   2.3640535e-01   9.5134599e-02   4.9016351e-01  -3.2192211e-01
  -6.8971997e-03  -7.6671171e-02  -1.4504056e-01   0.0000000e+00  -1.3009756e-02   1.9082725e-01  -3.0075360e-02  -5.7587793e-03   1.4176216e-01  -5.3778541e-02   8.6787570e-02  -3.3914447e-02   1.6121764e-02   2.6869573e-01   1.8357582e-01   3.0271021e-01  -1.4165358e-01   1.8952547e-01   1.7668885e-01   1.3795694e-01  -1.4930592e-01   6.2669782e-01   2.2164803e-02  -1.7595811e-01   6.8827532e-02   8.5242636e-02   1.3688860e-01   1.6940047e-01   1.2114118e-01   3.2385144e-01  -1.7205024e-01   3.7682469e-01   2.1405842e-01  -1.2274259e-01   3.1159145e-01  -1.5991832e-02   2.8511957e-01  -2.0165050e-01   2.9285902e-01  -1.2249021e-01   1.1623937e-01   2.9159322e-01   2.8452824e-01  -1.4663767e-01   5.3476350e-01  -2.1885605e-01   2.2859794e-01  -2.6947568e-01   1.9701339e-01  -2.6163540e-01   4.0818706e-01   4.8776626e-02  -2.2587826e-01   2.3955581e-01  -1.0362844e-01  -7.9242781e-02  -4.0957824e-02   5.1890873e-01   3.2916826e-01   3.6306898e-01   7.4885839e-02   2.8913043e-01   6.8121722e-02  -2.2414236e-01   3.1059827e-01  -1.4778184e-01   4.2808245e-01   3.0471035e-01   3.6301227e-01  -6.3577496e-02  -2.2044259e-01   6.1374651e-01   4.9171090e-02   2.5646508e-01   3.7783630e-02   7.7299187e-02  -2.6201269e-01   7.0445313e-02  -6.4079872e-02   2.8519898e-01   9.9762317e-02   1.6037482e-01  -2.5630033e-01  -5.1836977e-02   5.3093927e-02   1.2318099e-01  -7.0226932e-02  -3.3222744e-02   3.0423913e-01  -2.8710246e-02  -2.0452403e-01  -5.5711385e-03  -4.6798720e-02   7.2221723e-01  -1.0039896e-01   7.8020321e-02   5.2420470e-01  -4.8856138e-03   2.8112707e-01   1.3138030e-01  -2.1896540e-01  -1.3497322e-01   6.7164677e-02   1.9122397e-01   2.9879831e-01   5.5854141e-01   8.4448657e-02   3.6510241e-01   2.7235872e-01  -2.1253368e-01  -1.9954481e-01   3.2947301e-01   5.6306681e-01  -5.6937622e-02   1.1332283e-02  -2.2081458e-01   2.7283016e-01  -7.7802451e-02  -9.5022946e-02   5.5176493e-01  -1.4465957e-01   9.5898689e-03   1.2573995e-01   6.9667135e-02  -2.7196423e-01   1.0754662e-01   4.3714135e-01   1.7307612e-01   6.2187691e-01  -1.0000533e-01  -8.6352982e-02  -3.0358779e-01   3.8414825e-02  -1.3223227e-01   6.3351596e-01   2.6472783e-02   1.6505007e-01  -1.7091197e-01  -2.8085270e-02  -3.4007988e-02  -1.2409215e-02   1.9713349e-01   3.8629167e-01   3.0069403e-02   1.4819833e-01  -7.3445816e-02  -6.7318619e-02  -1.6211969e-01   6.3929219e-02  -1.1852201e-01   5.2189112e-02  -2.5634376e-01   1.0058429e-01  -9.8493566e-02  -3.2274738e-03  -1.9949993e-01  -1.7787382e-01   3.1508292e-01   2.3563899e-01  -1.6388910e-02   5.5633662e-01   1.5169894e-01  -2.7956775e-01   2.8206114e-01   5.6990080e-01  -3.1265189e-01   4.5274717e-02   2.5961181e-01   2.2766402e-01  -2.2511911e-01  -8.5100537e-02  -2.2869538e-01   5.7463031e-01   2.0528870e-01   1.0254231e-01   1.5853076e-01   4.5581724e-01
  -6.3796203e-02   3.2217780e-01  -6.2921959e-02  -1.3009756e-02   0.0000000e+00   6.6930395e-02  -4.0525404e-01  -2.2258987e-01   8.3976161e-02   1.8698492e-01  -1.3959066e-01   3.4873475e-01   2.8704062e-01   2.9603819e-02  -3.5148362e-01   1.3758482e-01   1.4046962e-01  -2.1656189e-01  -4.8431293e-02   7.9796745e-01  -5.2625512e-01  -9.1972843e-02  -5.9387178e-01   1.5038274e-02   2.6105080e-02   8.7382130e-02   4.3363954e-01   6.7624354e-02   1.6170559e-02   1.1755023e-01  -4.4899443e-01   4.7148012e-02   1.2200101e-01  -7.4934735e-02  -3.7539445e-01   6.4850738e-01  -2.2449036e-01  -3.9081892e-01   2.1108957e-01   3.6800641e-01   2.3579738e-01  -1.1060506e-01   3.0629459e-01  -4.4856226e-01   8.8443025e-02  -3.6526127e-01   4.5939380e-01  -1.7266067e-01   4.6466925e-02   3.8175582e-01  -1.4220655e-01  -7.7781955e-02  -9.0916630e-02   1.0367481e-02  -2.8308728e-01  -2.5510945e-01  -4.9912944e-02  -9.9030305e-02   8.1422155e-02   1.1792601e-01  -2.4494540e-01   2.8203514e-01   4.4367810e-01  -1.3845806e-01   2.2279651e-01   1.8046630e-01   1.2313886e-01   1.6155718e-01   1.0422474e-01  -2.7968480e-01   1.3900046e-01  -1.2478972e-01   2.3715022e-02   1.9543529e-01   3.7315750e-01   2.5304703e-02  -3.0799164e-01   4.5202216e-02   7.1452129e-01   1.2454455e-01  -2.7468926e-01   6.8064931e-02  -2.1958664e-01   7.8534523e-02  -9.3901612e-02  -1.3195849e-01  -2.7747132e-01   3.2287526e-02   3.1574578e-01   1.0715851e-01   5.1104791e-01  -1.5446503e-01   3.1051664e-01  -8.0151127e-02  -4.1243761e-01   7.1221469e-01   1.6470675e-01  -8.2949996e-02   9.9315639e-02  -3.9343776e-01  -1.8497599e-01  -2.3982952e-01  -2.2903058e-01  -2.1017380e-01  -3.3140883e-01  -1.0654428e-01   1.8674787e-02  -2.6715413e-01  -1.6809748e-01   9.2201176e-03  -2.3872478e-01  -6.7915708e-02   5.0770065e-02   1.2002658e-02   6.2012098e-02   5.8966539e-01  -1.2839053e-01  -8.8331794e-02  -2.6878843e-01   2.5689941e-02  -1.5033171e-01   5.6315871e-01   4.3669339e-01   1.5341809e-02  -2.0541917e-01  -2.0720992e-01  -1.7381162e-01   5.0887627e-02  -1.3915650e-01  -1.6900607e-01   2.1997553e-01  -2.5960649e-01  -2.5671205e-01  -4.6962130e-01   9.9537377e-02   5.6833581e-02   2.9900714e-01  -3.5768953e-01  -8.6394699e-02  -1.9335080e-01   9.5994341e-02   5.8974626e-01  -1.5220355e-01  -1.9889811e-01  -2.5654790e-01  -2.3625437e-01  -2.4616774e-01   2.6032164e-01   1.7364628e-01  -5.0410999e-01  -3.6869254e-02  -4.2535391e-01  -8.7180777e-02   2.1783723e-01   1.9178397e-01  -1.1750795e-01  -1.9287626e-01   9.8712691e-02  -1.7163146e-01  -2.4164143e-01   3.9518687e-02  -7.1969180e-02  -4.5136809e-03  -1.7903772e-01  -8.8647635e-02   3.7802975e-01   2.0885671e-01  -6.9544661e-02  -6.5595202e-02   4.5562770e-01   7.2037579e-01  -2.3102733e-01  -8.5861675e-02   8.9633356e-02   7.5363260e-02   2.1802287e-01  -1.3824745e-01
   1.2597780e-01  -3.3239079e-01  -2.1133051e-01   1.9082725e-01   6.6930395e-02   0.0000000e+00   8.9440692e-02   2.6113262e-01   2.1988534e-02   4.1803943e-02   3.9131567e-02  -1.2097454e-02  -1.1064288e-01   1.8162549e-01   3.3795139e-01   2.4492902e-01  -2.0379035e-01   4.0022944e-01   3.7910003e-01   4.6265361e-01  -1.4724125e-01   6.1234639e-01   8.0546126e-02  -3.7705392e-02  -1.4024935e-02   4.2302817e-01   3.1570534e-01   4.6828016e-01   6.0528721e-02   4.6459070e-01  -2.7472392e-01   5.0437088e-01  -1.1573020e-01   1.8685419e-01   1.5987237e-01   2.5250084e-01   1.0846089e-01   7.0207700e-02   3.0153864e-02   6.4322035e-02  -3.3491390e-02   9.9815804e-02   2.4710089e-01  -2.1981978e-01   4.7194782e-01   1.4503357e-01   3.3227276e-01  -4.5346875e-01  -3.7091600e-01  -3.1233033e-01   5.8993066e-01   5.7597894e-01  -6.6741822e-01   1.2897995e-01   5.4514470e-02   2.3939741e-01   6.7472759e-01   6.0050146e-01   1.0634201e-01   4.5212722e-01  -2.9930525e-02   9.4432038e-02  -1.8164742e-01  -5.3290482e-01   1.3298568e-01   2.7826324e-01   6.0043533e-01  -1.5732304e-01   3.3088983e-01   9.1084284e-02  -6.2775872e-01   5.9397712e-01  -2.2278433e-01   4.7021407e-01  -1.6637252e-01   3.8088371e-01  -2.8884931e-01   5.5078355e-02  -3.4203928e-01  -4.1617691e-02   4.1791883e-01  -2.1636428e-01  -5.8006111e-01   1.9784214e-01   1.4628182e-01   5.8109309e-01  -5.2560205e-01   5.9895127e-02  -9.2429213e-02   8.7975184e-02  -4.0940265e-01  -2.6375727e-01   6.8318348e-02   4.6896031e-01   1.0660244e-02   1.4878997e-01   1.2108788e-01   5.5823695e-01   3.7382703e-01   1.2192623e-01  -4.8796415e-01   1.2141490e-01   3.6519709e-01   3.6473784e-01   6.1048817e-01   3.7152073e-01  -1.0587443e-01   3.9378834e-01  -1.5369947e-01   9.3730902e-02  -2.7608654e-01   6.3503379e-01   2.7047768e-01   1.3265944e-01   2.2155988e-01  -3.5318146e-01   5.9307982e-01  -1.1816413e-01   9.8403609e-02   4.3960960e-01  -2.7013307e-01  -1.5240973e-02  -1.7363406e-01  -8.1359435e-02   6.6569327e-02   2.5783914e-01   5.4938877e-01   2.1679179e-01   4.5721046e-01  -5.8639074e-02  -5.7617598e-02  -4.0624113e-01   6.6813220e-02  -2.8570926e-01   2.6266961e-01   3.3458491e-01   3.7634712e-01  -9.1886882e-02   6.5733487e-01  -2.4755381e-01  -9.5993622e-02   3.2781871e-01   4.9116256e-01   2.5242223e-01   2.8270785e-01   1.9839483e-01   7.4375636e-02  -1.1538971e-01   5.9039415e-01  -2.3497349e-01   3.8731406e-01  -2.6519098e-01  -3.5055817e-01  -3.0750530e-01  -2.1351690e-01  -3.4318442e-02  -1.7882332e-01   4.4232747e-02  -7.3792716e-02   2.9050276e-01   1.7449043e-01  -3.5359047e-02  -3.9874726e-01   7.0054590e-01   4.3715760e-01  -2.4906951e-01  -1.9887823e-01   1.8794316e-01  -2.3050303e-01  -2.2831007e-01  -1.3991280e-01  -4.7163551e-01   4.5723253e-01   2.6878981e-01   9.0509160e-02   1.0838585e-01   6.0067865e-01
  -1.9595780e-01  -9.6829785e-02   9.0565523e-02  -3.0075360e-02  -4.0525404e-01   8.9440692e-02   0.0000000e+00  -2.1954397e-01   1.0255778e-02   3.1668651e-01   2.4395865e-01   1.3518157e-01  -3.1889471e-01  -3.6847812e-01   3.5102654e-01  -3.7776232e-02  -3.1188721e-01   2.0647327e-01  -2.7693081e-02  -1.2670561e-01   4.4352294e-01  -6.7324913e-02   6.1805678e-01  -2.9188790e-01  -2.1163335e-01  -2.2247137e-01   6.5124222e-02  -1.7575755e-01   2.6426141e-02  -1.3082734e-01   1.0905336e-01  -2.5804477e-01  -2.7088375e-01   6.9202403e-01   7.5816264e-02   8.9766358e-02   2.0170576e-01   2.6394545e-02  -8.1513678e-02   1.8941022e-01  -3.1403421e-01  -1.4877436e-01   2.3082672e-01  -1.7575958e-01   1.0202666e-01   6.9056575e-02   4.8208209e-02   3.9416594e-01  -2.4708761e-01  -1.2227144e-01   1.4856212e-01  -1.4968169e-01   1.0696976e-01  -4.6388633e-02  -5.8901232e-02   4.6733045e-01  -2.4084571e-03  -1.8876677e-01  -3.7643573e-01   1.5877861e-01  -3.2482077e-01   2.9167929e-04  -1.2771835e-01  -4.6275284e-02  -2.3903939e-01   4.6129350e-01  -1.7879248e-01  -2.0221504e-01  -5.9719809e-02   4.6101084e-01  -9.1342929e-02   7.1828382e-02  -1.1168061e-01  -3.0081411e-01  -3.2512115e-01  -1.6129021e-01  -1.8062488e-01  -2.6718563e-01  -2.9367281e-01  -3.6704280e-01   2.9234375e-01  -1.2641660e-01   4.9286725e-02  -1.6786348e-01  -4.5418595e-01  -3.4161072e-02   4.7611364e-02  -3.0726240e-01  -3.5668334e-01  -2.9943449e-01  -2.4121052e-01  -2.6628928e-01   9.2092230e-02   1.1214420e-02  -8.8107309e-02  -1.5968248e-01  -2.9239535e-01  -2.1569865e-02   4.8797602e-02   3.9365165e-01  -3.4357382e-02   5.9346043e-01   5.2160408e-02  -1.9911926e-01   2.0288546e-01   1.7462022e-02  -1.9444702e-01  -1.8027688e-01   1.2016586e-01   2.4206942e-01   5.8598542e-01   1.2555810e-01  -7.6622213e-02  -2.2869610e-01  -1.0532336e-01  -3.5029257e-01  -5.5584626e-02   3.4202585e-02  -1.6568050e-01  -1.5204844e-01  -2.8457463e-01  -1.1131961e-01  -1.2145727e-01  -8.9216206e-02  -1.0137710e-01  -3.6438175e-01   1.1283072e-01   3.6250665e-02   6.7803324e-03   1.5089430e-01  -1.5455353e-01   3.2158127e-01  -2.9490268e-01   1.4061245e-01  -4.0029290e-02  -2.4759958e-01  -2.5629037e-01   4.2959610e-01  -7.9098716e-02  -2.3381319e-01  -3.4864746e-01  -2.7549484e-01  -4.2801218e-02   7.9261901e-02   3.7493635e-01  -8.0442166e-02   5.6328319e-01   9.9186173e-02   1.5667504e-01   1.5268745e-01  -1.2924097e-01   2.2961012e-01  -2.6437752e-01  -1.5065205e-01  -1.9831626e-01  -1.6378466e-01  -1.7685503e-01  -3.5513798e-01  -2.9300958e-01   4.1753709e-01  -7.0118540e-02  -2.4199595e-01   1.7844927e-01   1.9190705e-01  -3.5737910e-02   8.5941952e-02   2.9511685e-01  -3.3234270e-01  -1.9812395e-01  -3.7243391e-01  -1.9871557e-01  -1.5137718e-01   2.3779029e-01  -2.6124735e-01  -1.8795325e-01  -2.1358020e-01   5.7794901e-02
   2.0432000e-01  -3.7470337e-01  -2.8876829e-01  -5.7587793e-03  -2.2258987e-01   2.6113262e-01  -2.1954397e-01   0.0000000e+00  -9.7907840e-02  -3.7646612e-01   3.6919552e-02  -4.9523239e-01  -1.4159884e-01   4.9696483e-01   4.0167278e-01   1.3201407e-01  -1.2377716e-01   1.9744211e-01   3.7475016e-01  -2.3527219e-01  -9.9248484e-02   2.3451770e-01   2.0350524e-01   3.2023724e-01   1.3910190e-01   4.4992989e-01  -3.9023486e-01   3.6521002e-01  -2.1878404e-01   2.9728627e-01   3.6783541e-02   3.4249187e-01  -1.9883960e-02  -2.0097043e-01   4.4313383e-01  -2.3283540e-01  -1.3254110e-01   2.5104161e-01  -1.8919486e-01  -4.9328056e-01  -8.8966840e-03   1.6436468e-01  -2.9266569e-01   3.0562778e-01   9.6544706e-02   2.0241401e-01  -5.1900226e-02  -2.8374808e-01  -2.6856117e-01  -3.1543348e-01   3.0266573e-01   7.3770219e-01  -2.4581132e-01  -7.1741385e-02   1.9229824e-01   1.8097318e-01   4.3140967e-01   3.4607172e-01   2.5021959e-01   9.2446764e-02   1.9917043e-01  -1.4062255e-01  -1.8544686e-01  -7.8001748e-03  -2.9328585e-02  -2.7022291e-01   2.0565397e-01   6.5801866e-02   2.7733642e-01  -1.8440410e-01  -5.0021826e-01   1.0198497e-01  -8.0730914e-02   5.1638768e-02  -3.1920420e-02   3.6516071e-01   3.1085306e-01   2.6748033e-01  -2.4995788e-01   1.1879391e-01   4.5679744e-01   1.0336401e-02  -3.1681440e-01   4.6703091e-01   1.6833026e-01   5.9893494e-01  -1.8687126e-01   4.4833910e-01  -1.3758901e-01   1.3847007e-01  -4.2369258e-01  -8.9674088e-02  -2.5936821e-01   1.0859275e-01   4.0798053e-01  -3.0968158e-01   1.3295133e-01   5.5104741e-01   9.9191986e-02   1.4394703e-01  -1.9289044e-01  -3.9252027e-02   4.6019558e-01   4.3625299e-01   3.9296425e-01   5.4700675e-02  -2.8850011e-01   5.8786328e-01  -8.7669752e-02  -1.4612159e-01  -3.3826888e-01   4.4462100e-01  -6.6365259e-02   3.0371735e-01   4.1054895e-01  -3.9029748e-01   4.2353852e-01  -4.3956887e-02   4.9822016e-01   1.3113532e-01   2.5966763e-01  -1.4878233e-01  -3.6832141e-01   3.8911870e-02   1.9491919e-01   5.2206135e-01   3.4819950e-01   9.8177027e-02   5.9052245e-02  -2.7388366e-01   6.8813554e-02  -1.8951792e-01   3.2232819e-01  -2.0990443e-01  -2.0475180e-01   5.8512176e-01   1.6912453e-01  -1.1749911e-01   6.4974627e-01   2.3279616e-01   2.3317469e-01  -8.0980854e-02   5.1489063e-01   8.8569655e-02   9.4197640e-02   4.2884641e-01  -2.6687709e-01  -1.5208901e-01   1.9279591e-01  -1.1016988e-01   4.0487583e-01   1.4148119e-01   4.1615825e-02   2.2629077e-02  -2.8211801e-01   1.8402858e-01   3.3697996e-01   2.7149782e-01   7.1906614e-02   3.4984211e-01  -1.3397253e-01   4.1609491e-01  -4.1140632e-01   2.3666564e-01  -3.0674091e-02  -4.0942767e-01  -1.9375697e-01   4.4608125e-01  -2.2198469e-02  -2.7014991e-01  -3.3121319e-01   1.6024838e-01   2.0242452e-03   2.8402257e-02   4.7551895e-02  -1.2238972e-01   7.0516661e-02
  -6.7639859e-02   4.7636499e-01   7.6570457e-02   1.4176216e-01   8.3976161e-02   2.1988534e-02   1.0255778e-02  -9.7907840e-02   0.0000000e+00  -5.6112306e-02  -1.4991094e-01   3.1694134e-01  -2.1052289e-01   4.5718937e-02  -2.4293134e-01  -1.9217812e-01   8.0508005e-02  -2.8543424e-01   3.4284281e-01   4.2963970e-02  -6.8510016e-02   8.8583675e-03  -2.3502295e-01  -1.8920013e-01   2.3314427e-01   1.0308258e-01   1.8750972e-01   9.2782926e-02   2.0039854e-01   4.7804655e-01  -1.0345146e-02  -4.7823817e-02   1.7340257e-01  -7.9665884e-02  -6.5393998e-02  -1.0977067e-01   8.2497737e-02  -1.5265485e-01  -5.3821730e-02   1.9565263e-01  -2.1283574e-01  -1.7795355e-02   3.5066634e-01   6.2714601e-02  -4.8481727e-02   3.8641485e-02  -1.5586718e-01   2.7437651e-01   4.0042271e-02  -3.0007366e-02  -2.8521082e-01  -2.1161228e-01   1.8233389e-01   1.6058700e-01   1.1828071e-01  -1.5978890e-01   6.8686023e-02  -1.4764807e-01   5.8544255e-02   4.6536044e-02   7.6397455e-02   2.0424930e-01   5.0142909e-01   3.3668885e-01   4.4434767e-01  -8.4400786e-02   4.1044239e-01   1.4494796e-01  -1.2934338e-01   4.7363911e-02   1.8843847e-01   7.3828780e-03  -1.0687499e-01   6.0742089e-02   2.1411334e-01   3.2354823e-01  -7.5228956e-02   1.3703969e-01   3.1115273e-01   1.7807360e-02  -1.4850822e-02  -1.8550095e-01   3.6428827e-02   1.6859153e-01   7.5941588e-02  -1.8908861e-01   3.8286122e-01  -2.5049239e-01   2.6329923e-01  -7.2336289e-02   1.1011270e-01  -6.2478647e-02  -6.9874344e-02   2.2063712e-01  -2.9756262e-02   1.6745379e-01   2.4110718e-01  -1.4310934e-01  -3.8418813e-02  -2.3475557e-01   3.4885936e-02  -1.5681560e-01  -8.2050575e-02   2.1217251e-01  -1.7568171e-01   9.6190967e-02   9.7765316e-02  -5.6522031e-02  -2.0933887e-01  -3.6645441e-02  -2.2659085e-02  -2.2262297e-01   2.9210572e-01  -9.1211959e-04  -1.5848030e-01   1.3946377e-02  -1.6425098e-01  -3.3223033e-01   7.8242565e-02  -1.6102853e-01  -3.7674522e-02   1.8088660e-01   3.4421748e-01   3.3156360e-01  -1.6987647e-03  -1.4025689e-01  -6.7940965e-02  -1.3165997e-01   5.3498658e-02   1.0533849e-01  -3.5866314e-01  -1.4068976e-01   1.7656933e-01  -2.9545251e-02   2.3062649e-01   3.0923150e-01  -2.2911834e-02   1.7393662e-01  -2.1613163e-01   4.4985279e-02   6.9425076e-04   1.3785388e-01  -2.0906187e-01  -5.1182117e-03   1.3078629e-02   2.6742000e-01   1.2953977e-01   2.8155671e-01  -2.3227441e-01  -5.6918518e-02  -1.2461952e-01   8.6024325e-02   1.1553232e-01   2.6152619e-01   1.8750701e-01  -1.5413765e-01   1.9717064e-02  -2.2431587e-02  -6.0754962e-02  -1.6796172e-01   3.1794024e-01   2.8826403e-01   6.3189492e-02  -4.7309590e-02   8.5555147e-02   1.6532291e-01   2.1511339e-01  -1.6849777e-03   1.2062042e-01  -6.1532067e-02   2.2608729e-01  -1.0703203e-01   2.2262981e-01   2.4705500e-01   2.6177502e-01   2.3039676e-01   2.2232052e-02
  -2.1449873e-01   2.1501155e-01   2.4247619e-01  -5.3778541e-02   1.8698492e-01   4.1803943e-02   3.1668651e-01  -3.7646612e-01  -5.6112306e-02   0.0000000e+00  -3.4403385e-02   3.8109872e-01   2.4054915e-01  -4.0915029e-01  -3.0943022e-01   7.9170295e-02   2.3019402e-02  -6.5616871e-02  -1.2566929e-01   3.5214137e-01  -7.1442250e-02  -1.6288392e-01  -2.2325075e-01  -4.8163674e-01  -5.1972735e-02  -2.6066678e-01   1.9155233e-01  -2.8705571e-01  -2.6798269e-02  -1.5794541e-01  -2.8309186e-01  -3.3661657e-01  -2.4547530e-02   4.3167657e-01  -5.4012815e-01   3.6445764e-01  -1.1243793e-01  -3.2413387e-01   1.7938841e-01   2.8398995e-01   1.9392899e-01   9.5453677e-03   2.5804033e-01  -4.1768096e-01  -7.1954153e-02  -2.2014296e-01   2.4939459e-01   7.9702806e-02  -4.0369155e-01   3.1315165e-01  -1.5681977e-01  -4.0820879e-01   2.2333237e-03   1.9469251e-01  -2.6230464e-01   1.2609703e-01  -1.2191621e-01  -3.1625145e-01  -9.9048128e-02   1.5628486e-01  -3.1312986e-01   3.1532497e-01   1.7798568e-01  -1.8472492e-01  -2.8979918e-01   5.0170344e-01  -2.0693351e-01   2.4734856e-04   1.0144800e-02   1.8274353e-01   9.7367916e-02  -2.2358492e-01   1.0762207e-01  -2.2829646e-02   1.1768064e-01  -2.5169823e-01  -2.7556344e-01  -2.3649087e-01   1.0861341e-01   1.7004632e-01  -5.1320330e-01   1.4884473e-01   2.4139032e-02  -3.2827890e-01  -2.2672319e-01  -3.6259925e-01  -2.4548063e-01  -5.4215633e-01   6.0686448e-02  -3.0303268e-01   2.1286916e-01  -2.1637866e-02   4.7716720e-01  -1.8379351e-01  -3.5289439e-01   4.8416227e-01  -8.1989248e-03  -1.6260389e-01   1.9603035e-01  -1.3532891e-01  -1.3309886e-01   2.8009964e-01  -3.5789394e-01  -1.6553827e-01  -3.6097753e-01  -1.4871140e-01   1.3616709e-01  -3.3411234e-01  -1.9642054e-01   2.8524886e-01   3.2592248e-01  -2.1580494e-01  -1.6699365e-01  -1.4845456e-01  -3.0684727e-01   6.1510781e-02  -2.5091859e-01   5.8449225e-02  -2.4466950e-01  -6.4767275e-02  -3.5673064e-01   3.0746862e-01   3.3101313e-01  -2.5020774e-01  -3.1945458e-01  -5.6600050e-01  -2.2214781e-01   1.0633198e-01   6.4105083e-02   2.3130406e-01   2.3382604e-01   9.0794074e-02  -2.2789996e-01  -1.8073547e-01   6.6666367e-02  -3.7364948e-01   1.9529056e-01   4.0938450e-02  -2.7785148e-01  -4.1881738e-01  -1.6873400e-01   1.7490484e-01  -2.3900984e-01   1.1109843e-01  -2.9490940e-02  -4.0827071e-01   2.9437734e-01   1.9978302e-01   1.6267782e-01  -2.6441321e-01  -4.1938076e-01  -2.6942231e-01  -1.1725215e-01  -6.8341338e-02   1.6086608e-01  -4.2324126e-01  -2.1056138e-01  -4.2929741e-02  -2.8742707e-01  -3.2154335e-01  -1.3509591e-01  -3.2582986e-01   3.6444469e-01  -1.9514928e-01  -1.6803145e-01   4.2646915e-01   2.9070425e-01  -1.9304462e-01  -1.7745951e-01   1.4438103e-01   2.9021671e-01  -3.6664190e-01  -1.0934558e-01   5.5411237e-02   1.0483435e-01   9.5821818e-02  -1.5383882e-01
  -1.4784683e-01  -3.6183661e-01  -4.3654425e-01   8.6787570e-02  -1.3959066e-01   3.9131567e-02   2.4395865e-01   3.6919552e-02  -1.4991094e-01  -3.4403385e-02   0.0000000e+00  -3.3968415e-01   4.5220508e-02  -1.3720229e-01   3.7208708e-01   5.6948522e-02  -5.1936958e-01   6.7249571e-01  -1.4598649e-01  -8.0088957e-02   4.0190578e-01   4.6020081e-02   4.6040945e-01  -1.5336198e-01  -3.5073318e-01  -3.4230938e-02   6.1499223e-02  -1.1930149e-01  -7.5285803e-02   1.6666950e-01   3.3640804e-01  -7.9203278e-02  -1.8500282e-01   3.7873959e-02   3.3536013e-02   2.8279251e-01   2.4552529e-01  -2.5003856e-02   1.8938202e-01  -1.6903031e-01   1.7009435e-01  -1.9214402e-01   9.1849669e-02   4.0094023e-02   5.5973966e-01  -1.9398206e-01   5.6714086e-01   1.5932759e-01  -2.9346385e-02  -4.1229843e-01   5.1854012e-01   1.1292479e-01  -2.2784841e-01  -1.4965003e-01   5.6763080e-02   2.7562043e-01  -1.3322317e-01  -2.3637501e-02   5.2676122e-02   1.0192407e-01  -3.4710433e-01   1.6556572e-01  -3.0565395e-01   1.4507789e-02   3.0995321e-01   2.1633643e-02   7.0863567e-02  -1.0620346e-02   3.3923731e-01  -9.4684393e-02  -4.0450563e-01   1.4206188e-01   1.5942253e-01  -2.2132006e-01  -3.2100481e-01  -2.2091370e-01  -1.8531685e-01  -1.6172917e-01  -1.5517220e-01  -1.0336232e-02   1.2377994e-01   1.7276648e-01  -1.5441273e-01  -3.9928188e-02  -2.5504370e-01   7.7580978e-02  -3.8266574e-02  -1.3495292e-01  -2.8418495e-01  -2.5485299e-01  -1.2254359e-01  -3.9416300e-01  -2.3550118e-01   1.4294035e-01  -1.9632230e-01  -1.7394211e-01  -1.1838231e-01   2.0512377e-02   2.5529420e-01   2.9390820e-01  -6.5593432e-02   3.1594020e-02   3.1327846e-01  -3.8554309e-02   2.4157463e-01  -2.5305510e-02  -3.0000896e-01   1.0616861e-01   3.0948742e-02   4.2487829e-01  -3.3122030e-02   1.3339547e-01  -7.1355654e-02  -1.7966630e-01  -1.6226876e-01  -3.4484184e-01   9.5981952e-02   1.3350614e-01  -3.4877165e-04   2.3475980e-01  -2.7627034e-01   1.1867808e-02  -3.0062056e-01   4.2990315e-01  -9.3690558e-02  -2.4267302e-01   3.7040403e-01   3.3697895e-02  -1.4517098e-02  -1.9291821e-01   2.1666378e-03   3.8262880e-01  -2.8772798e-01   1.2849629e-01   4.7285480e-02  -8.3113280e-02  -6.2785168e-02   1.2591441e-01   5.8546638e-02  -1.9695970e-01  -1.2833533e-01  -6.7325208e-02   2.7278507e-01  -8.5007791e-02   3.9677462e-02   2.5987301e-01  -1.9852841e-01   2.7556799e-01   2.2426556e-01   6.6158442e-02  -4.3402269e-02   2.9705938e-01  -2.6675005e-01  -3.4284639e-03  -3.5481887e-01  -2.6112518e-01  -3.0206416e-01   1.3056964e-01  -2.4037549e-01   3.6275879e-01  -6.2500414e-02   2.8808426e-01  -6.6948732e-02   2.7555344e-01   9.9374411e-03  -3.1204534e-01  -2.7344690e-02  -4.1438397e-02  -2.6507233e-01  -3.0153369e-01  -2.5999509e-01  -2.4222432e-01   4.5719641e-01  -4.5110775e-02  -2.0423248e-01  -3.5197716e-01   7.3863577e-02
  -2.0364128e-01   7.4023813e-01   5.9507337e-01  -3.3914447e-02   3.4873475e-01  -1.2097454e-02   1.3518157e-01  -4.9523239e-01   3.1694134e-01   3.8109872e-01  -3.3968415e-01   0.0000000e+00  -3.1491530e-02  -2.1878997e-01  -4.3980865e-01  -1.9178825e-01   4.9234586e-01  -4.7836619e-01   1.9208020e-01   3.6256319e-01  -3.9847923e-01  -1.2335278e-01  -4.6556641e-01  -3.4060103e-01   2.3153236e-01  -4.5540384e-02   3.4992078e-01  -1.2524009e-01   2.8077265e-01  -3.0735711e-03  -3.4862681e-01  -2.6125716e-01   1.3590273e-01   3.5557948e-01  -4.2735406e-01   1.1427468e-01  -2.4844741e-01  -4.7464195e-01  -9.5431629e-02   6.5114473e-01  -1.3521897e-01   6.7592822e-02   5.3902703e-01  -3.9111911e-01  -1.7042516e-01  -1.1617098e-01  -3.4111683e-02   1.4784301e-01  -6.7868931e-02   5.7747377e-01  -4.6143730e-01  -3.8889011e-01   1.8998036e-01   3.1828157e-01  -2.0860628e-01  -8.0696427e-02  -2.5377572e-01  -3.0845508e-01  -1.6768263e-01   2.2297075e-01  -1.3209771e-02   2.2637972e-01   4.7500193e-01  -1.4734785e-01   7.0092686e-02   5.5640361e-01   4.8255831e-02  -6.5126246e-02  -2.0270808e-01   1.2960041e-01   4.7064056e-01  -4.5637511e-02  -1.8741209e-01   7.8174881e-02   3.8604472e-01   1.1508625e-01  -2.3941998e-01  -2.3635909e-01   4.5677211e-01   6.4718465e-02  -3.5812611e-01  -1.7328110e-01   1.6227056e-01  -1.7515325e-01  -5.0721181e-02  -2.8879799e-01  -9.9282744e-02  -3.3511829e-01   3.4368335e-01  -2.4483011e-01   2.9486377e-01   2.4025264e-01   5.8656363e-01  -9.6625917e-02  -4.5499474e-01   5.5941699e-01   1.2380770e-01  -3.4487732e-01  -2.4555303e-02  -4.9223255e-01   1.0712795e-01   2.8033941e-01  -4.3323207e-01  -2.9821431e-01  -4.1164995e-01  -9.3238017e-02   4.8387383e-01  -4.4612023e-01  -2.1387845e-01  -2.0964819e-02   3.8653009e-01  -2.5037244e-01   2.5469490e-01  -2.5934953e-01  -2.2965842e-01   4.8801869e-01  -2.4920503e-01  -2.0209543e-01  -1.2375794e-01  -2.7937888e-01  -2.6607197e-01   4.4965788e-01   7.7077591e-01  -8.4651470e-02  -3.2112324e-01  -3.0523816e-01  -2.5839985e-01   1.4778393e-01  -8.1893600e-02   2.3207301e-01  -9.6185395e-02  -1.5215954e-01   8.0005003e-03  -1.2832992e-01   1.4002187e-01  -6.1333492e-02   1.0903151e-01  -3.0677517e-02  -3.2968936e-01  -2.4848305e-01  -2.7157025e-01   2.0499863e-01  -3.1082141e-01   1.8851193e-01   1.3421973e-01  -4.1346784e-01   4.3194586e-01   1.4512898e-01  -3.9771885e-02  -2.5995240e-01  -3.7197134e-01  -4.1738800e-01  -5.1060776e-02   2.0933506e-01   6.6418067e-01  -1.2977953e-01  -2.4117846e-01  -2.1828474e-01   2.4663942e-02  -3.5010171e-01   1.9093552e-01  -1.6333341e-01   1.5903430e-01  -2.7164272e-01  -1.0273318e-01   7.4034655e-01   5.3146000e-01  -2.0948821e-01   1.1027642e-01   3.6664760e-01   7.1838083e-01  -2.2524676e-01   3.8117148e-03   2.6895294e-01   2.6929556e-01   4.1367378e-01  -5.3390648e-02
  -5.5868824e-02   7.3270039e-03  -2.3886901e-02   1.6121764e-02   2.8704062e-01  -1.1064288e-01  -3.1889471e-01  -1.4159884e-01  -2.1052289e-01   2.4054915e-01   4.5220508e-02  -3.1491530e-02   0.0000000e+00  -6.9428075e-02  -2.6936744e-01   8.5355914e-02   2.2578405e-01   1.2715024e-01  -7.2886608e-02   2.4981933e-01  -7.0742828e-02   7.2413302e-02  -2.1867898e-01  -1.7582427e-01   1.1821989e-01  -1.0464793e-01  -3.8956751e-02  -2.1156064e-01  -1.2453915e-01  -1.2178475e-01  -4.3377704e-02  -7.7884736e-03  -1.4918038e-01  -1.8175521e-01  -3.1769440e-01   3.2928225e-01  -8.2551826e-02  -2.5953589e-01   4.1124452e-01   3.3146341e-02   7.7386948e-01   1.1242813e-02  -1.0049768e-01  -9.1840448e-02   1.3481829e-01  -3.7759699e-01   3.0142573e-01  -1.9731071e-01   2.7199047e-02   2.2618234e-01   1.9504905e-02  -2.1470476e-01   5.3087051e-03   8.1379731e-02  -4.0609764e-02  -1.0095814e-01  -2.1937865e-01  -7.6983961e-02   2.4382404e-01   7.1111374e-02  -5.0554187e-02   3.8119648e-01  -8.1096430e-02  -1.5045380e-01  -4.9845788e-02  -1.4539079e-01  -2.5132395e-01   6.3131283e-02  -1.8144663e-02  -2.8324169e-01   1.4219617e-01  -2.2308296e-01   4.7042568e-01   8.4571145e-02   3.7982619e-01  -1.1476145e-01  -1.7371089e-01  -1.5492002e-01   4.9561778e-02   5.8137791e-01  -4.7360618e-01   5.3398718e-01   5.4700025e-02  -2.6897869e-01   1.9706928e-01  -2.9942592e-01  -1.2249653e-01  -2.6911973e-01   7.0284250e-02  -1.5757281e-01   1.6224844e-01   4.4009216e-03   1.7899332e-01  -2.0269820e-02  -2.4405688e-01   1.3497694e-01   2.3599373e-01  -1.1541973e-01   3.2233477e-01  -9.7537660e-02   1.0046026e-02  -2.1272641e-01  -8.9560339e-02   1.2690869e-01  -2.4764732e-01  -7.7023439e-02   1.2349476e-01  -2.2702632e-01   6.7293653e-02   1.1470627e-01  -1.5829997e-01  -2.2508817e-01  -7.3127301e-02  -1.0781001e-01  -2.9296681e-01   2.2536495e-01  -2.2038537e-01   5.9420000e-01  -2.5920785e-02   2.9575484e-01  -2.1355059e-01   2.6366716e-02   6.5272888e-02  -1.5136507e-01  -2.5141263e-01  -2.6021648e-01  -8.8895578e-03   2.7412209e-01   7.8764212e-02  -6.5854878e-02   5.4321490e-01   3.6316152e-02   1.1858101e-01  -1.8050272e-02   1.0921280e-01  -2.5804123e-01   5.6889970e-01  -3.5305790e-01  -1.4164584e-01  -1.8768208e-01   8.6174794e-02   2.9540666e-01  -1.1204688e-01   4.6726831e-02  -3.2331145e-01  -1.1987033e-01  -6.8553864e-02  -1.5169825e-01  -1.4605690e-01  -1.0986344e-01  -2.9257776e-01  -1.7775629e-01  -8.8964877e-02  -2.1697472e-01   1.9097062e-01  -3.4814416e-01  -1.3600446e-01   4.4397044e-01  -1.7684993e-02  -2.7293192e-01  -9.1134331e-02  -4.5083140e-02   1.3897422e-01  -1.0426049e-01  -3.6257741e-02  -6.6077293e-02  -6.8316143e-02   1.2634851e-01  -6.8975482e-02   5.1461578e-01   1.0968570e-01  -2.5462851e-01  -1.2565813e-01   3.3273706e-01   2.4412413e-01   6.1143748e-02   4.1547714e-02
   1.4262970e-01  -1.2978970e-01  -1.6657714e-01   2.6869573e-01   2.9603819e-02   1.8162549e-01  -3.6847812e-01   4.9696483e-01   4.5718937e-02  -4.0915029e-01  -1.3720229e-01  -2.1878997e-01  -6.9428075e-02   0.0000000e+00   4.1186597e-01   2.8184957e-01  -2.8583951e-02  -5.4678197e-02   2.3786877e-01  -6.5473518e-05  -3.7394530e-01   3.5496551e-01  -4.5273256e-02   3.1020198e-01   1.3694707e-01   9.4003489e-02  -2.2880924e-01   3.8420125e-01  -1.0406519e-01   2.6986706e-01  -6.0203551e-02   3.3738243e-01   1.8109191e-01  -2.2671137e-01   5.3872430e-01  -1.4579888e-01  -2.1232890e-02  -1.1133435e-01   9.6367427e-02  -3.9600466e-01  -2.4505840e-02   2.1930994e-01  -2.0604090e-01   1.2791609e-01   1.2492922e-01  -2.2621204e-01  -9.6217729e-02  -5.6488971e-01   1.5645528e-02  -2.2910716e-01   1.5767749e-01   3.5137146e-01  -2.4403820e-01   1.8168522e-01   3.5993618e-01  -2.8494245e-02   1.6383748e-01   4.6198386e-01   3.6050107e-01   2.1882179e-01   7.6153532e-02  -1.8421438e-01   5.7331523e-02  -6.4925394e-02   1.2446405e-01  -1.8964664e-01   1.7525342e-01   1.5374533e-01   1.7325665e-01  -1.7555036e-01  -3.1328004e-01   2.8710942e-01  -3.7476588e-02   4.5734144e-01   3.2326306e-02   3.7189590e-01  -1.0672847e-01   2.2628343e-01  -1.7324337e-02   1.2211462e-01   2.9210411e-01   6.0995348e-03  -3.6745369e-01   1.1445694e-01   4.3370607e-01   5.9866446e-01  -9.4911460e-02   4.7256526e-01   1.4848697e-01   2.3971209e-01  -2.7434739e-01  -6.3064046e-02  -5.1819203e-02   2.4804008e-01   2.3054119e-02   2.7037966e-02   2.4163014e-01   2.2854262e-01   5.5351280e-02  -7.1979779e-04  -1.4061960e-01  -1.1003915e-01   3.3843965e-01   3.6348394e-01   2.4174636e-01   1.4036991e-01   6.4278745e-02   2.8841522e-01  -8.9241774e-02  -2.7456829e-01  -3.2061711e-01   3.5403326e-01   1.7524319e-01   1.3316178e-01   5.5418982e-01  -1.3046046e-01   4.3844815e-01  -7.3620679e-02   4.4398144e-01   2.2186901e-01   1.6510623e-01  -3.8485565e-02   2.0311844e-02   2.0270895e-03  -8.4187643e-02   5.2211923e-01   3.4486465e-01   8.5475033e-02   1.5793051e-01  -2.3584779e-01  -3.1236475e-02  -3.8966832e-01   3.5957444e-01  -1.7258613e-01   4.2397854e-02   5.5858547e-01   1.5897803e-01  -2.4921794e-01   4.2307524e-01   1.7642511e-01   3.7952747e-01   1.7580330e-01   3.8928072e-01   2.2565526e-01   1.8143457e-01   2.0476087e-01  -1.9029962e-01  -2.0726783e-01   1.7103032e-01  -1.0024608e-01   4.5789535e-01  -1.9530089e-01   6.6635768e-02  -3.3067526e-02  -2.0891924e-02   1.0448873e-01  -6.2687477e-02   1.9046286e-01   2.6376099e-02  -3.7666097e-03   9.7263176e-02   2.6451791e-01  -5.3338358e-01   1.4514879e-01  -3.1245717e-02  -1.9938882e-01  -7.4121908e-02   5.0900009e-01   4.6325590e-02  -9.4924358e-02  -1.4421043e-02  -6.3783953e-02   8.5741916e-02   2.4477131e-01   1.2094304e-01   2.3058570e-02   3.8353712e-02
