   0.0000000e+00  -1.2221378e-01   1.6767028e-01   5.2380265e-02  -2.5589188e-01   3.1667794e-01   4.6165987e-02  -1.1723105e-01  -1.2217475e-01  -1.9428714e-01   2.1872189e-01   2.2395746e-02   2.1863992e-01   1.4781744e-01   2.9818503e-01   5.5893325e-02   2.1779701e-01   3.1580337e-01  -2.6875714e-01  -1.3916156e-01  -1.6619539e-01  -1.4823592e-01  -8.2370508e-02   6.8374133e-01   1.4926266e-02  -3.9714038e-02   2.2141119e-01   4.2097826e-01  -4.8061969e-02   1.2554418e-01  -9.8745384e-02  -2.6268533e-01  -1.5984444e-01  -6.1210197e-02   2.4276885e-01  -7.5277630e-03  -1.6102385e-01   6.6311579e-01  -1.4153751e-01  -1.5462861e-01   1.6702973e-02   4.9984393e-02   9.9717747e-02  -8.1148606e-03   3.8532459e-01   4.5324251e-01   1.3462247e-01  -2.0341060e-01  -1.1427271e-03  -1.4419919e-01   1.5705377e-01   5.7516475e-03  -2.5897336e-01  -1.1022205e-01   4.9497858e-02   2.3989979e-01   1.8605553e-01  -2.8192479e-01   2.3835812e-02   3.4183376e-01   2.8667960e-01  -2.5371602e-02  -2.7238604e-01   1.4859333e-01   1.5513109e-01   1.2326626e-01   8.1195159e-02   4.4462798e-02   4.0996866e-02   3.2810365e-01  -4.4719092e-01   4.0851561e-01   4.8570805e-02   5.0756749e-01   1.9036629e-04  -3.0995700e-01   4.1221781e-01  -3.9394252e-01  -1.5487120e-01   1.4860528e-01   2.0219171e-01  -8.4432274e-02  -3.2498834e-01  -1.2701295e-01   5.3723601e-01  -3.1422405e-01  -1.4442464e-01   2.3998384e-01   9.6502203e-02   7.4699255e-01  -1.8034115e-01   1.5199984e-01  -4.2646492e-02   1.5450751e-01   5.6436517e-01  -2.5368777e-01  -1.4802227e-01  -1.5616901e-01   2.4153503e-01   1.3298940e-01   9.1906594e-02   3.8432870e-01  -5.7113343e-02   8.3466974e-02  -1.7818422e-03  -3.1901329e-01  -4.1116273e-02  -1.1622997e-01  -1.8874732e-01   7.9548459e-02  -4.2475194e-02  -1.9139210e-03   1.9285352e-01   7.4674981e-01   3.5096897e-01  -3.9524604e-01  -2.2833860e-01   1.1782099e-02   4.1935894e-01   7.3445715e-02   6.4978566e-01  -1.5839405e-01  -3.0705137e-02   1.3533404e-02   6.7688933e-01   4.6478491e-01   1.2380699e-01  -7.4855141e-02  -5.6587888e-02   3.3133440e-01  -1.7007736e-01  -1.7429383e-01   3.5329003e-01  -2.9356947e-01   6.9951080e-02  -2.2828304e-01   1.0298266e-01   9.0710589e-02  -1.9493497e-01   3.8513928e-01   6.1330831e-01  -4.3203414e-02   1.9780313e-01   2.7241841e-01  -2.6918908e-02  -1.9022546e-01  -1.8505938e-01   7.4862143e-02   1.2102753e-01   6.7766329e-02   5.3371495e-01   9.9622173e-03   3.8602303e-01  -3.6648144e-01   7.5310060e-02   5.9399287e-01   4.6115969e-01   5.0265055e-02   1.2183751e-01  -3.0966448e-02   2.6545221e-01  -1.7249687e-01  -3.4749221e-01   9.9893388e-02  -3.2320893e-01  -3.2962729e-01  -3.6985186e-03   1.4426471e-01   5.9804130e-01  -2.5597295e-01  -4.6709721e-02  -7.5304798e-03   3.7850993e-01   3.8571978e-01  -3.3922342e-01  -5.0305201e-03  -1.5758413e-01
  -1.2221378e-01   0.0000000e+00   2.9451463e-01  -3.3625244e-01   1.7535616e-01   5.8906471e-02   4.5375829e-01   1.0136627e-01   5.5672427e-01   7.8702427e-02  -1.9486768e-01   6.3308837e-01   2.0704883e-01  -3.0950813e-01  -4.8343345e-02   1.5944005e-01   2.5283614e-01  -2.6666854e-01  -2.3550560e-02   2.0065246e-01   2.5077413e-02  -1.9654215e-01   3.5677077e-02  -2.9947465e-01  -1.4799634e-01   1.5483081e-01   4.6218892e-02  -3.4174142e-01  -1.9098297e-01  -1.0336750e-01   1.8341679e-01  -1.9244895e-01   5.1350863e-02   3.3926038e-01   2.5816893e-01   1.4170456e-03  -1.0049420e-01  -1.4772397e-01   8.4581626e-02   5.7892695e-01  -5.6588159e-02   9.2669215e-02   2.4376007e-01  -5.6740525e-02  -4.1914862e-02  -7.9760489e-02  -1.7866152e-01   5.4270348e-01  -1.2550323e-01   3.2930890e-01  -2.6465366e-01  -8.2737097e-02   5.5345987e-01  -3.1102795e-01  -2.6525091e-01  -1.6769375e-01  -1.8706015e-01  -5.1224199e-02  -1.5900457e-01   1.3960104e-01   8.0185135e-02   6.2529536e-02   5.1659072e-01   4.1673600e-01   1.7155605e-01   7.9190281e-02   1.8330561e-01  -2.0150984e-01  -1.7152719e-01   1.0113182e-01   5.3130378e-01  -3.5893223e-01   2.4429443e-02  -1.2683831e-01  -2.1232475e-01  -5.6202607e-02  -5.3879218e-02  -6.0232409e-02   3.1517257e-01  -1.1298637e-02  -1.5565170e-01  -3.5438872e-02   3.3225898e-01   4.1075565e-02  -1.6746711e-01  -6.3810825e-02   5.1872449e-01  -1.5671311e-01   2.2313490e-02  -2.0309036e-01   7.3986529e-02  -7.4777119e-02   2.7953872e-01   1.3141885e-01  -1.0254493e-01   2.9491321e-02  -5.5297881e-02   7.0497410e-02  -1.8674706e-01  -7.7988486e-02  -3.3821061e-01  -2.7292729e-02  -3.0198888e-01   2.4894917e-01  -2.8984693e-01  -1.1028803e-01  -2.7264671e-01  -6.5681161e-02  -1.1310228e-01  -1.7215724e-01   1.4840609e-01  -1.1353791e-01  -3.7275360e-01  -2.0198603e-01  -2.9573609e-01   2.7777056e-01  -1.7998974e-01  -3.7698147e-02  -3.6840123e-01  -3.0865587e-01  -2.1946264e-01   2.8151864e-01  -3.1270140e-02   1.0548920e-01  -1.5254048e-01  -8.4868967e-02  -1.1210167e-01  -4.1268765e-02  -4.0118273e-02   1.5295331e-02   2.0008007e-01   2.9167767e-01   2.3469317e-01   3.8767984e-01  -2.8797021e-02  -3.9262960e-02   8.1133639e-02  -2.1653159e-01  -1.4711113e-01  -3.2210943e-01  -2.5045435e-01   2.9936231e-01  -1.7894858e-01   7.5893686e-02  -8.5048659e-02  -2.6260839e-01   4.9428185e-01  -8.1871076e-02  -1.2061093e-01  -6.8555546e-03  -2.7799361e-01  -7.7628732e-02  -3.0129204e-01   1.1791778e-01   5.7535616e-01  -2.8576192e-01  -1.3061509e-01  -1.6578763e-02  -4.6256289e-04  -1.6624971e-01   4.7324358e-02  -2.1171404e-01  -8.5669641e-02  -3.3037508e-01  -3.2012468e-02   3.0866420e-01   1.7861049e-01  -2.0408913e-01  -2.6334352e-01   4.2560528e-01   2.3295389e-01  -2.2108188e-01  -4.4867048e-01  -9.6446173e-02  -1.0100749e-01  -1.3911904e-01  -6.1059667e-02
   1.6767028e-01   2.9451463e-01   0.0000000e+00  -7.4536668e-02   8.1382627e-03   6.0546133e-02   1.7509478e-02  -1.3307173e-01   2.0346794e-01  -8.5057747e-03  -6.4671225e-02   6.8393065e-01   1.2835211e-01  -2.6838964e-01  -8.0585391e-03   1.9518254e-01   8.7356086e-01   5.7699961e-02  -8.1752588e-02  -1.4112938e-02  -2.0799228e-01   9.1161610e-02  -1.0826366e-02  -5.5708383e-02   6.4013060e-02   1.0614720e-01   7.9674833e-03  -6.3371210e-02  -1.4752850e-02  -1.4043839e-01  -1.1549526e-01   1.0892898e-01   1.4974876e-01   7.4666261e-02   6.8376733e-02  -5.7594967e-02  -9.5796019e-02   8.9200665e-02   1.0899365e-01   4.3746881e-01  -1.1908370e-02   3.7136108e-01   3.2952801e-01  -1.8810426e-01   2.9963246e-02   2.5861995e-01   4.1349818e-03  -2.2959144e-01  -5.3351100e-02   6.7830791e-01   6.4261592e-03  -1.0397978e-01  -1.4066702e-01   2.7599453e-01   3.8620562e-02  -1.6622053e-02   1.0683898e-01  -2.2247738e-02  -2.9273716e-02   3.5860902e-01   4.6409161e-01  -7.8085781e-02   4.6830212e-01   3.8618677e-03   1.8413741e-01  -3.1591781e-02   5.0037647e-02   1.2128182e-01   2.2236350e-02   5.1495236e-01   3.8329538e-02   1.0973393e-01   6.2424148e-02   4.9156196e-01   1.6697815e-01  -1.2953885e-01   1.9220405e-01  -2.5617262e-02  -5.2391931e-02   1.8737408e-01  -8.1200147e-02   4.6695077e-02  -1.0314519e-01   1.2269106e-01   3.2713077e-01  -2.1553099e-01  -5.6217488e-02   5.5050063e-02   2.5197827e-01   3.4227302e-02   1.3864679e-01   5.4278004e-01   3.2694591e-01   1.9590033e-01   6.8498395e-02  -2.1230085e-01  -2.3256815e-01  -1.1464098e-01   6.8846781e-02  -4.5769217e-02  -1.2400218e-01   1.5309554e-02  -3.4474274e-01   1.8016997e-01   4.9833293e-02   3.4795517e-02   2.1932403e-01   4.1076448e-02  -1.0450652e-01  -1.7131665e-01   2.4981150e-01   6.0563181e-03   6.0408453e-02  -8.9164998e-02  -2.4897017e-02  -1.0305473e-01  -3.0919849e-02   6.3287673e-03   7.7293629e-03  -6.8984865e-03   1.7316372e-02  -4.5953077e-02   2.6166965e-01   1.8375690e-02   1.0025068e-01   3.5042602e-01  -8.1430015e-02   2.1663420e-01   1.9326270e-01   3.5684186e-01   4.9507036e-02  -1.9614894e-01   3.8266099e-01  -3.8284730e-02   2.4676118e-01  -2.0211673e-01   1.3799059e-01  -2.6428723e-01  -2.2344754e-01  -1.1915407e-01  -9.4960525e-02  -4.4370537e-03  -1.2228964e-01   3.3814861e-01   4.7748970e-02  -3.3983013e-01   3.9807185e-01   2.9091903e-02  -2.7963532e-02  -5.6995966e-02   1.8564538e-01  -3.1069378e-01   2.3659723e-01  -2.5882488e-01   7.3806657e-01  -1.1676707e-01  -1.3808018e-02  -7.4284592e-02   6.4288051e-01  -8.7978159e-02   2.6126194e-01  -5.4917112e-02  -1.0019541e-01   5.7634944e-02   7.3908066e-02  -1.9185859e-02  -1.0567525e-01  -1.1782437e-02   1.3654950e-03   4.6464368e-03  -8.3118642e-02  -2.3918624e-01   9.4739955e-03   1.7845337e-01  -1.6344846e-01   2.4873304e-01   6.4776356e-02
   5.2380265e-02  -3.3625244e-01  -7.4536668e-02   0.0000000e+00  -3.1882731e-01   8.4537053e-02  -9.5547432e-02   3.3731333e-01  -2.3590039e-04   7.7538378e-02   2.4705655e-01  -3.1379608e-01   6.2898667e-02  -1.9440709e-02  -2.1295264e-01   2.1740495e-01   4.3938340e-02   4.1870364e-01  -2.0861559e-02  -9.9682669e-02   1.8207493e-02   4.3783565e-01  -7.0401074e-04  -1.4467354e-01   2.3701014e-02   3.3380213e-01   8.6423322e-02   2.3305527e-01   2.7388762e-01   2.2260810e-01  -1.9478897e-01   4.6177262e-01   1.7782049e-01  -1.2756009e-01  -1.7070108e-01  -2.3539464e-02   1.0133961e-01  -9.7865109e-02   8.0738157e-02  -1.5212180e-01   1.6869013e-01   2.1228496e-01   1.4543978e-01   1.3116919e-01   2.6395168e-01  -8.1574661e-02   9.9737850e-02  -2.2223759e-01   2.5921744e-01  -1.3065972e-01   4.7634683e-01   1.9929403e-01  -2.3439004e-01   1.0871676e-01  -1.2988437e-01   2.5273170e-01   2.1136767e-01   4.2774801e-01   6.1629142e-01   6.2228218e-02   5.6540042e-02   1.7801065e-01  -6.5862096e-02   1.4917940e-02   7.9025530e-02  -1.3667690e-01   2.4792427e-01  -1.3795744e-01   1.9179969e-01  -1.4579880e-02  -1.7026348e-01   5.7834653e-01   1.6775204e-03   8.1668756e-02   1.3406393e-01   9.6249705e-02  -1.3207470e-01   7.7045354e-02  -2.0144457e-01   1.2691609e-01   2.1445197e-01  -1.4521367e-01  -1.0115502e-01   3.5482336e-01   1.5878396e-02   8.0153551e-02  -3.0398648e-01  -3.3113648e-01  -3.2740696e-02  -4.5806675e-02  -2.7370292e-01   1.4842367e-01  -7.7054743e-02   3.3458099e-01  -2.5911959e-01   6.0382483e-02   1.4012403e-01   2.4915144e-01   1.1055437e-01   1.2636286e-01   5.3244599e-02   1.9100833e-01   9.3200456e-02   2.7505719e-01   4.6469911e-01   4.8532658e-01   5.9664634e-02   4.5292998e-01   4.2333875e-02   5.6225308e-03   9.7527071e-02   2.7983855e-01   6.9382969e-02  -2.8151775e-02   7.7189446e-02  -4.2910967e-01   1.1472332e-01   1.2444254e-01   8.2951777e-02   6.6629153e-01  -1.2529128e-01  -3.3745013e-01   1.3498651e-01   5.7800157e-02   1.3283120e-02   1.3335256e-01   8.5588817e-02   1.0587298e-01   5.5670020e-01   5.7434921e-02  -9.2336653e-02  -2.5907058e-02  -1.0480685e-01  -3.4584828e-01   4.3619934e-01   1.8085476e-01   2.4065565e-01   9.2675802e-02   2.9391922e-01  -2.2374992e-01  -8.8889341e-02  -2.2057812e-01   4.0127483e-01   1.2712223e-01  -1.0932957e-01   1.5152357e-03  -1.1782259e-02  -1.7665352e-01  -9.3524400e-02   2.8817119e-01   2.2632834e-02   1.4160073e-01  -8.8453253e-02  -9.0848626e-02  -2.4913662e-01  -2.9790937e-02  -9.4248007e-02   5.3230942e-01   1.6615874e-01   1.6298399e-01   4.8243474e-02   4.4597730e-02   1.5254523e-01   4.7144120e-01   3.6585524e-01  -1.4877324e-01  -1.3363813e-01   3.8415470e-01   1.5163891e-01  -2.0866955e-01  -2.0142088e-01  -3.2012663e-01   3.1556117e-01   1.3927944e-01  -1.6281664e-01   3.5309560e-01   4.7522105e-01
  -2.5589188e-01   1.7535616e-01   8.1382627e-03  -3.1882731e-01   0.0000000e+00  -3.7009703e-02   9.4921528e-02  -2.2986718e-01   1.8291238e-01   4.7064043e-01   5.0940174e-02   8.2919086e-02   4.6947992e-02  -2.2554305e-02   2.1618535e-01   6.9029887e-02  -6.1082250e-02  -5.7597013e-03  -1.2109422e-01   7.9090408e-01   2.1498928e-01  -3.2979347e-01   2.3558859e-01   4.9757117e-02  -2.5699778e-01  -1.1055419e-01  -4.0171839e-02  -3.4572364e-01   7.2052878e-02   1.8198183e-02   1.6540986e-01  -9.2383399e-03   5.0248738e-02   3.0018900e-01  -3.3619571e-02   3.6398933e-01   2.3533473e-01  -8.1385915e-02  -7.9759059e-02   8.5523263e-03   1.2785088e-01   1.6292083e-01  -1.9265219e-01   1.9337374e-02   1.4234424e-01  -4.0914923e-02   1.8388611e-01   1.4377420e-01   3.2785966e-02  -8.3903008e-02   7.0993144e-02   1.5085156e-01   1.9782630e-01   1.1815422e-01  -9.5184384e-02   7.8942967e-02  -3.2783476e-01  -3.0618976e-01  -1.7223982e-01  -2.3630437e-01  -2.8261121e-01   1.1165815e-01   2.7636200e-01  -8.5260083e-02   1.9346538e-01   4.5790516e-01  -1.3434584e-01   1.4395153e-01  -7.0159648e-02  -9.8264033e-02  -6.6746603e-02  -1.6396622e-01   1.3765500e-01  -1.7871229e-01  -2.6653014e-01  -4.8732437e-02  -2.5328979e-01   1.9639785e-01   6.3268099e-01  -7.4712008e-02  -2.1653575e-01   3.0816952e-01   1.5585972e-01  -2.5400351e-01  -4.8786035e-02  -4.6980541e-02   1.1185952e-01  -9.8771248e-02   1.8928522e-01  -3.5696117e-02   7.0269229e-01  -3.6522239e-01   3.1573878e-01  -1.3878830e-01  -1.4262043e-01   2.3328212e-01   3.2355880e-01  -5.8500103e-02   1.4540154e-01   3.1590593e-01  -9.4174481e-02   1.3466331e-02  -1.4502873e-01   2.5746678e-02  -1.8031592e-01  -7.5232918e-02   2.5871091e-02  -1.5906589e-01   4.5473830e-01   1.9048873e-01   2.5664328e-01  -2.2882438e-01   7.6134249e-02  -1.2312545e-01  -1.0756407e-01   5.0133469e-01   1.0633687e-01   3.8488875e-01  -1.7213941e-01  -2.4952112e-01  -8.2322156e-02   6.8288040e-01   2.2341081e-01   2.7391260e-01  -3.7088439e-02  -4.0580116e-01   2.6768827e-01   8.5639179e-03  -1.8105275e-01  -1.5278649e-01   1.1704241e-01   4.0869062e-01  -2.7220988e-01   2.0696060e-01  -2.5449844e-01  -2.0336438e-01  -3.7497327e-01  -1.7741370e-01  -2.5201071e-01   3.9476500e-02   1.5875523e-02   2.1151674e-01  -1.8007239e-01  -1.4265092e-01   1.9058078e-01   2.0783344e-01  -1.0730257e-01   4.6483122e-01   3.1453603e-01   5.7650791e-02  -2.6519945e-02  -1.9299010e-01   6.5972152e-02   2.5933135e-01  -7.6629228e-03   7.9447493e-02  -1.3691171e-01  -5.2343754e-03  -2.0092731e-01  -2.1666300e-01   1.0351946e-01   3.0839210e-01   4.5033408e-01  -7.6422666e-02  -1.6306351e-01   4.6514063e-01   5.0146112e-01  -3.5805733e-01  -1.5366443e-01   4.4310668e-01   5.6426163e-01  -2.1351697e-01  -7.9580655e-04  -1.8552427e-01  -2.2156632e-01  -2.1852536e-01  -3.9764065e-01
   3.1667794e-01   5.8906471e-02   6.0546133e-02   8.4537053e-02  -3.7009703e-02   0.0000000e+00   4.2668650e-01   1.4992205e-01   2.2828433e-01  -1.9929538e-01   3.6472871e-01  -9.9149596e-02  -9.9849042e-02   2.5812646e-01   3.5678207e-01   9.5963605e-02   1.9465944e-01   2.3415474e-01   7.1019654e-02   1.5082550e-01   1.8217094e-01  -9.4649901e-02   1.6073484e-01   2.1038009e-01  -3.3239206e-01   3.6603103e-01   6.9338457e-01   5.6836843e-01  -4.6573516e-01   3.7365189e-01   2.5629687e-01  -1.4658709e-01   2.1483193e-01   1.2676909e-01   3.2225625e-01   3.7983864e-01   1.1322723e-01   2.0000884e-01  -4.4270035e-02   2.0752071e-01   7.7478936e-02   4.4156512e-01   2.6075958e-02   4.0250830e-01   4.1505730e-01   2.5663590e-01   4.3553389e-01   1.9172769e-01  -1.7687596e-01  -1.4692573e-01   2.0519849e-01   3.6189540e-01   5.0406918e-02  -3.0958989e-02  -1.7136956e-01   3.9920640e-01   4.7864616e-01   3.6538285e-02  -1.5406410e-01   2.8935130e-01   2.2456925e-01  -1.4740838e-01  -1.1916111e-01   3.3109840e-01   1.3568736e-01   4.2008098e-01   6.3758146e-01  -5.0405597e-01   1.8918296e-01   4.4405887e-01  -1.8849371e-01   3.1988054e-01   1.6346391e-01   2.5517524e-01  -4.1806015e-01  -2.9236000e-01   2.4758326e-01  -1.9330037e-01   8.2837048e-02  -1.0989921e-01   4.0314691e-01  -3.5220922e-02  -1.4877380e-02   2.4593570e-01   3.9006877e-01  -2.6187126e-01  -1.0120872e-01  -7.4656870e-02  -2.4408169e-01   2.8189326e-01   5.4913386e-02  -6.4253647e-02   1.4416316e-01   1.4455856e-01   2.1819413e-01  -3.9188879e-01  -2.2195086e-01   1.7242927e-01   2.5282754e-02   3.5390879e-01   2.9507284e-01   4.2303949e-01   1.4000341e-01   3.9289051e-01  -1.6768629e-01  -1.0966617e-01  -1.7036363e-01   4.3682727e-02  -4.6027762e-01   2.8397658e-01   2.5965554e-01   1.8947568e-01  -1.9208165e-01   2.2218925e-01   5.4810540e-01   8.9847106e-02  -3.6197551e-01   1.5740395e-01   5.4527829e-01   1.3364392e-01   1.0290831e-01   7.5688248e-02  -3.0841278e-01   2.5133431e-01   2.9320487e-01   2.3982908e-01   3.5030494e-01  -1.9448418e-01   4.0493994e-02   5.1755383e-01  -4.6060830e-02   2.1059783e-01   2.7220414e-01  -1.1053171e-01   3.3410473e-02  -1.9575377e-01  -8.5619445e-02   3.3799729e-01  -1.0937260e-01  -1.5424125e-01   4.7455230e-02  -9.6287766e-02   9.8305677e-02   6.1154769e-01   1.9183955e-01   4.4363736e-02  -3.4097493e-02   3.3449836e-01   2.8713200e-01   1.6667929e-01   5.2216791e-01   3.9951061e-01   1.1259859e-02   1.5212790e-01   2.1635813e-01   8.5121680e-02   6.9875009e-02   3.9655716e-02   2.4709350e-03   1.8024781e-01  -1.0642679e-01   1.0743545e-01   9.7659563e-03  -3.3941941e-01   4.0944136e-02  -7.9847658e-02   2.9423984e-01   3.2726482e-01   1.5323222e-01   2.2243288e-01   2.3751451e-01  -1.7626454e-01   1.0810837e-01   6.2394448e-01  -1.9380160e-01   1.2931592e-01   6.0328590e-02
   4.6165987e-02   4.5375829e-01   1.7509478e-02  -9.5547432e-02   9.4921528e-02   4.2668650e-01   0.0000000e+00   1.9372105e-02   3.4643624e-01  -6.8685624e-02   3.4890083e-01   6.2003214e-02  -2.6326587e-02  -6.0005135e-02   1.8715821e-01   3.2538408e-02   9.9819925e-02   1.9769270e-01   6.1688555e-02   3.5923087e-01   2.9621444e-01  -1.7777473e-01   4.9886770e-01  -1.0490850e-01  -5.3071956e-01   3.6043479e-01   4.2482179e-01  -2.7651375e-03  -2.9799178e-01   2.5818543e-01   1.8216346e-01  -1.4297858e-01   4.3912725e-02   5.0781525e-01   2.2585125e-01   5.6443746e-01   2.9086438e-01   3.1498459e-02  -1.5023797e-01   2.5926729e-01   8.8361639e-02   3.7755342e-02   1.4399937e-01   2.5086920e-01   4.6979735e-01   9.9683319e-02   2.9122861e-01   7.2666298e-01  -1.3883832e-01  -1.5548842e-01   2.3784999e-01   1.6186120e-01   5.3745585e-01  -5.0343922e-01  -3.1773419e-01   1.9055270e-01   4.0530769e-02   3.0454141e-03  -1.1596018e-01   6.3838385e-02   1.0698527e-01   9.8540769e-02  -2.3847446e-02   3.7137370e-01   1.2173164e-01   5.6781678e-01   2.3595772e-01  -4.9622712e-01   6.0871408e-03   3.1917461e-01   2.1405441e-01   2.4258131e-02   1.3008599e-01  -2.0237719e-01  -4.8727487e-01  -3.8567749e-01   1.1294799e-01  -1.0418807e-01   3.8070190e-01  -2.4476586e-01   3.6997246e-01  -3.0082771e-02   2.4114914e-01   3.9810962e-02  -6.3221453e-02  -3.0886734e-01   9.2372230e-02  -2.9786384e-01  -3.5600021e-01  -9.7292406e-03   7.4891673e-02  -2.4306527e-01   4.1432608e-01   1.2127979e-01   4.8922400e-02  -3.0465799e-01  -8.6553997e-02   2.4964693e-01   6.6674163e-02   5.1563859e-01  -2.1676555e-03   4.0058219e-01   6.5829443e-02   3.1653523e-01  -4.5820717e-02  -1.4593397e-01  -5.9467339e-01   4.9191388e-02  -2.6682380e-01   3.3453261e-01   4.5786797e-01   1.0217785e-01  -4.7207724e-01  -1.6584780e-02   9.4045759e-02   2.1645724e-01  -1.6233229e-01   4.5243874e-02   2.6781756e-02  -2.5777171e-02  -7.2260419e-02   2.7444765e-01  -3.1916938e-01   4.5806207e-01   1.5479004e-01  -1.2304944e-01   5.1273522e-01  -3.9650152e-01  -7.8349254e-02   3.1658480e-01  -1.6206766e-01   6.0025314e-01  -5.9307079e-02   2.4681010e-01  -1.2933944e-01  -3.1039085e-01  -1.1012873e-01   2.3793323e-01  -1.7833146e-01  -2.6172452e-01  -2.1390170e-01  -5.8103700e-02   5.4365623e-02   3.5116631e-01   2.9326855e-01  -1.4844138e-02   3.2136764e-01   2.3490231e-01   2.7416646e-01   3.8712949e-01   5.7211066e-02   3.0199189e-01  -4.3291448e-01   3.7394463e-01   5.4255718e-02  -2.7678678e-02  -1.1553075e-01   1.2685328e-01  -2.6124751e-01   1.5563448e-01  -9.2109573e-02  -3.0774677e-02   2.2932191e-01  -1.9312538e-01   1.0849655e-02   4.0124873e-01   5.6667532e-01  -8.0103914e-03  -1.5812427e-01   4.5703442e-01   4.5694542e-01  -1.9343515e-01  -7.7876310e-02   1.6638174e-01  -2.9178850e-01  -1.2915095e-01   2.3499202e-02
  -1.1723105e-01   1.0136627e-01  -1.3307173e-01   3.3731333e-01  -2.2986718e-01   1.4992205e-01   1.9372105e-02   0.0000000e+00   1.2592991e-01  -7.4080502e-02   7.6147392e-02  -2.2247135e-02   1.2855911e-01   6.6302075e-02  -9.8038047e-02   4.0050176e-01  -1.0428690e-01  -1.2368203e-02   1.0298722e-01   9.9974667e-03   3.2946273e-01   1.9359221e-01   1.4874527e-01  -2.9851975e-01  -8.3875063e-02   3.7985137e-01   1.2109853e-01   9.2188451e-02  -5.5344080e-02   1.1831084e-01   4.3109819e-01   3.1332661e-01   1.3229170e-01   7.9812453e-02  -9.9873108e-02   5.8794274e-02  -1.2661157e-01  -1.8928514e-02   3.6205051e-01   6.1569220e-02   2.0848533e-02   1.0750735e-01  -2.0643677e-01   3.7408006e-01  -3.9186057e-02  -9.2061931e-02   4.3390527e-02   1.4479459e-01  -8.7069154e-03   5.3490206e-02  -8.7677026e-02   4.7059277e-01   2.5774656e-01  -1.8446688e-01  -4.2547106e-01   1.2831095e-01   2.0550954e-01   2.1061914e-01   2.7007266e-01  -1.2859817e-01   1.1803248e-01  -3.6717710e-02  -7.0499643e-02   4.7729103e-01   1.1343103e-01   6.0499923e-02   4.1964037e-01  -2.1665770e-01   1.4130820e-01  -1.9321119e-01   2.2299291e-01  -7.7121213e-03  -4.2680436e-02  -1.9706273e-01  -2.1362385e-01   5.1567725e-01  -2.3357046e-02   2.7318305e-01   1.4539909e-01   9.3491508e-02   8.9568711e-02  -2.9575073e-01   3.5434163e-01   7.5247237e-01  -1.1443813e-01   5.6286467e-01  -7.7869494e-02  -3.1269194e-01  -1.0200195e-01  -3.0315170e-01  -8.2652530e-02   5.6116641e-02  -4.7993934e-02  -7.6357723e-02  -5.7771130e-02   8.7099701e-02   1.9890126e-03   5.4151929e-01  -2.9850464e-01  -1.7144974e-02   6.2979706e-02   1.0324706e-01   2.0026041e-01   1.6772497e-01   7.1358852e-03   3.2399916e-01  -1.6064498e-01   4.4219673e-01  -2.8985202e-01  -4.4850736e-02   6.4604682e-02   1.2433268e-01  -1.8985063e-01  -4.9921747e-02  -1.1056089e-01   3.2721488e-02   1.0845703e-01   1.0129681e-01  -5.5023914e-02   9.8214760e-02  -2.4119004e-01   2.8373769e-02  -2.2237356e-01   1.4208316e-01  -1.2669843e-01  -1.4580296e-01  -7.8957635e-02   3.3005930e-02   3.3683599e-01  -1.1118790e-01   1.3475322e-01   2.1329455e-01  -1.5890045e-01   1.8571138e-01  -1.1606462e-01   6.4752918e-01   3.0145930e-01   8.9116100e-02   6.3890591e-01  -2.1067807e-01  -2.2381392e-01   8.0131534e-02   2.8464024e-01  -1.7415516e-02   6.0307466e-02   2.5541497e-01   1.0830063e-01  -6.4589052e-02  -1.3706762e-01   2.4642509e-01  -2.2166735e-01   4.8973365e-01  -2.4992651e-01   3.2189212e-01  -2.5710122e-03  -2.2106098e-01  -5.8616727e-02   2.4985630e-01   4.4398088e-02   1.2587441e-01  -3.0482628e-01   1.5118250e-01   1.4439527e-02   3.2374214e-02   3.1097632e-01  -7.0720065e-02   6.8093111e-02   2.7672600e-01  -1.2935454e-01   2.7874764e-01   6.4098642e-02  -3.7803408e-01  -2.1004297e-01  -1.4475541e-02  -2.7451313e-01  -9.7930401e-02   3.2492818e-01
  -1.2217475e-01   5.5672427e-01   2.0346794e-01  -2.3590039e-04   1.8291238e-01   2.2828433e-01   3.4643624e-01   1.2592991e-01   0.0000000e+00   1.0587359e-01   8.2147766e-02   1.9507360e-01  -1.3676400e-01  -2.5094788e-01  -1.3579273e-01  -6.1305367e-02   2.0099936e-01   2.6546802e-03  -1.8109933e-01   1.9777209e-01   6.2872156e-02  -1.5471277e-01   1.0755405e-01  -3.0685883e-01  -3.0577410e-01   1.7328181e-01   2.6509728e-01  -1.2135501e-01  -1.6756237e-01  -5.0614205e-03   1.7712662e-01  -1.2501575e-01   1.9498832e-01   2.2457710e-01   8.5456617e-02   2.5075154e-01   4.8769845e-02  -1.9073508e-01  -1.5208358e-01   5.0523088e-01   2.6981105e-02   1.1184767e-01   4.7549928e-02   1.5437200e-02   1.3680623e-01  -7.1353005e-03   1.4944585e-01   3.4237033e-01  -1.9248428e-01   2.6280577e-01   1.0873006e-01   1.0843181e-01   3.2032733e-01  -3.1974615e-02  -2.8313914e-01  -8.5484325e-02  -1.4148222e-01   5.9163528e-02  -6.0774675e-02   1.1397038e-01   6.2435862e-02  -2.4899149e-01   4.9960229e-01   3.7942311e-01   2.4583650e-01   1.8239148e-01   1.9143539e-01  -3.3894977e-01  -2.8462021e-02   2.6569115e-01   3.0070656e-01  -6.0859896e-02   2.2184097e-01  -1.9578888e-01  -2.5899850e-01  -1.0509116e-01  -3.2964052e-02   4.1582393e-02   3.4194988e-01  -2.6164521e-01  -5.8913400e-02   1.2152277e-01   2.0010835e-01   6.9340397e-02  -5.8322387e-02  -1.3641505e-01   3.4231603e-01  -3.6268447e-01  -1.1104057e-01  -2.0870581e-01   9.6840654e-02  -9.6122387e-02   1.2039930e-01   4.9174135e-01  -1.7625349e-01  -5.8503234e-02  -5.1388358e-02   3.1738234e-02   1.8339373e-02   1.8138796e-01  -9.5396352e-02   9.0079545e-02  -2.2738025e-01   5.4865635e-01  -1.4776197e-01   4.4063873e-02  -3.1611133e-01  -5.5211362e-02  -2.6017199e-01  -6.1981852e-02   1.6404532e-01  -1.4464307e-02  -2.0262216e-01  -2.1721943e-01  -6.7923226e-02   2.1657659e-01  -3.0001368e-02   1.5768966e-01  -1.5952471e-01   1.6112163e-01  -2.3697764e-01   2.1409439e-01  -1.0568475e-01   2.5349105e-01  -5.1350548e-02  -1.1160020e-01   1.5744695e-02  -9.2088353e-02   2.3152326e-01   2.2434565e-01  -3.1460019e-02   4.1821034e-01   4.5235101e-02   1.5400052e-01   1.2796173e-01  -5.2201015e-02  -1.4481555e-01  -8.4401756e-02  -7.4498653e-02  -2.2821006e-01  -2.6857924e-01  -8.1119983e-02  -7.4739813e-02   7.5349985e-02  -1.3401135e-01  -1.7102165e-01   2.9097969e-01   4.4220061e-02   1.0338637e-03   8.0522633e-02  -1.1206248e-01  -8.2932119e-02  -3.3156010e-01   2.6138838e-01   2.7674370e-01  -1.8769304e-01  -1.9032852e-01   1.2040285e-01   2.6967654e-02  -1.2021497e-01  -6.8083789e-02   6.1471774e-02   1.4700758e-01  -3.0706398e-01   8.8642979e-02   2.8393095e-01   2.3891212e-01   1.2319823e-01  -2.1751078e-01   4.1881130e-01   2.4288187e-01  -3.3262253e-01  -1.7222559e-01   2.0581317e-02  -2.3802002e-01  -2.8171314e-02   8.6425545e-02
  -1.9428714e-01   7.8702427e-02  -8.5057747e-03   7.7538378e-02   4.7064043e-01  -1.9929538e-01  -6.8685624e-02  -7.4080502e-02   1.0587359e-01   0.0000000e+00  -1.1854863e-01  -2.6375970e-02   1.9105109e-01  -1.3269250e-01   6.8950355e-02  -7.9913290e-03   4.2347239e-02  -5.6189166e-02  -1.8003843e-01   4.0968814e-01   2.4593570e-01  -3.2384433e-01   2.7469952e-01  -1.8908620e-01  -6.7742217e-02  -1.4557737e-01  -3.2114780e-01  -3.4125543e-01   3.4647112e-01  -3.1830094e-01   1.3106074e-01  -1.6494937e-01  -1.1804339e-01   3.2382962e-01   2.2523770e-02   7.9074134e-02   1.4483170e-02  -8.3171674e-02  -9.3768943e-02   1.3706117e-01  -2.0850149e-02   9.0178280e-02  -1.2730896e-01  -7.0435117e-02  -1.3226311e-01  -2.0285423e-01  -2.1155033e-02   1.0884954e-01   3.4702463e-03  -1.0654645e-01  -1.5708638e-01   2.5381701e-02   3.3440496e-01   1.0051123e-01  -1.6931311e-02  -7.6464706e-02  -3.0806342e-01  -2.5712667e-01   1.7975595e-01  -3.5070733e-01  -1.3611470e-01   9.4271465e-02   2.7160141e-01   4.3564437e-02   2.1759437e-01   1.7286987e-01  -8.4359702e-02   9.7746255e-02  -2.9513414e-02  -1.5737966e-01   2.4133222e-01  -2.2786098e-01  -1.0558441e-01  -2.7493669e-01  -5.0261213e-02   6.5095323e-02  -3.0008560e-01   1.3074990e-01   3.9865759e-01  -4.6475048e-02  -2.2554514e-01   3.5944605e-02   4.1771499e-01  -1.2335269e-01  -1.3540379e-01   4.4055068e-02   6.8425952e-02  -1.4998308e-01   3.0164789e-01  -1.5382019e-01   4.3796721e-01  -7.9263444e-02   3.3845871e-01   6.0731753e-02  -1.0820718e-01   4.7189869e-01   4.4415322e-01   3.5326336e-02  -2.1119275e-01  -7.3188297e-04  -5.9559271e-02  -4.1582068e-02  -2.6283101e-01   2.3362283e-02  -2.1031232e-01   6.0854421e-02   4.6345480e-02  -6.2231548e-02   6.0921094e-01   9.6479665e-02   2.6406181e-01  -4.1101369e-01   4.4161102e-02  -1.8906082e-02  -2.3790831e-01   3.3252202e-01   7.4482711e-02   1.7155460e-01  -2.2588388e-01  -1.6642506e-01  -2.1988727e-01   2.5963848e-01   2.7790008e-01   4.8423334e-02  -2.2158818e-01  -4.2673433e-01  -5.8221723e-02   1.6606613e-01  -5.4679776e-02  -1.5800744e-01   1.3443577e-03   3.1794258e-01  -3.3483973e-01   4.6022589e-01  -1.2803359e-01   5.1229851e-02  -3.0442894e-01   1.8452987e-02  -2.4983496e-02   3.4728670e-02  -1.4716561e-01   3.0685320e-01  -2.0401492e-01  -7.6766119e-02   1.7699938e-01   2.0890038e-02   1.9470061e-01   2.9319136e-01   1.5729184e-01  -6.8977221e-02  -2.2219237e-01  -1.0184801e-01   4.2249865e-02   1.7925229e-01   1.2067866e-02  -6.2566523e-02  -2.0806318e-01   1.7047560e-01   2.8571365e-02  -3.5854897e-01  -5.5909670e-02   2.4284374e-01   3.6071399e-01   4.7868730e-02  -2.2321742e-01   3.4085302e-01   1.3357000e-01  -7.7136593e-02  -4.5049969e-02   2.0267395e-01   3.2309225e-01  -2.7503608e-01   3.9636775e-02  -2.3211664e-01  -9.9126448e-04   4.6790732e-03  -2.4941385e-01
   2.1872189e-01  -1.9486768e-01  -6.4671225e-02   2.4705655e-01   5.0940174e-02   3.6472871e-01   3.4890083e-01   7.6147392e-02   8.2147766e-02  -1.1854863e-01   0.0000000e+00  -3.4767256e-01   2.7458125e-02   1.2306883e-02   4.1973118e-01   1.5765192e-02   7.8140585e-02   7.4027765e-01  -1.7579667e-03   2.9111567e-01   1.2130241e-01   1.4272649e-01   3.9784158e-01   9.0853904e-02  -4.8174770e-01   2.8330695e-01   3.7607168e-01   4.6454060e-01  -1.1716803e-01   4.2871858e-01   2.8870420e-01   1.4994743e-01  -5.4362264e-02   4.2869758e-01   1.7436615e-01   7.6325254e-01   4.2520736e-01   1.0991941e-01  -1.4759072e-01  -2.5666825e-01   4.3105789e-01  -4.0123969e-02  -1.1359634e-01   5.6079756e-01   4.8695899e-01   4.1519231e-01   8.6178866e-01   1.7017465e-01  -1.4975647e-01  -2.7363306e-01   5.7424049e-01   3.3637627e-01   1.2935195e-01  -3.4134644e-01  -3.5236694e-01   7.0134763e-01   2.4093506e-01   2.1973508e-01   3.5847645e-01   2.3387465e-01   1.8686326e-01   4.0164780e-02  -4.8496601e-01   4.3507373e-01   2.2151613e-01   6.2381743e-01   1.7420687e-01  -3.6272436e-01   5.4918652e-01   3.6961310e-01  -2.8118959e-01   4.2423229e-01   9.0611658e-02   2.3237319e-01  -4.7424501e-01  -2.2930980e-01   1.4869157e-01   6.8204070e-02   4.1869523e-01  -3.2021509e-01   5.5883609e-01  -2.4675645e-01   3.4239805e-02   3.9816383e-02   3.4481343e-01  -6.7621433e-02  -1.7757773e-01  -2.9894856e-01  -3.2409831e-01   2.6891842e-01   2.8183438e-01  -5.0811146e-02   4.4640212e-01   1.8434437e-01   7.7619616e-02  -2.7868503e-01  -2.5468691e-02   1.3309135e-01   2.1609485e-01   5.4305490e-01   2.6802739e-01   8.1908960e-01   2.5573997e-01   2.3645363e-01   4.9251713e-01   1.2431718e-01  -4.4933079e-01   3.0442246e-01  -2.9338467e-01   6.1792929e-01   5.6203096e-01   4.1498561e-01  -3.4347811e-01   1.5764932e-01   4.1205839e-01   1.7424636e-01   2.6708509e-01   1.9477077e-01   4.6517196e-01   2.9569396e-01   6.9299104e-02   2.9246369e-01  -3.2964225e-01   4.6147396e-01   4.9312052e-01   1.7871895e-01   6.2738091e-01  -5.9491021e-01   7.2521228e-03   4.1992229e-01  -3.4507741e-01   5.7183624e-01   2.9570955e-02  -7.4960808e-02   1.1430202e-02  -1.4385865e-01  -2.2126937e-01   3.5464333e-01   1.8771736e-01  -1.7735268e-01  -6.3015367e-02  -3.2316655e-01   6.1378329e-01   3.8010769e-01   3.8039212e-01   2.2419165e-01  -8.5651295e-02   4.7218464e-01   7.3379423e-01   4.0326606e-01   4.6445725e-01   3.5997967e-01  -1.8359366e-01   4.1640332e-01  -2.7695400e-01   2.4140286e-01  -1.2169469e-01   4.4692708e-01  -1.1787004e-01   5.2386170e-01  -1.8245518e-01   4.8529712e-01   3.8077988e-01   3.5861332e-01   5.8181118e-02   2.8432062e-01   6.7156668e-01   3.6609736e-01   1.3997103e-01   3.4689239e-01   4.8150378e-01  -3.3510047e-01   3.4910892e-01   3.6507590e-01  -3.6799849e-01  -1.2939585e-01   2.0274801e-01
   2.2395746e-02   6.3308837e-01   6.8393065e-01  -3.1379608e-01   8.2919086e-02  -9.9149596e-02   6.2003214e-02  -2.2247135e-02   1.9507360e-01  -2.6375970e-02  -3.4767256e-01   0.0000000e+00   2.6663886e-01  -3.5464911e-01  -2.0919731e-02   1.7989189e-01   4.8322532e-01  -3.1644856e-01  -1.1230403e-01   2.9055955e-02  -2.8423081e-01  -6.6718963e-03  -1.8323325e-01  -1.0408110e-01   1.5026972e-01   3.4898166e-02  -1.1381459e-01  -3.0683424e-01  -3.2261197e-02  -2.7236655e-01  -1.4770751e-01  -2.5782111e-02   6.4550306e-02   6.5489960e-02   7.6471178e-02  -2.8331170e-01  -3.1108714e-01   7.0926719e-02   1.9597040e-01   4.4906442e-01  -1.2790511e-01   1.9710762e-01   3.3657081e-01  -2.4739855e-01  -1.3676141e-01  -1.2295471e-02  -3.3894030e-01  -4.5510774e-02  -8.7968470e-03   7.0100586e-01  -3.7352370e-01  -1.2084228e-01   4.2653110e-02   7.8868885e-02  -9.0665546e-02  -2.2197567e-01  -8.7147576e-02  -1.0757067e-01  -1.7482551e-01   2.8118906e-01   3.3161446e-01   2.9459004e-02   5.8362049e-01   3.3194186e-02   7.1981920e-02  -1.7627606e-01   9.9759967e-03   1.8485195e-01  -1.7865432e-01   6.5452769e-02   1.7202778e-01  -2.8818975e-01  -8.1038672e-02   2.4688258e-01   1.2808590e-01  -1.7261717e-02   1.0306976e-01   1.6893097e-02   4.3465270e-03   2.4626674e-01  -3.0914619e-01  -1.6989824e-02  -6.3270066e-02   7.2406358e-02   3.4279506e-03  -5.7064676e-02   1.0156658e-01   1.0745389e-01   1.8704907e-01  -1.2164668e-01  -2.2669901e-03   3.3034794e-01   2.2327705e-01   8.0425921e-03   7.2335377e-02   5.0937452e-02  -1.5103519e-01  -4.6966730e-02  -1.2838592e-01  -3.1462487e-01  -4.6137938e-01  -1.9401484e-01  -3.8686389e-01  -2.4417282e-02  -2.4006515e-01  -5.1332060e-02   1.3254177e-01  -2.7487062e-02  -4.4899983e-02  -4.1597204e-01   2.4654241e-02  -1.4805120e-01  -6.7571451e-02  -1.5120276e-01  -3.6717032e-01  -4.5528834e-02  -8.7148929e-02  -1.6169200e-01  -3.6505763e-01  -3.1338228e-01  -4.2005094e-02   1.7782328e-01   2.6370975e-01  -9.7333273e-02  -1.2292320e-01   1.9934939e-01  -2.9627106e-01   2.4559412e-01   9.2830499e-02  -1.0545632e-01   2.4681218e-01  -2.0400765e-01   4.0268770e-01   9.2187865e-02   7.0707531e-02  -6.7049049e-02   3.1474460e-01  -4.9335940e-01  -2.2112736e-01  -1.3084865e-01  -6.3817777e-02   2.3196318e-01  -2.2981942e-01   5.5941892e-02  -9.8257981e-02  -3.5797434e-01   3.8783959e-01  -2.2427535e-01  -2.9808682e-01  -2.3045672e-01  -2.2823338e-01  -3.6826434e-01   1.3379050e-01  -2.6707601e-01   7.8622742e-01  -2.2329447e-01   8.4501905e-02  -1.7978875e-01   4.7356170e-01  -2.2969637e-01   2.8077664e-01  -2.9958428e-01  -3.5306621e-01  -9.6973998e-02   3.0752929e-02   1.4777213e-03  -1.3163416e-01  -2.3284822e-01  -9.6619092e-02   3.5416370e-02  -3.2414002e-02  -1.1947362e-01  -3.3210300e-01  -3.0357590e-02  -5.4032267e-02   1.0427579e-01  -2.6897356e-02
   2.1863992e-01   2.0704883e-01   1.2835211e-01   6.2898667e-02   4.6947992e-02  -9.9849042e-02  -2.6326587e-02   1.2855911e-01  -1.3676400e-01   1.9105109e-01   2.7458125e-02   2.6663886e-01   0.0000000e+00  -9.0930719e-02   1.2332068e-01   1.0276513e-01   1.9732566e-01  -6.4451872e-02   1.1779839e-01   2.5301251e-01   7.4741100e-03   8.8886287e-02  -2.9997241e-02   1.4090001e-02  -5.8956211e-02   6.2026698e-02  -3.2288413e-02  -8.0881382e-02   4.3469659e-01  -1.4473985e-01   2.4129678e-02   4.6284499e-03  -3.8768019e-01   2.2169854e-01   1.1783828e-01  -5.6286633e-02  -1.1226339e-01   1.9847215e-01   5.8335949e-02   6.5081816e-02   2.5782150e-01  -5.2720322e-03   2.9165630e-01  -1.6881911e-01  -8.1666860e-02  -1.3702579e-01  -2.6202761e-02   4.3361066e-03   3.2359747e-01   8.4094824e-02  -2.2250188e-01   1.3070347e-01   6.4230634e-02  -3.4553278e-01  -2.6147797e-01   1.4626647e-02  -2.8623842e-03  -5.1476370e-02   1.6213367e-01  -6.0405887e-02  -5.2160415e-02   5.2945123e-01   2.4119103e-02   1.9341810e-01   1.2174380e-01   5.4401966e-02   5.7048553e-02   1.4862457e-01   4.1529614e-02  -2.1992365e-01   3.8164591e-02   6.8196275e-02  -1.8784851e-01   2.1578139e-02   7.4597105e-02  -2.5694036e-03  -1.7162891e-01  -5.6586853e-02   2.0521683e-01   4.9881752e-01  -3.3285128e-02  -4.0398914e-01  -1.5732701e-03   6.1018257e-02  -1.9227082e-01   1.1934830e-01  -1.1795781e-01   1.8693947e-02   1.4112007e-01   1.2253996e-01   1.3457096e-01   6.7053389e-02   3.0145820e-01   9.7961259e-02  -1.1799557e-02   4.4771664e-01   4.4370298e-01   1.9635675e-01   3.3277211e-02  -8.0306089e-02  -2.4262955e-01   2.0385457e-01  -8.0000871e-02  -5.9823592e-02   3.0209181e-02  -1.8470923e-02  -1.7426137e-01   2.2325588e-01   3.4583621e-01  -4.1249963e-02   1.4035594e-01  -1.0917314e-01   1.1194813e-01   9.9782867e-02  -1.7233994e-01  -1.4175609e-01  -7.2080972e-02   4.2786026e-02  -2.4740218e-01  -7.1373840e-02  -1.6248443e-01   2.1695373e-01   2.7317614e-01  -1.7697151e-01  -1.1793133e-03   1.6871307e-01  -2.9453225e-02   7.5035122e-02  -3.4768389e-02  -2.3566680e-01  -7.2162764e-02  -5.6309635e-03   3.4033444e-02   9.3660839e-02   1.2200657e-01   1.1655371e-01   4.8217275e-01  -8.4477399e-02   2.2890642e-01  -1.8670343e-01  -1.9022280e-02   4.7947111e-01   1.1779919e-01  -8.9056269e-02  -3.3231465e-02  -2.1243215e-01   1.0231337e-01  -4.5875835e-02   1.3051864e-01   2.6340812e-03  -2.1241304e-01   9.6153131e-03  -2.2796737e-01  -2.0809629e-01   1.1559873e-01   7.4632284e-02  -1.8520738e-01   2.2401885e-01  -1.0538114e-02   9.0553723e-02   3.0799545e-01  -1.0171175e-01  -1.4005746e-01   3.0180364e-01  -1.7509814e-01   2.8448541e-02  -5.5784867e-02  -1.0832643e-01  -1.3347633e-01  -7.5999586e-02   2.1533646e-01  -2.4673372e-01   6.0292693e-02  -1.5063070e-01  -8.7347614e-02   1.0508752e-01   1.0476831e-01
   1.4781744e-01  -3.0950813e-01  -2.6838964e-01  -1.9440709e-02  -2.2554305e-02   2.5812646e-01  -6.0005135e-02   6.6302075e-02  -2.5094788e-01  -1.3269250e-01   1.2306883e-02  -3.5464911e-01  -9.0930719e-02   0.0000000e+00   2.4754645e-01   1.9415091e-01  -1.6124928e-01   1.2612671e-01   8.6882249e-02   2.4894631e-02   5.0772386e-01  -1.6633420e-01   2.0289396e-01   4.7224702e-02   9.9652826e-03   5.0332316e-02   4.2219582e-02   3.1642514e-01  -2.9912747e-02   5.2042891e-01   3.6857739e-01  -2.3174820e-02   1.8138139e-01  -2.0954560e-01   1.6934207e-01   1.7955004e-02   7.0394061e-02  -6.6383393e-02   1.9413757e-01  -1.2352745e-01   4.8288552e-02   2.2669444e-01  -1.4109988e-01   3.6538447e-01   2.4237027e-01  -2.0411108e-01   3.6213590e-02  -6.5325614e-02   9.5163239e-02  -3.4479115e-01   1.2347589e-01   1.4788883e-01  -2.6430148e-01   1.9519460e-01   4.0537788e-01   3.2626639e-01   2.1984182e-01  -2.9479092e-01   1.2881417e-02   9.5352264e-03  -2.4192896e-01  -1.5352736e-01  -2.7822805e-01  -2.0687685e-02   1.8717830e-01   4.8319795e-02   8.9742305e-02  -1.6621410e-02  -1.9486358e-02  -6.5620608e-02  -2.0553120e-01   7.4793926e-02   1.5260121e-01   1.7286604e-02   2.3567486e-04  -1.8233408e-01  -2.0110336e-01   7.9398246e-02  -5.9036490e-02   1.2755204e-01   3.1136802e-01  -2.3174116e-03   6.4574244e-02   1.5160556e-01   3.5943919e-01  -9.7246534e-02   1.3873052e-01   1.3136310e-01   1.5115337e-01   3.1346512e-02  -3.3909956e-02  -2.3984629e-01  -2.5378447e-01  -1.5508514e-01  -1.3242478e-01  -6.3977651e-02  -4.4146624e-02  -3.2064028e-02   4.3585697e-02   1.7766282e-01   7.3689198e-01  -2.4709594e-02   5.5789690e-01   1.3323307e-01  -1.7558757e-01  -3.0634881e-01   2.2952660e-01  -1.5402190e-01  -7.5723498e-02   3.1975164e-01  -5.5222660e-03  -3.2101102e-03   1.1552288e-01   1.0221838e-01   4.4032874e-01  -5.8028636e-02  -6.6198720e-02   1.8674022e-01   5.3019295e-01   7.6631024e-03  -1.4587205e-01  -1.5784468e-01  -4.1988421e-03   2.2332067e-01  -9.3668232e-02   1.0941345e-01   3.0153022e-01   1.0538679e-01  -2.5045940e-01   1.8124955e-01   1.7127379e-01  -1.4930609e-02  -1.4959615e-02   4.1014893e-02  -1.5359559e-01  -7.6480180e-02  -6.9723737e-02   6.1516077e-01   2.0719675e-02   1.8158366e-01   1.4310659e-01   4.6253769e-02  -5.0653957e-02   1.9897483e-01   2.8647449e-01   4.8332865e-01  -2.7963641e-01   1.3939263e-01   3.4985678e-02   2.5443730e-01   3.4593821e-01   5.7701305e-01  -1.5829713e-02   1.4693494e-01  -2.2044555e-01  -9.1632371e-02  -1.6372818e-01   2.9232346e-02  -2.3790642e-01   1.2069719e-01  -1.1589586e-02   1.9678990e-01   6.9876787e-02  -1.6251272e-01  -1.7574715e-01  -1.8430064e-01  -1.6456014e-02   8.9384654e-03  -5.8098233e-02  -1.1380261e-01  -8.2014432e-02   3.0433258e-02   6.3565288e-02   2.7162900e-01  -1.4668335e-01  -9.2810880e-02  -2.8500524e-01
