   0.0000000e+00  -2.0380815e-01  -1.8899171e-02  -1.5303762e-01  -3.9189758e-01  -1.9455009e-02  -2.1728312e-01  -1.9925636e-01  -4.5941595e-01  -1.4590575e-01   3.3657289e-01   2.7526010e-02  -1.7025470e-01   5.4320204e-01   1.4162270e-01   9.1817214e-02   1.5397531e-01  -1.1644426e-01  -5.5928945e-02  -4.2214535e-01   2.6925604e-01  -4.4221906e-03   1.7617814e-01   3.1122270e-01  -1.0238431e-01   1.3504344e-01   1.2640549e-02   2.2324403e-01  -1.1971872e-01  -1.9504225e-01  -1.5603856e-02  -1.1271027e-01   1.7527789e-01  -2.8156943e-01   8.6620669e-02  -1.5578305e-01  -2.2677622e-01   3.0740466e-01   7.4981868e-02  -1.3817148e-01   2.2293780e-02  -2.4955376e-02  -3.3339281e-01   6.6960641e-02   1.0787241e-01   4.0264842e-01   2.8348833e-01  -1.3926769e-01  -1.3512055e-01   4.8372426e-02   2.6100155e-01   2.3923100e-02  -3.5343944e-01   1.9703051e-01   1.4646654e-01   3.0657979e-01   1.1972894e-01  -9.0761346e-02   3.7691695e-02  -1.5035239e-01   4.0555962e-01  -4.2062529e-02  -1.6427898e-01  -1.9485475e-01  -2.7156318e-01  -9.5553475e-02  -8.7018427e-02  -2.2113616e-01   3.5764875e-01   7.1971656e-02  -1.1188010e-01  -8.0793601e-02  -3.4224120e-02   3.0112876e-01  -1.6979390e-01  -3.6032068e-01   5.2548280e-01  -7.0219660e-04  -4.8024815e-01  -2.8723831e-01   5.5843565e-02   1.9262630e-02   1.2503648e-01   1.7374140e-01   5.8426734e-01  -1.6551115e-01   6.7359156e-03  -2.9239508e-02  -2.6805301e-01   6.8340576e-01  -3.9610483e-01   1.8209944e-01  -1.8848831e-01  -8.8938932e-02   2.2100100e-01  -3.4160194e-01  -5.4412683e-02  -9.8236387e-02  -2.4773482e-01   2.6505540e-02   3.5475176e-01   2.5627558e-01   1.6825243e-01  -3.2224873e-01   2.5946326e-01  -1.3873776e-01   2.6208977e-01   3.8716438e-02   8.7234414e-02  -2.7852162e-01  -9.9318369e-02   1.4096226e-01  -3.3908524e-01   6.3984427e-01   7.1493092e-02  -2.7707056e-01   1.2269520e-02  -2.7080395e-02   3.0919461e-02  -1.1528908e-01   1.7096415e-01  -3.8153450e-01   2.9267190e-03  -3.8722356e-01   4.5302691e-01   3.5048390e-01  -1.2283016e-01  -1.9609921e-01  -1.2609721e-01  -5.5502443e-02  -1.1707743e-01   5.6454116e-02   3.3077333e-01  -2.2891822e-01  -3.1242357e-01  -2.0942158e-01  -3.1636512e-02  -1.9008209e-02  -1.4222733e-01   5.1167712e-01   7.2661802e-01  -1.4569193e-01   2.7357697e-01  -9.9917164e-02   7.8421685e-02   6.0902285e-03  -7.1956917e-02  -4.0331644e-01  -2.3073855e-02   1.1244248e-01   4.6071410e-01   1.9017867e-01   3.9415616e-01  -1.5214313e-01  -2.8467785e-01   3.8406771e-01   5.0798916e-01   1.2867508e-01   1.7564484e-01   7.5680507e-02  -2.3499360e-01   1.5746925e-01  -2.7973153e-01  -3.1393839e-02  -4.6488787e-03  -3.2945777e-01   6.6246927e-02   1.5979698e-01   4.7084032e-01  -2.6753165e-01  -4.2306166e-01   3.3929886e-01  -1.1214293e-01  -8.0091996e-02  -3.8998606e-02  -1.0663394e-01  -9.6098464e-02
  -2.0380815e-01   0.0000000e+00   2.9185489e-01   2.8995072e-01   4.1847773e-01   2.1577685e-01   1.9356981e-01   1.7059731e-01   3.6353577e-01  -1.3433779e-01  -1.1872343e-01   3.7888727e-01  -1.4805680e-01  -9.6149410e-02  -1.3823307e-01  -2.1939812e-01   6.8718489e-02  -9.5706484e-02   1.9428444e-01   1.5845846e-01  -4.1143130e-01   4.5176021e-01  -4.7357689e-01  -3.5919993e-01  -8.0227875e-02   2.9076991e-02  -1.1194603e-01  -1.6354891e-01  -1.3990993e-02   5.5906358e-01  -1.4775597e-01   1.0686310e-01   1.8388316e-01   4.3290902e-02  -2.7028477e-01  -2.0589019e-01   2.7135672e-01  -3.2851258e-01  -1.3885245e-01   1.5222508e-01  -9.4109660e-02   1.2741738e-01   6.7053979e-01  -2.9394485e-03  -2.7456211e-02  -1.8108981e-01  -1.9448875e-01   5.2726898e-01   1.1437588e-01   2.9113821e-01  -3.0913305e-01   9.4906544e-02   5.8515719e-01   1.3358280e-01  -2.6003894e-02  -3.3679459e-01  -1.3671639e-02   3.0577504e-01  -8.3375240e-02   3.3055332e-01  -2.4456239e-01  -1.4912528e-01   4.9831693e-01   1.2530130e-01   3.7369639e-01  -3.2229735e-01   2.4660889e-01   2.6191049e-01   1.6448099e-01  -5.2974502e-02   6.9970062e-01  -3.5027242e-02  -1.1006799e-02   1.0398019e-02   5.4560912e-02   2.5976859e-01  -2.5468770e-01   9.1628345e-02   3.9502638e-01   1.3210336e-01  -2.1397288e-01  -2.5627657e-01  -1.2487872e-01  -2.2089897e-01  -3.5711002e-01   1.8206484e-01   2.8140790e-01  -2.9719170e-01   5.9664315e-01  -2.5791684e-01   3.1366955e-01  -3.5256545e-02   1.9634601e-01   1.6653552e-01  -2.4242658e-01   1.7172091e-01  -2.3680707e-01   1.4376733e-01   6.8597602e-02  -2.0077595e-01  -2.0758568e-01  -1.4068578e-01  -7.1867010e-02   6.0909818e-01  -1.3813133e-01   1.6645404e-01   1.8468281e-01   2.3206909e-01   1.4099930e-01   4.4433579e-01   1.9913808e-01   1.8385971e-01   2.9873007e-01  -2.7196048e-01  -1.6135050e-01   4.9436937e-01   1.7223842e-01  -1.4122846e-01   6.9348202e-02   1.7013438e-01  -1.5883824e-01   4.5049946e-01  -2.5410055e-03   4.8417760e-01  -3.6241866e-01  -1.7699609e-01  -1.1226998e-01   2.2725557e-01   3.3904512e-01   2.0154777e-01  -8.0247849e-03  -3.6852956e-01   1.4682592e-01   1.5338299e-01   6.4631664e-01   1.4691573e-01  -1.7904982e-01   7.6729400e-02   1.8510954e-01  -2.6101065e-01  -2.2132877e-01   2.2337138e-01  -2.5761393e-02   1.8461000e-01  -3.2992498e-01   5.3401616e-02   1.6652097e-01   8.7280400e-02  -2.1713804e-01  -2.4354121e-01  -3.3010333e-01  -1.8325580e-01  -2.3423326e-01   2.6287050e-01   6.9286745e-01  -3.6759844e-01  -4.5283954e-01  -1.3496554e-01  -8.4790382e-02  -2.7035373e-01  -3.3605046e-02   6.2349691e-02  -1.6019952e-01  -1.6315225e-01   1.0611139e-01   1.5584447e-01  -2.3729067e-01  -2.4472811e-01  -3.1304978e-01   6.0975112e-01   1.8037433e-01  -3.1826373e-01  -1.1045647e-01   7.2368924e-01  -1.5675849e-01   2.9647420e-01   3.5873990e-01
  -1.8899171e-02   2.9185489e-01   0.0000000e+00  -1.6788066e-02  -1.3581358e-01   5.7286238e-01   1.9195003e-01  -6.9495687e-02  -1.9663236e-01   3.5679791e-01   1.5733557e-01   5.7266213e-01   1.5969082e-01   2.1194180e-01   1.5716901e-01  -1.1963035e-01   7.5480424e-01   6.6239718e-03   2.8814536e-01   1.4386009e-01   7.2133406e-02   2.6775676e-01   1.0935008e-01  -6.8177777e-02  -4.1890532e-03   2.3529647e-01   2.1454795e-01   2.8579069e-01   6.0584837e-02   1.1238750e-01  -1.8279313e-01   1.4235467e-01   2.4447545e-01  -5.8464020e-04  -2.0206903e-02  -9.5376612e-02  -7.5682694e-02  -1.6464881e-01  -2.7587741e-01   2.6788050e-01   5.4347915e-02   2.5499262e-01   2.8539857e-01   4.7282870e-02  -5.6500392e-02   3.2745271e-01   1.3204675e-01  -1.9038715e-01   1.8782625e-02   5.5038320e-01   1.1349908e-01  -1.1516680e-01  -1.3046478e-01   4.3322357e-01   1.4514042e-01   5.1376712e-02   3.2626486e-01   4.4900224e-01  -4.6971409e-02   3.2912164e-01   2.8403647e-01   1.1552490e-01  -5.5141018e-02   2.2180203e-01  -1.9205232e-01  -5.9148174e-02   4.1456648e-01  -2.6773121e-01   9.0124678e-02   6.1693268e-01   3.7419221e-01   1.4887064e-01  -2.1346107e-01   3.9782203e-01  -9.1244478e-02  -2.8335202e-03   2.0812844e-01   1.4580991e-01  -2.5533604e-01  -8.5602591e-02   2.1368541e-01  -3.1830520e-01   2.7770463e-01   1.8821810e-01   2.8361188e-01  -9.6038167e-02   6.3241207e-02  -1.9436052e-02  -6.2750970e-02   1.1382273e-01  -2.9034451e-01   5.0770697e-01   3.2083516e-01   2.3593655e-01  -2.8866574e-01   4.8468424e-02   1.3392142e-01   1.6473300e-01  -2.2768173e-01   2.0465190e-02   3.6178143e-01   2.8771149e-01   2.0652763e-01  -1.0974424e-01   2.3788454e-01   1.2169127e-01   5.3168960e-01   2.3457888e-01   1.6887678e-01   2.2468115e-02   4.1123684e-01   3.0747638e-01  -9.9094095e-03  -1.1306894e-01   3.7786474e-01  -2.9889385e-01   1.4484084e-01   1.8817541e-02   3.8211787e-01   6.1014139e-02  -2.6669692e-02  -1.5443771e-01  -1.2881595e-01  -1.2813714e-01   1.9038888e-01   2.9549057e-01   8.9110725e-03  -1.9595914e-02   2.9439908e-01   6.7103411e-01  -8.5887922e-02  -1.4494296e-01   2.9469326e-01  -8.8892674e-03   2.2513992e-01  -6.4889063e-02   1.2842230e-01   2.6628716e-01  -5.5957227e-02  -2.4365303e-01  -4.5204012e-02  -2.3719925e-02   1.1460355e-01   5.4302658e-01  -8.4748749e-02  -8.8058328e-03   5.5256954e-01  -1.0913639e-01   1.4170101e-01  -4.6988659e-02   4.0328578e-01   7.0856007e-02   2.6051301e-01   8.0922913e-02   3.2916342e-01  -1.1545474e-01  -1.9286902e-02   1.2813235e-01   3.9554125e-01   1.7861494e-02  -7.4791153e-02   2.5864054e-01  -1.7709118e-02   1.2329775e-01   2.0916499e-01  -1.7589826e-01  -9.3869629e-02   2.8429112e-01   1.8896932e-01   1.0846312e-01  -1.4551589e-01  -3.2044599e-01  -1.0094001e-02   4.0288602e-01   1.1351692e-01   2.2631554e-01   2.4909114e-01
  -1.5303762e-01   2.8995072e-01  -1.6788066e-02   0.0000000e+00   3.5256122e-01   7.5457637e-02  -1.7715074e-02   4.0239265e-02   2.6272189e-01  -1.7571323e-01   9.2833397e-03  -1.2751233e-01  -3.5002904e-01  -1.5499101e-01   2.7615427e-03  -1.0677360e-01   6.9250720e-02   3.8873311e-02  -8.3701346e-02   2.2487007e-01  -1.4781668e-01   2.3695437e-01  -1.8078331e-01  -1.3857457e-01  -3.0133349e-01   4.1879389e-02   6.8962913e-02  -1.8296953e-01   2.6056134e-02   1.7612997e-01   1.8565673e-01   2.0290978e-01   3.1353508e-01   1.5446382e-01   2.8444816e-02   1.2850124e-01   1.7856312e-01   1.8161243e-01   5.9816906e-02   2.4282362e-02  -4.0921805e-02   4.4501685e-01   1.6268770e-01  -5.5390385e-02   1.7199999e-01   1.9574821e-02  -1.8679243e-02   3.3013764e-01  -1.4277502e-01   1.8124264e-01  -9.5138449e-02   1.6687052e-01   2.7993234e-01  -1.4078133e-01  -5.5883801e-02  -8.2935060e-02  -1.6791800e-01   2.3619362e-01   1.0992428e-01   2.3628154e-01   2.0451671e-01  -3.2788185e-01   6.3915280e-01   2.1289851e-02   3.3835219e-01  -1.0681869e-01   8.4650944e-02   1.9718206e-01   2.9123280e-01  -2.7539277e-01   2.0651159e-01   4.0411961e-01   1.5578240e-01  -2.5927198e-01  -9.7127349e-03   1.7925064e-01   1.4642722e-01   5.6647674e-02   3.0599503e-01   1.7959913e-01  -8.3677431e-03  -1.0333856e-02  -5.1724360e-02  -2.3463882e-01  -2.7203933e-01   9.2265582e-02   2.2523999e-01  -2.6472946e-01   4.3049566e-01  -1.4800120e-01   2.1223573e-01   1.2677640e-01  -4.0728428e-02  -4.4242573e-02   1.5794013e-01   1.1838348e-03  -1.1903230e-01  -9.0858409e-02   2.1476487e-01  -4.1907353e-02  -1.5350509e-01  -1.0757998e-01  -1.4283543e-02   3.8793748e-01  -1.8451070e-01  -7.1858221e-02   2.0335280e-02   2.2493018e-01   6.9354782e-02   2.3391636e-01   1.2570900e-01   1.9173911e-01   6.5960678e-01   6.0136828e-02  -1.5095919e-01   2.1099956e-01   2.2666001e-01  -1.6998179e-01  -7.3291257e-02   6.2761377e-01   1.3720395e-01   3.0093843e-01   1.1175090e-01   1.8588461e-01  -3.2010389e-02  -2.9629238e-01   2.7915497e-02   1.2420584e-01   2.5743977e-01  -8.2162439e-02   1.7777485e-01  -1.7355824e-02  -1.0330485e-01   1.8778753e-01   4.2774384e-01   1.0981391e-01   1.6473938e-02   5.5324554e-02   2.2268914e-01  -3.0577792e-02  -1.8277290e-01  -2.5452894e-01   1.1529604e-01  -1.5551909e-01  -1.2459894e-01   9.4549433e-02  -1.1625997e-01   5.4666068e-02  -2.1581632e-01  -6.0772104e-03  -2.7980506e-01   3.7903972e-02  -3.3954814e-01   2.4340038e-01   2.6462800e-01   8.0335025e-02  -1.1450850e-01  -6.1329075e-02   2.0175162e-01   8.9741080e-02  -9.1623397e-02  -9.5378532e-03  -1.8682335e-02  -1.6026223e-01   2.5388233e-02   1.8553214e-02   1.0977094e-01  -1.7328135e-01  -1.9689737e-01   2.5194788e-01   1.0827618e-01   8.7578627e-02   4.4526267e-03   1.7649470e-01  -2.7926374e-01   5.1196715e-01   2.3626594e-01
  -3.9189758e-01   4.1847773e-01  -1.3581358e-01   3.5256122e-01   0.0000000e+00  -2.5375205e-01  -1.1269593e-01   1.6508163e-01   5.6520658e-01  -9.9914498e-02  -2.6022452e-01  -2.2272895e-01  -3.1964629e-02  -4.5568018e-01  -3.8036091e-01  -1.9696889e-02  -1.0994070e-01   4.4884553e-02  -1.4508320e-01   6.2521719e-01  -5.8545786e-01  -1.7818028e-02  -6.1371339e-01  -5.1552663e-02   3.9826412e-02  -2.0409897e-01  -1.1806315e-01  -4.2675876e-01  -1.9365544e-01   1.9795339e-01  -3.7709988e-02   3.4364772e-02   1.1401186e-01  -9.1279137e-03  -3.2644493e-01   3.9542384e-01   3.3293826e-01  -1.1107099e-01   1.5626793e-01  -1.9286304e-02   1.5599719e-02   1.4832342e-01   3.5309379e-01   1.2635456e-02   1.3268561e-01  -3.1946359e-01  -1.3397949e-01   5.0455874e-01   3.1770822e-01   7.8943418e-02  -4.2377905e-01   2.1315733e-02   6.9396936e-01  -2.3930467e-01  -2.8521347e-01  -4.5005268e-01  -3.6441139e-01  -1.6969842e-01  -2.5155499e-02   2.5964966e-02  -1.9497347e-01  -1.5681184e-01   5.9780930e-01   1.3886738e-01   4.4705409e-01  -1.5143273e-01   4.2370878e-02   4.5862660e-01  -1.0661021e-01  -4.1796613e-01   2.5180376e-01  -6.2029578e-02   5.9509518e-02  -4.6093577e-01  -1.7988628e-02   2.8558442e-01  -3.1201551e-01  -1.8248505e-01   8.1850011e-01   2.7606078e-01  -5.3875130e-01  -1.3333072e-01  -3.5228127e-01  -1.9138421e-01  -4.8906984e-01   1.3859391e-01  -6.9793786e-02  -6.7064196e-02   4.0975514e-01  -3.7322271e-01   8.0061515e-01  -6.9651838e-02  -3.1733561e-02  -1.2332725e-01   6.0648584e-02   4.6280006e-01  -2.2620945e-01  -3.3654399e-02   5.1611054e-01  -3.1209515e-01  -4.2134657e-01  -4.4303490e-01  -4.2394269e-01   4.4279970e-01  -4.4506858e-01   1.7278162e-02  -1.9717082e-01   8.3371852e-02  -9.3357490e-02   4.0644398e-01  -1.0589801e-01  -2.5997790e-01   3.0569064e-01  -2.5198599e-01  -4.9150094e-01   6.7498367e-01  -3.4477248e-02  -3.1795300e-01  -3.1388541e-01   7.0068585e-02   7.2998472e-02   8.2193667e-01   1.0691581e-01   5.5096817e-01  -3.6277504e-01  -5.1657514e-01  -1.4087732e-01   2.7154273e-01  -6.6306001e-02   1.4899511e-02   1.8078777e-01  -8.6596361e-02  -2.5549383e-01   7.1976322e-02   4.4638862e-01   1.8179364e-01  -1.2798943e-01  -2.9533355e-01   1.0873944e-01  -1.1851964e-01  -2.8152756e-01   3.0428483e-01  -1.7997216e-01  -2.5798728e-01  -3.6626427e-01   1.0671425e-02  -3.4389151e-01   3.9654744e-01  -3.4729701e-01  -3.3185514e-01  -5.5851232e-01  -3.7513837e-01  -3.6394998e-01   2.1095576e-01   5.1327100e-01  -3.0658027e-02  -3.8659311e-01  -2.0896148e-01  -5.4141853e-02  -4.9329188e-01   1.0470253e-01  -1.4282916e-01   1.0305569e-01  -2.4965364e-01  -1.4546345e-01   2.8314020e-01  -1.0397783e-01  -5.5007829e-01  -3.5757140e-01   4.7651566e-01   5.1735378e-01  -2.9474043e-02  -1.6313811e-02   1.9729308e-01  -1.7460972e-01   2.3643326e-01   1.4268132e-01
  -1.9455009e-02   2.1577685e-01   5.7286238e-01   7.5457637e-02  -2.5375205e-01   0.0000000e+00   4.4611408e-01   4.0107904e-02  -1.5653958e-01   1.1713634e-01   1.0395293e-01   5.2587960e-01  -4.6535171e-02   1.8966914e-01   3.9496886e-01   3.5354304e-02   2.2006735e-01  -2.5075556e-01   4.4384053e-01   7.6767828e-02   8.0928356e-02   2.2647170e-01   2.7867783e-01  -1.8177039e-01  -2.0497770e-01   2.2869138e-01   5.3441792e-01   2.5199661e-01   2.4621162e-01   1.5562752e-01  -5.6369140e-02  -2.8568518e-03   1.8238228e-01   3.3219056e-01   3.5238000e-01  -2.5693362e-01  -1.7132953e-01  -1.7899972e-01  -2.5316471e-01   6.0935997e-01  -3.4928059e-01   2.8248622e-01   2.7842127e-01  -7.8245550e-02  -1.2584327e-01   4.6259832e-02   1.4036653e-01  -1.1211064e-01  -1.5298547e-01   3.8891799e-01   3.7811803e-02   5.4141096e-02  -1.5035172e-01   3.6105014e-01   7.0821581e-02   2.3646552e-02   5.8275876e-01   3.3305292e-01  -2.4356597e-01   2.8948173e-01  -5.3062633e-02   7.0389043e-02  -1.5248357e-01  -3.7577551e-02  -1.8704810e-01   8.1113813e-02   6.8934897e-01  -9.1275797e-02   3.5000110e-01   5.6638718e-01   4.1994445e-01   2.5482989e-01  -4.6203037e-01   4.2948771e-01   1.2094556e-01  -1.2176862e-01   3.2466496e-02   1.6710413e-01  -1.9123121e-01  -2.6653583e-01   5.4589687e-01  -3.6488936e-01   1.7575526e-01   2.1441456e-01   1.3182092e-01  -7.3943517e-02   3.3221650e-01  -2.2015330e-02   8.6172996e-02   1.0663007e-01  -4.3107478e-01   1.9293873e-01   4.4585976e-01   2.8512933e-01  -3.1156788e-01  -1.2726353e-01  -8.6574533e-02   3.5048407e-01  -2.5594293e-01   1.1711397e-01   2.5926336e-01   4.0266913e-01   2.0310342e-01  -3.5411326e-02   2.9047108e-01   2.3810645e-02   3.3469601e-01   4.2486132e-01   1.1788214e-01  -7.5330809e-02   4.8899976e-01   2.9047542e-01   9.2793664e-02  -1.0053515e-01   5.7575570e-01  -2.6190525e-01   1.5305652e-01  -1.4201644e-01   3.8661823e-01   2.0750129e-02  -4.0419646e-01  -3.0344998e-01  -4.6164123e-02  -1.3497070e-01  -7.7662055e-02   3.6685119e-01   1.2220664e-01  -2.8943145e-02   3.8838349e-01   3.8402617e-01  -2.7475693e-01  -2.0449571e-01   2.5086017e-01  -1.2592540e-01   1.8903359e-01  -1.7185114e-01  -2.1958916e-01   4.4937482e-01  -6.8228241e-02  -3.0095178e-01  -1.4798304e-01  -1.2316668e-01   1.1548645e-01   6.0789897e-01   4.0804773e-02  -1.5516338e-01   6.6769156e-01  -2.6237342e-01   4.3598025e-01  -9.5771372e-02   3.6089342e-01   1.9749181e-01  -9.7805759e-03  -6.7763861e-02   2.6908839e-01  -3.3126188e-01  -1.7409146e-01  -2.2326145e-01   5.1949328e-02   2.8387482e-01   1.8375311e-01   1.7870567e-01  -2.3128294e-01   2.9283969e-02   1.4894936e-01   1.2091173e-01   9.8044323e-03   3.6122497e-01   4.1694354e-02   7.6573281e-02  -7.4865497e-02  -4.3712036e-01   1.7947132e-02   4.3537321e-01   1.5724310e-01   6.9575583e-02   1.5346099e-01
  -2.1728312e-01   1.9356981e-01   1.9195003e-01  -1.7715074e-02  -1.1269593e-01   4.4611408e-01   0.0000000e+00  -1.1545683e-01   1.4571331e-01  -2.5149836e-02   7.3684032e-02   6.6064358e-01   4.6016078e-02  -8.1390155e-02   4.1351256e-01   7.2497658e-02  -7.8934532e-03  -2.1882466e-01   2.4493222e-01   1.3965348e-01  -6.0013197e-02   5.6299924e-02   2.9303094e-01  -2.0350278e-01  -9.8165558e-02   1.4584295e-02   1.7012434e-01   8.8913803e-02   1.0517840e-01   2.2475859e-01  -2.2033989e-01   1.3137623e-02   8.0036003e-02   5.1661987e-01   4.6874975e-01  -1.7817893e-01  -2.3842800e-01  -1.7635596e-01  -2.7905600e-01   6.4374932e-02  -4.6509921e-02   2.4722747e-02   3.8001715e-01  -1.6969973e-01   1.3420403e-01   1.0961193e-01   1.4010509e-01   1.4627549e-01  -2.4300379e-01   6.0163048e-02   7.4794940e-02  -1.5503213e-01   6.8343657e-02  -6.7452626e-03  -1.1126793e-01  -1.4957831e-01   3.9893940e-01  -2.4341079e-03   1.9405767e-02   4.5717729e-01  -3.2947810e-02  -1.0497851e-01  -1.1701685e-01  -1.8436828e-01  -3.5992600e-02   5.0232021e-01   8.8038747e-02  -1.9861551e-02  -9.0694166e-02   4.2814471e-01   1.7291628e-01   1.9314230e-01  -1.0402708e-01   1.9580011e-01   1.6038594e-01  -5.5224250e-02   1.0912238e-01  -2.9137749e-03   1.2477491e-01  -1.7541175e-01   3.6306185e-01  -6.7672823e-02   5.4746151e-02  -3.2645987e-02   8.1424247e-02  -5.0762268e-02  -5.8349856e-02  -7.1135733e-02   2.0311218e-01   4.2786064e-02  -8.8021837e-02   1.1745717e-01   3.8335190e-01   6.5981425e-01  -2.5485811e-01  -1.3756391e-01   1.6789494e-01   1.2787074e-01  -1.7856928e-01   4.3797046e-02   1.7699847e-01   4.3381101e-01   7.2630482e-02   7.9546817e-03   2.0897956e-01  -1.4368526e-01   1.0389417e-01   5.3255993e-02  -1.9755034e-01  -7.5924855e-02   2.0799571e-01   1.0559395e-01   1.8228230e-01  -2.1090343e-01   3.5670038e-01  -1.8502435e-01  -1.8902457e-01  -1.3596323e-01   1.7735282e-01   3.3701325e-03  -3.7022661e-01  -8.0425370e-02   2.1231918e-01   4.1485568e-02   6.3125878e-03   2.0435818e-01   3.3459534e-01  -9.9572545e-02   3.1504311e-02   2.3498609e-01  -2.0846933e-01  -1.9293587e-01   7.7019495e-02  -2.3267845e-01   1.6932849e-01  -2.1421017e-01  -1.6437724e-01   2.1096590e-01  -2.5489361e-02  -2.6605515e-01  -2.4554885e-01  -1.5272286e-01  -8.3537006e-03   4.5626819e-01   2.8329135e-01  -4.1589589e-02   5.1441319e-01  -1.4485939e-01   5.6320998e-01  -2.3786014e-01   1.3291740e-01   1.5666594e-02  -2.1779948e-02  -1.6704043e-01   8.3742905e-02  -2.2568114e-01  -6.2837881e-02   1.0889217e-01   6.8177561e-02   4.1063533e-01   2.6874765e-01  -5.5178541e-02  -2.0285407e-02  -1.3770485e-02   8.4834491e-02   4.4313788e-01   2.1623227e-01   7.7657363e-03   9.2172415e-02  -6.7004053e-02   3.9961622e-01  -3.5332963e-01   6.3799764e-02   2.4741343e-01   1.5700943e-01  -2.3404142e-02  -8.4889042e-02
  -1.9925636e-01   1.7059731e-01  -6.9495687e-02   4.0239265e-02   1.6508163e-01   4.0107904e-02  -1.1545683e-01   0.0000000e+00   3.1846050e-01  -3.4134723e-02   3.6651162e-02  -1.0440563e-01  -1.9511418e-01  -6.7513969e-02  -5.8209850e-02  -1.8216645e-01  -1.4492061e-01  -1.9263165e-02   3.9500395e-01   1.0130477e-02   3.1968206e-02   3.7597476e-01   1.8224377e-02  -1.4906211e-01  -2.0755708e-02   6.7198479e-01  -1.5562496e-01   3.6038789e-02  -7.9646733e-02   2.5841646e-01   2.3846232e-01   3.6667609e-01  -1.7322303e-01  -3.6388573e-02   2.0340293e-02  -3.8052109e-02   2.9368559e-01  -5.0819362e-01  -2.7121525e-01  -2.3014687e-01  -3.4461042e-01  -1.2858617e-01   1.8563654e-02   5.7265209e-01  -1.6203865e-01  -1.9399064e-01  -1.0379036e-01   3.6233828e-02  -4.3309329e-02  -4.0852730e-01  -1.1907547e-01   6.5482302e-01   9.8429519e-02  -4.4579416e-02   2.0838104e-01   4.7115297e-02   2.4966886e-01   1.4943698e-01  -1.9517502e-01  -3.2557683e-02  -3.1021984e-01  -1.6362312e-01  -6.7489100e-02   4.3965202e-01   7.2612085e-02  -1.6686691e-02   2.7830693e-01  -1.1625755e-01   2.3813542e-01   5.7117678e-02   5.5605589e-02   7.1403020e-02  -3.4036089e-01   3.3590343e-01   1.1194022e-01   6.5382203e-01  -3.3075392e-01   2.0698710e-01   1.2819516e-01  -4.4056937e-02   1.4712651e-01  -2.5032338e-01  -6.9687445e-02   5.1688731e-01  -1.2142669e-01   5.2827330e-01   1.9406298e-01  -3.8208290e-02   2.8965221e-02   5.0224279e-02   1.0552759e-01   9.9728559e-02   9.5317232e-02   8.5371516e-02  -4.9861882e-01   7.5734585e-02  -4.3828396e-02   5.5266518e-01  -3.4129960e-02   8.1293193e-02   1.0554953e-01   1.4091448e-01   2.7214024e-01   3.1286417e-01   1.8352519e-01   5.3018578e-01  -1.2615994e-01   6.6430399e-01   1.1458934e-02   8.2262218e-02   1.2921171e-01   1.1656376e-01   1.2585043e-01  -1.1280595e-01  -9.2830359e-02   2.2579560e-01   3.5230402e-01   6.6879714e-02  -8.2713575e-02  -7.9287241e-02  -1.1237100e-01   1.7732728e-02  -2.2276143e-01   2.5347017e-01  -1.1024184e-01   1.7855689e-01  -6.2680375e-02   1.0902291e-02   4.6875712e-01   3.3029830e-02  -2.8845964e-01   1.7571113e-02   4.9558692e-01   2.0244475e-01   7.8014006e-02   6.9170896e-01  -2.1546406e-01   2.5110122e-02   5.9544605e-01  -4.4319927e-01  -3.4094237e-01   7.5349732e-02   3.7935236e-01  -2.1578493e-01   4.9548247e-02   4.6750888e-01  -9.2204704e-02   5.9314623e-02   8.8142310e-02  -5.0159909e-03  -4.5900470e-02   2.8043634e-01   8.3464239e-03   2.3470904e-01  -3.3897239e-02  -2.5970320e-01  -2.4731899e-01  -3.2073894e-01   2.5481665e-02   1.6500473e-01  -2.2593776e-01   3.5352918e-01   1.0676259e-02   3.3786887e-01   2.9025249e-01   5.5121558e-02  -2.2800572e-04  -1.0297010e-02  -1.3141107e-01   2.7911447e-01  -8.0273578e-02  -4.3777453e-01   5.4947235e-02  -2.5137193e-02   1.3855506e-01  -1.4989277e-01   4.8121066e-01
  -4.5941595e-01   3.6353577e-01  -1.9663236e-01   2.6272189e-01   5.6520658e-01  -1.5653958e-01   1.4571331e-01   3.1846050e-01   0.0000000e+00  -7.8611646e-02  -3.0226699e-01  -2.0874719e-01  -2.0274591e-01  -4.2979549e-01  -3.6520754e-01  -1.9052113e-01  -1.8080891e-01   1.1570862e-01   1.2565219e-01   2.8947667e-01  -4.7432488e-01   1.4217566e-01  -4.3963221e-01  -1.5258406e-01   8.1988123e-02  -3.2908323e-02  -5.9396908e-02  -3.6172398e-01   7.5037882e-02   6.3031185e-01   5.3051096e-02   1.3225284e-01  -2.5984712e-01   1.7380426e-01  -1.5438057e-01   2.4442415e-01   3.9623760e-01  -3.4794775e-01  -3.8686957e-02  -1.2625350e-01  -6.2141367e-02  -2.1462739e-01   3.9611136e-01   3.3579838e-02  -8.0303675e-02  -3.6196245e-01  -2.8022571e-01   4.9291994e-01   5.0095084e-02  -2.4606155e-01  -4.8958158e-01   1.1907172e-01   7.0147393e-01  -4.2801444e-02  -1.0845446e-01  -4.7485573e-01  -2.2521414e-01  -1.9346097e-02   4.8010901e-02   2.1159466e-01  -3.4638522e-01  -4.0128664e-01   4.8501781e-01   3.3963802e-01   6.0865558e-01   2.0095898e-03   1.1227519e-01   4.2191770e-01  -2.2458133e-01  -2.3909238e-01   1.4185247e-01  -5.7129604e-02   1.6911315e-01  -3.2106455e-01   2.2399458e-01   5.1168843e-01  -3.5564297e-01  -7.1785930e-02   5.8719732e-01   1.1868581e-01  -2.7191690e-01  -2.3716898e-01  -4.8575929e-01  -1.4720951e-01  -4.9032575e-01   4.5218781e-01  -2.1592911e-02  -1.3173493e-01   5.7584112e-01  -4.7110806e-01   6.8957333e-01  -5.7417220e-02  -4.0269682e-02   1.0419532e-01  -1.8720235e-01   3.7587650e-01  -1.4184146e-01   2.3702989e-01   3.5745098e-01  -1.7315098e-01  -3.0534620e-01  -3.3435863e-01  -1.1609353e-01   7.3063724e-01  -3.4757954e-01   2.0703367e-01  -1.1530879e-01   1.2758874e-01  -2.6111718e-01   5.9139968e-01  -6.6989324e-02  -1.1403727e-01   3.5608811e-01  -3.4101156e-01  -3.7792560e-01   5.6782545e-01   6.1091454e-02  -1.1926182e-01  -3.1091475e-01  -8.0721962e-02   1.3347365e-01   5.4258449e-01   2.2943405e-01   6.9093586e-01  -4.3025104e-01  -3.3382500e-01  -1.5696389e-01   3.3038040e-02   1.8587093e-01  -7.3592897e-03  -1.3275337e-01  -1.1408601e-01   1.5590682e-02   6.4370150e-02   4.5920117e-01   5.1494080e-01  -2.2310337e-01  -2.4581032e-01   4.1969596e-01  -2.0515900e-01  -3.5581106e-01   1.4408490e-01  -1.5226250e-01  -2.1186455e-01  -2.5579520e-01   2.4536345e-01  -2.2060159e-01   5.1599114e-01  -2.5313287e-01  -1.7213389e-01  -5.0322125e-01  -1.5846411e-01  -2.1508797e-01   3.5161466e-01   3.4215035e-01  -1.7314977e-01  -4.0998845e-01  -2.1319049e-01  -6.2355498e-02  -1.3169674e-01  -1.0202063e-01  -1.6875319e-01   3.6460001e-01   4.1087187e-02   6.6092485e-02   1.7306177e-01  -6.6605253e-02  -4.9173963e-01  -2.6702307e-01   3.0279172e-01   3.7491679e-01  -1.7242741e-01   3.4248380e-01   1.2474314e-01   4.1991780e-02   5.7155057e-02   2.0688087e-01
  -1.4590575e-01  -1.3433779e-01   3.5679791e-01  -1.7571323e-01  -9.9914498e-02   1.1713634e-01  -2.5149836e-02  -3.4134723e-02  -7.8611646e-02   0.0000000e+00  -2.9144505e-01  -2.6980221e-02   1.7918669e-01   6.8880021e-02   5.5269544e-02  -2.4920969e-01   1.1715623e-01  -1.0019815e-01   6.4777455e-02   3.0547622e-01  -6.5148660e-02   3.6529566e-02   3.2091066e-01  -1.5529064e-02   1.8858058e-01  -1.0283805e-01  -1.5344132e-02   2.3458650e-01   4.4955552e-02  -2.1351140e-01  -3.3495608e-02   2.0987215e-01  -1.9230478e-01   3.6887816e-01   1.2507310e-01  -6.4156732e-02   7.0786056e-02  -1.0441348e-01  -4.0270267e-01   1.4681501e-01  -3.5469505e-02  -3.1360953e-02  -6.0478262e-02   4.6668908e-02  -1.5305651e-01  -6.2772931e-02  -3.5505218e-01  -2.8530397e-01   1.4638284e-01   2.0888770e-01   6.5083091e-02  -2.2135274e-01  -1.6259742e-01   2.3261643e-01   3.8002902e-01  -8.0812006e-02  -1.4298949e-01   1.5753670e-01   7.9259811e-02   4.6736961e-02  -1.1965592e-01   1.5688866e-01  -9.1789330e-02   1.2498390e-02  -1.5590039e-01  -9.3215752e-02  -1.4436014e-01  -1.8361175e-01  -3.1769189e-01   9.5835947e-02  -3.5377913e-02  -8.4227120e-02  -4.0068889e-02   6.5218758e-02   6.3050399e-02   5.6172199e-02  -1.9163836e-01   6.1896283e-02  -1.3425045e-01   3.1279960e-02   1.7858880e-01   1.5839095e-02   3.6464227e-02   7.6705201e-02   1.4734527e-03   5.6116251e-02   5.4385178e-02   1.0570847e-01  -8.8719370e-02  -1.4465428e-01  -1.7292248e-01  -1.9948001e-02   6.1312426e-01  -1.7152142e-01  -1.3872668e-03   2.1637264e-02   1.2622925e-01   1.2502248e-01  -2.5602150e-01   5.5612732e-01  -2.7112222e-03  -8.3535287e-02  -2.5190341e-01  -9.6842516e-02  -6.4894692e-02   5.9622954e-02   1.8695955e-01  -1.1354339e-01   5.2150097e-01  -8.0525036e-02   5.8076460e-01  -5.5870043e-02   4.6386245e-03  -5.1438709e-02   2.2211734e-01   4.6004842e-03  -1.2998632e-02   3.1763035e-01   7.9903946e-02  -8.4185695e-02   8.2007289e-02  -5.0957921e-02  -2.9776257e-02  -3.4989164e-02  -7.1335695e-02  -8.7223984e-02   1.8508753e-01   3.8935529e-02   1.0204024e-01   7.9614435e-02  -1.4283159e-02   1.0491449e-01  -7.8352281e-02   1.9558181e-01   9.5653827e-03  -5.8566896e-02   3.2215797e-01   7.6253752e-02  -7.7594214e-02  -2.5213097e-02  -1.5764891e-02   4.0874632e-02  -1.9310634e-01   1.0456587e-01   8.9739482e-02  -1.0625700e-01   3.3156407e-01  -2.8972052e-01   6.6351810e-02   1.9812835e-02   1.0875744e-01  -1.3059080e-01   2.9031789e-01   4.0321030e-02   1.0995001e-01   6.3707762e-02   6.7177287e-03   1.5980585e-01  -4.2439471e-02   2.6228093e-02  -9.0104276e-02  -9.4554019e-02  -1.3246492e-01  -2.6984504e-02   6.1754228e-02   2.5386076e-01  -1.0043956e-01   1.2908744e-01   3.7648584e-02   2.0571236e-01   6.5788988e-02  -8.2987024e-02  -1.5222436e-01  -1.9127855e-01  -4.5790212e-02   1.2705641e-02   1.0025357e-01
   3.3657289e-01  -1.1872343e-01   1.5733557e-01   9.2833397e-03  -2.6022452e-01   1.0395293e-01   7.3684032e-02   3.6651162e-02  -3.0226699e-01  -2.9144505e-01   0.0000000e+00   2.6921606e-01  -1.8111561e-02   2.2827069e-01   2.9244216e-01  -6.0183761e-02   3.2134535e-01   4.2583722e-01   1.4647798e-01  -1.8769183e-01   5.3497020e-01   1.7718323e-01   3.6308169e-01  -6.4080648e-03  -2.0465719e-01   4.6588829e-01   9.0632957e-02   2.1850653e-01  -2.0060531e-01  -1.3945260e-01  -4.7081984e-02   2.1416488e-01  -6.0262727e-03  -3.5612107e-01   2.4543168e-02   2.7351486e-01  -2.2592905e-01   6.9488639e-02  -2.4538515e-01  -2.4696349e-01   1.8106278e-01  -6.5049000e-02  -1.6679482e-01   4.6071267e-01   5.3846849e-01   5.7358361e-01   7.5256916e-01  -3.1772476e-01  -1.8551001e-01  -1.7319679e-01   5.9062224e-01   2.9031597e-01  -3.6195862e-01  -1.6547176e-01  -1.8241803e-01   6.0529948e-01   5.3453169e-01   7.0489749e-02   2.4694616e-01   1.0940834e-01   4.1986495e-01  -1.4680578e-01  -2.7331416e-01   2.2152787e-01  -2.1376683e-01   5.1110093e-01   1.1326907e-01  -1.7272680e-01   5.3574397e-01   3.4024154e-01  -2.5740212e-01   3.2308904e-01  -4.4751228e-04   4.0330616e-01  -2.4576026e-01  -7.6372932e-02   4.8471991e-01   1.2835658e-01  -4.3139486e-01  -2.5251392e-01   1.8236595e-01   4.3370778e-02   4.8697155e-01   2.9119565e-01   5.0119950e-01   1.2820571e-02  -2.2133598e-01  -1.2553277e-01  -2.9643220e-01   3.7606913e-01  -3.6353543e-01   3.1535900e-01  -2.8325061e-01   4.7037515e-01  -1.6023671e-01  -1.9584630e-01   6.2753292e-02  -6.6938169e-02   8.0953696e-03  -9.0503080e-02   3.5963049e-01   6.5199145e-01   6.0178704e-01  -2.0036772e-01   7.2995913e-01   1.0338367e-01  -4.8982139e-02   3.5924436e-01  -2.9063643e-01  -1.2748136e-01  -1.0432041e-01   4.0145184e-01  -1.8027281e-01   1.9013771e-01   1.2160876e-01  -5.1941605e-01   2.3236311e-01   5.0081363e-02   7.5665331e-02   2.4506139e-01  -1.1253967e-01  -4.1817514e-01  -1.7371565e-01  -3.1534475e-01   5.3551646e-01   5.0795011e-01   2.3495397e-01  -4.5617275e-01   1.0384122e-01   1.3518268e-01  -1.3925624e-01   4.1704888e-01   4.1215063e-01  -1.6163153e-01  -2.5878871e-01  -2.6978481e-02  -1.4177096e-01  -1.3232159e-02   1.3772194e-01  -5.4655436e-02   1.8354384e-01  -6.7941507e-02   7.3620528e-01   9.3656552e-02   2.9030096e-01   3.8035242e-01  -4.9655802e-02   1.0114011e-01   4.4723563e-01   1.0993106e-01   3.1083446e-01   4.0212103e-01   9.7045288e-02   2.0165466e-01  -4.7625050e-01  -3.7302946e-03   3.0101933e-01   3.2165823e-01   2.4419285e-01   3.3722023e-01   4.7276532e-02   5.8840534e-01   2.7846121e-01   6.4967316e-01   2.1502651e-01  -3.5584941e-01   6.4380519e-01   1.5876742e-01   2.7318341e-01  -4.2224043e-01  -2.8746984e-01  -9.9499829e-02   4.0676458e-01  -1.9752091e-01   4.5377190e-02  -7.3211706e-02  -3.7652918e-03
   2.7526010e-02   3.7888727e-01   5.7266213e-01  -1.2751233e-01  -2.2272895e-01   5.2587960e-01   6.6064358e-01  -1.0440563e-01  -2.0874719e-01  -2.6980221e-02   2.6921606e-01   0.0000000e+00   4.2562100e-02   2.2483622e-01   5.0141689e-01  -8.8479412e-03   2.5807787e-01  -1.6213262e-01   2.1360820e-01  -6.6512286e-03   9.7797589e-02   2.3159423e-01   2.1088020e-01  -3.5523139e-01  -9.2602754e-02   1.4333008e-01   1.8936458e-01   2.9579284e-01  -3.4281950e-02   1.8797564e-01  -2.7635250e-01   1.3450889e-01   1.7942381e-01   1.8098111e-01   2.7714883e-01  -3.7765071e-01  -3.2669335e-01  -1.4781602e-01  -3.3687271e-01   1.7159000e-01  -2.3547388e-02   7.9147157e-02   3.8583424e-01   7.0898077e-03   2.0282914e-01   2.2889805e-01   2.6411851e-01  -4.3353165e-03  -1.3359968e-01   2.2030474e-01   2.4513324e-01  -1.2195250e-01  -4.2309821e-02   2.0457893e-01  -1.8886265e-02   1.0718941e-01   4.5680607e-01   2.2586981e-01  -2.3742757e-02   5.1990421e-01   4.6852002e-02  -1.6561596e-02  -2.4282783e-01  -4.5253994e-02  -1.7621513e-01   2.7730381e-01   2.7122157e-01  -1.6091420e-01   1.1930500e-01   6.1643472e-01   3.7708169e-01   1.7164288e-01  -2.5859535e-01   4.2528854e-01  -4.3295788e-02  -1.3136473e-01   1.8190309e-01   1.7897238e-01  -1.0884716e-01  -1.9003212e-01   2.9418443e-01  -2.3290262e-01   2.8055796e-01   1.0526574e-01   2.7407498e-01  -1.8630243e-01  -4.8425548e-02  -2.0155886e-01   6.4231354e-02   1.9776732e-01  -3.2031172e-01   1.7727633e-01   2.8863445e-01   6.8829699e-01  -3.2983409e-01  -1.6701273e-01   9.3221466e-02   3.5480572e-02  -2.8883361e-01  -4.7175947e-02   2.8749666e-01   5.3816355e-01   2.6268554e-01  -1.4239307e-01   4.3852136e-01  -2.5180389e-02   3.5156700e-01   1.3968828e-01  -1.4829996e-01  -2.0242402e-01   2.4394176e-01   2.7445968e-01   5.1146378e-03  -5.6974756e-02   4.2858019e-01  -3.5146950e-01   7.7498602e-03  -1.4016427e-01   4.0481485e-01   1.1321933e-01  -3.5910996e-01  -2.2320034e-01   3.9064096e-02  -8.5690585e-02   8.7931850e-02   4.0508705e-01   3.5288367e-01  -6.4927834e-02   8.6759128e-02   4.6228928e-01  -1.9938240e-01  -3.1459585e-01   2.1507378e-01  -1.7674763e-01   1.2869415e-01  -2.9370743e-01  -1.3922291e-01   3.3075249e-01  -1.5023337e-01  -1.9186458e-01  -1.3145109e-03  -6.8266686e-02   1.5009222e-01   6.8717467e-01   2.5961191e-01   2.8966641e-02   5.5446567e-01  -3.0089866e-01   4.4442698e-01  -2.2428650e-01   3.3528932e-01   1.3491464e-01   1.6087062e-01  -2.0430152e-01   2.0376260e-01  -2.7668313e-01   1.4006444e-02   1.2354879e-01   1.2593222e-01   1.8193198e-01   1.9401486e-01   1.8848796e-01  -1.6213382e-01   7.9964192e-02   1.0053094e-01   1.4381153e-01   3.4890259e-02   2.6273842e-01   2.4940763e-01  -6.1438710e-02   1.4424866e-01  -3.5845542e-01  -8.2003628e-02   5.3297510e-01   1.6345990e-01   1.8896335e-02   7.1358535e-02
  -1.7025470e-01  -1.4805680e-01   1.5969082e-01  -3.5002904e-01  -3.1964629e-02  -4.6535171e-02   4.6016078e-02  -1.9511418e-01  -2.0274591e-01   1.7918669e-01  -1.8111561e-02   4.2562100e-02   0.0000000e+00  -3.3642372e-02  -1.6665223e-01   3.0169709e-01   9.7768668e-02  -1.4788738e-02  -1.2571029e-01   2.0703215e-02  -7.1570716e-02  -1.1742669e-01  -8.4287344e-02   1.6617472e-01   7.2970314e-02  -2.0069640e-01  -9.6419797e-02  -9.5397888e-02   6.6773188e-02  -2.3430991e-01  -3.9593436e-01  -1.6207438e-01  -8.8309130e-02  -2.3054833e-01  -1.4604299e-01  -9.3390062e-02  -1.6275538e-01  -1.0474441e-01   1.2809060e-01   8.8968633e-02   5.1746576e-01  -2.5038471e-02   2.5886480e-02  -9.4861986e-02  -8.9938340e-02   6.0102648e-02   1.5362310e-02  -2.5173323e-01   1.4945252e-01   1.1929417e-01  -9.8546058e-04  -2.2568604e-01  -2.2058923e-01  -1.1943325e-01  -2.0373037e-01  -8.6546677e-02   2.9242690e-02  -9.7110262e-02  -5.3324622e-02   1.1891764e-02   1.1858302e-01   4.4018592e-01  -2.1395542e-01  -2.2462070e-01  -2.5442912e-01   3.7607798e-02  -1.6969792e-01  -1.7917916e-01  -3.0353675e-01   1.0773051e-01  -1.7281930e-01   2.3539722e-02   7.5629816e-02  -1.5239631e-01   3.1630029e-02  -1.5916584e-01  -6.1109469e-02  -8.0922452e-02  -7.7865543e-02   1.6893418e-01  -6.2122065e-02   2.9728748e-01  -1.8493371e-02  -2.0914459e-02   1.0593029e-01  -2.1717927e-01  -3.0061514e-01   2.6166256e-01  -2.1300665e-01  -1.0896035e-01  -2.8584628e-03   1.0099014e-01   8.1166272e-02   7.4290395e-03  -1.3267332e-02   1.2949370e-01   5.6079877e-01  -7.2270437e-02  -5.3542622e-02  -2.9133075e-01  -1.0894166e-02  -6.9200307e-02  -1.9710974e-01  -2.7320446e-01   1.4252331e-02  -1.9416838e-01  -1.3421561e-01  -3.2120517e-01  -4.6884385e-03  -2.0906842e-01  -7.1266994e-02  -4.4406194e-02  -2.5673210e-01  -2.3695205e-01   3.3527301e-02  -1.6838911e-01  -2.2653154e-01   3.3100293e-01  -6.1052251e-02  -1.1624734e-01  -2.9301687e-02   9.6996767e-02   1.9143432e-02  -1.5278425e-01  -2.5661868e-03   7.5101669e-03  -1.9734462e-01   6.0186143e-02  -2.4713627e-01   1.2451202e-01   4.3481258e-01  -1.4798238e-01  -1.6208142e-01  -2.5158172e-01  -1.4903999e-01  -2.3510267e-01   2.0138440e-01  -2.0462807e-01  -2.0829526e-01  -2.5365105e-02  -5.8894526e-02   5.9908033e-01  -5.1071942e-02   1.3976169e-01  -1.4301762e-01  -7.8935565e-02  -4.4045012e-02   5.4322444e-02   1.0192994e-01  -2.6979976e-01   3.5540515e-02  -2.5440930e-01  -5.5717787e-02  -2.0665485e-01  -1.2595837e-02  -6.4023282e-03   1.4769346e-01   3.3315599e-01   1.0456439e-01  -1.3888962e-01   1.2136808e-01  -2.4554726e-02   4.4859636e-02  -1.7397870e-02  -1.9314391e-01   3.4934694e-02  -5.2236963e-02  -6.4621163e-02  -1.5305963e-02  -1.8152860e-01   1.0643809e-01  -2.1057051e-02  -6.0801004e-02  -1.3787733e-01   3.7571301e-01   6.6401594e-02  -1.1350135e-01
   5.4320204e-01  -9.6149410e-02   2.1194180e-01  -1.5499101e-01  -4.5568018e-01   1.8966914e-01  -8.1390155e-02  -6.7513969e-02  -4.2979549e-01   6.8880021e-02   2.2827069e-01   2.2483622e-01  -3.3642372e-02   0.0000000e+00   3.0509672e-01  -1.7940689e-01   1.0033157e-01  -1.7255418e-01   3.3258419e-02  -3.9507381e-01   3.6643788e-01   1.1692400e-01   3.1001165e-01   9.2674554e-02  -8.4363822e-02   1.7701266e-01   1.2545522e-01   5.9305553e-01  -9.5107503e-02  -1.1717738e-01   1.1347843e-01   1.5186176e-02   3.7389770e-02  -1.4345931e-01   3.1343433e-01  -1.8331549e-01  -1.4006226e-01   3.6790162e-02  -2.7279909e-01   1.0913658e-01  -1.0823869e-02  -5.9458114e-02  -2.2997151e-01   1.1107288e-01   4.3019673e-02  -9.1146628e-04   2.4955130e-01  -1.3703803e-01   3.3114852e-03  -4.4857172e-02   2.3501894e-01  -9.1299271e-02  -3.1917180e-01   2.4973610e-01   5.2167129e-01   2.4662208e-01   1.7968010e-01   3.6087628e-02  -1.0653804e-01   1.3990196e-01   1.1888404e-01   8.1380185e-02  -2.7932389e-01  -1.1278439e-01  -3.4363012e-01   6.3352100e-02   1.2067190e-01  -3.9530097e-01   2.1035470e-01   2.6363677e-01   1.9411559e-01   3.9433881e-02  -1.6647871e-01   3.7643309e-01  -1.7461243e-01  -2.6308477e-01   1.6181166e-01   2.9563293e-01  -4.5683209e-01  -2.4504907e-01   2.9409473e-01  -7.9550667e-02   3.1913621e-01   4.4453223e-01   5.2844928e-01  -1.1274758e-01   2.7697547e-01   1.4041515e-01  -3.3853422e-01   3.1276762e-01  -4.7828436e-01   1.4530930e-01   2.3226480e-02  -5.3356050e-02   5.0650194e-03  -3.5102051e-01  -3.1525565e-02  -1.3272126e-01  -2.7854267e-01   1.2908833e-01   4.1557610e-01   3.5316658e-01   2.4101520e-01  -2.3900935e-01   3.4250462e-01  -8.3638683e-02   3.5657179e-01  -3.5324202e-02   8.9963343e-02  -1.6276305e-01   3.7062290e-02   1.0053122e-01  -3.1525554e-01   2.2562299e-01   3.4625775e-01  -2.5262999e-01  -1.2092061e-01   2.8601202e-02   3.8137488e-01  -2.0887270e-02   7.9747436e-02  -4.3543766e-01   3.1783745e-02  -3.1801479e-01   1.0372825e-01   4.9319075e-01   3.3855844e-02  -1.6705805e-01   7.3111346e-02   5.9688583e-02  -2.2012944e-01  -2.3975921e-02   3.0535146e-01  -3.4968919e-02  -1.4055726e-01  -1.6939753e-01  -1.1579424e-01   3.0244831e-01  -1.6075956e-01   2.9508319e-01   6.5385065e-01   7.4821878e-02   2.0863278e-01   1.8751109e-01   1.4301406e-01  -5.2604922e-02   2.1120475e-01  -3.2796522e-01   2.1851582e-01   1.5828279e-01   5.0374836e-01   3.7456411e-01   3.7525606e-01  -2.2671380e-01  -2.0718011e-01   1.5336597e-01   2.5106924e-01   7.9030097e-02   1.1416776e-01   1.7175341e-01  -1.0062570e-01   1.0718204e-01  -2.0094820e-01  -7.7250269e-03  -1.2133886e-01  -1.8467206e-01   4.8700612e-02   5.0236565e-01   4.2952579e-01  -9.3531244e-02  -3.6506196e-01   9.3545274e-02  -1.0756997e-01   2.6712429e-03   1.0890136e-01  -1.2334549e-01  -2.0366883e-02
