   0.0000000e+00   2.8607028e-02  -1.4984734e-01   9.2496051e-02  -2.0170138e-01   2.7934809e-01  -1.6239263e-01   4.2749294e-01  -4.7828114e-03  -1.3205970e-01   4.8048312e-02  -3.2733607e-01   1.5560587e-03   4.4928328e-02   1.8464102e-01  -4.8903164e-01   1.1115651e-01   1.6540203e-02   2.6819344e-01  -2.4046074e-01  -3.2163421e-01   2.0408509e-01  -3.8819624e-01   7.8126089e-01  -1.1325155e-01   3.2678740e-01  -4.4137724e-01   4.6833639e-01  -4.5566183e-01   8.2179788e-03  -1.1214674e-01   1.6827040e-01  -9.8755117e-02  -6.7796933e-02  -2.3156940e-01  -3.3762299e-01  -1.3775807e-01   2.2808931e-01  -5.9093297e-01  -4.6940219e-01  -2.4747667e-01   5.4073691e-02  -1.2062219e-01   4.4696053e-01   4.5990928e-02   8.3512636e-01  -4.0244362e-01  -2.8328393e-01  -2.4895550e-01  -3.2296307e-01   7.8114889e-02   4.4193275e-01  -2.7101882e-01  -3.2794278e-02   2.8773344e-01   5.1636035e-01   2.8203096e-01   1.3185377e-01  -1.4828348e-01   4.7321523e-02   5.1426922e-01  -6.1008311e-02   1.2277860e-01   3.1892828e-01  -3.6180097e-02   9.8086362e-02   1.5287845e-01  -1.4781310e-01  -3.8940267e-03   3.4017745e-01  -2.8804552e-01  -3.2876948e-02  -3.3767558e-01   3.7136400e-01  -2.4935065e-02   3.9552347e-01   6.6949883e-01   2.4765660e-01  -5.9752727e-02  -2.5380917e-01  -5.0241967e-02  -3.1741851e-01  -1.9293560e-01   4.4434369e-01  -1.2777995e-01   3.7591013e-01  -1.7611197e-01   3.5792760e-01  -1.1368271e-01   7.6774008e-01  -2.5600336e-01   5.0968512e-01  -2.7006460e-01  -9.1272199e-02   5.0058539e-01  -1.7291295e-01  -1.8065508e-01   4.3685748e-01  -2.5710722e-01   1.1688010e-01  -4.2124443e-01   4.0135938e-01   2.2312211e-01   1.9260901e-02   1.7169225e-01   2.0517665e-01  -8.0354334e-02   4.1580082e-01  -1.9790200e-02  -3.3264639e-01  -3.3401756e-01   1.4899915e-01  -9.5551769e-02   8.5834068e-01   1.0242682e-01  -7.2625029e-02   4.1029510e-01  -2.2380058e-01   1.2724900e-02   2.5096160e-02   7.6235023e-01  -2.5424859e-01  -2.7884412e-01   1.5760360e-02   8.4815308e-01   3.8393857e-01  -3.5584192e-02  -5.6738605e-02   3.1843768e-01   7.3888161e-02  -4.7022484e-01  -2.7325937e-01   4.3135142e-01  -2.3887871e-01  -1.9118659e-01   4.3628566e-01  -2.0530578e-01  -3.6741554e-01   3.9457149e-01   8.4574708e-02   6.4470843e-01   3.2577163e-02   2.8159429e-01  -1.6067718e-01  -1.3127199e-01   3.2144146e-02  -3.7375888e-01  -1.0253768e-01   5.0385755e-02  -2.6012209e-01   3.9896981e-01  -7.2316702e-03   3.9628756e-01  -2.1516255e-01  -4.7504433e-01   6.5935149e-01   7.3924819e-01  -2.8248786e-01   4.4873731e-01   1.4729850e-01  -1.7061773e-01   3.0509937e-01  -3.9138534e-01   1.7475107e-01   8.6821246e-02  -1.1593271e-01  -1.5684233e-01   3.8504027e-01   5.3021980e-01  -3.3394489e-01  -1.2586567e-01  -4.1622249e-02  -1.6824202e-01   3.5385901e-03  -4.7674293e-02  -3.4036710e-01   1.5184845e-01
   2.8607028e-02   0.0000000e+00   1.8898156e-01   1.3254614e-03   4.4777283e-01  -9.7446964e-02  -1.8350826e-01   4.1923932e-01   5.7284834e-01  -1.2077700e-01   4.3041226e-01   3.6979988e-01  -1.5817707e-01  -1.1412855e-01  -2.9320250e-02  -8.5889996e-02   4.2929518e-01   4.4469920e-01   2.2337836e-01   3.7491397e-01  -1.8632630e-01   5.9441015e-01  -1.1601870e-01   1.5168065e-01   1.7653159e-01   4.3717481e-01   2.4248427e-02  -3.0096255e-01   1.8579824e-02   6.6825057e-01  -4.9735430e-02   6.0093463e-01   1.1817931e-01  -2.4229229e-01  -9.0306263e-02  -6.6046838e-02   1.1104230e-01  -2.5806352e-01  -5.7987717e-02   1.5136886e-03   6.0599786e-02  -3.9036279e-02   4.3865295e-01   4.4146743e-01  -6.9718278e-02  -1.6996123e-01  -1.4516920e-01   4.0975414e-01  -4.3574348e-02   2.5786850e-01   1.6560205e-01   2.2227241e-01   1.7951839e-01   1.9234623e-01   1.9318760e-01   2.1437356e-01   2.1454827e-01   5.8703633e-01   4.2596533e-01   4.3499923e-01  -1.9346926e-01  -1.0369761e-01   4.2137933e-01   4.4669241e-01   4.9072753e-01  -1.7349451e-01   1.5550664e-01   1.9893952e-01   2.6490168e-01  -4.8621308e-01   2.9870842e-01   1.7637181e-02  -3.1579266e-02   2.5116542e-01   3.2580700e-01   4.3261903e-01  -4.6815221e-02   4.2365716e-01   5.1953447e-01   1.8290393e-01  -3.2042064e-01  -1.3611508e-01   2.6451790e-01   3.2488250e-01   2.0664587e-01   4.3119890e-01  -4.8352626e-02   1.6608048e-01   3.6195071e-01   1.0272163e-01   2.4222058e-01  -8.0653696e-02  -4.5153733e-02   4.4369342e-01  -3.8147194e-01   1.2132194e-01   1.9474559e-02   3.6222550e-01   1.6279626e-01  -3.7954409e-01  -1.1087760e-01   2.3750345e-01   3.1168163e-01   6.5985874e-01   4.3233576e-01   6.3767179e-01   1.5893062e-01   4.2286818e-01  -1.4559482e-01  -1.8821679e-01   3.5632412e-03   4.5710418e-01  -3.2010828e-02  -1.3312472e-01  -2.3834582e-01   2.7125536e-01   3.6289803e-01   3.2830578e-02  -1.8823578e-01   3.4617887e-01  -9.1779582e-02   2.8666100e-01   2.2681421e-01   5.0205202e-01  -6.3252109e-02   2.4141251e-02   2.3611158e-01   2.0152366e-01   5.3876559e-01  -3.3236477e-01  -1.6814564e-01   1.8687870e-01   6.7688151e-01   2.8521485e-01   6.1054724e-01   3.5654455e-01   1.1390450e-02   4.4043133e-02   3.4961116e-01  -8.8391197e-02   3.1343751e-01  -2.9417033e-01   5.5486218e-01  -4.1658704e-01   3.4627931e-01   2.5506141e-01  -1.0552600e-01  -1.8697733e-01  -1.0597367e-01   5.3722813e-02  -2.3088794e-02   3.1706179e-02   1.0618271e-01   4.4392583e-01   7.7116199e-02  -5.0368505e-02  -1.3633580e-01   2.0524455e-01  -4.1754019e-03  -7.5356107e-04   2.5677349e-01   5.3619312e-01  -1.1320644e-01   4.2760061e-01   5.5591010e-01   1.0232712e-01   3.5465925e-01   9.2424094e-02   1.0940529e-01  -4.0479505e-02   2.0921552e-01  -2.8460314e-01   8.8303834e-02  -1.5899018e-01   1.8155680e-01   2.1026059e-03   6.2049220e-01
  -1.4984734e-01   1.8898156e-01   0.0000000e+00  -1.8425511e-01  -3.8096369e-02   2.7289949e-01   1.2666542e-01  -1.1841650e-01   4.1965252e-02   3.2036827e-02   1.7590392e-02   5.5841512e-01   7.6131887e-02   3.3301205e-02  -8.4106516e-02   3.0299015e-01   6.1428254e-01   3.3496426e-02  -7.2120296e-02   4.9480855e-02   2.6454921e-02  -1.9908553e-02   3.6180944e-01  -2.2866881e-01   9.7487379e-02  -1.6626675e-01   3.0316210e-01   3.4000247e-03   1.2165301e-01   9.5088636e-02  -2.4097639e-01  -9.0222160e-02   4.0658411e-01  -1.7648824e-01   1.2222068e-02  -1.5691605e-01  -2.6934731e-01   1.5630302e-01   2.3553336e-01   2.8414157e-01   1.5229173e-01   3.7683555e-01   1.2196571e-01  -1.7073338e-01  -1.1240210e-01  -3.1141183e-02   4.4038524e-02   5.0043977e-02  -1.9261721e-01   4.3809598e-01   2.7632934e-01  -4.9683359e-02  -2.8669248e-01   8.2380671e-02   7.7008897e-02  -1.2660958e-01  -2.0171495e-01  -1.0103663e-01   2.9866279e-02   1.0122567e-01   1.0609672e-01   4.0185171e-02   6.7970818e-02  -1.7107683e-01  -3.2476926e-01   7.0107133e-02  -3.2098906e-02   1.3174387e-01  -8.3563071e-02   3.4887894e-01  -8.5398222e-02  -6.4876143e-02   1.7863329e-01   2.6530337e-01  -3.4281599e-02  -2.0287509e-01   1.6708348e-01  -2.5171001e-01  -1.9427066e-01   2.1442872e-01   1.9173708e-01   2.3817764e-01  -1.3304232e-01  -1.5921934e-01   3.7196388e-01  -2.3990283e-01  -1.3455586e-01  -4.7347601e-02   9.1064447e-02   2.4653402e-02  -3.6663811e-01   2.1732344e-01   1.8665474e-01   1.7769655e-01   2.2247931e-02   1.1653996e-02   1.7817957e-01  -1.8580996e-01   6.4018809e-03  -6.6872804e-03   2.8590946e-01  -5.5032600e-02  -1.0589058e-01   1.2988289e-01   3.9770362e-02  -1.2974047e-01   3.2437473e-01  -1.8391847e-01  -3.7068630e-02  -4.2178107e-02   2.2570392e-01   4.4893844e-02  -7.9591638e-02  -4.9736852e-03   2.9142873e-01  -4.1859830e-01  -2.3039366e-01   2.7305282e-01   2.6334193e-01  -2.9292528e-02  -1.3303789e-01  -1.4422541e-01  -1.2137363e-01   7.9144216e-03  -6.8853244e-02   8.9856365e-02  -1.8973658e-02  -5.4833942e-02  -5.8475659e-02   5.7450172e-01   2.4617075e-01  -2.8328253e-01  -2.5658999e-02  -3.2164797e-02   2.5630022e-01  -2.6626253e-01   2.5150233e-02  -2.2029603e-02  -2.7793038e-01   5.7973893e-02  -1.7076550e-01  -1.1175068e-01   1.2850050e-02   3.3601929e-01   1.9286506e-01  -1.1821676e-01   4.1191204e-01  -6.1121403e-02  -6.8169089e-02  -2.9418247e-01   3.3528677e-01  -5.0548063e-02   2.1671005e-01  -3.2267280e-02   6.0924222e-01  -1.5951837e-01  -7.2334115e-02   1.0681912e-01   1.6246466e-01  -3.6213624e-02   2.8350274e-02  -9.9063703e-04   1.8380136e-01  -9.2021694e-03  -8.0409821e-02  -1.4195439e-01   1.0005912e-01  -2.4094671e-01   1.3495718e-01  -1.0115758e-01  -3.7604081e-01   2.5605782e-01   1.9247154e-02   2.7204797e-01  -1.1055502e-01   2.0896773e-01  -1.1001939e-01
   9.2496051e-02   1.3254614e-03  -1.8425511e-01   0.0000000e+00   2.9401232e-02   1.2946511e-01   1.3844242e-03   1.6190857e-02   2.4562317e-01  -3.1537627e-01  -1.2286987e-01  -8.4568710e-03   2.6263172e-02   1.6351535e-03  -9.4220961e-02   9.5905611e-03  -1.9110228e-01  -1.8576817e-01   1.5531849e-01  -7.4507532e-02  -9.2561397e-02   1.4316342e-01  -1.0614869e-01  -2.8577790e-02  -2.4689602e-01   2.0642569e-02   7.4923602e-02  -1.3756516e-01  -6.3736713e-02   2.2350109e-01  -1.0182920e-01   1.0620121e-01  -8.4617275e-02  -1.5130680e-01  -5.8767755e-03   4.3841980e-02  -2.1586386e-01   1.4217958e-01   6.0549196e-02   4.0366768e-04  -6.5695393e-02  -9.1974457e-02   1.0737745e-01  -1.0574478e-01   8.8494567e-02  -6.3384094e-02   6.6433754e-02   1.0611998e-01  -2.8997146e-02  -2.0832362e-01  -8.0390274e-02   2.8481787e-02  -1.1844645e-02   3.3790721e-02  -2.2959240e-02  -5.2902038e-02   9.5678406e-05   1.4464379e-01   7.8142808e-02   1.6063840e-01   5.1837927e-02   6.9886568e-02   1.4658080e-01  -6.1175067e-02  -3.1286711e-02  -1.3168036e-01   2.8251536e-01   1.8996248e-01   3.1379647e-01  -1.3399092e-01   2.3367979e-02   4.8002076e-01  -3.3776485e-02   3.7689610e-02   2.4544774e-01   9.6680194e-02  -5.9575166e-02   2.4018461e-02   7.1877199e-03   9.9136029e-02  -2.1085650e-01  -1.2551387e-01  -3.6019840e-01   4.5718287e-03  -1.4164389e-01   1.1352447e-01  -8.2797425e-02  -1.7163067e-01   6.5510322e-02   1.6102142e-02   2.0484837e-03   5.1125365e-02  -1.8968950e-01   2.9896031e-01   3.2966408e-02  -1.5571636e-01   1.6351002e-01  -8.3661284e-02   3.6522986e-01  -1.2385734e-01  -1.4688657e-01  -2.1720440e-02   2.0813441e-01   5.7079230e-02  -7.6251452e-02   1.5726847e-01  -6.5098867e-02   1.2984396e-01  -7.5761295e-02  -1.9283466e-01  -2.8635031e-01   4.5144580e-01   6.3651168e-01   1.0843364e-01  -9.0277817e-02  -1.1675013e-01  -3.5843518e-02   2.4784594e-02  -1.9913443e-01   4.9860902e-01   3.0087196e-02  -8.2597531e-02  -5.6019794e-02  -1.8362307e-01  -1.3589202e-02   9.6161210e-02  -1.9228268e-01  -8.9297015e-02   1.7574603e-01  -2.4181208e-01  -1.1348043e-01  -7.7627883e-02   1.1634166e-01  -5.9456115e-02   1.0278269e-01   1.5743438e-01   1.9101638e-01  -9.5138302e-02   2.0014106e-01   1.7011324e-01   2.2733317e-01  -5.7363063e-03  -1.0172882e-01  -1.7708373e-01   7.5148903e-03  -6.1609155e-02  -9.9206588e-02   3.9525805e-02   5.7809840e-03  -1.6073842e-01  -4.0676499e-02  -4.1411429e-02   8.8563426e-02  -3.7643543e-01  -1.2398035e-01   1.9096042e-02   1.5912686e-01   2.3046674e-02   2.9957813e-02   2.0192490e-01   2.2713027e-01  -7.4062601e-02  -2.1767856e-01   7.6636424e-02   3.6600775e-01  -1.3095119e-01  -2.6333692e-01   8.3866352e-02   1.0299522e-01  -2.2655961e-01  -1.2716084e-02  -1.4821130e-01   2.1755324e-01   5.5391789e-02   2.5174371e-01   1.1485933e-01   2.5160267e-01
  -2.0170138e-01   4.4777283e-01  -3.8096369e-02   2.9401232e-02   0.0000000e+00  -2.3655416e-01   2.0055781e-02  -4.7798582e-02   6.3447101e-01   6.1130106e-02   2.7489461e-01   2.7960056e-01  -1.1057034e-01  -3.5990340e-01  -3.3147577e-01   8.1634715e-02   9.8024477e-02   2.7141704e-01  -3.0378486e-02   8.8092422e-01  -3.9976296e-01   1.6377732e-01  -1.9296745e-01  -2.2259203e-02  -1.0799803e-01   2.9253039e-03   4.1177273e-01  -5.2234393e-01   2.6363809e-01   2.2392813e-01  -3.2197378e-01   1.0937064e-01   2.0613756e-01   5.4425465e-03   2.5992304e-01   6.3136066e-01   7.2236169e-02  -8.9821955e-02   1.8005570e-01   1.3632181e-01   8.8842175e-02   1.6404388e-01   4.2889584e-01  -6.0824023e-02   1.7887664e-01  -3.2468772e-01   3.4900428e-01   5.6309911e-01   9.7411355e-03   2.4857202e-01  -5.9602019e-02  -4.2960870e-02   3.7839470e-01   7.6275261e-02  -8.6763686e-02  -2.7580315e-01  -9.7767121e-02   1.0413252e-01   5.4949705e-02   1.0319518e-01  -1.8281661e-01   1.8401658e-01   3.4711639e-01  -5.3632399e-02   5.2507623e-01   4.7330301e-03  -6.4665203e-02   2.3480796e-01   1.0474187e-01  -5.1324100e-01   4.2143917e-01   8.2508389e-02   2.1172477e-02  -1.4388235e-01   7.0497574e-02   4.0545116e-03  -1.6826105e-01   5.0179791e-03   7.6606694e-01   1.3785919e-01  -5.0336912e-01  -8.0191104e-02   3.1169761e-02  -1.5859377e-01  -1.6033776e-01  -2.2958854e-02  -4.3914677e-02  -4.0903676e-02   2.3452954e-01  -2.6810871e-01   4.8766323e-01  -1.4936014e-01   1.7021855e-01   4.9848253e-01  -1.8639071e-01   4.7705920e-01  -2.8656025e-02  -5.6010202e-02   4.5921936e-01  -3.8109072e-01  -3.0527455e-01  -2.1631916e-01  -2.3915391e-01   4.9249358e-01  -4.7674220e-03   2.1418354e-01  -6.3989302e-02   2.6078666e-03   6.3959310e-02  -2.0753791e-01   2.1067118e-02   1.0675424e-02   6.3377423e-02  -3.1569416e-01  -5.4192308e-01   5.5171081e-01  -5.4572660e-03   2.7522456e-02  -5.3108558e-01   2.3159422e-01  -1.5412773e-01   5.8528646e-01   3.3356485e-01   2.8692655e-01  -3.1661889e-01  -3.4604863e-01   1.9009080e-01   1.1406806e-01   1.2736828e-01  -4.5398728e-01   1.8278268e-02   5.1591570e-01   1.8495095e-01   1.4831067e-01   3.7704414e-01  -5.1787553e-02   1.3992368e-01  -9.3849791e-02  -4.1130557e-02   8.4403226e-02  -1.3048194e-01  -2.0500688e-01   6.2115791e-02  -3.6059240e-01   1.5781461e-01  -2.8276811e-01  -6.8238300e-02   1.1195196e-01  -2.9345552e-02  -3.2373574e-02  -3.9800545e-01  -3.9172071e-01  -1.1062748e-01   5.0296407e-01   1.9862381e-01   2.8192836e-02  -1.9495268e-01   9.0349575e-02  -7.6734259e-02  -3.0020695e-01   1.6408444e-01   5.2416232e-02  -7.2536262e-02   6.5831874e-02   2.1312120e-01   3.4912760e-01   4.6847728e-01  -2.5647284e-01  -9.4209663e-02   9.3302855e-02   4.8878516e-01   1.9531331e-02   2.9796438e-01  -2.2827738e-01   7.2576382e-02   2.9561779e-01   2.0668919e-01
   2.7934809e-01  -9.7446964e-02   2.7289949e-01   1.2946511e-01  -2.3655416e-01   0.0000000e+00  -3.0318677e-02   1.3503701e-01  -1.3878707e-01  -2.3372225e-01   2.5583470e-01  -1.3764566e-02  -6.0644366e-02   3.6145879e-01   2.3654907e-01   1.2810709e-01  -4.7369874e-02   2.7884749e-02   3.1392885e-01  -1.5620855e-01   1.3387223e-01   1.0772333e-01  -9.2118269e-02   2.7960433e-01   1.9314325e-02   1.6231132e-01   1.7066368e-01   3.2323841e-01  -2.3475708e-01   6.3121291e-02  -1.5772990e-01   6.9301214e-02   1.1412542e-01  -1.0780934e-01  -1.2485517e-01  -1.7452458e-01  -5.2463058e-01   1.6561131e-01  -1.2020730e-01  -1.9936601e-01  -1.6099679e-01   2.2500638e-01  -3.3359257e-01   1.6074536e-01   2.1995795e-01   3.1379518e-01   2.3054065e-01  -2.3754436e-02  -2.0217574e-01  -3.9222154e-01   3.4947878e-01   2.6043077e-01  -5.1741762e-01  -1.8067960e-01   3.0730360e-01   3.8912806e-01   1.1740167e-01  -3.0682225e-02   3.1470137e-02   2.9302340e-01   7.2120464e-02   8.6565431e-03  -9.8048659e-02   4.1071113e-02  -3.6370600e-01   5.2859819e-01   4.4570516e-01   1.0732177e-01   4.2949352e-01   6.0840464e-01  -5.6150625e-01   2.6806613e-01  -2.7605635e-01   2.7894576e-01  -1.2046747e-01   1.2263099e-01   3.4957678e-01  -5.7249056e-02  -3.6989654e-01  -2.2986161e-01   3.7891038e-01  -9.7643113e-02  -3.2470304e-01   1.9005542e-01   1.6262897e-01   1.0056377e-01  -2.7354594e-01   2.3680671e-01   7.6111311e-02   3.0654586e-01  -6.1964036e-01   1.3710810e-01   1.6729569e-01  -1.1629685e-02   2.8336871e-01  -4.3944797e-01   6.6118583e-02   1.1292319e-01   9.2755707e-03   2.5331142e-01  -5.5956498e-02   4.7739264e-01   2.6257815e-01  -6.8156653e-02   3.1884215e-01   4.4777894e-02  -8.7386706e-02   2.0783678e-01  -1.9087175e-01   5.2613000e-02  -2.3891372e-01   3.2050091e-01   3.6196189e-02   4.5342118e-01   3.4340891e-01  -4.0969411e-01   6.2038953e-02  -1.5519033e-01   4.9990661e-01  -1.3740496e-02   2.5984472e-01  -5.0060012e-01  -2.6998757e-01  -1.6756454e-01   3.2760196e-01   2.6384795e-01   1.5931722e-01  -3.1385892e-01   1.6334084e-01   4.9309904e-01  -8.1407168e-02  -2.3347011e-01  -1.4040584e-02  -5.0033132e-01  -3.0095394e-01   7.9461287e-02  -3.8348870e-01  -2.3122059e-01   8.0913644e-02   2.2743851e-01   2.9609783e-01  -1.3305429e-01   2.1797789e-01   5.0131433e-01   1.7890886e-01   1.7955358e-01  -1.6895331e-01   3.3798975e-01   4.1963192e-01  -5.4054523e-01   5.1824843e-01   2.3798097e-01   1.9344708e-01  -1.6035928e-01  -6.6859662e-03   3.4047619e-01   3.8039109e-01  -1.4745295e-01   2.9058250e-02   3.5298714e-01   1.3374919e-01   2.8599129e-01  -2.1931961e-01   2.9238396e-01  -1.4025249e-02  -3.0136307e-01  -1.0207622e-02   3.6829210e-01   2.0788811e-01  -3.0023563e-01  -3.2399953e-01   2.9516617e-01   1.4746224e-01   6.6693884e-01  -2.3487074e-01  -1.9428711e-02  -6.4821977e-02
  -1.6239263e-01  -1.8350826e-01   1.2666542e-01   1.3844242e-03   2.0055781e-02  -3.0318677e-02   0.0000000e+00  -4.3245767e-01  -1.2550319e-02   6.2214982e-01  -1.0303022e-01   4.4068648e-01  -2.3703407e-01   2.1172789e-01   7.1487223e-02   1.7658017e-01  -2.9832028e-01  -9.6960327e-02  -2.0875015e-01   2.9493880e-01   2.5313893e-01  -3.4423927e-01   4.8799991e-01  -2.0302257e-01  -1.3975199e-01  -3.8618112e-01   4.7006257e-01   2.7238146e-01   3.5561055e-02  -3.5603770e-01   5.6634658e-02  -4.7124119e-01  -1.9767522e-01   8.1350866e-01   6.7811395e-01   4.9803966e-01   2.6304369e-01   9.7774733e-02   9.8524503e-02   4.0919602e-01   4.3191595e-02  -1.6255934e-01   1.7553223e-01  -4.1836018e-01   2.6538261e-01  -2.5627327e-01   2.4479327e-01   4.5356103e-01  -1.0142517e-01  -1.3479966e-01  -1.3795926e-01  -3.6903140e-01   4.3785053e-01  -2.7589757e-01  -2.4248975e-01  -4.0755428e-01  -3.4590865e-01  -3.7656935e-01  -1.3309130e-01   7.0038393e-02  -2.3091042e-01   5.1055528e-02  -2.1624623e-01  -3.7848657e-01  -7.9130216e-02   4.3397113e-01  -2.1477018e-01  -3.5354959e-02  -1.9393338e-01   1.2424153e-01   2.5871343e-01  -6.6288810e-02   3.1578762e-01  -2.4867139e-01  -2.7427691e-02  -3.4421783e-01  -1.6330449e-01  -2.6843014e-01  -8.9283810e-02  -3.0755025e-01   4.8465954e-01   3.6749507e-01   4.6408143e-02  -2.4815600e-01   1.5567144e-01  -4.0482673e-01   3.5540800e-01  -8.4993643e-02  -1.7548840e-01  -2.4506831e-01  -1.1183366e-01  -2.8142077e-01   3.1009607e-01   4.8483687e-02  -6.9561463e-02  -5.9723849e-02   1.5474184e-02  -3.9679239e-01   1.0861591e-01   4.3898951e-01   2.0006845e-01  -1.6306932e-01  -3.2257450e-01  -9.6147420e-03  -3.1327029e-01  -4.2057172e-01  -2.1209072e-01  -4.1527911e-01   3.1872388e-01   2.3668268e-01   6.2971529e-01  -2.8594602e-01  -9.8435239e-02  -1.4748464e-01   2.8280644e-01   1.3202615e-01  -4.3521616e-01   1.6102196e-01   7.5257868e-02   5.3678311e-02  -1.1581564e-01   2.6743397e-01   8.9142971e-02  -3.5738878e-01  -2.8614008e-01   1.5149073e-01   1.2974087e-01  -3.5689835e-01  -3.5885511e-01   8.4169604e-02   1.1776375e-01   4.7722961e-01  -3.5311396e-01  -2.4127860e-02  -2.3350484e-01  -4.1908017e-01  -3.2934797e-01   4.7473486e-01  -4.0978263e-01   3.9586379e-02  -2.3740861e-01  -2.7320574e-01  -3.7372442e-01   1.6082920e-01  -5.0515695e-02  -1.0384279e-01   6.6875030e-01   2.5946173e-01   2.4736099e-01   2.1545080e-01  -1.1611510e-01   2.1075885e-01  -2.2849638e-01   6.4678593e-02   1.2278536e-01  -1.9265813e-01  -2.3393857e-01  -4.9259531e-02  -3.3843982e-01   1.3688713e-01  -2.3340430e-01  -3.5051570e-01   7.5487383e-02  -3.9336528e-01  -4.4664284e-01   6.2989908e-01   2.8488616e-01  -2.6613838e-01  -3.3340403e-01   2.3518775e-01   4.4686871e-01   3.7882412e-02   4.8892265e-02  -1.4560001e-01  -2.6066915e-01   1.8636241e-01  -3.9772182e-01
   4.2749294e-01   4.1923932e-01  -1.1841650e-01   1.6190857e-02  -4.7798582e-02   1.3503701e-01  -4.3245767e-01   0.0000000e+00   6.3142320e-02  -2.1033326e-01   3.2517639e-01  -2.5872673e-01  -3.6500506e-03  -5.2327542e-02   2.4501941e-01  -4.5511002e-01   3.0430557e-01   2.6163735e-01   6.1732362e-01  -2.4899588e-01  -1.6018655e-01   6.2978320e-01  -1.5444863e-01   4.8306097e-01   7.0083853e-02   7.9372764e-01  -4.7075743e-01   7.5630624e-02  -3.4611451e-01   5.3985829e-01   2.3512383e-01   6.3618431e-01  -1.0145832e-01  -4.2859789e-01  -4.8460467e-01  -4.7606790e-01   3.4402586e-02  -2.1084165e-01  -5.4587191e-01  -3.2346234e-01  -1.7710911e-01  -1.1464634e-01  -1.8758678e-02   8.1073086e-01  -2.1375655e-01   2.8013859e-01  -4.8236795e-01  -2.3598259e-01   1.1810471e-01   4.9691793e-03   2.2787583e-03   8.8026276e-01  -2.5250843e-01   1.9632093e-01   2.3055048e-01   7.0806287e-01   7.7170954e-01   6.3187275e-01   4.4292256e-02   1.6177345e-01   1.0454362e-01  -2.4013646e-01   2.2285925e-01   7.9467657e-01   2.9717775e-01  -2.7505395e-01   3.9396284e-01  -8.4117686e-02   3.6177097e-01  -1.7328201e-01  -1.4216364e-01  -5.6048554e-02  -3.4736355e-01   3.2532316e-01   3.0226856e-01   7.5733066e-01   1.5729784e-01   6.6625820e-01   1.0338736e-01  -1.1147779e-01  -1.3776287e-01  -4.0570445e-01   2.2265367e-01   7.6696258e-01  -1.2165840e-01   7.5053907e-01  -2.1980367e-01   2.7466780e-01   1.3084883e-01   2.8941982e-01   4.1534862e-03   1.8100412e-01  -3.9382900e-01  -1.0232448e-02  -1.5056252e-01  -9.2448754e-02  -1.9056687e-01   7.8300764e-01  -1.5385123e-01  -1.9328186e-01  -2.2247126e-01   5.4907735e-01   5.5070863e-01   9.3320298e-02   4.0754738e-01   6.9035426e-01   1.2740261e-01   9.0259072e-01  -8.8219655e-02  -4.4203534e-01  -2.5905794e-01   4.6811642e-01   3.2478407e-02   2.4024578e-01   1.6491678e-02   5.1917542e-02   7.9106743e-01  -1.1817253e-01  -1.5793909e-01   4.3836951e-02   1.7172376e-01  -1.1900144e-01  -1.4391899e-01   4.6047738e-01   4.0087526e-01   1.6402782e-01   1.7758110e-02   2.2436973e-01   6.3313149e-01  -1.9813920e-01  -4.4717101e-01  -1.5264277e-01   6.6322659e-01   1.2060740e-01   2.4269880e-01   7.7086527e-01   1.4039967e-02  -1.2268952e-01   8.1651421e-01  -7.2172974e-02   5.1104619e-01   4.8892757e-02   7.2852811e-01  -3.8848009e-01   1.2861117e-01   3.8352812e-01  -3.5170548e-01  -4.6476309e-01  -2.2878633e-01  -1.3450173e-02   1.6139290e-01   1.6956974e-01   1.3170285e-01   1.4072839e-01  -4.4213816e-01   3.5312964e-01   1.7889412e-01  -1.4154302e-01   2.3510027e-01   2.9183866e-01   2.0095887e-01   7.1067445e-01  -2.0326613e-01   4.6502888e-01   6.9622913e-01  -2.4300926e-01  -1.0636124e-01   4.6921586e-01   2.8212266e-01  -1.4070142e-01  -7.2915822e-02  -3.5601526e-01   1.1571601e-03  -9.5056433e-02   2.1676949e-01  -3.8312911e-01   7.0963942e-01
  -4.7828114e-03   5.7284834e-01   4.1965252e-02   2.4562317e-01   6.3447101e-01  -1.3878707e-01  -1.2550319e-02   6.3142320e-02   0.0000000e+00   5.1198467e-02   2.3687545e-01   4.0589906e-01  -2.1698322e-01  -3.3465862e-01  -2.9750108e-01  -1.3362711e-02   1.6395215e-01   1.9327992e-01   1.2257735e-01   5.3239013e-01  -4.1047088e-01   2.2902574e-01  -1.7351535e-01   1.2590174e-01  -1.6750997e-01   7.0318030e-02   1.5379529e-01  -2.8571436e-01   1.4969945e-02   2.9881184e-01  -3.3411626e-01   1.7074844e-01   1.0396121e-01  -2.3286885e-02   3.3705613e-01   2.5666739e-01   1.6400088e-01   8.2383982e-02   8.5846056e-02  -1.7232688e-02   6.6694614e-02   3.4848614e-02   4.9733028e-01  -2.7131798e-02   2.1709244e-01  -1.7993249e-01   6.1593573e-02   5.3502971e-01   3.3133881e-02   8.7351482e-02  -1.7093142e-02   2.1777089e-02   4.3089061e-01   1.5847900e-02   2.2247699e-02  -1.1417358e-01   3.4176668e-02   2.0801590e-01   9.2067305e-02   3.5762973e-01  -1.0735902e-01   2.7745926e-02   5.1283622e-01  -1.5482009e-05   6.2054263e-01   1.3866490e-02   1.5454865e-02   1.0053481e-01   1.3131604e-01  -4.3603827e-01   3.8329981e-01   1.3117201e-01   7.2264725e-02   3.0057451e-02   7.2046639e-02   9.6977032e-02  -2.6687762e-02   6.0858844e-02   6.7678121e-01  -1.8246842e-03  -4.8213647e-01  -3.7238208e-02  -7.3216433e-02  -2.1107820e-02  -1.2472666e-01   9.8369703e-02  -3.2463726e-02   6.8141865e-02   3.9194824e-01   4.8413819e-02   4.1298879e-01  -4.4818726e-02   1.4929327e-02   7.5257815e-01  -1.0846613e-01   1.7300378e-01  -1.5848223e-01   8.7796035e-02   2.8867570e-01  -3.4141187e-01  -3.4452615e-01  -1.1746943e-01  -5.0254858e-02   7.0623777e-01  -4.1916303e-02   2.6435681e-01  -1.2941924e-01   1.3616705e-01   1.8547833e-01  -1.5226164e-01  -1.3116257e-01   1.6369845e-01   1.8191715e-01  -6.9814888e-02  -4.1135976e-01   4.6769575e-01  -2.8453295e-02   1.5240203e-02  -4.5850446e-01   2.8942045e-01  -1.0861264e-01   2.7502255e-01   2.4111401e-01   4.0134993e-01  -1.1809436e-01  -1.5949098e-01   1.7277792e-01  -8.3404164e-02   2.2980976e-01  -4.2174751e-01  -6.7942201e-02   3.6074358e-01   3.1106406e-01   3.0977271e-01   5.6672064e-01   7.6891831e-02  -1.9876968e-02  -1.2558378e-01   7.4797319e-02   2.0442901e-01   9.1404949e-02  -1.5990738e-01   2.3165423e-02  -3.9161380e-01   2.2648092e-01  -2.6359012e-01  -1.2539843e-01   1.4265633e-01   6.0726841e-02   3.1536819e-02  -2.3912878e-01  -3.1820222e-01  -1.2946590e-02   2.8698764e-01   1.1230120e-01   1.5008373e-01  -5.3618495e-02   2.6157505e-02  -2.9739269e-02  -1.6768035e-01   1.5944713e-01   2.1246107e-02  -5.1405436e-02   1.0766739e-01   2.8545894e-01   1.7450511e-01   2.5911384e-01  -1.3845528e-01   1.0961332e-01  -6.9081708e-02   3.4941407e-01  -3.8016127e-02   3.0188645e-01  -1.9026743e-01   9.3489850e-02   3.0798589e-02   2.2252552e-01
  -1.3205970e-01  -1.2077700e-01   3.2036827e-02  -3.1537627e-01   6.1130106e-02  -2.3372225e-01   6.2214982e-01  -2.1033326e-01   5.1198467e-02   0.0000000e+00  -1.8629348e-01   2.7722542e-01  -2.3929746e-01   1.2976793e-01   2.8101607e-03  -1.4090797e-02   3.4555493e-02  -1.1235765e-01  -2.5866640e-01   2.4047500e-01   1.1821784e-01  -1.9797990e-01   4.4324872e-01  -1.2867380e-01   7.0417267e-03  -2.1028521e-01   5.7950946e-02   2.3228740e-01   6.6045676e-03  -4.0685307e-01   1.5113469e-01  -3.0383354e-01  -2.3164270e-01   7.2282556e-01   4.7925206e-01   2.7213107e-01   3.7568203e-01  -2.0005356e-02  -2.3728624e-03   3.0382100e-01   7.3128637e-02  -2.2049119e-01   1.8699270e-01  -2.6396830e-01  -4.3188937e-02  -2.3999698e-01  -4.7987074e-02   1.1621273e-01   1.3420738e-01   1.5826647e-01  -4.0677081e-01  -1.5801259e-01   3.8496930e-01   5.2320011e-02  -1.2948293e-02  -2.6285611e-01  -8.2038972e-02  -2.2638028e-01  -2.3808083e-01  -1.8313782e-01  -1.4587732e-02  -6.4504704e-02   1.3341489e-01  -2.2487727e-01   3.2899366e-02   2.1284262e-01  -2.1507529e-01  -3.0560751e-01  -3.7625540e-01  -4.3754389e-02   3.1920193e-01  -3.3527093e-01   2.7551570e-01  -8.9028370e-02  -1.2466829e-01  -2.4127136e-01  -1.7683133e-01  -1.3673942e-01   7.0606516e-02  -2.4935404e-01   3.1218097e-01   2.3304951e-01   3.5112938e-01  -9.2276592e-02   2.2829593e-01  -2.8736280e-01   2.2154233e-01  -4.1850224e-02  -6.7249624e-02  -1.8056313e-01   1.7476964e-01  -1.2781664e-01   4.4911242e-01  -6.7282228e-02  -1.3287229e-01   3.3195901e-01  -1.7541004e-01  -1.7308515e-01  -2.2662675e-01   2.6116878e-01   3.3742224e-01  -2.5081013e-01  -3.0717925e-01  -7.3847728e-02  -3.4600295e-01  -2.6389982e-01   4.6197743e-03  -2.6193498e-01   3.9880936e-01   2.4646078e-01   6.5197950e-01  -5.4154319e-01  -3.7128765e-01  -2.4575143e-01   2.1648829e-01   3.1311901e-01  -1.8347143e-01   1.6172815e-01   6.9087664e-02  -1.0495664e-01  -5.9091351e-02   2.4272291e-01   2.4980036e-01  -1.3529385e-01  -2.6174826e-01   1.6198610e-02  -1.1582636e-02  -2.3802151e-02  -1.8344805e-01   5.9156916e-02   9.5834446e-02   3.3721782e-01  -1.5636383e-01   1.0967690e-01   2.0176730e-02  -2.7191791e-01  -1.5419503e-01   3.6800975e-01  -2.3704509e-01  -1.6395395e-01  -2.3953853e-01  -7.2925570e-02  -2.6776630e-01   1.7089964e-01  -2.7850870e-01  -2.9060698e-01   5.9435784e-01   1.8563266e-02  -1.4869428e-02   3.8099034e-01  -2.2510373e-01   1.5429319e-01  -1.6213970e-01   2.7433885e-01   1.7488648e-01  -1.6737135e-01  -2.3197212e-01  -1.6067443e-01  -1.0323614e-01  -1.1683620e-01  -3.7320140e-01  -2.9689049e-01   3.4398179e-01  -3.9729852e-01  -3.1764287e-01   5.0413470e-01   1.6490817e-01  -1.5441135e-01  -2.6582160e-01   5.7065652e-01   3.4621640e-01   6.2206410e-03  -1.8049135e-01  -1.6718388e-01  -2.5276143e-01   1.7691964e-01  -2.7883075e-01
   4.8048312e-02   4.3041226e-01   1.7590392e-02  -1.2286987e-01   2.7489461e-01   2.5583470e-01  -1.0303022e-01   3.2517639e-01   2.3687545e-01  -1.8629348e-01   0.0000000e+00   8.8348544e-02   1.0114587e-01  -2.6460013e-02   4.3912694e-01   4.7164971e-02   4.2580945e-02   8.1091007e-01   3.6620096e-01   3.2506499e-01   1.0125396e-02   3.7620733e-01  -9.0067162e-02   2.7969352e-01   1.9151005e-01   3.3219482e-01   6.1526308e-02   6.9603342e-03  -1.0587654e-01   4.0400297e-01   7.0149214e-02   4.2602142e-01  -1.1858646e-02   5.5427472e-02  -4.0090296e-02   1.9572045e-01   3.8151608e-02  -1.8351328e-01  -1.7915765e-01  -4.2282570e-01   1.0030254e-01   9.0443941e-02  -8.9394192e-02   5.1345539e-01   5.1351160e-01   9.7618426e-02   3.8328771e-01   3.4468245e-01   1.0001522e-01  -2.3119034e-01   5.3899221e-01   2.5829176e-01   7.4734099e-02  -1.3172324e-01   9.0765771e-02   4.9510879e-01   2.2777602e-01   4.0530682e-01   2.9887924e-01   5.4078278e-01  -1.0993637e-01   3.9037366e-01   2.1115604e-02   4.2320388e-01   4.1797072e-01   3.6914361e-01   4.2346476e-02   8.7263431e-02   4.9254058e-01   3.5373357e-02  -2.0671247e-01   2.4035778e-01  -5.2964126e-02   1.1806730e-01  -2.2350202e-03   3.4931980e-01   1.3150606e-01   2.0804385e-01   2.2469081e-01  -6.4750768e-02  -3.7337703e-02   2.2944152e-02   1.9136000e-01   2.1638614e-01  -6.3926725e-02   3.6688823e-01  -1.5038010e-01   3.0657494e-01   6.4767316e-02   1.3897560e-01  -1.6062880e-01  -6.8684979e-02   1.8635899e-01   3.5549599e-01  -6.7994436e-02  -1.5184196e-01   6.8946562e-02   3.3739363e-01   1.1527856e-01   1.8181027e-02  -2.9062231e-01   7.1984827e-01   2.5886409e-01   4.4245812e-01   6.3035765e-01   4.1927956e-01  -1.7527483e-01   3.4549749e-01   6.2030658e-02   5.7157975e-02   2.2376038e-02   3.9824176e-01  -1.8183616e-01   3.6765270e-02  -4.1913105e-02   2.5086413e-01   3.0084861e-01  -5.7764847e-02   7.1971291e-02  -1.6203510e-02   6.5143481e-03   5.9012031e-02   6.0006568e-03   4.2287319e-01   1.5102669e-01   1.4647359e-01   6.9797876e-01  -1.9789403e-01   4.0457043e-01  -2.2161693e-02   2.1188676e-02   4.2105082e-01   2.2307277e-01   1.1035488e-02   8.1896422e-02   2.2919389e-01  -2.6618440e-01  -1.3367301e-01   2.3376373e-01   5.5190884e-02   1.6048325e-01  -1.1446134e-01   5.8637328e-01  -3.6480205e-02   5.9454578e-01   5.2440398e-01  -3.3610685e-01   2.9206142e-01   4.4705402e-01  -3.5002861e-02   1.9080568e-01   1.0613178e-01  -6.3875767e-02   6.1886557e-01  -2.0376740e-01   1.5318524e-01   7.6296782e-02   3.6904480e-02  -1.4563564e-01   2.4584893e-01   2.3482193e-01   6.2334177e-01  -1.4833164e-01   6.8868669e-01   1.8476237e-01   9.9399866e-02   6.5392563e-01   1.0674980e-01  -1.3600874e-02  -4.3565459e-02   1.9228188e-01  -3.3238298e-02   3.4884863e-01   2.7187232e-02   1.3097268e-01  -2.5604990e-01   3.1074642e-01
  -3.2733607e-01   3.6979988e-01   5.5841512e-01  -8.4568710e-03   2.7960056e-01  -1.3764566e-02   4.4068648e-01  -2.5872673e-01   4.0589906e-01   2.7722542e-01   8.8348544e-02   0.0000000e+00  -2.4692714e-01  -7.5042616e-02  -1.1957006e-01   4.1423629e-01   1.2244253e-01   1.1695579e-01  -1.5588362e-01   4.4183673e-01  -5.2357240e-04  -1.2542646e-01   2.9635564e-01  -2.3919489e-01  -4.7356892e-02  -1.6331056e-01   4.4244150e-01  -1.4289657e-01   2.9579225e-01   9.8808424e-02  -1.9647199e-01  -1.3392821e-01   1.8088098e-01   2.0139972e-01   4.3363066e-01   2.0705629e-01   9.8758298e-03   3.5908891e-02   3.6457877e-01   3.7442955e-01   1.1413570e-01   1.1989244e-01   5.8147098e-01  -2.4942528e-01   7.2290036e-02  -3.7777515e-01   8.2350294e-02   6.0943431e-01  -1.6455628e-01   2.7201255e-01   3.1221844e-02  -2.1591379e-01   2.4032769e-01  -3.5033909e-02  -1.0870447e-01  -3.4271367e-01  -2.8885040e-01  -1.2292675e-01   1.1604824e-01   3.7725892e-01  -2.9699589e-01  -3.9511067e-02   1.4708821e-01  -2.7131214e-01   9.3141951e-02   9.7300681e-02  -3.5669928e-02   3.1829324e-01  -1.7923302e-01  -7.7922316e-02   2.5246652e-01  -6.5145604e-02   2.5811890e-01   1.5018920e-01   2.0764033e-01  -1.8850729e-01  -1.5758678e-01  -1.0791719e-01   2.7689000e-01   3.2928029e-02   2.0144188e-02   2.2550802e-01   4.3055582e-02  -3.1190704e-01   2.9427170e-01  -2.5439570e-01   2.7199696e-02  -6.7771082e-02   1.2730959e-01  -1.8128923e-01  -6.6878962e-02  -1.9544493e-01   2.9364252e-01   5.1740206e-01  -2.3175600e-01   9.3963546e-02   6.0388144e-02  -2.6384353e-01   3.3846476e-01  -1.7770190e-01   1.6887805e-01  -1.5402178e-01  -2.5344799e-01   3.8739950e-01  -1.2990058e-01  -1.1810312e-01   1.0565635e-01  -2.1469561e-01  -1.9444856e-02   2.2400894e-02   4.3690853e-01  -7.6963586e-02   4.6754723e-02  -2.4612565e-01   1.0473334e-01   4.7021817e-02  -2.3685839e-01   2.3009153e-01  -9.2668031e-04   2.8572173e-01  -2.9419223e-01   2.3316146e-01   1.7540553e-01   1.0868768e-01  -3.6709114e-01   1.1948818e-02   1.9049247e-01  -1.1129294e-01  -1.3907399e-01   9.5513968e-02   2.2391225e-01   2.2968920e-01  -7.1294144e-02   1.8348066e-01   4.9021733e-01  -3.0511184e-01   2.0996355e-02   1.7326100e-01  -2.9033093e-01   9.9442417e-02  -2.1527136e-01  -3.1686221e-01  -9.6050934e-02   1.0648749e-01   3.9024389e-01  -6.1171451e-02   4.9568842e-01   7.4435019e-02   7.6373436e-03  -4.4185126e-02   6.2151572e-04  -4.9084406e-02  -9.0272896e-02   1.8113489e-01   5.8204660e-01  -2.4918050e-01  -2.9195200e-01   1.8539967e-01  -2.5191622e-01  -1.2567430e-01   1.4725692e-01  -1.0842457e-01   4.4309964e-02  -9.7146551e-02  -5.5570728e-02   3.0739812e-01   3.5646963e-01  -3.9847670e-01  -1.8617049e-01   2.1707019e-02   2.3848192e-01   1.1337566e-01   2.0032392e-01  -3.3783043e-03   3.2126592e-02   2.2900803e-01  -1.0981552e-01
   1.5560587e-03  -1.5817707e-01   7.6131887e-02   2.6263172e-02  -1.1057034e-01  -6.0644366e-02  -2.3703407e-01  -3.6500506e-03  -2.1698322e-01  -2.3929746e-01   1.0114587e-01  -2.4692714e-01   0.0000000e+00  -2.1538081e-01   1.7330035e-01   5.2568916e-02   1.6208552e-01   5.0113907e-02  -1.8231420e-01  -1.5726713e-01  -1.0795750e-01  -2.1304419e-02  -5.7117613e-02  -8.1942014e-02   1.6455732e-01  -6.7152147e-02  -1.4980282e-01  -5.9281663e-02   1.1136122e-01  -7.5390940e-03  -2.5606902e-02   1.0883646e-01  -1.4899466e-02  -2.0054831e-01  -3.7334993e-01  -9.1057803e-02  -2.7015919e-01   1.2697812e-01   1.1494690e-02  -2.0911287e-01   5.6423251e-01   5.9649953e-02  -2.1294057e-01   1.4365281e-01   6.1293477e-02   1.6752001e-01   1.2005604e-01  -2.6608442e-01   1.1828940e-01   5.0043709e-02   2.6460007e-01  -2.2330356e-02  -2.4831612e-01   7.5848210e-02  -6.4875619e-02   1.6072107e-01  -1.0935417e-01   8.4466288e-02   1.7288496e-01  -1.3540016e-02   1.0511960e-01   3.9150605e-01  -1.8907317e-01   1.3144277e-01  -1.7892132e-01  -1.1690034e-01  -1.2527424e-01  -9.6441109e-02  -4.0482547e-02   1.4587486e-01  -3.2791267e-01   2.1453895e-01   2.6600530e-01   1.0220361e-01  -1.1205568e-01  -4.0194521e-02   1.0358751e-01  -2.7603744e-03  -1.8423393e-01   3.4057119e-01  -9.7169790e-02   2.6870666e-01  -5.3189845e-02  -9.8083219e-02  -2.2162110e-01   3.3503918e-02  -3.0691477e-01  -9.9767966e-02  -1.5640280e-01   2.0503352e-01  -1.8529543e-01   7.5639428e-02  -6.2110153e-02   1.9257372e-02   1.6133303e-01   1.1176013e-01   5.3566082e-01  -3.7813006e-02  -9.8519641e-02   1.3349859e-01  -1.3292890e-01   2.0517773e-01   4.3444096e-02  -6.5965177e-02   4.3794635e-02  -2.4604185e-02   5.8678531e-02  -7.8997567e-02  -3.7545857e-02  -1.7871312e-02  -8.9317499e-02   5.9972888e-02  -1.7743721e-01   8.2307335e-02   8.0535574e-02  -2.3516941e-01   9.1701710e-02   3.8114257e-01  -1.6126740e-02  -1.1737847e-01   3.4704741e-02  -5.1465177e-02  -1.2038873e-01   1.1014568e-01   1.9926443e-01   8.2639014e-03   2.2248896e-04   7.7086427e-02   2.8898314e-02   1.0965106e-01   3.5686581e-01  -2.5350856e-01  -1.1890797e-01  -1.0603332e-01   1.4151156e-02   9.9895764e-02   2.0187265e-01  -2.9445504e-01   5.6522594e-02   5.1945045e-02  -1.0139541e-01   6.4823797e-01   9.5292553e-02   3.1940698e-02   1.2162590e-02   5.3580489e-02  -1.8866931e-01   3.9982676e-02   1.0630087e-02  -2.1146034e-01   1.8111431e-01  -1.7163634e-01   1.2944476e-02   2.5973995e-02  -7.7040822e-02   5.2135129e-02   1.0985071e-01   3.8014029e-01   4.6369449e-02  -8.4915820e-02   8.8070792e-02   1.0767843e-01   9.2639705e-02   6.1544924e-02  -1.4771124e-02  -3.0983847e-01  -7.6250427e-02  -1.4312306e-01   7.6116971e-02  -4.7201458e-02  -2.8293557e-01  -3.9566720e-03  -2.7762907e-01  -2.4214110e-02   3.1306793e-01  -1.2215844e-01   4.6461343e-02
   4.4928328e-02  -1.1412855e-01   3.3301205e-02   1.6351535e-03  -3.5990340e-01   3.6145879e-01   2.1172789e-01  -5.2327542e-02  -3.3465862e-01   1.2976793e-01  -2.6460013e-02  -7.5042616e-02  -2.1538081e-01   0.0000000e+00   3.8014255e-01  -1.1528774e-02  -1.6284554e-01  -4.9063075e-02   4.3574514e-02  -2.8369416e-01   6.5172672e-01   3.5647605e-02   3.3133015e-01   1.6725175e-02  -2.7116883e-02  -1.3907244e-01   5.5172708e-03   4.5130325e-01  -1.5909805e-01  -1.7308275e-01   3.3626819e-01  -1.3310829e-01   3.7645476e-02   1.9287937e-01   1.2211666e-01  -1.4647655e-01   3.8191249e-02  -9.3554937e-02  -1.2216699e-01   1.4302424e-01  -2.9830851e-01   4.5921787e-02  -1.6645777e-01   1.3403210e-02   3.5514033e-02   3.9290392e-02   9.9683766e-02  -1.3450280e-01   2.8951179e-02  -1.8558906e-01  -2.4191610e-02  -5.5063111e-02  -2.2303008e-01   1.4345293e-01   4.2718502e-01   1.1536427e-01  -2.6644164e-02  -1.6987506e-01  -7.0532186e-02  -4.8641572e-02   3.9455003e-02   8.6010752e-02  -4.0668767e-03  -7.4346348e-02  -3.0637835e-01   2.0201230e-01   1.1260487e-01  -3.0041236e-01   1.0862209e-01   3.6638207e-01  -2.0723866e-01   1.9344106e-01  -6.8032922e-02   3.1467124e-01  -1.4959759e-01  -1.3530964e-01   1.0749253e-01  -1.3830681e-01  -4.2268952e-01  -1.4748978e-01   6.2683320e-01   3.8816331e-02   1.0260261e-01   1.1196798e-01   6.3195247e-01  -1.3517299e-01   2.8530188e-01   1.4623897e-01  -8.0264996e-02   1.7744548e-01  -2.4663599e-01  -5.0181875e-04   1.3822337e-01  -3.4278513e-01   4.5113374e-02  -1.9052109e-01   4.1031542e-02  -5.9098104e-02  -1.9688648e-01   2.4990982e-01   5.6914211e-01   9.5179627e-02   2.1607546e-01  -2.2140747e-01   8.6605145e-02  -1.4897942e-01   4.3056587e-02  -1.2054497e-01   4.2536287e-02   2.2555629e-01   1.8393346e-01   2.3051650e-03  -7.5364817e-02   1.0514314e-01   6.1806994e-01  -2.1999912e-01  -1.2124555e-01  -4.5558393e-02   6.6791816e-01  -7.2838900e-02   8.0282050e-02  -1.3514246e-01  -1.3204024e-01  -3.3498274e-01   3.5651162e-02   5.1899946e-01   1.7821724e-03  -1.2516027e-02  -9.8743318e-02   4.2835931e-01  -1.3807369e-01  -3.0417793e-02   2.2604534e-02  -1.8852318e-01  -2.4743076e-01  -1.6283015e-01  -1.8074789e-01   4.5224358e-01  -1.0919330e-01  -2.1796413e-01   2.3163072e-01  -1.1118536e-01  -1.0073056e-01   4.2703178e-01  -1.2706933e-01   3.0535485e-01   2.6236138e-01   2.7745521e-02   7.7264444e-02   1.0691275e-01   4.4823882e-01   6.1968392e-01   1.6468277e-01  -1.3302896e-01  -2.8854139e-02  -9.4986965e-02   1.2303092e-01  -2.2272432e-01   7.0638140e-04   4.4853843e-01  -1.6701028e-01  -4.0445627e-02  -3.4413574e-02  -3.4952347e-02  -2.1293059e-01  -6.0804910e-02  -1.5347200e-01   3.2661304e-01   4.5460592e-02   9.6928243e-02  -1.3223827e-01   6.1079656e-02   1.8282758e-02   2.8778363e-01  -3.1456393e-01   1.6112006e-01  -2.0544502e-01
