   0.0000000e+00  -2.0480084e-01   1.0925709e-01  -1.6808767e-01  -8.8478789e-02   2.6970627e-02   1.1608855e-01  -7.7672710e-02   3.6093250e-01   2.3210209e-01  -2.0148144e-01  -5.4452934e-02   2.7105908e-02   1.1131981e-01   1.1093861e-02  -2.0276577e-01   3.5000546e-02  -2.7721167e-01   5.5171430e-02  -2.6503004e-03  -2.1339398e-01   1.6324138e-01   1.1601825e-01   4.4662805e-01  -5.3839194e-02   7.6620103e-02  -1.4224975e-01   3.9259951e-01  -7.1745177e-02  -2.3152254e-02  -2.1012252e-01  -2.5279610e-01  -3.8962097e-01  -1.6161744e-02   8.5746024e-02  -1.4191601e-01  -5.2355638e-02   2.7172330e-01  -2.7121004e-01  -1.5230399e-02  -4.2051304e-02  -9.3963131e-02   1.4877350e-01  -2.4939760e-01   8.8090551e-02   1.3310960e-01  -2.5070762e-01  -1.9218627e-01  -1.7673934e-01  -7.7102174e-02  -4.0178781e-02  -1.4234796e-01  -2.9571230e-01  -1.4104784e-01  -4.7485820e-02  -6.5113826e-02   1.0694911e-01  -1.7565916e-01  -2.1423770e-02  -3.7247107e-02   1.5543720e-01  -6.1606430e-03   1.2691611e-01   3.7609468e-02  -1.1055822e-01   2.1497994e-01  -1.2682691e-01  -3.9160557e-01  -1.9853392e-01   4.0350570e-02  -2.2940976e-02  -9.6110770e-02  -1.2529569e-01   2.3753366e-01  -6.4431015e-02  -6.6813994e-02   6.2239613e-02  -5.8211563e-02  -1.2968088e-01  -3.2608202e-01   3.5518594e-01  -1.1773211e-01  -3.3910933e-01   1.0496674e-01   2.5519312e-01  -1.4151556e-01  -1.4883767e-01   1.8585425e-01  -2.0306129e-01   6.7617697e-01  -1.3041464e-01   1.7153437e-01   9.6771159e-02   3.1286226e-01   1.3802398e-01   9.3143224e-02  -2.3201952e-01   3.3125468e-01  -4.7504477e-02   2.2131935e-01   2.6934500e-01  -2.4320645e-03   1.5229332e-02  -3.8789058e-02  -1.3984802e-01  -2.2380009e-01  -1.8900812e-01   2.6204796e-01   1.0045012e-01  -3.2408778e-01   4.1747443e-02  -5.8683925e-02  -1.0098185e-01   5.3830893e-01   2.7283772e-01  -2.6211577e-01  -8.8422168e-02  -2.0415769e-04   1.2534197e-01  -3.9914306e-02   1.8188340e-01  -4.2536264e-03   1.2405864e-01  -1.9867819e-01   4.6384090e-01   1.9691126e-01  -1.6931647e-02  -1.1552792e-01   5.6554286e-02  -8.0165820e-02  -2.5086449e-01  -1.6730444e-01   5.5982210e-01  -9.5832363e-02   8.4632790e-02  -2.5041400e-02  -4.2529879e-02  -1.8801619e-01  -9.0475638e-02   2.1000963e-01   4.5136265e-01   1.0393680e-01  -1.0508961e-01   1.7924853e-01   4.9282439e-02  -1.9442796e-01   2.6955502e-01  -1.3644057e-01  -3.5307219e-02  -9.2310409e-02   2.7981504e-01  -8.0613203e-02   1.5471309e-01  -3.7214902e-02  -5.5521068e-02   3.6432581e-01   2.2340433e-01  -3.1480822e-02   1.2214668e-01   8.6700447e-04  -2.9472701e-01  -4.7466074e-02   5.7499011e-02  -1.2157789e-01  -1.7063300e-01  -5.2939179e-02   4.0366777e-02   5.4079806e-01   1.9852333e-01  -2.5804513e-01  -6.3987437e-02   4.6662289e-02  -2.4714881e-02  -2.6023173e-01   5.2972397e-03  -1.0060203e-01  -2.3392536e-03
  -2.0480084e-01   0.0000000e+00   2.2271345e-01  -1.0964543e-01   4.7628045e-01  -1.5624218e-01  -4.5458198e-01   1.5038343e-01   2.6336262e-02  -1.5919457e-01  -4.2118723e-01   2.3025234e-01  -4.6510091e-02  -3.0889275e-01  -3.0301349e-01  -8.7647425e-02   4.8836870e-01  -3.1605919e-01   2.9710402e-01   2.4785541e-01  -1.8545592e-01   1.2313300e-02  -6.0433994e-01   3.8846909e-02   1.1843954e-01   1.7360641e-02   3.7158898e-01  -3.5048084e-01   3.2578934e-01  -4.0217227e-01   5.3232438e-02   2.4865431e-02   1.0737037e-01   1.9004780e-02   3.6950182e-01  -3.6984495e-02  -3.0576623e-03  -8.4758794e-02   1.7913592e-01   3.8705493e-01   5.3255036e-02  -1.1129273e-01   3.4299793e-01   8.2191504e-02  -1.5177595e-01  -1.2262355e-01  -2.2252919e-01  -2.1568655e-01   2.0849554e-01   4.7836049e-01  -4.2562271e-01   5.0653759e-02   4.5002356e-01   1.5132744e-01  -2.0479352e-01  -1.9787799e-01  -1.2432497e-01  -4.9926050e-02   2.1854252e-01  -1.8962555e-01  -1.6991608e-01  -4.4107904e-02   4.5917653e-01   1.6146679e-01   1.6477995e-01  -2.8591972e-01   2.5402201e-01   1.7129567e-01  -2.6109273e-01  -3.5363963e-02   7.5204299e-01  -1.8648926e-01   1.8011058e-02   3.4798497e-01   1.9814457e-01   1.5829550e-01  -1.9513348e-01   2.2349074e-01   6.9997406e-01   2.5901570e-01  -4.1813013e-01  -1.3392386e-01   1.6964742e-01   9.4708325e-02   7.1484563e-02   1.1056095e-01   1.8573499e-01  -3.1945720e-01   6.1154353e-01  -1.3371222e-01   5.5233579e-01  -2.1488280e-02   3.7154408e-01  -3.1862963e-01  -3.1963738e-01   3.1255186e-01   1.8162163e-01   3.4290174e-01   2.1289361e-01  -1.3716575e-01   2.4971149e-02  -2.1181825e-01  -3.0623377e-01  -1.5747638e-01  -4.6775575e-01  -4.1184210e-02   1.6568158e-01   1.5083020e-01  -4.7312945e-01  -2.1972256e-01   1.5517881e-01  -2.0671773e-01   3.9967682e-02  -2.8779743e-01  -1.3545677e-01   5.0917113e-01   1.3167971e-01  -3.7254663e-02  -1.1865606e-01  -2.0026707e-01  -2.3553943e-01   3.1751654e-01   4.0267248e-01  -9.8602462e-02  -1.6647709e-01  -4.3405828e-01  -3.0355840e-01   1.0450638e-01  -5.4109639e-02  -4.8987229e-03   9.8687598e-02  -8.7083091e-02   1.1396500e-01   1.8999592e-01   2.0366006e-01   1.9501096e-01   3.3108392e-01  -2.1564174e-01   1.0427995e-01  -9.3551761e-02  -2.3146662e-01  -9.1823314e-02  -1.3203562e-01  -4.3979461e-02  -3.5764113e-01  -3.5930130e-01   3.3857384e-01  -1.4096020e-01  -2.2953488e-01  -2.1560575e-01  -8.0711876e-02  -2.6112710e-01  -5.6505475e-03   6.9278097e-02   7.2893430e-01  -7.2497552e-02  -2.1341281e-01  -3.3329073e-02   8.9061152e-03  -4.2855605e-01   1.0285373e-01   7.2637464e-02  -5.2439215e-02  -2.8081035e-01   1.4209522e-01   1.5728254e-01  -1.2028952e-01  -6.9494026e-03  -1.9086876e-01   6.7386347e-01   2.5604295e-01  -2.0978497e-01  -2.5861029e-01  -8.9001502e-02   2.2005899e-01   2.0720262e-02  -7.0404507e-03
   1.0925709e-01   2.2271345e-01   0.0000000e+00   6.5775921e-02   2.8699869e-01   5.0082785e-01  -1.9152873e-01   1.6458054e-01  -1.8027808e-01  -1.9535675e-01  -2.2438410e-01   3.0512711e-01   2.1680955e-01  -2.4087748e-01  -1.2516802e-01   3.8291477e-01   7.8563559e-01  -2.0603848e-01   2.7297085e-01   3.3358628e-01  -2.2528758e-01   3.8920090e-02  -8.3527290e-02  -1.4200099e-01   3.0431890e-01   3.7342752e-02  -2.0649504e-02   2.2480651e-02   2.8731872e-01  -4.6657357e-01   1.3900253e-01   1.0367860e-01   3.0747039e-01   2.0623542e-01   1.4629711e-01   4.9054945e-02  -3.9119573e-01   6.7184192e-02   4.2878851e-01   5.4388743e-01   3.2235312e-01   2.5300244e-01   4.0372930e-01   1.8769511e-01  -1.2523870e-01   1.6567751e-01   3.9184441e-02  -3.0232823e-01  -9.6863522e-02   6.7160042e-01  -8.5410984e-02  -8.3162743e-02  -8.9285946e-02   5.7216696e-01  -1.7172090e-01   2.7401857e-01  -6.1079646e-02   5.6513328e-04   2.2673988e-01  -3.1435278e-01   2.6180858e-01   2.3032246e-02   2.4512507e-01   3.3152225e-01  -1.1200307e-01   1.9624020e-02   4.1416362e-01   1.8873906e-01  -1.4600929e-01   6.0060676e-01   2.6104186e-01   2.1642680e-02   2.6716686e-01   1.4559317e-01   3.9788287e-01   1.6968117e-01   2.0652547e-01   1.7182436e-02   1.9386277e-01   2.8467823e-01   1.4865869e-01   1.3650736e-01   1.8643813e-01   1.9975612e-02   1.6517920e-01   2.2446633e-02  -3.3916443e-01  -6.0154022e-02   2.8236411e-01  -2.0100228e-01   1.1510249e-01   5.6881359e-01   4.3960664e-01  -1.8801054e-01   3.9385070e-02   2.8951004e-01   3.3132004e-01   1.2758412e-01   1.4441155e-01  -1.7484566e-01   2.9242246e-01  -7.0130377e-02  -1.3978034e-01  -3.6964262e-01  -3.2086314e-01   1.1928909e-01   3.8420619e-01  -2.7104834e-02  -5.0923982e-01  -3.5726767e-02   4.0397579e-01  -2.6809630e-01   2.2384319e-01  -1.3841348e-01   4.0956851e-01   6.4781731e-02  -1.2381213e-02   1.6866836e-01   2.4199384e-01   4.9249797e-02  -1.7858918e-01   8.4103961e-02   3.2374903e-01  -3.6819955e-01   5.9107285e-02  -3.2265685e-01  -2.2997504e-01   2.6190092e-01   1.1986090e-01   4.6756048e-01   2.4780004e-01  -1.6310413e-01  -8.7320823e-03   3.4245260e-02   3.7859395e-01   1.7778677e-01   4.0747394e-01  -5.8905194e-02   1.1888690e-01  -9.5670321e-02  -2.1855160e-01   5.9301701e-02  -1.8388652e-01   6.0004049e-01  -2.1176207e-01  -1.2840182e-01   4.2884889e-01  -1.7553861e-01  -5.6477429e-02  -3.4750798e-01   4.0821105e-01  -4.5439200e-02   2.4792970e-01  -2.7605326e-01   5.1118513e-01  -2.2705170e-01  -3.5144118e-02   1.3054210e-01   4.6225384e-01  -8.5722500e-02   2.7085122e-01   1.8546445e-01   2.4037861e-01  -1.1701181e-01   9.4480547e-02   9.0996418e-02  -5.0815287e-02  -4.6002335e-02   7.1371362e-02   3.4920934e-01   1.7104380e-01  -2.1866977e-01  -2.3320462e-01   3.8488777e-01   1.8781886e-01   2.1132371e-01   1.2058898e-01
  -1.6808767e-01  -1.0964543e-01   6.5775921e-02   0.0000000e+00   3.5487102e-01  -1.1313269e-01   6.9677982e-02   2.9657878e-03   2.7442954e-01   6.0538176e-02   2.5885299e-01   3.1478450e-02   2.8766184e-01  -2.9456473e-01   7.2898971e-02   3.0463290e-01  -1.9087224e-02   2.6218778e-01  -3.1011385e-01   3.3405820e-01  -1.6071002e-01  -2.6030776e-02   1.7552361e-01  -3.1018504e-01   1.7311752e-01  -1.1985978e-01   6.3124847e-02  -9.5919036e-02   2.2525402e-01  -1.2732985e-01  -1.1248081e-01   1.9904420e-01   7.1832248e-02   2.8094446e-01   1.7538503e-01   4.5957663e-01  -1.1826558e-02  -7.7106710e-02   2.0800482e-01   1.5324608e-01   3.9515422e-01   1.8631258e-01   1.6652899e-01  -1.7579606e-02   4.1041112e-01  -8.5811243e-02   5.0797398e-01  -1.6731719e-01   1.9644744e-01  -2.3671317e-02   3.0230023e-01  -5.0424205e-03   7.2033612e-02  -1.4622218e-02  -3.1080656e-01   5.3060683e-02  -3.8927362e-01   2.4315624e-01   3.0406612e-01  -4.6492851e-02  -1.5635865e-02   4.0067253e-01   2.7777213e-01   9.3401760e-02   3.5745206e-01   2.8440165e-01  -1.7467791e-01   1.0772588e-01   2.4629656e-01   1.5537286e-01  -1.9793390e-01   5.2198230e-01   2.8032919e-01  -1.3170647e-01   3.2374510e-02   3.4267298e-02  -1.1355972e-01   5.9537491e-03   2.5292293e-01   3.9762455e-01   1.5326251e-01   3.4322841e-01  -6.6434957e-02  -1.0352355e-01  -3.7336383e-01   4.7998867e-02  -9.4344751e-02  -1.5370059e-01   4.5197516e-02  -1.3025299e-01   2.6643624e-01   2.8392764e-02   2.4895967e-01   2.7518614e-01  -1.2046143e-01   7.2929008e-02   2.7091535e-01  -3.5468667e-01   3.7767411e-01   2.3112097e-01  -2.9231725e-01   3.7906554e-02  -8.6605424e-02  -7.6033803e-02   2.7122017e-01   2.9820078e-01  -3.0366001e-02   3.2603109e-02   6.6244647e-02   8.9606384e-02   2.7834790e-01  -9.9781125e-03   4.2682652e-01  -1.8349029e-01   1.4569380e-01   1.6961362e-01   6.7841626e-02   2.5091115e-01  -3.2869496e-01   5.8571562e-01  -3.9041067e-01   3.4873348e-01   1.9932711e-01  -4.1168000e-02  -1.4533989e-01  -1.0358791e-01   1.5546457e-01  -5.0682073e-03   2.7611785e-01   9.2046094e-02   1.3920036e-01   1.4911848e-01  -2.9192494e-01  -2.9208647e-02   3.5911268e-01  -2.2365706e-03   3.4142074e-01  -3.3722065e-01  -4.0254085e-02  -3.4657280e-01  -2.9759438e-01  -4.5009147e-02  -5.2411903e-02   4.2834453e-02   2.1611962e-01  -4.8446026e-02   1.2676595e-01   3.3360554e-01   3.6898287e-01  -4.1634679e-02  -1.8252813e-02  -1.6630350e-01  -1.0765259e-01   1.8421837e-01   2.0453208e-02  -3.4976423e-01  -3.1553103e-01   4.1782631e-01   2.1654459e-03   1.5741588e-02   2.5082329e-01  -6.4028600e-02  -1.2758198e-02   4.1228469e-01   3.9792351e-02   1.7879354e-01   2.1763631e-01  -2.1829234e-01  -1.6575753e-01   4.8596981e-02   5.0415145e-01  -4.0480990e-01   4.0503175e-01  -1.9112759e-01   1.6685826e-01   3.4706617e-02   2.2214326e-01
  -8.8478789e-02   4.7628045e-01   2.8699869e-01   3.5487102e-01   0.0000000e+00  -1.2167467e-01  -3.4701590e-01   3.1402166e-01   1.6414452e-01   1.7099709e-03  -1.4472202e-01  -2.0917749e-01   4.7961606e-01  -3.9984708e-01  -4.4687345e-01   1.6806371e-01   4.2723159e-01  -1.7643339e-01   1.6448930e-01   8.7551988e-01  -1.3561160e-01   2.7780003e-01  -1.3235208e-01  -3.0500202e-01   1.1122890e-01   2.2326973e-01   4.4777869e-01  -4.7753927e-01   5.6374717e-01  -5.5475824e-01   3.2809145e-02   4.3439691e-02   2.0150777e-01   1.3416758e-01   6.7101697e-02   6.7643813e-01  -2.0441616e-01   2.8920419e-02   3.0437956e-01   7.7151297e-01   5.0073753e-01   1.6364096e-01   2.4685732e-01   2.5650883e-01   1.2676683e-01  -3.9167194e-01   2.3173709e-01  -2.3815640e-01   2.9580825e-01   5.2160629e-01  -1.4881374e-01   3.2527752e-01   1.9908290e-01   1.3798110e-01  -4.5315922e-01   1.0481211e-01  -3.3594849e-01   1.8873057e-01   2.6628608e-01  -3.8610988e-01  -3.2958529e-01   3.7003777e-01   4.0681016e-01   4.4446550e-02   2.1594885e-01   3.1043963e-01   1.2320213e-01   2.0181220e-01  -1.0450661e-01   4.9349691e-02   5.1717020e-01   2.1849657e-01   2.0162935e-01   1.3537572e-01   2.9728798e-01   2.5525274e-01  -4.2093399e-01   2.4426987e-01   7.4737136e-01   2.3592783e-01   3.9509862e-02  -2.0879888e-04   2.2487814e-01   2.1141705e-01  -4.1748743e-01   6.6969996e-02  -1.9528053e-01  -4.1492267e-01   4.7860888e-01  -2.8222203e-01   8.2913623e-01  -5.1646515e-03   6.0516328e-01  -7.6811709e-02  -3.3421717e-01   7.5758989e-01   3.7095572e-01   1.7270143e-01   4.7568031e-01   1.3908403e-01  -4.0720826e-01  -4.5414134e-01  -9.2093974e-02  -5.6684523e-01  -3.2473646e-01   1.7482458e-01   2.5479323e-01   1.9346486e-01  -2.6717657e-01   1.1100788e-02   2.6938477e-01  -3.2312941e-01   2.1959108e-01  -9.6645694e-03  -1.0602668e-02   6.1915954e-01   3.5532704e-01   3.0452952e-01  -2.8810903e-01   1.5112819e-01  -5.9124821e-01   8.1923092e-01   3.3398365e-01  -3.0837638e-01  -2.7338689e-01  -6.0049538e-01  -2.7010360e-01   1.8696153e-02  -6.0521514e-02   1.4698810e-01   2.2289280e-01   1.1000791e-01  -6.9251277e-02   9.3523456e-02   3.7073619e-01   2.8476264e-01   5.2033091e-01  -2.8924216e-01   2.1256831e-01  -1.0980986e-01  -4.2589400e-01   1.2596342e-01  -2.7721285e-01   1.2519824e-01  -2.1023947e-01  -2.5560214e-01   4.3693180e-01   3.4925401e-01   1.4897379e-01   4.5267973e-03  -2.9325705e-01   1.6708439e-02  -2.3392255e-01   2.0675029e-01   5.7025901e-01  -2.1804302e-01  -5.5394574e-01   1.2113742e-01   1.5749542e-02  -1.3138076e-01   2.4955415e-01   4.1201056e-02   4.8691909e-01  -6.4431399e-02   2.8431296e-01   9.1416231e-02  -6.8964605e-02  -3.0940828e-01  -3.5884715e-01   6.9793849e-01   6.0006392e-01  -4.5994785e-01   6.5967071e-02  -8.6668267e-02   2.2778110e-01   4.2142754e-02   1.1572738e-01
   2.6970627e-02  -1.5624218e-01   5.0082785e-01  -1.1313269e-01  -1.2167467e-01   0.0000000e+00   3.6714470e-01  -1.9017914e-01  -3.0677981e-01  -4.1543477e-01   3.1903681e-01   2.5105051e-01   5.7852639e-02   4.7549148e-01   3.4684107e-01   2.5812249e-01   2.4010225e-01   3.4914412e-01   3.2117270e-01   3.5978163e-02   2.3912506e-01  -4.0283360e-01   3.7182149e-01   5.9803183e-03   3.1436872e-01  -1.3202757e-01  -9.5216048e-02   4.2220656e-01  -3.1096183e-02   2.6157179e-01   1.4766361e-01   7.4463143e-02   2.7889219e-01   2.4046830e-01  -2.3252123e-01   4.0847723e-02  -9.4864209e-02   4.2574735e-02   1.9609716e-01   9.7878519e-02   1.7252558e-01   1.6792840e-01   2.9433372e-02  -7.4412776e-02   7.6534093e-03   3.4931448e-01   3.0059234e-01   2.9883984e-01   1.5893563e-01   9.1573613e-02   2.9955246e-01  -3.1490528e-01   9.5982587e-02   4.7001104e-01   4.2851928e-01   2.8171478e-01   1.1472115e-01  -4.0314714e-01   6.7641496e-02   1.5299185e-01   4.3300069e-01   1.0447389e-01  -1.8728251e-01   1.8074937e-01  -5.5400505e-02   1.4369687e-02   7.7319472e-01   9.9037913e-02   1.4138816e-01   5.9964301e-01  -3.4401011e-01   1.4093339e-02   1.4085703e-01  -2.8593313e-01   3.0148938e-01  -4.1410245e-01   3.8971572e-01  -2.2583180e-01  -2.6891934e-01   2.8425666e-02   6.9820715e-02  -7.0971452e-04   2.7045997e-01  -2.5095309e-01   5.0641509e-01  -4.3273297e-01  -3.8106056e-02   4.8269032e-01  -9.7765004e-02  -1.4224426e-01  -3.1378457e-01   4.8964142e-01  -1.1423611e-01   1.4093102e-01   4.4352911e-02  -1.5626129e-01   2.0286042e-01  -1.3590740e-01   2.5586128e-02  -2.5546169e-01   5.7744019e-01   3.2347479e-01  -5.3360007e-02   1.5299909e-01   6.4323333e-02  -1.7192832e-01   4.1272408e-01  -7.4229598e-02  -8.7169184e-02   5.1191703e-01   9.6580851e-02  -4.1920646e-02   1.3028607e-01  -1.1417195e-01   1.6939387e-01  -1.6650962e-01  -4.2190768e-01   6.4673398e-02   6.0386068e-01   1.3180329e-01  -4.4345766e-02  -2.6161866e-01  -2.5386832e-02   5.5886575e-02   2.9592939e-01   2.8848675e-01   1.8225245e-01   2.3111220e-01  -8.1115736e-02   4.9903196e-01   4.9355590e-02   3.0383822e-01  -9.5173392e-02  -7.6980762e-02  -4.2078128e-02  -3.6681016e-01  -7.5632783e-02   2.6741477e-01  -3.2313271e-01  -1.7514098e-01   7.3197472e-02  -2.9769523e-02   1.9880607e-01   4.7719090e-01  -2.0210443e-02   2.4142505e-01  -2.6253944e-01   3.6697777e-02   2.4840133e-01  -1.8926870e-01   5.5694281e-01  -2.4751563e-02   4.4559227e-01  -2.7304111e-01  -1.0261399e-01  -1.4299161e-01   7.9340397e-02   8.0061288e-02   3.7503306e-01   1.5115268e-01   1.3970309e-01  -6.1072578e-03  -4.1545779e-02  -7.2666130e-02  -9.7424385e-02   8.4856849e-02   2.1199444e-01   1.7554589e-01   3.2538989e-01  -8.8749223e-02  -1.2307542e-01  -1.8644354e-01   5.1446324e-03   7.7221819e-01   9.7838907e-02   1.1450370e-02  -2.6777419e-01
   1.1608855e-01  -4.5458198e-01  -1.9152873e-01   6.9677982e-02  -3.4701590e-01   3.6714470e-01   0.0000000e+00  -2.5904491e-01   1.6321215e-01  -3.9763104e-02   5.5572239e-01   3.8013268e-01  -6.8815018e-02   3.8451147e-01   5.3694989e-01   4.4830811e-02  -5.4104496e-01   5.6269498e-01  -1.2317714e-01  -1.0440040e-01   2.5695198e-01  -4.7936126e-01   7.0396792e-01   1.7027106e-01   1.5362261e-01  -1.2281418e-01   1.2442120e-01   4.9792157e-01  -4.5562957e-01   7.0227294e-01  -2.8592008e-01  -2.3995186e-02  -1.2461766e-01   4.5586769e-01   1.3279511e-01   2.2768336e-01   9.0327490e-02  -3.8893372e-02  -1.9243616e-01  -2.6755593e-01   6.5125806e-02   5.6670673e-02   5.8210101e-02  -3.4616369e-01   5.4234125e-01   2.6700018e-01   3.2238685e-01   6.7717694e-01   3.1246123e-01  -6.7538623e-01   5.9761998e-01  -1.5471899e-01   3.0714111e-01  -4.0941623e-01   2.4823594e-01   7.6482226e-03  -8.6627274e-05  -4.7468850e-01   7.1201077e-02   6.5947997e-01   2.1234683e-01   3.8772226e-01  -8.6868999e-02  -5.8837584e-02   3.3133227e-01   4.6099462e-01   1.7445194e-02  -7.4090104e-02   1.6181402e-01   4.5182995e-01  -6.3123350e-01   2.4785310e-01   1.9020586e-01  -4.8701912e-01  -3.6650510e-01  -5.7843900e-01   1.9616970e-01  -3.2130989e-01  -4.9090342e-01  -1.2127236e-01   2.7990506e-01   2.4538493e-01  -1.5325475e-01  -1.7006294e-01   2.2182618e-01  -4.0891798e-01   3.8386884e-01   3.7106951e-01  -5.6105322e-01   2.6422318e-01  -5.1796133e-01  -9.5116403e-02  -2.8488716e-01   7.7159275e-01   1.0358238e-01  -4.9635267e-01  -1.4441271e-02  -1.5816550e-01   3.0301999e-01   2.4643771e-01   2.6787669e-01   6.7809382e-01  -5.0847359e-02   4.6846628e-01   4.9771326e-01  -3.4388007e-01  -1.9094828e-01   2.0923858e-02   4.5804247e-01   3.2804554e-01   1.3369781e-01   8.8783459e-02   2.0711084e-01  -1.1676180e-01   3.9376508e-02  -2.6074252e-01  -3.3085927e-01   2.1928061e-01   6.5287555e-02   2.8904645e-01   1.1735609e-01  -2.8244548e-01  -1.9197956e-01   4.6238989e-01   4.3897199e-01   6.2519179e-01   7.5603302e-01  -1.3063888e-01  -2.9001543e-01   3.7018040e-01  -8.2135339e-02   6.2675853e-01  -2.4375081e-01  -3.3593905e-02  -9.5872869e-02  -5.7213545e-01  -3.8813457e-01   2.7255508e-01  -4.1974199e-01  -5.4148649e-02   3.9825002e-01  -2.1905961e-01   5.1451386e-01   1.2376940e-02   5.6066933e-01   3.2593637e-01  -2.2892211e-01   2.9958553e-01   6.0238146e-01   2.2251114e-01   3.1239141e-01  -2.4176585e-02   9.0907713e-02   1.0706951e-01  -5.9945295e-01   2.2719283e-01   1.7641457e-01   2.6805384e-01  -1.1069649e-01   3.3091925e-01  -1.6335369e-01  -6.3229693e-02  -1.3217428e-01   2.4627899e-01  -3.5386204e-01   2.4351359e-01   6.2459957e-01   2.1630490e-01   1.8163199e-01  -6.0308946e-01  -8.3077597e-02   2.4355997e-02   5.8941231e-01   6.2671598e-02   6.7615507e-02  -3.0575229e-01  -4.9253104e-01
  -7.7672710e-02   1.5038343e-01   1.6458054e-01   2.9657878e-03   3.1402166e-01  -1.9017914e-01  -2.5904491e-01   0.0000000e+00  -2.2075332e-01   7.6361138e-02   5.0686982e-02  -5.7377157e-02   3.3727966e-01  -2.5914136e-01  -1.5103229e-01   1.6354572e-01   2.3054269e-01   8.2538229e-03   6.2075452e-02   2.5229314e-01  -7.5785995e-03   5.7308755e-01  -1.3367752e-01  -1.3854957e-01   1.7463161e-01   5.5534991e-01   1.5738669e-02  -3.5608358e-01   6.5732513e-02  -1.4492190e-01   9.5489737e-02   3.7793571e-01   1.6348403e-01  -1.9298633e-01  -1.7985874e-01   1.1907696e-01   2.4654654e-02   2.7461482e-02   3.8048184e-01   1.8182133e-01   2.5036258e-01  -5.9272798e-03  -1.0055583e-01   6.1457630e-01  -4.5504648e-02  -8.2487943e-02   3.7688143e-03  -1.5987303e-01  -3.9909907e-02   2.3904747e-01   3.8846578e-02   5.5081200e-01  -1.1299877e-01   4.7441061e-02  -2.5592488e-01   2.3291908e-01  -3.4692528e-02   1.9982925e-01   4.1124030e-01  -9.9576522e-02   5.1155087e-02  -6.3397697e-02  -2.1400394e-02   2.6836477e-02  -2.8792936e-02  -3.9791666e-02  -4.9585830e-02   2.2928103e-02   1.5863143e-01  -1.2059720e-01   2.7792940e-01  -6.7947671e-02   1.6962869e-01   1.6886452e-01   7.8218269e-02   4.9049046e-01  -8.0322866e-02   5.8021615e-01   1.5498893e-01   1.7439966e-01  -9.5996425e-03   2.6837288e-02   1.1911483e-01   7.9079260e-01  -2.1952438e-01   3.7439778e-01  -2.1096371e-01  -2.0663645e-01   1.2169028e-01  -2.1396282e-01   2.2282459e-01   1.2810008e-01   1.2850066e-01  -1.6630923e-01  -1.3554490e-01   2.2700651e-01   2.3056502e-01   2.6635823e-01   4.5821858e-02  -3.4113285e-02  -2.0192156e-01  -2.0163325e-01   3.4179205e-01  -3.4587421e-01   3.2643719e-02   3.4567760e-01   1.0113337e-01   5.0621045e-01  -1.3318455e-01  -4.7199932e-02  -3.9618300e-02   1.8439866e-01  -9.3566114e-02   2.7674207e-02  -2.3844287e-01   2.3394095e-01   5.2097325e-01   2.4560099e-01  -3.1341608e-01   9.2390693e-03  -1.3283184e-02   1.5234675e-01   2.1031167e-02  -8.1627564e-02  -1.3069562e-01  -2.8189337e-01  -7.6087252e-02  -7.1613423e-02   7.1244747e-03  -3.9337118e-02   2.2423332e-01  -8.1156052e-02   6.2629438e-02   9.5779210e-02   3.3183815e-02   5.1001727e-01   1.9462461e-01  -1.5293201e-02   4.1487514e-01  -2.0874221e-01  -1.5918329e-01   3.2277987e-01   6.2490928e-02  -2.1098835e-01  -7.4315042e-03   1.9569341e-01   9.2547675e-02  -1.0318890e-02  -8.2830448e-02   5.3377338e-02  -2.7554540e-01   4.6399179e-01  -2.1629751e-02   1.9444240e-02   1.7266921e-01  -4.2795674e-02  -1.1129632e-01   1.5185335e-01   1.9130647e-01   2.3568613e-01   1.1296046e-01   3.5229057e-01   2.2395041e-01   2.3889679e-01   4.3513317e-01  -4.7135448e-02  -7.1059866e-02  -1.4802943e-01   4.5460438e-02   3.3398064e-01   6.2371732e-02  -2.5300106e-01  -8.4226570e-02  -1.0200599e-01   3.2099394e-02   5.1668110e-02   1.7082674e-01
   3.6093250e-01   2.6336262e-02  -1.8027808e-01   2.7442954e-01   1.6414452e-01  -3.0677981e-01   1.6321215e-01  -2.2075332e-01   0.0000000e+00   1.7299427e-01  -6.9054139e-02  -6.0414748e-03   3.5342582e-02  -1.8206558e-01  -1.5371622e-01  -3.2803392e-01  -2.5773302e-01  -1.6271785e-01  -1.7910048e-01   1.4887821e-01  -3.3519067e-01  -1.4324421e-01   4.3744768e-02   1.1245475e-01  -1.5064204e-01  -1.0076613e-01   1.4767098e-01   9.3614659e-02  -7.1524719e-02  -8.4659226e-02  -4.5088556e-01  -4.6123036e-01  -5.1927646e-01   2.1592523e-01   2.9980918e-01   2.5836074e-01  -1.8011835e-02   9.3741724e-02  -3.2822671e-01   5.5243203e-02   4.4105508e-02  -2.4575811e-01   2.1005315e-01  -5.3159243e-01   4.7930490e-01  -9.3323941e-03  -3.6799643e-03  -8.2477913e-02   1.3744914e-01  -3.2272850e-01  -1.1175746e-01  -9.7220114e-02   2.4702622e-01  -5.4168152e-01  -3.4336563e-01  -3.9305216e-01  -2.5975878e-01  -1.7153205e-01  -1.3359647e-01   5.0688928e-02  -5.8704159e-02   3.2779886e-01   5.1081726e-01   1.1635539e-01   5.3092627e-01   3.7377294e-01  -3.9266936e-01  -1.2726520e-01  -3.7622674e-01   9.3090597e-02  -3.8455363e-02   4.4037768e-01   9.5369289e-02  -3.3501258e-02  -3.6130886e-01  -1.7287652e-01  -1.1671890e-01  -2.4377105e-01   2.3381571e-01  -2.2393587e-01   2.2124671e-01   3.3373457e-02  -4.6780428e-01  -1.8615156e-02  -1.2941053e-01  -1.2286393e-01   1.5959140e-01  -1.6371614e-01  -1.6991457e-01   3.6985251e-01   2.6146139e-01  -1.2308070e-01   1.8341699e-01   5.0154917e-01   4.5766408e-02   1.2099482e-02  -1.4384880e-01  -1.0624433e-02   4.1817718e-01   2.2144554e-01  -9.4661831e-02  -1.8519726e-02  -3.6975924e-01   8.8726996e-02  -1.4046805e-01  -2.8332924e-01  -5.3638628e-01   9.5513643e-03   1.6709838e-01  -3.4811022e-01   1.4822683e-01  -3.8625878e-01   3.1018601e-01   1.2163334e-01   2.4329939e-01  -5.7937260e-02  -1.0145770e-01   1.4297609e-01  -2.2831807e-01   2.3869161e-01  -4.8167975e-02   3.8626038e-01   1.6634541e-01   9.1392893e-02   2.3777873e-01  -6.2737253e-02   1.2323625e-01  -4.4613190e-01  -1.5160170e-01  -8.4326075e-02  -2.3949404e-01   1.3869551e-01   2.4339554e-02   1.3453680e-01   3.5397459e-01  -7.0124822e-02  -1.0123455e-01  -4.4155735e-01  -1.6829702e-01  -1.0060302e-02   1.9866089e-01  -1.6069516e-01  -1.6219750e-01   7.2697360e-02   1.6935083e-01  -4.8304885e-01   3.2908135e-01   3.5640850e-01   2.3398612e-01  -3.5037644e-02   7.9461193e-02  -3.5227946e-01  -1.1686059e-01   5.3761709e-01   1.2693921e-02   4.4144029e-02  -2.1110168e-02  -3.6371995e-02  -1.6319274e-01  -1.8276669e-01  -2.1427349e-01  -2.4453466e-01   1.4404359e-02  -1.3823057e-01  -4.5168573e-01  -4.7847125e-03   2.5767633e-01   1.9211556e-01  -8.8469844e-02  -2.3805911e-01   2.8015339e-01  -1.2745193e-01   5.0047141e-01  -5.4046644e-01   1.7302223e-01  -1.2439223e-01  -1.1739392e-01
   2.3210209e-01  -1.5919457e-01  -1.9535675e-01   6.0538176e-02   1.7099709e-03  -4.1543477e-01  -3.9763104e-02   7.6361138e-02   1.7299427e-01   0.0000000e+00  -2.3968319e-01  -4.9298575e-02   5.3504004e-02  -2.3073951e-01  -6.4506960e-02  -4.2337048e-02  -2.9360001e-01  -1.6041861e-01  -2.7295990e-01  -4.2248997e-02  -1.7270892e-02   4.1343902e-01   1.9341482e-02   1.0919321e-01  -1.3301728e-01  -3.1315949e-03  -2.3002512e-03   3.5099594e-02   2.9857070e-01  -1.1891466e-01  -7.0382770e-03  -6.2315387e-02  -2.4147398e-01   2.1598904e-01   3.4860870e-01  -5.5817011e-02   2.7512948e-01   1.1422558e-01  -1.1284312e-01  -6.6704635e-02  -2.7079547e-02  -3.7330107e-02   1.1600860e-01   2.4045594e-02   1.7124664e-01  -3.6703417e-01  -2.2053821e-01   2.1422833e-03  -2.4720549e-01  -1.3580647e-01  -9.5838094e-03   2.8900158e-02  -7.5907907e-02  -2.1896580e-01  -1.4033292e-01  -1.0225782e-01  -3.6491313e-02   1.1800294e-01  -1.1589672e-02  -1.5744454e-01  -4.0578751e-01   7.4873259e-02  -5.2660957e-02   1.0945108e-01  -1.5370198e-01   1.9819613e-01  -5.1638413e-01  -3.3261653e-01  -1.1067136e-01  -2.8686328e-01   1.7847239e-01  -1.4616278e-01   1.4532909e-02   2.5914521e-01  -3.7284769e-03   5.4657684e-02  -3.8894604e-01   1.2712433e-01   3.8513442e-02  -3.1263908e-01   3.8872410e-01   1.8139283e-01  -9.6347448e-02   1.8201489e-01  -1.9822997e-01  -5.8557458e-02   4.3391745e-02  -1.8383372e-01  -5.4270491e-02   3.1248430e-01   3.0159162e-02  -3.4047056e-01   2.9176086e-01  -7.4386169e-03  -1.2477905e-01   8.1473449e-02  -3.2366955e-01   2.8773329e-02  -1.6347145e-01   5.9174303e-01  -3.3478906e-01   5.8739846e-02   5.0791451e-02  -1.7757652e-01  -6.0878844e-02   1.1413020e-01  -3.7648471e-01  -1.2799014e-02   3.8944898e-01  -2.3419619e-01   3.0060000e-01  -1.3092068e-01  -2.7522559e-01   3.1905218e-01   3.4091474e-01   2.0616505e-01   9.0465695e-02   2.1210247e-01  -1.7098044e-01  -7.1319520e-02  -1.3310246e-01   1.5835952e-01  -1.8224962e-02   1.5466309e-01  -1.4507959e-01   4.4334012e-02  -2.1825133e-03  -3.3663325e-01   6.8235391e-02  -3.3959617e-01   4.9801831e-04  -5.5738029e-02   1.0433116e-01   3.2443141e-01   1.1803017e-01   1.3381363e-01   1.8656208e-01   6.7920427e-02   9.1368294e-02   2.3755603e-01   6.0096197e-02   2.4992782e-02  -2.4058309e-01   5.0638388e-03   2.8854915e-01  -7.0872429e-02   3.7596648e-01  -3.9138902e-02  -9.7432730e-02   4.9669458e-01  -6.0806306e-02   1.9718379e-01  -2.6103701e-01   2.0025255e-02  -6.6201161e-02   4.5889083e-02  -1.9222804e-01  -5.8715914e-02  -3.7159469e-01  -1.2216557e-01  -3.4483299e-01  -8.6198118e-02   3.1287110e-01  -1.2435111e-02  -3.5220210e-02   2.5385204e-01  -1.2965283e-01  -2.5876381e-02  -3.5003008e-01  -5.4926784e-02   1.3603440e-01   8.1501181e-02   8.2138737e-03  -4.1485401e-01  -9.0264347e-02  -2.5461259e-01   1.6791567e-01
  -2.0148144e-01  -4.2118723e-01  -2.2438410e-01   2.5885299e-01  -1.4472202e-01   3.1903681e-01   5.5572239e-01   5.0686982e-02  -6.9054139e-02  -2.3968319e-01   0.0000000e+00   1.0985606e-01   1.3943638e-01   3.9542667e-01   5.9062854e-01   3.4840668e-01  -4.6305498e-01   8.5478194e-01  -6.7607530e-02   2.5315469e-02   3.6961866e-01  -3.2747934e-01   6.1332942e-01   5.0810821e-03   3.7070649e-01   1.3110788e-01  -2.6546542e-02   1.9243298e-01  -2.6207855e-01   6.1418050e-01   7.2145282e-02   3.6039456e-01   1.3152313e-01   2.2311934e-01  -3.1956568e-01   3.6506783e-01   1.5611350e-01   6.8571619e-02   1.6220294e-01  -3.0240281e-01   3.0859467e-01   1.1468220e-01  -2.0408743e-01   6.1300365e-02   4.7896743e-01   2.5953668e-01   6.3397732e-01   4.3189349e-01   4.4350573e-01  -5.6923865e-01   7.2066490e-01   1.2600847e-01   3.1065873e-01  -7.4184122e-02   2.7099684e-01   2.4275422e-01   4.3106577e-02  -2.0384301e-01   3.1743593e-01   5.1149284e-01   3.1255503e-01   4.2856552e-01  -1.3233306e-01   1.3787573e-01   4.6680436e-01   1.6767553e-01   1.6438877e-01   1.1058822e-01   5.9497829e-01   2.5572041e-01  -6.8561812e-01   3.2504626e-01   2.8534279e-01  -5.7560920e-01  -2.3027214e-01  -3.6741845e-01   2.4538931e-01  -9.3800147e-02  -3.7507040e-01   1.3521920e-01  -8.0412641e-02   2.1429057e-01   1.1797449e-01  -1.5047515e-03   7.5020814e-02  -1.5157330e-01   2.0158217e-01   3.9530059e-01  -2.5251499e-01  -1.2622090e-01  -3.1222679e-01   3.0441843e-02  -3.0410455e-01   4.8243336e-01   5.2240095e-02  -4.0450167e-01   3.6489561e-01  -3.1572148e-01   2.6127150e-01  -6.2574214e-02   1.2967135e-01   5.3936558e-01   6.5460910e-02   3.8661834e-01   7.6199092e-01   8.2644281e-02   1.3264604e-01   2.4545067e-01   3.2499430e-01   6.7339277e-01  -6.1882018e-02   2.3308639e-01   2.7029726e-01  -1.9138426e-01  -3.0962177e-01   1.1720442e-03  -1.5292591e-01   3.4486874e-01  -5.2886818e-02   4.7924314e-01   2.9772514e-02  -2.1326565e-01  -1.9165691e-01   5.8192766e-01   2.7581556e-01   3.6497969e-01   7.3117019e-01   1.7107278e-02  -1.2425756e-01   2.1214496e-01   9.5750087e-02   6.5684836e-01  -4.4022594e-01   6.3588650e-02  -1.5308547e-02  -3.5991146e-01  -2.7174230e-01   2.3131864e-01  -2.0859689e-01  -3.1960440e-01   4.3407965e-02  -1.5978095e-01   5.7370356e-01  -2.9931459e-01   4.6567710e-01   5.3532304e-01  -6.1120538e-01   4.5886369e-01   6.3044030e-01   2.3389402e-01   9.9418163e-02   1.3139359e-01   1.6022246e-01   3.2650630e-01  -6.1476486e-01   2.0521414e-02   1.2118156e-01   4.5305333e-01   7.5106495e-02   3.7511782e-01   2.2588453e-01   2.0136878e-01  -1.6007145e-01   4.1687922e-01   8.2833628e-02   2.4998733e-01   4.9921732e-01   1.1081763e-01   2.6567348e-01  -2.8043859e-01   1.8641849e-02  -1.1533561e-01   5.7438768e-01   2.3005165e-01   1.0654575e-01  -1.5519979e-01  -2.5344959e-01
  -5.4452934e-02   2.3025234e-01   3.0512711e-01   3.1478450e-02  -2.0917749e-01   2.5105051e-01   3.8013268e-01  -5.7377157e-02  -6.0414748e-03  -4.9298575e-02   1.0985606e-01   0.0000000e+00  -6.9925900e-02  -7.6705471e-02   4.3579145e-01   2.8404106e-01   1.8975328e-02   2.3833392e-01   4.8569450e-02  -8.7508503e-02  -1.0816324e-01  -2.9251365e-01   5.0562761e-02   1.1725718e-01   3.6713850e-01  -2.2997075e-01   1.8377728e-01   2.8623697e-01  -2.9281438e-02   2.1614659e-01  -7.8107398e-02   1.2604931e-01  -6.7914649e-03   4.9814880e-01   6.1303829e-01  -1.4332727e-01   8.8624564e-02  -2.0439569e-01   2.7976639e-01  -7.8947025e-02   2.1379212e-01  -1.2115485e-01   6.0717638e-01  -1.0002527e-01   3.5628921e-01   2.4904937e-01   1.2606348e-04   1.2239905e-01   1.3825105e-01  -8.4641699e-02   2.0680058e-01  -3.0053357e-01   3.9255613e-01  -2.5995204e-02   2.7217074e-03  -1.3372336e-01   6.6142784e-03  -3.7160722e-01   4.2773755e-01   4.6958972e-01   2.6273319e-01   2.6364014e-01   1.9064385e-01   2.8108218e-01   2.5458862e-01  -3.8588234e-02   1.2254908e-01   2.7543178e-01  -9.3752828e-02   5.1206048e-01  -6.5809707e-02   4.1736168e-02   4.5279861e-01   6.4068533e-02  -6.3139368e-02  -2.7853628e-01   1.6560962e-01  -3.3191820e-02   5.1551284e-03   3.5467966e-01  -7.4697199e-02   4.6093107e-01  -9.2014003e-02  -4.6106817e-02   3.9040369e-01  -1.3862456e-01   2.3066287e-01   9.2034926e-02   1.3290803e-01   1.2737213e-01  -2.7347864e-01   3.5770996e-02   1.4034737e-01   2.3839804e-01  -6.1366850e-02  -4.2579331e-01   3.3031648e-01   1.6364980e-01   3.4064358e-01   1.0386481e-01   4.0115863e-01   6.8894002e-01  -4.3776104e-01   2.4879794e-01   1.1266414e-01  -1.3651810e-01  -7.1806512e-02   8.9233539e-02  -8.0000626e-02  -3.6224283e-02   4.8908754e-01  -9.4930162e-02   3.2446437e-01  -4.4348006e-01   1.6786534e-01   6.7926765e-02  -3.0092239e-01   3.6681951e-01  -3.6650333e-02   4.9945769e-02   8.0356777e-03  -2.0254211e-01   3.3230733e-01   3.1333410e-01   1.9249134e-01   2.6748136e-01   4.9147876e-01   6.3279723e-02  -4.1415035e-02   3.0400937e-01   2.6557996e-01   2.3049607e-01  -1.9383179e-01   2.2982449e-01   3.0640600e-01  -2.7408430e-01   1.5370006e-01   1.2699274e-01  -2.8815414e-01  -2.2438675e-01   1.3737898e-01  -1.6772745e-01   3.5616684e-01   5.7114756e-02   4.4102512e-01   2.7974934e-02   1.9468225e-01  -1.4860827e-01   2.0491050e-01  -8.0541304e-02   4.5355089e-01  -2.3910113e-01   1.8183211e-01  -5.2384809e-02   6.5283304e-02  -1.2585951e-01   1.3070103e-01   3.8999859e-01  -5.0016680e-03  -2.4505257e-01   1.7956688e-01   1.9127706e-01  -2.5907349e-01   4.7791760e-02  -1.9275278e-01   5.9071440e-01   4.7861459e-01   2.2560627e-01   3.2518943e-02  -8.1560626e-02   1.7873875e-01  -5.7145064e-02   1.7679634e-01  -4.1963154e-02   2.5871210e-01  -1.2684167e-01  -1.8979347e-01
   2.7105908e-02  -4.6510091e-02   2.1680955e-01   2.8766184e-01   4.7961606e-01   5.7852639e-02  -6.8815018e-02   3.3727966e-01   3.5342582e-02   5.3504004e-02   1.3943638e-01  -6.9925900e-02   0.0000000e+00  -1.0903441e-01  -1.8810869e-01   4.7964124e-01   1.1411514e-01   1.5913335e-01   1.6599900e-01   6.0757894e-01  -1.1559567e-01   2.7861447e-01   3.6795873e-02  -3.1206440e-01   1.7660644e-01   2.1611006e-01   8.0080211e-02  -2.2992461e-01   1.8247033e-01  -1.2492731e-01  -1.9024681e-01   6.4986113e-02   3.4348955e-01  -4.4303967e-02  -1.8745639e-01   3.3751243e-01  -1.2922678e-01   2.4845850e-01   4.7028658e-01   3.7927126e-01   7.6049371e-01   3.4937808e-01   1.5464463e-01   1.1556747e-01   3.1043648e-01  -1.8066427e-01   5.3979408e-02  -2.5262332e-01   2.7895078e-01   1.6443632e-01   2.0896449e-01   1.6092594e-01  -5.9109563e-02   2.0251223e-01  -1.8629228e-01   3.7497707e-02  -2.3136186e-01   5.8694846e-02   3.7263606e-01  -1.1173822e-01   2.6557912e-02   4.5930641e-01   1.6392539e-01  -6.8493388e-02   2.0703307e-01   7.2976173e-02   1.0069486e-01   1.4795579e-01   4.8017637e-02   1.8660176e-01  -7.3997885e-02   3.0982749e-01   3.7427929e-01  -1.8996328e-01   3.2797439e-01  -4.0261267e-02  -1.9269242e-01   7.5647491e-02   1.9437497e-01   9.6887617e-02   8.3287934e-03   3.6719607e-01  -6.2112574e-02   3.3896207e-01  -1.9166184e-01  -1.3216260e-01  -2.3499549e-01  -1.5821813e-01   2.1434355e-01  -1.9590282e-01   1.7592379e-01   4.8512401e-02   1.1263328e-01   7.6121548e-02  -1.7225003e-02   2.7934329e-01   4.0224801e-01  -1.1159197e-02   4.1928364e-01  -3.1731628e-02  -2.1804305e-01  -1.8917552e-01  -8.5041257e-02  -2.6442817e-01   9.2268002e-02   2.4835410e-01   2.5242304e-01   2.6090210e-01  -2.2537496e-02  -3.4292481e-02   1.4572842e-02  -1.1204277e-02   2.7229097e-01   1.6747560e-01  -1.1061281e-01   6.9880559e-02   7.5234469e-02   6.6392128e-01  -3.0223619e-01   2.8963744e-01  -3.5873519e-01   3.5347701e-01   3.2086884e-01  -7.0310724e-02  -8.8438435e-02  -2.7289198e-01   6.5597108e-02   2.7146923e-02  -1.5139143e-01   1.7648398e-01   5.8693271e-01   6.8585126e-02  -1.6547622e-01  -1.0100892e-01   3.1831806e-01  -7.1652743e-02   2.5776300e-01  -2.5643611e-01  -1.0377976e-01  -3.0605415e-01  -2.1930796e-01   6.3335027e-01  -2.4706950e-03  -9.7894519e-03   1.1208701e-01   3.9499848e-02   3.6733582e-02  -2.7513872e-02   7.5418909e-02  -9.2151398e-02  -6.9874909e-02   3.0032416e-03  -1.5066451e-02   9.2858969e-02   1.0461767e-01  -2.5181713e-01  -2.5060694e-01   3.2239566e-01   1.2692639e-01  -5.3344545e-02   2.7988809e-01   1.2807174e-01   5.1533690e-02   1.2936663e-01   1.9022026e-01   4.4723905e-02   6.3926678e-02  -7.3781652e-02  -2.4724150e-04   8.6669362e-02   1.7514443e-01  -3.9160662e-01   2.1843944e-01  -2.0054952e-02   1.5562308e-01  -1.1289989e-01   1.1691191e-01
   1.1131981e-01  -3.0889275e-01  -2.4087748e-01  -2.9456473e-01  -3.9984708e-01   4.7549148e-01   3.8451147e-01  -2.5914136e-01  -1.8206558e-01  -2.3073951e-01   3.9542667e-01  -7.6705471e-02  -1.0903441e-01   0.0000000e+00   4.5916813e-01  -4.9907718e-02  -3.3116841e-01   3.6770264e-01   4.2233072e-03  -2.9416265e-01   6.3357142e-01  -2.9845744e-01   4.8187066e-01   4.1014539e-01   1.8392519e-01  -1.3196635e-01  -3.0802358e-01   4.3500452e-01  -4.1866333e-01   6.1225153e-01   2.7025449e-01  -2.0048798e-02  -2.0124251e-02  -1.7565071e-02  -4.0765132e-01  -1.7065835e-01   9.8419881e-02   1.7402134e-01  -1.8812341e-01  -4.7973407e-01   1.5417222e-02   4.7473880e-02  -4.1121452e-01  -1.5429690e-02  -7.0255134e-02   5.1807715e-02   1.6522724e-01   5.5381425e-01   3.2271700e-01  -4.2372605e-01   3.3353538e-01  -3.4860521e-01   1.2111958e-01   1.1306021e-01   8.9307922e-01   3.5958136e-01   1.5179048e-01  -3.9384046e-01  -2.7232064e-02   3.5431490e-01   1.5632775e-01  -1.1894421e-02  -3.9891433e-01  -5.5755664e-03  -4.8598764e-03  -1.0508175e-01   3.0323621e-01  -2.3487178e-01   2.2019489e-01   2.9006430e-02  -4.9922579e-01  -1.3706636e-01  -1.3602467e-02  -3.3751755e-01  -7.3004326e-02  -5.5306985e-01   1.5548389e-01  -1.8296013e-01  -5.5658425e-01  -2.0032843e-01  -1.0280924e-01  -4.6462939e-02   3.0254607e-01  -2.7934519e-01   3.3181731e-01  -4.8248196e-01   4.7914478e-01   7.5173371e-01  -2.6429161e-01   1.0541524e-01  -5.0366736e-01  -3.4328694e-02  -4.9296244e-01   2.5590928e-01   2.7011701e-02  -4.3161961e-01  -5.7847929e-02  -1.6392126e-01  -1.9547150e-01  -1.9231459e-01   4.3056743e-01   3.0847214e-01   2.6045769e-01   5.2000599e-01   3.2238362e-01  -2.9543923e-01   2.7721377e-01   1.0402574e-02   2.0662398e-01   5.4004666e-01  -2.7878114e-01   3.1793906e-01  -1.7853499e-01   1.0906869e-01  -6.7431884e-02  -2.4368923e-01  -3.6926311e-01  -3.4889636e-02   5.9398821e-01   1.1472568e-01   1.6786334e-01  -4.0850811e-01  -2.5643314e-01   3.9808050e-01   2.4100942e-01   6.5053445e-01   2.3214981e-01   1.0427870e-01  -1.4899648e-01   1.4708999e-02  -1.6868883e-01   2.7756282e-01   1.9094552e-02  -3.6357911e-02  -3.2021442e-01  -4.5208511e-01  -4.6950106e-01   4.7610772e-01  -3.9515995e-01   7.5572010e-02   3.1732089e-01  -6.3090825e-02   2.7113363e-01   9.5269477e-02   1.4722782e-01   5.8068259e-01  -6.6122825e-01   1.4827974e-02   2.3717645e-01   1.2079314e-01   3.6806859e-01   1.7160289e-01   3.8903899e-01  -1.8763347e-01  -5.6771886e-01   2.5895702e-01   3.9912981e-01   1.3617337e-01   2.2923830e-02   2.5562207e-01  -1.9447768e-01  -1.7286694e-01  -2.7691804e-01  -4.6064398e-02  -6.0273822e-02  -1.0133127e-01   1.8357317e-01   1.7583919e-01   2.8998010e-01  -3.4963839e-01  -4.1634261e-01   1.1863910e-01   9.3310124e-02   4.8911638e-01   3.8490632e-02  -3.1987197e-01  -3.7616125e-01
