   0.0000000e+00   1.7386239e-01   5.8731850e-02  -1.0644799e-01  -3.0635158e-01  -4.0839960e-01  -1.3884567e-01   6.0500196e-01   4.2735394e-01   4.1352649e-02   3.5763326e-01   4.5462692e-01  -1.4223642e-01   1.4084746e-01   7.0960421e-01  -5.6233792e-01  -1.3521930e-01   2.6697537e-01   1.3014408e-01  -4.5285451e-01  -1.5074672e-01   3.7680296e-01   2.3039651e-01   6.5706874e-01  -1.4926756e-01   4.9931158e-01  -3.9913839e-01   3.0444317e-01   1.4421840e-01   2.9551176e-01   5.3084702e-01   4.3634277e-01  -5.1645232e-01   5.2473621e-02   6.2465350e-01  -1.2109744e-01   7.2821305e-02   1.2369356e-01  -5.5712398e-01  -4.8044558e-01   1.2083384e-01  -4.0573258e-01   2.3138202e-01   5.6281039e-01   4.6108587e-01   6.1411885e-01   2.2994352e-01  -1.7265875e-01  -1.2873631e-01  -2.9106846e-01   3.9734265e-01   5.4838267e-01  -6.9201801e-02  -7.8271115e-02   2.6989185e-02   7.2938639e-01   3.0084691e-01   3.1020578e-01   1.0895799e-01   6.2414513e-01   2.9148292e-01   6.6429537e-02   5.2999174e-02   5.1925584e-01   1.8696637e-01   3.4766505e-01  -2.3002468e-01  -2.6146624e-02   3.9213095e-01   2.5165967e-01  -2.1891940e-01   1.4796123e-01  -9.9577065e-03   6.7287419e-01  -1.6398597e-01   4.8340536e-01   3.0731427e-01   2.8128440e-01  -9.6792422e-02  -3.8521757e-01   5.1946200e-01  -1.2014869e-01   1.7839069e-01   6.8851843e-01   2.6438968e-01   4.5880360e-01   8.0341001e-02   6.3935673e-01   3.1510824e-02   7.3771479e-01   8.0334237e-02   4.9322295e-01  -1.1489367e-01   5.6826658e-01   2.8632904e-01  -3.6636021e-01  -4.3813535e-02   6.1842691e-02  -1.6454341e-01   4.6733635e-01   6.0533014e-02   6.0677028e-01   5.2307497e-01   5.0944128e-01   4.5452022e-01   3.5117446e-01  -2.9404305e-01   2.7430016e-01   6.4674736e-02  -1.7470278e-01   4.8106023e-01   4.3959766e-01  -1.9424769e-01   8.5526171e-01   5.4084032e-01  -3.1561755e-01   4.3159443e-01   1.5956397e-01   4.2885531e-01  -7.5342264e-03   5.9552471e-01  -1.3346292e-01  -8.9913357e-02   3.7071657e-02   7.3841775e-01   7.7731384e-01   4.2273960e-01  -3.9431285e-01   1.9475847e-01  -1.4727474e-01  -4.5198237e-01   1.4475163e-01   7.9910641e-01   1.4407471e-01   3.6367759e-01   4.4927169e-01  -3.4029365e-01   1.8039440e-01   5.0565089e-01   6.6650906e-01   7.1984985e-01  -2.6150706e-01   2.8173876e-01  -6.1321876e-02   6.7860881e-01   3.4785039e-01  -1.6355587e-01   1.9581407e-01  -1.1805648e-01  -2.3392953e-01   7.4872657e-01   6.0096978e-01   5.7800724e-01   3.0423775e-01  -2.7321355e-01   5.1197336e-01   6.3450402e-01   1.1980281e-01   2.6643814e-01   6.2184401e-01  -1.3578125e-01   4.5050499e-01   4.9503050e-02   3.1557974e-01   1.8129873e-01   1.6129763e-01   4.7328696e-01   1.8827332e-01   4.4513557e-01  -2.0226862e-01   7.9234260e-02   2.3365551e-01   2.1305567e-01   1.3646732e-01   1.3368696e-01  -2.7428997e-01   1.7046418e-01
   1.7386239e-01   0.0000000e+00   3.2526690e-01   9.3562870e-04   7.9229060e-02   1.7603938e-01   2.8063935e-01   2.2690405e-01   3.2397402e-01   2.4506553e-01   1.3783583e-01   4.5148439e-01  -2.1753583e-01   4.0813427e-01   3.2669427e-01  -2.1870911e-01   1.7019874e-01   1.0996585e-01  -7.1081541e-02   9.1461722e-02   5.2041313e-01   3.2214487e-01   4.1045573e-01   4.4994205e-01  -1.6599055e-01   3.1536891e-01   1.6172255e-01   2.6923054e-01   6.9298366e-02   4.1617734e-01   4.7678064e-01   4.5334927e-01  -2.8033934e-01   3.2289299e-01   3.4714097e-01   2.2373934e-01   2.4861026e-01   1.4234004e-01  -1.7156830e-01  -7.2258993e-04  -1.1629439e-01  -2.9774980e-01   1.1825628e-01   2.7728938e-01   2.8588444e-01   2.9368242e-01   1.2336310e-01   5.8575650e-01   1.0366847e-01  -5.8780654e-02   1.7242516e-01   2.6367371e-01   5.4360230e-01   1.4251038e-02   1.9232301e-01   3.4420763e-01   2.7189451e-01   3.3929960e-01  -3.7954287e-02   3.1442947e-01   2.0553988e-01   2.0924710e-01   3.8919845e-02   4.2893164e-01   5.5263705e-01   2.1277802e-01   3.2450616e-01   2.8518864e-02   3.3877807e-01   4.1382519e-01   2.8068464e-01   1.4411601e-01   2.8237157e-03   3.3386009e-01  -1.2934707e-01   2.3196574e-01   2.1041388e-01   8.3171353e-02   3.3065429e-01  -4.6923056e-01   3.4317511e-01  -9.2630168e-02   5.3192311e-01   1.4155981e-01   4.5865615e-01   2.5514097e-01   6.0297074e-01   3.4768722e-01   1.0242256e-01   3.4694769e-01   3.7614483e-01   1.4253698e-01   1.6191701e-01   2.4544678e-01   1.6334039e-01  -1.4699602e-01  -1.3886386e-01  -1.0095211e-01   1.2833676e-01   2.8660742e-01   6.4365005e-01   3.9932863e-01   1.3963450e-01   3.6807228e-01   2.4060878e-01   3.3175286e-01  -1.2483514e-01   2.4951421e-01   1.7476185e-01   1.3432378e-01   4.4854608e-01   1.3964852e-01  -3.1050558e-01   2.6267381e-01   4.3350586e-01   1.6895504e-02   1.3965973e-01  -5.4359051e-02   3.9093675e-01   1.9335152e-02   1.9730812e-01   1.3217047e-01   2.1950595e-02   7.0213338e-01   2.5751862e-01   1.8987557e-01   5.3529563e-01  -2.7825836e-01   7.9888136e-02   2.9975322e-01  -2.6678669e-01   5.2799673e-01   3.8776648e-01   6.5092913e-01   2.1336955e-01   2.8941307e-01  -4.5054433e-01   4.1743289e-01   2.6938154e-01   3.2638026e-02   3.9366914e-01  -2.2998976e-01   9.4719286e-02   3.0684243e-01   3.7197379e-01   3.3603425e-01   1.3016022e-01  -1.4303327e-01   9.9974309e-02   4.3020716e-01   3.5507430e-01   3.5167725e-01   2.9802721e-01   1.4572150e-01   1.1073533e-01   1.6587122e-01   7.8438577e-02  -5.3311172e-02   7.6555338e-02   1.6173261e-01  -1.0464797e-02   1.9917945e-01   1.9296997e-01   1.8929988e-01   3.3126802e-01   3.9544416e-01   2.0791806e-01  -2.6254778e-02   2.0551868e-01   2.4832900e-01   1.2562725e-01   1.1558949e-01   1.2628869e-01   4.4835531e-01   9.9336034e-02  -3.7631961e-01   3.2684318e-01
   5.8731850e-02   3.2526690e-01   0.0000000e+00  -2.4320460e-01   4.9188796e-01   6.1174887e-01  -4.2876204e-02   3.5240309e-01   3.5217629e-01   3.5830991e-01  -3.1800478e-01   5.3694610e-01  -3.3599998e-01  -1.1533143e-01  -1.1002897e-01  -3.3558539e-01   8.5218238e-01  -3.2716573e-01   2.5472812e-01   4.2232745e-01  -3.9124715e-02  -3.4875863e-02   1.4971503e-01   2.2471826e-01   2.5306995e-01   2.9784457e-01   5.1748783e-01   2.7443766e-02  -6.5572433e-02  -2.5593372e-01   4.8296198e-02   1.6962090e-01  -1.5179565e-01   3.5796946e-01   2.3835127e-01  -1.0294892e-01   7.3697146e-02  -6.9475360e-02  -3.8038226e-01   4.8033189e-01  -3.4248575e-01  -1.5135290e-01   4.7357328e-01   2.3260163e-01  -2.1231407e-01   1.8003332e-01  -2.5822208e-01  -7.2516197e-02  -9.0270817e-02   5.3251402e-01  -2.4364791e-01   3.7519936e-01   4.7852042e-01   6.4433283e-01   2.0343995e-01   1.1179578e-01   4.3680442e-01   2.3228159e-01  -2.2053715e-01   3.4830759e-01   1.6135883e-01   7.7605158e-02   5.2261886e-01  -7.9363927e-02  -2.1438957e-01  -2.7305682e-01   6.1193730e-01   1.8342785e-01   3.3494333e-01   5.6111184e-01   6.5838074e-01  -1.9575173e-01  -3.3209910e-01   1.3565160e-01   1.7114087e-01   3.1901447e-01   2.5313697e-02   3.9759485e-01   3.1142625e-01  -2.5054802e-01   1.2735720e-01  -4.2291830e-01  -1.0479940e-01   2.6929008e-01   7.2415206e-01   2.5953201e-01   2.9215144e-01   2.1433704e-01   4.7003140e-01   1.2495827e-01   5.3949154e-01   3.9873072e-01   6.5707156e-01   2.3473499e-01  -1.0272424e-01   3.9334487e-01  -6.8133130e-02   4.0007030e-01  -9.6898668e-02  -1.6156087e-01   3.1870585e-01  -1.0989660e-01  -2.0368487e-01   3.4732276e-01  -1.6326004e-01   3.2262262e-01   5.4601151e-01   4.8828263e-01   3.5073610e-01  -1.1688412e-01   1.3311509e-01  -3.1246541e-01  -1.9758514e-01   7.7222089e-03   1.7159188e-01   2.9756275e-01   3.3077986e-01  -1.7184247e-01  -2.3511381e-01  -1.4989162e-01  -1.4476219e-03   5.2201135e-01   5.3024080e-01   3.2133011e-02   1.3670709e-01   2.1305737e-01   2.5377509e-01   9.3021720e-03   8.3982456e-02   1.6032313e-01  -3.8189164e-01  -2.7316367e-02   1.7692996e-01   2.5371976e-01   4.3322700e-01   3.6534672e-01  -2.1859097e-01   7.5722565e-02   3.2105309e-01   4.8073050e-02   1.3084006e-01  -1.7816962e-01   1.8523672e-01   2.3948289e-01   2.4859148e-02  -4.4515159e-02   7.0828210e-01  -4.0021469e-01   3.5558323e-01   8.1654632e-02   5.0558157e-02   9.4380255e-02   1.8820495e-01  -2.4777173e-03   7.3534191e-01  -5.0662507e-02  -1.4147256e-01  -1.6027100e-01   4.0364672e-01  -1.3465017e-01   4.2834040e-02   1.4566857e-01  -3.6054068e-01  -3.3810080e-01   2.4497522e-01   2.2935395e-01  -1.0668683e-01  -2.5754506e-01   9.8240418e-02   5.3309547e-01   5.2807672e-01  -1.0065738e-02  -3.8668110e-01   4.1837976e-02   2.3979047e-02  -2.0294431e-01   2.3272352e-01
  -1.0644799e-01   9.3562870e-04  -2.4320460e-01   0.0000000e+00  -1.9420777e-01   3.6111255e-02   4.5723717e-01  -3.7651377e-01  -2.4063653e-01  -2.4125504e-01   4.0995699e-01  -2.1677948e-01  -9.3756451e-02   2.6986346e-01  -7.1108721e-02   5.2036425e-01  -3.7116191e-01   4.5491610e-01  -9.9732096e-02   6.3404454e-02   8.7200929e-02   4.0767346e-01   1.4237032e-01  -1.7482498e-01   1.0736292e-01  -2.4835988e-01   1.4424572e-01  -4.0729924e-02  -4.3222075e-02   4.7896111e-01  -1.5106271e-01   1.7385038e-01   1.9566360e-01  -8.3135790e-02  -1.0014879e-01   5.5952312e-01   4.3854999e-03   3.1114945e-01   5.3051288e-01   5.7744395e-02   1.6073236e-01   2.0519051e-01  -4.3276798e-01  -2.9898446e-01   4.5857461e-01  -1.3444548e-01   6.0646836e-01   2.2300338e-01   8.4963390e-02  -3.5826316e-05   4.4290956e-01  -4.1340598e-01  -3.4717366e-01  -1.5225647e-01  -1.8386141e-01  -2.3271377e-01  -2.4236384e-02   3.4444326e-01   5.6789401e-01  -2.0419212e-01   1.4973978e-01   2.3378721e-01  -3.6485016e-01   9.1432451e-03   1.8724772e-01   3.1621848e-01   1.3098363e-01   2.6631084e-01   6.3317444e-02  -8.0518074e-02  -4.2749876e-01   6.8374470e-01   2.1241675e-01  -4.2230766e-02   1.1369722e-01  -3.4103568e-01   2.6848910e-01  -2.8291428e-01  -5.7553202e-02   4.1474469e-01  -7.4098396e-02   1.6921375e-01  -1.2113699e-03  -2.6296459e-01  -4.4456996e-01  -3.0329528e-01  -1.0583243e-01  -3.3829981e-01  -2.8053368e-01  -1.0290939e-01  -4.4062339e-01  -1.4264925e-01  -4.0129452e-01  -2.6477215e-01   3.1885095e-01  -2.5075859e-01   4.2286057e-01  -2.0887981e-01   5.2667271e-01   1.6892841e-01  -1.4729851e-01   1.0106285e-01   5.0207301e-02  -1.7006583e-01   4.8479919e-01   3.2858326e-01  -2.2965730e-01  -1.1268013e-01  -3.0123623e-01  -1.1140960e-01   4.7290601e-02   5.1080129e-01   5.2248179e-01  -8.9436882e-02  -1.6245078e-02  -4.7519026e-01  -2.4958395e-01  -1.2769303e-01   1.2047304e-01   8.8575461e-01  -2.3885746e-01  -1.9443759e-01  -2.5684006e-01   9.0654972e-03  -1.7621717e-01  -1.6981625e-01   3.8021947e-02   5.5314032e-02   4.8120370e-01   1.5521038e-01   2.0671655e-01   2.3597645e-01  -1.8073418e-01  -2.9491389e-01  -1.5199932e-01  -3.0281042e-01   2.5773325e-01  -3.3268593e-02  -2.6904006e-01  -3.6745833e-01  -1.5104070e-01  -2.4712245e-01  -6.4356222e-02  -6.1881905e-02  -9.0882992e-02   1.4834803e-02  -3.4530368e-01   9.5916138e-02  -1.1971668e-01  -3.1405829e-02  -1.8538668e-02  -2.1558578e-01  -3.8076978e-02  -1.0855341e-01  -3.8940078e-01  -1.9178945e-01  -1.7601349e-01   5.3730958e-01   8.6910539e-03   1.1296255e-01   2.2112913e-01  -8.5854880e-03   2.1099480e-01   6.3193290e-01   5.8208478e-01  -2.4308586e-01   2.6151895e-01   8.2412807e-02  -1.2553262e-01  -4.3031717e-01  -4.4209364e-01  -8.0344820e-02   5.3383915e-01  -2.3973410e-02   3.8093969e-01   1.4327409e-01   6.3709959e-01
  -3.0635158e-01   7.9229060e-02   4.9188796e-01  -1.9420777e-01   0.0000000e+00   5.3295826e-01   5.0083025e-02   5.9382103e-02   2.6237635e-01   4.5720549e-01  -3.7105675e-01   7.6945938e-02   1.5672732e-01  -4.2025505e-01  -3.0691509e-01  -5.4762163e-02   5.6875618e-01  -3.2946253e-01   7.6551174e-02   8.4983799e-01   1.5329849e-03  -1.4963054e-01   7.9914758e-02  -2.4200494e-01   2.3452370e-01   5.0471347e-02   6.1140693e-01  -2.0660802e-01  -8.6931677e-02  -2.8540013e-01  -1.7864419e-01  -8.7782313e-02   1.0353301e-01   4.0632393e-01  -6.7071838e-02   2.5424169e-01   1.4480736e-01  -2.7108300e-01  -3.6173680e-02   5.8731024e-01  -4.8550125e-02   2.1690891e-02   3.2342750e-01   1.1306088e-01  -2.9268666e-01  -2.7796595e-01  -3.0389897e-01   4.5701995e-02   2.2867732e-01   5.6042653e-01  -3.6229213e-01   7.9462183e-02   3.1843886e-01   3.8221244e-01  -3.7020611e-02  -2.7132099e-03  -6.2866486e-03  -4.5050021e-02  -2.3413951e-01   2.2526563e-02  -1.8653729e-01   1.3058787e-01   5.3770175e-01  -1.1426651e-01  -2.1800137e-01  -1.8608648e-01   3.7663461e-01   3.3256498e-01   6.7778934e-02   1.5763013e-01   6.6989854e-01  -1.9528765e-01  -3.6918397e-02  -4.2712283e-01   2.5749638e-01   9.5186035e-02  -2.5021414e-01   2.4163675e-01   5.3052687e-01   1.6674405e-02  -1.2051408e-01  -5.2464442e-02  -2.2000545e-01  -3.1462053e-02   3.7450073e-01   4.5632774e-02   1.4526914e-01  -2.4718096e-01   5.8297557e-01  -3.6201450e-01   6.1895565e-01  -3.1444307e-02   5.9512361e-01   3.1735270e-02  -3.3306680e-01   8.4805058e-01  -4.4957466e-02   2.4894554e-01   2.1516837e-01  -2.3522849e-01   1.4786992e-02  -1.5416860e-01  -3.0379519e-01   1.1552468e-01  -3.6172619e-01  -1.3578348e-02   5.4110433e-01   3.0701159e-01   4.4778776e-01   3.3432969e-02  -1.7896299e-02  -4.0904880e-01  -8.4470567e-04  -4.0475223e-01  -3.1261798e-01   5.4780513e-01   1.2795876e-01   7.9680825e-02  -5.1951132e-01  -2.8913474e-01  -3.4739186e-01   7.8360609e-01   5.8776177e-01   7.4100236e-02  -2.9500229e-01  -2.8400188e-01  -3.6803893e-02   2.0963240e-01  -2.0112802e-02   4.9500358e-02   1.5285308e-01   7.7234196e-03  -2.2168134e-01   2.0972665e-01   2.2868537e-01   1.1631078e-01   1.3341937e-01  -1.2332687e-02   1.6893834e-02  -2.3084676e-01  -2.2549420e-01   2.4770590e-01  -9.0218553e-02  -9.9724627e-02  -2.5461087e-01  -9.1999178e-02   6.3601281e-01  -5.2959389e-02   5.7082700e-01   1.7810342e-01  -4.1085940e-01  -1.3239766e-01  -2.6210929e-01   2.1782965e-01   6.7671078e-01  -3.8974185e-01  -4.6266930e-01  -2.0321861e-01   8.2554543e-02  -3.5560136e-01   2.0211360e-01  -4.5218675e-02  -1.7065039e-01  -3.3539624e-01   2.1811363e-02   2.4741948e-01  -1.5618391e-01  -3.3697463e-01  -3.1479874e-01   5.5964030e-01   5.8779262e-01  -2.6740222e-01  -5.4369162e-02  -3.0176544e-01  -7.5087660e-02  -5.1335313e-03   4.2490031e-02
  -4.0839960e-01   1.7603938e-01   6.1174887e-01   3.6111255e-02   5.3295826e-01   0.0000000e+00   1.3860680e-01  -1.3690887e-01  -1.3846547e-01   2.8455966e-01  -3.7551024e-01   7.5024299e-02  -1.8254715e-02   6.2957732e-02  -5.0196547e-01   2.4342991e-01   6.8276227e-01  -4.4397065e-01   2.2598360e-01   6.6864008e-01   1.5042969e-01  -5.9187172e-02   2.8386811e-03  -2.6837681e-01  -1.5491843e-02  -6.3769902e-02   7.8199660e-01  -2.2628071e-01  -2.5573640e-01  -1.5588566e-01  -2.5858684e-01  -1.6163591e-01   3.0492940e-01   3.7017234e-01  -2.7034438e-01   9.4466645e-02   1.5827244e-01  -6.8921311e-02   2.3754492e-01   7.5404986e-01  -7.0023031e-02   1.4673793e-01   2.2790232e-02  -7.3028476e-02  -4.1831080e-01  -3.0069821e-01  -2.6048104e-01   1.5732747e-01   1.1146615e-01   5.3555209e-01  -3.8882458e-01  -8.4446016e-02   3.6154147e-01   4.7170808e-01   1.2127965e-01  -3.1715229e-01   2.3867809e-01   2.1206747e-02  -1.3932797e-01  -1.6496043e-01  -2.6368730e-01  -5.6232877e-02   4.0153674e-01  -3.2467299e-01  -2.5605546e-01  -2.2487866e-01   8.5028820e-01   7.0511411e-02   3.4678452e-02   3.2577455e-01   6.0965911e-01  -1.7813713e-01   4.1745584e-02  -2.9836394e-01  -5.5687301e-02  -1.6420057e-01  -2.7782534e-01   1.2170828e-01   1.3099782e-01  -7.3661657e-02  -2.7278724e-01  -1.7592087e-02  -7.8722135e-02  -2.3518672e-01   4.0102183e-01  -2.0968878e-01   3.2868605e-01  -3.5652079e-01   3.5354320e-01  -3.4363702e-01   3.4959230e-01  -2.3387960e-01   5.6693180e-01  -3.0470880e-01  -2.6081809e-01   5.1252654e-01  -2.1164444e-01   3.0268095e-01   7.8163995e-03  -2.7048313e-01   3.0121640e-01  -3.7070306e-01  -2.8874312e-01  -3.8749035e-02  -3.0590007e-01   6.9720550e-02   5.6277921e-01   3.4973178e-01   2.6233664e-01   2.7338931e-01  -1.2261252e-01  -4.2137532e-01  -1.3826564e-01  -4.4752892e-01  -1.9459382e-01   4.8432198e-01   8.6869850e-02  -5.2420579e-02  -2.0752388e-01   4.2966558e-02  -3.6717311e-01   3.1844512e-01   2.9472185e-01   2.4809965e-02  -3.5563889e-01  -3.1990351e-01  -3.4495231e-02   1.0056221e-01   8.0342635e-02   4.6364566e-01   6.3722662e-02  -8.2595962e-02  -3.1723292e-01   2.2566711e-02  -4.6043398e-03  -1.2464752e-01  -9.4076128e-02   3.6089109e-02  -2.0150603e-01  -3.2807101e-01  -2.0633430e-01   8.4367382e-02  -7.4402710e-03   3.4365252e-01  -4.4680022e-01  -2.0028418e-01   6.0988783e-01  -1.7289019e-01   4.4888442e-01   1.3311496e-01  -3.5058436e-01  -1.7403282e-01  -2.1117098e-01  -1.1711070e-01   6.8434988e-01  -1.5662452e-01  -4.8378458e-01  -9.3648791e-02  -4.9427282e-02  -4.5094027e-01  -1.6862558e-01  -1.1863837e-01  -3.9016683e-02  -3.3127878e-01   1.4748327e-01   1.7630283e-01  -3.3652451e-01  -3.5625142e-01  -2.0611519e-01   4.9019045e-01   2.4274429e-01  -9.5319973e-02  -3.7112978e-01  -8.0540151e-03  -1.4955000e-01   6.7352522e-02   2.4998464e-01
  -1.3884567e-01   2.8063935e-01  -4.2876204e-02   4.5723717e-01   5.0083025e-02   1.3860680e-01   0.0000000e+00  -3.7305490e-01  -2.1503663e-01   2.6455040e-01   1.2777783e-01   1.2170206e-01   5.1328911e-02   3.3233821e-01   7.4816654e-02   3.4240918e-01  -2.4724235e-01   4.8989763e-01  -3.2710953e-01   3.2972742e-01   5.6455663e-01   6.2730964e-02   6.9581872e-01  -7.6857653e-02   4.9413775e-02  -2.3897078e-01   3.3990324e-01   3.9055643e-01  -1.3842523e-02   2.2710325e-01   1.1898255e-01   1.8099265e-01  -6.3018754e-02   4.1530952e-01  -1.5357998e-02   7.2937322e-01   1.1827575e-01   2.3898774e-01   3.2924084e-01   8.2194588e-02   2.4743097e-01  -1.4566460e-01  -3.9022190e-01  -2.0746486e-01   3.4947088e-01  -8.6702443e-02   4.4603049e-01   6.1176067e-01   2.2441944e-01  -5.2008696e-02   3.8259524e-01  -4.0339961e-01   2.2245434e-01  -1.1810264e-01   1.2355801e-01  -1.1550421e-01  -1.0887851e-01   1.3826552e-01   4.2423374e-01  -6.5143066e-02   1.0141467e-01   5.2219402e-01  -4.0911858e-01   1.6613900e-01   4.3394543e-01   3.6317696e-01   1.4787927e-01   1.3484833e-02   1.9964092e-02   2.2587983e-01  -1.1213684e-01   3.4676297e-01   3.3906654e-01  -1.5517509e-02  -7.6965825e-02  -2.9592000e-01   2.7400111e-01  -3.6842004e-01   3.3612007e-01   1.1427478e-01   3.5777133e-01   1.1916035e-01   2.0279241e-01  -3.0551920e-01  -2.2682130e-01  -2.7981951e-01   1.4853250e-01  -1.9463788e-01  -2.3723172e-01  -5.3464614e-02  -1.5888393e-01  -2.3391405e-01   1.0814960e-02  -1.9913991e-01   2.6045617e-01  -1.7401541e-03   4.4300388e-01  -3.2340792e-01   6.8823695e-01   5.4267242e-01   2.4036471e-01   2.7743141e-01  -5.3199717e-02  -1.7580848e-01   1.5393460e-01   1.9930027e-01  -2.4787219e-01  -1.2458907e-01   3.7800554e-02   1.3145454e-01   2.0377765e-01   2.9360214e-01   2.7863758e-02  -8.1980351e-02   3.5694919e-01  -2.7609541e-01  -3.1031042e-01   1.5183284e-01   2.6374614e-01   4.5514463e-01  -2.2856802e-01   1.8014614e-02  -1.0347845e-01   3.7582892e-01  -1.4607150e-01  -2.4710905e-01   4.1321947e-01  -6.0285828e-02   1.0046624e-01   3.8483190e-01   5.8829941e-02   6.3408541e-01  -1.2378165e-01   1.2724599e-01  -2.5219666e-01  -2.2092445e-01  -3.6957703e-02   4.3602441e-01  -2.2271567e-01  -4.7017236e-01  -1.2935924e-01  -2.4160877e-01  -3.2481174e-01   1.4059362e-01   6.9109932e-03   1.6526697e-01  -5.3371546e-02  -1.2950055e-01   1.8283842e-01   4.6379308e-01   1.6087567e-01  -1.6841121e-02   1.5801155e-02   1.6431145e-02  -2.4107778e-01  -1.5363658e-01  -3.5592569e-01   5.6352776e-01  -1.3774349e-01   1.7545797e-01   6.6998266e-02  -1.6003204e-01   3.7719169e-01   3.7198725e-01   2.9387699e-01   2.2515901e-01   1.3758676e-01  -2.3493351e-01  -8.9449876e-02  -7.7173503e-02  -1.7741849e-01  -2.2609843e-01   3.4682994e-01   1.2021513e-02   2.2043739e-01  -4.1743668e-01   2.6954979e-01
   6.0500196e-01   2.2690405e-01   3.5240309e-01  -3.7651377e-01   5.9382103e-02  -1.3690887e-01  -3.7305490e-01   0.0000000e+00   7.1368053e-01   3.3911100e-01   2.7008814e-01   5.4721383e-01  -2.3289475e-01  -2.3392269e-01   5.7115551e-01  -8.1604292e-01   2.5430483e-01   4.1449607e-02   3.3513904e-01  -2.3711516e-01  -1.9946532e-01   4.0344412e-01   1.2498299e-01   5.2335222e-01   4.5613166e-02   8.3751683e-01  -1.8015717e-01   1.0954906e-01   1.5309823e-01   1.1496565e-01   5.6841693e-01   5.5591763e-01  -5.6577021e-01   3.0401981e-01   7.2844333e-01  -2.6211170e-01   1.8214486e-01  -3.2375112e-01  -8.3309676e-01  -1.4519158e-01  -3.9617259e-02  -5.0407899e-01   6.2698812e-01   8.3871107e-01   1.8049920e-01   4.5948072e-01  -2.5524545e-02  -3.4726162e-01  -1.8217831e-01   7.2564384e-02   1.6936765e-01   9.4977979e-01   2.3077760e-01   8.2503208e-02  -1.3751973e-01   7.0933907e-01   4.8964748e-01   4.4527357e-01  -6.4228712e-02   8.2515393e-01   1.0988344e-01   5.7485477e-02   4.4367988e-01   5.4012577e-01   3.1043338e-02   1.0553792e-01   2.8653144e-03   5.8389809e-02   7.4958226e-01   2.0208403e-01   2.1921907e-01  -1.3117734e-01  -2.5812189e-01   3.8689205e-01  -4.3823129e-02   8.7009761e-01   9.6631658e-03   7.7062492e-01   1.7588358e-01  -5.6023415e-01   3.8027717e-01  -3.6752848e-01   1.7390108e-01   9.1192882e-01   4.7246893e-01   8.4589612e-01   1.3532004e-01   5.9925750e-01   3.0381552e-01   4.6704431e-01   4.6512295e-01   4.8797767e-01   2.9432328e-01   7.8523970e-01  -1.4734245e-01  -1.3775876e-02  -1.9863003e-01   5.5205527e-01  -3.6735942e-01   9.5702328e-02  -1.1697896e-02   4.7328578e-01   5.0569480e-01   7.6263334e-01   3.6817408e-01   5.6367183e-01  -5.4474830e-02   7.1732236e-01   2.5375759e-01  -2.4783016e-02   5.4240143e-01   1.7279302e-01  -4.2790827e-01   5.2569430e-01   2.0246020e-01   7.8805478e-02   7.6797398e-01   5.1497261e-02   9.7702721e-03  -3.0862202e-01   3.6272294e-01   2.6184944e-01   2.7577003e-01   8.6287375e-02   5.9295487e-01   7.4985736e-01   3.6795498e-01  -5.1637923e-01   2.7661535e-01  -2.8925231e-01  -5.9615580e-01   1.2116374e-01   7.4533689e-01   3.9786497e-01   6.0107701e-01   8.5443115e-01  -4.2864966e-01   4.1599658e-02   8.9040942e-01   5.4054853e-01   5.1451478e-01  -2.2553014e-01   5.8332531e-01  -4.9148489e-02   6.6930626e-01   4.4746300e-01   2.5273026e-01   2.2512188e-01   2.6316224e-01  -5.2993597e-02   3.1128626e-01   6.4772972e-01   3.0899662e-01   4.6726933e-01   2.5929513e-01   1.7134516e-01   3.4744882e-01  -1.6630910e-01   9.6829325e-02   5.0807537e-01  -4.0401220e-02   7.6993217e-01  -5.8885217e-02   1.2330133e-01   2.6777827e-01   3.1392192e-01   4.6170046e-01   2.3489955e-01   7.1536321e-02   1.7643720e-01   5.5306481e-01   2.9595818e-02  -1.5657630e-02   1.3818508e-01   5.7997039e-02  -2.6823477e-01   2.0982380e-01
   4.2735394e-01   3.2397402e-01   3.5217629e-01  -2.4063653e-01   2.6237635e-01  -1.3846547e-01  -2.1503663e-01   7.1368053e-01   0.0000000e+00   1.9863049e-01   1.3237793e-01   4.3035997e-01  -3.0673008e-01  -3.5256380e-01   3.7359196e-01  -7.5141642e-01   2.0596279e-01  -3.4276080e-02   1.8126622e-01   2.0733866e-02  -2.9136561e-01   3.3839070e-01   1.0833705e-01   5.1160964e-01   1.7011685e-01   6.1711928e-01  -1.5192168e-02   1.3445781e-01   1.8849350e-01   1.2266395e-01   4.0148459e-01   5.2219375e-01  -5.7791985e-01   2.6642116e-01   8.0303758e-01  -8.7624411e-02   2.9715433e-02  -1.7504495e-01  -7.5076440e-01  -4.4132822e-02  -2.3552762e-01  -4.4468309e-01   7.4176396e-01   5.9878071e-01   2.4532064e-01   4.4151854e-01  -4.0964760e-03  -2.8342528e-01  -1.6404880e-01   1.3486171e-01   9.6029952e-02   7.0874939e-01   1.2490050e-01   7.2826720e-02  -2.1631325e-01   5.9653402e-01   3.8860096e-01   4.7006502e-01  -1.0714972e-01   7.5536460e-01   2.6364202e-01  -4.3294106e-03   4.9217721e-01   3.9024380e-01   7.2237718e-02   4.4822894e-02  -5.3351159e-02   2.3424837e-01   6.0238730e-01   3.3738438e-01   2.2392614e-01   4.1074228e-02  -4.7688159e-01   2.2600354e-01   1.1220403e-01   7.0986529e-01   1.7663897e-01   4.8396172e-01   4.0461441e-01  -4.3995751e-01   4.1550498e-01  -4.5185890e-01  -4.2443346e-02   6.6966015e-01   3.5565111e-01   6.6418935e-01   8.3461530e-02   5.2856780e-01   3.9856368e-01   3.7127822e-01   5.0687344e-01   5.6061517e-01   1.9834323e-01   8.9435733e-01   9.2816974e-03   1.7865709e-01  -4.3876808e-02   3.9049309e-01  -9.1607760e-02   9.1631067e-02  -1.6039651e-01   3.7037405e-01   2.4903343e-01   8.1380498e-01   2.4669991e-01   4.8145843e-01  -8.5066432e-02   5.7032455e-01   1.8340483e-01  -3.1728856e-01   3.4216599e-01   1.3089927e-01  -2.1728935e-01   3.7415028e-01   8.7529074e-02  -2.2217188e-02   5.5492098e-01  -1.0649509e-01  -2.0521713e-01  -2.1633265e-01   3.5158493e-01   5.0217163e-01   4.9617556e-01   6.8743044e-02   4.7543079e-01   5.5539751e-01   2.8546065e-01  -4.7315458e-01   3.0636566e-01  -2.0377561e-01  -5.5288735e-01   9.8475299e-02   5.7472105e-01   4.7244569e-01   8.0854349e-01   6.9413600e-01  -3.2236818e-01   3.5857427e-02   7.1819854e-01   3.5549514e-01   4.5328469e-01  -2.0505474e-01   3.9791176e-01  -1.9660806e-01   6.0384917e-01   1.2660916e-01   2.7731485e-01   1.5465918e-01   2.5909047e-01  -1.3073925e-01   1.3440941e-01   4.4296308e-01   2.5671097e-01   4.0435419e-01   3.1514880e-01   1.8698047e-02   2.8583285e-01  -1.9674075e-01   1.7530789e-01   3.2921775e-01   2.3662087e-01   5.6297328e-01  -2.7699752e-01   9.1287641e-02   2.6932002e-01   2.0922903e-01   4.1158028e-01   1.9674496e-01   1.4064091e-02   9.6090770e-02   6.4322678e-01   1.5267589e-02   1.5793252e-01  -2.3958325e-02   1.8147013e-01  -2.8785397e-01   2.3088296e-01
   4.1352649e-02   2.4506553e-01   3.5830991e-01  -2.4125504e-01   4.5720549e-01   2.8455966e-01   2.6455040e-01   3.3911100e-01   1.9863049e-01   0.0000000e+00  -1.0595116e-01   4.3058225e-01   1.6404705e-01  -8.5692072e-02   1.9771193e-01  -3.1657649e-01   3.3986031e-01  -7.9388702e-02   1.5665393e-01   3.9451437e-01   3.4870389e-01   1.0576330e-01   5.7352600e-01   2.1731332e-02  -9.5272904e-02   2.6049386e-01   3.2932389e-01   7.1466611e-02  -7.1459913e-02  -4.7208631e-02   3.1673869e-01   5.2712775e-02  -4.1610400e-01   5.6675820e-01   2.5653340e-01   1.7734977e-01   3.9142392e-01  -2.6786430e-01  -2.9860055e-01   1.5056676e-01   4.7692890e-02  -5.2001327e-01   2.2829354e-01   3.5358380e-01  -6.2773694e-02  -1.2704378e-02  -1.0914923e-01   1.3178355e-01   2.6009512e-01   1.3619056e-01  -1.0409540e-01   2.9842037e-01   5.4061054e-01   9.7689045e-02   1.1396821e-01   1.7310374e-01   1.3879975e-01   1.5490485e-01  -1.6113218e-01   3.5093138e-01  -1.4158569e-01   4.4046836e-01   2.5364995e-01   3.1368299e-01   1.2442310e-01   2.0076001e-01   2.6875650e-01   8.3816101e-03   3.2530470e-01   1.8034039e-01   3.8707394e-01  -2.5648342e-01   9.8658634e-02  -4.3311683e-02  -2.3330968e-01   2.6130581e-01  -1.8223418e-01   2.4641273e-01   4.6200966e-01  -4.1183022e-01   1.6325517e-01  -4.6792901e-02   1.0693871e-01   2.2036124e-01   3.4247868e-01   2.3735687e-01   2.8297892e-01   5.5755112e-02   2.3052804e-01  -5.1184438e-02   4.9282111e-01  -9.4682717e-02   6.2139526e-01   2.0006164e-01  -2.3262773e-01   3.9227486e-01  -1.5593157e-01   3.3675606e-01   1.7269121e-02   3.0740951e-01   3.2630194e-01   2.2792384e-01   8.8241551e-02   3.1557403e-01  -1.3233597e-01   1.7198072e-01   1.4309599e-01   4.1759054e-01   6.3392452e-01   3.0839053e-01   2.7712638e-01  -8.9872631e-02  -3.9289097e-01  -4.6029687e-02   1.0331983e-01   3.2776391e-01   2.1249920e-01   2.1370556e-01   3.4001325e-02  -3.0144967e-01  -1.8324631e-01   4.3383059e-01   3.4516285e-01   2.5323826e-01  -1.8048507e-02   8.5636496e-02   3.9397702e-01  -1.3994321e-01   1.6219367e-02   3.1994249e-02  -1.3389139e-01   2.8245970e-01   1.7669639e-01   4.8338091e-01   1.5046685e-01   3.0600261e-01  -3.0063886e-01   2.0398254e-01   2.5685222e-01  -8.5386369e-02   2.0732921e-02   1.0004101e-01   4.7198631e-02   1.6708136e-01   1.5468269e-01   3.2562461e-01   3.5776873e-01  -5.9337564e-02   6.3638933e-01   4.9370914e-01   3.5562522e-03   2.4183589e-01  -1.1767813e-01   2.5394424e-01   3.3897122e-01  -1.2799873e-01  -2.8775650e-01  -5.9375355e-02  -1.0239539e-01   6.5954399e-02  -5.4064650e-02   1.8773952e-01   2.3796969e-01  -1.4255372e-01   9.1723666e-02   4.6318836e-01  -4.2445346e-02  -2.8359201e-01  -9.9617843e-02   5.0484833e-01   4.6292347e-01  -1.9464979e-01  -1.3614317e-01   7.7761815e-02  -1.5296458e-01  -3.6450970e-01   1.3341317e-01
   3.5763326e-01   1.3783583e-01  -3.1800478e-01   4.0995699e-01  -3.7105675e-01  -3.7551024e-01   1.2777783e-01   2.7008814e-01   1.3237793e-01  -1.0595116e-01   0.0000000e+00   9.9322281e-02  -8.1112211e-02   1.1847872e-01   4.8732305e-01  -4.1353577e-02  -5.2279283e-01   6.8753901e-01  -1.5135782e-03  -3.4867312e-01  -2.0952079e-02   5.0941599e-01   2.0326285e-01   2.6803159e-01  -7.3612961e-02   3.1804613e-01  -3.7550513e-01   9.3021270e-02   1.1849576e-01   5.4353028e-01   3.8286180e-01   4.4757849e-01  -2.0396834e-01  -2.0201505e-01   3.6888430e-01   4.2455372e-01   4.9148709e-02   2.5138457e-01  -4.6981674e-02  -4.3153406e-01   3.6900974e-01  -2.4063175e-01  -6.6318501e-02   3.5693769e-01   6.5572942e-01   3.4632061e-01   7.7476909e-01  -2.2702810e-02   2.3526223e-02  -3.5204300e-01   6.8188189e-01   1.3079263e-01  -2.7691028e-01  -4.4578772e-01  -3.4296212e-01   4.1036692e-01   2.6926272e-01   3.6127083e-01   5.8237650e-01   2.9315043e-01   2.8920717e-01   3.1994352e-01  -3.0650002e-01   5.3171931e-01   3.7845309e-01   6.6439819e-01  -2.0932964e-01  -1.0476590e-02   5.0326762e-01  -9.6798501e-03  -5.4155290e-01   4.1856794e-01   1.8020701e-01   3.8843501e-01  -5.8038306e-02   1.2615708e-01   3.8017832e-01   1.7314404e-01   4.4182971e-02  -4.5242489e-02   1.8302680e-01  -2.3498596e-02   3.7672971e-01   3.7362190e-01  -3.4165084e-01   2.0934466e-01  -1.7240791e-01   1.1216012e-01  -3.2553378e-01   3.8508596e-01  -1.8506076e-01   1.2481436e-01  -4.8480624e-01   2.3614247e-01   4.0134644e-01  -3.6538823e-01   2.8705446e-01  -4.1026845e-02   2.4365725e-01   2.9692443e-01  -2.4457526e-01   4.8817732e-01   5.1658226e-01   1.4812470e-01   7.2325295e-01   4.8486957e-01  -5.9472180e-01   1.8013332e-01  -3.6932553e-01  -4.2633614e-02   4.7472231e-01   7.0511456e-01   7.4213490e-02   4.2631803e-01   2.1779907e-01  -5.3924551e-01   1.5821695e-01   3.7890453e-02   3.6133070e-01   4.7155718e-01   2.0823475e-01  -1.4170050e-01  -3.5053367e-01   1.1455199e-01   3.9350702e-01   3.5341587e-01   1.8022830e-01  -4.0585802e-01   3.0244621e-01  -2.5830959e-02  -1.7916311e-01   5.1013449e-01   3.0680024e-01   7.4832745e-02   2.3431275e-02   2.0730537e-01  -9.7670797e-02   3.8668381e-03   2.7006923e-01   1.6642047e-01   3.0642727e-01  -3.2362641e-01   3.8792326e-01   1.0495385e-01   4.4340328e-01   3.3380143e-01  -4.6997590e-01   4.6787842e-01  -3.2704024e-02  -1.4896537e-01   3.3067171e-01   2.9720011e-01   2.8799283e-01   3.6894638e-01  -4.9584393e-01   1.4653344e-01   2.8032385e-01   4.8564665e-01  -6.5782719e-02   5.2514917e-01   1.1432833e-01   5.9191188e-01   4.3148102e-01   7.1418438e-01   4.5215550e-01  -5.3010137e-02   6.9201046e-01   3.5049015e-01   9.1770758e-02  -5.2277502e-01  -1.4863201e-01   3.9271435e-02   5.8795824e-01   2.6430664e-01   3.0805387e-01  -1.2870772e-01   3.9834366e-01
   4.5462692e-01   4.5148439e-01   5.3694610e-01  -2.1677948e-01   7.6945938e-02   7.5024299e-02   1.2170206e-01   5.4721383e-01   4.3035997e-01   4.3058225e-01   9.9322281e-02   0.0000000e+00  -2.9042835e-01   1.3356118e-01   5.5815172e-01  -4.9393569e-01   2.6168674e-01   1.1436850e-01  -2.1726537e-02  -5.4780324e-02   1.0801512e-01   2.8664034e-01   3.8836240e-01   6.2211177e-01   1.4490861e-01   4.8372782e-01  -3.4246608e-02   4.1225659e-01   1.8726453e-02   9.9936982e-02   4.8222872e-01   5.0584924e-01  -4.7737947e-01   2.5381192e-01   6.1087451e-01  -6.6157622e-03   1.1711573e-01   2.0189288e-02  -5.7310087e-01  -1.6692523e-01  -9.6245269e-02  -3.3021682e-01   4.9052035e-01   4.5149710e-01   2.5000459e-01   5.0948247e-01   6.7866209e-02  -1.0450486e-01  -7.7255431e-03  -4.5906510e-02   2.5385258e-01   4.8578625e-01   3.7320965e-01   3.0117249e-01   2.9437453e-01   5.0695053e-01   4.9419929e-01   4.3802341e-01  -2.6516285e-02   6.9294890e-01   2.8164153e-01   3.3211813e-01   2.9849520e-01   2.8818114e-01   1.7089095e-01   2.9242592e-01   1.7640364e-01   5.4091871e-02   4.9669900e-01   4.3733418e-01   1.6853793e-01   4.4251520e-02  -2.4964167e-01   5.5080857e-01  -3.0497382e-02   4.9281446e-01   2.1293651e-01   3.4503845e-01   3.2896838e-01  -5.2306419e-01   4.9288628e-01  -3.9334968e-01   2.0113464e-01   4.7010629e-01   5.4561072e-01   4.6807275e-01   2.1175861e-01   6.1850205e-01   2.5051193e-01   5.3638551e-01   4.8137164e-01   4.3717364e-01   3.8267808e-01   5.1250033e-01   1.5142400e-01  -4.8680629e-02   8.1470625e-03   2.1128863e-01  -9.3232945e-02   3.3318920e-01   2.6930941e-01   3.8585191e-01   2.0636661e-01   4.8278141e-01   2.3239614e-01   4.7398496e-01   1.4383142e-02   3.9851575e-01   3.1760753e-01  -5.9612534e-02   5.3726535e-01   2.3536591e-01  -3.7101222e-01   4.6731775e-01   5.1525452e-01  -3.4518405e-02   3.6231392e-01  -3.4879099e-02   1.4482670e-01  -9.1694427e-02   3.9364182e-01   2.8886457e-01   3.5698322e-01   2.1973282e-01   4.9844919e-01   6.2225077e-01   6.3144213e-01  -3.5438359e-01   2.2491633e-01  -1.1456359e-01  -5.4093990e-01   2.7959271e-01   6.4985559e-01   3.2704739e-01   5.0105187e-01   5.4220314e-01  -5.0756238e-01   6.9065705e-02   5.3843658e-01   3.5197294e-01   4.9069057e-01  -2.5330314e-01   2.9924744e-01   3.5066927e-01   5.7470577e-01   2.9450794e-01   2.2977763e-01  -1.2773486e-01   2.8301793e-01   1.8247638e-01   5.2256683e-01   3.4437762e-01   5.3319407e-01   7.1326798e-02   1.8632614e-01   1.7268401e-01   2.1459800e-01  -2.0169442e-02   2.7063888e-01   3.7973482e-01  -4.4291666e-02   3.8305765e-01   6.2074169e-02   8.6043496e-02   2.7010602e-01   3.6585093e-01   2.7264485e-01  -3.0088086e-02   3.5341936e-01   2.5102869e-01   4.0859744e-01   1.1470512e-01  -1.9333555e-01   4.2850648e-01   6.6070598e-02  -4.5810282e-01   2.4632203e-01
  -1.4223642e-01  -2.1753583e-01  -3.3599998e-01  -9.3756451e-02   1.5672732e-01  -1.8254715e-02   5.1328911e-02  -2.3289475e-01  -3.0673008e-01   1.6404705e-01  -8.1112211e-02  -2.9042835e-01   0.0000000e+00  -9.9142074e-02  -1.4740719e-01   3.1142544e-01  -1.9334529e-01  -6.2111963e-02  -8.5282764e-02   1.9393615e-01   1.8302952e-01  -1.0753020e-01  -6.4129625e-02  -2.8742214e-01  -4.5449594e-01  -2.4107713e-01   1.6166194e-02  -1.2936488e-01  -2.2570696e-01  -1.4188967e-01  -1.6651565e-01  -4.6654480e-01   3.3561871e-01   2.7893435e-02  -3.1824320e-01   1.1671528e-01   9.4619368e-02  -1.0734191e-02   3.3762993e-01  -1.3181627e-01   7.0572748e-01   1.8657315e-01  -1.9584156e-01  -1.8693165e-01  -2.2649473e-01  -2.5764710e-01  -6.2386634e-02   1.9784202e-01   3.8339931e-01  -2.4862674e-01  -2.0991665e-01  -2.8548907e-01  -3.4207554e-02  -2.5335077e-01   4.6798580e-02  -1.9477075e-01  -2.5450835e-01  -2.7788103e-01  -1.3893694e-01  -2.6556370e-01  -2.8343442e-01   1.9645663e-01  -1.1646928e-01  -3.0734891e-02  -5.0585908e-02   2.1135362e-02  -8.0642439e-02  -1.7957087e-01  -2.9035905e-01  -1.9265285e-01   2.7592409e-02  -2.2574199e-01   5.9953216e-01  -3.8853349e-01  -3.0755856e-01  -2.2234531e-01  -2.7517517e-01  -1.4998910e-01   7.0281701e-02  -6.0727240e-02  -2.9502260e-01   5.0725209e-01   3.5705053e-02  -2.7267931e-01  -1.9464886e-01  -2.0899264e-01  -5.7063092e-02  -3.3858562e-01  -3.1682857e-02  -3.1474014e-01  -1.1099353e-01  -3.9080241e-01   1.4305576e-01  -2.8097973e-01  -1.3157215e-01   2.3197147e-01  -2.3805126e-01  -8.6923322e-03   9.4453694e-03  -8.1787194e-04  -6.9444399e-02  -1.0403242e-01   8.1477134e-02  -2.5247442e-01  -2.3387143e-01  -4.0625156e-01  -1.7375759e-02  -1.5605342e-01   2.2231718e-01   3.1401219e-01  -2.2984604e-01  -1.9376316e-01  -2.0688566e-01  -2.2286258e-01  -3.8861246e-01   2.9892453e-01  -1.8414045e-01   6.7620650e-01  -1.2927336e-01  -2.8009238e-01  -1.0480633e-01  -3.8905118e-02  -9.4390262e-02  -3.6025725e-02  -2.1361090e-01  -3.2074426e-01  -1.0270712e-01   8.5678306e-03  -1.2526056e-01   7.6611917e-02   6.4436875e-01   7.3790827e-02  -2.5767691e-01  -1.6784509e-01  -2.9029453e-01  -2.7520813e-01  -4.3811549e-02   3.1787151e-02  -2.7868728e-01  -4.4691605e-02  -1.8510319e-01   7.8144689e-01  -1.4187963e-01  -1.0819572e-01  -2.9673989e-01  -5.5802755e-03  -1.1780433e-01  -6.1011097e-03   3.7742992e-02   2.0137457e-01  -3.1907358e-01  -2.0301015e-02  -3.5727618e-01  -1.1013042e-01  -1.3402325e-01   8.0579020e-02  -8.2811449e-02  -7.5406919e-02  -2.9997579e-01  -1.8865955e-01  -2.7485896e-01  -1.7374327e-01   3.3386162e-01  -1.8029815e-01  -3.7273855e-01   1.1928576e-01  -2.5649632e-01  -1.0759576e-01  -2.2931488e-01   1.9269549e-01  -7.6214116e-02   1.3870303e-01   1.5723987e-02  -1.8794600e-01  -5.6173153e-01   1.8228408e-01  -2.5235032e-01
   1.4084746e-01   4.0813427e-01  -1.1533143e-01   2.6986346e-01  -4.2025505e-01   6.2957732e-02   3.3233821e-01  -2.3392269e-01  -3.5256380e-01  -8.5692072e-02   1.1847872e-01   1.3356118e-01  -9.9142074e-02   0.0000000e+00   2.1665525e-01   1.5966689e-01  -1.8364567e-01   1.8261706e-01  -2.2727479e-01  -2.6517518e-01   5.6887632e-01   2.3804188e-01   2.6760515e-01   2.3431808e-01  -2.8653883e-01  -7.2516261e-02  -7.5044714e-02   3.1774183e-01  -8.4783732e-02   4.9461770e-01   3.0841059e-01   1.2844278e-01  -1.1549319e-03  -6.3124559e-02  -7.8432640e-02   5.5410139e-02   1.8500960e-01   2.9770576e-01   2.1069977e-01  -2.0011819e-01   1.9845590e-02  -3.7659056e-02  -3.8443295e-01  -5.9948276e-02   2.4639319e-01   6.4729214e-02   1.8795927e-01   5.4577808e-01   2.8676340e-01  -2.8172020e-01   2.4400303e-01  -1.8498499e-01   1.3011965e-01  -4.1444154e-02   5.9041319e-01   3.7346993e-02   4.7905577e-02   1.7775538e-01   5.9881072e-02  -7.8549401e-02  -9.9068456e-03   1.3918306e-01  -3.5840628e-01   1.8130951e-01   4.9101993e-01   2.1241256e-01   2.1711112e-01  -2.0708662e-01  -1.1134271e-01   4.2240244e-02  -2.0904678e-01   3.3049886e-01   2.5436977e-01   4.0658283e-01  -3.6590189e-01  -1.8387950e-01   6.4723969e-02  -3.0316840e-01  -1.9736314e-01  -1.1663906e-01   1.8400448e-01   2.5370542e-01   5.6503153e-01  -2.2450037e-01   8.2290211e-02  -1.1666886e-01   4.2498794e-01   1.7145794e-01  -2.6321370e-01   2.3816880e-01  -1.6679814e-01  -2.1689282e-01  -2.3932731e-01  -1.9464890e-01   1.7631637e-01  -4.9970764e-01   6.7748653e-02  -3.1060326e-01   1.1073191e-01   4.0381705e-01   5.6990571e-01   1.6397751e-01   2.3243058e-01  -1.2207306e-01   1.5863101e-01   9.5194011e-02  -1.7156091e-01  -1.6263531e-01   5.8878369e-02   2.7276218e-01   2.0862933e-01   2.3298451e-01  -7.3269446e-02   1.9499941e-01   4.7951130e-01  -2.4315264e-01  -2.0159343e-01  -1.1706016e-02   6.3198882e-01   3.2314284e-01   1.1051729e-01  -4.1054448e-01  -3.9861522e-01   4.7108513e-01   9.6881331e-02   9.5361259e-02   3.3185748e-01  -1.5709413e-02   4.1442240e-02   2.5327572e-01  -4.5311248e-02   2.8085061e-01   1.1213579e-01   1.1958538e-01  -2.2477775e-01  -1.3475504e-01  -2.1003141e-01   3.6844520e-01  -1.7446848e-01   3.7729904e-02   2.5511448e-01  -1.8061283e-01  -2.4293505e-01   3.6609978e-01   1.1320234e-01   3.4865634e-01  -2.4201143e-01  -1.2137010e-01  -2.3713656e-01   3.6817010e-01   4.5273056e-01   2.4737218e-01   3.0516078e-01  -1.0721765e-01  -3.6172169e-01   2.5218745e-01   5.9356675e-02   1.0732355e-01  -5.9747881e-02   1.8572956e-01  -1.9149014e-01  -1.7164952e-01   3.9875746e-01   2.5190211e-01   1.2787370e-01   6.6507176e-03   9.4998436e-03  -4.4020487e-02   3.8522178e-01  -1.0398997e-01  -4.9371621e-01   1.1080618e-01   2.3790847e-02   4.2529743e-01   1.8329298e-02   1.1342318e-02   2.4656635e-01
