   0.0000000e+00  -1.2345926e-01  -9.5123421e-02  -2.6829782e-01  -3.1548427e-01  -1.4702689e-01  -9.0381640e-02   1.0054194e-02  -3.4559988e-01  -3.3603496e-01   1.3913836e-01  -2.1801888e-01  -1.0513651e-01  -1.3349505e-02  -6.8876420e-02  -1.9291945e-01   5.0960974e-02  -1.0238484e-01  -3.2597422e-02  -3.3865126e-01   1.2208390e-01  -3.4164806e-01  -9.3559574e-02   2.6590338e-01   1.0141164e-01   1.3173201e-01  -2.9120578e-01   1.3951115e-01   3.0141633e-01  -1.3917972e-01  -1.0572006e-01  -2.2138883e-01  -1.4857900e-01  -1.8587608e-01  -2.2538581e-01  -3.0144896e-01   5.0278263e-02   3.2813057e-01  -2.3932052e-01  -3.1630655e-01   9.8492048e-02  -1.1885414e-01  -1.1260296e-01  -1.0975048e-01  -2.7720924e-01   6.1338211e-01  -1.8477411e-01   7.0194596e-02   8.1858323e-02  -1.3441671e-01  -1.5441239e-01   4.7309129e-02  -5.7579787e-02  -1.0878445e-03   1.8654922e-01  -1.9874333e-01  -4.5058385e-02  -3.3452470e-01  -3.9443542e-02  -3.5914698e-01   6.5816345e-02  -4.4623381e-02  -6.9634557e-02   1.0784705e-01   9.1772083e-02  -1.0050174e-01  -1.2530277e-02  -6.1091172e-03  -1.8102883e-01   1.7006941e-01  -2.8219420e-01  -6.4514386e-02  -5.2636289e-02   2.8759354e-01   2.6932437e-01  -3.9630896e-02   2.4722404e-01   4.1219372e-02  -2.0687819e-01   2.4137808e-01   8.1453892e-02  -3.4155244e-01   1.4798348e-02   1.5504665e-01   4.7915907e-01  -2.9957287e-02  -1.3754244e-04   3.4552545e-02  -7.4324616e-02   7.4005225e-01  -1.5774919e-02   6.6463306e-02  -2.6184063e-01  -3.9721437e-01   3.2525985e-01   9.3038239e-03   4.2283347e-02  -2.5348889e-02  -1.2542564e-01  -2.0751870e-01   1.2955386e-01   9.0538273e-02  -1.2637381e-02  -3.3492854e-01   5.3889723e-02  -2.6114797e-01  -1.0122547e-01  -2.3404521e-02  -2.4775232e-01   1.1169135e-01  -2.7641024e-01  -1.1547314e-01  -2.0577326e-01   7.2467226e-01   7.3203219e-02  -8.5577811e-03   2.4169519e-02  -3.0191595e-01  -6.4239271e-03  -1.9919169e-01   5.1562580e-01  -9.2632243e-02  -2.4408463e-01  -2.3910217e-01   7.3042095e-01  -3.2474972e-01  -4.7244981e-02   8.7920883e-02  -3.2001823e-01   1.4847359e-02  -3.7070997e-03  -1.6456848e-01   4.5828120e-01  -1.3021967e-02  -1.3925865e-01   1.3035919e-02  -7.2315181e-02   2.8227268e-01   5.8365515e-02   5.7030956e-01   5.0800462e-01  -8.4132647e-02   2.5710595e-01  -2.8811036e-01  -2.2512309e-01  -2.4132346e-01  -2.1033186e-01   1.3734113e-01   1.0769634e-01   9.2390956e-02   3.5449120e-01   8.0356617e-02   3.8896756e-01   8.1145568e-03  -3.3422130e-01   4.0874796e-01   5.8907132e-01   7.7449913e-02   9.4751437e-02  -1.4410662e-01  -6.1534567e-02   9.0244755e-02   7.2180248e-02  -1.7347954e-01  -2.2931102e-01  -1.2932146e-01  -1.3521168e-01   3.1229610e-01   4.2367509e-01  -5.1302372e-02  -6.7169462e-02  -3.8007850e-02  -1.7653161e-01  -2.7858440e-01   1.7632222e-01  -2.0218882e-02  -3.5066785e-01
  -1.2345926e-01   0.0000000e+00   6.1430998e-01   2.7868676e-01   6.7624251e-01  -5.8253931e-02   3.2257191e-01   1.1042477e-01   4.2433651e-01   4.2165714e-01  -5.0710689e-01   6.7910756e-01  -2.8777912e-02  -1.6374634e-01  -2.3120879e-01   2.5836601e-02   4.4190658e-01  -2.0022379e-01   9.8968516e-02   6.6359163e-01   1.8897643e-01   7.9845978e-02  -1.3316651e-01  -3.1669502e-01   3.4970417e-01   6.6258464e-02   4.1853150e-01  -1.4219607e-01  -1.5363600e-01   1.9917543e-01  -3.7776723e-01  -2.5629278e-02  -7.7538934e-02   3.8297343e-01   2.9614147e-01   1.4289882e-01   3.4274112e-02  -1.6968816e-01   1.4099689e-02   5.2358852e-01   1.1459381e-02  -4.0640548e-02   4.8789298e-01  -1.2505634e-01   3.0140330e-01  -2.0320340e-01  -1.8826521e-01   4.5404809e-01   5.3843672e-02   6.2639064e-01  -4.7375780e-02  -3.2881270e-02   4.5658474e-01  -2.1054009e-01  -2.6658422e-01  -1.5111739e-01  -2.0681516e-01  -6.0685257e-02   2.0174405e-01   2.4605027e-01  -9.5523400e-02  -5.3272041e-02   5.5989119e-01  -1.0701181e-01   2.5395544e-01   7.1484866e-02   3.1603438e-02   1.4045595e-01  -2.0727843e-01   1.6272556e-01   6.9549679e-01  -2.7421825e-02   6.6169527e-02  -6.9960786e-02  -1.9233843e-01  -1.4601314e-01  -1.4096160e-01   4.0491243e-02   7.1842475e-01  -5.2663654e-02  -1.4278891e-01   1.6472005e-01   2.0048044e-01   1.2938682e-01  -4.9580895e-02  -1.3501962e-01   3.7160396e-01  -1.3767615e-01  -6.0268541e-02  -1.6087705e-01   7.9533929e-01   1.1137773e-02   6.3705413e-01   1.2721061e-01  -2.2747840e-01   2.7534984e-01   7.5526656e-02  -2.8953989e-02   4.1308818e-01   2.0738337e-01  -2.9329594e-01  -1.2555007e-01  -1.4892936e-01   5.4542017e-01  -8.8953147e-02   1.8025697e-02  -1.3332857e-01  -3.7926966e-03  -2.5468248e-01  -1.1477656e-01   4.8718826e-01  -2.6730872e-02  -2.4261353e-02  -3.9646137e-02  -1.8486884e-01   5.7199852e-01  -8.1643415e-03  -3.9548990e-02  -1.7128524e-01   2.2660525e-01  -3.3375109e-01   5.8728287e-01   2.0420258e-01   3.6673942e-01  -2.8150339e-01  -3.2609463e-03   5.1907231e-02   3.1333979e-02  -6.5837735e-02   3.3100148e-01   1.6284263e-01   2.5567108e-01   3.3760106e-01  -1.6728564e-01   1.2953331e-01  -1.5976945e-01  -2.8404192e-01   9.5199870e-02  -1.7035245e-01  -2.6121003e-01  -1.7016995e-01  -1.1528336e-01  -4.2127200e-01  -5.5713583e-02   1.2387787e-01  -1.5382490e-01   2.6372442e-01  -1.1135115e-01  -1.8867932e-01  -3.7220940e-01  -2.2350823e-01  -1.7707739e-01  -1.6672717e-01  -4.4069672e-02   7.7141084e-01  -1.5387166e-01  -3.0159921e-01   1.2480948e-01   1.0999893e-02  -1.3911521e-01  -7.8976363e-02  -4.3349582e-01  -9.5593272e-02  -2.0426331e-01   6.7666596e-02   7.4277796e-01   1.3396133e-02   3.0694268e-02  -1.0936956e-01   5.3274542e-01   5.2370083e-01  -2.2403549e-01  -3.0364894e-01   6.0618281e-02  -1.2213818e-01  -1.4177941e-01   5.8843649e-02
  -9.5123421e-02   6.1430998e-01   0.0000000e+00   4.6817449e-02   6.3981668e-01  -6.6569405e-02   9.3180190e-02   2.6409513e-01   1.7980297e-01   3.4987993e-01  -2.1330090e-01   4.1550053e-01   1.5332494e-01   4.5650880e-02   1.5078147e-02   5.1904020e-02   8.7701268e-01   7.9573078e-02   1.6758724e-01   6.3724933e-01  -3.0491152e-02   3.7711839e-02   6.2955414e-02  -1.5080874e-01   5.1545611e-01   3.0295523e-01   3.1929440e-01   3.3029522e-01  -1.5429196e-01  -6.8711598e-03  -1.8755558e-02   2.2424194e-01  -3.7007843e-02   2.1256029e-01  -8.0551218e-03   3.2405041e-01  -9.1442328e-02  -5.3197584e-02  -2.0628755e-02   5.0055323e-01   1.5906121e-01   1.0862558e-01   4.1772508e-01   7.9877742e-02   2.4797275e-01   1.7568693e-01   3.7053577e-02  -4.9819461e-02   9.0527561e-02   8.6142649e-01   9.5976603e-02   1.7098020e-01   1.8301541e-01  -7.3438174e-02  -9.3890414e-03  -1.7664540e-02   4.7897448e-02  -9.3477818e-02   2.6304774e-01   2.8100397e-02   3.8142374e-01   8.2698401e-02   3.6045162e-01   1.8242461e-01   1.2771594e-01  -5.3884621e-02   1.4058024e-01  -2.0595582e-01   1.2739759e-01   5.3946101e-01   4.7321618e-01  -4.1733291e-02   1.7665133e-01   1.9437378e-01  -1.7879173e-01   8.4042711e-02   3.1460603e-01   2.4458885e-01   6.1267766e-01  -7.2848924e-02   1.9870028e-01   1.3260383e-01   4.6267133e-02   3.7825354e-01   2.8629555e-01   1.1003362e-01   9.0914519e-02  -1.2009563e-03  -1.9931943e-01  -1.9799502e-01   4.3023940e-01   5.1582380e-01   5.2534240e-01   2.2543069e-02   6.5945947e-02   1.4629946e-01   1.5390605e-01   3.4624261e-02   3.3719942e-01   2.9454174e-01   5.9821491e-02   2.7813875e-01   1.6527194e-01   1.9487969e-01   5.1502082e-03   1.4018368e-01  -1.0310279e-01   1.3185984e-01  -1.1078650e-01  -2.6373575e-01   2.7658896e-01  -9.5290274e-02  -2.1122955e-01  -3.1177530e-01   2.0013047e-01   3.7375099e-01   5.0040990e-02   3.5234424e-02  -2.5682644e-02   9.7208134e-02   1.4664380e-02   5.6880731e-01   1.0762165e-01   3.5398873e-01  -3.8144757e-02   9.2691234e-03   1.4793384e-01  -7.4680532e-03  -1.5823520e-01   4.2967919e-01   3.6192086e-01   1.6485918e-01   4.3130676e-01  -6.4051007e-02  -7.5597267e-02   1.5669061e-01  -2.7115222e-01   2.3043118e-01   1.5276700e-01  -3.8553697e-01   2.0289614e-01  -5.3913463e-02  -1.2793782e-01   3.2098682e-02   1.5044904e-01   1.4603396e-01   2.9590280e-01  -1.7500000e-01  -2.1199924e-01  -3.3922933e-01   1.4144242e-01   1.5858569e-01   3.0075848e-01  -1.9572028e-01   6.9894836e-01  -3.1481441e-01   2.9699416e-02   8.5696426e-02   5.3825595e-01   1.0947426e-01  -3.0359898e-01  -1.2369369e-01  -4.4084360e-01   7.8751002e-03   6.3221134e-02   5.9767858e-01   1.0290842e-01   4.0527101e-01   1.8594876e-01   2.3825759e-01   3.6076330e-01  -2.4456846e-01  -2.6364999e-01   5.0773256e-02   2.9839484e-02  -2.0519278e-02  -3.0296267e-02
  -2.6829782e-01   2.7868676e-01   4.6817449e-02   0.0000000e+00   2.3829291e-01   5.6128756e-01   3.4911220e-01  -3.1575575e-01   6.7171990e-01   2.8509313e-02  -1.3746338e-01   4.8617595e-01  -1.4277153e-01   1.4256505e-01   1.9637223e-02   2.9206913e-01  -1.2316939e-01   1.6114747e-01   8.8368561e-02   4.1935835e-01   2.4641781e-01   6.2123548e-01   2.8086234e-01  -2.5379995e-01   4.7424537e-02  -1.2261565e-01   4.9478770e-01  -2.1935572e-01  -1.8957450e-01   6.7548760e-01  -2.6438999e-01   3.4932395e-01   4.7498991e-01   1.6727347e-01   2.3634611e-01   1.4303786e-01   3.2431325e-02   2.5071975e-02   5.1006275e-01   1.5502589e-01  -5.8287270e-02   3.9249664e-01   2.9518074e-01   5.5216631e-02   4.4698882e-01  -3.6795730e-01   3.3837328e-01   1.3722623e-01   1.5378847e-01  -1.7490440e-02   5.8799687e-01  -3.1322180e-01  -1.0800081e-02   3.2383996e-01   1.0861394e-01   3.3634868e-01   1.4266789e-01   6.3675348e-01   4.5540264e-01   6.3498641e-01  -3.2235293e-01  -2.4353914e-02   5.4849520e-01  -1.5586734e-01   2.6308613e-01   3.3878928e-01   4.3520115e-01   2.4522362e-01   2.4008409e-01   7.9178343e-02   3.5649001e-02   7.0640156e-01   2.4565930e-01   2.0371145e-01  -1.0267981e-01  -3.1305117e-01  -2.8375943e-01   5.0457345e-02   1.2458477e-01  -9.5934348e-02  -3.7913901e-01   3.0892310e-01   4.2879311e-03  -2.9749885e-01   2.9823175e-02  -2.3432661e-01   1.3607867e-01  -5.9334241e-03   2.1605430e-01   8.1965689e-02   4.4077935e-02  -2.5389741e-01   2.0921040e-01   6.7712876e-01  -2.4120693e-02  -1.2709494e-01   2.1201480e-01  -8.9542854e-02   1.9193089e-01   2.9937688e-02  -2.7974050e-01  -1.9525425e-02  -7.7041807e-02   6.0224670e-01   4.6336313e-01   5.2853144e-01   4.8452623e-01   1.9418110e-01   3.0612436e-01  -1.3088480e-01   2.9163118e-02   5.8053805e-01   7.2502221e-01   1.7225430e-01  -1.0190501e-02  -3.2013662e-02   1.4785456e-01  -2.0674207e-02   1.2200964e-01   8.8383842e-01  -2.8007091e-01  -1.0752055e-01   4.5463376e-01   3.6014843e-01  -1.8845264e-01   1.2981737e-01   5.3201720e-01   2.4723657e-01   5.7333696e-01   2.5274521e-01  -1.5074479e-01   6.8069681e-02   1.2651045e-01  -2.5154661e-01   7.5101011e-01  -3.2071088e-01  -1.0011802e-01  -1.6644886e-01  -3.0283742e-01  -3.7924839e-02  -3.0515209e-01  -9.4204491e-02  -1.6405937e-01   3.1835546e-01   3.7426781e-01   3.4108784e-02  -1.2907657e-01  -2.8691218e-02   1.8149487e-01  -2.3080900e-01   3.4542139e-02  -4.3480739e-01  -1.7268933e-01  -1.0322339e-01   3.2975051e-01   1.6246225e-01  -2.7645075e-01   3.3815567e-01  -2.0852152e-01  -7.8846200e-02   3.6402098e-01  -1.6576313e-01  -1.8805238e-01   3.8490830e-01   6.6161120e-01   1.0397361e-01  -1.2169654e-01  -3.6768675e-01   9.4383448e-02   1.2182370e-01   2.2396065e-01   1.6714556e-01   2.6151074e-01   5.3110705e-01  -1.9109568e-01   2.7052951e-01   6.6669971e-01
  -3.1548427e-01   6.7624251e-01   6.3981668e-01   2.3829291e-01   0.0000000e+00   3.5459015e-02   3.2095288e-02   3.5785855e-01   4.8979106e-01   5.3170100e-01  -3.0269737e-01   3.8435626e-01   3.1194535e-01  -2.8234556e-01  -1.8850247e-01   2.0403063e-01   4.7266039e-01   2.5489834e-02   2.4932224e-01   8.7689419e-01  -9.1844316e-02   1.3685034e-01   7.2020280e-03  -3.6343821e-01   4.0135558e-01   2.7656080e-01   5.5074012e-01   6.7665354e-02  -3.0642544e-01  -1.7810302e-02  -1.0094224e-01   2.4958373e-01   1.0820841e-01   3.7421599e-01   1.7020821e-01   6.1425581e-01   9.3641939e-05  -1.9848368e-01   1.9365781e-01   6.3352619e-01   4.2091255e-01   1.4029032e-01   6.2723193e-01   8.5868609e-02   2.6999075e-01  -2.0285187e-01   4.4524803e-02   2.7837815e-02   1.5977758e-02   7.5606941e-01   5.6098318e-02   2.0176045e-01   3.8193871e-01   6.7784129e-03  -2.7908890e-01   1.9683612e-02  -2.4938018e-03   4.6043186e-03   4.8402962e-01   1.6094418e-01   8.9686208e-03   5.0954841e-02   5.0798031e-01   2.1157530e-01   1.1402422e-01   1.0495295e-01   1.4330896e-01  -6.7766546e-02   1.3340013e-01   1.9078868e-02   4.9528745e-01   2.4495393e-02   4.1518016e-01  -1.5565657e-01  -1.3728432e-01  -2.3067268e-02  -7.6515876e-02   2.9523868e-01   9.1098686e-01  -1.1597940e-01   5.3078853e-02   4.7466692e-01   8.4706991e-02   2.9614834e-01  -1.4902315e-01  -1.1899672e-02   7.1452052e-02  -1.8137099e-01  -8.8508359e-02  -3.1539304e-01   6.7836742e-01   1.6976834e-01   7.6446068e-01   1.9463935e-01  -2.0252259e-01   2.6153354e-01   2.2838084e-01   1.9395484e-01   5.5073620e-01   1.9477407e-01  -3.0062916e-01   6.8629275e-02   3.2993888e-02   3.3641785e-01  -1.1628201e-01   2.1208288e-01  -6.9629269e-02   2.1868024e-01  -5.0337415e-02  -7.3402240e-02   4.8143110e-01  -1.5278746e-01   9.5700955e-03  -2.7784061e-01  -1.5888141e-01   5.1737887e-01   1.1076265e-01   3.3923532e-01  -2.4635302e-01   2.5209045e-01  -1.9375473e-01   7.0350723e-01   3.2645203e-01   4.5222193e-01  -3.1149933e-01  -1.6753743e-01   6.3247436e-02   1.3902543e-01   6.0600221e-04   1.2721819e-02   5.3804446e-01   2.9095463e-01   8.3419629e-02  -8.1278024e-02   1.1005754e-01   1.1759751e-01  -2.0600739e-01  -7.0330130e-02   1.0775353e-01  -4.8596461e-01  -1.3318669e-01   9.1565622e-02  -3.0400623e-01  -1.5562923e-01   1.9126070e-01   2.1286041e-01   1.4454930e-01   8.1854075e-03  -1.3847323e-01  -3.8164143e-01  -1.9844519e-01   2.8376252e-02   2.7191264e-02   1.9033586e-01   6.5805573e-01  -2.8153055e-01  -2.6864500e-01   3.5205142e-01   2.0384820e-01   9.7398928e-03  -2.0683951e-01  -1.4336984e-01  -1.4087331e-01   6.1080320e-02   1.6695212e-01   7.4770370e-01   9.5286586e-02   1.2718176e-01  -6.8453153e-02   4.8748744e-01   6.0754064e-01  -2.7351067e-01  -1.3485808e-01   7.6272456e-02  -9.5107164e-02   2.0231639e-02   1.1905850e-01
  -1.4702689e-01  -5.8253931e-02  -6.6569405e-02   5.6128756e-01   3.5459015e-02   0.0000000e+00   3.1155476e-01  -2.6576072e-01   3.7826518e-01  -1.3949595e-01   1.6629480e-01   2.7314887e-01   4.2584574e-02   1.0922865e-01  -7.7407071e-02   5.0250926e-01  -2.2672597e-01   5.4667127e-01   1.5084448e-01   2.0402782e-01   2.4375192e-01   4.1300880e-01   3.6062674e-01  -1.2084744e-01   6.7889956e-02  -1.4590160e-01   5.3330328e-01  -6.2559138e-02  -3.0886772e-01   7.0583487e-01  -2.7834687e-01   3.1227328e-01   4.9869698e-01  -2.0794795e-02  -9.3383959e-02   2.8769831e-01  -6.0493571e-02   9.9502395e-02   5.9601211e-01  -3.9307740e-02   1.5412302e-01   3.6119714e-01   2.7916447e-01   2.4748041e-01   2.9236378e-01  -1.8232686e-01   6.1148339e-01   5.2633897e-02   2.1055165e-01  -1.2380108e-01   6.8344601e-01  -2.8841705e-01  -3.4258339e-01   2.7079815e-01   1.0444192e-01   5.2545578e-01   4.8790395e-01   4.4138691e-01   4.7178918e-01   4.4937243e-01  -1.9238937e-01   1.4093565e-01   3.2257206e-01  -1.3224889e-01   1.7419169e-01   6.0085808e-01   8.2002524e-01   1.9208925e-01   3.7721618e-01   1.6132764e-02  -3.0299246e-01   6.1469085e-01   3.0821701e-01   7.6508879e-02  -2.0512238e-01  -2.5824889e-01  -1.4097282e-01   1.7180905e-01  -1.0114772e-01   9.0646804e-02  -3.5349660e-01   3.1215514e-01  -1.6005115e-01  -2.7216566e-01   7.8906434e-02  -2.3389504e-01  -1.8971375e-01  -1.1667835e-01   1.9291399e-01   2.1156521e-01  -1.5613502e-01  -2.0786656e-01   6.6987547e-02   6.0505090e-01   9.5589322e-02  -2.5395552e-01   3.7665714e-01   5.8413387e-02   1.3728238e-01  -2.1915940e-01  -2.1552287e-01   3.8324480e-02   2.2648826e-02   1.4830135e-01   6.2458954e-01   3.9298170e-01   2.9696383e-01   1.7598792e-01   4.6562267e-01   2.6269189e-01  -2.4642127e-01   5.6532830e-01   4.8406319e-01   1.9006210e-01  -6.0384091e-02  -3.3765258e-01   3.0278118e-01   1.5276212e-01   3.1964908e-01   5.6291286e-01  -1.0167797e-01  -1.4618055e-01   2.3966850e-01   3.0685586e-01  -4.6963757e-02  -1.2458392e-01   6.8792641e-01  -1.1584105e-01   3.8847483e-01   1.9024624e-01   6.8161955e-02  -7.7852530e-03  -1.7523014e-02  -4.1415482e-01   4.8508800e-01  -2.4553783e-01   1.1591573e-01  -1.7913047e-01  -2.4335298e-01   2.0733335e-01  -1.9314107e-01   1.7850005e-02   2.8267719e-01   5.6478560e-01   3.1262920e-01   6.2633284e-02  -3.9651630e-01   4.6938162e-01   6.1996497e-01  -1.5033671e-01   1.3133864e-01  -3.5403382e-01   6.1964097e-02   5.7237356e-02   2.0207338e-01   2.5312705e-01  -1.0542929e-01   4.6886008e-01  -1.5022588e-01  -1.0997981e-01   2.2084296e-01   7.9266417e-02   1.9022972e-01   4.6774740e-01   5.9840353e-01  -1.6728232e-01  -2.0959871e-01  -1.8177211e-01   2.0552530e-01  -5.6287021e-02   2.8999450e-01   2.2366713e-01   5.1653077e-01   8.5723652e-01   1.7505642e-01  -1.4982059e-01   4.8323196e-01
  -9.0381640e-02   3.2257191e-01   9.3180190e-02   3.4911220e-01   3.2095288e-02   3.1155476e-01   0.0000000e+00  -2.7605569e-01   2.1197948e-01   1.5140741e-01   3.3106571e-02   6.6239293e-01  -3.2428168e-01   5.6023047e-02   2.9814125e-01   1.3808179e-01  -1.0266425e-01   1.2062886e-01  -2.8647964e-01   3.2318713e-01   3.5880302e-01   1.7294700e-01   4.4120864e-01  -2.5379206e-01   1.3465107e-01  -3.1828064e-01   2.7954153e-01  -1.5969418e-01   1.4187396e-01   5.6423875e-01  -3.1443206e-01  -8.7561750e-02  -1.3555674e-02   5.2644448e-01   2.5664404e-01   7.4128614e-02  -2.3249662e-01  -1.1855425e-01   7.9936676e-02  -3.3888710e-02  -2.5788846e-01  -1.1107040e-02   1.0590755e-01  -9.7722790e-02   5.3523860e-01  -1.5128624e-01   2.4937216e-01   4.7726572e-01  -1.3646152e-01  -8.0420110e-02   3.5719691e-01  -3.2022373e-01  -1.0103146e-01  -3.1156460e-01  -1.4615998e-01   1.8865196e-01  -1.4241630e-01   8.7450788e-02   7.2644715e-02   2.6062117e-01  -3.1846645e-01   2.6378865e-01   2.4987550e-01  -3.8778026e-01   1.3504360e-01   5.8824559e-01   7.5197449e-02   8.3991243e-02  -5.2725667e-02   3.3658456e-01  -4.0675598e-03   2.3002234e-01  -6.4264789e-02   7.2298414e-02  -2.5965050e-01  -1.4745070e-01  -2.2646474e-01  -1.2234855e-01   1.6162966e-01  -1.2028070e-01  -5.0320237e-02   4.3218237e-02  -1.0554747e-01  -3.2578929e-01   7.8844120e-02  -1.1935633e-01   1.3004745e-01  -1.4339100e-02   6.5454379e-02   3.7607605e-02   1.3043069e-01  -3.9347485e-01   6.2989632e-02   2.3808840e-01  -1.2595842e-01  -1.1457409e-01  -4.3383005e-02  -3.7450877e-01   1.6018121e-01   2.3490346e-01  -1.2368306e-01   2.7529603e-03  -6.4187684e-02   2.9224621e-01   3.5652986e-01   5.1192601e-02  -8.4788394e-03  -1.6944262e-01   2.1095839e-01  -1.9380189e-02   2.8375628e-01   3.7279290e-01   1.7801770e-01   1.0296235e-01   2.3399007e-01  -7.1934891e-02   7.9841532e-03  -2.8394451e-01   1.1923871e-01   3.0309328e-01  -4.6489835e-01   6.7244948e-02  -6.4939366e-02   1.3131772e-01  -9.6133374e-02   4.3815723e-01   4.7303048e-01  -1.4910310e-02   6.9894715e-02   3.8902415e-01  -2.2824892e-01   3.6456296e-01   1.6337128e-01  -3.4672902e-01   1.0775910e-01  -2.7441015e-01  -4.1944120e-01   2.3546638e-01  -2.5408674e-01  -1.1624862e-01  -3.2531296e-01  -1.6826945e-01   1.0556188e-02   4.5038115e-01   3.5382951e-01  -2.7003454e-01   3.8046968e-01   3.0197701e-01   4.1622036e-01  -3.0940943e-01   1.4432125e-01  -3.4623775e-01  -3.2900657e-01  -1.5993448e-01   2.2182083e-01  -3.6236124e-05  -3.1878850e-01   6.2562417e-02  -4.0880017e-01   1.9586187e-01   6.2583208e-02  -2.7058775e-01  -2.0390259e-01   1.7414192e-02   1.6339809e-01   3.1993947e-01   3.6652573e-01  -1.0132770e-01  -1.6688607e-01  -1.8134470e-01   4.9677066e-01  -9.4896530e-02  -1.1906261e-02   2.7078739e-01  -1.7043190e-01  -1.3758503e-01   1.5083823e-01
   1.0054194e-02   1.1042477e-01   2.6409513e-01  -3.1575575e-01   3.5785855e-01  -2.6576072e-01  -2.7605569e-01   0.0000000e+00   1.0270897e-02   3.7226069e-01   1.1649247e-01  -2.8449824e-01   2.9835933e-01  -2.3650243e-02   1.8321204e-01  -1.7441937e-01   3.6638139e-01  -1.0068418e-03   5.3936862e-01   1.7085564e-01  -1.1244197e-01  -2.2691880e-01   1.2889062e-01   1.4483650e-02   3.5316022e-01   7.1031476e-01  -9.6775859e-02   4.4775884e-01  -1.8452026e-01  -4.6782059e-01   5.1487861e-01   2.6228037e-01  -1.9896296e-01   2.5800381e-01  -2.3664048e-01   2.8688960e-01   7.0962705e-02   7.4904592e-02  -3.3833565e-01   3.1543824e-01   4.4183700e-01   6.1177604e-02   3.6421508e-01   5.2803195e-01  -1.9399823e-01   2.1147548e-01  -3.2569693e-01  -1.8770345e-02  -1.4072714e-01   4.3789583e-01  -2.1000586e-01   8.8060127e-01   4.9779961e-01  -4.9999068e-02  -2.8137973e-03   1.5582746e-01   3.0798115e-01  -2.2125086e-01   2.1930180e-01  -1.9773785e-01   2.1298215e-01  -1.0694370e-01  -7.1008636e-02   6.8019841e-01  -4.6217581e-02  -1.1212517e-01   1.4475131e-03  -4.2020098e-01   4.9517394e-02  -9.5130875e-02   3.5359838e-01  -2.3085350e-01   1.7664414e-01  -1.6283365e-01  -1.1115215e-03   4.1369795e-01   2.2273586e-01   5.8644309e-01   4.1469943e-01  -1.1902637e-01   6.8392626e-01   9.9879809e-02   4.0217799e-01   7.7528265e-01  -1.0779952e-01   4.2861665e-01  -4.9061144e-02   4.0965390e-02  -8.6362459e-02  -9.8295812e-02   1.5109741e-01   2.1533854e-01   3.3693608e-01  -1.0901176e-01  -2.4288234e-02  -1.1082693e-01   6.7395827e-02   6.4158920e-01   5.9989881e-02   2.8929025e-01   2.3430840e-01   5.2463969e-01   4.9139499e-01  -1.3993996e-01  -1.8558132e-01   4.4132452e-02  -3.1408941e-01   4.4923090e-01  -1.7950684e-01   1.0399020e-01   3.8231769e-01  -4.0001761e-01  -2.9742402e-01  -3.2483613e-01   1.0875337e-01   4.4770493e-01   4.3046871e-01   3.2655560e-01  -9.5790274e-02  -2.3911972e-01   2.2200051e-01   2.2312202e-01   2.9731529e-02   2.2530890e-01   1.5756777e-01  -1.5216475e-01  -2.7280443e-01  -2.1985337e-02  -1.0011430e-01  -2.2645874e-01   4.7738143e-01   2.1116942e-01  -1.5164160e-02   3.7773512e-01  -1.5934224e-01   6.6636092e-01  -8.5670947e-02   3.8290579e-01   6.7465628e-01  -2.1625926e-01   3.0097614e-01  -6.9673074e-02   2.2585500e-01  -3.3710578e-01   8.1571250e-02   5.1633819e-01   1.3680146e-01   1.5920902e-02  -9.8687218e-02   7.8576067e-02  -1.0805742e-01   7.2419347e-01   1.7730431e-01   4.6056854e-01   7.1896273e-02  -6.6155817e-02   2.5830489e-01   1.9992675e-01   2.5516558e-01   4.4769729e-01  -4.0928567e-01   4.0557600e-01  -5.8551380e-02   7.2287627e-02  -1.3095240e-01   3.2023350e-01   3.2417645e-01   4.9365603e-01   6.0547526e-02   3.2350417e-01   2.6418062e-01  -1.4536720e-01  -2.4210290e-01  -3.0808368e-01   5.7737442e-02   3.9390387e-02  -2.7416917e-01
  -3.4559988e-01   4.2433651e-01   1.7980297e-01   6.7171990e-01   4.8979106e-01   3.7826518e-01   2.1197948e-01   1.0270897e-02   0.0000000e+00   3.6469976e-01  -1.2830843e-01   4.1617472e-01  -7.9842648e-02  -4.6227304e-02   3.7784818e-02   2.8091996e-01   3.2856017e-02   1.7332714e-01   2.2628974e-01   5.3048691e-01   3.4533752e-01   6.0434245e-01   2.9153690e-01  -3.2857628e-01   3.4232980e-02   1.6748287e-01   4.6110688e-01  -1.5564786e-01  -4.0642246e-01   4.8054905e-01  -4.4508735e-02   4.9298822e-01   5.0653268e-01   3.5798393e-01   2.1691624e-01   3.3284777e-01   2.9167238e-01  -2.2936693e-02   4.3391735e-01   3.6785768e-01   1.0271830e-01   4.2867461e-01   6.1669039e-01   1.8500307e-01   4.2043940e-01  -3.4073907e-01   2.5918262e-01   2.3557945e-01   1.9163845e-01   2.2324105e-01   4.6997457e-01   1.7308490e-02   3.3345500e-01   2.5484301e-01   7.6860896e-02   2.4498833e-01   1.4076960e-01   6.4734427e-01   4.7621289e-01   7.3347612e-01  -1.9126033e-01  -7.0754008e-03   5.9898071e-01   1.4332374e-01   4.4343059e-01   3.6702705e-01   4.0365457e-01   2.0132107e-02   2.2809672e-01  -2.8056874e-02   3.1591390e-01   5.0552982e-01   3.5467106e-01  -8.4780566e-02  -1.1991910e-01  -2.4540099e-02  -1.7507805e-01   1.3360951e-01   4.6659217e-01  -2.2553650e-01  -2.4356253e-01   4.6903676e-01   2.1694577e-01  -4.8165930e-02  -1.0951649e-01   7.2097261e-02   2.9320277e-01  -5.6123242e-02   2.2628755e-01  -6.6851968e-02   3.0517320e-01  -1.0877252e-01   4.2043233e-01   8.2932511e-01  -8.7633653e-02  -2.1702794e-01   2.0329847e-01   1.7648713e-01   1.2331648e-01   2.9717314e-01  -1.4968412e-01   6.5596202e-02  -4.4231032e-02   6.9768153e-01   3.2293549e-01   5.8941873e-01   3.1108866e-01   2.8144792e-01   2.8375965e-01  -2.1256537e-02   2.8003387e-01   3.7751026e-01   5.0702592e-01  -1.3361942e-01  -1.0655987e-01   3.2231459e-01   2.1034014e-01   1.3392049e-01   2.6125872e-02   7.2016291e-01  -2.2303967e-01   8.4383424e-02   5.9518770e-01   5.9150731e-01  -2.7048815e-01   5.8639826e-02   4.5146475e-01   1.6794502e-01   6.1341935e-01   1.3156384e-01   1.3086582e-01   4.2939924e-01   1.9134004e-02   1.2153599e-01   6.7205690e-01   5.9510577e-02  -8.3175015e-02  -9.7979074e-02   6.2255578e-02  -2.8727032e-01  -2.8991280e-01  -1.6952135e-01  -1.3137090e-01   2.0920378e-01   4.7524575e-01   2.7247778e-01  -6.4675438e-02  -5.9122801e-02   1.4362399e-01  -5.0112519e-02  -2.1019755e-01  -2.1124257e-01  -1.1212399e-01   1.0680859e-01   4.9924977e-01   9.5015526e-02  -2.3762361e-01   3.6258182e-01  -3.1611810e-02   4.8391027e-02   9.7718938e-02  -2.6055689e-02  -8.3420486e-02   3.6993586e-01   6.7093957e-01   3.8023073e-01   5.9236288e-02  -3.0032969e-01   2.3664849e-02   3.6557518e-01   4.0223319e-01   8.2156211e-02   5.6381678e-02   4.0276433e-01  -1.9042310e-01   1.0455247e-01   6.8716231e-01
  -3.3603496e-01   4.2165714e-01   3.4987993e-01   2.8509313e-02   5.3170100e-01  -1.3949595e-01   1.5140741e-01   3.7226069e-01   3.6469976e-01   0.0000000e+00  -1.9460542e-02   2.4082915e-01   1.3766920e-01  -2.3934169e-01   2.2154147e-01  -5.8035361e-02   2.8280698e-01  -3.0309854e-02   3.0010323e-01   5.0612065e-01   3.5687116e-02   1.4615744e-01   2.2660723e-01  -1.7188249e-01   1.4570658e-01   4.3078562e-01   1.9220847e-01   8.4931057e-02  -4.4142695e-01  -1.0771984e-01   2.0886291e-01   3.3234085e-01  -2.6946799e-02   7.3217397e-01  -3.2098859e-03   4.2301718e-01   1.0600847e-01  -1.3123496e-01  -9.9307340e-02   4.5870375e-01   1.4879478e-01   1.7854619e-01   5.1950188e-01   2.5341057e-01   9.8741100e-02  -3.9223617e-02  -3.1898150e-03   2.4211799e-01  -2.5887495e-01   4.8488334e-01   1.9157434e-02   3.2675721e-01   5.7480351e-01  -1.8333554e-01  -1.6740131e-01   1.5309163e-01   5.3906003e-02   5.3865245e-02   2.5620480e-01   4.6200800e-02   8.9585115e-02  -2.9983895e-02   1.3862544e-01   2.6446700e-01  -1.0220559e-01   2.6340416e-01  -9.1848021e-02  -3.9008410e-01   1.6693162e-01   9.0416839e-02   5.0410284e-01  -1.7769683e-01   1.2312829e-01  -3.1591140e-01  -1.3178109e-01   2.8953134e-01   7.6744574e-02   3.5210531e-01   6.2413554e-01  -3.7442354e-01   3.0019361e-01   2.3712414e-01   2.7229586e-01   4.3631484e-01  -2.7491576e-01   3.3874451e-01   9.6038512e-02   4.6147326e-02   1.0068223e-01  -2.9524862e-01   2.2445186e-01   6.1219555e-02   5.4763353e-01   1.7872066e-01  -1.2939170e-01  -2.2821749e-01  -5.7995029e-02   2.8837768e-01   3.8309430e-02   6.5317100e-01  -4.9832461e-02   2.3942594e-01   1.1466345e-01   7.2821206e-02  -1.0682810e-01   3.1178043e-01  -2.1892740e-01   2.7393208e-01   1.8636130e-01   1.1311546e-01   7.7932705e-01  -9.5710534e-02  -1.1885809e-01  -4.4550987e-01   6.4632297e-02   4.9172062e-01   2.3411455e-01   1.6639701e-01  -1.9147805e-01   8.4674393e-02  -1.1026300e-01   2.5271792e-01   3.1562970e-01   2.9493758e-01  -1.9509580e-01   1.9084016e-01  -8.9494947e-02   1.8966241e-02   1.4983017e-01  -1.2678864e-02   1.9339461e-01   4.8504182e-01  -1.8707908e-01   2.5820164e-01   2.9328075e-02   3.4111495e-01  -2.3880364e-01   1.4305375e-01   3.4200778e-01  -4.4205341e-01  -9.0434462e-02  -2.5367429e-01  -1.3297651e-01  -4.3722770e-02   1.9183024e-01   3.6543621e-01   5.0553005e-01   3.3876176e-02  -5.6509078e-02  -3.8924638e-02  -1.9568166e-01   1.7198089e-01  -1.1729222e-01   2.6301621e-01   3.0750022e-01  -1.3855968e-01  -5.6150621e-02   7.7579921e-02   8.4410206e-02   2.5511480e-01  -3.4411091e-01   1.4028571e-01  -5.7132789e-02   1.3317432e-01   1.7021402e-01   6.1220948e-01   5.2386540e-01   1.2168164e-01  -2.1368163e-01   3.2081291e-01   4.1937232e-01  -4.4045062e-02  -3.6740286e-01  -1.2200331e-01  -2.2076148e-01   9.2058285e-02   1.3484948e-01
   1.3913836e-01  -5.0710689e-01  -2.1330090e-01  -1.3746338e-01  -3.0269737e-01   1.6629480e-01   3.3106571e-02   1.1649247e-01  -1.2830843e-01  -1.9460542e-02   0.0000000e+00  -3.4262873e-01   2.1974786e-02   1.6407498e-01   5.3334224e-01  -5.3553546e-02  -1.6387773e-01   5.8149629e-01   1.9079228e-01  -2.8705718e-01   2.4312856e-01   2.3233145e-01   4.9191314e-01   2.3415516e-01   1.4044241e-03   2.7527842e-01  -2.7809290e-01   2.3829518e-01  -2.5347116e-02   1.1544495e-01   5.0307516e-01   3.3710119e-01  -4.7002210e-02   1.3992076e-01  -4.7179571e-01   2.0903853e-01  -1.1885507e-02   1.2948003e-01  -8.3399369e-02  -3.0576460e-01   1.4483996e-01   8.4984334e-02   1.1351364e-02   4.0600609e-01   2.7903265e-02   2.5108085e-01   3.7113344e-01   9.0933912e-03  -7.0821040e-03  -2.4719804e-01   4.6842497e-01   1.7046961e-01  -3.0010761e-02   1.0610968e-01   1.4395152e-01   5.0561122e-01   3.5872404e-01   2.2724219e-01   9.7254044e-02  -8.4462607e-02   2.3680821e-02   1.6710093e-01  -3.4117776e-01   4.1896468e-01  -5.5098680e-02   2.5399370e-01   1.1920668e-01  -3.3150308e-01   4.7671691e-01  -4.7675200e-02  -3.4804462e-01   2.6488068e-01  -2.0643621e-02   1.0773721e-01  -2.5519271e-02   3.7004026e-01   1.1909475e-01   3.1713716e-01  -2.4922513e-01  -7.4462335e-02   3.1668426e-01  -2.0678319e-01   1.3977054e-01   1.4114133e-01   4.9640686e-02   4.3789762e-01  -3.0838045e-01   2.0436772e-01   4.5081117e-02   1.6771888e-01  -5.6878620e-01  -7.7540169e-02  -1.6392464e-01   1.0442231e-01   1.6287826e-01  -4.5685020e-01   2.5546187e-02   2.3489312e-01  -2.0481071e-01   1.4500372e-01   2.0028052e-01   5.3131224e-01   3.3611019e-01  -3.3935853e-01   5.6037011e-01   3.1039732e-01  -6.4650076e-02   3.4548682e-01   2.2210888e-01   4.0774828e-01   7.8652668e-03   3.3858474e-01   4.7652495e-02   1.9491860e-03   3.2111971e-01  -1.1958564e-01   2.5135199e-01  -1.6572765e-01   1.5418099e-01   4.5991974e-02   1.2160300e-01  -4.4431107e-01   3.5035265e-03   1.8465810e-02   2.8712583e-01   1.5540337e-01   2.5470362e-01  -9.5180167e-02   3.0007278e-01  -2.3526951e-01  -2.4936666e-02   3.1649779e-01  -1.9117964e-01   3.2327161e-01   6.5891587e-02   4.3273857e-01   1.7530926e-02   1.3121083e-01   4.7402390e-01   1.1531179e-01   1.8965966e-01  -1.1206686e-01   7.6184270e-01   6.7762274e-02   2.2205582e-01   4.9416947e-01  -2.8018012e-03   4.2521472e-01   5.4145302e-01   2.4744089e-01   1.9873576e-01   2.5290991e-01   5.9145512e-02   4.1596743e-01  -4.7949382e-01   2.0223335e-01   2.0462064e-01   5.1766417e-03  -1.1849862e-01   4.0699915e-01  -1.3210117e-01   7.2495136e-01   2.4386063e-02   6.0336873e-01   2.2885484e-01  -2.6721194e-01   3.8997320e-01   3.5531173e-02   4.9595849e-02  -1.5549226e-01  -8.3802414e-02   2.0325398e-02   3.8904790e-01  -2.7683696e-03   1.4006675e-02   2.7622475e-03   1.3612293e-01
  -2.1801888e-01   6.7910756e-01   4.1550053e-01   4.8617595e-01   3.8435626e-01   2.7314887e-01   6.6239293e-01  -2.8449824e-01   4.1617472e-01   2.4082915e-01  -3.4262873e-01   0.0000000e+00  -1.7372899e-01  -6.6125118e-02  -1.4279540e-01   1.4666315e-01   1.6229161e-01   7.4701394e-02  -1.8757541e-01   6.7486746e-01   1.8373938e-01   2.6584352e-01   5.9612507e-02  -2.9501568e-01   2.7369298e-01  -2.5142581e-01   6.0791552e-01  -2.4715249e-01  -2.6253502e-02   5.6833792e-01  -4.9913447e-01   1.0891659e-02   4.6415593e-02   3.1284742e-01   4.2950063e-01   1.6622495e-01  -1.5869065e-01  -4.8251422e-02   1.8370124e-01   2.2286435e-01  -1.7895115e-01  -2.4655763e-04   3.9130260e-01  -1.9748842e-01   6.5814475e-01  -2.4227236e-01   2.2743746e-01   3.3516829e-01  -4.6559515e-02   2.7809245e-01   3.2785198e-01  -3.6851346e-01  -2.8479233e-02  -2.3161665e-01  -1.6757024e-01  -6.3509675e-03  -2.7280645e-01   1.2581525e-01   2.1372261e-01   4.5560019e-01  -1.8507418e-01   1.3792620e-01   4.8538990e-01  -3.5770846e-01   2.7108045e-01   4.5667309e-01   6.3826626e-02   1.8429344e-01  -4.2256962e-02   3.7289248e-01   2.8526073e-01   2.4619093e-01   3.9202651e-02   3.2084032e-02  -3.0890311e-01  -2.4647076e-01  -2.0947741e-01  -1.9189340e-01   4.0889954e-01  -2.6272453e-02  -3.3741867e-01   1.9095042e-01  -2.0641183e-01  -2.2343868e-01   1.3505680e-02  -2.4621645e-01   1.9861095e-01  -2.1981223e-01  -3.7556263e-02  -6.5986542e-02   4.3592158e-01  -1.9835619e-01   3.5507184e-01   3.7507262e-01  -1.0847696e-01   1.9926064e-01   1.1816374e-01  -3.8686988e-01   3.8163111e-01   8.9916793e-02  -3.2337267e-01  -2.1481240e-01  -1.2453248e-01   5.6607294e-01   2.3486328e-01   1.4969516e-01   3.6164281e-02  -1.5134131e-01  -1.4158017e-03  -1.9325509e-01   2.0242268e-01   3.3461843e-01   1.0884060e-01   7.3216541e-02  -7.0488596e-02   6.5706220e-02  -6.7948040e-02  -1.6239376e-01  -2.6058694e-02   3.9726435e-01  -4.5472116e-01   4.5111369e-01   9.5998344e-02   3.8964368e-01  -2.3806765e-01   1.3416521e-01   4.4943373e-01   3.4658137e-02   1.0467244e-01   5.6015063e-01  -5.3952031e-02   2.1503160e-01   1.8692768e-01  -4.4994200e-01   2.1006415e-01  -3.4439595e-01  -3.0413036e-01   4.5478711e-02  -3.5062207e-01  -1.8465044e-01  -2.5951380e-01  -3.7980237e-02  -2.8270247e-01   3.0440661e-01   3.5573966e-01  -2.1715310e-01   2.2646651e-01   1.0232751e-01   1.5752500e-01  -4.9711617e-01  -9.3217551e-02  -4.0808017e-01  -2.2913056e-01  -3.2833115e-01   6.2080450e-01  -7.7419821e-03  -3.8752882e-01   1.2554267e-01  -1.8035054e-01  -1.2615529e-01   4.6778610e-02  -4.3499462e-01  -1.9897393e-01   5.5428848e-02   2.5758678e-01   5.3904436e-01  -4.2545125e-02  -1.4369800e-01  -8.8720006e-02  -1.3091739e-02   5.1394293e-01  -3.8359524e-02  -2.0141633e-02   3.4593090e-01  -6.7681130e-02  -1.4267378e-01   2.6260168e-01
  -1.0513651e-01  -2.8777912e-02   1.5332494e-01  -1.4277153e-01   3.1194535e-01   4.2584574e-02  -3.2428168e-01   2.9835933e-01  -7.9842648e-02   1.3766920e-01   2.1974786e-02  -1.7372899e-01   0.0000000e+00  -2.6828383e-01  -2.7151250e-01   2.7200142e-01   1.9480355e-01   3.4300060e-02   2.9870079e-01   1.8614489e-01  -4.1989279e-01  -1.1372666e-01  -9.2026739e-02  -2.5965235e-01   1.7363525e-01   1.2238463e-01   8.2611580e-02   1.7204243e-01  -3.3139896e-01  -2.7142177e-01  -2.2023714e-02   1.9479264e-02  -1.0949985e-02  -2.2228214e-01  -1.0202754e-01   2.8652269e-01   1.9597210e-02   8.5904812e-02   1.6728907e-01   1.8448825e-01   6.4420253e-01  -4.0840555e-02   5.1773292e-02   5.4576778e-02  -7.5801546e-02  -1.6672084e-03  -9.4034954e-02  -3.7368659e-01   3.5844100e-02   2.4567752e-01  -4.7649332e-02   2.0278610e-01  -1.0777253e-01   1.0233995e-01  -1.6339216e-01   2.9764700e-02   2.3723334e-01  -5.2916058e-02   1.9535679e-01  -2.2420535e-01   2.7155188e-01   3.1840587e-01   1.1420501e-02   1.9277941e-01  -2.6133312e-01  -6.8315115e-02   1.5019356e-01  -4.3616599e-02   2.0307689e-02  -1.1572616e-01   2.2599893e-02  -1.4472749e-01   3.6815008e-01  -1.1182875e-01  -1.5724265e-01   4.4024997e-02   1.8748075e-01   1.8345908e-01   1.5492951e-01   4.4139400e-01   1.2965896e-01   1.9550328e-01  -1.9926169e-01   1.5037385e-01  -1.6269102e-01   2.3640306e-02  -2.0436122e-01  -3.1942506e-01   1.0886078e-01  -2.5851762e-01   7.3551221e-02   2.1833617e-01   1.5828899e-01  -1.5450013e-01   1.6575813e-01   2.6276059e-01   4.0695948e-01   2.3300367e-01   3.6581326e-01  -1.3510865e-01  -2.1990599e-01   7.6506276e-02   1.0188051e-01  -1.9532936e-01  -9.9870725e-02  -4.8284353e-03  -3.4706431e-02   3.8789782e-02  -3.4764058e-03  -8.3876826e-02  -2.9653430e-02  -2.1098670e-01  -9.9480330e-03  -1.6752653e-01  -1.0913645e-01  -1.1586036e-01   1.3010066e-01   6.4900363e-01  -2.1493855e-01  -1.8573046e-01   3.3255638e-02   3.0972121e-01   1.2790601e-01  -4.6025246e-02  -1.5950361e-01  -3.7806736e-01  -2.5608223e-01  -1.3091009e-01  -4.2619965e-02  -1.4898715e-01   5.2927290e-01  -2.5362225e-01  -1.4898417e-01  -1.3825288e-01  -1.2295072e-01   1.7960614e-01   4.5493929e-01  -2.5802336e-01   1.5235595e-01  -8.9988881e-02  -4.0375315e-02   5.5406607e-01   1.1933406e-01  -1.1194711e-01  -1.5480232e-01   1.9657162e-01  -1.0361038e-01   5.7718540e-02  -3.4068046e-02  -1.4093146e-01  -1.9084910e-01   1.6719673e-01   1.5818754e-01   1.0267623e-01   1.8322815e-01  -2.9876284e-01  -1.4500956e-02   2.8137823e-01   2.2602730e-01  -3.6330001e-02  -1.2332418e-01   1.9806154e-01   1.0962989e-01   1.1525997e-01  -1.6312066e-01  -5.9323175e-02  -5.3817768e-02   2.0235568e-01   6.0943067e-02   2.1921079e-03  -3.3958926e-02  -7.1754506e-02   1.7234106e-02  -7.2614007e-02   3.5057094e-01  -1.2307713e-01  -5.6563843e-02
  -1.3349505e-02  -1.6374634e-01   4.5650880e-02   1.4256505e-01  -2.8234556e-01   1.0922865e-01   5.6023047e-02  -2.3650243e-02  -4.6227304e-02  -2.3934169e-01   1.6407498e-01  -6.6125118e-02  -2.6828383e-01   0.0000000e+00   4.0553152e-01  -8.4055415e-02  -2.4712940e-02   2.3289920e-01   1.9723944e-02  -2.5462946e-01   2.4280613e-01   1.0115355e-01   2.5427249e-01   4.5439604e-01   3.0635174e-02  -2.5267218e-02  -3.2867293e-01   4.5658352e-01   2.8576127e-01   1.9268849e-01   3.7514846e-01   2.3904325e-01   1.4986579e-01  -1.0398798e-01  -2.2153558e-01  -2.6633150e-01  -6.8686068e-02  -6.6211945e-03  -7.9527005e-02  -2.6371620e-01  -3.3315342e-01   1.7066266e-01  -2.5238410e-02   4.1905066e-01   2.4291730e-02   3.3436165e-02  -7.2010747e-02   3.6694475e-02   2.1608447e-01  -9.7211868e-02   2.1054002e-01   6.5226814e-02  -6.2901993e-02   2.0643317e-01   6.8290765e-01   4.7457397e-01   1.7380234e-01   1.0970705e-01  -7.2501844e-02   1.2436324e-01  -7.0401494e-02   6.0713203e-02   6.6851050e-02   1.5619869e-01   2.4824568e-01  -6.2712459e-02   1.1457706e-01  -4.1058404e-02   1.1202049e-02   2.9664884e-01  -1.8415510e-01   1.9853381e-01  -2.1110465e-01   6.7047837e-01   1.0209703e-01   1.1421722e-02  -6.9566491e-02   6.3647864e-02  -2.8251910e-01  -2.0066541e-01   3.0824229e-01  -1.3560547e-01   3.5933725e-01  -4.5592701e-02   3.4600356e-01   6.9669986e-02  -5.3558908e-02   4.8214866e-01  -3.3819341e-01   1.3852583e-01  -2.2954373e-01  -7.7732487e-03  -2.5885432e-02   1.0285926e-01  -2.1690044e-02  -2.7280474e-01   4.6495593e-02  -4.3997620e-02  -2.1022762e-01  -6.1968620e-02   5.4947616e-01   5.1179087e-01   4.7257523e-01  -3.9277060e-02   3.0041901e-01   1.2277485e-01   2.2585356e-01  -1.5976584e-02  -1.1974827e-02   7.9488761e-02  -8.9013330e-02   2.3298633e-01   6.4293937e-02  -5.6796291e-02   5.7358247e-01  -1.0821474e-02   1.8351648e-01  -2.8287417e-01   6.7668303e-01   1.8012141e-01   5.0591104e-02  -3.0557141e-01  -1.8818114e-02   6.6156832e-02   1.7988080e-01   4.7172237e-01   2.4462151e-01  -3.9863855e-02   3.0378110e-02   2.0781319e-01  -1.7720458e-01  -4.8971904e-03   3.7519308e-01   1.7960921e-01   1.7340528e-01  -6.2464139e-02  -2.0524681e-01   3.0897261e-01   1.2400295e-02   7.8381835e-02   5.0112492e-01  -3.1847755e-01   2.4409216e-01   4.2251954e-01   2.4383010e-01   1.4726768e-01  -1.0861343e-01  -9.6707819e-02   1.8196835e-02   1.2708291e-01   5.0530886e-01   3.8511521e-01   1.4975148e-01  -1.1567417e-01  -2.3613251e-02   7.0486652e-02   2.0904924e-02  -1.8519036e-01  -2.8161000e-02   3.6908742e-01   1.2256769e-01   1.2533154e-01  -2.0861736e-01   1.6867442e-01   9.3748367e-02  -9.6203341e-02  -7.2258750e-02   7.6878044e-02   2.0882497e-01   4.7301928e-02  -1.6219663e-01  -7.7037167e-02   1.4508788e-01   2.1424611e-01   1.4093467e-01  -5.0766233e-02  -3.1519547e-02
