   0.0000000e+00  -2.1886848e-02   1.7972182e-01  -6.9663903e-02   1.2639084e-01   2.0471759e-01  -1.5982461e-01  -1.1348220e-01   3.3151400e-02   2.6023547e-02   7.3531481e-02  -1.3858717e-01   5.7612613e-02   6.1078146e-01  -4.4820241e-01  -3.7486157e-02   1.3829313e-01   1.2927013e-02   4.5324526e-02   2.4394497e-01  -4.8386682e-01   1.9888584e-01   5.1467939e-02   6.7588141e-01   7.3392681e-02  -4.8397094e-02   1.6807406e-01  -8.3730585e-02   1.6568300e-01  -1.9028464e-01  -5.3536690e-01   4.9949423e-02   4.7864208e-02   3.2797127e-02  -2.5122375e-01   1.6600130e-01   2.2740723e-01   2.8575604e-01  -1.9033426e-01   1.4117971e-01  -6.3276467e-02   5.0169597e-02   6.6659858e-02  -1.3696234e-01  -1.9181911e-01   2.2858824e-01   1.6133292e-01  -1.8614260e-01  -1.0127645e-01   7.0084113e-02  -8.9699982e-02  -1.6126220e-03  -1.6132801e-01   1.0443193e-01   2.8085132e-01  -1.7542785e-01   1.3602677e-01   1.5371761e-01  -3.5139215e-02  -9.6225316e-02   1.8492459e-01  -2.3601948e-01   2.8663161e-01  -2.1094941e-01  -3.5769485e-01   8.1884192e-02  -7.3948043e-02   1.0080814e-01   1.2881697e-01   3.2954741e-01  -1.1862692e-01   4.9944358e-02  -2.5698260e-01  -3.0741273e-01  -8.3582460e-02   9.0087558e-02   2.5644411e-01   2.9457765e-01  -1.0173179e-01  -6.4327578e-03  -3.3083924e-01  -3.1715510e-01  -3.0900064e-01  -1.2026625e-01   2.7552000e-01  -4.7787451e-02  -8.0827950e-02   4.5113107e-01   7.0243855e-02   6.0281083e-01   1.3593498e-01   1.2403375e-01  -1.3731209e-01  -5.0571370e-02   3.2372340e-01  -7.7033855e-02   6.8318152e-02   1.0101776e-01  -1.2473366e-01  -8.9369225e-02   1.2842957e-01  -2.6802741e-02  -3.6942094e-01   1.1476297e-01   1.4487183e-01   1.0255331e-01  -3.2156161e-02   1.7095510e-01   1.2910599e-01  -1.2586647e-01   1.2381266e-03  -3.4100833e-01   6.2308991e-02   7.5100410e-01  -1.4838538e-01  -6.4093908e-02   2.2618827e-01  -1.1652337e-01  -2.1719332e-01   3.1790122e-02   2.8955470e-01  -1.6176155e-02  -7.5873613e-02  -2.9879049e-01   3.8662506e-01   1.4653488e-01  -2.2189801e-01   2.7484221e-01   2.9717429e-01   1.9803058e-01  -1.7736033e-01  -1.1196515e-01  -1.0402977e-01  -5.3974405e-01   2.2064001e-01  -2.3788486e-02   1.6753406e-01  -3.3099501e-01   1.5148433e-02   3.6547961e-01   5.4891958e-01  -7.2499819e-02   2.3826389e-01  -7.6348999e-02  -2.4668713e-01  -2.5915000e-01  -2.0739373e-02   4.1409571e-03   2.2909711e-01  -1.6319755e-01  -1.6890189e-02  -4.3716452e-01   2.6223228e-01  -1.2210261e-01  -3.9210827e-02   6.2016822e-01   2.9353748e-01  -2.7691915e-02   3.7512627e-02  -3.5675055e-01  -1.9337061e-01   1.9670041e-02  -5.3805931e-01   1.1071137e-01   1.2263150e-01  -1.1603720e-01   7.7086673e-02   1.4634618e-01   1.8962718e-01  -1.6214954e-01   3.1074861e-02   2.6033803e-01  -4.3464304e-02  -2.1305283e-01  -7.0895093e-02   1.2344969e-01   2.1143251e-01
  -2.1886848e-02   0.0000000e+00   3.1489845e-01  -3.7772970e-01   4.7676226e-01  -5.5588164e-01  -6.8694508e-01   2.1050212e-01   2.9688538e-01  -3.9506423e-01  -4.2906954e-01   4.0801391e-01  -4.7877670e-01   2.5715918e-01  -2.8365361e-01  -6.2799165e-01   3.9231109e-01  -4.9748009e-01   6.2060712e-02   1.2893386e-01   2.1025553e-01  -1.5063351e-01  -6.4019106e-01  -1.8110814e-02   7.0881861e-02   3.0607936e-01  -8.1106979e-02  -3.0470951e-01  -3.2160844e-02   1.1938156e-01   2.1136878e-01  -2.8262115e-01   3.8367834e-02  -4.1177158e-01  -1.7034808e-01  -2.9633837e-01  -1.3447869e-01  -8.3608138e-02  -5.2794827e-01   4.8099304e-01  -3.3810658e-01  -1.4736241e-01  -4.1487226e-03  -6.6645868e-02  -2.6534744e-01   1.0312346e-01  -4.9032593e-01   2.2003688e-01  -2.7386207e-01   3.7608199e-01  -6.2098913e-01   8.2200955e-02   4.7433644e-01   3.3916668e-02   3.8682417e-01  -4.2436584e-01  -1.7834803e-01  -2.0069488e-01  -3.4910441e-01  -1.9958930e-02   2.9275717e-02  -4.2963944e-01   5.2692694e-01  -1.0554788e-01   5.0762379e-01  -1.3111804e-01  -9.8528534e-02  -9.0300659e-02  -2.0776425e-01  -1.2867232e-01   7.5308627e-01  -1.2162410e-01  -2.4397041e-01   2.0642717e-01   3.5305545e-01  -2.1568929e-01  -1.2238573e-01   4.0641422e-02   4.2601726e-01  -5.7666933e-03  -4.5039831e-01  -3.4366421e-01   3.8975175e-01   1.9616322e-01   2.0879992e-01  -3.0011999e-01   5.1272431e-01  -1.6956898e-01   7.3815053e-01   1.6943057e-02   7.0739289e-01   1.2696150e-01   4.2840587e-01  -1.2941024e-01  -2.6054984e-01   2.7172893e-01  -1.0195311e-01   2.7306131e-01  -1.4422211e-01  -1.8590201e-01   1.4526734e-01  -4.1694344e-01  -3.9653257e-01   8.1612766e-01  -5.7720839e-01  -1.0169710e-01   1.0451157e-01   8.5095574e-02   1.6610907e-01  -2.0331916e-01   7.8600576e-02  -3.6282188e-01  -3.9067245e-02   2.1170988e-01  -2.0299767e-01   7.3920331e-01   1.8282004e-01  -1.6549513e-01   5.0719395e-02  -2.3313968e-01   1.8686173e-02   3.2388750e-01   5.8413535e-01  -9.2883787e-02   1.6679638e-01   2.8339724e-01  -2.6722244e-01   5.2013986e-01   4.7393611e-02  -1.2619342e-01  -3.7362971e-01  -1.7015788e-01   8.4043800e-02   2.3913600e-01   2.0094425e-01  -2.4503324e-01   2.3692062e-01   2.1248828e-01  -6.1423834e-02  -1.8133102e-01   1.7476289e-01   1.9368397e-01  -2.7574072e-01  -2.0396414e-01  -4.0346165e-01  -6.5099515e-02   9.5293358e-02  -1.1154606e-02  -3.8688793e-01   5.7302687e-01  -2.3478256e-02  -9.5245413e-03  -3.7272770e-02  -4.3348445e-02   6.5601028e-01  -1.7593112e-01   1.7425931e-02  -4.8786352e-01   7.0175455e-02  -4.8669826e-01   4.1938359e-02  -3.3921460e-01   5.2652880e-01  -2.2886957e-01  -3.1345304e-02   4.5394931e-01  -3.2271683e-01   5.4904950e-03   9.8924396e-02   7.1973716e-01   2.2453872e-01  -3.6695647e-01  -2.3714991e-01  -1.2421531e-01   1.2178689e-01  -1.2611634e-01  -1.2178891e-01
   1.7972182e-01   3.1489845e-01   0.0000000e+00   2.7636718e-01   3.5761965e-01  -2.9616240e-02  -4.5793260e-01  -2.8393623e-02   4.5517976e-01  -2.7040536e-01  -3.2565316e-01   1.0296000e-01  -1.0532907e-01   2.2370342e-01  -2.2206206e-01  -3.9940451e-01   6.0530413e-01   1.0356451e-01   9.8349375e-02   3.8970271e-01  -2.0961996e-01   4.9691948e-01  -4.1386381e-01  -8.2052401e-02   4.2430729e-01   1.8352449e-01   3.0547086e-01  -2.2252101e-01   1.9295162e-01   2.0836754e-01  -2.0061179e-01   7.5240229e-02  -3.3432614e-01  -3.1654375e-01  -2.3058681e-01  -1.2340224e-01  -5.0076452e-02   1.2071732e-01  -4.2325134e-01   4.8762579e-01  -3.2555046e-01  -4.2721029e-01  -1.0232723e-01  -3.0550873e-01   1.0991903e-01   1.0324960e-01  -3.3040663e-01  -2.6585570e-01  -1.8555470e-03   1.4661996e-01  -2.9567788e-01   1.0515539e-01  -2.1826723e-01   2.6523324e-01   8.0750620e-02  -3.6618546e-01  -5.9303503e-02   3.1652819e-01  -1.8866443e-01   2.5693509e-01   3.4379287e-01  -1.4048084e-01   5.0678704e-01  -3.5297787e-01   3.3716385e-02  -8.6595973e-02  -9.4765813e-05   1.2653306e-01  -2.4892623e-01   4.4077202e-01   1.3929042e-01   4.3282785e-01  -3.5067049e-01   1.6085345e-01   3.2284946e-01   1.0333045e-01   2.1327551e-01   3.0908666e-01  -5.6844455e-02   1.2978657e-01  -2.2656019e-01  -4.7374266e-01  -1.3384683e-01   2.6468326e-01   2.0570361e-01  -1.0078878e-01   1.4557655e-01  -1.1991424e-01   4.3868964e-01   4.8796229e-02   2.8173732e-01   5.4558729e-01   1.0004179e-01   2.5178654e-01  -2.6078677e-01   2.9301948e-01   3.0785879e-01   2.4351258e-01   1.1710646e-01  -3.4072223e-02   1.2014450e-01  -5.6125501e-01  -4.0484825e-02   4.5753519e-01  -1.0235158e-01   5.7948890e-01   3.7487426e-01   2.5455251e-01  -4.4491076e-02  -3.6273442e-01  -1.3273333e-01  -3.9942790e-02   5.0828465e-01   2.6336290e-01  -1.1313658e-01   4.6033159e-02   2.5926319e-01  -1.4153748e-01   9.0782536e-02   3.0242779e-01   2.4263781e-01   3.6055564e-01   3.7898063e-01   6.5855652e-02   1.2441376e-01   2.1561950e-01  -2.8514567e-01   4.6582782e-01   6.4705875e-01   3.9309955e-01  -5.3191617e-01  -2.5264295e-01   1.8493207e-01  -1.0060805e-01   5.5684344e-01  -9.4428046e-02   3.7368684e-01  -1.0744051e-01   4.7413352e-02  -1.0068074e-01   7.5187955e-02  -5.7992452e-02  -1.6286931e-01   1.4491929e-01  -2.9466417e-01  -2.4302508e-01  -3.3177526e-02  -3.1769954e-01  -3.9063393e-01   6.1679305e-02   2.3435546e-03  -2.5689337e-01   6.9837452e-02  -1.7764946e-01   6.3037490e-01  -1.4963346e-01   6.7649417e-02  -2.0504407e-01   3.8759294e-01  -2.4574851e-01  -5.5821137e-02  -8.4160453e-02  -2.9453631e-02   4.1972884e-01   5.2933388e-01   1.2387269e-01  -1.5742408e-01  -3.3154642e-03   2.0507530e-01  -2.9411901e-02  -1.4576518e-01  -3.3267375e-01   3.2040276e-01   1.8460169e-02   3.6999676e-01   1.9587761e-01   4.9013457e-01
  -6.9663903e-02  -3.7772970e-01   2.7636718e-01   0.0000000e+00  -4.0569986e-02   2.1016933e-01   8.4139892e-02  -1.4638969e-01   1.6706539e-01   3.2522449e-02   1.3315369e-02  -1.6971759e-01   1.0108606e-01  -1.3181073e-01   3.0690538e-02   1.3912806e-01  -6.0419819e-02   5.2841170e-01  -1.0059353e-01   2.5741136e-01  -3.6370366e-01   5.7895471e-01   6.5315847e-02  -2.8949194e-01   4.5482242e-01  -6.4069059e-02   3.1759789e-01  -8.9988244e-02   3.7477663e-01   1.0217826e-01  -3.9384947e-01   3.5961672e-01  -1.4966627e-01   2.4860340e-02   1.0618620e-01   1.0654782e-01   4.6060610e-02   1.4915860e-01   1.5853497e-01  -7.9187357e-02   6.1795471e-02  -1.4475503e-01   1.3550347e-01  -3.2967076e-01   5.9965841e-01  -6.4444867e-02   3.7771743e-02  -3.4920077e-01   3.3350389e-01  -4.2085018e-01   1.1380046e-01   3.8475894e-02  -4.4071219e-01   4.0962890e-01  -3.6560700e-01  -3.4648161e-02  -2.6075590e-02   5.8150270e-01   2.2298066e-01   4.0477022e-01   2.0291279e-01   4.4669921e-01   1.3895264e-01  -3.1215959e-01   5.8855424e-02   5.8189732e-03  -8.8172427e-02   4.7820691e-01   9.3206670e-02   6.1979066e-02  -4.8032409e-01   6.8270159e-01  -8.2326433e-02  -4.9333817e-02   4.5654348e-02   2.2277076e-01   1.6414939e-01   5.8410351e-02  -1.7734283e-01   2.9522626e-01   5.9294629e-02   2.0460593e-02  -4.6349965e-01  -1.5674755e-01  -1.3372441e-01   1.7664613e-01  -2.7853898e-01  -1.0239920e-01  -8.2160781e-02  -1.0190108e-01  -1.6641613e-01   4.6090206e-01  -3.2475649e-01   6.6864622e-01  -3.0390374e-01   7.9212278e-02   4.0940880e-01  -1.0972691e-01   2.7486882e-01  -6.4169292e-02  -2.1436375e-01  -8.1074560e-02   1.5324105e-01  -2.0250037e-01   3.4730029e-01   6.4711192e-01   3.4176860e-01   1.0350909e-01  -1.3446833e-01  -1.4163748e-01  -2.1188912e-01   2.2096371e-01   7.9519723e-01  -1.2136938e-01  -2.4943627e-01  -4.1124311e-01  -4.1000402e-02  -8.1604079e-02  -1.5310659e-01   8.1365408e-01   3.0705690e-01   1.5048049e-01   4.3684015e-02   1.5581556e-01  -5.2519701e-02  -9.8120171e-02  -1.6368415e-02   6.7209401e-02   6.3797635e-01   5.8335223e-02  -1.8834624e-01  -3.5130040e-03   7.3934297e-02  -2.3634696e-01   6.3313702e-01   1.1161083e-01   3.8751934e-01  -4.5186607e-01   1.4084900e-01  -6.8171203e-02  -2.3221871e-01  -2.8626818e-01  -5.6009689e-02  -5.3036184e-03  -1.0383677e-01  -3.5439622e-01  -2.0849039e-01  -1.8629458e-01  -8.5166718e-02  -3.4448211e-01  -1.9794117e-01  -4.3162996e-01   1.8278633e-01  -5.8453678e-02  -5.7728021e-02  -2.9013665e-01  -4.9091094e-02   2.8268247e-01   3.2500821e-01   1.0664189e-01   8.0258593e-03  -9.4176764e-03  -2.6880925e-01   5.9989235e-01   6.1718630e-01  -7.1100398e-02   2.7034410e-01  -1.7264748e-01   1.7381886e-01  -4.4048856e-01  -1.6319673e-01  -2.1894226e-01   6.8227953e-01  -4.0623244e-02   2.6270916e-01   4.9059258e-01   7.0877146e-01
   1.2639084e-01   4.7676226e-01   3.5761965e-01  -4.0569986e-02   0.0000000e+00  -1.5468430e-01  -3.6108630e-01  -7.4995455e-02   1.6718339e-01   5.8107311e-02  -3.7345821e-01   5.3245189e-01   1.7402718e-02  -5.1916239e-02  -3.1108093e-01  -6.0288557e-02  -8.9356453e-02  -4.0507149e-01  -6.8992248e-02   8.1312470e-01  -9.2136456e-02   2.9595522e-02  -2.8043968e-01   3.4588350e-02  -1.6946911e-01   1.1317814e-01   4.6348668e-01  -5.3693661e-01  -6.8513988e-03   2.2464694e-02  -2.6625864e-01  -3.5099113e-01  -4.7565480e-02   5.0721444e-02  -3.3897904e-02   4.0463937e-01   3.8350489e-01  -2.0676082e-01   1.8446672e-02   7.6271948e-01   1.1475559e-01  -2.7813089e-01   3.6157202e-01  -4.1112482e-01  -1.1821435e-01  -3.0317942e-01  -4.7646112e-02   2.3225143e-01  -9.6368256e-02   3.6877618e-01  -4.6185905e-01  -3.9636159e-02   2.8218027e-01   4.4047015e-03  -1.3261618e-01  -5.4208242e-01  -2.9121923e-01   7.4829907e-02  -1.8060631e-01   2.6048469e-01  -3.5491745e-01  -1.9615218e-01   3.1008843e-01  -2.6370303e-01   1.0812192e-01   4.5413626e-01  -4.8081894e-02   6.7308440e-02  -1.9346378e-01  -1.9558423e-01   3.7310435e-01   7.3605609e-02   7.5945779e-02  -1.7194751e-01   1.3048287e-01  -2.1774774e-01  -2.7822157e-01  -1.3090153e-01   7.3692583e-01  -7.5497526e-02  -5.6910281e-01   4.2139902e-02   3.1361933e-02  -1.5496214e-02  -2.9115192e-01  -4.7662604e-01   1.0614344e-03  -2.4840028e-01   2.2329391e-01  -2.2855017e-01   7.2859687e-01  -1.7797817e-01   5.2765837e-01   1.6714269e-01  -2.1448726e-01   2.7575806e-01   4.2106600e-02   3.1235909e-03   5.0081093e-02   8.6416533e-02  -3.4993166e-01  -2.7139297e-01  -3.6351999e-01   2.3879471e-01  -5.2524040e-01   5.2226290e-02  -1.0911036e-01  -7.0311015e-02   2.8289214e-01   1.0043165e-01   2.7465835e-01  -2.7418062e-01   4.6979511e-02   6.5589881e-02  -3.1800030e-01   6.2466112e-01  -1.0027131e-01   2.0807031e-01  -3.8123152e-01  -1.4920413e-01  -2.1654670e-01   4.3260829e-01   4.4522749e-01  -1.5516229e-01  -2.8128895e-01  -9.4005243e-02  -2.3064364e-01   2.1332383e-01   1.2485440e-01   1.5130660e-02   1.1848488e-01   1.3522032e-01  -2.5902071e-01  -4.2446497e-02   2.6988780e-01  -2.2460786e-01   1.0196226e-01  -2.6945641e-01  -2.1365444e-01  -1.1876297e-02  -2.0771000e-02   1.1395912e-01  -3.8018290e-01  -1.8723183e-01  -3.8260626e-01  -3.0838588e-01   3.0353585e-01   2.8487637e-01   1.5765020e-01   3.7073737e-01  -4.2853309e-01  -3.4660405e-01  -2.0757996e-01  -4.2638150e-02   5.8148092e-01  -9.8474633e-02  -2.6218695e-01  -2.1914273e-01  -2.6579251e-01  -5.7450573e-01   1.1399271e-01  -5.1542001e-01   3.2434869e-01  -1.8109269e-01   2.1499787e-01   5.5745278e-01  -2.0708923e-02  -4.8281888e-01  -2.4303504e-01   5.6543118e-01   4.7055419e-01  -2.3132456e-01  -1.0922240e-01  -1.7540741e-01  -1.0031569e-01  -7.5304178e-02   1.5342760e-01
   2.0471759e-01  -5.5588164e-01  -2.9616240e-02   2.1016933e-01  -1.5468430e-01   0.0000000e+00   3.7089392e-01   3.6076148e-02   5.1829512e-02   2.5394345e-01   3.1638442e-01  -1.7159768e-01   4.2866509e-01  -7.8444975e-03  -3.2744765e-02   3.3438406e-01  -7.0745980e-02   6.5629704e-02   4.1069232e-01   3.8588174e-02  -2.0201800e-01   2.2803018e-01   3.8734765e-01   1.6560566e-03  -9.9261527e-02   5.0699011e-02   1.5730932e-01   1.1053367e-01  -1.5529955e-01   2.2303928e-01  -2.6010408e-01   2.1425818e-02   2.7608641e-02   4.9005524e-01   1.8464276e-02   4.8789151e-01   2.5962272e-01   3.5182738e-02   1.9574729e-01   3.6291453e-02   2.2032864e-01   2.6673304e-01   2.3083738e-01   1.7228220e-02   4.1893554e-03   1.2480511e-02   6.1641571e-01  -1.5213622e-01   1.2131993e-01  -1.1526685e-01   2.5638386e-01   6.3083307e-02  -2.5617257e-01  -8.6636423e-02  -1.2712018e-01   2.7814199e-01   5.9097893e-01   2.5402508e-01   1.3312477e-01   1.6617316e-01   8.8703493e-02   7.0910439e-02  -2.1252038e-01   9.9441653e-02  -4.5180048e-01   2.8295843e-01   6.1839628e-01  -1.5497354e-02   5.4840972e-01   2.9582075e-01  -3.6789431e-01  -1.1859659e-01   6.7599884e-02  -3.5553998e-01  -1.2634821e-01   2.5159808e-01   1.3571054e-01   1.1402717e-01  -1.9436507e-01  -2.4232412e-01   1.1847806e-01   2.3176712e-02  -1.6486617e-01  -1.1236472e-03  -1.5632840e-01   9.2793074e-02  -1.6141092e-01   1.6472569e-01  -3.1488462e-01  -5.4530795e-02  -3.0525918e-01  -1.2380443e-01  -1.6109975e-01   1.2111347e-01   2.1248294e-01  -3.3962798e-01  -1.4188472e-01   2.3467849e-01  -1.7418886e-03  -1.4347660e-01  -4.0541586e-02   1.8130777e-01   2.4710927e-01  -3.9443627e-01   2.6998145e-01  -6.1945544e-02  -1.9854378e-01   3.2728316e-01  -2.0704056e-01   2.2570858e-01   1.9701677e-01   1.6107456e-01   4.2978570e-02   2.2088546e-01   2.4311831e-01  -4.1991420e-01   1.0020585e-01   2.4294433e-01  -2.9199770e-02   5.1517895e-02  -1.1548271e-01  -2.0993905e-01  -3.5777172e-01   3.3888117e-02  -4.9015486e-02  -7.1256229e-02  -4.7817305e-02  -2.7807990e-01  -3.5378775e-02   2.7407471e-01   1.4891178e-01   1.7835196e-01  -1.9761087e-01  -2.0285583e-01  -1.1216370e-01   3.7941607e-01  -2.0423030e-01  -1.7705032e-01   1.9063733e-01   6.5193652e-02  -1.2860232e-02  -4.6603319e-02   3.1649167e-01   4.8041055e-01   3.1011207e-01  -1.3283620e-01   4.6731391e-03   2.7014234e-01   4.1861833e-01  -5.3120772e-01   3.9170534e-02  -2.2905391e-02   5.6370558e-03   1.1463860e-01  -1.4759324e-01   1.4829721e-01   9.4625318e-02   1.4752749e-01   2.9892572e-02   2.1874389e-01  -1.6773411e-02   2.9755206e-01  -4.3504053e-01   4.9405166e-03   2.7036081e-02  -3.1066746e-01   2.4625276e-01   3.7498737e-02  -9.3890157e-02  -3.8848361e-01  -9.2347316e-02   1.1006438e-01   5.8893743e-02   3.9914308e-01  -1.9007264e-01   3.7267126e-02  -5.2133300e-02
  -1.5982461e-01  -6.8694508e-01  -4.5793260e-01   8.4139892e-02  -3.6108630e-01   3.7089392e-01   0.0000000e+00  -2.7825920e-01  -3.3927910e-01   4.0562269e-01   2.1901846e-01   1.1936446e-01   2.9270731e-01  -2.9292980e-01   5.8557054e-01   5.8675051e-01  -5.0825884e-01   2.2619593e-01  -2.1036396e-01  -1.5245241e-01  -1.7455084e-02  -1.3202860e-01   8.0402178e-01  -3.0806951e-02  -2.8213067e-01  -3.6510159e-01   2.0336477e-02   4.4524591e-01  -2.8567079e-01   5.4866925e-02  -3.3822792e-03  -9.6008252e-02   4.4335123e-02   5.8962668e-01   6.0715418e-01   2.9763961e-01   3.8777829e-02  -1.1174437e-01   4.9130908e-01  -3.3008921e-01   2.5214120e-01   2.7191167e-01   3.0277432e-01  -2.3391942e-02   2.0158376e-01  -2.9890021e-01   3.8643716e-01   3.0903331e-01   1.3342630e-01  -3.8741371e-01   5.6525360e-01  -3.3233294e-01  -2.3990221e-02  -2.3756290e-01  -3.7159349e-01   4.1764203e-01  -5.3892273e-02  -1.7002939e-01   2.1643755e-01   9.1837476e-02  -2.5790711e-01   2.9963523e-01  -5.3953771e-01   1.5016974e-01  -3.7852986e-01   2.5104093e-01   6.4094484e-02  -9.8997089e-02  -1.7917723e-02   1.0964926e-01  -4.2393495e-01  -5.2567813e-02   3.6925464e-01  -9.2512501e-02  -3.3783051e-01   9.1936884e-04  -9.4470530e-02  -3.0360637e-01  -4.4130676e-02  -1.6180842e-01   5.6365534e-01   5.1625205e-01  -2.6418027e-01  -1.9120258e-01  -3.0633674e-01   1.1624425e-01  -2.5896744e-01   1.6258915e-01  -6.9782271e-01  -1.8296398e-01  -4.9400037e-01  -3.7425291e-01  -9.4953537e-02  -4.8454879e-02   1.5109502e-01  -3.0958377e-01   4.0995296e-02  -4.5740015e-01   8.1652287e-02   4.1176261e-01  -5.9759301e-02   6.7656065e-01   2.5166933e-01  -6.3338588e-01   3.4953243e-01  -2.3536488e-01  -3.0135721e-01  -3.8713107e-01  -8.9810679e-02   2.8843045e-01   2.1808121e-01   2.6527108e-01  -1.1461444e-01  -3.7473479e-01   4.1738661e-01  -3.8239027e-01  -4.3487388e-01   3.4466458e-01  -2.2853751e-02  -1.0268684e-01  -2.9667528e-01  -3.0729051e-01  -5.1196051e-01   8.2548179e-02  -3.6581317e-01  -2.1196712e-01   4.2009117e-01  -6.0769738e-01  -3.6378198e-01   1.2757625e-01   4.4523184e-01   3.4435257e-01  -9.6894144e-02   3.5726652e-02  -4.1067964e-01   1.8185312e-02  -4.1918982e-01   3.5560444e-02  -2.4152370e-01   4.0233486e-02  -2.4576097e-01  -9.1966563e-02   4.4814528e-02   1.8695531e-01   6.2136225e-01   2.0207864e-01   4.2758775e-01   9.5874710e-02   4.3237056e-01  -2.5832575e-01   1.5794095e-01   1.8700585e-01  -1.7941546e-01  -1.5418980e-02  -4.8318767e-01   1.1904828e-01  -2.7747612e-01   3.6330092e-01  -3.1740677e-01   4.2922452e-01   2.0428892e-02   2.9477024e-02  -1.4504954e-01  -7.6071719e-02  -2.8586665e-01  -9.3690102e-02   5.6111859e-01  -8.8583075e-02  -3.3737390e-01  -4.3869016e-01   2.5926628e-01   1.6086139e-01   5.6559469e-02   1.3215638e-01  -1.9599479e-01  -1.3404495e-01  -1.7119198e-01
  -1.1348220e-01   2.1050212e-01  -2.8393623e-02  -1.4638969e-01  -7.4995455e-02   3.6076148e-02  -2.7825920e-01   0.0000000e+00   3.6547633e-01  -2.1539638e-01  -2.6913792e-02  -2.2150449e-01  -6.9944449e-02  -3.7866706e-02  -3.0655848e-01  -3.9677687e-01   2.9998506e-01  -2.8648975e-01   2.9908742e-01  -2.4633943e-01  -2.6030269e-04   1.5209227e-01  -2.8585007e-01  -1.2663825e-01   2.4245397e-02   5.5229957e-01  -2.1014834e-01  -2.1546815e-01  -1.1576872e-01   3.6716593e-02   5.6152624e-02  -2.0413662e-01  -6.4419394e-02  -1.5292080e-01  -2.7787849e-01  -1.1299227e-01  -6.8109158e-02   2.5652441e-02  -3.2092825e-01  -1.8134973e-03  -2.3984595e-01  -3.7227876e-02  -3.2620929e-02   3.0804500e-01  -2.6073746e-01   2.3955980e-01  -3.3631041e-02  -1.6701422e-01  -1.6257371e-01   3.3858250e-01  -2.4465831e-01   5.6372916e-01  -2.3164697e-02  -6.6348546e-02   2.5698193e-01  -2.0461638e-02   3.4582081e-01  -1.1687028e-01  -1.2745692e-01   6.8896721e-02   1.9408955e-01  -8.3519330e-02   2.2489992e-02   2.5781913e-01   8.7394407e-02  -1.8222086e-01   5.4078941e-02  -8.7722276e-02   2.6622518e-01  -1.3632250e-01   2.5289039e-01  -4.0396876e-01  -2.8778076e-01  -2.0489634e-01   8.7907893e-02   1.6691822e-01   1.1825648e-01   2.2369828e-01  -7.2442769e-02  -2.3054531e-01  -1.3385848e-01  -3.2848408e-01   1.4103500e-01   4.0107198e-01  -5.6212310e-02   2.7884873e-02   1.7152942e-01  -1.8016891e-01   2.3526306e-01   7.9605071e-03   1.8688840e-02   7.7258749e-02  -1.4309985e-02   3.5583207e-02   8.4630443e-02  -1.3728821e-01  -4.0099492e-01   3.4504882e-01  -2.0461198e-01  -3.6438897e-01  -2.9485109e-02  -2.7776527e-01   2.2768729e-01   1.2730167e-01  -1.8960837e-01  -1.1398539e-01   5.0371227e-02   3.5986744e-01   1.3810842e-02  -2.6896829e-01  -5.2770192e-02  -2.3633002e-01  -1.5934845e-01   1.2950827e-01   8.5686975e-03   4.9470629e-02   3.3926005e-01  -1.5632451e-01  -5.3517044e-02  -2.2737438e-01   1.1451184e-01  -3.3574632e-02   5.6290234e-02   7.8390609e-02   1.2005727e-01  -1.3737069e-01  -1.7838363e-01  -2.7706031e-02  -1.4508108e-01  -3.2773732e-03  -2.9714728e-01  -1.0509119e-01  -2.3671662e-01  -6.0208197e-03  -1.0360564e-01   5.3726732e-01  -4.9526976e-02   3.1108439e-02   4.6935973e-01  -8.7886928e-04   5.1505679e-02  -4.1487426e-02   1.7940308e-01   1.3953274e-01  -3.3708381e-02  -1.3318873e-01  -1.9464941e-01  -5.6876782e-03  -3.0826174e-01  -8.5489778e-02  -2.0327502e-01   2.3593296e-01   2.1678384e-01  -9.4738699e-03   1.2786223e-01  -1.5072224e-01   2.6214822e-01  -4.0695251e-01   2.0951581e-01   1.4996958e-01  -6.4138621e-02   1.9913965e-01  -5.6136608e-02  -2.2678307e-01  -1.7316182e-01  -2.5493193e-01  -3.9293476e-01   2.2407418e-02   1.3047194e-01   3.8105164e-02  -2.4254419e-01   1.6906216e-02  -2.9755383e-01   6.0803289e-02   1.7386971e-01  -2.7230851e-01  -2.1749740e-01
   3.3151400e-02   2.9688538e-01   4.5517976e-01   1.6706539e-01   1.6718339e-01   5.1829512e-02  -3.3927910e-01   3.6547633e-01   0.0000000e+00  -3.1764725e-01  -2.5418724e-02  -1.3581558e-02  -1.9586062e-01   1.9008617e-01  -3.3395324e-01  -5.4026628e-01   5.0311862e-01  -3.1484400e-02   2.7490668e-01   1.0802899e-01   1.5355241e-01   3.2746279e-01  -1.8609098e-01  -1.3451005e-01   2.5865285e-01   3.8152546e-01   1.0812333e-01  -2.3061681e-01   2.2457665e-03   1.5896387e-01   1.2245520e-01  -2.4397751e-01  -1.2418853e-01   6.1021998e-02  -2.8996708e-01   1.2772297e-01   3.7929453e-01   1.6542500e-01  -3.7353577e-01   1.6148688e-01  -2.4554695e-01  -8.6139237e-02   1.7931838e-01   4.4715033e-02  -3.8189773e-02   1.9191810e-01  -1.0072684e-01  -7.9324946e-03  -3.1764206e-01   1.3034230e-01  -2.2860767e-01   2.6394476e-01   1.0777138e-01   2.1450617e-01   3.0911155e-01  -1.7969277e-01   1.6824688e-01  -1.4824099e-02  -8.8055637e-02   3.7657307e-01   3.5255350e-01  -2.3689002e-01   3.8272731e-01   2.0045170e-01   1.6785510e-01   2.5579463e-02   1.5116644e-01  -6.4671451e-02   2.6201274e-02   9.9042732e-02   3.5212045e-01   7.1050766e-02  -1.7337947e-01  -1.7735412e-01   3.1935741e-01   1.1166816e-01   2.5933516e-01   3.4861456e-01  -3.5112341e-02  -1.5061438e-01  -1.9944209e-01  -3.6422640e-01   1.8764522e-01   3.7290852e-01  -7.8257069e-02  -2.2547753e-01   2.2176579e-01  -6.5056990e-03   4.3444097e-01   2.9182763e-02   1.9122520e-01   4.5849942e-01   1.3364920e-01   4.0602684e-01  -9.4588168e-02  -3.0674011e-01   7.9255727e-02   3.4832416e-01  -1.0744358e-01  -3.3468884e-01   4.9514212e-02  -3.9472556e-01  -7.2151109e-02   3.8113006e-01  -1.2515274e-01   2.2826339e-01   4.0626243e-01   4.7305742e-01   5.0857155e-02  -1.3213627e-01   1.8458034e-01  -4.3487912e-01   3.0738540e-01   2.5621578e-01   1.1021747e-01   1.8354837e-01   3.9824699e-01  -1.1536174e-01   4.1870427e-04   1.0091414e-01   1.6699328e-01  -4.2064399e-02   1.3234227e-01   3.9997400e-01   1.1731388e-01  -6.5803573e-02  -2.7333951e-01   3.2012415e-01   3.4410396e-01   1.7813167e-01  -5.3734903e-01   1.0753185e-01  -1.6283496e-01   4.8231757e-02   3.9242187e-01   2.3219704e-01   1.3315430e-01   8.0499582e-02   1.0318399e-01  -4.4576545e-02   8.9625237e-02  -2.3993437e-02  -1.6277540e-01   2.1336721e-01   7.0662509e-03  -8.1191232e-02   1.7529807e-02   5.3989286e-02  -1.7249655e-01   4.1906796e-02  -2.1216406e-02   4.1490046e-02   1.8952716e-01   2.3462063e-01   2.9593906e-01  -1.9703469e-01   1.8051781e-01  -3.4883495e-01   5.0737835e-01  -2.0350142e-01  -1.4722928e-01   6.0320371e-02  -1.6872140e-02   2.8894805e-01   2.3933715e-01  -1.0074528e-01  -2.3098800e-01   3.3517507e-02   2.2381515e-01   1.4238936e-01  -2.2806003e-01  -2.4405189e-01   2.4800430e-01  -8.2943893e-02   3.6309966e-01   1.2962821e-01   2.2248030e-01
   2.6023547e-02  -3.9506423e-01  -2.7040536e-01   3.2522449e-02   5.8107311e-02   2.5394345e-01   4.0562269e-01  -2.1539638e-01  -3.1764725e-01   0.0000000e+00   1.1796097e-01   8.0517055e-02   4.5273892e-01  -2.3313935e-01   6.9024975e-02   4.1135365e-01  -4.0856185e-01   8.1703281e-02  -2.6674029e-01   2.5769538e-01  -1.5009881e-01   2.8407915e-02   3.4132980e-01   6.3145380e-02  -2.3983705e-01  -2.5287144e-01   1.7459554e-01  -2.6840986e-02  -3.0322451e-01  -2.2300139e-01  -3.3232586e-01  -6.2612715e-02  -1.8399699e-01   4.2813884e-01   1.3992712e-01   3.3075917e-01   2.1973807e-01  -2.2572943e-01   2.6583974e-01  -5.9877010e-02   4.6123674e-01  -3.7774258e-02   9.6555120e-02  -2.5364475e-01   8.9120569e-02  -1.9165933e-01   2.4181648e-01  -5.6829603e-02   1.0042544e-01  -1.0298187e-01   1.8406044e-01  -2.0294063e-01  -9.4988085e-02  -1.2104580e-01  -2.4704267e-01  -3.7393688e-02  -1.3116696e-01   8.3822166e-02   1.4517774e-01   1.2310770e-01  -2.3551924e-01   3.2785556e-01  -2.9279226e-01   9.2377692e-02  -3.7651309e-01   5.7941794e-01  -2.2055667e-02  -3.6018303e-02  -1.2405578e-01  -1.1168736e-01  -2.7026518e-01  -4.3452538e-02   2.5189831e-01  -2.3751896e-01  -1.6965243e-01   2.6486664e-01  -1.7441381e-01  -2.5933314e-01   1.7395768e-01  -7.8763518e-03  -3.1485011e-02   3.0177683e-01  -4.6885328e-02  -2.2135025e-01  -2.6496272e-01   1.6747491e-01  -4.6758978e-01  -3.6604831e-02  -3.2529456e-01   6.3422351e-03  -1.4403297e-01  -3.4673954e-01  -5.6585721e-02   9.2884117e-02   1.5055703e-02   2.0323387e-01   5.3699338e-03  -2.6452288e-01   2.0544524e-01   3.0209819e-01  -4.1197412e-01   1.3869611e-01  -2.9390355e-02  -4.1412842e-01   6.5749249e-02  -1.5593485e-02  -1.2292583e-01  -2.3962176e-01  -7.6630420e-02   1.9865479e-01   2.4160584e-01  -9.2056969e-03  -1.6765821e-01  -1.1255237e-01   7.9674506e-02  -1.4050195e-01  -2.6196897e-01   3.8667992e-01  -2.5511584e-01  -8.3161091e-02  -1.7299936e-01   2.2732501e-01  -2.7572946e-01  -6.0193782e-02  -1.6800846e-01  -2.0668167e-01  -5.4499934e-03  -1.5406599e-01  -2.5788285e-01  -5.5438290e-02   3.7544582e-01   4.0501266e-01  -1.7219498e-01  -3.0908962e-01  -2.7938930e-01   2.6242359e-01  -1.7948665e-01  -3.0018959e-01  -9.4869291e-03  -1.8326374e-01  -2.5213728e-01  -1.2914010e-01  -4.5197648e-02  -3.5248490e-02   1.5876842e-01  -3.4124165e-01   2.3998195e-01   1.1649037e-01   3.0097791e-01  -1.9811776e-01  -1.4761528e-01  -3.1547680e-01  -1.5536649e-01   3.7120204e-03  -3.0779505e-01   5.5464351e-02  -1.0964675e-01   2.1637071e-01  -2.5737958e-01  -6.3435496e-02   7.0011261e-04   6.2511499e-03  -2.3077814e-02  -3.9748457e-02  -5.8758293e-02   3.0900823e-02   3.3582408e-01  -3.0983592e-01  -1.6727377e-01  -1.5853293e-01   1.2081168e-01   5.0493102e-02  -7.1031106e-02  -1.7431909e-01  -1.9967452e-01  -1.0729033e-01   1.0651330e-01
   7.3531481e-02  -4.2906954e-01  -3.2565316e-01   1.3315369e-02  -3.7345821e-01   3.1638442e-01   2.1901846e-01  -2.6913792e-02  -2.5418724e-02   1.1796097e-01   0.0000000e+00  -4.0255574e-01   4.4716898e-01   1.4591152e-02  -5.2513887e-03   2.8091690e-01   5.8573470e-02   5.2250953e-01   2.4710298e-01  -1.9855037e-01   7.6071173e-02   4.4811511e-02   3.8563444e-01   1.6296223e-03   3.3830854e-02   1.3894336e-01  -4.2787309e-01   4.0461202e-01   1.6441393e-01  -4.3502220e-02   1.0537727e-01   3.0641579e-01   2.4089706e-01   4.3378788e-01  -2.5499613e-01   2.7824603e-01   2.0617169e-01   1.4310240e-01   3.4992943e-01  -3.9530848e-01   4.9494886e-01   4.4259765e-01   1.3028868e-02   5.8836994e-01   1.5412376e-01   1.9930415e-01   4.0111871e-01  -1.1348198e-01  -5.7583752e-02  -2.9049713e-01   6.4511540e-01   2.6148395e-01  -2.2462934e-01   2.6114626e-02   9.9241528e-02   6.7304195e-01   3.6193036e-01   2.3057251e-01   4.6745639e-01   7.9639129e-02   2.4498668e-01   1.7829773e-01  -2.4623074e-01   5.8358654e-01  -1.7957529e-01  -2.4536733e-02   2.9233544e-01   5.6181023e-02   5.6923372e-01   4.0782563e-02  -2.5465193e-01  -1.2280156e-01   2.1862003e-01  -2.4574736e-01  -1.8142425e-01   5.0732528e-02   2.1849544e-01   3.0368391e-01  -3.8089536e-01   1.9247503e-02   2.6310545e-01   1.2652138e-01   1.1537357e-01   1.3216029e-01   4.0813207e-02   9.9690214e-02  -2.3357792e-01   1.4009649e-01  -2.8495553e-01   2.3397750e-01  -5.2292072e-01   4.9571758e-02  -1.1777245e-01   4.6659164e-02   1.1472183e-01  -4.5917032e-01  -1.0948133e-01   1.8055461e-01   1.2107227e-01  -1.2473827e-01   1.1286256e-01   4.7977431e-01   1.2702108e-01  -2.4723849e-01   4.6107031e-01  -1.5110461e-01   3.4155255e-02   2.6942730e-01  -9.5821119e-02   3.8853437e-01   1.7067849e-01  -1.1247157e-02  -1.6470107e-01   7.3795938e-02   3.4789995e-01  -4.0850883e-01   1.7152640e-01   3.0169510e-01   1.1491317e-01  -3.0263460e-02  -7.9715220e-04  -5.7172053e-01  -3.3100380e-01   4.0136967e-01   1.6773724e-01  -1.6205705e-01   3.0088271e-01  -3.5060900e-01  -1.3214376e-01  -3.8099224e-02   2.7598390e-01   4.9010989e-01  -1.5121540e-01  -2.5554282e-01  -1.4329362e-01   1.7154751e-01  -1.8665112e-02   9.9567732e-02   1.2261944e-01  -1.2047165e-01  -5.0054397e-02   4.6749932e-02   4.3444854e-01   1.8921596e-01   4.4037580e-01   2.9435857e-01  -1.9013318e-01   1.0778624e-01   5.2676860e-01  -3.9102714e-01   2.2920048e-01   5.3972418e-02   2.8102334e-01   5.5731914e-01  -4.6911979e-01   1.6815311e-01   5.0225340e-02   3.7978644e-01   1.9114618e-01   2.6359299e-01   1.7077958e-01   5.4693263e-01  -3.9110032e-01   1.2167216e-01   5.6318275e-02  -4.4266105e-01   2.6754896e-01   3.9705066e-01   2.7827374e-01  -2.2846294e-01  -4.1585052e-01   4.3616586e-02   1.2910946e-01   5.6066723e-02  -2.3658595e-01  -6.7544932e-02  -1.3032478e-01
  -1.3858717e-01   4.0801391e-01   1.0296000e-01  -1.6971759e-01   5.3245189e-01  -1.7159768e-01   1.1936446e-01  -2.2150449e-01  -1.3581558e-02   8.0517055e-02  -4.0255574e-01   0.0000000e+00  -2.4705152e-01   2.8809043e-02   2.8773027e-01  -9.6761688e-02  -1.8752391e-01  -4.0302233e-01  -1.4748096e-01   3.7787250e-01   4.1632163e-02  -1.8789905e-01  -1.5905379e-02  -1.3098985e-01  -3.1144925e-01  -5.4737267e-02   2.0795652e-01  -1.1308499e-01  -3.4213719e-01   2.4227780e-01  -1.5315761e-02  -3.9458664e-01   9.5488084e-02   1.6495325e-01   5.3597198e-01   1.4385098e-01   4.5313136e-02  -3.0239260e-01  -1.2971823e-01   5.7007309e-01  -1.5063908e-01   2.7639222e-02   5.0803565e-01  -3.4309926e-01  -7.3542180e-02  -4.0500351e-01  -1.5512784e-01   5.3504157e-01  -4.8934213e-02   1.3895957e-01  -3.1504081e-01  -2.4689064e-01   5.0676331e-01  -1.3235701e-01  -7.4997457e-02  -2.6831583e-01  -4.2246630e-01  -2.1160278e-01  -1.7224405e-01   1.9581911e-01  -3.8169636e-01  -1.5754270e-01   2.0494737e-01  -1.6529952e-01   1.7605153e-01   4.2703916e-01  -7.4108748e-02  -5.6461369e-02  -2.0806833e-01  -1.9652849e-02   3.2085232e-01  -3.6332131e-02   4.1586460e-02   2.3520497e-01   6.7522786e-02  -2.0388514e-01  -3.0506634e-01  -3.6514106e-01   6.1886316e-01  -1.8501642e-01  -1.5866493e-01   1.2886848e-01   7.0980412e-02   1.2210249e-02  -1.9656820e-01  -3.1650968e-01   2.1179736e-01  -4.7993067e-02   1.3441306e-01  -2.4389332e-01   4.5941325e-01  -2.7224017e-01   5.7826497e-01  -7.2767451e-02  -3.3293818e-01   1.3827476e-01  -6.1644637e-02  -2.5254786e-01  -1.0966011e-02   2.9134835e-01  -9.1719316e-02   2.2416679e-01  -2.4138825e-01   2.7797381e-01  -4.7441222e-01  -2.4649870e-01  -2.0085877e-01  -3.1096313e-01   1.1105182e-01   1.7269358e-01   4.1334703e-01  -9.0439463e-02  -1.5926674e-02  -2.3713403e-01   1.0371586e-02   5.7998200e-01  -3.7041766e-01   1.5474421e-01  -1.9875996e-01  -3.1734449e-01  -3.1785177e-01   2.4987129e-01   3.8722224e-01  -1.0387908e-01  -3.4752298e-01   1.7299187e-01   5.6007618e-02   1.5528294e-02  -1.9617586e-01   3.5711753e-02   9.0107582e-02   2.1301503e-01  -4.4464386e-02   2.5983382e-01  -3.4739958e-02  -3.1205462e-01  -1.2611028e-02  -2.7096721e-02  -3.4366394e-01  -2.5340908e-01  -1.8897095e-01   1.2758846e-01  -4.2600884e-01  -1.8182123e-01  -6.4657829e-02  -1.2842119e-02   7.2127221e-01   2.0431336e-01   9.8000071e-02   3.7614783e-01  -2.1455195e-03  -1.0490102e-01  -2.2675624e-01  -1.5937512e-02   4.9500065e-01  -2.1881690e-01  -3.7455251e-01  -1.9992103e-01  -2.8043860e-01  -3.2048197e-01   2.4000580e-01  -4.7537965e-01   4.3247160e-01  -3.1543247e-01  -1.4596279e-01   7.5974489e-01   3.0307866e-01  -2.3962161e-01  -2.7086939e-01   4.9256503e-01   7.7747651e-01  -3.8880221e-01  -1.4458939e-01  -5.4040555e-02  -1.6471753e-01  -1.7900347e-01  -1.4970840e-01
   5.7612613e-02  -4.7877670e-01  -1.0532907e-01   1.0108606e-01   1.7402718e-02   4.2866509e-01   2.9270731e-01  -6.9944449e-02  -1.9586062e-01   4.5273892e-01   4.4716898e-01  -2.4705152e-01   0.0000000e+00  -2.3304642e-01   6.6879599e-02   5.2439548e-01  -1.5432619e-01   2.3884495e-01   6.5610515e-02   2.3756370e-01  -1.3057814e-01   1.9125384e-01   2.9202816e-01   1.6180305e-02  -2.0858423e-01  -5.4292360e-02   5.6702723e-03   1.5902628e-01  -3.2315663e-02  -1.1997420e-01  -1.5910002e-01   8.2637476e-02  -8.3433013e-02   3.6781419e-01  -4.9219288e-02   4.4586362e-01   1.5840369e-01   4.1777470e-02   4.5263797e-01  -5.6704913e-02   6.8918686e-01  -5.1452036e-02   4.1474951e-02  -5.7119810e-03   1.4834049e-01   1.0057165e-02   4.6436480e-01  -2.4696191e-01   2.0343608e-01  -4.7225696e-02   4.9251283e-01   2.7133353e-02  -3.6979196e-01  -2.7414082e-01  -1.1311586e-01   1.9367204e-01   1.3473367e-01   2.8471487e-01   2.7851287e-01   2.5688796e-01  -4.3016868e-02   4.0291677e-01  -3.2199519e-01   1.6274892e-01  -4.1111666e-01   1.8942427e-01   2.0284208e-01  -3.2857783e-02   1.6272525e-01   1.1731623e-01  -2.7886222e-01  -7.4193589e-03   3.1518028e-01  -2.9692623e-01  -1.7690127e-01   1.4733409e-01  -5.7313752e-02  -1.0570988e-01  -2.7324248e-02  -3.1253447e-02  -2.3369946e-02   2.8495618e-01  -5.9140748e-02  -1.2131583e-01  -1.7867869e-01   3.5881311e-02  -2.8048837e-01  -1.3402201e-01  -4.3933610e-01  -2.0758251e-03  -3.4305975e-01  -1.8765745e-01  -4.9379960e-02   1.3492353e-01   1.0431032e-01  -1.5217052e-01   8.6782086e-04  -8.2510498e-02   2.2612579e-01   1.7512157e-01  -1.1574220e-01   1.6839231e-01   9.6152044e-02  -4.0650204e-01   2.3966815e-01   5.8242052e-02  -2.2922400e-01  -8.9897250e-03  -9.9061914e-02   9.9262524e-02   8.5806913e-02   1.7277419e-01  -1.7072594e-01   5.7245486e-02   1.8785240e-01  -4.3035976e-01  -5.0634600e-02   6.1139681e-01  -1.4512708e-02  -3.2393290e-02  -1.8798767e-01  -2.3244316e-01  -2.8944684e-01   2.6049028e-02  -4.6577058e-02  -2.9342763e-01   1.0140655e-01  -3.4247394e-01  -7.7042552e-02   2.6127760e-01   4.5340562e-01   2.8130169e-01  -1.3610536e-01  -3.0428954e-01  -1.8981641e-01   2.1838852e-01  -2.5370416e-01  -9.4465796e-02   7.5889755e-02  -2.4203046e-02  -1.0126849e-01   1.6436329e-01   2.7212056e-01   2.5742080e-01   2.9794176e-01  -1.4461042e-01  -7.7148197e-02  -4.9856867e-03   3.9720900e-01  -3.2868017e-01  -1.1917574e-01  -1.7471296e-01  -7.4756205e-02   8.1352374e-02  -2.6289631e-01   6.5687133e-02  -9.6020621e-02   4.1494082e-01  -1.0012108e-01   1.3515735e-01   3.1196999e-02   1.4193182e-01  -2.4445394e-01  -5.8240828e-02   1.2703813e-01  -2.3162894e-01   1.8591067e-01  -9.3145589e-02  -5.8440709e-02  -3.1872932e-01  -2.1055181e-01   4.1361755e-02  -2.7374186e-02   6.5634017e-02  -4.0949701e-01  -2.9636431e-01   1.5152322e-02
   6.1078146e-01   2.5715918e-01   2.2370342e-01  -1.3181073e-01  -5.1916239e-02  -7.8444975e-03  -2.9292980e-01  -3.7866706e-02   1.9008617e-01  -2.3313935e-01   1.4591152e-02   2.8809043e-02  -2.3304642e-01   0.0000000e+00  -1.6501864e-01  -4.7425685e-01   3.7278909e-01   2.5586836e-02   1.6490793e-01  -5.2322185e-02  -1.7869242e-01   4.2314218e-02  -1.8185491e-01   3.3465387e-01   2.8922798e-01   7.6921357e-02  -4.3589043e-02   1.9251849e-01   5.5013164e-02   5.9488729e-02  -1.3380352e-01   4.2472596e-02   1.0735010e-01  -2.1834938e-01  -1.4742192e-01  -2.6205351e-01  -1.1608828e-01   3.1159450e-01  -5.8153711e-01   1.0571933e-01  -4.0931442e-01   6.3069087e-02   2.1452709e-02   1.0360959e-01  -4.2281708e-02   2.7874870e-01  -1.7230415e-01  -9.6519328e-02   7.8957728e-03  -6.8907758e-02  -2.7455683e-01  -1.4076871e-02  -6.1620884e-02   2.6972142e-01   5.7785508e-01  -2.1748825e-02   1.4976657e-01  -6.4624693e-02  -1.3780291e-01  -1.5510021e-01   3.5527097e-01  -2.3113444e-01   4.9322721e-01  -2.0562732e-01   3.9496055e-02  -2.1929251e-01   3.8969536e-02   2.2673098e-01   1.4913583e-01   4.3162463e-01   5.6949985e-02   1.4774743e-01  -3.7571368e-01   1.3214593e-01   4.5787342e-02   3.5180688e-02   2.7194251e-01   2.8543165e-01  -2.1551463e-01   1.4479736e-02  -1.2754139e-01  -4.3999042e-01  -8.6516341e-02   1.5698986e-01   5.1765209e-01  -2.0769061e-02   4.1144302e-01   5.0002856e-01   3.6774704e-01   5.2232074e-01   1.1172910e-01   3.4257466e-01   3.0157808e-02  -9.8620209e-02   1.6847284e-01  -3.8608889e-02  -4.2760299e-02   1.8117836e-01  -4.0846527e-02  -1.0862641e-01   5.0618963e-01  -5.2968508e-02  -2.4750669e-01   5.6567441e-01   1.5837529e-02  -3.7250368e-02   3.1664303e-02   1.7876885e-01  -1.6500836e-02  -2.6069884e-01  -3.6452968e-02  -3.2583831e-01   1.3570668e-01   4.9763118e-01  -2.8045844e-02   3.4732162e-02   2.2386762e-01  -3.0768643e-01   1.4284422e-01   2.8642005e-02   2.4703074e-01  -8.8135566e-02   1.3560180e-01  -2.1937860e-01   4.3830443e-01   5.9574220e-01  -1.9980100e-01   3.4575798e-01   2.8376345e-01   2.1283638e-01  -5.1306336e-01  -2.4540247e-01   3.8363522e-01  -1.5925141e-01   3.1776212e-01  -1.3118541e-01   3.8909646e-01   4.1136990e-02  -2.0543457e-02   1.3788768e-01   4.5534604e-01   8.6630426e-02   1.4941092e-01  -6.9442215e-02  -2.4868803e-01  -9.5765699e-02  -2.7097473e-02  -2.0781671e-01  -3.6747260e-02   7.3548191e-03   3.2776826e-01  -1.3731325e-01   3.2519314e-01  -1.1055856e-01   2.2456573e-01   2.4572518e-01   1.4198116e-01  -2.4142673e-01   2.4754003e-01  -3.1745573e-01   4.4082608e-02   3.3981607e-03  -2.3619585e-01   6.1303686e-02  -1.3211224e-01   9.4922703e-03  -1.9400941e-02   5.1285169e-01   3.0199222e-01  -2.7919016e-02   5.9079381e-02  -5.8765343e-02   1.0712827e-01  -1.1200304e-02   1.0774718e-01   1.7945330e-01  -2.7708673e-02
