   0.0000000e+00  -3.2622324e-01   1.0135281e-01  -2.3090340e-01   1.8568210e-01  -2.0638213e-01  -1.8341094e-01  -1.9276385e-01   3.9155861e-01   9.2451321e-02   4.9674041e-02  -1.1459374e-01   4.7672328e-01   1.9461740e-01   4.5358905e-02  -1.6428259e-01   1.9840849e-02  -6.3699983e-02   2.8712218e-02   2.0092344e-01  -2.4457703e-02   2.8773179e-02  -9.5683184e-02   2.1028252e-01   8.8269686e-02  -1.6356581e-01   3.1767441e-02  -1.5710250e-01  -4.2737378e-01   9.5251472e-03   1.1215268e-01  -1.8895505e-01  -6.6907528e-02   7.8625699e-02  -2.1398086e-01   2.8453666e-01  -1.7028621e-01   1.0781710e-01  -1.4575158e-01  -7.6427969e-02   7.8679050e-03   6.7297471e-02   1.3250270e-01  -9.1402135e-02   5.4615776e-02   3.6092844e-01   2.3373679e-01  -3.5968592e-01  -1.6100117e-01  -1.2292612e-01  -1.0248747e-01  -7.5938989e-02  -1.7097031e-01   2.3034575e-01   1.3123361e-01   1.1882057e-02  -2.8931026e-02  -5.1432093e-02  -3.2259490e-01  -1.0801346e-01   2.6712297e-01   1.1076632e-01   8.7595271e-02   1.4738108e-01  -1.1614359e-01   8.4398803e-02  -1.2036607e-01   2.2711356e-01   7.0479863e-02   2.6389282e-01  -1.1555883e-01   4.4469754e-03   6.0972194e-02   3.0688106e-01   1.4181585e-01  -1.2867821e-01   3.1865296e-01  -2.0514780e-01   1.4247689e-01  -1.5010794e-01  -2.2862663e-01   1.7911072e-01  -1.6092405e-01  -9.0019406e-02   1.8035501e-01  -9.2925393e-02  -6.6959640e-02   3.1207942e-01   2.2544939e-01   2.7722102e-01   1.3796371e-01   7.2323194e-02   5.3125473e-02  -3.3674560e-02   2.5684327e-01   1.5367859e-01   1.5681607e-01  -1.3234993e-01   1.0913973e-01  -2.2465218e-01   1.3536126e-02  -8.7218474e-02  -1.7481652e-01   2.4283406e-01  -1.7887405e-01  -2.5521615e-01   8.5962981e-02  -5.6118128e-02  -1.4688527e-01   3.3536298e-02  -5.1422399e-02  -1.6607738e-01   1.5839894e-01   2.8135850e-01   1.7327893e-02   1.0890566e-05  -6.5091663e-02   2.0863628e-01  -2.3624724e-01  -1.4325026e-01   1.1405266e-01   2.1548129e-01   1.2970860e-01  -8.3011060e-02   1.9259508e-01   1.7338713e-01   4.8930685e-02   8.1460755e-02  -1.9268518e-01  -6.8087018e-02   1.4274405e-01   1.3693744e-01  -6.1655060e-02  -1.0530695e-01  -3.8715444e-02  -1.3984286e-01   4.1432914e-02  -2.0173404e-01  -4.7018840e-02   1.7469772e-01   2.5496854e-01   3.0063411e-01  -1.8369057e-01  -2.3304582e-01  -2.1798272e-01  -1.9753556e-02  -5.0968334e-02   2.4515129e-01   1.0207071e-01  -2.2686245e-01   2.4761958e-01  -1.4692624e-01   4.1567960e-01   6.0712370e-02   4.3978400e-02   5.2749518e-02   2.4623517e-01  -2.3071468e-01   1.0839830e-01  -1.2171032e-01   6.7160078e-02  -7.7821843e-02   8.7656887e-02  -1.7713426e-01  -2.0697409e-01  -6.1560896e-02   2.1983532e-01  -7.8414890e-02   2.3775109e-01   7.6814754e-02   8.6566380e-02  -7.4047139e-02   4.4622126e-02  -7.5095797e-02   1.8426226e-01   2.1786883e-01  -6.7910318e-02
  -3.2622324e-01   0.0000000e+00   1.4096045e-01   2.1928689e-01   1.6945367e-01   1.8661018e-02   3.6719880e-01   3.0098227e-01  -2.1873324e-02   1.2416536e-01   1.7970991e-01   3.6949566e-01  -2.6154877e-01  -1.7351384e-01   1.2902531e-01   2.5628975e-01   1.5460439e-01   2.2959368e-01   2.6617866e-02   4.1934036e-02   1.3465299e-01   8.5644898e-02  -4.3837742e-02  -4.2394330e-01  -2.9582691e-02   2.6507833e-02  -8.4063234e-02  -1.6272231e-01   1.1734037e-01   3.8150873e-01   2.6693060e-01   1.9240156e-01   1.0141288e-01   2.9184364e-01  -1.0833986e-01  -5.1315521e-02   1.3326018e-01  -2.5607021e-01   2.8347841e-01  -4.6525270e-02   1.6852333e-01   4.0482345e-02   8.5269369e-02   1.2897446e-01   2.7004816e-01  -8.2201589e-02  -7.4383674e-02   3.5299059e-01   2.6799883e-01   1.5613989e-01   1.3818127e-01   1.2509994e-01   3.8344888e-01  -1.5956725e-01  -3.1079799e-01   2.2220852e-02  -1.3341971e-01   1.7093273e-02   4.0207178e-01   2.1250028e-01  -1.0565275e-01   2.1292330e-01   1.8731586e-01   9.9846083e-02   5.4844846e-01  -5.3702473e-02   1.2598611e-01  -1.4345346e-01  -4.9444176e-03  -6.8006207e-02   2.6883799e-01  -5.2540268e-02   2.6673899e-01  -2.8808109e-01  -1.2840632e-01   6.1281331e-03  -4.3620470e-02   1.5935827e-01   2.7272067e-01   2.9560626e-01  -8.1394019e-02   1.3435864e-01   1.8324293e-01   1.7847713e-01   2.6926975e-02  -2.1655034e-02  -1.5223162e-01  -5.0139681e-01  -1.3296199e-01  -1.7295375e-01   2.4052049e-01   8.4406064e-02  -8.4135771e-02   3.9032016e-01   3.1012660e-03   8.0320769e-02  -2.0895075e-01  -1.0325545e-01   2.0082691e-01  -1.0353826e-01  -5.3575065e-02   9.5932999e-02   8.3523265e-02   1.1167603e-01   3.5192389e-02   2.6955037e-01  -8.5873284e-03   1.1058144e-01   1.0499604e-01   1.8697705e-01   2.6408453e-02   8.4813323e-02   7.5561964e-03  -9.7782563e-02  -2.4588050e-01   3.3191992e-01   1.3347024e-01   1.2393483e-01  -8.2226463e-02   1.5370412e-01  -5.5787749e-02   1.2139434e-01  -7.0807994e-02   2.8364553e-01  -1.0804378e-01  -1.8032210e-01   2.4167931e-01  -6.2076812e-02   1.1313621e-01  -2.6400873e-02   1.0565930e-02   2.5493746e-01   4.2261934e-01   3.1442686e-01   4.4644728e-02   1.4010026e-01   3.5305034e-02  -8.3618508e-02   3.9350367e-02   9.1874072e-02   8.2266181e-02  -1.9265015e-01   1.1600280e-01   7.4298095e-02   3.4541663e-01   2.2723029e-01   6.0163830e-02   2.0738406e-01  -2.3317180e-01   1.6873171e-01  -1.7212900e-01   2.9145835e-02  -1.9281729e-01   3.2929269e-01   1.1470271e-01  -1.3245154e-01  -2.7348627e-02   2.7266410e-01   9.4474383e-02  -6.1012739e-02   7.4267876e-02   1.2572338e-01   1.8248127e-01   3.0729032e-01   2.8196893e-01   1.6153883e-01   6.1607893e-02  -2.0839227e-02  -1.2945740e-02   7.1471412e-02   3.0402072e-01  -1.8832132e-01   2.8509486e-01   1.5090155e-01  -2.2075078e-01  -1.0807873e-01   1.6251950e-01
   1.0135281e-01   1.4096045e-01   0.0000000e+00   9.9590000e-02   4.6374023e-01   8.5715073e-03  -1.5522156e-01   8.3673291e-02   8.4272413e-02  -6.5038909e-02  -7.2515053e-02   2.9498290e-01   3.5281873e-01  -2.8332637e-01  -2.7894750e-01   4.1144555e-01   8.3998936e-01  -2.5854729e-01  -2.5524008e-01   4.7648425e-01  -2.6002529e-01   1.5711647e-01  -1.4732435e-01  -2.7471257e-01  -2.0023477e-02  -1.4572495e-02   1.2403865e-01  -2.5276892e-01   3.8684495e-02   1.3799622e-01   2.2983872e-01   2.6019235e-01   5.9064960e-01   3.6003461e-02  -3.4432993e-01   1.2104838e-01   4.8798925e-02  -3.0213194e-01   3.2967308e-01   3.3825829e-01   2.8873532e-01   5.6356330e-01  -3.0479507e-02  -5.6920639e-02  -2.8948051e-01   7.3985779e-02  -7.3264596e-02   4.5335418e-02  -9.1634350e-02   6.7627751e-01  -2.2657938e-01  -2.1216750e-01  -2.6066533e-02   5.7784628e-01  -1.2604165e-01  -1.0003241e-01  -1.0725617e-02   3.1772873e-01   1.7585445e-01  -3.0704288e-01   6.0599505e-01   8.5506498e-02   5.9773213e-01   3.6684115e-03   1.0353138e-01  -5.6282290e-01   2.9975428e-01   1.8997719e-01   1.5829460e-01   4.8277330e-01   4.7454920e-01  -2.1300812e-01   2.0373225e-01   1.2892382e-01   4.9394849e-01   2.4942084e-01   3.9599148e-01   2.8745796e-01   4.2981689e-01   3.1088095e-01  -4.3512759e-01   1.7148422e-01  -2.3110391e-01  -9.6350289e-02  -6.1698655e-02   4.8341230e-02  -1.4572600e-02  -8.0723884e-02   3.6940407e-01   5.0673813e-02   4.6669216e-01   6.9708715e-01   6.8620375e-02   2.2640800e-01   2.1401678e-01   4.8864795e-01   3.1519862e-01  -4.3684713e-02  -1.9974534e-02  -4.2890201e-01   9.1928758e-02  -4.0022109e-01  -4.0391131e-01   1.0789729e-01  -1.8786900e-01   3.2524560e-01   5.1788972e-01   1.7310012e-01   3.1784358e-02  -4.5425415e-01  -2.3726001e-01  -1.4725658e-01   3.2824815e-02   5.8863592e-02  -9.2351207e-02   3.1244230e-01   1.4731474e-01   2.3375684e-01  -2.8926069e-01   1.6044333e-01  -1.6353844e-01   4.7587304e-01   3.5968511e-01   1.9236631e-01   1.6137319e-01  -2.5670675e-01  -2.3185911e-01   4.9658669e-01   1.2297201e-01   4.4464541e-01   4.3989895e-01  -2.1850812e-01  -3.1670398e-02   2.3268780e-01   5.6629195e-01   2.6774696e-02   4.3883961e-01  -7.8420312e-03   7.1951988e-03   1.4282503e-01  -5.5775411e-02   2.2077789e-01   1.7913163e-01   1.3452383e-01  -2.6435928e-02  -1.7300670e-01   3.5987960e-01  -1.7296560e-01  -4.2040982e-01  -2.4230801e-01  -1.6240591e-02  -3.6812731e-01   1.5837836e-01   3.5474869e-02   6.7054773e-01  -2.9262727e-01   2.4344985e-02   1.5466123e-01   6.7308898e-01  -4.6654404e-01   2.3255844e-01   2.1428511e-01  -7.9779100e-02  -1.3754143e-01   5.2146014e-01   1.6995741e-01  -2.8500293e-01  -3.2686804e-01   1.8090402e-01   3.4457966e-01   1.4703283e-01  -2.6260651e-01  -1.7747281e-01  -8.4391013e-03   1.6988467e-01   3.6785466e-01   3.6171077e-01
  -2.3090340e-01   2.1928689e-01   9.9590000e-02   0.0000000e+00   7.5881379e-02  -4.9344967e-02  -3.0060567e-01   2.5130826e-01  -1.0645898e-01  -2.4292794e-01   6.0884634e-01  -2.3728760e-02  -7.2051967e-02   6.2607838e-02   1.7036202e-01   6.4666084e-01   8.2743175e-03   5.4859064e-01   2.2700452e-01  -5.6039376e-02   2.0600819e-01   7.3748301e-01   2.4425448e-01  -4.0946183e-01  -2.2504561e-01   3.7617137e-01  -1.2886128e-01  -2.4215258e-02  -4.6659357e-02   3.5195378e-01   1.7058821e-01   7.0945793e-01   4.3935496e-01  -3.4240948e-01  -1.3958886e-01   1.3541788e-01   3.0765666e-01  -3.7551492e-01   6.6901878e-01  -3.7671586e-01   5.1754689e-01   3.4612356e-01  -2.1324494e-01   4.0945768e-01   3.0868595e-01  -1.9630614e-02   3.4608820e-01  -4.3973227e-02   3.6557104e-01   1.3480098e-02   6.5332994e-01   3.6494159e-01  -1.5648559e-01   1.1796144e-01  -1.2608976e-01   3.6399081e-01   2.1077130e-01   3.8852822e-01   7.9754407e-01   1.5237031e-01   2.1650601e-02   2.6759079e-01   2.8102011e-01   2.8605689e-01   3.2659593e-01  -4.1970259e-02  -2.2058432e-01  -8.1213475e-02   6.3191501e-01  -1.6760259e-01  -1.7284407e-01   6.9999888e-01   4.6973580e-01   3.1168756e-02   2.4343403e-01   2.9716740e-01   4.5528784e-02   6.0559252e-01  -2.7401633e-02   3.9325925e-01   8.3827763e-02   3.9577324e-01   1.8219162e-01   3.7992812e-01   7.8411989e-02   1.4655432e-01  -1.2012853e-01  -2.7047631e-01  -2.1983677e-02  -3.9319703e-02  -2.7226254e-02   1.7923020e-01  -3.7687378e-01  -1.2806607e-01   1.9643293e-01  -2.3184539e-01   1.1166792e-01   1.9309041e-02   3.9927152e-01   5.1168830e-02   1.8740011e-02   3.7283731e-01   4.3761315e-01   3.5885674e-01   7.1676326e-01   7.0240522e-01   5.4530866e-02   4.3236841e-01   1.3430877e-01   1.4512583e-02  -9.9167654e-02   6.3364550e-01   6.1977995e-01  -2.4593903e-02  -1.4710136e-01  -9.0698348e-02   4.7113406e-01   2.6690214e-01  -1.9082185e-01   8.7802538e-01  -5.6640928e-02  -9.9675476e-02  -9.8923784e-02   2.5577326e-01   1.8827818e-01   1.3677047e-01   2.8734045e-01  -3.2340641e-02   7.4489941e-01  -2.7688494e-01   4.0565339e-01   1.9632056e-01   4.5524852e-01   9.8357748e-02   2.8841775e-01   3.7383350e-01  -7.4661952e-03   1.1626957e-01   4.1378361e-01   2.6859271e-01  -1.6053600e-01  -3.7764710e-01   6.7835527e-01  -1.2694048e-01   1.8845218e-01   5.1841701e-01  -2.4804388e-01   1.7020404e-01  -1.0119599e-01   2.4249887e-01  -7.7727500e-02   2.3269309e-01   1.4888910e-01   2.6247805e-01  -2.5257812e-01  -4.3077540e-01   9.3230774e-02   7.7042383e-01   1.6665997e-01   2.1528211e-01   1.8378580e-01   6.0251802e-01  -2.7393152e-01   7.4548552e-01   6.9548714e-01  -1.1785817e-01  -2.7620302e-02   7.4010324e-02   1.8266985e-01  -1.4411816e-01  -1.8932087e-01  -3.9622660e-01   4.8195151e-01  -4.4331933e-01   5.2478619e-02   2.2052547e-01   6.8883632e-01
   1.8568210e-01   1.6945367e-01   4.6374023e-01   7.5881379e-02   0.0000000e+00  -2.2380438e-01  -1.4091614e-02  -8.3946617e-02   3.5917995e-02   3.5741669e-01  -9.8356738e-02   3.2084724e-01   4.8087218e-01  -3.5070889e-01  -1.0585734e-01   2.8890289e-01   5.7206265e-01  -2.4001761e-02  -4.9487039e-01   9.0074032e-01   1.8218445e-01   9.9762423e-02   3.2958847e-02  -4.0538455e-01  -2.4494631e-01  -4.0491851e-01   2.9812789e-01  -5.4553055e-01   2.2497430e-02   1.1781841e-01   4.4955855e-01   8.4205981e-02   4.9835499e-01   3.3596272e-01  -6.0744413e-01   5.5452659e-01   2.5669470e-01  -3.3437097e-01   4.2016544e-01   2.4761439e-01   4.3670591e-01   3.7526283e-01  -2.8945443e-02  -3.1454975e-01   2.7036528e-01  -4.8808735e-02   1.0972977e-01   6.3691024e-02   1.1416760e-01   3.7613375e-01  -1.1141849e-01  -2.2562489e-01   1.9328823e-01   2.8679294e-01  -4.0432250e-01  -3.6545601e-01  -4.9917241e-01  -1.4230911e-02   1.2185079e-01  -1.8341620e-01   3.0297756e-01   5.2879958e-01   6.0015258e-01  -7.6960786e-02   4.3728838e-01  -1.7299997e-01   3.6202377e-01   4.9121139e-01   1.3513976e-02   3.8980734e-02   5.3011311e-01  -1.3746872e-02   3.9627549e-01  -2.5949591e-01   4.5688691e-01   8.1298574e-02  -1.3688509e-02   2.1801846e-02   8.1094432e-01   3.2918781e-01  -6.3719552e-01   4.7332289e-01  -1.2676370e-01  -2.7143294e-01  -1.7295274e-01  -8.6652047e-03  -1.3328878e-01  -2.6639136e-01   4.7426971e-01   8.1149578e-02   8.4912540e-01   2.6620879e-01   1.8649395e-01   3.3228895e-01   1.2531681e-01   6.6441909e-01   3.0951530e-01  -2.6350551e-01   4.0685618e-01  -7.3390835e-02  -1.2161226e-01  -4.3876461e-01  -3.8153232e-01   8.9505682e-02  -3.1550924e-01   1.3463041e-01   5.5596891e-01   6.9186028e-02   4.4249975e-01  -1.4921000e-01  -1.4493634e-01  -3.6490742e-01   2.8316230e-01  -3.4892768e-02  -5.9112975e-01   7.1554675e-01   1.0968067e-02   5.8442527e-01  -5.3122813e-01   9.4070999e-02  -1.0687316e-01   8.2179118e-01   3.9857843e-01   3.8415641e-01  -8.4521485e-03  -3.8558311e-01   1.9281917e-01   5.8080913e-01  -1.7062761e-01   8.7315535e-02   5.4373439e-01   2.9760439e-01  -1.6279270e-01   3.5925805e-01   4.0345809e-01  -4.0535463e-02   4.7243659e-01  -2.2267112e-01  -7.8079886e-02   1.8080719e-01  -3.2177306e-02   3.2875444e-01  -2.3474989e-01  -1.9213257e-01   2.1267674e-01  -7.6205278e-02   3.9212604e-02   3.6149413e-01  -2.7679825e-01   3.3051538e-02  -3.0454995e-01  -4.7339957e-01   6.1884770e-02   4.3806222e-01   5.9456419e-01  -1.9543529e-01  -1.2206170e-01   2.1238155e-01   4.9012489e-01  -6.1599870e-01   5.0607962e-01  -3.1715191e-02   3.7995563e-01  -6.2829800e-02   2.6070297e-01   5.1741166e-01   3.1849916e-01  -4.6062684e-01  -7.5456704e-02   6.6366116e-01   6.8440633e-01  -3.9686959e-01   2.0967925e-01  -2.0644427e-02  -1.2329117e-01   4.3099683e-01   1.8069706e-01
  -2.0638213e-01   1.8661018e-02   8.5715073e-03  -4.9344967e-02  -2.2380438e-01   0.0000000e+00   3.4661543e-01   7.8542015e-02  -1.3622706e-01   2.9410456e-01   8.4808604e-02   3.5745956e-01  -3.1182638e-01  -2.5928132e-01   2.8075107e-01   2.1630356e-01  -1.1249978e-01  -2.5537637e-02   3.5782937e-01  -1.6894027e-02  -2.0379348e-01  -3.1195144e-02   2.2230540e-01  -8.4117416e-02  -7.7255876e-02   3.0634120e-01   5.1766273e-01   3.4257087e-01   1.9928117e-01  -2.3983901e-01  -4.1404153e-01  -1.6816978e-02  -1.3297093e-01   2.3644572e-01   1.1157307e-01   7.6435216e-02  -2.2780373e-01   6.5321430e-03  -8.8343134e-02   4.8455258e-01  -1.1523573e-01   1.1156805e-01  -1.2669932e-01   1.6207848e-01   6.6013939e-02  -2.0918613e-01   2.1785542e-01  -1.9772665e-01  -7.5905124e-02   2.8175088e-01   2.4391242e-01   4.8689697e-02  -1.3000708e-01  -1.2394263e-01  -2.2750753e-01   3.1700208e-01   4.0470465e-01   2.8823972e-03  -7.4372414e-02   2.4635476e-01  -2.3244975e-01   1.9790171e-02  -1.3247920e-01  -3.6696097e-02  -3.4724426e-01   4.3480188e-01   4.4399610e-01  -2.8229825e-01   3.3925789e-01   1.2988369e-01  -2.4937531e-01  -4.9990061e-02  -2.1152735e-01   1.4045068e-01  -3.2157708e-01   8.3175829e-02   1.0551621e-01   9.5893305e-02  -1.2135856e-01  -3.9884775e-02   4.0875281e-01  -4.1461013e-02  -2.3699840e-01   1.1842287e-01  -1.9859485e-01   2.0719252e-01  -3.7190061e-01  -6.9355466e-02  -4.8093273e-01   1.5353983e-02  -2.7018543e-01  -1.6939994e-02   3.2977113e-01  -1.2234578e-01  -2.1712051e-01  -1.1963712e-01  -1.8165531e-01   6.3773394e-01   4.2120521e-02   3.2369695e-01  -2.9684681e-01   3.8160258e-01  -1.0097444e-01  -3.3350684e-01   7.6726089e-02   1.5300949e-02  -3.0334244e-01   4.2017550e-01  -1.6794247e-01   3.5463198e-01   4.4683029e-01   2.8276006e-01  -1.9111959e-01  -1.2450555e-01   4.3475666e-01  -2.8769702e-01  -1.8660325e-02  -2.0793510e-01   1.3904738e-01   2.2036846e-02  -9.8565564e-02  -7.9692212e-02  -1.2085194e-01  -4.9988281e-01  -1.3235264e-01   2.2523410e-01   1.9637131e-01  -3.7160583e-01   1.3792232e-01   2.3526041e-01  -1.9200268e-01   1.0872847e-01   1.3111890e-01  -2.9385850e-01  -1.6203772e-01   7.4753098e-02  -1.3219535e-01  -9.6145862e-02   1.6038677e-01  -2.2302084e-01  -5.0095341e-02  -3.3732859e-01   1.7796789e-01   6.4905527e-01   5.5085227e-02  -2.3624824e-01   4.5806854e-01   3.7069089e-02   4.8349854e-01  -2.5607986e-02   2.1004352e-01  -9.3613521e-02  -1.1034206e-01  -3.8101859e-01   5.1512315e-02  -8.9652300e-02  -1.6912653e-01   2.4951590e-02  -2.0106468e-01   3.3693752e-01  -1.9830502e-01   8.8957517e-02   2.2187385e-01  -1.3459249e-01  -1.1097359e-01   7.1176608e-02   1.8331985e-01   2.0235418e-01   1.3225537e-02  -2.6286609e-01   1.0371394e-01  -9.4257611e-02  -2.3140082e-01   3.5246997e-01  -7.6111396e-02  -2.9043724e-01   7.7494493e-02
  -1.8341094e-01   3.6719880e-01  -1.5522156e-01  -3.0060567e-01  -1.4091614e-02   3.4661543e-01   0.0000000e+00   1.2912174e-01  -1.8668559e-01   5.7778050e-01  -2.2534215e-01   6.4028853e-01  -3.6543307e-01  -4.3003091e-01   3.4933182e-01  -1.4256930e-01  -1.5845797e-01  -1.6386903e-01  -2.0222898e-01   1.0951372e-01  -3.2568064e-02  -3.7459028e-01   2.4709637e-01  -1.5481298e-01  -1.6208754e-01  -2.6520933e-01  -2.9259898e-02  -1.9019205e-02   1.7332907e-01  -3.0896729e-01  -1.9418168e-01  -1.8299217e-01  -3.0643651e-01   7.2356216e-01   2.4076205e-01  -1.0170209e-01  -6.5329968e-03   4.1209254e-02  -2.8416780e-01   6.6100798e-02  -2.9187917e-01  -2.3137234e-01   1.1463142e-01  -2.2187994e-01   2.8408941e-01  -3.4682057e-01  -3.0077784e-01   2.7947912e-01  -2.5501850e-02  -6.7492609e-02  -2.3094295e-02   7.5619351e-02   4.1925786e-01  -2.1514021e-01  -3.6978121e-01  -2.0915776e-01  -2.0164997e-01  -2.0927794e-01  -1.9319378e-01   4.2996290e-01  -4.2207909e-01   1.7848103e-01  -1.8007786e-01  -3.0236489e-01  -2.1405375e-02   2.6925982e-01   1.4001255e-01  -2.1348856e-01  -4.0734106e-01  -1.7904009e-01   1.9306264e-01  -3.2127152e-01  -1.5793506e-01  -1.2072756e-01  -2.1587361e-01  -6.5494639e-02  -3.1159242e-01  -3.7915439e-01   5.5611879e-02  -2.3805550e-01   1.9298598e-01   1.1382148e-02  -2.7414311e-02  -1.7540375e-01  -2.7534682e-01   7.3744503e-02  -2.6913440e-01  -2.3402708e-01  -4.0724463e-01   8.4016208e-02   4.6178508e-02  -2.2153782e-01   5.6260133e-01   2.3054845e-01  -3.4649392e-01   2.5454614e-02  -3.4530838e-01  -3.8054335e-03  -6.8404360e-02   4.2187949e-01  -3.5213274e-01   1.2301200e-01  -1.8392602e-01  -4.1903087e-01  -2.8770887e-01  -1.8260213e-01  -5.4784125e-02  -2.3799514e-01   1.9780657e-01   2.6825272e-01   6.2084648e-01  -1.6273964e-01  -3.5741064e-01  -6.9628840e-02  -1.7342517e-02   5.7080719e-02  -2.4992011e-01  -1.4085844e-01  -6.2516688e-02  -1.9480828e-01  -3.4413026e-02   1.2613988e-01   3.7085066e-02  -1.9931270e-01  -4.1116757e-01  -1.5178728e-01   2.0927245e-01  -1.9945957e-01  -2.8243036e-01  -1.4787778e-01  -3.8349988e-01   2.2566859e-01  -7.7931608e-02   2.4053103e-02  -3.3012971e-01  -1.4276330e-02  -3.9526350e-02  -3.4055403e-01  -1.9490607e-01   6.2613965e-03   7.2408579e-02  -2.5411807e-01  -3.1230354e-01   3.0387566e-01   5.1405971e-01  -3.4057891e-01   5.8367630e-01  -3.9594984e-02   1.6654881e-01   8.1011214e-03  -1.2280758e-01  -1.4134725e-01  -2.0090741e-01  -1.5824427e-03   1.6636877e-02   1.2919464e-01  -9.1296014e-02  -1.2943285e-01  -2.7024396e-01   4.5686874e-02   2.8383446e-02  -2.8786538e-01   2.4534528e-01  -2.2998287e-01  -2.2553557e-01   4.7243694e-01   3.6675792e-01  -1.8795970e-01  -1.9625343e-01   7.6132564e-02   5.0839385e-01  -1.3377267e-01  -1.1299189e-01   4.4931284e-01  -2.8340432e-01  -2.1698772e-01  -3.1490029e-01
  -1.9276385e-01   3.0098227e-01   8.3673291e-02   2.5130826e-01  -8.3946617e-02   7.8542015e-02   1.2912174e-01   0.0000000e+00   1.2279957e-01  -1.9555740e-02   6.4975483e-02   1.1858249e-01  -9.8215500e-02  -6.6217916e-02   1.2229684e-02   2.0707216e-01   2.5641571e-02  -1.7639638e-02   5.6673302e-02  -9.7710488e-02  -7.4120843e-02   3.1458119e-01   4.8944482e-02  -3.5000757e-01  -3.0315199e-01   2.8400419e-01  -1.7958834e-01   6.5567022e-02   6.1863757e-02   1.7672661e-01  -1.4976954e-01   4.4995830e-01   2.3622301e-02   9.9914531e-02   7.4857212e-02  -3.0819536e-01   2.4898057e-02  -2.7201791e-01   7.8455407e-02  -1.2186585e-01  -7.8220675e-04  -4.2046005e-02  -6.7054228e-02   3.0750515e-01   1.8632289e-02  -1.6398325e-01  -2.5845266e-01   1.0279412e-01  -1.5194463e-01   5.9004356e-02   5.5319589e-02   4.7165568e-01   5.1048018e-02  -5.7099843e-02  -2.2586203e-01   2.2266827e-01   1.2965381e-01   2.9264036e-01   3.7235700e-01   1.0301472e-01   6.1091496e-02  -1.2543929e-01   1.9663685e-01   1.0300261e-01   1.0540933e-01  -1.3695151e-01  -5.7694048e-02  -1.5807935e-01   1.4461838e-01  -4.7498239e-02   2.6588971e-02   6.0049880e-02  -4.4001963e-03  -8.3499701e-02   7.0736397e-02   3.7009962e-01   1.2608902e-02   3.6206552e-01   1.0713396e-02   1.1463857e-01   5.2642554e-02  -2.1625678e-02  -4.4855897e-02   5.4581831e-01  -2.0630918e-02   2.0593273e-01  -5.7032181e-02  -2.7117186e-01   7.1286224e-02  -1.4269624e-02   8.7270241e-02   2.7810959e-01   4.8920977e-03  -9.4174958e-02  -3.1030307e-02   2.8881400e-02  -1.6929837e-01   1.8464900e-01  -7.7910242e-02   1.2662419e-01   1.8581653e-02   2.2892173e-01   3.6790373e-02   2.1725660e-01   1.7886488e-01   5.1967273e-01   1.9037773e-02   3.1888438e-01   6.8893919e-02  -1.4297044e-01   6.9451752e-02   1.5662563e-01   7.6849018e-02   3.2274292e-02   4.8726508e-03   3.8053994e-02   3.7458167e-01  -7.2235138e-02  -1.0656223e-01   2.3481090e-01   4.3283648e-02   3.7443350e-02   1.3559305e-01  -1.3699353e-02  -3.4533414e-02   1.6923694e-01  -3.1301251e-02   3.8351466e-02   3.2471045e-01  -1.3656371e-01  -1.2192288e-01  -1.0840236e-01   4.4897263e-01   5.1481747e-02   1.8697238e-01   7.5284824e-01   1.4131949e-01  -5.7187056e-02   4.1420789e-01   1.6588377e-01   2.4941314e-01  -4.2174702e-02   3.8132607e-01   3.9157802e-03   2.3701105e-01  -1.1962069e-02   6.1556363e-02  -1.2333730e-01  -2.4606769e-01  -1.2615392e-01  -2.4449150e-02   1.2661595e-01  -3.2222405e-02  -2.3396266e-02  -1.7289749e-02  -2.8030926e-01   1.6482348e-01   2.8014280e-01   1.5831375e-01  -2.8444504e-02   1.8614471e-01   4.3402580e-01  -3.1206364e-01   8.8614395e-02   3.6539785e-01   1.9089410e-01  -3.5714237e-02   8.7614630e-02   7.2786512e-02  -1.9473772e-02   6.4872402e-02  -2.4060891e-01  -2.3775766e-02   4.6223674e-02  -1.2792360e-01  -1.0039731e-01   4.5659024e-01
   3.9155861e-01  -2.1873324e-02   8.4272413e-02  -1.0645898e-01   3.5917995e-02  -1.3622706e-01  -1.8668559e-01   1.2279957e-01   0.0000000e+00  -8.9090890e-02   1.9650631e-02  -2.6946047e-01   1.9263384e-01  -4.1402079e-02  -3.8768369e-02  -1.2142704e-01  -3.8927417e-02  -5.7252163e-02   1.2170986e-01  -3.1098480e-02  -1.8122106e-02   2.7377246e-01  -6.6403039e-02   1.4370038e-01   2.9571295e-01   1.1451220e-01  -4.9066207e-02  -4.7219362e-03  -3.1511324e-01   1.5370299e-01   1.8400698e-01   1.2429646e-01  -6.7914169e-02   7.5318270e-02  -1.3166029e-01   1.3538436e-02  -1.6382305e-01  -1.5402511e-01  -9.6716993e-02  -1.5909180e-01   6.2231619e-02  -6.4492579e-02  -3.9657095e-02   1.3451196e-01  -1.0084190e-01   2.4195933e-01  -1.6210743e-02  -1.6135554e-01  -9.0677780e-02  -2.4435448e-01  -6.7113194e-02   5.8780597e-02  -1.6076180e-01   3.3308877e-01   2.9300388e-01   1.9790211e-01   5.2569679e-02   1.3414739e-01  -4.8415846e-02  -2.3361753e-01   1.1202586e-01  -1.9263322e-01   1.0053248e-01   1.7658326e-01   3.6818281e-03  -2.2549611e-02  -5.7135324e-02  -6.0186855e-02   2.1121746e-02   2.1321518e-01  -7.4950493e-02  -1.3533514e-02   1.0485795e-03   1.7373179e-01   1.9705081e-01   1.8934975e-01   3.4008839e-02   7.0647872e-02   5.7418605e-02  -4.7784808e-02  -3.1290126e-02  -5.3197578e-02  -4.6633543e-03   2.5222381e-01   1.9861661e-01   6.9413331e-02   1.6243978e-01   1.7787423e-01   2.8380703e-01  -7.5292645e-02   3.6415634e-02   5.5719693e-02  -3.1186244e-02  -5.0760488e-02   1.9202408e-01   5.1926870e-02  -4.5710008e-02  -5.9031984e-02  -9.4267623e-02  -2.8052206e-01   6.2219814e-02  -2.4992945e-02  -2.5292330e-02   4.9176040e-01   1.1363740e-01   1.3814965e-01   2.1311500e-02   1.0804577e-01  -2.2478170e-01   1.3826402e-01  -7.6345726e-02  -1.3750713e-01   1.1861292e-02  -6.0978503e-02   1.5312122e-01  -2.7496596e-02   1.4250013e-01   6.4377906e-02  -7.7426170e-02  -4.4469412e-02  -1.5600220e-01  -3.7983462e-02   1.5424902e-01   1.0238366e-01   2.1367828e-01   1.4332376e-01  -6.0138457e-02   3.7124918e-02   1.5502547e-01   3.2469025e-02  -9.6222558e-02   2.2917433e-02  -2.3450570e-03   4.1714197e-02   4.1582847e-02   2.3401985e-01   1.0841513e-01  -4.7242141e-03   2.0097224e-01   1.8716326e-01   1.2882294e-01   1.3536413e-01   5.7505002e-02  -1.9297135e-01  -1.7650542e-01   1.9415933e-01  -6.4658534e-02   5.6084185e-02   6.6289708e-02  -2.5060174e-01   1.7724392e-01   1.2187510e-01   3.8838035e-01   1.1890854e-01  -1.3569231e-01  -2.0045767e-01   7.1308291e-02  -4.5602560e-02   1.4144864e-01   6.6850984e-02   6.2084271e-02   6.9152363e-02  -5.0317687e-02  -4.7688800e-02  -1.6390310e-02  -1.5981083e-01   1.4970988e-01   1.6339465e-01   2.2285612e-01   5.7435264e-02  -7.4322119e-02  -1.0867657e-01   2.8050003e-02  -1.9838609e-01   3.2094611e-01  -2.1878020e-01   1.4564171e-01
   9.2451321e-02   1.2416536e-01  -6.5038909e-02  -2.4292794e-01   3.5741669e-01   2.9410456e-01   5.7778050e-01  -1.9555740e-02  -8.9090890e-02   0.0000000e+00  -1.0496889e-01   4.9689635e-01   1.4729227e-01  -4.1529672e-01   3.7186287e-01   4.1771545e-02  -9.6142504e-02   8.6678433e-02  -2.3773973e-01   4.7729375e-01   2.0869205e-01  -1.9758128e-01   3.5993954e-01  -1.5674818e-01  -3.4573842e-01  -3.3335916e-01   3.3576445e-01  -1.7481969e-01   6.8346201e-02  -2.0975746e-01  -1.4710091e-03  -1.4891951e-01  -2.7633588e-03   6.7727008e-01  -2.8119207e-01   4.0339411e-01   1.4442658e-01   5.8735900e-02  -1.0310787e-01   2.7612423e-01   3.0165445e-02  -2.5949359e-02   7.7696362e-02  -3.3820811e-01   4.0259550e-01  -1.4181851e-01   1.3199370e-01  -1.2324070e-01  -1.4901684e-01   6.7462511e-02   7.1224406e-02   5.2987137e-03   1.6680793e-01  -2.4705130e-01  -4.4248450e-01  -9.2121177e-02  -2.5065391e-01  -1.7238149e-01  -2.3134869e-01   3.8129788e-01  -2.2764777e-01   4.5832432e-01   2.4637132e-02  -2.3630290e-01   1.6687257e-01   5.3330122e-01   2.1013132e-01   2.8031896e-01  -1.4794222e-01  -2.3321369e-02   1.2833234e-02  -2.6139387e-02  -5.0103064e-02  -8.5625499e-02  -1.6458467e-01  -7.3254070e-02  -2.0907136e-01  -3.1072233e-01   2.5544884e-01  -3.0776141e-01  -9.7704050e-02   8.7472209e-02  -1.3028359e-01  -2.3933031e-01  -2.5890952e-01   7.6498318e-02  -4.5328245e-01  -7.8704151e-02  -1.2881776e-01   2.2617661e-01   2.4061817e-01  -1.4864455e-01   5.9573020e-01   2.6928089e-01  -1.2860027e-01   6.6245488e-02  -2.0186581e-01   1.2681633e-01   2.4099721e-01   4.7725258e-01  -3.8908598e-01   5.8568553e-02  -3.0012230e-01  -2.2683113e-01  -2.8397607e-01  -1.9041081e-01   6.9448212e-02  -7.9760905e-03   4.2531742e-01   3.0320068e-01   4.9467683e-01  -2.0842215e-01   4.2419437e-02   1.9710861e-02  -1.5985501e-01   5.0925802e-02  -2.0873304e-01   1.0170211e-01  -2.1136355e-01  -1.6053571e-01   4.5707748e-02   4.1961565e-01   1.9999569e-01  -8.6056924e-02  -1.2901946e-01  -1.0815506e-01   3.7695541e-01  -5.6210587e-02  -3.1218157e-01   5.9917567e-03  -6.1014938e-02   4.4572320e-01  -1.0608111e-03  -6.1980121e-02  -8.4421818e-02  -2.9404072e-02  -8.6317824e-02  -3.5768634e-01  -1.2896882e-01   3.7409110e-02   1.2718409e-01   1.3535091e-01  -3.9757552e-01   2.4341513e-01   3.0468243e-01  -2.6897154e-01   3.3345786e-01   3.9873761e-01   4.3764317e-01   1.7623173e-01  -5.6779544e-02  -3.1682472e-01  -1.4875873e-01   1.3964059e-01   8.3239775e-02   1.3317147e-01  -7.9136949e-02  -6.1845449e-02  -1.2136162e-01  -1.7837867e-01   1.8649129e-01  -2.9616711e-01   6.6406177e-01  -1.6373484e-01  -1.8837370e-01   3.1184696e-01   6.2684589e-01  -2.5985421e-01  -2.1967738e-01   4.2864659e-02   6.6296558e-01  -1.7017590e-01   1.9343241e-01   4.2668331e-01  -4.4969432e-01  -2.6601355e-02  -1.9176142e-01
   4.9674041e-02   1.7970991e-01  -7.2515053e-02   6.0884634e-01  -9.8356738e-02   8.4808604e-02  -2.2534215e-01   6.4975483e-02   1.9650631e-02  -1.0496889e-01   0.0000000e+00  -1.4408923e-01  -9.7038180e-02   1.3886511e-01   4.5725655e-01   4.3858973e-01  -2.5573458e-01   7.1959956e-01   3.4770120e-01  -2.0571821e-01   3.5723165e-01   4.4389930e-01   2.9543598e-01  -3.9252813e-01  -1.1785479e-01   3.4987336e-01  -1.3618325e-02   1.2241873e-01  -1.0188999e-01   3.9525173e-01   3.3183508e-01   3.8814010e-01   1.3658569e-01  -1.7019952e-01  -1.9319310e-01   3.2984205e-01   1.9930148e-01  -1.6831684e-01   5.0761731e-01  -3.2798850e-01   4.2734745e-01   1.6150478e-01  -8.0473937e-02   5.7672924e-01   4.6414172e-01   1.6733379e-01   6.7934925e-01  -8.6144410e-02   3.4687193e-01  -1.6694163e-01   7.1761862e-01   3.2359403e-01  -8.3317014e-02  -1.7902727e-01  -2.1115399e-01   6.6114177e-01   2.0143233e-01   7.1752284e-02   5.4763527e-01   2.8819351e-01  -3.3353885e-02   2.3999248e-01  -1.1679039e-02   4.6666479e-01   3.6405815e-01   2.6109840e-01  -1.5795345e-01  -1.5750196e-01   6.8492559e-01  -1.0290816e-01  -3.9541303e-01   6.8215541e-01   3.7841132e-01   7.3672430e-02  -2.2357281e-01   1.8742369e-02   2.2951400e-01   3.0647216e-01  -9.7271113e-02   2.8207453e-01   2.2454576e-01   2.6351799e-01   4.6056308e-01   3.4607388e-01   9.9541911e-02   1.0822685e-01  -1.8636686e-01  -2.9632484e-01  -1.7088953e-01   2.6153768e-03  -1.7931614e-01   2.9927641e-02  -2.4816431e-01  -9.1396782e-02   3.6857051e-01  -4.1425020e-01  -1.6082504e-01  -4.5192770e-02   4.8778010e-01   1.0417825e-01   6.7052427e-02   6.5363068e-01   6.0253082e-01   3.0488278e-01   6.9201760e-01   2.9171332e-01  -3.1291158e-01   3.1110162e-01   2.9589334e-02   3.4918561e-01   1.7325042e-01   5.8047578e-01   4.8912632e-01   1.4348758e-01   6.0055593e-02  -1.9069139e-01   3.1375837e-01   1.1261835e-01  -2.6220506e-02   5.8201591e-01   1.4217393e-01  -2.1693630e-01  -2.0853280e-01   2.1627920e-01   4.1959918e-01   1.7135198e-01   4.5616267e-01  -3.6293888e-01   4.9627267e-01  -3.6092061e-01   2.6034254e-01   5.3397382e-01   4.7126136e-01   1.0463739e-01   2.3986108e-02   2.3411026e-01  -9.8978002e-02   2.1710032e-01   4.9161622e-01   6.8645944e-02   1.0498819e-02  -3.1232817e-01   5.9032665e-01  -3.7130688e-02   1.8532124e-01   6.5324892e-01  -3.9514224e-01   4.8217882e-01   2.5609711e-01   3.3845799e-01   1.1381889e-01   4.6088656e-01   1.2634517e-01   4.6768517e-01  -4.5460579e-01  -3.7453445e-01   1.1991935e-02   6.1989253e-01  -4.1791075e-02   3.7290971e-01   7.4837793e-02   5.6363133e-01  -5.3310958e-02   7.8729290e-01   2.4878074e-01  -2.4109703e-01   2.2531605e-01   3.5687143e-01   2.2909715e-01  -2.5251053e-01  -7.1339995e-02  -3.4298626e-01   6.4566268e-01  -2.8347124e-01  -1.3488527e-01  -7.4187330e-02   2.6910710e-01
  -1.1459374e-01   3.6949566e-01   2.9498290e-01  -2.3728760e-02   3.2084724e-01   3.5745956e-01   6.4028853e-01   1.1858249e-01  -2.6946047e-01   4.9689635e-01  -1.4408923e-01   0.0000000e+00  -1.0160499e-01  -4.7817435e-01   2.2686554e-01   2.3653146e-01   2.8200555e-01  -1.7029753e-01  -1.7885233e-01   4.4102771e-01  -1.6853042e-01  -1.7839880e-01   9.8866223e-02  -3.7723993e-01  -1.5238269e-01  -1.4428871e-01   1.9018415e-01  -2.0731599e-01   2.2492015e-01  -2.3006635e-01  -1.3524714e-01  -3.7073553e-02   1.4725002e-01   5.8524564e-01  -1.3082458e-01   1.2559975e-01   4.4786084e-02  -2.7181057e-01   7.2634664e-02   2.7369689e-01  -1.6241578e-02   2.9595227e-01  -7.9865753e-02  -2.1350807e-01   2.3213305e-01  -3.0933022e-01  -1.0470819e-01   1.6675875e-02   7.7019732e-02   3.0255543e-01  -2.9224253e-02  -6.7499023e-02   1.6058418e-01   9.2931129e-02  -4.6463375e-01  -1.4025109e-01  -8.9781556e-02  -3.9078336e-02  -3.1867459e-02   3.5121430e-01  -5.1633538e-02   4.2617660e-01   2.4875849e-01  -2.5638313e-01   6.3475609e-02   3.5260134e-02   1.9836114e-01   8.8295024e-02  -5.6722496e-02   2.2140359e-02   2.4615468e-01  -1.7497219e-01   1.0896589e-01  -6.1784846e-02   1.2529347e-01   1.4314268e-01  -6.3804044e-02  -3.4416071e-02   4.3691385e-01   1.7986315e-01  -1.6335697e-01   2.7268501e-01  -3.1938349e-01  -1.3278185e-01  -3.0367322e-01   1.5631743e-01  -4.0141962e-01  -2.7325005e-01  -1.6781655e-01   1.0775496e-01   3.6337296e-01   2.5275039e-01   3.5111232e-01   3.9565297e-01  -1.9612460e-01   3.4409988e-01   8.2716471e-02   8.8048763e-02   1.7878060e-01   1.5822698e-01  -3.7764980e-01  -4.7834333e-02  -4.2258099e-01  -2.6993769e-01  -3.4193398e-01   3.8339568e-02   2.6216388e-01   1.2221067e-01   2.0250554e-01   4.8620972e-02   3.0561915e-01  -4.2545802e-02  -1.0714117e-01  -4.0783835e-02  -1.8744165e-01   2.1981064e-01  -1.2304197e-01   1.2276094e-01  -3.5161481e-01   3.4649422e-02  -1.1413960e-01   5.2212259e-01   1.6166552e-01  -1.3401325e-01  -3.5067573e-01  -1.5649746e-01   2.9324659e-01   2.0656371e-01  -1.3327593e-01   6.0715050e-02   9.0872020e-02   1.3271379e-01   6.4835776e-02   4.7380727e-02   4.5301346e-02  -5.0141629e-02   2.4293056e-01  -3.6613925e-01  -1.5585955e-01   6.0460365e-02   7.8810743e-02  -1.1037511e-01  -1.0913451e-01   3.1886007e-01   3.6435117e-01  -4.0302921e-01   5.7399905e-01   6.5103759e-02  -8.8423468e-02  -7.3850366e-02  -1.8040902e-01  -4.0235375e-01  -1.0505000e-01  -3.1182904e-02   4.4012203e-01  -9.9852792e-02  -9.5796833e-03   3.7882241e-02   1.4074380e-01  -2.2027483e-01   2.2320606e-01  -7.6547236e-02   2.0399761e-01  -2.0980648e-01   9.8569664e-02   5.2928571e-01   2.0956289e-01  -3.1066136e-01  -1.1799530e-01   1.9371733e-01   5.4957899e-01  -3.1171402e-01  -1.3306905e-01   3.4408053e-01  -2.1329924e-01   1.6384712e-01   3.0021769e-03
   4.7672328e-01  -2.6154877e-01   3.5281873e-01  -7.2051967e-02   4.8087218e-01  -3.1182638e-01  -3.6543307e-01  -9.8215500e-02   1.9263384e-01   1.4729227e-01  -9.7038180e-02  -1.0160499e-01   0.0000000e+00  -1.0375545e-01  -2.7325532e-01   1.9149462e-01   3.5754531e-01   1.3822217e-02  -1.7512503e-01   5.7225317e-01  -2.0511127e-01   1.0957878e-01  -3.0170110e-01   2.8944227e-02  -1.5401673e-01  -1.7168328e-01   1.2547221e-01  -4.1485295e-01  -2.5244736e-01   1.5885583e-01   1.4293001e-01  -4.9729127e-02   4.8835296e-01  -9.0894348e-02  -5.1379062e-01   4.5424327e-01  -1.6194394e-01  -1.3624338e-01   1.7418207e-01   1.1396784e-01   3.9608148e-01   3.6338283e-01  -1.1588121e-01  -1.0106721e-01  -3.6971520e-03   1.6580401e-01   1.9852050e-01  -3.5856865e-01  -2.4179826e-01   2.0904338e-01  -1.4832761e-01  -1.9026777e-01  -4.2949748e-01   3.3507306e-01  -4.7519855e-02  -4.5416064e-02  -9.7899542e-02  -3.7847664e-02  -3.9675437e-02  -2.7034956e-01   5.1338104e-01   2.7565078e-01   4.3429096e-01   3.8594574e-02   1.8778413e-02  -1.8504041e-01  -9.9066605e-03   4.8712734e-01   8.7232552e-02   2.3904098e-01   4.7360408e-02  -5.2881869e-02   1.4152928e-01   6.7534899e-02   4.0876531e-01  -4.8624634e-02   1.8557053e-01   1.4229093e-01   3.5560135e-01   9.0454503e-02  -5.2727051e-01   1.7739163e-01  -3.1787782e-01  -1.0416893e-01  -1.0108467e-01  -2.6417005e-01  -1.6761043e-01   1.8261672e-01   4.0854846e-01  -5.3044810e-02   3.3261473e-01   2.9256003e-01  -9.9083907e-02   2.6499882e-01   5.7164391e-02   4.5515613e-01   5.0628037e-01  -1.2832633e-01   1.9581027e-01  -3.7235613e-01  -1.5239641e-01  -4.1808036e-01  -3.1588882e-01   2.7840885e-01  -3.4830245e-01  -4.7298190e-02   3.4522667e-01   1.0624055e-01   4.6717964e-02  -4.3277114e-01  -4.2124957e-01  -3.2600963e-01   2.0220449e-01  -3.9722847e-02  -3.0347343e-01   1.4105484e-01   1.5743844e-01   5.3557712e-01  -3.9703236e-01  -1.1593690e-01  -1.3856644e-01   5.3002084e-01   4.3593175e-01  -4.4706824e-02   5.1625754e-02  -1.8056181e-01  -1.6726680e-01   4.9230332e-01  -2.4516510e-01   1.2940131e-01   5.5205668e-01  -9.7230248e-02  -1.5285484e-02  -2.1486961e-01   3.0101965e-01  -1.0641503e-01   1.6106595e-01  -2.2037434e-01  -1.2484660e-01   4.8248678e-02  -4.2022947e-02   7.3742969e-01  -7.8788076e-02  -2.7240232e-01  -3.8321396e-01  -1.2035732e-01  -1.2982532e-01   1.1490976e-01  -1.6103052e-01  -2.8063589e-01  -6.1681163e-02  -3.6264231e-01   2.2247181e-01  -1.4898735e-02   3.6820766e-01  -1.5078746e-01  -6.7150720e-03   5.8891882e-02   4.2725359e-01  -4.3723322e-01   2.6690314e-01   9.2899524e-02   1.9453797e-01  -2.1180708e-01   6.5770411e-02   3.1488598e-05   4.8534925e-02  -3.2246134e-01   8.1611577e-02   1.1441903e-01   1.2440799e-01  -1.2331321e-01   1.4271153e-01  -1.3920541e-01   2.3153264e-01   4.1636213e-01   1.4119994e-01
   1.9461740e-01  -1.7351384e-01  -2.8332637e-01   6.2607838e-02  -3.5070889e-01  -2.5928132e-01  -4.3003091e-01  -6.6217916e-02  -4.1402079e-02  -4.1529672e-01   1.3886511e-01  -4.7817435e-01  -1.0375545e-01   0.0000000e+00   6.5916133e-02  -2.3127467e-01  -1.9786225e-01   1.7532867e-01   3.6287579e-01  -5.0036628e-01   3.1758012e-01  -5.8674556e-02   3.7574754e-02   1.9244410e-01   2.2589890e-01   6.6433749e-02  -3.5638540e-01   4.0336594e-01  -2.8552835e-01   1.1705867e-01   1.3020891e-01  -9.2067039e-02  -1.9252847e-01  -4.6718058e-01   2.3658668e-01  -3.0825688e-01   2.3144074e-01   2.5153299e-01  -1.0755998e-01  -3.0537110e-01  -6.6279955e-02  -2.5891186e-01   2.8638974e-01   1.3138506e-01  -9.8795761e-02   1.9551069e-01   1.6764780e-02   1.3119508e-01   2.3305142e-01  -1.7347884e-01   3.2907726e-02   5.2150692e-02   8.4810575e-02  -1.2597183e-01   5.5549891e-01   1.2012433e-01   1.7362016e-01  -1.2802442e-01  -5.3806946e-02  -7.8148892e-02  -8.8463554e-02  -2.6490744e-01  -9.5668618e-02   1.4368286e-01   8.0587838e-02  -7.2353905e-02  -1.5867427e-01  -8.2923308e-02  -2.9597239e-03  -2.4437561e-01  -1.6661562e-01   1.4038125e-01   2.4689505e-02   1.8873200e-01  -2.1609156e-01  -1.9485319e-01  -8.9277472e-03  -5.5728404e-03  -3.7039063e-01  -9.3356191e-02   2.2614108e-01  -1.9054341e-02   4.0682924e-01   1.4323841e-02   6.8707348e-01  -1.6165046e-01   4.7289871e-01   1.6110470e-01   1.0635479e-01   8.1006433e-02  -2.6038595e-01  -1.9448667e-01  -1.9774491e-01  -4.5643370e-01   1.8879005e-01  -3.6471324e-01  -1.7117912e-01  -7.5190349e-02  -5.4303300e-02   3.4967841e-02   6.2599216e-01   1.2542330e-01   4.6424169e-01   1.8013555e-01   2.5280333e-01  -2.3246800e-01  -1.4868591e-01  -1.5595982e-01  -2.0980581e-02   1.2352991e-01  -8.1948506e-02   6.6321830e-02   2.2021589e-01   3.5711278e-01   2.4287354e-01  -2.1304010e-01  -5.6102745e-02  -5.0826355e-02   4.9980408e-01   5.8609108e-03   3.2452123e-01  -4.2665277e-01  -1.9261411e-01   2.3148390e-01   1.7936992e-01   3.9962380e-01  -3.3440762e-02  -2.4015608e-01   2.8105207e-02  -1.0167216e-01  -8.8057550e-02  -4.4350031e-02   1.9097821e-01   1.9280657e-01   4.1435926e-02  -1.0812446e-01  -2.6005826e-01   4.9269790e-01   2.3035646e-02   1.5058677e-01   2.2416244e-01  -4.6256066e-03   1.4268645e-02  -1.8805520e-01  -3.5473867e-02   4.2740990e-01  -3.2333456e-01  -5.8995220e-02  -7.0701693e-02   3.4757718e-01   3.0519317e-01   5.5384948e-01   1.5320792e-01   7.6206036e-02  -2.5933024e-01   1.2331534e-01   4.0920942e-02  -1.5113689e-01  -1.4609945e-01   2.2682270e-01  -2.1881084e-01  -1.6166546e-02  -2.0740757e-01   2.6502680e-01  -2.1750220e-01  -4.9006678e-01  -2.9737274e-01   4.4600101e-01   3.0932540e-01  -1.7149169e-01  -4.7224350e-01   2.8113365e-01   1.2218135e-01  -4.7207754e-03  -3.2977360e-02   1.0678852e-02  -1.1567043e-01
