   0.0000000e+00  -1.7363702e-01  -6.2157485e-02  -2.0037381e-02   1.6149576e-01   2.4915531e-02   1.3240287e-01   1.2811460e-01  -5.9100191e-02  -5.6098404e-03   7.9426335e-02   7.8971366e-02   1.3492161e-01  -2.6931117e-02   6.9112416e-02  -8.3511603e-03  -3.0499007e-01  -1.6787444e-01   4.8081950e-02   2.1283471e-01   9.8378151e-03   4.1161258e-02  -1.1030348e-01   6.0294554e-01   6.5831647e-02   2.2066277e-01   3.7332714e-02  -1.1931165e-01  -9.6773081e-03  -2.3107780e-01  -2.3082687e-01  -1.7596271e-01  -6.1995058e-02   1.5297507e-03  -3.0229195e-02   9.9777966e-02  -2.4334016e-01   6.9173241e-02  -6.0910185e-02  -1.8411899e-02   7.3351357e-02   5.9743789e-02   1.6029128e-01   1.4368832e-01   1.9179239e-01   7.0233115e-02   1.0359339e-01  -8.2851738e-02  -8.9506608e-02  -5.8241070e-02   5.1096022e-02   8.8856186e-02  -2.2540689e-01  -2.0361193e-02   9.3473854e-02   1.8578523e-01   1.1777651e-01   6.1025818e-03   1.5434134e-01   1.4322076e-01  -6.8720667e-02  -1.2794260e-01   1.3057272e-01   9.1639067e-02  -2.4668088e-01   2.8206132e-01  -1.2876758e-01  -2.0304157e-01   1.4946344e-01  -5.5538323e-02  -1.1283261e-01   1.0505640e-01   1.2245552e-01   4.7930648e-01   3.2498190e-02  -7.0002415e-03   4.6847702e-02  -4.9990119e-02  -3.3283321e-02   1.1765518e-01  -2.4463996e-01   1.3266839e-02  -1.4097990e-01   2.5191741e-02   1.8211525e-01  -3.4297511e-02  -2.0519777e-01   2.8738524e-01   3.0269321e-02   8.0140918e-01  -3.0445127e-02   1.9331151e-01  -2.0402059e-02   8.2675995e-02   4.2252508e-02   1.6059314e-01  -4.7879382e-02   2.9035849e-03   4.0675009e-02  -2.4409968e-02  -1.1678789e-01   1.8467802e-01  -1.4980692e-01  -1.6180793e-01  -1.9661925e-01  -4.4770267e-02  -2.1199550e-01   7.9891778e-02   1.7704055e-01   2.0626096e-02  -2.0830371e-02   3.4733561e-02  -3.4225491e-02   5.5014236e-01   6.0087485e-02   2.7843185e-02   1.1587589e-01   1.6342500e-01  -2.9694474e-01   1.0331006e-01   3.5257691e-01   1.7819711e-01   1.2645477e-02  -4.0189852e-01   2.8483794e-01   1.4085365e-01  -1.2543274e-01  -4.6927980e-02   7.1884417e-02  -5.5354659e-02  -7.8274782e-02  -2.2993368e-01   2.4917711e-01  -3.2370681e-01   1.2647163e-01   6.8862428e-02  -6.1308733e-03  -3.8973522e-01   7.4503715e-03   1.8826260e-01   6.5704653e-01  -3.2151214e-02  -7.3341346e-03  -3.9877329e-02  -1.2094872e-01  -1.5604919e-01  -9.9631898e-02   1.4722509e-01   1.0200198e-01  -3.1306957e-01   2.9016621e-01  -3.4360278e-01   2.9915473e-01   6.2852155e-02  -4.8223953e-02   4.8645208e-01   3.8848884e-01   1.8862525e-01  -5.0840680e-02  -7.0087394e-02   1.6385966e-02   1.2493937e-01   2.0399677e-01  -4.8200875e-02  -6.0940624e-02   1.3962898e-01  -8.4001908e-02  -1.7984788e-01   3.5678791e-01  -2.2529874e-01   2.7183436e-02   4.6943988e-02  -7.9624986e-02  -3.3818538e-01  -1.0175081e-01   4.9125172e-02   1.2077829e-01
  -1.7363702e-01   0.0000000e+00   2.4712976e-01  -2.8868096e-01   3.7086416e-01  -1.7245978e-02   5.2237961e-01  -7.8785554e-02   4.6677368e-01   4.8625300e-01  -1.4834301e-01   5.2993240e-01  -4.9316826e-02  -2.9016410e-01  -2.6998129e-01   6.4626189e-02   4.3515440e-01  -1.3317327e-01  -1.4283657e-01   3.7573487e-01  -5.0965051e-01  -3.3945834e-01  -1.5484087e-01  -1.9948239e-01  -1.4237510e-01  -2.7774056e-01   2.4513237e-01  -6.0046639e-02   2.6193968e-01   3.0191211e-01  -3.0872373e-01  -2.3562833e-01   1.8958150e-01   2.4412148e-01   4.2739074e-01   2.0288517e-05   2.8327088e-01  -3.9943992e-02   1.1397127e-01   3.6823471e-01   7.0225830e-03   3.9901413e-01   2.3009628e-01  -3.8818257e-02   3.1456307e-01   4.6002233e-02  -4.1816548e-01   5.4633734e-01  -2.3026352e-01   3.3954444e-01  -3.5851957e-01  -1.3391834e-01   6.7570440e-01   6.3583850e-02  -2.3136414e-01  -1.1358046e-01  -2.1351014e-01  -1.9469913e-01  -1.6272531e-01   2.3841879e-02   1.6989407e-01  -1.6784179e-01   7.9481574e-02   1.3552886e-01   6.1923545e-01  -4.3140292e-02   2.8489467e-01   1.3382700e-01  -2.8430363e-01   1.9446752e-01   5.6103035e-01  -3.3108669e-01   2.1743262e-01  -1.9204004e-01  -6.7286161e-02  -3.6756635e-01   1.1060575e-01   5.6039225e-02   4.7146167e-01  -2.2814808e-01  -4.4051362e-02   2.0082756e-01  -1.5126403e-01  -3.4683201e-01   4.1827333e-01  -1.4172107e-01   2.8975376e-01  -3.8530619e-01   2.1403994e-01  -1.0600040e-01   5.2033667e-01   1.0429801e-01   3.2838922e-01   2.9062069e-01  -4.2658362e-02   2.9228111e-01  -1.6710796e-01  -9.8814151e-02   1.0582690e-01  -8.7144639e-02  -1.2938730e-02  -1.6766021e-01  -3.5796186e-01   4.5843247e-01  -3.0969532e-01  -6.9599568e-02   1.3024774e-01   1.2620102e-01  -8.5746969e-02   2.0561236e-01   3.0282115e-01  -2.5951866e-01  -3.0004333e-01   2.5708842e-02  -2.5681934e-01   7.3300469e-01   5.4420978e-02   5.7148460e-02  -5.7144676e-03  -3.1423263e-01  -1.3259408e-01   4.7561891e-01   9.6076665e-02  -2.8071279e-02   3.1694050e-02  -2.8206748e-01   7.5481207e-02  -7.3107855e-02  -4.1098936e-01   3.1934017e-01   1.9819404e-01   2.1552293e-01  -5.6373103e-02   3.1348696e-01  -1.4855760e-01  -3.2978502e-01  -1.0120348e-01   3.2345424e-01  -3.2644157e-01  -7.9240905e-02  -2.3606875e-01  -2.0676540e-02  -1.4860273e-01  -7.2941627e-02  -1.6290341e-01  -3.7105192e-01   2.8836580e-01   3.9805034e-01   3.9449228e-03  -1.0096157e-01  -9.2668570e-02  -1.8096834e-01  -9.2869700e-02   3.8717218e-01   3.9892353e-01  -1.2867107e-01  -9.7413874e-02  -1.0897788e-01   1.8334819e-01  -2.6239364e-01   2.4782737e-01  -1.3969012e-01  -1.3701947e-01  -2.1884245e-01  -2.0491794e-02   6.2040168e-01   1.0682014e-01  -2.6591033e-01  -1.8996530e-01   1.6822566e-01   6.4392343e-01  -2.3558749e-02   1.0321860e-01  -5.6397847e-02  -1.7023495e-01   5.0202662e-02  -4.8475980e-02
  -6.2157485e-02   2.4712976e-01   0.0000000e+00  -1.4450952e-02   1.1520799e-01   4.2002862e-01  -1.1619945e-01   4.7698754e-02  -2.6461733e-02  -2.5061306e-02   1.5560950e-01   1.3940538e-01   1.6260494e-01  -7.1450059e-02  -1.1866950e-01   5.5490680e-02   7.8229085e-01  -3.8603067e-02   9.8302532e-02   2.7044761e-01  -1.0280406e-02   1.6179707e-01  -2.6217001e-01  -2.5258081e-01   1.4066072e-01  -6.6908543e-02   3.1856711e-01  -5.1064470e-02   2.2027362e-01   6.8431287e-02  -4.0657704e-02   4.3809701e-02   2.2485477e-01  -6.8543677e-02  -1.7354553e-01   1.9013803e-01  -1.4631160e-01  -2.6886389e-01  -6.8548854e-03   1.7029697e-01   2.9811064e-01   3.8248347e-01  -1.7865671e-01   1.3617110e-01   6.5763901e-02   5.0734290e-01   1.0465271e-01  -6.6060189e-05   1.2092015e-01   4.7812093e-01  -5.2349562e-02   9.1718846e-02   2.3809896e-01   2.3147220e-01  -2.1313124e-01  -3.0367422e-02   7.0145102e-02   1.7928573e-01   3.8228294e-02  -1.1905409e-01   5.6071526e-01   3.8963509e-02  -1.9453020e-01   1.5434165e-01   8.2919576e-02  -3.3488233e-02   3.8205004e-01  -1.8741197e-01   2.1102841e-01   6.3351777e-01   1.6818985e-01   5.0413178e-03   1.4948290e-01   1.0387748e-01   1.1279523e-02  -2.3611880e-02   4.4701280e-01   3.7068369e-01  -9.9786092e-04  -1.0474280e-02  -1.3032398e-01  -1.6707471e-01   8.7702447e-02   1.0927730e-01   3.7937951e-01   2.7934386e-03  -1.8339071e-01  -2.2301121e-01  -1.4962910e-02  -3.7152004e-02   1.9071062e-01   6.9173772e-01   1.9059615e-01  -7.3734841e-03   4.7532759e-02   2.6695638e-01  -7.8410197e-02   2.9593222e-01   1.6001155e-01  -1.7452858e-01   4.2005676e-02   6.6636875e-02  -1.7011459e-01   1.4615238e-01  -1.3997101e-01   2.0227763e-01   2.7806601e-01   4.4329751e-01  -9.4145296e-02  -9.0125623e-03  -8.0666996e-03  -7.7153167e-02  -6.8243840e-02   3.3275830e-02  -1.6970429e-02   2.5328557e-01   1.9935710e-01   1.6459661e-01   1.0276337e-01   9.3906394e-02   2.1501673e-01   1.8397617e-01  -9.9391742e-02  -1.0134403e-01   3.4219358e-01  -1.9075613e-01  -1.2235734e-01  -3.2356651e-02   8.0950160e-02   4.3892605e-01  -5.6852918e-02   1.0206246e-01   1.7681717e-01  -1.2440891e-01  -5.8725107e-02  -3.9123061e-02  -5.7053487e-03   1.3079718e-01   5.7831927e-02  -1.4686989e-01  -1.4738698e-01   3.5488483e-02   1.5570338e-01   1.8969228e-01  -1.2178487e-01  -2.4438003e-01   6.9131485e-02   2.9038199e-01  -8.1989613e-02  -7.6055317e-02   3.4983149e-01  -1.2798584e-01   4.5092989e-01   2.7569435e-01   1.5822024e-01  -3.0749538e-01   1.6968437e-01   6.6746428e-02   5.5541758e-01  -1.6261406e-01  -7.1024230e-02   1.6025557e-01  -5.5332745e-02  -2.8640166e-02   2.0571029e-01   6.3003146e-02   9.6112817e-02  -2.0034233e-02   3.2567947e-01   5.9007659e-02   7.1679952e-02  -5.1615833e-01   6.2124680e-02   2.2071663e-01  -2.4598521e-01   1.0101363e-01   2.4956804e-01
  -2.0037381e-02  -2.8868096e-01  -1.4450952e-02   0.0000000e+00  -1.2778617e-01   2.0759117e-01  -1.5431340e-01   2.2362239e-01  -3.3465965e-01  -2.2724616e-01   2.5071048e-01  -3.1832031e-01  -8.8820649e-02   1.7469341e-01   2.5187473e-02   1.7499683e-01  -1.0675788e-01   4.6741107e-01   1.5165476e-01  -3.5527041e-02   3.2342263e-01   3.9900887e-01   1.8355838e-02  -1.8252121e-01   5.0221641e-02   1.0176545e-01  -1.3481534e-01  -3.0779901e-01   1.8218929e-02  -3.9974022e-02  -4.4366621e-02   6.3624914e-01   5.6434935e-02  -2.1628022e-01  -2.3475487e-01   1.6288066e-01  -3.4955492e-01  -1.9308662e-01   1.3805045e-01  -3.8498156e-01   1.8616514e-01   8.6184557e-02  -1.0632411e-01   2.0178643e-01   1.4939281e-01  -9.0528238e-03   3.8605502e-01  -2.9016269e-01   5.1948673e-02  -3.2899537e-01   5.9054508e-01   9.5147237e-02  -3.3299550e-01   3.1700419e-01   1.3058318e-01   2.5097155e-01   2.6305219e-01   3.7318678e-01   6.0795094e-01  -5.0787873e-02  -3.8793351e-02   1.6108381e-01  -3.7903391e-02  -1.2572590e-01  -2.5299281e-01   1.9034560e-01  -2.8605211e-02   2.3436511e-01   3.2204043e-01  -5.0912959e-02  -3.6340252e-01   4.9260531e-01  -1.0687367e-02  -1.6825031e-01   2.4027038e-01   1.1756094e-01   4.0913557e-02   3.0903190e-01  -2.8296703e-01   2.8487598e-01  -2.0732848e-01  -1.4145293e-01   4.4857195e-02   8.3940427e-02  -3.1354135e-01  -1.0539377e-01  -3.8816122e-01  -1.5584607e-01  -5.2070458e-02  -1.8314760e-01  -3.7893685e-01  -1.0850502e-01  -3.1639811e-01  -1.5795288e-01  -1.7959468e-01  -1.8263836e-01   5.9597247e-01   2.2663199e-01   1.4363029e-01   1.0848127e-01  -1.8121769e-01   9.5274306e-02   3.3960258e-01  -2.4190534e-01   4.8886768e-01   5.9827426e-01   2.6913160e-02   1.5372676e-01   1.2879121e-01  -1.4787969e-01  -1.7154353e-01   3.6417918e-01   5.8337913e-01  -2.5417738e-01  -2.1560177e-01  -1.0545694e-01   2.3637082e-01   2.6753711e-01  -2.4409975e-01   6.2686693e-01  -2.7054468e-02  -2.8968331e-01   3.2671398e-01   5.7932554e-02  -1.1460352e-01   5.3907767e-02   1.2995248e-01   2.3725115e-01   4.0540336e-01  -2.6025387e-01  -1.4374693e-01   3.3971531e-02  -4.9734690e-02  -2.9691244e-01  -6.6016322e-02   3.3443766e-01   3.8724624e-01  -3.3421683e-01   2.2993941e-01   1.6626018e-01   1.5937865e-01  -1.9246938e-01   3.7263552e-01  -1.6081203e-01  -1.0880695e-01   2.5298003e-01  -2.8078807e-01  -1.0527679e-01   1.6585673e-01  -1.3858829e-01  -1.8306060e-02   1.2327963e-02   8.1381201e-02   6.0777805e-03  -4.6364119e-01  -2.9777604e-01   2.7567063e-01   4.1148773e-01  -1.5803922e-01   2.3855309e-01   2.6544701e-01   2.6600303e-01  -5.1927385e-02   5.1947915e-01   4.8931863e-01  -1.5120333e-01   1.2446442e-01   1.0190845e-02   2.2596692e-01  -2.1613240e-01  -1.7014176e-01  -3.0634180e-01   1.9117179e-01  -2.9319044e-01   3.9982149e-01  -7.9829112e-02   3.5233998e-01
   1.6149576e-01   3.7086416e-01   1.1520799e-01  -1.2778617e-01   0.0000000e+00  -1.4632765e-01   2.3812817e-01  -9.5958987e-02   6.5626769e-01   4.0972758e-01  -1.8579820e-01   2.2713626e-01   2.0438075e-01  -4.6523993e-01  -4.1866375e-01  -2.8446528e-01   1.4432386e-01  -1.7904137e-01  -4.0260119e-01   5.6462294e-01  -5.0570496e-01  -4.1864615e-01  -3.3434150e-01   1.3392956e-01  -1.2275195e-03  -4.9248780e-01   1.1129776e-01  -1.3045443e-01   3.3665298e-01  -4.2812156e-01  -3.7104176e-01  -1.8566886e-01   2.9356160e-01   1.2302579e-01   2.1931624e-01   3.2425536e-01   1.1988783e-01  -7.2792681e-02  -7.1721702e-02   2.6430816e-01   1.4464059e-01   1.9391031e-01   2.5358944e-01  -4.5244398e-02   3.7133064e-01  -1.5767186e-01  -2.0904673e-01   2.8121496e-01   1.6902818e-01   2.5010386e-01  -3.5378064e-01  -1.6318939e-01   2.8781441e-01   2.2914316e-01  -2.0957375e-01  -9.7276916e-02  -4.1394117e-01  -2.4218468e-01  -3.3838098e-02  -1.9670122e-02   9.2464939e-02  -4.0417077e-02   2.1445788e-01  -1.3932869e-01   4.0248862e-01  -1.4651917e-01   1.7227693e-01   2.0225136e-01  -1.8155074e-01  -2.1467252e-01   4.2386825e-01  -1.2679701e-02   3.4925036e-01   1.9728970e-03   1.3384779e-02  -3.0375346e-01  -1.2183841e-01  -1.6670392e-01   5.2737685e-01   1.6683380e-01  -2.7961753e-01   1.4451952e-01  -3.4799108e-01  -5.2397833e-01   1.9711043e-01   1.6649006e-03   6.1339541e-02  -2.0812093e-01   5.5831696e-01   1.3825286e-01   7.4891014e-01  -7.7909995e-03   3.2101262e-01   5.1730700e-01  -2.1258156e-01   5.9602053e-01   1.5938273e-01  -4.0885226e-01   3.5497149e-01  -2.5953428e-01  -3.1067616e-01  -2.5598434e-01  -5.1445024e-01  -1.9995530e-01  -3.3900038e-01  -8.2186481e-02   1.6714523e-01  -1.8589493e-01  -5.3045772e-02   3.6452225e-01   2.7452322e-02  -4.9586304e-01   1.8842042e-02   9.3829798e-02  -1.7232153e-01   6.7324480e-01   9.0194604e-02   2.3012483e-01  -4.4615700e-01   2.2467318e-02   8.5224998e-02   7.2202771e-01   2.9246430e-01  -4.7975107e-01   1.0033958e-01  -2.5603499e-01  -2.1167534e-01   1.9087035e-01  -2.7673202e-01  -6.7838114e-02   1.6173697e-01   1.9934197e-02  -7.6982039e-02  -5.3826422e-02   1.8494460e-01  -2.9981117e-01   8.3374699e-02  -1.4564474e-01  -2.9419324e-01  -2.2392770e-01   3.9898006e-02   5.6211369e-02  -2.8719680e-01  -3.9232635e-01  -4.0118273e-01  -3.1409974e-01   1.2021756e-01   7.5297871e-01  -2.2500940e-01  -9.4571100e-02  -1.8408075e-01  -4.6525144e-01   1.2287807e-01   2.0363288e-01   4.2393673e-01   6.8440656e-02  -7.4116762e-02  -3.2965095e-02   1.9068954e-01  -4.5784568e-01   3.5756591e-01  -1.9494547e-01   1.0297351e-01  -3.3844945e-01  -1.5325128e-01   5.6179150e-01  -1.8813933e-01  -3.8641573e-01   9.2913885e-02  -4.1539728e-04   5.7332540e-01  -5.7809765e-02   3.2388710e-01  -4.0854926e-01  -2.3975211e-02   2.7877426e-01  -1.1384191e-01
   2.4915531e-02  -1.7245978e-02   4.2002862e-01   2.0759117e-01  -1.4632765e-01   0.0000000e+00   1.2677245e-01  -1.0622956e-01  -2.0483674e-01  -9.0966665e-02  -9.4816887e-02   2.7111297e-01  -4.9406944e-02   2.3575417e-02   1.2841666e-02   1.4971027e-01   2.6929273e-01   3.9169996e-02   3.9488923e-01   1.0174400e-01   1.1501382e-01   2.0750596e-01  -1.8427227e-01  -1.4422843e-01  -6.5525739e-02   4.4444315e-02   4.0372630e-01  -3.7625388e-02   3.8842806e-02   1.8521349e-01   1.4917853e-01   1.6627696e-04   1.3185743e-01   1.3799576e-01   4.4058582e-03   8.8200938e-02  -1.7331590e-01  -2.0149965e-01   7.6731659e-02   2.3796203e-01   9.1434241e-02   2.3721316e-01   2.0450495e-02  -3.9352505e-02   8.2943038e-02   1.0311193e-01   6.0894305e-02   7.7063521e-03   9.0984669e-02   2.8098579e-01   8.4848098e-02  -1.8012940e-02   8.4470312e-02   8.4567581e-02  -1.8804099e-01  -1.3174207e-01   2.4580741e-01   3.0760764e-02  -1.1922041e-01  -7.8622806e-03   1.2866037e-01   1.1343888e-01  -3.8022494e-02  -2.2727719e-02  -1.2762149e-01   4.7451601e-02   6.8042841e-01  -1.4413812e-01   2.3498950e-01   3.1821139e-01   2.2844624e-02   3.0631737e-02   1.5465221e-02   1.9099149e-01  -4.7973259e-02   1.7298427e-01   1.4017145e-01   2.4196756e-01  -7.3694890e-02  -1.0996085e-01   9.2773736e-02  -7.1868611e-02  -1.1897929e-01   7.4293009e-02   1.3165307e-01   5.3537498e-02  -1.9141280e-01  -2.1655470e-01  -1.9503175e-01  -9.2551985e-02  -2.2960226e-01   3.1930999e-01   1.7196055e-01  -6.4552982e-03  -1.3329204e-01   3.9754672e-02  -2.8852827e-02   4.3798714e-01  -7.0772350e-02  -1.2215932e-01  -1.4894514e-02   1.3686109e-01   8.4872723e-02   3.1038127e-01  -2.1899487e-01   1.4651821e-01   1.4697313e-02   3.9020879e-01   2.1153153e-01   1.1217174e-01   8.3673439e-02   6.0305469e-02   8.0129936e-02   4.1783862e-02   4.6909983e-02  -6.8828839e-02   3.8111065e-02   1.8128702e-02   3.3708472e-01   3.9033258e-03   6.7333663e-03  -1.9662112e-02  -6.7588661e-02  -1.0991861e-01   4.8248064e-02  -2.6382905e-02  -1.0167976e-01  -1.1259401e-01   6.3673412e-02   4.7002262e-01  -1.9247449e-01  -5.8331245e-02   1.3671577e-01  -1.3967807e-02  -8.7758907e-02   1.7784585e-01  -1.4623264e-02   9.9300315e-02   1.9970909e-01  -3.5049977e-03  -7.0311656e-02  -2.2382878e-02   1.3195650e-01   3.9502183e-01  -1.5408663e-01  -2.3214146e-01   2.6349679e-01  -7.3963511e-02   2.4665889e-01  -9.5794048e-02   1.3554718e-01  -1.0794199e-02   1.0961677e-01  -8.1346373e-02   2.0585464e-01  -2.9747209e-01  -4.5650357e-02  -9.3690898e-02   1.3640697e-01   5.4897107e-02   4.7996448e-02   5.7778274e-02  -2.8491061e-02  -1.0920167e-01   1.2373907e-01  -2.6935464e-02  -1.0315380e-02  -8.3756057e-02   3.9626423e-02  -2.3920146e-02   1.9886968e-02  -2.5755598e-01  -1.1088651e-01   3.2353066e-01  -1.3291582e-01  -5.0136448e-02   1.0698268e-01
   1.3240287e-01   5.2237961e-01  -1.1619945e-01  -1.5431340e-01   2.3812817e-01   1.2677245e-01   0.0000000e+00  -9.6638237e-02   3.6100936e-01   5.9297981e-01  -2.9601263e-01   5.5341089e-01  -1.3180585e-01  -3.4589663e-01  -2.9011127e-01  -7.0767530e-02  -4.8058464e-02  -1.7658877e-01  -6.5512440e-02   4.1830969e-01  -3.1882249e-01  -2.5835181e-01   4.3050954e-03  -1.4798430e-01  -1.2961327e-01  -1.9146645e-01   3.7768770e-01   1.8570233e-02   1.6583164e-01   4.5769619e-02  -2.7712345e-01  -2.0857712e-01   1.2001945e-01   6.5677424e-01   7.3705458e-01   2.0798629e-01   3.9499918e-01   2.9578190e-02  -6.3096109e-02   2.2420972e-01  -1.0559095e-01   2.1040919e-01   3.0473030e-01  -1.3060537e-01   3.6957379e-01  -1.3785038e-01  -2.8050030e-01   6.4067575e-01  -3.5118200e-01   1.3263817e-01  -1.8207198e-01  -2.3700008e-01   4.8266839e-01  -6.0052125e-02  -2.0721384e-01  -1.9105396e-01  -1.8313445e-01  -2.2003642e-01  -8.8355266e-02   2.1990707e-01  -7.3129152e-02  -1.4615246e-01   7.3880541e-02  -1.4394122e-01   1.5417453e-01   1.4468305e-01   2.4235088e-01  -6.3657896e-02  -2.0181574e-01  -1.4086209e-01   2.9603179e-01  -1.6710359e-01   2.1633700e-01  -9.9704516e-02  -5.3326076e-02  -1.7878098e-01  -1.0211249e-01  -1.5211481e-01   6.3081761e-01  -1.2475896e-01   2.8935114e-01   2.8199459e-01  -2.8714511e-01  -2.9243626e-01   5.8465559e-02  -1.0465202e-01   3.1045390e-01  -2.7257656e-01  -1.7577244e-02   9.7831058e-02   1.2171616e-01   6.4177982e-02   4.1204696e-01   5.4202862e-01  -1.3595213e-01   2.2622102e-01  -2.4043603e-01  -1.8431374e-01  -2.0482949e-02   1.9519941e-01  -2.1462028e-01  -2.2788982e-01  -3.7425352e-01   2.0556744e-01  -2.4715125e-01  -7.6694199e-02  -3.2859368e-02   1.0602630e-01   3.5651972e-01   3.3536591e-01   5.8532738e-01  -2.4014778e-01  -1.0481046e-01   3.6423120e-02  -2.4534420e-01   4.4499945e-01  -8.4761164e-02   6.3062073e-02  -1.3046580e-01  -2.5752365e-01  -2.0516034e-01   2.9490916e-01   1.9872366e-01  -2.3458278e-01   2.1179677e-02  -2.9725643e-01  -3.5060388e-02  -7.0697128e-02  -2.3558387e-01   6.9970684e-02  -1.4545851e-02  -1.8623719e-02  -1.3931125e-01   4.2358642e-01   2.9141207e-02  -1.7278777e-01  -1.5498747e-01   2.5858020e-01  -2.6502379e-01  -1.2798245e-02  -1.8743938e-01  -1.0318153e-01  -2.5422826e-01  -9.7322306e-02  -2.6678594e-01  -3.9077108e-01   5.1107661e-01   1.8952798e-01   4.8012273e-01  -5.5982923e-02  -1.8148086e-01  -1.5589563e-01  -1.2655785e-01   3.5819394e-02   1.5554965e-01  -4.5611924e-02  -6.9792036e-02  -5.4994013e-02   8.0248037e-02  -1.6450743e-01   1.7973552e-01  -1.9331070e-01   1.0243903e-01  -2.1201760e-01  -5.9113745e-02   7.7367961e-01  -3.6016790e-02  -3.8944839e-01  -8.4716252e-02   2.4225437e-01   6.1299115e-01   5.2129796e-03   2.0311288e-02  -2.0558418e-01  -3.3227076e-01   2.5776327e-02  -2.4523753e-02
   1.2811460e-01  -7.8785554e-02   4.7698754e-02   2.2362239e-01  -9.5958987e-02  -1.0622956e-01  -9.6638237e-02   0.0000000e+00  -1.1714132e-01  -4.9281901e-02   5.1703157e-01  -2.1249359e-01   1.0876442e-01   2.1179403e-01   1.9304202e-01   1.0494519e-01  -6.8729121e-02   1.8054229e-01   2.1669408e-01  -8.4860345e-02   3.5093038e-01   1.9795393e-01   1.1814781e-01   1.2429581e-03  -5.0937476e-02   4.1629844e-01  -1.2028617e-01  -2.2789934e-01  -2.5620236e-02   1.3992054e-01   2.6812882e-01   1.6333101e-01  -1.9688833e-01   1.1533935e-02  -1.6749741e-01   8.5505920e-02  -1.2393705e-01   1.5834341e-02   5.5032135e-02  -3.0564438e-01   2.3887536e-01  -2.0870867e-02  -1.2984879e-01   5.5246783e-01   1.9172729e-01   2.0398573e-01   4.8241401e-01  -1.4997628e-01  -1.8279013e-01  -3.2379382e-01   2.6165610e-01   4.4397102e-01  -3.0453289e-02  -1.3439134e-01   1.7588379e-01   4.0433316e-01   2.6496150e-01   3.9928962e-01   3.4640875e-01   1.7922403e-01   1.7184326e-01   7.5966190e-02  -3.0646665e-01   4.9554405e-01  -1.6722589e-02   3.5380298e-01  -1.2518128e-01  -2.2224960e-01   4.8629178e-01   1.7291980e-01  -3.2805776e-01   2.8118056e-01   2.0971535e-02   1.3315656e-01  -1.7587591e-01   3.2048430e-01   2.6682965e-01   4.9337020e-02  -1.6134793e-01  -1.6460694e-01  -1.3738770e-01   6.4325429e-02   2.9889908e-01   4.1322898e-01  -2.6409353e-01   4.5322613e-02  -1.9178381e-01   2.4198704e-01  -2.5444541e-01   3.1181968e-02  -1.9415347e-01   1.8475946e-01  -3.5175627e-01  -7.1424812e-02   1.5393607e-01  -3.0702504e-01   2.6990123e-01   9.4240538e-02   6.8709239e-02   4.9300125e-02   3.9365372e-02   3.7229609e-01   3.6883767e-01  -2.7094682e-02   2.5619688e-01   2.8913645e-01  -3.2009332e-01   2.1171777e-01  -7.5348274e-02  -1.6820358e-01  -9.0434515e-03   3.4045331e-01  -4.1025141e-02  -1.6803685e-01  -1.4761441e-01  -5.2352788e-02  -5.0784444e-02   2.0856905e-01  -1.1162721e-01   3.3423008e-01   3.5933834e-01  -2.9608637e-01   2.7872937e-02   3.2825830e-02  -8.4031662e-02   3.0734429e-01   1.2675889e-01  -3.0952806e-01   3.6408274e-01  -1.1868499e-01  -1.0109262e-01   3.4454884e-01   2.4614467e-01   2.1987799e-02   1.1048029e-01   7.1537076e-01  -1.1169826e-01  -1.4317670e-01   3.7887879e-01   1.5251961e-01   1.3078597e-01  -1.1294664e-01   1.7531476e-01  -2.5784677e-02   5.5174578e-02   3.3573702e-01  -3.1139271e-01   3.6304958e-02   5.2608442e-02  -6.6924239e-02  -5.7377995e-02   2.0473478e-01   1.6951995e-01   1.3413873e-01  -4.0483099e-01   4.1490020e-02   2.3647783e-01   2.9553511e-01  -1.2469103e-01   3.2861637e-01  -1.3910158e-01   2.4776575e-01   2.0971376e-01   2.8018109e-01   3.0271979e-01  -3.2652450e-02   4.4373487e-02   2.2464098e-01   2.1042730e-01  -1.4528703e-01  -1.0497215e-01  -2.4736583e-01   2.6834976e-01  -6.8473341e-02   2.3972810e-01  -3.1959803e-01   2.2737998e-01
  -5.9100191e-02   4.6677368e-01  -2.6461733e-02  -3.3465965e-01   6.5626769e-01  -2.0483674e-01   3.6100936e-01  -1.1714132e-01   0.0000000e+00   3.4931906e-01  -4.4330587e-01   2.8122044e-01  -1.5733190e-01  -4.4474109e-01  -4.2567612e-01  -3.4274988e-01   1.7393983e-01  -4.8364423e-01  -4.6789699e-01   3.4909044e-01  -6.0579150e-01  -6.7422371e-01  -3.3253210e-01   5.7211153e-02   5.0302073e-02  -5.8468817e-01   1.4334154e-01   2.5057070e-02   2.3427215e-01  -4.0845135e-01  -1.7152989e-01  -4.1560448e-01   3.8140251e-01   2.9426349e-01   5.0088393e-01   5.4408617e-02   3.6571140e-01   1.9732850e-01  -2.2081070e-01   3.4124457e-01  -1.7896218e-01   2.2984155e-01   4.1678093e-01  -2.4959154e-01   3.0364269e-01  -1.1560067e-01  -4.3833714e-01   4.8560948e-01   2.1078676e-02   3.5467245e-01  -5.9037781e-01  -3.5779575e-01   5.3768825e-01   2.5502370e-01  -1.1504664e-01  -2.5148715e-01  -4.7379081e-01  -5.2491853e-01  -2.1043372e-01   7.7180641e-02   1.5815106e-01  -2.9865522e-01   3.9959997e-01  -1.7394772e-01   6.5022289e-01  -2.8385567e-01   1.7809976e-01   2.0700690e-01  -5.0192747e-01  -2.9871423e-01   5.6862993e-01  -2.2228401e-01   1.0386694e-01  -3.5207029e-02   4.4262128e-02  -4.1604199e-01   8.8717817e-03  -2.8601182e-01   6.2704435e-01   1.8858136e-01  -7.8799548e-02   3.2111693e-02  -3.1759789e-01  -5.5286931e-01   1.9866228e-01  -8.2125349e-02   5.1685454e-01  -1.6540074e-01   6.8157575e-01   5.7856352e-02   7.7223195e-01  -9.9511781e-02   3.4784754e-01   6.7335898e-01  -9.5559860e-03   4.0879925e-01  -9.7138323e-03  -5.3791542e-01   1.0777663e-01  -2.3068329e-01  -1.7422373e-01  -3.5763332e-01  -5.3261843e-01   1.6329627e-01  -4.7294741e-01  -3.1676064e-01   2.2414428e-01  -4.3418896e-01  -4.4071143e-02   3.2226776e-01   1.5734142e-01  -7.4942144e-01  -6.2115508e-02   5.0196499e-02  -1.3426415e-01   6.1804447e-01  -1.5724775e-01  -1.2626057e-01  -2.0828376e-01  -1.6341834e-01   2.1482642e-02   6.5039418e-01   1.8831822e-01  -3.3421856e-01   1.5937919e-01  -4.1943263e-01  -2.2024891e-01   1.8573175e-01  -5.3319678e-01   1.4404222e-02   1.4518604e-02  -4.3271213e-02  -2.7278070e-01   3.4905056e-01   2.2021424e-01  -2.7414704e-01   7.5343354e-03   1.8668644e-01  -3.4419278e-01  -9.5738035e-02  -1.3873161e-01  -5.3357668e-02  -5.4790770e-01  -3.1250355e-01  -2.8643280e-01  -3.8147193e-01   2.7212592e-01   5.0887206e-01  -2.6955716e-01   8.1424254e-02  -3.3982786e-01  -2.6402553e-01   9.2488497e-02   9.7524723e-02   5.2862569e-01   1.4229688e-01   7.2514679e-03  -1.4270240e-01   3.2287994e-01  -5.4612444e-01   3.1152249e-01  -4.3521080e-01   3.3976839e-02  -5.4758047e-01  -4.4044922e-01   6.0146399e-01  -3.5425625e-01  -3.3660745e-01   7.3545748e-03   1.6652843e-01   6.8304145e-01   8.2784993e-02   1.8348786e-01  -2.7352060e-01  -1.9022905e-02   3.3115284e-01  -3.9034341e-01
  -5.6098404e-03   4.8625300e-01  -2.5061306e-02  -2.2724616e-01   4.0972758e-01  -9.0966665e-02   5.9297981e-01  -4.9281901e-02   3.4931906e-01   0.0000000e+00  -6.2940185e-02   3.4953644e-01   2.4491457e-01  -4.7415085e-01  -3.7613867e-01  -9.1159902e-02   1.2586984e-01  -9.7244119e-02  -2.3067409e-01   5.4593469e-01  -3.1491782e-01  -6.8830852e-02   2.3064030e-02  -2.4374553e-01  -3.4392362e-01  -2.0081113e-01   3.0087111e-01  -5.9724619e-02   4.6265869e-01   6.0660059e-02  -2.5327187e-01  -1.7131323e-02  -1.4797503e-01   5.6398980e-01   5.2687673e-01   3.0372408e-01   4.0856127e-01   1.8774105e-02  -5.8719358e-02   3.2090599e-01   1.5857942e-02   8.3916666e-02   1.7848026e-01  -3.4426754e-02   3.3894185e-01  -2.1670755e-01  -1.2676760e-01   3.8439332e-01  -4.2022012e-02   1.0550764e-01  -2.1068981e-01  -1.3111646e-01   3.1366793e-01  -1.6599107e-01  -3.6777848e-01  -1.1662310e-01  -3.3640475e-01  -3.3763153e-02  -1.8118085e-01   7.3009150e-02  -1.7637850e-01   1.5065425e-01  -3.4447260e-02  -3.1838823e-02   1.7103074e-01   1.0336449e-01   1.3605187e-01  -9.0916356e-02  -1.3313753e-03  -3.4997509e-02   3.5112128e-01  -7.6309384e-02   1.6404612e-01  -1.2919485e-01  -1.4688278e-01   1.4763995e-02  -2.3913882e-01  -1.2614870e-01   5.5210986e-01  -2.5341589e-01   1.0228384e-01   2.3055179e-01  -3.3583475e-01  -2.7337869e-01   8.6618187e-02   9.2273381e-02   1.5883638e-01  -1.3399063e-01  -3.4133814e-03  -8.1232899e-03   1.8534223e-01  -3.1282712e-02   3.9627552e-01   3.6462703e-01  -2.5062810e-01   3.2437188e-01  -1.3083244e-01  -2.0290444e-01   1.2780485e-01   2.8080127e-01  -3.0837112e-01  -2.4868636e-01  -4.2723883e-01   9.5831191e-02  -9.1734584e-02   1.2614154e-01  -9.4908711e-02   1.7605628e-01   2.9190006e-01   1.9829124e-01   4.2052113e-01  -1.9331091e-01  -2.6660322e-01  -5.6675896e-02  -2.7722765e-01   4.5041436e-01  -1.6657432e-02   1.6752591e-01  -1.4000138e-01  -1.5531396e-01  -2.0689410e-01   3.3821194e-01   1.6842098e-01  -1.1722579e-01  -9.8262412e-02  -2.0286945e-01  -1.3070723e-01  -2.4984937e-01   6.4864824e-03   1.5264083e-01   1.8170522e-01   1.0223376e-01   2.5289825e-01   2.3909168e-01   3.1249267e-02  -1.1433985e-01  -2.5828008e-01   1.9533122e-01  -2.1569199e-01  -1.9938868e-01  -1.8326050e-01  -1.8270852e-02  -1.2801075e-01  -2.7067899e-02  -1.9792083e-01  -3.3444698e-01   5.0665864e-01   2.5118949e-01   1.7921041e-01  -2.0461812e-02  -3.4402556e-01  -3.5562019e-01  -2.4599543e-01   1.3134955e-01   1.8570587e-01   3.8760900e-02  -1.5459439e-01  -9.2836942e-02  -2.8728917e-02  -2.7524049e-01   1.0539434e-01  -7.1216568e-02   8.0798028e-02  -2.0231502e-01   1.6145289e-02   5.6467615e-01  -8.0031144e-02  -4.5985198e-01  -2.0091480e-01   3.7702226e-02   4.5848300e-01  -2.8284875e-03   1.4141184e-01  -1.8242602e-01  -3.6316036e-01  -2.8693782e-02   2.4137126e-01
   7.9426335e-02  -1.4834301e-01   1.5560950e-01   2.5071048e-01  -1.8579820e-01  -9.4816887e-02  -2.9601263e-01   5.1703157e-01  -4.4330587e-01  -6.2940185e-02   0.0000000e+00  -2.4642131e-01   3.6965174e-01   3.2209711e-02   2.0172446e-01   2.8226827e-01   3.4574868e-03   4.9787757e-01   3.9007259e-01  -8.7851131e-02   5.6940129e-01   4.8192498e-01   1.5227428e-01  -2.2318978e-01  -2.4367211e-01   6.0827470e-01  -2.1544924e-01  -3.5301656e-01   1.0321956e-01   3.4579658e-01   7.3683665e-02   4.3914058e-01  -3.2530268e-01  -2.3655245e-01  -4.5326030e-01   1.7387917e-01  -2.7754346e-01   5.7604894e-03   1.8541871e-01  -2.8416153e-01   5.3733137e-01  -1.7548283e-02  -2.5651208e-01   7.3273220e-01   1.1321367e-01   3.0588423e-01   7.0754369e-01  -4.0506913e-01  -8.1875011e-03  -2.9857331e-01   4.9956355e-01   4.9219972e-01  -3.0070092e-01  -2.6064024e-01  -1.6547807e-01   5.6535765e-01   5.1753200e-01   6.3094568e-01   4.5521021e-01   1.2832084e-01   7.9743099e-02   3.0434387e-01  -3.4360570e-01   5.5605690e-01  -3.0417775e-01   5.3520005e-01  -2.5997197e-01  -3.0016506e-01   7.5016313e-01   4.2713738e-01  -4.0794295e-01   4.3674643e-01   8.0269447e-03  -5.1603045e-02  -2.5276627e-01   2.6428879e-01   2.5735713e-01   4.4295672e-01  -2.9388634e-01  -9.1543965e-02  -2.6638525e-01   9.0800537e-02   3.9145757e-01   4.8884216e-01  -2.7162817e-01  -7.1259331e-02  -5.1404110e-01   9.8080997e-02  -4.1278360e-01  -2.8230927e-02  -3.3238610e-01   2.2546364e-01  -3.3855099e-01  -2.9427163e-01   1.7468998e-01  -2.3275482e-01   1.9400764e-01   3.7804170e-01   9.7185871e-02   2.2424003e-02  -7.8714956e-02   5.2470040e-01   2.5710276e-01  -2.5608181e-01   4.0841484e-01   4.0262192e-01  -3.6797106e-01   5.6307264e-01  -1.2459857e-01  -3.4343380e-01  -1.0743437e-01   6.2417098e-01  -4.0015543e-02  -8.6027795e-02  -2.2170444e-01  -1.9312675e-01   4.1797619e-01   2.9232533e-01  -1.9562241e-01   3.9693131e-01  -5.2456393e-03  -3.2870371e-01   4.9141023e-03   3.6412466e-02  -4.2138156e-02   1.8606060e-01   6.5487284e-02  -3.4942738e-01   5.8951580e-01   1.7139491e-02   1.0367108e-01   5.8086998e-01   3.5894522e-01  -2.2781605e-01   1.7538999e-01   4.1902434e-01   1.4319528e-02  -2.8730125e-01   3.2211468e-01  -1.9716105e-02   1.8019681e-02  -4.0349669e-02   7.1356319e-01   9.4858707e-02   6.0603157e-02   2.8488194e-01  -3.2028851e-01   7.5936156e-02   6.6797503e-02  -2.0897210e-01   2.8694667e-02  -2.3123330e-03  -9.7966493e-02   4.6482695e-01  -4.4219540e-01  -2.9728765e-02   9.2277839e-02   4.2569338e-01  -1.7518189e-01   2.8640704e-01  -2.0606423e-01   7.3350846e-01   2.3475446e-01   5.6521079e-01   4.4770788e-01  -1.7404701e-01   4.2507305e-01   6.4112421e-02   3.9230569e-02  -3.1837319e-01  -2.0928863e-01  -2.7781953e-01   2.0683805e-01   4.2763063e-02   9.9135116e-02  -4.0651382e-01   4.4731847e-01
   7.8971366e-02   5.2993240e-01   1.3940538e-01  -3.1832031e-01   2.2713626e-01   2.7111297e-01   5.5341089e-01  -2.1249359e-01   2.8122044e-01   3.4953644e-01  -2.4642131e-01   0.0000000e+00   8.5794207e-02  -4.7672983e-01  -2.9668817e-01   2.2386792e-01   1.5860260e-01  -1.0467672e-01  -1.3233104e-02   5.1284690e-01  -3.0602537e-01  -2.6577908e-01  -1.2041559e-01   1.4634126e-02  -2.1895371e-01  -2.4601959e-01   3.7274924e-01  -5.1731875e-02  -6.6923891e-02   1.2921255e-02  -4.3607908e-01  -2.9080054e-01   3.5046983e-01   4.7036537e-01   2.8331107e-01   2.3716105e-01   5.0019501e-02  -1.1468374e-01   2.0090191e-01   4.7443314e-01   2.9067141e-02   4.2976074e-01   6.1143664e-01  -2.0216446e-01   2.7927143e-01  -1.6994188e-01  -2.4407823e-01   1.6722155e-01  -2.8015543e-01   5.0617506e-01  -2.3405887e-01  -3.5628184e-01   3.7376316e-01  -5.8785594e-04  -3.8854753e-01  -2.8665638e-01  -1.6628901e-01  -3.3906913e-01  -3.1860079e-01   1.7942833e-01  -1.1973329e-01  -1.9653377e-01   2.9661997e-01  -1.1755474e-01   1.8994180e-01   9.9754175e-02   2.9645924e-01   1.0650337e-01  -2.2687396e-01   2.0773454e-03   4.3357242e-01  -2.9307430e-01   1.4861968e-01  -1.2803621e-02  -1.7284511e-01  -3.4668163e-01  -1.8532200e-01  -1.7885402e-01   4.2415561e-01  -1.6626949e-01   3.1104786e-02   3.4805761e-01  -2.5266790e-01  -3.1220554e-01   3.1337543e-01  -1.5293289e-01   1.5567667e-02  -3.7014290e-01   6.2973409e-03  -2.8616102e-02   2.6431388e-01   3.0071004e-02   6.4319238e-01   3.2536532e-01  -1.3760530e-01   5.5419636e-01  -2.3972093e-01  -2.1725976e-01  -7.1092922e-03   3.1573735e-02  -3.0974759e-01  -3.0294635e-01  -6.0940405e-01   4.4685702e-01  -5.8436329e-01  -5.0015782e-02  -1.2607040e-02   1.3374738e-01   2.5000798e-01   2.8784570e-01   4.2493245e-01  -3.8487843e-01  -2.4601206e-01   1.0002169e-01  -3.0997368e-01   2.6509608e-01  -1.2838576e-02   2.4421482e-02   3.0002818e-02  -5.8613709e-01  -1.8424829e-01   6.0416665e-01   1.4160696e-01  -2.7581014e-01  -1.5898551e-02  -4.8661557e-01  -2.6630843e-03  -6.2605172e-02  -3.5241883e-01   3.7994952e-01   3.8237862e-01   1.5057076e-01  -1.3221253e-01  -4.3864125e-02   1.4825632e-02  -3.6994365e-01   7.2828630e-02   1.0854427e-01  -5.4939401e-01  -1.7728625e-01  -1.7928619e-01   2.6910590e-01  -1.9823925e-01   2.3527484e-01  -1.8039369e-01  -5.9370448e-01   6.0245544e-01   2.0516151e-01   2.2967696e-01  -1.3975229e-01  -1.9168067e-01  -4.0256713e-01  -9.3854063e-02   1.7743819e-01   5.6637679e-01   1.1388365e-01  -2.1534716e-01  -2.1546237e-01   1.0534834e-01  -5.2191287e-01   2.5409947e-01  -2.1994806e-01  -1.1673435e-01  -3.2840521e-01  -1.2441882e-01   5.0934755e-01  -1.3151997e-01  -4.7565974e-01  -2.1339184e-01   1.7633638e-01   5.9055005e-01   2.3488263e-01  -2.4140449e-01   6.8074681e-02  -2.4726393e-01  -8.9397680e-02  -7.1984370e-02
   1.3492161e-01  -4.9316826e-02   1.6260494e-01  -8.8820649e-02   2.0438075e-01  -4.9406944e-02  -1.3180585e-01   1.0876442e-01  -1.5733190e-01   2.4491457e-01   3.6965174e-01   8.5794207e-02   0.0000000e+00  -2.6994825e-01  -7.3103623e-03   1.4837438e-01   8.1468712e-02   9.7238973e-02  -1.4305013e-01   3.3768487e-01   1.9899243e-01   8.0900311e-02   2.1943266e-01  -1.3642933e-01  -3.2911962e-01   1.0904083e-01   6.3073426e-02  -7.9980220e-02   1.1598239e-01  -4.0813892e-02  -1.5863655e-01   7.5741439e-02  -1.6739533e-01   2.1247252e-02  -2.0210628e-01   3.8637269e-01  -1.5269348e-01  -1.5172649e-03   2.3538453e-03   7.6261219e-02   6.6995695e-01   2.0079245e-01  -9.9799716e-02   2.2964635e-01   1.0734484e-02   3.6956306e-02   3.0799648e-01  -2.3037843e-01   1.9307832e-01  -4.7678848e-02  -2.7878412e-03   3.3945282e-01  -2.0642495e-01  -1.7323267e-01  -4.3193536e-01   2.9354563e-01  -6.1444563e-02   2.9158130e-01   3.1874453e-02   7.6783470e-02   6.8827140e-02   4.7453187e-01  -2.6164525e-01   2.1151557e-01  -2.1960611e-01   2.6690931e-01  -1.2891914e-01  -5.5802044e-03   2.6746349e-01   1.4739599e-01  -6.1073780e-02   1.2588968e-01   4.6253784e-02   3.2570816e-02  -4.4301687e-01   2.4721445e-01  -5.2951984e-02  -6.2887475e-02  -6.2549710e-02  -2.5838437e-01  -2.2219562e-02   1.9133889e-01  -5.9875898e-02  -5.8117845e-02  -1.8173289e-01   2.8845541e-01  -2.7847154e-01   2.1505127e-02  -1.7262603e-01  -6.0810372e-02  -1.6509462e-02   2.1551326e-01   1.4840236e-01  -1.8792312e-02  -1.9502002e-02   2.7632292e-01   1.9442422e-01   7.3730239e-02   2.8440824e-01   9.2903411e-02  -2.4230900e-01   1.8705716e-01  -7.6773758e-02  -2.3940124e-01  -6.9290321e-02   4.6205816e-02  -3.3163260e-01   1.5502597e-01  -4.7029282e-02  -1.1726074e-01   6.9104515e-02   1.0423194e-01  -1.9121792e-01   6.9647623e-02  -5.4380061e-03  -7.3133873e-02   1.4248785e-01   3.0863874e-01  -1.9091798e-01   1.5966427e-01  -1.3451302e-01   1.2101615e-01   6.4958245e-02  -2.1090085e-01  -1.7919526e-02   1.0708997e-01  -1.6103489e-01  -3.2965411e-01   3.0270224e-01   9.6596250e-02   3.5958608e-01   2.0967071e-01   2.5663958e-01  -3.2565263e-01   4.5455686e-02   3.5444086e-02  -1.5918294e-01  -1.9096282e-01  -1.3717995e-02  -3.3405939e-01  -3.0227345e-02   3.3140146e-01   1.3641943e-01   1.0104824e-02  -3.7630012e-02  -5.2993905e-02   9.2340489e-02   1.6531247e-01   1.0403393e-02  -6.9280230e-02  -1.0228864e-01  -2.5465179e-01  -1.7440510e-01   2.5933967e-01  -4.1692029e-02   4.3846369e-02  -1.7893848e-01   2.0778355e-01   7.5836952e-02   3.5947193e-02  -1.4065440e-02   1.0291234e-01   1.1587832e-01   5.9641901e-02   1.0731516e-01  -3.8334420e-02   2.2921256e-01  -1.7142941e-01  -2.4630757e-01  -2.3833241e-01  -5.7387676e-02  -1.3552680e-01   1.4138786e-01  -1.4041744e-01  -1.9483941e-01  -2.6683147e-01   9.2759723e-02
  -2.6931117e-02  -2.9016410e-01  -7.1450059e-02   1.7469341e-01  -4.6523993e-01   2.3575417e-02  -3.4589663e-01   2.1179403e-01  -4.4474109e-01  -4.7415085e-01   3.2209711e-02  -4.7672983e-01  -2.6994825e-01   0.0000000e+00   3.1303703e-01  -5.1054729e-02  -1.8215586e-01  -1.6158806e-02   2.2230260e-01  -6.4602570e-01   2.9957195e-01   1.7098543e-01   1.5552347e-01   1.7861569e-01   2.2510156e-01   3.6034744e-01  -3.1432861e-01   1.6813813e-01  -1.2136397e-01   1.6668950e-01   3.6364682e-01   8.7490509e-03  -3.3230882e-01  -4.1278879e-01  -3.3986798e-01  -4.2588703e-01  -3.3231729e-02  -4.5911768e-02  -2.7172791e-02  -3.9522005e-01  -1.9220894e-01  -2.9913718e-01  -4.4004728e-01   9.6801528e-02  -4.8562960e-01   9.7981368e-02   3.0238338e-02  -1.2187465e-02   1.1631879e-01  -2.9518319e-01   1.0546391e-01   3.6524072e-01  -2.3447676e-01  -1.6493147e-02   6.0759403e-01   1.8338266e-01   2.7395732e-01   1.0139522e-01   1.5339019e-01  -2.0697339e-01   8.2310222e-02   9.3959956e-02  -2.3487800e-01   6.1466803e-02  -1.2258756e-01  -4.4566719e-02  -7.0162159e-02  -1.7681809e-01   1.2341742e-01  -5.1110120e-02  -2.7781315e-01  -1.5407884e-01  -1.5956421e-01   1.5794657e-01   1.7704186e-01   2.8362199e-01   1.5729943e-01   1.0450880e-01  -5.9565212e-01  -8.3512186e-02   3.4376356e-02  -2.4257741e-01   4.7048078e-01   3.9775126e-01   2.2408509e-02   1.1713363e-01   4.1472994e-02   3.9866861e-01  -2.4590377e-01   1.7229948e-02  -3.2879216e-01   1.3223126e-02  -4.3882384e-01  -3.9922004e-01   1.7602847e-01  -5.1026413e-01  -1.1275137e-01   3.4417564e-01  -8.9777179e-02  -1.3909308e-01   7.1325209e-01   1.9514687e-01   7.8712507e-01  -1.3941344e-01   2.3714437e-01  -7.6402137e-02  -3.3432887e-02   3.7845127e-02  -1.7819290e-01  -7.3994860e-02  -2.8381429e-01   3.3890904e-01  -1.2213688e-01  -6.1718676e-02   3.6695097e-01  -3.4034237e-01  -3.5606927e-02  -1.3103036e-01   2.3689164e-01   6.8275303e-02   2.1886580e-01  -5.0427699e-01  -3.2590865e-01   4.4703833e-01  -1.1227728e-01   5.4686898e-01   1.3397982e-01  -3.5880677e-02   1.5488384e-02  -3.3876934e-01  -4.4431872e-01  -2.4622757e-01  -8.8333914e-03   3.5813327e-02  -3.0865664e-01   3.1784708e-01  -1.8620474e-01   2.2356674e-02   4.2218714e-01   2.5251255e-01   3.3939799e-01  -2.4750116e-01   1.0635375e-01  -1.2481259e-01   2.2170442e-01   6.3172610e-01  -4.2079204e-01  -3.6887479e-01  -4.0778328e-02   2.2607281e-01   3.4252689e-01   6.8119327e-01   1.7769157e-01  -2.6012076e-01  -3.3474159e-01  -1.1450647e-01   1.6123638e-01   3.4423283e-02  -1.6708125e-01   5.8564146e-01  -2.6400474e-01   1.2312033e-01  -1.6658326e-01   2.4782162e-01   8.5965296e-02  -4.7423665e-01   2.4223851e-01   7.4318070e-01   3.1180182e-01   1.8415674e-01  -5.5088588e-01  -3.5674341e-03  -1.3922374e-01   2.7852632e-01   1.2000456e-01  -4.5871675e-02  -1.6950817e-01
