   0.0000000e+00  -4.4864410e-01  -3.1296578e-01   4.5865149e-02  -4.7159233e-01  -1.5507765e-01   1.5873185e-01   1.1077598e-01  -9.5050423e-03   1.3350703e-01   1.9456492e-01  -4.0954403e-01   3.3651959e-02   1.8268939e-01   4.2975090e-01  -4.9185723e-02  -4.7961367e-01   2.5303172e-01  -6.3431682e-02  -4.3346224e-01   2.9909606e-01  -1.0738846e-01   4.8108874e-01   3.3045596e-01  -1.0951299e-01  -2.6990433e-01  -4.0346455e-01   1.5813002e-01  -1.3399899e-01   2.7253090e-02   2.4321792e-01  -4.2165185e-03  -1.5402912e-01   1.1517725e-01   3.1021486e-01  -3.9624312e-01  -3.0016302e-02   3.0106711e-01  -1.8940823e-01  -4.8114562e-01  -7.5256058e-02   2.8567513e-01  -2.3601892e-01  -1.7450234e-01   8.7214229e-02   1.7992627e-01   3.8910611e-02  -1.5689423e-01  -8.3912979e-02  -4.7327022e-01   3.0189629e-01   2.0304332e-02  -3.3379546e-02  -8.5053230e-02   4.1966253e-01   9.8665374e-02  -1.1915515e-01  -3.4082660e-02   7.2970868e-02   1.3628258e-01   1.1662552e-01  -4.5635632e-02  -1.5493894e-02  -1.4665146e-01   2.3434168e-02   2.2438089e-01  -1.6935622e-01  -2.1833485e-01  -8.2723692e-02   3.1064551e-02  -3.2533208e-01   1.1294748e-01  -1.1046477e-02   3.2417597e-01  -1.5729961e-01   6.5155509e-02   1.5075198e-01  -2.8709409e-01  -5.5331279e-01  -1.0810766e-01   2.2405509e-02   1.7513264e-01  -1.3859424e-01  -3.1107654e-01   4.0588435e-01   2.0414614e-01   3.5945489e-01   4.0839882e-01  -1.1935689e-01   5.9725397e-01  -5.2675816e-01   1.2305446e-02  -1.8674260e-01   2.1242729e-01   2.6262173e-01  -4.6176339e-01  -6.4668896e-02  -2.3615330e-01  -2.4076876e-01   2.0795430e-01   3.1566616e-01   4.5652301e-01  -1.1510927e-01   3.8588398e-02   2.1858698e-01  -5.3059952e-02  -1.6149589e-01  -2.3658643e-01   2.9171477e-01   1.1579905e-01   4.0745381e-02  -4.8717531e-02   1.7919279e-01   4.0445228e-01   3.6113037e-01  -4.2401483e-01  -2.6211791e-01   1.3774437e-01  -1.2671180e-01   8.2630702e-02   3.7299840e-01  -4.8263527e-01  -4.1369256e-01  -1.3262678e-02   3.3613366e-01  -2.2809396e-01   4.1353643e-01   1.5689342e-03   3.3166910e-01  -3.8050664e-01  -5.2103923e-02  -7.9628483e-02   5.7395255e-02   2.1929622e-01  -1.0007455e-01  -7.5996772e-02  -7.7572813e-03   1.9914467e-02   1.2909665e-02   4.9849057e-01   5.3938327e-01  -2.0119311e-01   2.1870126e-01  -1.9991404e-01   2.5892307e-01  -3.1135708e-01  -2.0132883e-01  -8.3487112e-02   2.0114425e-01  -1.1398323e-02   4.3818422e-01  -2.1393894e-01   3.4899708e-01  -3.7099065e-01  -6.1658724e-01   2.7115750e-01   2.2762300e-01   1.0098240e-01  -3.2413269e-02   3.9372587e-02  -1.4756705e-01   7.5356304e-02  -1.6706150e-01   1.2614151e-01  -2.4501251e-01  -4.8204261e-01  -1.4576454e-01  -2.7584410e-01   3.9826590e-01  -2.4841366e-01  -4.8896029e-01   1.9478794e-01   1.2965417e-01  -2.2946654e-01  -8.9119073e-02   7.1665017e-03  -2.3930472e-01
  -4.4864410e-01   0.0000000e+00   1.3935447e-01   5.9818148e-02   4.1969795e-01  -3.4045227e-03  -1.8220532e-01   1.4104007e-01   8.3326940e-02  -2.7791560e-01  -2.4620532e-01   3.8755222e-01  -4.1912409e-01  -6.9422323e-02  -5.4394934e-01  -2.2836583e-02   4.3339627e-01  -3.1244891e-01  -1.2420094e-02   3.0072836e-01  -3.2597810e-01   2.9070156e-02  -5.9503857e-01  -5.3658879e-02  -2.6037501e-02   4.4174613e-01   2.7955494e-01  -1.9480974e-01  -1.6097848e-01   8.6566209e-02  -1.6909841e-01   8.5935792e-02   1.1849082e-01  -1.2997695e-01  -7.1799474e-02   2.5120621e-01   3.4313277e-02  -4.7033778e-01   4.5285706e-02   4.9546166e-01  -9.1638048e-02  -2.9235916e-01   3.3044736e-01   1.0856996e-01  -2.2746068e-01  -2.6074536e-01  -1.8933184e-01   5.7749628e-01   7.2966224e-02   4.0138806e-01  -4.0365909e-01   2.2446889e-01   2.2173203e-01   1.4979008e-01  -1.3982762e-01  -2.9967746e-01   2.6559346e-02   8.7635532e-02   5.1922275e-02  -2.3751964e-01  -2.0131938e-01  -1.8379530e-01   9.8870667e-02   5.0782702e-01   3.5469730e-01  -3.1796058e-01   1.5085605e-01   1.4076891e-01   1.3882506e-01  -3.1256366e-01   6.5860918e-01  -3.3214211e-01   7.7975606e-02  -3.1432299e-01   1.7487426e-01   1.1514039e-01  -3.0274599e-01   3.4397092e-01   5.7547034e-01   2.8201767e-01   2.1958613e-02  -2.4665436e-01   3.3845268e-01   3.0993985e-01  -3.3577656e-01  -2.4567320e-02   2.3714027e-01  -4.1448966e-01   2.6335665e-01  -2.5455956e-01   6.2461819e-01  -8.2768101e-02   9.6373361e-02  -1.8795504e-01  -4.1076216e-01   3.5849317e-01  -1.4859157e-02   3.4453245e-01   2.6268251e-01  -2.4318454e-01  -3.3726518e-01  -4.7332437e-01   2.0658702e-01  -3.7839408e-02  -2.1744039e-01   2.6579097e-01   1.2831343e-01   3.2249175e-01  -4.5404923e-01  -2.6421591e-01  -2.7062832e-02  -1.1016511e-02  -4.5570625e-01  -2.7579419e-01  -5.2585145e-01   6.2091997e-01   4.1040907e-01  -2.0890358e-01  -1.5184989e-01  -1.1985301e-01  -3.1361630e-01   4.7431789e-01   4.3676015e-01   3.8201487e-01  -3.0497151e-01   1.9824438e-01  -5.1331665e-01   2.2617128e-01  -1.7900764e-01   4.6608456e-01  -2.3549549e-01   1.9751496e-02   4.2654099e-01  -1.0627503e-01   1.3812442e-01   3.0247840e-01  -7.8108976e-02  -6.2311965e-02   9.0095182e-02  -4.0252136e-01  -2.0126616e-01   1.5491276e-01  -2.6661686e-01  -2.5544573e-01  -3.0742703e-01   5.4849439e-01   1.7941400e-01  -1.2567675e-01  -4.1350926e-01   3.1672662e-01  -3.3520473e-01   3.7647529e-01  -2.6766285e-01   6.0779926e-01   6.6122513e-01  -3.4257473e-01  -2.5097729e-01  -5.1310894e-02   8.0115990e-02   6.8085502e-02  -1.3650913e-01   1.7158660e-02   3.1333454e-01  -1.4304432e-01   4.0563406e-01   5.4501640e-01   2.2541836e-01   2.1571611e-01  -2.7754675e-01   3.5796777e-01   4.4563461e-01  -4.2626576e-01  -9.5801062e-02  -1.5430605e-01  -3.4019322e-02  -3.1072272e-03   2.3001047e-01
  -3.1296578e-01   1.3935447e-01   0.0000000e+00  -1.1680131e-01   4.3652410e-01   2.0674446e-01  -1.8125345e-01   2.1646894e-02   2.7092390e-01  -1.8943975e-01  -2.6118494e-01   4.8781871e-01   1.4708327e-01   9.8820618e-02   1.5663402e-02   3.5032186e-02   8.0844472e-01  -1.9982895e-01   3.4383569e-01   5.0720549e-01  -3.4294814e-01   6.1120980e-02  -3.6556118e-01   7.7279472e-02   1.4977437e-01   7.5957154e-02   2.9411221e-01   9.7318125e-02   3.1066945e-01  -1.9524700e-01  -2.8041794e-02  -2.7347154e-02   9.1358306e-02  -2.3657859e-01  -1.0346032e-01   2.4193041e-01  -5.0474892e-02   1.0821046e-01   1.7649563e-01   3.1745099e-01  -9.2798208e-02   1.4090560e-01   1.9157976e-01  -4.8148548e-02  -1.1214033e-01   5.3850806e-01  -3.3795144e-03  -3.0440701e-01   2.0231998e-02   5.5447605e-01  -1.5341288e-01   3.2829309e-02  -5.3433276e-01   4.1509531e-01  -3.4155781e-02  -8.3625954e-02   1.1331539e-01   2.5021554e-01  -2.6315117e-01  -8.7512309e-02   6.1926007e-01   2.0737207e-01   4.2199621e-03  -8.7204341e-02  -2.0914311e-01  -3.6290471e-01   8.4835193e-02   1.6445891e-01   4.1935673e-03   5.8434546e-01  -2.2939986e-02   2.5393858e-02  -2.8838147e-01   3.5149893e-01   3.0031078e-01  -1.0958156e-01   5.5207135e-01  -6.6806337e-02   3.5893068e-01  -1.9560148e-01   2.0549319e-02  -3.4729062e-01  -2.5923609e-01   1.6540669e-01   2.7116187e-01  -8.6829495e-02  -3.8305763e-01  -1.1310703e-02   1.3969116e-01   8.5510783e-02   1.9903596e-01   7.6309105e-01   1.6070360e-01  -8.5901858e-03   7.0627464e-02   4.2790500e-01   1.2683009e-01   2.8222671e-01   5.7580701e-02  -4.5489268e-01   2.5942758e-01  -2.1981413e-01   1.2012755e-01  -5.4642454e-03  -9.6871163e-02   4.5529973e-02   4.2423064e-01  -2.5939924e-02  -1.5289069e-01  -2.5365826e-01  -2.0047770e-01  -4.8035266e-02  -8.5464852e-02   1.6035147e-01   1.8359340e-01  -8.6121598e-04  -6.7462500e-02  -2.4034910e-01   3.1428819e-01  -6.1957257e-02   3.0160682e-01   4.0222809e-01   4.4772967e-01  -7.4379269e-02   3.3990125e-01   3.4182848e-01  -2.6803254e-01   2.8526509e-01  -1.6993192e-01   5.9745544e-01  -2.5343664e-01  -2.2773764e-01   3.4083030e-01  -2.3995080e-01   3.6338307e-01   9.2070214e-02   6.9406501e-02  -1.1283771e-01   1.0243329e-01  -9.2357124e-02   5.3051242e-02   5.7915737e-01  -1.5341943e-01   3.7262206e-01  -1.5936058e-01  -2.0297985e-02   1.7056458e-03  -1.7858240e-01  -8.1506742e-02  -4.1273830e-01   2.1896852e-01   1.6811298e-01   3.7520304e-01  -8.7337470e-02   3.9893567e-01   6.4352553e-02   4.2057761e-01  -1.7581527e-01   7.4692607e-01   1.2630088e-01   3.4652249e-02  -1.0851778e-01  -2.4326010e-01  -2.0682590e-01   3.4120237e-02   1.9241578e-01  -2.3846617e-01   3.3204901e-02   2.0858400e-01  -1.7897959e-01   1.5853883e-01  -1.9779472e-01  -1.6844311e-01   2.3626616e-01   1.7121301e-01   5.2868689e-02  -9.2457104e-02
   4.5865149e-02   5.9818148e-02  -1.1680131e-01   0.0000000e+00  -2.2978389e-01   2.2851710e-01   1.5035170e-01   1.8933968e-01   5.9954901e-02   2.5600360e-02   1.2407752e-01   4.5916260e-02  -8.6076088e-02   2.3330360e-01   8.2021061e-02   5.2610496e-01  -1.2628589e-01   3.3405065e-01   1.8308911e-01  -2.1388218e-01   8.6205968e-02   5.7490167e-01  -6.8010017e-02  -8.6794628e-02  -1.8365400e-01   3.0428064e-01  -2.0016078e-01  -1.6373090e-01   3.2984471e-02   4.3519472e-01   1.0796953e-01   6.6706351e-01   4.0882083e-01  -9.4108975e-02   5.0185777e-02  -1.2300748e-01  -6.0436719e-02  -2.6974127e-01   4.2312454e-01  -3.1413159e-01   3.8510925e-01   2.5969537e-01  -1.0607174e-01   2.2696661e-01   2.3422023e-01  -1.8884118e-01   2.9507877e-01  -1.1778610e-01   9.8701506e-02  -3.0973853e-01   4.3407629e-01   1.7399879e-01  -1.9121395e-01  -5.5961808e-02  -7.8145219e-02   1.1450294e-01   3.4406908e-01   5.4931921e-01   6.7635475e-01   5.1725013e-01   9.4409605e-02   1.4483847e-01   2.9426205e-01   2.1861788e-01   1.0283892e-01  -1.0976447e-01   4.2227762e-01   4.8314529e-02   5.3776878e-01  -1.6515045e-01  -3.2968857e-01   4.4095995e-01   2.0499730e-01   2.4035940e-02  -2.3880519e-01   4.6509248e-01  -3.0835791e-02   2.3934740e-01  -1.9143810e-01   2.1375456e-01  -4.5042006e-02   2.4806594e-01  -2.8995594e-01   3.6927490e-01  -2.8991452e-02   4.5211891e-01   2.6546668e-02  -2.6804132e-01   7.9703917e-02   1.1820899e-01  -2.0866951e-01   4.0593286e-03  -2.7188300e-01   3.7081828e-01  -1.6046490e-01  -3.8277907e-01   3.8693319e-01   1.2431963e-01   3.3165603e-01  -1.6435599e-01  -1.0571086e-01  -7.4649572e-03   3.7623306e-01   5.9351233e-01   4.8179613e-01   7.2068682e-01   1.0374060e-01   4.7528030e-01  -2.3825933e-01   2.2241903e-01  -4.4534532e-01   5.8932454e-01   4.6716022e-01  -1.7531115e-02  -2.8999349e-01  -3.6570876e-02   3.6377540e-01   1.5730693e-01  -1.4348142e-01   7.1468225e-01   9.0594437e-02  -3.5065673e-01  -1.2483677e-01  -1.0055486e-01  -1.1174801e-01   7.3789411e-02   1.6988336e-01   4.3374975e-03   6.0347979e-01  -2.5417982e-01   1.5657805e-01  -1.0498431e-01   1.4578341e-02  -1.5948855e-01   1.9930236e-01   2.8135135e-01   1.3816278e-01  -8.1292987e-02   4.1767946e-01  -1.6228229e-02  -3.3857111e-02  -1.3079621e-01   3.6570787e-01  -6.8503154e-02   2.2725104e-02   2.6980631e-01  -5.1059210e-01  -1.1700350e-01  -2.2867659e-02  -2.7105035e-01  -1.2047261e-01   1.3317995e-01  -3.7846362e-02  -1.5755461e-01  -2.3606867e-01  -2.3787065e-01   2.2063466e-02   5.2824891e-01   1.2377306e-02   1.9910616e-01   1.4591590e-01   3.7168842e-01  -2.1948890e-01   4.3359292e-01   6.4492685e-01  -1.6091427e-01  -6.0404599e-02   1.8803400e-01   4.8200303e-02  -1.9582459e-01  -3.6344525e-01  -4.7196904e-01   3.5308368e-01   2.0340259e-01  -1.3368423e-02   6.4756369e-02   6.8796185e-01
  -4.7159233e-01   4.1969795e-01   4.3652410e-01  -2.2978389e-01   0.0000000e+00  -1.2891699e-01  -4.1916786e-01  -2.1251224e-01   3.2881084e-01  -1.7016444e-01  -4.7032370e-02   3.2924951e-01  -6.1493153e-02  -2.7217642e-01  -3.5717146e-01  -2.0613429e-01   6.9473393e-01  -2.4070436e-01   3.8116557e-02   9.5136412e-01  -3.9481844e-01  -3.3175497e-01  -4.7305949e-01  -1.7937476e-01  -1.8817165e-02  -1.1381355e-01   6.4208144e-01  -2.8259087e-01   1.0135478e-01  -2.7590224e-01  -2.2074539e-01  -3.8840331e-01   1.3621786e-01  -2.9265815e-01  -1.7206171e-01   8.4862637e-01   1.1579008e-01  -2.7936089e-01  -1.3876392e-02   8.0141891e-01  -5.3795454e-02  -2.3411176e-01   4.4886312e-01  -8.5637617e-02   1.2648543e-01  -1.3302336e-01   1.3661899e-01   1.5287226e-01   3.4441527e-01   7.2169229e-01  -4.7418951e-01  -1.1753005e-01   6.4911881e-02   3.3459963e-01  -8.7905241e-02  -3.8340535e-01  -2.7453020e-01  -2.1848813e-01  -2.4522994e-01  -2.9703913e-01  -3.2249680e-02   3.5343407e-01  -2.7568022e-02   2.4790446e-01   2.7767162e-01  -2.7508107e-01  -5.8540070e-02   3.3551009e-01  -2.0503819e-01  -1.1187574e-01   5.2112127e-01  -3.4031883e-01   2.2743704e-02  -2.5752558e-01   4.9247588e-01  -1.6826948e-01  -1.1826916e-01   1.4532017e-01   8.7174546e-01   3.2321601e-01  -3.2126133e-01  -2.6793594e-01   3.0078857e-01  -1.3368244e-01  -2.5030927e-01  -3.4487764e-01  -1.7477161e-01  -3.8573934e-01   3.2074973e-01  -4.0499080e-01   8.3122594e-01   8.3475909e-02   3.6563999e-01  -1.9443316e-01  -3.1551863e-01   8.6501568e-01   7.4912065e-02   1.6955021e-01   4.3979143e-01  -3.8302559e-01  -1.5303293e-01  -4.3199111e-01  -2.9461907e-01  -3.4314866e-01  -4.6968549e-01  -2.2018874e-01   2.4234902e-01  -1.0627883e-01  -2.9130199e-02  -1.1838609e-01   8.1616333e-04  -3.4388796e-01  -3.1720387e-01  -2.3603711e-01  -2.9346050e-01   6.7145260e-01  -2.4269588e-02  -1.6379439e-01   4.2789439e-02  -4.1503627e-01  -3.4909454e-01   8.9320085e-01   5.0885823e-01   3.2873746e-01  -2.6858506e-01   1.4649707e-01  -5.0610316e-01   4.9720738e-01  -4.2746808e-01   5.7596053e-01   1.2576563e-01   1.4275259e-01   2.3698564e-01  -5.1886904e-02   2.3654441e-01   2.3397801e-02   2.0301968e-01  -2.3768995e-01  -2.1283597e-01  -4.2408106e-01  -2.4989834e-01   5.5847422e-01  -4.3319338e-01  -9.5531612e-02  -2.1273789e-01   2.0989097e-01   2.2866909e-01   3.5565479e-01  -1.1770933e-01   2.8049018e-02  -2.7018520e-01  -8.0844412e-02  -2.3646517e-01   6.2811711e-01   7.4528505e-01  -3.1169743e-01  -2.5314360e-01  -2.4600134e-01   2.7483071e-01  -2.5926408e-01   8.1658770e-02  -2.2325812e-01   3.0940932e-01  -3.6881567e-01  -8.0056560e-02   7.4446067e-01   2.0150200e-01   2.1169453e-02  -2.4330906e-01   5.4534438e-01   6.4731955e-01  -3.9583109e-01   2.4393693e-02  -8.4422366e-02  -7.3205895e-02   3.1559990e-01  -2.1716684e-01
  -1.5507765e-01  -3.4045227e-03   2.0674446e-01   2.2851710e-01  -1.2891699e-01   0.0000000e+00   6.0018594e-01  -2.1257226e-02  -3.1127858e-02   2.5295268e-01   1.0972030e-02   3.5778199e-01   7.1565167e-02   2.7459537e-01   1.3976274e-01   2.7312428e-01  -1.2487847e-02   4.6242232e-02   4.3456824e-01  -8.9456259e-02   2.9208416e-01   4.5106169e-01   3.4030630e-02  -3.2006690e-01  -1.8726104e-01   3.2728038e-01   7.8323247e-02   9.0891624e-02   2.8935617e-01   4.4208381e-01   4.1503191e-02   4.0479923e-01  -3.1850124e-02   4.6400120e-01  -7.5553726e-04  -5.6388500e-02   1.5825012e-01  -2.0338631e-02   2.7847184e-01  -1.8437468e-01   4.9599188e-02   8.1830830e-02   9.4809736e-02   2.1332057e-01   2.1317180e-01   2.0865232e-02   3.1725041e-01  -1.0887864e-02   8.4021631e-02  -2.5726338e-01   3.9953096e-01   4.6306839e-02   8.4678746e-02  -1.0057526e-02  -1.9986605e-02   2.5819456e-01   6.1233256e-01   4.2166736e-01   8.1442994e-02   3.7874619e-01   9.2442653e-02  -1.0104636e-01  -1.0639353e-01  -1.2416155e-01  -1.8845717e-01   2.8926273e-01   7.9778515e-01  -7.6890719e-02   3.5003050e-01   1.8958865e-01  -2.7637399e-01   4.1645463e-01  -2.4868519e-01   1.9424065e-01  -1.8065381e-01  -6.1113864e-02   5.4488378e-02   1.5134257e-01  -1.8797128e-01  -3.7276921e-01   8.5121078e-02  -1.2666614e-01  -2.9194424e-01   4.3508897e-01  -1.0085075e-02   7.3213077e-02  -8.3855937e-02  -7.7464032e-02  -3.4659574e-01   3.8890473e-02  -2.4059464e-01   1.0128566e-01   1.6885307e-01   2.8513763e-01  -9.2204436e-02  -6.2581628e-02  -1.5530298e-02   3.0645342e-01   1.0351472e-02  -1.3232359e-01   8.5393177e-02   1.5869096e-01   2.9120199e-01   5.6984709e-01   4.5397984e-01   1.7135008e-01   6.2957329e-02   4.3380290e-01   1.4246903e-01   4.0207880e-01  -7.0460996e-02   4.8871711e-01   3.0046289e-01  -8.4824509e-02  -7.7484852e-02  -3.6068003e-01   1.7867257e-01  -6.4276953e-02   2.4966645e-01   3.8064780e-01   9.3554205e-02  -1.7033068e-01  -2.1850772e-01  -2.9201966e-01  -3.9613862e-03   1.6603500e-01   3.6138256e-01  -2.4358370e-01   2.9287829e-01   5.0581329e-02  -1.7077941e-01  -1.5148929e-01  -2.2733976e-01  -1.6396492e-01   1.9112087e-01  -7.0596817e-02  -1.5590052e-01   1.9752649e-01   1.6322333e-01  -1.1228931e-01   1.0168222e-02  -2.1493466e-01   3.7188162e-01   4.6950062e-01   8.9631686e-03  -1.0782188e-01  -1.5549482e-01  -8.7737944e-05   4.6717159e-01  -2.6980063e-01  -4.1322644e-02   2.1012949e-01   8.7280514e-02  -2.8513007e-01  -8.4302998e-02  -2.3083281e-01   8.7788064e-02   1.2913819e-01  -1.5258876e-02   1.6131878e-01  -9.0320390e-02   1.9540131e-01  -2.1689377e-01   1.9633962e-01   3.0477231e-01  -1.0095178e-01   1.4004969e-02   2.7601132e-01   1.0799469e-01  -2.0071374e-01   6.2937181e-02  -1.2008707e-01   1.5403729e-01   6.0278557e-01   9.4396564e-02  -9.1440134e-02   4.0064609e-01
   1.5873185e-01  -1.8220532e-01  -1.8125345e-01   1.5035170e-01  -4.1916786e-01   6.0018594e-01   0.0000000e+00  -7.7880317e-02  -5.8398528e-02   5.1837712e-01   2.1367229e-01   2.9604156e-01   1.6313205e-01   1.7096113e-01   4.5465753e-01   1.0278754e-01  -3.1227112e-01   3.3451671e-01   1.6442909e-01  -4.4450350e-01   5.0485104e-01   3.4424851e-01   4.3398418e-01  -3.0316582e-01  -1.2885164e-01   1.0087275e-01  -1.9951284e-01   1.9306916e-01   1.1197269e-01   5.0446558e-01   2.5523804e-01   3.7721419e-01  -3.4020076e-01   7.6138280e-01   4.7293722e-01  -2.1604905e-01  -1.7221681e-02  -5.2420439e-02   6.3380403e-02  -4.1131933e-01   3.7437903e-02   9.4816676e-03   1.6041180e-01   5.3298617e-02   4.4574010e-01  -1.2070729e-01   2.4782762e-01   1.6254679e-01   3.4730329e-02  -4.7671060e-01   5.5591549e-01  -4.5982453e-02   1.6087670e-01  -2.8243155e-01   2.0130612e-01   3.5573466e-01   2.9824600e-01   2.7938781e-01   8.2080548e-02   5.6750001e-01  -1.8203728e-01   5.7303919e-02  -9.2192578e-02  -5.1703900e-02  -4.9175443e-02   6.6632478e-01   4.0027440e-01  -4.1502823e-02   1.7196391e-01   1.3987725e-01  -3.2278509e-01   4.8994919e-01  -1.0793494e-01   1.3674093e-01  -4.0496962e-01  -2.4446007e-02  -7.9747873e-02  -8.0959260e-02  -4.9035173e-01  -4.0476779e-01   2.7143498e-01   1.8710550e-01  -2.7295613e-01   1.7130893e-01  -3.8778998e-02   2.5044644e-01   1.7445946e-01   2.5267765e-01  -3.1930647e-01   2.1811522e-02  -5.6455885e-01  -2.0239027e-01   7.3687618e-02   4.7034147e-01  -1.4924384e-01  -3.6307068e-01  -1.0165339e-01  -1.0913998e-01  -5.4095006e-02   3.9842272e-01   8.0123688e-02   6.0015072e-01   2.4775634e-01   5.5918817e-01   6.1226429e-01   6.8723018e-02  -2.0905855e-01   1.1452165e-01   2.1146558e-01   2.9539569e-01   1.8605797e-01   5.0686170e-01   4.1160734e-01  -1.6729230e-01   1.0203653e-01  -5.1896425e-01  -1.9630923e-02   6.6507683e-02   5.7821259e-02   4.3057814e-01   3.9196093e-02  -4.2477411e-01  -3.4211356e-01  -1.0601881e-01  -7.1807561e-02   5.1165706e-02   7.1855429e-01  -3.3310698e-01   3.9227129e-01  -1.9521820e-01  -1.6447429e-01   2.5171278e-01  -3.6541073e-01   1.2640207e-01   1.1868494e-01  -1.4503654e-01  -2.0652114e-01   3.3922820e-01   1.8293424e-01  -1.6064914e-01  -4.2739187e-02  -4.1517583e-01   3.6655581e-01   3.0283783e-01   5.2337229e-01  -3.1123143e-02   6.3412622e-02  -9.7162021e-02   5.5453025e-01  -3.9534637e-02  -5.7008686e-03   1.3979515e-01  -1.0610313e-02  -3.6841193e-01  -3.4038419e-01  -2.0570747e-01  -7.5145469e-02   2.6695879e-01  -3.6992343e-01   2.0354475e-01  -1.4129135e-02   1.2828702e-01  -1.6529027e-01   3.4634817e-01   1.1870316e-01  -1.7656845e-01   2.2569937e-01  -1.1516006e-01  -5.6174761e-02  -3.4442420e-01  -3.0040009e-02   1.4725968e-01   3.1579892e-01   2.8814199e-01   8.4586947e-02  -3.2352997e-01   1.7423459e-01
   1.1077598e-01   1.4104007e-01   2.1646894e-02   1.8933968e-01  -2.1251224e-01  -2.1257226e-02  -7.7880317e-02   0.0000000e+00  -3.1799142e-02  -2.3882784e-01   1.0134363e-02  -6.3836917e-02  -4.2921395e-01  -1.0731086e-01  -6.3339639e-02   1.4169957e-01  -9.2782785e-02  -1.7981656e-01   3.1916537e-01  -2.0140544e-01  -3.4542483e-01   2.8451775e-02  -1.8414568e-01   2.0598667e-01  -1.2848839e-01   4.8545083e-01  -1.6634568e-01   7.1021878e-02  -1.8373151e-01  -1.8764282e-01  -1.6890163e-01   5.1655044e-02   1.1404472e-01  -1.1053919e-02  -8.8323475e-02  -1.2619964e-01  -1.7213078e-01   1.6765921e-02  -4.0910098e-02  -1.6888740e-01  -2.7159524e-01   1.9942879e-01   4.0999056e-02   1.9002981e-01  -1.8079029e-01   1.6058822e-01  -5.8888329e-02   3.9361382e-02  -3.8707358e-02  -7.8441386e-02  -1.6128006e-01   9.0784384e-01  -6.1764640e-02   6.2108144e-02  -1.5880921e-01  -1.4675068e-01   1.0062956e-01   4.4226308e-02   1.3772719e-03  -1.0037474e-01   1.3617212e-01  -2.4497942e-01   8.2609953e-02   9.2912928e-02   5.5634628e-02  -1.2718599e-01   7.1046689e-02  -1.5606429e-01   2.2681753e-01  -8.1188356e-02  -7.5633649e-02  -3.3417765e-01  -1.5689159e-01   8.6768046e-02  -1.3182387e-01   2.6595063e-01   7.4505517e-02   4.9866124e-03  -4.7008202e-02   1.1698685e-01   2.2324647e-01  -2.3020219e-01   8.4687532e-02   3.1584918e-01   1.4091667e-01   1.9158579e-01   8.9167539e-02  -1.5342607e-01   1.2132913e-01   1.1454199e-01  -2.7479369e-02   9.0515356e-02  -1.6396997e-01  -5.7842055e-02   1.3425616e-01  -1.9707472e-01   1.1120293e-01   3.6100660e-01  -1.0338390e-01   2.1350471e-02  -6.4348715e-02   4.4480901e-02   2.6636658e-01  -7.2318674e-02  -1.1049950e-01   3.2394568e-01  -8.8663993e-02   2.8946203e-01  -3.2493116e-01  -1.3200024e-01   6.3370413e-02  -1.4678102e-01  -7.5059078e-03   3.0715641e-01  -1.2125814e-01   7.7959081e-02   1.7944461e-01  -2.8715387e-01   5.2801046e-02  -2.6713125e-02   9.4470641e-02  -1.0822004e-01  -2.8666125e-02  -9.3463885e-02   1.7248882e-01  -1.6528816e-01  -1.0846720e-01  -8.0441774e-02  -2.9406658e-03  -8.9418784e-02  -1.9031062e-01   3.4886771e-02   2.0074337e-01  -6.5390517e-02  -2.2862558e-01   6.9432558e-01  -1.2849915e-01  -9.3531384e-02   4.7030725e-01   2.3699276e-01   2.8405078e-01   1.9457739e-02  -8.7058288e-02  -1.9950458e-01  -3.8538681e-02  -3.9250023e-02   2.3973772e-02  -1.4679585e-01  -1.6564471e-01   5.0972791e-02   6.1782778e-02   3.6133423e-01   1.1058202e-01  -2.3821842e-02  -6.1937399e-02   1.1356083e-01   2.1514804e-01  -1.3313577e-01   7.8065758e-02   3.9564232e-01  -3.6591178e-01   1.3189368e-02   1.0605519e-01  -2.0962602e-01   3.3022300e-01  -1.4172847e-01   1.4248380e-02   8.2147015e-02   1.5235413e-01  -5.0761994e-02  -4.1086030e-03  -2.4478386e-01  -2.3523832e-01   8.4633794e-02  -1.4023830e-01  -5.9545247e-02   3.3515863e-01
  -9.5050423e-03   8.3326940e-02   2.7092390e-01   5.9954901e-02   3.2881084e-01  -3.1127858e-02  -5.8398528e-02  -3.1799142e-02   0.0000000e+00   2.3648338e-01  -1.1429567e-01   1.9768503e-01   5.8434664e-02  -2.5860419e-01  -1.1669753e-01  -2.0249351e-01   2.1974376e-01   1.2720002e-01   4.3290332e-02   4.0007020e-01  -1.9178975e-01   2.0651587e-01  -2.3900945e-01  -2.5725385e-01   1.2047639e-01   4.8666599e-02   4.0249553e-01  -3.0242384e-01   7.2323638e-02   2.0366464e-01  -2.6873585e-01  -1.4050719e-01   2.8092031e-02  -3.2839591e-02   2.0662002e-01   2.7833353e-01   2.9021384e-01  -1.9470029e-01  -1.1217141e-01   3.2032237e-01  -1.6407357e-01  -4.3280510e-02   5.5563995e-01  -1.5924101e-01   3.7373277e-01   4.1590630e-02  -3.5156355e-03   6.8709209e-02   3.8095973e-01   1.6222316e-01  -6.8313066e-02  -2.1071950e-02  -1.4325387e-01  -3.0742368e-02   1.2322088e-01  -3.3718686e-01  -9.2795460e-02   2.1324808e-01  -2.2295705e-01   2.5951126e-01  -1.6165328e-02   5.4075519e-01   4.7545091e-01   1.8821913e-01   3.4791776e-01   6.1190828e-02  -1.0085279e-01   2.9732905e-01  -1.3892654e-01   1.3055821e-01  -6.1020281e-02   9.3514576e-02  -1.0781550e-01  -2.2584652e-01   8.8896330e-02  -1.0869883e-01  -2.7733615e-02  -2.6272015e-02   2.4438833e-01  -7.3861109e-02  -2.6763907e-01  -1.5248561e-01  -2.0191372e-01   3.7408128e-03  -2.5032808e-01  -2.1247277e-01   1.3443397e-01  -1.6520818e-01   2.6972640e-01  -2.5861589e-01   2.2975638e-01   9.6266668e-02   1.4851892e-01   4.4500657e-01  -3.4317463e-01   2.1595931e-01  -4.5200678e-02   6.5632598e-02   3.8191309e-01  -1.6053003e-01  -3.5305082e-01  -1.4805082e-01  -1.9769658e-01   1.9318551e-01   2.1154547e-02  -5.5036033e-02  -5.5673657e-02   2.3546797e-02   2.1523709e-02   7.3507531e-02  -1.9135442e-01  -4.8584467e-02   2.7621673e-02  -2.4904216e-01  -2.7573748e-01   2.1498222e-01   1.8408013e-02  -1.1169698e-01  -3.6045697e-01  -1.4499909e-01  -1.4343464e-01   2.6055766e-01   2.9310240e-01   2.6960698e-01  -2.0910498e-01  -7.0675025e-02   4.5664329e-02   3.5728909e-02   1.4120079e-01   2.5283360e-01  -6.8117881e-02   9.6189506e-02  -1.1880332e-01  -1.9144539e-01   4.3040986e-01   8.0110261e-02  -6.5478116e-02  -3.8119088e-01  -1.2392900e-01  -4.0174297e-01  -1.2501021e-01   3.1444619e-01  -1.4532052e-01  -2.1822635e-01  -6.4306476e-03   9.4287258e-02  -8.5728017e-02   2.5423055e-01   1.3572066e-02  -1.8949214e-01  -2.8336835e-01  -9.3471527e-02  -7.1447048e-02   1.6078155e-01   2.2004667e-01  -1.8333485e-01  -1.4566258e-01  -1.9155602e-01   7.7970773e-02  -1.4833146e-01   2.8288675e-01  -9.7304492e-02   6.0805248e-02   3.4030114e-02   1.3222201e-01   3.3544123e-01   3.4779815e-02   5.5792692e-02  -1.3930298e-01   7.5538580e-03   2.5761352e-01  -1.0326022e-01   3.1932220e-01  -4.4400507e-02  -5.5651034e-02  -1.2947036e-01  -2.3959679e-02
   1.3350703e-01  -2.7791560e-01  -1.8943975e-01   2.5600360e-02  -1.7016444e-01   2.5295268e-01   5.1837712e-01  -2.3882784e-01   2.3648338e-01   0.0000000e+00   2.9124545e-01   1.1272112e-01   4.2355336e-01  -1.6297298e-01   1.3562726e-01  -1.3419237e-01  -2.9004815e-01   3.7692034e-01  -1.3085644e-01  -2.0273536e-01   3.3615314e-01   2.2328910e-01   3.7546367e-01  -2.7538458e-01  -4.7730306e-02  -1.5159085e-01   6.2291738e-02  -8.2188945e-02   1.5453513e-01   4.3405109e-01  -4.3843643e-02   1.8363491e-01  -3.0420521e-01   5.6458700e-01   3.3054602e-01   2.7112269e-03   2.8025713e-01  -1.0028162e-01  -4.9144282e-02  -7.0375303e-02   2.1044113e-01  -1.4477630e-01   2.2867568e-01  -8.7727559e-02   4.4325705e-01  -1.3626349e-01   2.3559146e-01   1.1418060e-01   1.4006285e-01  -3.0636963e-01   4.3546251e-01  -3.4607314e-01   1.3456087e-01  -3.4794988e-01   6.9495539e-02   5.5026082e-02   8.1387070e-02   1.7827020e-01   9.0637648e-02   5.4153244e-01  -2.8155436e-01   1.4048025e-01   8.7305121e-02  -8.1284179e-02   1.3324734e-01   7.4238449e-01   7.1229294e-02   1.3804617e-01   1.3501073e-02   1.2196333e-01  -1.1783054e-01   3.7433145e-01   1.5400802e-01  -2.0770959e-01  -1.4575577e-01  -9.2992618e-02  -1.7030904e-01  -7.2625653e-03  -2.9417929e-01  -1.5717249e-01   3.5062001e-02   3.7296065e-01  -1.3664915e-01   1.1391866e-02  -3.2586392e-01  -6.6224938e-02   2.3474119e-01   1.5989101e-01  -1.1979228e-01  -2.2849849e-01  -2.8317083e-01  -1.8278636e-01   1.2058877e-01   4.7964948e-01  -2.5599342e-01  -1.2406527e-01  -1.5916054e-01  -1.5533985e-01   1.2494559e-01   5.3241801e-01  -2.7893392e-01   3.4807050e-01  -1.0106862e-01   3.0287192e-01   4.0922440e-01  -1.3514977e-01  -4.2389676e-01   4.4360361e-02   3.2515629e-01   3.8047078e-01   1.6087866e-01   2.4441880e-01   3.0712525e-01  -3.6332309e-01   4.0314088e-02  -2.2715308e-01  -1.0149274e-01   3.5612448e-01  -3.3495882e-01   2.0940105e-01  -1.0899652e-01  -2.1917221e-01  -1.2179707e-01   1.8114989e-02  -2.4871599e-01  -2.1842397e-01   5.2337420e-01  -1.4525833e-01   3.3954028e-01  -7.4749850e-02   1.7216767e-01   3.6118761e-01  -5.1465129e-01   8.0654823e-02   2.4540907e-01  -2.2824400e-01  -1.7118697e-02   9.0326517e-02  -7.9412076e-02  -2.4776588e-01  -2.2626414e-01  -2.5319519e-01   2.5745145e-01  -6.2364461e-02   3.6479947e-01  -2.2943011e-02   1.5889765e-01   2.7966108e-01   5.4392038e-01   2.1129425e-01  -2.5035032e-01  -1.0558394e-01  -1.3278506e-01  -1.9581591e-01  -2.3987071e-01  -2.1778637e-01  -2.3893560e-01   1.9769248e-01  -3.5348908e-01  -1.8760229e-01   1.7697627e-01   1.6215790e-01   1.7681137e-01   3.7186444e-01  -6.3335563e-03  -3.3030575e-02   1.3450346e-01  -1.5301979e-01  -1.8541624e-01  -1.3264334e-01   2.5632998e-02   1.9976641e-01   3.7221283e-01  -5.8428132e-02   5.8222226e-02  -2.1334360e-01   6.6252064e-02
   1.9456492e-01  -2.4620532e-01  -2.6118494e-01   1.2407752e-01  -4.7032370e-02   1.0972030e-02   2.1367229e-01   1.0134363e-02  -1.1429567e-01   2.9124545e-01   0.0000000e+00  -8.9195907e-02   1.8365856e-01  -2.1051604e-01   4.4289033e-01   1.0136921e-01  -3.4001110e-01   6.7974410e-01   9.3645760e-02  -5.7223584e-02   2.6660383e-01  -8.3410121e-03   4.5703562e-01  -2.9112996e-01  -2.2653113e-01  -1.0646229e-01  -6.7456587e-02   1.8062645e-01  -7.0775896e-02   1.6264584e-01   4.7873973e-01   2.0860311e-01  -4.4351006e-02   2.3798919e-01   3.5434514e-01   2.4952872e-01  -1.5770701e-01  -3.8892319e-02   1.6576885e-01  -2.4755980e-01   3.0145455e-01   1.3247776e-01  -7.3862542e-02   2.7671011e-01   5.1311335e-01  -1.1350470e-01   6.8425056e-01  -6.7768297e-02   2.8332150e-01  -3.1780586e-01   5.5383625e-01  -1.4364577e-01   5.9757749e-02  -3.1615203e-01   2.0393101e-02   3.9096800e-01   2.0671943e-01   7.3369611e-02   3.9170540e-01   3.5405576e-01   6.1406089e-04   2.2295268e-01   5.0884894e-02   3.0842297e-01   3.1427437e-01   2.3946595e-01  -8.9004781e-02   5.2080951e-02   4.0240657e-01  -1.1172898e-01  -1.8076641e-01   2.8420275e-01   2.7020445e-01   3.2292212e-02  -1.6009255e-01  -1.4536483e-01   6.4852129e-02   2.3414742e-01  -8.4804613e-02   1.3092812e-01   1.0337952e-01   4.0290671e-01  -1.0276378e-01  -9.5338537e-02   4.0902851e-02   2.1525367e-03   1.1113719e-01   1.4519183e-02   9.1414329e-02   5.2540714e-03  -1.8909347e-01  -9.6783889e-02  -1.4672594e-01   3.9130752e-01  -6.5347418e-03  -1.9809877e-01   3.5270444e-02  -1.1948429e-01   2.7557972e-01   3.4042146e-01   3.1338131e-02   5.9321211e-01  -6.7230790e-02   9.1852764e-02   3.3662250e-01  -6.4722573e-02  -1.8856263e-01   1.1634342e-01   1.9313688e-01   3.2099278e-01  -2.2500498e-02   2.4294525e-01   1.7378388e-01  -8.9520045e-02   1.9635060e-01  -5.0029034e-02   8.8301714e-02   2.6843165e-01  -1.0535984e-01   2.6802402e-01   1.1043531e-01  -2.0809702e-01  -3.1792813e-01   3.9639984e-01  -2.5906546e-02  -3.6997609e-01   4.3895102e-01   2.3058465e-02   3.1711269e-01  -1.9360936e-01   3.2158282e-01   4.9514503e-01  -2.5525290e-01   4.8482913e-01   1.3049844e-02  -8.0892522e-02   3.2839068e-02   1.8232169e-01  -1.1070756e-01  -7.9787836e-02  -4.5081497e-02  -2.3996950e-01   5.0455703e-01  -2.3162740e-01   6.0078996e-01   3.4807346e-01  -7.0828921e-02   1.4464334e-01   3.2834785e-01   2.0486794e-01   8.5721290e-02  -1.7021178e-01   2.7171505e-02   1.4627504e-01  -4.0667263e-01  -1.6540750e-01  -1.3227160e-01   4.5150349e-01  -1.7700462e-01   1.1931649e-01   7.9517227e-02   5.3785940e-01   1.2180896e-01   4.1073284e-01  -1.1799602e-01  -6.6205610e-02   2.5068862e-01  -1.3551108e-01   3.0928185e-02  -8.9363895e-02  -1.6664061e-01  -7.6397678e-03   5.5149366e-01  -4.9999436e-02  -7.2493082e-02   1.1960449e-01   7.6367569e-02
  -4.0954403e-01   3.8755222e-01   4.8781871e-01   4.5916260e-02   3.2924951e-01   3.5778199e-01   2.9604156e-01  -6.3836917e-02   1.9768503e-01   1.1272112e-01  -8.9195907e-02   0.0000000e+00   1.5120160e-01   9.4626874e-02   8.0764028e-02   1.1303667e-01   5.3410397e-01  -5.2373356e-02   3.3654261e-01   2.9834976e-01  -1.8296189e-01   1.9271143e-01  -3.0287043e-01  -2.7698168e-01   5.4663901e-02   3.8762654e-01   2.3832327e-01   1.0983147e-01   1.5851647e-01   1.3282415e-01   9.7115756e-02   3.0255782e-01  -2.8117852e-02   2.0680681e-01   2.7666033e-01   1.7938479e-01   5.6946809e-02  -5.0498850e-01   1.7330875e-01   2.7751709e-01   1.1066455e-01  -1.7652281e-01   5.8035611e-01   1.0693400e-01   6.3177674e-02  -1.0644627e-01  -4.9552812e-02   1.3612996e-01  -9.9110705e-03   2.4140899e-01   4.0477227e-02   6.6907807e-02  -2.2318424e-01   2.9308826e-01   1.0025590e-01   3.1659058e-02   1.9025857e-01   2.5813958e-01   5.8821139e-02   3.1921896e-01  -6.2691821e-02   1.3966040e-01   1.6847914e-01   3.1632156e-01   6.4552210e-02   3.2146534e-02   2.0939791e-01   3.5582587e-01   1.7193864e-01   9.7212397e-02   1.6929845e-01   5.6616276e-03  -1.2719945e-02  -1.8624334e-02   1.7946624e-01   7.0792558e-02  -1.0336573e-01   1.0194270e-01   3.2529477e-01  -9.0334283e-02   2.7705591e-01  -1.0475581e-01  -6.9418310e-02   3.1407842e-01  -1.5147076e-01   1.4310721e-01  -2.0059227e-01  -6.2577674e-02   1.8150574e-01  -2.3404311e-01   1.7079414e-01   1.5773372e-01   3.5097041e-01   2.7377663e-01  -4.9334179e-01   2.8861645e-01   5.0339464e-02   2.8068039e-01   2.5846044e-01  -1.0402551e-01  -5.0248503e-02   9.2839902e-03   2.3010624e-01   1.5990949e-01   3.1941173e-02   2.8292385e-01   3.0474498e-01   2.0406741e-01  -2.1551002e-01  -1.2117659e-01  -1.7464938e-02   2.8979273e-01  -1.4124309e-01  -3.1194151e-01  -1.3717719e-01   1.5693102e-01   2.0393191e-01  -1.6579615e-01   8.8059871e-02   1.1848444e-01  -1.6090384e-01   3.1572008e-01   4.0675486e-01   1.4842196e-01  -2.2550551e-01   5.2703186e-01  -5.7093883e-02   2.3360120e-01  -1.5988950e-01   4.8755514e-01  -1.2848182e-01   9.7785383e-02   2.2105272e-01   5.7441140e-02   5.6474411e-01   1.1144007e-01  -4.1590971e-02   1.4972845e-01   3.0665691e-01  -5.7536573e-01  -1.9097901e-01   3.0217980e-01  -1.0132095e-01   1.8605864e-01   1.6271540e-01   3.8072616e-01   2.2195522e-01  -2.1769141e-02   1.2254899e-01  -1.1790416e-01  -1.5658991e-01   3.8730320e-01  -4.5469626e-02   7.3425598e-02   4.7139464e-01  -4.5239533e-01  -1.4410921e-01   1.3936752e-01   1.4081952e-01   2.6198063e-01   1.7075302e-01  -1.5081142e-02   4.4109354e-02  -1.3830296e-01   4.0512882e-01   4.2163964e-01   2.2068575e-01   1.0275730e-01  -1.8244352e-01  -2.7209165e-02   3.7637769e-01  -3.8079261e-01  -5.8752564e-02   1.7104379e-01   1.1980766e-01  -1.2557518e-01   2.9408365e-01
   3.3651959e-02  -4.1912409e-01   1.4708327e-01  -8.6076088e-02  -6.1493153e-02   7.1565167e-02   1.6313205e-01  -4.2921395e-01   5.8434664e-02   4.2355336e-01   1.8365856e-01   1.5120160e-01   0.0000000e+00   2.9195934e-02   3.1643897e-01  -5.5861039e-02  -2.1923374e-02   3.4147910e-01  -1.8027478e-01  -1.1051177e-02   2.6028811e-01   2.0209249e-01   3.5634736e-01  -1.6618276e-01   2.1366935e-01  -3.2319726e-01   8.9705713e-02   1.5982157e-01   3.9577382e-01   1.4803747e-01   2.1961196e-01   1.1635538e-01  -5.9897124e-02   1.4672110e-01   1.5474420e-01  -5.3259119e-02   1.9721296e-01   6.9598924e-02   1.1897688e-01  -4.5328614e-02   6.3992074e-01  -2.9240534e-03  -4.9909064e-02  -9.6189008e-03   1.3361945e-01   5.2898277e-02   1.7713637e-01  -2.4069798e-01   4.0196095e-02  -5.7505631e-02   3.8373497e-01  -5.2649048e-01  -3.0189674e-01  -1.2457117e-01   2.2830404e-01   2.5530300e-01   5.3985752e-02   2.1482369e-01   1.5974308e-01   3.2384641e-01  -6.8077298e-02   1.9888338e-01   3.3482270e-02  -2.7988802e-01  -1.6300727e-01   2.4021672e-01  -1.4334753e-01   5.1578236e-02   7.2703905e-02   3.7849650e-01  -1.7409528e-01   4.3526980e-01   2.3592281e-01   8.1903790e-02   5.8022577e-02  -1.4691702e-01   6.2577308e-02   2.9662540e-02  -2.3483602e-01  -2.5542418e-01   8.9964814e-02   4.1748472e-01  -2.6667829e-01  -9.9806171e-02  -1.8958202e-02  -9.2102613e-02  -2.1673555e-01   3.6609804e-01  -1.1503679e-01  -7.1070586e-02  -3.2661709e-01   4.9785289e-02   3.9887169e-02   2.5431738e-01  -9.0033248e-02  -6.8162220e-02   4.3622874e-02  -2.3177366e-01   1.2495529e-01   2.1996276e-01   1.2186463e-01   2.1640964e-01  -3.3269604e-02   1.4462137e-01   2.3942209e-01  -1.4423935e-01  -1.4966932e-01  -1.2575762e-01   2.2325635e-01   1.0581240e-01  -6.2639925e-02   2.5379845e-01   4.3050027e-02  -2.2440021e-01   3.7692360e-01  -3.8093492e-01  -1.0852461e-01   5.4628521e-01  -8.5791296e-03   1.9387475e-01   4.1372368e-02  -1.8048293e-01   1.2030263e-01  -4.6526444e-02  -2.7692223e-03   7.1601676e-02   2.5381317e-01  -3.5493233e-02   1.5508713e-01   1.2407934e-01   3.7069089e-01   4.8751773e-02  -1.9363195e-01   8.0790932e-02   2.8902718e-01  -3.9758614e-01   1.0914413e-01   2.5039863e-01  -2.2775837e-01  -2.0237805e-01  -1.5470398e-01   1.9049394e-01   2.8589107e-01   2.5777644e-01   3.0973907e-01  -5.1532500e-02   1.1845492e-01   3.3050547e-02   2.9689714e-01  -1.3417126e-01   7.3462161e-02  -1.0647510e-01   3.2214404e-02  -3.1970739e-01  -1.1638610e-01   1.8918830e-02  -1.2451131e-01   3.4184469e-01  -1.3069198e-01  -4.8622817e-02   2.4029967e-01   1.8483873e-01  -1.5699873e-01   2.9926630e-01  -1.7318854e-01  -1.1006965e-01  -1.0234028e-01  -1.0129123e-01  -1.1382932e-01  -3.1748353e-01  -2.1543634e-01   2.2564572e-01   1.4982906e-01   4.4524431e-02   3.1097729e-01  -1.9218312e-01  -9.9451144e-02
   1.8268939e-01  -6.9422323e-02   9.8820618e-02   2.3330360e-01  -2.7217642e-01   2.7459537e-01   1.7096113e-01  -1.0731086e-01  -2.5860419e-01  -1.6297298e-01  -2.1051604e-01   9.4626874e-02   2.9195934e-02   0.0000000e+00   1.7674182e-01   2.4356899e-01   2.5037700e-02   2.9070102e-02   2.0983539e-01  -2.8828256e-01   4.3309047e-01   3.0686735e-01   1.3224475e-01   4.1012663e-01  -4.3684760e-02   1.2767777e-01  -3.6287034e-01   2.6865688e-01   3.2827869e-02   2.0202515e-01   3.2140110e-01   2.8324827e-01   1.0815553e-01  -9.2278122e-02   4.2957651e-02  -4.7779083e-01   3.3020650e-02   2.6369254e-02   1.1857015e-01  -3.9752895e-01   1.4540189e-01   1.1477669e-01  -3.0877741e-01   2.0789109e-01  -1.6850941e-01   1.7250088e-01  -1.7730256e-01  -2.2569572e-01  -1.2609244e-01  -2.4449955e-01   2.6498869e-01  -3.0362755e-03  -2.0967857e-01   3.1244262e-01   2.6214379e-01   2.8675228e-01   3.0555661e-01   1.7481557e-01   5.2229599e-02   1.1327381e-01   1.9314075e-01  -2.0827914e-04  -1.0772239e-01  -1.3576929e-01  -3.4034296e-01  -1.8449357e-01   3.4329822e-01   4.0814471e-02   1.3608314e-01   1.6973873e-01  -2.7843946e-01   3.0399823e-01  -1.5801199e-01   3.9138609e-01  -6.6955257e-02   1.1817653e-01   1.1598097e-01  -1.0294783e-01  -3.6002619e-01  -2.2943274e-01   1.4805250e-01   6.1358073e-03  -2.2153225e-01   1.9838893e-01   3.9182368e-01   2.9454641e-01  -2.3811959e-02   3.3663578e-01  -2.3619004e-01   5.1160870e-01  -3.0045332e-01   1.2596750e-01  -2.7885175e-01  -2.3485085e-03   1.1220177e-01  -2.6727459e-01   1.6999012e-01   8.0042666e-02  -1.5617826e-01  -1.7209974e-01   5.8567918e-01  -5.7298113e-02   5.4801903e-01   3.9522439e-01   2.1734357e-01   2.4931087e-01   3.0740813e-01   7.1239608e-02   7.3160909e-02   9.3225897e-02  -3.7284761e-01   4.2966159e-01   2.9424271e-01   3.1958878e-01   2.1431347e-01  -3.9224600e-01   1.2278079e-01   5.2156886e-02   4.3870031e-01   3.9751703e-01   2.6641478e-01  -3.8656823e-01  -2.9974442e-01  -1.9821735e-01   2.6955405e-01   6.3903202e-01   1.5080409e-01  -8.1594382e-02   2.1554981e-01  -1.4311766e-01  -1.9787159e-01  -4.3695066e-01   3.7620924e-01   3.1898316e-02   6.3651461e-02  -4.2715990e-02  -1.0663296e-01   3.7200685e-01   1.8051538e-01   2.7947704e-01   3.4670966e-01   6.2163885e-02   1.0762052e-01   4.7416413e-01  -1.0758804e-01  -1.0852102e-01  -3.8166662e-01  -1.7066139e-01  -5.7267518e-02  -2.8246198e-01   3.3465944e-01   3.2388027e-01   2.3511110e-01  -3.2733010e-01  -2.3489256e-01   1.3273188e-01   3.4424425e-01   1.3719594e-01   1.8812685e-01   3.0567393e-01  -1.8723237e-02  -2.3829942e-02  -2.6640644e-01   4.6943563e-02   2.4343941e-01  -4.1290019e-01  -4.0067508e-01   2.7347450e-01   3.0263439e-01  -2.8306349e-01  -4.6810871e-01  -2.4443720e-01  -8.3002151e-02   3.4715614e-01  -2.2267036e-01  -5.3564465e-02   1.7157064e-01
