   0.0000000e+00  -3.4502095e-01  -6.3225448e-02   5.7625888e-02  -3.7107889e-01   3.4567978e-02  -1.2012633e-01   4.2867513e-02  -2.9378509e-01  -2.9697630e-01   2.2804973e-01  -2.4450200e-01  -2.7748172e-01   4.6470703e-01   1.9878535e-01  -6.9143406e-02  -2.7161805e-01   3.2200589e-01  -2.8616046e-01  -3.5523781e-01  -1.0715265e-01   2.3212927e-01   5.6530197e-02   3.3242110e-01  -1.1466619e-01   2.1683091e-01  -1.7914060e-01   6.6121866e-02  -6.2896082e-03   1.9206068e-01  -3.6596944e-02   1.8318456e-01  -1.4079712e-01   1.1156781e-01   2.1110562e-01  -1.6885041e-01  -2.7589324e-02   4.0554170e-01  -1.6334742e-01  -4.7086781e-01   1.3823497e-02  -2.6349216e-01  -1.0255404e-01  -4.9240182e-02   2.4762460e-01   6.9937136e-01   1.0674254e-01  -2.5978930e-01  -1.1983174e-01  -4.4748528e-01   3.5693190e-01  -9.1814071e-03  -2.1850732e-01  -2.0366932e-01   1.0792848e-01   2.3929907e-01  -2.5490370e-01   3.6402951e-01   2.8359779e-01   1.5648615e-02   3.7998364e-01  -4.0853190e-01  -3.1507904e-01   9.7280378e-03   1.5470364e-01   1.5662397e-01  -3.2744433e-02  -1.1883915e-01   2.8946989e-01   5.0126762e-01  -4.8339911e-01   1.9011745e-01  -6.4578241e-02   6.5898558e-01  -2.1644380e-01   1.2228965e-01   6.0341755e-01   7.6081911e-02  -4.7835732e-01  -1.5822459e-01  -3.7042169e-02   6.6099425e-02  -2.6026893e-01   2.5118303e-01   7.7397920e-01   1.6559161e-01  -1.5617895e-01   3.5067908e-01  -1.2995195e-01   9.5279696e-01  -4.0094572e-01   1.5022274e-01  -3.1994688e-01   8.8295551e-02   5.7380390e-01  -4.5329629e-01  -2.8315699e-01  -2.5832261e-01   2.0536748e-02   3.0513893e-01   2.4709851e-01   4.7445583e-01   1.4665155e-01  -1.7719280e-02   4.1088268e-01   1.0887228e-01  -3.0002086e-01   1.1821328e-01  -1.0861948e-01  -1.4617821e-01  -2.3117876e-01   4.6365137e-01   9.5862442e-02   8.7001107e-01   8.3569415e-02  -2.8149220e-01  -1.9692593e-01  -1.9463689e-02  -1.2224528e-01   2.1814558e-01   4.7966755e-01  -4.5584562e-01  -9.9552755e-02   4.3965032e-03   8.4886517e-01   4.1738578e-01   3.0182891e-01  -4.0859163e-01  -3.3840010e-02  -8.5850411e-02  -1.5005722e-01   1.1622080e-01   4.5348022e-01  -1.8436103e-01  -1.0429693e-01   2.1427688e-01  -3.7415691e-01  -1.1415314e-01   2.4193624e-01   4.7690153e-01   7.2004114e-01  -2.3798370e-01   3.5251545e-01  -2.8819059e-01   3.9701013e-01   1.2013224e-01  -3.9376290e-01   1.4768748e-01   2.7016299e-01  -1.5610414e-03   8.2401084e-01   5.2262254e-02   5.6097240e-01  -7.8945955e-02  -4.2536182e-01   4.9358627e-01   6.4438219e-01   3.1314376e-01  -1.1897205e-01   2.8101753e-01  -1.1058889e-01   1.2318156e-02  -3.4970934e-01   1.8793707e-01   3.3892151e-01  -1.4065158e-01   1.7272862e-01   3.6072485e-01   6.8570390e-01  -4.3179653e-01  -3.6649413e-01  -7.5606010e-02   1.1115989e-01   1.4055528e-01  -1.3453178e-01  -1.9150682e-01   1.4699806e-01
  -3.4502095e-01   0.0000000e+00   5.1337610e-01  -1.5958429e-01   4.9757006e-01  -2.2965417e-01   3.6944317e-01   3.9459157e-02   4.7761236e-01   4.4649356e-01  -4.8594799e-01   7.2644531e-01  -1.4287983e-01  -5.5603495e-01  -3.7566927e-01  -2.1392489e-01   6.7491583e-01  -4.7024425e-01   2.8305699e-01   4.8992733e-01  -3.1978237e-01  -4.5094590e-01  -4.8595454e-01  -3.9549572e-01  -3.5319307e-02  -1.6962336e-01   5.6582303e-02  -4.5229354e-01   1.9798387e-01  -6.3076323e-02  -6.4978904e-02  -3.6658916e-01   9.0252891e-02   8.4922980e-02  -1.3359956e-01   7.6170005e-02   1.3544056e-01   1.7673330e-01  -7.1146478e-02   6.3023433e-01  -1.3305217e-01   4.8878851e-02   4.2731976e-01  -3.5043761e-02  -1.9718767e-01  -3.6535226e-01  -4.0095745e-01   7.2863153e-01   2.6983598e-01   6.8362657e-01  -6.2056084e-01   1.0920252e-01   7.6390474e-01   2.7696596e-01  -3.3221579e-01  -5.0898750e-01   5.3816695e-02  -4.1937791e-01  -3.1037093e-01  -1.1164854e-01  -1.6400085e-01   2.8884978e-01   7.7964359e-01   3.6929393e-01   4.1470912e-01  -1.5930559e-01  -1.7720606e-01  -2.3770287e-02  -5.1636717e-01  -1.8571001e-01   7.8497277e-01  -3.2195490e-01   1.4594750e-01  -4.4411699e-01   2.7074093e-01  -2.7489285e-01  -2.9595059e-01  -3.9756634e-01   7.5913697e-01   1.9086401e-01  -4.0133399e-01  -3.4229574e-02   4.0249657e-01  -3.6257312e-01  -2.9041379e-01  -4.7526552e-01   4.4965668e-01  -3.3896549e-01   2.6091971e-01  -3.5325566e-01   6.2047123e-01   2.2884808e-01   3.5417708e-01  -2.0311686e-01  -2.4527653e-01   5.4844319e-01   7.0286601e-02   2.6277749e-01   4.3541421e-02  -6.2036330e-01  -3.4479694e-01   5.4212115e-03  -5.5627064e-01  -1.1113897e-03  -6.5697175e-01  -3.4970303e-01   3.1846403e-01  -1.3238793e-01  -4.0878538e-02  -1.7318722e-01   3.3725860e-01  -4.1779389e-01  -1.8982412e-01  -1.8347078e-01  -2.3857622e-01   8.2519076e-01  -2.2773239e-02  -3.5132117e-02   4.3835560e-02  -3.5564717e-01  -4.7825690e-01   5.0980957e-01   5.4015905e-01   5.0050365e-01  -3.3368626e-01  -5.6211746e-01  -2.6595544e-01   2.2361601e-01  -1.9655966e-01   4.5930399e-01   1.7345745e-01   9.9948629e-03  -1.0142278e-01   4.7964797e-01   4.3119470e-01  -3.1282928e-01   2.5195033e-01   1.8542723e-01  -2.8981268e-01  -1.1996157e-01  -2.3654144e-01   1.8060304e-01  -3.2571431e-01   4.5999848e-01  -3.9009774e-01  -4.6134527e-01   6.0590242e-01  -3.2869402e-01  -5.0912405e-01   1.2532304e-01  -3.9684670e-01  -3.7291424e-01  -5.7006575e-01   3.3551252e-01   8.9401517e-01  -1.0245169e-01  -3.5864294e-01  -4.1631917e-01   3.7986913e-01  -7.1066775e-01  -8.5606686e-02   9.7371876e-02   2.0749991e-01  -5.0481665e-01  -2.1120570e-01   4.6084089e-01  -2.6599121e-02  -4.2774776e-01  -4.2527083e-01   4.6579304e-01   7.1072203e-01   5.4080391e-02  -3.2762876e-01  -1.5884179e-02  -5.5681034e-02   1.2196317e-01  -2.8883443e-01
  -6.3225448e-02   5.1337610e-01   0.0000000e+00   4.2390541e-02   5.2035815e-01   2.4414208e-01   3.7437067e-01  -2.9581355e-02  -1.7128198e-02   2.6221755e-01  -4.3096898e-01   6.2434119e-01  -5.6197418e-02  -5.7953667e-01  -4.8382874e-01  -1.1765702e-01   8.4801633e-01  -1.5359178e-01  -6.0976007e-02   6.0346376e-01  -5.1844670e-01  -1.3555514e-01  -5.2429407e-01  -3.8793675e-01  -8.1952676e-02   3.5497422e-02   4.0533823e-01  -5.2031633e-01   1.6437822e-01  -1.5392224e-01  -3.7242630e-01  -3.2038841e-03  -3.0953312e-02   1.6708517e-01  -2.5036292e-01   5.3337791e-01  -1.7361528e-01   4.4037574e-01  -2.7275443e-01   4.6481315e-01  -1.7417571e-01   1.4692745e-01   4.1261257e-01  -3.5130553e-01   1.4084408e-01   1.9219344e-01   8.0580462e-02   1.8248806e-01   3.6161460e-01   6.2314613e-01  -2.9221641e-01  -2.4161297e-02   4.9328229e-01   3.4173522e-01  -3.5304759e-01  -4.1443030e-01   7.4725167e-02  -5.6648612e-02  -2.4383519e-01   4.8039354e-02   5.2339507e-01   2.7753917e-01   4.7330305e-01   3.5752678e-02   1.0805661e-01   1.3425914e-01   1.0352379e-01  -5.0454640e-02  -1.6696458e-01   4.2771537e-01   3.7498316e-01  -4.6787536e-02  -8.4066105e-02  -5.1593059e-02   2.3114729e-01  -2.7550179e-01   2.6023803e-01  -3.6713724e-01   5.6792344e-01   1.7187669e-01  -5.0341127e-01  -8.0265241e-04  -8.4322200e-02  -6.0195105e-02   5.4560374e-02  -3.6034436e-01  -2.0345289e-01  -3.7627143e-01   1.8048210e-01  -4.5245527e-02   5.2138981e-01   7.8951222e-01   4.1846341e-01  -1.4155526e-01   2.0546556e-01   4.4998326e-01   2.7331250e-01  -1.3829286e-01   2.9545642e-01  -3.1176417e-01  -4.8580450e-01   1.8357590e-01  -5.0772666e-01  -3.6872514e-01  -2.6591303e-01  -2.6183203e-02   2.6145695e-01   9.6852348e-02  -2.6278421e-01  -2.3150547e-01   2.1784372e-01   1.8196026e-02  -5.3431167e-02   2.4909904e-02  -3.3603677e-01   5.8876154e-01  -1.8495318e-01  -4.9451776e-02  -1.6837779e-01  -2.5490164e-02  -1.4268306e-01   4.2842121e-01   3.5891845e-01   9.2966069e-02   1.1399273e-01  -4.4045695e-01   5.1084124e-02   1.1315747e-01   2.9074930e-02   5.9278448e-01   1.3047749e-01  -1.0140187e-01   7.0651029e-02   3.5692281e-02   3.0961171e-01  -1.4209494e-01   3.6573973e-01  -1.2101705e-01  -1.2706202e-01   4.5231489e-02  -1.8024233e-01   8.5245394e-02  -1.6415741e-01   3.9212525e-01  -4.1625073e-01  -6.0325155e-01   3.5328010e-01  -2.4190186e-01  -5.7775454e-02  -3.1151819e-01  -1.2663215e-01  -6.2744226e-01  -2.7121622e-01   2.0432302e-02   6.2170502e-01  -9.5080653e-03   1.5545128e-01  -2.9871402e-01   6.8487270e-01  -5.4655281e-01  -1.4568478e-01  -1.0435711e-01  -1.0903268e-01  -2.1415020e-01   1.8553005e-01   3.3903136e-01   7.6065736e-02  -3.2766834e-01   7.7335222e-02   9.6017586e-02   5.6809129e-01  -1.1635695e-02  -5.6628233e-02   2.8960888e-01   4.4717022e-02  -1.2432819e-02   4.6335203e-02
   5.7625888e-02  -1.5958429e-01   4.2390541e-02   0.0000000e+00  -3.4073968e-01   2.6728603e-01  -1.2808476e-01  -1.2237707e-01  -1.0997993e-01  -9.1906150e-02  -7.7392368e-03  -3.2031693e-01  -1.7159375e-01   1.1175950e-01   8.7648900e-02  -3.4290550e-01  -3.1335933e-02   2.4032275e-01  -9.8711354e-02  -2.7785772e-01   8.6796604e-02   6.1184720e-01   2.2257541e-02  -3.9068981e-01  -1.1242693e-01   3.5081674e-01   9.6953595e-02  -5.2725390e-02   1.2890584e-01   3.0215950e-01  -4.0915961e-02   3.3934182e-01   3.1436536e-02   6.9957340e-02   6.4515132e-02  -4.2502768e-02  -5.6108042e-02  -2.3502400e-01  -8.0907842e-02  -3.8208955e-01  -1.2117247e-01   8.2788001e-02  -1.1162673e-01  -1.5412952e-01   4.3398798e-01   1.5434489e-01   8.9027380e-02  -8.1737538e-02   1.6956863e-01  -2.8594819e-01   1.5859044e-01  -1.4358670e-01   1.2917112e-02  -4.3351293e-01   2.6995777e-02  -1.0630199e-01   2.3541400e-01   4.7509877e-01   3.2201961e-01   3.7036202e-01   8.3243100e-02   4.2218080e-02  -7.1023510e-02   5.0452617e-02   1.1058369e-01   5.3771951e-02   4.3459347e-01   2.5978134e-01   2.0174312e-01   3.4481019e-01  -2.6743017e-01   8.4199386e-01  -2.7581627e-02   1.1306839e-01  -7.8441927e-02   2.2559381e-01   1.4840775e-01  -1.9982643e-01  -3.3895627e-01  -1.1235167e-01   8.8614128e-02  -3.5550491e-02  -2.7959562e-01   2.7148579e-01  -1.9719909e-02   3.1359710e-01  -2.9949261e-02  -3.3362811e-01  -7.9059742e-02   5.3958502e-02  -1.7388901e-01   2.3523925e-02  -2.7098777e-01   3.2858966e-01  -9.2756947e-02  -3.9099657e-01   1.2277846e-01   9.6415314e-02   1.8353548e-01   1.7441624e-01  -6.7222842e-02   5.8376215e-02   3.3904560e-01  -3.6729741e-02   4.1787471e-01   5.7247096e-01  -4.3078284e-01   3.4102966e-01  -9.8944122e-02  -1.2702758e-01  -1.5666308e-01   5.0172299e-01   7.8391579e-01  -1.0541127e-01  -2.2032854e-01  -2.6204852e-01   7.4330973e-02  -1.0597892e-01  -9.5903010e-02   8.2708102e-01  -1.5687210e-02  -3.5478268e-01  -4.2741136e-01  -1.6036253e-01   5.5374870e-02   1.4954673e-01  -1.5089787e-03  -1.8855792e-01   6.0928963e-01   2.3610332e-01  -3.5252386e-01   3.2787758e-02   3.0149305e-01  -1.4275028e-01   1.0484457e-01   3.2498723e-01  -2.0252455e-01   5.4205584e-02   2.5347085e-01  -3.4092678e-01  -2.1117985e-01  -6.0462249e-01   5.0258486e-02  -5.2400747e-02  -2.5319158e-02   2.3603097e-02  -3.7573715e-01   9.0948486e-02   9.0506931e-02   5.6137547e-02  -1.2796830e-01   1.0043367e-02  -8.4487133e-02  -3.5322884e-01  -2.6299464e-01  -2.5137642e-01   8.8427360e-02   1.2635413e-01   3.8203531e-02   2.6045503e-01   3.9526928e-01  -2.4357482e-01  -1.9503990e-01   4.6126477e-01   7.0450922e-01  -1.9312555e-01  -2.1402537e-02   1.0827814e-01   5.7843544e-02  -3.5831014e-01  -3.3401790e-01  -5.0154796e-01   6.6710663e-01   2.3125854e-01  -4.3218713e-02   3.1077466e-01   6.9168038e-01
  -3.7107889e-01   4.9757006e-01   5.2035815e-01  -3.4073968e-01   0.0000000e+00  -9.4243910e-02   2.5857311e-01  -1.3044197e-01   2.1115726e-01   1.4371875e-01  -4.8962840e-01   5.5418918e-01   1.8220389e-01  -7.1769124e-01  -5.6200196e-01   3.0781601e-02   6.5335028e-01  -3.7783258e-01  -9.7754682e-02   9.4558857e-01  -4.7697916e-01  -5.4797697e-01  -4.2022298e-01  -1.0836521e-01   1.2347486e-02  -3.7529653e-01   4.1251056e-01  -4.7376997e-01   1.9222124e-02  -3.6103765e-01  -4.1799644e-01  -4.4132559e-01   2.0580095e-01  -1.8565831e-01  -2.0571453e-01   7.2964242e-01   1.7721501e-02   1.6519228e-01  -7.9403133e-02   6.5862212e-01  -9.3675953e-02   3.6824012e-01   4.8889319e-01  -3.7623188e-01  -4.6887812e-02  -3.0931247e-01   7.5750106e-02   2.4259430e-01   5.3401131e-01   7.7352402e-01  -4.3795849e-01  -1.2477624e-01   4.5567086e-01   4.2042276e-01  -2.2223614e-01  -3.8211290e-01  -2.1506138e-01  -4.7111157e-01  -4.3270571e-01  -1.1915943e-01   6.6682765e-02   4.9956601e-01   3.9667130e-01  -2.7338125e-01  -1.2006494e-01   1.0245516e-01  -9.7539894e-02   1.3985298e-02  -3.1414311e-01  -2.4879644e-01   4.4532289e-01  -3.4773076e-01  -3.3533541e-02  -3.7527784e-01   2.6931545e-01  -4.4745703e-01  -2.0022391e-01  -2.9942670e-01   8.5712548e-01   1.7727360e-01  -5.4250807e-01  -9.3995734e-02   1.7671924e-02  -3.3713408e-01  -3.1358950e-01  -5.8158438e-01  -9.1345507e-02  -1.3978051e-01   1.7230025e-01  -4.1513668e-01   8.2289676e-01   3.5190379e-01   4.4926053e-01  -2.0843918e-01  -9.0012564e-02   8.6505387e-01   4.3489682e-01  -1.8844360e-01   1.4436473e-01  -3.5420631e-01  -5.7669066e-01  -2.9044649e-01  -6.7840873e-01  -3.2818964e-01  -5.8808223e-01  -4.4951760e-01   5.9797858e-01  -2.3321475e-01  -5.6457389e-02   4.5537662e-02   2.2888678e-01  -4.4269855e-01  -3.5879921e-01  -2.3651128e-01  -4.3889360e-01   6.3866139e-01  -9.4972099e-02   2.2996495e-02  -3.7537828e-01  -3.7180254e-01  -3.9955661e-01   8.9403048e-01   4.7432379e-01   7.1505072e-02  -3.1803768e-01  -5.2964710e-01  -1.5526255e-02   3.6605454e-01  -3.8719494e-01   5.5750120e-02   3.3407528e-01  -2.7379919e-01  -3.4157887e-01  -9.1378884e-02   2.9409522e-01  -5.1851854e-01   5.7201569e-01  -3.7734656e-01  -4.4551363e-01   3.4026856e-03  -3.4749624e-01   4.8061146e-01  -2.6929415e-01   3.2211442e-02  -5.2651191e-01  -5.6982603e-01   3.0744329e-01  -1.6487025e-01  -1.5409108e-01  -4.3241341e-01  -3.6879730e-01  -6.0985832e-01  -3.4102889e-01   5.5012426e-02   6.6495829e-01  -1.4936759e-02  -2.9339834e-01  -3.3925561e-01   4.0406695e-01  -6.1859707e-01  -1.1638156e-01  -2.0908156e-02   2.5070913e-01  -5.7703151e-01  -3.8795634e-01   4.5793250e-01   3.3045482e-02  -5.8535335e-01  -2.4723362e-01   5.2874707e-01   7.3489123e-01   2.8494595e-01  -2.8116283e-01  -2.3116492e-02   1.5251039e-01   2.3626774e-01  -3.3501881e-01
   3.4567978e-02  -2.2965417e-01   2.4414208e-01   2.6728603e-01  -9.4243910e-02   0.0000000e+00   2.4642312e-01   3.7578432e-03  -5.1835541e-01  -1.7248315e-02   7.8119674e-02   5.7795262e-03   1.3307528e-01   3.1476073e-02  -8.4031311e-02   1.9353601e-03   8.5198617e-02   3.9471017e-01  -8.9285326e-02  -5.9639173e-04  -2.0911601e-01   3.8088431e-01  -4.2254514e-02  -3.5548784e-01  -3.0317146e-01   4.6104606e-01   5.5133347e-01  -6.1707233e-02  -1.2817288e-02   2.4299390e-01  -4.2331211e-01   4.0469468e-01  -3.1163402e-01   2.7605840e-01  -1.6162562e-01   3.5977161e-01  -2.2434011e-01   1.6764009e-01  -2.1325121e-01  -1.4416933e-01   9.7766216e-02  -9.6398581e-02  -1.4008748e-01  -1.9546067e-01   2.6738263e-01   3.8360331e-01   5.6657119e-01  -2.2037178e-01   1.0199643e-01  -1.3780369e-01   3.8518869e-01  -8.1867177e-02  -1.7684412e-01   7.4591064e-02  -3.9684711e-01   2.2149628e-01   5.1790778e-01   2.4499528e-01   2.5802138e-01   1.4237918e-01   3.9898994e-01   1.7098880e-01  -3.5076539e-01  -1.2869556e-01  -4.8473195e-03   4.1480733e-01   7.6290506e-01  -1.7750622e-02   4.8641223e-01   4.5574347e-01  -3.5759917e-01   3.6436814e-01  -9.0781317e-02   4.4301790e-01   7.5954462e-02  -1.5792369e-01   3.5250874e-01   1.0129261e-01  -1.9641467e-01  -4.6056859e-03   1.0094363e-01   1.5681562e-01  -4.3360911e-01   4.2305230e-01   2.2368952e-01   1.8847783e-01  -4.4288767e-01  -3.3834911e-01  -3.4766417e-02   5.4693407e-02  -1.0510557e-01   2.6912477e-01   1.2196871e-01  -9.7024920e-02   2.1942080e-01  -1.5266271e-01   3.6166791e-02  -3.4761649e-02   3.4680016e-01   3.5744113e-01  -1.5842065e-01   1.8128672e-01   2.0471588e-01  -1.8299756e-01   4.7143285e-01   3.7205991e-01  -3.1254951e-01   5.0714308e-01  -1.5219113e-01  -6.9592184e-02  -4.0858145e-02   5.9222612e-01   1.8559241e-01  -1.2625488e-01  -1.4933365e-01  -1.3484379e-01   2.4318914e-01  -4.8884544e-02  -1.1576498e-01   2.7022335e-01   2.0876142e-01  -2.1583503e-01  -1.9441281e-01  -2.6138945e-01   1.6251641e-01   1.6195252e-01   3.8950599e-02  -3.6181124e-01   3.1343893e-01   1.6990363e-01  -1.7635245e-01  -8.7819839e-02   1.4680441e-01  -4.9282185e-01  -3.6254992e-01   2.6255409e-01  -9.1197333e-02  -2.5749513e-01   3.2003156e-01  -5.2945944e-02  -4.8736878e-02  -1.8061715e-01   2.2357969e-01   1.2175597e-02  -1.0392047e-01  -1.6025443e-01  -2.4748843e-01   2.5431834e-01   6.0058630e-01  -3.5013620e-01   1.6512047e-02  -1.9036510e-01  -1.1166571e-02  -1.2111764e-01  -2.1263579e-01  -1.0731409e-01   3.0514549e-01   1.9776365e-01   8.4934763e-02   3.0769132e-01  -2.9477073e-01   1.3357628e-02  -3.6818258e-01   3.5431474e-01   3.5470754e-01  -1.1783807e-01   2.1663057e-01   1.4941443e-01   4.0629313e-01  -4.5637984e-01  -9.6628935e-02  -1.0555130e-01   2.5541526e-01   7.1705989e-01  -3.5649882e-01  -1.5972872e-01   3.3715441e-01
  -1.2012633e-01   3.6944317e-01   3.7437067e-01  -1.2808476e-01   2.5857311e-01   2.4642312e-01   0.0000000e+00  -2.6661248e-02   3.7735776e-03   6.4301540e-01  -3.3093352e-01   6.9432974e-01  -2.2554110e-01  -1.7294556e-01   5.9564466e-02   2.5459391e-02   1.6242251e-01  -2.3739037e-01  -1.2704898e-01   2.8455672e-01  -3.6157564e-01  -3.3672291e-01  -5.6211375e-02  -1.5585004e-01  -1.8168167e-01  -1.6876955e-02   1.8801599e-01  -1.1094722e-01   2.2816002e-02   2.1862076e-01  -2.8278295e-01  -1.6167056e-01  -2.3327001e-01   5.9390411e-01   1.5363169e-01   2.2657458e-01   1.1530826e-01   2.2745421e-01  -4.3285777e-01   2.0207440e-01  -3.5559195e-01  -1.0237939e-01   3.2025263e-01  -1.4217203e-01   1.6941558e-01   7.0258869e-02  -1.9042600e-01   4.0189154e-01   2.4437884e-01   1.7573542e-01  -1.5603196e-01  -1.2962718e-01   4.9468987e-01   3.8235870e-02  -1.1213523e-01  -2.6928086e-02   8.7670400e-02  -1.9919781e-01  -2.8216420e-01  -1.3021481e-01   9.1441963e-02   3.7937396e-01   1.0762994e-01  -1.1601988e-01   8.3978253e-02   5.0289223e-01  -4.3485329e-03  -1.3212879e-01  -3.3556748e-01   1.2472565e-01   1.5385534e-01  -1.6671530e-01  -2.5066730e-01   8.3121695e-02  -7.8049789e-02  -4.7787518e-01   1.6003174e-01  -2.4746517e-01   2.9620408e-01  -3.4351791e-01   6.3002463e-02  -4.1429755e-02   9.3154881e-02  -1.8123131e-01   1.1479691e-01  -3.0604333e-01   1.6579188e-01  -4.3287586e-02   2.2289183e-01  -1.4288712e-01   3.0076559e-01   2.5961553e-01   7.2367597e-01  -4.0930725e-01   1.2539608e-01   1.7438549e-01  -1.3002659e-01  -2.4508770e-01  -2.2451325e-01   9.7881969e-02  -1.9944346e-01   2.6714453e-01  -2.1661328e-01  -2.4811898e-01  -1.3250265e-01  -2.2591603e-01  -8.4645481e-02  -1.5646658e-01   2.8316865e-01  -6.4954348e-02   7.6754137e-01   1.6201977e-02  -3.0757345e-01  -4.5860386e-02  -3.0000743e-02   3.4415078e-01  -2.1707138e-01  -1.5237463e-01   3.5751440e-02  -1.7732407e-01   4.3670708e-03   2.9309949e-01   1.9645649e-01  -2.5814111e-02  -1.3200293e-02  -1.2890766e-01   3.7723169e-01  -1.4261903e-01  -2.0391392e-01   1.8239065e-01  -1.2383653e-01   1.1085033e-01  -1.1207743e-01  -1.9748774e-04  -7.2300467e-02  -2.4364575e-01  -1.6140084e-01  -1.4368956e-01  -2.3369185e-01   1.8341607e-01  -7.0670483e-02  -9.0408396e-02  -3.5474142e-01   4.8240749e-01  -8.1169852e-02  -3.9008937e-01   4.5630685e-01  -2.2695599e-01   1.1539506e-01  -1.3235636e-01  -6.2928587e-02  -2.6239019e-01  -1.9383520e-01  -3.0159614e-02   3.2874241e-01  -8.7570579e-02   6.9972934e-02  -3.5764176e-01   3.6734546e-02  -1.4536006e-01  -3.3343665e-01  -2.7676701e-01  -1.9001787e-01  -2.1574057e-01  -1.3117859e-01   5.1124957e-01   4.5898368e-01  -2.9054131e-01   2.4711791e-02  -2.3099601e-02   5.0833829e-01   1.0065917e-01  -3.1134999e-01   2.9583270e-01  -6.9198233e-02  -2.4828417e-01  -3.5085614e-01
   4.2867513e-02   3.9459157e-02  -2.9581355e-02  -1.2237707e-01  -1.3044197e-01   3.7578432e-03  -2.6661248e-02   0.0000000e+00   1.9421230e-01  -8.7744473e-02   2.3024821e-01   8.4237591e-02   1.7076775e-01   9.3828637e-02   1.9776221e-01  -5.1832352e-02  -1.2222934e-01   7.4067308e-02  -3.0397890e-01  -1.0039433e-01   1.3197178e-01   1.6111998e-01   1.1129378e-01  -1.6625245e-01  -8.7840224e-03   3.1572179e-01   1.0518311e-01   1.5884660e-01   3.5417382e-02   7.3461726e-02   1.5406560e-01   2.6494954e-01  -3.9143750e-01   8.9536120e-02  -1.6341301e-02  -1.4759748e-01  -1.3641934e-01  -1.6284020e-01   1.2500629e-01  -1.2701235e-01   2.9648616e-01  -4.0238377e-01  -1.7084018e-01   2.5110473e-01   2.4174180e-02   1.3046343e-01   1.0096995e-01  -1.2101522e-01  -2.2067525e-01  -1.4520696e-01   1.6585913e-01   7.4453850e-01  -1.0997221e-01  -6.3904528e-02   2.4573889e-03   1.0446217e-01  -2.0347689e-01   2.4027510e-01   2.4695940e-01   2.7150894e-01   4.7367370e-03  -8.6893398e-02  -5.7359378e-03   2.2227261e-01   1.6881636e-01  -7.1344717e-02   1.4177568e-01  -4.1794417e-01   1.6411622e-01  -7.5076630e-02  -3.4427178e-02  -1.0081930e-01   2.9657541e-01   6.3253196e-02  -4.7697051e-04   3.3040476e-01  -1.7110343e-02   3.2044576e-01  -2.9514025e-03   2.7047547e-01   1.0180907e-01   2.2961798e-01   4.6449969e-02   4.1826773e-01   6.9276053e-02   3.4288230e-01  -5.1296445e-02  -9.2643658e-03   9.1002479e-02   7.1414815e-02  -9.0818098e-02  -6.0844795e-02  -5.9500304e-02   2.0538958e-01  -1.0198220e-01  -9.0572413e-02   9.0194698e-02   4.7437445e-02  -1.3896658e-02   5.3937055e-02   1.8647995e-02   3.0603267e-01   9.9227811e-02   3.9051377e-01   1.0184778e-01   2.5773737e-01  -1.8382612e-01   3.7749678e-01   4.4895739e-02   4.2321644e-02  -5.1042228e-02   9.1056488e-02  -2.2968780e-01   5.7951529e-02   2.4242874e-01   2.0770470e-02   2.5832872e-01   2.4873619e-01   7.4141192e-02   1.0649905e-01  -9.4065945e-02  -8.3442870e-02  -6.5832585e-02   2.0055141e-01   8.8863953e-02   1.2528609e-01   4.6168579e-02   7.4567086e-02   3.2591561e-01  -7.0732757e-02  -2.2857865e-02   7.9643386e-02   2.7552130e-01   1.6569842e-01   9.7250040e-02   6.3784958e-01   1.8554597e-01  -1.4414462e-02   5.3479331e-01  -1.2241594e-01  -7.3178106e-02   1.4776120e-01   9.4687063e-02   5.2973142e-02   2.5121371e-01   2.0652856e-01   2.6133206e-02   1.5508010e-01   9.0800883e-02  -1.5969774e-03   1.4082531e-01   1.0343374e-01  -6.0515517e-02   2.2618670e-01   2.8703954e-03  -2.0834150e-01   1.3703392e-02   2.1764005e-01   2.3127645e-02   1.5422311e-01  -2.1368779e-01   2.3699429e-01  -1.2110204e-01   1.2005292e-01   1.5727570e-01   1.2357388e-02   1.5704823e-02   2.3659429e-01  -1.3544705e-01  -4.8007527e-02   1.9093981e-02  -3.8099854e-01  -3.0028486e-03  -1.6077601e-01   4.9330971e-02  -3.1795993e-01   1.8079157e-01
  -2.9378509e-01   4.7761236e-01  -1.7128198e-02  -1.0997993e-01   2.1115726e-01  -5.1835541e-01   3.7735776e-03   1.9421230e-01   0.0000000e+00   2.1120071e-01  -3.6326734e-02   2.0360876e-01   1.6365062e-01  -2.4689170e-01   2.5474045e-02  -1.5475259e-02   1.3093137e-01  -3.6231514e-01   8.2128851e-02   1.4493937e-01   1.3818140e-01  -2.7819489e-01   9.3555454e-02  -1.0981364e-01   1.0754242e-01  -3.1115632e-01  -2.0472396e-01   7.9983437e-02   1.0434016e-01  -2.0660664e-02   3.7661680e-01  -4.1662164e-01   1.4831304e-01  -1.1547977e-01   1.2587609e-01  -1.4755044e-01   8.4483434e-02  -1.9116637e-01   3.5091462e-01   2.9371441e-01   2.4590524e-01  -7.8476334e-03   4.3554751e-02   2.7779107e-01  -2.0537665e-01  -4.3494594e-01  -3.5278631e-01   3.4391854e-01   5.7320939e-02   2.4429448e-01  -2.8415384e-01   3.4607551e-01   4.8227781e-01  -1.1425510e-01   2.3657114e-01  -1.8811792e-01  -1.7644644e-01  -3.7853805e-01  -1.0332860e-01   4.7369666e-02  -2.7212996e-01   1.7947021e-01   5.2247473e-01   5.1943178e-01   3.1443442e-01  -2.1049977e-01  -4.0573938e-01  -1.1883545e-01  -4.1097429e-01  -3.7417707e-01   3.6070459e-01  -2.3417571e-01   5.7815711e-01  -4.6143135e-01  -1.1538400e-01   7.0502171e-02  -3.7586256e-01  -1.2513787e-01   3.9882227e-01   7.8074943e-02   2.1161404e-02   1.3011700e-01   2.3677259e-01  -3.2361447e-01  -3.7520350e-01  -2.1436275e-01   4.7652244e-01   3.5490252e-02   3.9391689e-01  -3.3286503e-01   2.0009532e-01  -1.8043294e-01   8.0502693e-02   2.1434413e-01  -4.1186208e-01   2.1645245e-01   1.6587517e-01   2.1677591e-01  -1.7477260e-01  -3.5249956e-01  -1.0002943e-01  -1.1151074e-01  -2.2937679e-01   5.7121223e-01  -4.7412031e-01  -3.3528923e-01   1.5468656e-01  -2.7076428e-01   9.8685584e-02   2.4570054e-01   1.1975976e-01  -5.0564799e-01  -1.8400753e-01  -1.3268018e-01   1.6723682e-01   3.6169246e-01  -7.9431287e-02   3.4724222e-01   1.7759282e-01  -2.3562979e-01  -3.4031567e-01   2.5304484e-01   5.6786616e-02   5.8504013e-01  -3.2734843e-01  -3.3638311e-01  -8.7761411e-02   3.7694765e-01  -1.1485570e-01   8.6953039e-02   2.6550782e-01   7.0818026e-02  -3.4167017e-03   5.3900092e-01   2.8281323e-01  -1.3531689e-01   1.5335540e-01   2.8168917e-01  -8.1290436e-02  -2.2400732e-01  -3.0472192e-01   2.1656536e-01  -1.9052927e-01   2.7151031e-01  -1.3073125e-01   6.2558031e-02   3.5354750e-01  -4.2933634e-02  -3.6614350e-01   1.8949772e-01  -2.5986463e-01   2.2795307e-02  -2.3112246e-01   2.1981556e-01   4.1375318e-01  -2.6456241e-01  -3.8156757e-01  -6.8493826e-02   1.5187524e-01  -2.7285054e-01   9.9782205e-02   2.8965902e-01   3.6280416e-01  -3.4025801e-01  -2.0326030e-01   1.3135615e-01  -1.7249543e-01  -8.6278843e-02  -4.2600062e-01   3.9630790e-01   2.7123817e-01  -1.9444433e-01  -9.0480245e-02  -3.9872580e-01   1.5622656e-01   1.5248175e-01  -1.5752707e-01
  -2.9697630e-01   4.4649356e-01   2.6221755e-01  -9.1906150e-02   1.4371875e-01  -1.7248315e-02   6.4301540e-01  -8.7744473e-02   2.1120071e-01   0.0000000e+00  -3.9219171e-01   5.2707760e-01  -7.0332111e-02  -2.4080221e-01   1.2968392e-01   9.5582107e-03   2.1302983e-01  -5.2374007e-01   8.3375665e-02   2.0007131e-01  -1.2315388e-01  -4.2027878e-01   9.5459930e-02  -2.2713437e-01  -8.6059481e-02  -1.6456219e-01  -1.4762151e-01   1.7185625e-02   1.1928847e-01  -1.6958806e-01   4.4255057e-02  -3.6730793e-01  -8.8444585e-02   4.7980640e-01  -3.8528595e-03  -8.8598374e-02   2.0009083e-01   4.8102591e-02  -2.8090894e-01   3.8226452e-01  -3.5268467e-01  -7.6054464e-02   2.4454105e-01  -4.3446553e-02  -5.4745320e-02  -3.0810396e-01  -5.4640609e-01   4.6661408e-01  -8.5143718e-04   2.9825605e-01  -4.2428629e-01  -1.1479719e-02   5.0952403e-01   1.4438788e-01  -2.7642052e-02  -1.3527374e-01   1.0762714e-01  -3.3522619e-01  -5.0773525e-01  -4.1783596e-01  -2.0719970e-01   3.9673835e-01   3.5246873e-01   9.1681374e-02   2.8753738e-02   1.2604694e-01  -3.0256778e-01  -1.3185180e-01  -6.8579340e-01  -1.2765252e-01   4.3497049e-01  -3.1265071e-01  -6.0224091e-02  -1.6890508e-01  -7.6321214e-02  -3.8981939e-01  -2.5104261e-01  -3.6604367e-01   3.9400981e-01  -3.1756923e-01   2.2419524e-01   6.3667227e-02   3.1885593e-01  -3.8944859e-01  -2.2744965e-01  -4.0436046e-01   2.6928711e-01  -6.5894084e-02   3.1174272e-01  -3.3309825e-01   2.6893903e-01   8.8382315e-02   7.4199465e-01  -4.2099251e-01  -2.0377490e-01   2.8119938e-01  -2.0694610e-01   8.3617647e-02  -4.4291696e-01  -1.2839360e-01  -1.5172744e-01   7.8724497e-02  -2.9311437e-01  -1.5428288e-01  -3.9739180e-01  -3.1994574e-01   1.2840106e-01  -3.0829208e-01   5.1759865e-01  -1.9894685e-01   7.5171326e-01  -3.2536122e-01  -3.0332965e-01  -1.7384565e-01   1.8059601e-01   3.5144123e-01  -1.8398771e-01   6.8140758e-02   1.9006065e-01  -2.6176859e-01  -2.6553821e-01   3.1736677e-01   1.1919684e-01  -3.7118122e-02  -2.8794979e-01  -1.6597068e-01   7.6478930e-02   3.6559454e-02  -2.1979999e-01   2.0480472e-01  -6.1654181e-03   2.2962043e-01  -8.3454030e-02   3.5933766e-01   2.0266677e-02  -3.2505357e-01  -1.0931999e-01   2.0559361e-01  -3.2809261e-01  -6.3481192e-02  -2.7317823e-01   3.2281321e-02  -5.4214411e-01   5.8514266e-01  -7.7347518e-02  -3.4061590e-01   7.4126215e-01  -5.9865996e-01  -2.8010162e-01   1.9306995e-01  -3.0110899e-01  -1.1361868e-01  -3.4119801e-01   9.2010813e-02   4.2080773e-01  -2.8296282e-01  -2.0615314e-01  -5.4565851e-01   1.7290328e-01  -2.2347695e-01  -2.4363060e-01  -2.7642801e-01   5.2546345e-02  -4.3118787e-01  -2.0377691e-01   4.5567183e-01   2.2877345e-01  -3.1275967e-01  -2.9552830e-01   1.8515307e-01   5.1293181e-01   1.6622612e-02  -4.4733653e-01  -7.1657580e-02  -4.1462182e-02  -8.0177524e-02  -3.0740470e-01
   2.2804973e-01  -4.8594799e-01  -4.3096898e-01  -7.7392368e-03  -4.8962840e-01   7.8119674e-02  -3.3093352e-01   2.3024821e-01  -3.6326734e-02  -3.9219171e-01   0.0000000e+00  -5.4723780e-01   3.3388592e-01   5.2326738e-01   5.4722450e-01   1.0860083e-01  -5.8473989e-01   7.5863923e-01  -4.2577772e-02  -5.1117861e-01   6.4626631e-01   5.1954627e-01   5.7611496e-01   1.3894151e-02  -4.0422044e-02   1.9232345e-01  -1.1305893e-01   5.3134407e-01  -1.6898591e-01   5.2316884e-01   6.3060775e-01   3.5666050e-01  -3.5337989e-01   1.9253084e-01   2.0580429e-01  -1.7717319e-01   1.9614756e-01  -2.5167810e-01   2.8540706e-01  -5.4396252e-01   6.1727479e-01  -4.5168407e-01  -5.8725916e-01   6.3906043e-01   2.4971179e-01   3.1671150e-01   4.2152420e-01  -1.4425075e-01  -1.6801846e-01  -7.2785908e-01   7.9303754e-01   3.1745095e-01  -3.7595278e-01  -3.0031960e-01   1.4803325e-01   5.8084274e-01  -4.2861244e-02   3.5897405e-01   5.6843365e-01   3.7846937e-01   1.5500892e-02  -1.8002251e-01  -5.4199298e-01   3.8424732e-01   3.6280265e-01   1.6555434e-01   1.1083401e-01  -8.4895170e-02   5.3514968e-01   1.4142642e-01  -4.1666184e-01   1.7317540e-01   5.1841500e-01   1.1312920e-01  -2.5378090e-01   4.1164620e-01   1.0617165e-01   5.2475464e-01  -5.7474238e-01   1.5918309e-02   5.2383294e-01   5.5191296e-01   1.7242649e-01   3.6474735e-01   2.8785017e-01   4.9132840e-01  -8.0845320e-02   9.3683393e-02  -1.4508534e-01   1.9139840e-01  -6.0289951e-01  -3.7815856e-01  -3.9545091e-01   4.5476712e-01   6.3441442e-02  -6.0722237e-01  -2.4580856e-01   1.3914825e-01   2.0796824e-01   4.3710811e-01   6.2624452e-01   2.9249884e-01   6.4097251e-01   5.8689204e-01   5.5681165e-01   2.7007644e-01  -4.7944643e-01   1.7775053e-01   4.5731571e-02   5.8248264e-01  -2.7631978e-01   2.2650207e-01   2.2131341e-02   1.4008241e-01   4.7269941e-01  -4.6963826e-01   7.0886927e-02   5.0986722e-01   4.8332692e-01   1.0316436e-01   3.5497623e-01  -6.0965547e-01  -4.8279762e-01   2.6084508e-01   2.5046192e-01   2.2682893e-01   2.6375046e-01  -2.1587974e-01   3.1051661e-01  -6.5019032e-02   4.6466308e-02   5.4730590e-01   3.7702538e-02   1.4792904e-01  -3.6389289e-01   3.8244163e-01  -2.9802284e-01   4.0960240e-01   4.5080503e-01  -1.0249488e-01   2.6285623e-02   8.5784558e-02   5.7166495e-01  -1.1516300e-01   5.7130296e-01   7.8859683e-01  -3.9481187e-01   6.6385424e-01   5.1722236e-01   4.1838062e-01   3.4560269e-01   6.9949964e-01   3.9045463e-01   4.1901982e-01  -5.6759005e-01  -2.6149901e-01   1.0801043e-01   6.7399393e-01  -3.2611130e-01   5.1821161e-01   1.1084355e-01   5.3704971e-01   3.0540845e-01   6.3013811e-01   2.1691906e-01  -3.1858829e-01   2.2124691e-01   6.7699773e-01   2.4125956e-01  -7.5351357e-02  -5.8105156e-01  -2.8889738e-01   3.5735687e-01  -1.2532840e-01  -2.6193120e-01  -9.1246910e-02   2.8145010e-01
  -2.4450200e-01   7.2644531e-01   6.2434119e-01  -3.2031693e-01   5.5418918e-01   5.7795262e-03   6.9432974e-01   8.4237591e-02   2.0360876e-01   5.2707760e-01  -5.4723780e-01   0.0000000e+00  -2.2431167e-01  -4.5637798e-01  -2.6439021e-01  -9.9305899e-03   5.8847658e-01  -4.7867017e-01   1.6772735e-02   6.2826416e-01  -4.7290737e-01  -5.5731940e-01  -3.7063990e-01  -1.4552828e-01   1.9195297e-02  -1.1919015e-01   2.1057922e-01  -3.1280580e-01   2.2665045e-01  -1.1343697e-01  -3.1223947e-01  -3.2814814e-01   6.9975853e-02   2.7375833e-01  -7.6693966e-02   2.5959484e-01  -7.1130086e-02   2.7213103e-01  -2.7817604e-01   5.6916046e-01  -2.7457128e-01   1.6447028e-01   4.6453424e-01  -1.5620190e-01  -3.7125483e-02  -1.7326758e-01  -2.8954010e-01   3.8605373e-01   2.4462607e-01   6.3343967e-01  -5.1149279e-01   2.2656699e-02   5.3325868e-01   4.4632801e-01  -1.2920100e-01  -2.8399634e-01  -9.4730239e-03  -4.7789814e-01  -3.9970969e-01  -1.3567336e-01   7.7924023e-02   2.9918805e-01   5.5758591e-01   1.5322712e-02   1.2206236e-01   6.1944019e-02  -1.6118449e-01  -6.1728279e-02  -4.4188530e-01  -5.9054018e-02   5.5740920e-01  -3.8509211e-01  -1.5951075e-01  -8.5715382e-02   2.4006196e-01  -3.6490655e-01  -1.0267392e-01  -2.7034797e-01   7.1257798e-01   7.3216984e-02  -3.0773692e-01  -1.5261240e-01   1.3984629e-01  -2.2352746e-01  -3.4985486e-02  -4.3354157e-01   1.3649146e-01  -6.9389845e-02   3.0700403e-01  -2.6498781e-01   5.6990264e-01   4.2167411e-01   6.3834923e-01  -4.6587647e-01  -1.0696454e-02   5.3854696e-01   1.3883728e-01  -1.9182543e-02  -2.3725383e-02  -3.5724826e-01  -3.5023144e-01   2.2472033e-01  -5.3447708e-01  -2.5987145e-01  -5.3468650e-01  -3.6542712e-01   3.9374992e-01  -1.2589185e-01   4.0578133e-02  -2.3718602e-01   5.4578654e-01  -2.6036850e-01  -3.5967620e-01  -7.4995723e-02  -8.6999164e-02   6.9160918e-01  -1.5089487e-01  -1.5730932e-01  -1.1045949e-02  -3.9349158e-01  -2.7954714e-01   5.9045825e-01   5.6477760e-01   1.4866947e-01  -1.8065947e-01  -2.7305547e-01   5.8156273e-02   2.6982507e-01  -3.3213603e-01   3.0595683e-01   6.8942430e-02  -8.0020958e-02  -2.9114790e-02   2.4931388e-01   2.1411183e-01  -2.7931458e-01   3.3698197e-01  -8.6368518e-02  -2.9065585e-01   1.3240684e-01  -1.3451136e-01   1.2944655e-01  -3.9973718e-01   5.5833451e-01  -2.8702574e-01  -5.5273688e-01   7.1944036e-01  -3.8245087e-01  -2.4294907e-01  -2.0655625e-01  -1.6116579e-01  -4.8989001e-01  -3.3376986e-01   1.1032594e-01   7.7694928e-01  -4.5639671e-02  -1.4645246e-01  -4.7124043e-01   4.1796168e-01  -5.0527447e-01  -2.4652994e-01  -1.3468178e-01  -1.3238810e-01  -5.3614840e-01  -3.1775245e-01   5.9159608e-01   1.5731115e-01  -4.2955198e-01  -1.8430189e-01   2.1694775e-01   8.3289993e-01   1.5088891e-01  -4.4462547e-01   1.1534588e-01   1.0392179e-01  -2.2978960e-03  -4.6937558e-01
  -2.7748172e-01  -1.4287983e-01  -5.6197418e-02  -1.7159375e-01   1.8220389e-01   1.3307528e-01  -2.2554110e-01   1.7076775e-01   1.6365062e-01  -7.0332111e-02   3.3388592e-01  -2.2431167e-01   0.0000000e+00  -1.9469018e-01   1.1207517e-02   3.4594863e-01  -4.6483653e-02   2.7360624e-01  -2.2540602e-01   1.5688113e-01   8.4436506e-02   8.3847073e-02   1.6136631e-01  -2.7066692e-01  -1.1490097e-01   1.6763807e-03   5.0941290e-02   2.1403080e-01  -1.3842644e-01  -8.6799874e-02   8.8788055e-02  -2.1099213e-02  -2.0244297e-01  -2.2495733e-01  -2.6212006e-01   2.4772834e-01  -1.9234281e-01  -1.8913840e-01   3.9866138e-01   1.1881500e-02   6.5006401e-01  -5.8289659e-02  -1.3864935e-01   1.7320608e-01  -5.6648702e-02  -6.4346268e-02   3.7388764e-01  -2.4389044e-01   9.8528374e-02  -1.8656194e-02   2.8999799e-01   2.3504787e-01  -1.7016232e-01   1.2978435e-01  -3.0631816e-01   2.5485397e-01  -2.0229067e-02  -7.7910328e-02   7.1889521e-02   5.1640269e-02   5.7528931e-02   4.3888206e-01  -1.3037958e-01   1.1866246e-01   3.5649242e-02  -9.9760024e-02   1.2424572e-01  -2.2709983e-01   1.6105548e-01  -1.3018570e-01  -1.7200007e-01  -1.0900841e-01   5.2013390e-01  -8.2157029e-02   7.6599454e-02   6.6393818e-04  -1.4172585e-01   1.8061468e-01   1.1027399e-01   3.3071129e-01   1.5746712e-01   5.7010469e-01  -9.6596688e-02   1.1815493e-01  -1.6594165e-01   5.7315093e-02  -3.7518028e-01  -2.7580492e-01  -7.5418240e-02  -2.8807562e-01   5.1732882e-02  -1.4608723e-01   2.7211442e-02   2.2889987e-01  -9.9282963e-02   2.2899258e-01   3.6347191e-01   3.3122919e-03   3.0063602e-01  -2.3865740e-02  -8.7454783e-02  -1.0192228e-01  -2.3975288e-02   3.2676295e-01   2.6813933e-02  -4.0757966e-02  -1.7245019e-02   3.6487479e-02   1.0619028e-01   2.2462373e-01  -1.0252414e-01  -1.7914946e-01  -2.0024765e-01  -2.8481916e-01   1.7470748e-01  -4.6575210e-03   1.2667902e-01   7.2415006e-01   2.6527230e-02  -1.2424806e-01  -1.7456439e-01   1.6184286e-01  -9.8592245e-02   1.1236162e-01  -1.5353853e-01  -6.8451389e-02  -8.2646030e-02   6.9506831e-03   1.1548987e-01  -1.5165027e-01   5.4493068e-01  -1.7859850e-02  -1.3727478e-01  -5.4649448e-02  -4.9924371e-02   5.4051353e-02   2.9165890e-01  -9.5763699e-02   1.2402558e-01  -2.5203598e-01  -4.3895516e-01   6.9957819e-01   2.8930719e-01  -7.6983222e-02   1.2649352e-02   1.5385241e-01  -1.0198757e-01   3.4104517e-01   1.4952616e-01  -1.7033243e-01  -1.2565738e-01   3.5920799e-02  -1.3480209e-02   2.2677159e-01  -3.4875645e-02  -4.0525199e-01  -1.5968222e-01   3.7085284e-01  -2.8452817e-02   6.3996237e-02  -7.6502640e-02   4.6137902e-01   1.6668749e-01   1.0131930e-01  -1.8232281e-01  -4.8390460e-02   1.0003720e-01   1.8352406e-01  -3.0669969e-02   5.7836077e-02   6.5356677e-02  -1.5143291e-01   1.2312886e-01  -4.2691468e-02  -2.0478405e-01  -6.1357625e-02   1.4919040e-01
   4.6470703e-01  -5.5603495e-01  -5.7953667e-01   1.1175950e-01  -7.1769124e-01   3.1476073e-02  -1.7294556e-01   9.3828637e-02  -2.4689170e-01  -2.4080221e-01   5.2326738e-01  -4.5637798e-01  -1.9469018e-01   0.0000000e+00   6.4358488e-01  -1.5656510e-01  -6.8913584e-01   4.1983082e-01  -5.8915117e-02  -6.9475806e-01   5.6487479e-01   3.8608081e-01   5.4813220e-01   3.9281902e-01  -2.3368139e-02   2.5725669e-01  -3.2459586e-01   6.4400410e-01  -2.2783160e-01   4.5030121e-01   3.9578032e-01   3.5545784e-01  -2.9282614e-01   2.2623421e-01   1.7029704e-01  -5.1673341e-01   1.6392729e-01  -1.9727454e-01  -6.5403450e-02  -7.4004866e-01   1.0544451e-01  -4.0084387e-01  -5.3207984e-01   4.8517349e-01   1.4936479e-01   2.2092774e-01   6.4741480e-02  -2.7723286e-01  -3.2602137e-01  -7.8155469e-01   4.7759910e-01   9.4829782e-02  -5.1845251e-01  -3.5227727e-01   3.5401283e-01   5.8088516e-01   1.3136068e-02   2.5033243e-01   4.0882566e-01   2.2282017e-02  -3.4780645e-02  -3.6369186e-01  -5.6705377e-01   1.1067149e-01   1.0179633e-01   2.1085882e-02   8.8309898e-02  -1.5437316e-02   3.5483921e-01  -3.1614079e-02  -4.6667371e-01   3.0944077e-01  -1.2938177e-02   4.9944606e-01  -3.1766586e-01   3.7039873e-01   9.5245466e-02   3.4890542e-01  -7.5646619e-01  -1.5953572e-01   6.2019000e-01   6.4936809e-02   3.5243987e-04   3.2388885e-01   5.0740920e-01   5.3040664e-01   7.2829231e-02   5.3156199e-01  -2.1882975e-01   4.1275552e-01  -7.3139809e-01  -4.3498914e-01  -3.9053061e-01   1.2241092e-02   9.0132926e-03  -7.8851881e-01  -4.5843551e-01   9.0953905e-02  -1.4583220e-01   5.1232848e-01   8.0842373e-01   2.9552498e-01   8.0206720e-01   2.1787419e-01   5.6709698e-01   3.2373171e-01  -4.5438695e-01   1.4526888e-01   2.0976314e-01   1.3208703e-01  -1.9230203e-01   3.4735821e-01   1.7496006e-01   2.7090690e-01   5.1964892e-01  -6.4141200e-01   1.0034637e-01  -5.3791886e-02   4.3258055e-01   2.0650357e-01   4.0370214e-01  -7.2331938e-01  -5.0299317e-01  -1.0363765e-01   2.4533852e-01   7.4923485e-01   1.2781170e-01  -4.3251176e-01   2.3872387e-01  -3.4295890e-01  -3.2377688e-01   2.5936519e-01   3.8174774e-01  -3.5389517e-02  -4.7739155e-01   4.4160701e-01  -4.5502138e-01   2.2682236e-01   3.8772614e-01  -3.6619308e-02   4.4061284e-01  -3.6221487e-01   2.5266490e-01  -1.7661735e-01   6.5079417e-01   7.0030124e-01  -3.2056147e-01   2.6645005e-01   2.5682523e-01   3.7238257e-01   5.6995623e-01   7.5106961e-01   3.7325725e-01  -1.2357808e-02  -6.9448413e-01   3.6901420e-02   1.8269636e-01   3.2963756e-01  -4.2602424e-01   7.5176990e-01   3.3308241e-02   5.5342693e-02  -1.7356007e-01   5.4881454e-01   1.5969877e-01  -3.7927216e-01  -3.7284879e-03   6.8481285e-01   3.2189720e-01  -3.6287637e-01  -6.2521611e-01  -1.7916075e-01   1.8560551e-01   6.2126547e-02  -1.1826959e-01  -1.6484821e-01   1.4510893e-01
