   0.0000000e+00   3.5908460e-02  -1.6252802e-01   1.0828453e-01   9.0438420e-02  -2.6885195e-01  -8.1920199e-02  -9.7411022e-02   2.3955618e-01  -2.2864673e-01  -1.3958208e-01  -8.3416097e-02  -1.9554326e-01   1.0207876e-01   2.2001770e-02  -2.2227136e-01  -1.6773268e-01   1.8133993e-02  -5.7634590e-02  -2.8738120e-02  -3.4467178e-01  -1.2197104e-01  -1.1395724e-02   5.7172824e-01  -5.0838138e-02  -7.7609629e-02  -1.0329384e-01   2.8262117e-01  -1.7500188e-01  -2.4798366e-01   1.0298627e-01   5.5244122e-02  -3.6360990e-02  -1.2421310e-02  -1.9986327e-03  -1.3520021e-01  -2.1426002e-02   1.5100948e-01  -3.6065457e-01  -3.6080162e-02  -3.6661478e-01   2.0721071e-02  -3.4334690e-02  -7.1584740e-03   4.2650987e-02   1.4386009e-01  -1.3531504e-01  -5.4116452e-02   1.8420960e-01  -1.7169856e-01  -1.2085607e-01  -2.5902169e-02   1.0443954e-01   5.2534325e-02   2.2512870e-01  -7.1112143e-02  -2.2914100e-01   1.2275948e-01  -2.5051624e-01  -1.2237786e-01  -4.1865122e-02  -7.3752854e-02   9.5446821e-02   9.4422370e-02   2.7380239e-01  -2.3550421e-01   3.9515057e-02   4.2532416e-02  -5.8473833e-02  -1.2717213e-01   8.1781604e-02   3.1804511e-02  -2.7107843e-01   4.9926646e-01   1.1254563e-01  -2.0216404e-02  -7.1055207e-03   2.0855915e-02  -7.4228797e-02   8.4736768e-02  -4.8134968e-02  -2.3899719e-01  -3.8878944e-01  -1.4649674e-01   6.2436019e-01   9.6784619e-02  -2.0455343e-01   3.2048800e-01   6.8885808e-02   7.9663575e-01   1.7790781e-01  -8.0464832e-02  -1.3304424e-01   1.7271826e-01   1.0502393e-01   9.6279581e-02   4.9964588e-02   2.3105047e-02   3.3812659e-02  -2.8734222e-02   4.2804230e-01   4.8144587e-02  -2.8877984e-01  -1.0672664e-01   6.2510315e-02  -1.8621517e-01  -1.5258440e-01  -4.8713241e-02   1.1168654e-01  -3.1426526e-01  -1.0543731e-01  -8.5316794e-02   1.0898778e-01   7.7061039e-01   4.1263400e-01   1.2952943e-01   9.6982255e-02  -2.3934975e-01   2.9610496e-01   1.9410067e-02   7.8085525e-02   2.0431780e-01  -9.2069406e-02   2.2507458e-01   3.5673447e-01   2.2354415e-01   9.4401396e-02   8.1073011e-02   4.2050529e-02  -1.3239448e-01  -3.0966503e-01  -5.5520323e-02   3.4448350e-01  -6.2628293e-04   4.2740396e-02  -1.4621865e-01   5.7625997e-02  -1.7009024e-01  -1.2833875e-01   4.1083355e-01   5.0648510e-01  -5.9913555e-02  -2.4756314e-02  -3.1634627e-01   3.0046076e-01  -2.4525352e-02  -6.0420887e-02  -6.6884910e-03  -3.7388099e-01  -1.5123990e-01   6.1087607e-01  -2.2300715e-01   1.9077557e-01   7.7156932e-02  -6.6212457e-02   2.3655523e-01   9.3308595e-02  -1.1292279e-01  -5.7544022e-02  -2.0032360e-01  -2.7818869e-01  -1.6323030e-01  -1.4012131e-01  -9.2775514e-02   2.6322462e-01   1.2207225e-01   8.8932796e-02   4.4183740e-01   3.1159307e-01   1.5047397e-02   6.1197804e-02  -5.0544572e-02   1.3474980e-01  -1.3642363e-01   8.7711288e-02   6.8876943e-02   1.8808350e-01
   3.5908460e-02   0.0000000e+00   4.0460873e-01  -3.6842785e-01   1.9054693e-01  -4.6432712e-01   1.8316600e-01   3.6340797e-01   7.3057246e-01   2.6122117e-02  -4.0248082e-01   7.1173255e-01  -4.6755015e-02  -4.0606370e-01   4.0286818e-01   3.3383420e-02   4.1827613e-01  -5.8298201e-01  -2.4752511e-01  -7.4965830e-02  -7.3836019e-01  -6.0210080e-01  -6.0797162e-01  -6.2815802e-02   1.4029917e-01  -7.9622396e-02  -9.9164874e-02  -5.4861754e-01  -3.1535232e-01  -5.6514081e-01   1.7538031e-01  -2.8454875e-01   7.6634847e-02   5.0489203e-01   3.6531177e-01  -6.3549484e-01  -1.9549570e-01   2.3000435e-02   1.2198285e-01   4.5632518e-01  -1.2391053e-01  -1.4898811e-02   6.4484887e-01  -8.0892475e-02  -2.5126988e-01  -3.4956980e-01  -6.8932279e-01   4.3853875e-01   1.6194849e-01   3.4658278e-01  -7.1509370e-01   2.9485613e-01   8.3826650e-01   1.5920442e-01  -3.0490084e-01  -5.7744137e-02  -4.5009767e-01  -5.0995940e-01  -1.1982783e-01   9.6736977e-02  -2.5472034e-01  -2.4396049e-01   8.1588720e-01   1.8429848e-01   7.0624246e-01  -2.9678842e-01   8.5484136e-02   3.3707257e-01   5.5579939e-02  -1.0564990e-01   7.4759256e-01  -5.8694056e-01  -1.2955408e-02  -4.1786034e-01   2.0702548e-01  -2.3186415e-01  -4.1272050e-01   2.9032502e-01   4.7983887e-01   1.4028223e-01  -6.3729924e-01   1.3685867e-01  -3.8884991e-01   1.3108708e-01   3.8689524e-02  -1.4281856e-01  -1.1359974e-01  -2.0605430e-01   6.5441027e-01  -1.2262742e-01   5.9830721e-01  -1.1089587e-01   4.6367705e-01   5.5360975e-01   4.3306142e-02   5.6634534e-01  -4.3047801e-01   1.1099253e-01   4.2451361e-02  -4.3668858e-01  -2.5209752e-01  -3.6782412e-01  -5.2065765e-01   1.2144465e-01  -7.3752257e-01  -1.3695108e-01   2.5175824e-01  -8.2945242e-02   2.5255237e-01   2.6174843e-02  -2.4161152e-01  -5.8348530e-01  -1.3987473e-01   3.2145492e-01  -5.7085644e-01   5.5029668e-01   3.6300360e-01   1.2073981e-01  -2.1413881e-01  -4.4472607e-01  -2.4742804e-01   6.0979495e-01   4.6260968e-01   8.5577992e-02  -1.6752752e-01  -5.6431816e-01   1.7581051e-01   2.7772503e-01  -3.4891457e-01   4.6557288e-02  -5.4993649e-02  -4.4901135e-01  -1.5884363e-01   3.3211173e-01  -7.6143822e-02  -6.5114657e-02   5.7669250e-02  -3.6499047e-01  -1.0480509e-01   4.2074750e-01   6.3423096e-02   1.4259005e-01   1.6155069e-01   4.0794336e-01  -5.8013042e-01  -6.1591480e-01   3.3940355e-01   2.2756935e-01  -3.1697516e-01  -1.0882517e-01  -3.1508580e-01  -2.2901643e-01  -1.7648811e-01   7.2079343e-02   7.6643485e-01   2.8752943e-01  -8.0394316e-02  -2.4365396e-01  -1.0518626e-02  -6.6079491e-01  -6.7750538e-02   1.7133924e-01  -2.6657739e-01  -8.0451456e-01  -1.2730333e-01   5.3558106e-01  -1.5778372e-01  -2.7998538e-01  -1.6805814e-01   6.7634421e-01   5.8665771e-01   2.8837531e-01  -1.1604523e-01   6.7115828e-01  -8.1378387e-02   1.8166240e-01  -3.4655186e-01
  -1.6252802e-01   4.0460873e-01   0.0000000e+00  -1.2225738e-01   1.7386890e-01   1.2758042e-01  -2.1203952e-04   1.7759052e-01  -1.2348643e-02   4.3593410e-02  -3.5032329e-01   5.7633415e-01   4.2477785e-02  -3.3172210e-01  -2.0378029e-02   4.8435991e-02   9.6575349e-01  -3.3253443e-01   2.9254873e-01   9.6695145e-02  -4.0807421e-01  -3.3637309e-01  -4.1180410e-01  -3.2162017e-01  -1.7749119e-01   7.0497729e-02   2.4045172e-01  -4.3491299e-01  -2.4813573e-01  -6.0565937e-01  -3.2284320e-01  -3.0610778e-03   3.1415350e-01  -1.8260004e-03  -3.9350215e-02  -3.0290062e-01  -1.6666303e-01   3.3909179e-02  -1.6534598e-02   4.5659832e-01   1.1899421e-01   2.9036667e-01   2.8286915e-01  -2.4121360e-02  -1.0638557e-01   2.0622803e-02  -3.5040700e-01  -1.7052041e-01   1.2002369e-01   5.3577739e-01  -2.1725360e-01   1.2101372e-01   8.8943580e-02   5.7402096e-01  -1.9946587e-01   5.6756516e-02   2.7866640e-02  -2.8124205e-01  -2.5003387e-01   3.8509314e-01   3.8042040e-01  -8.5905624e-02   2.3416749e-01  -2.4880235e-01  -7.6502328e-02  -4.0218269e-01   4.0714608e-01   3.1677737e-01  -8.9355489e-03   4.9156483e-01   1.7810016e-01  -1.5684896e-01  -3.0646530e-01  -1.1480383e-01   4.2281769e-01  -7.7788360e-03   1.5043984e-01   2.2147722e-01  -6.0195651e-02   1.4344025e-01  -4.4422654e-01  -1.8481019e-01   1.0757108e-01   1.7683173e-02  -9.9338523e-02  -2.7698747e-03  -6.8541654e-02   4.6918177e-02   5.2159135e-01  -2.1427264e-01  -5.5554012e-02   6.2050669e-01   1.6836294e-01   2.0761750e-02   1.4728556e-01   3.4641816e-01  -3.2346096e-01   2.9144556e-01   7.2091975e-02  -3.2314912e-01  -2.4771170e-01  -1.0180690e-01  -2.9372965e-01   3.0134691e-02  -3.1604245e-01   1.0298940e-01   6.7400291e-01  -1.5525046e-01   2.5857773e-01   4.1168294e-01   1.3568450e-01  -2.4277257e-01   2.1618540e-01  -2.6546213e-02  -3.5237271e-01  -1.3182081e-01   3.3003890e-01  -9.2981664e-02   1.0051855e-01  -1.7380250e-01  -2.8314628e-02   1.6458884e-01   4.6951949e-01  -3.0014257e-01   1.0167296e-01  -2.4461941e-01  -1.5710995e-02   6.1537207e-01  -7.7643410e-02   5.7355591e-01  -6.7203377e-02  -3.2680962e-01  -2.8867292e-01   9.6311666e-02   8.4638934e-02   3.8806612e-02   2.6736524e-01  -1.3226013e-01  -8.4653922e-02   3.3289582e-02  -1.9558541e-01   2.6688093e-01   2.4578088e-01   7.1527106e-01  -3.9244879e-01  -3.9527154e-01   4.1144318e-01  -2.9483257e-01   7.0390838e-02  -1.5888989e-01  -2.0654336e-01  -1.6045239e-01   3.2978832e-03  -1.4337842e-01   6.7737022e-01  -6.1063159e-02   6.7871608e-02  -2.5571305e-01   5.8522317e-01  -5.6921366e-01   2.7079420e-01   1.0660147e-01  -2.5655194e-01  -4.2546186e-01  -1.7946405e-02  -1.7605862e-01  -2.7237326e-01  -3.4110652e-01   2.4674140e-01   3.9306681e-01  -5.3025344e-02   2.6630551e-01   6.1682444e-03   6.3905987e-01  -2.4144370e-01   5.6840743e-01  -2.4281146e-01
   1.0828453e-01  -3.6842785e-01  -1.2225738e-01   0.0000000e+00  -3.7957481e-02   2.0267885e-01  -1.6335487e-01  -2.0839236e-01  -2.7892875e-01  -2.7554208e-02   1.2330834e-01  -1.5997509e-01  -7.1904182e-02   8.2021036e-02  -4.7113009e-02  -1.2170152e-01  -1.3705269e-01   6.7249735e-01   2.6060583e-01   3.1659352e-01   3.6728735e-01   6.4343183e-01   4.2247931e-01  -2.1828600e-01  -3.1916213e-01   2.0982431e-01   1.0872137e-02   1.9319926e-01   2.6439001e-02   2.9574676e-01   6.2358862e-02   4.7764878e-01   3.8036913e-02  -9.0562358e-02  -1.3796099e-02   2.3631742e-01  -2.0126295e-01  -1.8647245e-01  -5.3027918e-02  -5.2779827e-01  -3.4351326e-02  -1.2859061e-01  -1.0016521e-04   2.1490662e-01   5.0654310e-01  -2.5428035e-02   4.0608144e-01  -1.8707062e-01   1.6329317e-01  -1.1451250e-01   5.1881653e-01  -3.2287756e-01  -4.0529500e-01   3.1884837e-01  -1.2146867e-02   9.0458009e-02   1.2759818e-01   6.3354810e-01   1.8767655e-01   2.7016356e-01   1.0484693e-01   4.6211105e-01  -2.5033276e-01  -1.3229275e-01  -7.7916287e-02   1.9443958e-01   1.7160287e-01   3.9630993e-01   3.0866903e-01   2.8072532e-02  -4.3315985e-01   7.6917828e-01  -2.3711512e-02   2.2711501e-01   1.9695733e-01   2.5154326e-01   4.9648837e-02   5.8311218e-02  -6.2402711e-02   1.3455161e-01   2.9407732e-01  -2.7440286e-02   2.4835069e-01  -2.2557222e-02   8.2001987e-02   2.3353277e-01   9.1249810e-04   5.6365036e-02  -5.1542872e-02   8.6604960e-02  -3.8530604e-01   2.3746025e-01  -2.2363609e-01  -3.0102626e-02  -2.5019209e-01  -2.8101617e-01  -8.5513013e-02   1.9540568e-01   4.8628325e-01   3.2060756e-01   2.0347669e-02   3.0781642e-01   3.3289667e-01   3.3780448e-01   6.1039431e-01   6.2939517e-01   9.1345869e-03   5.7342657e-02  -2.5748676e-01   1.0103659e-01   2.1795036e-01   4.8577778e-01   6.6269865e-01  -1.7446383e-01   1.4557419e-01  -2.1902488e-01  -1.3062642e-01  -1.0039319e-01  -8.7807626e-03   8.3753940e-01  -1.8431152e-01  -3.2328009e-01   1.0037188e-01   8.8233478e-02  -7.8517057e-02   4.0487621e-01   2.8489461e-01   3.4233261e-01   5.7773767e-01  -4.2002595e-02  -1.5702804e-01   3.3024797e-01   3.5619862e-01  -6.6513322e-02   2.9090213e-01   1.9457957e-01   3.8829643e-01   5.5488210e-02   7.6544261e-02  -3.7743103e-01  -2.6307323e-01  -4.5049260e-02   2.3490827e-01  -2.4767066e-01   5.3898358e-01   4.7509096e-01  -1.3409110e-01  -1.4788514e-01   1.9002345e-01   2.1616716e-01   7.8392456e-02   1.6977421e-01   2.1137393e-01   6.6960294e-03  -3.5617172e-01  -1.8433534e-01  -2.5800507e-01   1.2133451e-01   2.1370268e-01   3.9969792e-01   9.8821551e-02   8.7654525e-02  -1.5978575e-02   5.4960096e-01   4.5656495e-01  -2.0241243e-01   3.3317450e-01   2.4366713e-01   1.9866276e-01  -3.1664939e-01  -1.8739610e-01  -4.5611740e-01   6.2283767e-01  -2.6058326e-01  -1.1050506e-01   1.6833184e-01   7.0956819e-01
   9.0438420e-02   1.9054693e-01   1.7386890e-01  -3.7957481e-02   0.0000000e+00  -1.1959344e-01  -1.6335157e-01   1.4295625e-01   3.3160009e-01  -1.1252464e-01  -1.1068948e-01   4.5433837e-02   3.9205950e-01  -1.8658191e-01   3.0846856e-02   2.6657794e-02   1.9083141e-01  -2.9940135e-02  -6.4977605e-02   7.3644838e-01  -2.9982001e-01  -1.0162251e-01  -2.0006970e-01   7.6681980e-02  -4.0104650e-02  -1.5009165e-01   3.0098457e-01  -1.9374785e-01  -2.7891630e-01  -1.3634201e-01   6.6063195e-02   2.7873667e-02   5.2824634e-02  -9.3465601e-02  -2.2053507e-01   2.7091165e-01  -1.1207322e-01   4.6519866e-03   1.0544832e-01   5.0264752e-01   3.6689409e-01   1.9873502e-01   9.1281365e-02  -4.5250871e-02   1.8754088e-01  -9.0427424e-02  -3.6414236e-02  -9.7106335e-02   6.4482215e-02   9.6105765e-02  -2.2583225e-01   1.3666811e-01   1.5548142e-01  -2.1842951e-01  -2.9309218e-01  -1.1834773e-01  -1.7898245e-01  -6.3824433e-03  -1.0363566e-01  -9.8244569e-02  -1.2641247e-01  -2.1788793e-02   3.6152709e-01   2.3780696e-01   1.7563606e-01   8.2805599e-02   3.1974523e-01  -8.3151467e-02   2.4641049e-01   8.4049404e-02   2.3500178e-01  -1.6690754e-01   1.4205103e-01  -1.0703788e-01   1.2746011e-02  -2.0683939e-01  -1.2666941e-01  -2.9155735e-02   2.7196473e-01   3.8930223e-02  -3.4983651e-01   1.5461751e-02  -3.5481196e-01   2.1522145e-02   5.0859836e-03  -7.9874134e-02  -2.1634910e-01  -1.9209399e-01   1.7495638e-01   1.1490593e-01   3.1866061e-01  -1.2911380e-01  -2.1069641e-02   3.9372365e-01  -9.3628873e-02   5.7024843e-01   1.7703067e-01   2.7033840e-02   2.1009729e-01  -2.6111511e-01  -1.1768282e-01  -2.1336276e-01  -2.8292674e-01  -2.2041023e-01  -2.1266089e-01  -8.4825882e-03  -4.8170367e-02   1.2339171e-01   2.2917040e-01   1.2657295e-01  -3.7833916e-01  -2.4640906e-01  -8.8812395e-02   1.3197691e-01  -1.0350996e-01   1.6228123e-01   1.0807920e-01   2.9250331e-01  -1.4895468e-01  -6.8843885e-02  -1.6897701e-01   4.0681453e-01  -2.1299675e-01   7.0376417e-02  -5.2781465e-02  -1.4394706e-01  -4.4024090e-02   1.0553234e-01   6.2686033e-02   1.6587843e-01   2.6422107e-01  -5.7332667e-02  -6.8815577e-02   6.2697074e-02   8.4830450e-02   3.7083369e-02   4.6817399e-02  -2.2666800e-01  -7.4742795e-02  -1.1508236e-02  -1.6009985e-02   3.5922190e-01  -6.6328358e-02   6.6793741e-02  -2.5820771e-01  -3.5766784e-01  -6.8762359e-02   4.6842798e-01  -2.4713018e-01  -3.8627315e-01  -5.3363835e-02  -9.9544601e-02  -2.2304386e-01   6.2632200e-02   4.2681578e-01   2.0270184e-01  -1.1654044e-01  -7.2867172e-02  -4.7920766e-02  -3.0517381e-01  -1.4458166e-01  -9.9986770e-02   6.6449276e-02  -2.4964530e-01   3.2421257e-01   5.6281438e-02   1.9088579e-03   4.0535993e-02  -1.7741386e-01   4.4717757e-01   1.2819228e-01  -1.6168760e-02  -1.3876299e-02   1.8446799e-01  -2.5432320e-01   9.3317760e-02   1.3001205e-01
  -2.6885195e-01  -4.6432712e-01   1.2758042e-01   2.0267885e-01  -1.1959344e-01   0.0000000e+00   3.7845110e-01  -5.0981609e-01  -6.4454733e-01   3.7834239e-01   5.6212777e-02  -1.0520198e-01  -1.7711278e-01   8.7897159e-02  -9.6062366e-04   2.0127897e-01   2.6390792e-02   3.5919173e-01   5.7654428e-01   2.2009688e-01   4.9529047e-01   3.1068054e-01   5.3255905e-01  -5.0786711e-01  -3.3247338e-01  -1.2329786e-01   4.9294429e-01   2.3882955e-01   1.8998298e-01   4.6055565e-01  -1.4522008e-01  -9.6070974e-02   2.5932811e-01   6.9670472e-03   2.6971528e-02   4.7907663e-01  -1.0104256e-01  -2.4274259e-01   1.8950138e-02   3.9453842e-02  -5.2376502e-02   1.7998789e-01  -2.8821613e-01  -7.6943901e-02   2.0698888e-01   8.1912532e-02   4.3178129e-01   5.5160022e-02  -3.0624145e-01   4.8811497e-02   5.2370060e-01  -5.2413003e-01  -4.8649143e-01   2.1170425e-01  -2.8897395e-02  -1.7577953e-01   6.1800190e-01   1.6488406e-01  -3.1520194e-02   3.9200744e-01   2.4495476e-01  -9.1959394e-03  -5.8808975e-01  -3.9069610e-01  -5.3260041e-01   2.3744729e-01   5.0110423e-01  -1.0744957e-01  -2.1664429e-01   4.7873605e-01  -3.8971723e-01   3.3683594e-01  -9.6729551e-02   2.2701692e-01  -1.6512259e-01  -1.6724029e-01   3.2433632e-01  -2.8959219e-01  -1.0285983e-01  -4.3040094e-01   6.1498803e-01  -3.3546353e-02   6.5030025e-01  -2.9229306e-01  -1.1291208e-01  -2.4272748e-01   3.6382574e-01   1.5259905e-01  -3.4006709e-01  -2.4560250e-01  -5.8703790e-01   2.7437588e-01   1.7006629e-01  -4.5976597e-01  -2.2344414e-01  -2.8838002e-01   8.8038269e-02   1.3156980e-02  -3.9660511e-02   5.0462977e-01   1.7600208e-01   8.3327677e-02   2.1874023e-01   2.7512671e-01   3.6775275e-01  -9.9039522e-02   1.8340846e-01  -2.6821047e-02  -3.5010095e-01   3.8272117e-01   7.4748239e-01   4.7312702e-01   2.4974815e-01  -5.2717205e-01   3.9282241e-01  -2.3092617e-01  -3.1691176e-01  -2.2575224e-01   4.1341772e-01   1.6248477e-01  -3.7864687e-02  -5.8745512e-01  -7.3034811e-02  -1.6481867e-01   1.7094215e-02   1.3897179e-01   1.6000637e-01  -1.2821058e-02   1.4106482e-01   3.5869307e-01   1.7984743e-02   4.2505478e-01  -9.4833301e-02  -1.1478177e-01   3.7154545e-01  -3.7606653e-01  -1.2441030e-02   5.2473189e-01  -4.0930422e-01  -5.6336817e-01  -4.3792112e-01  -2.6255191e-01  -2.6492985e-01   2.8762519e-01   4.2034436e-01   3.2875128e-01   3.2647676e-01  -2.7481730e-01   7.5376667e-01   4.1569218e-01   8.9754624e-02  -1.2478260e-02   1.1854255e-01  -9.0042835e-02  -3.5448489e-01  -6.5628135e-01  -2.1216287e-01   1.1546750e-01   7.1633446e-02   3.4883472e-01   3.2143465e-01  -3.0657114e-01   6.2467496e-02   4.6682328e-01  -1.5342403e-01  -2.3143169e-01   3.9028023e-01   8.7519795e-02   1.8136896e-01  -3.9759133e-01  -1.9625978e-01  -3.2872104e-01   1.1936637e-01  -1.3028924e-01  -9.7467004e-02  -1.6342381e-01   1.2338499e-01
  -8.1920199e-02   1.8316600e-01  -2.1203952e-04  -1.6335487e-01  -1.6335157e-01   3.7845110e-01   0.0000000e+00  -5.5880234e-01   5.8800784e-02   5.1256611e-01  -2.9724578e-01   2.1098762e-01  -9.5194295e-02  -2.6467743e-01   5.3961183e-01  -4.0242974e-02  -4.6704210e-02  -7.0059964e-02  -1.2118074e-01   1.0227332e-01  -6.3622601e-02  -2.2498110e-01   2.6559995e-01  -1.7193663e-01   6.0335259e-02  -6.2642838e-01   4.3913588e-01  -2.8351608e-01   2.6386341e-02   5.9809106e-02   2.5211320e-01  -3.5739227e-01  -1.3267225e-01   6.2902808e-01   4.7697606e-01  -5.2307906e-02   1.8220253e-02   6.3490706e-03  -2.3876991e-01   2.3540772e-01  -1.4885965e-01  -2.0322723e-01   1.0830977e-01  -6.0586492e-01   1.0344092e-01  -1.1513497e-02  -2.7720500e-01   7.9242856e-01  -3.2872440e-01   1.3668657e-01  -1.9520842e-01  -5.3304288e-01   2.4172972e-01  -1.2325074e-01  -2.8631089e-01  -5.5270110e-01  -4.6950298e-02  -1.4278247e-01  -1.9903341e-01   1.7059764e-01  -7.8669065e-02  -1.2777693e-01  -3.5081729e-02  -2.2096344e-01   9.7031209e-02   1.1239856e-01   1.1118250e-01   2.4213214e-02  -2.9177925e-01   3.6935503e-01   3.5587060e-01  -9.3073055e-02   4.0417437e-02  -2.1623669e-01  -1.8706551e-01  -3.1125794e-01  -5.0367092e-03  -4.2068233e-01   2.7414500e-01  -4.3005891e-01   3.2154072e-01   1.5277075e-01   1.1141221e-01  -6.1163910e-01  -1.6381243e-01  -1.8771431e-01   3.6195223e-01  -2.4099397e-01  -1.9217073e-01  -9.1121727e-02  -2.1816442e-01  -2.1003798e-01   7.5106209e-01   8.5500321e-02  -7.1411774e-02  -1.5081291e-02  -2.2146450e-01  -2.2729513e-01  -1.4005617e-01   4.5969520e-01  -4.5424246e-02  -5.3509957e-01  -3.5956265e-01   1.6845156e-01  -1.2665531e-01  -3.7939382e-01  -1.9664051e-01  -3.9484667e-01  -3.3455377e-01  -1.1737379e-01   4.4709455e-01  -2.0094738e-01  -8.8208465e-02  -8.9448220e-02  -3.5874864e-02   2.7323079e-01  -3.6185684e-01   5.0328735e-02   1.4998556e-01  -2.4546778e-01  -2.5562707e-01  -2.8699930e-01   1.1794364e-01   2.4390639e-02   1.0648433e-01  -5.4124972e-01   3.3451077e-01  -9.8065279e-02  -3.5223303e-02   2.7902281e-01  -1.4891189e-01   6.8977913e-02  -3.7219087e-01   3.0192889e-01   1.8633946e-01  -5.7630761e-01  -8.1873773e-03   4.6704673e-01  -6.1574688e-01   6.8968135e-02  -4.1490840e-02  -1.1964606e-01  -3.7851957e-01   3.8745172e-01   5.7635668e-02   2.2658600e-02   5.9765355e-01   9.0509912e-02   5.4378307e-01   6.7138246e-01  -1.1566714e-01  -2.9616675e-01  -2.4346589e-01   8.8871661e-02   4.1701923e-02  -1.1270328e-01  -3.2138795e-01  -2.2834791e-02  -2.1149212e-01  -1.5330103e-01  -1.6764347e-02  -3.9003558e-01   8.0077605e-02  -3.8210749e-02  -4.0287149e-01   4.8201080e-01   2.5930142e-01  -5.2163801e-02  -1.8448848e-01   2.6390204e-02   4.3849751e-01  -8.6545802e-02  -2.8020466e-03   1.1441475e-01   1.2650778e-02  -2.7411918e-01  -2.0685663e-01
  -9.7411022e-02   3.6340797e-01   1.7759052e-01  -2.0839236e-01   1.4295625e-01  -5.0981609e-01  -5.5880234e-01   0.0000000e+00   3.1896019e-01  -2.8911790e-01   2.1620395e-01   1.4253974e-01   6.9383252e-02   8.9170096e-03  -1.4524258e-01   3.0280335e-01   2.2943266e-01  -3.6011741e-01  -9.8084076e-02  -2.1162935e-01  -3.0116424e-01  -1.2376037e-01  -4.7457533e-01   3.3057074e-02   1.1098458e-01   5.0865805e-01  -3.6203956e-01   1.9245345e-02  -2.7966941e-01  -3.0302440e-01  -7.7337920e-02   1.6998425e-01   2.5303083e-01  -2.4389013e-01  -2.9528775e-01  -2.7022100e-01  -6.6507000e-03  -6.9764928e-02   4.3474562e-01   6.7055028e-02   6.0716764e-02   2.8538720e-01   2.0197192e-01   6.7135367e-01  -2.8203824e-01  -2.5373374e-01  -6.3194789e-02  -3.6168061e-01   1.3636328e-01  -2.8214083e-02  -2.4767804e-01   8.8470683e-01   1.9875669e-01   1.7861210e-02  -6.0372754e-03   6.6229732e-01  -1.8420232e-01  -2.2279676e-01   2.2389562e-01  -2.3643233e-01  -8.1225327e-02  -7.5557327e-02   4.5946791e-01   4.6013954e-01   2.0106914e-01  -1.3037676e-01  -1.8912945e-01   2.6653459e-02   3.5272744e-01  -3.7379875e-01   8.4006100e-02  -3.2569146e-01  -1.1643594e-02  -1.4311810e-01   5.7548938e-02   1.5007955e-01  -1.8445696e-01   6.7450459e-01  -5.7258731e-02   2.7221409e-01  -4.3903272e-01   6.7456688e-02  -2.7277313e-01   8.0794281e-01  -5.8263651e-02  -7.7343641e-02  -3.1817139e-01   8.2646056e-02   2.7984036e-01  -1.8595192e-01   5.6436338e-01   3.8229229e-02  -3.3752612e-01   1.3162137e-01   5.2231686e-02   1.9113037e-01   2.1755683e-02   4.2964254e-01  -9.6069157e-03  -5.9053118e-01  -1.3551246e-01   3.2046583e-01   9.4303098e-02  -1.7376482e-01  -3.3568480e-01   3.4572208e-01   2.5817848e-01   5.3356054e-01   3.5475374e-01   2.7154457e-03  -4.4923632e-01  -1.7715227e-01  -2.5945109e-01   6.5402165e-02  -2.6496398e-01  -1.7298150e-02   6.3506529e-01   6.0298658e-02  -2.8289709e-01  -8.0791628e-02   2.4114824e-01   5.1239712e-01  -5.4712559e-02   3.7463995e-02  -2.1717346e-01   8.6917674e-02  -2.2131981e-01   6.5554894e-03  -1.9299295e-01  -2.2340504e-01   2.1337874e-01  -3.3475425e-01   5.5076050e-02  -1.3219103e-01  -2.8117855e-01   6.2183400e-01  -1.8772248e-01  -4.5675491e-01   5.8531243e-01   1.2513247e-01  -3.4878237e-02   1.3108152e-01   5.3162310e-01  -8.2668964e-02  -3.7625855e-01  -3.5974611e-01  -3.2607158e-01   3.6164529e-02  -5.2605742e-01  -6.1703825e-01  -1.3124454e-01   4.6174121e-01   2.3607086e-01   7.3774324e-03   2.7409069e-01   1.1976522e-01   3.0466937e-01  -5.1626755e-03   5.8218058e-02  -9.5792710e-02   1.8134699e-01   6.8997742e-01  -1.9646305e-01  -4.1175163e-01   2.0652031e-01  -1.2227473e-01  -1.8111298e-01  -1.5296218e-01  -4.2426320e-02   1.8365974e-01  -1.1177189e-01   1.8055435e-01  -2.4665154e-01   1.3223491e-01  -2.4049484e-01   1.8872401e-01  -6.1128420e-02
   2.3955618e-01   7.3057246e-01  -1.2348643e-02  -2.7892875e-01   3.3160009e-01  -6.4454733e-01   5.8800784e-02   3.1896019e-01   0.0000000e+00  -3.1680775e-02  -2.2799272e-01   2.6241372e-01   1.0995797e-01  -3.2840194e-01   3.8123139e-01  -1.3084050e-01   8.8148380e-03  -2.7435977e-01  -3.9661325e-01   6.4895619e-02  -7.1347392e-01  -4.8691800e-01  -4.0823060e-01   3.1565623e-01   3.2209411e-01  -1.5631252e-01  -1.6294661e-01  -3.4609232e-01  -2.1718406e-01  -3.9205127e-01   4.8558244e-01  -1.7588171e-01  -1.7748307e-01   2.9245298e-01   1.6011625e-01  -2.9836928e-01  -1.1148131e-01   9.1677204e-02  -9.0007902e-03   2.4694499e-01   7.8071695e-03  -1.8636665e-01   5.1671224e-01  -8.9955682e-02   2.3426039e-02  -2.0816253e-01  -5.4117868e-01   3.4286065e-01   1.1205906e-01   3.7451651e-02  -6.0713677e-01   3.3542620e-01   7.2954312e-01  -1.8062258e-01  -3.2587028e-01  -1.0552980e-01  -5.4205830e-01  -2.5529819e-01  -4.2681363e-02  -2.3722954e-01  -3.4732855e-01  -9.3764918e-02   8.1056906e-01   5.5446752e-01   8.1772845e-01   1.9540229e-02  -1.0369214e-01   2.3422770e-01   1.2489071e-01  -2.2719241e-01   6.1171718e-01  -4.8129710e-01   1.6460839e-01  -2.6721127e-01  -7.0937415e-04  -3.4223666e-01  -4.1138473e-01   1.4536237e-01   4.2623634e-01   1.2772758e-01  -5.4581216e-01   1.3386106e-01  -6.4779613e-01   8.0604308e-02   1.2490073e-01  -1.3330179e-01  -2.7772292e-01  -3.1407853e-01   3.4773438e-01   1.5915975e-01   6.2954507e-01  -3.4754314e-01   1.6858594e-01   7.6346924e-01   1.7022776e-02   3.6762153e-01  -2.1721532e-01   3.0089715e-02   1.3408860e-01  -4.5358843e-01  -1.3953508e-01  -3.3743819e-01  -5.8701936e-01  -4.7387069e-02  -5.6846189e-01  -1.8485315e-01  -2.2197028e-01  -3.1129876e-02   1.1500524e-01  -3.3159010e-01  -4.6429214e-01  -5.8435964e-01  -2.1840378e-01   4.4505330e-01  -2.9718168e-01   4.5520622e-01   2.6578066e-01   2.8789099e-01  -2.2372198e-01  -3.1239442e-01  -1.8815895e-01   5.3889132e-01   4.1298456e-02   4.0796161e-01  -7.5000136e-02  -4.5558378e-01   1.6455581e-01  -4.9132533e-02  -2.0613301e-01  -8.2283515e-02  -2.2116646e-02  -2.6426309e-01  -6.7498234e-02   2.5917861e-01  -9.2857904e-02  -8.2710693e-02  -7.3934575e-02  -3.7534723e-01  -5.0447367e-02   4.5369847e-01   2.6026420e-01   1.5224940e-01   7.6864581e-02   4.8102083e-02  -3.7655333e-01  -6.1506040e-01  -3.9668435e-02   4.8884753e-01  -4.7083807e-01  -2.4485220e-01  -7.9581668e-02  -1.9312556e-01  -1.4029350e-01   2.8545108e-01   4.5279230e-01   4.8327616e-01  -2.5872927e-02  -1.0444272e-01  -1.9020386e-01  -5.3778910e-01  -2.3828730e-01   9.3107210e-02   6.4577835e-02  -6.5925975e-01   8.1533372e-02   4.5573822e-01  -5.0199601e-02  -3.4229521e-02  -1.9740153e-01   4.8879699e-01   4.0831425e-01   1.1935545e-01   1.9049388e-02   3.4774483e-01   4.1441794e-03  -5.2505453e-02  -1.4444690e-01
  -2.2864673e-01   2.6122117e-02   4.3593410e-02  -2.7554208e-02  -1.1252464e-01   3.7834239e-01   5.1256611e-01  -2.8911790e-01  -3.1680775e-02   0.0000000e+00  -2.5581431e-02   3.5460300e-02  -7.3731702e-02  -3.9580433e-01   5.0908850e-01   8.9471637e-02   1.7016179e-02   2.4845886e-01   1.6500161e-01   5.7918198e-02   4.8576836e-05  -7.0464992e-02   2.0438218e-01  -3.1748602e-01  -5.8812192e-02  -1.8444806e-01   3.2765888e-01  -1.5547448e-01  -8.8657737e-02   2.1099861e-01   4.2413175e-01  -2.6346314e-01  -1.7703840e-01   3.1280679e-01   1.0136736e-01   2.8980721e-01   2.1861886e-01  -2.6629198e-01   3.8901361e-02   8.3136289e-02   1.7011565e-01  -2.3162641e-01   1.8697385e-01  -2.5969292e-01   4.2281987e-01  -2.5219703e-02  -7.7059061e-03   4.7944083e-01  -2.0197727e-01   3.7042244e-02   1.5336931e-01  -3.0795124e-01   1.2745729e-01  -1.3158547e-01  -4.7344103e-01  -1.8418823e-01   2.8173429e-01   1.3513747e-03   1.8941713e-01   2.0117556e-01   1.1404933e-03   2.2763366e-01  -1.9158510e-01   7.9164271e-02   1.1257114e-03   4.5393198e-01   1.9650689e-01   1.0346602e-02  -2.4639721e-01   4.0040525e-01   3.6028797e-02   8.4182820e-02   2.7789618e-01  -6.1193619e-02  -3.1653137e-01  -2.7549027e-01   1.0876331e-03  -2.2020803e-01   3.9177451e-01  -4.4411009e-01   2.0594870e-01   3.1380904e-01   2.2790564e-01  -2.8598879e-01  -2.9574045e-01  -1.6405676e-01   1.2931186e-01  -4.4300020e-01  -2.0320965e-01  -1.8142629e-01  -1.2289184e-01  -1.6859720e-01   3.0271405e-01   1.1269625e-02  -2.4982484e-01  -1.8826777e-01  -2.3117626e-01   4.3409811e-03   1.5851363e-01   2.1145277e-01  -1.1807287e-01  -1.9538207e-02  -1.7714732e-01   1.5356913e-01  -9.6767857e-02  -2.2755590e-01  -2.4476672e-01  -8.5355128e-02  -2.5793314e-01   1.3460519e-01   3.9611041e-01   1.2553904e-01  -5.2600035e-02  -2.1359134e-01  -3.7341107e-03   1.8741290e-01  -6.5804413e-02   2.3838553e-01   1.0323889e-01  -1.1155143e-03  -3.1438464e-01  -2.8601803e-01  -5.2546037e-02   2.4867209e-01  -7.6853732e-02  -2.9555605e-01   5.0973574e-01  -2.4242277e-01  -1.4989610e-01   3.7329926e-01   6.6101420e-02   4.0242576e-01  -2.3039983e-01   4.3504242e-01   3.3308024e-01  -2.7252782e-01  -2.2053027e-01   3.2867384e-01  -2.6278833e-01  -1.9208753e-01  -4.0416873e-01  -7.8863300e-02  -1.2460846e-01   4.9131962e-01  -8.7008305e-02  -1.0969185e-01   4.0187402e-02   1.2605055e-01   6.4262621e-01   5.9916214e-01  -5.1466019e-02  -1.8454884e-01  -1.6519835e-01   2.2610848e-01  -3.3928282e-02  -3.4034377e-01  -1.7819094e-01   3.4822950e-01  -1.3637456e-01  -4.0105396e-02   1.1424683e-01  -1.3334930e-01   4.4156180e-01  -6.8203563e-03  -1.8561643e-01   8.3152853e-02   4.2067541e-01  -1.7776899e-01  -3.7651247e-02  -3.1576700e-02   5.2101295e-02  -2.9681241e-01   6.5563697e-02   3.1489642e-01  -2.2312985e-01  -4.2213390e-01  -7.5915374e-03
  -1.3958208e-01  -4.0248082e-01  -3.5032329e-01   1.2330834e-01  -1.1068948e-01   5.6212777e-02  -2.9724578e-01   2.1620395e-01  -2.2799272e-01  -2.5581431e-02   0.0000000e+00  -4.6569163e-01   5.8317121e-03   2.4570949e-01  -2.7625437e-01   4.3189343e-01  -3.3223446e-01   3.1438079e-01   1.1267037e-01  -1.4715462e-01   4.2864777e-01   5.1809036e-01   2.9782983e-01  -1.1370303e-01   3.7307091e-02   4.6695163e-01  -4.6749044e-02   3.6510148e-01   7.2917617e-02   3.7835343e-01   1.1302727e-02   5.0568566e-01   5.1371251e-02  -3.6954640e-01  -4.1907398e-01   4.1628365e-01   8.8850219e-02  -4.0777177e-01   4.0740592e-01  -2.3794464e-01   1.5306421e-01   3.2697353e-02  -2.7996664e-01   4.3343596e-01   5.8029087e-02  -3.2083086e-03   6.5380454e-01  -3.0069063e-01  -3.6076523e-01  -4.2276335e-01   5.6077245e-01   2.2142512e-01  -3.7502872e-01  -3.2610453e-01  -2.1172118e-02   4.4596362e-01   2.2910747e-01   4.0681999e-01   7.5533553e-01  -3.2758770e-01   4.2470888e-02   4.7459590e-02  -2.4511121e-01   3.1522784e-01  -4.0433987e-01   2.9989286e-01  -3.3259699e-01  -2.2487730e-01   4.1986436e-01  -1.0183931e-01  -3.4694935e-01   2.3800040e-01   2.4068768e-01   1.0335206e-01  -2.6916733e-01   4.0622960e-01   1.6675791e-02   2.7956076e-01  -2.6136127e-01  -7.5677862e-02   2.9918096e-01   1.2825282e-01   1.7706767e-01   3.2745440e-01  -1.5002633e-01   1.8980571e-01  -2.0699368e-01  -5.5103246e-03  -3.3225561e-01  -6.9221613e-02  -5.8775099e-02  -1.3006150e-01  -5.1056859e-01  -2.5823174e-01  -2.3461815e-01  -4.2832207e-01   4.8117138e-01   3.4258290e-01  -1.7734137e-02  -9.0408567e-02   7.0064360e-02   5.5860241e-01   4.2536235e-01  -1.8066880e-01   4.8928659e-01   3.2037410e-01  -2.8293261e-01   6.1391590e-01  -1.8184619e-01  -1.4350481e-02  -2.1802598e-03   4.8221157e-01  -1.8074751e-01  -3.5389296e-01   2.5395243e-01  -1.8974368e-01   5.6629995e-02   5.2536606e-02   2.2371495e-02   3.7656540e-01   2.9648366e-01  -2.3116082e-01  -4.0693992e-01  -2.0713744e-02  -1.9313774e-01   3.0528587e-01  -1.8597912e-01  -4.5211086e-01   2.1844176e-01  -1.0100987e-01   2.8494290e-01   4.1223171e-01   1.2772701e-01  -1.7656813e-01  -5.8155970e-02   4.8581049e-01  -2.8988839e-01   1.0936047e-01   6.1758317e-01  -4.8980548e-01  -1.8297253e-01  -3.3079495e-01   4.7249997e-01  -2.9339673e-01   9.9379235e-02   1.7428379e-01  -4.2034399e-01  -9.2419541e-02   2.5303095e-02  -2.0259405e-01   1.0234520e-01   3.2869018e-01   1.9324484e-01   4.4091859e-02  -4.2749861e-01  -3.6215977e-01   2.7599624e-01   6.6251579e-01  -1.6169065e-01   5.3221512e-01   2.8899330e-01   5.9125442e-01   1.3267301e-01   4.0450778e-01   3.3317675e-01  -3.7389789e-01   1.8942026e-01   2.0939925e-01  -3.7164704e-02  -3.4273092e-01  -4.9527151e-01  -3.7613883e-01  -1.8549516e-01  -3.8789940e-01   5.2873237e-02  -3.6006105e-01   2.9912994e-01
  -8.3416097e-02   7.1173255e-01   5.7633415e-01  -1.5997509e-01   4.5433837e-02  -1.0520198e-01   2.1098762e-01   1.4253974e-01   2.6241372e-01   3.5460300e-02  -4.6569163e-01   0.0000000e+00  -1.7368018e-01  -3.9723553e-01   4.7003896e-01   1.4106417e-01   5.5705812e-01  -4.0937041e-01   1.7338487e-01  -1.7539544e-02  -5.4469191e-01  -4.7384578e-01  -6.3366086e-01  -3.4119461e-01  -1.6578804e-01  -2.2512004e-02  -6.8115820e-02  -5.1056530e-01  -2.6115709e-01  -4.6175324e-01  -8.7152607e-02  -2.3632674e-01   3.4046883e-01   5.8569326e-01   4.7371257e-01  -6.1302393e-01  -4.3954066e-01  -3.5680976e-02   9.4549941e-02   2.9673742e-01  -1.8627143e-01   2.6466871e-01   7.0459931e-01  -1.0365087e-01  -1.4136602e-01  -3.9507509e-01  -4.6663350e-01   2.4156959e-01  -5.4649368e-02   3.7897154e-01  -4.3708355e-01   2.3477144e-02   5.2389455e-01   4.4517880e-01  -2.5905156e-01  -5.8053362e-02  -2.7960058e-02  -5.1502240e-01  -2.2388696e-01   5.6716751e-01  -1.3168619e-01  -1.8337779e-01   4.7969964e-01  -1.5650663e-01   4.1325428e-01  -2.9056484e-01   2.1301583e-01   3.6086757e-01   6.9753167e-02   2.7550685e-02   3.4681742e-01  -3.6230521e-01  -6.8471933e-02  -2.7614092e-01   3.6424693e-01  -9.3871760e-02  -3.1445017e-01   1.8417712e-01   4.3173467e-01   4.2360409e-02  -5.5792294e-01   1.9558608e-01  -1.0983102e-01   5.3280847e-02  -9.6629378e-02  -6.1034326e-02  -8.7932122e-02   1.1863504e-01   6.3481934e-01  -2.7788926e-01   2.4889072e-01   1.7413791e-01   5.3839936e-01   4.2355797e-01  -6.7647364e-02   3.9927492e-01  -5.0300498e-01   3.0266046e-02   4.4817626e-02  -2.0209135e-01  -3.3244015e-01  -2.6134587e-01  -3.2151402e-01   3.2632161e-01  -5.7414914e-01  -4.9064410e-02   5.6551514e-01  -2.4329534e-01   1.9566082e-01   3.0058466e-01   4.5922032e-02  -2.4196899e-01   1.8251647e-01   8.1288109e-02  -5.7804440e-01   2.6846322e-01   2.5704574e-01   2.7858268e-02  -1.3948372e-01  -2.7783888e-01  -3.1550460e-01   4.2860585e-01   6.3635008e-01  -7.1189009e-02  -1.9859357e-01  -3.8282992e-01   3.9783139e-01   5.7865417e-01  -2.4581948e-01   1.1651311e-01   3.2708022e-02  -4.0440733e-01  -1.0893476e-01   1.2616317e-01   1.1922477e-01  -5.2157701e-02   2.4326085e-01  -3.8938811e-01  -1.9627567e-01   2.4468913e-01  -1.4287490e-01   3.3721788e-02   1.3714001e-02   5.4184278e-01  -4.7356962e-01  -3.8689853e-01   4.3235889e-01  -4.8225671e-02   1.0540286e-02   2.0109414e-02  -3.0599458e-01  -3.6298054e-01  -1.1309943e-01  -6.7642578e-02   7.3696663e-01   8.7611555e-02  -3.0574168e-01  -1.9962747e-01   1.8125618e-01  -5.2579429e-01   2.4065761e-01  -5.9988928e-03  -5.3256690e-01  -4.8061269e-01  -1.4099411e-01   4.5970071e-01  -1.3281015e-01  -3.0056728e-01   9.1203222e-03   4.2150411e-01   6.3762201e-01   2.1349094e-01   5.3284060e-02   7.2386885e-01  -1.5081071e-01   4.3624505e-01  -3.1770590e-01
  -1.9554326e-01  -4.6755015e-02   4.2477785e-02  -7.1904182e-02   3.9205950e-01  -1.7711278e-01  -9.5194295e-02   6.9383252e-02   1.0995797e-01  -7.3731702e-02   5.8317121e-03  -1.7368018e-01   0.0000000e+00  -9.6797884e-02  -1.4464102e-01  -7.2220572e-02   5.2157019e-02  -5.4616797e-02  -2.4865297e-01   4.0103430e-01  -7.9127826e-02  -3.1042588e-02  -1.3760392e-02   7.0577751e-02   2.7397584e-01  -1.3749307e-01   2.1862867e-01  -3.2413828e-01  -7.5439388e-02  -8.2360003e-02  -1.2981733e-01   9.7710321e-02  -1.3714292e-01  -2.7718259e-01  -1.7389450e-01   2.3970434e-01   2.0592158e-01   8.5087891e-02   5.9005659e-03   1.9945513e-01   7.2837788e-01  -1.0940597e-01  -1.7077400e-02  -1.6388674e-01   1.0646358e-01  -5.7131944e-02  -3.3842671e-02  -1.9778226e-01   6.1208482e-02   8.7809226e-02  -9.9000465e-02   8.2268558e-02  -1.6455641e-01  -3.0757907e-01  -1.0544480e-01  -2.1692929e-01  -1.7060435e-01   3.7861585e-02   1.5655644e-02  -1.5850852e-01  -1.4432169e-01   3.2671016e-01   9.9225834e-02   2.9207979e-02  -1.7248676e-01   1.1574110e-01  -1.3284593e-01  -5.2765605e-02   2.5435411e-01   5.4798121e-02   6.4472223e-02   2.5983608e-02   3.2366983e-01  -2.4522720e-01  -1.2614418e-02  -1.5509797e-02  -1.1026379e-01  -1.8291360e-01   6.9812022e-02   1.9784965e-01  -2.1747444e-01   1.0525274e-01  -2.5991251e-01  -7.0562666e-02  -1.9537898e-01   3.3141997e-02   6.6646579e-02  -3.6557335e-01   2.6852135e-02   1.9718299e-02  -2.8940208e-02  -1.3326792e-01  -1.1668257e-01   1.0207835e-01  -2.2469003e-02   1.3606687e-01   3.8773383e-01  -4.5422758e-03   1.4063319e-01  -1.5163619e-01  -3.3363189e-01  -1.5371764e-01  -1.3980645e-01  -1.1786345e-01  -1.9734026e-02   1.1847246e-01  -2.6066303e-01   7.8121231e-02   2.1820474e-01  -1.0115146e-01  -3.2759607e-01  -1.5105860e-01  -5.8110475e-02  -8.1694707e-02  -2.5347508e-01  -1.5902505e-01  -4.9325525e-02   6.6169650e-01  -3.3460385e-01   2.1555237e-02  -2.1078724e-01   5.0280836e-02  -1.0343458e-01  -6.6938000e-02  -1.1554255e-01  -2.0533038e-01  -2.4349247e-01  -7.9572053e-02   1.0526427e-01   1.4038562e-01   3.2794506e-01  -1.2791248e-01  -2.4252172e-01  -8.7985208e-02  -1.1881441e-01   1.4581055e-01   2.0918849e-01  -6.6335295e-02   7.3190948e-02  -9.6472685e-02   1.8536551e-01   5.9131791e-01   6.5440019e-02   8.0606410e-02  -2.2220848e-01  -2.3638698e-01  -6.2196889e-02   1.1370029e-01  -7.9342071e-02  -3.0903618e-01  -2.7826424e-01   1.5891138e-02  -3.9787417e-01  -1.6298489e-01   1.6644940e-01   2.7576087e-01  -4.1159820e-02   1.3453870e-01  -7.2965829e-02  -1.6336045e-01  -1.1674653e-01  -2.8181337e-02   5.9029367e-02  -1.1349676e-01   1.2419919e-01  -1.9313753e-01  -2.1289868e-01  -2.7763858e-01  -3.7094484e-01   1.0317068e-01  -1.6364521e-01   1.4717024e-01  -4.6392225e-02   6.7683206e-03   1.2131165e-01  -1.6410264e-02  -2.7084430e-02
   1.0207876e-01  -4.0606370e-01  -3.3172210e-01   8.2021036e-02  -1.8658191e-01   8.7897159e-02  -2.6467743e-01   8.9170096e-03  -3.2840194e-01  -3.9580433e-01   2.4570949e-01  -3.9723553e-01  -9.6797884e-02   0.0000000e+00  -4.9225774e-01   3.4822125e-03  -3.6165962e-01  -5.0413885e-02  -5.0079705e-02  -6.9569930e-02   5.2792188e-01   2.5824814e-01   2.3342476e-01   2.4345028e-01  -7.9882350e-02   2.7428568e-01  -3.4256894e-01   6.0569939e-01   4.8759559e-02   2.2808769e-01  -2.9531711e-01   2.7198442e-02   1.3335093e-01  -4.3315728e-01   3.6954572e-02   1.0717622e-01   7.9163816e-02   4.3945169e-02  -1.0301299e-01  -2.9266081e-01  -1.7150351e-01   4.5486602e-02  -5.4734439e-01   2.1746653e-01  -2.6497231e-01   1.9410391e-01   4.2302263e-01  -2.6669671e-01   1.0631667e-01  -5.3080012e-02   8.9799304e-02   1.0257952e-01  -4.0283523e-01  -6.2150747e-02   7.6925147e-01   2.4745868e-01   6.7291180e-02   5.2909251e-02   4.6793737e-02  -3.9144868e-01   4.7333558e-02  -5.0389425e-02  -3.9027262e-01  -1.3634305e-01  -3.0964513e-01  -4.0212315e-02  -2.0363154e-01  -3.0034842e-01   1.5910815e-01  -3.3327249e-01  -2.2305083e-01   1.9625127e-01  -3.1652888e-01   3.0125968e-01   4.7727399e-02   1.4716425e-01   1.6159562e-01   8.4257611e-02  -4.5980800e-01  -9.0040690e-02   4.6545021e-01  -3.3780476e-01   2.5874482e-01   1.7962707e-01   4.2196597e-01  -5.4740744e-02   4.9713291e-01   5.1463811e-01  -3.3135843e-01   2.8316261e-01  -1.2641444e-01   2.0187659e-02  -2.2624405e-01  -4.4016464e-01   7.8601627e-03  -2.2564399e-01   2.9395693e-01  -1.4474144e-01  -3.1982630e-01   2.8759574e-01   6.2343512e-01   2.3047944e-01   6.3639477e-01  -2.3175274e-01   3.4149125e-01   3.0208987e-02   1.1261497e-02   2.1080979e-01  -1.3680822e-02  -1.0871764e-01   4.2186112e-02   2.0467888e-01  -1.7844422e-01  -2.6838273e-02   4.3471228e-01  -3.7458828e-01  -9.5645434e-02  -3.5398388e-01   2.5410632e-01   1.6323576e-01   2.1990522e-01  -5.3379915e-02  -2.1996417e-01  -1.6938747e-01   1.5958924e-01   6.2116775e-01  -4.9394875e-01  -1.1592744e-01  -5.3393350e-02  -4.1899364e-01  -2.3424313e-01  -1.2057030e-01   4.5085776e-01  -3.7670020e-01  -4.4071341e-01   6.4458821e-02  -1.1885874e-02   2.7187618e-01   1.6201383e-01  -1.3942173e-01   3.9685561e-01  -4.4438442e-02   3.7790806e-02  -5.4088820e-01   4.5153654e-01   6.0572246e-01  -1.8542701e-02  -1.2033964e-01  -2.1127627e-01  -1.2540863e-01   2.7688703e-01   5.3503571e-01   1.0688307e-01  -2.3679345e-01  -4.2726155e-01   8.4613999e-02   5.1460684e-02  -6.3005465e-02  -1.2459977e-01   6.2928093e-01  -1.5769248e-01  -1.1119591e-03  -1.6888219e-01   3.1406233e-01  -5.0963740e-02  -2.8335864e-01  -1.8522866e-01   4.8628512e-01   1.2904259e-02  -2.5975177e-01  -2.6446042e-01  -6.4231026e-02  -1.7177449e-01  -5.5082112e-01   1.4481694e-01  -7.3157459e-02   1.1241895e-01
