   0.0000000e+00  -1.3921664e-01  -1.9036738e-01   2.0580134e-01  -6.3602838e-02   1.0140159e-02  -2.1450062e-01   2.6567811e-01   2.8222380e-01  -3.1150664e-01   2.2012350e-01  -2.2104440e-01  -6.7658782e-02  -6.3245786e-02  -3.1553851e-03  -5.0407784e-02  -5.2059062e-02  -6.7450704e-02   1.6288631e-01  -1.7111108e-01   1.6906164e-01   4.0147864e-02  -7.3209098e-02   3.5131141e-01  -3.0647854e-02   2.3622660e-01  -2.4836771e-01   2.7283330e-01  -7.9454695e-02  -5.8972597e-05  -1.3042931e-01  -7.1156612e-02  -1.0497231e-01  -6.3926317e-02  -1.0061403e-01   9.5195464e-02   1.5231777e-01   4.0604373e-01  -9.5543085e-02  -2.6640192e-02   8.0090238e-03  -1.2462348e-02  -8.4807642e-02   4.4964989e-02   9.9021438e-03   1.0887710e-01   1.0124480e-01   5.1315458e-03  -1.7608810e-01  -6.7275349e-03  -1.7452963e-02   2.0986550e-01  -2.0503593e-01  -1.1529002e-01   1.6135316e-01   1.6313213e-01   8.5209379e-02   1.1563100e-01   7.1035972e-02   2.7074112e-01   3.6087322e-01  -2.0244384e-01   5.1798796e-02  -3.4445435e-02  -2.3405678e-02   1.9267298e-01   9.1590453e-02  -2.9125730e-01   5.3822112e-02   7.4828596e-02  -1.8873676e-01   1.0361612e-01  -9.9849123e-02   3.9285379e-01  -1.5640836e-01   2.0822080e-01   3.7162704e-01  -6.6764492e-02   5.3064690e-02  -6.4154206e-02   1.1699371e-01  -2.5524834e-01   1.3951459e-01   2.3098108e-01   1.2723650e-01   1.9243431e-01   9.8195316e-02   1.5396349e-01  -1.2745095e-01   5.5946587e-01   1.2849068e-01   2.3329069e-01  -2.5571609e-02   1.6281012e-01   4.0041553e-01  -1.5707079e-01  -3.5373334e-01   2.3860319e-01  -8.5658379e-02  -1.8207128e-01   3.6267974e-01   2.9004260e-02   1.7541849e-01   2.7962387e-01  -6.2235947e-02  -3.7393032e-02  -1.9180166e-01   2.0830363e-01   8.2459770e-02   2.0159505e-01  -9.2424641e-02   1.2079121e-01   4.8871139e-02   5.5259265e-01   1.0916469e-01  -4.0817077e-02   2.9410540e-01  -6.9423246e-02   2.1297063e-01   1.1819928e-01   1.9958496e-01   7.0098527e-02   1.5095525e-02   6.7767997e-03   2.9684663e-01   2.1830693e-01  -3.3457899e-01  -2.9290374e-01   2.8670647e-01  -9.7149490e-02  -2.4287210e-01  -3.9572852e-02   6.5996743e-02   6.5518268e-02   3.5744023e-01   1.8228602e-01  -1.5590233e-01   2.1118926e-01   1.7140886e-01   2.6118798e-01   1.2992669e-01   4.4267761e-03   2.4682941e-01  -1.8303594e-04   1.2922478e-02   1.2747071e-01  -2.4278551e-01   1.8745652e-01   2.0335847e-01  -1.8530885e-01   1.4605811e-01   3.1975344e-01   1.4840565e-01   1.2146872e-01   3.5849827e-02   3.0601128e-01   3.5103097e-01  -4.5941450e-02   1.9005874e-01   2.2526826e-01  -3.8207271e-01   2.2208483e-01  -5.2622486e-03   1.4310578e-01   3.0193769e-02  -2.0813961e-01   1.7821451e-01   1.3099535e-01   4.0432608e-02   1.6288388e-01  -1.5718684e-02   2.0225307e-01   1.2651986e-02   9.7359360e-02   1.2593073e-01  -4.8146862e-02   1.3407995e-01
  -1.3921664e-01   0.0000000e+00  -2.6640058e-02   1.7041031e-01   4.3847377e-01   1.3773522e-01   3.5425278e-01  -2.9987940e-01   3.8793253e-01  -8.6576870e-02   4.6638844e-01   7.3696035e-01  -3.2121486e-02   2.0104262e-01   3.0477857e-01  -8.9925963e-02   1.9722447e-02   1.7241963e-01  -2.7459244e-03  -6.1149033e-02  -3.8549712e-01  -1.6250723e-01  -3.9614943e-01   1.3999862e-01   2.0351020e-01  -2.4586334e-01   2.2176803e-01  -9.4198231e-02   9.7869705e-02   4.0464864e-01   1.7393674e-01   2.0104432e-01   6.6471638e-02  -2.4958938e-01   8.0984308e-02  -2.3862093e-02  -4.1620740e-01   2.0295177e-01  -1.0179180e-01  -1.8695934e-01  -3.2484196e-02  -9.3880930e-02   3.2773880e-01  -2.8639802e-01   1.7603164e-01   2.6715464e-01   1.3336196e-01  -2.3724781e-03   1.2765675e-01   3.9208239e-02   3.2177425e-01  -2.7317111e-01   3.7904207e-01   1.6477188e-01  -1.7590827e-01  -1.9758167e-01   8.4561140e-02  -8.8876243e-02   2.1274982e-01   3.8767837e-01   1.1131719e-01   2.7992345e-01   2.2902316e-01   3.0632173e-01   6.1013676e-01   4.6349933e-01  -1.8010599e-01   2.2966031e-01   1.4994235e-02  -1.2603356e-01  -1.5394972e-01   1.5990315e-01   5.0236771e-03  -5.9288458e-02   2.2333662e-02  -1.5289847e-01   2.6825750e-01   2.0546108e-02   3.3568616e-01   1.9659527e-01  -2.7116903e-01  -2.7926503e-02  -5.1060988e-01  -2.2703735e-01  -2.6768240e-01  -8.5034551e-02   2.7009277e-01  -4.9374792e-01  -1.0667941e-02   1.8738502e-01   5.4605171e-01  -2.0011598e-01  -1.3020774e-01   3.3055706e-01   1.7153659e-01   2.6925248e-01   3.2450306e-01  -2.1964806e-01   5.4287691e-01  -3.8772927e-01  -4.7364059e-01   2.1630892e-01  -1.3451668e-01   9.5422182e-02   2.0923183e-01  -5.5003705e-02   2.1278832e-01  -2.5760053e-01   9.2045565e-02   2.0586696e-01  -4.2125027e-01   3.0505830e-01   1.1952011e-01   2.1833190e-01  -4.7274115e-01   1.3803058e-01  -4.0012316e-02  -1.0622609e-01  -1.7927670e-01   8.9378969e-02   3.9881720e-01   4.6167770e-01  -1.5236424e-01   1.5329809e-01   3.0141533e-01   3.1633923e-02   5.9647123e-01   1.4405781e-01  -1.7628841e-01  -2.3777713e-01  -1.0436270e-01   3.6688823e-01   2.1228007e-01  -3.0551337e-02   1.2839391e-01  -5.4506509e-02   9.5107724e-02  -9.1947931e-02  -2.1242499e-01   1.4745546e-01   4.3162151e-01   5.8228266e-02   3.7550596e-01  -6.1664908e-02   4.1735662e-02   4.1270785e-02  -3.2269773e-01   1.6118916e-01  -7.7150450e-02  -1.8826196e-01  -4.1848299e-01  -2.4612070e-01   2.1646050e-01   5.4771014e-01   2.3528501e-01   3.0791704e-01   3.0959735e-01   1.3471408e-01   1.1068543e-01  -2.4289957e-01   3.3890140e-03   3.1420852e-01  -4.4630754e-01   1.9095541e-01  -3.0789784e-02   1.5909003e-01   4.8606221e-01  -6.3730748e-02   2.1482874e-01  -2.7412440e-01   8.6252121e-02   6.6206442e-02   4.8299834e-01   2.6695471e-02   1.0255847e-01  -1.2950032e-01  -9.1284641e-02
  -1.9036738e-01  -2.6640058e-02   0.0000000e+00  -3.3536133e-01  -2.8114569e-02  -8.2507812e-02  -2.0143536e-01  -1.9881985e-01  -2.2605360e-01   4.0869111e-01  -2.4514242e-01   1.4860073e-01   1.3590075e-01  -1.1621330e-01  -1.5459606e-01   2.3353494e-02   8.5071461e-01  -2.8358423e-01  -6.2020870e-02  -5.0811095e-02  -1.1995349e-01  -3.1676377e-01  -2.1034232e-01  -1.3939374e-01  -2.0779217e-02  -1.2322506e-01   3.0411055e-01  -3.4529517e-01  -2.2202280e-02  -3.3858152e-01   1.9099253e-01  -2.7616108e-01  -6.3327829e-02   2.4938113e-01   1.3639779e-01  -1.6789771e-01   5.3766736e-02  -3.7246977e-01   1.9154168e-02   5.8449535e-01   2.4971866e-02   2.0838199e-03   2.3859542e-01  -1.4893772e-01  -3.3954093e-01  -1.0867774e-01  -3.7146440e-01  -2.4562378e-01  -2.1352336e-01   7.5126945e-01  -3.6705347e-01  -1.0099440e-01   2.1404996e-01   4.6822000e-02  -1.2055092e-02  -3.0571132e-01  -1.5789855e-01  -3.7274658e-01  -2.2643436e-01  -3.1373987e-01  -8.5327426e-02  -1.5197754e-02   1.5323519e-01   1.3567521e-01  -2.1143254e-01  -5.5535360e-02   1.0884574e-01   5.8789728e-02  -4.0585077e-01   1.8551406e-02   4.1251717e-01  -3.9487986e-01   9.0197493e-03   2.8003401e-01   8.1522397e-02  -1.4071044e-01  -2.6148270e-01  -9.5279802e-02   1.3982490e-01  -4.0695869e-02  -2.8749580e-01  -1.1874305e-01   2.4042735e-01  -7.6499824e-02   5.4626200e-01  -8.8478328e-02   1.2296991e-01  -1.3376217e-01   5.7238302e-02  -2.6520394e-01  -5.3895307e-02   3.9872861e-01   4.6649304e-01  -1.5306260e-01  -4.4465731e-01   3.3668048e-01   9.6814536e-03   9.7923078e-03  -1.6274774e-01   1.1492183e-01   1.7071827e-02  -2.2292568e-01  -1.9404839e-01  -1.6006656e-01  -3.5050014e-01  -2.3010110e-01   1.9193638e-01  -4.0975703e-02  -8.8459444e-02  -2.0934556e-01   4.4122840e-01  -3.3610122e-01  -4.1700869e-01  -3.8703498e-01  -1.3329184e-02   2.3794823e-01  -2.3044956e-01  -1.2911299e-01  -1.5938784e-02  -2.8270245e-01  -2.8624709e-01   1.3338666e-01   1.9032653e-01   4.1639023e-02  -2.7965967e-01  -1.4385913e-01  -7.4448813e-02   1.8824812e-01  -2.9229230e-01   4.7220153e-01   1.5610792e-01  -4.4198024e-02   3.9717638e-01  -6.5231666e-02  -7.4328212e-03  -2.8932904e-01  -2.5365331e-02  -2.3620824e-01  -1.6739707e-01  -3.4016946e-02  -2.2712754e-01   1.5801104e-01  -3.5106263e-01   1.8911175e-02  -7.8529090e-02  -2.6953355e-01   3.7364837e-01  -6.5234217e-02  -8.3431051e-02  -2.5325169e-02   2.9029558e-01  -2.0682948e-01  -4.0931196e-01  -2.6261007e-02   6.7078075e-01  -4.7989414e-02  -4.2363143e-01  -5.2184223e-02   2.6716381e-01  -3.3028537e-01   1.9842028e-01  -3.5115367e-01   1.7148262e-01  -4.0252744e-01  -1.8979631e-01   1.6624713e-01   2.0674106e-02  -1.8863402e-01  -2.3398768e-01   2.5445280e-01   1.6167236e-01  -4.6601408e-01  -4.4279351e-01   2.5247094e-02  -7.3966665e-02   1.2926760e-01  -2.7509183e-01
   2.0580134e-01   1.7041031e-01  -3.3536133e-01   0.0000000e+00  -1.9087491e-01   3.9288023e-01   4.5305709e-01  -5.0418079e-02   3.0064969e-01  -3.3135342e-01   3.9455261e-01  -4.5423976e-02  -1.0066059e-01   2.2223456e-01   3.7414808e-01   1.2532238e-02  -4.1119312e-01   5.8722230e-01   1.0736278e-02  -2.8810575e-01   3.8747641e-02   2.7784790e-01   1.8848750e-01  -1.4727504e-01   1.7156446e-01   7.3082084e-02   6.6352388e-02   3.0163804e-01  -1.7578002e-02   5.3364800e-01  -9.6848235e-02   5.2757861e-01  -1.9197898e-02  -4.1149048e-02  -1.1795263e-01   2.3829712e-01  -1.0738592e-01   1.3283561e-02   1.9006357e-01  -4.9831458e-01   2.2469861e-01  -3.5900422e-02  -3.3285109e-01   3.0615091e-01   4.9556597e-01   2.8704068e-01   5.2555459e-01   4.3283102e-01  -1.2521781e-01  -4.6986536e-01   5.9780858e-01  -2.1311982e-01  -7.9776562e-02   7.7567360e-03   6.1236332e-02   2.9586008e-01   2.8281907e-01   1.8155672e-01   7.1893872e-01   3.7288284e-01   3.2809475e-01   6.6984938e-02  -2.6026683e-01   4.6319487e-02   1.8471288e-01   7.9315016e-02   1.8456863e-01  -1.5488807e-01   5.7919394e-01   2.3855159e-01   7.8727178e-02   7.2561560e-01   1.6519238e-01  -2.4622865e-01   2.4644987e-02   5.0864957e-02   3.4970842e-01   4.4408415e-01  -2.2411376e-01   1.3453896e-01   2.3149085e-01   3.0638038e-01  -3.8182530e-02   2.3018837e-02  -1.8967139e-01   2.3685441e-01  -2.1812754e-01  -2.0076600e-01  -2.3853819e-01  -5.6664894e-02  -1.4750525e-01   1.2823705e-01  -5.9159178e-01   1.9699725e-01   1.6804167e-01  -5.2720901e-01   5.4068910e-02  -6.1485130e-02   2.2951753e-01   1.9691616e-01   5.2543451e-04   2.6221767e-01   5.3735300e-02   2.6016580e-01   5.1704530e-01   3.3460734e-01   2.7318956e-03   6.1366149e-02   4.3149814e-01   3.9029252e-01  -2.8600086e-01   5.7171910e-01   6.1131650e-01   1.8225710e-01  -1.3569589e-01  -4.2517952e-01   1.9394129e-01   5.2562855e-02   3.2820174e-01   8.3151689e-01  -3.9157086e-02  -3.5908847e-01  -2.2289859e-01  -1.1298449e-01   1.5857441e-01   4.6539737e-01   8.0342045e-02  -9.0896654e-02   4.8112953e-01   1.2054353e-01  -2.1858041e-02   8.6311776e-02  -1.5993818e-01   3.2974405e-01   1.8256161e-01   2.8691980e-01   1.6499744e-01   4.0763073e-01   4.1637082e-02  -6.9185845e-02   2.7962087e-01  -1.2711598e-01   6.1687143e-01   3.1649364e-01   1.2079689e-01   1.9024277e-01  -3.0667706e-01   4.3511500e-02   1.6310363e-01   1.7467201e-01  -1.1039325e-01  -1.7549729e-02   2.9665932e-02   2.1986076e-01  -8.6833032e-02  -2.9455804e-01   1.3153965e-01   6.0468315e-01  -6.4998890e-02   2.6856833e-01  -1.2981432e-01   4.5365761e-01  -1.5619153e-01   7.1296264e-01  -1.4934343e-02  -2.6448787e-01   3.2546225e-01   4.1289080e-01   1.7985085e-01  -4.2290238e-01  -4.3088868e-01  -4.6508610e-02   5.5998917e-01   3.4601539e-01   2.8846279e-01   3.7586313e-02   2.7326576e-01
  -6.3602838e-02   4.3847377e-01  -2.8114569e-02  -1.9087491e-01   0.0000000e+00  -2.4680154e-01  -1.2409267e-01  -3.0809439e-01   3.2527390e-01   1.6322881e-01   1.2550428e-01   3.9227066e-01   2.3991704e-01  -2.3887963e-01  -2.2758875e-01  -1.5439085e-02   1.6107881e-01   3.4613240e-02  -1.2060664e-01   3.2010700e-01   1.1328913e-01  -3.3132761e-01  -4.4822716e-01   1.0632838e-01  -7.3945252e-02  -3.2742177e-01   1.7822431e-01  -3.8018429e-01   8.7980646e-02  -1.7748550e-01   2.9221930e-01  -2.1807133e-01   1.6489392e-01   8.9936863e-02   5.5147812e-02   3.4071418e-01   8.5357561e-02  -1.5189733e-01  -1.9816256e-02   1.3637640e-01   6.3772075e-02   1.4357041e-01   4.3676778e-01  -4.5172577e-01  -7.0180923e-02  -1.9204032e-01  -1.3108144e-01  -3.1016990e-01   1.4728641e-01   1.9844850e-01   4.2984000e-03  -2.7642467e-01   5.6490611e-01  -4.8930739e-02  -2.7678270e-01  -3.9537100e-01  -2.1836104e-01  -3.1722178e-01  -1.8094367e-01  -3.2360087e-02   1.7017123e-02   1.6740084e-01   1.4398421e-01   4.5445034e-01   4.0953122e-01   3.7886315e-01  -1.8025047e-01   1.8548476e-01  -4.6396012e-01  -4.1004555e-01  -1.8409651e-02  -1.4597690e-01   1.8544536e-01   1.1011606e-01   1.0382278e-01  -2.1430722e-01  -3.9669938e-02  -3.0634504e-01   6.4848047e-01  -9.1379282e-02  -3.8980666e-01   1.4515522e-01  -1.6902392e-01  -3.1772371e-01  -1.5096887e-02  -2.4756537e-01   2.7982768e-01  -4.2311259e-01   4.3077970e-02   1.0570625e-01   7.6627152e-01  -8.7765036e-02   2.7028018e-01   1.3346248e-01  -1.3863873e-01   7.0296869e-01  -5.9975165e-02  -1.8290704e-01   4.2621246e-01  -4.8705011e-01  -3.7146406e-01  -2.9109369e-01  -3.1000696e-01  -1.2576259e-01  -2.1613657e-01  -2.8122984e-01   8.5323027e-02  -3.5796026e-01  -2.7739949e-01  -1.4295824e-02  -1.8871784e-01  -8.6609206e-02  -2.6959888e-01  -4.1062915e-03  -3.8768028e-01   4.8561338e-01  -2.2790787e-01   1.8456175e-01  -4.3065403e-01  -1.7941317e-01   1.1047200e-01   7.3360006e-01  -7.5521646e-02   5.7763597e-02  -3.9945130e-02  -2.8142272e-01   2.4786316e-01   2.4022916e-01  -4.7514000e-01  -3.2027482e-01   2.2827272e-01   4.3037208e-01   3.7581578e-01  -2.6018567e-01  -1.3980914e-02  -2.0838435e-01   2.4404672e-01  -4.6689256e-01  -2.4595153e-01   2.0550566e-01  -3.6982337e-03   5.9007409e-02  -1.2183712e-02  -4.0478038e-01  -2.9319567e-01  -3.1612913e-01   3.8259966e-02   4.0558301e-01  -2.6714904e-02  -2.6129740e-01  -3.7533600e-01  -2.5532365e-01  -8.4107118e-02   5.0920788e-01   2.0757477e-01   2.5931012e-01  -1.1218418e-02  -6.9092141e-02   2.1066505e-01  -3.7383332e-01   6.8907154e-02   5.1899596e-02   9.5412394e-02  -1.7128928e-01   4.4179413e-02   1.3495548e-01   3.1873306e-01  -2.4732235e-01  -3.0756231e-02   2.2493728e-01   1.6962730e-01  -1.8578640e-01   2.7120154e-01  -3.7383304e-01  -6.0557603e-02   1.2935336e-01  -1.7115870e-01
   1.0140159e-02   1.3773522e-01  -8.2507812e-02   3.9288023e-01  -2.4680154e-01   0.0000000e+00   5.8565563e-01   8.4953734e-02  -1.7791097e-02  -1.4890226e-02   1.7072007e-01   1.0820143e-01  -1.8325271e-01   1.1061621e-01   5.4347757e-01  -1.3036853e-01  -1.8880438e-01   3.7850083e-01  -1.3233362e-01   1.1647096e-01   2.0957242e-02   1.1385410e-01   5.2405119e-01   1.0156969e-01   2.7731546e-01   5.1553739e-02   3.0265080e-01   4.7489590e-01   2.8051520e-01   2.9896573e-01  -4.9352248e-01   2.8428879e-01  -6.5902458e-02   2.2299428e-01  -3.1480640e-01   4.2337868e-01  -1.5333127e-01   7.3206826e-02  -1.9348043e-01  -5.0463034e-01   1.2177871e-01  -1.7480487e-01  -2.1559072e-01   3.4338223e-01   3.2562544e-01   6.1541675e-01   6.3744013e-01   6.8569652e-01   1.2299159e-01  -3.9332405e-01   4.6080259e-01  -2.0788091e-02  -1.8856463e-01   1.4889991e-01  -1.8581865e-01   3.4925744e-01   2.8451909e-01   1.4136156e-01   4.0015579e-01   3.9105042e-01   3.3578786e-01   1.8324829e-01  -3.7089158e-01  -2.3293348e-01  -1.9504454e-01   2.1649676e-01   6.4252518e-01   6.5796480e-02   6.4428066e-01   4.9527926e-01   3.4355637e-02   5.4312257e-01  -6.3100548e-02  -2.6997359e-01  -3.5769256e-01  -1.6521255e-02   4.2711908e-01   1.7377953e-01  -3.7787787e-01  -1.7900092e-01   4.0801657e-01  -5.5529149e-02  -6.5097856e-02   1.4213240e-01  -1.9756681e-01   1.7386353e-01  -5.3178000e-01  -4.0298249e-02  -3.2002674e-01   7.7978591e-02  -1.9879144e-01   2.4595079e-01  -2.4104248e-01   1.1910290e-01   3.4730160e-01  -4.1479371e-01   6.3271903e-02   2.5004232e-02   1.9261087e-01   4.2402021e-01  -6.4336691e-02   5.0901215e-01   1.1324168e-01  -1.3338201e-01   5.2822048e-01  -2.9076133e-02   4.1403903e-02   1.7588597e-01   4.2637424e-01   7.6671415e-01  -4.2359698e-02   1.5324371e-01   4.1741548e-01   3.6157480e-01   2.0689300e-01  -3.9057611e-01   1.4754857e-01  -1.5107319e-01   5.5750170e-01   2.6594435e-01   2.6531067e-01  -3.7921324e-01  -3.4156134e-01  -1.3979679e-01   4.3495316e-01   5.5009737e-01   1.8448799e-01  -5.0759119e-01   1.8342750e-01   3.8492630e-01  -3.2267767e-01  -1.4958386e-01  -4.5017724e-01   7.0100807e-01   1.8559445e-01   1.3075028e-01  -4.9729608e-01   5.6444844e-01   1.0493026e-01  -1.9857636e-01   3.2899427e-01   5.8696574e-02   4.4051374e-01   6.7485185e-01   2.3042729e-01   1.2465363e-01  -4.0320409e-01   2.2783474e-01   7.3248478e-01   1.1290298e-01   2.6280247e-01   2.0148381e-01   2.6221791e-01  -1.5379221e-01   1.5215185e-01  -1.2559317e-01   2.9679684e-01   3.0043625e-01   8.1226470e-02   3.2882702e-01  -6.2263226e-02   1.6852364e-01   2.4534498e-02   5.8844290e-01  -8.8238101e-02  -3.5674212e-01   1.9692868e-01   1.8776443e-01   3.5324801e-01  -3.1760392e-01  -2.1907510e-01   4.2891845e-02   3.3968121e-01   8.0487633e-01   9.7633857e-02  -2.6705907e-01   1.2856761e-01
  -2.1450062e-01   3.5425278e-01  -2.0143536e-01   4.5305709e-01  -1.2409267e-01   5.8565563e-01   0.0000000e+00  -1.3874548e-01   1.9302968e-01   9.9990447e-02   1.3101903e-01   3.5989405e-01  -2.1458311e-01   4.0728499e-01   6.2110327e-01  -2.0441707e-01  -3.7387853e-01   3.9119650e-01  -1.6011253e-01   2.5760152e-02  -1.1946331e-01   3.6551355e-02   5.3040893e-01  -6.9188459e-02   1.2373211e-01  -1.8808691e-01   3.1913320e-01   4.1868205e-01   2.5480183e-01   3.6671459e-01  -2.1064061e-01   2.6971760e-01  -1.9540197e-01   2.3186157e-01   1.2108151e-01   2.7151810e-01  -1.8695617e-01   1.0654020e-01  -3.1047988e-01  -4.7557691e-01  -1.0879610e-01  -3.6247057e-01  -1.5888412e-01   1.8509997e-01   5.5638260e-01   6.7219108e-01   3.9005997e-01   7.0259041e-01   2.1678625e-01  -4.7397940e-01   5.8035561e-01  -2.1995617e-01   3.5443320e-02  -1.7007349e-02  -1.6081928e-01   2.0085357e-01   1.3484975e-01  -9.3830199e-03   2.7134498e-01   4.1965160e-01   2.7734289e-01   3.0385041e-01  -3.4950108e-01  -5.0447841e-02   1.5335837e-01   3.8973297e-01   9.5250685e-02  -7.9806303e-03   3.4881449e-01   5.2111556e-01   1.2193538e-01   6.0361225e-01  -1.9132290e-01  -3.4124221e-01  -2.3697916e-01  -1.1950082e-01   3.7485379e-01   7.3103818e-02  -2.2718082e-01  -6.8811429e-02   3.7599636e-01   8.1920226e-02  -3.4233936e-01  -1.8653714e-01  -4.2424067e-01   3.6457893e-02  -2.9998835e-01  -4.1750703e-02  -4.3665105e-01  -4.7646902e-02  -1.3845614e-01   3.2263270e-02  -3.8355960e-01   1.6985228e-01   4.3251926e-01  -3.4150636e-01   2.1108045e-01  -2.4400375e-01   3.4327108e-01   3.0585901e-01  -1.3236810e-01   5.9880692e-01  -1.4067517e-02  -7.2537963e-03   5.3093714e-01  -8.6430522e-03  -7.2069796e-02  -2.3736809e-01   4.2538652e-01   4.7591769e-01  -1.1015781e-01   3.2721453e-01   3.2503540e-01   2.3315534e-01   2.0861286e-01  -4.8264623e-01   1.6124117e-01  -1.2608001e-01   2.3848684e-01   3.4493677e-01   2.1580755e-01  -2.8791509e-01  -4.8907720e-01  -2.2181006e-01   3.9133750e-01   6.2149935e-01   3.8790795e-01  -2.6479907e-01   1.9351550e-02   2.2738872e-01  -4.1291026e-01   7.1531758e-03  -3.7100843e-01   5.5352443e-01  -5.2533877e-02   3.9252145e-02  -6.5387588e-02   3.4442625e-01  -5.4266283e-02  -7.0208186e-02   2.9977857e-01  -2.1729925e-01   3.6883734e-01   4.8327771e-01   2.6658879e-01   1.4514983e-01  -3.7615424e-02   4.6521403e-03   5.0451323e-01   2.3473838e-01   1.0501314e-01  -4.8248405e-03   1.3386199e-01  -1.8702248e-02   4.9667353e-02  -2.3384053e-01   2.1640418e-01   2.7114380e-01  -9.4963956e-02   2.5442931e-01  -2.6811857e-02   1.1175492e-01  -2.6922327e-01   5.8536721e-01  -3.1601235e-01  -1.6941160e-01   3.3800176e-01   8.2417271e-02   3.0828001e-01  -5.9112198e-01  -6.6225165e-02   9.0180151e-02   4.1418773e-01   3.9880259e-01   2.0695227e-01  -1.3700649e-01  -1.3145064e-01
   2.6567811e-01  -2.9987940e-01  -1.9881985e-01  -5.0418079e-02  -3.0809439e-01   8.4953734e-02  -1.3874548e-01   0.0000000e+00   1.6316537e-01  -5.7847514e-02   1.4033019e-01  -1.9960553e-01  -2.2151023e-01   9.0873967e-03  -2.1570927e-01   8.1088063e-02  -1.5071048e-01  -3.0007631e-01   6.0669740e-01   3.3222276e-01   1.3688451e-01   5.0653954e-01   2.0248485e-01   1.3764364e-01   2.4968816e-01   8.0995964e-01  -2.3665193e-01   5.1187830e-01   2.9654752e-01   7.5960448e-02  -2.9058956e-01   8.5032023e-02   2.2209377e-01   9.0334013e-02   1.1802592e-02   1.8122717e-02  -3.1103377e-02   3.0820281e-01  -1.5794467e-01   6.3799674e-02  -1.4656557e-01   1.7041918e-01   3.4361712e-02   2.7374174e-01  -4.8671827e-02  -2.3889513e-01  -2.0978330e-02   2.6809665e-02   3.7186491e-02  -2.3000798e-01  -2.1118651e-01   9.1323338e-01  -2.7427502e-01   1.7964922e-01   2.1506320e-01   4.3655311e-01   3.5981818e-01   5.5465325e-01  -1.0343328e-01   7.8569829e-02  -2.9251899e-01   1.1327368e-01   2.6327592e-01  -2.9737696e-01  -1.9983599e-01  -1.1839098e-01   4.1817348e-01  -6.1691543e-02   2.3664720e-01  -1.1489458e-01  -1.4798906e-01  -6.3358634e-02  -2.9340875e-01   4.4835510e-02   1.2920308e-01   6.8160495e-01  -9.1144457e-02   1.3128752e-01  -1.4017211e-01   2.2217835e-01   5.6891839e-01  -4.3855049e-01   1.5654130e-02   8.3398415e-01  -1.0813404e-01   3.5829227e-01   5.0493842e-02   1.7056189e-01   1.2082088e-01   4.9717612e-02  -1.7220507e-01   3.3410582e-02   2.1146392e-01   1.3273334e-01   1.1763686e-01  -1.7255805e-01   8.9627991e-02   7.2819592e-01  -1.3442248e-01   1.7620088e-01   3.2025117e-01   2.6232405e-01   6.7148665e-01   2.7367298e-01   2.6278050e-02   3.4217161e-01   4.8942636e-04   8.3430651e-01  -5.3566310e-02  -1.0534188e-01   2.7866769e-01   9.6948992e-03   3.1649596e-01   1.2264418e-01   3.1086515e-01   4.1137661e-02   4.4005080e-01   1.7469978e-01   1.0439257e-01  -1.7134786e-01   7.6132267e-02  -5.9129551e-02   2.1867971e-01  -4.2289672e-02   1.2371386e-01  -1.0116682e-03  -7.4597482e-02  -1.6204313e-01   4.3131861e-01  -2.6803627e-01  -3.4948431e-01   1.3989861e-02  -5.6036840e-02   1.4253864e-03   3.7454769e-01   5.2809676e-01  -1.8667932e-01   4.2377192e-01   6.3310334e-01  -1.9089968e-01  -5.8298384e-02  -2.2519735e-01   7.0973855e-02  -1.0327699e-01   1.2920809e-01   2.7745942e-01   1.0129403e-02  -2.1198294e-01   9.6570997e-02  -1.0943709e-01   1.7997347e-01   9.0240798e-01   2.7488988e-01  -5.9875835e-02  -2.7828515e-01  -7.9057015e-02   5.3984740e-02  -3.2950193e-01  -2.2425163e-01   6.8175439e-01  -2.9659081e-02   1.0293110e-01  -1.1032723e-02  -1.7698838e-01   5.3997041e-01   1.2746634e-01   1.4855518e-02   4.7770119e-01  -4.9863817e-02   2.6608062e-01   1.9765581e-01   1.6202940e-01  -1.8447020e-01  -5.7869974e-02   2.8430279e-01  -2.7859106e-01   6.0412000e-01
   2.8222380e-01   3.8793253e-01  -2.2605360e-01   3.0064969e-01   3.2527390e-01  -1.7791097e-02   1.9302968e-01   1.6316537e-01   0.0000000e+00  -3.8863888e-02   2.8790285e-01   2.8794104e-01  -1.6613699e-02   1.1138489e-01   3.0594307e-02  -7.5300446e-02  -7.7731367e-02   1.1982412e-01   2.2400124e-01   9.4593090e-02   1.3090235e-01   1.6916633e-01  -1.7773659e-01   1.2116345e-01   7.2477477e-02   1.4359663e-01   4.4680006e-02   7.3792600e-02   1.6308410e-01   1.8139599e-01   2.1515154e-01   2.1678287e-01  -1.1753497e-01   1.9019153e-01   2.2114743e-01   2.5504110e-01  -7.0594025e-02   2.4714946e-01  -8.3535156e-02   4.9652833e-02   1.1802046e-01  -2.5826595e-01   2.6535307e-01  -1.7293468e-01   1.4805295e-01   1.4302714e-02   1.2985531e-01   3.4080982e-03   3.2993494e-03  -7.4065855e-02   2.8995050e-01   1.5834022e-01   4.3702097e-01   3.7326140e-03   4.4376856e-02  -1.8034970e-01  -3.2164826e-03   1.8750258e-01   2.3927731e-01   4.3829963e-01   8.4795985e-02   1.2528604e-01   1.7522167e-01   3.0816071e-01   4.4767929e-01   3.6237786e-01   9.0038958e-02  -3.4508253e-02   2.2599649e-02  -1.1880717e-01   1.1825597e-01   1.5899802e-01   1.4717054e-02   1.3019546e-01   1.7044892e-01   1.9490248e-01   1.4210587e-01   1.4889474e-01   3.3521797e-01   1.1332172e-01   1.3152641e-01  -4.1297613e-02  -1.3653340e-01   1.6367256e-01  -7.0370646e-02   1.2136201e-01   3.6930714e-01  -2.0324158e-01  -3.5563662e-02   2.3304494e-01   3.8162240e-01  -7.8865267e-02  -1.5601862e-02   6.5149849e-01   1.2734580e-01   1.4594282e-01   4.3723743e-02   1.3830605e-01   1.7195810e-01  -1.2783142e-01  -4.1431791e-02   1.1925178e-01   2.2737720e-01   5.5897134e-01   1.3201884e-01   2.0783406e-01   8.5414565e-02   1.0229622e-01   7.9241038e-02   1.3463455e-01  -9.8342519e-02   2.9216782e-01   6.6615494e-02   1.6952901e-01  -1.3626170e-01   1.5238075e-01   2.4639338e-01   2.6289707e-01  -2.0145421e-01   1.6145539e-01   1.3442486e-01   2.4453025e-01   7.6993891e-02  -2.4311511e-02   1.8809137e-01   4.8993018e-02   2.2318641e-01   1.1505344e-01   1.8637848e-01  -2.8716569e-01  -1.8365764e-01   2.2969350e-01   3.3562395e-01   3.8709024e-02   3.7402097e-01   3.3438578e-01   1.9082401e-01   3.4240628e-03   2.5645935e-01   3.4701542e-01   2.3475828e-01  -1.6826560e-01   3.4218913e-01  -2.5054093e-01  -4.7979794e-02   7.4596363e-02   3.4702191e-02   1.2300859e-01   9.9707652e-02  -7.3657026e-02  -2.1950307e-01   2.2046097e-01   1.6117512e-01   3.8119317e-01   1.5726354e-01   3.3978390e-02   7.7141299e-02   1.9848285e-01  -2.0761903e-01   1.6075790e-01  -2.4158742e-01   2.9186656e-01  -8.7533647e-02   1.8208159e-01   2.3304998e-01   3.8104122e-02   3.8517990e-01   1.1830420e-01   2.6369698e-02   3.2616738e-02   1.1327767e-01   1.3001619e-02   2.1324691e-01  -2.6430677e-01   2.3535638e-01  -1.1536567e-01   2.6757157e-01
  -3.1150664e-01  -8.6576870e-02   4.0869111e-01  -3.3135342e-01   1.6322881e-01  -1.4890226e-02   9.9990447e-02  -5.7847514e-02  -3.8863888e-02   0.0000000e+00  -3.1740924e-01   1.2022973e-01   3.2483496e-03  -9.2811393e-02  -2.7687718e-01   3.2359127e-02   3.7536508e-01  -2.0586640e-01  -8.6084509e-02   3.4236377e-01  -7.8731210e-02  -1.3557345e-01   1.3918655e-01  -8.6441692e-02  -2.6625635e-02  -2.1224464e-01   2.9699016e-01  -2.2003010e-01   1.1450137e-02  -3.6157740e-01  -4.1710962e-02  -2.5803081e-01  -5.5161570e-03   5.0189923e-01   4.5085658e-02   1.2138029e-01   8.4146459e-02  -3.4831357e-01  -1.1391861e-01   2.8224214e-01  -1.4476856e-01   1.7439773e-02   3.0118245e-01  -1.7542964e-01  -1.7087999e-01  -1.2153959e-01  -2.4136929e-01  -1.6115571e-01  -9.8490739e-02   2.4279046e-01  -1.7959192e-01   3.9223165e-02   2.7607321e-01   2.7611953e-02  -9.6315110e-02  -2.3374290e-01  -2.0225542e-01  -1.4845150e-01  -3.7565923e-01  -3.1968244e-01  -2.0587003e-01   1.3672075e-01   1.1637484e-01   1.2079530e-01  -2.8215555e-01   2.6133901e-01   2.0657554e-01   1.0654288e-01  -3.6483438e-01  -4.9025186e-03   2.5195562e-01  -2.1368438e-01  -6.7431973e-02  -2.5351084e-01  -8.1337100e-03  -1.7217975e-01  -3.7818601e-01  -3.0385494e-01   4.4962918e-02  -7.8471132e-02  -2.8454621e-02  -1.2140766e-02  -8.7997612e-02  -7.6782418e-02   1.3025149e-01  -2.8640491e-01  -8.9212370e-02   5.2666669e-03  -3.4449909e-02  -2.8329104e-01  -1.5358536e-02   2.6339696e-01   4.4223481e-01  -5.9922059e-02  -2.6841602e-01   3.2147672e-01  -1.0604371e-01  -7.2547108e-02  -6.3689666e-03   2.9307362e-01  -1.9979529e-01  -1.1118646e-01  -9.4880689e-02  -2.5591946e-01  -2.4076941e-01  -1.8370103e-01   5.3341317e-02  -1.6115085e-01   2.3977052e-02  -9.0835952e-02   2.9365319e-01  -3.7354527e-01  -3.3259409e-01  -3.7932963e-01   1.0931512e-01   1.0634852e-01  -2.9000809e-01   4.8576320e-02  -1.4137590e-01  -3.7729582e-01  -2.6424796e-01   9.4426203e-02  -3.1201850e-02  -3.2281510e-01  -2.8264425e-01  -2.1787022e-01  -3.8116823e-02   1.4150672e-01  -3.2216414e-01   1.4817527e-01   1.4808734e-01   9.6983600e-02   8.8949084e-02  -7.3864312e-02  -7.4871840e-02  -2.5907581e-01   5.7827111e-02  -3.0766054e-01  -1.6851035e-01   6.5696621e-02  -2.2306001e-01  -1.0509563e-02  -4.2007722e-01  -3.5625436e-03  -3.1138783e-01  -3.7480782e-01   4.4833348e-01   9.5777139e-02   2.2730475e-01  -1.9053714e-01   1.2639747e-01  -3.9172024e-02  -2.6281624e-01  -7.6791483e-02   3.0193848e-01  -1.4364085e-01  -4.4904309e-01  -1.9151812e-01   4.8891599e-02  -1.8671242e-01   2.4235359e-01  -3.6273615e-01   3.4355424e-01  -3.5207678e-01  -7.3345758e-02   1.2238488e-01  -1.3163190e-01  -2.6962428e-01  -1.2342515e-01   1.5704805e-01   1.2825530e-01  -3.8564236e-01  -2.5400004e-01  -6.9635927e-02  -8.9679982e-02   2.4694983e-01  -1.0353513e-01
   2.2012350e-01   4.6638844e-01  -2.4514242e-01   3.9455261e-01   1.2550428e-01   1.7072007e-01   1.3101903e-01   1.4033019e-01   2.8790285e-01  -3.1740924e-01   0.0000000e+00   1.3285967e-01  -4.9994930e-02   1.4050644e-01   1.0510936e-01  -5.8804836e-02  -1.7787583e-01   3.3660295e-01   2.0928870e-01  -1.9388884e-02  -8.2384856e-02   1.9004932e-01  -1.6146892e-01  -7.5726259e-03   1.9292046e-01   2.3703054e-01  -1.8784772e-01   2.9505198e-01  -5.7412157e-02   5.4792328e-01  -1.0575986e-01   2.9014744e-01  -2.1981241e-02  -3.9789551e-01  -1.2701251e-01   2.3057923e-01  -1.3137158e-01   2.5950079e-01   7.7577759e-02  -3.5416463e-01   2.1439852e-01   7.9400648e-03  -5.0274383e-02   2.1840675e-01   3.8559976e-01   1.1218587e-01   5.2216231e-01   7.3945306e-02   3.0404761e-02  -1.9644893e-01   3.5287907e-01  -3.6928725e-02  -1.6323811e-01   8.1275241e-02   4.9860342e-02   2.9798061e-01   4.1600538e-01   1.9968845e-01   3.5316174e-01   2.2200750e-01   2.8830401e-01   1.1709336e-01   1.4818095e-01   2.4477246e-01   4.0823578e-01   2.4946925e-01   5.5075204e-03  -3.9176591e-02   3.9605536e-01  -8.0670942e-02  -3.3244206e-01   4.0865364e-01   1.7747370e-01  -1.5261309e-01  -3.7895769e-03   1.1838529e-01   4.0747914e-01   2.7705718e-01   9.2219432e-05   2.1109628e-01   1.0083404e-01   1.0503429e-02  -1.8312198e-01   2.3967219e-01  -2.1392910e-01   6.0986050e-02   7.3619040e-03  -3.5705157e-01  -4.8773426e-02   9.7734356e-02   2.3235646e-01   2.0205564e-02  -2.1830624e-01   1.5318679e-01   1.8401734e-01  -1.7597722e-01   1.3743160e-01   1.2607143e-01   4.4068824e-01  -1.0439019e-01  -6.3242321e-02   2.5539125e-01   1.5119587e-01   2.1767406e-01   2.6484166e-01   2.5107764e-01   7.4493756e-02   2.1368874e-01   1.2194972e-01   3.4889257e-01  -1.8236091e-01   3.5262650e-01   4.2184345e-01   3.8913774e-01  -2.5272827e-01   3.9138382e-03   2.2553137e-01   1.5507935e-01   1.2618827e-01   2.8628517e-01   2.0805288e-01   1.7854475e-01  -1.7020499e-01   1.7880699e-01   2.8000297e-01   1.7781405e-01   2.7842072e-01  -4.5856664e-02   2.4316364e-01  -2.4809655e-01  -1.8696826e-02   5.5331590e-01  -9.8040786e-02   5.3725991e-02   2.6166551e-01   1.6757825e-01   1.2168234e-01   2.9317536e-01  -1.0887738e-01  -4.3495601e-02   3.0667590e-01   9.9327449e-02   6.2929352e-01   1.5877434e-03   1.8292162e-01   3.4941602e-01  -4.6694507e-01   2.6545163e-01   7.3709338e-03  -6.3355730e-02  -1.9913088e-01   1.4729791e-01   1.9126683e-01   5.9693852e-01  -1.1112139e-01   5.2911610e-02   4.7573494e-01   2.0116034e-01   4.9198669e-02   2.5430838e-01  -1.2914520e-01   6.6730357e-01  -2.0458746e-01   3.7104699e-01   9.8402886e-02   1.1453970e-01   4.7092937e-01   4.1611070e-01   1.3320196e-01  -1.1191063e-01  -1.1159330e-01   5.8461238e-02   6.1042092e-01   1.3722597e-01   2.7240681e-01  -2.4485142e-01   2.8324279e-01
  -2.2104440e-01   7.3696035e-01   1.4860073e-01  -4.5423976e-02   3.9227066e-01   1.0820143e-01   3.5989405e-01  -1.9960553e-01   2.8794104e-01   1.2022973e-01   1.3285967e-01   0.0000000e+00  -1.8183002e-01   4.8834976e-02   2.8305903e-01  -9.7459494e-02   1.4529934e-01   1.0689696e-02   2.7530821e-02   6.3868757e-02  -2.2453685e-01  -2.1803233e-01  -2.2447062e-01   5.6247121e-02   6.9843215e-02  -2.0814599e-01   2.8503489e-01  -5.2135080e-02   2.1510776e-01   1.0671938e-01   3.9007757e-02   3.5583435e-02   1.3459087e-01  -3.2185732e-02   2.1128038e-01  -1.0516409e-01  -3.6801308e-01   2.2020472e-01  -2.3144105e-01   4.9669984e-03  -1.6766069e-01  -3.8728096e-02   4.1420738e-01  -4.0472964e-01   3.4859701e-02   2.8666039e-01  -1.3105657e-01   7.2762788e-03   2.1615166e-01   1.0941724e-01   1.8194647e-01  -1.2898458e-01   3.5772663e-01   8.9195166e-02  -1.7490683e-01  -2.6648928e-01   5.8579201e-02  -7.0883176e-02  -3.8893463e-02   3.7798787e-01   1.6362000e-02   2.5312856e-01   1.6651865e-01   7.0104568e-02   4.4598220e-01   6.6760437e-01  -1.2438237e-01   1.4551595e-01  -1.9448419e-01  -1.2246081e-01  -7.7997032e-02   6.1545744e-03  -1.8350062e-01   9.1885491e-02  -7.5964702e-02  -1.2137675e-01   1.5569189e-01  -2.1571425e-01   2.6514572e-01   6.5362448e-02  -2.2916611e-01  -8.9419750e-02  -4.8217028e-01  -2.1422309e-01  -2.6207259e-01  -2.4404222e-02   1.4673234e-01  -3.1959784e-01  -4.0092436e-02   2.1710793e-01   4.6671187e-01  -1.5727350e-01   1.4749808e-01   3.0951363e-01   1.6480934e-01   3.3942623e-01   2.6450895e-01  -1.3437829e-01   4.1436810e-01  -2.7923242e-01  -4.5221947e-01   2.7899262e-01  -2.1670316e-01  -6.0164836e-02   8.9471749e-02  -2.2507013e-01   1.7324770e-01  -2.1251349e-01   2.0644241e-02   1.5246703e-01  -2.4470815e-01   1.6831476e-01  -7.8225126e-02   1.4269848e-01  -3.4549597e-01   1.7121662e-01  -1.5393919e-01  -2.1020858e-01  -1.4469782e-01  -1.2588045e-01   3.4312444e-01   4.7842728e-01  -1.2870100e-01   6.8038213e-02   2.6031984e-01   4.4191617e-02   6.4352704e-01   9.7699456e-02  -2.7736630e-01  -1.4908598e-01  -2.0631067e-01   2.8672852e-01   1.4064685e-01   3.1796742e-03   1.1944775e-01  -1.8001212e-01   7.0053629e-02  -1.7447452e-01  -1.5612993e-01   1.0801389e-01   2.6593191e-01  -1.0838342e-01   1.0325823e-01  -8.0586852e-02   1.4287986e-01  -1.0821431e-01  -1.1315104e-01   1.5663305e-01   6.3576423e-02  -1.6625886e-01  -3.5263387e-01  -1.9111181e-01   1.6012145e-01   2.9187466e-01   3.8179816e-01   2.1285384e-01   1.4129961e-01  -7.6550474e-02   1.5309879e-01  -2.8457377e-01   1.5318860e-02  -1.8343046e-02  -2.7921250e-01  -2.2386234e-02  -2.1390897e-02   2.3611671e-01   3.8759937e-01  -1.8916054e-01   1.6167323e-01  -2.2230815e-01   2.2554109e-01   1.0503904e-01   2.0451199e-01   4.2438835e-02  -4.9869778e-02  -9.1417267e-02  -1.9491828e-01
  -6.7658782e-02  -3.2121486e-02   1.3590075e-01  -1.0066059e-01   2.3991704e-01  -1.8325271e-01  -2.1458311e-01  -2.2151023e-01  -1.6613699e-02   3.2483496e-03  -4.9994930e-02  -1.8183002e-01   0.0000000e+00  -1.7523892e-01  -2.8582694e-01   2.7055185e-01   6.3351992e-02   7.8909954e-02   1.1815052e-02   1.0307832e-01   1.0115664e-01  -3.4510223e-01  -7.3468485e-02  -2.4779119e-01  -1.1930008e-02  -1.4485894e-01   1.4344112e-01  -2.9282267e-01  -1.5629562e-01  -1.6919655e-01   1.3690771e-01  -5.4324439e-02   2.8301987e-02   1.8118874e-02   7.2079934e-02   1.2325291e-01   1.3247150e-02  -3.2285311e-01   3.1558769e-01   1.9732725e-01   6.5542178e-01   5.6027716e-03  -1.2413290e-01  -1.0294455e-01   1.0524060e-01  -1.5916372e-01  -1.4922687e-01  -2.5902285e-01  -8.1846528e-02   9.5751220e-02   1.1076494e-01  -2.4241443e-01   1.4935281e-01   8.3386668e-02  -1.1647541e-01  -2.1237376e-01  -2.6383343e-01  -3.3261781e-01   1.3618837e-01  -8.1787304e-02   1.2312229e-01  -9.2157694e-02  -1.9019269e-01   1.8204340e-01   1.6319057e-01  -4.2298380e-02  -6.6560284e-02   1.1740061e-01  -1.7018067e-01  -7.5559175e-02  -1.8830795e-02   5.6035403e-04   5.1854328e-01  -4.4062088e-03   2.5393272e-01  -1.6236223e-01  -1.5010928e-01  -1.1175925e-01   2.9011183e-01  -2.9087762e-02  -2.1509710e-01   4.9892747e-01   9.5713278e-02  -8.2841935e-02   8.1400486e-02  -1.0969082e-01   7.6647744e-02  -1.2999548e-01  -7.2676027e-02  -2.0301422e-01   1.8546694e-01   8.2860033e-02   6.3884953e-02  -4.2923635e-02  -2.2114026e-01   2.1753504e-01   5.8290626e-02  -4.7781762e-02  -3.9462366e-02   8.7786080e-03  -1.9229383e-01  -2.9700639e-01  -2.0939971e-01   1.6216985e-02   4.4221211e-02  -1.0334441e-01   7.6491599e-02  -9.6082298e-02  -4.5502945e-02  -1.5966576e-01   1.5586706e-01  -1.6857083e-01  -2.8793741e-01  -1.1106827e-01  -1.5608506e-01   1.0124909e-01  -1.8168869e-01   5.8676140e-01  -2.3518929e-01   1.8369659e-01  -1.6182184e-01   2.0350367e-01   7.8912978e-02   8.7507717e-02  -1.9012678e-01  -8.9540303e-02  -3.1595244e-02   2.0325778e-01  -2.8561840e-01  -3.6325731e-02   4.9001492e-01  -5.7350803e-03   1.4385402e-01  -2.0487573e-01  -3.9421772e-01  -1.3124951e-01   1.9361823e-01  -3.1942793e-01  -1.4553287e-01   1.6526443e-01  -2.1051156e-01   6.0003630e-01   6.9981530e-02  -1.4363809e-01  -6.5561067e-02  -7.2659190e-02   2.0672679e-01   1.2745197e-01  -1.0086429e-01   2.2226431e-02   5.6118601e-02  -2.2855183e-01  -1.2221832e-01   5.7427281e-02   2.6647601e-02  -1.5632949e-01  -1.3224178e-01   3.2547662e-01   1.2147896e-01  -2.3252975e-01   8.7286887e-02   6.6742462e-02   5.8447089e-02   6.1359093e-02  -5.2009154e-02  -2.7255324e-02   2.0580468e-01  -1.3885285e-01   2.1182072e-02   1.4579321e-01   5.3331990e-03  -2.7247145e-01  -5.7222077e-03  -1.9654135e-01   5.7356158e-02   1.2180335e-01  -1.4021309e-01
  -6.3245786e-02   2.0104262e-01  -1.1621330e-01   2.2223456e-01  -2.3887963e-01   1.1061621e-01   4.0728499e-01   9.0873967e-03   1.1138489e-01  -9.2811393e-02   1.4050644e-01   4.8834976e-02  -1.7523892e-01   0.0000000e+00   4.1482132e-01  -1.0133909e-01  -2.4382889e-01   7.3720270e-02  -7.7259842e-02  -2.1978490e-01  -2.2785269e-01   6.6581351e-02   2.2378672e-01  -1.6122307e-01   1.6137209e-01   4.9993662e-02   2.0751461e-01   2.3220649e-01   4.2639932e-02   2.2661928e-01   3.1058870e-01   1.3945178e-01  -6.6045833e-02  -2.0576161e-01   5.7458057e-01  -2.2238635e-01  -3.4438569e-02   1.9521104e-01  -5.7311583e-02   3.4402093e-02  -2.4309050e-01  -2.3190814e-01  -3.7508910e-02   1.0809483e-01   2.9296357e-01   2.0658544e-01   1.3177475e-01   4.1602596e-01   3.5860937e-01  -2.8713419e-01   1.1542189e-01   3.5096060e-02  -3.0836704e-02   4.5466171e-02   5.1113338e-01   8.7903004e-02   1.3428790e-01  -6.2521669e-02   2.1678405e-01   1.5032882e-01   4.0198667e-02   2.9167390e-01   2.4347138e-01   1.1180985e-01   4.1080239e-01  -2.5595329e-02   9.9758068e-02  -5.5644026e-02   2.4761553e-01   1.8622815e-01   2.2692066e-01   2.8091293e-01  -6.8592920e-02  -1.6119704e-01   3.3194048e-02   1.7840329e-01   8.7420653e-02   1.9772617e-01  -1.7237820e-01   3.2937490e-01   1.5708329e-01  -1.1412696e-01   5.8787778e-03   5.8666085e-02  -1.5472291e-01   1.0663296e-01   3.8826924e-01   1.2450225e-01  -4.6721049e-02  -7.1605644e-02  -2.2985357e-01  -1.6657783e-01  -2.3813876e-01   2.0551607e-01   3.2250457e-01  -2.1190803e-01   4.1104739e-01   8.0494699e-02   1.9696163e-01   1.4613966e-01   2.9932766e-01   2.9768949e-01   2.0729254e-01   1.8150226e-01   1.0549123e-01   9.6555697e-03   1.7938702e-01  -2.1609061e-02   3.0259819e-01   2.9103861e-02  -1.2255341e-01   1.6493826e-01   2.9996894e-01  -1.7625733e-02   1.8670280e-01   4.0350952e-02   4.3684993e-01  -2.0791489e-01  -5.2881615e-02   1.5274711e-01   1.1071687e-01  -1.4795300e-01  -1.0017487e-01   4.5665587e-01  -4.3464061e-02   4.0998618e-01   3.2773033e-01   6.1583541e-02  -8.6385204e-02   9.2446800e-02  -2.5864603e-01   9.4604962e-02  -3.3224683e-02   2.7685948e-01   2.0414601e-01   1.1453047e-01   1.1963908e-01   3.1624532e-01   7.6692408e-02   9.3733159e-02   2.2372661e-01  -1.9203769e-01   1.7750002e-01   1.5538318e-02   5.0753093e-01   5.1915262e-01  -2.4725842e-02  -4.1688549e-01  -8.9810525e-02   3.0242070e-01   1.4357958e-01   1.3640014e-01   1.5582050e-02   1.5405603e-01  -6.3212463e-02  -8.7758930e-02   1.8978346e-01   1.9847715e-01  -1.3486285e-01   2.3629306e-01  -4.0070903e-02   6.8322839e-02  -2.5982448e-01   2.4951247e-01  -9.5880999e-02   1.8080547e-01  -1.4889263e-02   7.9335072e-02   1.3701941e-01  -1.4000808e-01   2.8477541e-01   1.5456847e-01   2.6675738e-01  -1.4261462e-02   2.7324503e-01  -1.6285335e-01  -9.4699273e-02
