   0.0000000e+00   1.2279635e-01   3.1169786e-01   2.1083569e-01   2.5779881e-02  -1.2815251e-01  -7.7794656e-02   1.0688458e-02   1.5812181e-02   1.9879777e-02  -3.8897621e-01   7.4270382e-02   2.4911380e-01   3.3074387e-01   5.6710542e-02  -1.3611195e-01   1.3171433e-01   7.2345432e-02  -1.7514867e-01   9.4511425e-02  -5.5517727e-01   2.7217963e-01  -2.8343576e-01   4.4394013e-01  -2.7522592e-01   2.7426265e-02  -2.7624212e-01  -1.4388219e-01   2.6229343e-01   4.8364977e-02  -1.1553797e-01  -1.5140208e-02  -1.1869083e-01  -1.2974841e-01  -1.6504682e-01  -2.8323382e-02   2.6310890e-01   1.0498910e-01  -1.8430620e-01  -3.7525579e-01   1.0764878e-01   1.9659375e-01  -9.2909997e-02  -5.6972305e-02   1.2217500e-01   4.1541376e-01   9.1044883e-02   2.1382822e-02   9.6440387e-02  -3.2264599e-01   1.8213217e-01   3.3172646e-02  -1.1361666e-01   2.5428656e-01   3.9492381e-01  -9.2838266e-02  -1.0035701e-01   2.9541154e-01  -3.3497560e-02   1.5527373e-01   4.6443225e-01   1.8457762e-02   8.7259110e-02  -9.0951016e-02  -3.6019377e-02   1.2741602e-01  -3.3740449e-02   2.5803824e-02  -1.5337270e-01   1.6932475e-01  -3.2556587e-01   2.9959788e-01  -5.3451323e-02   5.8963493e-01   3.4448067e-01   1.4421883e-02   4.4327571e-01   1.0684547e-01   8.3891878e-03   1.0399505e-01  -1.8425683e-01   7.2290741e-02  -5.0168103e-01   1.9573126e-01   5.8196795e-01   2.7483795e-01  -3.5197965e-01   5.8413617e-01   7.0322833e-02   8.4670498e-01  -2.8953017e-02   3.4789988e-01  -2.9818251e-02   1.9612100e-01   2.8059334e-01   3.3038549e-01   9.0971951e-02   1.7263144e-01   1.3929501e-01  -2.5583825e-02  -6.5159286e-02  -5.9735613e-02  -3.7343439e-01   7.2337135e-02   2.3005139e-01   2.3105261e-01  -4.7820041e-02   3.7333592e-02  -9.1968153e-02  -1.8841288e-01  -2.6382272e-01   1.5049366e-01   6.7074213e-02   7.4593034e-01  -3.6085768e-02  -7.3500608e-02   9.2560533e-02   1.4245359e-01   8.7718457e-02   1.9975010e-01   4.6133524e-01   7.2572869e-02   2.0496713e-01  -5.0628640e-01   4.2939672e-01   4.6497237e-01   9.8539027e-02   2.6741244e-02   1.7089954e-01  -2.0858733e-02  -7.4745555e-02  -4.2910025e-01   6.2455493e-01  -1.7767078e-01   1.3058961e-01  -1.9976927e-01   2.4935305e-01  -4.2033301e-01   1.7475315e-01   3.7683310e-01   7.4559982e-01   3.0336361e-01   1.2375435e-01  -6.6114316e-02  -1.3083722e-01  -1.3930159e-02  -7.9678923e-02  -1.0511027e-01  -2.1243068e-03  -4.2930089e-01   7.2162996e-01  -2.9696366e-01   5.8442884e-01  -1.8025222e-01  -1.5449172e-01   1.3969662e-01   3.5651279e-01   1.9314729e-01   3.4424890e-01  -3.0038083e-02   1.5748224e-01  -7.9444164e-02  -8.3781788e-03   5.3969848e-02   3.0545005e-01  -2.2436346e-01  -9.7321398e-02  -1.8075353e-01   6.4442493e-01  -1.7985532e-01   8.3834048e-02  -5.2354529e-02   5.1115009e-02  -1.2937923e-01   3.2172084e-02  -2.5841007e-01   3.4796780e-01
   1.2279635e-01   0.0000000e+00  -3.6047526e-02   5.4065551e-01   2.8481954e-01   1.9707763e-02   1.8265105e-01  -3.0512358e-01   3.6237793e-01  -3.1606767e-01  -3.2452690e-01   6.5167812e-01   1.0883680e-01   2.5029880e-01   4.1684645e-02  -4.1038532e-01  -2.2743440e-01   1.7777865e-01  -4.1115651e-02   3.0767135e-01   3.7520150e-02   5.1620482e-01  -3.3452047e-01  -1.3585294e-01   2.3642338e-01  -2.9282310e-01  -7.4241483e-03  -8.9192801e-02   1.8176019e-01   8.3535674e-01   5.0674540e-02  -7.4272152e-02  -3.8113601e-01  -1.3102039e-01   6.2703681e-01   1.2177455e-01   9.6354052e-02   6.8765738e-02  -1.2360315e-01  -4.0291356e-01   2.0954464e-01  -2.7929491e-01   4.6845689e-01  -3.3763853e-01   4.1390959e-01   3.3060482e-02   2.3385278e-01   5.4767342e-01   4.1651902e-01  -5.6479142e-01   2.3246763e-01  -1.2378108e-01   3.9274399e-01   2.4988300e-01   2.7231216e-01  -4.2132247e-01   5.9841260e-02   4.4496502e-01   1.7080331e-01   5.2025068e-01   2.2387638e-01   4.3340855e-02   6.2641397e-01   3.5428335e-01   5.0915339e-01   1.5476544e-01   2.9308052e-01  -1.8478722e-01   3.5543829e-01  -2.4376951e-04   1.4570500e-02   3.2777606e-01   1.3061052e-01   4.6749494e-01   1.0060527e-01   1.5423965e-01   1.1869950e-01  -3.4010653e-01   3.2011943e-01   1.7166332e-01  -3.1762875e-01   1.1373802e-01  -5.3099479e-01  -2.1961440e-01   4.2275901e-01   2.8175110e-01   1.0976222e-01   2.1246242e-01   3.0345550e-01   1.9428138e-01   3.1834247e-01   8.2827754e-02  -4.9455588e-01   5.7576060e-01   7.3469275e-02  -1.4575632e-01   4.8757414e-01  -2.1530467e-01   3.7679023e-01  -6.3515128e-02  -1.8573173e-01  -9.0859818e-02   1.5817177e-01   7.2906022e-01   2.2492706e-01   2.4330938e-01  -1.1494609e-01   6.7162200e-02  -7.7214670e-02  -1.2997388e-01  -5.8868829e-01   4.9080035e-01   2.0276488e-01   1.3085428e-01  -1.2421046e-01   8.7485266e-02  -1.0898068e-01   2.5229012e-01  -2.0048344e-01   4.2629094e-01   3.9239216e-02   2.0968495e-01   8.5801523e-02   9.9152901e-02   1.2630465e-01   4.6547060e-01   1.8200539e-01  -6.6728716e-02   3.5457291e-01  -1.4566089e-01  -3.2834013e-01  -1.4782389e-01   4.9426966e-01  -9.8060259e-02   4.2552811e-01  -1.9108056e-01   1.0233377e-01  -1.9001656e-01   1.2984827e-01   2.9920573e-01   9.7316780e-02   3.8206155e-02  -3.4398636e-02  -7.7042559e-02  -1.5070204e-01   1.1318718e-01  -1.7730886e-01   2.0495915e-01  -5.6394796e-02  -1.1313872e-01   2.6948898e-01  -1.1057074e-01   1.3091611e-01  -1.9097815e-01  -2.2208908e-01  -1.3382419e-01  -6.3435483e-02   2.9801453e-01  -2.1408012e-01   5.2608405e-02   1.8552848e-01  -2.1108291e-01  -6.5120598e-02   3.9696820e-01   5.3101917e-01  -1.6798219e-01  -2.6016432e-01  -9.8128430e-02   1.4499690e-02  -2.6377422e-01   3.2776485e-01  -3.8532705e-02   1.2623956e-01   1.5944445e-01   8.8596996e-03  -3.6800978e-01   5.3748112e-01
   3.1169786e-01  -3.6047526e-02   0.0000000e+00   9.8295816e-02   1.2880396e-01   1.0410065e-01   4.4459809e-02   6.5732468e-02   2.9006857e-01   1.9177337e-01  -2.0124754e-01   2.5615703e-01  -1.5970874e-01  -2.2175670e-01   3.6686141e-01   1.1730750e-01   7.7382075e-01  -1.2248974e-01  -2.0510853e-03   2.8480858e-01  -2.4029060e-01   1.0323519e-01  -1.3318919e-01  -2.1285986e-02  -1.4146376e-01  -1.5047463e-02   7.8619374e-02  -6.3479927e-02   3.0894234e-01  -1.8748942e-01  -1.1114081e-01  -3.4966582e-02   1.8930166e-01   3.1202903e-01  -1.1087522e-01   1.1488472e-01  -1.1064043e-01   1.4650084e-01   1.2006347e-02   1.6375024e-01  -1.9445156e-01   3.1229770e-01  -3.3137820e-02  -2.8119428e-01  -6.9117806e-02   3.2108503e-01   1.4257268e-01  -2.2903557e-01  -2.0246640e-02   2.1135398e-01  -9.8798708e-02   1.1705679e-01  -1.1327282e-02   2.9798772e-01  -8.9635055e-03  -5.7638711e-02  -1.7260490e-02   2.0681144e-01  -3.6310775e-01   9.4001887e-02   3.4102716e-01  -1.3676600e-01   4.3381869e-02  -2.0166921e-01  -1.9402041e-01   1.1457182e-02   6.9203024e-02   1.3925174e-02  -3.4843123e-02   4.7946592e-01   1.2125039e-01   5.4911142e-02  -2.5388994e-01   1.8831205e-01   2.8930548e-01   3.5793039e-02   2.9953172e-01  -1.2157491e-01  -2.8386820e-02  -5.2257973e-03  -8.2364612e-02  -1.6039755e-01  -1.3795179e-01  -1.3592436e-01   1.5612893e-01   2.5029306e-01  -2.7897375e-01  -9.0470703e-02   1.8866156e-01   2.5312184e-01  -1.0988051e-01   6.6045905e-01   2.6788090e-01   2.2658677e-01   3.2190689e-01   9.8267651e-02   1.0270443e-01   7.8508823e-02   1.2022327e-01  -1.9578048e-01   1.8538963e-01  -1.0945630e-01  -4.9751631e-01   7.9841654e-02  -2.3691892e-02   2.5029767e-01   5.0630701e-01   3.2459398e-02  -6.3622427e-02  -1.8765324e-01   2.5553864e-01  -2.7892462e-02  -1.9961218e-02   2.4725805e-01   1.9612400e-01  -8.4106134e-02  -1.7811684e-01  -1.4782581e-01   1.3774868e-01   4.2167352e-02   1.7903783e-01   1.2203807e-01   4.2132711e-01  -2.5695693e-01   2.3756369e-01  -2.7776146e-02  -1.9630696e-01   1.2504700e-01   1.5327059e-01   7.3878898e-01  -1.7321091e-01  -8.4204318e-02   2.5960650e-01   2.2562641e-01   9.8567109e-02  -8.3135358e-02   1.1076216e-01  -8.8256432e-02   5.9979383e-02   1.6476623e-01   2.6366377e-01  -1.0474594e-01  -3.3300200e-01   4.8924672e-01   7.9813767e-02  -9.0786169e-02   5.7019622e-01  -4.0034027e-01  -2.6291922e-01  -2.4930199e-01   3.1517711e-01  -4.2632371e-01   3.1626614e-01  -9.1794046e-02   5.5097813e-01  -2.0200786e-01   1.3638342e-01  -2.0379737e-01   4.9011748e-01  -3.0881382e-01   1.5206637e-01  -2.8539794e-01   4.3567650e-02  -1.1918311e-01   2.3279622e-01   1.1726566e-01   6.4235657e-02  -4.5210686e-01   4.3128150e-01   1.3501109e-01   5.7534184e-02  -2.0416796e-01  -7.2481916e-02   3.4023219e-01   1.5050029e-02  -7.9377567e-02   2.4861822e-01
   2.1083569e-01   5.4065551e-01   9.8295816e-02   0.0000000e+00   2.2020469e-01  -1.6169108e-01  -1.1685261e-02  -2.3212825e-01   6.6234303e-01  -1.0765820e-01  -4.3063759e-01   3.9650710e-01   2.3556514e-01   3.0792897e-01  -2.7191613e-02  -3.4581922e-01  -5.9078288e-02   3.7275485e-01  -9.7713659e-02   3.6570949e-01  -2.5551475e-02   6.9541471e-01  -1.1318358e-01  -3.7535942e-01   1.5662514e-01  -6.9273517e-02  -1.1027795e-01  -2.4704557e-01   2.4645515e-01   4.8998391e-01  -1.2584846e-01   1.6140072e-01  -2.0464700e-01  -3.6714290e-01   3.9532008e-01   1.3933802e-01   2.6436974e-02   2.1305021e-01  -8.2846498e-02  -5.7315943e-01   2.6022172e-01   1.3423370e-01   4.2138530e-01  -4.9893765e-01   5.9217424e-01   1.6293539e-01   1.6894114e-01   1.9780845e-01   6.4889080e-01  -7.6942155e-01   5.5613411e-01  -1.0997167e-01  -8.5022099e-02   5.7773390e-01   2.7125398e-01  -4.2024685e-01  -2.3559155e-01   8.2985276e-01   1.7321119e-01   4.7458600e-01   5.6009912e-01   5.7920868e-01   5.8209510e-01  -9.5990225e-02   5.1412986e-01  -7.9823331e-02   1.5486202e-01   3.4038765e-01   2.9154606e-01  -4.0773321e-02  -3.1994487e-01   8.1817649e-01   2.2267759e-03   3.5196928e-01   1.5119052e-01   3.0888634e-01   3.6479138e-01  -3.6812766e-01   1.0393231e-01   5.7668699e-01  -2.8351580e-01   7.1533888e-02  -5.8680720e-01  -1.1637198e-01   2.5803816e-01   4.9608340e-01  -1.7841417e-01  -6.2428796e-02   5.6150683e-01   2.2109140e-01  -8.1345792e-02   5.1053437e-01  -4.1182673e-01   9.0943912e-01   3.2550177e-01   2.0884879e-02   7.3028446e-01  -1.4735535e-02   6.1476204e-01   7.9025288e-02  -2.3759940e-01  -2.7862386e-01   8.5998145e-02   7.8808641e-01   5.1412038e-01   5.4830406e-01   2.3601004e-02   3.8104137e-01   2.7110550e-01  -3.5940823e-01  -4.7589185e-01   5.9027873e-01   6.5360895e-01   1.4999550e-01  -2.0523694e-01  -7.3023644e-02  -1.0517207e-01   3.0947244e-01  -4.7258420e-01   9.4432290e-01   2.4400282e-01   5.9637726e-02   1.6340959e-01  -1.7687793e-01   1.8619782e-01   5.9282282e-01   1.9705924e-01   2.6064746e-01   7.7318892e-01  -2.3652272e-01  -5.7270120e-01  -2.4592909e-01   5.7073047e-01  -5.0246159e-02   8.3357501e-01   3.0222611e-02   5.5613031e-01  -3.9021005e-01   3.4485950e-01   5.3967189e-01   2.2683268e-01   8.6074553e-02  -1.1140743e-02  -2.4833609e-01  -7.0990471e-02   2.2919062e-01  -1.4663270e-01  -1.9272212e-01  -2.0958124e-01   7.5678938e-02   1.5597632e-01  -2.7533624e-01   3.3779515e-01  -5.0861599e-01  -4.4323851e-01  -2.0818007e-01   1.4565048e-02   3.0527538e-01   1.0916653e-01  -5.1397938e-02   5.1807299e-01  -1.8835080e-01  -1.2748650e-01   5.7398107e-01   8.9179139e-01  -3.3118731e-01  -4.3522406e-01  -2.5919786e-01   8.6283193e-02  -3.5894285e-01  -1.8087219e-02  -5.5705898e-02   5.7942207e-01  -2.1736880e-01   3.0077680e-01  -1.9837930e-01   8.8578510e-01
   2.5779881e-02   2.8481954e-01   1.2880396e-01   2.2020469e-01   0.0000000e+00  -2.6438263e-01   1.2085641e-01  -8.6623975e-02   8.4788867e-02   3.1761545e-01  -3.8375842e-01   5.3925487e-02   3.5593533e-01  -4.0693195e-01  -1.5688325e-01  -5.7480519e-02   1.1729325e-01  -1.9954388e-01  -2.1332089e-02   9.0816963e-01  -6.8691589e-02   4.6141343e-02   1.0843395e-02   6.0742392e-02   1.1413854e-01  -2.0270758e-01   1.3862529e-02  -5.5840840e-01  -1.1292267e-01   1.7499538e-01  -5.0314786e-01  -2.0772270e-01  -1.7241603e-01   2.1669498e-01   4.1753278e-02   7.9856758e-01   4.2141771e-01   3.8467345e-01   2.6402652e-01  -2.0587793e-01   5.4625171e-01  -2.3782280e-01   2.1918171e-01  -4.8977362e-01   2.6665398e-01  -6.5181611e-03   3.6290509e-01   4.6145486e-01   4.8614129e-01  -6.4093765e-02  -1.6360922e-01   1.2170603e-01   5.6948683e-01  -3.8886190e-02  -3.5771179e-01  -4.8965011e-01  -2.9668532e-01   7.2540863e-02   9.8859120e-02  -2.0724161e-01   4.3823257e-02   9.8002688e-02   3.7874807e-01  -1.3407751e-01   1.1389249e-01   4.3782083e-01  -3.8298956e-02  -1.1208472e-02  -6.2069312e-03  -4.2872036e-01   1.3200546e-01  -6.3206099e-02   4.9354478e-01  -2.2845673e-01  -1.8629305e-01  -1.5439574e-02  -3.4282378e-02  -3.4368613e-01   8.5659261e-01   1.9118269e-01  -5.6180262e-01   3.9702434e-01  -2.6627620e-01  -3.8376008e-01  -2.2369428e-01   3.1248728e-01  -4.8302284e-01  -2.5253941e-01   3.1748616e-01   1.5178054e-01   6.7216288e-01  -2.6966811e-02   1.6738131e-01   2.1229445e-01   2.0733947e-01   5.0456258e-01   2.3473093e-01   1.6759091e-02   5.1367189e-01   1.1308141e-01  -5.3513374e-01  -5.6136418e-01  -4.2271848e-01   1.2422780e-01  -3.5921931e-01   1.4702850e-01  -3.9820125e-03  -1.0678391e-01   2.6602556e-01  -1.6080563e-01  -4.0947111e-02  -2.3386050e-01  -2.9216837e-02  -1.4948935e-01  -4.4893193e-01   6.9238337e-01  -4.8076614e-01   5.4013364e-01  -5.0459976e-01   9.3526145e-02   1.4067442e-02   8.0542962e-01   3.9929482e-03  -2.0020846e-01  -9.1842456e-02  -2.6522923e-01  -3.6944700e-01   2.6989930e-01   2.2583994e-01  -9.4601636e-02   2.3362487e-01   5.6401310e-01  -1.5105966e-01   3.7136448e-02  -7.7455349e-02  -9.3910543e-02  -4.2382049e-02  -5.5965121e-01   3.3859091e-02  -4.0037713e-02   8.4940619e-03   3.2689535e-01  -5.5785604e-01  -2.7794808e-01  -1.7985948e-01  -2.1144442e-01   2.0282071e-01  -9.3312904e-03  -3.1569607e-01   4.7035080e-02  -1.5282217e-01  -6.0186644e-01  -2.1438280e-01   1.6294949e-01   2.0299188e-01   2.6566200e-01  -5.2860984e-02   1.3808944e-01  -1.2178952e-02  -4.6610467e-01   6.6381851e-02  -6.0754080e-01   3.4201345e-01  -7.9213567e-02   2.6055344e-01   4.6406682e-01   5.7299954e-02  -5.2069874e-01  -1.6561081e-01   4.2249025e-01   6.0626366e-01   1.7992091e-01  -1.1620737e-01  -1.1156713e-01  -3.9549484e-01   1.2515254e-01   3.3220177e-01
  -1.2815251e-01   1.9707763e-02   1.0410065e-01  -1.6169108e-01  -2.6438263e-01   0.0000000e+00   2.2870275e-01  -1.2979043e-01  -1.6672517e-01  -1.5678134e-02   4.9004985e-01   4.3891625e-01  -2.6227669e-01  -4.4012634e-02   2.4169217e-01   8.3967267e-02   6.2155660e-02   3.8896134e-01   3.8460010e-01  -1.7552467e-01   8.4473201e-02   4.6601999e-02   3.4455859e-03  -6.0902991e-02   5.8155252e-02   8.6862089e-02   6.4650005e-01   4.7317412e-01  -9.6575138e-02   8.1297699e-02   1.5468778e-01   1.0795001e-01   2.3486657e-02   5.4441892e-02   6.2977111e-02  -5.0066595e-02  -2.7119433e-01  -2.3794047e-01   1.6564582e-02   5.0845824e-01  -1.8506522e-01  -5.0401558e-02  -1.7610755e-03   1.3361947e-01  -1.4620359e-02   1.3825981e-02   4.1319560e-01  -2.4507402e-01  -2.3687701e-01   2.0612417e-01   3.3698839e-01  -1.8867525e-01  -3.6018694e-01  -7.7163769e-02   9.8173607e-02   1.7766686e-01   7.8520264e-01  -9.6397048e-02  -1.8171532e-01   3.8362239e-01  -3.9375067e-02  -1.6352443e-01  -2.7589638e-01   2.0298819e-01  -5.3551483e-02   1.0452946e-01   6.3355141e-01  -1.9025964e-01   4.8390647e-01   6.2616642e-01  -9.9921340e-02  -1.8631377e-02  -1.9321147e-01   3.1339158e-01  -1.0747979e-01  -4.0459395e-02  -3.7811224e-02  -1.8605927e-01  -4.1196785e-01  -4.3106272e-01   3.1507272e-01  -2.4087959e-01   1.8149346e-02   6.6561609e-02   2.6074468e-01  -1.5039294e-01   2.4911053e-01  -1.4235572e-02  -2.7976635e-01  -1.3767479e-01  -3.9855285e-01  -8.9521429e-03   1.9833238e-01  -4.9689133e-02  -1.9335397e-01  -2.6763141e-01  -1.2237124e-01  -1.1785788e-01  -3.0159240e-01  -2.6462672e-03   1.9547377e-01   5.8260123e-01   3.1610127e-01   2.7704747e-02   2.7477715e-01  -2.0072664e-01   6.0363369e-02   1.4179992e-01  -1.9590707e-01   5.3642866e-01  -1.0659363e-01   2.6929374e-01  -7.9147708e-02   9.5992281e-02   2.6624041e-01  -4.0192399e-01   1.5799957e-01  -3.1728126e-01   3.0102506e-01  -1.1902162e-01  -7.6618420e-02  -3.2101507e-01   3.3033014e-02   4.7380835e-03   1.3640322e-01   1.5764626e-01   5.2962142e-01  -2.0595665e-01  -1.5939565e-01   3.3617908e-01  -1.7982308e-01  -2.3066068e-01   2.3922418e-01  -4.2598624e-01   2.1313787e-02  -1.2617386e-01  -3.1580703e-01   4.4668486e-01  -1.4162544e-01   5.8107966e-02  -1.7474939e-01  -3.5165894e-01   2.7938553e-01   2.8466461e-01  -8.0986481e-02  -3.6320252e-03  -8.6085717e-02   3.8985509e-01   5.9935404e-01  -2.2393600e-01   2.0767662e-01   2.2381397e-01   9.0629872e-02  -2.4457286e-01  -6.4347056e-03  -2.5270116e-01  -6.3242995e-02  -1.6117994e-01  -1.2899080e-01   3.1976404e-01  -2.4236333e-01   2.7338645e-01   1.0710998e-02   1.7662058e-01  -2.0502517e-01  -3.3129286e-01   3.6302793e-01   1.8243139e-01  -8.8108318e-02  -5.9702131e-02  -4.9060525e-02  -4.3977894e-01   1.5548807e-01   5.7177796e-01  -1.6418544e-01  -1.9369757e-01  -2.1956500e-01
  -7.7794656e-02   1.8265105e-01   4.4459809e-02  -1.1685261e-02   1.2085641e-01   2.2870275e-01   0.0000000e+00  -2.9670435e-01   1.4016074e-01   2.8582493e-01  -2.3763301e-02   4.3587014e-01   8.2830971e-02  -2.5497251e-01   5.1762596e-01   2.5537966e-01  -1.8622853e-01  -9.1846364e-02  -1.6488092e-01   2.4510843e-01   1.3266323e-01  -1.2046062e-01   4.7996509e-01  -1.9302743e-01   1.6391073e-01  -4.4255341e-01   1.0466234e-01   4.2143467e-02  -4.3514609e-02   1.9741464e-01  -2.6713539e-01  -3.8204679e-01  -1.3080288e-01   6.8182481e-01   3.8412952e-01   2.3737610e-01  -9.3712097e-02  -2.2395751e-01   2.5424895e-01   1.3091637e-01   1.1487666e-01  -5.3164864e-02   6.0420822e-01  -2.9891287e-01   2.8868289e-01  -3.5256621e-01   7.9303562e-02   4.9586652e-01   3.4408658e-02   4.7867766e-02  -3.9332912e-02  -3.3129818e-01   8.6115789e-02   3.6114048e-02  -1.9094838e-01   1.3201805e-01   2.6069456e-01  -1.9255063e-01  -3.1191615e-01   3.6867717e-02  -3.6360226e-01   7.5567222e-02   2.0280509e-01  -2.0132806e-02   3.6116140e-02   5.2661914e-01   8.8483610e-02   2.4649660e-02  -1.3110696e-01  -1.4590944e-01   2.3261213e-01  -1.2797622e-01   1.8247759e-01  -1.3511935e-01  -2.1216635e-01  -2.5135874e-01  -3.8477032e-01  -3.1351406e-01   9.8879805e-02  -2.0333577e-01   2.3263911e-01   2.2756218e-01   5.0801175e-03  -3.4178617e-01  -2.0764577e-01  -7.7844034e-02  -5.2287059e-02  -1.5502326e-01   2.2282126e-01  -5.5683065e-02  -1.0018537e-01  -1.2482766e-01   2.0348814e-01   7.7441256e-02  -1.8024374e-01   1.0203072e-01  -5.3633028e-03  -2.9995443e-01   8.0258721e-02   5.6589625e-01  -2.0105958e-01  -1.9138765e-02  -2.0374893e-01   1.5150354e-01  -2.4919626e-01  -1.8539085e-01  -2.8541648e-02  -3.3506484e-01   3.9974513e-01   7.4340172e-02   3.0925741e-01  -1.6029076e-01  -1.6179903e-02  -1.6330083e-01   1.5194221e-01  -3.5961708e-02  -2.8888332e-01   1.5781030e-01  -2.2576047e-01  -1.4943191e-01  -4.2555580e-01   1.3549464e-01   1.8612428e-01   1.2778351e-01  -3.6898123e-01  -2.8798034e-01   2.1033608e-01   7.6557587e-03  -3.1432712e-02  -7.0134822e-02   9.4637248e-02   2.8647209e-01  -1.2855274e-01  -3.4288111e-02  -8.0148169e-02  -4.1847572e-01  -9.8327197e-02   9.8557601e-02  -4.0598749e-01   2.1807511e-01  -1.1538657e-01  -2.7425456e-02  -2.1175082e-01   3.1018861e-01   3.0454055e-01  -3.8620406e-01   4.5944260e-01   1.3900704e-01   2.3374614e-01  -1.2814016e-01  -7.8458321e-02  -1.9071980e-02  -1.8002713e-01   1.3957085e-01   2.0096586e-01  -1.1555532e-01  -3.6467723e-01  -2.5445978e-01  -4.2937493e-01  -7.2747661e-02   1.4768497e-01  -2.5341853e-01  -1.6051836e-01  -2.7058367e-01  -9.1258038e-02   2.3454802e-01   1.9410360e-01  -1.9222946e-01  -3.0143789e-01  -2.2031671e-01   2.9314539e-01  -2.4300361e-01  -1.1886068e-01   2.5796985e-01  -2.2576268e-01  -1.0203493e-01   1.7302071e-02
   1.0688458e-02  -3.0512358e-01   6.5732468e-02  -2.3212825e-01  -8.6623975e-02  -1.2979043e-01  -2.9670435e-01   0.0000000e+00  -1.8496422e-01   3.6830507e-02  -1.4967615e-02  -3.8035960e-01  -1.7547909e-02  -8.2384668e-02  -1.1596749e-01  -2.0272661e-01   1.2481039e-01  -2.6427478e-01   3.2161310e-01  -1.1367361e-01  -2.0198429e-01  -1.8243922e-01   7.9580213e-02   1.3523572e-01  -8.1146545e-02   6.3760383e-01   1.4352777e-02   2.0059553e-01  -1.0872458e-01  -4.2218405e-01   1.0030693e-01   2.7606230e-01   6.6475143e-03  -1.3139176e-01  -4.3059320e-01  -1.1507155e-01  -9.5664558e-02  -4.0957734e-02  -3.6969107e-01   1.4996351e-01  -4.0717492e-02  -2.0380575e-01  -3.9736114e-01   2.8181559e-01  -5.4156056e-01  -3.7068642e-03  -2.0029331e-01  -1.6446334e-01  -4.2586008e-01   1.8559922e-01  -2.0923757e-01   8.4692522e-01  -7.2446043e-02  -1.7444011e-01   4.1942696e-02   2.2061361e-01  -1.2504642e-01  -7.8653231e-02   2.3092664e-01  -2.0966314e-01  -2.7864289e-02  -3.9401284e-01  -3.0546651e-01   4.2960079e-02  -4.2500735e-01  -2.8452002e-01  -7.9791486e-02  -3.0363095e-01  -9.9969973e-02   5.3945737e-03  -8.3213156e-03  -2.6952442e-01  -1.4173577e-01  -1.2871107e-01   1.3180584e-01   2.9408424e-01  -2.8886965e-02   4.1719229e-01  -1.9293437e-01   5.4447781e-02   3.3932280e-01  -1.9925938e-01   1.9326879e-01   6.1999919e-01  -1.9556945e-01   1.6709554e-01   8.2834905e-03   9.4200663e-02  -2.5043836e-01  -4.1647090e-02  -9.3975224e-02  -9.8209682e-02   2.1194887e-01  -2.7996537e-01  -5.1687007e-02  -5.7829753e-02  -2.0557355e-01   6.2118458e-01  -3.5523924e-01  -5.2443517e-03   1.6563126e-01   4.0518742e-02  -7.8684659e-02  -2.6759664e-01   1.6220112e-02   6.6634910e-02  -4.9902382e-02   2.9634883e-01  -2.5332464e-01  -9.2829235e-02   2.5476061e-01  -1.3489014e-01  -3.7194641e-01   2.2561180e-03   1.0018057e-01  -4.9334622e-02   1.6764988e-01  -1.2321902e-01   1.9186387e-01  -1.7553714e-01  -4.3182070e-02  -1.0507700e-01  -1.7742716e-01  -2.7614484e-01   7.1110920e-02  -8.7343174e-02  -2.6952551e-01   6.4015415e-02  -1.5081786e-01   9.0596646e-02   1.0701602e-01  -8.0537968e-02  -1.3108102e-01   4.4173752e-02  -2.6320594e-01   7.0109273e-01  -4.3104231e-02   1.4080898e-01   4.8519638e-01  -2.9021551e-01  -3.3993846e-02   3.8513022e-02  -6.2128452e-02   4.5503508e-02  -8.4597291e-02   4.3168496e-01   4.6560394e-02  -3.3805698e-01  -2.3033477e-01   1.2217607e-01  -5.1680362e-02   2.1332578e-01  -1.7466229e-01  -4.1356367e-02   9.3421381e-02   1.2037677e-02  -9.4757516e-02   1.7166881e-01   8.9828977e-02   2.4210966e-01  -2.7642600e-01   2.0510239e-02   9.4588097e-02  -6.6542653e-02  -1.0932171e-01  -8.6452015e-02  -2.1270411e-01   1.5122061e-01  -1.0991027e-01   1.8115932e-01  -2.7920691e-01  -5.2052761e-02  -3.9035141e-01  -1.1221988e-01  -2.7337354e-02   1.6655588e-01  -1.8550366e-01
   1.5812181e-02   3.6237793e-01   2.9006857e-01   6.6234303e-01   8.4788867e-02  -1.6672517e-01   1.4016074e-01  -1.8496422e-01   0.0000000e+00  -3.4613047e-02  -4.4694422e-01   2.7975840e-01  -1.6563481e-02   1.4363088e-01   1.2128735e-01  -2.9476611e-02   4.6885134e-02   3.0929062e-02  -2.7201717e-01   2.0535407e-01   1.2792538e-01   3.5228061e-01  -5.3152153e-02  -5.8437228e-01  -6.4564444e-02  -2.3507620e-01  -2.7445349e-02  -2.2582109e-01   4.4826550e-01   3.5113467e-01  -2.2387425e-01  -2.3306405e-01   8.9612970e-02  -4.8020047e-03   4.4493079e-01  -3.4040184e-02  -8.0901001e-02   3.0480905e-02   6.7157073e-02  -1.2961694e-01  -1.1088067e-01   3.8978466e-01   6.2947664e-01  -4.3945365e-01   4.3162349e-01  -1.5566241e-02  -1.3468737e-01   1.7924122e-01   5.3718671e-01  -3.1003837e-01   9.8717984e-02  -2.4039342e-01   6.2258953e-02   6.5165811e-01   1.6691978e-01  -1.7387454e-01  -1.5997257e-01   5.4981394e-01  -2.3464401e-01   2.8878538e-01   2.9124690e-01   4.1860912e-01   6.6953557e-01  -6.3046223e-02   4.9916932e-01  -3.3835356e-02  -5.8916269e-02   4.9732856e-01  -9.5488498e-02   9.9979196e-03   3.9876620e-02   6.4401979e-01  -1.0541630e-01   8.2112589e-02   2.8804067e-01  -7.1444905e-02   2.1167965e-01  -2.4840234e-01  -3.0714981e-02   5.1642147e-01  -1.8248234e-01  -2.5891813e-02  -1.9654461e-01  -2.3672940e-01  -5.9194253e-02   1.5331215e-01   5.3824641e-02  -1.7749259e-01   5.6035686e-01   5.4015169e-03  -1.2167715e-01   5.3761382e-01  -2.5023211e-01   7.8312494e-01   2.2267137e-01   2.4502992e-02   4.5404819e-01  -1.5380940e-01   6.1531486e-01   2.3670027e-02  -6.8176324e-02  -2.4924689e-01  -1.6563518e-01   6.9642492e-01   1.3506358e-01   2.2102995e-01   2.0444776e-01   7.3304095e-02   2.9498953e-01  -2.3413988e-01  -5.7201317e-02   2.6323158e-01   5.8613560e-01  -6.3985104e-02  -8.2310921e-02  -1.4571591e-01  -1.7077135e-01  -2.4326883e-03  -2.8238766e-01   6.2800115e-01  -3.1904550e-02  -4.4475209e-02   4.7379875e-01   1.3675560e-01  -1.3561542e-01   2.8723438e-01  -3.7965150e-02   1.0122101e-01   3.8190698e-01   8.5723643e-02  -3.5564229e-01   1.7824299e-02   3.1912901e-01   2.9706839e-01   7.4546501e-01  -1.9596239e-01   6.2614049e-01  -9.5200515e-02  -8.0687032e-02   3.8999912e-01   7.6274010e-02  -5.2655755e-02  -2.3924799e-01   1.0551694e-01   3.0924288e-02  -1.6226051e-01   1.2228885e-01  -2.7138265e-01  -3.2332780e-01   1.2442464e-01  -1.1547421e-01  -1.7553415e-01   2.1782733e-01  -2.9705183e-01   1.9224140e-02  -3.1396486e-01  -1.2347091e-01  -8.9119673e-02   1.6475255e-01  -4.0199075e-01   6.6836300e-01  -2.8838697e-01  -9.3170992e-02   2.1393879e-02   5.9113471e-01  -9.1925349e-03  -3.7548446e-01  -3.0876854e-01   1.3431374e-01  -2.8395370e-01  -2.0151985e-01  -9.2489738e-02   3.8534716e-01   2.0577057e-02   4.4104631e-01   1.0577131e-02   5.7717572e-01
   1.9879777e-02  -3.1606767e-01   1.9177337e-01  -1.0765820e-01   3.1761545e-01  -1.5678134e-02   2.8582493e-01   3.6830507e-02  -3.4613047e-02   0.0000000e+00  -7.3949585e-02  -1.7512784e-01   2.9336848e-01  -5.1161251e-01   3.7952399e-03   9.2311301e-02   3.7314182e-01  -1.8830212e-01  -5.9064854e-02   4.3531793e-01   9.1360309e-02  -2.1408382e-01   4.2445184e-01   2.5118663e-01   3.0884213e-02   1.0900339e-01   1.4137042e-01  -3.1072425e-01  -9.0952600e-02  -2.6820077e-01  -4.3798394e-01  -2.5416714e-01  -8.3042667e-02   3.8449022e-01  -3.5951863e-01   5.6580819e-01   4.0727384e-01   2.1736109e-01   9.5196302e-02   2.3892683e-01   2.9873844e-01   5.0846330e-02   3.3379539e-02  -3.6655274e-01  -3.9240223e-02  -4.9135506e-02   3.2467176e-01   1.7696103e-01   9.3239702e-02   2.5917091e-01  -1.7902462e-01   2.9384081e-02   7.9100160e-02  -1.3828885e-01  -3.2235691e-01  -1.3525952e-01  -7.0427311e-02  -1.7474323e-01  -1.7805856e-01  -3.1216939e-01  -1.0536551e-01   2.0489789e-02  -2.4850787e-02  -3.1444518e-01  -2.4982138e-01   5.2777289e-01  -1.4576576e-02   2.5303625e-02  -1.6824498e-01  -2.0217607e-01   9.4080915e-02  -2.0952851e-01   2.4501057e-01  -4.5238149e-01  -6.8562139e-02  -2.4710496e-01  -1.0584664e-01  -2.3980610e-01   1.7067696e-01  -1.0311890e-01  -1.5908142e-01   1.2036524e-01   1.8824801e-01  -2.3507835e-01  -3.9032800e-01  -7.0696906e-02  -3.5940466e-01  -2.5896807e-01  -7.3174197e-02   9.9155364e-03   1.2545487e-01   7.4992261e-02   7.4450805e-01  -3.6315665e-02   1.9797035e-01   4.4965019e-01  -2.8110900e-02   7.8661505e-02  -1.3799961e-02   3.8702057e-01  -1.3887833e-01  -3.9020516e-01  -5.1175928e-01  -1.6006227e-01  -3.7037547e-01   3.5408668e-02   1.3559196e-01  -2.3051797e-01   4.2722117e-01   2.7170503e-01   4.9694699e-01  -3.8475353e-01  -1.6000149e-01  -1.2914292e-01  -1.5233589e-01   3.5217243e-01  -3.9311229e-01   2.8209190e-01  -2.0012305e-01  -1.8856465e-01  -1.4289484e-01   2.4034704e-01   1.2575885e-01  -1.5730487e-01  -1.3289344e-01  -4.8500680e-01  -2.6676477e-01   1.7269043e-01  -3.0079924e-02   1.0465194e-01   2.5590232e-01   4.2523844e-01  -2.8143699e-01   2.4599933e-01  -2.4199600e-01  -2.6362670e-01  -1.5586577e-01  -1.5001629e-01  -2.6946864e-01  -1.0441961e-01   1.4316525e-01   2.9661101e-01  -4.2650088e-01  -2.8692115e-02  -1.5595206e-01  -3.8934387e-01   4.5307732e-01   1.4720310e-01   1.8125861e-01   6.3133905e-02  -2.0906101e-01  -4.1685248e-01  -1.8517926e-01   2.3935948e-01   3.3395729e-01   3.1682856e-01  -8.7604937e-02  -1.1648527e-01  -9.8124078e-03  -4.4104893e-01  -7.6369373e-02  -4.3023820e-01   6.3420225e-01  -3.7046164e-01  -3.9540629e-02   3.3879456e-01   1.4782894e-01  -5.4061266e-01  -1.4118104e-01   4.1736190e-01   2.2777679e-01   1.6314122e-01  -1.8386180e-01   3.1417244e-02  -2.5931037e-01   1.3545669e-01  -3.6362549e-03
  -3.8897621e-01  -3.2452690e-01  -2.0124754e-01  -4.3063759e-01  -3.8375842e-01   4.9004985e-01  -2.3763301e-02  -1.4967615e-02  -4.4694422e-01  -7.3949585e-02   0.0000000e+00  -2.0675357e-02  -2.7793607e-01  -8.4791491e-02   1.6450075e-01   2.5983581e-01  -7.4751504e-02   3.5212551e-01   3.1377140e-01  -4.3631641e-01   2.7632020e-01  -2.4006014e-01   2.3364986e-01  -3.0421292e-02   8.1258411e-02   1.8489217e-01   3.5701708e-01   4.1955870e-01  -3.0766866e-01  -1.4223882e-01   4.3034134e-01   3.2165789e-01   1.1539649e-01  -1.4221733e-02  -1.1403483e-01  -1.1180992e-01  -2.1188281e-01  -2.9297996e-01   1.5525696e-01   3.7259580e-01  -1.1711734e-01  -8.7764100e-02  -2.1435552e-01   5.2592660e-01  -1.1729700e-01  -1.0080142e-01   2.3325472e-01  -3.5475452e-01  -3.3695532e-01   2.8397537e-01   1.9882421e-01  -1.6296117e-02  -2.7713531e-01  -4.0532234e-01  -9.6010346e-02   3.9185265e-01   3.8436990e-01  -3.5615395e-01   7.2955551e-02   5.8029796e-02  -3.1780538e-01  -1.4648405e-01  -4.5605393e-01   2.8695862e-01  -2.5382157e-02  -1.4585208e-01   2.2909815e-01  -1.8124360e-01   3.4697130e-01   2.8202706e-01  -8.0038867e-02  -2.8174627e-01  -2.3170385e-02  -9.5252987e-02  -1.6100329e-01   1.3117206e-01  -2.7470608e-01   9.0949852e-02  -3.3509419e-01  -4.4338379e-01   3.5502821e-01  -1.6436801e-01   3.7612074e-01   1.0319215e-01  -9.7393269e-02  -3.0331242e-01   2.7127994e-01  -1.5549363e-01  -5.0906809e-01  -4.3166206e-01  -2.2558626e-01  -3.3880781e-01   1.1888506e-01  -4.1753364e-01  -3.9645674e-01  -2.7386445e-01  -2.8774395e-01  -3.1504470e-02  -4.1363766e-01   4.4144289e-02   2.5714920e-01   4.6925468e-01   4.3726941e-01  -2.6042912e-01   1.3635846e-01  -1.8727061e-01  -2.4188329e-02   1.8513351e-01  -4.8005840e-02   2.8619219e-01   1.0997913e-01  -2.7067545e-02  -1.8249597e-01  -1.5802639e-01   2.6860418e-01  -2.8287523e-01   3.4655090e-01  -2.8048370e-01   2.3062553e-01  -3.6875333e-01  -2.1833911e-01  -3.5673267e-01  -1.7835359e-01   4.2272292e-01  -1.9344602e-02  -1.4202401e-01   3.9962906e-01  -8.3695067e-02  -2.7763648e-01   6.7814015e-02   1.0603371e-01   3.6692427e-02  -1.9272936e-01  -1.9105128e-01  -2.3649708e-01   1.4287416e-01  -4.6037057e-01   4.4442911e-01  -7.5662550e-02  -1.9725103e-01  -4.2699695e-01  -2.1095225e-01   4.0982733e-01   1.0740716e-01   2.6824486e-01   1.9851404e-01  -1.1698629e-01   2.8443584e-01   4.8108629e-01   6.3064693e-02  -1.1872192e-01   3.7863206e-01  -2.2714881e-01   9.6272845e-02  -8.6755502e-02  -2.7263473e-01  -1.4713233e-01  -1.3609709e-01  -2.4234814e-01   3.4040632e-01  -3.9915609e-01   6.1688434e-01  -1.2542046e-01   1.5716550e-01  -4.4504190e-01  -1.6930243e-01   4.1255162e-01   3.5330010e-01  -2.2822448e-01  -4.6429409e-02  -1.3897709e-01  -3.6855509e-01   2.0631319e-01   2.0421673e-01  -5.6271367e-02  -1.8826897e-02  -5.0698392e-01
   7.4270382e-02   6.5167812e-01   2.5615703e-01   3.9650710e-01   5.3925487e-02   4.3891625e-01   4.3587014e-01  -3.8035960e-01   2.7975840e-01  -1.7512784e-01  -2.0675357e-02   0.0000000e+00  -8.3204916e-03   5.7524640e-02   4.2560989e-01  -1.4348946e-01  -7.2955021e-02   2.9347208e-01   7.4346427e-02   2.0197599e-01  -7.5370500e-02   4.9234172e-01  -2.4714238e-01  -2.9350240e-01   1.2880893e-01  -3.1819072e-01   1.0737112e-01   1.0557536e-01   2.9519672e-01   5.6652244e-01  -2.4416899e-02  -5.6482112e-02  -3.0617239e-01   1.7657074e-01   6.4155123e-01   1.5485231e-02  -2.3531903e-01  -1.3981383e-01  -9.0199407e-02  -1.3747794e-01  -1.4331628e-02  -9.1253280e-02   4.7409870e-01  -2.9485959e-01   4.9495248e-01  -1.3323948e-01   2.9007632e-01   1.0742309e-01   2.3651358e-01  -2.9179771e-01   3.0215881e-01  -2.3672791e-01  -9.8172039e-02   2.7749437e-01   1.4757906e-01  -1.1813037e-01   4.5885537e-01   3.4439635e-01  -8.5898269e-02   7.5550328e-01   3.8220742e-02   9.4721018e-02   2.9249953e-01   1.7658611e-01   3.5349594e-01   2.0044543e-01   2.9267408e-01  -8.4667481e-02   3.9642936e-01   2.4024850e-01  -4.8229922e-02   2.7646850e-01  -8.5922799e-02   5.0827726e-01   9.4132911e-02   7.3173164e-02  -9.0313877e-02  -3.7721492e-01   1.6611120e-02   2.1056428e-02  -9.7193033e-02   6.0902409e-02  -4.9629785e-01  -1.9563043e-01   3.1384892e-01   2.4085719e-01   2.3673876e-02   9.5353038e-03   2.4321357e-01   6.3683316e-02  -8.6688690e-02   1.5844380e-01  -1.8930783e-01   5.0535810e-01  -1.2519350e-01  -1.1802475e-01   4.1067392e-01  -3.6641730e-01   2.4340093e-01   4.9264509e-04  -1.1426622e-01   2.9299004e-01   4.2091932e-02   6.2415429e-01   2.7218620e-01   1.0779526e-01   5.3522603e-02   5.8124425e-02  -7.6287197e-03  -4.6217536e-02  -2.9728676e-01   4.9645774e-01   1.9228306e-01   4.0810022e-02   8.0509521e-02  -2.4742559e-01  -5.4803130e-03   3.4557694e-02  -1.2569065e-01   3.2344195e-01  -1.6472839e-01   1.2461119e-01   3.5987976e-01  -3.6941852e-02   2.7481012e-02   3.7251873e-01   4.1057539e-01  -6.6192357e-02   3.2362139e-01   6.3804275e-02  -3.2871462e-01  -2.5228217e-01   4.8787978e-01  -2.9435651e-01   3.6721116e-01  -2.8009049e-01   9.6707161e-02  -5.7583351e-02  -5.1386013e-02   2.9421212e-01  -1.1491369e-01  -1.6254296e-01   9.9177091e-02   2.9319720e-01   2.4331094e-03   5.7675598e-02   1.1356358e-01   1.6048944e-01   1.8978480e-01  -3.7220934e-01   2.7854708e-01  -1.7293093e-01   4.1169397e-02  -2.8321605e-01  -6.6891787e-02  -2.9755118e-01  -2.3818464e-01   5.9337738e-02  -2.9940941e-01   3.1116079e-02   2.6022169e-01  -1.7802481e-02  -2.9874965e-01   3.1662199e-01   3.8875559e-01  -1.0583493e-01   1.0862498e-01  -1.2208271e-01  -1.1558742e-01  -3.0274016e-01   3.2637580e-01  -3.5110751e-01   1.9864628e-01   4.9549324e-01   4.7231610e-03  -4.1978923e-01   4.1753767e-01
   2.4911380e-01   1.0883680e-01  -1.5970874e-01   2.3556514e-01   3.5593533e-01  -2.6227669e-01   8.2830971e-02  -1.7547909e-02  -1.6563481e-02   2.9336848e-01  -2.7793607e-01  -8.3204916e-03   0.0000000e+00  -2.0562250e-02   6.4756012e-02  -1.6887383e-01  -1.2958433e-01  -4.2433715e-02  -1.1199526e-01   3.6049603e-01  -1.1894482e-01   2.8184845e-02   1.2395117e-01   1.4060289e-01   5.1365690e-02  -1.4075081e-01  -2.0792696e-02  -2.7426533e-01  -4.8727215e-02   4.0869241e-02  -1.3358705e-01  -8.3151608e-02  -4.9460988e-01  -1.6821149e-02  -1.7494638e-02   3.9938050e-01   3.3943702e-01   9.6454974e-02   6.2402391e-02  -2.5807943e-01   7.9883105e-01  -3.0430298e-01  -1.1061746e-02  -3.8185362e-01   2.8543450e-01  -7.1509360e-02   1.7887773e-01   3.4670340e-01   2.8796491e-01  -2.4510628e-01   1.4914709e-01   3.1201226e-02   1.5248284e-01  -3.5217002e-03  -4.4818680e-02  -3.1298569e-01  -3.3402504e-01   4.0150827e-02   1.8817392e-01  -1.0059478e-01  -3.9457883e-02   3.1236506e-01   8.3351898e-02  -1.1277611e-01   1.5025189e-01   2.3487234e-01   2.6990081e-02   5.3632095e-02  -5.5559298e-02  -3.8609746e-01   5.6080248e-03   1.0345608e-01   5.7351027e-01  -4.5923382e-03  -5.6234457e-02   3.0306972e-03  -8.9414406e-02  -7.9686283e-02   3.5124721e-01   2.0319125e-01  -2.7249195e-01   5.5656270e-01  -2.4054233e-01  -2.0032287e-01  -1.1369796e-01   2.3178065e-01  -2.2048377e-01   7.2981480e-02   2.4019501e-01   2.9136582e-01   3.1835117e-01  -1.4307366e-01   2.8112840e-05   1.5881600e-01   4.2791502e-03   5.3358643e-01   3.4098103e-01   8.9925256e-02   2.1775588e-01   1.9263621e-01  -1.3119058e-01  -3.2576593e-01  -2.2984957e-01   1.0063837e-01  -7.1428997e-02   8.5804531e-02  -3.2147267e-01  -7.9732996e-02   3.2176233e-01  -1.7296462e-01  -1.4212695e-01  -1.5575200e-01   2.9535139e-02   1.1218775e-02  -1.4482550e-01   3.7690920e-01  -2.1292625e-01   8.0593780e-01  -2.1139938e-01   1.7136124e-01  -1.0826000e-01   3.5209354e-01  -1.0703374e-01  -2.0898650e-01  -5.7368516e-02   1.4662946e-02  -4.2673991e-02   2.3029200e-01   1.3162102e-01  -2.4713736e-01   3.5807628e-01   8.8935356e-02   9.0687976e-02   7.0513329e-02  -5.5161995e-02  -7.6186820e-02   8.9796585e-02  -3.0102972e-01   1.3401756e-01   1.2493740e-01   2.2536568e-01   8.5704104e-01  -1.7391287e-01  -2.3972061e-01  -1.1562676e-01  -5.5569988e-02   4.3724575e-02   1.8013202e-02  -7.2087943e-02   8.4451240e-03   4.1483251e-02  -2.8948494e-01  -1.0392653e-01  -7.4068570e-02  -5.6818602e-02   1.3426620e-01  -1.7860415e-01   4.1894119e-01  -2.7875107e-01  -1.8767378e-01   1.6208838e-01  -2.8929128e-01   1.7553201e-01   2.9790834e-02   2.6595460e-01   1.3505246e-01  -1.9735614e-01  -4.3382737e-01  -1.4390653e-01   5.2639099e-02   2.5534906e-01  -7.0006300e-02  -2.1646337e-02  -2.1607844e-01  -1.7275305e-01  -1.3803465e-01   2.9965525e-01
   3.3074387e-01   2.5029880e-01  -2.2175670e-01   3.0792897e-01  -4.0693195e-01  -4.4012634e-02  -2.5497251e-01  -8.2384668e-02   1.4363088e-01  -5.1161251e-01  -8.4791491e-02   5.7524640e-02  -2.0562250e-02   0.0000000e+00   3.0578615e-02   7.2044733e-04  -3.4822381e-01   2.4551362e-01  -6.9485048e-02  -4.6128030e-01  -7.7437116e-02   3.0617037e-01  -2.0738748e-01  -8.0350370e-02  -1.4747887e-01  -2.5774359e-02  -1.0454968e-01   3.6616032e-01   2.2893340e-01   2.4995669e-01   5.0335431e-01   1.9927612e-01   1.1076043e-01  -5.0823096e-01   2.3743192e-01  -5.2852728e-01  -3.4315579e-02  -2.6259213e-01   4.6888387e-02  -1.8139613e-01  -1.1012898e-01   1.7746848e-01   1.4790451e-02   3.6173217e-01   2.4424979e-02  -4.4207980e-02  -2.3819858e-01  -1.4957890e-01   1.5734326e-02  -3.0324394e-01   3.1853396e-01  -2.2033518e-01  -2.1796031e-01   3.8745774e-01   8.2663984e-01   1.1275421e-01  -3.1481115e-02   3.0128812e-01   1.6350763e-01   2.5913533e-01   1.5363775e-01   1.9185075e-01   9.4734486e-02   2.9861051e-02   2.0750206e-01  -4.4079698e-01   7.2014225e-02   6.3730364e-02   2.3812812e-02   1.7263991e-01  -1.1690674e-01   4.1225729e-01  -2.7666590e-01   6.0184258e-01   3.6419859e-01   1.3899954e-01   7.1295738e-02   2.2912783e-01  -3.5171514e-01   2.8741778e-01   1.7181691e-01  -1.8600740e-01  -1.8427291e-01   2.2053857e-01   4.9919849e-01   5.6947958e-02   4.0812999e-01   6.5579664e-01   5.1854895e-02   1.9642915e-01  -2.5536384e-01   3.8988638e-02  -6.7509263e-01   2.5854225e-01  -1.0159198e-01  -3.0098922e-01   2.2082044e-01   8.1694141e-02   1.1141150e-02  -2.5164029e-01   3.3084774e-01   1.8312006e-01   5.0077707e-01   1.7924369e-01   4.5164215e-01   8.8694406e-02   2.6463242e-02   9.5458637e-02  -1.6882693e-01  -1.6367445e-01  -4.8707804e-01   3.9546659e-01   2.3872198e-01   1.9974781e-01   3.7239621e-01  -3.9586123e-01   3.8016966e-01  -1.6189170e-01   3.1521333e-01   3.6385283e-01   7.9209962e-02  -3.6666815e-01   5.6922776e-02   1.3961176e-03   1.2361533e-02   6.9722020e-01   3.6028757e-01   4.0239562e-03   4.7640405e-02  -1.3498960e-01  -3.7597417e-01  -6.4016489e-01   5.0218030e-01  -1.1025093e-01   3.5437666e-01   1.1079272e-01   3.3098705e-01   1.8595156e-01   2.0391030e-01   2.2874455e-01   1.6444998e-01  -7.3898307e-02   4.9064307e-01   1.5140912e-02   1.5134287e-01   2.5684276e-01  -3.4136944e-01  -9.1224562e-02  -5.4417104e-02  -9.3495103e-02   3.0510268e-01   3.1097120e-01   3.5792949e-01  -2.5655418e-01  -3.7421340e-01  -2.6527061e-01  -9.9301122e-02   2.8691666e-01  -8.4015932e-02   3.9115431e-01   2.1288638e-01   3.5871735e-01  -3.2145242e-01   3.5437197e-01   2.2694623e-01  -5.0301483e-01  -3.1211608e-01   4.4848188e-01   3.2977951e-01  -4.9521257e-01  -3.4077157e-01  -1.1083316e-01   2.3831264e-01  -1.3709341e-01   2.3269528e-01  -1.7553733e-01   1.6650462e-01
