   0.0000000e+00  -7.9378758e-02  -1.5463594e-02   8.1982261e-02  -4.8375318e-03  -2.4951378e-01  -1.4849665e-01   4.2733474e-01   1.7321755e-02  -6.7303173e-02  -2.2997525e-01  -8.9609510e-02   1.5211651e-01  -2.7390033e-01  -1.7672587e-01  -1.5160124e-01   2.4175282e-02  -1.9911099e-01   1.3827474e-01  -9.5043779e-02  -1.6582862e-02   1.7847009e-01  -3.0596792e-01   7.4788619e-01   2.9806736e-01   4.1309457e-01  -2.1354875e-01  -1.4420964e-01  -2.0188587e-01   1.5456104e-01  -2.5636183e-01   9.9019297e-02   1.4879516e-01  -1.8775336e-01  -2.8527824e-01  -3.2951476e-01  -1.0374842e-02   2.1895294e-01  -1.7824004e-01  -3.4450312e-01   1.2811038e-01  -1.1374897e-01   1.1518654e-01   2.7390824e-01  -3.3427667e-01   5.4984526e-01  -1.1397433e-01  -3.9105070e-01  -6.8068801e-02  -1.1343236e-01  -1.3892678e-01   4.6035897e-01  -1.8316597e-01  -4.8170338e-02  -1.3761430e-01   1.1138685e-01  -2.1811497e-01   1.4879541e-01   2.3006521e-01  -1.4409463e-01   2.3856867e-01  -2.6866638e-01   7.7683236e-02   2.9598028e-01  -2.8662540e-01  -8.3665310e-02  -2.4980837e-01   2.8262275e-04   5.5338332e-02   3.6124364e-01  -1.9278919e-01  -4.6484767e-02  -3.2032898e-02   4.8238552e-01   1.1961534e-01   9.0419552e-02   3.8756957e-01   2.1672489e-01  -2.5827626e-01   3.1958316e-01  -1.1694961e-01  -1.8178881e-01  -9.6162807e-02   4.9292236e-01  -1.1853063e-01   1.4756237e-01  -3.2335935e-01   9.4271340e-02   3.7052872e-03   7.4952560e-01  -3.0662027e-02   5.8432856e-02  -9.9125079e-02  -2.9907026e-02   3.8637556e-01   2.7567063e-02   2.3568033e-01   2.1333713e-01  -8.2804267e-02  -1.6291165e-01  -1.6993875e-01   9.4155223e-02  -1.6555360e-01   1.6945161e-01   1.2759206e-01   1.1536483e-01   4.1909488e-02   2.9140109e-01  -1.2794483e-01   1.7213015e-02  -2.1487862e-01  -2.2388018e-03   1.6104789e-01   7.1478134e-01   2.5996410e-01  -1.6343031e-01   1.3297134e-01  -1.4066128e-01   1.0260474e-01  -4.6387938e-02   4.8655181e-01   5.3110792e-02   3.1739751e-02  -5.9577663e-02   4.4436368e-01   2.0489570e-01  -3.0324664e-01   2.0308114e-01   2.0422220e-01  -4.1076686e-02  -2.8334760e-02  -3.4418235e-01   1.1377737e-01  -2.6364094e-01   2.9917549e-01   8.4094401e-02   2.1128245e-01  -2.2686153e-01   2.7062388e-01   4.9231000e-01   3.6675191e-01   2.3141658e-01   8.3156714e-02   5.0838278e-02  -3.7982721e-01   1.4658808e-01  -2.1941317e-01   3.6494346e-01  -1.5479224e-01  -1.3226060e-01   5.4567908e-01  -8.6325027e-02   1.6032730e-01  -1.7273159e-01  -2.0433450e-01   5.2781684e-01   4.6033903e-01   8.4457589e-02   1.2588008e-01  -2.4734074e-01   7.9103265e-02   3.0812631e-01   1.4249742e-01   4.0175771e-02   2.6570769e-01  -6.2283694e-02  -4.4919747e-01   2.9220693e-01   1.6511274e-01   7.3155804e-02   2.6894489e-02   2.5191283e-01  -1.7727204e-01   7.0864078e-02   1.6860815e-01  -1.4633862e-01   1.5854075e-01
  -7.9378758e-02   0.0000000e+00   1.5710043e-01  -3.8301781e-01   4.5921425e-01  -5.1443370e-02   5.7116870e-01  -2.5243500e-01   5.9219149e-01   9.7079578e-02  -4.5653804e-01   4.6670519e-01  -1.8676377e-01  -1.0658358e-01  -1.8792609e-01  -1.0586428e-01   1.7766704e-01  -2.1262142e-01  -3.6668210e-02   3.2405642e-01  -3.0821187e-01  -4.6908864e-01  -2.1486960e-01  -1.2715506e-01  -5.2312198e-02  -1.1544544e-01   4.4728632e-01   1.6958847e-01   1.5788922e-02   3.6909583e-02  -2.1133290e-01  -2.4224121e-01   2.7342691e-02   2.4933837e-01   3.9785500e-01   1.0704824e-01   2.0912862e-01  -2.5634622e-01  -5.8531758e-02   4.3860950e-01  -5.0788384e-02   4.8157389e-02   4.1454955e-01   6.5771465e-02   4.5609209e-02  -2.7114609e-01  -3.7620837e-01   3.9637750e-02   6.4034980e-02   2.3452093e-01  -3.0912885e-01  -2.5224332e-01   3.6448596e-01   8.8504257e-04  -1.6271355e-01  -2.5898754e-01  -2.0253255e-01  -3.8985700e-01  -1.1365697e-01   2.8487254e-01  -1.7513353e-01   3.0362612e-01   5.7897747e-01   6.6017095e-02   1.6061024e-01   1.3390399e-01  -3.6473590e-01   2.0012690e-01  -1.5361445e-01  -7.5363383e-03   7.7294252e-01  -4.9044530e-01  -1.0923679e-01  -9.8288654e-02  -1.0816381e-01  -2.5974669e-01  -1.8040378e-01  -1.4447608e-01   5.4289077e-01  -2.1311101e-02   1.7833047e-01  -5.0778691e-02   3.2118464e-01  -1.0552594e-01   2.2606436e-02  -1.1879190e-01   5.6285444e-01  -1.4792995e-02   3.9926254e-01  -4.3616364e-02   6.5817872e-01  -1.6876663e-01   4.3796038e-01   3.1302055e-01  -3.1603692e-01   6.5718480e-02  -1.0631686e-01   1.5908371e-02   2.9165985e-01   2.0393746e-01   1.5116285e-01  -5.5176644e-02  -4.1819213e-01   4.5099036e-01  -4.0850686e-01  -2.4791244e-01   4.7089585e-02  -7.8579785e-02   1.2542158e-02  -1.0018291e-01   2.7971773e-01  -3.4403011e-01  -1.5001104e-01  -1.5777695e-01   1.3710703e-01   6.9986037e-01  -1.7497926e-01   1.2259436e-01  -1.8591327e-01  -3.3176681e-01  -2.3329484e-01   4.2713948e-01   2.0861474e-01   7.7581518e-01  -1.6988731e-01  -2.5758358e-01   2.2592044e-01  -1.0199613e-01  -2.5511329e-01  -1.6847181e-02  -7.2114360e-03   3.7214308e-01  -1.7759313e-01  -6.2156192e-02  -4.8912231e-01  -2.2064741e-01  -3.6108050e-01  -2.6392188e-02  -2.3361466e-01  -2.8608374e-01   5.3683017e-02  -1.0788600e-01  -3.3144095e-01   2.8888340e-02   2.7749143e-01   6.1003361e-02   3.9589344e-01   3.6514760e-01  -1.6398532e-01   2.6672636e-01  -6.7978516e-02  -2.6978181e-01  -1.8587245e-01   5.9338643e-01   5.2963751e-01  -2.1614157e-01  -2.8423073e-01   6.5959561e-02  -2.1485805e-01   1.6779313e-02   2.5526822e-01  -7.4469988e-02  -1.9071266e-01  -4.2447372e-01  -1.6974687e-01   3.7626735e-01   8.0234979e-02  -2.9466468e-01  -3.0348105e-01   1.5208682e-01   5.4430282e-01  -3.0419351e-01  -2.1889345e-01  -9.9308979e-02   1.3992716e-01  -5.1626595e-03  -1.6003953e-01
  -1.5463594e-02   1.5710043e-01   0.0000000e+00  -1.2011369e-01   3.7150817e-01  -4.3507269e-02   4.6711173e-01  -6.2238782e-02  -8.6797646e-02   3.7665021e-01  -1.6365980e-01   6.9786780e-01  -1.5641952e-01  -1.6591765e-01  -2.2166098e-01   1.2740060e-01   8.5491856e-01  -1.6574425e-01  -1.2962363e-01   4.4795688e-01  -5.4855925e-01  -1.9388911e-01  -4.9724910e-01  -3.3091884e-01  -3.4157856e-02  -5.9139438e-02   3.3836655e-02   2.9943783e-01   2.1664303e-02  -1.8952744e-01  -6.4589957e-02  -5.8206116e-02   1.3037578e-01   2.6904601e-01   1.2940766e-01   1.2937265e-01  -1.0790548e-01  -1.5474994e-01  -1.6999491e-02   5.1254819e-01  -7.2102252e-02   3.6477330e-01   3.9035777e-01   2.6270587e-01  -2.1163366e-01  -1.2688023e-01  -9.2990623e-02  -1.9102713e-01  -2.6046833e-01   7.9812908e-01  -3.8104624e-01  -5.0771676e-03   5.4410479e-02   5.9832175e-01  -1.6699809e-01   5.3944523e-02  -1.4409171e-01  -2.4818668e-01  -9.9122077e-02   1.6410250e-02   3.8343856e-01   9.0170300e-03   2.1680843e-01  -8.5820392e-02  -3.4852129e-01  -2.7975616e-01  -3.1712538e-02   8.7149796e-02  -9.3367743e-03   1.0991563e-01   2.1183771e-01  -4.6871818e-01  -1.1682173e-01  -2.5921827e-01  -1.6041741e-01   7.2633865e-03  -2.3206210e-03   1.3805689e-02   4.0716435e-01  -8.2180601e-03   1.0077384e-01   1.0803663e-01   4.9872261e-01  -2.0210889e-01  -3.3065258e-02   1.0232871e-01   6.4756401e-02  -2.8329703e-01   8.0068065e-02  -2.3436016e-01   2.5456232e-01   6.0410434e-01   3.7759098e-01  -4.8385109e-02  -9.0415881e-02   4.3781971e-01  -1.9956293e-01   1.4338134e-02   7.7717946e-02  -3.4908688e-02   5.1904107e-01   2.5043377e-03  -4.8149172e-01  -2.2733835e-01  -3.6066690e-01  -3.0986741e-02   5.0605975e-01   1.5471180e-02  -1.7584842e-01  -1.3017454e-01   6.8382375e-01  -3.0670857e-01  -9.5780988e-02  -2.9145442e-01   3.8853713e-01   4.8365631e-02   6.0049347e-02  -3.0735365e-02   1.7765720e-01  -1.1377633e-01  -2.1198628e-01   5.1525651e-01   3.3676110e-01  -7.2943532e-02  -4.4229088e-01  -3.9997456e-01  -8.1273759e-02   1.6301455e-01   4.4748313e-03   4.4327104e-01   4.2621495e-02   8.4499633e-02  -6.2154062e-01  -1.6291970e-01  -7.9039870e-02  -3.3470617e-02  -9.9884763e-02   9.8695568e-02  -1.4045327e-01  -1.3483237e-01  -3.4104571e-02   7.9077486e-02  -1.3539189e-01   4.5589608e-01   1.8572153e-01  -1.2653039e-01   6.2816410e-01  -1.9467930e-01  -5.2571899e-01  -1.2113336e-01  -2.2952657e-01  -3.9942155e-01   1.9717063e-01   3.7553839e-03   7.5815499e-01  -3.7226667e-01  -3.2317238e-01   5.7347300e-02   5.9867582e-01  -3.0481017e-01  -4.5727799e-02   6.0170334e-02   4.7520627e-02  -2.2615271e-01   5.7357610e-02   2.0630240e-01   1.3921707e-02  -5.6886065e-02  -3.0323236e-02   5.0548089e-01   3.4374087e-01  -1.5441241e-01  -3.8512095e-01   2.5027228e-01  -1.0537226e-01   2.1135943e-01  -7.0858486e-02
   8.1982261e-02  -3.8301781e-01  -1.2011369e-01   0.0000000e+00  -1.5163584e-01   1.7378198e-01  -2.4077805e-01   1.8102006e-01   6.6507133e-02  -2.3147836e-01   3.9546599e-01  -1.1676070e-01  -2.1673331e-02  -1.9504716e-01   1.0234552e-01   1.7574685e-01  -2.1468345e-01   1.0394917e-01   3.3197191e-01  -1.6707547e-01   1.0650890e-01   5.3264179e-01   1.5864935e-01   2.5810556e-02   3.9490067e-02   2.6309697e-01  -1.6534703e-02  -3.7553168e-01   7.4533233e-02   4.2621953e-01  -1.8439673e-01   6.8030011e-01   1.3927099e-01  -2.2401365e-01  -4.2506637e-01   9.2225210e-02  -1.6681056e-01   4.6672645e-01   1.7905457e-01  -4.0583385e-01   1.2782818e-01   4.6356121e-02  -1.6369837e-02   3.6522136e-02   5.0003563e-02   2.8966864e-01   4.4301592e-01  -2.9938384e-01   1.0237911e-01  -2.5970478e-01   4.7556976e-01   1.9306766e-02  -2.5134771e-01  -1.9118218e-01  -9.5808727e-02   3.2746908e-01   1.3828775e-01   6.3916054e-01   6.5028882e-01   1.0899463e-03   3.8432256e-01  -4.0050958e-02  -1.8982173e-01   5.7003521e-02  -1.5526708e-01   1.6579066e-01   1.0886947e-01   9.6766440e-02   5.5969369e-01   1.1793169e-01  -2.9039213e-01   6.3897859e-01  -9.6131579e-02   1.4209095e-01  -5.9405717e-02   3.8746653e-01   3.8363155e-01   4.9990534e-01  -2.8235631e-01   4.4597326e-01  -1.5675912e-01  -4.4417373e-02  -3.4108374e-01   1.3776117e-01  -2.7563809e-01   3.9233241e-01  -3.7701688e-01  -1.9652716e-01  -1.0730919e-01   1.9135903e-02  -1.3978250e-01   3.0285937e-01  -2.8885934e-01   2.3358751e-01   4.2505215e-01  -3.1236246e-01   1.5480821e-01   3.1187975e-01   1.7566882e-01   3.2878378e-02  -4.4303270e-01   2.5796918e-01   3.1704373e-01  -4.1143218e-02   6.1764984e-01   6.4780364e-01  -1.5820751e-01   3.6873374e-01   4.0513220e-02   1.2886594e-01  -2.4596060e-01   6.7078986e-01   5.3133059e-01   9.9193523e-02  -4.3270527e-01  -1.1249236e-01   3.9096674e-01  -8.8322456e-02  -3.1943511e-01   7.7644253e-01   2.1772339e-01  -1.6192543e-01  -1.8053888e-01  -3.3027543e-01   2.1470496e-01   2.5223389e-01   1.1457722e-01   1.5248386e-01   5.8101004e-01  -2.7336401e-01  -8.3363801e-02  -2.0151852e-02   1.9617050e-01  -2.0899880e-01   4.5497084e-01   3.4024651e-01   1.2100562e-02  -3.4815324e-01   4.4415133e-01   2.8899900e-01  -1.2921237e-01   1.2462665e-02   3.7147907e-01  -3.1013098e-01   4.9286345e-02   3.0266978e-01  -3.0127043e-01   4.5944246e-02   1.6752119e-01  -2.0639484e-01   4.1151980e-04  -1.8573258e-01   3.3245930e-02  -7.7166912e-02  -3.6402692e-01   5.4397896e-02   2.7481278e-01   4.1447524e-01   2.8737836e-01   7.4325194e-02   4.9178963e-02   2.7693293e-01  -1.0663837e-01   7.9737196e-01   5.5101062e-01  -1.1977585e-01  -8.5574609e-02   4.1151551e-02  -1.8204846e-02  -2.5578586e-01  -9.7400193e-02  -7.3988395e-02   3.0279823e-01  -5.7293038e-02  -1.0723631e-01   2.3170822e-01   5.7235769e-01
  -4.8375318e-03   4.5921425e-01   3.7150817e-01  -1.5163584e-01   0.0000000e+00  -1.9207120e-01   5.9842120e-01  -2.6186916e-01   2.8093403e-01   3.0271510e-01  -3.9846035e-01   5.2953332e-01  -1.5205388e-01  -3.1825277e-01  -4.3083402e-01   1.2408252e-01   3.1299664e-01  -9.9592742e-02  -2.0996603e-01   7.1707407e-01  -3.5034962e-01  -4.8712869e-01  -3.5808152e-01  -2.0456495e-01   9.0404755e-02  -2.0615300e-01   6.3403640e-01  -7.2488907e-02   1.1165999e-01  -1.7676377e-01  -2.9669913e-01  -2.8205694e-01   2.2260206e-01   1.0794790e-01   8.8981742e-02   5.5257575e-01   3.0829057e-01  -1.7828146e-01   1.9198128e-01   5.1189105e-01  -1.8988853e-01   1.0070239e-01   5.6938460e-01   3.9318317e-02  -4.7492695e-02  -3.2290330e-01  -1.9867893e-01  -8.1494081e-02   2.7954582e-01   4.2285885e-01  -3.1272322e-01  -2.7592664e-01   2.7180939e-01  -8.2869276e-03  -1.6458203e-01  -1.0059260e-01  -3.6012754e-01  -4.7270320e-01  -1.4480042e-01  -6.8299394e-02  -8.4925600e-02   2.1148504e-01   3.5361605e-01  -1.1385279e-01   8.8603717e-02   1.8672099e-01  -3.6235652e-01   2.1569898e-01  -3.0840887e-01  -7.3667669e-02   5.3105969e-01  -3.2018439e-01   6.8463014e-02  -2.2359999e-01  -6.3306055e-02  -2.6725074e-01  -1.6966096e-01  -2.6957094e-01   7.1399930e-01   2.2278346e-02  -1.6216762e-01   1.5784885e-01   3.4562000e-01  -1.3760525e-01  -2.8867317e-01  -1.9250059e-01   1.7938157e-01  -2.7573593e-01   3.3775732e-01  -6.4800086e-02   7.7978042e-01  -4.6364882e-02   5.6454320e-01   3.0150725e-01  -2.0167320e-01   4.4728915e-01   4.5506991e-02  -1.4412779e-01   3.9047402e-01  -1.4790541e-01   7.6349396e-02  -2.7936720e-01  -5.6176978e-01  -4.5366806e-03  -4.2654887e-01  -2.8580239e-01   5.0154899e-02  -1.8098475e-01   3.7290708e-02  -1.3422272e-03   4.2369099e-01  -3.3450311e-01   2.1449506e-02  -2.0701669e-01  -1.0323961e-01   5.5626387e-01  -2.0303518e-01   2.9568802e-02  -3.4704828e-01  -2.9098469e-01  -2.9740329e-01   7.7782182e-01   3.4156292e-01   3.9575826e-01  -3.4794410e-01  -3.2311681e-01   1.8116383e-01  -8.5203806e-02  -3.2455173e-01   1.9346480e-02   2.0927564e-01   4.3012347e-01  -3.7414937e-01  -1.5107988e-01  -2.6898566e-01  -2.8811084e-01  -1.6297189e-01  -2.3850961e-01  -4.2391317e-01  -2.5021020e-01  -2.6225131e-01   8.4991896e-02  -3.8337079e-01  -1.1146340e-01   1.9002520e-01  -1.2398575e-01   3.4046774e-01   1.5854045e-01  -3.3841494e-01   1.1021677e-01  -2.1777860e-01  -3.8561450e-01  -1.7497444e-01   5.5022269e-01   5.2395489e-01  -2.8576386e-01  -2.8013940e-01   7.2056313e-03  -4.4782006e-02  -1.4384649e-01   1.9933844e-01  -2.3102935e-01   1.0980188e-01  -3.9472076e-01  -2.0200157e-01   4.7308591e-01   1.1015061e-01  -4.2309753e-01  -2.2306293e-01   5.2224632e-01   7.0667130e-01  -2.4661145e-01  -6.6272346e-02  -2.3361799e-01  -4.1184584e-02   4.2874006e-02  -2.5639581e-01
  -2.4951378e-01  -5.1443370e-02  -4.3507269e-02   1.7378198e-01  -1.9207120e-01   0.0000000e+00  -6.9697100e-02  -7.0444878e-02  -1.1808254e-01  -2.6535255e-01   3.1201695e-01   1.8262964e-01  -3.1914859e-01  -2.4177956e-01   3.8641737e-01   2.7779550e-01  -3.1336256e-01   1.7123278e-03   3.3719273e-01  -1.7812765e-01  -1.0704534e-01   1.7681726e-01   3.4430276e-01  -1.2727433e-01  -4.4653530e-02   1.2858885e-01   1.3584559e-01   1.4030686e-01   2.5019760e-01   3.5889243e-01  -4.2389371e-01   1.6818922e-01  -1.0892089e-02  -3.8343805e-02  -1.4579258e-01   9.6628015e-02  -3.8496204e-01   6.0795616e-02  -1.3616089e-01  -2.4038258e-01  -2.2432045e-01   2.9624318e-01   1.4079976e-02   6.4861281e-02  -9.2630008e-03   1.0850423e-01   3.3605216e-01   1.6054342e-01  -3.9061188e-01  -2.5813424e-01   3.9026103e-01   9.6846603e-02  -5.0498691e-01   4.7158809e-02  -2.0127141e-01   6.0102553e-01   5.7630757e-01   2.9648550e-01   1.2578093e-01   1.6599408e-01   1.7985056e-02  -1.8870033e-01  -2.8829661e-01  -3.1061954e-01  -3.1898403e-01   5.1710507e-01   3.8303978e-01   1.6945934e-01   5.2216492e-01   3.4661856e-01  -2.9332034e-01   2.9712170e-01  -3.4983349e-01   1.6895768e-01   2.0732698e-02  -1.5839890e-01   4.2612442e-02   3.4333662e-01  -2.3628372e-01  -2.8057002e-01   3.0610700e-01  -2.3584456e-01  -4.2570360e-01  -4.1916291e-02   3.8637386e-02   1.8538108e-02  -3.4144606e-01   4.5208692e-01  -1.2674134e-01  -2.1039415e-01  -1.4157767e-01   1.6255219e-01   2.7733697e-01   2.5433080e-01   1.2222736e-03  -3.7073213e-01  -2.6103570e-01   3.1309620e-01  -1.7918833e-01   1.7872512e-01  -4.6720448e-01   4.9066745e-01   3.9821274e-01  -3.4654348e-01   4.7529089e-01  -1.1275471e-01  -1.9612174e-01   2.8696820e-01   1.7274598e-01   4.1009392e-01  -1.1038159e-01   5.2328178e-01  -1.3622720e-02  -1.4037689e-01  -6.4652383e-02  -1.5217282e-01   2.0422422e-01  -1.9931632e-01  -1.4268732e-01   2.0642897e-01   1.6066287e-01  -1.6361475e-01   6.8495456e-02  -2.1493310e-01   1.3472547e-01   3.3805729e-01   1.3723964e-01   1.0074295e-02  -3.2968564e-02  -1.8108136e-01  -4.1884391e-01  -1.5024386e-01   2.7128271e-01  -4.2337157e-01  -4.4751281e-02  -1.1770963e-02  -2.5291314e-01  -2.5033634e-01   2.0043816e-01  -1.8041043e-01  -2.3904728e-01  -3.6623240e-01   5.5510465e-01   4.3481784e-01   2.4238049e-01  -2.9479210e-02  -2.6470212e-02   8.6495171e-02   7.7522907e-01  -4.5277178e-01   2.0660312e-01  -1.1421147e-01   3.2340537e-01  -2.1487865e-01  -1.7099769e-01  -1.6533364e-02   1.0010995e-01   1.8661181e-02  -4.2329972e-02   5.2475167e-01  -3.7799231e-02   2.9390793e-01  -3.2232730e-01   3.1481342e-01   3.7895882e-02  -2.2811929e-01   1.9289035e-01   3.7932207e-01  -7.0015568e-02  -3.5389921e-01  -3.6480676e-02  -1.5945997e-01  -1.7284397e-02   6.0640152e-01  -1.4979034e-01   5.2185485e-03   1.3924305e-02
  -1.4849665e-01   5.7116870e-01   4.6711173e-01  -2.4077805e-01   5.9842120e-01  -6.9697100e-02   0.0000000e+00  -2.4353196e-01   2.6692065e-01   5.2769067e-01  -5.6142690e-01   7.6916679e-01  -2.2379505e-01  -3.2494050e-01  -2.9033243e-01  -8.1981825e-02   2.5266498e-01  -4.7873514e-01  -1.6973115e-01   5.5387952e-01  -6.3056040e-01  -3.4912041e-01  -4.0071754e-01  -3.4005044e-01  -1.8862609e-02  -1.7889857e-01   5.3336902e-01   2.5239718e-01   1.3239163e-01  -1.9631070e-01  -3.8408539e-01  -3.8054017e-01  -3.6897017e-02   4.4675503e-01   5.2794725e-01   2.3807253e-01   1.1443776e-01  -1.8070546e-01  -1.8171654e-01   6.6114025e-01  -2.1100604e-01   1.2946916e-01   6.7246027e-01  -1.6663426e-01   3.5609055e-02  -4.6464203e-01  -3.7191190e-01  -1.8724032e-01   6.2081586e-02   4.1275687e-01  -5.3956876e-01  -2.5571756e-01   2.1064647e-01   5.5576940e-02  -3.7348460e-01  -2.7812870e-01  -3.2988331e-01  -4.9595389e-01  -2.0767037e-01   3.3785978e-01  -1.9776835e-01   3.5289380e-01   4.9772783e-01  -1.2413637e-01  -1.4266202e-01   1.0219465e-01  -4.8939358e-01   1.2886848e-01  -1.2366767e-01  -2.4907700e-02   6.6281056e-01  -5.7158042e-01  -1.4786993e-01  -4.4781926e-01  -1.5495473e-01  -1.8047298e-01  -2.4956074e-01  -1.4060254e-01   7.4181672e-01  -1.4157105e-01   2.7911577e-01  -3.6861059e-02   1.3213938e-01  -1.2212971e-01  -3.2421119e-01  -5.1899133e-02   4.1906675e-01  -1.8638470e-01   4.0724720e-01  -2.3025157e-01   6.5563016e-01  -1.0215403e-01   7.2072440e-01   4.7576570e-01  -4.0133155e-01   2.4260208e-01  -1.2233360e-01  -4.3522804e-02   2.0066603e-01   1.8260938e-01   8.9047475e-02  -6.9076946e-02  -5.4695884e-01   1.9059052e-02  -5.1515693e-01  -2.6444209e-01  -9.4599013e-02  -1.5534196e-01   1.3765420e-01  -2.9597248e-01   6.5961703e-01  -4.2443777e-01  -6.3420108e-02  -3.4981965e-01   1.0268683e-01   5.1324604e-01  -1.5880433e-01   5.8981176e-02  -3.6629668e-01  -3.2497797e-01  -4.2558579e-01   7.2347250e-01   4.4797038e-01   3.5325839e-01  -4.4805513e-01  -4.9819734e-01   2.8934095e-01  -2.3411858e-01  -1.7525722e-01   1.4132100e-02   5.6499151e-02   3.4612318e-01  -4.1389443e-01  -3.2476074e-01  -3.9180516e-01  -1.4272838e-01  -1.6809274e-01  -1.5181098e-01  -3.5110626e-01  -3.7062529e-01  -2.6192260e-01  -1.4306358e-02  -4.1018997e-01   7.7128636e-02   4.9004186e-01  -1.8907745e-01   7.5686147e-01   6.9552042e-02  -3.3009847e-01   1.2334508e-02  -3.8917656e-01  -4.5122972e-01  -2.8579062e-01   4.1929568e-01   7.7287329e-01  -4.1082000e-01  -3.8860472e-01  -3.8332852e-02  -1.5079552e-01  -1.4814952e-03   1.2797587e-01  -2.1244124e-01  -3.7348321e-01  -4.2703256e-01  -2.5101915e-01   6.4794409e-01   2.0971445e-01  -3.6857129e-01  -4.6420563e-01   1.3020458e-01   8.6456888e-01  -2.6681307e-01  -4.0749790e-01  -2.5439131e-01  -1.5394437e-01  -5.0956936e-02  -3.1419201e-01
   4.2733474e-01  -2.5243500e-01  -6.2238782e-02   1.8102006e-01  -2.6186916e-01  -7.0444878e-02  -2.4353196e-01   0.0000000e+00  -1.2787998e-01  -2.4321887e-01   1.5685066e-02  -2.1811530e-01   5.8025365e-02  -2.6662609e-01  -9.8704006e-02  -2.1050591e-01   1.5185364e-02  -3.3658175e-01   1.6231960e-01  -2.1858932e-01  -4.5446095e-02   5.5094888e-01  -2.5857229e-01   4.0585026e-01   1.6253715e-02   6.8550393e-01  -2.9410841e-01  -1.4515739e-01  -2.5551822e-01   2.3898577e-01  -1.9940648e-01   4.2745819e-01  -2.7685275e-02  -2.3030815e-01  -2.9897144e-01  -4.3091567e-01  -1.2713775e-01   2.1769323e-01  -1.3002145e-01  -3.8994268e-01  -2.1246619e-02  -1.1855554e-01  -9.1249430e-02   1.3656032e-01  -4.8098913e-01   6.2953883e-01   7.0656986e-02  -3.3727679e-01  -1.9350970e-01  -1.4565062e-01  -1.1440741e-01   7.2948053e-01  -1.5420154e-01  -2.2736913e-01  -2.1690386e-01   2.0163486e-01   1.3524713e-01   5.0757071e-01   1.9628945e-01  -1.6649118e-01   2.9178281e-01  -4.0137176e-01   5.3726199e-02   3.9539260e-01  -3.7001137e-01  -1.1274316e-01   3.2207814e-02  -1.7394310e-01   3.7251461e-01   3.6959490e-01  -2.5085601e-01   2.0295214e-01   3.2443234e-03   3.0321598e-01  -1.4658115e-01   5.3677301e-01   4.1382902e-01   4.7688733e-01  -3.2877541e-01   1.7567922e-01  -1.8367563e-01  -2.1051423e-01  -1.2652443e-01   7.8774658e-01  -7.8658440e-02   5.9021434e-01  -2.6934317e-01  -7.6865244e-02  -1.2233343e-01   3.7982409e-01  -2.1714494e-01   1.0082826e-01  -3.1302612e-01  -5.4513818e-02   4.0463825e-01  -1.6924857e-01  -4.2062043e-02   1.9261848e-01  -3.4684034e-01  -2.5830175e-01  -8.4782652e-02   2.4949658e-01   1.5834884e-01   7.0751322e-02   4.4054850e-01   4.7192751e-01  -9.4130673e-02   4.9236214e-01  -2.3672366e-01  -7.8811003e-02  -1.6180003e-01   3.4908157e-01   1.1063936e-01   2.5815916e-01   1.3391990e-01  -2.4147079e-01   4.2618095e-01  -2.1287537e-01   9.6128117e-02   2.4139991e-01   4.6257542e-01  -1.4981646e-01  -2.5642765e-01  -3.3134975e-01   5.4550110e-01   2.1780532e-01  -4.9035198e-01   2.9130256e-02   5.6248631e-01  -6.6530612e-02  -7.4193356e-02  -3.6339823e-01   1.0982860e-04  -2.3607374e-01   4.3403901e-01   6.5381730e-01   3.3452086e-01  -1.5766553e-01   6.9358339e-01   1.6887294e-01   2.6561803e-02   2.2694012e-01   2.4929571e-01   7.3431198e-02  -4.1160648e-01   3.6100204e-01  -2.9959246e-01   3.5325397e-02  -5.6267345e-03  -1.8001596e-01   3.0112022e-01   2.3418331e-02  -6.2849411e-02  -2.6378967e-01  -2.2353632e-01   3.6534913e-01   5.0975992e-01  -1.3120080e-01   1.8509557e-01  -1.4100671e-01   3.4467965e-03   4.4114006e-01  -5.1112232e-02   3.1168315e-01   3.7367387e-01  -7.4449309e-02  -3.3061391e-01   3.0634687e-01   5.4378697e-02  -1.9481924e-02  -1.7462819e-01   1.6477317e-01  -3.1066217e-01   5.0467668e-02   1.5563799e-01  -9.3244222e-02   2.9808156e-01
   1.7321755e-02   5.9219149e-01  -8.6797646e-02   6.6507133e-02   2.8093403e-01  -1.1808254e-01   2.6692065e-01  -1.2787998e-01   0.0000000e+00  -9.6997576e-03  -1.4446727e-01   2.1291155e-01  -1.5195996e-01  -5.6150695e-02   3.1965226e-02   1.3495565e-01  -5.2171317e-02   9.1393093e-02   6.8265459e-02   1.2667250e-01  -8.2637222e-02  -2.2069175e-01   4.0356614e-02  -7.8177138e-02  -1.5892333e-02   6.1753236e-02   2.8792351e-01  -7.7148583e-02  -7.0381373e-02   2.9774880e-01  -1.1374031e-01   5.9700354e-02   1.3575578e-01   8.2099699e-02   1.9747979e-01   8.1620655e-02   2.8553325e-01  -1.9499418e-01   2.3697646e-01   1.1298711e-01   9.5358020e-02  -2.9656444e-02   2.6576709e-01   1.9835121e-01   9.0688519e-02  -3.9260779e-02  -2.1027344e-01  -1.3354652e-01   2.1342984e-01  -1.6977521e-02   9.2004395e-02  -2.3260102e-01   2.2450584e-01  -2.3804806e-01  -3.7490961e-02  -4.4578551e-02  -1.0695095e-01  -7.6942239e-02   2.9683957e-01   2.5108283e-01  -4.7834927e-02   3.6117081e-01   4.8701811e-01   2.6133844e-01   1.2046821e-01   2.8645827e-01  -3.2060696e-01   2.0630241e-01   4.9446292e-02   4.6831356e-02   4.6036512e-01  -4.2877717e-02   6.9344214e-02   3.7452014e-02  -5.2355253e-02  -3.7054567e-02   5.9719537e-02   6.4635930e-02   1.4040421e-01   2.5054456e-01   9.2785828e-02   8.9845839e-02   7.2091613e-02   3.5241099e-02  -1.5908358e-01   6.1303589e-02   3.6636381e-01  -8.8204349e-02   3.1035085e-01  -3.0487449e-02   5.1151864e-01  -3.5921111e-02   1.6229206e-01   3.2518032e-01  -8.3072101e-02  -1.7712515e-01   8.3105191e-02   1.5395438e-01   4.0445341e-01   1.4152897e-01  -1.8049558e-01   5.1262605e-02  -1.2885808e-01   6.9353350e-01  -7.2322055e-02   7.8328358e-02  -1.4455558e-01   8.8323136e-02   1.3286225e-01  -9.0398712e-02   4.0935304e-02   5.8391440e-03   1.0919323e-01  -9.0748091e-03  -1.2404976e-01   5.5880988e-01   8.5227589e-02   2.4616993e-01  -3.5248860e-01   9.3869847e-02  -8.6381585e-02   2.8150966e-01  -8.8464643e-03   6.4899622e-01  -2.3494328e-02   5.4184720e-03   1.9439374e-01  -9.0840147e-02   7.3122178e-03  -1.3677659e-01   4.3624450e-02   2.9024313e-01   1.4719224e-01   9.0471196e-02  -2.1572857e-01  -6.1340467e-02  -2.3712684e-01  -2.1781710e-01  -2.0893455e-02  -3.1462855e-02   9.2507371e-02  -1.9485894e-01  -8.0120520e-02  -2.4260890e-01   3.7756511e-01   4.5825187e-01   6.7790753e-02   5.2099098e-01  -4.7651690e-02   1.1582152e-01   3.2330548e-02  -2.0055934e-01  -1.0754992e-01   5.6228250e-01   1.7372505e-01  -1.6466682e-01  -5.9575903e-02   3.5779936e-01  -9.4216473e-02   1.0096988e-01   3.2183829e-01   1.4528249e-01  -1.4961042e-01   4.7137307e-02   1.2588005e-01   2.0467581e-01   7.1133200e-02  -2.1085553e-01  -2.5680604e-01  -6.3748193e-02   3.4939762e-01  -3.5972030e-01   2.0963334e-01  -2.0852504e-01   1.7180982e-01   1.1787283e-01   2.6410590e-01
  -6.7303173e-02   9.7079578e-02   3.7665021e-01  -2.3147836e-01   3.0271510e-01  -2.6535255e-01   5.2769067e-01  -2.4321887e-01  -9.6997576e-03   0.0000000e+00  -2.7148968e-01   3.1189634e-01   1.9590699e-01  -3.9324802e-02  -1.7619771e-01  -7.3534617e-03   2.6281503e-01  -7.2368801e-02  -3.1003078e-01   5.0614839e-01  -1.3187659e-01  -2.1372052e-01  -1.8500735e-01  -4.1262229e-01  -6.2012120e-02  -2.8948906e-01   1.4840485e-01   2.5123679e-01  -5.9649929e-02  -3.7022664e-01   9.8463261e-02  -4.6365208e-01   9.7937984e-02   6.0935220e-01   3.7950748e-01   1.5326146e-01   3.5298494e-01  -2.6040719e-01   1.3835668e-01   5.2535105e-01   1.2102833e-01   8.6639064e-02   1.8876751e-01  -9.3517654e-03   3.1904612e-01  -4.5176207e-01  -4.3210909e-01  -1.0667467e-01   3.6176107e-01   3.5153778e-01  -3.2204274e-01  -2.3828549e-01   3.8855864e-01   3.7233176e-02  -1.5008930e-02  -2.0294303e-01  -4.2072587e-01  -5.5143789e-01  -1.6208952e-01   1.3076738e-02  -1.6296809e-01   4.7650048e-01   3.3870915e-01   5.5450416e-02   1.7884812e-01  -2.2845590e-01  -2.5116621e-01  -5.9461732e-02  -4.6147257e-01  -2.4706402e-01   2.9922298e-01  -5.8915115e-01   1.8807387e-01  -5.5436432e-01  -3.2146366e-01  -1.2357924e-01  -4.0915108e-01  -3.6404033e-01   5.7544134e-01   7.1593659e-02   2.4200895e-01   3.1641277e-01   2.7588788e-01  -2.0222572e-01  -2.5335946e-01  -1.9875361e-01   4.1873363e-01  -4.3040751e-01   2.5176679e-01  -2.2862976e-01   2.4700200e-01  -1.0694704e-01   4.7914789e-01  -8.8539489e-02  -4.3218086e-01   2.9807403e-01  -9.6661181e-03  -3.6037567e-01   1.6084172e-01   3.9087522e-01   2.5658938e-01  -8.6024439e-02  -4.5144655e-01  -5.2760657e-02  -6.0172649e-01  -2.5371439e-01  -3.5124436e-02  -3.8579436e-01   4.0884902e-01  -2.2337492e-01   6.4283039e-01  -5.7112823e-01  -5.5543345e-02  -2.4554620e-01   6.1456686e-03   2.4518376e-01  -2.2699390e-01   3.9634300e-01   5.7517647e-03  -4.3143892e-01  -4.8008837e-01   3.5615788e-01   5.9876738e-02   6.7457016e-02  -5.1127851e-01  -5.5298236e-01   2.6853427e-01  -8.6478121e-02  -2.2277753e-01   8.8778907e-02   4.6929965e-01   4.4091672e-01  -4.9574841e-01   1.9522313e-01  -2.2032895e-01  -2.1121673e-01   3.3224920e-03   2.0259039e-01  -4.2763306e-01  -1.9282065e-01  -1.4243818e-01   1.4108074e-01  -4.5558525e-01  -1.6625059e-03   4.0814143e-01  -2.6682066e-01   4.9582124e-01  -2.8846395e-01  -3.9186786e-01   2.3650444e-01  -4.4838086e-01  -1.0561562e-01  -2.6872286e-01   2.3202578e-01   5.0013623e-01  -3.4430532e-01  -4.0913664e-01   4.3403654e-02  -4.6778857e-02  -1.5236667e-01  -1.9680535e-02  -3.4577583e-01   1.2523228e-01  -4.3558527e-01  -3.1787445e-01   6.0015880e-01   3.0445417e-01  -2.0503737e-01  -8.7324767e-02   2.3417408e-01   3.7064727e-01  -2.0985861e-01  -7.3703636e-02  -2.3220197e-01  -2.7164148e-02  -1.3114239e-01  -3.5248797e-01
  -2.2997525e-01  -4.5653804e-01  -1.6365980e-01   3.9546599e-01  -3.9846035e-01   3.1201695e-01  -5.6142690e-01   1.5685066e-02  -1.4446727e-01  -2.7148968e-01   0.0000000e+00  -3.8077409e-01   9.2312624e-02   1.7557135e-01   3.7192870e-01   4.7852706e-01  -1.8342079e-01   6.1368133e-01   2.5242984e-01  -2.2971106e-01   2.7016239e-01   2.7139034e-01   3.9310945e-01  -7.0152641e-02  -7.4815311e-02   7.9656679e-02  -1.6102743e-01  -1.0849765e-01  -8.4754641e-03   2.7302162e-01   3.6176580e-01   4.5923217e-01   2.6388974e-01  -1.5210234e-01  -3.2221673e-01   2.3241983e-01  -2.0890619e-01   7.4915020e-02   4.4661382e-01  -3.8231565e-01   2.3078757e-01   2.1032825e-01  -5.5326002e-01   3.4774332e-01   1.2572547e-01   2.2804560e-01   6.7980176e-01   2.5702516e-01  -2.1322801e-01  -1.9410031e-01   7.3511019e-01   1.0214250e-01  -2.8718474e-01  -2.4485893e-02   1.7303850e-01   4.7668171e-01   4.5197455e-01   4.5102381e-01   3.5836472e-01  -2.4238289e-01   3.0654778e-01  -1.0743825e-01  -4.6920248e-01  -1.1605901e-01   2.6235534e-02   2.0591604e-01   4.8562738e-01  -4.0033912e-02   3.6410549e-01   7.6058463e-02  -5.3018523e-01   5.9040950e-01   2.2308586e-01   1.1740110e-01  -2.3655036e-02   1.4301753e-01   2.2846712e-01   2.7732094e-01  -4.7262871e-01   6.2817388e-02  -4.3469623e-02   2.2630219e-01  -1.9283970e-02  -2.4175895e-02   6.8549230e-02   1.0296822e-01  -3.6321949e-01  -2.4838531e-02  -2.5858435e-01  -8.9634958e-02  -5.3054086e-01   3.6249021e-01  -2.7794291e-01  -2.4098986e-01   1.8535931e-01  -3.2019415e-01   8.8115237e-02   2.6507895e-01  -4.7773995e-02   4.4677310e-02  -1.3022480e-01   3.6600647e-01   4.4957470e-01  -1.2498354e-01   4.9437908e-01   2.0122465e-01   5.2640963e-02   2.7511844e-01   9.1738966e-02   3.6394521e-01  -2.5820737e-01   4.4692039e-01   5.7689304e-02  -5.1529366e-02  -1.6907219e-01  -4.1220985e-01   3.6539653e-01   9.3348413e-02   1.8432603e-01   4.3781710e-01   1.1527823e-01  -4.8668486e-01  -4.3904147e-01  -3.8372386e-01   1.7664596e-01   2.6383490e-01   5.0345754e-02   1.2801398e-01   1.8743469e-01   5.6033143e-02   1.3022725e-01  -3.7477829e-03   1.2588471e-01   1.9766899e-01   2.5585886e-01   7.2423864e-02   1.8335472e-02   1.1546912e-01   2.2838942e-01   8.4982418e-02  -2.6769513e-02  -9.6945096e-02   5.8813254e-01   4.5864647e-02   5.0176807e-02   2.4308561e-01  -4.4314289e-01  -5.6529109e-02   4.0952819e-01  -2.3708866e-01   1.1667615e-01   1.9928750e-01   2.5073981e-01  -8.9673678e-02  -4.0545444e-01   2.5937596e-02   9.9967608e-02   2.4848821e-01   3.3059242e-01   1.4910109e-01  -2.1229751e-01   3.5227506e-01   2.3304073e-01   5.5345919e-01   3.0225420e-01  -4.1847251e-01   3.2771871e-01   1.9742002e-01   2.8421182e-01  -7.5972668e-02  -5.8292051e-01  -1.1224181e-01   4.9403332e-01   3.3939139e-01  -4.9582499e-02   1.5963673e-01   2.8711943e-01
  -8.9609510e-02   4.6670519e-01   6.9786780e-01  -1.1676070e-01   5.2953332e-01   1.8262964e-01   7.6916679e-01  -2.1811530e-01   2.1291155e-01   3.1189634e-01  -3.8077409e-01   0.0000000e+00  -3.9068448e-01  -3.7004206e-01  -1.7130863e-01   1.6096079e-01   4.7485118e-01  -3.7274927e-01  -6.3902061e-02   4.4638060e-01  -7.3174956e-01  -2.5827590e-01  -3.5959638e-01  -2.6948208e-01  -7.8303405e-02  -7.7288780e-02   2.7964920e-01   2.6815231e-01   2.0542343e-01  -3.4471068e-02  -4.6398732e-01  -1.9336850e-01   1.7614133e-02   3.2073529e-01   2.4634747e-01   2.2173112e-01  -8.1778763e-02  -2.0364681e-01  -1.2023848e-01   4.1615861e-01  -2.1637742e-01   2.7577323e-01   6.9289078e-01   4.4051569e-02  -1.4259856e-01  -2.6953767e-01  -1.9413076e-01  -2.5812386e-01  -1.2872442e-01   5.0564529e-01  -3.1485675e-01  -1.2925792e-01  -2.4358492e-02   3.7111619e-01  -4.0212531e-01   4.1800544e-02  -1.1679734e-01  -2.9938898e-01  -9.5839055e-02   3.4894177e-01   1.1186432e-02   1.6734820e-01   3.9842935e-01  -2.0736739e-01  -3.7471101e-01   2.0525367e-01  -3.3650033e-01   2.3440924e-01   6.6026343e-02   3.1064158e-02   3.5929969e-01  -4.2427827e-01  -2.2465696e-01  -1.6210620e-01  -1.0558598e-01  -1.3343266e-01  -1.2739986e-01  -9.4029289e-02   5.1802969e-01  -1.3476194e-01   1.8157041e-01  -6.2604899e-02   1.6464464e-01  -1.2032182e-01  -1.7546549e-01   2.6773597e-02   1.2809056e-01  -1.0220012e-02   1.3186091e-01  -1.9243050e-01   5.4588051e-01   2.5652190e-01   7.2210950e-01   4.5042046e-01  -2.6306117e-01   1.2663720e-01  -2.3227910e-01   3.4914361e-02   1.2543549e-01   5.5771656e-02   6.2819856e-02   9.5324497e-02  -4.6726235e-01  -1.6513884e-01  -2.6840874e-01  -1.5430444e-01   2.0306019e-01  -2.5623048e-02   3.7823669e-02  -1.2738268e-01   6.6398391e-01  -1.8303674e-01  -3.2168431e-02  -2.7335823e-01   2.4850870e-01   3.7806517e-01  -1.0902090e-01  -2.6106897e-02  -2.2322792e-01  -1.6263074e-01  -2.4949361e-01   7.2632724e-01   4.8251590e-01   2.1850436e-01  -3.5650331e-01  -2.5993315e-01   2.5295755e-01  -7.9970295e-03  -1.0796471e-01  -3.0777333e-02  -1.1995440e-01   1.4503490e-01  -3.2300186e-01  -4.1900989e-01  -3.1012206e-01  -1.0732971e-01  -1.4435384e-01  -2.4995528e-01  -1.9598228e-01  -3.4289186e-01  -1.9891587e-01  -1.7655132e-01  -1.5670633e-01   3.4577227e-01   5.0833800e-01  -1.1405912e-01   7.2269486e-01   9.1646045e-02  -2.1147792e-01  -2.4219450e-01  -1.5310696e-01  -5.6898289e-01   5.9833495e-02   2.2680229e-01   7.2363719e-01  -2.9401803e-01  -3.2510947e-01  -1.8148530e-02   1.4979863e-01  -4.4995282e-02   1.7409232e-01  -1.9435404e-02  -3.6322664e-01  -2.5763301e-01  -9.6576189e-02   3.1457985e-01   1.1248868e-01  -1.8097228e-01  -2.0845603e-01   1.6818453e-01   7.3658554e-01  -2.7653103e-01  -3.9737458e-01   1.5504772e-01  -1.0017600e-02   9.8635315e-02  -1.5492697e-01
   1.5211651e-01  -1.8676377e-01  -1.5641952e-01  -2.1673331e-02  -1.5205388e-01  -3.1914859e-01  -2.2379505e-01   5.8025365e-02  -1.5195996e-01   1.9590699e-01   9.2312624e-02  -3.9068448e-01   0.0000000e+00   1.3294125e-01  -3.4101818e-02  -1.5977104e-01  -4.2468238e-02   1.9692777e-01  -1.7620001e-01   1.4112590e-01   2.4553329e-01   1.6676852e-01   1.0650469e-01   8.7694350e-03   7.2155437e-03  -1.7358278e-01  -9.3767493e-02  -1.1838929e-01  -1.1930977e-01  -2.0671551e-01   2.0776254e-01  -1.8192782e-01  -8.3641556e-02   2.6023575e-02  -1.0467349e-01   1.7804898e-02   1.1559355e-01   6.3898755e-02   1.2016593e-01  -4.9755246e-02   6.2377725e-01  -1.8671985e-01  -2.1108569e-01   3.0827071e-02   2.1143970e-01  -4.6792330e-02  -1.3042126e-02  -1.5446615e-01   2.3532382e-01  -1.2164744e-01   6.3430205e-02  -2.1631248e-02   8.0533523e-02  -1.1144765e-01   2.2042272e-01  -2.5419846e-01  -3.4503757e-01  -4.8223364e-02  -3.9751423e-02  -2.3385843e-01   6.9373202e-03   1.4024130e-01   3.2411967e-02   2.4015265e-01   2.7994603e-01  -3.3463372e-01  -3.8330406e-02  -1.7999848e-01  -2.4986829e-01  -8.4502785e-02  -1.2795755e-01  -1.1758385e-01   3.5185118e-01  -1.2973995e-01  -2.2549970e-01  -5.2973288e-02  -1.6060527e-01  -1.7203951e-01  -1.0595587e-03   3.1557876e-01  -6.8537761e-02   3.3862713e-01   1.9443708e-03  -7.2601824e-02  -1.6123404e-01  -1.1879103e-01   2.1182400e-02  -1.7173815e-01  -6.7741084e-02   1.8841659e-01  -1.2888393e-01  -1.0555853e-01  -2.4386168e-01  -3.3977309e-01  -5.7421341e-02   2.9513172e-01   3.7514444e-01  -2.1011632e-01   1.3975163e-01   5.4199488e-02   1.9947949e-02  -8.1913438e-02  -1.3107480e-01   1.1312421e-01  -1.3337322e-01  -1.3222889e-01  -1.0407181e-01  -1.6543184e-01   9.9145059e-02  -2.2846814e-01  -8.1641348e-02  -1.7359324e-01  -1.2098583e-01   1.9497488e-01  -8.8659221e-02  -1.0196889e-01  -1.7972237e-01   4.3678183e-01   3.1493620e-02  -1.1796595e-01  -5.6393043e-02  -1.7051954e-01  -2.8968498e-01  -4.0311780e-02  -5.9395781e-02  -4.1472941e-02   8.5020709e-02  -5.1429748e-02  -1.0365293e-01  -2.6802576e-02   6.1461434e-01  -2.5581333e-02  -2.2287406e-01   1.6637506e-01   2.7628397e-01  -4.0969243e-02   2.1845729e-01   8.1323493e-02  -9.3855359e-02   2.9127707e-02   2.0354271e-01   6.9211222e-01   1.6559826e-02  -2.2615911e-01  -1.9458828e-01  -1.4626442e-01  -1.9776206e-01  -1.4361475e-01  -1.4876134e-01   1.8954992e-01  -7.6040887e-02   1.2570133e-01  -1.1321491e-01   2.0694120e-02  -2.0123748e-01   3.4698534e-02  -1.2486786e-01   1.3531065e-01  -1.2177676e-02  -1.8843893e-01  -1.0333912e-01  -5.2788281e-02   2.3931159e-01  -2.8277474e-02  -1.1132197e-01   1.3275505e-01  -5.4842456e-02  -2.0252396e-01   1.3683912e-01   2.5621538e-02  -2.2606636e-01  -2.0449022e-02   1.9342026e-01  -2.1431933e-01   1.4394081e-01  -2.8716905e-01  -1.5705288e-01
  -2.7390033e-01  -1.0658358e-01  -1.6591765e-01  -1.9504716e-01  -3.1825277e-01  -2.4177956e-01  -3.2494050e-01  -2.6662609e-01  -5.6150695e-02  -3.9324802e-02   1.7557135e-01  -3.7004206e-01   1.3294125e-01   0.0000000e+00   3.5522688e-01   4.0137506e-02  -7.6815083e-02   2.9863101e-01   1.6925957e-02  -1.4610936e-01   4.9016951e-01  -2.6067335e-01   3.9776070e-01  -1.0007772e-01  -8.6271736e-02  -2.1065358e-01  -1.3454385e-01   3.0543920e-01  -2.4990020e-01  -2.6236214e-01   7.7732240e-01  -1.5529140e-01   9.4790727e-02   9.6857696e-02   3.3140799e-01  -2.3019285e-02   9.2010840e-02  -1.9293706e-01   9.7256393e-02   1.7887103e-01   2.1570222e-01   6.6989336e-03  -4.3628819e-01  -4.3051180e-02   3.1375593e-01  -3.2261701e-01  -6.6578848e-02   4.3417365e-01   4.0937945e-02   9.7001884e-02   8.1406683e-02  -1.6759058e-01   2.4003016e-01   1.3557580e-01   6.9609878e-01  -2.2610262e-01  -1.1948531e-01  -1.5098970e-01  -1.4219174e-01  -3.2062668e-02  -1.2621600e-01   2.0769216e-01  -1.7426076e-01   8.0154525e-03   4.5825441e-01  -2.3446386e-01   2.8663170e-01  -2.1688414e-01  -2.5247855e-01  -2.2922501e-01  -4.6031090e-02  -1.0404192e-01   6.7307340e-02  -9.6889489e-02  -1.4811802e-01  -1.4000300e-01  -2.2276982e-01  -2.3621717e-01  -8.0732320e-02   6.0351781e-02   1.7766505e-01   1.2800162e-01   1.6077166e-01  -2.1538644e-01   5.6761413e-01  -3.1136617e-01   3.4775133e-01   2.0834290e-01  -9.2956874e-02  -1.8358977e-01  -2.6284527e-01  -1.4615438e-01  -3.7477069e-01  -3.9878067e-01  -1.6234191e-01  -2.3304314e-03   5.4954816e-02  -1.3908765e-01   1.1839790e-01   1.3832476e-01   3.4503267e-01  -1.3959699e-01   2.0821213e-01  -3.1004644e-02  -2.3912126e-01  -7.1552434e-02   4.1857193e-02  -2.0363956e-01   6.1864589e-02  -1.5461243e-01  -7.0863375e-02  -2.5775861e-01  -1.4775166e-01  -2.0025275e-02   1.0681624e-01  -7.7294162e-02  -1.2860219e-01   5.6779762e-02   5.5728086e-01  -1.1429793e-01  -1.9680627e-01  -3.6929044e-01  -1.9798874e-01   8.0499916e-02  -2.0992993e-01   6.3336673e-02   9.1208271e-02   6.7518942e-02  -2.4463474e-01   2.7212202e-01  -2.8685979e-02   1.6458946e-01   1.7167672e-01   6.1783811e-01  -1.4344539e-01  -2.5544908e-01  -9.4333130e-02   6.7038088e-01  -2.4267404e-01   4.2428564e-02   4.0727926e-01   2.8481835e-03   3.0181368e-03  -4.9604141e-03   3.9173753e-02  -8.9188337e-02  -9.1745461e-02  -3.7794069e-01  -1.3525598e-01   3.8099181e-01  -2.9610880e-02   7.0471752e-01   1.0404921e-01  -7.4568347e-02  -1.1523449e-01  -1.0790997e-01  -3.1808385e-01  -1.7882806e-02  -9.5330671e-02   8.7364584e-02  -2.0454439e-01  -2.6233450e-01   2.8801001e-01  -1.5261209e-01  -2.0426513e-01  -8.9293320e-02   1.8434798e-01   1.8927226e-01   2.2046742e-01  -1.0725888e-01  -3.6935524e-01  -2.5387963e-02   2.7948390e-01  -8.8731954e-02   7.1496784e-02  -1.3864578e-03  -6.2167744e-02
