   0.0000000e+00   4.8495940e-02   9.3099663e-02  -4.3434165e-01  -1.6504657e-01  -3.1893211e-01  -1.1881407e-01  -7.1795709e-02   1.2604388e-01   8.1861848e-02  -2.9019560e-01   4.9558453e-02   3.1874929e-01   5.8760483e-01   4.3081356e-01  -4.0453363e-01  -1.0650846e-01  -3.2456518e-01   3.0361753e-01  -2.2839461e-01  -1.6911571e-01  -2.9239644e-01   4.2939485e-01   3.2406304e-01  -1.2695860e-01   3.0362721e-01  -1.5507575e-01   5.0062187e-01  -4.4068686e-02   4.8872608e-02   2.4143304e-01  -3.1675100e-01  -2.4032550e-01  -2.6458793e-03  -2.9619918e-02  -3.3571536e-01  -7.9309337e-02   6.9455843e-02  -5.0126912e-01  -4.2546224e-02  -1.0368617e-01   2.0987733e-02   3.1916364e-01   1.6109694e-01  -2.9622441e-01   2.5125231e-01  -2.7467060e-01   1.7613549e-01  -9.1655157e-02  -2.6233443e-01  -8.5109834e-02   1.6329412e-01   1.4186634e-01   3.0134049e-01   3.5195141e-01   3.5862470e-01   2.4268003e-01  -2.5521320e-01  -3.2997612e-01   4.4479692e-02   2.0211815e-01   3.7963364e-03   1.4919740e-01   3.8120601e-01   8.7562788e-02  -1.6147798e-02  -2.7787051e-01  -2.2578893e-01  -3.6034055e-01   4.3697940e-01   1.7869438e-02  -3.4950929e-01  -8.2222195e-02   6.7314669e-01  -5.5896702e-02  -3.5249258e-01   1.5303232e-01   2.2306232e-01  -6.2953658e-02  -2.3731769e-01   2.5504851e-01  -2.2834206e-01   2.5028705e-01   3.6764039e-01   4.0840440e-01  -7.6240940e-02   8.2624205e-02   6.5516555e-01   2.0490920e-01   7.3717912e-01   1.7547748e-01   1.2276001e-01  -3.4350140e-02   9.4581681e-02  -6.4054493e-02  -3.1432297e-02  -2.7866269e-01   1.7872311e-01  -2.6615088e-01   1.5901203e-01   1.8331392e-01   6.2980279e-01  -1.7115239e-01   1.7402434e-01  -1.7178120e-01  -1.0949720e-01   8.6321934e-02  -1.6319156e-01   5.1119285e-01   1.2025119e-01   5.5480957e-02  -1.1907840e-01  -3.0050682e-01   7.5019461e-01   4.4027583e-01   3.0806956e-02  -1.7374390e-02   4.5775340e-02   4.4803655e-01  -3.5120517e-01   4.6561586e-02  -1.9377311e-01   4.4234992e-02   4.1936428e-02   3.4648293e-01   6.1861301e-01   1.0134011e-01  -7.0278518e-02  -3.3271553e-01   5.2049363e-02  -3.1111025e-01  -2.3114484e-01   1.0868677e-01  -2.6516462e-02  -7.6428249e-02  -2.3323217e-01  -1.7990969e-01  -6.7721180e-02  -2.9613474e-01   2.8820909e-01   5.9924217e-01   1.3610356e-01  -2.9035683e-01  -2.2040445e-02   2.9178361e-01  -2.3310424e-01  -1.1844751e-01  -3.3138846e-02  -7.8912061e-02   8.6808834e-02   5.4655451e-01   8.8432465e-02   4.6887707e-01   6.3226657e-02  -1.0111667e-01   1.8543588e-01   1.2246132e-01  -2.8704817e-01   1.7641303e-01   5.4905408e-01  -4.5645771e-02  -2.1844487e-01   2.3290411e-01  -2.9519135e-01   7.9602269e-02  -5.5109708e-02  -1.1669470e-01   5.4080516e-01   3.9856344e-01   3.6974063e-02  -2.0061575e-01  -1.6762534e-01  -2.4798664e-01  -2.3632256e-01  -4.8050117e-02  -1.6331250e-01   1.1707761e-01
   4.8495940e-02   0.0000000e+00  -2.4068616e-01  -3.9125422e-01   5.7603307e-01  -1.8319133e-01   3.1517720e-01  -4.4499652e-01   2.7080357e-01  -3.3346531e-01  -6.0551594e-01   3.7028112e-01  -2.6478519e-01   2.5822744e-03  -4.4122607e-02  -2.7880159e-01  -1.1027309e-01  -4.6694758e-01   2.2972814e-01   4.3592842e-01   2.2180289e-02  -3.1597639e-01  -2.8665784e-01  -3.9836479e-03   1.2616508e-01   1.4804098e-01   4.8705316e-03  -2.3474155e-01   1.5220579e-01   3.2896433e-01   3.5898068e-01  -5.4684083e-01   7.5194811e-02   2.7867629e-01   4.4288187e-01  -2.4913632e-01   5.2135279e-01  -3.5073804e-01  -2.6682690e-01   2.3239238e-01   6.6137953e-02  -3.9850126e-02   3.0923432e-01  -2.2366426e-01  -7.1756315e-02  -1.6944287e-01  -4.9465541e-01   7.7254625e-01   6.4831888e-02   1.2357865e-01  -6.2968776e-01  -2.6257391e-01   8.7450740e-01  -2.3496723e-01  -1.7561027e-01  -2.6449859e-01   1.0909861e-01  -4.6561702e-01  -2.3244654e-01   4.1828380e-02  -2.8009479e-01   9.4498322e-02   4.0717841e-01   3.0609850e-01   7.0909702e-01   9.6978525e-02   1.6418805e-01   5.8658018e-02  -3.0614486e-01  -1.8184666e-01   8.8303208e-01  -5.2348656e-01   1.3368906e-01   2.3497270e-02  -1.9442388e-01  -4.4614099e-01  -2.8830373e-01   1.0922522e-01   8.1857216e-01  -1.2097051e-01  -3.8861704e-01   4.8786106e-02  -4.1958021e-03   1.0230391e-01   1.3369631e-02  -5.9180194e-01   7.7536505e-01   2.8614903e-01   3.3147593e-01  -4.4250414e-02   7.8188610e-01  -3.6990473e-01   4.4687444e-01   9.8712633e-02  -4.2397348e-01   6.9131064e-01  -1.6655364e-01   5.4002880e-02  -4.0299105e-02   3.6798793e-01   1.0205280e-01   2.4831800e-02  -5.6483047e-01   3.0680306e-01  -5.6284254e-01  -4.3179323e-01  -4.6320771e-02  -1.8721643e-01   1.2534349e-01  -5.4605984e-02  -4.1045626e-01  -4.7349201e-01  -2.1871320e-01  -2.6462754e-01  -7.3314068e-02   7.9989485e-01   7.8123362e-02   1.3063405e-01  -1.8868738e-01  -4.2250061e-01  -1.3883551e-01   7.3879519e-01   7.9040478e-02   6.8886627e-01  -2.3110348e-01  -2.3380181e-01  -1.5672510e-01  -9.9754372e-03  -5.1463054e-01   2.4344889e-01   1.4254916e-01  -1.2706108e-01   4.8650285e-01   6.8503557e-01   2.5887021e-02  -4.8101329e-01   2.5674221e-01  -1.4258076e-01  -5.2035556e-01  -2.7112711e-01  -9.6982967e-02   1.0028886e-01  -2.5127805e-01  -3.1538156e-01   3.9206026e-01   3.2940829e-02   6.6505980e-01  -3.9573870e-01  -3.4476644e-01   6.8521018e-01  -2.7712861e-01   1.7577260e-01  -1.7413807e-01   9.8767459e-03   7.2794101e-01  -1.0099976e-01  -3.5931304e-01  -2.2938845e-02  -3.1012724e-01  -3.0035671e-01  -1.0770329e-01  -3.5305639e-01  -1.2177691e-01  -4.1125123e-01  -1.1048306e-01   6.7839148e-01  -1.0047328e-01  -1.0721294e-01  -2.5568563e-01   7.5951033e-01   4.9668513e-01  -1.8876631e-01  -2.8216544e-01   4.2777665e-01  -6.3676209e-02  -2.4424135e-01   1.2686649e-02
   9.3099663e-02  -2.4068616e-01   0.0000000e+00   3.6820210e-01  -2.2656417e-01   2.0956649e-01  -9.3487378e-02   3.5404965e-01   1.1227532e-01   1.5949783e-01   1.5868953e-01   2.5940388e-01   2.3194853e-01   9.8588552e-03   1.8350212e-01   4.8763658e-02   8.0905167e-01   4.2020065e-01  -1.3543097e-02  -2.5851581e-01   6.9044845e-02   4.6610951e-01   2.1710143e-01  -2.2541118e-01   4.3305845e-02   2.4595446e-01  -1.4048750e-01   2.8024155e-01   5.4967362e-02   1.5343269e-01  -1.9292924e-01   2.9924935e-01  -2.3211402e-03  -1.6903022e-01  -8.4001861e-02   7.1484436e-02  -2.2042288e-01   3.9420565e-01  -1.9394219e-01  -1.1237937e-01  -1.5858086e-02   2.7308929e-01   4.4251762e-03   2.0230829e-01  -8.6071598e-02   6.6834645e-01   1.2861628e-01  -4.5056541e-01   1.2972376e-01   6.6404826e-02   4.0736104e-01   2.9646826e-01  -3.4502479e-01   6.0395797e-01   2.1046184e-01   1.7504518e-01  -4.5346022e-03   3.9484854e-01   1.1378001e-01   2.1618899e-01   6.4931608e-01   4.7803994e-02   2.9338469e-01  -4.3490898e-02  -2.7648429e-01   4.7293415e-02   2.3465688e-01  -1.8256244e-01   1.8595863e-01   6.9362907e-01  -1.9663554e-01   2.8427232e-01  -3.4272492e-01   5.4343679e-01   3.1317561e-01   1.2886912e-01   7.2444370e-01   2.6596463e-01  -3.7839424e-01   6.3197272e-02   2.2186648e-01  -3.0680637e-01   8.6362582e-02   3.9821194e-01   4.7791936e-01   1.6730680e-01  -2.1907791e-01  -1.8227614e-01   1.5844476e-02   2.3722905e-01  -2.9830308e-01   3.9122965e-01  -7.7222660e-02   1.8188658e-01   5.1798250e-01  -4.0737993e-01  -1.2672869e-01   2.6097733e-01   6.2872064e-02   8.5958822e-03   1.7567496e-01   2.5825119e-01   2.9044194e-01   1.7986127e-01   4.2442230e-01   4.4022233e-01   5.0453914e-01   3.9122936e-01   1.2407567e-01  -8.5300160e-02   4.3392729e-02   4.7825125e-01   1.3764171e-01   2.9257460e-01   3.3651179e-01  -3.3469152e-01   1.7503742e-01  -2.4623508e-01   4.0076582e-01   2.1670568e-01   1.3114543e-01  -3.0093358e-01   3.6104930e-01  -1.0929719e-01   6.6664907e-01   3.8572769e-01   3.7014514e-01   9.6218955e-02   2.8349141e-01   4.2456230e-01  -3.9097214e-01  -1.1014096e-01   6.5075041e-03  -2.2157333e-01   3.4988037e-03   1.6931025e-01  -2.8677202e-02   2.9191474e-01   1.5705810e-01  -2.1804260e-01   4.5144753e-02   1.9406672e-01   1.2063133e-01   3.9174649e-01  -2.0678327e-02  -8.5859536e-02  -3.8499203e-02   4.3501829e-02   5.6907329e-02  -1.6767757e-01   4.8932055e-01   6.5635195e-02   5.3933568e-01   8.4107440e-02  -7.9588946e-02  -1.6361587e-01   2.5604641e-01   4.3845270e-02   4.9298639e-01   2.2801225e-01  -9.0250184e-02   5.7082029e-03   1.0569784e-01   2.8766127e-01   3.4432620e-01  -2.7977990e-01   7.5741281e-02   2.8714423e-01   3.6243576e-01  -2.5059471e-01  -3.8757388e-01  -1.7471366e-01   2.6164680e-02  -1.3266500e-01   2.9477322e-01  -1.4577369e-01   3.7955274e-01
  -4.3434165e-01  -3.9125422e-01   3.6820210e-01   0.0000000e+00  -1.1919918e-01   5.3687648e-01   7.1711265e-02   3.1464799e-01   3.2536810e-01   2.4827169e-01   5.7994860e-01   9.8316558e-02   1.8709180e-02  -3.1416299e-01  -1.4135066e-01   4.8990635e-01   3.4736543e-01   7.1017863e-01  -1.3540159e-02  -8.9379955e-02   3.1708593e-01   8.2685490e-01  -8.7043506e-02  -4.7934222e-01   1.9352412e-01   1.1557741e-01   1.1389685e-01  -2.0872024e-01   9.0088348e-02   3.3732478e-01  -1.9025093e-01   6.2115055e-01   2.0698490e-01  -2.3892479e-02  -1.1161723e-01   5.6086954e-01  -1.3336138e-01   1.7767877e-02   5.3115662e-01  -1.5109484e-02   4.2933365e-01   1.9795257e-01  -1.3422704e-01   6.9118171e-02   4.1357636e-01   1.3758595e-01   6.3611092e-01  -5.4402229e-01   9.3605443e-02  -2.3056776e-02   6.3564180e-01   1.3452378e-01  -4.6493213e-01  -6.2661022e-02  -1.2360524e-01  -1.2004666e-01   1.6910598e-02   6.9752878e-01   6.8069562e-01   4.3693537e-01   2.2662486e-01   4.2062148e-02   1.8683037e-01  -2.8835386e-01  -3.6460081e-01   2.1925971e-01   3.9883840e-01   1.6313822e-01   5.1978453e-01   2.0788705e-02  -3.1835840e-01   7.6112543e-01   2.2141896e-01  -1.2876101e-01   2.1946523e-01   5.3830330e-01   2.2566559e-01   1.5747327e-01  -3.0086177e-01   4.2158967e-01   1.6870377e-01   2.9033051e-01  -2.4986851e-01   6.0435597e-02  -2.3871966e-01   4.0052383e-01  -3.4427449e-01  -5.8077534e-01  -3.2932108e-01  -3.6916366e-01  -4.5240634e-01   1.1543756e-01  -1.2445083e-01   3.7841659e-01   1.6767458e-01  -2.9494583e-01   2.7660579e-01   1.4554031e-01   5.9806494e-01  -1.9324109e-01  -1.6417370e-01  -2.4812038e-01   7.2060408e-01   2.9436916e-01   6.5724992e-01   6.7833042e-01   7.7142842e-02   4.7704866e-01  -2.4097724e-01   9.5827165e-02   1.1047802e-01   6.1462823e-01   6.6858590e-01  -2.8496345e-01  -3.3341338e-01  -4.1889510e-01   3.0875876e-02   5.9229890e-02  -1.8912489e-01   7.5315583e-01  -4.1467946e-02  -1.8122348e-01   1.1918016e-01  -1.9855271e-01   1.2519864e-03  -7.4182111e-02   4.5178142e-01   1.2957549e-01   7.3070747e-01   7.8833602e-02   1.9904354e-01   2.8441834e-01  -1.4391713e-02  -2.4182831e-01   3.8848447e-01   4.5718312e-01   2.1518978e-01   1.8403880e-01   4.8939842e-01  -3.9788290e-01  -4.1643171e-01  -1.3048219e-01   4.5659673e-01   2.5840875e-01  -2.5697879e-01   2.7246426e-01  -2.1196957e-01   3.4421703e-01   4.0260424e-01  -2.5561482e-01  -2.6106005e-01   1.1459962e-01  -2.4968503e-01   1.6528972e-01  -7.5912413e-02  -3.0921486e-01  -3.8010825e-02   4.6642064e-01   1.6886571e-02  -1.0573687e-01   1.5578180e-01   4.1610679e-01   1.2713718e-01   6.5624545e-01   3.6802337e-01  -3.6716364e-01   1.1989925e-01  -1.7540115e-01  -1.5484120e-01  -3.9917247e-01  -1.1087043e-01  -2.8477285e-01   5.3669174e-01   1.0687172e-01   3.0181990e-01   2.2651096e-01   4.9857910e-01
  -1.6504657e-01   5.7603307e-01  -2.2656417e-01  -1.1919918e-01   0.0000000e+00   4.3662071e-02   4.1558004e-01  -3.4935612e-01  -2.6451913e-02  -1.2396986e-01  -2.6321812e-01   2.5408544e-01  -1.3091916e-01  -1.2609522e-01  -9.3147120e-02   3.2661885e-02  -6.4870285e-02  -1.2512964e-01   2.6796412e-02   7.0009148e-01   1.6019899e-01  -2.3826194e-01  -2.0351280e-01  -1.7436693e-01   1.1511177e-01  -6.0562289e-02   1.9145117e-01  -2.0979634e-01   1.1575936e-01   1.8984261e-01   1.5682582e-01  -4.1587916e-01   2.5552128e-01   2.8484446e-01   9.5026886e-02   3.4958226e-01   4.5529513e-01  -2.5915729e-01   9.6404207e-02   2.0543578e-01   3.3616607e-02   1.0920761e-01   1.3890971e-01  -1.5562690e-01   3.0843199e-01  -2.7479445e-01  -6.2894947e-02   4.9759139e-01   3.0048942e-01   1.6627955e-01  -3.4932817e-01  -3.9827566e-01   5.9339985e-01  -2.2371385e-01  -1.2492375e-01  -3.5647771e-01   4.9122835e-02  -4.4023950e-01  -1.7199022e-01  -1.0275459e-01  -2.3388221e-01   3.5482382e-01   1.3796945e-01   5.0804856e-02   5.4003081e-01   2.3814730e-01   2.1188959e-01   1.7257048e-01  -1.0338064e-01  -1.1347143e-01   5.8858366e-01  -1.5112629e-01   4.8291132e-02  -1.6134902e-01  -1.8949771e-01  -3.5895578e-01  -2.5509249e-01  -4.2864244e-02   7.8139218e-01  -9.1254923e-02  -3.4482974e-01   1.5731134e-02   7.0139577e-03  -9.0528410e-02  -9.6292926e-02  -4.6073968e-01   2.7911068e-01  -8.4765829e-02   1.0834504e-01  -1.2070828e-01   6.1460103e-01  -3.1462783e-01   4.6247076e-01  -2.7753938e-02  -2.9165731e-01   7.1180848e-01  -2.2932382e-01  -3.7909293e-02   2.6891125e-01   1.2975610e-01  -3.6146301e-02  -1.1396759e-01  -3.0374149e-01   4.5645317e-02  -3.1648497e-01  -3.3946886e-01   5.9578305e-02   1.5515700e-02   1.1345886e-01   1.3710235e-01  -2.6119716e-01  -2.9246517e-01  -3.7271718e-02  -3.4139576e-01  -1.7104656e-01   7.4853925e-01  -1.6459430e-01  -1.4260661e-02  -1.5855264e-01  -2.1451761e-01  -3.0555308e-01   7.3195093e-01   7.8182184e-02   4.8446099e-01  -2.6494031e-01  -2.6761687e-01   5.3641802e-02  -1.8042461e-02  -3.0731274e-01   1.7316248e-01   1.8853871e-01   1.2678032e-01   2.7393992e-01   4.3030425e-01  -1.0332674e-01  -3.7121973e-01   3.6229675e-02  -1.7698892e-02  -3.9947117e-01  -2.3781923e-01  -2.3201167e-01  -1.4727716e-01  -1.7460027e-01  -1.4344769e-01   2.7541019e-01   1.5118653e-01   4.4045588e-01  -1.7010136e-01  -4.0992445e-02   4.0047642e-01  -2.7589978e-01   3.6275232e-02  -2.4139962e-01   5.5915588e-02   5.4042673e-01  -1.5743714e-01  -4.9748158e-01  -8.3625494e-02  -3.0292339e-01  -2.9397963e-01  -3.4923099e-02  -2.0587110e-01  -2.3891814e-03  -1.8587507e-01  -9.6117065e-02   5.1691263e-01   2.4397879e-02  -1.6730330e-01  -3.5844974e-01   5.6544278e-01   6.3597946e-01  -1.8237958e-01   8.9923799e-02   3.4622670e-01  -1.2178245e-01  -8.6771537e-02   2.2247041e-02
  -3.1893211e-01  -1.8319133e-01   2.0956649e-01   5.3687648e-01   4.3662071e-02   0.0000000e+00   3.1716491e-01   6.2802979e-03   5.5032479e-02   5.4216503e-01   2.8305360e-01   1.2224666e-01   7.8786881e-03  -4.1714472e-01  -2.9048977e-01   4.0698982e-01   2.3936477e-01   2.6248214e-01   6.2877401e-02   2.0451334e-01   2.0120281e-01   3.9564039e-01   2.9826778e-02  -2.1871982e-01  -8.0576460e-02   3.2607821e-02   4.6330230e-01   7.0850369e-04  -1.0114004e-01  -6.5219538e-03  -4.3096511e-01   1.5973917e-01   1.0181360e-01   3.5785740e-01   5.5711422e-02   5.7391034e-01   1.1203971e-02  -9.0493444e-03   4.1487456e-01   4.7903997e-01   1.8350589e-01   9.9033877e-02  -5.1528213e-02  -8.3291248e-02   1.4659819e-01   1.6705650e-02   3.2749000e-01  -3.8746901e-01  -1.0749662e-01   3.7731572e-01   2.8432806e-01  -2.3574024e-01  -1.8387894e-01  -7.8478721e-02  -2.6814974e-01  -1.7224754e-01   1.9733980e-01   2.1328780e-01   2.1504354e-01   1.1713287e-01   1.8286172e-01  -3.4156582e-03   7.0997985e-02  -4.3550689e-01  -3.7339153e-01   5.4513195e-01   7.9861366e-01  -1.5061019e-01   3.0916555e-01   1.3981409e-01   5.3320689e-03   3.7474968e-01   7.1593551e-02  -2.0155623e-01  -2.2926723e-01  -2.3324313e-02   1.9422787e-01   1.2645750e-02  -3.2799219e-02   1.1922873e-03   1.7937545e-01   2.3746888e-01  -1.1109653e-01   1.2978205e-01  -1.0793498e-01  -1.2652406e-01  -1.9433708e-01  -3.0258018e-01  -2.3637446e-01  -3.4654062e-01  -4.3637453e-01   7.0159695e-02   3.3554737e-01   1.1496890e-01   9.5341881e-02   1.5343167e-01  -3.4242164e-02   4.4527635e-02   2.4914275e-01  -4.4136297e-02  -1.7782476e-01  -1.9590937e-01   2.6857010e-01   9.9318220e-02   3.5938268e-01   2.2477607e-01   1.1258380e-01   6.2783040e-01  -2.2093808e-01   2.0970485e-01   2.7945523e-01   2.8868557e-01   2.2049780e-01  -3.1517198e-01  -1.7077448e-01  -2.0862354e-01   2.9177820e-02  -5.5101270e-03  -8.5877777e-02   2.9336257e-01   6.6923073e-02   1.2395433e-02   2.4314013e-01  -1.8338116e-01  -1.2937609e-01  -2.3876583e-01   2.1431686e-01  -8.3157794e-02   2.6710045e-01   4.7580270e-01   1.7884951e-01   2.8011904e-01   1.7165765e-01  -1.7104274e-01   3.0602799e-02  -6.7399513e-02   4.6252164e-02  -1.3072500e-02  -3.3697902e-02  -3.5981221e-01  -4.2145397e-01  -5.3702367e-02   1.7325410e-01   5.3805607e-01  -9.8755276e-02  -1.3097916e-01   2.1586999e-01   1.1388488e-01   6.4850810e-01  -2.7558609e-01  -3.7127635e-01   2.9966536e-02  -1.7668558e-01  -6.4199860e-02   2.9158022e-01  -4.9028432e-02  -2.8402821e-02   1.2090523e-01   1.1737306e-02  -2.5525712e-01  -1.7167384e-01   1.3932995e-01   1.3654359e-02   3.1901739e-01   3.3396333e-02   4.3478153e-02   9.2344378e-02  -3.0473424e-01  -1.1407014e-01  -3.0947040e-02   2.1178902e-01  -1.7399775e-01   2.8101846e-01   5.7109814e-01  -8.5105183e-02  -1.1535516e-01   2.5113330e-01
  -1.1881407e-01   3.1517720e-01  -9.3487378e-02   7.1711265e-02   4.1558004e-01   3.1716491e-01   0.0000000e+00  -2.3975877e-01   1.5034184e-01   2.9282617e-01  -1.5733770e-01   4.4615676e-01  -1.5874336e-01  -1.7712448e-01   2.4113208e-01   3.3946393e-01  -4.1638931e-03  -5.2500245e-02   3.1512958e-01   4.9201448e-01   1.1368765e-01  -1.0593638e-01   3.5098719e-01  -1.8370589e-01  -1.2640798e-01   4.4886797e-02   2.7977616e-01   1.5388128e-01   7.0673771e-02   2.7518946e-01   9.8387900e-02  -2.6586655e-01   8.9252046e-02   7.7495416e-01   1.4964110e-01   4.3375432e-01   1.3685787e-01  -1.3094763e-01   2.0896463e-01   3.0602206e-01   2.8961999e-01   1.3777287e-02   2.4839269e-01   1.3293775e-01   4.1435886e-01  -3.3054966e-01  -5.0112129e-03   4.6413860e-01  -1.9784228e-01   3.9872759e-02  -2.2240403e-01  -4.3825529e-01   5.2264748e-01  -1.7161138e-01  -1.3808766e-01  -6.6990347e-02   6.8572916e-02  -2.2484699e-01  -2.8147085e-02  -6.5109280e-02  -8.7226795e-03   1.2008348e-01   1.7841090e-01   1.3795995e-01   4.1214886e-01   5.4653135e-01   2.4397385e-01   9.3489909e-02  -1.5641735e-01  -1.6047800e-01   4.9138801e-01  -1.0049191e-01   1.6695833e-01  -2.2658581e-01  -2.7135215e-01  -2.9180353e-01   2.5865802e-02   8.2264593e-02   5.1339090e-01  -1.8712478e-01   3.5409233e-01   2.8962906e-01   2.9236604e-01   1.0338019e-01   1.0375425e-02  -2.5916849e-01   7.6685104e-02  -9.3026827e-02   1.8118444e-01  -9.4673337e-02   1.7886487e-01  -3.2115168e-01   6.8328020e-01   8.5499727e-02  -1.0725387e-01   3.9184538e-01  -2.3572160e-01   1.1423037e-01   2.6649123e-01   5.2645686e-01  -5.7609883e-02   2.6204343e-01  -9.5990137e-02   6.8901074e-02  -1.8749420e-01  -1.8762364e-01  -6.5948480e-03   4.5992115e-03   1.8750128e-01   2.9798495e-01   2.9929029e-01  -3.8449222e-01   3.3076839e-02  -2.5288621e-01   1.8314211e-01   4.3795290e-01   7.6613779e-02   2.9039569e-01   1.1985438e-02  -1.3708940e-01  -2.3918085e-01   4.4535821e-01   2.7065393e-01   3.0445245e-01  -3.2709517e-01  -2.1566088e-01   2.4401021e-01  -1.4308188e-01  -1.8670907e-01   9.0398041e-02   2.9429342e-01   4.7637298e-01   1.1243705e-01   3.9973390e-01  -1.0611676e-01  -2.7155327e-01  -4.1267886e-02   2.9450641e-01  -3.2295462e-01   4.2708971e-02  -1.0812345e-01  -1.3066001e-01  -2.9988511e-01   1.3111380e-01   6.8673799e-01   1.3355458e-01   5.9468350e-01  -7.3380403e-02   2.3389746e-01   3.8817769e-01  -3.6160313e-01   4.0624457e-01  -2.5348243e-01   1.0455389e-01   4.1600461e-01  -1.3096969e-01  -2.8122766e-01   1.9875680e-01  -3.5705652e-01   6.0022653e-02  -9.3240375e-02  -2.6968603e-01   4.5851366e-02  -2.5397751e-01  -5.8718402e-02   6.2485340e-01   4.6209803e-01  -8.8151895e-02  -1.4484786e-01   4.4308043e-01   6.1613117e-01  -3.1512442e-01   4.5546728e-02   2.7042969e-01  -3.2505281e-02  -1.8221528e-01   8.7100927e-02
  -7.1795709e-02  -4.4499652e-01   3.5404965e-01   3.1464799e-01  -3.4935612e-01   6.2802979e-03  -2.3975877e-01   0.0000000e+00   1.4959280e-01   1.5029253e-01   4.6160110e-01   3.5415034e-02   1.4497752e-01  -1.1666881e-01  -1.4814161e-01  -4.3803388e-02   3.4647698e-01   3.2528229e-01   7.1152125e-02  -3.9395842e-01   6.8413375e-02   5.3479440e-01  -8.8241179e-02  -3.0313102e-01  -1.4229884e-02   3.6364029e-01  -3.4483644e-01  -3.0226736e-02   2.7713270e-01   5.1029968e-02  -1.4627109e-01   5.1907669e-01  -2.4438278e-01  -3.6781615e-01  -1.5048510e-01   1.9347671e-02  -3.3073133e-01   4.6868773e-02  -9.4840161e-02  -4.6430570e-01   7.2854284e-02   1.2269447e-02  -1.4667592e-01   2.4377060e-01  -1.2027268e-01   4.2244611e-01   3.2857890e-01  -5.1588059e-01  -5.4902666e-02  -2.2205492e-01   4.1045823e-01   6.9823988e-01  -5.1082111e-01   1.0109565e-01  -4.2973295e-02   1.7935659e-01   4.3396666e-02   6.2783304e-01   2.7155800e-01   1.2003648e-01   3.1385159e-01  -1.5478980e-01   1.3667958e-03  -1.1829337e-01  -3.6872592e-01  -1.9745246e-02  -1.9561542e-01  -3.3232466e-02   3.4237671e-01   1.3757952e-01  -5.1144700e-01   3.7962621e-01  -1.6396919e-02   1.2485115e-01   3.4925916e-01   6.5586025e-01   4.0446192e-01   8.5493576e-02  -5.1744838e-01   7.0819123e-02   1.3010897e-01  -8.2626343e-02  -9.4667889e-02   2.9754460e-01   1.9895743e-02   5.9017589e-01  -3.2416503e-01  -3.0539620e-01  -2.7510245e-01  -1.1715941e-01  -4.2038808e-01   1.0996167e-01  -2.9786235e-01   2.4269084e-01   2.1522851e-01  -4.7970792e-01   1.2543242e-01   3.7814644e-01   7.8799250e-02  -2.2583568e-01   5.6720926e-02  -6.3239728e-02   5.6079141e-01  -3.0991409e-02   3.8175424e-01   4.9420044e-01  -5.1582102e-02   2.1333034e-01  -2.6119498e-01   3.9638184e-02   9.3684686e-03   3.9281385e-01   3.1080909e-01   9.7488987e-02  -6.2291936e-02  -4.6643457e-01   1.0227796e-01  -1.3974331e-01  -7.2545592e-02   3.2597238e-01   3.7141348e-01  -4.0685765e-01  -2.2450585e-02  -2.4197726e-01   3.2226557e-01   7.9670821e-02   1.6220586e-01   8.1631518e-03   4.0891375e-01  -1.4556374e-01  -1.7137775e-02  -1.2414601e-01  -1.5263818e-01  -2.7148486e-01   1.4987055e-01   7.6301669e-01   5.8864582e-03  -4.6255188e-02   7.4298965e-01  -5.9491224e-02  -1.2633872e-01   9.2690356e-02   2.9555020e-01  -5.5550384e-03  -2.9713233e-01   1.8055199e-01  -2.9806559e-01   3.8027002e-01   1.4851948e-01  -2.9579538e-01   6.7188999e-02   1.7258970e-01   1.0982767e-01   9.4971462e-02  -3.8307136e-01  -2.3145844e-01   2.6874820e-01   1.4901677e-01   7.7816012e-02   2.6183730e-01   2.1713997e-01   3.1059425e-01   8.4866678e-02   3.5451447e-01   2.9609989e-01  -5.4274611e-01  -5.1055687e-02   2.2204201e-01   1.3888751e-01  -4.4047299e-01  -4.5282970e-01  -4.5810346e-02   7.6405245e-02  -2.0174570e-01   2.8199811e-01  -2.0782279e-03   3.1682237e-01
   1.2604388e-01   2.7080357e-01   1.1227532e-01   3.2536810e-01  -2.6451913e-02   5.5032479e-02   1.5034184e-01   1.4959280e-01   0.0000000e+00  -3.0685917e-02  -8.5205784e-02   4.4173565e-01   1.3552377e-01   1.1424363e-01   2.2842528e-01   1.8738688e-02   8.1301624e-02  -7.9165962e-02   3.8016011e-01  -1.9738574e-02  -4.4424435e-02   3.7405945e-01  -7.8607062e-02  -2.3187758e-01   1.2923665e-01   4.6435650e-01  -1.0007394e-02   1.0911289e-01   1.3216827e-01   6.4680153e-01   2.4803162e-01   3.7754533e-02  -1.5435594e-02   3.5208185e-02   4.0331215e-01  -2.9435044e-02  -3.4113064e-03  -2.5115783e-01   1.7523950e-02   2.2538844e-02   4.4416152e-01   4.3205855e-02   4.8820429e-01  -1.3103792e-02   7.2770570e-02   2.4554837e-01  -2.4581998e-02   1.6734556e-01  -2.4565392e-01  -2.1853356e-01  -1.1249419e-02   8.0837790e-02   1.4324913e-01  -1.1256969e-01  -9.3790503e-02   1.6233171e-02   2.2866950e-01   3.3416743e-01   1.9838899e-01   6.1093474e-01   4.6013086e-02  -6.3949525e-02   6.2756505e-01   1.2581665e-01   2.1090726e-01   9.3965943e-02   1.5432232e-01   7.4216580e-02   5.5830338e-02   1.1789881e-01   1.5626010e-01   1.3373729e-01   4.0014471e-01   2.9263295e-01   2.9949879e-02   9.4841500e-02   4.8062818e-02   2.5642444e-01   1.6940514e-01   1.3841756e-01   1.6843550e-01   2.8166030e-01  -1.5514026e-01   4.1863888e-01   1.3695591e-01   6.5206404e-02   3.0399743e-01   1.1022653e-01   8.2088810e-02  -4.2369824e-02   1.5687651e-01  -1.2878093e-01   7.5648166e-02   7.7199929e-01  -1.2100641e-01   1.3413722e-01   9.8991085e-02   4.0483602e-01   2.8922311e-01   1.5805313e-01   2.4560020e-02   1.9101626e-01   9.0923915e-02   6.2915885e-01  -1.3312107e-02   1.9050869e-01   5.3650093e-02   1.1833994e-01   9.5877730e-03   1.3968690e-02  -2.9250649e-01   1.2514405e-01   2.2532584e-01   1.5185285e-02   2.6255750e-02   6.2300765e-02   3.0466465e-01   3.5812449e-01   3.4544022e-02   2.4220888e-01   9.9457809e-02   1.0417361e-01   1.4472072e-01   2.3571655e-01   1.2108855e-01   1.9531747e-01   2.8237912e-01   2.2866424e-02   1.8487898e-01   2.2252029e-01   2.8853255e-01  -1.7279908e-01   4.0492272e-01   2.5842569e-01   5.3635694e-01   1.0388701e-01   3.4334174e-01  -5.0650198e-02   6.3693973e-02  -2.4240919e-01  -1.3624680e-01   1.2539895e-01   1.5535510e-01   4.9581123e-02   2.7468966e-01  -7.5725604e-02   6.3185396e-02  -2.9242739e-02   4.1689646e-04   1.9564230e-01  -1.2082982e-01   3.4920020e-01  -7.4642220e-02   3.8697619e-02   2.4692940e-01  -2.0986354e-01   1.6815339e-02   2.8392446e-01  -1.4426372e-01   1.1335282e-01   1.4923882e-01   2.4812298e-02   1.3618225e-01  -5.1993965e-02   4.0150658e-01   5.6839599e-02  -1.1917186e-01   1.2977817e-01   4.6717566e-02   4.2566037e-02   1.2538045e-01  -4.4981710e-01   1.2696460e-01   2.2176373e-01   2.3688307e-01  -3.4175846e-02   5.6081027e-01
   8.1861848e-02  -3.3346531e-01   1.5949783e-01   2.4827169e-01  -1.2396986e-01   5.4216503e-01   2.9282617e-01   1.5029253e-01  -3.0685917e-02   0.0000000e+00   3.3245965e-01  -7.2169375e-02   2.4794834e-01  -3.7823528e-01  -1.0488662e-01   1.6438667e-01   3.5741626e-02   1.9281373e-01   3.0644159e-02   1.1821189e-01   1.2783046e-01   1.4961724e-01   4.5137210e-01  -1.1633871e-01  -2.6319306e-01  -1.0539655e-02   4.2762365e-01   3.1031467e-01  -8.1271828e-02  -1.2744057e-01  -4.7319831e-01   8.1033567e-02  -2.5657188e-01   3.6799778e-01  -1.1635313e-01   4.6448366e-01  -2.5004648e-01   1.0438893e-01   1.1459448e-01   3.5156417e-01   1.8830564e-01  -1.1595922e-02   7.0089124e-02   2.3903572e-01   2.2891791e-01   8.6022490e-02   2.2611483e-01  -2.7783708e-01  -2.0760792e-01  -2.7680850e-02   3.0632277e-01  -5.4480270e-02  -1.8762032e-01  -1.1873791e-01  -2.5156569e-01   2.8257319e-01   1.4723466e-01   8.8407464e-02   1.1172739e-01   3.4108583e-02   2.3541851e-01   9.5216003e-02   2.2911178e-02  -2.6865921e-01  -3.1735609e-01   6.6480899e-01   2.2210333e-01  -1.8594359e-01  -3.2299411e-02   2.8385487e-01  -1.3147543e-01   2.5605634e-01   1.3616168e-02  -6.5038028e-02  -1.8704134e-01  -7.0389231e-02   2.3386243e-01   7.2496296e-02  -2.0402476e-01  -1.1065376e-01   3.0535828e-01   5.5742946e-02   8.4624557e-02   1.4000141e-01  -1.5196458e-01   2.3167159e-02  -4.6578750e-01  -1.0853247e-01  -1.9838652e-01   5.4108763e-02  -3.6899643e-01   3.7186367e-02   2.8548985e-01   1.0063714e-01   1.8824795e-01   2.9079025e-02  -6.6172647e-02   7.5936379e-03   1.6899686e-01   1.9273607e-01  -3.5211908e-01   2.5419550e-01   2.1281586e-01  -1.6489922e-01   3.0313097e-01   9.4217195e-02  -5.4591623e-02   1.7835919e-01   3.2544442e-02   4.7037565e-01   4.2079779e-01   1.5013424e-01   1.3790419e-01   1.4111514e-01   5.5521866e-03  -1.7785556e-01   5.1297716e-02   1.1528667e-01  -1.8371172e-02   1.1943739e-01   1.0795936e-01  -1.8765093e-01   1.9480085e-01  -2.8246014e-01   6.0442525e-02  -9.7178852e-02   2.4615893e-01  -9.6305812e-02   2.4311508e-01   2.3571137e-01   6.6124544e-02   2.7137633e-01  -2.5319820e-01  -3.6950704e-01  -9.4911439e-03  -1.7563122e-02  -2.3116638e-01   6.8984957e-02  -3.5536186e-02   4.0948385e-03  -1.1878719e-01  -1.2357022e-01  -9.4277352e-02   4.5357492e-01   1.9974497e-02  -1.8262085e-01   6.2956984e-03   3.8003702e-01   7.2594742e-01  -2.1841628e-01  -8.8708466e-02   2.6121065e-02   7.6475389e-02   6.8517037e-03   1.6782419e-02   7.1916445e-02   2.6617253e-01   1.0726540e-01  -2.7861337e-02   1.1334877e-01  -5.7619034e-02   9.0081689e-02   3.7169112e-01   2.3429655e-01   2.9225774e-02  -4.0340559e-02   1.5320612e-01  -9.2120830e-02   1.0809609e-01  -1.1241420e-01   1.3182896e-01  -1.6760951e-01   2.8308895e-01   1.5860801e-01  -1.0790779e-01  -7.1722085e-02   1.7716157e-01
  -2.9019560e-01  -6.0551594e-01   1.5868953e-01   5.7994860e-01  -2.6321812e-01   2.8305360e-01  -1.5733770e-01   4.6160110e-01  -8.5205784e-02   3.3245965e-01   0.0000000e+00  -1.5142026e-01   5.8571912e-02  -4.2318156e-01  -3.7987382e-01   3.3127237e-01   6.5212358e-02   6.6764778e-01  -1.9603569e-01  -1.8181861e-01   1.6807493e-01   5.8580701e-01  -8.5715493e-02  -4.6004911e-01  -6.2497332e-04  -2.6609384e-02   1.9184355e-01  -1.3167649e-01  -1.6720328e-01  -1.0540673e-01  -2.8861136e-01   7.1854390e-01   7.0476050e-02  -8.5083591e-02  -3.6523801e-01   4.8169943e-01  -3.7222540e-01   2.3592706e-02   4.2569431e-01  -4.5379459e-02   2.4960151e-01   5.1445979e-02  -4.7109763e-01   2.6179619e-01   2.6451547e-01   1.0231829e-01   8.3837219e-01  -6.0531082e-01  -4.0767127e-02  -2.0156867e-01   7.8062639e-01   3.4891804e-01  -6.1156948e-01  -2.1402468e-01  -2.5250924e-01   1.6201746e-01  -7.9439984e-02   5.9445799e-01   5.7965887e-01   9.3746424e-02   1.4644193e-01   6.8009233e-02  -2.2920886e-01  -1.9069221e-01  -5.8006206e-01   1.9513368e-01   7.1978685e-02   9.4615299e-02   6.8198555e-01   9.5017098e-03  -5.6495837e-01   5.5764283e-01   1.8981812e-01  -1.8040398e-01   2.4713758e-01   7.4403180e-01   1.3028184e-01   5.4652154e-02  -5.6413961e-01   3.3025616e-01   2.0771442e-01   2.7652887e-01  -1.0556099e-01   3.9034952e-02  -4.0427734e-01   7.3037107e-01  -6.1710023e-01  -6.0516769e-01  -2.9357059e-01  -3.3319986e-01  -5.4006559e-01   1.1603330e-01  -2.7183266e-01   1.9393346e-02   9.6288000e-02  -3.7871136e-01   2.7957535e-01  -5.0573669e-02   3.9504370e-01  -3.8913903e-01  -3.1752935e-01  -2.1804708e-01   6.9331369e-01  -1.2265501e-01   7.5294291e-01   5.3949268e-01  -2.2769630e-01   4.0577181e-01  -3.6027437e-01   3.5340323e-01   3.1415435e-01   6.4847556e-01   4.3363519e-01  -8.4507508e-02  -4.3870551e-01  -5.3975882e-01  -5.3969172e-02   3.1057589e-02  -1.9891160e-01   5.9206136e-01   1.0200955e-01  -4.0985040e-01  -4.6159758e-02  -4.9423950e-01   7.1030226e-02  -9.5296779e-02   1.0509756e-01   2.6130801e-02   6.2707774e-01  -1.3112428e-01   8.6436457e-02   2.8951387e-01  -3.0488851e-01  -4.7768966e-01   5.3232690e-02   7.0479189e-01  -9.1616574e-02   2.9312186e-01   7.4174575e-01  -2.0065314e-01  -4.1101202e-01  -2.0829731e-01   6.1960336e-01   2.1425079e-01  -4.9916838e-01   3.6229552e-01  -4.3232310e-01   7.3426010e-01   6.3311569e-01  -5.2389628e-01  -1.5176407e-01  -6.0676795e-02  -2.3739239e-01   3.7004428e-01  -3.0039289e-01  -2.7082604e-01   6.1422294e-02   4.3680092e-01   7.7953620e-02   1.7453024e-02   8.6924022e-02   7.6321761e-01   3.1584770e-01   7.2528545e-01   1.1092126e-01  -6.0499018e-01   1.4166297e-01  -6.8969665e-02  -9.5022157e-02  -5.0820181e-01  -2.4186813e-01  -1.7746838e-01   4.0577872e-01  -1.6336627e-01   1.2737766e-01   3.0150190e-01   1.2968242e-01
   4.9558453e-02   3.7028112e-01   2.5940388e-01   9.8316558e-02   2.5408544e-01   1.2224666e-01   4.4615676e-01   3.5415034e-02   4.4173565e-01  -7.2169375e-02  -1.5142026e-01   0.0000000e+00   1.6596983e-01  -3.9240486e-02   2.2419189e-01   1.6887760e-01   1.9989421e-01  -2.9158227e-02   3.2990149e-01   2.9388163e-01  -8.6098428e-02   1.7438547e-01  -4.0403332e-02  -5.1724855e-01   1.7235013e-02   3.7271321e-01   3.5773350e-02   5.9383421e-02  -4.3369245e-03   5.9717885e-01   2.4554621e-01  -5.8236228e-02   9.5061686e-02   2.4165688e-01   2.8737036e-01   3.1018682e-02   1.3187877e-01  -2.8951390e-01  -2.8077742e-02   1.4187549e-01   3.1265635e-01   1.4239558e-01   3.1560292e-01   2.4208277e-01   4.7071464e-02   1.4356329e-01  -6.8976646e-03   2.1491162e-01   1.0820788e-01  -1.4132411e-01  -9.8609843e-02  -4.3570892e-04   3.3299637e-01   4.0060508e-02  -2.5484779e-02   8.3424042e-02   2.0393380e-01   3.2882943e-02   7.4388363e-02   4.1327980e-01   7.3557244e-02   2.4545109e-01   4.8875086e-01   2.2193068e-01   3.3578099e-01   3.3829564e-01   2.6052453e-01   6.0445990e-02   1.1228124e-01   2.1246361e-01   3.1624475e-01  -2.2840759e-02   9.8991078e-02   3.5185001e-01   3.9111692e-02  -9.2816613e-02   1.6050322e-01   4.5367555e-01   3.7984376e-01  -2.9933964e-02   9.7616464e-02   1.5467824e-01   5.2067730e-02   4.5337789e-01   2.1862477e-01  -1.1774038e-01   1.9889936e-01  -1.4452743e-01   4.3588451e-01  -1.1055281e-01   2.6916028e-01  -2.2413705e-01   3.2134082e-01   4.7489626e-01  -1.2968062e-01   2.7586312e-01  -2.2925530e-01   4.3650324e-01   1.7231529e-01   1.7146534e-01   2.1015275e-02   3.4270208e-01  -8.0521493e-02   5.2631390e-01  -5.3403082e-02   8.9340267e-02   1.5594360e-01   2.9206652e-01   1.4815694e-02  -6.9104036e-02  -1.8945869e-01   5.9818106e-02   7.9108266e-02  -1.2954216e-01   8.7336914e-02   1.3207879e-01   2.8457341e-01   5.1844933e-02   6.9854538e-02  -8.0799141e-02  -1.0675559e-01   3.4926940e-01   3.6059327e-01   4.4309187e-01   1.4109317e-01   2.0536141e-01   4.5072638e-01  -2.6826905e-02  -7.7627088e-02   2.8342304e-01  -4.4584518e-04  -2.0515112e-01   4.7152641e-01   3.0054065e-01   1.0344896e-01  -5.6900414e-02   9.7605282e-02   3.7162619e-02  -1.1461280e-01  -2.9080058e-01  -1.9210187e-01   2.3688652e-01  -4.3125098e-02   8.6073438e-02   4.9719101e-01   1.7991063e-01   3.9945451e-01  -2.2055652e-01  -4.2342865e-02   2.3164779e-01  -1.0382958e-01   1.7072987e-01   4.2280662e-02   1.3921434e-01   4.5002866e-01  -4.6719193e-01  -2.0582852e-01   1.9633766e-01  -1.3984937e-01   2.8022795e-02   6.0037664e-03  -5.8953925e-02  -1.2317174e-01  -1.1120682e-01   1.5279596e-01   2.9517210e-01   1.3936278e-02   1.5780467e-01  -7.4275983e-02   2.0604170e-01   3.6885874e-01  -5.6638389e-01  -8.1472874e-02   1.7915771e-01   1.9035751e-01  -1.6027344e-01   4.5046528e-01
   3.1874929e-01  -2.6478519e-01   2.3194853e-01   1.8709180e-02  -1.3091916e-01   7.8786881e-03  -1.5874336e-01   1.4497752e-01   1.3552377e-01   2.4794834e-01   5.8571912e-02   1.6596983e-01   0.0000000e+00   1.3388857e-01   1.9677659e-01  -5.9255390e-02   2.0551341e-02   5.4970438e-02   1.5642724e-01  -1.6448007e-01  -1.0883665e-01   9.9761639e-02   2.4152060e-01  -2.0364912e-01  -2.1297874e-01   1.0914005e-01   3.6967362e-02   3.7303465e-01  -2.0691395e-01   1.7100060e-01  -3.3431022e-02   2.8936700e-02  -1.2631495e-01  -1.7401833e-01  -1.2920454e-01  -4.1577483e-04  -1.5244744e-01  -7.8736788e-02  -9.4405099e-02  -1.3367807e-03   2.4075844e-01   1.2604153e-01   1.9354268e-01   3.1954654e-01  -1.3960715e-01   2.8641088e-01   2.9631018e-02  -1.3682021e-01   3.6018520e-02  -4.0267135e-01   2.2285945e-01   1.5746996e-01  -2.2589935e-01   5.8101817e-02  -7.6434885e-02   3.8274950e-01   2.9715170e-01   1.3114276e-01   8.7931216e-02   3.0251090e-01   1.1811804e-01   2.1864637e-01   8.6752089e-02   4.4222037e-02  -1.8513350e-01   1.0523319e-01  -6.2466835e-02  -1.6689145e-01   4.8790485e-02   4.8594975e-01  -2.6882857e-01   6.1081220e-02   1.7587947e-01   3.4325251e-01  -9.2786669e-03  -1.1028387e-02   1.7770083e-01   1.0648972e-01  -2.1534027e-01  -1.1971170e-02   2.7672950e-01  -3.1556932e-02   8.8917981e-02   4.5283064e-01   2.0126160e-01   1.3715463e-01  -3.1300137e-01  -1.9745327e-02   4.2414524e-03   2.0177962e-01  -1.4644013e-01   8.5862583e-02  -1.4322377e-01   2.8776146e-01   9.2692154e-02  -8.4688099e-02  -1.5833416e-01   1.5817510e-01  -6.9714360e-02  -1.0222858e-01   3.3912197e-02   3.1446737e-01   9.2842897e-02   7.6912214e-02   1.8453603e-01   1.5895332e-01   1.5015561e-02   1.7725312e-01   2.0693328e-01   1.8466523e-01  -3.6053936e-02   3.0892601e-01   2.2503173e-02   3.4798108e-01   2.3146551e-01  -2.1078276e-01   5.5260631e-02   1.0763020e-01   3.0402459e-01   2.1047933e-02  -2.1236137e-02  -2.5819607e-01   1.5221801e-01  -8.0700215e-02   3.3532936e-01   4.5247905e-01   2.4654144e-01  -3.1218199e-03   1.3223463e-01   1.3467715e-01  -1.2109446e-01  -2.9874897e-01  -6.9939481e-02  -1.9328093e-01   1.1282732e-01   3.1150302e-02  -2.3644758e-01   1.5856028e-01   6.7422991e-03  -2.3847657e-02   5.4416213e-02   5.5744723e-01   7.6691163e-02   2.3549664e-01  -5.4084756e-02  -3.5056808e-02  -4.0032990e-01   1.1485563e-01   1.5238933e-01  -2.0883227e-01   2.5172142e-01   8.5173559e-02   2.8388022e-01  -7.6253176e-02  -1.7467389e-01  -1.9914763e-01   5.8543078e-02   3.4219151e-02   1.6730979e-01   3.0288007e-01  -4.0839886e-02   1.1009582e-01   2.5206164e-01   8.0063754e-02   1.7641379e-01  -2.2688468e-01  -3.0262968e-01   3.1615621e-01   4.1877726e-02  -2.2675272e-01  -1.0700649e-01  -2.8696864e-01   7.2753957e-02  -2.2896891e-01  -6.0658008e-02   1.2296429e-02   3.1175271e-01
   5.8760483e-01   2.5822744e-03   9.8588552e-03  -3.1416299e-01  -1.2609522e-01  -4.1714472e-01  -1.7712448e-01  -1.1666881e-01   1.1424363e-01  -3.7823528e-01  -4.2318156e-01  -3.9240486e-02   1.3388857e-01   0.0000000e+00   6.3071042e-01  -2.0447652e-01  -5.0138669e-03  -2.7390080e-01   2.1073841e-01  -3.9029288e-01   4.4718393e-02  -2.3041775e-01   3.1423950e-01   4.3036244e-01   2.5349540e-02   1.0682162e-01  -4.5793599e-01   3.5921418e-01   1.7131486e-01   7.1213941e-02   5.2879942e-01  -2.8399715e-01  -6.1440295e-02  -1.2661288e-01   1.4156494e-02  -3.3802551e-01   1.5590632e-01   1.4865896e-01  -2.6353484e-01  -3.8881862e-01  -1.1780609e-01  -2.5851398e-02   5.4552276e-02  -3.2427237e-02  -2.4739875e-01   2.4463837e-02  -3.0596295e-01   1.9416775e-01   6.2632561e-02  -7.5117492e-02  -1.8100296e-01   7.5179190e-02   9.7530782e-02   4.1068729e-01   6.8781431e-01   1.1263876e-01  -3.1347086e-02  -1.6206631e-01  -3.0314697e-01   2.0760807e-02   1.5747921e-01  -2.6489161e-01   1.1069632e-01   4.1402841e-01   1.3813938e-01  -3.9138280e-01  -3.9559038e-01  -7.6042746e-02  -3.1083771e-01   8.4433764e-02  -4.5136553e-02  -2.6795793e-01  -1.2001123e-02   4.2085446e-01  -7.2695322e-02  -2.5096000e-01   3.7375767e-02   1.1748729e-01  -1.1336735e-02  -2.5880320e-01   2.4225478e-01  -1.4257052e-01   2.3856843e-01   1.1350501e-01   4.8124356e-01  -4.4600791e-02   3.2081286e-01   6.0994196e-01   7.6961407e-02   5.6700965e-01   2.2581333e-01   8.2435973e-02  -1.7523985e-01   4.4858600e-02  -3.8550902e-02  -2.5401360e-01  -3.0097717e-01   1.2762879e-02  -3.2186137e-01   1.0007947e-01   4.9048638e-01   3.6268808e-01  -7.5746609e-02   1.9524708e-01  -2.9223652e-01  -7.6340781e-02   2.5610405e-01  -2.6978734e-01   5.4752515e-01  -8.8450446e-02  -1.9007823e-03  -2.3004664e-01  -1.1461749e-01   4.7774649e-01   4.7544063e-01   1.7928000e-03  -1.4207213e-02   3.0490202e-02   4.4455538e-01  -2.8274789e-01   9.4120174e-03  -1.4687483e-01  -8.6532234e-02   2.1484298e-01   1.3515049e-01   6.7705095e-01   1.0869253e-01  -6.2879002e-02  -3.3432856e-01  -2.9306869e-01  -1.3329435e-01  -1.2295659e-01   1.5997760e-01   2.7082887e-01  -2.1938551e-02  -1.8582778e-01  -6.5391610e-03  -8.3965428e-03  -1.9263054e-01   3.0053605e-01   6.5135951e-01   1.6477724e-01  -2.4819208e-01  -2.7033017e-01   3.2245768e-01  -7.6783753e-02  -1.2986039e-01  -2.2874583e-01  -4.2706663e-01   2.1317837e-01   5.2244170e-01   1.3406470e-01   3.7656599e-01   1.6592887e-02  -3.4925089e-01   1.5942777e-01   8.0910271e-02  -3.0835650e-01   1.4421349e-01   5.6110336e-01   5.4592103e-02  -3.5567856e-01   7.6934910e-02  -3.9576690e-01   1.5653815e-01  -7.7353538e-02   5.7124886e-02   4.8032704e-01   3.9512426e-01   5.0985592e-02  -3.4979707e-01   8.0570007e-02  -2.3447346e-01  -4.1789195e-01  -3.6133130e-02  -1.2391859e-01   6.0134474e-02
