   0.0000000e+00  -1.7030948e-01  -2.8170030e-02   1.3244295e-01  -2.0795039e-01   3.6545632e-01  -1.2190416e-01   1.4075047e-01  -1.2914267e-01  -1.6621253e-01  -2.3771692e-01  -1.2775152e-02   1.6176702e-02   1.9008424e-01  -2.9343382e-01   7.3437615e-03  -8.9893866e-02  -3.0983026e-01   2.6033736e-01   4.8391886e-02  -4.8784628e-01   2.3231155e-01  -2.8663616e-01   7.2348879e-01   7.2829575e-02   3.1932305e-01   4.0890542e-01  -2.4747794e-02   3.5304561e-02  -3.4370456e-01  -6.4693558e-01   3.7967224e-01   3.1368448e-02  -2.7011963e-01  -1.9626306e-01  -8.1239532e-02  -3.9154834e-01   3.0566751e-01  -1.3623099e-01  -4.6444928e-02   3.6499555e-02   2.9505863e-02  -6.4889107e-02   7.9080871e-02  -1.8758274e-01   1.9389632e-01   1.4668117e-01  -4.8178849e-01  -5.9553564e-01  -1.5754874e-01   1.4690293e-01   1.3530600e-01  -4.5421006e-01   2.5354890e-01  -2.1044058e-01   5.2749182e-02   3.7642707e-01   2.9157172e-01   3.4147362e-01  -1.2727469e-02   1.1533604e-01  -2.0096492e-01  -1.4718082e-01  -4.8495236e-01  -3.7012298e-01  -2.0927938e-01   4.0814731e-01   8.3539650e-02   2.8965389e-01   1.6479313e-01  -3.7237819e-01   1.2396346e-01  -2.6024222e-02   3.4507338e-01   1.2068689e-01   1.5845355e-01   6.1468077e-02   1.3696543e-01   4.6542152e-02   2.2200784e-01  -2.9368425e-01   5.5474728e-02  -5.1393595e-01   3.8016476e-01   3.6450710e-01   4.8516580e-02  -5.6162780e-01   4.0757972e-01   6.2700714e-03   7.3625105e-01   6.7243487e-03   8.2139336e-02  -3.2344427e-02   2.5002430e-01   2.2591649e-01   7.8693564e-02   1.2256573e-01   3.6651145e-01  -2.2632508e-01  -1.9694907e-01  -1.5847497e-01  -1.2886475e-01  -2.1323371e-01  -3.5336652e-01   3.5425986e-01   3.9077092e-01   2.3871244e-01   3.8030787e-01  -1.3073303e-01  -1.5498834e-01  -2.3765799e-01   1.1844089e-01   1.8312642e-01   7.7513016e-01   1.7537721e-01   3.0705053e-02   2.0649595e-01  -3.7317930e-02  -5.0333597e-01   2.0336970e-01   2.2052168e-01   1.4916755e-01   8.7342667e-03  -5.1724935e-01   4.2834684e-01   1.4129333e-01  -1.0368858e-01   2.4658687e-02   3.4470283e-01  -3.9355234e-01  -1.3163750e-01  -4.8274760e-01   6.8858757e-01  -6.6931059e-01   8.3808843e-03   3.7927500e-01   5.1849869e-02  -6.5397108e-01   3.0117298e-01   4.2691879e-01   8.5027709e-01   8.9548180e-02   6.7203568e-02  -1.5615930e-01  -2.1787834e-01  -3.1835846e-01  -2.5244517e-01   1.1772742e-03   1.1941033e-01  -5.7409966e-01   1.4775912e-01  -4.5041908e-01   3.2572117e-01  -5.7950649e-01  -1.1142739e-01   7.7720434e-01   3.4795822e-01   2.2400282e-01   1.8020063e-01   2.7332543e-02  -3.9224848e-02   9.3737831e-02  -3.7806582e-01   2.1870381e-01   4.3024339e-01  -6.1929504e-02  -2.7723992e-01   2.5768961e-01   4.9719914e-01  -3.2578382e-01   8.9842214e-02   1.4317209e-01   4.0905122e-02  -3.9029602e-02   3.2144647e-02  -1.2160931e-01   4.0329540e-01
  -1.7030948e-01   0.0000000e+00   2.2072567e-01  -4.0808910e-01   5.3639024e-01  -5.6446662e-02   2.4225908e-01  -2.1803800e-01   5.7327326e-01   2.0234274e-01  -5.6665898e-01   6.8601179e-01  -3.6228934e-02  -3.0686422e-01  -3.4397920e-01  -4.6162344e-02   4.7396319e-01  -6.1560373e-01   1.6419791e-01   2.1989408e-01   2.0801176e-01  -4.7607852e-01   1.2571932e-02  -3.7249087e-01   1.3415564e-01  -6.7055105e-02   2.2063512e-01  -3.4409291e-01   8.6288256e-02   2.5844500e-01  -2.2211196e-01  -1.9190581e-01  -3.6524030e-02   4.9593029e-01  -1.5281061e-01  -2.6755500e-01   3.0549044e-01  -4.0382879e-01  -2.9514665e-02   5.9245752e-01  -2.0254246e-01  -3.0273635e-01   3.2971940e-01  -3.2479913e-01  -4.5590942e-01  -5.3470241e-01  -6.4804286e-01   5.5213650e-01   9.7833861e-02   5.0297321e-01  -6.3820597e-01  -1.7126946e-01   6.7446281e-01   2.1596906e-02   1.2773629e-01  -2.4502925e-01  -4.0824140e-01  -3.3212379e-01  -3.8537780e-01   1.9692630e-01  -5.7748755e-01   7.4969648e-02   2.4909396e-01   2.9445029e-01   3.4522853e-01   4.6122615e-01  -1.0718149e-01  -2.3842289e-01  -4.9878813e-01  -5.7929360e-01   7.7640885e-01  -6.3988804e-01  -1.1060853e-01  -2.0777974e-01   3.0772948e-01   6.0453235e-02  -5.4592836e-01  -1.1060462e-01   5.9241539e-01   7.6116812e-02  -1.9958740e-01  -2.5977052e-02   6.4073179e-01  -3.2058105e-01  -2.0816023e-01   6.8078896e-02   2.3407940e-02  -3.0144765e-01   5.2658799e-01  -3.6274483e-01   6.4295471e-01  -4.3379505e-01   2.0993828e-01  -2.3542497e-01  -4.6336341e-01   6.0127171e-01  -7.8019809e-02   1.9235086e-01  -2.5881102e-01   4.4475924e-01  -2.9838599e-01   4.6904640e-03  -4.7628535e-01   1.5535905e-01  -5.7151819e-01  -1.7469788e-01  -3.0506176e-02  -1.4658454e-01   1.0607487e-01  -5.3985186e-01   4.7949228e-01  -5.0437571e-01  -3.2652221e-01  -4.9079226e-01  -2.5424213e-01   8.0540532e-01  -3.6083221e-01  -2.7721937e-02  -2.7662841e-01  -4.1724841e-01  -6.2722720e-01   5.7091868e-01   5.1660115e-01   5.9830298e-01  -5.6779390e-01  -1.6134056e-01   3.3706602e-02   3.3423292e-01  -2.2029500e-01   1.8408626e-01  -2.8516087e-02   4.7432756e-01  -2.7930126e-01   2.3576206e-01   5.9453134e-02  -1.6037457e-01   2.6435985e-01   2.2225992e-01  -1.8553514e-01  -1.2350582e-01  -1.2802360e-01   6.3074209e-03  -5.6314342e-01  -3.3786554e-01  -1.3544066e-01  -4.4474403e-01   5.9396411e-01  -2.3254952e-01  -4.5124522e-01   1.3449266e-01  -2.8742182e-01  -3.1612909e-01  -6.2105321e-01   2.3967714e-01   6.8659454e-01  -2.5324595e-01  -6.6106796e-01  -3.1754275e-01  -4.1920808e-01  -4.8702733e-01  -1.5674469e-02  -5.1848668e-01   2.9539013e-01  -6.9052018e-01  -1.6047408e-01   7.4132356e-01   3.1387898e-01  -4.6916857e-01  -6.0231252e-01   6.1694954e-01   6.7641558e-01  -5.1911871e-01  -7.0412114e-01  -2.1080694e-01   9.0083213e-02  -4.1711952e-02  -2.0960162e-01
  -2.8170030e-02   2.2072567e-01   0.0000000e+00  -1.2795508e-01   6.8056992e-02   4.1883914e-01   3.2026888e-01  -3.4467453e-01   1.7120377e-01   2.6496661e-01  -2.9343149e-01   4.4261893e-01   9.8509534e-02  -1.1122819e-01  -1.2986562e-01   1.2814890e-01   6.1838416e-01  -6.5675564e-02   7.4076602e-02   4.3821694e-01  -6.6039964e-02  -1.2135768e-01  -3.2764257e-02  -1.1341299e-01   2.0759947e-01  -3.5475291e-01   2.7515111e-01  -3.7944042e-01  -3.2175910e-02   1.3255703e-02  -1.7505169e-01   1.5127776e-01   9.5433115e-02   1.9456322e-01   1.3704503e-01   7.0434601e-02  -4.7075859e-02  -7.6700925e-02   5.6030462e-02   4.0310402e-01  -1.8602953e-01   1.0929550e-01   2.7549725e-01  -3.4731490e-01  -8.2118906e-02  -4.4252513e-02  -7.0994703e-02   2.2449136e-02  -6.6791980e-02   5.0467348e-01  -1.1505754e-01  -3.2624085e-01  -9.1431526e-02   3.6911913e-01   1.5015274e-01  -2.3206527e-01  -1.8801274e-01  -1.7843132e-01  -2.1003882e-01   4.3078564e-01  -2.1131101e-01   3.5642081e-01   2.5371838e-01  -1.3875604e-01  -2.7412145e-01   1.5478610e-01   1.6076673e-01  -5.3736275e-03  -1.4106543e-01   2.4938715e-01   1.4546696e-01  -1.2982846e-01  -4.2323958e-02   1.2050974e-01   2.5878511e-01  -5.7981586e-02  -1.7208649e-01  -2.0772377e-01   2.4872555e-01   6.1563546e-02  -4.9230935e-02   7.0214030e-02  -2.6433431e-02  -4.2461526e-01  -9.4384002e-02  -1.2240925e-01   8.3856485e-02   3.0506199e-02   2.0470612e-01  -2.4222762e-01   5.5018753e-02  -1.0917265e-02   2.7796960e-01   2.6625992e-02  -6.6128784e-02   2.5210211e-01   2.5059512e-01   3.0444345e-02   9.3179445e-02  -8.5503957e-02  -2.3859008e-01   7.6372374e-02  -2.9363872e-01   3.3144578e-01  -1.2316102e-01   2.5811005e-03   1.1772571e-01  -8.2843820e-02  -6.7078040e-02  -1.1363232e-01   1.7189115e-01  -1.4308404e-01   6.1349154e-02  -1.0142920e-01  -2.6167930e-01   2.6306390e-04  -3.1568829e-01   1.9392932e-01  -3.3653135e-02  -1.7297097e-01  -3.0026862e-01   2.4232157e-01   4.1953219e-01  -2.8618035e-03  -2.4038121e-01   1.2803853e-01   6.0443620e-02   2.5434877e-01   4.6724718e-02   5.9578797e-01   9.3422494e-02   3.3368823e-02  -9.0664734e-02  -3.5011081e-02   5.4101288e-03  -1.3036228e-01   2.2178712e-01  -5.0029005e-02  -2.0874331e-01   2.1412726e-01   1.2158632e-01   6.2068522e-02  -4.3253958e-01   1.7663628e-01   1.0436407e-02  -3.1997507e-01   3.4078023e-01  -6.8613827e-02   5.4144813e-02  -1.9959084e-01   7.1316036e-02  -2.1346161e-01  -2.3977974e-01  -1.5302653e-01   5.5400755e-01  -2.2381898e-02  -1.6765550e-01  -1.5355483e-01  -2.0847820e-01  -3.0751855e-01   7.3954646e-02  -3.8158833e-01  -1.9941519e-01  -2.3221626e-01   3.3159961e-02   1.5643557e-01   2.3808180e-02  -3.4548706e-01  -1.4568031e-01  -9.5671558e-02   1.7977690e-01  -1.4286262e-01  -1.0207339e-01   1.1534974e-01   1.7496706e-01   7.9718193e-02   5.1545853e-03
   1.3244295e-01  -4.0808910e-01  -1.2795508e-01   0.0000000e+00  -2.1896761e-01   1.3297172e-01  -1.5839022e-01   2.3253875e-01  -1.0703362e-01  -2.1419527e-01   1.8763779e-01  -2.2772803e-01  -4.1372419e-02   3.1495741e-01   6.3581296e-02   1.4412007e-01  -3.0746990e-01   3.6739992e-01   7.2105606e-03  -7.8438690e-02  -1.8919696e-01   5.9650009e-01  -8.6401771e-02   1.6087889e-01   1.9070770e-02   2.9612781e-01  -2.6134552e-02   1.0989432e-01   1.8597345e-01  -3.8905506e-03  -4.3953518e-02   4.6680805e-01  -1.2967506e-01  -1.1800178e-01   1.5655341e-01   1.6835380e-01  -2.1286660e-01   1.9206085e-01   1.1885643e-01  -2.9616955e-01   2.7943399e-01  -2.3772832e-01  -1.2502243e-01   2.3719677e-01   3.4431352e-01   7.7859235e-02   4.3498781e-01  -3.0664569e-01  -5.8165242e-02  -3.4406970e-01   4.0503410e-01   3.3137714e-01  -2.7134966e-01  -3.9129626e-02  -4.3867896e-02   1.0718105e-01   3.3021928e-01   6.8516693e-01   4.2553747e-01   9.8567132e-02   1.8541593e-01  -5.6441165e-02  -2.2308746e-02  -2.0430467e-01   4.6672093e-02  -2.3941509e-01   1.4615839e-01   2.9495859e-01   4.5855706e-01   8.2126532e-02  -4.0227966e-01   5.7864950e-01   1.5356956e-01   1.6645498e-01  -1.7595882e-01   8.9856600e-02   1.5313430e-01   1.5012818e-01  -1.7307872e-01   1.6366008e-02  -5.2174287e-03   2.3378096e-01  -2.6202030e-01   3.5511876e-01  -4.4092683e-02   1.2068337e-01  -2.2315789e-02   1.4119784e-01  -1.3719531e-01   1.5888750e-01  -1.2140688e-01   1.8282468e-02   4.7584316e-02   4.3891664e-01   1.5098138e-01  -3.8493122e-01   7.6838911e-03   4.2303803e-02   3.2970923e-01  -1.3499532e-01  -7.3929076e-02   1.5057946e-02   3.4915917e-01   6.8711591e-03   4.9564323e-01   5.5594259e-01  -1.1973327e-01   2.6666154e-01  -1.7344154e-01   2.2611289e-01  -2.2863217e-01   5.4365965e-01   4.9418768e-01   1.7038108e-01   4.9091526e-02  -3.2102505e-01   2.3126309e-01   1.2851767e-01  -5.5454310e-03   8.4995021e-01   1.6083512e-01  -2.1352106e-01  -1.5607802e-01  -2.1850202e-01   2.0025266e-01   2.8102846e-01   1.6876597e-01  -2.0354398e-01   5.5479081e-01  -2.8515694e-01   3.6964843e-02  -1.1844202e-01   1.7607129e-01  -2.0148993e-01   4.1353531e-01   1.7890836e-01  -2.0048925e-01  -2.8471344e-01   2.7447628e-01   2.3395355e-01   1.3281061e-01  -1.5573433e-01   2.4191664e-01   1.2022320e-01   3.5409888e-02   3.9872713e-01  -3.6239047e-01   2.7447765e-01   2.8148160e-01  -1.0636866e-04   2.0803447e-02   1.8900907e-01   1.7626370e-01  -1.7881471e-01  -2.2539082e-01   2.2089249e-01   1.7196965e-01   3.7328539e-01   1.6361312e-01   4.2297167e-01   5.0072262e-01   2.4876343e-01  -3.2188370e-01   6.4640996e-01   6.3308034e-01  -3.3954809e-01  -5.7528833e-02   1.4626950e-01   1.9512725e-01  -2.5423492e-01  -2.0903322e-01   1.3954712e-01   5.3633069e-01   1.8885164e-01  -2.5027363e-01  -2.2372830e-03   5.8685331e-01
  -2.0795039e-01   5.3639024e-01   6.8056992e-02  -2.1896761e-01   0.0000000e+00  -1.8981978e-01   1.8449402e-01  -7.7739821e-02   2.1526840e-01   1.3176239e-01  -3.3011572e-01   2.7816862e-01   1.3479390e-01  -3.9084954e-01  -2.8488062e-01   1.5471545e-02   3.3294274e-01  -2.2733615e-01   6.6155378e-02   6.0051934e-01   2.9698111e-01  -4.1352587e-01   1.2837415e-01  -3.1861248e-01   2.5972880e-02  -1.3645242e-01   3.0108282e-01  -2.3935903e-01   5.7559539e-02  -8.6244628e-02  -1.3209737e-01  -2.0669148e-01   1.2132104e-01   3.8153649e-01  -4.1243411e-01   3.5249527e-01   3.6409242e-01  -2.2217527e-01   7.4496995e-02   4.3763810e-01  -1.7156013e-02  -6.6484557e-02  -1.3887465e-01  -2.6124884e-01   8.1554875e-02  -1.7755540e-01  -3.3083884e-01   3.6358225e-01   5.1447487e-01   4.2990849e-01  -4.8192825e-01  -1.1399467e-01   5.1986180e-01   8.6335350e-03   5.2016204e-02  -3.3328826e-01  -4.1371439e-01  -2.2501202e-01  -3.7897164e-01  -2.6178390e-01  -2.2479412e-01   3.2512995e-01  -3.3613361e-03   2.5406253e-01   5.5431722e-01   3.2732099e-01  -1.0986356e-01   3.9202406e-02  -3.8976875e-01  -5.3469745e-01   5.5460203e-01  -4.6016087e-01   2.5870468e-02  -4.5121691e-01   2.3186659e-01   2.1196727e-02  -2.2065795e-01  -2.0094733e-02   4.8826240e-01   6.4930681e-03  -2.5915960e-01   7.7159752e-02   4.9406413e-01  -3.0207214e-01  -2.7066068e-01  -6.6547673e-02  -1.9776958e-01  -2.8060462e-01   8.8982346e-02  -2.5825524e-01   5.0877107e-01  -1.7558528e-01   1.4761070e-01  -4.2540883e-01  -1.9313357e-01   5.7844674e-01   3.1038165e-02   1.2587167e-01   1.1520421e-01   4.3088133e-01  -2.6139202e-01  -2.3558477e-01  -3.9154349e-01  -2.1467059e-01  -5.2117677e-01  -6.5551275e-02  -1.1288006e-03  -1.2580055e-01   1.7977573e-01  -4.0763098e-01   2.7309490e-01  -4.9771991e-01  -2.4463706e-01  -3.5762864e-01  -2.3897526e-01   6.4172531e-01  -3.0789920e-01   1.8564461e-01  -3.4266869e-01  -3.1232580e-01  -3.4549890e-01   5.1292188e-01  -1.8296451e-02   4.1344442e-01  -2.6311260e-01  -5.1698811e-01   2.3158214e-01   4.4718656e-01  -1.4845098e-01  -1.0504312e-01   2.6211102e-01   4.9135523e-01  -4.0706809e-01   9.6376023e-02  -9.0712383e-02  -1.5549745e-01   1.9849388e-01   4.3520591e-02  -1.7945612e-01  -1.9605864e-01  -9.3306748e-02   1.8275845e-01  -4.2237265e-01  -5.0447223e-01  -1.1891791e-01  -2.2170354e-01   3.3178140e-01  -5.1195715e-02  -4.0773096e-01   2.5804125e-01  -3.7909503e-01  -2.4621217e-01  -2.7454146e-01   2.0914148e-01   1.5230526e-01  -1.9174606e-01  -4.5201420e-01  -2.3247051e-01  -1.4122776e-01  -3.8059052e-01   4.8193398e-02  -2.6891531e-01   3.5018410e-01  -5.0738894e-01  -1.4066717e-01   5.2513854e-01   3.3237964e-01  -3.9809707e-01  -3.3559806e-01   5.2732149e-01   5.2607673e-01  -3.4345652e-01  -3.5920503e-01  -3.4008676e-01  -2.5883995e-01   1.0667789e-01  -8.3417543e-02
   3.6545632e-01  -5.6446662e-02   4.1883914e-01   1.3297172e-01  -1.8981978e-01   0.0000000e+00  -2.7498657e-03   1.7875251e-01   2.1535279e-01  -3.6606023e-02  -2.3523285e-01   2.9276673e-01  -5.7235768e-02   3.5770762e-02  -3.0093207e-01   1.0232825e-01   8.6608425e-02  -1.1361392e-01   5.9088564e-01   1.7196018e-01  -3.7777014e-01   1.6301448e-01  -2.9721982e-01   1.0616756e-01   1.7729891e-01   2.7428476e-01   3.8137043e-01  -2.1526836e-01   1.3192727e-01   4.2062031e-02  -4.8125361e-01   5.8796052e-01   1.8596388e-02  -1.2342701e-01   1.0857388e-01  -6.3832052e-02  -4.1447871e-01   1.5780260e-02  -1.1526413e-01  -7.3080090e-02  -1.1686401e-01  -7.8966172e-02   3.4178966e-01   2.3921047e-01  -1.5093221e-01  -2.2093502e-02   1.9670052e-01  -3.0631111e-01  -4.0176919e-01   7.0920796e-02   8.6567715e-02   1.9962079e-01  -4.0839942e-01   3.0539657e-01  -1.4189382e-01   2.1485258e-01   5.2526632e-01   1.4489911e-01   2.5895891e-01   4.4390830e-01  -1.0036193e-01   7.3390712e-02   2.3716012e-01  -3.3224616e-01  -4.8002597e-01   1.2479096e-02   8.4967442e-01   5.0143286e-02   3.8825428e-01   2.0082687e-01  -3.3054098e-01   2.1070703e-02  -1.6369113e-01   5.0872460e-01   1.7084152e-01   3.7877900e-01  -1.6402197e-01   3.1207154e-01   1.8988795e-01   1.8181337e-01  -2.2268832e-01  -1.9464871e-02  -3.9575319e-01   1.9221105e-01   1.4429053e-01   2.8417042e-01  -1.8880733e-01   9.8366866e-02   2.4123466e-01   7.7489560e-02   7.8959324e-02   3.4576079e-02   3.7974104e-01   2.9034309e-01   8.3891823e-03   1.4233206e-01   7.4068387e-02   5.6109303e-01  -1.5771803e-01  -2.7802068e-01  -4.0666222e-01   1.9484513e-01  -4.2286834e-02   2.9938046e-01   1.0595810e-01   5.2258801e-01   2.9189116e-01   5.8810932e-01  -2.7912861e-01   6.0847382e-03  -1.6977376e-02   1.4020582e-01   2.3296778e-01   3.0389338e-01  -2.1104275e-01  -1.8126060e-01   1.3706877e-01   2.1223199e-02  -1.5500240e-01   9.6903670e-02  -1.1978073e-01   2.5827851e-01   3.8546864e-01  -2.5578161e-01   2.2610666e-02   3.6916132e-01   9.1672341e-03   6.3044688e-02   4.6760006e-01   5.4412681e-03  -8.1879682e-02  -1.6780181e-01   4.5319358e-01  -3.6816596e-01   1.1979925e-01   5.3890187e-01   9.0171298e-02  -5.3719511e-01   4.1344126e-01   4.9553500e-01   4.0770132e-01  -1.3591861e-01  -1.3091814e-01   2.6217141e-01  -1.2322412e-01  -1.2276873e-02  -6.5647934e-02   1.2632887e-01   2.0150180e-01  -3.7533720e-01   9.6195769e-02  -2.6048169e-01  -1.2998016e-01  -3.9916715e-01   4.1308814e-01   2.2098592e-01   9.9324856e-02   5.9597560e-02   5.0140087e-02   6.9620786e-02   1.3676719e-01   1.1549261e-01  -4.5024563e-01   1.3403459e-01   4.6390977e-01  -1.0011552e-01  -9.5027662e-02  -1.6112865e-03   1.5182186e-01  -3.0081708e-01   1.3949397e-01  -6.4429700e-02   1.5920085e-02   5.0586284e-01   2.6250607e-01  -1.0039702e-01   3.8478462e-01
  -1.2190416e-01   2.4225908e-01   3.2026888e-01  -1.5839022e-01   1.8449402e-01  -2.7498657e-03   0.0000000e+00  -3.8630311e-01   1.3953130e-01   7.4627981e-01  -1.0747798e-01   3.8449636e-01   3.2108475e-02  -2.5119164e-01   9.6533049e-02   2.8435241e-02   2.4175299e-02  -2.0148795e-01  -1.3925381e-01   4.1452253e-01   3.2281523e-01  -2.8525220e-01   6.2404371e-01  -2.4342000e-01  -1.7024418e-01  -4.1759897e-01   2.7025493e-01  -5.8032144e-02   1.8488416e-01   6.6103276e-03   9.0499705e-02  -2.4324411e-01  -1.1205393e-01   7.2786250e-01   2.9697534e-02   2.2184646e-01   4.1095261e-01  -2.3797815e-01   2.3819960e-02   4.5629039e-01  -7.0097012e-02  -2.1169414e-01   1.1393258e-01  -3.5514242e-01   1.2550520e-01  -7.5559546e-02  -2.7646602e-01   5.0742764e-01  -2.8476989e-02  -2.3041230e-02  -5.6357586e-02  -4.0871920e-01   3.5277574e-01  -1.2140998e-01   1.1447266e-01  -6.1797921e-02  -5.1520220e-01  -2.5608657e-01  -2.0688169e-01  -5.8365701e-03  -2.3319077e-01   1.1296158e-01   5.0726945e-02   1.7475751e-01   1.6856107e-01   5.5718090e-01  -1.7899506e-01  -1.2159000e-01  -3.1595758e-01   2.8763111e-02   3.6193110e-01  -2.4286975e-01  -5.3878582e-03  -3.2894451e-01  -8.8325382e-03  -2.5421134e-01  -1.6129326e-01  -2.4054652e-01   9.3526853e-02  -2.7282025e-01   5.3813401e-01   8.9697578e-03   3.2860407e-01  -3.5693265e-01  -3.0327390e-01  -3.1151199e-01   9.5675171e-02  -1.1508130e-01  -5.0642050e-02  -1.5543233e-01  -1.9916010e-01  -2.7861254e-01   4.7440749e-01  -6.0776149e-03  -1.4929011e-01   4.7256617e-02  -1.4258640e-01  -6.6555252e-02  -1.8546891e-01   6.2116940e-01  -3.1451355e-03   7.2723977e-02  -3.2064909e-01   6.4547930e-02  -5.1624695e-02  -2.3326009e-01  -3.2254003e-01  -2.8476186e-01   2.4111553e-01  -2.2737595e-01   6.4176933e-01  -1.6019413e-01  -3.1411803e-01  -2.1819887e-01   1.0796956e-01   2.7106607e-01  -1.9825980e-01   5.8751424e-03  -6.1439401e-02  -2.9854505e-01  -1.4348339e-01  -8.2734873e-02   2.1293179e-01   2.1196865e-01  -1.9044392e-01  -4.6370259e-01   2.1838826e-01   2.7975566e-02  -1.9717430e-01   2.2891034e-01  -4.4596850e-03   2.3301224e-01  -2.1543701e-01   1.7928441e-01  -1.0472530e-01  -3.6622647e-01  -1.9005683e-01   3.3833980e-01  -3.3164411e-01  -1.6040968e-01   1.2918506e-01   1.4806497e-01  -1.8112251e-01  -5.8873331e-03   3.3202297e-01  -2.4630963e-01   6.1903011e-01  -2.0585379e-01   1.9539529e-01   1.2550376e-01   3.0478212e-02   5.2144880e-02  -3.6400584e-01   1.2658386e-01   1.4456468e-02   2.0195419e-02  -1.5021768e-01  -1.0241578e-01  -3.3849062e-01  -1.4174827e-01  -6.4513886e-03  -1.5725973e-01   4.4943665e-01  -2.8983352e-01  -1.7274961e-01   4.8968834e-01   5.4343410e-01  -3.2953239e-01  -1.9354242e-01   1.2009609e-01   1.7618543e-01  -1.5245850e-01  -1.5852594e-01  -4.0095861e-01   5.9997252e-02  -1.0906842e-01  -1.9949268e-01
   1.4075047e-01  -2.1803800e-01  -3.4467453e-01   2.3253875e-01  -7.7739821e-02   1.7875251e-01  -3.8630311e-01   0.0000000e+00   1.5166053e-02  -1.3793040e-01   2.0587499e-01  -4.1925206e-01   2.6393463e-02   2.4513780e-01  -2.1157915e-01  -2.2931624e-01  -3.4846652e-01   8.3254146e-02   1.8609204e-01  -2.0278351e-01  -1.2778611e-01   4.2443594e-01  -1.6930086e-01   1.3633425e-01   1.0110545e-01   5.6439172e-01   1.0374248e-01   2.5148786e-01   6.1910559e-02   9.8822185e-03  -3.9146650e-02   4.5417300e-01  -5.9175762e-02  -4.2995764e-01  -2.4010617e-01   3.3909509e-02  -2.0859081e-01  -3.8180636e-02  -2.2877989e-01  -3.7789101e-01   1.0235045e-01  -2.1771539e-01  -1.7826738e-01   7.7095784e-01  -1.1039758e-01  -1.7420860e-03   2.6699345e-01  -2.0054953e-01  -1.8304373e-01  -3.7744221e-01   1.5082726e-01   8.9381286e-01  -2.5262133e-01  -1.6037059e-01  -2.3854821e-01   2.7231529e-01   4.6379391e-01   5.5070342e-01   3.6889630e-01  -2.7797628e-01   1.0777649e-02  -4.3775903e-01  -1.5612524e-02   9.9099305e-02  -1.6892069e-01  -1.8916408e-01   2.3312435e-01   3.7890205e-02   6.0483042e-01  -4.0103757e-02  -2.9518332e-01   1.4670795e-01  -2.2551675e-01  -1.0522364e-01  -2.3195906e-01   4.6310815e-01  -5.5574166e-02   6.3128419e-01  -2.7969433e-01   5.9412606e-02  -1.9418561e-02  -2.7440992e-01  -1.6877708e-01   6.7827651e-01  -7.0017564e-02   6.0068069e-01  -6.2813170e-02  -5.6485835e-02  -8.8955533e-02  -1.0175079e-01  -1.6077315e-01  -9.0387339e-02  -2.0073695e-01   2.5287597e-02  -1.6739879e-01  -1.6462994e-01  -1.3190080e-01   3.7477217e-01  -6.2844538e-02  -3.1682258e-01  -3.1598576e-02  -2.3899867e-01   5.8769735e-01  -4.8577729e-02   2.1382800e-01   6.1203825e-01  -5.6028439e-02   7.2616046e-01  -1.5844460e-01   4.6694417e-02  -2.9104053e-01   2.0334460e-01   3.2034908e-01   7.7365038e-02  -1.0221988e-01  -1.6565899e-01   5.3359636e-01   1.0868650e-02  -1.1993113e-01   2.4630413e-01  -1.1678344e-02  -1.4479990e-01  -2.3824596e-01  -1.0261005e-01   5.1368857e-02   7.7014204e-02  -1.9792081e-01  -2.0136026e-01   5.1402475e-01  -3.9774285e-01  -2.2963321e-01  -1.8282909e-01   2.5318715e-01  -1.3620028e-01   2.2715597e-01   7.2487174e-01  -5.9602298e-02  -2.3830032e-01   7.1678571e-01   2.7987083e-01   8.0584651e-02   2.3167546e-02   3.5083727e-01  -1.3922310e-01  -2.2570335e-01   4.0160802e-01  -4.3415315e-01   2.7354493e-01   6.3086566e-02   1.2416018e-02  -2.2288714e-01   2.9305686e-01   4.8071653e-02   2.5813187e-02  -2.4122219e-01   5.2435835e-02   6.1788212e-03   1.2601270e-02   1.1276779e-01   6.4080273e-01  -3.2052829e-02   5.3876791e-01   6.3030589e-02   4.3506272e-01   3.5783380e-01  -3.5416000e-01  -3.0974700e-01   3.3029334e-01   8.3227620e-02  -1.4053198e-01  -2.3877296e-01  -6.7946078e-02   1.8319308e-01   1.0258584e-01  -6.5136372e-02  -9.2611650e-02   4.5422604e-01
  -1.2914267e-01   5.7327326e-01   1.7120377e-01  -1.0703362e-01   2.1526840e-01   2.1535279e-01   1.3953130e-01   1.5166053e-02   0.0000000e+00   1.7347412e-01  -3.4347984e-01   4.6204885e-01  -9.7448708e-02  -2.6400653e-01  -4.2825036e-01   1.2654786e-02   1.5929910e-01  -3.5561106e-01   3.5289705e-01   6.8754303e-02  -1.5916394e-01  -2.8780865e-01  -2.2331041e-01  -2.6274860e-01   2.9313037e-01   3.4293292e-02   1.5658494e-01  -4.4973425e-01   1.8118529e-01   4.0513705e-01  -2.7421694e-01   1.4553195e-01  -1.1955329e-01   4.0103420e-01  -1.3008734e-01  -1.1092956e-01  -7.9006870e-03  -2.9018982e-01   5.4158251e-03   9.3231394e-02  -8.6733998e-02  -3.7235188e-01   4.9403701e-01   1.1862651e-02  -4.2044576e-01  -4.0268018e-01  -3.0651666e-01   3.1004737e-01  -9.5831667e-02   1.8303337e-01  -3.6844335e-01  -8.9214418e-03   4.1416249e-01  -6.8677752e-02  -6.8496647e-02  -1.3432129e-01  -9.9018896e-02  -8.3535260e-02  -1.2771330e-01   2.7201529e-01  -4.0714030e-01  -5.6674252e-04   6.1459510e-01   4.5925062e-01   4.6551326e-02   3.8463924e-01   1.0612853e-01   3.2677536e-02  -2.8371823e-01  -4.4983077e-01   2.7149547e-01  -4.6050253e-01  -2.0558212e-02  -2.0380029e-01   1.3459131e-01   3.1736460e-01  -3.9254867e-01  -7.7772457e-02   5.4634030e-01  -4.0862031e-02  -2.6614039e-01   7.4395128e-02   3.2178977e-01  -1.6376075e-01  -3.0338650e-01   2.8998929e-01   8.5957373e-02  -3.9112323e-01   6.0110257e-01  -3.8304080e-01   4.3765698e-01  -3.1016206e-01   2.3963392e-01   1.6754908e-01  -3.5072637e-01   2.6265490e-01  -2.7455754e-01   3.2651767e-01  -1.6088743e-01   2.3819344e-01  -4.0681308e-01   1.2291274e-02  -2.7159836e-01   4.7159274e-01  -3.6200402e-01   1.8132488e-01  -1.0800211e-01   9.5332922e-02  -1.8560736e-01  -3.8542407e-01   2.8840526e-01  -3.8947916e-01  -2.2201299e-01  -3.1447616e-01  -4.0765507e-01   3.6264109e-01  -2.6226888e-01   3.4849751e-02  -2.6462619e-01  -1.7444327e-01  -3.8154349e-01   3.8059775e-01   4.3493024e-01   6.4586084e-01  -4.1673405e-01  -1.1148129e-01  -9.9566885e-02   5.2372360e-02   1.4650289e-01   4.0632769e-02  -1.2914196e-01   4.2261529e-01  -2.4587787e-01   2.2746127e-01   2.7834288e-01   1.2663909e-01   7.1844945e-02  -2.9997683e-03   3.9824456e-02   9.2132227e-03   5.0719432e-02  -1.2016224e-01  -3.6258062e-01  -1.3717225e-01  -2.1474909e-01  -7.8629143e-02   2.2057160e-01   1.4507588e-01  -2.3403423e-01   1.9954204e-01  -3.1342642e-01  -2.0837525e-01  -3.9733300e-01   2.1141694e-01   5.4344671e-01  -1.4170875e-01  -3.8632865e-01  -1.5281466e-01  -2.7920187e-01  -2.8948659e-01   3.7987576e-02  -1.1194945e-01   1.7318788e-01  -3.6919195e-01  -1.8065301e-02   3.3590538e-01   2.5462467e-01  -3.8663401e-01  -3.9619079e-01   1.7412876e-01   3.7861627e-01  -3.3470615e-01  -3.5829778e-01  -6.1015754e-02  -6.0253882e-02  -1.7985218e-01   4.4356532e-02
  -1.6621253e-01   2.0234274e-01   2.6496661e-01  -2.1419527e-01   1.3176239e-01  -3.6606023e-02   7.4627981e-01  -1.3793040e-01   1.7347412e-01   0.0000000e+00  -1.4681656e-02   1.8859892e-01   3.0876021e-01  -1.5202937e-01  -8.4910982e-02  -1.6049689e-01   6.2130048e-02  -2.1333102e-01  -2.1281131e-01   2.8304553e-01   2.5140578e-01  -2.0936147e-01   4.8795126e-01  -1.9446070e-01  -1.6725206e-01  -3.9938963e-01   5.4471759e-02   1.5630637e-02   7.3693988e-02  -2.2713083e-02   1.2259356e-01  -2.8420533e-01  -1.6682988e-01   5.3466075e-01  -7.9035705e-02   2.2242148e-01   2.9447443e-01  -2.3398275e-01  -1.3172610e-01   3.7455769e-01   3.2265414e-02  -1.1459516e-01   5.8625251e-02  -1.4840481e-01  -2.3481426e-02  -7.6928178e-02  -2.7322890e-01   3.5386223e-01  -6.2058606e-02  -6.6084572e-03  -6.1121405e-02  -1.9619717e-01   3.3829206e-01  -2.3936875e-01   2.4747394e-02   9.9250963e-02  -4.4965026e-01  -2.0173736e-01  -2.6907622e-01  -1.2505701e-01  -2.1805992e-01  -1.3969349e-02   1.4289547e-01   1.9982992e-01  -2.4897412e-02   5.9544394e-01  -2.0953080e-01  -1.3665923e-01  -2.8925233e-01   8.3241099e-02   3.5980502e-01  -2.4104650e-01  -2.2519140e-02  -2.5955949e-01  -1.4988480e-01  -2.0879922e-01  -1.3703395e-01  -1.1666260e-01  -1.6549100e-02  -2.5650513e-01   3.8844097e-01  -2.8399838e-02   4.3096601e-01  -2.7270382e-01  -1.5305029e-01  -2.1656726e-01   8.7064655e-02  -2.6962138e-01   6.1698868e-02  -2.3750836e-01  -2.7726214e-01  -2.3194840e-01   5.5227598e-01  -6.4751128e-02  -1.7027537e-01   1.2385606e-01  -1.5799274e-01  -8.3256711e-02  -2.2084667e-01   4.0515010e-01   5.4961620e-02   6.0189390e-02  -1.4612634e-01   8.4165474e-02  -1.5964483e-01  -1.9970344e-01  -3.3468253e-01  -2.2321976e-01   1.4463080e-01  -7.5976833e-02   6.5625789e-01  -1.6901123e-01  -1.7112973e-01  -2.3178288e-01   5.7882515e-02   1.7165115e-01  -8.9950959e-02   8.9070637e-02   8.4454290e-02  -2.7990316e-01  -1.9092351e-01  -1.0870801e-01   2.3096383e-01   1.4785925e-01  -2.3020822e-01  -4.4355494e-01  -5.1948567e-02  -3.4944991e-02  -1.1896672e-01   3.1826448e-01  -4.6571917e-02   2.4728615e-01  -1.7945257e-01   2.1400752e-01   4.3179424e-02  -3.0750104e-01  -2.6867764e-01   3.1138764e-01  -2.7358041e-01  -1.2710478e-01   2.7779428e-02   3.0845884e-01  -8.7801190e-02   1.4582550e-01   5.6204914e-02  -2.5814994e-01   4.9089792e-01  -1.1624434e-01   2.4501697e-01   7.0750353e-02   5.7121925e-02   1.1622446e-01  -3.7962611e-01   2.3897022e-01   4.3253548e-02  -6.0285559e-02  -2.2027274e-01  -1.3045302e-01  -3.4263702e-01  -7.5990120e-02   3.4525923e-02  -2.0769287e-02   5.3678358e-01  -2.9726646e-01  -1.9149663e-01   2.6223920e-01   3.3568018e-01  -1.4847991e-01  -2.8514797e-01   2.5785181e-01   2.0951681e-02  -9.2158436e-02  -1.0160171e-01  -3.0797348e-01   7.3675072e-02  -9.4025303e-02  -1.4878200e-01
  -2.3771692e-01  -5.6665898e-01  -2.9343149e-01   1.8763779e-01  -3.3011572e-01  -2.3523285e-01  -1.0747798e-01   2.0587499e-01  -3.4347984e-01  -1.4681656e-02   0.0000000e+00  -6.0588150e-01   1.7507629e-01   7.1048686e-02   4.7611454e-01   1.0699235e-01  -3.8029997e-01   7.6052537e-01  -2.2786602e-01  -2.5026578e-01   4.9649851e-02   3.0838508e-01   2.5547748e-01  -4.4081535e-02  -2.0520799e-01   2.0331069e-01  -3.9599043e-01   5.1495883e-01  -1.1065024e-02   1.1870251e-01   5.4394740e-01  -9.3625658e-02  -5.2317247e-02  -2.3341575e-01   8.2598721e-02   3.9348453e-01  -4.9088479e-02   3.1897649e-01   1.4360563e-01  -5.3946300e-01   5.4644725e-01   1.0507040e-01  -3.0092477e-01   4.7336371e-01   4.3345485e-01   4.8027034e-01   5.8080268e-01  -1.2914726e-01   1.6852776e-01  -5.4435367e-01   7.3040142e-01   1.7072775e-01  -1.5370845e-01  -2.7541093e-01  -1.5484136e-01   5.6994824e-01   3.3446106e-01   4.6330606e-02   4.6724047e-01  -2.5759381e-01   5.0971669e-01  -1.4694888e-03  -1.6676764e-01   2.1745678e-01  -1.1318758e-01  -1.4059110e-01  -3.0339871e-01  -2.9009193e-02   3.7983639e-01   5.2443831e-01  -4.1236714e-01   4.4048501e-01   4.3997504e-01  -3.1555416e-02  -3.3758915e-01  -3.5740631e-01   4.8593136e-01   1.6650028e-01  -5.2964482e-01   1.1311941e-02   4.7925852e-01   2.3948746e-01  -1.1747715e-01   3.6183581e-01   2.0016892e-01  -1.9069783e-01   1.6147327e-01  -3.1398339e-02  -3.3784414e-01   6.8782235e-02  -4.9335943e-01   3.2299242e-01  -1.4745454e-01   1.0503392e-01   3.2825760e-01  -4.4230255e-01  -4.8577242e-02  -2.0370006e-01   2.4437759e-01  -2.5823156e-01   4.4021036e-01   3.1962443e-01   5.2954339e-01   5.8156355e-02   3.9001480e-01  -1.6297675e-01  -2.3122697e-01   4.0146713e-02  -1.7285648e-01   5.1737150e-01  -1.9606686e-01   5.1419165e-01   3.3977558e-02   7.1264834e-02   2.5558214e-01  -6.2940781e-01   5.2272558e-01   3.0437021e-01   5.4003099e-01   2.6198073e-01   4.3790768e-01  -5.5196384e-01  -3.7790664e-01  -1.2854027e-01   4.5862778e-01   1.7818970e-04   4.1713662e-02  -4.4702820e-01  -1.7959349e-01   7.5864749e-02   2.5324989e-01   1.1204587e-01  -9.7296449e-03   2.5736054e-01  -1.8366152e-01  -1.2760537e-01  -3.4262803e-01   2.8739031e-01  -6.0588068e-02  -1.9001652e-01  -2.5583576e-01   1.1642368e-01   7.9978495e-01   4.8525666e-01   2.6094772e-01   4.6127390e-01  -3.5503669e-01   2.6562789e-01   4.3212035e-01   1.9179976e-01   2.8467787e-01   5.0298376e-01   4.3592652e-01   3.8342304e-01  -4.6476671e-01  -6.8702706e-02   3.8683095e-01   5.3091240e-01   2.6535506e-01   4.8614725e-01  -2.9641659e-02   5.6286207e-01   1.8144955e-01   4.9797804e-01  -3.2941707e-02  -5.9126449e-01   5.7149159e-02   4.9809502e-01   3.7044013e-01  -3.3896193e-01  -7.1355503e-01   3.6270881e-01   6.0116559e-01   2.4417693e-01  -1.3100232e-02  -4.8075118e-02  -1.5651442e-01
  -1.2775152e-02   6.8601179e-01   4.4261893e-01  -2.2772803e-01   2.7816862e-01   2.9276673e-01   3.8449636e-01  -4.1925206e-01   4.6204885e-01   1.8859892e-01  -6.0588150e-01   0.0000000e+00  -2.7365561e-01  -2.0179695e-01  -2.6119938e-01   1.7371672e-01   2.3437301e-01  -4.7926711e-01   1.2547764e-01   4.0866662e-01  -3.7164809e-02  -2.6682086e-01  -1.1272552e-01  -2.5986536e-01   1.2309588e-01  -1.5067718e-01   2.0313501e-01  -2.9375905e-01   6.1702705e-02   3.2606811e-01  -3.7624116e-01  -5.1105426e-02  -7.8772816e-02   6.2037921e-01   2.7144592e-01  -3.4120289e-01   1.5151169e-01  -3.2243580e-01   5.0218848e-02   4.1995326e-01  -2.5116927e-01  -2.7820792e-01   6.9057640e-01  -4.5643773e-01  -2.9322390e-01  -4.5493646e-01  -3.5703316e-01   3.7041181e-01  -1.0301317e-01   3.9229518e-01  -5.0396103e-01  -3.5643285e-01   3.7395513e-01   7.5455914e-02   9.2497798e-02  -1.6130297e-01  -2.5023266e-01  -3.0731503e-01  -2.0356470e-01   6.5800233e-01  -5.2189018e-01   2.6062172e-01   2.1971494e-01  -1.8133595e-01   1.6293804e-01   4.9173768e-01   1.7357246e-01  -7.5588936e-02  -3.0321153e-01  -2.9765110e-01   3.9262527e-01  -5.4199845e-01  -6.9827444e-02   2.1651074e-01   2.4026530e-01  -2.1701505e-02  -4.9334404e-01  -1.3713230e-01   6.8786330e-01  -2.7024327e-02  -1.4075584e-01   1.3728744e-01   2.2266736e-01  -3.2755963e-01  -1.3954860e-01  -2.6174558e-02   4.6115477e-02  -1.3160044e-01   3.6969863e-01  -1.6373128e-01   5.2233766e-01  -4.1703491e-01   5.3600495e-01   1.7044706e-01  -3.2746665e-01   4.6186681e-01  -7.1701516e-02   4.7971115e-02  -2.1078427e-01   4.9046254e-01  -3.3665574e-01   3.1062126e-01  -4.8477377e-01   3.2467755e-01  -4.3749227e-01  -8.5486347e-02  -6.6620836e-02  -1.3039934e-01  -1.5246239e-02  -2.6920300e-01   4.3220750e-01  -1.9222334e-01  -2.5196871e-01  -2.7221053e-01  -1.8494547e-01   4.7555213e-01  -2.9813944e-01  -5.7845505e-02  -1.2806316e-01  -2.8677838e-01  -5.0260905e-01   6.5833218e-01   5.6111412e-01   2.5253024e-01  -4.4356662e-01   1.4331529e-01   3.2033168e-01   1.9356349e-01  -1.3078613e-01   2.1793603e-01   1.4535836e-02   3.0242354e-01  -1.4123683e-01  -6.7420171e-02   2.9987692e-03  -1.4208133e-01   1.3060039e-01  -1.3210964e-02  -2.2095911e-01  -9.1476486e-02   1.0205464e-01  -2.7337557e-01  -5.3116952e-01   1.4568669e-03   1.6362487e-01  -3.5512675e-01   5.0462334e-01  -1.8196350e-01  -1.2834297e-01  -2.7188295e-02  -5.6122821e-02  -3.9261529e-01  -4.9773321e-01  -1.5066975e-01   7.0838741e-01  -9.3838814e-02  -4.1729678e-01  -1.6452879e-01  -5.1403576e-01  -5.0282633e-01   3.2210274e-02  -5.7412359e-01  -5.8571958e-02  -5.0506420e-01   1.2022336e-02   7.2442998e-01   4.2241375e-01  -4.2336880e-01  -3.8377207e-01   2.7257531e-01   7.6352316e-01  -4.5252882e-01  -5.6796536e-01   1.2316270e-01   6.3533693e-02  -1.0572073e-01  -8.5810660e-02
   1.6176702e-02  -3.6228934e-02   9.8509534e-02  -4.1372419e-02   1.3479390e-01  -5.7235768e-02   3.2108475e-02   2.6393463e-02  -9.7448708e-02   3.0876021e-01   1.7507629e-01  -2.7365561e-01   0.0000000e+00  -4.1776648e-02  -9.3591102e-02  -2.6101314e-01   2.3260225e-01   2.2271374e-02  -2.7876110e-02   1.1210290e-01   1.1715643e-01  -5.6817391e-02   1.6731757e-01   2.7675745e-02  -2.4479000e-01  -1.7624039e-01  -8.1304880e-02   8.6509957e-02  -1.6748026e-01  -1.6337340e-01   8.9734232e-02  -7.9654468e-02  -2.4478020e-01  -1.1154371e-01  -1.3670351e-01   2.7316741e-01   1.3421510e-02   5.1867208e-02  -2.2636056e-01   1.5737314e-01   5.4159505e-01   1.1969790e-01  -2.2336396e-01   6.9419032e-02   7.8591238e-02   2.6459122e-01   9.4445054e-02  -1.0309827e-01   6.6091666e-02   3.1195168e-02   1.8017862e-01   1.2672174e-02   1.4231281e-02  -1.6599474e-01  -7.2591181e-02   4.4156467e-02  -5.1230079e-03  -1.2768994e-02  -1.0755173e-01  -2.7192681e-01   2.0196668e-01   3.0761066e-02  -1.0486415e-01   1.3658590e-01  -1.0624837e-01   7.8020632e-02  -1.0785586e-01  -2.6013136e-01   2.1751754e-02   1.6960405e-01   1.0127415e-01   6.9387849e-02   2.8638197e-01  -1.5830279e-01  -2.1585289e-01  -4.8752569e-02   1.9082547e-01  -4.9196024e-02  -1.9895544e-01   2.3488340e-01   1.1369417e-02   1.8024474e-01   9.5495926e-02  -6.6394144e-02   1.6819013e-01  -4.2537981e-02  -5.8571331e-02  -1.1942863e-01  -7.7971077e-02  -8.5933421e-02  -2.5036746e-01   1.7331483e-01   7.8824741e-03  -1.3781753e-01   9.9765954e-02   5.6935355e-02   3.6686172e-01   2.2028599e-02  -6.5047891e-02  -1.7532386e-01   6.4185821e-02  -1.5658526e-01   2.4831888e-02  -9.0597820e-02  -3.8371571e-03  -2.7875861e-03  -4.8909448e-02  -6.5903641e-03  -4.7824525e-03   4.5542411e-02   2.8740688e-02  -1.3608704e-01  -7.1109619e-02   1.5725551e-01  -3.3729694e-02   1.4332936e-02   2.6763442e-02   5.7087992e-01   7.4617312e-02  -2.5747052e-03   6.1128671e-02  -5.6494240e-02  -8.7457920e-02  -9.9544226e-02   1.4688955e-01  -2.0620739e-01  -2.2957483e-01  -2.7014268e-02  -3.6249124e-02   2.0697385e-01   2.7788362e-01  -2.7644873e-03   6.4884829e-02   5.4128133e-03   1.4128348e-02  -5.8165276e-02  -1.8899544e-01   5.9903896e-02  -7.6837234e-02   1.2916262e-01  -6.2072345e-02   7.0966625e-01   9.1918194e-02   4.5068123e-02  -2.1308085e-01  -1.1490282e-01  -1.1439733e-02   1.3700991e-02   8.0409038e-02  -1.7190521e-02  -4.4942648e-02   4.0986470e-02   3.4452661e-03   6.2830159e-02  -9.2218618e-02   1.6493826e-02   1.0896979e-01   2.3858117e-01   1.4479690e-01  -2.9322848e-02  -3.2959471e-02   8.3504917e-02   1.4520718e-01  -6.7280309e-02  -2.6413734e-02  -1.2321284e-01  -1.1868595e-01   1.6957579e-01   4.9949607e-02   6.4410355e-02  -1.4009185e-01   1.3659366e-01   1.9319063e-01  -2.1349162e-02  -7.5205459e-02  -9.9317873e-02  -2.6125844e-02
   1.9008424e-01  -3.0686422e-01  -1.1122819e-01   3.1495741e-01  -3.9084954e-01   3.5770762e-02  -2.5119164e-01   2.4513780e-01  -2.6400653e-01  -1.5202937e-01   7.1048686e-02  -2.0179695e-01  -4.1776648e-02   0.0000000e+00   1.0989363e-01   1.8902003e-02  -2.9781495e-01   3.0017637e-01  -7.0436551e-02  -3.6619280e-01   1.2797142e-01   5.0649008e-01  -1.9167469e-02   1.7737139e-01  -4.9494996e-02   3.2608011e-01  -8.0828002e-02   3.5260016e-01  -7.1237075e-03   1.0726779e-01   2.2508853e-01   2.6708240e-01  -1.3118588e-01  -3.6294576e-01   2.4305814e-01  -2.5274004e-01  -8.6145543e-02  -6.9489096e-02   4.0774104e-02  -7.6322493e-02   7.9024207e-02  -3.3929245e-01  -1.3965436e-01   2.0269467e-01   1.0444027e-01  -1.8812573e-01   2.0144876e-01  -1.7184953e-01  -1.4851872e-01  -3.3125715e-01   3.2660369e-01   3.5337315e-01  -3.1604169e-01  -1.1155153e-01   4.9161039e-01   1.0107880e-01   1.5461959e-01   3.6432300e-01   3.7435702e-01   1.3664659e-01  -1.5288947e-01  -2.1315452e-01  -2.2385704e-01  -2.8417607e-01  -1.2294279e-01  -3.7914883e-01   1.4635100e-01  -4.3557971e-02   2.8851122e-01   2.1916244e-01  -1.6342136e-01   3.1468408e-01   3.5054674e-02   2.4336890e-01  -1.3079142e-01   3.2616168e-02  -1.5858421e-01   1.6156473e-01  -4.5131063e-01   1.4852587e-01   1.6079971e-01   3.7299193e-02  -1.7623507e-01   4.2716951e-01   1.4938125e-01   3.0935842e-01   3.5739441e-01   4.3333447e-01  -2.4700338e-01   8.9495844e-02  -3.5869784e-01  -2.6603470e-01  -2.2247906e-01   1.2252252e-01  -1.8866635e-01  -4.2993966e-01   1.3860762e-01  -9.9837598e-04  -9.8486460e-02  -1.4571162e-01   4.8751452e-01  -9.3836658e-02   5.5117478e-01   1.0959385e-01   3.5701856e-01   1.1759434e-01  -6.7121184e-02   1.6076605e-01   3.4790076e-02   3.5968052e-01  -2.7196745e-01   4.3315887e-01   4.8781103e-01   9.7800238e-02   3.8418316e-01  -3.1658027e-01   2.5606958e-01   2.0244480e-02   1.9213896e-01   3.7678331e-01  -9.3614091e-02  -3.5257286e-01  -1.6999047e-01  -2.3336031e-01  -3.0425038e-02   4.0691531e-01   1.7087452e-01  -1.6299203e-01   2.1768726e-01  -3.3647165e-02  -1.1166995e-01  -3.7938860e-01   3.8914216e-01  -9.6244295e-02   1.3395243e-01   1.6622749e-01  -2.2066580e-01   8.1666033e-02   2.6246362e-01   1.8313927e-01   1.5079826e-01  -1.6188384e-01   1.8811481e-01   2.8914415e-02   1.4479598e-02   2.5591638e-01  -2.3108887e-01   2.0342194e-01   3.9865762e-01   1.3141106e-02   2.7953411e-01   4.3019412e-01  -1.1249990e-01  -2.6862324e-01  -2.0156066e-01   4.3774046e-02   1.2250200e-02   1.7533290e-01  -1.0705246e-01   3.8962985e-01  -1.8785495e-02   5.4171707e-02  -1.5341475e-01   4.1896708e-01   2.8875291e-01  -2.5948924e-01  -3.7773637e-01   4.7801201e-01  -5.7166684e-02  -1.1939935e-01  -2.6230374e-01  -1.8642670e-01   2.0108031e-01   1.3545556e-01   4.7820381e-02  -1.9363377e-01   2.5719257e-01
