   0.0000000e+00  -1.9160632e-01  -3.8061085e-01   2.3345058e-02  -2.4577698e-01  -3.8639129e-01   1.4960276e-02   3.5633764e-01  -9.2877277e-02  -3.1987586e-01   3.9079268e-01  -5.4152475e-01   1.1504616e-01   4.4785788e-01   3.0622032e-01   7.2048086e-02  -1.6548273e-01   1.7622111e-01  -2.4034140e-01  -3.2192330e-01   1.4724706e-01  -2.2578137e-02   3.1319264e-01   7.0367367e-01  -1.7696881e-01   3.2930583e-01  -2.3411999e-01   6.0522653e-01  -2.8219430e-01  -1.8556270e-01   6.0435894e-02   8.7245155e-02   1.7668658e-01  -9.8217284e-02  -1.8135897e-01  -4.9437464e-02  -1.0877799e-01   2.2352451e-01   7.9600020e-03  -4.9283932e-01  -8.6149835e-02   1.6028775e-01  -5.7246865e-01   2.6213999e-01  -9.1994827e-02   3.2370058e-01   2.3562138e-01   1.5808750e-01   1.9978883e-02  -5.2408559e-01   1.4436497e-01   2.5743887e-01  -1.3324110e-01  -6.0156257e-03   6.2229815e-01   2.4245360e-01  -7.9693918e-02  -1.8425412e-01   6.1731327e-02  -6.6672164e-02   3.0147889e-02  -2.0199343e-03  -3.6780068e-01   1.9849165e-01   2.7715602e-01   5.0847267e-02  -4.0438451e-01  -3.0685493e-02   3.0497189e-01  -8.4268965e-02  -3.2228747e-01   1.5023520e-01  -2.0519272e-02   3.1931468e-01  -1.5986340e-01   1.1034433e-02   3.6444463e-02   2.2511014e-01  -2.9131398e-01   1.5235297e-01   3.6455343e-01   1.8027477e-03  -1.3072004e-01   3.8029128e-01   6.3069643e-01   3.6227778e-01   4.9061702e-02   4.6341100e-01  -1.5100529e-01   8.0748159e-01  -2.0924051e-01  -8.8820284e-02  -5.2583394e-01  -2.0377160e-01  -4.5491455e-02  -2.8979597e-01   6.1570264e-02   5.5353465e-02  -3.0073957e-02  -1.5349411e-01  -1.0654436e-01   4.1915717e-01   8.0015403e-02   3.4793705e-02   1.2781414e-01   5.0721087e-03  -3.5526257e-02   2.5228456e-01   2.2379353e-02   1.5394035e-01  -2.6825049e-01   8.1000068e-02  -7.5411642e-02   7.3013591e-01   2.6513720e-01  -1.4337590e-02  -5.4135483e-02  -1.4919555e-01  -1.0231671e-01   1.9907419e-01   3.0255270e-01  -3.9935943e-01  -4.6595360e-01  -3.0311452e-02   1.9616851e-01   3.7843196e-01   2.5518160e-01   2.1414203e-01  -1.8781385e-02   2.2082968e-01   4.1808175e-02   6.5862097e-02   5.7528116e-01   9.9421105e-02  -4.7294258e-01   6.8398509e-02  -1.3026494e-02  -1.2521024e-02   1.4257021e-01   5.6791292e-01   5.1854103e-01   1.8662241e-02   2.0489940e-01  -2.7504730e-01   2.7819052e-01   3.8737784e-01  -6.4811713e-01   1.3395778e-01   1.4786228e-01   2.5289991e-01   4.2642212e-01   2.5130099e-01   3.4214599e-01   7.8856109e-02  -5.3807040e-01   7.1491258e-01   1.1273824e-01  -9.4546065e-02   1.0029514e-02   1.9188627e-01   7.8487807e-03   1.5421435e-01   1.5884210e-01   1.0232815e-01  -1.6082913e-01  -1.9579463e-01   1.1930355e-01   4.9743548e-01   4.0039391e-01  -2.4946942e-01  -1.6354270e-01  -3.1111020e-02   2.4539991e-02  -4.2431524e-01   1.6907442e-01  -3.0360058e-01  -4.0458916e-02
  -1.9160632e-01   0.0000000e+00   2.5894090e-01   2.2200865e-02   4.1768038e-01   1.4073463e-01   2.9694563e-02  -2.4252055e-01   6.5107822e-01   2.3934478e-01  -2.1926149e-01   4.7143967e-01   7.4804777e-04  -3.4739780e-01  -3.9805879e-01  -4.9281567e-02   2.9689544e-01  -7.5995918e-02   1.3826858e-01   4.4345655e-01  -4.0323494e-01   2.4882590e-02  -4.2128584e-01  -3.8433081e-01   8.3395821e-02  -6.9561204e-03   1.6782517e-01  -3.9858517e-01   1.4074572e-01   2.5149896e-01  -3.5512177e-01  -1.2711360e-01  -3.6535079e-02   9.8450898e-03   2.8636222e-01   6.0896717e-02   4.1964622e-02  -8.1062759e-02   1.1880029e-01   3.3606602e-01   2.1149568e-01  -1.9115354e-01   4.9338137e-01  -9.9403522e-02   2.9141282e-01   3.8600967e-02  -2.3487919e-01   3.2810713e-01  -4.8306489e-02   3.1207731e-01  -1.6758367e-01  -1.1319230e-01   6.0621247e-01   1.8813395e-02  -4.0369278e-01  -2.5936020e-01   1.4633779e-01  -8.4715684e-03   1.7942399e-02   2.8601843e-01   7.6724303e-02   1.6686730e-01   6.9142656e-01   2.1241710e-01   1.3837486e-01   1.0407451e-01   1.7964242e-01   5.0210710e-02  -1.0509905e-01   1.3884157e-01   6.4891585e-01  -4.5786249e-02   2.7438664e-02  -5.8881184e-02  -9.4223980e-02  -1.4355721e-01   1.1913875e-02   1.2069358e-01   6.4782789e-01   2.1694445e-02  -4.7452941e-01  -5.6433497e-02   2.2262101e-02  -4.2697616e-01  -1.7638884e-01  -4.2363997e-01   4.7741803e-02  -3.4858866e-01   3.6490695e-01  -2.3091609e-01   5.2860575e-01   9.3515121e-02   2.2808366e-01   4.1312021e-01   8.8444194e-02   3.5800414e-01  -1.4047826e-01   1.2746721e-01   2.7398110e-01   3.2863344e-02  -8.0003943e-02  -1.8097002e-01  -3.1627715e-01   6.6136468e-01   3.4766532e-02   6.5861776e-02   1.9279351e-02   1.0549960e-01  -1.5580164e-01  -2.4450822e-01  -1.8405568e-02  -1.3398077e-01   3.0632224e-02  -1.0225313e-01  -3.4325615e-01   4.2913775e-01   4.6262735e-02   6.6159455e-02  -1.8255231e-01  -2.6892989e-01  -1.3466192e-01   4.2749510e-01   1.5864552e-01   4.7934008e-01  -3.2256036e-02  -2.2559486e-01  -6.7734952e-02   2.4403495e-01   9.5279419e-02  -1.1694062e-03  -3.0771005e-01   2.8425370e-02  -2.1331954e-01  -1.3645498e-01   3.4177989e-01  -2.2555466e-01  -4.4998609e-02   1.2654586e-01  -2.2844795e-01  -2.2077117e-01  -1.8993642e-01   1.1479621e-01  -2.2381876e-01   8.2609850e-03  -6.6850972e-02  -3.2389544e-01   1.8727964e-01   4.2831600e-01  -1.0831199e-01  -3.5382291e-02  -2.1888187e-01  -4.8576623e-01  -2.3395708e-01   1.8583829e-01   3.9713463e-01  -2.9535853e-01  -5.8325681e-02  -2.4861672e-02   1.4984695e-01  -4.6324651e-01   8.2558470e-02  -1.3251454e-01   1.8161420e-01   1.5534390e-01   1.5603602e-01   3.4223773e-01   4.4162363e-02  -3.7353720e-01  -2.0005911e-01   2.4091182e-01   5.0002849e-01  -1.2955960e-01   3.1948340e-01   1.8908917e-01   6.4548223e-02  -4.3651985e-02   1.4788371e-01
  -3.8061085e-01   2.5894090e-01   0.0000000e+00  -1.2698583e-03   3.8183788e-01   6.7249302e-01  -7.8435315e-02  -9.0964346e-02  -1.8881708e-02   4.4984257e-01  -5.7438664e-02   4.7450933e-01   2.7659864e-02  -3.3998552e-01  -4.2587483e-01   2.1654745e-01   8.8418159e-01  -1.4259841e-01   5.2709530e-01   4.8831394e-01  -1.7110629e-01   2.6503143e-02  -3.2723716e-01  -5.0922121e-01   3.4442123e-02   1.5629272e-01   6.3876852e-01  -1.9026403e-01   2.3485396e-01   1.3638458e-01  -7.9983120e-02   2.2518221e-01   2.8044548e-01  -2.4372395e-01  -4.2553078e-01   1.6672306e-01   3.3284432e-02   2.4379595e-02   2.0735488e-01   7.9244964e-01   2.4233822e-01   4.5235115e-01   3.3732192e-01   1.7137054e-02  -2.9512506e-01   3.1512615e-01   2.3436103e-01  -2.9558766e-01  -4.4265830e-03   8.3927460e-01  -7.3940226e-02  -1.2688107e-02  -3.5959618e-03   5.2859848e-01  -2.6321897e-01  -5.9981073e-02   4.8034897e-01   1.0495049e-01   7.2345857e-02   5.7742835e-03   5.8013081e-01  -2.3850490e-01   4.3212942e-01  -1.3612393e-01  -5.0100761e-01  -1.2722305e-01   7.3081637e-01  -1.0395233e-01   1.1350616e-01   7.8372753e-01   4.4042855e-01  -1.8402045e-03  -4.0021644e-02   2.9683290e-01   3.5489827e-01   1.5855155e-01   4.5375358e-01  -1.7997447e-02   4.1253414e-03   1.2713806e-01  -1.7486691e-01  -1.5271152e-01  -1.0154408e-01  -2.2097775e-01   3.2253726e-02  -2.2065295e-01  -2.1010441e-01  -3.0277833e-01   2.5831394e-01  -1.7501537e-01   3.4348042e-01   6.8682901e-01   2.5382931e-01  -2.9488555e-02   2.7223685e-01   3.9239618e-01  -1.1857008e-01   1.5974468e-01   5.9865395e-02  -1.9966653e-01   1.6744381e-01  -2.1761610e-01   2.7453944e-02  -8.8439472e-02   3.1975165e-02   2.5186179e-01   5.6875005e-01   2.4175789e-01   2.1387951e-01  -1.8050433e-01  -1.7370951e-01   2.5651031e-02   9.1168943e-02  -1.2340963e-01  -1.5903886e-01  -2.9609575e-01   4.5767408e-02  -7.2256727e-03   2.5439698e-01  -4.6060953e-02   3.8972428e-02   1.7570777e-01   2.3950971e-01  -6.8147883e-02   3.1797437e-01  -2.8338442e-01  -1.3561305e-01   3.8791514e-01   9.3692755e-02   5.4507768e-01  -2.8060305e-02  -5.3071362e-01  -1.4295119e-01  -2.6787281e-01   4.4451375e-01   8.2195623e-02   3.9410763e-01   2.8856607e-01   6.1698870e-02  -4.5260067e-01  -2.8593848e-01  -6.7449544e-02   1.0946442e-01   6.3208391e-01  -4.8562053e-01  -4.9578158e-01   3.4006685e-01  -2.1173661e-01   6.0522086e-02  -4.6793883e-01   1.9669938e-01  -3.0737438e-01   2.2292407e-01  -3.9767925e-01   8.2333960e-01  -4.7011839e-01   1.5257590e-01   1.1575899e-01   6.3015344e-01  -1.4670878e-01  -5.1126139e-02   1.5995798e-01  -1.4823165e-01   9.7737937e-02   2.2149399e-01  -2.4618328e-01  -3.3382830e-01  -8.5231167e-02   1.5887918e-01  -2.0440705e-01  -1.2386952e-01  -2.5378199e-01  -1.2673287e-01   7.0462825e-01  -1.8740297e-01   3.2681815e-01   8.8264822e-02
   2.3345058e-02   2.2200865e-02  -1.2698583e-03   0.0000000e+00  -1.0902062e-01   1.0018083e-01   3.1422548e-01  -2.9142407e-02  -8.7506964e-02   2.1335051e-01   7.2898001e-02   2.0366295e-01   1.1462066e-01  -2.4306404e-01   1.6832318e-03   9.6980621e-02  -1.2692035e-02   1.7878463e-01   1.8320006e-01  -2.8789724e-02   2.7989365e-01   6.7456180e-01   2.1005623e-01  -1.5571059e-01   1.2145461e-01   1.2892583e-01   9.4125366e-02  -2.9780884e-01  -7.4517456e-03   6.2991911e-01  -3.0325051e-01   2.7936487e-01  -1.6083008e-01   7.9998674e-02   3.5526501e-01   1.5762978e-02   5.5528593e-02  -9.6879294e-02   1.4612857e-02  -4.6020417e-03   2.2775207e-01   1.0606857e-01  -5.0333906e-02  -2.4783751e-01   2.2713031e-01   1.2762779e-01   1.2367312e-01   4.4118486e-02   1.7513691e-01  -9.2388762e-03   3.9578449e-01   8.6056210e-02  -3.3502508e-01  -1.7635043e-01  -1.2839950e-01  -2.1348736e-01   3.0071310e-02   5.8477668e-01   2.5617593e-01   5.3581139e-01   1.4507020e-01   3.0409270e-01  -1.0390623e-01  -2.7261439e-01  -6.3641627e-02   2.8854119e-01  -1.3835797e-02   3.1904322e-01   1.6998385e-01   1.3698982e-01  -1.2632170e-01   6.1879839e-01  -1.1031717e-01  -3.3230107e-02   2.6027377e-02   2.5233589e-01   3.2754715e-02  -7.4475150e-03  -1.8111904e-01   3.6881903e-01  -1.8650387e-01   1.2274221e-01  -4.5253717e-01  -2.7012747e-01  -1.1139318e-01   4.9705020e-02  -3.8667548e-01  -2.6528202e-01  -3.2350667e-01  -1.3816524e-01  -2.0702217e-01   1.5630202e-01  -7.4899678e-02   4.3921089e-01   3.3619012e-02  -2.2191199e-01   5.0451269e-01   9.2729744e-02   3.1838956e-01   1.0501286e-01  -3.9124328e-01   1.6115627e-01   8.3606946e-02   1.4904364e-01   4.2866974e-01   1.7498018e-01  -2.3647948e-01   2.1423117e-01   5.0591862e-01  -1.9849953e-01  -4.8012407e-02   5.6582720e-01   7.1477804e-01   6.4811793e-02  -3.4984735e-01  -3.4416691e-01   9.3385776e-02  -6.1920989e-02  -4.2958895e-01   6.3239113e-01  -8.5565492e-02  -2.1089836e-01   1.7419850e-01  -8.1106036e-02   4.0230393e-04   3.3687252e-01   2.0486734e-01  -1.3485510e-01   6.2683934e-01  -1.9755996e-01  -2.7379895e-02  -8.5410262e-02   1.9012413e-01  -2.6206819e-01   3.4417400e-01   9.1632767e-02   3.0760762e-01  -3.7097150e-01   2.4977073e-01  -7.8194700e-02  -2.4003829e-01  -6.9348946e-03   3.1403349e-01  -1.2453668e-01   1.8597074e-01  -3.1163464e-01  -1.5841553e-02  -1.6056569e-01   2.1647973e-01  -8.2643373e-02  -3.4526837e-01  -3.8958648e-01   8.9153971e-02  -2.6135216e-01  -9.2846594e-02  -1.9046087e-01  -5.2158214e-02   4.0016843e-01   1.4356609e-01   1.2196533e-01   4.2269201e-01   1.8184065e-01  -2.7999237e-01   2.8649441e-01   3.7103191e-01  -1.1591555e-02   3.2420900e-01  -3.9884679e-01  -2.1090395e-01  -3.9079754e-01  -4.9040251e-02  -3.5469585e-01   3.0025834e-01  -1.9768835e-01  -4.6347249e-02  -6.9568064e-02   6.3382118e-01
  -2.4577698e-01   4.1768038e-01   3.8183788e-01  -1.0902062e-01   0.0000000e+00   3.4030885e-01   1.7583959e-01  -2.2130828e-01   2.1116338e-01   3.8336659e-01  -2.7407247e-01   4.8458052e-01   2.1265972e-01  -3.4793077e-01  -5.3425435e-01   2.3492916e-01   3.3755984e-01   1.2709538e-02   1.2525122e-01   8.9078767e-01  -2.4419135e-01  -2.1559096e-01  -2.9907515e-01  -3.7928115e-01  -1.1058000e-02  -5.2933476e-02   4.5825959e-01  -2.8447075e-01   2.3616336e-01  -3.3139671e-02  -3.8310398e-01  -1.1330982e-01   3.0186584e-01  -1.2503509e-01   4.8547218e-02   5.3803989e-01   2.9547437e-01   1.6658017e-02   2.5150540e-01   5.6476702e-01   3.1365192e-01   1.4633017e-01   4.9526392e-01  -8.5810846e-02   1.8111228e-01  -7.5290410e-02   1.9179833e-02   3.2690332e-01   5.0117187e-01   5.0812307e-01  -6.2640063e-02  -1.3821170e-01   3.0176083e-01   1.9826798e-01  -4.3346246e-01  -1.4479791e-01   1.4340488e-01  -7.2768038e-02  -9.0041097e-02   1.3188329e-01   5.3035400e-02   3.9782463e-01   5.1546218e-01  -2.2103160e-01  -5.1609929e-02   2.7509432e-01   3.8300591e-01   6.1878003e-02  -2.3830692e-02   1.9493696e-01   4.7951746e-01   1.5738236e-01  -1.2385649e-02  -3.8386697e-02   2.6226596e-01  -1.6103714e-01  -1.7458894e-02   5.8903782e-02   6.3392045e-01  -1.1078146e-01  -3.3590750e-01  -7.6775809e-02  -1.3489390e-01  -3.7485399e-01  -2.4098103e-01  -4.0425570e-01  -9.3078540e-02  -2.3157283e-01   3.5720916e-01  -2.7364977e-01   7.1000001e-01   7.2582137e-02   2.4602631e-01   2.1075465e-01   7.6140172e-02   7.9702360e-01  -2.2540517e-02   1.3806301e-01   5.3830977e-01  -9.6044982e-02  -1.2187013e-01  -3.2470271e-01  -3.1900725e-01   2.0569789e-01   2.1279486e-02   4.2097571e-03   1.5749580e-01   1.8829251e-01   2.4402550e-01  -1.6276649e-01  -4.0020493e-02  -3.5015430e-01   5.2288062e-02  -2.5883470e-01  -2.1496191e-01   2.8225149e-01  -3.8703878e-02   2.0251417e-01  -9.9531600e-02  -2.9969383e-01  -2.1241244e-01   7.9094886e-01   3.6961142e-01   1.6533218e-01  -4.1752109e-02  -1.8337012e-01  -6.7490569e-02   1.1402030e-01  -2.1374487e-02  -5.3910690e-02   2.6875478e-02  -1.3477977e-01  -3.7320322e-01  -4.2482073e-01   4.1836693e-01  -2.2183233e-01   1.5949327e-01   5.2802981e-02  -2.1918822e-01  -3.4696589e-01  -2.9711049e-01   1.0356509e-01  -1.4601992e-01   1.8530597e-01  -3.1804886e-01  -3.9105713e-01   2.4235617e-01   2.8815350e-01   4.4776519e-02  -1.5702757e-01  -1.9415243e-01  -3.6346071e-01  -1.9531169e-01  -3.5805194e-02   4.9514032e-01  -2.1484958e-01  -2.3406914e-01  -7.3115154e-02   3.5634590e-02  -4.9510274e-01   2.3468670e-01  -1.9240749e-01   3.5234654e-01  -6.6217325e-02   6.9386514e-02   2.1274929e-01   8.6548878e-03  -2.7250895e-01  -2.7244369e-01   3.4591812e-01   5.1651054e-01  -2.1441460e-01   2.2427666e-01   2.8765794e-01  -1.8312766e-01   1.7585310e-01  -5.5244027e-02
  -3.8639129e-01   1.4073463e-01   6.7249302e-01   1.0018083e-01   3.4030885e-01   0.0000000e+00   3.4391213e-01  -1.8507079e-01  -2.9231813e-01   5.1018121e-01  -3.1568170e-02   5.7265281e-01  -1.4639003e-01  -9.6938624e-02  -2.3256608e-01   1.2644712e-01   4.9789285e-01  -1.2248840e-01   6.6972650e-01   4.8525646e-01   1.7946575e-01  -3.5531830e-02  -1.1232618e-03  -3.4335897e-01   8.5217027e-02  -6.5678621e-02   7.4878135e-01  -1.6250004e-02   1.3175545e-01   2.3779512e-01  -4.3504969e-02   1.7643941e-01   2.6466192e-02  -3.9129278e-02  -1.7334215e-01   3.0961323e-01   1.2020550e-01  -2.3836047e-03   9.6636102e-03   7.4465206e-01   6.5646116e-02   2.8229484e-01   1.4690212e-01  -2.0439901e-02  -2.7132916e-01   6.0556319e-02   3.0768484e-01   8.5148010e-02   2.1493461e-01   6.1044731e-01   2.8612437e-02  -1.7974564e-01  -1.2666347e-01   4.2455727e-01  -2.0378246e-01   1.3186037e-01   5.2404378e-01   9.1604261e-02   4.4762275e-02   3.4805868e-02   1.9550441e-01  -2.3310262e-02   1.4956886e-01  -3.7071363e-01  -4.6124784e-01   1.7995666e-01   8.5553972e-01  -1.6627122e-01   8.9941582e-02   6.2804401e-01   2.2452311e-01   1.5499911e-01  -2.2399279e-01   2.0602324e-01   1.8161770e-01   2.3985765e-01   2.6054136e-01  -1.8929464e-01  -2.1375105e-02  -1.3075496e-01   8.7817720e-02  -2.4394816e-01   4.6836684e-02  -6.9247726e-02  -8.3909942e-02  -3.1278542e-02  -2.9833608e-01  -1.9049007e-01  -1.2433315e-01  -2.6406039e-01   1.5647075e-01   3.6338222e-01   3.9566138e-01   8.2128631e-02   1.8470275e-01   3.1054798e-01  -9.0950154e-02   3.3778339e-01   2.3008898e-02  -1.9869959e-01   3.7533130e-01  -5.8362661e-02   2.6301845e-01  -1.7286146e-01   6.8818910e-02   1.0410197e-02   3.9225927e-01   2.8393698e-01   4.6694525e-01   1.0793275e-01   1.8444101e-01   1.6184007e-01   1.2322500e-01  -2.2397379e-01   1.0523692e-01  -3.4317558e-01  -1.5603198e-02  -1.6212481e-01   4.3737962e-01   1.6538119e-02  -7.2770602e-02   2.1725138e-01   4.8479843e-01  -3.1268535e-01   1.2136546e-01   4.3856211e-02  -1.4719537e-01   8.5333030e-02   8.7395057e-03   4.5807925e-01  -1.5343296e-01  -3.3802386e-01   2.0042429e-02  -3.1398043e-01   2.1419594e-01   4.7036432e-02   1.9473150e-01   4.3496911e-01   7.2766625e-02  -2.5254170e-01  -1.5376335e-01  -1.9099615e-01   1.7169384e-01   8.2497025e-01  -3.2507758e-01  -4.1397811e-01   4.9366034e-01  -2.2252184e-01   3.2149943e-01  -4.8328059e-01   1.7097745e-01  -6.5044595e-02   9.9533578e-02  -4.2501003e-01   5.7051023e-01  -3.9958293e-01   3.4998163e-02   1.4480049e-01   2.3416587e-01   4.6519348e-02   7.3625983e-02   8.6996794e-02  -1.7633671e-01  -1.2256690e-01   8.8784979e-03  -1.7633136e-01  -2.3724778e-01   7.6931644e-02   1.6008425e-02  -6.5579182e-02  -9.3712626e-02  -1.3723215e-01  -1.7847214e-01   7.5952087e-01  -1.3663390e-01   3.4970378e-02  -1.3403325e-01
   1.4960276e-02   2.9694563e-02  -7.8435315e-02   3.1422548e-01   1.7583959e-01   3.4391213e-01   0.0000000e+00  -2.3544162e-01  -2.6400765e-01   5.8172655e-01  -1.8544306e-02   4.6500427e-01   3.6198431e-02  -2.8008195e-01   1.4611152e-01   7.1777271e-02  -2.3177084e-01   2.2195231e-01  -3.4683348e-02   2.9414094e-01   4.5513856e-01   3.0470541e-01   6.7069925e-01  -8.7527868e-02   5.8421368e-02  -2.5457434e-01   4.1618463e-01  -1.1143199e-01  -9.4471861e-02   4.8733015e-01  -3.1499029e-01   1.6843229e-01  -4.1877188e-01   5.3185057e-01   5.1851214e-01   4.5262630e-01   1.2897824e-01   2.3870398e-01  -1.4152750e-01   1.2455981e-01   5.3464797e-02  -4.7216586e-02  -9.2173981e-02  -2.7544067e-01   2.7269434e-01   8.9583466e-02   1.8785311e-01   6.2839381e-01   2.2919379e-01  -1.7755280e-01   5.5580700e-01  -2.5591170e-01  -1.4018124e-01  -2.9414515e-01  -2.5717007e-01  -1.0067613e-01  -1.2713142e-01   4.4778617e-01   3.5236959e-02   5.1091436e-01  -9.7865600e-03   5.7015262e-01  -4.3308773e-01  -3.4989967e-01  -8.3614422e-02   8.3949048e-01   3.6048704e-02   4.6568042e-02  -1.2246913e-01   1.6839541e-01  -3.3756383e-01   5.3788814e-01  -1.8904242e-01  -2.8559275e-01  -2.1148068e-01   2.6074237e-01   1.1527298e-01  -1.9859628e-01   1.5250681e-01  -2.3457914e-01  -1.6365178e-02   1.2001434e-01  -3.7916584e-01  -2.8027613e-01  -2.3761441e-01   8.9881669e-02  -5.1497502e-01  -2.1637029e-01  -4.1178706e-01  -1.5649555e-01  -2.7451375e-01  -2.9881516e-02   2.4031249e-01   5.9613951e-01   2.9745928e-01  -1.4108798e-01   2.3986735e-01  -2.0729158e-01   2.4041619e-01   2.5035719e-01  -3.4625301e-01   3.4516357e-01   1.6429263e-02   7.1589705e-02   5.0803271e-01  -1.0158970e-01  -4.4363580e-01   3.3371418e-02   6.5505787e-01   3.1251643e-02   3.4825657e-01   4.2355893e-01   3.1259331e-01   6.2476875e-03  -1.4183495e-01  -2.9251673e-01  -1.9446287e-01  -5.1827583e-02  -2.5754529e-01   1.8960438e-01   1.3867251e-01   1.3174598e-02   3.9628653e-01  -2.3508567e-01   1.0420736e-01   4.1787124e-01   3.1760919e-01  -3.8878269e-01   4.5767862e-01  -1.6348507e-01  -3.2397319e-02   2.4255648e-01  -1.8741392e-01  -4.3727747e-01   4.6741057e-02  -3.2355185e-02  -1.6422317e-02   2.7672222e-02   1.4731445e-01   1.6624916e-01  -1.6782549e-02  -2.2561129e-01   2.4088890e-01   1.8314899e-01   3.4544878e-01  -1.9993669e-01   3.0921303e-01  -7.2243514e-02   6.8001262e-01   6.0349224e-02  -2.5829383e-01  -2.0806249e-01   1.0160188e-01  -2.4276703e-01  -1.5882583e-01  -3.5345117e-02   1.4070406e-01   1.4803364e-01  -1.0980351e-01  -4.2338019e-02   4.5126570e-01  -8.9850871e-03  -7.3243819e-02  -2.7592138e-02   2.8871668e-02   3.7863859e-01   4.8065834e-01  -1.2449698e-01  -4.6289143e-02  -2.3614158e-01   2.8014200e-01  -9.0369618e-02   1.4394975e-02  -6.8032314e-02  -8.5085574e-02  -3.6825119e-01   1.1990197e-01
   3.5633764e-01  -2.4252055e-01  -9.0964346e-02  -2.9142407e-02  -2.2130828e-01  -1.8507079e-01  -2.3544162e-01   0.0000000e+00  -1.3135768e-01  -2.1438522e-02   2.9998534e-01  -4.5788775e-01   1.9247237e-01   2.0430012e-01   2.1932955e-02   3.2558354e-02   9.3666492e-02  -1.3677788e-01   7.1242225e-02  -2.6507676e-01  -8.2536700e-02   4.2058084e-02   5.1410630e-02   2.2623345e-01   1.1215951e-01   7.5148156e-01  -2.2665373e-01   2.9896196e-01  -1.4911206e-01  -3.2882775e-01   1.0387094e-01   4.8038573e-01   2.6950416e-01  -3.3775652e-02  -4.2565868e-01  -1.9857271e-01  -1.5387158e-01  -2.7660902e-01   7.7671316e-02  -2.7790544e-01   1.2654294e-03   3.7382609e-01  -2.6830288e-01   7.6742101e-01  -1.7127732e-01   1.4164482e-01   2.6153336e-02  -2.2758527e-01  -6.6989802e-02  -2.6539815e-01  -7.6373023e-02   7.9905026e-01  -8.4934274e-02   2.6623193e-01   4.4316834e-01   3.4186324e-01   2.0250583e-01  -1.8898678e-02   3.3238867e-01  -3.3324835e-01  -2.5751319e-02  -1.6159965e-01  -1.0799027e-01   9.6238762e-02  -1.4191732e-01  -1.5620055e-01  -2.4732043e-02  -9.9624654e-02   6.4547703e-01   3.1407102e-02  -1.6467090e-01  -9.8242798e-02   1.0842933e-02   4.8612634e-01   6.8451290e-02   3.4458509e-01  -7.5200721e-02   6.8550279e-01  -3.7386847e-01   3.3450966e-01   2.8709531e-01   4.1215988e-04   1.0072935e-02   4.8843479e-01   5.5492744e-01   4.1941917e-01  -2.6222802e-02   2.6479866e-01   2.0117581e-02   3.5721542e-01  -1.5155247e-01  -9.8923695e-02  -3.8272187e-02  -4.0510585e-01  -3.7854771e-01  -5.6076444e-02   2.2077011e-02   2.6480445e-01  -2.6014751e-01  -9.5957038e-02   4.7854938e-04   6.5458094e-02   4.0643673e-01  -3.1861313e-01  -2.2210592e-02   6.3306702e-01   1.9426688e-01   4.9391668e-01   8.4240549e-02   7.1152335e-02  -1.8030984e-02   2.3264703e-02  -1.9586590e-01   2.9486995e-01   1.3298833e-01  -8.6059426e-02   4.6872318e-01  -7.2207459e-02   7.4956285e-02   3.3141426e-01  -1.9207977e-02  -1.5383790e-01  -4.3662409e-01  -1.6189057e-01  -2.2835831e-02  -1.0929172e-01   2.4280592e-02   3.0810501e-01   7.3208174e-02   1.4762385e-01   3.4441193e-02  -1.9680641e-01   3.1998374e-01  -5.8932311e-02  -4.0055246e-01   4.6871001e-01   2.8665001e-01  -8.0218261e-02   3.8540841e-01   7.8769751e-02   2.3317102e-01   8.0187035e-02   4.7129535e-01  -6.1460865e-02  -1.4760012e-01   2.5704134e-01  -2.6945848e-01  -1.7482769e-01   1.6015324e-02  -4.2882949e-02   4.0195150e-01   2.2451070e-01   6.4732327e-02   1.9135524e-02  -2.3123832e-01   2.1951097e-01  -5.4127676e-02   9.1187699e-02   3.2664028e-02   3.8270368e-01  -1.3275343e-01   4.3767050e-01   1.9914236e-01   1.2792480e-01   2.8780049e-01  -3.4444039e-01  -2.1112680e-01   2.9251216e-01   3.5622827e-02  -1.0070853e-01  -2.1266042e-01  -2.6688958e-01  -2.8613605e-01  -1.1115401e-01   4.3750446e-02  -1.5193829e-01   1.5588964e-01
  -9.2877277e-02   6.5107822e-01  -1.8881708e-02  -8.7506964e-02   2.1116338e-01  -2.9231813e-01  -2.6400765e-01  -1.3135768e-01   0.0000000e+00  -4.6957857e-02  -8.4770419e-02   4.4739360e-02   3.7412952e-02  -2.4788268e-01  -1.9312530e-01   2.2549425e-02   2.3176538e-02   6.6820262e-02  -9.7835368e-02   1.4763743e-01  -4.4898883e-01  -1.0686895e-01  -4.0210048e-01  -2.6137210e-01   6.1521386e-02   1.2370157e-01  -1.4426427e-01  -3.7251289e-01   1.7381321e-01  -8.4187618e-02  -6.6177009e-02  -2.6409144e-01   1.2913500e-01   1.1915325e-01   2.1641278e-01   4.4937759e-02   1.5472121e-01  -2.1554373e-01   2.9316206e-01   3.8629331e-02   2.8217868e-01  -2.1059647e-01   5.0597408e-01   2.8956164e-02   3.4090733e-01  -7.8274230e-02  -2.0426549e-01   7.2639731e-02  -1.2128162e-01   1.2190560e-01  -2.1948550e-01   3.4520760e-02   6.1794379e-01  -1.7252629e-01  -2.6271978e-01  -2.1888538e-01  -8.2422998e-02  -1.6535076e-01   1.6939535e-01   1.3350141e-01  -2.2774498e-02   4.8631987e-03   6.3132400e-01   5.4345828e-01   3.5763339e-01  -8.1560961e-02  -1.5685693e-01  -2.8228599e-02  -1.6080680e-02  -1.4664056e-01   5.2953308e-01  -2.6639936e-01   3.6168825e-01  -9.5335617e-02  -9.1435026e-02  -3.1306288e-01  -2.0344888e-01   2.3907033e-01   5.2532572e-01   7.1216789e-02  -4.5708771e-01   2.2754071e-01   6.5431795e-02  -2.8898911e-01  -9.6191700e-02  -4.4409347e-01   3.3763533e-01  -1.8851412e-01   5.6044341e-01  -2.1257336e-01   4.3395408e-01  -1.0123671e-01   1.7781967e-01   2.3456700e-01  -1.3736656e-01   2.2342047e-01  -2.1292580e-01  -6.4515018e-02   1.2930801e-01   1.3699156e-01  -1.7950984e-01  -2.5360555e-01  -3.8516120e-01   7.3251573e-01  -1.5209511e-01   5.7581959e-03  -4.4685960e-02  -5.6436745e-02  -3.9316523e-01  -1.7162986e-01  -6.2984488e-03  -3.8833377e-01  -1.8537073e-01  -5.1430318e-02  -2.6447135e-01   6.7472670e-01   1.9532309e-01   2.1190464e-01  -1.8600612e-01  -3.5557796e-01  -2.3229747e-01   4.1939532e-01  -1.0342166e-01   7.4863823e-01  -1.5484170e-01  -4.2928159e-01  -6.0447118e-02   2.3435927e-01   4.5949545e-03  -1.1060629e-01   2.6467906e-02   1.8819373e-01  -1.5647295e-01   2.2157804e-01   3.1133780e-01  -1.7739240e-01  -1.0853125e-01  -6.4700158e-02  -2.3741922e-01  -1.7206062e-01  -1.3451611e-01   1.1910793e-01  -3.2963475e-01  -2.6612528e-01   1.3501052e-01   2.9272761e-02   2.0568971e-02   4.5702478e-01  -2.8388152e-01   1.2663470e-01  -3.0841383e-01  -3.4302249e-01  -3.5983586e-01   4.4217920e-01   2.1223052e-01  -1.6967703e-01  -1.8612762e-01   4.8808383e-02  -2.1205725e-02  -3.5888519e-01  -1.4430204e-01  -1.6746540e-01   2.7060399e-01   2.2225515e-01   3.6604238e-02   4.4166173e-01   9.6829717e-02  -3.5407286e-01  -2.4649685e-01   2.9747974e-01   4.8931045e-01  -7.9181216e-02   4.3704947e-01  -1.3861141e-01   1.6064755e-01  -2.5615817e-02   8.7703117e-02
  -3.1987586e-01   2.3934478e-01   4.4984257e-01   2.1335051e-01   3.8336659e-01   5.1018121e-01   5.8172655e-01  -2.1438522e-02  -4.6957857e-02   0.0000000e+00  -1.2926935e-01   6.3305665e-01   1.8658034e-01  -5.6228067e-01  -2.3855790e-01   1.3738297e-01   3.0198753e-01  -1.3359733e-01   2.0748102e-01   5.2513979e-01   1.6075531e-02   3.2127893e-01   2.0116006e-01  -4.6249185e-01   1.0076373e-01  -5.4516318e-03   6.5944046e-01  -4.5815318e-01  -1.9883868e-03   3.7725120e-01  -2.9482291e-01   3.1565256e-01  -1.2337570e-01   4.8576365e-01   1.8307026e-01   3.9966217e-01   3.1502748e-02  -4.8888868e-02   1.1429747e-01   6.2714175e-01   2.7811763e-01   7.1905358e-02   4.0636705e-01  -5.5516825e-02   6.5757759e-03   8.5387673e-02   8.1282445e-02   2.2091351e-01   6.5693728e-02   4.0977373e-01   2.1070539e-01   4.9051966e-02  -2.2981125e-02  -6.4583383e-02  -4.3663220e-01  -2.5586997e-01   1.4070129e-01   4.3843439e-01   2.1846616e-01   3.8929659e-01   1.3029906e-01   2.2333479e-01   9.8873977e-02  -2.1322562e-01  -5.0874591e-01   5.6385022e-01   4.0842339e-01  -2.8949746e-02   7.6111528e-02   4.6999724e-01   2.2870111e-01   1.9553909e-01  -8.4551560e-02  -3.2981069e-02  -2.9345050e-02   3.8294513e-01   1.4528291e-01   6.8439099e-02   1.7621020e-01  -4.6854213e-02  -2.8595240e-01   2.0095679e-01  -4.0142401e-01  -4.3590661e-01  -2.1937507e-01  -1.3914793e-01  -3.4824223e-01  -4.2385727e-01   3.4974606e-02  -4.4674320e-01   3.0957484e-02   1.0631903e-01   5.9530642e-01   4.2572271e-01   1.5288163e-01   3.4175962e-01   6.4196141e-02  -5.1702805e-02   1.5116881e-01   2.5183407e-01  -2.8952145e-01  -4.2437321e-02   8.3699080e-03   7.8520422e-02   3.2328161e-01   2.9949977e-01  -8.2320231e-02   9.1440317e-02   5.2881172e-01  -1.3875591e-01   3.3575532e-01   1.8337449e-01   1.9667444e-01  -2.3782500e-01  -3.4192189e-01  -2.3280577e-01   2.0322408e-01   5.8397363e-02  -1.0864439e-01   2.2120616e-02  -4.8017963e-02   3.1017937e-01   3.5518404e-01  -1.5739493e-01   4.2464666e-02  -8.3336056e-02  -4.7248757e-03   8.6269005e-04   4.6771453e-01  -2.6118277e-02  -1.2019904e-02  -8.9956589e-02  -3.7110861e-01  -4.9171575e-01   3.7446391e-01   1.7791864e-01   1.9048565e-01   1.4865169e-01   2.1988520e-01  -2.3035086e-01  -1.8121863e-01  -6.6309643e-02   2.9128223e-01   4.0060074e-01  -1.3710814e-01  -5.1055553e-01   6.3636410e-01  -1.3761735e-01   5.0298230e-01  -2.1971913e-01  -3.2350390e-01  -4.2761105e-01  -1.3938775e-01  -2.7710206e-01   4.8318592e-01  -3.4545317e-01   9.7418830e-02   2.5267186e-01   8.2168889e-02  -1.2530071e-01   2.0545956e-01   1.5470566e-01   1.1163229e-01   6.7230863e-02   3.2388613e-01   2.5771534e-01   1.1576651e-01  -4.0900348e-01  -1.0575351e-01  -6.5460465e-02   2.3243513e-01  -2.2627244e-01  -1.7380580e-01   3.7950255e-01  -7.6876433e-02  -9.3820494e-02   2.1583991e-01
   3.9079268e-01  -2.1926149e-01  -5.7438664e-02   7.2898001e-02  -2.7407247e-01  -3.1568170e-02  -1.8544306e-02   2.9998534e-01  -8.4770419e-02  -1.2926935e-01   0.0000000e+00  -3.5738682e-01   1.0060263e-02   1.3603097e-01   4.2410322e-01   2.5994164e-01  -5.6107064e-02   4.0401576e-01   9.9233892e-02  -2.3121807e-01   3.6103572e-01   8.4556283e-02   3.3910786e-01   1.3295998e-01  -4.8445416e-02   2.2892584e-01  -1.3981312e-01   3.6723890e-01  -1.1510589e-01   1.6049587e-02   2.6340336e-01   3.4929208e-01   3.0700361e-03   1.4709554e-01  -2.0261900e-01   3.1248938e-01   7.1086698e-02   7.7100470e-02   2.4001623e-01  -2.8285427e-01   3.1263254e-01   2.2630215e-01  -4.5909405e-01   4.5943459e-01  -1.0264520e-01   1.8956317e-01   6.9609252e-01  -1.3880129e-01   1.0831976e-02  -2.4605382e-01   4.5451718e-01   1.4584191e-01  -1.8099952e-01  -2.9040079e-02   2.7783181e-01   4.6768359e-01   3.2677664e-02  -3.6017110e-02   4.7525815e-01   1.7535701e-02   1.8350517e-01  -1.3058428e-01  -3.2378941e-01   4.0771882e-01  -2.7673429e-03   9.8011879e-02  -7.5313140e-02  -1.3274247e-01   3.9975743e-01   3.2583346e-02  -3.7923839e-01   1.7227994e-01   3.2883507e-01   2.2513114e-01  -2.3250188e-01   2.1112023e-01   4.8451958e-02   2.1910539e-01  -4.1923950e-01   1.9341847e-01   2.9122338e-01   2.2882429e-01   9.3636194e-02   3.8383890e-01   3.3342098e-01   3.1759144e-01  -4.4424052e-02   1.1566521e-01  -8.0227206e-02   3.6369206e-01  -2.9226278e-01   2.6997948e-02  -1.2364076e-01  -3.1114604e-02  -2.4441474e-02  -3.1323740e-01   1.5776887e-01  -6.6896226e-02  -4.3908496e-02   3.0534141e-02   3.8638659e-02   5.8919492e-01   3.6407365e-01  -8.0275867e-02   2.8956584e-01   1.1069219e-02   4.1499527e-02   1.6276420e-01   7.5151845e-02   4.8625434e-01   7.3065014e-02   2.9698534e-01  -6.5005797e-02   3.3557767e-01   2.0846918e-01  -1.4686771e-01   1.5537488e-01   1.3865323e-01   9.8543748e-02   3.9510970e-01   1.5051975e-01  -3.5839997e-01  -2.1608008e-01   7.8887282e-02   1.7151296e-01   2.5844484e-01   2.9099766e-01   1.5035412e-01   7.0939856e-02   2.2406713e-01   2.1357487e-01   1.5051343e-01   3.6699438e-01   2.2847523e-01  -2.5332348e-01   2.7322441e-01   1.4375869e-01  -1.1423619e-01   3.9973681e-01   2.1562110e-02   1.5543082e-01  -1.5298370e-01   5.6403552e-01   3.7531531e-02   2.5874399e-01   4.0507809e-01  -3.2847401e-01   1.4540585e-01   4.7519416e-01   1.9813940e-01   3.3252978e-01   2.1840475e-01   1.3445584e-01   2.6769994e-01  -2.7763052e-01   2.4706867e-01   5.7023948e-02   3.5200182e-01   1.0480214e-01   4.1576978e-01  -7.3315602e-02   6.7281935e-01   5.0127845e-02   4.3366586e-01  -1.5157789e-01  -2.2565312e-01   3.2869693e-01   3.3495033e-01   3.0848278e-01  -2.2324755e-01  -2.6304813e-01  -2.7337231e-01  -1.7014910e-02  -1.1644561e-01  -1.1135180e-01  -7.5489294e-02   4.2095519e-02
  -5.4152475e-01   4.7143967e-01   4.7450933e-01   2.0366295e-01   4.8458052e-01   5.7265281e-01   4.6500427e-01  -4.5788775e-01   4.4739360e-02   6.3305665e-01  -3.5738682e-01   0.0000000e+00  -7.8367686e-02  -5.4574475e-01  -3.6836041e-01   3.1892018e-02   2.4620477e-01   9.0532178e-02   2.3888868e-01   6.5067125e-01  -4.4660585e-02   3.2929396e-01  -1.1009358e-01  -5.2394634e-01   1.7776412e-01  -2.9419934e-01   5.9921403e-01  -5.1548743e-01   2.0363369e-01   5.1437360e-01  -4.6834868e-01   7.0483609e-03  -2.3904465e-01   1.4624874e-01   4.3310660e-01   3.0565472e-01   1.3014641e-01   6.1989370e-02  -2.5918227e-02   6.6419568e-01   2.3128083e-01  -3.1949409e-02   5.8098282e-01  -4.2184958e-01   2.0038037e-01  -7.9022681e-02  -1.2533097e-01   2.2526983e-01   1.3907934e-01   4.9876812e-01   2.1558706e-01  -3.1608383e-01   7.5622420e-02   1.8857240e-02  -6.0483950e-01  -4.1636270e-01   1.7768240e-01   4.2485174e-01   4.1750602e-02   5.7001329e-01   6.1368406e-02   3.3223985e-01   2.9911549e-01  -3.7182060e-01  -2.7784982e-01   3.9105402e-01   3.8420377e-01   8.8335517e-02  -2.9706370e-01   3.7790612e-01   2.8754145e-01   2.5379985e-01  -9.5974074e-02  -2.8263267e-01   1.9881701e-01   6.2462562e-02   1.1947049e-01  -2.2730511e-01   4.7365819e-01  -8.0184133e-02  -4.3258074e-01   1.4234925e-02  -3.2923889e-01  -5.9982829e-01  -5.2212685e-01  -4.2153810e-01  -3.4267834e-01  -4.5896548e-01  -6.0618353e-02  -5.4943040e-01   2.8846835e-01   1.0889173e-01   4.2772921e-01   5.8629949e-01   2.9510893e-01   3.4011568e-01   1.1738377e-01  -6.6342712e-02   3.5412043e-01   1.2401454e-01  -1.7033890e-01  -5.4945889e-02  -3.1617520e-01   2.6681484e-01   2.3311602e-01   2.5949832e-02  -5.3808581e-02  -2.2698314e-02   3.5368032e-01  -3.2946710e-01   8.4611160e-02   1.2784928e-01   2.5803574e-01  -3.8273079e-01  -3.6386450e-01  -1.1671546e-01  -6.5936739e-02   1.1926889e-01  -1.7743283e-01  -1.1265485e-01  -1.1392032e-01   4.3151299e-01   6.6683079e-01   2.2840954e-02  -4.6795566e-03   8.7987027e-02   8.0826525e-04  -1.7704151e-01   3.3586152e-01  -1.2379359e-01  -7.6881470e-02  -1.0931549e-01  -4.9432268e-01  -4.4978216e-01   6.4393445e-01  -1.8404973e-01   1.8201364e-01   9.4391957e-02  -5.3287274e-02  -3.4580259e-01  -3.0006201e-01  -7.9290137e-02  -4.7438724e-02   3.6366500e-01  -5.9466199e-02  -6.6162299e-01   5.7756719e-01   2.1717350e-02   2.0078784e-01  -2.6926638e-01  -4.0617444e-01  -5.6811946e-01  -9.6615712e-02  -2.8575620e-01   5.2267262e-01  -4.9890912e-01   9.5361808e-04   1.8085484e-01   2.9032967e-02  -4.4110524e-01   3.6660170e-01  -1.5386791e-01  -1.0293414e-01  -8.3608991e-02   2.3056915e-01   3.6715247e-01   1.4606631e-01  -4.2652759e-01  -2.7305957e-01  -3.5086193e-02   4.6949742e-01  -4.6369037e-02   1.6582902e-01   3.8311215e-01  -4.5078986e-02   8.9346084e-02   2.3140894e-01
   1.1504616e-01   7.4804777e-04   2.7659864e-02   1.1462066e-01   2.1265972e-01  -1.4639003e-01   3.6198431e-02   1.9247237e-01   3.7412952e-02   1.8658034e-01   1.0060263e-02  -7.8367686e-02   0.0000000e+00  -2.8679712e-01  -1.8235114e-01   2.7299825e-01   1.5476129e-01  -2.8397061e-01  -1.4781063e-01   1.7981600e-01  -2.3228688e-01   1.8209452e-01  -3.3265868e-02  -9.2248414e-02  -1.4963469e-02   1.9913746e-01  -2.6591669e-02  -1.8716855e-01  -4.7924485e-02   4.2338059e-02  -4.6196276e-01   7.3721733e-02   2.7192446e-01  -1.0875900e-01  -6.6989976e-02  -3.6440398e-02  -4.3971921e-02  -1.1099459e-01   2.2882819e-01  -3.3565271e-02   3.8887065e-01   2.2406878e-01   2.7609827e-02   7.1226549e-02  -9.9763979e-02   1.7991312e-01  -9.3144533e-02  -1.2629103e-01  -8.0109487e-02   4.7907374e-02  -3.8310208e-02   2.8525744e-01  -3.4176334e-01  -3.6200959e-02  -1.5416043e-01  -1.2801153e-01  -6.7216786e-03   2.2045633e-01  -2.0234640e-01   1.2733543e-01   1.8604269e-01   6.6722524e-02   1.5141841e-01  -1.4567312e-01  -3.5921440e-01   9.0832534e-02  -1.3788536e-01   2.9535263e-01   7.8548333e-02   1.3624865e-01   3.8868476e-04  -5.8257468e-03  -3.1447569e-02   6.8175808e-02   1.3293213e-01   2.4276037e-01   1.1378159e-01   2.5463796e-01  -6.9540326e-02   3.9669189e-01  -2.4626141e-01   2.1907380e-01  -3.7868857e-01  -3.1620130e-01   1.7455399e-01   5.1401963e-02  -3.4451351e-01  -3.1071397e-01   2.3287054e-01   1.9789579e-03   9.9140108e-02   1.1451358e-01  -7.1915383e-02   8.0945785e-02  -1.5784972e-02   2.7151403e-01   2.8358991e-01  -4.1436240e-03   1.9635917e-01  -9.4353424e-02  -3.6091684e-01  -1.0884054e-01  -2.3311718e-01  -3.1933660e-02   7.3317954e-02   2.2896134e-01  -2.4507167e-02   1.6713502e-01   2.0240419e-01  -2.1502495e-01  -1.1893652e-01  -2.5772111e-02   1.6726203e-01   1.2302731e-01  -2.9661701e-01  -1.2219281e-01   1.2792726e-01   4.3808220e-01  -3.2798834e-01  -4.6852895e-02   9.6521931e-02   7.5141567e-02  -3.4607571e-02  -2.6052862e-01   5.0626898e-02  -1.9651384e-01  -1.2587248e-01   1.0600982e-01   3.7736165e-01  -8.3569987e-02   5.4235190e-01  -2.1732818e-01  -1.7528792e-01  -5.0701680e-01  -1.7977103e-02   2.3507072e-01   2.8571966e-01  -3.4116451e-01   1.6546793e-01  -3.2388848e-03   5.8701297e-02   6.5977035e-01   2.1263355e-01  -9.7874109e-02  -2.4233431e-01  -3.2330861e-01  -1.6165973e-01  -5.0416772e-02   8.9233555e-02  -1.8391740e-01  -1.0863201e-01  -3.5936517e-01   1.1456339e-02  -1.8624707e-01  -6.3611503e-02  -8.3620382e-02   1.6877232e-01  -4.3537040e-02   1.1757006e-01  -2.0669626e-01   1.0442531e-01   1.5467111e-01  -7.9813133e-02   6.4867046e-02   1.2513046e-01  -6.2155712e-02  -6.7024209e-02  -2.3668509e-01   5.9192817e-02  -1.6646299e-01  -1.9823842e-02  -2.0766698e-02  -1.6158168e-01  -1.4807330e-01  -1.2335809e-01   2.3325727e-01   2.0552828e-01
   4.4785788e-01  -3.4739780e-01  -3.3998552e-01  -2.4306404e-01  -3.4793077e-01  -9.6938624e-02  -2.8008195e-01   2.0430012e-01  -2.4788268e-01  -5.6228067e-01   1.3603097e-01  -5.4574475e-01  -2.8679712e-01   0.0000000e+00   4.4675529e-01  -2.0911284e-01  -2.3677385e-01  -1.0371065e-01  -1.5280199e-02  -4.3762874e-01   5.5981768e-02  -4.6781127e-01   7.8276913e-02   6.8579166e-01  -2.2577919e-01   2.4747640e-02  -3.2006086e-01   7.9067940e-01  -3.0750863e-01  -4.9563037e-01   5.8641632e-01  -2.1435691e-01   8.8450080e-02  -1.7472732e-01  -3.5544532e-01  -2.5243042e-01  -5.5471283e-02  -1.2669317e-01  -1.8512122e-01  -3.2595077e-01  -4.2641957e-01  -5.2750068e-02  -4.9824083e-01   2.6504327e-01  -2.7097386e-01  -3.2761434e-01   7.2725149e-02  -3.5220324e-02   4.6581490e-02  -2.3868473e-01  -3.0918888e-01   4.3014136e-02  -4.3005533e-02   3.4363983e-01   7.9772692e-01   5.3733892e-01   7.9723023e-02  -6.0431333e-01  -1.7585093e-01  -6.4650070e-01  -3.6527272e-01  -2.5454331e-01  -2.2890181e-01   6.7882672e-02   2.5489376e-01  -4.3953063e-01  -9.8285077e-02   1.1122290e-03   9.8624404e-02  -3.6831398e-01  -2.1081638e-01  -1.5789742e-01  -5.2865335e-02   2.5285623e-01  -1.4959942e-01  -1.3418553e-01  -3.7532677e-01  -1.0340723e-01  -3.5288978e-01  -1.2589199e-01   7.6424336e-01  -2.2577108e-01   5.1357241e-01   8.2120512e-01   2.7544106e-01   4.6181042e-01   5.0839349e-01   7.7672814e-01  -2.2116618e-01   3.9157309e-01  -1.9465370e-01  -1.8124999e-01  -2.3289692e-01  -6.8367321e-01  -4.1561621e-01  -2.6747759e-01  -2.2198111e-01   2.9253130e-01  -2.4160744e-01  -1.9480974e-01   6.2941788e-01   5.8398670e-02   4.4449139e-01  -3.0381140e-01  -4.6509515e-01  -2.3829295e-01   3.0725516e-01  -4.6432590e-02  -3.6154912e-01   3.9895664e-01   5.1705772e-02  -1.7908724e-01  -1.6315770e-01   6.4212766e-02   7.8646450e-01   6.8381817e-02   1.3909794e-02  -3.3418328e-01   6.1610864e-01   9.0596232e-02  -2.5077471e-01  -2.8765039e-01  -2.8080922e-01  -1.8831655e-01  -3.3588725e-01   2.5007471e-01  -1.4904502e-01   1.8836409e-01  -5.8918124e-01   2.1101237e-01  -2.0834461e-01   8.2975044e-02   6.9385824e-01   5.2037390e-01  -6.3876077e-01   7.4044859e-03  -3.1642180e-01   4.3144583e-01  -1.1204885e-01   2.5447816e-01   2.5340227e-01  -1.2587049e-01  -2.0203293e-01   1.0497570e-01   1.2044573e-01   6.2166059e-01  -2.4886312e-01  -5.6293807e-02  -2.7787461e-01   1.1646564e-01   4.7276558e-01   8.5062766e-01   4.8031084e-02   1.1063760e-01  -2.8513499e-01   5.1246501e-01  -3.6074333e-01  -2.5069728e-01  -2.1378967e-01   4.9345180e-01  -2.0519606e-01  -1.4231809e-01   1.2358133e-01  -3.1960097e-01  -4.5553966e-01  -3.8619863e-01  -2.6559607e-01   7.3061490e-01   1.4389131e-01   9.4317638e-02  -4.4679516e-01   1.4897804e-01  -1.8868331e-01   3.6000122e-02   2.2328920e-01  -8.0408300e-02  -4.9026590e-01
