   0.0000000e+00  -5.6689457e-02   2.1051777e-02  -1.1131400e-01   2.1363931e-02  -1.6074890e-01  -1.3656109e-01  -1.3008346e-01   9.3826661e-02   7.6453386e-03   2.4307286e-01  -4.2774830e-02   5.3101435e-02   2.4042888e-01   1.2912724e-01  -2.0255871e-01  -7.6013180e-02   5.3102191e-02   2.1404923e-02  -3.4615048e-02  -1.4286008e-01  -1.9966473e-01   7.9249455e-02   7.4524693e-01   4.7467591e-02  -7.1463962e-03  -1.4726048e-01   5.4339773e-01  -9.8170607e-02  -1.5102243e-01   1.3109674e-01  -2.8969241e-01  -2.3513920e-01  -7.6832492e-02  -1.7476928e-01   4.6671035e-03  -8.4117610e-02   3.6666483e-01  -2.2293217e-01  -1.5930415e-01   1.5443486e-01  -2.0544696e-01  -1.1552812e-01   1.6266508e-01   1.7888527e-01   1.3386819e-01   6.3625580e-02  -1.7727400e-01  -1.1154903e-01  -3.0484033e-01   5.0333847e-02   6.2630465e-02  -8.8946333e-02   8.4722795e-02   3.6562211e-01   7.5037531e-02  -1.0938080e-01  -2.6546242e-01   6.0589758e-03  -1.1707471e-01   2.6332212e-01  -1.3311764e-01   4.5259340e-02   4.3521623e-02   6.3059023e-02   1.4082198e-02  -3.5578250e-01  -1.6226497e-02  -1.6141399e-01   1.6200911e-03  -1.3373391e-01  -4.2525805e-02   4.1307457e-02   6.8159735e-01  -9.3628253e-02  -1.5508018e-01   3.1019097e-01   2.2423315e-01  -1.0808414e-01   3.7742470e-02  -1.0517219e-02  -1.8050987e-01  -1.8506868e-01  -7.5931379e-02   4.7115577e-01  -8.1608246e-02   5.8447388e-02   4.1975271e-01   8.4017321e-02   7.6573826e-01  -9.1965010e-02   5.9998436e-02  -2.3709394e-01  -1.8247160e-01   2.6021447e-01  -9.9861462e-02   3.7896589e-02  -2.5129222e-02   1.0365356e-02   9.2733100e-02   4.0160021e-02   2.7046990e-01  -2.2860951e-01  -3.6920158e-02  -1.4424661e-01  -2.5646978e-01   1.0492784e-01  -7.3603287e-02   1.3263545e-01  -7.1328983e-02  -8.5410348e-02  -1.5718540e-01  -4.0399648e-02   8.2024753e-01   5.0937191e-01  -1.8597547e-01   8.2807458e-03   3.7093684e-01   4.0314163e-01  -7.0278441e-02   2.9248585e-01  -1.0782893e-01  -4.7415795e-02  -1.3537615e-01   2.9644723e-01   2.0946368e-01  -1.6011430e-02  -4.1054136e-02  -2.1490322e-01  -8.6994720e-04  -8.9085128e-02  -5.0320797e-02   2.8425257e-01   4.4488245e-02  -1.5284983e-02  -7.6713080e-02  -1.0368807e-03  -6.8324510e-03  -2.1012715e-02   1.8200496e-02   4.7790690e-01   8.0003573e-02   5.4434863e-02  -3.9968995e-03   2.2383505e-01  -2.4339477e-01  -1.0667081e-01   7.3415229e-02   8.2399100e-03  -2.9730960e-02   6.6269528e-01  -7.9381072e-02   3.1686471e-01   2.9206066e-02  -1.2959341e-01   2.9836031e-01   2.2539910e-01   2.9116081e-01  -4.3765558e-02  -1.3657632e-02  -9.8408691e-02   8.5611016e-02   8.8177042e-02  -1.9474230e-01  -2.3698411e-01  -1.2055961e-01   8.9761892e-02   9.7629009e-02   5.7569862e-01  -2.7872598e-01  -1.1627092e-02   5.6215893e-02   2.2009908e-01  -2.4795008e-01  -6.1793165e-02  -1.7281430e-01  -8.7035739e-02
  -5.6689457e-02   0.0000000e+00  -2.2278458e-01  -5.3263715e-01   6.3704635e-01  -5.2951789e-01   8.7333474e-02  -1.1874630e-01   7.4698718e-01  -6.4800133e-02  -1.1950686e-01   2.3600113e-01  -1.5975093e-01  -4.9774649e-01  -2.4578236e-01  -2.9241470e-01  -3.3629878e-02  -2.2586143e-01   4.5549913e-02   5.2314848e-01  -4.1514712e-01  -5.6839303e-01  -3.2697740e-01  -1.0679921e-02  -5.3037987e-02  -1.3629070e-01   3.5556556e-01  -3.1049087e-01   1.9960034e-01  -3.1691456e-01   1.6566572e-02  -3.2095699e-01  -8.0088800e-02   2.5613997e-01   1.3908755e-01   2.3004858e-01   5.8207122e-02  -1.3057056e-01  -5.1693315e-02   9.3639119e-02  -8.2085417e-02  -2.0885740e-01   4.2886599e-02   1.4621887e-01   1.0459632e-01  -2.4175550e-01  -2.9069025e-01   7.6267851e-02   5.0855798e-01  -1.3259696e-01  -4.3685400e-01  -2.5096445e-01   7.9013286e-01  -1.2972855e-01  -2.5630969e-01  -4.0858495e-01  -6.0595215e-01  -3.3581056e-01  -2.6400381e-01  -3.8298005e-01  -1.8977380e-01   1.7567113e-01   7.2874095e-01   5.1562008e-01   7.6482459e-01   1.6653667e-01   8.6094476e-02   5.4706936e-02  -3.9541878e-01  -2.6717222e-01   7.6078119e-01  -4.9849959e-01   5.8186974e-02  -1.6381618e-01  -2.9208867e-04  -5.0662441e-01  -1.0945209e-01   3.9827905e-02   7.8222099e-01  -1.0879888e-01  -4.9947461e-01   1.2771125e-02   4.2416569e-01  -1.0277919e-02  -2.7909348e-01  -3.5825601e-01   5.8949745e-01  -3.4663024e-01   5.8602867e-01   1.6379937e-01   6.7402497e-01  -3.4633976e-01  -3.0055079e-01  -2.3276246e-01  -1.1774581e-01   4.9694543e-01  -1.6263850e-01   1.3626721e-02   3.7167307e-01  -5.4550266e-01   1.7971881e-01  -2.5769680e-01  -5.2811646e-01   4.6264389e-01  -5.3277846e-01  -4.3742227e-01  -2.9887927e-01  -2.7194247e-01  -1.4856011e-02   9.6278477e-02  -2.6866759e-01  -4.5913373e-01  -2.1099237e-01  -2.2088543e-01  -3.5950927e-01   6.0698209e-01  -2.0571493e-01   7.3814247e-03  -1.4942026e-01  -5.3023418e-01  -1.7406607e-01   4.8623705e-01   5.3186943e-01   6.2875051e-01   4.3445914e-03  -5.5176678e-01  -2.5002836e-01   1.2604591e-01  -6.0708062e-01   1.7580400e-01  -8.3758417e-02  -7.5952280e-02  -1.6840351e-01   3.8923493e-01   1.2700028e-01  -3.6932170e-01  -1.7908780e-01  -7.1412454e-02  -4.5069016e-01  -3.3738067e-01  -2.0371520e-02   2.6902946e-02  -4.2179316e-01  -2.9723188e-01  -2.3646211e-01  -5.9428327e-01  -6.8313303e-02   1.7793091e-01  -2.8242029e-01   1.7756038e-01  -1.2528706e-01  -3.4367252e-01  -9.7574903e-02   4.7895178e-01   6.0931245e-01  -1.2247753e-02  -3.9854837e-02  -2.3801859e-01  -2.4986563e-01  -4.7619511e-01   1.3380573e-01  -3.5023799e-01   6.7811810e-01  -5.6932747e-01   2.7889700e-02   4.6716786e-01   9.9984818e-02  -4.9773530e-01  -1.5490230e-01   3.7481585e-01   6.6648500e-01   8.3907015e-02  -6.1373101e-02   3.3069290e-01  -1.2235787e-01  -1.1142344e-02  -2.0508340e-01
   2.1051777e-02  -2.2278458e-01   0.0000000e+00   1.3747046e-01   1.0066522e-01   1.2978057e-01  -1.9181340e-01  -3.1000514e-02  -1.3492967e-01  -2.8249886e-01  -2.6185169e-01   3.5247904e-01   2.9925601e-02   1.3680002e-01  -7.0061286e-02  -6.3027213e-02   8.0388636e-01  -1.1672299e-01  -1.9082967e-01   1.9198191e-02  -2.4702264e-01   1.4740964e-01  -1.4405366e-01   5.9205344e-02   1.1827536e-01   5.3658995e-02  -1.7314766e-01   3.2312248e-01   4.9905515e-03  -2.5479951e-01  -2.5467214e-01  -2.3426698e-02   1.7747172e-01  -1.6738016e-02  -2.8666416e-01  -1.6342348e-01  -4.3826579e-03   2.6867036e-01  -7.9887563e-02   1.2550470e-01  -1.9726203e-01   1.8898021e-01   1.6931927e-01  -2.2852042e-01  -7.2296334e-02   4.5981913e-01  -1.2252656e-01  -2.8032112e-01   9.3623711e-03   6.2841683e-01  -1.5183083e-01   5.1657668e-02  -1.4704646e-01   3.8494167e-01   4.6238266e-02  -1.2899491e-01   2.0413724e-01   1.5097403e-01  -1.1431467e-01  -2.3284582e-01   5.6800326e-01   1.3578177e-01  -4.3560491e-02  -2.7374951e-01  -1.8887334e-01  -3.2168247e-01   3.1291746e-01  -4.3509659e-02  -2.3729748e-01   5.2747035e-01   4.9845993e-02   3.5019551e-02  -9.1761674e-02   4.0639354e-01   1.4903172e-01   2.2521057e-02   5.7159186e-01  -1.9564998e-02   4.0907975e-02   5.0691177e-02  -6.2342354e-02   2.3603542e-02  -1.8691069e-01  -8.7709945e-02   5.3609717e-01   1.8025549e-02  -4.6538067e-01   8.8327162e-02   1.1419313e-01   1.9902571e-01   1.3546776e-01   7.5659463e-01   2.4035275e-01  -9.3935545e-02   3.1295347e-01   1.6751442e-01  -7.2055520e-04  -1.8539651e-01   2.8011185e-02   4.8306534e-02   3.8235073e-01  -1.2928362e-02  -1.3429576e-01  -3.5177315e-01  -1.6515803e-01   2.1679921e-02   3.8216964e-01  -1.7742361e-01   2.7673965e-01  -1.1689423e-01   1.9738420e-01  -8.2624899e-02   1.7483820e-01   1.7174616e-01   3.1756801e-01   1.2789911e-01  -2.2285225e-01   7.3314261e-02   2.2496627e-01   9.7667171e-02   5.3624303e-01   1.8539814e-01  -9.5449808e-04  -2.4973693e-01   5.3274049e-01   1.7887739e-01  -1.7970814e-01   1.4047089e-01  -6.7442903e-03   3.7320515e-01  -2.8579633e-01  -3.0358510e-01   1.1889430e-01  -2.3582187e-01   2.4573193e-01   1.1747590e-02   3.2815717e-02  -3.3630347e-01  -1.0424066e-01   2.9837734e-03   2.3163684e-02   5.6289091e-02  -3.3876902e-02   3.6902870e-01  -7.6601897e-02  -1.5319388e-01   4.1719846e-01  -3.4682102e-01  -2.6916962e-01  -3.3442028e-01   4.7785695e-01  -1.7868203e-01   4.2011935e-01  -1.8653198e-01   3.3729119e-01   6.7584274e-02   4.0704310e-01  -1.8724007e-01   6.6921382e-01  -1.3027584e-01  -5.1935601e-02  -1.5447149e-01  -2.9440193e-01  -3.0727699e-02   6.3533256e-02  -1.0786956e-02  -2.4272035e-01   9.3500661e-02   4.1777917e-01   2.0251501e-01   1.0148002e-01   2.2262482e-02  -1.4179039e-01   3.4274013e-01   1.9371540e-02   2.3045471e-01   2.1481718e-01
  -1.1131400e-01  -5.3263715e-01   1.3747046e-01   0.0000000e+00  -3.6872342e-01   2.2004226e-01   8.5050418e-02  -9.5818425e-03  -2.6578365e-01  -4.6031141e-04   8.4047067e-02  -2.5029663e-01   1.3781686e-01  -3.0983485e-02   3.5608246e-01   1.6097169e-01  -3.4669971e-02   5.0696705e-01  -1.7701325e-01  -3.3955746e-01   1.5008775e-01   6.9377216e-01   2.3371967e-01  -1.3935005e-01   3.6315825e-01   1.1463067e-01  -2.9895441e-02   1.5525123e-01  -6.1893070e-04   4.8566778e-01  -2.0528034e-01   4.5924087e-01   5.8876450e-03  -2.0067561e-01   3.3481213e-01   5.4353294e-02  -2.0617672e-01   2.9121574e-01  -8.6910851e-02  -2.6105352e-02   8.2746153e-02   1.5712649e-01   1.8678362e-01  -2.9362440e-01   4.0746839e-01   2.3121862e-01   3.6570305e-01  -1.0413708e-01  -3.0165797e-01  -1.6302158e-01   5.9951308e-01   6.2922813e-02  -5.2809974e-01   2.0189657e-02  -8.2375770e-02   2.2241579e-01   4.7743287e-01   6.1437746e-01   5.2008852e-01   5.1403367e-01   1.9522978e-01   1.8444852e-01  -3.6569413e-01  -3.5132471e-01  -2.5610349e-01   1.0712529e-01  -9.6661240e-02   4.4056587e-01   2.8922891e-01   2.1383022e-01  -6.5003870e-01   8.5815989e-01  -9.3136700e-02   3.1845593e-02  -3.1657014e-02   4.5648686e-01   1.6114146e-01  -1.9187854e-01  -4.8319852e-01   2.4784342e-01   3.3684083e-01  -7.3412751e-02  -5.9687594e-01  -1.0895626e-01   2.9596338e-02   3.4989256e-01  -5.3302070e-01   1.9473079e-01  -4.8169198e-01  -8.5107366e-02  -4.0022319e-01   3.9878154e-01  -1.0081522e-01   6.2845839e-01   1.7711605e-01  -4.7372197e-01   3.2885491e-01  -1.5119776e-01   2.0925322e-01   3.1889407e-01  -5.2056042e-01   1.8323821e-01   3.1789641e-01   5.9917848e-02   6.7537117e-01   6.4436329e-01  -1.1520875e-01   2.1991600e-01  -3.5189984e-01  -1.7367633e-01  -1.5532580e-01   6.5840414e-01   7.2314845e-01   9.8436126e-02  -6.0299936e-02  -4.2244104e-01  -1.0596796e-02  -1.6117158e-01  -2.8393374e-01   8.8035562e-01   1.8729978e-01  -3.5425705e-01  -4.0746838e-01  -2.1003572e-01   1.6176701e-01   4.2941302e-01   5.1595941e-01  -2.7261526e-01   6.9055575e-01  -2.3989588e-01  -1.1423214e-01  -3.1408107e-02   2.4850010e-01  -3.9482166e-01   2.8347012e-01   1.9012510e-01   3.2090873e-01  -1.4214104e-01   3.6365233e-01   1.7181742e-01  -1.3635304e-01  -6.4590442e-02   2.9016990e-01  -8.6287013e-02   2.9967075e-01   4.5554823e-01  -3.5874265e-01   7.9429133e-02   3.7469892e-01  -2.3145385e-01   1.0214360e-01  -7.6813238e-03   1.2903834e-01  -4.5716585e-01  -5.0896670e-01   3.9706265e-02   5.9383757e-02   2.1093749e-01   1.7226216e-01   4.0242093e-01   2.9981335e-01   2.6430721e-01  -4.2213223e-01   7.8512413e-01   4.0665902e-01  -3.3833900e-01  -5.8260669e-02   3.3352640e-01  -1.0073170e-02  -5.5854748e-01  -3.7103191e-01  -1.0704481e-01   5.4280367e-01  -4.2451510e-01   3.0580890e-01  -1.0295208e-01   6.2294406e-01
   2.1363931e-02   6.3704635e-01   1.0066522e-01  -3.6872342e-01   0.0000000e+00  -4.4295076e-01  -1.0344619e-01  -6.3287624e-02   4.6154406e-01  -1.5777118e-01  -8.2217711e-02   2.1364932e-01  -1.1223415e-01  -4.3379549e-01  -4.2184195e-01  -2.3220617e-01   3.0867806e-01  -2.2465438e-02  -2.8108289e-02   8.3998829e-01  -5.5906438e-01  -4.5358973e-01  -3.6756266e-01   1.8641380e-01  -4.2323425e-02  -1.0193358e-01   3.0072150e-01  -2.4332095e-01   2.6280479e-01  -4.4063427e-01  -2.3052758e-01  -2.4368363e-01   1.0240491e-01   3.2036543e-01   5.9087587e-02   5.4979256e-01   2.8327311e-02   5.7467676e-02  -2.1143528e-02   2.3993972e-01   2.3752013e-02  -1.8918577e-01   3.5311891e-03   4.4324769e-02   2.7017902e-01   1.2046982e-01  -1.0990718e-01  -2.9548889e-01   4.9442767e-01   2.0827562e-01  -3.3006105e-01  -7.1376834e-02   7.1344005e-01   2.1018326e-02  -1.4905714e-01  -4.0964226e-01  -5.5766112e-01  -1.5539428e-01  -2.3493505e-01  -5.1096667e-01   1.0726316e-01   1.8496917e-01   5.0262575e-01   1.4421856e-01   6.3625944e-01   1.9688887e-01   1.0339493e-01  -8.3441588e-02  -4.5151720e-01   4.6569737e-03   5.8376519e-01  -4.0034861e-01  -5.2182652e-02   4.6456265e-02   2.2468229e-02  -2.7358986e-01   2.1233013e-01  -4.4020692e-02   7.4225813e-01  -1.0923177e-01  -5.7196665e-01  -1.0779623e-01   1.3814918e-01   5.5467363e-02  -1.1807995e-02  -1.6565030e-01   2.4311194e-01  -3.5605421e-01   5.4647297e-01   1.7911090e-01   8.1465923e-01  -3.1321204e-02  -1.1185905e-01  -2.6357078e-01   2.2404387e-01   6.7479409e-01  -2.3216584e-01  -2.7190333e-01   4.5773880e-01  -5.0015776e-01   1.5726555e-01  -2.9938507e-01  -6.4316610e-01   1.1244913e-01  -4.2205521e-01  -2.8592362e-01  -5.9019578e-02  -4.5684038e-01   2.2961407e-01   2.4809529e-01  -3.5253438e-01  -4.7585495e-01  -2.0251733e-01   1.5988971e-02  -2.5919891e-01   6.1505994e-01  -2.4102987e-01  -2.5233178e-02  -8.7252826e-02  -4.6121307e-01   1.9033527e-01   7.5309987e-01   4.7843751e-01   2.9637084e-01   3.0475050e-01  -4.3820790e-01  -3.1343921e-01   2.1859392e-01  -4.9766999e-01   3.7068629e-01  -8.1849769e-02  -1.3651111e-01  -1.3195364e-01   2.3909291e-01   6.9529914e-02  -1.7302370e-01  -1.0162881e-01  -4.1631917e-01  -2.5209579e-01  -2.2384556e-01   1.4920578e-01   1.5550823e-01  -3.3018931e-01  -1.9158225e-01  -4.1118691e-01  -6.7382549e-01  -3.0990122e-02   3.3583887e-01  -1.1163694e-01  -3.4134798e-02   1.2561860e-01  -4.1312009e-01   1.2873384e-02   3.0567833e-01   6.3907610e-01   9.8975359e-02   2.4578543e-01  -3.6281631e-01   7.0972383e-02  -5.4779735e-01   2.5728021e-03  -4.4596159e-01   6.3116330e-01  -4.6260960e-01  -1.8377751e-02   2.6913865e-01   9.3659754e-02  -4.7048025e-01   1.1415832e-01   3.5366628e-01   7.1616488e-01   9.1663099e-02   4.4259713e-02   4.0150940e-01  -6.9035753e-02   1.2864554e-01  -3.3402560e-02
  -1.6074890e-01  -5.2951789e-01   1.2978057e-01   2.2004226e-01  -4.4295076e-01   0.0000000e+00   3.8801850e-01   1.7660679e-01  -5.7729388e-01   2.1200733e-01   1.5512172e-01   6.4527735e-02  -2.8236572e-01   3.3766099e-01   2.7307837e-01   4.9645957e-01  -1.3201477e-01   1.0716732e-02   2.9624742e-01  -1.7745318e-01   5.0158471e-01   2.9111328e-01   2.6585827e-01  -3.0314956e-01   1.4063503e-02   3.4970919e-01   1.0327376e-01   1.4957960e-01  -1.0559432e-01   3.7958704e-01  -5.5689442e-03   1.2008663e-01   3.0675538e-01   2.0054900e-01   6.9964308e-02  -1.2537997e-02   1.5371264e-01  -2.7291455e-01   1.2425295e-01   2.0632910e-01   2.6280564e-02   4.5205416e-01   1.2132936e-02   1.0411347e-02  -2.4557521e-01   9.4030375e-02   3.3864939e-01   2.3369876e-01  -4.8170678e-01   3.3591575e-02   1.8185702e-01   1.9364517e-01  -4.2394471e-01   1.7847808e-01   9.5588320e-02   5.1495505e-01   7.7420793e-01  -5.0608326e-02   2.6145493e-01   3.4586731e-01   8.2043074e-02  -3.1341809e-01  -5.3938576e-01  -2.7751579e-01  -5.9381678e-01   1.4737137e-01   5.2935910e-01  -1.8889021e-01   6.3445516e-01   2.5969149e-01  -4.7210020e-01   1.6108318e-01  -4.3191598e-02   1.4089016e-02   7.6225087e-02   1.0096291e-01   6.6854610e-02   2.5784354e-01  -4.8142330e-01  -8.0289562e-02   5.6549680e-01   7.9900860e-02  -1.4127378e-01   2.9611936e-01   1.9581889e-01  -8.8575906e-02  -3.5557493e-01   5.7923554e-02  -4.0626672e-01  -2.5202514e-01  -3.2736880e-01   1.9924202e-01   5.3906040e-01   2.3081596e-01  -3.0179030e-01  -2.8755195e-01  -1.6896800e-01   2.6814611e-01  -3.1469550e-01   4.4904934e-01  -4.2959870e-02   2.7989846e-01   6.5330295e-01  -3.2401919e-01   2.6364528e-01   1.5701671e-01   1.9225299e-01   6.9287118e-01  -7.6028222e-02   1.4080470e-01   2.4561069e-01   3.3057183e-01  -2.1221075e-02  -9.5738888e-02   2.9708380e-01  -4.2280276e-01   3.8418648e-01   6.3842579e-02   1.7695188e-01   2.5675752e-01  -4.2974425e-02  -1.5509079e-01  -1.3231767e-01  -3.3673698e-01  -1.3769175e-01   3.3735041e-01   2.0160248e-01  -1.6185941e-01   2.5369027e-01  -1.4111093e-01   6.4549444e-02   1.2830622e-01  -9.1121344e-03  -3.4780152e-01  -2.5459802e-01   1.4814248e-01   1.7879731e-01   3.2480214e-01   8.4369535e-02  -1.3505572e-01  -3.5568252e-01  -3.6240043e-01   4.8180445e-01   5.2098701e-01   1.2447211e-01   4.9468554e-01   2.3493463e-01   3.6159009e-02   3.8110683e-01   1.6624826e-02  -5.5138510e-03   5.0306948e-01  -3.5395910e-02  -1.4279195e-01  -4.0084263e-01  -3.6877712e-01  -1.5730107e-01   2.0984721e-01   9.2751776e-02   4.7036887e-01   1.1567965e-01   4.2794333e-01  -3.8910636e-01   1.9976652e-01  -4.0458818e-02  -2.6651993e-01   3.4100283e-01   4.6176887e-01  -2.9939546e-02  -2.0162136e-01  -2.6953390e-01  -4.1674860e-01  -1.9019471e-01   7.9023214e-02   4.5611199e-02  -8.2970181e-02   6.8421157e-02
  -1.3656109e-01   8.7333474e-02  -1.9181340e-01   8.5050418e-02  -1.0344619e-01   3.8801850e-01   0.0000000e+00  -1.8076991e-01  -1.6194561e-01   6.9244663e-01  -6.4075573e-02   1.4968333e-01  -2.1274155e-01  -3.6250541e-01   4.6499799e-01   8.2747868e-02  -4.4161708e-01   5.0125739e-02   1.6962333e-01   2.1709905e-01   2.2379847e-01   1.0666130e-01   5.2660562e-01  -2.1211301e-01   1.5142718e-01   2.0250510e-02   5.7294494e-01  -2.2521288e-02  -1.8962794e-02   7.5081316e-02  -1.1406579e-01  -1.6929720e-01  -3.7846657e-02   7.4121600e-01   2.2118145e-01   3.8376491e-01   7.9273563e-02  -1.4045414e-01  -2.7277708e-01   2.7531119e-01  -5.7507262e-02   2.0862761e-01   1.3415020e-01  -1.1612042e-01   3.4570728e-01  -1.5376964e-01   2.2443777e-01   4.7974174e-01  -2.3650972e-01  -3.5604974e-01   7.1491228e-02  -1.9061287e-01   4.1618859e-02  -8.3789930e-02  -3.4497986e-01   2.1797183e-01   1.4334770e-01  -2.2646552e-01   4.7282947e-02   2.4732747e-01  -2.3166581e-01   1.6033618e-01  -1.6207353e-01  -3.9534153e-02  -1.6805198e-01   6.9080068e-01   2.4429627e-01   1.2325537e-01   2.3678027e-01  -1.0507422e-01  -8.7648704e-02   4.4972487e-02  -4.6928089e-02  -1.4034804e-01   1.2839422e-02  -2.0124983e-01  -1.3099551e-01  -7.3711403e-02   1.5386556e-02  -2.0907009e-01   2.9538982e-01   8.4565029e-02   5.3401622e-02  -7.9965748e-03  -1.0491947e-01  -2.7956668e-01  -1.5152227e-01  -1.2961292e-01  -3.2808817e-01  -1.0547160e-02  -1.3537763e-01  -5.1139401e-02   4.1409247e-01   2.7490722e-01  -3.4390884e-01  -2.7045625e-01  -1.6066436e-01   2.8415934e-02   6.5712457e-03   2.9771357e-01  -3.2583970e-01   4.4658135e-01   1.2979609e-01   2.5449701e-01   5.5198474e-02  -1.4487745e-01  -4.1931556e-01   2.3303766e-01  -1.9421138e-01   1.5396313e-01   3.2105618e-01   2.5189219e-01   5.7700869e-02  -5.9915788e-02   3.1287908e-02  -2.8020590e-01   4.0463731e-02   1.4053680e-01  -1.8136350e-01   6.9460710e-02  -2.0162915e-01  -8.5988263e-02   1.4420476e-03   1.3087649e-01  -2.9816428e-02  -1.6642663e-01   5.4379717e-01  -3.8212414e-01  -1.0486309e-01  -1.9686064e-01  -1.6148119e-01   5.2181334e-01  -2.1109339e-02  -1.5607648e-01  -1.2172587e-01  -3.1276438e-01   5.8570136e-02   2.7361900e-01  -2.5643010e-01  -2.2589799e-01  -2.7727148e-01  -4.0533144e-01   6.7700666e-02   2.1782298e-01   3.6229284e-01   4.1390996e-02   2.0557285e-01   1.3339129e-01   2.9501288e-01   1.3401583e-01  -9.2376378e-02  -7.2609299e-03  -8.2542813e-02   1.2130874e-01  -1.4405025e-01  -1.3463617e-01  -1.3842023e-01  -3.7176540e-02  -2.4783106e-01   4.6286397e-01   2.8954046e-01   6.2117021e-02   2.2210367e-01  -2.2809387e-02  -9.4074602e-02   2.2121243e-01   6.0717856e-01  -3.0301225e-02  -8.2339377e-02  -3.6278707e-02   5.3973285e-02  -2.5563092e-01  -2.1547991e-02  -2.2161403e-03   9.3081981e-02  -2.7247704e-01   9.7313374e-02
  -1.3008346e-01  -1.1874630e-01  -3.1000514e-02  -9.5818425e-03  -6.3287624e-02   1.7660679e-01  -1.8076991e-01   0.0000000e+00  -2.4144431e-02   2.8607980e-02   2.9179941e-01  -1.0174416e-01  -2.8142592e-01   1.6802185e-01  -1.9798381e-01   4.6003071e-01  -8.4139087e-02  -6.3864106e-02   3.1761607e-01  -8.8837479e-03   1.4844189e-01   1.3728865e-01  -2.9772465e-02  -1.5942068e-01  -1.6845550e-01   5.4248588e-01  -3.4321228e-02   1.5252915e-01   9.5745852e-02   1.6759939e-01   1.3347502e-01   1.2579039e-01   3.0578777e-01  -4.2357004e-02  -1.3067570e-01  -7.4560696e-02   3.5143835e-02  -1.7279881e-01   3.9698119e-01   1.2720244e-01   1.9108495e-01   1.5140099e-01  -1.7632083e-01   4.9999722e-01  -3.3406422e-01   9.9940979e-02   1.8895427e-01  -5.9181735e-02  -9.0374745e-02   8.4997008e-03   1.0615334e-01   6.1972515e-01   3.5668478e-03  -1.4095087e-01   3.0807305e-03   2.9866479e-01   1.8171075e-01   6.0662511e-02   2.0253795e-01   1.7162768e-01   5.1084488e-02  -4.7748385e-01  -1.1930501e-01   2.2125841e-01  -1.8209032e-01  -7.6222194e-02   8.8188179e-02  -2.0311825e-01   2.8490649e-01   1.3191215e-01  -5.2956592e-02  -1.5636678e-01   9.4278848e-02  -3.1508973e-02  -1.0665634e-01   4.7088679e-02  -3.8357213e-02   2.0032806e-01  -6.3102183e-02  -3.6898301e-02   3.0246078e-01   6.3820608e-02   4.6379185e-02   7.0446338e-01  -1.2459545e-01  -8.8780785e-02   6.1863660e-02  -1.0929942e-02   8.6990369e-02  -1.4314607e-01   4.3134198e-02   3.4807864e-03  -5.3976491e-02  -2.7377084e-02  -1.2175488e-01   2.1179751e-02  -1.6481169e-01   1.1145310e-01  -1.7064232e-01   1.0743468e-01  -5.4827255e-02   3.6171619e-02   4.2434007e-01  -2.0037641e-01   3.4365795e-02   3.4427974e-01  -1.3814628e-02   3.1454565e-01   5.8599972e-03   6.3412223e-02   2.1283190e-02   8.8024547e-03  -4.6650520e-02  -1.3065062e-01   4.0770884e-02  -1.1222508e-02   4.8416885e-01   8.5535951e-02   1.3884638e-01  -1.6144476e-01  -6.2140803e-02   4.6487714e-02  -1.0280316e-01  -1.4744318e-01  -1.5079853e-01   2.5199836e-01  -1.8030777e-01  -1.8410070e-01   1.6208576e-01  -4.7315870e-02   2.1358325e-01  -1.1722284e-01   3.6494126e-02  -2.0572232e-03  -1.5472273e-01   3.3892238e-01  -3.8600912e-02   1.6785700e-01   1.6828211e-01  -1.3529314e-01  -1.4439054e-01  -1.3285009e-01   2.6589120e-01   3.2881176e-02  -1.6335753e-01   1.1813395e-01  -1.0762151e-02   8.5834630e-02   7.9817658e-02   2.1309562e-01  -4.4701869e-02   5.5975879e-01  -1.6288091e-01  -8.7189428e-02  -1.2892285e-01  -2.5134208e-01  -1.5156125e-01   1.5753541e-01   1.2826347e-02   1.7366205e-01   1.8189405e-02   3.0976398e-01  -5.8198301e-02  -9.6529780e-02   1.4157479e-01  -1.5341733e-01  -7.5258851e-02   2.1692215e-01  -1.7058997e-01  -8.2888219e-02  -1.3903665e-01  -3.3598562e-01  -1.5551871e-01  -1.4630816e-02  -1.4902913e-01  -1.8202861e-01   8.9199297e-02
   9.3826661e-02   7.4698718e-01  -1.3492967e-01  -2.6578365e-01   4.6154406e-01  -5.7729388e-01  -1.6194561e-01  -2.4144431e-02   0.0000000e+00  -2.3346289e-01  -1.0143597e-01   1.6625720e-01  -2.7204204e-02  -3.8540370e-01  -2.5480640e-01  -2.7867731e-01  -2.1538674e-02  -2.3321704e-01   1.0163134e-02   2.9882066e-01  -4.7271079e-01  -4.2980245e-01  -3.6557614e-01   1.6890706e-01  -1.7618653e-02  -5.6243361e-02   2.0695694e-01  -1.9707201e-01   2.5684265e-01  -3.1056447e-01  -2.6378623e-02  -2.4899875e-01  -7.3977665e-02   3.9999767e-03   1.5632105e-01   1.2125346e-02  -5.8987584e-02   3.3755847e-02  -9.0851879e-02   1.2474870e-01  -5.1504502e-02  -1.8717176e-01   1.6598262e-01   8.3317299e-03   3.1382917e-02  -1.7262139e-01  -3.3942280e-01  -1.6299250e-01   4.6380816e-01  -9.2163420e-02  -3.8375678e-01  -2.2897345e-01   5.2943384e-01   9.1237346e-02  -8.3474193e-02  -4.5620214e-01  -5.5919170e-01  -1.8766643e-01  -1.3533247e-01  -3.2490653e-01  -6.6116526e-02   2.1818173e-01   8.1713095e-01   3.3861352e-01   7.2567536e-01  -8.0310920e-02  -1.1265757e-01   2.0098006e-01  -4.0430292e-01  -2.2326815e-01   5.7997785e-01  -3.6896773e-01  -8.7278279e-03   2.6190652e-02   5.1947984e-02  -3.4495505e-01  -2.6921123e-02   9.1167468e-02   6.2329109e-01   1.7172284e-01  -4.8702201e-01  -4.8112431e-02   2.2598140e-01  -1.0231103e-01  -1.9380553e-01  -1.2787386e-01   4.8812665e-01  -9.3600727e-02   5.9321861e-01   2.7694850e-01   5.4967432e-01  -1.7362355e-01  -4.8747540e-01  -5.8979500e-02  -5.2828652e-02   4.9175963e-01   1.7482193e-01   1.4169919e-01   5.4242824e-01  -5.6090617e-01   9.2057052e-02  -3.6450850e-01  -5.5793028e-01   4.2419334e-01  -4.7124873e-01  -2.5882659e-01  -1.3356511e-01  -2.1345655e-01  -7.6441563e-02  -2.0620510e-01  -2.9669545e-01  -4.5328135e-01  -2.8615993e-02  -1.6420574e-02  -2.2176764e-01   4.8060084e-01  -2.2626823e-01  -1.4917985e-02  -7.8036813e-02  -3.1697203e-01  -4.5045897e-02   3.8931062e-01   4.9183618e-01   5.0927089e-01   1.1657415e-01  -3.8739336e-01  -2.9926369e-01   1.4043260e-01  -3.4491111e-01   1.0564995e-01  -1.2225748e-01  -2.3788658e-01  -8.1485053e-02   3.4021828e-01   3.3163551e-01  -2.6160480e-01   1.7412910e-02  -1.3822681e-01  -3.3773922e-01  -3.2858360e-01   5.4598928e-02   5.5787707e-02  -3.2900954e-01  -3.4081518e-01  -1.7789116e-01  -5.4871692e-01  -9.5114623e-02  -1.9774144e-02  -3.7703895e-01   8.7061752e-02   7.6173922e-02  -4.0491895e-01   1.6712712e-01   1.8821988e-01   4.9444205e-01   6.1458411e-02  -2.6297481e-02  -9.1206582e-02  -1.3804157e-01  -5.0601611e-01   2.2580739e-01  -2.6738724e-01   4.0792506e-01  -4.6277745e-01   1.1120616e-01   3.7914004e-01  -1.1224190e-01  -4.7531376e-01  -2.5651556e-02   4.8680171e-02   4.9957559e-01   7.1495231e-03   1.1841785e-01   4.2513405e-02  -2.2109097e-02   4.3692176e-02  -7.1072645e-02
   7.6453386e-03  -6.4800133e-02  -2.8249886e-01  -4.6031141e-04  -1.5777118e-01   2.1200733e-01   6.9244663e-01   2.8607980e-02  -2.3346289e-01   0.0000000e+00   8.4271706e-02  -1.4356416e-01  -4.4711602e-02  -2.1424214e-01   3.1296171e-01   8.7220899e-02  -4.0571906e-01   4.0555109e-02   1.0924374e-01   1.1369144e-01   2.0193680e-01   2.2451786e-01   6.7555881e-01  -8.1370853e-02  -1.0455078e-01  -9.6421118e-02   3.7760971e-01   9.9220714e-02  -1.6127026e-01   6.8164193e-02  -9.7448431e-02  -1.3543154e-01  -2.3222231e-01   6.0974741e-01  -4.7868418e-02   3.0428093e-01   7.9132186e-02  -5.1447078e-02  -7.4072276e-02   1.7270180e-01   1.1290733e-01  -7.3617185e-02  -1.6534559e-01   9.7330871e-02   2.6313284e-01  -1.1662758e-01   2.8334575e-01   3.4916462e-01  -2.9249324e-01  -2.8720137e-01   1.6813658e-01   3.2044256e-02  -9.4590843e-02  -3.6858611e-01  -2.0510352e-01   4.0898188e-01   4.6571019e-02  -7.8073710e-02   3.4505482e-02   1.7996352e-01  -1.4057572e-01  -7.4000368e-02  -2.5445284e-01  -6.1373992e-02  -3.2613866e-01   6.2949093e-01  -3.1905943e-03   5.6677741e-02   2.8429040e-01  -9.8389162e-02  -1.0313788e-01  -1.4680918e-02   7.7178191e-02  -1.1104681e-01  -1.7777483e-01  -5.4804389e-02  -1.5050998e-01  -2.1030763e-02  -3.2921822e-02  -2.3032676e-01   4.3368710e-01  -9.9040195e-03   4.7454842e-02   3.9097237e-02  -1.1898544e-01  -2.4280586e-01  -2.7377342e-02  -1.3683750e-01  -4.2438822e-01   2.6135661e-02  -2.3202868e-01  -1.7022824e-01   2.4245754e-01   8.5729731e-02  -1.2634503e-01  -3.0438230e-01  -1.9488267e-01  -3.0242364e-02  -1.6928486e-01   3.2783773e-01  -3.4027699e-01   4.8630449e-01   2.3072057e-01   7.6889614e-02   1.2626822e-01  -2.9425155e-03  -4.1589426e-01   1.8358779e-01  -2.2468898e-02   1.4141391e-02   3.6315012e-01   2.5416781e-01  -9.0351593e-02   6.4549772e-02   7.6396639e-02  -4.1767436e-01   2.5780585e-01   2.9112447e-01  -2.4335637e-02   1.5869739e-02  -2.2230669e-01  -2.0467616e-01  -2.3382939e-01  -1.7987025e-01  -1.3905421e-01  -9.8186129e-03   4.4679082e-01  -4.6791834e-01   2.1097088e-02  -1.0576812e-01   2.1740009e-02   5.8317173e-01   1.4025821e-01  -1.4312145e-01  -2.6062229e-01  -7.8635553e-02  -8.5146203e-02   2.8451079e-01   8.1352657e-03  -1.2456625e-02  -5.0490470e-02  -2.5133434e-01   2.3009108e-01   2.3624561e-01   2.2254837e-01   7.8729830e-02   1.3557746e-01   9.4324904e-02   2.9400459e-01   1.6582053e-01  -8.8047572e-02   1.0058290e-01  -2.9290619e-01  -2.3734718e-02  -2.4526152e-01  -1.4593386e-02  -1.0761823e-01   1.2808934e-01  -2.7551413e-01   5.6267835e-01   2.9013078e-02   2.2590994e-01   2.4423181e-01  -3.2145662e-03  -1.8380901e-01   2.5921230e-02   4.3838074e-01   5.4366239e-02  -1.0392404e-01  -1.5281962e-01  -1.9577232e-01  -2.2027030e-01  -8.5450359e-03  -1.1955412e-01  -1.9352039e-01  -4.6952527e-01   6.5110636e-02
   2.4307286e-01  -1.1950686e-01  -2.6185169e-01   8.4047067e-02  -8.2217711e-02   1.5512172e-01  -6.4075573e-02   2.9179941e-01  -1.0143597e-01   8.4271706e-02   0.0000000e+00  -1.6712777e-01   8.2283539e-02   1.8786059e-03   2.6541776e-01   5.1337394e-01  -2.5021963e-01   5.4924764e-01   1.4946754e-01  -8.7458468e-02   1.2375273e-01   9.6986412e-02   1.8929561e-01   1.0601245e-01  -1.2766385e-01   4.0671905e-01  -1.4833428e-01   2.7870135e-01  -1.4806001e-01   5.6178206e-01   1.2382445e-01   2.3431980e-01   6.9888872e-02  -9.5379732e-02   2.1858478e-01   3.2247427e-01  -3.4098009e-01  -1.7100377e-01   4.6046141e-01  -2.4000443e-01   6.3835098e-01  -1.7022185e-02  -2.2152831e-01   6.8023503e-01   1.6910823e-01   3.9711982e-01   7.0286254e-01  -1.7874566e-01  -3.5688078e-01  -4.2528081e-01   5.9159946e-01   4.8471346e-01  -4.6490252e-02  -4.1097014e-01   1.1911675e-01   6.1090200e-01   2.6245154e-01   2.4119996e-03   3.9691205e-01   3.8606194e-01   3.0879561e-01  -3.3128709e-01  -2.1700577e-01   3.4363102e-01  -3.0710564e-02   3.3379059e-01  -1.8702929e-01  -2.3584565e-01   4.6188364e-01   3.2940246e-01  -4.4718939e-01   1.8451221e-01   3.9343708e-01   1.1137031e-01  -4.3476877e-01   2.2202116e-01   1.6485597e-01   2.6767817e-01  -2.7107428e-01  -2.1751171e-02   2.0899286e-01   1.5829128e-01  -1.5951832e-01   3.7224960e-01   7.2502799e-02   4.1537202e-02  -8.1692144e-02  -1.2017470e-01  -1.8320113e-01   1.5692298e-01  -2.4402970e-01   6.3113956e-03  -1.6259088e-01   2.4165952e-01   6.1850843e-03  -4.2676879e-01  -1.2949265e-01  -1.5339142e-01  -1.2764292e-01   2.8144507e-02  -3.4691865e-01   4.6593157e-01   2.1754082e-01  -3.7186895e-02   3.2885472e-01   1.6494436e-01  -2.7005147e-01   2.6325344e-01  -2.0457655e-01   4.6612043e-01  -2.3564334e-01   2.3766039e-01   3.0444388e-02   2.0119513e-01  -6.0391469e-03  -3.6206515e-01   4.6509212e-01   3.8571509e-01   3.8845387e-01   1.4173072e-01   5.7094139e-02  -3.4260457e-01  -1.7046285e-01  -8.2216632e-02   5.4924774e-02   3.6483451e-01   2.9004325e-01  -2.6895871e-01   2.5545560e-01   1.9682072e-01   5.1380876e-01   1.1944345e-01   3.2263424e-01   7.1042758e-02  -2.8663444e-01   2.4492827e-01  -1.7046488e-02   5.3191885e-02   3.7612075e-01  -8.4376113e-02   8.4074430e-02  -5.1514247e-02   6.3214601e-01   6.8804552e-02   8.2234398e-02   1.6394293e-01  -5.1709827e-01   6.2214190e-01   6.3436545e-01  -1.0722421e-01   1.3336081e-01   1.9015874e-01  -2.5588837e-01   2.9240590e-01  -4.4757627e-01  -9.4774166e-02  -2.9337215e-02   5.7593802e-01   8.6160669e-03   1.0211195e-01  -1.4089973e-01   7.1264086e-01   1.6130306e-01   1.2566770e-01  -5.1502703e-02  -3.7217586e-01   4.7263655e-01   4.1911728e-01   9.8703322e-02  -3.6614418e-01  -9.6098849e-02  -3.1676569e-01   4.1520276e-01  -4.9637842e-02  -2.3110359e-01  -3.6738487e-01  -7.1530355e-02
  -4.2774830e-02   2.3600113e-01   3.5247904e-01  -2.5029663e-01   2.1364932e-01   6.4527735e-02   1.4968333e-01  -1.0174416e-01   1.6625720e-01  -1.4356416e-01  -1.6712777e-01   0.0000000e+00  -1.6396975e-01  -9.9101753e-02   1.6912889e-01   1.9036326e-01   2.3249805e-01  -2.5679887e-01   2.5361188e-02   3.0003503e-01  -2.9674596e-01  -2.4875668e-01  -2.1393945e-01  -1.5665828e-02   6.6972537e-02   1.4996622e-01   1.9176068e-02  -1.0522707e-01   1.5052645e-01  -2.8431414e-01  -1.4211919e-01  -3.7531485e-01   2.6136919e-01   2.8187613e-01   2.1666713e-01  -2.4575996e-02  -5.5583176e-02  -7.1201910e-02  -4.3957603e-02   2.7684598e-01  -1.0950500e-01   3.5029460e-01   4.4462494e-01   3.4899065e-02  -2.9944160e-02  -2.7910240e-02  -1.9496123e-01  -3.6617162e-02   9.2360496e-02   3.0507736e-01  -2.9852007e-01  -1.7962092e-01   1.1824276e-01   3.3244772e-01   6.0749675e-02  -1.3891185e-01   4.5852663e-02  -3.5521927e-01  -2.7991230e-01  -5.7610558e-02  -1.0941783e-02   1.2362635e-01   2.6058505e-01  -2.5356324e-02   9.3183638e-03  -7.1653587e-03   1.4807867e-01   3.4895511e-02  -2.0352890e-01   2.8038412e-01   3.3884142e-01  -3.2697179e-01  -8.1416635e-02   1.0400627e-01   2.0033448e-01  -3.4336647e-01  -5.4433763e-02  -7.5305586e-02   3.6621253e-01   3.0803766e-02  -2.7179762e-01   1.9460798e-01   1.4903710e-01   6.3722401e-02   2.7121487e-01  -2.2928632e-01  -1.0687854e-01  -3.9312103e-02   4.5784472e-01   7.7907602e-02   2.2592507e-01   1.7856917e-01   4.6475274e-01   5.4960108e-02  -1.9400590e-01   2.8420529e-01   7.8347807e-03  -2.4183882e-02   1.6136606e-01  -4.0388724e-02   4.1026608e-01   1.7501767e-01  -2.2210927e-01  -3.4382629e-02  -4.0091255e-01  -3.3515220e-01   2.4212290e-01  -6.9553087e-02   2.7993528e-01   4.8328909e-02   3.1465579e-01  -2.8212480e-01   6.4158771e-03  -1.6217721e-02   1.4285516e-01   2.9306700e-01  -1.8727595e-01   2.1286345e-01   1.7018378e-01  -3.1773570e-01  -3.9810013e-04   3.3727650e-01   4.3754263e-01   1.0755583e-01   1.4668257e-01   7.3834306e-02  -3.9833590e-02   8.3162519e-02  -3.2867911e-01   3.3586708e-01  -1.0872561e-01  -1.9713525e-01  -2.5641173e-02  -7.5461588e-02   2.8695890e-01  -3.6553879e-01   1.0320986e-01  -1.4162312e-01  -4.4303897e-01  -2.7333812e-01  -1.5181309e-01  -1.8827022e-01  -1.3513259e-01   4.2168076e-01   1.3113775e-01  -2.8249608e-01   4.7854342e-01  -2.1487739e-01  -1.8095762e-01  -1.8443698e-01   9.0488528e-02  -1.7068515e-01   3.2055420e-01   5.8477168e-02   5.2662147e-01   2.6639369e-04  -1.5047728e-01  -2.0538722e-01   1.7748640e-01  -3.1129110e-01   1.1458507e-01  -1.5433140e-01  -6.6081006e-02  -4.6533468e-01  -1.2516285e-01   5.1020915e-01   9.1005685e-02  -8.7152644e-02   1.7456429e-01   3.7889574e-01   6.1126959e-01  -1.8602870e-01  -2.8321700e-01   4.5740307e-01   5.9993179e-02   1.6781652e-01  -1.4055844e-01
   5.3101435e-02  -1.5975093e-01   2.9925601e-02   1.3781686e-01  -1.1223415e-01  -2.8236572e-01  -2.1274155e-01  -2.8142592e-01  -2.7204204e-02  -4.4711602e-02   8.2283539e-02  -1.6396975e-01   0.0000000e+00   7.0524229e-02   9.4512231e-02  -2.3207455e-01   2.9943189e-02   1.5783631e-01  -1.8159732e-01  -1.1440589e-01  -1.4737005e-01   3.0551890e-01   1.9177370e-01   1.6954130e-01  -1.0426711e-01  -1.8612873e-01  -2.8824179e-01   1.8468619e-02  -1.4088583e-01   1.8587107e-01  -5.1906974e-02  -5.4787392e-02  -3.5005227e-01  -2.2572454e-01  -7.8289393e-03   3.4693076e-02  -3.6677845e-01  -7.3426238e-03  -8.0561720e-02  -2.1809498e-01   1.2856585e-01  -3.6604017e-01   1.2817395e-01  -1.8393663e-01   2.9869951e-01   1.4214410e-02   4.1245832e-02  -2.6708188e-01  -4.3927293e-02   5.3273141e-02   2.0371772e-02  -1.7580591e-01  -3.4231449e-01  -2.5611696e-01   1.8096112e-01  -7.1180134e-02  -1.8667693e-02   2.7263277e-01  -1.7813322e-01   1.3323217e-01  -7.8037543e-02   4.5829200e-01  -1.4621797e-01  -1.7011056e-01   3.1653087e-02  -1.3059658e-02  -3.2739400e-01   1.3085918e-01  -4.2947802e-02  -2.1017223e-02  -3.1399784e-01   2.8042043e-01   1.4462729e-01  -8.4189582e-02  -3.4405602e-01   1.1857558e-01  -1.6123966e-01  -2.6031157e-01  -1.9939859e-01   8.7836091e-02  -3.5563386e-02  -1.1298447e-01  -2.4122388e-01  -3.3002042e-01  -8.3484942e-03   1.0140821e-01  -2.5476763e-01   7.2555334e-02  -2.7569169e-01  -9.6263501e-02  -2.1960982e-01  -4.8927114e-02  -1.4688695e-01   1.3938270e-01   5.5913290e-02  -1.7192327e-01   3.8423107e-01  -2.2099472e-01  -5.7139180e-02   9.3348273e-02  -1.8817742e-01   7.6813867e-02  -1.1048484e-01   2.1967762e-01   1.1923281e-01   7.5671549e-02   1.2241172e-01  -2.3109834e-01   5.5397590e-02  -9.6567738e-02   4.9137015e-02   1.4803437e-01   1.1865061e-01   2.1228498e-03  -5.2659430e-02  -2.5918433e-01  -1.6874441e-01   3.5634007e-02  -1.0571095e-01   1.4742801e-01  -1.1569166e-01  -2.4200651e-01  -3.7539723e-01  -1.7919275e-01  -6.7212842e-02   5.8438655e-02   1.3025777e-01  -6.1409932e-02   2.8708417e-01  -1.5241826e-04   2.0332022e-01   4.2303934e-02   2.9560257e-01  -4.3112564e-02   8.6304504e-02  -1.0577327e-01   4.3969126e-02  -2.7710546e-01   8.7663651e-02   2.5676231e-01   2.4285324e-01   7.4014767e-01  -1.3612590e-01  -1.1939008e-01   1.0224018e-01  -1.0807826e-01  -2.4911411e-01  -1.4605582e-02   2.0150565e-02  -2.9114797e-01  -7.6646647e-02  -1.7969939e-01  -1.0577346e-01  -1.9610634e-01  -1.6357711e-01   2.2768734e-01  -8.4267603e-02  -9.0134700e-02  -1.1389101e-01   1.2143685e-02  -1.2851755e-01  -5.8018081e-02  -4.7277955e-02   2.8015914e-01  -8.9127258e-02  -6.3341656e-02  -1.6103459e-01   2.0631323e-03  -9.2768752e-02  -2.4568579e-01  -1.6502517e-01   2.3088160e-01   4.5461914e-01  -2.5719233e-01  -8.6981026e-02  -1.5654949e-01   1.3406504e-01
   2.4042888e-01  -4.9774649e-01   1.3680002e-01  -3.0983485e-02  -4.3379549e-01   3.3766099e-01  -3.6250541e-01   1.6802185e-01  -3.8540370e-01  -2.1424214e-01   1.8786059e-03  -9.9101753e-02   7.0524229e-02   0.0000000e+00   5.3808309e-02   1.0120052e-01   2.6462606e-02  -2.3312029e-01   2.6754611e-01  -4.3881331e-01   4.5882579e-01   6.5084687e-02   5.7689870e-04   9.2866773e-02  -1.7608713e-01   1.3125011e-01  -3.9210011e-01   3.2534020e-01  -2.1400335e-01   1.4608875e-01   5.1797715e-01  -1.6751880e-01   2.1937776e-01  -4.0027366e-01  -2.9689786e-01  -5.3461413e-01   2.8779279e-01  -7.1594562e-02   1.1570020e-01  -1.8941780e-01  -1.1413244e-01   1.2645110e-01  -2.3894540e-01   1.1601256e-02  -5.2374143e-01  -1.0014980e-01  -1.8680950e-01   1.6144515e-01  -8.2836655e-03   1.8593136e-01  -1.6079448e-01   2.1635977e-01  -4.2822785e-01   2.7368881e-01   6.8445544e-01   1.4672784e-01   4.3695778e-01  -1.0419993e-01  -7.5599882e-02   6.8568046e-02  -7.9343030e-02  -3.4044922e-01  -3.4116478e-01   8.0947561e-03  -3.4002080e-01  -5.3286511e-01   2.2065301e-02  -2.5179132e-01   2.0570469e-01  -1.5244980e-02  -2.6237720e-01  -9.3854359e-02  -1.1189886e-02   2.4387723e-01   1.3487567e-01  -8.5254812e-02  -1.0124798e-01   1.2373108e-01  -4.3178388e-01   1.0200922e-01   3.8317345e-01  -1.5371079e-01   4.5645439e-02   9.8871460e-02   4.5311503e-01  -8.5764952e-02   4.4826733e-02   5.5622565e-01  -8.1471503e-02  -6.6135861e-02  -3.1370755e-01   5.7404210e-02   8.5184104e-02  -1.6939553e-01  -1.0371342e-01  -9.5080463e-02  -3.4445431e-02   2.3963187e-01  -4.4027920e-01   4.4821801e-01   4.6145607e-01   8.7834967e-02   4.8022595e-01  -2.8774329e-01  -1.7650560e-03  -3.1931934e-02   6.4920886e-01   2.4925234e-01   2.4149121e-01  -3.0627975e-01   2.6206728e-01  -2.8453397e-02  -6.6071192e-02   1.9032691e-01   5.5600207e-01  -1.2188875e-01   4.7839555e-02   1.1351094e-02   3.8335422e-01  -4.2987638e-02  -7.4921871e-02  -1.4952863e-01  -3.5049886e-01  -2.8762513e-01  -2.3620367e-01   3.8809830e-01  -2.8182367e-01   2.7286297e-01   1.5156637e-01  -1.9792361e-01   1.2258376e-01  -7.4006942e-02   3.8069024e-02   2.9239437e-02  -2.0341371e-01   6.0173155e-02   8.5026675e-02   3.7191746e-01  -2.1901791e-02   2.4609011e-02  -4.1349923e-02   1.9916631e-01   6.2517383e-02   1.9413437e-01   1.6186429e-01   4.1974708e-01   2.0715175e-01  -3.3791874e-01  -2.1793630e-01   2.8486634e-01   1.2617437e-01   5.9332752e-01   1.0829934e-01  -1.2714798e-01  -3.2527111e-01  -1.0193947e-01  -1.9551476e-01   3.0030608e-02   4.9419421e-02   2.6823958e-01  -2.1476939e-01   5.0707087e-02  -5.3815264e-01   6.3775629e-02  -2.4115820e-01  -1.9763942e-01  -2.0051632e-01   4.7754340e-01   2.8229044e-02  -3.0566851e-02  -4.0733784e-01  -5.8471260e-02  -2.6752907e-01  -1.5250734e-01  -1.0095188e-02   1.3125582e-01  -1.8486811e-01
