   0.0000000e+00  -3.8573849e-01   1.9164796e-01   1.3796370e-01  -4.2438750e-01   3.3733647e-02   3.0241999e-02  -1.9131409e-01  -9.5359319e-02  -5.2259078e-02  -5.7774054e-02  -2.7782777e-01   9.2705269e-02   3.3742401e-01   4.1807936e-01   1.0197328e-01  -1.6018917e-01   9.5184977e-02  -1.0181001e-01  -6.1728823e-02  -1.1145092e-02   4.5918368e-01   2.2689897e-01   7.9159492e-01   7.6702881e-02  -1.0056508e-01  -3.2656372e-01   3.6803002e-01   3.8005149e-01   2.7694580e-01   1.0511339e-01   2.4904887e-01   9.5446740e-02   8.8504128e-02  -1.8326085e-01  -4.0886922e-01  -2.6778043e-01   5.0487483e-01   1.1633073e-01  -4.2738845e-01   2.7185362e-01   2.1700513e-01  -3.1225961e-01   3.7108131e-01  -3.3270840e-01   5.6036748e-01   7.4944626e-02  -3.2283961e-01  -7.2012047e-03  -3.4164860e-01   2.4068102e-01   3.6120558e-02  -4.6633794e-01   1.6874425e-01   2.1874405e-01   4.3537407e-01  -2.6121804e-01   2.1098051e-01   1.8694702e-01   2.2791870e-01   3.3584759e-01  -2.1635803e-01  -1.3876709e-01  -6.9156889e-03  -3.8375982e-01  -2.6193791e-01  -1.8397811e-01  -2.4302263e-01   6.0682915e-02   5.0187707e-01  -4.5043550e-01   1.9995899e-01   1.0847605e-01   2.2234966e-01   7.4900434e-02   2.1495897e-01   3.6692843e-01  -2.3511571e-01  -5.1113169e-01   2.0324890e-01   1.5666268e-01   1.2552348e-01  -2.0872486e-02  -2.1672529e-01   2.1292807e-01   3.6466390e-01  -2.2456109e-01   3.9965661e-01  -4.1752590e-02   7.8726941e-01  -4.9639715e-01   3.7737053e-01  -2.9405983e-01   2.0733446e-01   3.4083045e-01  -3.5610689e-01  -1.8847295e-01   2.5806938e-02  -2.6987604e-01  -1.2117558e-01   3.7376893e-01   5.8206989e-02   3.3929642e-01   2.2946008e-01   2.9295275e-01   1.3929593e-01   3.0101834e-02  -9.9786788e-02   8.7011497e-03   9.4497547e-02  -1.7045258e-02   5.0874880e-01   8.1093096e-02   7.7247376e-01   2.5344194e-01  -5.7686720e-01  -6.8679068e-02   8.0641105e-02   4.6733440e-01   2.1178591e-01   4.9058764e-01  -3.0747235e-01  -1.2128490e-01  -1.0890672e-01   5.6997303e-01   2.9910139e-01   6.2352483e-02   2.9243507e-01   1.9137884e-01   2.3358239e-01   1.5734805e-01  -5.1100800e-01   1.5250715e-01   9.9000862e-02   1.1591744e-01  -4.9687564e-02   2.5955166e-01   9.5113913e-02   2.3468026e-02   6.9335428e-01   7.0331662e-01  -1.3395833e-01   2.4756020e-01   4.1455084e-01   3.0008504e-01   1.0895510e-01  -3.5559733e-01  -3.4103686e-01   2.0811431e-01  -4.4086120e-01   5.3376612e-01   1.6400606e-01   2.4281472e-01  -3.3464240e-01  -3.8290272e-01   6.7095342e-01   4.9449363e-01   1.2337344e-01  -4.9511627e-02   3.9687722e-01  -1.8079881e-01   6.8556577e-02  -2.8967337e-01   2.0373454e-01   6.3082688e-03  -5.0329652e-01   7.6912335e-02   9.1196603e-02   3.0139289e-01  -1.7015400e-01  -4.4189743e-01  -2.6412130e-02  -1.1680320e-01   7.0270584e-02   1.1187032e-01   1.0184800e-01   3.2561414e-03
  -3.8573849e-01   0.0000000e+00   1.5665509e-02   5.8666082e-02   7.1604793e-01   9.3624492e-02  -7.2741252e-02   1.6595413e-01   4.7672384e-01  -2.1977368e-01  -5.8515201e-02   6.9586435e-01  -6.5898635e-02  -2.3735639e-01  -4.7711987e-01  -2.9749337e-01   3.3252687e-01  -2.1194238e-01  -7.7153029e-02   2.6489684e-01   5.0115755e-02  -3.8718661e-01  -3.6558698e-01  -3.9296492e-01   5.2213401e-03   8.2285365e-02   2.9835405e-01  -3.8472095e-01   5.4849059e-02  -1.2138414e-01  -3.4189046e-01   1.0949718e-02   2.0902581e-02  -3.9874948e-03   3.2021427e-01   4.8300388e-01   4.5278368e-02  -2.3448222e-01  -3.2677891e-01   5.1665191e-01  -9.5324460e-02  -7.9004248e-02   4.3112381e-01  -2.8435950e-01   2.5271796e-01  -2.0143164e-01  -3.4815880e-02   3.6695242e-01   2.3729376e-01   4.1486654e-01  -1.7523825e-01   7.4012537e-02   6.8507843e-01  -1.0698403e-02  -8.4482936e-02  -4.1941274e-01   3.0191809e-01  -4.4999860e-02  -7.2438225e-02  -1.8719411e-02  -1.4437954e-02   5.1964550e-02   4.4841545e-01   2.5574476e-01   3.6690568e-01   5.3017186e-01   4.7989033e-01   4.8027922e-01  -2.1774500e-01  -6.1963340e-02   4.6356918e-01   9.0070809e-02   6.5234420e-02   1.3204051e-01   9.9337079e-03  -6.2540156e-01  -8.9667193e-03   1.0097860e-01   6.9938233e-01   5.0455177e-02  -4.2065651e-01  -1.2837065e-01  -7.2109860e-02   1.8500659e-01   3.3098779e-02  -6.3205038e-01   2.6386346e-01  -3.8866685e-01   4.1565376e-01  -2.7461752e-01   7.1077561e-01  -2.1438329e-01   1.3734496e-01   2.1433762e-01  -2.6716055e-01   6.0860622e-01   2.8593725e-01  -1.7988679e-01   3.2257898e-01   8.3904329e-03  -5.3665356e-01   9.1966784e-02  -4.7062913e-01  -1.0398294e-01  -2.1697420e-01   6.4653064e-03   2.2730649e-01   3.8071176e-02   2.6858953e-02   1.6347841e-01  -1.3522650e-01  -1.5481999e-01   8.4356432e-03  -2.6947057e-01  -5.4045015e-01   6.2819085e-01   9.1226490e-02  -1.1019025e-02  -4.5042162e-01  -1.5960037e-01  -6.9098614e-02   5.6135284e-01   5.1234664e-01  -1.9799543e-01  -7.5417721e-02   1.5062163e-01  -4.4590382e-01  -3.5866808e-01  -1.2999072e-01   3.1333528e-01  -1.7609714e-02   7.1119174e-01   5.2556635e-01  -4.2845085e-01   6.4156364e-02   1.6644602e-02  -2.1357228e-01  -2.5375673e-01  -2.2327582e-01  -2.7860931e-01  -3.1826629e-01   2.0693765e-01  -1.7145078e-01  -3.6120617e-01  -5.4154663e-01  -3.7876858e-01   2.2496629e-01   6.0206341e-01  -3.8108421e-02   5.3420289e-01  -3.9506453e-01  -2.1461383e-01   1.2296196e-02   5.1269548e-01   6.4965305e-01  -2.5091772e-01  -9.0885895e-02  -2.8595032e-02   1.3631896e-01  -4.5244734e-01   1.7434737e-01  -1.3897111e-01   3.2956746e-01  -2.2978707e-01   2.1069752e-01   2.4794459e-01  -7.5327178e-02  -9.3400486e-02  -2.3431717e-02   3.1051057e-01   3.7617613e-01  -7.7502442e-02   2.5384819e-01   4.2889295e-02  -1.7305029e-01  -5.8584566e-04   5.7636228e-02
   1.9164796e-01   1.5665509e-02   0.0000000e+00   1.4297689e-01   1.3520011e-01   3.1616138e-01  -2.4425095e-01   1.2359033e-02   2.6054793e-01   2.0798082e-01  -5.1353806e-01   3.0310387e-01   2.9584406e-01  -2.4086700e-01   1.2626811e-01   6.6255148e-02   8.0039776e-01  -1.0283449e-01  -1.2250324e-01   4.1274138e-01  -4.5097293e-01  -1.1394470e-01  -1.3646350e-01  -5.6004432e-02   9.6314755e-02  -2.3667635e-03   3.0101483e-01  -2.0123024e-01   2.0961332e-01  -4.0692964e-01  -1.5466374e-01   1.5686876e-02   3.4407085e-01  -1.5017678e-01   3.3970483e-02  -1.7082515e-01  -4.6797065e-01   4.6365078e-01  -1.3425394e-01   3.5848626e-01  -5.3122924e-03   4.5731603e-01   4.8461684e-01  -4.3818519e-02  -1.2910191e-01   4.3280402e-01  -1.2429658e-01  -4.0476944e-01   2.5172463e-01   5.5457208e-01  -2.0068589e-01  -3.6988153e-02  -3.4326288e-02   4.8325014e-01   1.4261766e-01  -9.1380452e-02   1.8586851e-02   9.6835577e-02  -9.4871650e-02   1.1524250e-01   6.0836437e-01   2.5470795e-01   4.6926769e-01  -3.9351435e-01  -1.8871463e-01   7.9887790e-02   4.1835532e-01  -7.6387644e-02  -2.0177109e-01   3.9915297e-01   2.4665032e-02  -2.5190212e-01  -1.9792722e-01   6.3925645e-01   1.7154527e-01  -8.0554740e-02   5.5330251e-01  -1.1501531e-01  -1.8310659e-02   2.2189361e-01  -1.6801196e-01  -1.5167653e-01  -8.7657554e-02   1.2452799e-01   5.8184536e-01  -1.7874862e-01  -2.0085458e-01  -1.3316341e-01   2.9357768e-01   3.5418536e-01   2.6980489e-01   6.5965612e-01   3.5862261e-01   3.5128602e-01   3.6754602e-01   3.9280200e-01   3.4907891e-01   3.9804248e-04  -1.0024314e-01  -3.1466087e-02  -1.0329886e-01  -3.3830209e-01  -2.9156702e-01  -1.1567467e-01  -3.7512685e-01   6.4466973e-02   5.0149922e-01   3.2233826e-02  -7.0554710e-02  -2.4714429e-01   1.5464485e-01   3.1672670e-02  -2.3198369e-01   4.0857896e-01  -1.7401495e-01  -8.8436988e-02  -4.1071284e-02   4.1815672e-02  -9.9643271e-02  -1.7094151e-02   3.8804813e-01   3.8714066e-01   6.6506759e-02  -3.2154441e-01   4.8988605e-01   5.0967408e-02  -2.8627087e-01   4.6302178e-02  -1.0893459e-01   4.4311431e-01  -9.6939145e-02  -1.3802996e-01   3.6329559e-01  -3.5776826e-01   1.1991095e-01  -1.0127621e-01   2.7353140e-01  -1.9478269e-01   9.5035958e-03   4.1209014e-01   3.3748417e-02   3.3449365e-01  -1.1717866e-01   1.5399695e-01  -1.1090997e-01  -3.5606088e-01   1.9794415e-01  -6.7172565e-02  -2.4893638e-01  -1.7621871e-01   2.2858157e-01  -2.3165065e-01   4.5460624e-01  -2.7670472e-01   4.7201019e-01   2.7024533e-01   3.6726975e-01  -5.1517811e-02   6.6048308e-01  -3.2611368e-01  -3.3469702e-02  -2.2516323e-01  -9.1614543e-02  -5.2727284e-01   1.4138679e-01  -2.6446478e-02  -3.1654611e-01  -1.7587508e-01   5.1723739e-01   1.8436282e-01  -1.9187589e-01   4.5422157e-02  -4.0962215e-01   3.4176301e-01   5.9684714e-03   2.3990042e-01   2.0959707e-01
   1.3796370e-01   5.8666082e-02   1.4297689e-01   0.0000000e+00   1.3190254e-01   1.8438413e-01  -1.5461102e-01   5.7606827e-02   2.9500803e-01   2.1495780e-01  -2.9682239e-01   1.1704922e-01   1.5639303e-01   2.9752850e-02  -2.0927446e-01   2.8767559e-01   2.1503595e-01   1.4781759e-02   1.0794843e-01   1.8224327e-01   4.1477754e-02   3.6633058e-01   1.7443032e-01   8.6112215e-02   5.0903077e-01   7.2658599e-02   2.8223527e-01  -3.2632201e-01   1.3570309e-01   7.1724599e-02  -3.9183079e-01   3.3858425e-01   3.7431056e-01  -2.2646978e-01  -9.2359230e-02   8.6335103e-02  -2.5389969e-01   3.2252727e-01   2.1150671e-01  -1.4815535e-01  -4.0739738e-02   3.8578146e-01   1.6579082e-01  -1.7791897e-01   1.6939438e-01   9.5210715e-02   1.6751833e-01  -4.7976371e-01   2.3736984e-01   5.6242954e-02   1.0129888e-01   7.1238335e-02  -2.0182484e-01   1.2962199e-01   1.1227740e-01  -1.2059791e-01  -7.6568796e-02   3.7180696e-01   1.3237346e-01   1.6749162e-01   4.3349212e-01   2.1877368e-01   3.3585428e-01  -3.4581250e-01  -1.3559887e-01   1.2862516e-01   4.0593610e-01   2.0154585e-01   1.3174617e-01   7.7405324e-03  -3.4163700e-01   5.3378876e-01   2.3773483e-02   1.5506760e-01   2.3469981e-01  -4.2586434e-02   1.8681071e-01   3.5521589e-01   9.5475968e-02   2.5646723e-01  -2.6767211e-01  -4.2839671e-02  -2.5967438e-01   1.6810567e-01  -3.8750851e-02  -5.3072984e-02  -3.4913386e-01   1.4158404e-01   5.5683687e-02   7.5351257e-02   3.8567501e-02   2.8635223e-01   1.5433771e-02   3.5352976e-01   1.9529518e-01   1.9295971e-01   2.2693066e-01   6.7927175e-02   3.0824767e-01  -1.6630518e-01  -3.5995264e-01  -2.8529260e-01   2.1871340e-02   1.8759603e-01   8.9430517e-02   4.7086552e-01   3.3179281e-01   2.0482158e-01   2.7683056e-01   1.0476743e-02  -2.1024381e-01   3.4690594e-01   5.1904234e-01   1.4615035e-01  -4.5315942e-01  -1.3329608e-01   8.5466896e-02   4.9811521e-03  -3.2958552e-01   6.6107585e-01   1.4843152e-01   9.0356479e-02   1.1466289e-01  -3.9326881e-01   1.0161903e-01   4.1119348e-01   1.0575000e-01   1.4189018e-01   5.1627641e-01   1.1904789e-01   2.1674281e-01  -5.3017027e-02   2.0506366e-01  -1.0798592e-01   6.5876346e-01   1.3969137e-01   3.1875955e-01  -5.1047160e-01   4.3588364e-02   1.6232962e-01   3.6165454e-02   2.6802682e-01   7.4240336e-02  -1.4438233e-01  -3.3241879e-01  -3.0849965e-01  -2.7433657e-01   4.5375346e-02   8.3556587e-02  -2.2245024e-01  -4.9654575e-02  -2.4703770e-01   1.0652937e-01   3.1636538e-02  -1.2347680e-01   2.6481687e-01   1.6703115e-01  -1.5748868e-03   2.6002739e-01   6.9298683e-02   1.1614614e-01   1.8852581e-01  -1.9605240e-01   7.6510897e-02   2.8861300e-01  -4.6406787e-03   1.5175745e-01  -1.8911884e-01   9.5461028e-02  -1.2454682e-01   4.3704664e-03  -1.2547773e-02   6.9334156e-02  -1.3530546e-01  -2.5900695e-01   1.7397720e-01   4.9838537e-01
  -4.2438750e-01   7.1604793e-01   1.3520011e-01   1.3190254e-01   0.0000000e+00   1.6500143e-01  -9.0807177e-02   7.1033034e-02   4.9480862e-01   1.4380931e-01  -3.3196147e-01   5.4449839e-01   2.9449083e-02  -4.1660939e-01  -3.6491369e-01  -7.1588105e-02   3.9531601e-01  -1.7947460e-01  -4.1778877e-02   6.4659512e-01   1.0362644e-02  -4.2255925e-01  -3.0198237e-01  -4.1211652e-01  -7.2624628e-02  -3.3296859e-03   5.5091841e-01  -6.1846236e-01   9.2351995e-02  -2.6590668e-01  -4.1310104e-01   3.9672974e-02  -1.5886682e-03  -1.0990113e-01   3.0501112e-01   7.0671542e-01  -9.2680637e-03  -3.2533494e-01  -9.5929547e-02   6.4881315e-01  -3.8832627e-02   6.1237819e-02   6.1911094e-01  -5.7183832e-01   3.0669989e-01  -3.2796042e-01  -1.1754892e-02   1.4299719e-01   1.2729948e-02   5.4345696e-01  -6.9937308e-02  -7.1129617e-02   6.6580313e-01   5.0325859e-02  -1.2866073e-01  -6.6253610e-01   5.2626396e-02   5.8117422e-02   4.9090312e-02  -8.5468637e-02  -1.2138799e-01   2.3160998e-01   5.3057236e-01  -1.3632536e-01   1.4373623e-01   5.4756855e-01   5.0794030e-01   2.8024145e-01  -2.7670794e-01  -1.6188435e-01   4.6494863e-01  -2.4604627e-02   1.0220092e-01   1.0924943e-01  -1.5781258e-01  -4.2686836e-01  -2.3778730e-01   2.4408229e-03   8.4593671e-01   1.4788637e-01  -6.2374345e-01   6.3601867e-02  -2.4890012e-01   1.0547320e-01   5.9456894e-02  -5.8046687e-01   1.9181427e-01  -4.0436855e-01   3.2923407e-01  -3.1082843e-01   7.7903130e-01  -1.7988931e-01   3.7985229e-01   3.4049403e-01  -3.1500920e-01   6.2356180e-01   3.6315832e-01  -1.3161009e-01   5.1594117e-01  -5.3651018e-03  -5.7158494e-01  -1.4122378e-01  -5.6571287e-01   3.9052372e-02  -2.0741226e-01   5.2188348e-02   1.9958544e-01   8.8192023e-03   2.4974613e-02  -1.7775982e-01  -2.1267304e-01  -1.8050031e-01  -1.7347885e-01  -2.5232500e-01  -6.4570823e-01   6.6227383e-01  -1.9923580e-01   1.1642699e-01  -6.0312351e-01  -9.6050202e-03  -2.9900820e-01   8.1957147e-01   4.8417663e-01  -3.3445940e-01  -2.5039177e-01  -1.1519681e-01  -2.7602560e-01  -3.1104683e-03  -1.4359036e-01   2.7515165e-01   2.7361994e-03   6.7217625e-01   3.4991253e-01  -4.0097969e-01   2.1530149e-01   2.8536749e-02   1.1530042e-01  -4.7451126e-01  -1.1919247e-01  -3.2697999e-01  -5.2260211e-01   1.3374415e-01  -2.5543372e-01  -5.9343031e-01  -5.3445578e-01  -5.9783711e-01   3.0220315e-01   4.1998101e-01  -1.8011610e-01   4.4248479e-01  -5.1139687e-01  -5.2181908e-01  -1.3878459e-01   3.1553966e-01   6.2251203e-01  -2.8023595e-01  -3.5562160e-01   1.1002264e-01   1.5931745e-01  -5.0932541e-01   3.9856811e-01  -3.1684627e-01   3.9048614e-01  -2.9987472e-01   2.0514301e-01   4.7703916e-01   9.7758255e-03  -3.9101304e-01  -1.0934636e-01   2.5437495e-01   5.5642763e-01  -3.3758618e-01  -6.7712355e-02  -2.0622531e-01  -4.3177766e-02   5.0066902e-02   1.5095201e-01
   3.3733647e-02   9.3624492e-02   3.1616138e-01   1.8438413e-01   1.6500143e-01   0.0000000e+00  -2.7309260e-01   3.5175775e-03   1.0446814e-01   2.8642197e-01  -1.4180522e-01   2.4585466e-01   1.8760032e-01  -5.3296991e-03  -1.5274466e-01   4.4709332e-01   1.5616524e-01  -1.9302202e-01   3.0850824e-01   3.1270453e-01   7.1092185e-02  -8.4765654e-03  -7.0604309e-03  -6.0051689e-02   1.6410881e-01   5.7062271e-02   2.8565103e-01  -1.8677490e-01   1.4287771e-01  -3.9955967e-02  -4.0258591e-01   2.3304183e-01   2.9157649e-01  -2.1308172e-01  -1.5567733e-01   4.4287333e-02  -3.5470014e-01  -3.2948647e-02   1.7063212e-01   2.9104382e-02   1.0321403e-01   2.8386332e-01   2.2965713e-01  -3.0971153e-02  -7.4183360e-02   9.5859811e-02   1.0792544e-01  -3.7277100e-01   4.4574880e-02   9.1750541e-02  -1.5509820e-01  -6.0802854e-02  -4.9355436e-02   2.9360759e-01  -7.2992871e-02  -4.1413636e-02   5.7461154e-01   1.1401014e-01   2.6970301e-01  -1.4806291e-01   1.7585529e-02   2.2801039e-01   2.0054970e-01  -2.4998430e-01  -3.3624646e-01   8.0049066e-02   6.3876557e-01  -2.2088148e-03   1.7778642e-01   1.2343065e-01  -2.3267994e-01  -5.6134142e-02  -1.6244009e-01   1.1470917e-01   1.0479000e-01  -5.7463467e-02  -2.1271427e-02   2.1821203e-01   1.5855360e-01   2.3373008e-01  -3.5430594e-01  -6.4911835e-02   2.0405817e-02   2.2692290e-01   4.4827423e-01  -1.3861695e-01  -2.3282864e-01  -1.3433946e-01   1.6258276e-01   3.8831963e-02   1.2524246e-01   4.5380285e-02   3.5072528e-01   2.1416473e-01  -3.4399719e-03   1.5519258e-01   1.8258630e-01   3.8426640e-02  -8.5741904e-03  -3.0937144e-01  -1.5270612e-01  -1.3189629e-02  -1.2929967e-01  -2.1598115e-02  -5.6453970e-02   1.9691777e-01   2.4843002e-01   2.6630776e-01  -1.8218871e-01   7.3714135e-03  -4.2554645e-02   2.7994761e-01  -5.8367513e-02  -8.5268693e-04  -3.5986076e-01  -4.6286983e-02   1.3302222e-02   5.1061422e-02   9.8005957e-02   2.4296706e-01  -1.8874993e-02   2.1487786e-01   9.7243175e-02  -2.9789587e-01   1.5483293e-01   2.5479356e-02  -1.6243520e-02   1.1474979e-01  -1.6926773e-03   2.4297032e-01   1.0089648e-01  -9.2762784e-02   2.4630856e-01   3.4508377e-02   1.6244015e-01   1.6142664e-02   1.3497705e-01  -3.6858773e-01   3.3434482e-02   9.5119383e-02  -1.0951715e-01   2.2289052e-01   2.5069040e-01   1.3935560e-01  -1.7427931e-01  -3.1659971e-01  -1.5974904e-01   8.9943648e-02  -1.1108469e-02  -2.3692829e-01   3.6241926e-01  -2.7588215e-01   2.2949480e-01  -4.7610156e-02   1.5383286e-01  -4.1036136e-02  -7.7821375e-02   3.2779422e-01   2.4435637e-01  -1.6758305e-01   1.5436537e-01   1.9299403e-01  -1.0671071e-01  -1.1460380e-01   2.5019137e-01   2.9363400e-02   1.5464547e-01  -6.1972361e-02   3.2577580e-01   8.2623787e-02   1.9626979e-01  -1.9283100e-01  -2.7396299e-01   4.7862055e-01   1.2108338e-02   8.3149282e-02   2.8074779e-01
   3.0241999e-02  -7.2741252e-02  -2.4425095e-01  -1.5461102e-01  -9.0807177e-02  -2.7309260e-01   0.0000000e+00  -1.8470859e-01  -1.5255596e-02   1.3181685e-01   1.1045084e-01  -3.7000854e-02  -2.1711527e-01  -4.2873053e-02   4.5064210e-01  -5.3911367e-02  -3.4407159e-01   2.1551165e-01  -1.9512975e-01   1.2381478e-01   2.6713434e-01  -1.3254197e-02   5.4337762e-01  -1.3794247e-01  -2.1559044e-02  -2.4514690e-01  -1.5579275e-01   3.5874936e-01  -7.8513911e-02   1.6490044e-01   2.9439652e-01  -1.4274166e-01  -2.4946293e-01   7.7958410e-01   5.5141419e-01   2.4947082e-01   4.4482949e-01  -2.7051244e-01  -1.0322234e-01   7.8987385e-02   3.9149592e-02  -8.7373790e-02  -2.1234657e-01   7.0368809e-02   2.5450968e-02  -1.7566447e-01   1.2165365e-01   3.6375437e-01  -1.3209249e-01  -2.1247473e-01   4.4783249e-01  -1.2951215e-01  -4.4932884e-02  -2.2852622e-01  -1.6649392e-01   1.8710744e-01  -2.5393301e-01  -1.8394116e-01  -6.6047831e-02   3.8460139e-02  -3.8198343e-01  -1.0661680e-01  -2.3105237e-01   2.5570316e-01   1.2629176e-02   3.2179857e-01  -2.0942782e-01  -4.6886305e-02  -2.9523015e-01  -5.2248890e-02   5.5240350e-02   2.1222695e-01   1.4678281e-01  -4.5628216e-01  -2.0798405e-01   5.2696804e-03  -2.3552282e-01  -2.5712265e-01  -1.2938548e-01  -1.4183631e-01   5.3543354e-01   8.6101543e-02   5.5117947e-02  -1.6390284e-01  -3.3788066e-01   6.3959751e-02  -1.9479385e-02  -9.4939695e-02  -1.4299243e-01  -1.6967896e-01  -2.2016792e-01  -4.1358205e-01   2.8065136e-01   9.3697531e-02  -2.9168685e-01  -9.3553553e-02  -1.0412493e-01  -9.6829992e-02   1.3321734e-01   6.7185815e-01   2.6852845e-01   3.6219867e-01   9.3216231e-02  -3.1711299e-02   3.4697970e-01  -8.9669958e-02  -2.5473939e-01  -3.1157563e-01   1.7714039e-01  -3.5030672e-02   4.3295144e-01  -5.8099249e-02   7.2873287e-02   2.6114155e-02   4.0311101e-01  -2.6585935e-01  -1.8887505e-01  -2.9732220e-02   2.2495400e-01  -1.9504116e-01  -2.0452147e-01  -2.7722967e-02  -7.4024941e-02   1.1581695e-02  -1.6856733e-01  -2.4997299e-01   1.2201795e-01  -8.6204864e-02  -5.7290130e-02  -1.7338065e-02   6.6031410e-02   1.4471811e-01  -2.7855913e-01   2.1055548e-01  -2.5100928e-01  -1.4539245e-02  -1.7194810e-01   4.0432009e-01  -1.0408350e-01  -1.0718672e-01  -7.7866677e-02  -1.7085040e-01  -8.6259102e-02   2.0249196e-01   4.8262983e-01   2.6501601e-01   4.1682442e-01  -9.9582258e-02   3.5577420e-01   2.2219363e-01  -5.4783166e-02   2.3623265e-01  -3.3028409e-01  -4.4832694e-03  -2.9241007e-03  -1.8355126e-01  -1.9436061e-01  -6.8022470e-02  -3.4179443e-01   2.2934109e-01  -2.1547748e-01  -1.3824576e-01   4.1635214e-01   1.1940768e-01  -2.5841853e-01  -6.9965200e-02   5.7249997e-01  -1.6073258e-03  -3.9366946e-01  -3.5618483e-02  -1.5465907e-02  -2.6061794e-01   2.1016367e-01  -5.6793265e-02   3.4595301e-02  -1.9943491e-01  -2.9134394e-01
  -1.9131409e-01   1.6595413e-01   1.2359033e-02   5.7606827e-02   7.1033034e-02   3.5175775e-03  -1.8470859e-01   0.0000000e+00   1.5433630e-01  -3.3964683e-01  -5.6909168e-02   2.7065876e-02   9.2677192e-03  -9.5652255e-02  -4.3934411e-01   1.3851825e-02   1.4374515e-01  -4.1583681e-02   1.2704321e-03  -1.3752180e-01  -2.2876712e-01   3.2643100e-02  -1.8929446e-01  -2.0064790e-01   2.4785183e-02   8.7132551e-01   2.2984535e-01   1.0404573e-03  -1.9227498e-01  -7.0776132e-02  -4.2149154e-02   3.3304526e-01   2.2436189e-01  -1.7430885e-01  -2.1386356e-01   5.0340777e-03  -2.0144934e-01  -3.2772508e-02  -7.1362124e-02   1.5766879e-01  -5.2895722e-02  -3.6582494e-02  -3.6676475e-02   2.1255523e-01  -3.3130997e-01  -1.5362096e-02   1.5937176e-01  -2.7178345e-02   2.9445806e-01   1.7773186e-01  -2.8590141e-01   8.9946118e-01   7.7120888e-03  -1.4232904e-01  -1.5480346e-01  -2.9263524e-02   2.9103814e-01   3.0105042e-01   1.8984245e-01   1.2310697e-01   9.9588963e-02  -5.4352548e-02   2.3569170e-01  -8.8712051e-03  -5.5426650e-02  -1.2633590e-01   2.7973466e-01   2.1353904e-01   5.1911055e-01   8.7432986e-02   1.0190461e-02  -8.8997474e-02  -7.3225662e-02   1.8753081e-01   2.2608793e-01  -8.4971499e-02   1.7998857e-01   3.6023926e-01   2.8099683e-02  -3.8554705e-02   8.5613072e-03  -3.3488448e-01  -1.7190373e-01   7.8229660e-01  -1.4200390e-01  -5.2266793e-02  -3.3429944e-01  -2.8100646e-01   2.2165372e-01  -4.2278478e-02   9.4458831e-02  -1.1410861e-02  -1.6945538e-01  -1.0459028e-01   4.4606866e-02   3.0339126e-01   2.0797055e-01   6.3937030e-02  -8.1428720e-02  -1.9898150e-01  -2.4102045e-01  -4.5708662e-02   2.9014872e-01  -1.7190205e-01  -2.3523734e-01   4.4257255e-01   6.5024748e-02   5.9273326e-01  -1.6243139e-01   2.5759892e-01  -1.1814591e-01   1.5553809e-01  -2.2235225e-02  -1.7099894e-01  -1.4254868e-01   1.0300100e-01   6.6990252e-01  -9.6775299e-02  -6.0239689e-02   1.6957651e-01   1.2079183e-01  -3.8561051e-02   1.7265490e-01  -1.9435895e-01   9.6966986e-02   3.0000092e-01  -1.3487818e-01  -3.9802912e-01   2.5225973e-01   4.0098779e-02  -1.4920677e-01   1.8291967e-02   2.3756235e-02  -3.1146998e-01  -4.8661903e-02   6.2694490e-01  -2.7588747e-01  -1.5657862e-03   1.6389892e-01  -1.7169300e-01   2.2620825e-02   2.7223035e-01   2.8936463e-01  -1.7624157e-02  -3.6004161e-01  -1.2586528e-01  -3.3856686e-02   1.4680324e-01  -5.8456287e-02   2.9701325e-02  -1.4822962e-01   3.8419205e-01   2.0205003e-01   7.9149142e-02   1.6890179e-01  -3.9505990e-02   7.2022708e-02   9.6596574e-02   1.2990964e-01   2.6455030e-01  -3.7612968e-01   4.3538667e-01  -2.4023785e-01  -2.2479066e-01   6.0518265e-01  -7.3457863e-02  -4.4307783e-02   4.2689193e-01   1.8309381e-02   5.5330012e-02  -1.5267490e-02   1.4789336e-01   7.8293471e-02   3.3312745e-02  -5.7185065e-02  -3.0261813e-01   4.9847633e-01
  -9.5359319e-02   4.7672384e-01   2.6054793e-01   2.9500803e-01   4.9480862e-01   1.0446814e-01  -1.5255596e-02   1.5433630e-01   0.0000000e+00   3.1019708e-02  -1.7248762e-01   5.2400376e-01   1.8355944e-01  -4.2028672e-01  -7.1860801e-02  -5.0700804e-03   3.5181193e-01  -5.2168972e-02  -1.4305550e-01   5.1860832e-01  -1.7240774e-01  -4.8025246e-02  -1.2107039e-01  -2.5404989e-01  -1.0914193e-01   1.0437235e-01   3.2793109e-01  -3.5755586e-01   7.3386288e-02  -2.3219569e-01  -2.1762460e-01   2.8317184e-01   1.0135122e-01   5.7222219e-02   3.7745757e-01   5.2725779e-01   1.7844948e-02  -7.3437478e-02  -9.0798296e-02   4.8874865e-01   1.9534829e-01   1.8939826e-01   5.3093747e-01  -2.8567173e-01   1.9110138e-01  -1.2299457e-01   1.9209139e-01  -5.3216068e-03   2.1251504e-01   5.3567839e-01   1.6384036e-01   1.5445271e-01   2.1082895e-01   1.0441648e-01  -1.0289241e-01  -3.0774462e-01  -1.5357614e-02   4.1869860e-01   1.4676957e-01   4.8100938e-01   7.7244804e-02   2.4830561e-01   6.6145955e-01  -1.7341545e-01   6.0470116e-02   2.8679639e-01   3.5914011e-01   9.1843927e-02  -1.1510513e-01   3.0320718e-02   2.0120437e-01   1.2362409e-01   8.6550414e-02   3.6525294e-01  -1.7176036e-01  -2.9172509e-01   4.0207248e-02   2.3506127e-04   4.0906680e-01   3.0747334e-01  -3.1762363e-01   5.4994900e-02  -3.3094326e-01   2.3283474e-01  -1.0541441e-01  -3.0170508e-01   4.6604727e-02  -2.9569176e-01   3.8419228e-01  -1.9136814e-01   4.3677018e-01  -4.6228291e-02   2.0842366e-01   6.4478070e-01  -2.2324930e-01   5.4691731e-01   4.0916085e-01   3.8393960e-03   2.6414923e-01   8.8185656e-02  -5.1196894e-01   2.8127700e-02  -3.2698037e-01   3.1869922e-01   2.0419875e-02   2.8627083e-01   1.9084940e-01   2.1955608e-01  -2.8905953e-02   9.2433017e-02  -7.5849397e-02   1.6612755e-01  -1.6635099e-01  -1.4281312e-01  -4.1520623e-01   2.6605450e-01   1.0013516e-02   2.3688996e-01  -4.2171469e-01   1.0900044e-01  -9.1747720e-02   5.1901903e-01   4.2406063e-01  -2.9527711e-01   2.6418150e-03   1.0620013e-02  -2.0566887e-01  -1.2811977e-01   7.8835157e-02   3.0009387e-01  -1.1405763e-02   3.0587109e-01   5.5691030e-01  -3.9755604e-01   3.4437721e-01   2.0970862e-01   1.5315362e-01  -2.1693648e-01  -1.4857753e-02  -1.4103868e-01  -2.5467944e-01   1.6516412e-01  -1.1159782e-01  -3.1590533e-01  -2.0206780e-01  -3.7494968e-01   2.3644511e-01   2.3034637e-01   3.8583310e-02   2.1209814e-01  -4.5162800e-01  -2.2783186e-01  -1.4286906e-02   3.7374734e-02   5.0848201e-01  -1.5576635e-01  -1.9244271e-01   2.1479895e-01   2.3053706e-01  -2.4329965e-01   7.2866021e-02  -1.9476392e-01   1.0682294e-01  -3.1330145e-01   5.6840309e-01   3.9477078e-02  -1.2236465e-01  -1.8946874e-01  -1.1970128e-01   8.5824300e-02   1.5358652e-01  -3.0356301e-01   2.2586308e-02  -8.0860205e-02   1.0703020e-01  -1.8023921e-02   4.0382426e-01
  -5.2259078e-02  -2.1977368e-01   2.0798082e-01   2.1495780e-01   1.4380931e-01   2.8642197e-01   1.3181685e-01  -3.3964683e-01   3.1019708e-02   0.0000000e+00  -3.7944472e-01   3.5889300e-02   3.7535378e-02  -2.9782969e-01   1.6451920e-01   2.2295199e-01   5.9673453e-02  -2.9570991e-01   2.1899751e-01   5.4808328e-01   1.5535130e-01  -8.0358951e-02   3.9650135e-01  -2.4526697e-02   2.7493558e-02  -3.5765440e-01   1.7609654e-01  -1.5523986e-01  -4.1908284e-02  -8.1152401e-02  -2.8696462e-01  -2.1897571e-01  -1.7118079e-01   1.4375360e-01   1.9269426e-01   9.0790360e-02   3.5720931e-02   5.8435284e-02   1.1267804e-01   1.0262038e-01  -6.2950028e-02   1.4945681e-01   3.5676077e-01  -3.7409388e-01  -4.3874956e-02  -7.7829761e-02  -5.5736655e-02  -1.6721278e-01  -3.7947424e-01   6.8813240e-02  -2.6483278e-02  -4.3789764e-01  -5.5837525e-02  -2.4207674e-02  -2.5950872e-01  -1.9597416e-01  -3.2390025e-01  -2.2132307e-02  -2.0142594e-01  -1.2246954e-01  -1.0590179e-01   1.6680742e-01   7.2283886e-02  -4.6950732e-01  -4.3062705e-01   2.3921137e-01   1.7294659e-01  -2.8550706e-01  -2.1379993e-01   3.9665714e-02  -5.7258907e-02   6.6888697e-02  -8.6208920e-02  -1.6979754e-03  -3.1631086e-01   1.8249703e-01  -2.0570533e-01  -5.5109082e-02  -4.2752271e-02  -1.3215907e-01  -1.2877761e-01   8.7621662e-02  -1.2614352e-01  -1.9131906e-01  -1.4529310e-02  -5.2661246e-02  -1.5271801e-01   1.1428372e-01  -1.9781325e-01  -1.2997573e-01  -2.9897012e-03  -1.3392254e-02   5.5508687e-01   2.7200585e-01   2.6671044e-02   6.1299283e-02  -3.5550704e-02  -4.4437353e-02   1.0324074e-01   6.0723858e-02  -1.5386432e-01  -2.5832616e-01  -2.6433197e-01   1.9026448e-01   1.1106710e-01  -8.3324188e-02  -6.9378928e-02  -1.9860893e-01   2.2258119e-01  -1.7240152e-01   9.6551798e-02  -4.9328058e-02  -3.6725893e-02   3.0879193e-04  -2.5069122e-02  -7.6456026e-02  -3.3985897e-01   1.0568699e-02  -1.5460666e-01   1.5347222e-02  -1.6130789e-01   2.1561183e-01  -7.0989055e-02  -2.6648842e-01  -1.5648754e-01  -3.3503262e-01   1.7781060e-01   3.5155943e-01   1.1774517e-02   2.3481582e-01   2.9729766e-02  -1.9093507e-01  -1.2979476e-01   2.9217480e-01   3.6410464e-01  -1.9243970e-01   2.4060096e-01  -2.7438800e-01  -1.1519097e-01   1.8643577e-03  -3.7791531e-01  -6.0284482e-02  -2.8006537e-01  -4.2069261e-03   6.0443643e-02  -3.3558297e-01   1.1702394e-01   9.4187241e-02   2.5255293e-01  -2.5564910e-01  -1.3734407e-02  -4.6256888e-01  -2.1079827e-01  -1.5309123e-01   5.8498213e-02  -1.6066314e-02  -2.2514206e-01   3.2037763e-03  -1.9359402e-02  -2.2452611e-01   2.3409513e-01  -3.3083956e-01   1.5178748e-01  -2.0906723e-01  -2.2997901e-01   2.5096599e-01   1.5578947e-01  -3.8952413e-01  -1.5750609e-01  -2.2201394e-02   1.7079428e-01  -2.3849481e-01  -4.3505787e-01  -8.7906993e-02  -1.7363069e-01   1.6498906e-01   1.6720311e-02
  -5.7774054e-02  -5.8515201e-02  -5.1353806e-01  -2.9682239e-01  -3.3196147e-01  -1.4180522e-01   1.1045084e-01  -5.6909168e-02  -1.7248762e-01  -3.7944472e-01   0.0000000e+00  -2.2503170e-01  -7.4355246e-02   1.6897120e-01   2.3207050e-01   7.1232280e-02  -5.5408701e-01   1.5753207e-01   1.0046447e-01  -5.0620770e-01   2.3839924e-01   6.9301881e-02   3.0779342e-02   1.1457068e-01  -1.0593589e-01  -4.0321613e-02  -3.5483443e-01   4.8357163e-01  -1.9269154e-01   2.2864259e-01   1.9987883e-01  -9.8817085e-02  -1.2661097e-01   2.3242694e-01  -4.4871483e-02   3.6585241e-02   3.0521880e-01  -1.0544396e-01   2.2534206e-01  -3.5599580e-01   1.9419031e-01  -1.9453201e-01  -5.0437055e-01   2.7878979e-01   1.9657003e-01   2.5683520e-02   2.5682202e-01   1.6467111e-01  -1.7064437e-01  -5.0690212e-01   1.3843264e-01   5.0514559e-02  -7.7581522e-02  -2.0284010e-01  -5.8382532e-02   3.3798750e-01   1.9428006e-01  -9.5075171e-02   1.2430333e-01   5.4961582e-02  -2.0401147e-01  -2.4432486e-01  -4.3694138e-01   6.0246650e-01   1.2831385e-01  -1.0420916e-01  -4.8617265e-01   3.2581889e-02   2.3563979e-01  -2.6749606e-02  -1.9586315e-01   1.8104190e-01   3.0166624e-01  -3.0652754e-01  -9.6888198e-02   2.0320802e-01  -2.9633891e-02  -1.5345303e-02  -3.4168292e-02  -5.1890464e-02   3.0224351e-01   3.4343201e-01   1.0859224e-01  -1.0402364e-01  -3.2481970e-01   3.2894393e-01   6.4058669e-02   1.2608241e-01  -9.9205753e-02  -3.4525476e-02  -3.2264789e-01  -2.8651277e-01  -3.1628755e-01  -3.0539458e-01   2.6899870e-02  -4.4270998e-01  -1.2522883e-01   1.7171008e-01   4.7138724e-02   2.8104375e-03   2.8690231e-01   6.8301987e-01   1.7466595e-01   1.9886841e-02   3.2862028e-01  -2.3875068e-01  -3.3690095e-01  -2.2150461e-02  -3.1363879e-02   3.9395821e-01   2.8578595e-03   9.9665531e-02   1.8505537e-01  -1.0247076e-01   3.5165111e-01  -2.4386842e-02   1.4190042e-02   1.4249553e-01   3.1984900e-01  -1.2723429e-01  -3.5293012e-02  -3.6462272e-01  -1.6613253e-01   3.3189072e-01  -3.4505956e-02  -4.9528001e-02   2.4503984e-01  -1.0534997e-01  -5.1400253e-02  -2.5931808e-01   2.0903795e-01   9.5527663e-02  -1.5702960e-01   3.1291469e-01  -2.3703292e-01   1.0342624e-01  -2.2551848e-01   3.3511550e-01   1.4236329e-01  -7.2255429e-02   1.3744739e-01  -1.3128310e-01   3.7189460e-01   1.3478183e-01   4.4088599e-01   4.9946669e-01  -2.6534758e-01   1.0812013e-01   2.8208106e-01  -3.8037216e-02   7.7548721e-02   2.0268974e-01  -9.4720705e-02   3.2163479e-01  -3.4406510e-01  -6.6636962e-02   2.0516621e-02   1.8152563e-01  -3.7149251e-01   3.6178684e-01  -6.9481096e-02   4.3567272e-01  -1.4198926e-01   4.0876425e-01  -2.3935667e-01  -7.9743278e-02   2.0295648e-01   1.5296262e-01  -1.3384076e-01  -2.5149070e-01   3.6269912e-02   1.4889576e-01   5.0878748e-01   3.7207222e-03   1.8219358e-01  -1.3587075e-01  -3.3916494e-01
  -2.7782777e-01   6.9586435e-01   3.0310387e-01   1.1704922e-01   5.4449839e-01   2.4585466e-01  -3.7000854e-02   2.7065876e-02   5.2400376e-01   3.5889300e-02  -2.2503170e-01   0.0000000e+00   2.5353394e-01  -2.9283067e-01  -3.1735793e-01  -1.1219074e-01   4.2488766e-01  -1.4150954e-01  -4.9107233e-02   4.2290332e-01  -8.6699529e-03  -3.3537833e-01  -2.7062027e-01  -4.0641323e-01   1.1210646e-01  -8.0395777e-02   3.7355327e-01  -4.3286341e-01   2.8784483e-02  -2.8196937e-01  -3.5174659e-01  -2.4751477e-03   6.4643434e-02   3.8809297e-02   3.6722011e-01   3.7159804e-01  -4.1211681e-02  -1.1794187e-01  -2.6750623e-01   4.8199672e-01   1.1695135e-01   1.2356995e-01   6.5281868e-01  -2.3791061e-01   2.9052358e-01  -1.3023528e-01   3.4098424e-02   7.5735918e-02   2.1117833e-01   4.8937009e-01  -5.7676271e-02  -1.1233322e-01   3.8621279e-01   1.6515944e-01   4.4772212e-02  -3.2593083e-01   2.0755533e-01  -2.8247552e-02  -1.0715444e-01   1.1480777e-01   1.1782240e-01   2.6201309e-01   5.7466952e-01  -1.8920795e-02   1.7341603e-01   6.5477690e-01   5.3115753e-01   3.3785254e-01  -1.6814371e-01  -8.9744947e-02   2.2520446e-01   4.7398117e-02   1.4625532e-01   2.5481267e-01   1.7035692e-01  -5.2660739e-01   6.1927878e-02   9.2695958e-02   5.6666863e-01   2.4946968e-01  -4.4335786e-01   4.4543242e-02  -4.2930799e-02   1.0531965e-01   1.2936086e-01  -6.0658920e-01   3.1411528e-02  -4.3423117e-01   4.4495301e-01  -3.0142894e-01   6.0270101e-01  -4.7057185e-02   4.0804403e-01   4.7791896e-01  -1.7995147e-01   6.6364401e-01   4.1876059e-01  -1.4591375e-01   2.6131177e-01   1.7909127e-02  -5.9881661e-01   9.4880882e-02  -5.7447800e-01  -1.4900926e-01  -2.3203286e-01  -3.7683414e-02   3.6259697e-01   4.7707034e-02   4.3658857e-02   1.3540175e-01   6.4838947e-02  -1.5001547e-01  -8.1275103e-02  -1.7447263e-01  -5.5646142e-01   4.4029638e-01   6.0120743e-02   2.3862260e-01  -4.2190755e-01  -2.4273259e-01  -6.4421980e-02   6.3083075e-01   5.7024903e-01  -2.9741104e-01  -5.4013396e-02   8.8459305e-02  -4.0535101e-01  -2.7077317e-01  -1.8588002e-01   3.1658140e-01   1.7342105e-01   5.4673987e-01   5.4147369e-01  -3.1032707e-01   1.7022170e-01  -5.2020147e-02   3.5416233e-02  -3.6454390e-01  -1.9753269e-01  -1.1347936e-01  -2.1717111e-01   4.5154313e-01  -8.3637710e-02  -3.0683842e-01  -3.9804380e-01  -3.7400844e-01   2.5550367e-01   4.7176136e-01   1.3839130e-02   2.7017003e-01  -3.0011060e-01  -3.3583797e-01   7.3167602e-02   2.1053755e-01   6.2372172e-01  -1.4626271e-01  -5.8175426e-02   7.0019450e-02   3.5129757e-01  -6.1498693e-01   2.3191578e-01  -1.5697542e-01   2.7166250e-01  -3.5351089e-01   2.3322476e-01   2.8812225e-01  -5.8388066e-02  -2.6773536e-01   1.3523468e-01   3.2475654e-01   3.7083041e-01  -3.5328338e-02   2.6833612e-02   1.6555029e-01  -1.4814757e-01   1.0005615e-01   8.7185600e-02
   9.2705269e-02  -6.5898635e-02   2.9584406e-01   1.5639303e-01   2.9449083e-02   1.8760032e-01  -2.1711527e-01   9.2677192e-03   1.8355944e-01   3.7535378e-02  -7.4355246e-02   2.5353394e-01   0.0000000e+00   8.1805877e-03   4.8457715e-02   2.1071124e-01   2.7903949e-01   8.1086762e-02   1.9496674e-01   1.1968723e-01  -2.3255763e-01  -6.7648474e-03  -7.2155989e-02  -6.2064515e-02   2.0744174e-01  -7.9632138e-02   2.6494941e-01  -7.7407118e-02  -1.8226673e-02  -3.0572549e-01  -2.5598229e-02   6.7815867e-03   2.6177384e-01  -1.7922511e-01  -6.5047095e-02  -3.0037903e-02  -2.8037708e-01  -1.0335023e-02   2.0074656e-01   8.6421594e-02   6.1133764e-01   3.5694111e-01   3.4019679e-01   9.4612902e-02   6.9180051e-02  -5.9399727e-02   1.3294322e-01  -3.6658924e-01   2.8321791e-01   2.3715023e-01  -1.6388696e-02  -1.0908451e-01  -1.4185438e-01   2.7340909e-01   1.7563760e-01   8.5187336e-03   1.1996559e-01   4.8533269e-02   4.3579434e-02   1.9279753e-01   2.0326607e-01   3.1202889e-01   4.5002515e-01  -1.0226948e-01  -3.1773800e-02   2.5901012e-02   1.7280482e-01   3.4483300e-01   1.2382942e-01  -9.5082867e-02  -1.5575371e-01  -9.2205367e-02   4.6545214e-01   2.1273696e-01   3.2399579e-01  -1.2973419e-01   2.5698541e-02   8.2883258e-02   3.0638610e-02   4.6387733e-01  -6.8488095e-02   3.9210934e-01  -1.6588638e-02   1.7798345e-02   1.8097893e-01  -4.8552147e-02  -1.2358991e-01  -8.1556604e-02   4.3011815e-01   2.1646143e-03   1.0620520e-01   1.5177998e-01   9.2898532e-02   2.1584476e-01   6.4689353e-02   2.8178199e-01   4.8645898e-01   1.6018025e-01   8.6715175e-02  -1.5580273e-01  -1.6343702e-01  -1.6084442e-01  -1.0185144e-01  -6.3271538e-02  -2.6813139e-01  -6.8405362e-02   4.2179454e-01   2.3459990e-02   1.2365404e-01  -1.5703401e-01   9.2647852e-03  -1.0656394e-02   6.3058045e-02   3.1015017e-02  -1.6399874e-01   8.2986272e-02  -6.6229268e-02   7.1573338e-01  -8.9020420e-02  -1.5943580e-02  -5.5189455e-02   1.4107085e-01   1.7923841e-01  -6.4257979e-02  -4.0423793e-02   7.2249156e-02   3.4382033e-02   5.0144107e-02  -1.2817205e-01  -7.3046399e-03   4.7060358e-01  -3.6442025e-02   2.4558444e-01  -1.0885487e-01   2.2401858e-01  -6.5794575e-02   3.0848900e-01  -1.7915954e-01   1.0435985e-02   5.3560860e-02   1.6446214e-01   6.1123034e-01  -6.0715542e-02  -8.5662899e-02  -4.5670855e-02  -5.4932035e-02  -1.0847060e-01  -4.8896463e-02  -2.0546907e-01  -1.9521805e-01   7.8761693e-02  -1.0892425e-01   1.7637892e-01  -1.8885901e-01   3.2724923e-02   1.2043230e-01   1.2620978e-02   2.9681723e-01   3.5801944e-01  -2.4492130e-02   3.1011830e-01  -7.3276446e-02  -1.3377065e-01  -2.4054510e-01   5.9429635e-02   1.7394217e-01  -8.6973924e-02  -1.0499661e-01   2.6041861e-01  -6.9888164e-02   6.8891877e-02   1.1882522e-01  -2.2854806e-01   6.4083135e-02  -8.4532825e-02   1.6457401e-01  -8.3618079e-04
   3.3742401e-01  -2.3735639e-01  -2.4086700e-01   2.9752850e-02  -4.1660939e-01  -5.3296991e-03  -4.2873053e-02  -9.5652255e-02  -4.2028672e-01  -2.9782969e-01   1.6897120e-01  -2.9283067e-01   8.1805877e-03   0.0000000e+00   4.4391006e-02   4.2260379e-02  -3.4083033e-01   3.6297505e-01   5.5387195e-02  -4.0930870e-01   2.6708337e-01   5.3746908e-01   1.9766160e-01   3.9978186e-01   9.3463375e-02  -5.4377098e-03  -2.0954195e-01   2.1359964e-01   1.3968267e-01   6.8149564e-01   2.7925039e-01   1.6897035e-01   1.3503208e-01  -2.0590967e-01  -4.1971853e-01  -2.9145811e-01  -1.5360702e-01   1.8608695e-01   2.3606737e-01  -6.4396992e-01   1.5648237e-01  -1.1645023e-01  -6.1224142e-01   4.3111697e-01  -8.2078186e-02   2.1523053e-01   2.6950425e-01  -7.5282780e-02   3.0008198e-01  -5.5141480e-01   1.1644427e-01  -9.6739433e-04  -4.7579784e-01   7.6024980e-03   5.3709901e-01   3.8262216e-01   1.6953570e-01   4.0819802e-02   1.3872097e-01  -9.8383950e-02   5.5728159e-02  -1.7280613e-01  -3.9303852e-01   1.3356586e-01   3.4245754e-02  -2.9315795e-01  -1.4577802e-01   6.7185791e-02   2.2356262e-01   6.7060337e-03  -4.6585572e-01   2.5367392e-01   1.8959149e-01  -3.0004855e-01   2.1236929e-01  -4.1561553e-02   8.1842713e-02   1.0511685e-02  -3.9143542e-01   1.2543122e-01   2.3024477e-01   2.1269184e-03   4.1427156e-01  -1.1672922e-01   1.8469735e-01   1.7046062e-01   1.3387975e-01   4.2140561e-01  -7.4205037e-02   1.3006892e-01  -5.3280688e-01   1.1445252e-03  -2.9301143e-01  -1.1923671e-01   1.6776945e-01  -5.5463651e-01  -1.9978706e-01  -1.3743734e-01  -4.0509939e-02  -2.0943943e-01   5.2474850e-01   2.1237970e-02   5.8614981e-01  -3.4526468e-02   1.4247501e-01   1.1699028e-01  -5.1936496e-02  -1.2764332e-01  -8.9421775e-02   1.2390339e-01  -9.1960617e-02   3.7980840e-01   4.3951552e-01   1.7326323e-01   1.6045371e-01  -4.2040949e-01   1.0854868e-01   1.6626099e-02   4.2210901e-01   1.9623072e-01   1.1731766e-01  -5.0701131e-01  -2.3774709e-01   3.8707002e-01   1.2799743e-01   5.4529469e-01   3.4258733e-01  -4.7550649e-03   3.1833840e-01  -1.5317377e-01   2.8853290e-01  -2.7635934e-01  -6.3829276e-02   3.1554094e-01  -4.2981662e-03  -1.7042089e-01   7.3380182e-02   3.0172859e-01  -1.4224332e-01   3.2168530e-01   6.0844329e-01  -3.7049166e-02   2.0031738e-01   4.3800156e-01   2.2115132e-01   5.5766528e-01  -5.6638930e-01  -1.6557455e-01   4.6410548e-02  -2.4427964e-01   4.5381424e-01   4.1789991e-01   6.9519575e-02  -1.4068109e-01  -5.9096862e-01   8.3032606e-02   3.0920983e-01  -5.4875173e-02  -2.2604302e-01   3.9226383e-01  -1.5202021e-01   2.3854684e-01  -9.9332973e-02   5.8401904e-01  -7.1516607e-02  -3.4900237e-01   1.4965821e-01   2.5892884e-01   2.0472226e-01   3.8015913e-03  -3.8111064e-01   1.0371565e-01   3.3144319e-01   3.0834797e-01   6.0238334e-02   2.3554995e-02   9.3768345e-03
