   0.0000000e+00   3.9865568e-01   2.1844957e-01  -3.0933865e-01  -4.5152376e-01  -1.0022187e-01  -4.1946933e-01   5.3330360e-01   2.8633463e-01  -5.3060400e-01  -1.8706770e-01   2.8371164e-01  -7.9206127e-02   3.1831232e-01  -1.6862933e-01  -4.0516769e-01   2.3198069e-01   8.9026150e-03   2.4969985e-01  -5.0252362e-01  -3.7492711e-01  -1.2820104e-01  -4.3508660e-01   4.2951050e-01  -4.0328091e-02   7.1853797e-01  -4.6463731e-01   3.7428644e-01  -5.3666246e-01  -1.4846432e-01   4.6999978e-02   9.6359629e-02  -2.4976701e-01  -1.6679655e-01   5.0558854e-02  -5.8278033e-01  -4.3106679e-01  -1.4170635e-01  -3.7186476e-01   1.7810333e-01   1.9380434e-01   4.4760054e-03  -1.8576443e-01   4.6679100e-01  -1.1851031e-01   4.6360865e-01  -3.9451963e-01  -4.4908834e-01   3.7372758e-01   5.8871704e-02  -1.2576593e-01   6.3714974e-01  -2.6387635e-01   3.0353843e-01   3.6997277e-01   4.7552845e-02   1.2879989e-01  -1.8164993e-01  -4.3468431e-02   8.5184217e-02   1.0644728e-01   2.9441836e-01   3.3221974e-01  -1.9473805e-01   3.0520577e-01  -4.4173061e-01  -1.1436961e-01   2.3680187e-01  -1.4017653e-01   6.0139947e-01   1.4928949e-01  -1.4644302e-01  -8.2599412e-02   7.7523209e-01   3.1909278e-02   3.1528062e-01   8.7384787e-02   3.8950290e-01  -4.5318720e-01  -2.0412433e-01   3.0206397e-01  -4.3896463e-01   1.2896045e-03   6.9665361e-01   6.5107358e-01   2.0491478e-01  -2.2678081e-01   3.5822057e-01   2.2285130e-01   7.5800806e-01  -4.7262721e-01   8.2604955e-02  -3.1871094e-01  -2.5613298e-02   3.0904479e-01  -3.6070109e-01  -1.6912214e-01   1.2107007e-01   1.9367087e-01  -4.9359468e-01   6.3089224e-01   4.6170397e-02   2.4064390e-01   1.8753336e-01  -2.8604114e-01   4.8869994e-02   4.5527327e-01   1.8325071e-01   2.2500552e-01  -1.7851284e-01  -3.6466837e-01   1.4071823e-01   1.5044718e-01   8.6949910e-01   5.8699069e-01  -2.8667656e-01   4.5317245e-01   1.1282134e-01   3.9384651e-01  -4.9202226e-01   5.5371272e-01  -5.1256680e-01   9.7921672e-02  -1.2839004e-01   6.0794168e-01   8.1327490e-01  -3.8948997e-01   8.4095546e-02  -9.4561659e-02   4.5464488e-01  -3.3510156e-01  -4.6177990e-01   7.8767529e-01  -1.4388714e-01   1.0992978e-01   3.5754074e-01  -4.8723027e-01  -3.5244854e-01   3.5814247e-01   5.7292724e-01   4.9090019e-01   1.2627706e-01  -2.3614897e-02   2.7783868e-01  -2.3790947e-01   1.1848953e-01   1.2831705e-01  -4.1041023e-01  -4.4275472e-01  -4.6412535e-01   6.8929825e-01   3.2872925e-01   1.5824616e-01  -1.8802347e-01   1.4417627e-01   4.3741446e-01   5.0757764e-01  -2.1765406e-01   3.0782491e-01   2.2523199e-01  -6.5789027e-02   2.4020254e-01  -4.7584795e-01   1.5382379e-01  -8.7399159e-02  -3.9830165e-01  -3.4467236e-01   5.0731257e-01   5.0348781e-01   3.3684779e-03  -4.6238744e-01   3.3608594e-02  -5.5833145e-02   3.8756579e-01  -2.2201274e-01  -1.6954562e-01  -1.1867357e-01
   3.9865568e-01   0.0000000e+00   3.3901212e-01  -5.9433416e-01  -2.2413542e-01   2.6047217e-02  -1.3518676e-01   1.7807728e-01   7.0431995e-01  -2.8562292e-01  -3.0055987e-01   5.5421078e-01  -2.2683905e-01  -2.4735985e-01  -4.7018135e-01  -4.2778560e-01   4.7541580e-01  -2.9387903e-01   1.6064732e-01  -3.5715876e-01  -4.7079207e-01  -3.8813235e-01  -4.8577925e-01   4.5112788e-01  -4.1623182e-02   4.1271736e-01  -5.3550903e-01   2.6527570e-02  -2.5112830e-01  -1.9543562e-01  -6.3361870e-02   6.6620586e-03  -3.2895561e-01  -3.9510258e-01  -3.8368487e-01  -6.0920840e-01  -2.7924604e-01  -2.9070126e-02  -4.5506952e-01   4.0456357e-01  -2.0838634e-01  -9.1996827e-02   1.8145337e-01  -1.0580290e-02  -3.3391349e-01   2.2801798e-01  -6.0831546e-01   5.3291512e-02  -1.3321838e-02   4.5325526e-01  -4.1657135e-01   3.7707864e-01  -2.5978675e-01   2.6979663e-01   8.5549698e-02  -2.7450750e-01  -4.7187290e-02  -2.5172853e-01  -2.3509970e-01   1.9031972e-01   2.8797200e-01  -3.9031379e-02   6.5584402e-01  -7.3857631e-02   2.4173686e-01  -4.3296714e-01  -5.9726249e-02   2.7362340e-01  -4.5918497e-01   3.7534637e-01   5.6712283e-01  -3.9056895e-01  -3.4036756e-01   5.5758852e-01  -1.1682431e-01   1.0664523e-01   6.6040099e-02   1.7640837e-02   7.3438695e-02  -2.0702526e-01   1.0626343e-01  -3.9600290e-01   1.0503303e-01   2.9752161e-01   2.5162345e-01   8.2886963e-02   1.3356091e-01   3.3551080e-01   4.5047347e-01   3.7547849e-01  -1.6447660e-01   2.2129281e-01  -2.0244835e-01   4.7591204e-02   1.8106200e-01  -1.6166999e-01  -2.6432021e-01   1.3050210e-01   7.1267803e-02  -4.2494026e-01   3.8438520e-01  -2.6129659e-01  -2.2460565e-01   4.4045045e-01  -4.1711751e-01  -6.7363310e-02   3.2265370e-01   3.7494179e-02  -1.0382388e-01  -6.4564578e-01  -2.3587417e-02  -2.0373385e-01  -3.9869091e-02   3.4821694e-01   1.5841753e-01   2.6855184e-01   1.1934723e-01  -1.2241709e-01   9.2209564e-02  -5.3531124e-01   3.1616021e-01  -2.4219260e-01   4.0180339e-01   1.0119791e-01   3.3428748e-01   4.3776399e-01  -3.8256656e-01   7.7661437e-02  -2.5828983e-02   2.9502182e-01  -3.8039419e-01  -1.1367439e-01   4.9660930e-01  -1.6490627e-01   3.8473189e-01   7.3164910e-02  -6.5794435e-02  -3.3870224e-01   1.5349202e-01   4.2383758e-01   1.3718265e-01   4.0750314e-02  -9.2297227e-02   1.6472096e-01  -4.1078772e-01   2.3001660e-02   3.8939588e-01  -3.6952105e-01  -6.2653893e-01  -4.0865583e-01   3.3817174e-01  -1.5167373e-01   1.3702382e-01  -1.6626741e-01   5.0933670e-01   5.3054221e-01   2.3108577e-01  -3.6113669e-01   4.3659089e-01   1.9352412e-02  -1.5723383e-03   2.9712690e-02  -2.7577908e-01  -1.4222063e-01  -3.8290384e-01   1.0020990e-02  -3.6105224e-01   1.7644933e-01   2.4974152e-01   5.9611543e-02  -1.0825116e-01   1.5675445e-01  -2.5203650e-01   5.6641739e-01  -2.1672933e-01   1.6189916e-01  -3.7505777e-01
   2.1844957e-01   3.3901212e-01   0.0000000e+00   2.3465726e-02  -1.7462625e-01   3.1987317e-01  -1.0892345e-01   2.9617406e-01   3.0620126e-01  -2.2239044e-01   6.2068204e-02   6.2941939e-01  -1.2742820e-01   1.1146139e-01  -1.5256463e-01  -3.6047981e-01   9.2940241e-01   5.1681719e-02   3.5209221e-01  -1.5636288e-01  -2.8862261e-01  -1.1285091e-01  -3.5235724e-01   2.6617221e-01   2.4960758e-01   3.5947873e-01  -2.7021511e-01   2.6351615e-01  -1.8409010e-01  -1.0065399e-01   6.0229646e-02   2.4658679e-01  -7.6972937e-02  -1.9981002e-01   1.0614643e-01  -2.7501407e-01  -4.0617347e-01   2.7960228e-01  -4.1094356e-01   1.7759550e-01   2.8420816e-03   3.0873572e-01  -1.2432266e-01   1.4300951e-01   5.3286458e-02   6.2427737e-01  -7.2904173e-02  -3.7899167e-01   1.1984154e-01   4.9310267e-01   1.2565610e-01   3.8522478e-01  -3.7830979e-01   3.2130756e-01   1.5989602e-01  -5.8189562e-02   4.1214735e-01  -2.8418542e-02  -3.0126761e-02   3.9789954e-01   8.2914288e-01   3.0800647e-01   3.7160182e-01  -2.8804606e-01   1.7703265e-01  -1.9029109e-01   2.6635903e-01   3.1741001e-01   1.3466299e-03   7.7240851e-01  -6.3158435e-02   9.3420478e-02  -2.9950243e-01   5.3391860e-01  -5.4198136e-02   2.1851574e-01   6.8212152e-01   1.8409669e-01  -1.3120929e-01   2.0286706e-02   1.1181293e-01  -3.7019518e-01  -1.4077982e-01   2.8022979e-01   2.8817838e-01   2.3618553e-01  -2.5337493e-01   3.8453215e-01   2.9284126e-01   2.2639148e-02  -1.8932686e-01   7.8906088e-01  -4.1213970e-01   2.6391023e-01   4.5631895e-01  -1.5706511e-01  -1.6922391e-01   2.4173404e-01   3.1800971e-01  -2.5403355e-01   2.6902308e-01   8.1218236e-02   9.4239940e-02   1.8140182e-01   8.5282938e-02   2.4563265e-01   5.7329826e-01   2.3889743e-01   1.5942356e-01  -2.3521089e-01  -2.4338425e-01   2.5380104e-01   3.7220286e-01   1.4305951e-01   3.1866828e-01  -2.4177577e-01   2.4691860e-01  -6.8388044e-02   1.2708799e-01  -1.3622589e-01   3.6403186e-01  -2.2646733e-01   1.2313787e-01  -9.1616684e-02   5.9055640e-01   2.6383121e-01  -6.6499677e-02   2.3152905e-01   2.1652640e-01   7.1453047e-01  -4.9569082e-01  -2.1641797e-01   5.1922016e-01  -1.7976342e-01   3.0667193e-01   2.5342294e-01  -2.4223694e-02  -3.6197103e-01   3.5587701e-01   1.9065449e-01   1.6906129e-01  -3.3042714e-02   1.4459827e-01   2.7764707e-01  -3.0516636e-02  -1.0620828e-02   1.2727889e-01  -4.1544088e-01  -2.8715985e-01  -3.3598196e-01   4.6135483e-01   1.9822645e-02   2.4584994e-01  -1.9794638e-01   2.5547101e-01   2.0560475e-01   2.3090122e-02  -2.2651992e-01   7.1626886e-01   6.1560539e-02   2.1547820e-02   2.0363918e-01  -3.6671550e-01   1.9762500e-01   1.2814690e-01  -2.6824527e-01  -1.8028751e-01   2.7132448e-01   3.8323252e-01  -8.7852436e-02  -2.9139339e-01  -2.0752664e-01   1.6670662e-02   3.6072257e-01  -3.6371403e-01   9.2841784e-02  -5.3665613e-02
  -3.0933865e-01  -5.9433416e-01   2.3465726e-02   0.0000000e+00   4.5671508e-01   1.9392606e-01   3.0115962e-02   4.4851258e-02  -3.4769192e-01   3.5743026e-01   3.3114547e-01  -2.1316335e-01   1.8349965e-02   1.4446546e-01   3.4181835e-01   3.2085230e-01  -1.2437293e-01   2.0905056e-01  -3.6135008e-02   5.6205961e-01   2.4373473e-01   4.8484376e-01   3.9233984e-01  -5.2102578e-01   4.3346810e-01  -2.6862335e-01   4.9168611e-01  -4.2572944e-02   3.3142151e-01   6.7444182e-02   2.3010038e-02   3.1701985e-01   3.8787806e-01   1.4777774e-01   2.0057284e-01   6.0502975e-01   2.2971421e-01   3.0480104e-02   2.8762958e-01  -7.2316719e-02   6.0082456e-02   2.5085679e-01   1.1234004e-01   7.6294421e-03   3.8937839e-01  -8.1102557e-02   6.4953134e-01  -1.2784185e-01  -7.5096321e-02  -3.9649137e-01   4.6734878e-01  -1.2885976e-01   4.6906047e-03  -1.4307878e-01   3.5418168e-02   1.1152907e-01   8.5208798e-02   4.7954939e-01   2.3116145e-01   1.9457449e-01   1.1301945e-01   1.7231519e-01  -9.2155588e-02  -1.9027648e-02  -1.3210212e-01   3.9215354e-01   2.4089956e-01   1.5317457e-01   5.0953895e-01  -1.3989587e-01  -2.7301478e-01   7.1564158e-01   1.8215784e-01  -3.8550596e-01   3.9174209e-01   1.1468873e-01   8.2002858e-02   9.9652161e-02   1.0372760e-01   3.4993200e-01  -5.3857535e-02   2.2992159e-01  -2.4520221e-01  -2.1576833e-01  -2.6933064e-01   1.7138039e-01  -2.0114942e-01  -2.0902934e-01  -1.2022586e-01  -3.1700818e-01   3.4232576e-01   1.2176098e-01   6.4298897e-02   1.5423199e-01  -3.5297026e-02   4.3109021e-01   3.7672476e-01   1.7182850e-02   1.5084744e-01   4.7277208e-01  -3.3540237e-01   1.9546566e-01   1.4971472e-01  -9.4025908e-02   5.7609380e-01   4.1659531e-01  -2.3773222e-01   1.9261156e-01   1.5961086e-01   3.9443067e-01  -1.1934408e-01   2.5168660e-01   5.3299090e-01  -3.7201406e-01  -1.3782687e-01  -2.2479483e-01   3.8792243e-02   1.0235694e-01  -2.6932217e-01   7.6169906e-01  -4.5071481e-01   3.7619944e-01  -1.9424597e-01  -1.6202319e-01  -2.1319710e-01  -3.2560200e-01   4.0890487e-01   1.3707746e-01   3.9752340e-01  -1.2053403e-01   5.1719027e-03   7.9814673e-02  -2.1660042e-01   6.1821215e-02   1.8961504e-01   1.3401022e-01   3.5878383e-02   9.3890936e-02   1.0406963e-01  -3.6512585e-01  -8.5184916e-02  -2.0340637e-02   2.8460054e-01  -1.7456810e-01   4.0263881e-01   6.2185026e-03  -2.7340315e-01   1.2243165e-01   4.0683790e-01   2.3909069e-01  -3.0319635e-01   1.1375510e-01  -3.2029924e-01   1.0907278e-01  -1.4641595e-01  -6.7196727e-01  -3.7511458e-01   1.2778777e-01  -2.1870477e-01   6.8775683e-02   3.8608872e-01   1.5960414e-01   2.5931845e-01   4.0735232e-01   6.4302015e-01   4.2914595e-02   3.3092604e-01  -1.4856548e-01  -2.9400211e-01  -1.2537621e-01   2.2578547e-01  -5.3514994e-01   3.8934855e-01  -3.8685069e-01   3.4786803e-01  -1.5335122e-01   5.8163934e-01
  -4.5152376e-01  -2.2413542e-01  -1.7462625e-01   4.5671508e-01   0.0000000e+00   1.7515032e-01   2.9067005e-01  -2.4539658e-01  -1.0538725e-01   6.1962808e-01   1.2954459e-01  -2.4065419e-01   9.2015691e-02  -2.1216118e-01   8.6259359e-02   4.7529971e-01  -1.6062172e-01  -1.8220294e-02  -2.1952191e-01   9.0122472e-01   2.0694721e-01   1.8064353e-01   3.5884078e-01  -4.2777655e-01   1.2819823e-01  -4.5044347e-01   5.0317224e-01  -3.4994210e-01   3.6609134e-01   4.6181294e-02  -4.1651925e-02   5.8030895e-02   3.2648183e-01   1.9796106e-02  -1.2313058e-01   6.9491909e-01   5.7778335e-01   2.0414766e-02   4.0320841e-01   1.0535484e-01  -9.3893073e-03   2.2165377e-01   4.0549486e-01  -3.0663166e-01   1.2774990e-01  -3.9033713e-01   5.6669873e-01   3.7707851e-01  -4.2414980e-01  -3.3266315e-01   3.1928470e-02  -3.1242817e-01   1.6139869e-01  -1.5336598e-01  -1.4391202e-01  -2.7463621e-01  -1.4622555e-01   1.8789792e-01  -5.1716159e-02  -1.9809143e-02   4.2691904e-02  -1.7493887e-01   2.4681231e-02   2.3933446e-01  -1.9601916e-01   4.7076293e-01   1.7197509e-01  -6.7758316e-02   2.7173188e-01  -4.2639756e-01   2.1565108e-01   2.8365224e-01   2.2469039e-01  -4.7098814e-01   2.9126913e-01  -1.2632254e-01  -1.8884943e-01  -2.1310168e-01   7.0383860e-01   8.3626912e-02  -3.1675251e-01   3.2837750e-01  -7.4052865e-02  -4.8670594e-01  -4.7322156e-01  -5.5474957e-02   8.5614798e-02  -2.4685889e-01  -5.8244948e-02  -2.8919034e-01   7.6119350e-01   3.6630369e-03   4.5109891e-01  -2.4883170e-02  -2.0429638e-02   7.4927324e-01   2.1616767e-01  -7.4015118e-02  -3.6335328e-02   4.2582956e-01  -4.1421186e-01  -9.4255579e-02  -2.7255136e-01   5.0053947e-02   1.7415964e-01   1.8521283e-01  -3.0532417e-01   3.5092527e-02  -3.0042004e-01   1.4231033e-01   3.1029934e-01  -1.2084520e-01   1.1493247e-01  -4.8063548e-01  -3.7163891e-01   3.3919306e-01  -2.6164269e-01   7.2812395e-02  -3.5079496e-01   4.5197341e-01  -5.1605521e-01   8.5420748e-01   3.0530131e-02   6.3631445e-02  -4.9099295e-01  -4.3851733e-01   2.3169680e-01   8.8029005e-02   1.6056684e-01  -3.4159921e-01   1.9081917e-01   3.7244544e-01  -3.9800436e-01   1.7450910e-01   1.0108371e-01  -1.1863167e-01   1.9766225e-01   1.3881745e-01  -1.7586474e-01  -2.9678437e-01  -5.9070093e-02  -2.4728600e-03  -8.2531428e-03  -2.1850700e-01   2.1350794e-01  -3.0233666e-02  -6.7394386e-02   4.0833059e-01   4.6862842e-01   2.9371259e-01  -5.2203177e-01  -3.0638704e-01  -3.5670919e-01   2.4343810e-01   1.7131139e-01  -5.1612703e-01  -2.8237264e-01   4.3361362e-02  -2.2880047e-01  -2.3003627e-01   4.2354858e-02  -8.7271912e-02   6.1332716e-01   1.1967002e-02   2.5139550e-01   3.9143000e-01   3.9207030e-01  -3.7058779e-01  -3.2698617e-01   8.6374020e-02   6.8481709e-01  -2.6615221e-01   2.5200996e-01  -3.6116253e-01   3.4594854e-01   2.0688675e-01   2.6687021e-01
  -1.0022187e-01   2.6047217e-02   3.1987317e-01   1.9392606e-01   1.7515032e-01   0.0000000e+00   3.8792181e-01   1.7273942e-01   3.5490948e-02   3.0395611e-01   1.1271292e-01   4.9621493e-01  -6.8033202e-02   1.8223193e-01   3.0158964e-01   1.3888394e-01   2.3041933e-01  -8.9055059e-02   4.9381337e-01   2.0275502e-01   1.3400940e-01   1.4990882e-01   1.4414999e-01  -1.7169333e-01   2.0556411e-01  -1.4497657e-02   1.4542073e-01   2.9921312e-01   2.0393329e-01  -9.5670493e-02   2.8813582e-01   1.0664676e-01   4.9290291e-02   4.4984622e-01   1.1792117e-01   6.5836668e-02   5.7085565e-02   1.7698199e-01   6.3917279e-02   4.1530200e-01  -1.5371835e-01   7.8418673e-02   1.2809964e-01   1.1529430e-01  -1.5594039e-01  -6.1520722e-02   8.7860065e-02  -1.9022523e-01  -1.6398837e-01   2.7604366e-01   1.6129261e-01   3.7358964e-02   3.4465431e-02  -1.9814753e-01  -7.5292166e-02   1.2246399e-01   6.2974067e-01   1.5935221e-01  -2.6739863e-02   1.9749100e-01   5.8439880e-02   9.6469968e-02   1.9342952e-01  -2.0851631e-01  -3.8910681e-01   4.0934449e-01   8.1491525e-01   1.1410651e-01   2.2724245e-01   7.6812615e-02   1.4630691e-01   1.1266719e-01  -1.2554847e-01   5.1361931e-02  -2.3643874e-01   1.3830117e-01  -2.0507261e-04   1.2728548e-01   1.2296408e-01  -1.8016507e-02   2.4592677e-01   2.8151458e-02   3.1685367e-01   1.0295659e-01   1.3418540e-01   1.8674922e-01   9.8009097e-02   2.5950140e-02  -1.0685875e-01  -2.2256608e-01   1.8803350e-01   1.1010947e-01   2.0081889e-01   1.0274607e-01  -3.1658667e-02   4.4505263e-01  -5.0937300e-02   2.6793428e-01  -2.9001233e-02   1.6639699e-01   1.8441908e-01   3.0056897e-02   2.4392878e-01  -9.7166725e-02   1.7271705e-01   2.1764107e-01   7.3727016e-02   3.1232336e-01  -2.8437281e-03   5.8546113e-02   2.9294626e-01   1.5325721e-01   1.7775321e-01  -2.3930953e-01   2.5342835e-01   7.5130680e-03   3.1276892e-02   8.8655062e-02   2.7513620e-01   8.7159768e-02  -2.8773649e-01   1.2903246e-01   7.4586587e-02  -2.9212598e-01  -2.9481574e-02  -1.5550217e-01  -4.3964473e-02   4.4186039e-02   3.1420092e-01   1.8687722e-01  -9.3013985e-02  -1.1813813e-02   1.2059628e-01   1.0899944e-01   2.1814742e-01   2.1147874e-01   2.0147130e-02   2.7769178e-01   1.7209055e-01   2.3692965e-02  -1.1683514e-01   2.6280862e-01   1.6427561e-01   4.0955818e-01   1.8502719e-01  -1.3354174e-01   5.5258529e-01   1.9088222e-03   8.4275202e-02   1.0960099e-01   1.1985508e-01   1.7612527e-01  -3.4900615e-01  -2.3226458e-02   2.8788026e-01  -1.3914070e-01  -4.9697081e-01  -1.3416249e-01  -4.2618113e-02   1.8749773e-01   6.8892996e-02   1.8779706e-01   2.4898231e-01   6.8818655e-02   1.1384921e-01  -4.7029706e-02   7.3886476e-02   4.4791649e-02  -2.9243810e-01   3.9860412e-01   1.1503329e-01  -3.2536378e-01  -1.9256467e-01   4.3077875e-01  -1.0494082e-01   1.1986433e-01   1.3437639e-01
  -4.1946933e-01  -1.3518676e-01  -1.0892345e-01   3.0115962e-02   2.9067005e-01   3.8792181e-01   0.0000000e+00  -2.7801652e-01  -5.0410450e-02   4.8104229e-01   1.4703127e-01   1.5744160e-01   3.5265134e-02  -1.7497115e-01   3.5392849e-01   3.3262736e-01  -1.1623868e-01  -6.6144662e-02  -1.5810384e-01   4.2760057e-01   3.2702945e-01   1.3993927e-02   5.7540387e-01  -1.1930740e-01   7.1047476e-02  -4.7546451e-01   1.8139745e-01  -3.8230149e-02   4.6111357e-01   1.9911162e-01   1.4316102e-01  -1.9867194e-01   1.8058362e-01   3.0413987e-01   1.1132958e-01   4.5111210e-01   4.4607604e-01   2.1118263e-01   2.5207224e-01  -1.6746471e-01  -1.6870785e-01  -4.0123931e-02   3.3665110e-01  -3.8980459e-01   8.5392034e-02  -4.0935513e-01   1.8756549e-01   3.4945205e-01  -3.2553099e-01  -8.5384237e-02   2.4696366e-02  -3.3928338e-01   1.6138101e-01  -2.9508143e-01  -2.3462495e-01   1.7458357e-02   1.0729066e-01  -1.5885379e-02  -1.0506896e-01  -9.4767086e-02  -1.3267516e-01  -1.7545766e-01  -2.1543331e-01   2.5693817e-03  -2.7852627e-01   6.1980979e-01   2.2068401e-01  -1.5295636e-01  -1.0560676e-01  -3.8999734e-01  -5.9052345e-02  -6.4645463e-02  -4.9663588e-02  -3.3676462e-01  -2.9538630e-01  -1.8697910e-01  -1.9749789e-01  -3.2271680e-01   3.3562211e-01  -5.2597047e-03   4.6539760e-02   2.8899315e-01   8.4797023e-02  -3.8491128e-01  -4.7705889e-01  -1.6587411e-01   2.4331782e-01  -1.6689444e-02  -9.8408305e-02  -3.8409806e-01   1.8323247e-01  -1.0197031e-01   5.1916480e-01   1.5906202e-01  -9.3938323e-02   3.2844741e-01   8.8087700e-02  -2.1525738e-01  -1.0553111e-01   3.9908494e-01  -3.4573699e-01   7.3838016e-02  -5.1607505e-02  -8.0886589e-02   1.8659456e-03  -1.0745257e-01  -2.6198910e-01  -1.3141749e-01  -3.0673278e-01   7.9550775e-02   6.5743897e-01  -1.2030218e-01  -1.6815690e-01  -5.3635446e-01  -1.8152046e-01   3.0348627e-02  -3.8995880e-01  -6.8977852e-02  -1.6014800e-01   1.2746547e-01  -3.7162126e-01   3.5826874e-01   1.5546582e-02   5.8564870e-02  -3.9073870e-01  -4.0797439e-01   2.7214320e-01  -1.1878265e-01   5.2802541e-03  -2.7107938e-01   2.0921182e-01   3.8752831e-01  -3.2949239e-01   2.0003923e-01  -6.4913204e-02  -2.1335073e-01   2.3715428e-01   4.4783832e-01  -2.2295794e-01  -1.1302233e-01  -1.4468227e-01  -3.9322476e-02  -8.5039699e-02   3.0289614e-02   3.0878961e-01  -6.9640085e-02   3.3609773e-01   3.8989614e-01   4.8984570e-01   3.9632037e-01  -3.6305870e-01  -8.6227481e-02  -2.2814965e-01   8.1411900e-02  -6.0930599e-02  -1.2998180e-01  -4.2741945e-01   6.4545372e-02  -2.1186259e-01   4.3254165e-02   5.0318396e-03  -2.3937459e-01   4.0790055e-01  -2.1577877e-01  -1.4507541e-01   2.7970356e-01   3.8498659e-01  -2.5492412e-01  -3.6155164e-01   6.8795000e-02   3.2271841e-01  -6.0641016e-02  -2.4611374e-02  -4.7555355e-02   4.5811241e-02   1.5778987e-01  -8.6435999e-04
   5.3330360e-01   1.7807728e-01   2.9617406e-01   4.4851258e-02  -2.4539658e-01   1.7273942e-01  -2.7801652e-01   0.0000000e+00   2.6781210e-01  -3.4380676e-01   3.1486776e-01   3.1215852e-01  -3.6805075e-01   2.9266596e-01   1.1280185e-01  -4.9569487e-01   1.6135465e-01   4.0610660e-01   5.8348851e-01  -2.8825402e-01  -2.5370728e-01   3.1822068e-01  -2.6967112e-01  -6.4405797e-02   2.6762843e-01   6.7880560e-01  -3.1571747e-01   4.0640066e-01  -2.3552985e-01   8.8424909e-02   3.6822042e-01   6.4995618e-01  -2.5897607e-01  -7.2915294e-02   2.0819237e-01  -1.9760440e-01  -2.1154305e-01  -3.3658759e-01  -5.0611655e-01   2.1685974e-01  -7.7579250e-03  -5.5692522e-02  -9.2995180e-02   7.5005554e-01   2.4147861e-01   2.7917870e-01   5.4828097e-02  -2.4708010e-01   3.2704574e-01  -4.9980840e-02   3.3419437e-01   8.3641763e-01  -2.6367574e-01   4.9501516e-02   4.9048776e-01   3.1022424e-01   3.3178163e-01   3.6736369e-01   1.8528608e-01   3.9270724e-01   1.0636972e-01   5.0601309e-01   3.9364522e-01   9.0211162e-02   3.6225180e-01  -3.4579578e-01   3.6584000e-01   4.5089998e-01   3.8271473e-01   3.8072621e-01   1.3654197e-01   4.2845563e-01  -2.8071174e-01   4.5887098e-01   1.5784018e-01   8.1957832e-01  -1.9835826e-02   8.0686796e-01  -1.5938246e-01   2.4746026e-02   5.1976363e-01  -4.6565801e-01  -8.5797723e-03   8.0163220e-01   2.8634333e-01   7.8243638e-01  -2.6319751e-01   2.7548198e-01   3.7492685e-01   1.9600643e-01  -9.7000561e-02   5.1834719e-02  -4.3419299e-01   2.3635710e-01   9.4973071e-02  -1.8441858e-01   8.3514463e-02   6.2812584e-01   5.1676161e-01  -2.5245335e-01   3.1270300e-01   4.7441434e-01   6.2917839e-01   2.2311368e-01   3.2453907e-01   6.4237219e-01   2.6183956e-01   7.7055067e-01   1.7363642e-01  -2.0973585e-01  -3.6426982e-01   4.4370190e-01   5.6019280e-01   3.0045563e-01   4.0970449e-01  -1.5806219e-01   8.1531971e-01  -3.5205628e-02   1.8705354e-01  -1.0386647e-01   5.9643098e-02  -3.4292020e-01   9.6858594e-02   7.6086644e-02   3.1434441e-01   5.2032163e-01   5.7024199e-02   1.0736758e-01   4.6824138e-01   1.6931342e-01  -4.3879898e-01  -1.3453710e-01   5.8331575e-01  -9.7218949e-02   2.9422602e-01   8.8554936e-01  -3.4427884e-01  -1.6054208e-01   8.6138176e-01   1.6971509e-01   1.3642678e-01   2.7995262e-02   6.0663757e-01   1.0245318e-02   1.9101930e-01   4.9010236e-01   5.7589203e-02  -4.4282221e-01  -3.8688208e-01  -2.7792081e-01   3.5931867e-01   6.6859330e-01  -1.6695769e-01  -6.7201249e-02   1.3865923e-01  -5.0558079e-02  -9.7756505e-02  -3.7711491e-01   1.1673215e-01   6.4804998e-01   2.6668969e-01   7.2095219e-01  -4.0475819e-01   6.2702738e-01   3.6477725e-01  -9.5034493e-02   5.7548255e-03   5.1732643e-01   1.4733610e-01  -1.8701959e-02  -1.7844138e-01  -5.1394774e-01   3.2675956e-01   1.9556423e-01  -7.2797495e-02  -2.0151740e-01   2.6628968e-01
   2.8633463e-01   7.0431995e-01   3.0620126e-01  -3.4769192e-01  -1.0538725e-01   3.5490948e-02  -5.0410450e-02   2.6781210e-01   0.0000000e+00  -2.5256055e-01  -8.1367847e-02   4.3306952e-01  -2.0432799e-01  -3.0692333e-01  -3.2667865e-01  -4.8618104e-01   3.8735923e-01  -2.0918712e-02   9.9135941e-02  -2.1083224e-01  -4.3011573e-01  -4.1733105e-02  -3.1114881e-01   3.0700393e-01   7.4226410e-02   4.5710666e-01  -3.4851187e-01  -6.8988310e-03  -1.6692454e-01  -2.7085580e-02   6.8795879e-02   2.9433230e-01  -2.8336074e-01  -4.3828452e-01  -2.4271019e-01  -3.5671699e-01  -2.7397756e-01  -6.1688337e-02  -5.0817265e-01   4.0712014e-01  -1.1554128e-01  -9.4633074e-02   3.2048954e-01   8.4764173e-02   2.6128437e-02   3.3980061e-01  -3.0028853e-01   1.2272495e-01   1.2832793e-01   3.3833349e-01  -1.0492241e-01   4.3289569e-01  -4.0205120e-01   2.3443092e-01   1.4035853e-01  -1.5041038e-01  -1.4774028e-01   1.3731100e-01   1.0562134e-02   4.6924361e-01   2.7764203e-01   2.1327401e-01   7.3865379e-01   2.9549245e-02   4.4196936e-01  -4.1614115e-01   1.1203241e-01   2.8021026e-01  -1.2021164e-01   3.3869682e-01   5.3283233e-01  -1.5222129e-02  -3.3579613e-01   4.3741636e-01   9.4594108e-03   2.3283728e-01   1.4556020e-01   1.5356940e-01   1.8339884e-01  -7.7713198e-02   2.1889067e-01  -4.4769227e-01   3.6404987e-02   3.0967660e-01   4.1969899e-02   2.4612729e-01   5.0132087e-02   3.3849956e-01   4.9827313e-01   2.2697431e-01  -3.0548754e-02   2.0338585e-01  -2.3276964e-01   4.3170314e-01   1.7949049e-01  -7.8351535e-02  -6.0543414e-02   2.3295281e-01   3.2388972e-01  -2.6613759e-01   2.3550581e-01  -9.5987725e-02  -1.0502234e-01   7.0619600e-01  -5.2728898e-02   1.8954478e-01   2.7234469e-01   2.4618140e-01  -1.3980976e-02  -6.8174571e-01  -1.5040149e-01   5.6834558e-02   1.6189007e-01   1.3481224e-01   1.0023028e-01   1.8344481e-01   2.9773061e-01  -5.7917592e-02  -5.6722010e-02  -2.3880731e-01   2.2783709e-01  -1.7255071e-01   4.5791346e-01   1.9723997e-01   3.0668576e-01   3.9302721e-01  -1.0784206e-01  -4.7919001e-03   3.6177362e-01   1.3202794e-01  -4.8399696e-01  -1.1930532e-02   4.4209325e-01  -1.5461299e-01   6.7233879e-01   2.5250689e-01  -1.3598261e-01  -2.8921409e-01   3.5258660e-01   2.0337942e-01   5.7972561e-02  -1.9567074e-02   1.7122694e-01  -2.4838884e-02  -2.5013282e-01   1.7356065e-01   3.3556198e-01  -3.7714922e-01  -5.1270770e-01  -3.2002752e-01   1.9285968e-01  -4.2359546e-02   5.0185780e-02  -6.5511554e-02   4.5641535e-01   3.2710950e-01   7.1233645e-02  -2.2542772e-01   3.7901770e-01   2.5654517e-01   7.2180627e-02   1.9802007e-01  -3.0102641e-01   1.4725277e-01  -2.1754552e-02   4.5010497e-02  -6.8074891e-02   1.7643945e-01   1.6227058e-01  -1.7527019e-01   6.8661901e-02  -1.3217955e-01   8.9274767e-02   2.4488170e-01  -4.9783169e-02   3.0383009e-02   4.4734548e-02
  -5.3060400e-01  -2.8562292e-01  -2.2239044e-01   3.5743026e-01   6.1962808e-01   3.0395611e-01   4.8104229e-01  -3.4380676e-01  -2.5256055e-01   0.0000000e+00   1.5557549e-01  -1.8954633e-01   1.6078874e-02  -1.1088581e-01   2.4108910e-01   4.3736384e-01  -2.4230373e-01  -1.1144380e-01  -1.8704575e-01   6.2335357e-01   4.1382791e-01   1.5791823e-01   6.0718279e-01  -4.4566056e-01   1.4632426e-01  -7.0273337e-01   3.8550790e-01  -3.0220023e-01   3.6269520e-01   1.9434545e-01   3.8691816e-02  -1.4348859e-01   2.9215780e-01   2.7384124e-01  -1.1960263e-01   5.2043912e-01   6.7694149e-01   1.2746779e-01   3.4538418e-01  -1.7345738e-01  -2.4781532e-01   7.6938138e-02   2.3450927e-01  -3.8205999e-01  -1.3696330e-01  -4.5098928e-01   4.1435612e-01   2.5299333e-01  -8.1280957e-01  -4.2040449e-01   1.0001743e-01  -4.3543834e-01   3.4813259e-01  -2.0544433e-01  -2.2700336e-01  -1.1620417e-01   4.1460851e-02   1.2862467e-01  -1.0559732e-01   4.6860169e-03  -1.4574327e-01  -6.1781836e-01  -1.7955967e-01   2.4327246e-01  -5.5523001e-01   7.9003305e-01   1.5054190e-01  -2.5415114e-01   1.4474079e-01  -5.2067480e-01  -3.2804963e-02   1.5433682e-01   5.6541735e-02  -6.7412099e-01   1.6778711e-01  -2.2260624e-01  -1.7439293e-01  -2.9808770e-01   3.7311979e-01   1.6502232e-01  -2.2473672e-01   4.4834235e-01  -2.0552459e-02  -6.7462816e-01  -5.4957008e-01  -1.0313557e-01   2.6373953e-01  -2.8116456e-01  -2.9348988e-01  -3.8104600e-01   6.7644957e-01  -2.4229645e-01   4.7403763e-01   7.0585880e-02  -2.0823413e-01   6.5357205e-01   1.4996268e-01  -1.8999297e-01  -4.8870150e-01   8.2084054e-01  -4.8190476e-01   6.5434183e-02  -2.5414136e-01   1.2527665e-02   2.5453059e-01  -7.3021189e-02  -5.1172333e-01  -9.0862543e-02  -3.3921837e-01   2.8506239e-01   3.9108987e-01  -1.8850988e-01  -6.7622515e-02  -6.4661858e-01  -4.1627884e-01   8.1136827e-02  -3.8630521e-01   7.1363954e-03  -2.2659261e-01   3.3880073e-01  -6.7961739e-01   5.9783947e-01  -1.8128298e-01   1.5337756e-02  -4.8626290e-01  -6.1027642e-01   3.8176344e-01   3.0730142e-02   6.2165002e-02  -3.3488685e-01   2.0374561e-01   2.5557614e-01  -5.3172835e-01   2.6615620e-01   3.9976464e-02  -1.8111041e-01   3.5869893e-01   3.8949766e-01  -2.3200237e-01  -2.4502358e-01  -2.3277025e-01  -1.7243915e-02   1.1915966e-01  -9.9500023e-02   3.1497449e-01  -1.4053515e-02   5.0344537e-03   5.4690767e-01   5.7916769e-01   6.2021704e-01  -6.0874675e-01  -2.1455738e-01  -4.5349316e-01   8.2776663e-02  -1.1488884e-01  -4.6141259e-01  -4.1939138e-01   6.1406956e-02  -4.7002921e-01  -2.1852568e-01  -2.1437618e-02  -6.6607802e-02   8.3378413e-01  -9.4701525e-02   1.8533713e-01   2.3564755e-01   3.6442064e-01  -5.1370071e-01  -5.2888826e-01   8.7749027e-02   4.3733005e-01  -2.2896002e-01   3.5918846e-02  -2.4226697e-01   5.1967134e-01   4.1376028e-02   2.0705825e-01
  -1.8706770e-01  -3.0055987e-01   6.2068204e-02   3.3114547e-01   1.2954459e-01   1.1271292e-01   1.4703127e-01   3.1486776e-01  -8.1367847e-02   1.5557549e-01   0.0000000e+00  -5.7823880e-02  -1.2482852e-01   2.1450152e-01   6.0732498e-01  -9.1315398e-02  -8.5054167e-02   8.0735568e-01   1.3750447e-01   8.9767233e-02   3.5980434e-01   5.8990957e-01   3.5632718e-01  -4.7553700e-01   1.3249088e-01  -3.5417228e-02   8.0109321e-03   4.3247647e-01   1.7138016e-01   6.3362199e-01   6.2401434e-01   6.3098007e-01   7.5762475e-02   3.2671594e-01   4.7819898e-01   4.2783294e-01   2.6973846e-01  -2.6740574e-01  -1.2009973e-01  -2.5529882e-01   1.2286237e-01   1.1941303e-01  -2.0450901e-01   4.6198694e-01   5.2755216e-01  -5.6968805e-02   6.1529384e-01   2.7737694e-01  -2.7249072e-02  -3.9886007e-01   7.4079432e-01   1.8690046e-01   2.6665668e-01  -8.9414545e-02   4.8149660e-01   6.2644469e-01   3.3594891e-01   5.3981528e-01   5.3603841e-01   1.8079557e-01  -3.6369413e-02   2.6852647e-01  -8.6589945e-02   5.7837962e-01   1.7722073e-01   1.8020808e-01   4.0064850e-01   7.3207311e-02   5.5764226e-01  -1.9017316e-01  -1.7291947e-01   5.9628278e-01  -3.0902528e-02  -1.5274287e-01   1.4980198e-01   4.4019622e-01  -1.6045639e-01   3.9616440e-01   1.5806035e-01   2.0549909e-01   3.5264073e-01  -7.4614501e-02   1.7271378e-01   6.0398131e-02  -2.1508626e-01   5.2820001e-01  -1.9786873e-01   4.0019607e-04   1.0351056e-01  -2.6153657e-01   3.1748097e-01  -1.4527218e-01  -5.3241278e-02   2.1591924e-01  -5.9565309e-02   8.0985649e-03   3.2387213e-01   3.5637301e-01   3.5452970e-01   3.5380411e-01  -1.3065340e-01   7.0641653e-01   5.2273134e-01   1.9013339e-01   7.2338467e-01   5.9584921e-01  -9.2972277e-02   5.6272070e-01   2.1999643e-02   2.9086772e-01   2.1248181e-01   4.7972454e-01   4.0193698e-01  -3.1473623e-01   1.6350374e-01   3.3629026e-02   3.2365575e-01  -4.6030489e-02  -1.1241931e-01   3.9005680e-01  -3.5627256e-01  -6.2774674e-02  -2.3170048e-01   4.5499911e-01  -2.3227032e-01  -1.4450644e-01   5.9522378e-01   6.5451759e-02   5.4321837e-01  -2.1010338e-01  -1.2682203e-01   6.3440233e-01  -1.0558573e-01   3.2165939e-01   2.9892155e-02   4.6704725e-01   1.8444120e-02   3.3524304e-01   4.4513688e-01  -4.1550464e-01  -1.3879569e-02   5.2811543e-03   6.3203307e-01  -3.0761877e-01   6.0048843e-01   6.0402979e-01  -1.9580843e-01   1.8687280e-01   3.3577559e-01   3.8817015e-01   3.0512141e-04   5.1810748e-01  -1.9610959e-01   5.3256039e-01  -3.6503349e-01  -5.4725609e-01  -2.4533664e-01   1.3501977e-01  -1.8539984e-01   5.6881540e-01   2.7864298e-01   6.3444702e-01   6.2505997e-02   6.8908969e-01   4.9338703e-01   2.5498807e-01   6.5180750e-01   2.3539479e-01  -1.1273321e-01   7.9840838e-02   2.5408797e-01  -6.2011843e-01   5.8953329e-01  -4.3128863e-01   3.2813163e-01  -4.3638344e-02   4.9035879e-01
   2.8371164e-01   5.5421078e-01   6.2941939e-01  -2.1316335e-01  -2.4065419e-01   4.9621493e-01   1.5744160e-01   3.1215852e-01   4.3306952e-01  -1.8954633e-01  -5.7823880e-02   0.0000000e+00  -1.3785308e-01   1.0144271e-01  -1.2055351e-01  -3.4808683e-01   6.0072004e-01  -1.1051300e-01   4.6461711e-01  -1.9874535e-01  -4.0455800e-01  -7.5597602e-02  -3.2278146e-01   3.7719549e-01   1.3837348e-01   4.2325276e-01  -4.0511537e-01   3.2177766e-01  -5.5763765e-02  -1.3933963e-01   1.1638735e-01   1.6046897e-01  -2.6487611e-01  -5.7524820e-02   1.9910942e-01  -4.4526545e-01  -2.9920588e-01   5.9169861e-02  -4.2484655e-01   3.9046589e-01  -5.5858095e-02   1.1858193e-01   1.3697134e-01   9.8808024e-02  -5.9170864e-02   1.9585333e-01  -3.7476785e-01  -3.0999961e-01   9.3894040e-02   5.5800434e-01  -8.5477495e-04   4.2996399e-01  -3.7143672e-01   2.9633827e-01   2.2370900e-01  -4.7227025e-02   4.2077655e-01  -3.1877278e-02  -1.6399753e-02   4.8740864e-01   3.2882589e-01   2.8552638e-01   4.8511601e-01  -4.0517834e-01   3.2839830e-02  -2.0025188e-01   3.1944013e-01   3.4518098e-01  -2.0952910e-01   4.5179066e-01   1.5608706e-01  -5.0285538e-02  -3.5511218e-01   6.1604861e-01  -1.2301809e-01   2.5775049e-01   1.3624619e-01   1.7480138e-01  -5.5441284e-02  -1.6287366e-02   3.4794809e-01  -3.6611583e-01   6.8967674e-02   3.9096371e-01   3.0416053e-01   2.5799986e-01  -4.2067134e-02   6.1479972e-01   3.4839757e-01   9.9432324e-02  -2.4302207e-01   3.8233464e-01  -2.1423151e-01   3.6007443e-01   1.9300545e-01  -2.6863487e-02  -8.4401994e-02   3.0596070e-01   2.5711063e-01  -2.6726256e-01   3.5973420e-01  -7.8937861e-03   1.3511636e-01   2.1460238e-01  -5.3204228e-02   1.7508606e-01   5.5791586e-01   2.5579500e-01   7.1396663e-02  -4.0580098e-01   5.0499811e-02   2.2735932e-01   2.8266134e-01   1.1186145e-01   3.8553538e-01  -1.3039558e-01   2.4591302e-01  -3.6167530e-02   1.7266099e-01  -3.2402031e-01   1.7636545e-01  -2.9590318e-01   4.2297612e-01  -1.4134601e-01   2.9329879e-01   3.9763473e-01  -1.1817549e-01   2.2817176e-01   2.2017526e-01   3.6058546e-01  -4.6246981e-01  -2.3385289e-01   5.8229540e-01  -2.7031698e-01   4.0244735e-01   2.3334587e-01  -1.2600486e-02  -1.9576999e-01   3.5370247e-01   2.9183496e-01   1.1570295e-01   1.4338097e-01   1.6946580e-01   3.3477171e-01  -1.6458139e-02  -2.7381922e-02   5.3067873e-01  -5.5352226e-01  -4.2202093e-01  -3.8721258e-01   4.9538116e-01   1.2241810e-01   1.6673288e-01  -2.1422167e-01   3.8029367e-01   3.0034789e-01  -1.2853629e-01  -1.7949412e-01   4.0758440e-01   2.5027559e-01   8.5105095e-02   1.9265370e-01  -3.7274085e-01   5.0340975e-02  -8.0999462e-02  -8.5775258e-02  -1.8033868e-01   3.2324695e-01   2.9099917e-01   7.3459898e-02  -1.9342882e-01  -1.8729351e-01  -2.0950912e-01   6.1772481e-01  -2.7637580e-01   1.0476747e-01  -1.4126217e-01
  -7.9206127e-02  -2.2683905e-01  -1.2742820e-01   1.8349965e-02   9.2015691e-02  -6.8033202e-02   3.5265134e-02  -3.6805075e-01  -2.0432799e-01   1.6078874e-02  -1.2482852e-01  -1.3785308e-01   0.0000000e+00  -7.3533167e-02  -1.4400852e-01   5.0519232e-01  -6.5690156e-02   7.6796506e-03  -1.9619051e-01   1.4589350e-01  -2.3473875e-01  -1.1936508e-01  -7.8725825e-03   1.6509419e-01  -3.6746264e-01  -2.5138957e-01   3.1123155e-01  -2.6352657e-01  -9.4926626e-02  -2.7547584e-02  -3.7418939e-01  -2.8716917e-01   3.8131319e-01  -7.4244049e-02   1.0128600e-02   8.6167499e-02   8.6194550e-02   2.3490050e-01   5.1653741e-01   8.6339100e-02   6.8547532e-01   3.6666300e-01   1.2656765e-01  -1.9091250e-01   2.9854691e-02  -1.1062057e-01   7.5206748e-02  -9.3230588e-02   4.8401909e-02   5.3370713e-02   2.7976865e-02  -4.4952070e-01  -1.9673252e-01   1.4544510e-01  -1.0813276e-01  -2.4591805e-02  -1.3317298e-01  -1.6069118e-01   2.1054436e-01  -2.1176800e-01  -6.8115050e-02  -8.9881686e-03  -1.8499785e-01  -1.7252323e-01  -4.2653832e-02  -5.8168084e-02  -1.9593459e-01  -2.8230915e-01  -1.9070863e-02  -1.9405825e-01  -1.8970532e-01  -1.7801139e-01   5.5201248e-01  -1.0282280e-01  -2.6160916e-02  -4.6746258e-01  -6.6090237e-02  -2.7138134e-01   6.3189919e-02   3.2059825e-01  -3.4570605e-01   4.8194575e-01  -2.0176952e-01  -2.9661793e-01  -2.9124925e-02  -4.4697023e-01  -1.3363936e-01  -5.5684237e-02  -5.3302258e-02   9.4606594e-02  -4.8373671e-02   5.8504131e-02   2.1114827e-01   6.9306370e-02   7.6321307e-02   8.4762836e-02   2.3180313e-01  -1.4921640e-01  -3.3725237e-02  -3.7078585e-02  -1.9094790e-01  -3.3242660e-01  -3.6751357e-01  -5.8213457e-02  -1.0522428e-01  -2.7156504e-01   1.3405348e-01  -2.3476689e-01   1.9848371e-01   1.8158907e-01   1.0134967e-01  -1.5711831e-01  -2.5961066e-01   8.9014610e-02  -1.9104453e-01   5.3327516e-02  -3.3721165e-01   6.1597216e-01  -1.9189996e-01   8.0926254e-02   1.5612599e-01   1.5283536e-01   1.4696235e-01  -1.4063226e-01  -9.8232191e-02  -1.9382072e-01  -2.4137006e-02   2.8808973e-01  -2.0630801e-01  -6.2079389e-02   7.0370866e-01   7.3108105e-03  -2.0509258e-01  -3.2125649e-01  -7.9384122e-02  -4.2709735e-01   3.7056363e-01  -2.3163903e-01  -4.6326486e-01   7.8398554e-02   2.8331572e-01   5.2294412e-01  -2.8123626e-01   7.2615314e-02  -1.8468175e-01  -1.6242214e-01  -2.0979324e-01   3.1036367e-03   2.0688309e-01  -1.1967854e-01  -1.6807614e-02  -3.4917955e-01   3.5720984e-01   2.0086292e-01   2.7486508e-02   8.1354045e-02   2.1160392e-01   5.7575905e-01   7.2349749e-02  -3.3671598e-01  -1.6454241e-01  -2.4299342e-01  -1.3505593e-01  -1.2590046e-01  -7.9222346e-02   4.3586830e-02   7.5749939e-02  -2.5754648e-01   6.9133332e-02  -1.4349356e-01   5.7619532e-02   2.3182439e-01  -3.1846079e-02  -9.5052516e-02  -2.9483022e-02  -2.5354382e-02   9.9354704e-02
   3.1831232e-01  -2.4735985e-01   1.1146139e-01   1.4446546e-01  -2.1216118e-01   1.8223193e-01  -1.7497115e-01   2.9266596e-01  -3.0692333e-01  -1.1088581e-01   2.1450152e-01   1.0144271e-01  -7.3533167e-02   0.0000000e+00   4.1503897e-01  -1.1597448e-01  -3.6631666e-02   2.3066718e-01   3.5009856e-01  -2.2887463e-01   2.3705405e-01   4.4849012e-01  -2.0696704e-03  -2.3719000e-01   6.8298972e-02   2.1593628e-01  -1.9077472e-01   4.8346826e-01  -2.1704734e-01   1.8849762e-01   2.9916185e-01   2.3951881e-01  -1.3669103e-01   4.8598416e-01   5.3119156e-01  -1.8265117e-01  -1.1162620e-01  -2.2090377e-01  -1.3680972e-01  -7.5880204e-02   8.1216298e-02   7.5645319e-02  -4.1147617e-01   4.1541164e-01   1.1976844e-01   5.8467235e-02   5.1574632e-02  -3.3674018e-01   2.2630620e-01  -7.9044846e-02   4.4623238e-01   2.0606581e-01   1.9706158e-01   1.7276837e-01   4.3534978e-01   3.7429176e-01   5.9424605e-01   2.1352922e-01   2.3481208e-01   1.3730314e-01  -1.5175499e-01   1.6537481e-01  -1.9846603e-01  -5.1667058e-02  -7.6750990e-02   2.5003430e-02   1.7018425e-01   1.1055892e-01   1.9186711e-01   1.6393826e-01  -3.0969385e-01   2.0398018e-01  -6.8692349e-02   2.9833742e-01   1.0836449e-01   3.7407688e-01  -1.3772286e-01   1.8760208e-01  -4.3125848e-01  -1.5558406e-02   3.9703513e-01  -1.0664646e-01   1.6733830e-01   3.6327023e-01   5.3782599e-01   3.5714167e-01   1.9369055e-01   2.6274629e-01  -2.9359706e-01  -4.6473282e-02  -1.5273201e-01  -1.6149461e-01  -2.7725803e-01   3.7527101e-03  -1.0330939e-01  -1.6554226e-01  -1.2840848e-01   8.9240588e-02  -5.6414391e-02   1.3997865e-01   2.0382342e-01   3.7986769e-01   6.4547266e-01  -2.5017444e-01   2.4971246e-01   2.2199862e-01   4.1198805e-01   1.6484407e-01   3.3783025e-01   3.2696463e-01  -2.0520976e-01   6.1917173e-01   1.9987701e-01   1.7892104e-01   4.3649899e-01  -4.4103075e-01   1.7708769e-01   4.2160661e-02   2.8337962e-01   1.7144596e-02  -5.9583049e-02  -3.5054734e-01  -2.7647996e-02  -1.7345881e-01   1.2076291e-01   2.9614252e-01   1.4790343e-01   4.2112072e-01   1.3908063e-01   1.0382446e-01  -1.2243661e-01  -1.7135924e-01   3.5979671e-01   6.3169798e-02  -2.4965081e-01   3.2250290e-01  -2.3060902e-02   1.8430527e-01   2.9366656e-01  -7.9082968e-02   2.1850960e-01  -1.4632179e-02   1.9037744e-01   5.5433747e-02   4.9719806e-01   1.8015144e-01  -2.2942474e-02  -7.1535088e-02   4.0873356e-02   1.2025879e-01   4.4902883e-01   6.1716902e-01   1.3146445e-01  -8.7852041e-02  -3.5537628e-01  -2.6722073e-01  -1.5531837e-01   3.2671844e-02  -1.0988546e-01   4.3792316e-01  -5.0371584e-02   2.3173186e-01  -1.0211351e-01   2.6864919e-01   1.7545396e-01  -3.1156774e-01  -2.2873054e-02   4.0209526e-01   2.5206228e-01   1.6743283e-01  -2.7701328e-01  -2.8594813e-01  -8.2553421e-03  -3.4569356e-02  -1.1089666e-01  -1.5991046e-01   8.7497573e-02
