   0.0000000e+00   9.5513672e-02   2.8115917e-01   2.4920238e-01   6.9070910e-02   1.7797054e-01   4.3038200e-02   6.5739155e-02   8.2063028e-02  -5.2343538e-02   1.3951470e-01   9.3451835e-02  -8.4507990e-02   3.5811211e-01   2.1912520e-01  -4.9873394e-02   2.7969183e-01  -1.3150950e-01   9.9767412e-03   5.9749843e-02   3.4064788e-02   1.4567270e-02   3.2122336e-02   4.7081104e-01  -3.0460535e-01  -9.1763411e-02   2.4882732e-01   4.2848731e-01  -2.0183217e-02   9.1989501e-02   2.1302110e-01   1.1470585e-01  -5.5001319e-02  -3.5102401e-02   1.2216440e-01   1.4607027e-02  -8.6274775e-02   3.4597763e-01  -6.6016859e-02  -1.7391707e-01  -1.8644527e-01  -3.2899688e-02   2.2016982e-01   2.7806620e-01   2.1404416e-01   4.1086103e-01   1.0505989e-01  -2.7054612e-02   1.9182109e-01   1.9447232e-02   1.0964484e-01   2.5327492e-01  -1.0520359e-01   3.0058802e-01   2.0181279e-01   4.3625718e-01   1.8847716e-03  -1.3383026e-01  -3.8702535e-03   1.7768534e-01   3.9945134e-01   1.6835298e-01   2.1564939e-01   6.8513565e-02   1.7039333e-01   2.5424092e-02   1.7871159e-01   3.2403301e-01   2.1377851e-01   2.8483652e-01  -1.4132729e-01   2.7705799e-01  -1.1651947e-01   6.0821349e-01   5.0215198e-02  -3.5320289e-01   4.6669974e-01   4.5213332e-02  -1.1620637e-01  -4.7367596e-02   2.9030252e-01  -1.5111520e-01   9.9268125e-02   1.0261978e-01   5.6517190e-01  -6.8096547e-02  -1.3454350e-01   3.5284680e-01  -4.6096398e-03   7.2053963e-01   2.4445753e-02   3.5471334e-01   2.3201422e-02   2.8092967e-01   5.9372704e-01   4.0810819e-02   2.8654272e-02  -1.1573721e-02   1.2383651e-01  -6.6968703e-02   3.4783390e-01   2.9856087e-01   2.7327025e-01   1.3276331e-01   1.5720528e-01  -8.0620407e-02   3.8417644e-01   4.1483874e-02  -1.5096719e-01   9.0263881e-02   8.1258319e-02   2.4451548e-01   1.9491501e-01   7.3843488e-01   3.5800169e-01  -1.4051729e-01   2.2540913e-01   1.8834662e-01   4.5135987e-01   4.3471533e-01   3.7036485e-01  -5.8746598e-03   3.0544600e-01  -1.0440443e-01   6.0706730e-01   5.2275776e-01   2.3570042e-01  -8.3289645e-02  -1.3702769e-01   1.0310593e-01  -2.8489266e-01   7.1886263e-02   5.8255690e-01  -3.7275815e-02   3.7067359e-01  -2.0130056e-01  -6.3806150e-02   4.1816419e-02  -1.0257126e-01   6.7815297e-01   6.0472688e-01  -3.5442836e-01  -2.9314850e-02   3.2770737e-01   3.1856278e-01   6.0770757e-02  -8.7989759e-02   2.3335905e-01   1.2602582e-01   5.0616596e-02   6.5819617e-01   2.0705469e-01   5.1181029e-01   1.0962332e-01   4.4992720e-02   2.8654106e-01   4.9984515e-01   1.8206217e-02   5.0833447e-01   4.5234603e-01   3.8017610e-01  -3.9427669e-02   1.1663953e-01   2.3447184e-02   1.1813054e-01  -2.9612606e-01   2.1715937e-01   2.1193054e-01   4.3181926e-01  -2.1559080e-02   1.6067666e-02  -7.0221381e-02   2.6819172e-01   1.9972360e-01  -2.4756597e-01   1.6360355e-01   6.5941334e-02
   9.5513672e-02   0.0000000e+00   1.3590318e-03   2.6808181e-01   2.3825778e-01  -2.2771228e-01   7.0228388e-02   6.5945101e-02   7.4810111e-01  -1.5311043e-02   3.8622785e-01   3.1848020e-01   2.2343562e-01   2.4620149e-01   1.3172430e-01  -1.8937510e-01  -2.3601980e-02   3.4932984e-02  -2.4110928e-01   8.4963453e-02   3.4030563e-02   1.8550095e-01  -1.3742095e-01   2.7397537e-01  -1.6441919e-03  -8.2487847e-02   3.4843863e-01  -2.0410088e-02  -1.0122485e-01   2.0125828e-01   3.9864934e-01   3.6385687e-02  -2.5294098e-01  -1.0056979e-01   4.0059447e-01   2.2362039e-01   5.1606113e-01   1.9162895e-01   1.3438979e-01   4.4526245e-04   2.3385919e-01  -4.2909223e-01   1.0986746e-01  -2.7797151e-01   1.9296671e-01  -2.6416576e-01   2.2429615e-01   5.7301899e-01   2.2725962e-01  -6.4458170e-02   3.6423087e-02   1.9352202e-01   4.7166752e-01  -3.6747695e-02   5.4562928e-02   4.0783552e-02  -1.5995728e-01   1.2168349e-01   6.4984138e-02   2.4834504e-01  -1.0647576e-01   1.2638691e-01   2.8105288e-01   4.7108653e-01   4.1380079e-01  -1.1986546e-01  -1.3177999e-01   1.9023265e-01  -9.2237265e-02  -2.2099982e-01   5.9259993e-01   2.0954228e-01   2.5910378e-01  -1.6807747e-01   4.0648576e-02  -8.3339300e-02  -9.9348199e-02  -4.9109325e-02   2.0995839e-01   1.5822662e-01   3.1015219e-02  -1.7030034e-01  -6.0925776e-02  -2.7561830e-02   8.3967880e-02   3.8925065e-02   5.5144804e-01   1.8427249e-01   3.1863603e-01   8.2908846e-02   4.8544225e-01  -1.9421571e-01  -3.4152972e-01   4.1386207e-01  -3.3925064e-02   3.0045525e-02  -2.1007204e-01   2.7149781e-02   1.2118651e-01  -1.8462031e-01   8.6727564e-02   7.0376295e-02  -2.9383112e-02   7.3083038e-01   2.8857690e-01   1.1041995e-01  -1.5544013e-01  -8.0194401e-03   7.3457350e-02   2.2245933e-01  -2.5821701e-01   1.5274116e-01   1.4663762e-01   1.9813232e-02  -1.8126920e-01   5.6590882e-01   2.3087978e-01   2.7231273e-01  -2.5131815e-01   3.2237738e-01  -9.2838950e-02   2.1594033e-01   3.1472829e-01   4.8218362e-01   7.2828547e-03  -1.2911271e-01   1.2209935e-01   2.0515105e-01   1.9956857e-01  -1.4956208e-01  -1.8984352e-01   4.4551152e-01   1.1126919e-01   2.4591387e-01   4.8781659e-01  -5.4342913e-02  -5.0298003e-02   1.0190629e-01   7.8350559e-02   3.8367395e-01   2.5823501e-01  -6.1779818e-02   1.8326633e-02  -3.2938272e-01   7.9854002e-02   6.2515985e-01  -5.3485705e-02   4.8826184e-01   8.5985294e-02   1.0197291e-01  -2.7379842e-02   6.2135849e-02   1.1076123e-01   5.4379724e-01   3.6755649e-02   3.6332830e-01  -6.3837893e-02   2.2293755e-01  -1.5651609e-01   2.2345822e-01   1.9394160e-01  -7.1292397e-03   3.1385410e-01   2.1566930e-01   3.0794216e-01  -1.3873711e-01   2.6964474e-01  -1.5052802e-01  -4.7885300e-02   9.3785625e-02   2.2266113e-02  -2.3306726e-01   4.0028846e-01  -3.3406289e-01  -2.4433794e-01   7.7124874e-02   2.9410789e-01
   2.8115917e-01   1.3590318e-03   0.0000000e+00   4.1154047e-01   1.0394745e-02   4.8886116e-01   2.2456797e-01  -1.2012665e-01  -1.3586564e-01  -4.2431069e-02   2.9845986e-01   4.3291267e-01   7.6121684e-02  -2.3049701e-01   3.0271627e-01  -3.1168817e-01   7.7179033e-01   4.2059629e-01   6.6712961e-03   5.3114977e-02   1.8880234e-01   3.9424116e-01   2.4153967e-01  -3.0637891e-03   3.3300975e-02   2.5769781e-01   2.2803682e-01   1.1670010e-01  -1.2221761e-02   4.9437181e-01  -4.4273669e-02   6.9081190e-02  -4.1661098e-01   3.1542526e-01  -2.9546999e-02   3.2811097e-01  -2.2763845e-02   1.5060631e-01  -3.0077850e-01  -1.2625343e-01  -8.2696357e-02  -3.0757401e-01   7.1179545e-02  -1.7841372e-01   3.5524056e-01   4.2050858e-01   4.4923238e-01  -1.2654254e-02   1.4704945e-01   2.2590249e-01   4.0035095e-01  -5.7687604e-03  -1.0981350e-01  -7.8737632e-02  -5.3078104e-01   8.2426728e-02   2.0599007e-01   1.8019595e-01   1.0721871e-01   4.0268164e-01   4.6765001e-01   3.0988473e-01  -1.5321353e-01  -2.9189708e-01  -6.3614914e-02   6.9672683e-02   3.4837223e-01  -1.8268483e-02   1.8692407e-01   6.4389783e-01  -2.5280223e-01   4.5977356e-01  -2.3537216e-01   7.4948011e-02  -4.8363904e-02   2.1210080e-02   1.2318412e-01  -1.4127150e-01  -1.1514632e-01  -8.1213057e-02   1.6308976e-01  -3.4763391e-01  -3.8017002e-01   1.9204838e-01  -9.6026226e-02   5.7661152e-02  -3.7315774e-01  -3.1840291e-01  -4.5429339e-02   4.3645438e-02  -3.0958142e-01   5.6384660e-01   1.3339825e-01   3.6671145e-01   2.1132492e-01  -6.5229206e-02  -1.6802547e-01   2.3556521e-02   2.3033110e-01   4.7122572e-01  -2.1919058e-01   6.8997083e-02   7.8791928e-02   9.4715684e-02   4.1570848e-01   4.5426370e-01  -1.8644522e-01   3.2776633e-01   3.7039936e-01   2.1708928e-01  -4.8996170e-02   4.0429453e-01   3.1555140e-01   2.3507379e-01  -1.2388201e-01  -3.3654223e-01  -7.3399370e-03   6.2199444e-03  -1.5295479e-01   2.3486941e-01  -1.9077421e-02  -1.9533303e-01   1.6975118e-02  -1.7929018e-01   3.3852659e-01  -6.4488698e-04   2.8381465e-01  -3.6810231e-02   2.2599443e-01   6.6166550e-01  -3.7490372e-01  -3.8278560e-02   1.7263978e-01   5.9276253e-02   2.8089546e-01   2.8616319e-01  -1.6382669e-01   7.0564670e-02   2.7113541e-01   1.0129235e-01   1.4242553e-02  -4.1478563e-02   2.3302178e-01   1.8728339e-01   1.9660500e-01  -6.4621026e-02  -6.3418356e-02   1.4796736e-01   4.7051899e-01   3.7658441e-01   2.8943753e-01  -9.5114884e-02   6.0569799e-02  -2.7682940e-01   2.3970275e-01  -2.5355022e-02   1.6221232e-02   1.2837674e-01   2.9960975e-01   5.9292346e-02  -1.3073329e-01  -1.1591052e-01   4.3459895e-02   3.3005906e-01   3.3679283e-01  -1.6104900e-01   1.7352521e-01   1.1061985e-01  -7.5477086e-02  -2.3449385e-01   7.7872319e-02  -3.3607144e-01   2.8763034e-01   4.2474840e-01  -1.8248777e-01  -3.9879892e-01   4.5360160e-01
   2.4920238e-01   2.6808181e-01   4.1154047e-01   0.0000000e+00   6.0324849e-02   3.4653258e-01   2.0232176e-01   5.9795314e-02   2.1119437e-01  -6.0003479e-02   8.7322452e-02   3.1564342e-01  -8.6702388e-04   3.2524129e-01   3.2098683e-01  -6.5628830e-01   1.9372101e-01   4.1429311e-01   1.4031537e-02   7.0001106e-02   2.8483215e-01   7.0115697e-01   1.0652722e-02   2.7337583e-01   4.2691396e-01   1.8990173e-01   3.3036005e-01   1.6701316e-01   4.3412408e-02   6.3559582e-01   1.3605068e-01   1.5343992e-01  -3.8210730e-01  -5.4433858e-02   9.4418084e-02   3.3577149e-01   1.1788334e-01   1.8994343e-01  -2.7334493e-01  -3.1859492e-01  -2.2727701e-01  -6.0451936e-01   1.3110123e-01  -1.4344258e-01   4.7525575e-01  -7.4884984e-02   3.4639615e-01   3.1626743e-01   5.2405814e-01  -6.4484476e-02   4.7607891e-02   2.3917624e-01  -2.0306705e-01   1.8261517e-01  -9.6839281e-02   2.4983823e-01   2.1200086e-01   2.2226306e-01  -3.1395500e-02   3.9391839e-01   2.4022802e-01   3.3214836e-01   3.9150607e-02  -2.3253751e-01   3.8894073e-01  -1.2553948e-01   3.9101587e-01   2.1614442e-01   2.9061777e-01   3.1703812e-02  -9.9435599e-02   7.8542156e-01  -2.1455785e-01   1.7555536e-02   9.9537635e-02   1.0870546e-01  -6.5434166e-02   8.8070500e-02  -3.9575713e-02   1.5710272e-01   2.3192315e-01  -4.5364286e-01  -4.1839964e-01   2.3602742e-01  -2.6962201e-02   2.4824780e-01   5.6632861e-02   1.2167959e-01   2.0564279e-01   1.2194882e-01   4.6778919e-02   3.7857258e-01  -2.9913189e-01   5.5658567e-01  -7.2194115e-02   8.7819552e-03  -1.4131951e-01   2.0712855e-01   1.1811765e-01   1.5094401e-01  -2.0993980e-02   1.9984692e-02   3.7021699e-01   4.8417774e-01   5.9642722e-01   6.9119789e-01  -3.3636518e-02   4.1170753e-01   1.9250850e-01  -9.6462949e-02  -2.7971663e-01   6.4137217e-01   8.4438185e-01   1.2646057e-01  -1.9546415e-01  -2.3294991e-01   3.5526209e-01   2.0861691e-02  -1.3683858e-01   7.8807182e-01  -2.2879017e-01  -3.3234926e-02   4.5611205e-01   2.5488762e-01   3.5417049e-02   2.4754862e-01   4.1838983e-01   3.0452917e-01   5.9469793e-01   4.5712481e-02  -7.6928129e-01  -1.4542857e-01   3.4705250e-01   2.6397914e-01   7.6392875e-01   2.5622310e-01  -8.1829389e-02   2.5254971e-01   3.2030685e-01   3.5439388e-01   3.0408992e-01  -1.6299663e-01   2.1485382e-01  -1.7638040e-01   2.1018882e-01   2.2081801e-01  -2.0572745e-01   5.6333546e-02   1.5304890e-01   3.9543660e-01   2.9541429e-03   3.0970783e-01   1.2790021e-01  -1.3206824e-01  -2.0607893e-01   1.2870182e-01  -1.6908682e-01   4.5193662e-02   2.5193897e-01   4.3109374e-01   1.5823088e-01  -8.2717402e-03   2.1215580e-01   6.1983661e-01   7.1537509e-01  -3.6373820e-01   8.4635155e-02   3.6588833e-01  -2.8517621e-01  -2.9565557e-01  -1.1556879e-01  -3.4184361e-01   6.0606706e-01   1.7768063e-01  -1.0578005e-01   8.3931038e-02   7.8529068e-01
   6.9070910e-02   2.3825778e-01   1.0394745e-02   6.0324849e-02   0.0000000e+00  -3.5751187e-01  -2.3167679e-01   2.5632445e-01   4.0642026e-01   5.1729698e-01   5.3337719e-02   2.5352314e-01   3.1541460e-01  -2.6984221e-01  -6.6113901e-02  -1.4157031e-01   2.0474192e-01  -1.4597966e-01  -9.9405414e-02   7.2412344e-01  -3.2365416e-01  -6.0529745e-02  -1.9241374e-01   8.9046968e-02  -1.4145445e-01  -1.3275997e-01   8.7682918e-02  -2.7259201e-01   9.3401126e-02  -8.7404693e-02   1.8230273e-01  -4.1111494e-01  -1.5357900e-01  -2.4072649e-01  -5.4807200e-02   6.8012553e-01   2.2302710e-01   1.9437262e-01  -1.0806443e-03   2.3180713e-01   1.9134434e-01  -2.5256555e-01   1.4322259e-01  -6.4298601e-03   3.6313450e-02  -2.5688266e-01   7.9727017e-02  -2.3067304e-01   2.0032235e-01   5.1677623e-01  -3.3172525e-01   1.7289841e-01   3.1639789e-01  -1.9560010e-01  -1.6056093e-01  -4.6917771e-02  -1.5281758e-01  -2.8842090e-01   3.8447621e-02  -1.7654211e-01  -2.0935820e-01   2.0812376e-01   3.9538269e-01   1.6596346e-01   2.0473320e-01   4.0529699e-01  -1.6707949e-01  -5.6523715e-02  -1.8883124e-01  -4.0583068e-01   3.2591748e-01  -5.1894914e-02   2.0746289e-01  -1.5429367e-01   1.4759996e-01  -2.5425263e-01  -3.0001686e-01   2.3419814e-01   7.2601963e-01   1.6292583e-01  -4.6402506e-01  -2.0234484e-01   1.2131023e-01  -5.6431239e-02   7.6045279e-02  -2.5008192e-01  -6.2994979e-02  -2.2288916e-01   1.1766424e-01   5.7261223e-02   4.3467071e-01  -9.4236366e-02   4.2479581e-01   9.1551429e-02  -1.6232800e-01   6.4516696e-01   2.0854569e-02   1.5618796e-01   2.2670136e-01   1.3589795e-02  -2.2368281e-01  -1.8282257e-01  -4.0939550e-02   6.5289501e-02  -1.7870581e-01  -3.3957708e-02  -2.7987731e-01  -1.8250506e-01   1.9843130e-01   2.6120556e-01   5.4369722e-02  -3.6991869e-02   1.3458707e-02  -7.2272195e-03  -2.8140260e-01   4.0465577e-01   2.4026555e-01   2.6012788e-01  -3.6083168e-01   1.4041115e-02  -1.8203657e-01   8.0727773e-01  -6.7823543e-02   1.3888412e-01  -5.7589294e-02  -1.3715370e-01   4.7085576e-02   1.5346661e-01  -1.3681615e-01  -3.8972692e-01  -3.9568133e-02   6.8575817e-01   4.7227537e-02  -1.4830690e-01   9.6733053e-02  -1.3672884e-02   1.1261375e-01  -4.9335381e-01  -1.7497593e-01   8.3152965e-02  -6.1318179e-02  -6.0152255e-02  -2.8796838e-01  -4.3876045e-01  -2.7762986e-02   2.8441043e-01   1.2304217e-01   5.3437613e-01   2.5492909e-01   1.7575765e-02  -1.8487756e-01  -3.8723764e-01  -3.3246718e-01   3.9928377e-01   4.0277750e-01   1.4016989e-01  -2.4472162e-01   4.5738190e-02  -7.9528649e-02  -1.7204790e-01  -6.4010671e-02   1.1448543e-02   3.2120057e-01  -2.1457780e-01   7.5207598e-02   2.4409948e-01   1.1337359e-01  -4.8926777e-05  -2.2138068e-01   5.7541269e-01   5.2559617e-01  -3.3820380e-01   1.4959911e-01  -2.9374501e-01   5.0253263e-02  -7.5212912e-02   1.2925633e-01
   1.7797054e-01  -2.2771228e-01   4.8886116e-01   3.4653258e-01  -3.5751187e-01   0.0000000e+00   4.0186234e-01  -1.0500950e-01  -4.2641289e-01  -3.5274250e-01   8.5628205e-02   1.7510208e-01  -3.7765959e-01   1.7636486e-01   2.3046225e-01  -1.5620834e-02   1.9108191e-01   4.6702142e-01   3.3984547e-01  -2.7641225e-01   6.0406244e-01   4.5426418e-01   2.3075972e-01  -1.0674111e-01   3.3761939e-01   4.1485671e-01   3.3588029e-01   1.1011293e-01  -1.4405663e-01   5.8408108e-01  -1.3466420e-01   4.9381438e-01  -2.2560719e-03   4.7414020e-01   2.2244594e-01  -1.1198930e-01  -3.2426397e-01  -1.8231739e-01  -4.8658817e-02  -2.7556707e-01  -2.6566142e-01  -8.1207136e-03  -4.0563178e-02  -6.4655457e-02   3.5206438e-01   2.7230188e-01   3.7775757e-01   2.6238441e-01  -1.4980865e-03  -2.3061285e-01   5.4071917e-01  -9.0219191e-02  -2.6200379e-01   2.4111714e-01  -4.0441878e-02   5.8243663e-02   4.8847633e-01   4.4740460e-01   1.2850078e-01   4.9684492e-01   3.6083755e-01   1.6075468e-02  -2.9830032e-01  -3.7212389e-01   1.4264193e-02  -3.0689241e-01   8.2549601e-01   1.4182508e-01   5.3404570e-01   4.6893171e-01  -3.4660371e-01   4.7308729e-01  -3.9083735e-01   3.8816001e-01   1.0962645e-01   3.7467497e-01   2.3859519e-01  -1.3409436e-01  -4.5487520e-01  -2.8013178e-02   3.1808616e-01   3.2676927e-02  -2.6575614e-01   1.2265621e-01  -5.4375075e-02   4.1642315e-01  -2.1970081e-01  -7.5805557e-02  -4.9307071e-02  -6.5269481e-02  -4.7077213e-01   3.8364400e-01  -1.2914961e-01   3.4714166e-01   9.7925962e-03  -4.1408092e-01  -1.7013467e-02   8.2928897e-02   6.9462795e-02   3.3495120e-01  -8.4871649e-02   3.3539557e-01   1.4745199e-01   1.8301730e-02   5.9361027e-01   4.0513464e-01   2.6896192e-01   5.0626194e-01  -1.9137377e-02  -1.3091511e-01  -1.0124801e-01   4.7078188e-01   2.9390168e-01   4.3306090e-02  -1.1100984e-03  -6.4060855e-01   3.6544110e-02  -7.9466253e-02   1.5283521e-01   3.8958472e-01   9.7070867e-02  -4.9762122e-01   2.6598539e-01  -2.3066617e-01   2.6877407e-02   4.3147458e-01   2.3510475e-01   2.6741337e-02   4.8593271e-01   5.8003161e-01  -2.0592503e-01  -3.8980661e-01   2.9944571e-01   3.3625708e-01   2.5080860e-01   3.7709906e-01  -9.3890944e-02   3.9235744e-01   5.5301349e-01  -1.0542794e-01  -2.9892561e-02  -1.6745242e-01   5.0540138e-01   3.2704376e-01   1.9632211e-01  -3.9450490e-01  -2.4639210e-01  -3.4276284e-01   2.4596887e-01   2.7074516e-01   1.6339088e-01   2.5886066e-01   1.7543291e-01  -5.4402609e-01  -1.7057721e-01  -3.0150448e-01   1.8950090e-01   8.3174317e-02   2.4018747e-01   1.1294419e-01   1.0107232e-01  -9.0735588e-02  -2.3163939e-01   5.8563943e-01   1.7819474e-01  -1.7760196e-01   1.5813787e-01   8.9446353e-02   1.4332037e-01  -4.8465390e-01  -2.0263476e-01  -4.4113241e-02   1.8906158e-01   7.2261036e-01  -1.3451542e-01  -1.3540225e-01   3.0619046e-01
   4.3038200e-02   7.0228388e-02   2.2456797e-01   2.0232176e-01  -2.3167679e-01   4.0186234e-01   0.0000000e+00   2.0504409e-02  -1.4610125e-01  -2.5197563e-02   1.1971520e-01   4.4524878e-01  -9.4793147e-03   1.7255685e-01   7.1651805e-01  -1.9760464e-02   1.5016663e-02   1.1999113e-01  -6.9742037e-02  -4.1485545e-02   5.7998362e-01   5.6513323e-02   8.4329526e-01  -3.0127281e-01   3.1446715e-02  -1.8302571e-01   5.4255478e-01   3.1553383e-01  -8.0194001e-02   2.9247871e-01   1.3558351e-01  -1.1132367e-01  -2.4425787e-01   8.1017203e-01   5.9017139e-01   2.1378365e-01  -4.4886274e-02  -5.0343048e-02  -1.9218021e-01   3.5423532e-02  -2.1478908e-01  -1.7239964e-01   1.9611523e-01  -6.7603980e-02   6.3838716e-01   3.9341523e-02   2.9353741e-01   6.1953604e-01   6.7796196e-02  -2.9376750e-01   2.8401657e-01   2.4447998e-02   1.4844698e-01   6.5033774e-02  -2.3111500e-01   1.1439333e-01   5.0743411e-02  -1.0519961e-01  -7.6437023e-02   4.5074382e-01  -1.0199934e-01   2.2481482e-01  -1.2370011e-01   9.7809646e-03  -7.0922508e-02   1.9500240e-01   2.8559526e-01   2.4120242e-01   1.2316460e-01   3.0591986e-01   6.0419792e-02   3.2760672e-01  -2.0387312e-01   1.7848686e-01  -1.4074859e-01  -6.7735131e-02   2.9027811e-02  -9.6679276e-02  -4.0841075e-01  -1.1178486e-01   6.3647573e-01   5.9883176e-02  -1.8044429e-01  -1.0862151e-01   1.6451522e-01   3.1874024e-02   1.4844120e-01  -1.9220555e-01   3.3274657e-01  -1.2203684e-01  -3.2658497e-01  -3.3776113e-02  -4.2212169e-02   3.7511796e-01  -3.0715550e-02  -2.7164291e-01  -1.5617169e-01  -1.6045523e-01   2.6056625e-01   6.8232205e-01   1.8629405e-01   7.2239102e-01   1.2261841e-01   1.7482616e-01   3.5418096e-01  -8.0607194e-03   6.6896122e-02   4.1204818e-02   2.6339357e-01   1.9081721e-01   2.9220023e-01   1.4603394e-01   2.6381978e-01   1.1048828e-02   2.5093909e-01  -3.0019442e-01  -1.4238241e-01   2.8586782e-01   9.5002581e-02   1.1784206e-01  -1.0612584e-01  -3.0300852e-01   2.9890930e-01  -6.2127932e-02  -2.8077728e-02   1.3406630e-01   2.5798362e-01  -2.3192360e-01  -4.0810487e-02   3.1446310e-01  -1.5642917e-01   2.3821252e-02   4.2494512e-02   2.3563473e-01   2.2568835e-01  -3.5328229e-02  -7.6487633e-02   6.0207535e-01   8.9586350e-02   1.4487603e-03  -1.1401807e-01  -3.0865005e-01   2.4874281e-03   2.7475341e-01   7.0490724e-01  -1.8628846e-01   3.9095989e-01  -1.3819135e-01   5.8323172e-01   2.8795668e-01   2.7179052e-01   4.6185674e-01   1.1523005e-01  -2.0498475e-01  -4.3977269e-02  -4.7218870e-01   1.1664053e-02   1.3768687e-01  -8.4206104e-02   2.3443843e-01   1.6829347e-01  -2.8029191e-01   7.1686289e-02   1.4834452e-01  -2.4208326e-03   3.1680824e-01   4.8288492e-01   7.6631573e-02   4.6515562e-02  -3.6395450e-01   2.7226567e-01  -3.0902330e-01   1.4305189e-01   2.4695214e-01  -3.4787920e-01   2.0399296e-02   1.2555025e-01
   6.5739155e-02   6.5945101e-02  -1.2012665e-01   5.9795314e-02   2.5632445e-01  -1.0500950e-01   2.0504409e-02   0.0000000e+00   1.9971024e-01   3.8651229e-01  -8.0966131e-03   4.1229219e-03   1.1236528e-01   8.4608917e-02   1.2275325e-01  -1.9847134e-01   1.5454580e-01  -2.7065760e-01   3.5503739e-01   2.2437506e-01   2.9548021e-02  -5.2327614e-02   4.9160878e-02  -1.6884900e-01  -6.1339114e-02   1.2798802e-01  -1.2003276e-01  -1.1640618e-01   1.2258012e-01  -2.1306159e-01   2.8866170e-01  -2.1237123e-01   1.0321310e-01  -5.5993940e-02  -8.2303199e-02   2.0605416e-01   1.2698539e-01   2.1076960e-01  -2.8802748e-02   2.0375774e-01   1.3888306e-01  -3.4093191e-01  -3.1495722e-02   3.4085522e-01   1.5775591e-02  -2.0990378e-01  -1.0708886e-02   1.1423888e-01   2.2358508e-01   2.1826382e-01  -4.5073845e-01   6.9350201e-01   1.6123127e-01  -1.7386902e-01  -1.8317600e-01   5.6394094e-02   1.8611014e-01  -3.7560400e-01   1.9344266e-01  -2.6309200e-01  -1.5072283e-01  -7.7915798e-03   2.0564767e-01   3.5839268e-01   2.5824442e-01   2.0703870e-01   1.6218231e-01  -1.6953574e-01   2.9924927e-01  -3.3398311e-01   1.6534129e-01   2.1756075e-02   2.0601546e-01  -1.0335813e-01   2.2544205e-03  -1.2846787e-01  -2.9293942e-01   3.1454561e-01   3.3498922e-01   1.1379322e-01  -1.7621230e-02  -1.1940222e-01   3.0334260e-01   5.7274879e-01   1.2451160e-01  -2.3042658e-01   1.7909476e-01  -1.8310726e-01  -9.6051091e-02  -1.6899912e-01   3.7933001e-01   1.6324155e-01   2.5730054e-01  -1.3817745e-01  -1.1811649e-01   2.7142715e-01  -1.6594532e-02   5.6736604e-01  -1.8910461e-02   5.9245005e-02   2.2534041e-01  -4.2662307e-02   4.5047225e-01   1.0376652e-01  -8.9817076e-02   4.2186138e-02   1.8987660e-03   2.5874158e-01   1.3521968e-01   1.3039589e-01   2.5821593e-01  -5.5068388e-02   1.4145757e-01  -2.0619830e-01  -1.1156790e-01   2.4999815e-01   3.4130969e-01   2.7944222e-01   4.5424213e-02  -4.6079374e-02  -3.4123408e-01   3.1529833e-01  -1.1178361e-01   3.2258163e-01  -2.1219555e-01  -1.1598253e-01   1.3424807e-01   1.3514633e-01  -2.9376267e-01  -3.9782999e-01  -1.9879715e-01   2.3174806e-01   1.5325659e-01   4.8371418e-02  -5.2656946e-02   2.4285177e-01  -1.3187728e-01   1.3988291e-01   9.8162115e-02   9.3629536e-02  -1.1423987e-01  -2.7876984e-01  -1.4714005e-01  -2.8716436e-01   1.2716029e-01   2.8771183e-01   2.5231835e-01   1.5195173e-01  -5.1515804e-02  -9.5341629e-02  -9.7733594e-02   3.7008388e-01  -2.5837756e-01   1.8383093e-01   2.4166945e-01  -5.2251724e-02  -2.0797463e-01   2.0500076e-01   1.2028103e-01   2.0765605e-01  -2.6475099e-01   8.7794834e-02   5.2524821e-01  -1.3041957e-01   2.5402615e-01   1.9438727e-01  -1.0914963e-01   3.0263770e-01  -2.9913673e-01   3.8363535e-01   1.6671786e-01  -3.7861182e-01   2.8830112e-02  -9.4555013e-02   3.1386554e-01  -8.2998250e-02   1.0032264e-01
   8.2063028e-02   7.4810111e-01  -1.3586564e-01   2.1119437e-01   4.0642026e-01  -4.2641289e-01  -1.4610125e-01   1.9971024e-01   0.0000000e+00   1.3210646e-01   4.2474190e-01   9.2513966e-02   3.1791912e-01   1.0465775e-01   9.3237001e-02  -2.4079658e-01  -9.1431512e-02  -1.1684813e-01  -2.2919184e-01   1.5816952e-01  -1.3743428e-01  -8.2785068e-03  -1.8325383e-01   2.5923353e-01  -1.1608561e-01  -7.1327280e-02   4.0627768e-02  -7.3779465e-02  -2.4043697e-02   4.2573557e-02   5.1740111e-01  -8.1022259e-02  -2.2717127e-01  -2.5748755e-01   3.0527524e-01   1.6005638e-01   4.5395027e-01   1.0427794e-01   1.0853101e-01   2.6712504e-02   2.1379592e-01  -4.0624855e-01   1.7484116e-01  -6.0373833e-02   5.8724301e-02  -2.1218726e-01   1.6943634e-01   3.2118372e-01   1.9331864e-01   2.7171593e-02  -1.6081619e-01   3.0068109e-01   3.9254395e-01  -1.9862814e-02   1.2627156e-02   9.5843431e-02  -2.0363454e-01  -5.8984183e-02   2.3103847e-02   3.0965538e-02  -6.0627583e-02  -1.5436581e-02   5.6775525e-01   5.6413056e-01   5.0052311e-01  -1.5105082e-02  -2.5462595e-01   1.4828325e-01  -1.4525545e-01  -3.0169283e-01   3.7213151e-01   1.0625479e-01   3.0700988e-01  -2.5309095e-01   1.1978623e-01  -2.2132588e-01  -9.5388347e-02   2.0395343e-01   3.0531507e-01   1.6520230e-01  -4.4433931e-02  -1.6342529e-01   1.5053241e-01   4.2979347e-02   1.1701853e-01  -6.0229235e-02   5.5732372e-01   1.4800759e-01   4.1188603e-01   7.1143275e-02   5.5825071e-01  -6.0621040e-02  -1.4415933e-01   3.8875966e-01   7.6673454e-03   1.7855470e-01  -7.3793024e-02   4.4862259e-02  -2.0812701e-04  -2.6362442e-01   1.5128374e-01  -1.5429361e-02  -1.0859735e-01   7.3643510e-01   9.2246212e-02  -1.5891160e-02  -1.9415743e-01  -1.6647467e-01  -5.7914466e-02   2.6310013e-01  -9.2092880e-02   4.6122731e-02   1.1042018e-01  -8.3462806e-03  -1.3743340e-01   5.7630565e-01   3.3116366e-01   3.3045857e-01  -2.1626268e-01   2.4451038e-01   3.6147989e-02   4.0000895e-01   2.3300501e-01   4.8779994e-01   3.1958219e-04  -1.5761551e-01   2.1600788e-02   8.2317311e-02   7.4367796e-02  -3.9146234e-01  -1.8953460e-01   5.1963701e-01  -3.4400891e-02   1.7608873e-01   3.9151723e-01  -1.4882652e-01   3.7279788e-03  -4.5665404e-02  -6.0504990e-02   3.6018728e-01   2.8027254e-01  -1.9650450e-01  -6.0693073e-02  -3.9461084e-01   5.3106439e-02   8.0914199e-01  -2.4115772e-02   6.3811645e-01   1.1150793e-02   3.2812973e-02  -5.2329996e-02  -1.6092378e-02   7.5637533e-02   6.6301625e-01   4.3442396e-02   3.3992829e-01  -1.9815040e-02   1.4092056e-01   3.3880163e-03   2.0401144e-01   1.7793163e-01   2.4767582e-01   4.0305991e-01   1.2716950e-01   1.6507292e-01  -6.1118718e-02   1.7928844e-01  -3.1628474e-02  -2.8123563e-02   2.8990886e-01   1.0296614e-03  -2.1627144e-01   4.7079220e-01  -4.1130771e-01  -1.3018086e-01   2.2888650e-01   1.0037749e-01
  -5.2343538e-02  -1.5311043e-02  -4.2431069e-02  -6.0003479e-02   5.1729698e-01  -3.5274250e-01  -2.5197563e-02   3.8651229e-01   1.3210646e-01   0.0000000e+00  -2.0835537e-01   4.2022699e-01   3.7929949e-01  -3.5648588e-01   9.5648259e-02  -1.4139772e-02   3.0252354e-01  -4.8037584e-01   4.7627069e-02   6.6797839e-01  -5.0620408e-01  -3.1879169e-02   7.7458839e-02  -3.0794243e-01  -2.0210412e-01  -6.4007278e-02  -4.0889126e-02  -1.5473351e-01  -9.1102573e-04  -3.1707873e-01  -1.3239165e-02  -4.8141099e-01  -1.9895576e-01  -4.3594529e-02  -1.3728153e-01   5.1084350e-01   2.2708273e-01   6.8283202e-02  -1.2042372e-01   3.9002344e-01   8.4226603e-02  -1.0934132e-01   3.9584011e-01   3.3279605e-01  -1.0551022e-01  -2.5334086e-01  -3.3299274e-01  -3.6362495e-01   1.6123078e-01   6.3150250e-01  -4.5431732e-01   3.7949003e-01   1.6258555e-01  -1.4629822e-01  -3.4399078e-01   1.9942052e-01  -1.6023015e-01  -3.7432977e-01  -5.5988142e-02  -2.9728602e-01  -2.0547251e-01   3.2397080e-01   3.8351433e-01   1.8241382e-02  -1.8561239e-01   7.2669777e-01  -1.5977724e-01   2.5458086e-02   2.6360550e-02  -4.2586244e-01   3.1877360e-01  -2.9194083e-01   5.7917564e-02  -3.2099322e-02   2.2915629e-02  -1.6901563e-01  -2.3643044e-01   4.2385837e-01   5.6171673e-01   1.1352349e-01  -2.3153476e-01  -3.6940592e-02   2.0946980e-01   2.3631940e-01   1.9847115e-01  -3.7138363e-01  -8.5265569e-02  -2.5834436e-01  -2.8180360e-02  -2.1713081e-01   2.8727536e-01   2.7387866e-02   6.1088570e-01  -1.3258562e-01  -1.6503458e-01   7.0211772e-01   2.2046549e-01   2.5815419e-01   1.2083856e-01   2.0451736e-01  -5.4349727e-02   7.6430840e-02   1.6327374e-01  -2.7955755e-01  -3.7566170e-01  -1.8776668e-01  -2.5198977e-02  -1.0957544e-01   2.8730713e-01   1.4578427e-01   4.7010668e-01  -2.0026626e-01  -7.9129905e-02  -1.0689328e-01  -6.9300994e-02   8.3938199e-02   3.3996417e-01   1.6302515e-01  -2.5400001e-01  -1.1005494e-01  -3.0690315e-01   6.4828935e-01  -9.9933731e-02  -8.0666661e-04  -1.7349128e-01  -1.1756793e-01  -1.1929931e-01   1.8368536e-02  -2.5569170e-01  -4.9742675e-01   3.5862596e-02   4.0931786e-01   1.0958974e-01  -2.6789258e-01  -1.3534557e-02  -1.8167714e-02   1.9696671e-01  -4.2024643e-01  -2.2942506e-01  -5.8247005e-02  -2.1670544e-01   4.2168427e-02  -1.5633177e-01  -3.1502272e-01   8.5206785e-02  -1.1105246e-02   6.0625314e-01   1.3931646e-01   6.6501499e-02  -2.4585505e-01  -7.0099720e-02  -1.4092623e-01  -3.0428880e-01   1.0744689e-01   6.0048925e-01  -1.8389680e-01  -1.1431475e-01  -3.4493780e-02   4.5254265e-02  -1.3105930e-01  -2.0499118e-02   2.0961113e-01   3.1998257e-01  -4.7957324e-01   3.8659729e-02   3.4974668e-01  -8.0292541e-02   1.2347094e-01  -2.0664307e-01   5.8210285e-01   4.4388405e-01  -1.2798786e-01  -3.1475823e-01  -3.5446055e-01   1.0481374e-01   1.7671493e-02   3.2223003e-02
   1.3951470e-01   3.8622785e-01   2.9845986e-01   8.7322452e-02   5.3337719e-02   8.5628205e-02   1.1971520e-01  -8.0966131e-03   4.2474190e-01  -2.0835537e-01   0.0000000e+00   5.4189695e-02   2.1395789e-01  -4.7122665e-02   3.3174346e-01  -1.4504819e-02   1.3970815e-01   3.9310537e-01   1.3710259e-02  -8.0341074e-02   1.5799082e-01   5.7977062e-02   1.7800787e-01   7.1890148e-02  -1.3085282e-01   1.8617834e-01   4.7258041e-02   1.6033473e-01  -1.5911667e-01   1.9998120e-01   4.4214162e-01   1.6852906e-01  -2.4041962e-01   1.7834291e-01   2.6539581e-01   1.2141785e-01   1.5897789e-01  -1.2092092e-01   1.2934282e-01  -5.9233357e-02   3.0701909e-01  -2.3172843e-01  -1.3153692e-03   7.1732481e-02   3.4699089e-01   1.7591981e-01   6.1269713e-01   3.5032093e-01   7.4940108e-02  -1.0225110e-01   4.1058733e-01   1.4840586e-01   3.0970772e-01  -1.9158702e-01  -2.9521505e-01   2.2477438e-01   7.6944591e-02   1.9060054e-01   2.3680415e-01   2.0216047e-01   2.4226380e-01   2.7553263e-02   1.0782694e-01   5.1033332e-01   2.6117486e-01  -1.2618703e-01   2.8462360e-02   9.5785958e-02   1.4537097e-01   2.1571453e-01   1.1087702e-02   2.6853513e-01   1.9433594e-01  -1.0005006e-01  -7.6771040e-02   4.1754318e-02   1.2855084e-01   8.2746653e-02  -9.9114681e-02   6.6336098e-02   2.4218116e-01   9.9037535e-02   1.5391932e-01   1.8575751e-01   1.0796990e-01   1.8821942e-01   1.2277889e-01  -9.4506135e-02   5.4658259e-02   3.8530726e-02   9.0942987e-03   1.2164994e-01   1.4724260e-02   3.6657978e-01   2.5055193e-01  -1.6988197e-01  -9.4688252e-02  -1.0306112e-01   2.9052765e-01   7.6667474e-02   2.3176215e-01   2.8826300e-01  -1.4642992e-01   4.9435169e-01   2.8937342e-01   5.3699242e-02  -2.5610757e-01  -7.3593224e-04   8.1257606e-02   4.3456683e-01   8.7123230e-02   1.6739611e-01   5.8847093e-02   8.8898558e-02   4.5308754e-02   2.5203164e-01  -2.6355823e-02   3.4546558e-01   4.0313878e-02   6.9628084e-02   7.4903971e-02  -8.8070102e-02   3.0517087e-02   2.2156163e-01   1.7927428e-01  -1.6825770e-01   1.9841013e-01  -7.7598096e-02   1.4828650e-01   1.9389385e-01   2.7010691e-02   4.4051489e-01  -4.5929540e-02   2.5949290e-01   2.6084585e-01   1.0398864e-02  -9.5773808e-02   2.0429523e-01   1.0716303e-01   1.5972297e-01   2.2042884e-01  -2.6447622e-01   2.5559890e-01   9.5345750e-02   2.8718076e-01   4.8660636e-01  -1.3609740e-01   4.4724756e-01   3.2030406e-01   2.6458283e-01   2.3482340e-01   1.4219332e-02   1.2077784e-01   4.5857408e-01   4.2859622e-02   3.5141841e-02   1.3371552e-01   2.9613931e-01   4.5753772e-02   1.6074562e-01   5.7609687e-02   2.1042855e-01   1.6256372e-01   3.3774915e-01   7.0874508e-02   4.6903471e-03   5.3454296e-01   2.9013678e-02   9.9219169e-02  -3.7666164e-02  -4.6168211e-03  -1.8895570e-01   5.7329573e-01   1.3451524e-01  -3.6263011e-01   2.0178836e-03   1.1618575e-01
   9.3451835e-02   3.1848020e-01   4.3291267e-01   3.1564342e-01   2.5352314e-01   1.7510208e-01   4.4524878e-01   4.1229219e-03   9.2513966e-02   4.2022699e-01   5.4189695e-02   0.0000000e+00   2.3579369e-01  -6.3703850e-02   4.1907631e-01  -1.5814211e-01   5.0933466e-01   2.9151687e-02  -1.0261806e-01   5.1382016e-01  -1.7794790e-02   3.6104219e-01   2.6054408e-01  -1.6623304e-01   1.3630123e-01  -1.3766431e-02   5.4063500e-01  -8.8240089e-02  -1.4461796e-01   3.4780165e-01   4.7380183e-02  -8.6867660e-02  -4.1154627e-01   3.1982784e-01   3.5132754e-01   5.4208644e-01   1.8325794e-01   2.1836323e-01  -2.1790297e-01   2.4734585e-01  -1.3934903e-02  -2.2280660e-01   5.2591510e-01  -1.3799117e-01   4.1018857e-01  -1.4190263e-01   1.3161036e-01   1.7490944e-01   1.8864278e-01   3.9400745e-01   1.2942535e-01   1.7617423e-01   4.5882003e-02   1.7000904e-01  -3.8915945e-01   1.7658351e-01  -5.8300795e-02   8.4252802e-02   3.6683353e-02   4.1635282e-01   3.6344524e-02   4.6572626e-01   3.5859638e-01  -1.5129186e-01   2.2570588e-02   2.6241031e-01   2.4724492e-01   2.8352205e-01   1.5374271e-01  -6.6091774e-02   3.0308732e-01   2.4322153e-01  -7.3644043e-02   1.1745250e-01   4.2812044e-02  -1.6731970e-01  -8.4123039e-02   1.5295113e-01   2.6156947e-01   2.2521130e-01   3.9414976e-02  -1.2820611e-01  -1.9829693e-01   1.4733975e-02   1.6851233e-01  -1.7657923e-01  -7.7637554e-02  -2.3547556e-01   2.7906502e-01  -1.4559229e-01   1.1286814e-01   2.0938378e-01   2.3950022e-01   4.8730203e-01  -5.4644022e-02   3.5548888e-01   8.8403213e-02   1.0290461e-01   2.8574164e-01   4.3155456e-01  -1.0364920e-01   3.3282803e-01   1.4061126e-02   1.6425098e-01   3.0835241e-01   2.6948841e-01   4.2443225e-02   1.9906080e-01   3.2111115e-01   1.0569603e-01   2.5815183e-01   2.1023496e-01   2.3350167e-01  -3.1012516e-02  -1.0272692e-01  -1.5565677e-01   2.9888373e-01   4.1083104e-01  -3.7337965e-01   3.3793004e-01  -3.0252118e-01   3.0059904e-01   3.0073368e-01   1.2775488e-01   5.6531970e-02   8.5456163e-02   2.0665871e-01   1.5162456e-01   1.1665430e-01  -1.0715653e-02  -2.7091401e-01   2.2410524e-01   1.7312644e-01   1.3877709e-01   5.1627551e-01   1.4872615e-02   2.3089476e-01  -4.9737122e-02   1.9041563e-03   1.1068952e-01  -9.5798174e-02  -1.3176965e-01   6.9857843e-02  -2.5687024e-01   3.7504212e-01   1.3953580e-02   4.3367610e-01   3.7782739e-02   3.0949745e-01   2.1913043e-01   9.2865076e-02  -9.2967038e-02   3.1959420e-02  -2.5741781e-02   3.9712302e-01  -1.8469661e-01  -4.7419295e-02   1.7455312e-01   1.1977692e-01  -1.7065640e-03   1.6632852e-01   1.6912820e-03   1.3927236e-01   4.5633555e-02   4.4345332e-01   1.8492520e-01   3.2752796e-01  -8.0161313e-02  -1.0423669e-01   7.1521628e-02   3.9145888e-01  -4.6988318e-01   9.2561488e-02  -1.6821294e-01  -2.4034358e-01  -8.2412197e-02   5.1363458e-01
  -8.4507990e-02   2.2343562e-01   7.6121684e-02  -8.6702388e-04   3.1541460e-01  -3.7765959e-01  -9.4793147e-03   1.1236528e-01   3.1791912e-01   3.7929949e-01   2.1395789e-01   2.3579369e-01   0.0000000e+00  -2.3622710e-01   1.6290457e-01  -1.1367421e-01   1.1869147e-01  -2.4185952e-02  -3.6883132e-01   3.4482821e-01  -2.3333835e-01  -1.7871132e-03   1.4357782e-01   1.9369234e-02  -1.7113774e-01  -2.2143586e-01  -4.2198357e-02  -5.5401094e-02   3.7702406e-02   6.0142827e-02   8.2438872e-02  -2.5486015e-01  -3.1900904e-01   1.0937802e-01  -4.0940161e-02   3.1025107e-01   1.8370184e-01   9.2933300e-02  -7.9833929e-02   9.1796123e-02   3.4081773e-01  -2.5409798e-01  -4.3269084e-02   2.0717784e-01   1.8474684e-01  -1.0860779e-01   2.2141555e-02  -6.0870879e-02   1.4132642e-01   1.3622364e-01  -1.2883656e-01   2.4092982e-01   1.4868764e-01  -2.0375877e-01  -2.8653606e-01   2.2921441e-01  -4.7416949e-01  -1.9505431e-01  -6.4326712e-02   9.7428905e-02  -2.2083606e-01   2.5812321e-01   2.3259053e-01   2.0829949e-01   6.6392519e-02   3.2261332e-01  -3.4800254e-01  -2.8817616e-02  -1.3505562e-01  -1.9549362e-01   1.0532728e-01  -2.7314588e-02   2.5949205e-01  -1.9903306e-01  -1.2903706e-01  -2.2528939e-01  -2.4459245e-01   2.4685234e-01   2.4664814e-01  -4.2899209e-02  -4.9053685e-02  -1.4434700e-01   3.7787425e-02   8.2249693e-03  -2.4288374e-02  -2.1002839e-01  -6.5655007e-02  -1.4471311e-01   1.8859775e-01  -2.9119006e-02   1.9182361e-01  -1.3863224e-01   1.6096067e-01   1.0874441e-01  -1.3700757e-02   3.9039222e-01   6.7617463e-02  -9.3478637e-02   2.3875248e-01   2.1550568e-01  -1.2440570e-01   1.4470289e-01  -2.7210206e-02   1.2722776e-01  -1.4119865e-02  -3.1272287e-02  -3.0167282e-01  -3.1289397e-01   2.2589638e-01   1.7279269e-01   1.4191854e-01  -5.8827771e-03  -6.3114736e-03   2.7196418e-02  -1.9852779e-01   1.8240122e-01   9.3497163e-02   4.1935416e-01  -2.3786674e-01  -1.7486300e-01  -1.4335624e-01   2.7242626e-01  -9.4276688e-02   6.1237929e-02   1.1137616e-01  -2.3740999e-01   8.5892502e-02  -1.7419421e-02  -1.6140625e-01  -2.5373374e-01   1.1643245e-01   4.0682573e-01  -6.0027312e-02  -1.3710607e-01   9.6136371e-02  -2.1174686e-01   7.0482536e-02  -1.5874787e-01  -2.7184225e-01   6.4726385e-02  -7.3375787e-03   2.7283941e-01  -1.1639236e-01  -2.5817361e-01   1.2982392e-01   3.3176170e-01   1.2335460e-01   2.4985013e-01   2.4138629e-01   1.3166569e-01   3.7728084e-02  -8.4539772e-02  -1.5262745e-01   2.7353027e-01   1.0361823e-01   6.6233326e-02  -9.2370113e-02  -1.6475485e-02  -2.5016225e-01   8.1674922e-02  -1.8792020e-01   1.7771539e-01   1.9302404e-01  -6.1854572e-02   3.2579256e-02   1.1830394e-01   2.5381130e-01   2.2585699e-01  -2.1565206e-01   1.7947214e-01   3.4792035e-01  -1.8247289e-01   1.1329985e-01  -2.7141273e-01   6.7901459e-02  -7.0860537e-03   1.1329288e-01
   3.5811211e-01   2.4620149e-01  -2.3049701e-01   3.2524129e-01  -2.6984221e-01   1.7636486e-01   1.7255685e-01   8.4608917e-02   1.0465775e-01  -3.5648588e-01  -4.7122665e-02  -6.3703850e-02  -2.3622710e-01   0.0000000e+00   2.8894284e-01  -1.6076601e-01  -3.4144235e-01   8.6994768e-02   6.6221786e-02  -2.9156638e-01   3.9912659e-01   1.1291079e-01  -5.3916705e-02   5.5177694e-01   2.2027606e-01  -1.3795097e-01   2.6120952e-01   4.8494729e-01  -1.0944345e-01   1.6918166e-01   3.1479803e-01   3.2932533e-01   9.4113008e-02  -5.1159551e-02   2.7232275e-01  -2.2483540e-01   2.2705477e-02   1.2557206e-01   7.1370185e-02  -2.7669337e-01  -2.1758443e-01  -1.7483589e-01  -1.0950589e-01  -2.0991479e-02   2.8500908e-01  -2.2137202e-01   5.3556176e-03   5.3950734e-01   3.0173516e-01  -4.4574800e-01   5.6459749e-02   1.7583427e-01  -1.1685849e-01   3.5110382e-01   5.9220419e-01   2.6872713e-01   5.8541802e-02   1.0413693e-01  -8.6692245e-02   2.7473909e-01  -1.1860582e-01  -5.3118849e-02   1.4931636e-03   1.4833374e-01   5.4252411e-01  -3.5149862e-01   2.2685374e-01   2.4531023e-01   1.8908362e-01  -1.3578630e-01  -3.2006677e-02   3.5693364e-01  -8.0702945e-03   3.6666486e-01   5.7543749e-02  -1.2493133e-01   1.2241408e-02  -1.0330071e-01  -3.2445218e-01   8.9143320e-02   4.5021153e-01  -7.6545509e-03  -2.1802152e-02   8.5724605e-03   3.9997344e-01   2.9734753e-01   3.6692617e-01   7.0444707e-01   1.8376556e-01   4.5679052e-01   1.6104311e-01  -5.2022203e-02  -4.8129604e-01   1.5015676e-01   1.0503893e-02  -3.1292517e-01  -4.6399151e-02   4.7203466e-02  -9.5450151e-02  -2.1554712e-01   5.3490426e-01   2.1725199e-01   3.5660504e-01   4.2759775e-01   4.1036879e-01   1.8998656e-01   3.6512567e-01   1.4381562e-01  -2.7568577e-01  -2.4517225e-01  -1.4510248e-01   1.8670138e-01   2.6252586e-01   2.3832986e-01   3.3343826e-01  -5.1436129e-02   1.1065400e-01   1.7755878e-01   5.2267773e-01   4.5251029e-01   8.1248231e-02  -2.5429677e-01   4.0869619e-01   3.3712003e-01  -3.2398089e-02   5.7350556e-01   3.5880987e-01   1.9518052e-01   1.5277608e-01  -1.1660950e-01  -3.2490394e-01  -2.2518595e-01   3.5583676e-01   3.2218469e-01   3.1966689e-01  -1.5129373e-01  -7.4079626e-02   5.3124492e-01   8.2041680e-02   4.8974054e-01   6.2559609e-01  -1.9770920e-01   4.2432669e-02   9.9296732e-02   3.0522090e-01   1.3536210e-01  -2.5431602e-01  -1.2165972e-01  -1.8240136e-01   1.5210378e-01   2.3729917e-01   5.9799208e-01   3.0874056e-01   3.0040256e-02  -4.4138273e-01   3.5511175e-01   7.4481031e-02   7.2671348e-03   1.3768898e-03   5.9532131e-01   2.6926080e-01  -1.0729316e-01   1.0890870e-02   3.5740205e-01   2.3668045e-01  -2.2543680e-01   6.0899215e-02   2.9259803e-01   8.2056410e-02  -3.5109308e-01  -2.1824008e-01  -1.1248724e-01   3.1627131e-01  -2.2756791e-02  -8.3054721e-02   2.0096017e-01   1.5540705e-01
