   0.0000000e+00  -2.2335247e-02  -2.2183051e-01   3.0668402e-02  -9.2623566e-02  -1.1701930e-01  -9.3435800e-02   2.5594995e-01   4.1392660e-01  -2.1540860e-01  -2.3817519e-01  -1.0931477e-01  -1.4945159e-02   5.7506215e-01   1.1449480e-01   3.9548971e-02  -2.1146952e-01  -1.9982925e-01   1.3054650e-01  -2.3998300e-01  -5.1832691e-01  -5.6491315e-02  -4.8004628e-01   8.4210889e-01   1.7459578e-02  -4.3311996e-02  -1.2227671e-01   1.7234278e-01   8.1444235e-02   9.5945206e-02  -1.7480909e-01   2.8482220e-01   1.2058007e-01  -1.6492497e-01   3.0447986e-02  -2.4555914e-01  -4.3022987e-01   2.1222366e-01   4.5208928e-02  -2.0756873e-01  -5.5931318e-02   1.1967300e-01  -1.1168741e-01  -1.6891786e-01  -3.0686237e-01  -2.3075998e-01  -1.3691837e-01  -4.9681494e-01  -1.0848688e-01  -3.2097508e-01  -1.1592614e-01   3.6132266e-01  -1.2192615e-01   3.7498926e-01   3.7514019e-01   1.1086850e-01  -1.2080922e-01   3.1671323e-01   1.4619725e-01  -1.3289898e-01  -7.3761845e-02  -1.4925317e-01   3.2980404e-01  -7.2902787e-02   3.0666329e-02  -3.5951560e-01  -2.5314867e-01   9.6651171e-02  -1.6848354e-01  -1.7547301e-01  -3.1332449e-01  -1.9815510e-03  -1.1445715e-02   6.7437247e-01  -9.2263263e-02   1.1384210e-01  -4.9918873e-02  -5.0705101e-03   5.1305175e-02  -6.6024814e-02  -2.4721243e-01  -1.8149484e-01  -6.4490912e-01   1.6527892e-01   2.4735401e-01   1.6574609e-01  -2.3491798e-01   5.3277505e-01   1.2584489e-01   8.8025903e-01   1.8394150e-01  -1.4736925e-01  -1.9165006e-01   1.6744062e-01   1.4398764e-02  -1.1672983e-01  -7.2123880e-02   3.0109878e-02  -1.5212208e-01  -2.4424817e-01   1.4305767e-01   1.0255449e-01  -1.1822355e-01   2.6673579e-01   2.5798464e-01   3.1119531e-01  -6.6768290e-02  -6.0200421e-02   1.6221336e-01  -3.6688225e-01  -4.5125311e-01   2.6958983e-01   2.5627628e-01   7.4617068e-01   1.3441693e-01   3.0554538e-01  -8.5364145e-02   1.7110928e-01  -4.8262139e-01   1.2230866e-01   1.3147922e-01  -4.1459887e-02   2.4203719e-03   1.4267045e-01   2.3252199e-01   6.2401839e-01  -6.2344601e-02  -3.4230976e-02   3.6129635e-01  -3.1164006e-01   6.3251972e-02  -5.1584949e-01   5.7680953e-01  -4.4944185e-01  -1.8611617e-02   1.1469134e-01  -8.8799799e-02   1.4274369e-01   3.1340189e-01   3.6957201e-01   7.8256342e-01  -1.7457727e-01   1.0429604e-01  -3.1601884e-01  -1.0367403e-01  -7.3556020e-02  -3.8250672e-01  -2.1182054e-01  -4.0413932e-01  -4.7977303e-01   6.4283525e-01  -3.4604874e-01   4.6973913e-01  -1.0093211e-01  -2.0774701e-01   5.5006807e-01   2.8777961e-01  -1.1188807e-01  -1.4051684e-01  -1.9141397e-01   7.4113759e-03   1.3918050e-02  -2.6849861e-01   5.0579830e-02   2.3427769e-01   1.5736275e-01  -1.1339779e-01   1.8824982e-01   3.2439386e-01  -5.4415479e-02   1.6808788e-01   1.9005347e-01   1.6606210e-01  -4.1555754e-01   1.0603936e-01  -3.1779897e-02   2.0581148e-01
  -2.2335247e-02   0.0000000e+00  -1.4381332e-02  -1.0937485e-01   5.0717084e-01   4.6000843e-03   2.3126686e-02   1.8318503e-01   3.1787872e-01  -2.2774882e-01   3.5484302e-03   3.0293696e-01  -1.0495464e-01   3.2700580e-02  -1.2034234e-02  -1.0865410e-02   1.0115900e-02  -3.5742103e-02   2.0864084e-01   7.5256882e-02  -2.0556298e-03   1.2909150e-01  -4.5362763e-01   3.5383893e-02   6.8784542e-02   1.5107249e-01  -9.3252543e-02  -5.6722375e-01   1.6410009e-02   5.1310643e-01  -2.4507529e-01   4.4182367e-02  -2.6961107e-02  -1.0118705e-01   4.1667145e-01   5.0343193e-02  -2.1630817e-01  -3.7097639e-01   3.3697027e-02  -2.7112117e-01  -1.9571366e-02  -1.7031631e-01  -1.1809076e-01  -3.6786224e-02  -2.7827012e-01  -2.1980652e-01   1.7471944e-01   2.3894331e-02   3.6263498e-01  -1.5440808e-01  -3.7670927e-02   7.8080809e-02  -1.2453179e-01   3.4213369e-02  -5.4430769e-02  -1.4139355e-01  -8.3318826e-02   1.8041906e-02  -3.9178039e-02   5.0360009e-01  -2.1155222e-01   2.3049771e-02   5.4597162e-01   2.9921816e-01   5.4372497e-01  -4.6042061e-02   3.0459383e-01  -1.2454099e-01  -7.2212940e-03  -2.7414682e-01  -1.2900495e-01  -1.5576403e-01   1.4842265e-01  -1.0205061e-01   5.3740764e-02   3.3848251e-01  -3.4487137e-01   8.1730581e-02   4.2973033e-01  -7.1766773e-02  -6.2301456e-01   2.0918964e-02   2.0557617e-01   1.0651876e-01   2.6526383e-02   3.6046294e-01   8.5290649e-02   2.0770401e-01   4.6427576e-01  -1.2083654e-01   5.9912670e-01  -2.7989452e-01  -2.5630732e-02   4.6633154e-01  -3.4074459e-01  -6.8010695e-03  -1.1687778e-01   1.2012888e-01  -3.4699896e-01  -3.9435578e-01  -2.8060206e-01  -2.1105721e-01  -8.0417472e-02   3.2603137e-01  -5.9740775e-02   1.4981883e-01   1.3451196e-01   1.5099344e-01   3.3608995e-01   2.2469228e-01  -3.0340993e-01   2.2598218e-01  -3.8028688e-02  -3.0667294e-01  -5.0726260e-01   2.3999882e-01   1.1989918e-01   1.4691545e-01  -1.1668439e-01  -2.2374801e-01  -1.6682051e-01   4.7049218e-01   2.7906665e-01   3.1976467e-01  -3.7980278e-01  -1.7293365e-02   5.6364840e-01   2.4205311e-02   2.8133323e-02  -1.9458113e-01  -5.8963195e-03  -2.0665305e-01   1.7826902e-01  -2.0761727e-02   1.5649054e-01   3.1318652e-01  -1.7224138e-01  -4.0896562e-01   2.5404632e-01  -1.5825072e-01   1.3129525e-02   1.0591386e-04   2.0806879e-01  -2.7349160e-01   5.8140502e-02   1.9589730e-01  -2.4975871e-01   3.1742987e-01   9.6531867e-02  -9.7248539e-02  -2.6573087e-01  -1.9655813e-01  -4.6866755e-02   3.9341808e-01   1.0716395e-01  -1.6323157e-02  -2.3686213e-01   1.9064957e-01  -2.6904215e-01  -2.6582008e-01   4.2916222e-03   2.9486216e-01   1.2007852e-01  -6.5088684e-03   2.8165596e-01   2.8223247e-01   2.6295730e-01   8.6688660e-02  -2.9204291e-01   2.6768941e-01   4.1974282e-01  -1.9858014e-01  -3.0223293e-01   2.5497112e-01  -9.2566513e-02  -9.4130486e-02   4.8756022e-02
  -2.2183051e-01  -1.4381332e-02   0.0000000e+00   2.9520909e-02   1.1821481e-01   3.5934639e-02   4.0164007e-01  -3.4851793e-01  -2.5740658e-01   5.2859280e-01  -4.6328221e-01   5.3284718e-01   2.2085209e-01  -4.4517398e-01  -5.3348092e-01   6.8300939e-02   9.0234859e-01  -1.9931194e-01  -1.5072031e-01   5.4020743e-01  -3.0302335e-01  -5.3665070e-01  -1.9727190e-03  -3.3140450e-01   8.6317955e-02  -1.6294093e-01   2.9529493e-01  -4.6578557e-02   2.6175989e-01  -4.8395900e-01  -3.9126506e-01  -2.9453310e-01   2.1867607e-01   2.7385703e-01  -1.7058424e-01   3.6910462e-01   1.3767679e-01  -3.7964940e-02   1.3495399e-02   6.2634998e-01  -8.9600176e-02   2.7394392e-01   5.4599738e-01  -4.2763963e-01   2.6655860e-01   4.9909464e-01  -1.3814400e-01   1.2563053e-01   7.8204696e-02   7.5960189e-01  -2.6167285e-01  -3.2083987e-01  -1.3620407e-01   1.7855984e-01  -3.5799843e-01  -5.8484929e-01  -1.6796750e-01  -3.0099146e-01  -4.8585570e-01  -1.4013155e-01   2.9624840e-01   5.5792598e-01   1.1425857e-02  -4.3994601e-01  -4.0889744e-01   2.4090152e-01   6.5428380e-02   3.5704989e-02  -4.4804739e-01   4.6875141e-01   4.7021565e-01  -1.0865355e-01   4.1184345e-02  -2.7217193e-01   5.3006366e-01  -2.3426435e-01   5.9265533e-02  -3.5431641e-01   2.5386819e-01   1.5507261e-01   6.5188169e-02   2.1933023e-01   2.6679939e-01  -3.3572061e-01   1.9458461e-01  -3.6593108e-01  -4.7215475e-01  -3.4778194e-01   2.8641231e-01  -2.5038654e-01   4.5149362e-02   2.8597773e-01   6.6429293e-01  -2.0341935e-02  -3.3004862e-02   6.1540604e-01   7.7368921e-02  -2.3339787e-01   3.0820121e-01  -2.1545535e-01  -1.3071254e-01  -4.3982779e-01  -6.0048612e-01  -2.7804969e-01  -2.2283872e-01  -8.6479421e-02   5.2156790e-01  -2.8249773e-01  -7.8870451e-02   2.9934091e-01   5.5114183e-01  -6.0734335e-01  -1.7452031e-02  -1.7760047e-01  -1.4749925e-01  -2.2550539e-01  -2.3148505e-01   1.2618845e-01   5.2722599e-02  -1.7870391e-01  -3.1772939e-01   4.7916551e-01   3.2172248e-01  -3.6214537e-01  -1.4408500e-01  -5.5324129e-01  -9.4345681e-02   1.3869134e-01  -1.9696927e-01   5.8030240e-01  -5.2450113e-02   1.2717471e-02  -2.9064309e-01  -3.6018565e-02   3.9574753e-01  -2.7524475e-01   3.5988922e-01  -2.9139029e-02  -4.8933018e-01  -9.8294268e-02  -2.0129484e-01   2.6503026e-01  -6.5744091e-01   1.9607751e-01  -4.7864522e-01  -6.1831195e-01   6.7353994e-01  -1.8263460e-01   5.0710154e-01  -9.2414180e-02  -3.1478231e-01  -2.3294557e-01  -3.0280352e-01  -4.2659927e-01   7.8362574e-01  -1.9656713e-01  -2.6086360e-01  -2.4079793e-01   3.8838388e-01  -4.9523579e-01   1.6104920e-01  -5.1808662e-01  -1.7987680e-02  -4.4538140e-01  -4.5309016e-02  -2.4593863e-01  -6.6853963e-02  -1.7216520e-01  -4.4245496e-02   2.9516118e-01  -2.7646718e-02  -1.1983687e-01  -9.6324536e-02   3.0932789e-01   2.2987139e-01   4.1452244e-02   2.1506548e-03
   3.0668402e-02  -1.0937485e-01   2.9520909e-02   0.0000000e+00  -1.1069632e-01   1.3750525e-01  -1.2891518e-01  -2.3780138e-01  -7.7470003e-02   3.1778631e-02  -5.9756423e-02  -1.3021777e-01   2.6962044e-01   6.4131846e-02  -5.8539979e-02  -5.6215508e-02  -2.4692587e-02   1.1415866e-01   2.4915530e-01  -1.3415906e-02   9.9428381e-02   2.0373579e-01   4.0847468e-02   9.1254873e-02   1.2704959e-01   4.2657591e-02   3.1914638e-01  -1.6731219e-02  -2.7464967e-02  -1.3622740e-01  -4.7902824e-02   4.3642197e-02   2.1179710e-01  -6.1100203e-02  -1.0078120e-01   5.0788077e-02   2.3324218e-02   1.3342518e-01  -3.1944321e-01   5.2808479e-02   1.0523621e-01   3.4677130e-01   3.2460303e-02  -3.4141488e-02   2.1151131e-01   8.3965114e-02  -6.5588550e-02  -1.5084381e-01   2.7770393e-01   1.5835166e-02   1.3304250e-01  -5.0720079e-02  -9.6014509e-02   2.7299176e-02   1.5365481e-01   3.7096512e-02  -3.3268918e-02   4.4526925e-01  -9.0787718e-02   1.5544344e-01   1.9406140e-01   3.2355435e-02  -1.0198128e-01  -2.1648204e-01   9.5264308e-02  -1.1558882e-02  -2.3201278e-02   2.2940498e-01   1.8526288e-01   4.4207477e-02  -1.5528815e-01   7.1931448e-01   3.6301993e-01   4.5024627e-02   1.1782690e-01  -4.7041150e-02   8.3472509e-02   8.1371771e-02  -2.1983235e-01  -7.2151040e-02   9.3232535e-02   1.1341718e-01  -4.6412109e-02   1.1969217e-01   9.1289185e-02  -1.3886375e-01   1.0024576e-01   1.3550431e-01  -9.5964341e-02   4.5491170e-03  -1.6990825e-01   2.1627568e-01  -3.8873844e-03  -5.9961502e-02   6.6186898e-02   7.2194004e-02   2.4637827e-01   2.8598722e-02   3.0789008e-01   2.1407665e-01  -2.7859786e-02  -1.0447897e-02  -5.2460110e-02   5.6230524e-02   4.0934841e-01   2.6065366e-01   1.5648246e-01   4.4456887e-02  -6.5540083e-03  -2.3466810e-01   3.0656037e-02   6.2125936e-02   1.2737510e-01   1.4257639e-02   8.2710833e-02  -1.4423608e-01  -4.7220345e-02   2.5027116e-02  -4.1402249e-03   5.5713577e-01   1.3958040e-03  -8.4780480e-02  -3.4147709e-01  -2.5665137e-01   8.3711301e-03   5.6323949e-02  -1.4857975e-01   2.3774348e-01   2.5436246e-01   4.8700651e-02   4.9170666e-01  -4.1998962e-02   1.8882488e-01  -1.4045812e-01  -7.6245214e-02  -4.2580865e-02  -1.1279983e-01  -8.0332888e-02  -9.0351445e-02   1.2374298e-02   2.2876480e-03   2.5384878e-01  -4.7412941e-02   1.2146738e-01  -2.6646942e-01  -2.1018752e-03  -1.1710900e-01  -3.9218905e-02  -6.8207230e-02  -3.6067537e-02   8.0898977e-02  -9.7613627e-03  -8.9759583e-02  -1.3314069e-01  -1.6871269e-01  -3.8738517e-02   7.6044757e-02  -2.3522193e-02  -4.5335786e-02   1.1778435e-01   2.7622054e-01  -3.7162281e-02  -1.0751933e-01   2.7417928e-01   2.6280819e-01  -1.7636876e-01  -2.1616991e-01  -1.7154656e-01   6.9985234e-02  -1.2452710e-01  -1.6759899e-01  -2.6009539e-01   4.5147130e-01   2.6368756e-02   1.3663369e-01   1.8099577e-01   5.9799559e-01
  -9.2623566e-02   5.0717084e-01   1.1821481e-01  -1.1069632e-01   0.0000000e+00  -4.7234493e-02   2.2304243e-01   9.9998327e-02   3.1791296e-01   9.5332172e-02  -5.0505209e-02   1.2319322e-01   2.0206953e-01  -2.0206625e-01  -2.2483488e-01   2.9635708e-01   2.1216772e-01  -7.1804076e-02   2.4126744e-01   5.5410666e-01  -1.3000643e-01  -1.2705344e-01  -3.5054962e-01  -1.6595402e-01   6.8013290e-03   1.2596170e-01   1.8517800e-01  -5.6577098e-01   6.9112813e-02   3.0637496e-01  -2.9951861e-01  -1.5247317e-01   3.7655538e-02   1.7202023e-01   2.6368254e-01   6.0669774e-01  -1.0800962e-01  -3.7298404e-01   3.3236384e-01  -6.0318505e-02   3.1531007e-01  -2.9351990e-02  -6.2445410e-02  -1.0782869e-01  -7.1996608e-02  -2.4601339e-01   2.7469679e-01   7.8177875e-02   2.9300982e-01  -6.4500483e-02  -1.1643336e-01  -4.6803470e-02  -1.0144523e-01   6.5075376e-02  -3.4354224e-01  -2.8182844e-01  -1.6539748e-02  -1.3941124e-01  -1.6867715e-02   2.3800552e-01  -2.1752812e-01   4.7350852e-01   4.9213562e-01   1.6073937e-01   3.6653118e-01   3.5625623e-01   1.5734569e-01  -1.0666245e-01  -1.7490907e-01  -2.7806250e-01  -1.7241899e-01  -1.4588171e-01   3.0031606e-01  -3.5088221e-01  -2.2836766e-02   3.1922907e-01  -2.2696743e-01  -8.8180182e-02   7.3976068e-01   8.8206372e-02  -4.8814380e-01   4.0856661e-01   1.4641988e-01   3.6670057e-02  -2.5932065e-01   1.9581839e-01  -2.9767950e-01  -2.1606694e-01   4.1968415e-01  -2.3097161e-01   6.5859030e-01  -2.4053512e-01   1.9066958e-01   6.8034900e-01  -2.1738592e-01   4.4832756e-01   4.8684662e-02   3.4440416e-01   1.3264055e-01  -5.3147293e-01  -4.0058616e-01  -2.5734731e-01  -1.1861852e-01   8.1878683e-02  -2.8420596e-01  -6.0382898e-02   1.7006506e-02   3.0986964e-01   3.9725098e-01   4.4058764e-01  -7.6784144e-02  -1.0544387e-01   1.7972465e-01  -2.5494992e-01  -3.7570697e-01   3.7695794e-01   1.1437616e-01   4.5170620e-01  -1.6687734e-01  -1.0165278e-01  -1.3274399e-01   7.3210108e-01   2.5840603e-01   2.2862565e-01  -4.1082322e-01  -2.5802211e-01   4.2734942e-01  -9.4166089e-02  -9.2163563e-02  -1.8207985e-01   2.0221869e-01   1.0995022e-02  -2.7990359e-01  -1.8993623e-01   5.2318407e-01   3.6283757e-01  -5.8115460e-02  -5.5300824e-01   1.5259803e-01  -3.4735935e-01  -1.4357327e-01   3.9545988e-02   3.6768066e-02  -2.6347357e-01  -8.4052541e-02   6.4649932e-02  -2.0873962e-01   4.0965676e-01   3.9725632e-01  -2.2534197e-01  -2.8812002e-01  -2.3197872e-01   1.0229168e-02   4.4132706e-01   2.1447166e-01  -3.0105525e-01  -1.7087020e-01   3.8109510e-01  -2.8467482e-02  -3.2718178e-01   1.1288766e-01   2.6759961e-01   4.3186483e-01  -2.2745278e-01   8.1540093e-02   3.7605392e-01   4.4587112e-01   1.7125246e-01  -1.3612689e-01   4.5901826e-01   7.2918586e-01  -3.8883848e-01   2.9438924e-02   3.0148857e-03  -8.1151222e-02  -6.0357411e-02  -2.4627420e-02
  -1.1701930e-01   4.6000843e-03   3.5934639e-02   1.3750525e-01  -4.7234493e-02   0.0000000e+00  -2.9995189e-01  -1.6462158e-01  -4.6200093e-01   7.2169206e-03   1.9969776e-01   2.2433476e-01  -1.3573376e-01   9.7035616e-02   9.6763101e-02  -1.5274399e-02  -9.5414202e-02   2.0916933e-01   8.8206185e-03   3.4190475e-02   2.8092320e-02   4.9384810e-01   3.9308688e-02  -1.3368256e-01   1.0918769e-01  -5.3536312e-02   4.4888217e-01  -3.7239890e-02  -3.6343131e-02  -4.5860912e-02  -1.8427986e-01   1.9944485e-01  -7.1404325e-02  -1.6394181e-01  -1.8435784e-01   1.6071673e-01   1.0127184e-01  -3.9209160e-02  -1.1005902e-01   1.7855672e-01  -2.1201144e-01   2.3566830e-01  -2.3750464e-01  -1.4008148e-01   1.5211974e-01   2.6121636e-01   4.4523370e-01  -2.5244806e-01  -8.8559117e-02   1.2820916e-01   3.2777529e-01   1.0897041e-01  -3.5511115e-01   7.9120909e-02   7.2774288e-02   2.5414027e-01   3.8280506e-01   2.0283457e-01   6.7590521e-02   4.7802952e-01   2.1022355e-01   1.1960359e-02  -3.4458761e-01  -2.9102059e-01  -6.8218255e-02   1.9536928e-01   7.4261160e-01   8.1114095e-02   2.5883698e-01   3.7203927e-01  -4.8354220e-01   2.0215216e-01  -2.5813936e-01   1.5954888e-01   3.5338704e-02  -1.7375238e-01   1.6164106e-01  -3.9048086e-02  -3.2287043e-01   1.5464200e-02   5.8527597e-02  -1.8344141e-01  -3.3157124e-02  -5.0306951e-02   3.3238905e-01  -1.9239367e-01   1.8265046e-01  -6.1585058e-02  -3.0335415e-01  -7.1381326e-02  -3.5357493e-01   2.8373510e-01  -2.1804325e-01  -2.7232572e-01   1.7020743e-01  -2.7152324e-02   2.1725241e-01  -1.4141360e-01   1.3193164e-01  -8.4155652e-02  -1.0174530e-01   1.6802964e-01   2.1652244e-02   1.0004096e-01   3.6858071e-01   5.4278306e-02   1.7974044e-01   1.8987596e-01  -3.2316609e-01  -2.2834080e-01  -1.6695569e-02   4.4763541e-01  -4.8259734e-02  -3.8282210e-02  -4.7827274e-02  -5.2339944e-01  -9.1811873e-02  -2.7214855e-01   3.3529412e-01   2.3648705e-01   1.1724566e-01  -7.5939163e-02  -2.8651349e-01  -3.0876216e-01   1.6922802e-01   3.6709756e-02   1.9777343e-01   1.4885468e-01  -3.0752430e-02   2.4020542e-01   6.4621734e-02  -2.0987360e-01   2.6985841e-01  -3.1121687e-01  -6.0715050e-02  -1.8940504e-01   2.6908518e-02  -1.6070463e-01  -7.6296506e-02   2.2352380e-01  -1.5772890e-01   1.1836877e-01   8.8423724e-02   5.0361951e-01   1.5899713e-01  -7.4569902e-02  -1.9064594e-01   1.8834099e-01   2.0141326e-01  -2.5919711e-01   1.6245059e-01   1.0595932e-01   1.4278695e-01  -2.0235905e-01  -2.9423665e-03  -1.0478840e-01   2.2165501e-01  -5.4419758e-02   2.7755321e-01   3.9100363e-01   1.0877602e-01  -1.2775313e-01  -1.5280042e-01   3.6773040e-01   8.2697402e-02  -4.6417609e-01  -1.6057861e-01   1.6652576e-01   3.5088032e-01  -4.2235682e-01  -3.1778743e-01   1.5646432e-02   2.4832751e-01   5.8736773e-01  -1.3409735e-01  -7.3153170e-02   3.2310911e-01
  -9.3435800e-02   2.3126686e-02   4.0164007e-01  -1.2891518e-01   2.2304243e-01  -2.9995189e-01   0.0000000e+00  -1.0714897e-01   1.3315443e-01   6.8169203e-01  -4.4570762e-01   4.0862682e-01   8.5681238e-02  -3.0503591e-01  -2.9646743e-01  -1.0535596e-01   3.8920882e-01  -3.3987709e-01   1.7663519e-02   4.4280812e-01  -1.2725359e-01  -5.3294450e-01   1.5624891e-01  -1.8454230e-01  -8.3883907e-02  -1.4242090e-01   8.8065643e-02   1.3524479e-01   1.1428862e-01  -2.6401835e-01  -5.6697839e-02  -4.7688234e-01   3.6882565e-03   8.6326833e-01   2.4666292e-01   3.5052334e-01   2.2152922e-01  -2.5653718e-01  -2.7611765e-02   3.8812273e-01  -5.7451269e-03  -1.8332511e-02   7.3734402e-01  -3.0960431e-01   2.4381264e-01  -6.3951095e-02  -2.9589851e-01   4.8945734e-01  -6.0486479e-02   3.0012039e-01  -5.0366264e-01  -3.0964988e-01   3.8900256e-01   3.9409916e-02  -4.0245268e-01  -5.4003570e-01  -1.3466098e-01  -2.8361735e-01  -3.8411665e-01  -1.5159804e-01  -1.3696596e-01   3.1824168e-01   1.0011552e-01  -1.5434660e-01  -2.4140267e-01   3.2878025e-01  -1.8296750e-01  -3.5167091e-02  -1.9684008e-01  -2.6993631e-02   4.9771728e-01  -1.9356967e-01   2.4383686e-03  -2.4090720e-01   1.2915185e-01  -1.8436527e-02  -2.1111003e-01  -2.3603771e-01   4.6856979e-01  -7.9132119e-03   3.0549766e-01   2.4131579e-01   8.6634128e-02  -1.7729067e-01  -2.8355448e-01  -1.0528819e-01  -3.9655388e-01  -1.6928998e-01   1.0435713e-01  -2.1111899e-01   4.4981350e-02  -1.3464155e-01   6.8899285e-01   3.3446162e-01  -3.2768607e-01   4.6137946e-01  -1.1846476e-01   1.4717925e-01   1.8168363e-01   1.3705284e-02  -1.6087001e-01  -1.9737574e-01  -1.7085714e-01  -2.4727308e-01  -5.1498303e-01  -2.8241394e-01   7.0739230e-02  -4.3975876e-02   4.0564773e-01   4.2236176e-01   5.6187411e-01  -6.6611507e-01  -1.1067160e-01  -2.1819509e-01   2.2605142e-02   2.4393990e-01  -1.1544183e-01   1.9095570e-01  -1.8547810e-01  -2.2489493e-01  -5.8246834e-01   3.3635146e-01   2.0102576e-01  -2.9259545e-02  -4.0641745e-01  -3.7032536e-01  -9.3741526e-02  -1.4268087e-01  -2.0606010e-01   1.5180280e-01  -1.5978202e-01   2.9452366e-01  -3.6405389e-01   1.7780810e-01   5.2052311e-01   8.9629769e-02   1.2430016e-01  -2.3481319e-02  -1.3100210e-01  -1.2379300e-01  -1.7956397e-01  -1.2680188e-01  -3.7474205e-01  -1.4079505e-01  -1.9070565e-01  -2.9990094e-01   6.0988043e-01  -2.6557401e-01   4.5237268e-01   1.1644902e-01  -3.7800837e-01  -2.7893123e-04  -3.7835493e-01  -1.3462493e-01   5.0699875e-01  -1.8745290e-01  -5.3952924e-01  -4.7135753e-02  -4.2052643e-02  -2.2203030e-01  -6.0063090e-02  -3.8744129e-01   2.1244424e-01  -5.2078452e-01  -2.4011433e-01   4.0986065e-01   2.6358936e-01  -3.2167394e-02  -3.2418605e-01   4.1649753e-01   2.4651468e-01  -2.6017140e-01  -2.1851749e-01  -1.2063949e-01   8.3460436e-02  -2.9140943e-02  -1.6504906e-01
   2.5594995e-01   1.8318503e-01  -3.4851793e-01  -2.3780138e-01   9.9998327e-02  -1.6462158e-01  -1.0714897e-01   0.0000000e+00   2.4727908e-01  -3.2912651e-01   1.4654368e-01  -1.3027457e-01  -1.0412260e-01   1.2951639e-01   1.3717040e-01   2.0494628e-01  -2.5089771e-01  -5.7639577e-02   2.8100515e-01  -1.0121331e-01   1.8079796e-02   7.1327954e-02  -3.4010973e-01   1.8053306e-01   1.4709630e-02   2.4789183e-01  -3.2030402e-01  -2.1071005e-01  -2.6597679e-01   3.8145337e-01   8.0051266e-02   2.5766101e-01   1.5749057e-01  -4.7107722e-02   1.6982624e-01  -1.8718805e-01  -2.2339843e-01   9.1183491e-02   2.6628137e-01  -3.4488416e-01   9.2838632e-02  -8.3941505e-02  -1.0117346e-01   3.4979426e-02  -5.0722305e-01  -3.7196708e-01   1.3984527e-01  -1.6334357e-01   5.0457091e-02  -3.6775381e-01   1.0335218e-01   6.9242853e-01   1.3817793e-01  -1.6929169e-01   2.1687066e-01   4.6098281e-02   4.5107461e-02   7.3930697e-02   3.5997675e-01   1.9285604e-01  -3.2637598e-02  -2.9037564e-01   1.0659882e-01   2.5056611e-01   1.0432986e-01  -3.1100779e-01   1.6001635e-01  -2.5644243e-01   2.1661776e-02  -5.1051020e-01  -1.8815295e-01  -2.6586358e-01   2.5873923e-02   1.9469085e-01  -2.4147796e-04   3.4923033e-01   5.1301608e-02   1.0276716e-01   2.6022612e-01   2.2555819e-01  -4.1207712e-01   8.5664679e-03  -2.6595494e-01   4.4617339e-01  -2.3032716e-01   5.7448252e-01   1.0597166e-01   1.3355959e-01   2.1820091e-01   1.8413859e-01   3.0559943e-01  -1.0805184e-01  -1.1488494e-01   2.1007893e-01   1.1645525e-02  -4.3703435e-02  -3.3300190e-01   3.2665405e-01  -4.6837788e-01  -1.0284213e-01  -2.7068697e-01   1.1904105e-01   2.4402889e-01   3.1154835e-01   4.1453325e-02   2.3670967e-01  -1.9549191e-01   3.7681147e-01   8.2829130e-02   2.5991439e-02  -4.0903418e-01   2.4552091e-01   6.3126480e-02   2.1516084e-01  -2.2489910e-01   2.5328821e-01   5.9301634e-02   2.1346396e-01  -3.9997701e-01  -8.6889888e-02   2.2728815e-01   5.6010631e-02   2.6897171e-01   1.2359133e-01   1.5258152e-01   1.8622756e-01   2.2313010e-01  -8.3550006e-02   3.6043390e-01  -5.8091593e-01   7.0287417e-02  -1.4388872e-01   1.2920111e-01  -1.3948057e-01  -1.3496635e-01   5.8132639e-01   2.4308168e-01  -1.3650457e-01   5.4283362e-01  -3.0944773e-02   2.0636368e-01  -3.0658774e-01   3.9524789e-01  -5.1560082e-01   1.0205352e-01   2.8243351e-01  -3.8663723e-01   2.1952879e-02  -1.9552626e-01  -1.6305386e-01   5.6664063e-02  -6.4263789e-02   2.8371950e-01   7.0887515e-02  -3.2435857e-01   1.6591703e-01   1.9763472e-01   3.9796755e-01  -6.2582107e-02  -1.4508848e-02  -3.3039222e-01   5.2765163e-01  -2.2860470e-01  -5.1066574e-03   7.5390979e-04   2.3795609e-01  -3.8564409e-02   3.3017216e-02   4.0159214e-02   1.6395104e-01   3.1283590e-01   5.7349692e-02  -2.5537945e-01  -3.4814871e-01   1.1494114e-02  -2.0852428e-01  -9.4594532e-02
   4.1392660e-01   3.1787872e-01  -2.5740658e-01  -7.7470003e-02   3.1791296e-01  -4.6200093e-01   1.3315443e-01   2.4727908e-01   0.0000000e+00  -1.4578674e-01  -1.5083886e-01  -2.7398856e-01   1.8197508e-01   1.1924318e-01   2.3035511e-02  -6.8203430e-02  -1.5006116e-01  -2.3930665e-01   2.2933289e-01  -2.1662603e-02  -2.5381616e-01  -1.4679976e-01  -4.5613958e-01   5.0125565e-01   6.6847493e-02   1.5741185e-01  -1.2182074e-01  -1.7296521e-01   1.3025663e-01   4.7892082e-01   2.8810451e-02   1.8133759e-01   1.5740285e-01   1.1398649e-01   3.7149880e-01  -7.3414132e-02  -2.3207577e-01  -3.0417363e-01  -8.8027246e-05  -2.3555198e-01   2.5373772e-01  -8.8982244e-02   4.5232951e-02  -2.8837645e-02  -4.0646386e-01  -5.0597787e-01  -1.1638672e-01  -2.4671344e-02   4.5838422e-02  -3.3164792e-01  -2.0449536e-01   1.2348221e-01   2.8145320e-01   2.6517398e-01   1.0231966e-01  -1.7975605e-01  -1.7418069e-01   1.7601212e-01   5.6441428e-03  -3.9592285e-02  -4.3375937e-01  -1.2514378e-01   7.5971094e-01   4.7883267e-01   4.1707253e-01  -2.8522805e-01  -3.1138336e-01   3.6258299e-03  -9.4216146e-02  -5.1871064e-01   8.0334426e-02  -1.1382591e-01   2.2910861e-01   9.8560660e-02  -1.4664233e-02   1.4819327e-01  -5.0999998e-01   2.2839933e-02   3.5246256e-01  -6.1006439e-02  -3.7954483e-01  -8.0451076e-02  -3.2608225e-01   1.2208397e-01  -3.3564616e-01   2.2587447e-01  -2.1798077e-01   4.0903748e-01   4.7707329e-01   2.9921009e-01   6.0052226e-01  -4.4558186e-01  -1.2194738e-01   6.9922248e-01  -4.4801555e-01  -8.3374219e-02  -2.0611201e-01   3.6497666e-01  -2.6414735e-01  -1.8597651e-01  -5.5745218e-02  -1.6758380e-01  -1.6558387e-02   4.4235557e-01  -6.7409722e-02   1.2906122e-01  -6.7468097e-02   4.6384575e-02   6.6902614e-01  -3.5692996e-02  -4.3368719e-01   5.0030102e-02   1.5324293e-01   8.1640593e-03  -1.3140773e-01   7.5184175e-01   6.2427922e-02   3.7749783e-01  -4.9356874e-01  -1.1571616e-01  -2.3770422e-01   1.4707270e-01   3.0591724e-01   6.6634485e-01  -3.0806270e-01   1.9671424e-01   1.6111619e-01  -2.9530746e-02   1.7165596e-01  -4.1374491e-01   8.7411762e-02  -1.8855256e-01  -9.9828303e-03  -1.7599172e-02   2.7453107e-01   4.0932382e-01  -2.7522169e-01  -2.1022085e-03   3.3143246e-01  -1.0281076e-01   4.1030743e-01  -1.1638165e-01   5.3550548e-02  -5.7382766e-01  -1.0877507e-01   1.2829098e-01  -2.8483141e-01  -1.1526800e-01  -3.9525665e-01  -1.0798744e-02  -3.6943087e-02  -2.6754422e-01   5.1660090e-02   3.9652377e-01  -8.5538217e-02   1.3247889e-01  -2.4023516e-01   1.1004485e-01  -4.5942477e-01  -3.2344413e-01   2.1265887e-02   3.3208427e-01   1.0224970e-01  -1.0825573e-01   2.8756560e-01   5.8951433e-01   3.2244475e-02   4.1792244e-02  -2.5728676e-01   2.1609914e-01   6.4203324e-01  -2.6003820e-01  -3.9579439e-02  -5.0745746e-01   5.9019741e-02  -6.5754727e-02  -2.6679205e-02
  -2.1540860e-01  -2.2774882e-01   5.2859280e-01   3.1778631e-02   9.5332172e-02   7.2169206e-03   6.8169203e-01  -3.2912651e-01  -1.4578674e-01   0.0000000e+00  -4.9604645e-01   2.7806616e-01   1.2846878e-01  -4.7120629e-01  -6.2257991e-01  -1.8156957e-01   5.1961191e-01  -2.6210038e-01  -1.4323588e-01   5.5264160e-01  -1.8606106e-01  -4.5103041e-01   1.0483392e-01  -2.4244399e-01   6.2129478e-03  -2.1741114e-01   3.9610048e-01   7.6709853e-02   2.3156942e-01  -4.6735387e-01  -2.7861793e-01  -3.0695569e-01  -2.5679537e-02   7.0427565e-01  -2.1999672e-01   5.3353408e-01   4.3492042e-01  -2.2621125e-01  -1.6826718e-01   7.0200265e-01  -5.9673744e-02   2.0167640e-02   6.9650509e-01  -4.0531669e-01   2.1610791e-01   2.1879661e-01  -9.2443230e-02   3.4108991e-01  -3.0160710e-01   5.7968264e-01  -3.5203004e-01  -3.3919792e-01   2.5739313e-01  -1.1667650e-01  -4.9979578e-01  -5.4992547e-01  -8.0673138e-02  -1.6275484e-01  -4.1876470e-01  -2.1863722e-01  -2.0892296e-02   3.5232353e-01  -1.8074124e-01  -3.5379794e-01  -4.3992515e-01   5.8575027e-01  -1.0882809e-01   7.2362986e-03  -2.8136017e-01   3.0394136e-01   3.5750123e-01  -1.5925538e-01  -2.1659848e-01  -3.7358981e-01   1.1464388e-01  -2.0067494e-01  -1.3087160e-01  -3.5812031e-01   2.4542275e-01  -7.1123329e-02   3.3546890e-01   3.2408587e-02   1.2076789e-01  -2.3153151e-01  -2.3782120e-01  -3.2302008e-01  -5.2424257e-01  -3.9463249e-01  -5.6061056e-02  -2.3945634e-01  -1.7684220e-01   4.8419472e-02   6.7778670e-01   1.3154357e-01  -1.6759966e-01   6.8057935e-01  -7.8887215e-02  -5.3755151e-03   2.8987650e-01  -1.0059769e-01  -1.6468550e-01  -4.3905888e-01  -3.7789290e-01  -3.7490780e-01  -2.3112709e-01  -1.5288294e-01  -3.5815313e-02  -1.1954585e-01   1.1848995e-01   4.4366116e-01   6.4112558e-01  -6.0884593e-01  -1.2720765e-01  -1.7508680e-01  -1.8264123e-02  -6.5697159e-02  -2.4388958e-01  -9.1726507e-02   4.2193725e-03  -1.8054920e-01  -4.2409529e-01   2.8817296e-01   4.4882051e-02  -3.0017099e-01  -2.3636074e-01  -5.6181892e-01  -2.6642862e-01  -2.1203484e-01  -9.7809870e-02   4.8378329e-01  -2.0686584e-01   1.7074810e-01  -4.5762140e-01   4.8734911e-03   5.3033057e-01  -1.1740123e-01   1.8056835e-01  -6.4136324e-02  -2.8193977e-01   1.6446135e-01  -1.7832131e-01   8.1957535e-02  -5.2513257e-01   2.4070167e-01  -5.0122270e-01  -5.1715442e-01   4.7137835e-01  -1.5142806e-01   6.3997852e-01   2.6567675e-02  -3.2914003e-01  -7.8806946e-02  -2.8908207e-01  -2.9486070e-01   6.0800339e-01  -2.4216967e-01  -4.3422310e-01  -2.3116848e-01   1.7720726e-01  -2.9601852e-01  -8.4925728e-03  -5.8905342e-01   3.1690911e-01  -3.6358332e-01  -5.4602015e-02  -2.6307885e-02  -1.6550964e-03  -7.0764190e-03  -1.8375560e-01   3.0733148e-01   8.6864784e-02  -1.8163015e-01  -1.0683661e-02   1.4617375e-01   1.6790693e-01  -8.1264883e-02   4.8578777e-02
  -2.3817519e-01   3.5484302e-03  -4.6328221e-01  -5.9756423e-02  -5.0505209e-02   1.9969776e-01  -4.4570762e-01   1.4654368e-01  -1.5083886e-01  -4.9604645e-01   0.0000000e+00  -3.3559746e-01  -6.8495048e-02   1.0460694e-01   5.0025300e-01   2.2577432e-01  -5.2245359e-01   7.2215493e-01   1.2923916e-01  -2.2213285e-01   4.8811322e-01   5.9315000e-01   3.4474030e-01  -1.8110899e-01  -1.4988989e-01   2.5449668e-01  -6.5688075e-02   4.9673109e-02  -2.6293284e-01   4.1508961e-01   4.5675500e-01   2.2632830e-01  -1.6533865e-01  -3.9072162e-01  -8.5061405e-02   1.2618699e-02   4.0601062e-02   1.3298026e-01   2.1660233e-01  -3.5432579e-01   2.8252402e-01  -2.3019656e-01  -6.4173564e-01   6.0039943e-01   1.4430245e-01  -1.4353017e-02   5.6414655e-01   2.0386613e-02   2.5737227e-03  -3.6033000e-01   6.9904320e-01   2.8596335e-01  -1.7978420e-01  -4.1526572e-01   1.5910387e-01   5.6149942e-01   2.6257997e-01   1.5192459e-01   5.5454806e-01   1.9851764e-01  -3.6813861e-02  -2.0183714e-01  -2.5482654e-01   4.4300023e-01   4.1015870e-01   9.0131217e-02   3.2199257e-01  -3.2572352e-01   5.5026337e-01  -2.8934935e-02  -3.1853410e-01   1.4484117e-02   9.4137458e-02  -1.9909661e-01  -3.3413523e-01   6.5285394e-03   7.7096890e-02   2.4637800e-01  -3.5142961e-01  -1.2416051e-01   1.0096327e-01   1.3319671e-01   1.2722132e-01   2.5907856e-01  -7.1677701e-02   9.5457794e-02   4.7493302e-01  -7.7043848e-02  -4.3798507e-01  -1.6439624e-01  -2.5197839e-01  -3.9672220e-02  -5.3825910e-01  -2.2056252e-01   1.5089164e-01  -4.9422902e-01   4.6210520e-02   2.5844338e-02  -1.8873954e-01   3.1054789e-01   5.2455627e-02   6.1035787e-01   4.9348035e-01   1.6987371e-01   2.7645500e-01   1.1977577e-01  -3.4463153e-01   2.8210618e-01  -3.7757670e-01  -2.1482033e-01  -2.1170281e-01   4.5854717e-01  -3.8728614e-01  -2.2174966e-01   1.1086146e-01  -1.8507527e-01   2.7546574e-01   5.8288669e-02   3.7697806e-01  -1.7412665e-02   2.8642327e-01  -3.7694781e-01  -3.6664285e-01   2.0057278e-01   1.2614407e-01   1.4538197e-01   2.6760704e-01  -1.3495240e-01   1.5765048e-01  -1.4435899e-01   1.3978148e-01   4.1965818e-01  -1.1703909e-01   1.4903078e-01  -5.0779330e-01  -5.2360236e-02  -2.0133124e-01   4.8823620e-02   8.5878134e-02  -2.3402668e-01  -2.4917204e-01   6.1233674e-02   5.5320132e-01   1.7413281e-01   4.5245994e-01   5.0075814e-01  -3.2181077e-01   5.3184143e-01  -1.4389878e-01   2.5830404e-01  -4.9374048e-02   4.3652565e-01  -8.1440353e-02   4.5507252e-01  -4.6189669e-01   3.9043379e-02   1.3895680e-01   5.2013938e-01  -1.0132507e-01   6.1525944e-01  -2.4817218e-01   4.8271344e-01   1.6572980e-01   5.7601361e-01  -3.2097908e-02  -7.8516712e-02   2.6511719e-01   1.4708188e-02  -2.1206139e-02  -4.1499609e-01  -2.5751572e-01   6.4907853e-02   2.7000783e-01   1.3987560e-01  -1.8970456e-01  -8.8277109e-02  -3.6540476e-02
  -1.0931477e-01   3.0293696e-01   5.3284718e-01  -1.3021777e-01   1.2319322e-01   2.2433476e-01   4.0862682e-01  -1.3027457e-01  -2.7398856e-01   2.7806616e-01  -3.3559746e-01   0.0000000e+00  -3.1879740e-02  -6.7734449e-02  -3.3194760e-02   3.0871480e-02   4.3414984e-01  -2.4759042e-01   4.9424557e-03   2.7512023e-01  -2.1910326e-01  -2.6756758e-01   3.4359039e-02  -2.3305723e-01   1.7183226e-01  -1.1165872e-01  -2.1298041e-02   1.6252454e-02   1.1801568e-01  -2.0504825e-01  -2.5538687e-01  -2.7596753e-01   5.3553819e-02   2.3691341e-01   3.0726949e-01   2.1403810e-02  -8.5560623e-02  -2.1378218e-01   2.9709671e-02   1.9766566e-01  -3.0280785e-01   1.1817699e-01   4.1549644e-01  -2.2394888e-01   9.5245604e-02   4.0769902e-02  -1.8460819e-01  -5.6719748e-02   2.0405143e-01   3.2743070e-01  -3.5344227e-01  -2.1967356e-01  -1.9599025e-01   6.9051733e-02  -2.4817676e-01  -1.8408764e-01   8.5726384e-02  -2.3295295e-01  -2.4614899e-01   3.7435539e-01   7.6510735e-02   3.0475299e-01   9.1924901e-02  -4.1459129e-01  -2.1677541e-01   2.0303044e-01   2.4051923e-01   9.4281428e-03  -2.0204211e-01   2.1395544e-01   1.0156140e-01  -1.7580951e-01  -1.5332496e-01   4.3293146e-02   3.2815681e-01  -4.9964422e-02  -2.6593026e-02  -8.9811498e-02   2.9354900e-01   6.4460483e-02  -2.0278057e-03   1.0015111e-01   2.3328150e-01  -1.2134035e-01   1.9313660e-01  -1.6826752e-01  -2.1615061e-01  -4.0016749e-03   2.9519853e-01  -2.0984033e-01   9.0829476e-02   2.6741494e-02   5.7016938e-01   8.3395002e-02  -2.1374190e-01   2.9804608e-01  -1.3699281e-01  -6.3591807e-02  -3.6755668e-02  -1.9050452e-01  -1.6575871e-01  -8.1787095e-02  -3.1163896e-01   1.2277275e-02  -2.5286022e-01  -3.4580475e-02   4.1873503e-01   4.9369503e-03   1.4232679e-02   2.1681485e-01   4.8277599e-01  -2.3312023e-01  -6.2993916e-02  -1.0681777e-01  -5.7645989e-02  -1.6447041e-01  -8.7396470e-02  -7.1532967e-02   7.0072677e-02  -1.4299387e-01  -3.3626113e-01   5.3731555e-01   3.0862048e-01  -2.7126404e-01  -1.9454002e-01  -1.5118422e-01   2.8618070e-01   1.3487068e-01  -1.6164225e-01   1.9546017e-01  -1.2687720e-01  -1.9505022e-01   1.2635259e-01  -3.0747958e-02   3.9175804e-01  -1.7711988e-01   3.5101067e-01  -1.5479749e-01  -2.5789843e-01  -3.4281875e-03  -1.9427578e-01   4.5108605e-02  -1.9171884e-01   1.0913108e-01   9.0793728e-02  -3.9800336e-01   4.6849610e-01  -1.2266353e-01   5.2687827e-01  -1.9449304e-01  -1.2633407e-01  -1.1349813e-01  -1.6822346e-01  -3.6472066e-01   6.1333055e-01  -1.7037256e-01  -2.5040466e-01  -1.2388261e-01   2.5201591e-02  -2.0187773e-01  -1.0980515e-02  -3.3573045e-01  -1.8358335e-01  -3.9428711e-01  -1.0586707e-01  -9.0676888e-03   1.2007296e-01   1.3172441e-01  -1.5534926e-01   1.7083413e-01   1.7124425e-02  -4.2301607e-02  -3.1673248e-01   4.5110934e-01   2.9103275e-02  -2.3983552e-01   6.2765634e-02
  -1.4945159e-02  -1.0495464e-01   2.2085209e-01   2.6962044e-01   2.0206953e-01  -1.3573376e-01   8.5681238e-02  -1.0412260e-01   1.8197508e-01   1.2846878e-01  -6.8495048e-02  -3.1879740e-02   0.0000000e+00  -2.5347487e-01  -1.9594050e-01   1.9608468e-01   1.9054979e-01  -1.9664561e-01   2.1821192e-01   4.0448233e-01  -1.6890923e-01  -2.7064953e-01  -1.0438139e-01  -2.0474081e-01   1.8406717e-01   1.5505385e-01   2.5132175e-01  -2.2289104e-01   1.4251443e-01  -7.7576352e-02  -4.6911802e-02  -1.2489115e-01   3.8298592e-01   7.2603553e-02   1.1388945e-01   2.7318897e-01   4.7852685e-03  -1.0388910e-01   1.9775799e-01   2.4429754e-01   5.5170773e-01   3.2104953e-01   1.4758347e-01  -9.4210823e-02  -3.9879075e-02   8.4543524e-02   5.1196237e-02  -1.0664477e-02   8.4516677e-02   2.1810495e-01   7.5929279e-02  -9.7804088e-02   1.1321606e-01   2.4175998e-01  -6.9042632e-02  -2.5012232e-01  -8.2671725e-02   4.7356889e-02  -1.2120088e-01   1.8169155e-02   9.3927599e-02   3.6331057e-01   1.7666630e-01  -1.1635595e-01  -1.7293237e-03   4.3738119e-02  -8.5287205e-02   1.6432541e-01  -4.3126094e-02  -7.2113233e-02   8.3642391e-02   1.6782876e-01   3.6151203e-01  -1.7147948e-01   4.0272394e-01  -1.5933628e-01  -1.7619983e-02  -1.5495808e-01   1.1547042e-01   3.0042114e-01  -6.8808335e-02   3.1227004e-01  -5.6701046e-02   1.5407885e-02  -1.8954369e-01  -1.4866434e-01  -1.4674418e-01  -1.2561529e-01   3.5722294e-01  -1.1869506e-01   1.3617234e-01   1.3740563e-01   1.7879350e-01   2.9527644e-01   2.5179206e-02   3.7245422e-01   1.6495778e-01   1.3148295e-01   2.2743729e-01   1.1678822e-02  -2.2405290e-01  -2.1686965e-01  -2.3898560e-01   7.2424260e-02  -1.0115298e-01   7.5693263e-02   2.5342732e-01   1.0489020e-01   2.3921183e-01  -8.2844610e-02   6.2744561e-02  -2.7680349e-01   8.2140092e-02  -1.0977888e-01  -3.4028966e-02   1.7279597e-01  -6.9316320e-02   5.9590943e-01  -2.1046276e-01   1.7750972e-01  -6.5272092e-02   2.3733676e-01   3.2400659e-01  -5.0059220e-02  -3.2634360e-02  -2.4301374e-01   3.6860105e-02   3.9755947e-01  -4.1347640e-02  -6.5031554e-02   4.2614512e-01   1.3221118e-01  -2.6434070e-01  -1.4363708e-01   1.8725915e-01  -5.9147581e-02   2.4429986e-01  -2.4175688e-01  -2.8259029e-01  -1.7351746e-01  -6.3214090e-02   3.2422088e-01  -2.7779460e-01  -1.7977643e-01  -2.7938524e-01  -1.6182683e-01   8.6007616e-02  -9.8051727e-02   5.4011948e-02  -1.6253142e-01  -1.3666220e-01  -1.7752179e-01  -7.3743360e-03   9.7989146e-02   1.0179940e-01  -4.0399180e-01  -5.8497167e-02   2.9869360e-01   2.2836663e-02  -1.8744112e-01   1.9677873e-01  -8.2076701e-02  -4.1701627e-02  -2.3624437e-01   1.1220051e-01   1.5303325e-01  -1.8036250e-01  -2.7383968e-01  -4.3665655e-02   8.3076694e-02   2.3981434e-01  -4.0216252e-01   8.8913252e-02  -1.8837239e-01   2.2083085e-01   5.4320623e-02   1.2333418e-01
   5.7506215e-01   3.2700580e-02  -4.4517398e-01   6.4131846e-02  -2.0206625e-01   9.7035616e-02  -3.0503591e-01   1.2951639e-01   1.1924318e-01  -4.7120629e-01   1.0460694e-01  -6.7734449e-02  -2.5347487e-01   0.0000000e+00   5.3530806e-01  -9.5655661e-02  -4.6541007e-01   2.2533192e-02   1.5079426e-01  -5.2263917e-01   1.0298257e-02   4.3284626e-01  -1.4237632e-02   6.0298806e-01   1.1685952e-01   1.6627379e-01  -2.6425822e-01   2.8999951e-01  -1.1007736e-01   1.7265675e-01   2.1092030e-01   2.1219462e-01  -2.0510402e-01  -3.3382224e-01   1.1939178e-01  -4.9955218e-01  -2.5711081e-01  -9.6436653e-03  -9.9463851e-02  -4.8320553e-01  -1.9788220e-01  -6.6913364e-02  -4.4388998e-01   3.1742031e-01  -1.2621534e-01  -3.3539581e-01  -1.5320343e-01  -3.7930231e-01   8.2143124e-02  -5.0881534e-01   1.0650231e-02   2.0269892e-01  -2.3606251e-01   2.0931135e-01   6.0349003e-01   5.5348280e-01   1.7998894e-01   3.9297347e-01   3.7068354e-01   7.5530382e-02  -1.1401539e-01  -3.1588776e-01   4.8908041e-02   1.5872776e-02   1.4849176e-01  -3.8863846e-01  -1.0891288e-01   1.7320387e-01   3.0911953e-01  -3.1522036e-02  -3.8858553e-01   1.4365978e-01  -1.3924170e-01   5.9806255e-01  -1.6528924e-01   2.3679218e-01  -5.7189516e-02   2.3773096e-01  -2.1547863e-01  -7.5962069e-02   7.8316410e-02  -2.1604361e-01  -3.6774796e-01   3.3305030e-01   2.6058981e-01   1.8278956e-01   3.6084909e-01   6.0559739e-01  -2.0905172e-01   5.3476738e-01  -1.0247213e-01  -2.8031521e-01  -5.1435181e-01  -1.6852860e-01  -6.7197009e-02  -5.4019319e-01   1.5731710e-02   7.6807667e-02  -1.3642344e-01   1.4871497e-01   5.5039329e-01   4.7062306e-01   4.4485205e-01   3.3514209e-01   1.8323521e-01   1.0217753e-01  -6.2003866e-02   1.6879794e-01  -3.6013126e-02  -4.6067330e-01  -4.0863968e-01   5.5724985e-01   5.4447482e-02   3.1112223e-01   4.1271357e-01   7.1431458e-02   1.6237032e-01  -1.2284526e-01   7.5147505e-02   2.7328192e-01   7.8158019e-02  -3.5485678e-01  -3.0489183e-01   1.7590198e-01   4.1926941e-02   8.8056115e-01  -2.6085101e-02   1.0665824e-01   2.4193493e-01  -2.6414233e-01  -9.3248877e-03  -3.2709826e-01   7.1270850e-01  -1.3386214e-01  -2.9846741e-01   1.0014683e-01  -2.2095775e-01   3.1946365e-01   3.5366887e-01   1.9445380e-01   4.2739383e-01  -1.8600124e-01   4.2110651e-01   5.2845429e-02   3.6061428e-01   4.2579778e-01  -4.0983228e-01  -6.9282071e-02  -4.1828931e-01  -8.5866991e-02   5.8883530e-01   2.0082279e-01   2.3285068e-01  -1.3228725e-01  -4.5414296e-01   3.5413761e-01   2.1880271e-01  -8.8316998e-02  -2.6820110e-01   3.3940867e-01   2.0990860e-02   1.5654372e-01  -2.9028175e-01   3.4859339e-01   9.1265241e-02   4.1278688e-02  -4.7520980e-02   3.3347846e-01   1.7409854e-01  -4.0265708e-01  -2.0499366e-01   1.5344145e-01   6.1252807e-02  -9.1087648e-02  -2.0155920e-01  -1.3059221e-01   2.2531169e-01
